account_id,year,month,IN,OUT,b
1,1995,3,1000,0,1000
1,1995,4,16298,0,16298
1,1995,5,5858,0,5858
1,1995,6,3780,200,3580
1,1995,7,3788,5300,-1512
1,1995,8,3778,7515,-3737
1,1995,9,3771,3167,604
1,1995,10,3770,5367,-1597
1,1995,11,3764,5237,-1473
1,1995,12,3758,4607,-849
1,1996,1,3743,8337,-4594
1,1996,2,3839,2467,1372
1,1996,3,3945,2467,1478
1,1996,4,3747,4467,-720
1,1996,5,3742,5027,-1285
1,1996,6,5145,2827,2318
1,1996,7,4752,3457,1295
1,1996,8,6155,5017,1138
1,1996,9,3758,4167,-409
1,1996,10,3752,5737,-1985
1,1996,11,3751,5267,-1516
1,1996,12,3738,6347,-2609
1,1997,1,4934,4777,157
1,1997,2,5437,3667,1770
1,1997,3,3731,7067,-3336
1,1997,4,3729,2467,1262
1,1997,5,3733,3637,96
1,1997,6,3734,2467,1267
1,1997,7,5243,2467,2776
1,1997,8,3746,4537,-791
1,1997,9,3744,2857,887
1,1997,10,3751,2467,1284
1,1997,11,3751,3567,184
1,1997,12,3741,7167,-3426
1,1998,1,3735,5357,-1622
1,1998,2,4235,2467,1768
1,1998,3,3742,3277,465
1,1998,4,3739,3697,42
1,1998,5,3746,2467,1279
1,1998,6,3751,2917,834
1,1998,7,3754,2467,1287
1,1998,8,3756,2737,1019
1,1998,9,3738,8967,-5229
1,1998,10,3742,2467,1275
1,1998,11,3746,2977,769
1,1998,12,3732,6952,-3220
2,1993,2,1100,0,1100
2,1993,3,23950,0,23950
2,1993,4,20346,11000,9346
2,1993,5,20381,17600,2781
2,1993,6,30514,22400,8114
2,1993,7,20439,26660,-6221
2,1993,8,20390,32467,-12077
2,1993,9,20363,25581,-5218
2,1993,10,20337,14281,6056
2,1993,11,20375,16381,3994
2,1993,12,30492,34477,-3985
2,1994,1,20351,28154,-7803
2,1994,2,20344,14154,6190
2,1994,3,20365,15554,4811
2,1994,4,20386,18254,2132
2,1994,5,20373,33254,-12881
2,1994,6,30480,21454,9026
2,1994,7,20357,18754,1603
2,1994,8,20379,18454,1925
2,1994,9,20375,27495,-7120
2,1994,10,20366,14054,6312
2,1994,11,20374,21354,-980
2,1994,12,30503,28654,1849
2,1995,1,20354,32854,-12500
2,1995,2,21046,13354,7692
2,1995,3,20371,14854,5517
2,1995,4,20382,28080,-7698
2,1995,5,20358,23254,-2896
2,1995,6,30497,16926,13571
2,1995,7,20398,19054,1344
2,1995,8,20366,37034,-16668
2,1995,9,20346,12254,8092
2,1995,10,20358,22890,-2532
2,1995,11,20369,12154,8215
2,1995,12,30517,26154,4363
2,1996,1,20536,37181,-16645
2,1996,2,26171,10781,15390
2,1996,3,20422,19881,541
2,1996,4,20403,36226,-15823
2,1996,5,27062,25758,1304
2,1996,6,38019,10181,27838
2,1996,7,20436,37325,-16889
2,1996,8,20404,10781,9623
2,1996,9,20396,32522,-12126
2,1996,10,23707,10781,12926
2,1996,11,20428,16481,3947
2,1996,12,30558,26681,3877
2,1997,1,20393,43981,-23588
2,1997,2,26487,17281,9206
2,1997,3,20408,14205,6203
2,1997,4,20437,12181,8256
2,1997,5,20461,16717,3744
2,1997,6,30512,60281,-29769
2,1997,7,30608,9881,20727
2,1997,8,20419,24847,-4428
2,1997,9,20427,12081,8346
2,1997,10,20433,20881,-448
2,1997,11,20431,20281,150
2,1997,12,30561,28481,2080
2,1998,1,21687,43781,-22094
2,1998,2,20375,11281,9094
2,1998,3,20381,32200,-11819
2,1998,4,22182,10681,11501
2,1998,5,20390,24181,-3791
2,1998,6,30555,18781,11774
2,1998,7,20453,18681,1772
2,1998,8,20430,27879,-7449
2,1998,9,20431,19281,1150
2,1998,10,20430,18381,2049
2,1998,11,20409,29891,-9482
2,1998,12,30511,24466,6045
3,1997,7,8526,0,8526
3,1997,8,15381,0,15381
3,1997,9,7616,2400,5216
3,1997,10,7625,6900,725
3,1997,11,7627,7415,212
3,1997,12,11366,14676,-3310
3,1998,1,7581,21936,-14355
3,1998,2,7759,5016,2743
3,1998,3,13190,5016,8174
3,1998,4,8604,8136,468
3,1998,5,7603,5816,1787
3,1998,6,11360,9416,1944
3,1998,7,8625,5016,3609
3,1998,8,8139,5216,2923
3,1998,9,9549,5016,4533
3,1998,10,9168,5016,4152
3,1998,11,11880,7416,4464
3,1998,12,11463,7561,3902
4,1996,2,800,0,800
4,1996,3,5553,0,5553
4,1996,4,5553,0,5553
4,1996,5,5553,0,5553
4,1996,6,5553,0,5553
4,1996,7,5620,3200,2420
4,1996,8,5658,7478,-1820
4,1996,9,5652,6678,-1026
4,1996,10,5654,3378,2276
4,1996,11,5663,3378,2285
4,1996,12,5662,7868,-2206
4,1997,1,5642,14608,-8966
4,1997,2,5626,3378,2248
4,1997,3,5632,5138,494
4,1997,4,5637,3378,2259
4,1997,5,5645,5698,-53
4,1997,6,5627,8628,-3001
4,1997,7,5634,3378,2256
4,1997,8,5636,6378,-742
4,1997,9,5640,5278,362
4,1997,10,5639,4678,961
4,1997,11,5642,4018,1624
4,1997,12,5645,8158,-2513
4,1998,1,5617,12278,-6661
4,1998,2,5614,3378,2236
4,1998,3,5624,3378,2246
4,1998,4,5631,4178,1453
4,1998,5,5639,3378,2261
4,1998,6,5644,4658,986
4,1998,7,5651,5218,433
4,1998,8,5654,3378,2276
4,1998,9,5664,3378,2286
4,1998,10,5673,3378,2295
4,1998,11,5683,3378,2305
4,1998,12,5689,3963,1726
5,1997,5,600,0,600
5,1997,6,5017,0,5017
5,1997,7,5017,0,5017
5,1997,8,5017,0,5017
5,1997,9,5017,0,5017
5,1997,10,5021,15,5006
5,1997,11,5130,2683,2447
5,1997,12,5133,5693,-560
5,1998,1,5118,10603,-5485
5,1998,2,5115,2683,2432
5,1998,3,5125,3483,1642
5,1998,4,5130,4883,247
5,1998,5,5131,5083,48
5,1998,6,5132,3483,1649
5,1998,7,5136,6783,-1647
5,1998,8,5127,7783,-2656
5,1998,9,5120,4023,1097
5,1998,10,5127,2683,2444
5,1998,11,5137,2783,2354
5,1998,12,5139,6738,-1599
6,1994,9,900,0,900
6,1994,10,6669,0,6669
6,1994,11,6669,0,6669
6,1994,12,6669,0,6669
6,1995,1,6669,0,6669
6,1995,2,6739,10449,-3710
6,1995,3,6776,3969,2807
6,1995,4,6787,3969,2818
6,1995,5,6795,8069,-1274
6,1995,6,6784,7869,-1085
6,1995,7,6789,3969,2820
6,1995,8,6799,5669,1130
6,1995,9,6805,4169,2636
6,1995,10,6815,7969,-1154
6,1995,11,6805,7009,-204
6,1995,12,6808,5369,1439
6,1996,1,6798,14539,-7741
6,1996,2,6779,7249,-470
6,1996,3,6782,4529,2253
6,1996,4,6789,5489,1300
6,1996,5,6798,3969,2829
6,1996,6,6778,15569,-8791
6,1996,7,6773,3969,2804
6,1996,8,6784,3969,2815
6,1996,9,6796,3969,2827
6,1996,10,6806,5649,1157
6,1996,11,6812,3969,2843
6,1996,12,6813,8939,-2126
6,1997,1,6790,16699,-9909
6,1997,2,6774,3969,2805
6,1997,3,6786,3969,2817
6,1997,4,6797,3969,2828
6,1997,5,6809,3969,2840
6,1997,6,6817,6979,-162
6,1997,7,6813,7729,-916
6,1997,8,6814,5089,1725
6,1997,9,6823,3969,2854
6,1997,10,6835,3969,2866
6,1997,11,6847,3969,2878
6,1997,12,6857,5009,1848
6,1998,1,6839,17019,-10180
6,1998,2,6824,3969,2855
6,1998,3,6831,6209,622
6,1998,4,6838,3969,2869
6,1998,5,6847,6209,638
6,1998,6,6840,14049,-7209
6,1998,7,6821,5169,1652
6,1998,8,6830,3969,2861
6,1998,9,6841,3969,2872
6,1998,10,6844,7489,-645
6,1998,11,6851,3969,2882
6,1998,12,6862,4404,2458
7,1996,11,900,0,900
7,1996,12,34005,6600,27405
7,1997,1,22780,12300,10480
7,1997,2,22820,14500,8320
7,1997,3,22846,22600,246
7,1997,4,22851,18615,4236
7,1997,5,22900,26795,-3895
7,1997,6,34240,29195,5045
7,1997,7,22900,25575,-2675
7,1997,8,22888,22775,113
7,1997,9,22896,19295,3601
7,1997,10,22912,18495,4417
7,1997,11,22921,23295,-374
7,1997,12,34269,30695,3574
7,1998,1,22916,34055,-11139
7,1998,2,22903,13095,9808
7,1998,3,22935,18795,4140
7,1998,4,22950,19395,3555
7,1998,5,22960,25355,-2395
7,1998,6,34297,27075,7222
7,1998,7,22981,19995,2986
7,1998,8,22987,23515,-528
7,1998,9,22982,22695,287
7,1998,10,22972,26995,-4023
7,1998,11,22961,23695,-734
7,1998,12,34295,36380,-2085
8,1995,9,900,0,900
8,1995,10,24212,0,24212
8,1995,11,20593,12000,8593
8,1995,12,30874,16900,13974
8,1996,1,20678,17700,2978
8,1996,2,20722,18427,2295
8,1996,3,20712,24039,-3327
8,1996,4,20701,21739,-1038
8,1996,5,20704,17339,3365
8,1996,6,30954,35539,-4585
8,1996,7,20684,22039,-1355
8,1996,8,20685,19539,1146
8,1996,9,20689,18239,2450
8,1996,10,20682,28519,-7837
8,1996,11,20658,22439,-1781
8,1996,12,30905,28879,2026
8,1997,1,20615,36899,-16284
8,1997,2,20819,9339,11480
8,1997,3,20660,15419,5241
8,1997,4,20677,14739,5938
8,1997,5,20694,17839,2855
8,1997,6,30942,43559,-12617
8,1997,7,20656,16339,4317
8,1997,8,20665,18539,2126
8,1997,9,20666,21039,-373
8,1997,10,20663,21239,-576
8,1997,11,20660,21139,-479
8,1997,12,30917,25179,5738
8,1998,1,20635,48099,-27464
8,1998,2,24493,19899,4594
8,1998,3,20613,13319,7294
8,1998,4,20639,13239,7400
8,1998,5,20658,17139,3519
8,1998,6,36991,50139,-13148
8,1998,7,20640,9839,10801
8,1998,8,20690,11919,8771
8,1998,9,20922,9339,11583
8,1998,10,20760,14739,6021
8,1998,11,20731,26939,-6208
8,1998,12,31006,20944,10062
9,1993,1,400,0,400
9,1993,2,11705,0,11705
9,1993,3,6654,0,6654
9,1993,4,15130,6800,8330
9,1993,5,910,4415,-3505
9,1993,6,6486,8915,-2429
9,1993,7,887,4465,-3578
9,1993,8,2173,1315,858
9,1993,9,4481,15,4466
9,1993,10,3299,15,3284
9,1993,11,910,115,795
9,1993,12,909,2415,-1506
9,1994,1,4300,11065,-6765
9,1994,2,5484,15,5469
9,1994,3,1199,1815,-616
9,1994,4,1900,15,1885
9,1994,5,12051,7115,4936
9,1994,6,10055,20315,-10260
9,1994,7,3185,1665,1520
9,1994,8,5499,15,5484
9,1994,9,913,1165,-252
9,1994,10,2211,2215,-4
9,1994,11,3718,365,3353
9,1994,12,921,3315,-2394
9,1995,1,11387,20115,-8728
9,1995,2,4886,1065,3821
9,1995,3,4503,15,4488
9,1995,4,1817,15,1802
9,1995,5,4225,2015,2210
9,1995,6,2825,7165,-4340
9,1995,7,912,815,97
9,1995,8,1716,15,1701
9,1995,9,5824,3615,2209
9,1995,10,926,3715,-2789
9,1995,11,4327,15,4312
9,1995,12,46925,815,46110
9,1996,1,1037,45715,-44678
9,1996,2,940,2165,-1225
9,1996,3,936,1615,-679
9,1996,4,931,1615,-684
9,1996,5,927,1915,-988
9,1996,6,913,5165,-4252
9,1996,7,903,4615,-3712
9,1996,8,2096,1415,681
9,1996,9,895,815,80
9,1996,10,1699,1165,534
9,1996,11,13809,15,13794
9,1996,12,3637,8415,-4778
9,1997,1,897,14065,-13168
9,1997,2,1984,15,1969
9,1997,3,888,1015,-127
9,1997,4,870,5665,-4795
9,1997,5,869,215,654
9,1997,6,871,515,356
9,1997,7,864,4515,-3651
9,1997,8,856,15,841
9,1997,9,860,15,845
9,1997,10,69781,115,69666
9,1997,11,1060,38115,-37055
9,1997,12,939,18665,-17726
9,1998,1,869,15765,-14896
9,1998,2,863,15,848
9,1998,3,866,15,851
9,1998,4,27455,2015,25440
9,1998,5,947,23165,-22218
9,1998,6,923,3015,-2092
9,1998,7,873,4915,-4042
9,1998,8,1357,15,1342
9,1998,9,14114,6415,7699
9,1998,10,893,3415,-2522
9,1998,11,4983,1965,3018
9,1998,12,895,1100,-205
10,1996,8,1100,0,1100
10,1996,9,20898,0,20898
10,1996,10,17785,7000,10785
10,1996,11,17827,11500,6327
10,1996,12,26699,17800,8899
10,1997,1,17886,29155,-11269
10,1997,2,17860,13448,4412
10,1997,3,17882,16668,1214
10,1997,4,17883,14648,3235
10,1997,5,17882,21028,-3146
10,1997,6,27391,30888,-3497
10,1997,7,17866,16148,1718
10,1997,8,17874,12148,5726
10,1997,9,17896,14948,2948
10,1997,10,17906,16448,1458
10,1997,11,17910,17248,662
10,1997,12,26756,30668,-3912
10,1998,1,17866,27168,-9302
10,1998,2,17863,12148,5715
10,1998,3,17887,13248,4639
10,1998,4,17900,15928,1972
10,1998,5,17902,17788,114
10,1998,6,26740,31768,-5028
10,1998,7,17894,12348,5546
10,1998,8,17918,11448,6470
10,1998,9,17948,9048,8900
10,1998,10,17969,17248,721
10,1998,11,17969,21368,-3399
10,1998,12,26794,31413,-4619
11,1995,10,3804,0,3804
11,1995,11,3510,0,3510
11,1995,12,3510,0,3510
11,1996,1,3510,0,3510
11,1996,2,3539,2147,1392
11,1996,3,3563,2147,1416
11,1996,4,3569,2147,1422
11,1996,5,3575,2147,1428
11,1996,6,3581,2417,1164
11,1996,7,3586,2147,1439
11,1996,8,3592,2147,1445
11,1996,9,3598,2147,1451
11,1996,10,3604,2147,1457
11,1996,11,3609,2747,862
11,1996,12,3613,2537,1076
11,1997,1,3615,4697,-1082
11,1997,2,3609,3557,52
11,1997,3,3611,3257,354
11,1997,4,3615,2147,1468
11,1997,5,3621,2147,1474
11,1997,6,3625,3257,368
11,1997,7,3629,2147,1482
11,1997,8,3634,3447,187
11,1997,9,3635,2957,678
11,1997,10,3638,2147,1491
11,1997,11,3644,2147,1497
11,1997,12,3650,2657,993
11,1998,1,3647,5927,-2280
11,1998,2,3644,2747,897
11,1998,3,3647,5747,-2100
11,1998,4,3636,8847,-5211
11,1998,5,3617,3917,-300
11,1998,6,3615,4547,-932
11,1998,7,3609,7847,-4238
11,1998,8,3594,4277,-683
11,1998,9,3590,4447,-857
11,1998,10,3586,4847,-1261
11,1998,11,3584,2147,1437
11,1998,12,3588,2732,856
12,1997,4,1100,0,1100
12,1997,5,5938,0,5938
12,1997,6,5938,0,5938
12,1997,7,5981,1100,4881
12,1997,8,6019,3200,2819
12,1997,9,6036,1015,5021
12,1997,10,6048,5287,761
12,1997,11,6054,3607,2447
12,1997,12,6053,9247,-3194
12,1998,1,6024,14197,-8173
12,1998,2,6004,7527,-1523
12,1998,3,6010,3607,2403
12,1998,4,6020,3607,2413
12,1998,5,6030,3607,2423
12,1998,6,6027,14607,-8580
12,1998,7,6005,3607,2398
12,1998,8,6015,3607,2408
12,1998,9,6025,3607,2418
12,1998,10,6026,5447,579
12,1998,11,6037,3607,2430
12,1998,12,6043,4842,1201
13,1997,8,1000,0,1000
13,1997,9,6803,0,6803
13,1997,10,6803,0,6803
13,1997,11,6848,1100,5748
13,1997,12,6893,4300,2593
13,1998,1,6887,15995,-9108
13,1998,2,6870,4159,2711
13,1998,3,6876,6459,417
13,1998,4,6868,10359,-3491
13,1998,5,6856,9259,-2403
13,1998,6,6860,3559,3301
13,1998,7,6863,8379,-1516
13,1998,8,6854,8259,-1405
13,1998,9,6852,6759,93
13,1998,10,6865,2459,4406
13,1998,11,6862,9659,-2797
13,1998,12,6860,6794,66
14,1996,11,400,0,400
14,1996,12,24354,0,24354
14,1997,1,14866,9000,5866
14,1997,2,14888,9400,5488
14,1997,3,14909,13900,1009
14,1997,4,14911,17215,-2304
14,1997,5,14926,15544,-618
14,1997,6,22320,20444,1876
14,1997,7,14932,13844,1088
14,1997,8,14933,15144,-211
14,1997,9,14935,12244,2691
14,1997,10,14939,17344,-2405
14,1997,11,14929,16644,-1715
14,1997,12,22319,18244,4075
14,1998,1,14933,18944,-4011
14,1998,2,14925,13244,1681
14,1998,3,14931,15044,-113
14,1998,4,14934,11844,3090
14,1998,5,14945,14244,701
14,1998,6,22331,33044,-10713
14,1998,7,14912,6644,8268
14,1998,8,14946,9244,5702
14,1998,9,14957,14944,13
14,1998,10,14954,14444,510
14,1998,11,14943,21344,-6401
14,1998,12,22316,21329,987
15,1993,10,17927,0,17927
15,1993,11,21614,0,21614
15,1993,12,25825,23300,2525
15,1994,1,17241,15600,1641
15,1994,2,17305,3087,14218
15,1994,3,17292,36827,-19535
15,1994,4,17274,15287,1987
15,1994,5,17297,17187,110
15,1994,6,29991,49807,-19816
15,1994,7,17198,7687,9511
15,1994,8,17234,12887,4347
15,1994,9,17260,14787,2473
15,1994,10,17258,18587,-1329
15,1994,11,17253,16487,766
15,1994,12,25807,20527,5280
15,1995,1,17243,27047,-9804
15,1995,2,17244,15987,1257
15,1995,3,17249,16487,762
15,1995,4,17253,15187,2066
15,1995,5,17250,17487,-237
15,1995,6,25788,24327,1461
15,1995,7,17261,17187,74
15,1995,8,17242,18267,-1025
15,1995,9,17247,18187,-940
15,1995,10,17245,14687,2558
15,1995,11,17262,14087,3175
15,1995,12,25826,23747,2079
15,1996,1,17236,34727,-17491
15,1996,2,17204,12687,4517
15,1996,3,17220,14587,2633
15,1996,4,17234,15587,1647
15,1996,5,17235,15087,2148
15,1996,6,25780,27847,-2067
15,1996,7,17236,16287,949
15,1996,8,17228,19507,-2279
15,1996,9,17225,17647,-422
15,1996,10,17227,17227,0
15,1996,11,17217,19447,-2230
15,1996,12,25750,22747,3003
15,1997,1,17196,28927,-11731
15,1997,2,17192,7007,10185
15,1997,3,17217,16067,1150
15,1997,4,17219,16867,352
15,1997,5,17213,18587,-1374
15,1997,6,25771,18887,6884
15,1997,7,17223,26007,-8784
15,1997,8,17208,14787,2421
15,1997,9,17211,16687,524
15,1997,10,17209,17327,-118
15,1997,11,17209,17087,122
15,1997,12,25760,21947,3813
15,1998,1,17193,33667,-16474
15,1998,2,17164,12887,4277
15,1998,3,17166,20687,-3521
15,1998,4,17160,15487,1673
15,1998,5,17168,15687,1481
15,1998,6,25677,33507,-7830
15,1998,7,17143,13987,3156
15,1998,8,17150,15587,1563
15,1998,9,17206,18087,-881
15,1998,10,17203,18487,-1284
15,1998,11,17176,9567,7609
15,1998,12,25789,5152,20637
16,1997,9,500,0,500
16,1997,10,22168,0,22168
16,1997,11,20943,14600,6343
16,1997,12,31395,22400,8995
16,1998,1,20999,21000,-1
16,1998,2,20997,22215,-1218
16,1998,3,20993,21515,-522
16,1998,4,20991,29815,-8824
16,1998,5,20968,25035,-4067
16,1998,6,31370,29555,1815
16,1998,7,20937,26315,-5378
16,1998,8,20919,23515,-2596
16,1998,9,20913,27415,-6502
16,1998,10,20880,23815,-2935
16,1998,11,20865,24915,-4050
16,1998,12,31379,2080,29299
17,1997,1,700,0,700
17,1997,2,12400,0,12400
17,1997,3,2500,0,2500
17,1997,4,300,0,300
17,1997,5,0,1100,-1100
17,1997,6,2300,0,2300
17,1997,7,4100,0,4100
17,1997,8,49300,0,49300
17,1997,9,293,25500,-25207
17,1997,10,293,10100,-9807
17,1997,11,43288,3500,39788
17,1997,12,312,23000,-22688
17,1998,1,7855,13900,-6045
17,1998,2,193,8000,-7807
17,1998,3,193,3800,-3607
17,1998,4,193,1800,-1607
17,1998,5,28103,0,28103
17,1998,6,256,9600,-9344
17,1998,7,256,4100,-3844
17,1998,8,4854,5500,-646
17,1998,9,198,1400,-1202
17,1998,10,1398,0,1398
17,1998,11,49840,23545,26295
17,1998,12,46337,22741,23596
18,1993,5,1100,0,1100
18,1993,6,13500,0,13500
18,1993,7,2600,0,2600
18,1993,8,3500,0,3500
18,1993,9,2500,0,2500
18,1993,10,200,0,200
18,1993,12,0,1900,-1900
18,1994,1,13445,6000,7445
18,1994,2,120,1000,-880
18,1994,3,87812,6600,81212
18,1994,4,455,41000,-40545
18,1994,5,22458,33430,-10972
18,1994,6,52305,95795,-43490
18,1994,7,34666,25944,8722
18,1994,8,106252,36846,69406
18,1994,9,113731,152929,-39198
18,1994,10,69559,37230,32329
18,1994,11,77196,118330,-41134
18,1994,12,67680,12030,55650
18,1995,1,376,44430,-44054
18,1995,2,232,8030,-7798
18,1995,3,200,5430,-5230
18,1995,4,4756,36903,-32147
18,1995,5,12346,30,12316
18,1995,6,9006,4365,4641
18,1995,7,3416,30,3386
18,1995,8,5226,6630,-1404
18,1995,9,7424,30,7394
18,1995,10,154,1030,-876
18,1995,11,12634,17732,-5098
18,1995,12,6635,4230,2405
18,1996,1,27092,38354,-11262
18,1996,2,28323,25159,3164
18,1996,3,16220,4695,11525
18,1996,4,2253,30,2223
18,1996,5,31705,53197,-21492
18,1996,6,41476,46530,-5054
18,1996,7,27705,33737,-6032
18,1996,8,20267,6842,13425
18,1996,9,15166,6966,8200
18,1996,10,5687,16083,-10396
18,1996,11,11081,7193,3888
18,1996,12,11905,6930,4975
18,1997,1,40876,65227,-24351
18,1997,2,29568,10054,19514
18,1997,3,28402,15298,13104
18,1997,4,11090,20844,-9754
18,1997,5,16263,29443,-13180
18,1997,6,36002,38330,-2328
18,1997,7,58805,22230,36575
18,1997,8,92288,70740,21548
18,1997,9,56467,22954,33513
18,1997,10,150633,146830,3803
18,1997,11,93606,112230,-18624
18,1997,12,23678,40352,-16674
18,1998,1,5903,15330,-9427
18,1998,2,248,2730,-2482
18,1998,3,29636,12530,17106
18,1998,4,13809,37507,-23698
18,1998,5,43574,25404,18170
18,1998,6,5184,10530,-5346
18,1998,7,41727,25960,15767
18,1998,8,10282,14330,-4048
18,1998,9,310,9630,-9320
18,1998,10,22670,18430,4240
18,1998,11,48445,43062,5383
18,1998,12,75304,69975,5329
19,1995,4,16233,0,16233
19,1995,5,19789,0,19789
19,1995,6,23122,2900,20222
19,1995,7,15613,13700,1913
19,1995,8,15568,29780,-14212
19,1995,9,15335,42358,-27023
19,1995,10,19545,16215,3330
19,1995,11,21791,38315,-16524
19,1995,12,25470,4315,21155
19,1996,1,16312,37415,-21103
19,1996,2,17756,1815,15941
19,1996,3,17907,21315,-3408
19,1996,4,17844,18217,-373
19,1996,5,15683,14715,968
19,1996,6,23886,20201,3685
19,1996,7,21075,34815,-13740
19,1996,8,20076,2538,17538
19,1996,9,15323,17538,-2215
19,1996,10,16191,18438,-2247
19,1996,11,15687,15738,-51
19,1996,12,22875,24738,-1863
19,1997,1,15232,24538,-9306
19,1997,2,15212,15338,-126
19,1997,3,16964,20938,-3974
19,1997,4,15147,17515,-2368
19,1997,5,15163,9515,5648
19,1997,6,22763,25815,-3052
19,1997,7,15168,13915,1253
19,1997,8,18488,16615,1873
19,1997,9,15176,17015,-1839
19,1997,10,15176,16115,-939
19,1997,11,15186,11415,3771
19,1997,12,22831,20615,2216
19,1998,1,15187,19246,-4059
19,1998,2,15186,15315,-129
19,1998,3,15193,13015,2178
19,1998,4,15234,11615,3619
19,1998,5,15193,21115,-5922
19,1998,6,22784,20915,1869
19,1998,7,15197,15215,-18
19,1998,8,15217,8915,6302
19,1998,9,15197,22730,-7533
19,1998,10,15237,7515,7722
19,1998,11,15207,22225,-7018
19,1998,12,22777,20100,2677
20,1996,8,500,0,500
20,1996,9,3005,0,3005
20,1996,10,3005,0,3005
20,1996,11,3005,0,3005
20,1996,12,3005,0,3005
20,1997,1,3035,3098,-63
20,1997,2,3059,3618,-559
20,1997,3,3062,2018,1044
20,1997,4,3061,2018,1043
20,1997,5,3066,2018,1048
20,1997,6,3068,5448,-2380
20,1997,7,3065,2018,1047
20,1997,8,3065,2018,1047
20,1997,9,3073,2018,1055
20,1997,10,3078,2018,1060
20,1997,11,3082,2228,854
20,1997,12,3080,2618,462
20,1998,1,3077,5438,-2361
20,1998,2,3076,2768,308
20,1998,3,3079,2858,221
20,1998,4,3080,2018,1062
20,1998,5,3079,3038,41
20,1998,6,3075,6968,-3893
20,1998,7,3068,2018,1050
20,1998,8,3073,2018,1055
20,1998,9,3071,3308,-237
20,1998,10,3076,2018,1058
20,1998,11,3079,2618,461
20,1998,12,3077,2333,744
21,1997,12,15272,0,15272
21,1998,1,13522,0,13522
21,1998,2,9550,4500,5050
21,1998,3,9574,3700,5874
21,1998,4,9571,13491,-3920
21,1998,5,9576,6891,2685
21,1998,6,14216,37691,-23475
21,1998,7,17216,6291,10925
21,1998,8,15028,14931,97
21,1998,9,16058,6291,9767
21,1998,10,13787,8091,5696
21,1998,11,15119,6291,8828
21,1998,12,17345,14436,2909
22,1994,3,1100,0,1100
22,1994,4,20400,0,20400
22,1994,5,16978,5700,11278
22,1994,6,25459,15900,9559
22,1994,7,17044,20100,-3056
22,1994,8,17039,15115,1924
22,1994,9,17050,19967,-2917
22,1994,10,17030,21767,-4737
22,1994,11,17019,17567,-548
22,1994,12,25463,22967,2496
22,1995,1,17021,22067,-5046
22,1995,2,17003,19167,-2164
22,1995,3,17007,13067,3940
22,1995,4,17011,18467,-1456
22,1995,5,17011,15567,1444
22,1995,6,25471,17567,7904
22,1995,7,17044,17767,-723
22,1995,8,17039,17867,-828
22,1995,9,17028,19267,-2239
22,1995,10,17021,19167,-2146
22,1995,11,17011,17767,-756
22,1995,12,25465,19267,6198
22,1996,1,17024,27267,-10243
22,1996,2,19027,6367,12660
22,1996,3,17075,17167,-92
22,1996,4,17065,12867,4198
22,1996,5,17065,19067,-2002
22,1996,6,25464,40367,-14903
22,1996,7,21935,6367,15568
22,1996,8,17069,11867,5202
22,1996,9,17084,13967,3117
22,1996,10,17098,13967,3131
22,1996,11,17097,18567,-1470
22,1996,12,25565,13767,11798
22,1997,1,17121,26567,-9446
22,1997,2,17116,12767,4349
22,1997,3,17122,17467,-345
22,1997,4,17131,13767,3364
22,1997,5,17137,16567,570
22,1997,6,25557,28667,-3110
22,1997,7,17107,22367,-5260
22,1997,8,17098,22667,-5569
22,1997,9,17092,13567,3525
22,1997,10,17088,20667,-3579
22,1997,11,17087,14167,2920
22,1997,12,25543,21867,3676
22,1998,1,17057,35267,-18210
22,1998,2,17058,11167,5891
22,1998,3,17061,14767,2294
22,1998,4,17058,18967,-1909
22,1998,5,17049,34867,-17818
22,1998,6,25452,24167,1285
22,1998,7,17031,20267,-3236
22,1998,8,17000,21067,-4067
22,1998,9,16983,19667,-2684
22,1998,10,16972,16367,605
22,1998,11,16973,18667,-1694
22,1998,12,25431,7852,17579
23,1993,5,800,0,800
23,1993,6,33172,5300,27872
23,1993,7,22223,11400,10823
23,1993,8,22257,19400,2857
23,1993,9,22272,17300,4972
23,1993,10,22283,22915,-632
23,1993,11,22295,27102,-4807
23,1993,12,33347,29322,4025
23,1994,1,22255,32382,-10127
23,1994,2,22261,18522,3739
23,1994,3,22272,22222,50
23,1994,4,22277,19222,3055
23,1994,5,22279,24222,-1943
23,1994,6,33310,36482,-3172
23,1994,7,22265,19722,2543
23,1994,8,22271,20722,1549
23,1994,9,22275,21222,1053
23,1994,10,22279,23062,-783
23,1994,11,22269,23122,-853
23,1994,12,33331,28482,4849
23,1995,1,22270,27702,-5432
23,1995,2,22263,22182,81
23,1995,3,22261,23082,-821
23,1995,4,22264,20422,1842
23,1995,5,22262,25442,-3180
23,1995,6,33249,54842,-21593
23,1995,7,22200,8322,13878
23,1995,8,22232,17622,4610
23,1995,9,22282,19522,2760
23,1995,10,22293,22922,-629
23,1995,11,22280,9622,12658
23,1995,12,33378,21322,12056
23,1996,1,22302,38562,-16260
23,1996,2,22283,19422,2861
23,1996,3,22315,12622,9693
23,1996,4,22312,24722,-2410
23,1996,5,22319,19722,2597
23,1996,6,44145,49662,-5517
23,1996,7,22320,18422,3898
23,1996,8,22304,23562,-1258
23,1996,9,22313,20222,2091
23,1996,10,22323,19822,2501
23,1996,11,22313,25862,-3549
23,1996,12,33404,18522,14882
23,1997,1,22349,40342,-17993
23,1997,2,22357,5822,16535
23,1997,3,22383,17322,5061
23,1997,4,22370,27982,-5612
23,1997,5,22364,35362,-12998
23,1997,6,33631,38382,-4751
23,1997,7,22349,14422,7927
23,1997,8,22378,19522,2856
23,1997,9,22390,18922,3468
23,1997,10,22399,25542,-3143
23,1997,11,22390,16322,6068
23,1997,12,33478,27222,6256
23,1998,1,22421,30682,-8261
23,1998,2,22389,24142,-1753
23,1998,3,22393,26762,-4369
23,1998,4,22379,16222,6157
23,1998,5,22400,21522,878
23,1998,6,33481,37422,-3941
23,1998,7,22385,21422,963
23,1998,8,22377,24342,-1965
23,1998,9,22364,28662,-6298
23,1998,10,22356,16322,6034
23,1998,11,22376,19322,3054
23,1998,12,33446,16167,17279
24,1996,12,19996,0,19996
24,1997,1,16758,0,16758
24,1997,2,12801,3600,9201
24,1997,3,12807,12900,-93
24,1997,4,12787,19977,-7190
24,1997,5,12752,20477,-7725
24,1997,6,19067,20597,-1530
24,1997,7,12735,15177,-2442
24,1997,8,12723,15897,-3174
24,1997,9,12711,16317,-3606
24,1997,10,12707,17577,-4870
24,1997,11,12698,11777,921
24,1997,12,19027,23737,-4710
24,1998,1,12677,10637,2040
24,1998,2,12691,7877,4814
24,1998,3,12705,10637,2068
24,1998,4,12719,7877,4842
24,1998,5,12740,7877,4863
24,1998,6,19080,29377,-10297
24,1998,7,12717,7877,4840
24,1998,8,12737,7877,4860
24,1998,9,12757,7877,4880
24,1998,10,12756,34677,-21921
24,1998,11,12686,7877,4809
24,1998,12,19027,14782,4245
25,1996,7,900,0,900
25,1996,8,15800,0,15800
25,1996,9,111037,69600,41437
25,1996,10,63759,34306,29453
25,1996,11,158024,176406,-18382
25,1996,12,121581,127636,-6055
25,1997,1,41273,75074,-33801
25,1997,2,55278,45532,9746
25,1997,3,135,15806,-15671
25,1997,4,89402,75747,13655
25,1997,5,95045,55106,39939
25,1997,6,5516,47606,-42090
25,1997,7,58943,44106,14837
25,1997,8,18443,25906,-7463
25,1997,9,73720,44306,29414
25,1997,10,63712,43906,19806
25,1997,11,36588,88106,-51518
25,1997,12,104,20707,-20603
25,1998,1,32177,18429,13748
25,1998,2,22440,25629,-3189
25,1998,3,92,10629,-10537
25,1998,4,39461,10629,28832
25,1998,5,124808,103429,21379
25,1998,6,33512,45729,-12217
25,1998,7,69545,70929,-1384
25,1998,8,61600,46129,15471
25,1998,9,169,48644,-48475
25,1998,10,31192,10629,20563
25,1998,11,21068,15729,5339
25,1998,12,49051,67791,-18740
26,1993,8,25671,0,25671
26,1993,9,26278,0,26278
26,1993,10,25044,15300,9744
26,1993,11,25074,19000,6074
26,1993,12,37527,23315,14212
26,1994,1,25033,71681,-46648
26,1994,2,24958,22600,2358
26,1994,3,24949,33337,-8388
26,1994,4,24947,12202,12745
26,1994,5,24978,18902,6076
26,1994,6,37418,24102,13316
26,1994,7,25018,30602,-5584
26,1994,8,24959,60381,-35422
26,1994,9,26120,10402,15718
26,1994,10,24958,17502,7456
26,1994,11,24970,22602,2368
26,1994,12,37408,43302,-5894
26,1995,1,24932,39377,-14445
26,1995,2,24941,16402,8539
26,1995,3,24945,31002,-6057
26,1995,4,24936,22302,2634
26,1995,5,24965,22402,2563
26,1995,6,37376,37596,-220
26,1995,7,24972,25702,-730
26,1995,8,24956,28002,-3046
26,1995,9,24936,30111,-5175
26,1995,10,24933,20902,4031
26,1995,11,24949,21402,3547
26,1995,12,37346,40802,-3456
26,1996,1,24924,30002,-5078
26,1996,2,24924,22302,2622
26,1996,3,24920,30827,-5907
26,1996,4,24908,22602,2306
26,1996,5,24916,24702,214
26,1996,6,37346,28002,9344
26,1996,7,24954,24502,452
26,1996,8,24955,23702,1253
26,1996,9,24957,25302,-345
26,1996,10,24934,35388,-10454
26,1996,11,24905,24602,303
26,1996,12,37336,30402,6934
26,1997,1,24931,28702,-3771
26,1997,2,24922,24302,620
26,1997,3,24917,30906,-5989
26,1997,4,24905,22102,2803
26,1997,5,24913,23802,1111
26,1997,6,37333,36602,731
26,1997,7,24913,26604,-1691
26,1997,8,24900,27902,-3002
26,1997,9,24894,24602,292
26,1997,10,24897,23602,1295
26,1997,11,24910,19102,5808
26,1997,12,37343,30302,7041
26,1998,1,24933,25802,-869
26,1998,2,24947,23102,1845
26,1998,3,24951,26402,-1451
26,1998,4,24936,34902,-9966
26,1998,5,24910,22802,2108
26,1998,6,37338,27802,9536
26,1998,7,24946,34902,-9956
26,1998,8,24923,19002,5921
26,1998,9,24952,13382,11570
26,1998,10,24997,29847,-4850
26,1998,11,24934,34728,-9794
26,1998,12,37386,14887,22499
27,1993,9,900,0,900
27,1993,10,16941,0,16941
27,1993,11,8707,1700,7007
27,1993,12,13048,8400,4648
27,1994,1,8750,8600,150
27,1994,2,8752,7115,1637
27,1994,3,8753,14069,-5316
27,1994,4,8745,8769,-24
27,1994,5,8746,7869,877
27,1994,6,13075,8669,4406
27,1994,7,8765,10069,-1304
27,1994,8,8759,9269,-510
27,1994,9,8760,6969,1791
27,1994,10,8765,8469,296
27,1994,11,8765,9269,-504
27,1994,12,13083,13969,-886
27,1995,1,8734,22969,-14235
27,1995,2,12595,9669,2926
27,1995,3,8720,4069,4651
27,1995,4,8735,7369,1366
27,1995,5,8740,7169,1571
27,1995,6,13066,10169,2897
27,1995,7,8753,9369,-616
27,1995,8,8752,8669,83
27,1995,9,8744,14369,-5625
27,1995,10,10430,6669,3761
27,1995,11,8753,4069,4684
27,1995,12,13078,14969,-1891
27,1996,1,9529,21369,-11840
27,1996,2,8712,5369,3343
27,1996,3,8717,10769,-2052
27,1996,4,8706,9969,-1263
27,1996,5,8697,11469,-2772
27,1996,6,13015,9869,3146
27,1996,7,8696,11869,-3173
27,1996,8,8695,7169,1526
27,1996,9,8695,8969,-274
27,1996,10,8698,7769,929
27,1996,11,8709,5269,3440
27,1996,12,13033,12569,464
27,1997,1,8704,14969,-6265
27,1997,2,12503,7869,4634
27,1997,3,8707,8769,-62
27,1997,4,8720,10769,-2049
27,1997,5,8697,10569,-1872
27,1997,6,14536,4069,10467
27,1997,7,8724,13369,-4645
27,1997,8,8717,7669,1048
27,1997,9,8717,8169,548
27,1997,10,8719,8469,250
27,1997,11,8721,7769,952
27,1997,12,13043,15269,-2226
27,1998,1,8689,15669,-6980
27,1998,2,8800,4069,4731
27,1998,3,8715,5469,3246
27,1998,4,8720,7669,1051
27,1998,5,8725,7569,1156
27,1998,6,13042,11069,1973
27,1998,7,8703,17669,-8966
27,1998,8,9115,7169,1946
27,1998,9,8725,6169,2556
27,1998,10,8729,9069,-340
27,1998,11,8731,6069,2662
27,1998,12,13062,5854,7208
29,1994,11,700,0,700
29,1994,12,26696,200,26496
29,1995,1,17899,11100,6799
29,1995,2,17927,10400,7527
29,1995,3,17950,18000,-50
29,1995,4,17983,16152,1831
29,1995,5,17972,21123,-3151
29,1995,6,26865,33383,-6518
29,1995,7,17934,18523,-589
29,1995,8,17935,14923,3012
29,1995,9,17915,21083,-3168
29,1995,10,17929,17823,106
29,1995,11,17929,17423,506
29,1995,12,26830,28163,-1333
29,1996,1,17903,23403,-5500
29,1996,2,17909,12623,5286
29,1996,3,17928,14923,3005
29,1996,4,17925,23443,-5518
29,1996,5,17914,15723,2191
29,1996,6,26815,31303,-4488
29,1996,7,17906,14723,3183
29,1996,8,17911,17723,188
29,1996,9,17910,17923,-13
29,1996,10,17910,17823,87
29,1996,11,17899,22403,-4504
29,1996,12,26783,25563,1220
29,1997,1,17880,23243,-5363
29,1997,2,17878,14923,2955
29,1997,3,17910,14823,3087
29,1997,4,17887,21523,-3636
29,1997,5,17858,27043,-9185
29,1997,6,26753,19123,7630
29,1997,7,17877,16623,1254
29,1997,8,17882,16323,1559
29,1997,9,17900,11723,6177
29,1997,10,17915,15423,2492
29,1997,11,17910,19923,-2013
29,1997,12,26837,13223,13614
29,1998,1,17912,35463,-17551
29,1998,2,17896,16323,1573
29,1998,3,17914,12423,5491
29,1998,4,17912,21263,-3351
29,1998,5,17915,14723,3192
29,1998,6,26794,42323,-15529
29,1998,7,21294,8923,12371
29,1998,8,17922,12623,5299
29,1998,9,17912,24683,-6771
29,1998,10,17898,18023,-125
29,1998,11,17899,17523,376
29,1998,12,26810,20128,6682
30,1995,3,400,0,400
30,1995,4,27521,0,27521
30,1995,5,76408,11115,65293
30,1995,6,221192,268595,-47403
30,1995,7,33332,32770,562
30,1995,8,12442,27920,-15478
30,1995,9,98786,89457,9329
30,1995,10,9521,18331,-8810
30,1995,11,60231,52776,7455
30,1995,12,76857,58076,18781
30,1996,1,12189,48439,-36250
30,1996,2,89,215,-126
30,1996,3,29586,16715,12871
30,1996,4,135,13015,-12880
30,1996,5,29073,16315,12758
30,1996,6,39748,45553,-5805
30,1996,7,49431,4715,44716
30,1996,8,76864,46815,30049
30,1996,9,24453,64841,-40388
30,1996,10,257,23115,-22858
30,1996,11,82171,71715,10456
30,1996,12,68903,84315,-15412
30,1997,1,41492,46515,-5023
30,1997,2,13823,19315,-5492
30,1997,3,8877,13015,-4138
30,1997,4,83,15,68
30,1997,5,21490,24115,-2625
30,1997,6,87003,90915,-3912
30,1997,7,64638,36915,27723
30,1997,8,129652,82915,46737
30,1997,9,41442,53215,-11773
30,1997,10,80027,103615,-23588
30,1997,11,169401,122115,47286
30,1997,12,38989,112015,-73026
30,1998,1,9200,9915,-715
30,1998,2,25263,33315,-8052
30,1998,3,11712,15,11697
30,1998,4,51720,32715,19005
30,1998,5,142,17188,-17046
30,1998,6,19132,15,19117
30,1998,7,10907,15366,-4459
30,1998,8,130850,94667,36183
30,1998,9,145554,159815,-14261
30,1998,10,138594,105215,33379
30,1998,11,11464,91127,-79663
30,1998,12,21936,0,21936
31,1994,4,800,0,800
31,1994,5,62781,21500,41281
31,1994,6,57297,35115,22182
31,1994,7,59565,70636,-11071
31,1994,8,136517,99417,37100
31,1994,9,29871,74721,-44850
31,1994,10,39555,56990,-17435
31,1994,11,4310,10217,-5907
31,1994,12,80394,63022,17372
31,1995,1,205211,187509,17702
31,1995,2,3765,34517,-30752
31,1995,3,57027,51610,5417
31,1995,4,132035,101417,30618
31,1995,5,114276,103188,11088
31,1995,6,82445,105317,-22872
31,1995,7,53759,38817,14942
31,1995,8,11972,32517,-20545
31,1995,9,29491,15017,14474
31,1995,10,41830,29817,12013
31,1995,11,22261,28717,-6456
31,1995,12,105967,103717,2250
31,1996,1,73549,43069,30480
31,1996,2,71656,99994,-28338
31,1996,3,55309,44717,10592
31,1996,4,52047,41817,10230
31,1996,5,75437,85572,-10135
31,1996,6,206,47832,-47626
31,1996,7,76845,47331,29514
31,1996,8,171,34132,-33961
31,1996,9,35823,32222,3601
31,1996,10,95777,49831,45946
31,1996,11,68928,71152,-2224
31,1996,12,216,36017,-35801
31,1997,1,28261,20217,8044
31,1997,2,74700,30374,44326
31,1997,3,40103,103227,-63124
31,1997,4,45092,27217,17875
31,1997,5,115032,67713,47319
31,1997,6,46741,77437,-30696
31,1997,7,72753,94017,-21264
31,1997,8,47084,31917,15167
31,1997,9,138,37017,-36879
31,1997,10,85826,56417,29409
31,1997,11,99,40117,-40018
31,1997,12,47213,41217,5996
31,1998,1,10048,10217,-169
31,1998,2,114395,53767,60628
31,1998,3,28709,78370,-49661
31,1998,4,121107,63817,57290
31,1998,5,187,59017,-58830
31,1998,6,20047,15317,4730
31,1998,7,9214,10217,-1003
31,1998,8,16572,10217,6355
31,1998,9,49851,51487,-1636
31,1998,10,133,10217,-10084
31,1998,11,91,10217,-10126
32,1995,8,700,0,700
32,1995,9,21761,0,21761
32,1995,10,16650,4600,12050
32,1995,11,16694,12700,3994
32,1995,12,24989,16500,8489
32,1996,1,16752,21015,-4263
32,1996,2,16727,15415,1312
32,1996,3,16731,17615,-884
32,1996,4,16727,17315,-588
32,1996,5,16728,14015,2713
32,1996,6,25038,25815,-777
32,1996,7,16736,14415,2321
32,1996,8,16764,16615,149
32,1996,9,16747,14115,2632
32,1996,10,16758,14215,2543
32,1996,11,16762,18615,-1853
32,1996,12,25048,23915,1133
32,1997,1,16762,19615,-2853
32,1997,2,16747,18315,-1568
32,1997,3,16749,13215,3534
32,1997,4,16771,18415,-1644
32,1997,5,16763,18115,-1352
32,1997,6,25048,18115,6933
32,1997,7,16781,12915,3866
32,1997,8,16793,15115,1678
32,1997,9,16794,22115,-5321
32,1997,10,16791,16115,676
32,1997,11,16780,15615,1165
32,1997,12,25083,19015,6068
32,1998,1,16787,25615,-8828
32,1998,2,16787,10015,6772
32,1998,3,16803,14915,1888
32,1998,4,16805,17415,-610
32,1998,5,16799,21815,-5016
32,1998,6,25044,36415,-11371
32,1998,7,16753,9815,6938
32,1998,8,16773,13315,3458
32,1998,9,16787,17315,-528
32,1998,10,16798,8815,7983
32,1998,11,16847,3015,13832
32,1998,12,25177,12600,12577
33,1993,8,600,0,600
33,1993,9,25611,0,25611
33,1993,10,23709,12400,11309
33,1993,11,23752,16600,7152
33,1993,12,35579,27000,8579
33,1994,1,23806,26815,-3009
33,1994,2,23831,28707,-4876
33,1994,3,23811,28907,-5096
33,1994,4,23797,20807,2990
33,1994,5,23809,21607,2202
33,1994,6,35629,28907,6722
33,1994,7,23841,23607,234
33,1994,8,23836,28007,-4171
33,1994,9,23818,24607,-789
33,1994,10,23816,22807,1009
33,1994,11,23817,23507,310
33,1994,12,35636,30407,5229
33,1995,1,23829,25907,-2078
33,1995,2,23831,22307,1524
33,1995,3,23840,22207,1633
33,1995,4,23840,24907,-1067
33,1995,5,23846,18907,4939
33,1995,6,35678,28207,7471
33,1995,7,23880,26607,-2727
33,1995,8,23861,29607,-5746
33,1995,9,23844,23407,437
33,1995,10,23852,21407,2445
33,1995,11,23854,22807,1047
33,1995,12,35676,33707,1969
33,1996,1,23865,23507,358
33,1996,2,23865,23207,658
33,1996,3,23867,24007,-140
33,1996,4,23865,23907,-42
33,1996,5,23856,26807,-2951
33,1996,6,35663,29607,6056
33,1996,7,23874,24007,-133
33,1996,8,23871,23707,164
33,1996,9,23866,25207,-1341
33,1996,10,23923,19307,4616
33,1996,11,23925,9407,14518
33,1996,12,35790,17707,18083
33,1997,1,23995,28907,-4912
33,1997,2,23991,24707,-716
33,1997,3,23983,26507,-2524
33,1997,4,23985,22107,1878
33,1997,5,23978,27607,-3629
33,1997,6,35809,22107,13702
33,1997,7,24011,29507,-5496
33,1997,8,24002,25107,-1105
33,1997,9,24009,21407,2602
33,1997,10,24012,28107,-4095
33,1997,11,24006,20507,3499
33,1997,12,35756,85307,-49551
33,1998,1,34200,3907,30293
33,1998,2,23964,13607,10357
33,1998,3,23978,19207,4771
33,1998,4,24005,19407,4598
33,1998,5,24024,19507,4517
33,1998,6,35870,41107,-5237
33,1998,7,24028,37607,-13579
33,1998,8,24031,23707,324
33,1998,9,24010,18307,5703
33,1998,10,24033,18707,5326
33,1998,11,23948,41707,-17759
33,1998,12,35814,6092,29722
34,1993,9,600,0,600
34,1993,10,31905,2900,29005
34,1993,11,31992,20400,11592
34,1993,12,47971,33000,14971
34,1994,1,32076,32900,-824
34,1994,2,32085,34000,-1915
34,1994,3,32065,37861,-5796
34,1994,4,32064,34402,-2338
34,1994,5,31983,56322,-24339
34,1994,6,47903,48051,-148
34,1994,7,31959,33202,-1243
34,1994,8,31969,17902,14067
34,1994,9,32012,23302,8710
34,1994,10,32029,38502,-6473
34,1994,11,32078,26502,5576
34,1994,12,48031,45902,2129
34,1995,1,32063,18202,13861
34,1995,2,32086,27602,4484
34,1995,3,32077,40802,-8725
34,1995,4,32090,23602,8488
34,1995,5,32097,39002,-6905
34,1995,6,48070,24702,23368
34,1995,7,32138,41302,-9164
34,1995,8,32145,27002,5143
34,1995,9,32132,35002,-2870
34,1995,10,32136,30202,1934
34,1995,11,32129,34502,-2373
34,1995,12,48100,33102,14998
34,1996,1,32096,66213,-34117
34,1996,2,32091,23102,8989
34,1996,3,32107,25302,6805
34,1996,4,32126,37002,-4876
34,1996,5,32110,26802,5308
34,1996,6,48023,60528,-12505
34,1996,7,32043,41369,-9326
34,1996,8,32064,19602,12462
34,1996,9,32105,27702,4403
34,1996,10,32090,60602,-28512
34,1996,11,32071,32367,-296
34,1996,12,48018,39986,8032
34,1997,1,32095,27602,4493
34,1997,2,32098,37279,-5181
34,1997,3,32095,31102,993
34,1997,4,32082,32202,-120
34,1997,5,32058,37900,-5842
34,1997,6,48002,35902,12100
34,1997,7,32096,36802,-4706
34,1997,8,32078,31702,376
34,1997,9,32079,30002,2077
34,1997,10,32043,42561,-10518
34,1997,11,32043,27402,4641
34,1997,12,48022,36402,11620
34,1998,1,32110,39577,-7467
34,1998,2,32075,27902,4173
34,1998,3,32068,35908,-3840
34,1998,4,32049,37002,-4953
34,1998,5,32064,28902,3162
34,1998,6,48035,34702,13333
34,1998,7,32097,42802,-10705
34,1998,8,32027,39407,-7380
34,1998,9,32049,31802,247
34,1998,10,32046,23402,8644
34,1998,11,32033,36873,-4840
34,1998,12,48003,40372,7631
35,1993,7,600,0,600
35,1993,8,5446,0,5446
35,1993,9,5446,0,5446
35,1993,10,5446,0,5446
35,1993,11,5446,0,5446
35,1993,12,5525,2399,3126
35,1994,1,5539,11119,-5580
35,1994,2,5532,5759,-227
35,1994,3,5537,4559,978
35,1994,4,5542,2399,3143
35,1994,5,5555,3199,2356
35,1994,6,5538,12419,-6881
35,1994,7,5536,2399,3137
35,1994,8,5550,2399,3151
35,1994,9,5562,6099,-537
35,1994,10,5560,3539,2021
35,1994,11,5568,6099,-531
35,1994,12,5564,7699,-2135
35,1995,1,5541,10479,-4938
35,1995,2,5537,2399,3138
35,1995,3,5550,2499,3051
35,1995,4,5560,5179,381
35,1995,5,5563,6339,-776
35,1995,6,5517,17349,-11832
35,1995,7,5512,2399,3113
35,1995,8,5525,2399,3126
35,1995,9,5537,3399,2138
35,1995,10,5544,4999,545
35,1995,11,5541,11499,-5958
35,1995,12,5523,3599,1924
35,1996,1,5505,10399,-4894
35,1996,2,5509,4499,1010
35,1996,3,5511,6099,-588
35,1996,4,5508,6099,-591
35,1996,5,5505,6399,-894
35,1996,6,5504,4699,805
35,1996,7,5509,3159,2350
35,1996,8,5508,8679,-3171
35,1996,9,5507,2399,3108
35,1996,10,5517,3899,1618
35,1996,11,5518,6799,-1281
35,1996,12,5513,5519,-6
35,1997,1,5512,6239,-727
35,1997,2,5514,4399,1115
35,1997,3,5513,7199,-1686
35,1997,4,5509,4719,790
35,1997,5,5509,7199,-1690
35,1997,6,5505,5599,-94
35,1997,7,5511,2399,3112
35,1997,8,5516,5799,-283
35,1997,9,5512,6899,-1387
35,1997,10,5514,3699,1815
35,1997,11,5523,8699,-3176
35,1997,12,5505,5799,-294
35,1998,1,5497,7079,-1582
35,1998,2,5503,2399,3104
35,1998,3,5516,2399,3117
35,1998,4,5529,2399,3130
35,1998,5,5511,13999,-8488
35,1998,6,5506,2399,3107
35,1998,7,5505,7499,-1994
35,1998,8,5499,6399,-900
35,1998,9,5507,2399,3108
35,1998,10,5520,2399,3121
35,1998,11,5533,2399,3134
35,1998,12,5534,6944,-1410
36,1993,7,24426,0,24426
36,1993,8,19956,11400,8556
36,1993,9,19991,13300,6691
36,1993,10,20019,15700,4319
36,1993,11,20085,22384,-2299
36,1993,12,30036,24744,5292
36,1994,1,20061,34144,-14083
36,1994,2,20053,15584,4469
36,1994,3,20058,17784,2274
36,1994,4,20077,20584,-507
36,1994,5,20075,18284,1791
36,1994,6,29949,45804,-15855
36,1994,7,19994,15224,4770
36,1994,8,20036,13384,6652
36,1994,9,20058,17784,2274
36,1994,10,20053,20484,-431
36,1994,11,20053,17884,2169
36,1994,12,29997,28664,1333
36,1995,1,20035,41904,-21869
36,1995,2,19992,11884,8108
36,1995,3,20024,13884,6140
36,1995,4,20031,18844,1187
36,1995,5,20036,19184,852
36,1995,6,29894,43224,-13330
36,1995,7,20003,10784,9219
36,1995,8,20030,16984,3046
36,1995,9,20034,16684,3350
36,1995,10,20044,18384,1660
36,1995,11,20045,20884,-839
36,1995,12,29991,24504,5487
36,1996,1,20018,47404,-27386
36,1996,2,19977,8884,11093
36,1996,3,20007,17284,2723
36,1996,4,20010,17484,2526
36,1996,5,20018,21084,-1066
36,1996,6,29966,24384,5582
36,1996,7,20030,22684,-2654
36,1996,8,20019,20244,-225
36,1996,9,20009,22184,-2175
36,1996,10,20011,17784,2227
36,1996,11,20007,24864,-4857
36,1996,12,29929,33504,-3575
36,1997,1,19975,26344,-6369
36,1997,2,19976,10684,9292
36,1997,3,19998,15704,4294
36,1997,4,20017,15784,4233
36,1997,5,20045,12984,7061
36,1997,6,29945,40064,-10119
36,1997,7,20023,15584,4439
36,1997,8,20036,15684,4352
36,1997,9,20044,18884,1160
36,1997,10,20036,23024,-2988
36,1997,11,20028,20284,-256
36,1997,12,29972,26764,3208
36,1998,1,19993,42784,-22791
36,1998,2,19990,6484,13506
36,1998,3,20025,13384,6641
36,1998,4,20033,18484,1549
36,1998,5,20047,16384,3663
36,1998,6,30013,29544,469
36,1998,7,20095,11084,9011
36,1998,8,20136,10184,9952
36,1998,9,20123,21164,-1041
36,1998,10,20148,13084,7064
36,1998,11,20146,21584,-1438
36,1998,12,30099,22929,7170
37,1997,8,56235,0,56235
37,1997,9,46423,60800,-14377
37,1997,10,350,7000,-6650
37,1997,11,49257,14813,34444
37,1997,12,21245,35413,-14168
37,1998,1,146,32613,-32467
37,1998,2,4672,10513,-5841
37,1998,3,116858,78364,38494
37,1998,4,29209,27213,1996
37,1998,5,24318,42513,-18195
37,1998,6,104,25113,-25009
37,1998,7,7635,13013,-5378
37,1998,8,47857,41417,6440
37,1998,9,43051,20713,22338
37,1998,10,92,21513,-21421
37,1998,11,38,10321,-10283
37,1998,12,49539,9798,39741
38,1997,8,14989,0,14989
38,1997,9,20569,0,20569
38,1997,10,14025,2700,11325
38,1997,11,14046,10700,3346
38,1997,12,20963,23661,-2698
38,1998,1,14159,39390,-25231
38,1998,2,15954,11390,4564
38,1998,3,15858,13286,2572
38,1998,4,17977,24290,-6313
38,1998,5,16757,12097,4660
38,1998,6,27536,20197,7339
38,1998,7,16999,22036,-5037
38,1998,8,22506,18355,4151
38,1998,9,16479,18535,-2056
38,1998,10,18189,16285,1904
38,1998,11,18907,13297,5610
38,1998,12,22353,17467,4886
39,1993,9,1100,0,1100
39,1993,10,6474,0,6474
39,1993,11,6474,0,6474
39,1993,12,6474,0,6474
39,1994,1,6513,2600,3913
39,1994,2,6581,7130,-549
39,1994,3,6584,5210,1374
39,1994,4,6583,7810,-1227
39,1994,5,6581,6270,311
39,1994,6,6581,6730,-149
39,1994,7,6577,7770,-1193
39,1994,8,6581,3130,3451
39,1994,9,6593,4430,2163
39,1994,10,6594,8230,-1636
39,1994,11,6596,3730,2866
39,1994,12,6597,9180,-2583
39,1995,1,6575,14490,-7915
39,1995,2,6565,3130,3435
39,1995,3,6579,3330,3249
39,1995,4,6588,5430,1158
39,1995,5,6590,5930,660
39,1995,6,6591,10560,-3969
39,1995,7,6582,4130,2452
39,1995,8,6588,5530,1058
39,1995,9,6595,4630,1965
39,1995,10,6592,8630,-2038
39,1995,11,6579,13930,-7351
39,1995,12,6567,4480,2087
39,1996,1,6553,14250,-7697
39,1996,2,6541,4570,1971
39,1996,3,6553,3130,3423
39,1996,4,6567,3130,3437
39,1996,5,6581,3130,3451
39,1996,6,6590,7180,-590
39,1996,7,6591,4330,2261
39,1996,8,6592,6530,62
39,1996,9,6595,5730,865
39,1996,10,6588,8830,-2242
39,1996,11,6591,5630,961
39,1996,12,6599,4880,1719
39,1997,1,6577,16390,-9813
39,1997,2,6566,3130,3436
39,1997,3,6574,6970,-396
39,1997,4,6579,3130,3449
39,1997,5,6592,4330,2262
39,1997,6,6573,13630,-7057
39,1997,7,6565,6370,195
39,1997,8,6559,7930,-1371
39,1997,9,6555,7430,-875
39,1997,10,6561,4930,1631
39,1997,11,6571,3730,2841
39,1997,12,6582,6230,352
39,1998,1,6572,11290,-4718
39,1998,2,6564,4230,2334
39,1998,3,6574,5230,1344
39,1998,4,6578,9110,-2532
39,1998,5,6555,13390,-6835
39,1998,6,6540,3930,2610
39,1998,7,6550,6230,320
39,1998,8,6552,4630,1922
39,1998,9,6556,10430,-3874
39,1998,10,6542,6230,312
39,1998,11,6542,7930,-1388
39,1998,12,6537,4065,2472
40,1993,10,700,0,700
40,1993,11,14917,0,14917
40,1993,12,9826,2200,7626
40,1994,1,6606,500,6106
40,1994,2,6625,5500,1125
40,1994,3,6631,8249,-1618
40,1994,4,6629,7849,-1220
40,1994,5,6626,5149,1477
40,1994,6,9886,11649,-1763
40,1994,7,6613,10949,-4336
40,1994,8,7509,4349,3160
40,1994,9,7823,4349,3474
40,1994,10,7622,9249,-1627
40,1994,11,8131,4349,3782
40,1994,12,9897,9349,548
40,1995,1,8305,21549,-13244
40,1995,2,8996,4349,4647
40,1995,3,9216,4349,4867
40,1995,4,6628,6449,179
40,1995,5,6621,9249,-2628
40,1995,6,9878,6949,2929
40,1995,7,6627,7549,-922
40,1995,8,6621,8149,-1528
40,1995,9,6609,10649,-4040
40,1995,10,6598,7649,-1051
40,1995,11,6600,5249,1351
40,1995,12,9847,14549,-4702
40,1996,1,6563,12249,-5686
40,1996,2,6561,5349,1212
40,1996,3,6566,5549,1017
40,1996,4,6581,5349,1232
40,1996,5,6583,6649,-66
40,1996,6,9825,9449,376
40,1996,7,6555,12649,-6094
40,1996,8,6554,4349,2205
40,1996,9,6563,4349,2214
40,1996,10,6553,10449,-3896
40,1996,11,6556,4349,2207
40,1996,12,9794,14549,-4755
40,1997,1,6545,4349,2196
40,1997,2,6554,4349,2205
40,1997,3,6563,4349,2214
40,1997,4,6572,4349,2223
40,1997,5,6582,4349,2233
40,1997,6,9809,17349,-7540
40,1997,7,6559,4349,2210
40,1997,8,6569,4349,2220
40,1997,9,6578,4349,2229
40,1997,10,6587,4349,2238
40,1997,11,6596,4349,2247
40,1997,12,9865,7249,2616
40,1998,1,6576,16349,-9773
40,1998,2,6576,4349,2227
40,1998,3,6585,4349,2236
40,1998,4,6594,4349,2245
40,1998,5,6599,6949,-350
40,1998,6,9858,8649,1209
40,1998,7,6607,4349,2258
40,1998,8,6616,4349,2267
40,1998,9,6625,4349,2276
40,1998,10,6625,19749,-13124
40,1998,11,6580,4349,2231
40,1998,12,9850,5334,4516
41,1997,8,18136,0,18136
41,1997,9,20917,0,20917
41,1997,10,17475,19800,-2325
41,1997,11,17445,15600,1845
41,1997,12,26101,19015,7086
41,1998,1,17482,17815,-333
41,1998,2,17483,11015,6468
41,1998,3,17527,17615,-88
41,1998,4,17508,14215,3293
41,1998,5,17521,18215,-694
41,1998,6,26188,24915,1273
41,1998,7,17525,13915,3610
41,1998,8,17541,13615,3926
41,1998,9,17559,11415,6144
41,1998,10,17586,10615,6971
41,1998,11,17636,15615,2021
41,1998,12,26313,3800,22513
42,1996,8,800,0,800
42,1996,9,16043,0,16043
42,1996,10,9192,2100,7092
42,1996,11,9207,8700,507
42,1996,12,13767,11000,2767
42,1997,1,9215,11934,-2719
42,1997,2,9205,10285,-1080
42,1997,3,9200,10885,-1685
42,1997,4,9204,9185,19
42,1997,5,9193,12325,-3132
42,1997,6,13756,6085,7671
42,1997,7,9218,8085,1133
42,1997,8,9224,7485,1739
42,1997,9,10739,6085,4654
42,1997,10,9231,14805,-5574
42,1997,11,12441,6085,6356
42,1997,12,13805,17185,-3380
42,1998,1,12829,16885,-4056
42,1998,2,14644,6085,8559
42,1998,3,17354,15685,1669
42,1998,4,9260,8985,275
42,1998,5,9255,13205,-3950
42,1998,6,13804,10545,3259
42,1998,7,9249,11585,-2336
42,1998,8,9237,11985,-2748
42,1998,9,9229,14125,-4896
42,1998,10,9212,9885,-673
42,1998,11,9212,9085,127
42,1998,12,13767,14230,-463
43,1994,6,37054,0,37054
43,1994,7,24113,3900,20213
43,1994,8,24169,15200,8969
43,1994,9,24188,22100,2088
43,1994,10,24202,21595,2607
43,1994,11,24197,21604,2593
43,1994,12,36171,27744,8427
43,1995,1,24185,47044,-22859
43,1995,2,24148,20204,3944
43,1995,3,24167,20804,3363
43,1995,4,24169,24144,25
43,1995,5,24168,23064,1104
43,1995,6,36170,18804,17366
43,1995,7,24232,27104,-2872
43,1995,8,24210,29204,-4994
43,1995,9,24215,26404,-2189
43,1995,10,24184,29204,-5020
43,1995,11,24170,24304,-134
43,1995,12,36148,27004,9144
43,1996,1,24164,43964,-19800
43,1996,2,24148,20104,4044
43,1996,3,24162,19104,5058
43,1996,4,24171,22004,2167
43,1996,5,24165,30764,-6599
43,1996,6,36074,53104,-17030
43,1996,7,24123,23804,319
43,1996,8,24143,18304,5839
43,1996,9,24165,21504,2661
43,1996,10,24170,26804,-2634
43,1996,11,24144,23504,640
43,1996,12,36143,31404,4739
43,1997,1,24139,31644,-7505
43,1997,2,24152,19604,4548
43,1997,3,24173,19904,4269
43,1997,4,24189,20804,3385
43,1997,5,24199,25904,-1705
43,1997,6,37435,45164,-7729
43,1997,7,24143,20004,4139
43,1997,8,24175,21804,2371
43,1997,9,24182,21104,3078
43,1997,10,24197,20304,3893
43,1997,11,24211,20904,3307
43,1997,12,36196,29604,6592
43,1998,1,24172,41244,-17072
43,1998,2,24180,18104,6076
43,1998,3,24200,24604,-404
43,1998,4,24198,23504,694
43,1998,5,24194,28204,-4010
43,1998,6,36100,63364,-27264
43,1998,7,24083,13204,10879
43,1998,8,24122,15904,8218
43,1998,9,24142,24004,138
43,1998,10,24140,18504,5636
43,1998,11,24155,27704,-3549
43,1998,12,36118,31589,4529
44,1993,5,400,0,400
44,1993,6,4200,0,4200
44,1993,7,4200,0,4200
44,1993,8,4200,0,4200
44,1993,9,4200,0,4200
44,1993,10,4259,2359,1900
44,1993,11,4276,5559,-1283
44,1993,12,4278,3419,859
44,1994,1,4267,10519,-6252
44,1994,2,4254,4039,215
44,1994,3,4258,2359,1899
44,1994,4,4265,3559,706
44,1994,5,4267,6199,-1932
44,1994,6,4261,2359,1902
44,1994,7,4266,3719,547
44,1994,8,4271,2359,1912
44,1994,9,4278,4119,159
44,1994,10,4280,2359,1921
44,1994,11,4289,5259,-970
44,1994,12,4279,4759,-480
44,1995,1,4263,9319,-5056
44,1995,2,4261,2359,1902
44,1995,3,4269,3159,1110
44,1995,4,4270,5559,-1289
44,1995,5,4268,2959,1309
44,1995,6,4273,3459,814
44,1995,7,4275,5859,-1584
44,1995,8,4269,3959,310
44,1995,9,4270,5259,-989
44,1995,10,4267,2359,1908
44,1995,11,4271,8359,-4088
44,1995,12,4258,2359,1899
44,1996,1,4263,4759,-496
44,1996,2,4264,2359,1905
44,1996,3,4267,7959,-3692
44,1996,4,4256,2359,1897
44,1996,5,4264,2359,1905
44,1996,6,4265,4759,-494
44,1996,7,4270,2359,1911
44,1996,8,4278,2359,1919
44,1996,9,4286,2359,1927
44,1996,10,4294,2359,1935
44,1996,11,4302,2359,1943
44,1996,12,4309,2909,1400
44,1997,1,4307,8999,-4692
44,1997,2,4289,4759,-470
44,1997,3,4294,2359,1935
44,1997,4,4298,4359,-61
44,1997,5,4302,2359,1943
44,1997,6,4280,13709,-9429
44,1997,7,4271,2359,1912
44,1997,8,4278,2759,1519
44,1997,9,4285,2359,1926
44,1997,10,4293,2359,1934
44,1997,11,4301,2359,1942
44,1997,12,4301,7099,-2798
44,1998,1,4281,10439,-6158
44,1998,2,4268,3879,389
44,1998,3,4273,2359,1914
44,1998,4,4270,6119,-1849
44,1998,5,4265,5659,-1394
44,1998,6,4267,2359,1908
44,1998,7,4275,2359,1916
44,1998,8,4283,2359,1924
44,1998,9,4291,2359,1932
44,1998,10,4289,6359,-2070
44,1998,11,4291,2359,1932
44,1998,12,4297,3194,1103
45,1997,9,1905,0,1905
45,1997,10,12035,0,12035
45,1997,11,7876,0,7876
45,1997,12,7208,0,7208
45,1998,1,1719,4865,-3146
45,1998,2,1708,15,1693
45,1998,3,2809,3415,-606
45,1998,4,1713,2765,-1052
45,1998,5,27217,15015,12202
45,1998,6,1756,10815,-9059
45,1998,7,4905,2815,2090
45,1998,8,1730,1515,215
45,1998,9,1729,4015,-2286
45,1998,10,1718,6515,-4797
45,1998,11,1902,15,1887
45,1998,12,1709,2000,-291
47,1993,8,35657,0,35657
47,1993,9,35488,5600,29888
47,1993,10,35569,21400,14169
47,1993,11,35609,28000,7609
47,1993,12,53127,104364,-51237
47,1994,1,35395,52279,-16884
47,1994,2,40231,7279,32952
47,1994,3,35512,19479,16033
47,1994,4,35546,27979,7567
47,1994,5,35566,31379,4187
47,1994,6,53145,72079,-18934
47,1994,7,35520,26979,8541
47,1994,8,35541,31079,4462
47,1994,9,35566,29079,6487
47,1994,10,35449,90434,-54985
47,1994,11,35436,9179,26257
47,1994,12,53148,56379,-3231
47,1995,1,38797,61814,-23017
47,1995,2,35440,7279,28161
47,1995,3,35441,61222,-25781
47,1995,4,35408,33330,2078
47,1995,5,35449,27879,7570
47,1995,6,53150,59579,-6429
47,1995,7,35422,35908,-486
47,1995,8,35453,29079,6374
47,1995,9,35410,53854,-18444
47,1995,10,35402,24979,10423
47,1995,11,35439,40279,-4840
47,1995,12,53095,32879,20216
47,1996,1,35423,59979,-24556
47,1996,2,35396,25979,9417
47,1996,3,35436,32479,2957
47,1996,4,35445,32179,3266
47,1996,5,35428,39419,-3991
47,1996,6,53059,51879,1180
47,1996,7,35438,34879,559
47,1996,8,35443,30479,4964
47,1996,9,35458,32479,2979
47,1996,10,35462,37179,-1717
47,1996,11,35453,36879,-1426
47,1996,12,53107,48079,5028
47,1997,1,35420,50667,-15247
47,1997,2,35410,27890,7520
47,1997,3,35444,30479,4965
47,1997,4,35431,41620,-6189
47,1997,5,35434,42285,-6851
47,1997,6,53076,34279,18797
47,1997,7,35472,33869,1603
47,1997,8,35473,44179,-8706
47,1997,9,35444,31679,3765
47,1997,10,35424,41742,-6318
47,1997,11,35421,43693,-8272
47,1997,12,53039,49179,3860
47,1998,1,35364,46379,-11015
47,1998,2,35372,26479,8893
47,1998,3,35423,40991,-5568
47,1998,4,35375,31479,3896
47,1998,5,35383,34679,704
47,1998,6,53034,45779,7255
47,1998,7,35378,46530,-11152
47,1998,8,35345,40979,-5634
47,1998,9,35334,35179,155
47,1998,10,35316,41679,-6363
47,1998,11,35385,7279,28106
47,1998,12,53175,15664,37511
48,1996,11,700,0,700
48,1996,12,34282,4800,29482
48,1997,1,22955,15900,7055
48,1997,2,22979,17900,5079
48,1997,3,22998,18700,4298
48,1997,4,23018,18015,5003
48,1997,5,23022,30212,-7190
48,1997,6,34420,48512,-14092
48,1997,7,22961,14612,8349
48,1997,8,22986,18112,4874
48,1997,9,23011,15512,7499
48,1997,10,23021,24892,-1871
48,1997,11,23003,26312,-3309
48,1997,12,34418,31092,3326
48,1998,1,23006,29952,-6946
48,1998,2,23019,9012,14007
48,1998,3,23034,26312,-3278
48,1998,4,23052,15492,7560
48,1998,5,23066,22112,954
48,1998,6,35257,32432,2825
48,1998,7,23076,21712,1364
48,1998,8,23079,22112,967
48,1998,9,23077,23012,65
48,1998,10,23083,23132,-49
48,1998,11,23064,27512,-4448
48,1998,12,34484,25797,8687
49,1997,4,4967,0,4967
49,1997,5,4675,0,4675
49,1997,6,4675,0,4675
49,1997,7,4675,0,4675
49,1997,8,4677,15,4662
49,1997,9,4752,4417,335
49,1997,10,4749,5917,-1168
49,1997,11,4732,8857,-4125
49,1997,12,4733,3917,816
49,1998,1,4721,11617,-6896
49,1998,2,4711,3117,1594
49,1998,3,4717,3117,1600
49,1998,4,4724,3117,1607
49,1998,5,4730,6097,-1367
49,1998,6,4717,6637,-1920
49,1998,7,4717,3417,1300
49,1998,8,4713,6477,-1764
49,1998,9,4715,4317,398
49,1998,10,4714,6677,-1963
49,1998,11,4708,3117,1591
49,1998,12,4715,3102,1613
50,1994,5,17076,0,17076
50,1994,6,25533,0,25533
50,1994,7,16323,10200,6123
50,1994,8,16342,12700,3642
50,1994,9,16352,14615,1737
50,1994,10,16328,20508,-4180
50,1994,11,16313,19908,-3595
50,1994,12,24386,23408,978
50,1995,1,16288,33308,-17020
50,1995,2,16275,10708,5567
50,1995,3,16283,12108,4175
50,1995,4,16293,13808,2485
50,1995,5,16290,25608,-9318
50,1995,6,24368,24408,-40
50,1995,7,16286,16408,-122
50,1995,8,16286,13908,2378
50,1995,9,16292,18408,-2116
50,1995,10,16285,16008,277
50,1995,11,16284,17208,-924
50,1995,12,24366,18708,5658
50,1996,1,16277,30308,-14031
50,1996,2,16247,13008,3239
50,1996,3,16260,13908,2352
50,1996,4,16267,15308,959
50,1996,5,16269,14308,1961
50,1996,6,26629,30908,-4279
50,1996,7,16264,11408,4856
50,1996,8,16276,18108,-1832
50,1996,9,16267,18408,-2141
50,1996,10,16262,15208,1054
50,1996,11,16261,18408,-2147
50,1996,12,24328,22208,2120
50,1997,1,16246,28608,-12362
50,1997,2,17814,13008,4806
50,1997,3,16232,17408,-1176
50,1997,4,16235,10108,6127
50,1997,5,16248,14008,2240
50,1997,6,24354,24408,-54
50,1997,7,16268,10708,5560
50,1997,8,16281,15908,373
50,1997,9,16284,14308,1976
50,1997,10,16286,17708,-1422
50,1997,11,16280,17008,-728
50,1997,12,24362,18208,6154
50,1998,1,16287,24708,-8421
50,1998,2,16280,10208,6072
50,1998,3,16301,13008,3293
50,1998,4,16315,12208,4107
50,1998,5,16328,14308,2020
50,1998,6,24375,26108,-1733
50,1998,7,18747,9708,9039
50,1998,8,16370,12208,4162
50,1998,9,16394,9108,7286
50,1998,10,16410,14608,1802
50,1998,11,16431,9308,7123
50,1998,12,24536,15093,9443
51,1996,5,800,0,800
51,1996,6,31026,5600,25426
51,1996,7,20765,12800,7965
51,1996,8,20787,16800,3987
51,1996,9,20858,19000,1858
51,1996,10,20815,21789,-974
51,1996,11,20821,12446,8375
51,1996,12,31191,18046,13145
51,1997,1,20873,24646,-3773
51,1997,2,20873,19146,1727
51,1997,3,20881,19046,1835
51,1997,4,20875,22246,-1371
51,1997,5,20865,24446,-3581
51,1997,6,31180,28346,2834
51,1997,7,20876,20146,730
51,1997,8,20850,26046,-5196
51,1997,9,20868,19746,1122
51,1997,10,20863,19646,1217
51,1997,11,20886,14246,6640
51,1997,12,31261,17146,14115
51,1998,1,20931,40046,-19115
51,1998,2,20934,8946,11988
51,1998,3,20923,20146,777
51,1998,4,20938,16446,4492
51,1998,5,20942,34846,-13904
51,1998,6,31285,38146,-6861
51,1998,7,20895,15446,5449
51,1998,8,20930,15046,5884
51,1998,9,20955,11846,9109
51,1998,10,20990,16746,4244
51,1998,11,21004,22646,-1642
51,1998,12,31343,10431,20912
52,1997,1,900,0,900
52,1997,2,25534,200,25334
52,1997,3,25642,14000,11642
52,1997,4,25689,18600,7089
52,1997,5,25717,25900,-183
52,1997,6,38549,49698,-11149
52,1997,7,25735,19798,5937
52,1997,8,25755,24698,1057
52,1997,9,25742,26454,-712
52,1997,10,25752,26698,-946
52,1997,11,25745,28398,-2653
52,1997,12,38531,37498,1033
52,1998,1,25661,50598,-24937
52,1998,2,25607,25431,176
52,1998,3,25645,15798,9847
52,1998,4,25680,21298,4382
52,1998,5,25696,22098,3598
52,1998,6,38482,39300,-818
52,1998,7,25681,35354,-9673
52,1998,8,25638,30163,-4525
52,1998,9,25635,24398,1237
52,1998,10,25654,16298,9356
52,1998,11,25844,27455,-1611
52,1998,12,38420,41646,-3226
53,1995,6,4992,0,4992
53,1995,7,4298,0,4298
53,1995,8,4298,0,4298
53,1995,9,4298,0,4298
53,1995,10,4336,4546,-210
53,1995,11,4346,6466,-2120
53,1995,12,4341,5776,-1435
53,1996,1,4333,5426,-1093
53,1996,2,4335,2866,1469
53,1996,3,4341,2866,1475
53,1996,4,4348,2866,1482
53,1996,5,4354,2866,1488
53,1996,6,4347,7976,-3629
53,1996,7,4345,2866,1479
53,1996,8,4351,2866,1485
53,1996,9,4357,2866,1491
53,1996,10,4363,2866,1497
53,1996,11,4370,2866,1504
53,1996,12,4375,3616,759
53,1997,1,4349,12676,-8327
53,1997,2,4344,2866,1478
53,1997,3,4350,2866,1484
53,1997,4,4357,2866,1491
53,1997,5,4363,2866,1497
53,1997,6,4360,6466,-2106
53,1997,7,4351,6146,-1795
53,1997,8,4353,2866,1487
53,1997,9,4359,2866,1493
53,1997,10,4365,2866,1499
53,1997,11,4371,2866,1505
53,1997,12,4376,3666,710
53,1998,1,4352,13406,-9054
53,1998,2,4342,2866,1476
53,1998,3,4349,2866,1483
53,1998,4,4355,2866,1489
53,1998,5,4352,6226,-1874
53,1998,6,4353,2866,1487
53,1998,7,4354,6626,-2272
53,1998,8,4347,4866,-519
53,1998,9,4348,2866,1482
53,1998,10,4354,2866,1488
53,1998,11,4351,6486,-2135
53,1998,12,4344,6221,-1877
54,1995,5,4433,0,4433
54,1995,6,3439,0,3439
54,1995,7,3439,0,3439
54,1995,8,3439,0,3439
54,1995,9,3470,2295,1175
54,1995,10,3491,2295,1196
54,1995,11,3495,2295,1200
54,1995,12,3503,3435,68
54,1996,1,3494,6225,-2731
54,1996,2,3493,3495,-2
54,1996,3,3495,2295,1200
54,1996,4,3498,3195,303
54,1996,5,3501,2745,756
54,1996,6,3483,10365,-6882
54,1996,7,3476,2295,1181
54,1996,8,3475,2295,1180
54,1996,9,3486,2295,1191
54,1996,10,3484,3225,259
54,1996,11,3482,3765,-283
54,1996,12,3488,3165,323
54,1997,1,3482,5025,-1543
54,1997,2,3485,2295,1190
54,1997,3,3490,2295,1195
54,1997,4,3489,2685,804
54,1997,5,3499,2295,1204
54,1997,6,3499,3855,-356
54,1997,7,3502,2295,1207
54,1997,8,3497,3765,-268
54,1997,9,3506,2295,1211
54,1997,10,3505,2295,1210
54,1997,11,3510,2775,735
54,1997,12,3513,2475,1038
54,1998,1,3509,7065,-3556
54,1998,2,3508,2295,1213
54,1998,3,3514,2295,1219
54,1998,4,3513,2295,1218
54,1998,5,3524,2295,1229
54,1998,6,3525,4125,-600
54,1998,7,3519,2895,624
54,1998,8,3529,2295,1234
54,1998,9,3528,2295,1233
54,1998,10,3530,3765,-235
54,1998,11,3529,3615,-86
54,1998,12,3531,2730,801
55,1996,2,300,0,300
55,1996,3,4629,0,4629
55,1996,4,4629,0,4629
55,1996,5,4629,0,4629
55,1996,6,4629,0,4629
55,1996,7,4661,7275,-2614
55,1996,8,4701,3101,1600
55,1996,9,4707,3101,1606
55,1996,10,4714,3101,1613
55,1996,11,4718,4621,97
55,1996,12,4720,4151,569
55,1997,1,4714,9661,-4947
55,1997,2,4701,4541,160
55,1997,3,4700,5181,-481
55,1997,4,4695,6861,-2166
55,1997,5,4693,3101,1592
55,1997,6,4695,6781,-2086
55,1997,7,4690,3101,1589
55,1997,8,4697,3101,1596
55,1997,9,4704,3101,1603
55,1997,10,4710,3101,1609
55,1997,11,4707,8541,-3834
55,1997,12,4699,3751,948
55,1998,1,4694,8621,-3927
55,1998,2,4687,4061,626
55,1998,3,4691,4061,630
55,1998,4,4694,3101,1593
55,1998,5,4695,4541,154
55,1998,6,4701,3101,1600
55,1998,7,4708,3101,1607
55,1998,8,4705,5981,-1276
55,1998,9,4709,3101,1608
55,1998,10,4716,3101,1615
55,1998,11,4712,6461,-1749
55,1998,12,4714,3486,1228
56,1994,5,900,0,900
56,1994,6,21938,1200,20738
56,1994,7,14706,4600,10106
56,1994,8,14732,11900,2832
56,1994,9,14741,13000,1741
56,1994,10,14725,25555,-10830
56,1994,11,14695,16895,-2200
56,1994,12,22012,18475,3537
56,1995,1,14703,16395,-1692
56,1995,2,14703,14595,108
56,1995,3,14700,14895,-195
56,1995,4,14695,16595,-1900
56,1995,5,14693,14595,98
56,1995,6,22004,17495,4509
56,1995,7,14709,15995,-1286
56,1995,8,14706,15395,-689
56,1995,9,14697,17695,-2998
56,1995,10,14697,14135,562
56,1995,11,14712,11395,3317
56,1995,12,22029,20415,1614
56,1996,1,16630,20575,-3945
56,1996,2,17332,8095,9237
56,1996,3,14744,15755,-1011
56,1996,4,14755,8995,5760
56,1996,5,14761,14395,366
56,1996,6,22050,38235,-16185
56,1996,7,14707,10595,4112
56,1996,8,14721,11495,3226
56,1996,9,14732,12495,2237
56,1996,10,14741,12395,2346
56,1996,11,14726,22555,-7829
56,1996,12,22038,19415,2623
56,1997,1,14713,20535,-5822
56,1997,2,14704,8095,6609
56,1997,3,14731,14695,36
56,1997,4,14732,11995,2737
56,1997,5,14752,13135,1617
56,1997,6,25494,37695,-12201
56,1997,7,16401,8095,8306
56,1997,8,14725,14655,70
56,1997,9,14732,11895,2837
56,1997,10,14738,19295,-4557
56,1997,11,14724,12295,2429
56,1997,12,22045,19655,2390
56,1998,1,14742,17515,-2773
56,1998,2,14732,11995,2737
56,1998,3,14741,15595,-854
56,1998,4,14746,14715,31
56,1998,5,14740,15655,-915
56,1998,6,33700,34975,-1275
56,1998,7,18438,8095,10343
56,1998,8,15378,8095,7283
56,1998,9,14809,12055,2754
56,1998,10,14817,9395,5422
56,1998,11,14832,14395,437
56,1998,12,22141,21440,701
57,1995,5,700,0,700
57,1995,6,32006,3800,28206
57,1995,7,21443,12100,9343
57,1995,8,21470,19800,1670
57,1995,9,21479,18800,2679
57,1995,10,21514,21522,-8
57,1995,11,21508,21822,-314
57,1995,12,32177,24822,7355
57,1996,1,21505,38422,-16917
57,1996,2,21471,14622,6849
57,1996,3,21503,18022,3481
57,1996,4,21495,23022,-1527
57,1996,5,21486,25322,-3836
57,1996,6,32140,36222,-4082
57,1996,7,21456,21622,-166
57,1996,8,21432,31122,-9690
57,1996,9,21430,15222,6208
57,1996,10,21436,21922,-486
57,1996,11,21441,18322,3119
57,1996,12,32126,29422,2704
57,1997,1,21457,29622,-8165
57,1997,2,21428,19122,2306
57,1997,3,21443,17622,3821
57,1997,4,21494,16522,4972
57,1997,5,21469,20422,1047
57,1997,6,32089,49822,-17733
57,1997,7,21417,15022,6395
57,1997,8,21434,18522,2912
57,1997,9,21445,19022,2423
57,1997,10,21445,22422,-977
57,1997,11,21451,19322,2129
57,1997,12,32116,29822,2294
57,1998,1,21463,28022,-6559
57,1998,2,21471,10822,10649
57,1998,3,21470,25522,-4052
57,1998,4,21505,9022,12483
57,1998,5,21544,12822,8722
57,1998,6,32172,41222,-9050
57,1998,7,21544,12322,9222
57,1998,8,21544,21222,322
57,1998,9,21541,26222,-4681
57,1998,10,21525,25622,-4097
57,1998,11,21529,17222,4307
57,1998,12,32223,23207,9016
58,1996,8,600,0,600
58,1996,9,5804,0,5804
58,1996,10,5804,0,5804
58,1996,11,5804,0,5804
58,1996,12,5838,700,5138
58,1997,1,5904,10725,-4821
58,1997,2,5879,9915,-4036
58,1997,3,5870,3015,2855
58,1997,4,5884,515,5369
58,1997,5,5896,9015,-3119
58,1997,6,5862,16365,-10503
58,1997,7,5850,3315,2535
58,1997,8,5857,7215,-1358
58,1997,9,5855,3915,1940
58,1997,10,5858,6015,-157
58,1997,11,5854,7775,-1921
58,1997,12,5843,9295,-3452
58,1998,1,5823,14511,-8688
58,1998,2,5805,36,5769
58,1998,3,5830,2315,3515
58,1998,4,5842,6135,-293
58,1998,5,5844,2215,3629
58,1998,6,5843,12095,-6252
58,1998,7,5823,2115,3708
58,1998,8,5837,15,5822
58,1998,9,5872,4515,1357
58,1998,10,5867,15,5852
58,1998,11,5865,15515,-9650
58,1998,12,5860,5860,0
59,1994,3,600,0,600
59,1994,4,21298,0,21298
59,1994,5,14381,6500,7881
59,1994,6,21553,15600,5953
59,1994,7,14434,12000,2434
59,1994,8,14457,16600,-2143
59,1994,9,14449,14000,449
59,1994,10,14463,13600,863
59,1994,11,14448,19620,-5172
59,1994,12,21587,22400,-813
59,1995,1,14410,30940,-16530
59,1995,2,17073,6900,10173
59,1995,3,14407,10100,4307
59,1995,4,14429,12020,2409
59,1995,5,14427,14240,187
59,1995,6,21601,15980,5621
59,1995,7,14454,14900,-446
59,1995,8,14451,12700,1751
59,1995,9,14457,13040,1417
59,1995,10,14472,12200,2272
59,1995,11,14472,13200,1272
59,1995,12,21636,18280,3356
59,1996,1,14440,35040,-20600
59,1996,2,19328,6900,12428
59,1996,3,14465,11700,2765
59,1996,4,14466,14900,-434
59,1996,5,14462,13800,662
59,1996,6,21615,39260,-17645
59,1996,7,17514,12780,4734
59,1996,8,15329,6900,8429
59,1996,9,14442,14720,-278
59,1996,10,14442,13700,742
59,1996,11,14453,10800,3653
59,1996,12,21607,19300,2307
59,1997,1,24230,35700,-11470
59,1997,2,14437,7700,6737
59,1997,3,14458,10600,3858
59,1997,4,14467,12900,1567
59,1997,5,14464,16700,-2236
59,1997,6,21591,28860,-7269
59,1997,7,14426,15200,-774
59,1997,8,14439,15500,-1061
59,1997,9,14427,16260,-1833
59,1997,10,14433,13900,533
59,1997,11,14433,10300,4133
59,1997,12,21597,15520,6077
59,1998,1,14430,31300,-16870
59,1998,2,30472,7620,22852
59,1998,3,14510,11900,2610
59,1998,4,14527,10400,4127
59,1998,5,14527,10000,4527
59,1998,6,22024,6900,15124
59,1998,7,14581,17860,-3279
59,1998,8,14603,13120,1483
59,1998,9,14573,17700,-3127
59,1998,10,14585,10900,3685
59,1998,11,14585,14900,-315
59,1998,12,21761,14945,6816
61,1993,12,700,0,700
61,1994,1,4019,0,4019
61,1994,2,4019,0,4019
61,1994,3,4019,0,4019
61,1994,4,4019,0,4019
61,1994,5,4068,1660,2408
61,1994,6,4106,2328,1778
61,1994,7,4113,2328,1785
61,1994,8,4111,6408,-2297
61,1994,9,4100,6088,-1988
61,1994,10,4103,2328,1775
61,1994,11,4110,2328,1782
61,1994,12,4118,2328,1790
61,1995,1,4100,14728,-10628
61,1995,2,4081,2328,1753
61,1995,3,4088,2328,1760
61,1995,4,4096,2328,1768
61,1995,5,4101,3128,973
61,1995,6,4107,2328,1779
61,1995,7,4114,2328,1786
61,1995,8,4121,2428,1693
61,1995,9,4125,3228,897
61,1995,10,4133,2328,1805
61,1995,11,4139,3128,1011
61,1995,12,4144,5108,-964
61,1996,1,4108,17438,-13330
61,1996,2,4085,2328,1757
61,1996,3,4089,3848,241
61,1996,4,4088,3768,320
61,1996,5,4094,2328,1766
61,1996,6,4089,5928,-1839
61,1996,7,4094,2328,1766
61,1996,8,4101,2328,1773
61,1996,9,4103,4488,-385
61,1996,10,4107,2328,1779
61,1996,11,4114,2928,1186
61,1996,12,4114,4408,-294
61,1997,1,4092,11358,-7266
61,1997,2,4088,2328,1760
61,1997,3,4092,5368,-1276
61,1997,4,4079,6088,-2009
61,1997,5,4081,2328,1753
61,1997,6,4088,2328,1760
61,1997,7,4094,2728,1366
61,1997,8,4097,4728,-631
61,1997,9,4095,5128,-1033
61,1997,10,4094,2328,1766
61,1997,11,4102,2328,1774
61,1997,12,4109,2328,1781
61,1998,1,4097,10348,-6251
61,1998,2,4090,2328,1762
61,1998,3,4097,2728,1369
61,1998,4,4103,2328,1775
61,1998,5,4110,2528,1582
61,1998,6,4096,8178,-4082
61,1998,7,4100,2328,1772
61,1998,8,4107,2328,1779
61,1998,9,4115,2328,1787
61,1998,10,4120,3428,692
61,1998,11,4117,6728,-2611
61,1998,12,4100,7193,-3093
62,1993,3,1100,0,1100
62,1993,4,5079,0,5079
62,1993,5,5079,0,5079
62,1993,6,5079,0,5079
62,1993,7,5079,0,5079
62,1993,8,5156,3688,1468
62,1993,9,5183,2288,2895
62,1993,10,5193,4588,605
62,1993,11,5193,6888,-1695
62,1993,12,5189,3388,1801
62,1994,1,5178,12288,-7110
62,1994,2,5169,2288,2881
62,1994,3,5169,7888,-2719
62,1994,4,5169,2288,2881
62,1994,5,5181,2288,2893
62,1994,6,5191,3888,1303
62,1994,7,5199,2288,2911
62,1994,8,5204,8188,-2984
62,1994,9,5199,2288,2911
62,1994,10,5197,8368,-3171
62,1994,11,5191,5008,183
62,1994,12,5187,8028,-2841
62,1995,1,5171,8848,-3677
62,1995,2,5171,2288,2883
62,1995,3,5183,2288,2895
62,1995,4,5181,7588,-2407
62,1995,5,5185,2288,2897
62,1995,6,5190,8168,-2978
62,1995,7,5185,2288,2897
62,1995,8,5190,4988,202
62,1995,9,5195,3688,1507
62,1995,10,5198,4488,710
62,1995,11,5206,2488,2718
62,1995,12,5199,10238,-5039
62,1996,1,5176,12528,-7352
62,1996,2,5166,2288,2878
62,1996,3,5178,2288,2890
62,1996,4,5181,5328,-147
62,1996,5,5189,2288,2901
62,1996,6,5195,6208,-1013
62,1996,7,5187,8348,-3161
62,1996,8,5164,8788,-3624
62,1996,9,5168,5188,-20
62,1996,10,5168,6888,-1720
62,1996,11,5154,4588,566
62,1996,12,5153,7188,-2035
62,1997,1,5144,6308,-1164
62,1997,2,5150,2288,2862
62,1997,3,5162,2288,2874
62,1997,4,5174,2288,2886
62,1997,5,5186,2588,2598
62,1997,6,5178,8688,-3510
62,1997,7,5177,4288,889
62,1997,8,5181,3988,1193
62,1997,9,5173,7788,-2615
62,1997,10,5173,4588,585
62,1997,11,5156,9888,-4732
62,1997,12,5158,3688,1470
62,1998,1,5152,8448,-3296
62,1998,2,5154,2288,2866
62,1998,3,5155,5888,-733
62,1998,4,5156,4788,368
62,1998,5,5150,9888,-4738
62,1998,6,5144,2588,2556
62,1998,7,5155,3488,1667
62,1998,8,5159,3648,1511
62,1998,9,5160,5508,-348
62,1998,10,5164,7888,-2724
62,1998,11,5153,6388,-1235
62,1998,12,5144,4113,1031
63,1996,11,600,0,600
63,1996,12,5024,0,5024
63,1997,1,5024,0,5024
63,1997,2,5024,0,5024
63,1997,3,5024,0,5024
63,1997,4,5084,4892,192
63,1997,5,5118,2409,2709
63,1997,6,5122,5709,-587
63,1997,7,5122,5209,-87
63,1997,8,5130,2889,2241
63,1997,9,5141,2409,2732
63,1997,10,5138,4889,249
63,1997,11,5147,4829,318
63,1997,12,5149,3159,1990
63,1998,1,5139,13369,-8230
63,1998,2,5122,3129,1993
63,1998,3,5132,2409,2723
63,1998,4,5149,2409,2740
63,1998,5,5160,2409,2751
63,1998,6,5141,15979,-10838
63,1998,7,5121,2409,2712
63,1998,8,5138,2409,2729
63,1998,9,5149,2409,2740
63,1998,10,5137,7529,-2392
63,1998,11,5145,2409,2736
63,1998,12,5155,2944,2211
64,1997,3,200,0,200
64,1997,4,13100,0,13100
64,1997,5,6713,0,6713
64,1997,6,4083,0,4083
64,1997,7,83,2000,-1917
64,1997,8,83,1300,-1217
64,1997,9,83,3200,-3117
64,1997,10,83,3200,-3117
64,1997,11,83,200,-117
64,1997,12,21984,2000,19984
64,1998,1,144,14400,-14256
64,1998,2,144,8700,-8556
64,1998,3,32926,0,32926
64,1998,4,35040,32200,2840
64,1998,5,197,15600,-15403
64,1998,6,197,5000,-4803
64,1998,7,197,6000,-5803
64,1998,8,197,1000,-803
64,1998,9,1297,0,1297
64,1998,10,1797,0,1797
64,1998,11,197,3300,-3103
64,1998,12,1000,0,1000
65,1996,10,600,0,600
65,1996,11,24600,500,24100
65,1996,12,36998,17800,19198
65,1997,1,24777,17700,7077
65,1997,2,24803,22500,2303
65,1997,3,24867,27417,-2550
65,1997,4,24854,30517,-5663
65,1997,5,24832,24517,315
65,1997,6,37163,34217,2946
65,1997,7,24840,28517,-3677
65,1997,8,24821,29217,-4396
65,1997,9,24803,27917,-3114
65,1997,10,24789,27217,-2428
65,1997,11,24778,27317,-2539
65,1997,12,37101,29717,7384
65,1998,1,24789,27917,-3128
65,1998,2,24792,20017,4775
65,1998,3,24803,27417,-2614
65,1998,4,24784,29617,-4833
65,1998,5,24773,23517,1256
65,1998,6,37110,28117,8993
65,1998,7,24804,31417,-6613
65,1998,8,24775,25217,-442
65,1998,9,24784,22317,2467
65,1998,10,24794,21817,2977
65,1998,11,24811,18717,6094
65,1998,12,37154,29502,7652
66,1993,12,67679,0,67679
66,1994,1,45067,21300,23767
66,1994,2,45121,35500,9621
66,1994,3,45151,39100,6051
66,1994,4,45170,77400,-32230
66,1994,5,45087,24500,20587
66,1994,6,67336,113600,-46264
66,1994,7,45009,43200,1809
66,1994,8,44975,46323,-1348
66,1994,9,44922,36500,8422
66,1994,10,44957,38800,6157
66,1994,11,44980,44200,780
66,1994,12,67457,85769,-18312
66,1995,1,44924,59009,-14085
66,1995,2,44855,29000,15855
66,1995,3,44917,40700,4217
66,1995,4,45017,44600,417
66,1995,5,44938,38100,6838
66,1995,6,67437,61079,6358
66,1995,7,44988,44700,288
66,1995,8,45049,52400,-7351
66,1995,9,44963,39800,5163
66,1995,10,45061,44700,361
66,1995,11,45046,49000,-3954
66,1995,12,67399,67900,-501
66,1996,1,44983,70912,-25929
66,1996,2,44881,23900,20981
66,1996,3,44952,36800,8152
66,1996,4,44977,43200,1777
66,1996,5,44996,53359,-8363
66,1996,6,67286,116300,-49014
66,1996,7,44776,28950,15826
66,1996,8,44849,22200,22649
66,1996,9,44929,30300,14629
66,1996,10,44969,56000,-11031
66,1996,11,44942,32200,12742
66,1996,12,67344,80804,-13460
66,1997,1,44941,50300,-5359
66,1997,2,44922,36600,8322
66,1997,3,44971,40800,4171
66,1997,4,44966,34400,10566
66,1997,5,44988,53500,-8512
66,1997,6,67298,83602,-16304
66,1997,7,44922,28300,16622
66,1997,8,45013,46412,-1399
66,1997,9,44968,36500,8468
66,1997,10,44991,41300,3691
66,1997,11,44942,74355,-29413
66,1997,12,67275,59958,7317
66,1998,1,44879,65800,-20921
66,1998,2,44877,23600,21277
66,1998,3,44925,52100,-7175
66,1998,4,44918,29600,15318
66,1998,5,44944,47000,-2056
66,1998,6,67192,106300,-39108
66,1998,7,44851,16400,28451
66,1998,8,44923,32600,12323
66,1998,9,45013,20000,25013
66,1998,10,45077,33400,11677
66,1998,11,45107,39100,6007
66,1998,12,67496,65500,1996
67,1994,10,700,0,700
67,1994,11,41548,10200,31348
67,1994,12,62421,34300,28121
67,1995,1,41750,36800,4950
67,1995,2,41761,41300,461
67,1995,3,41710,74453,-32743
67,1995,4,41675,29153,12522
67,1995,5,41710,49153,-7443
67,1995,6,62433,82753,-20320
67,1995,7,41626,20953,20673
67,1995,8,41675,41953,-278
67,1995,9,41698,35953,5745
67,1995,10,41693,36253,5440
67,1995,11,41708,56553,-14845
67,1995,12,62475,47653,14822
67,1996,1,41729,41069,660
67,1996,2,41676,49653,-7977
67,1996,3,41650,60850,-19200
67,1996,4,41604,40556,1048
67,1996,5,41617,35368,6249
67,1996,6,62409,53368,9041
67,1996,7,41648,53899,-12251
67,1996,8,41630,34068,7562
67,1996,9,41662,36868,4794
67,1996,10,41613,59546,-17933
67,1996,11,41625,30068,11557
67,1996,12,62427,59868,2559
67,1997,1,41656,39068,2588
67,1997,2,41673,45268,-3595
67,1997,3,41636,45522,-3886
67,1997,4,41623,46475,-4852
67,1997,5,41611,40085,1526
67,1997,6,62403,64874,-2471
67,1997,7,41657,27068,14589
67,1997,8,47813,37975,9838
67,1997,9,41721,44319,-2598
67,1997,10,41692,42714,-1022
67,1997,11,41697,44079,-2382
67,1997,12,62532,47578,14954
67,1998,1,41781,51468,-9687
67,1998,2,41759,13768,27991
67,1998,3,41849,33168,8681
67,1998,4,41884,33468,8416
67,1998,5,41890,62553,-20663
67,1998,6,62601,76553,-13952
67,1998,7,41823,38958,2865
67,1998,8,41820,32553,9267
67,1998,9,41839,43753,-1914
67,1998,10,41838,39621,2217
67,1998,11,41814,47658,-5844
67,1998,12,62453,88088,-25635
68,1994,12,200,0,200
68,1995,1,35607,7100,28507
68,1995,2,35703,19100,16603
68,1995,3,35761,25900,9861
68,1995,4,35794,31200,4594
68,1995,5,35811,42329,-6518
68,1995,6,53548,64689,-11141
68,1995,7,35735,34329,1406
68,1995,8,35777,27289,8488
68,1995,9,35758,61976,-26218
68,1995,10,35719,18289,17430
68,1995,11,35747,35442,305
68,1995,12,53570,39189,14381
68,1996,1,35716,59886,-24170
68,1996,2,35731,23589,12142
68,1996,3,35775,28889,6886
68,1996,4,35791,31689,4102
68,1996,5,35809,31389,4420
68,1996,6,53590,56989,-3399
68,1996,7,35780,39789,-4009
68,1996,8,35837,14089,21748
68,1996,9,35877,38039,-2162
68,1996,10,35886,24889,10997
68,1996,11,35898,49031,-13133
68,1996,12,53698,24889,28809
68,1997,1,35884,80864,-44980
68,1997,2,35794,27026,8768
68,1997,3,35870,18143,17727
68,1997,4,35912,29389,6523
68,1997,5,35917,36889,-972
68,1997,6,53727,42122,11605
68,1997,7,35938,37889,-1951
68,1997,8,35924,43689,-7765
68,1997,9,35842,52971,-17129
68,1997,10,35866,25589,10277
68,1997,11,35890,30089,5801
68,1997,12,53607,86289,-32682
68,1998,1,35778,42289,-6511
68,1998,2,35838,3689,32149
68,1998,3,35923,19189,16734
68,1998,4,35935,35989,-54
68,1998,5,35957,29289,6668
68,1998,6,53715,67989,-14274
68,1998,7,35959,19689,16270
68,1998,8,44648,104489,-59841
68,1998,9,35807,18389,17418
68,1998,10,35901,23489,12412
68,1998,11,35881,45289,-9408
68,1998,12,53692,23489,30203
69,1996,1,2506,0,2506
69,1996,2,13543,0,13543
69,1996,3,36026,15,36011
69,1996,4,2099,9915,-7816
69,1996,5,2074,7115,-5041
69,1996,6,6716,31715,-24999
69,1996,7,7578,15,7563
69,1996,8,3198,15,3183
69,1996,9,2309,15,2294
69,1996,10,45862,1415,44447
69,1996,11,2152,20615,-18463
69,1996,12,2094,17365,-15271
69,1997,1,30188,26315,3873
69,1997,2,2060,10115,-8055
69,1997,3,2035,3415,-1380
69,1997,4,2030,4115,-2085
69,1997,5,2021,4115,-2094
69,1997,6,2003,5915,-3912
69,1997,7,5914,15,5899
69,1997,8,2024,2615,-591
69,1997,9,2025,915,1110
69,1997,10,2024,3315,-1291
69,1997,11,37109,23865,13244
69,1997,12,2052,14665,-12613
69,1998,1,1993,17315,-15322
69,1998,2,1964,15,1949
69,1998,3,2473,1565,908
69,1998,4,1969,3715,-1746
69,1998,5,1969,15,1954
69,1998,6,1973,3315,-1342
69,1998,7,1968,2265,-297
69,1998,8,1970,15,1955
69,1998,9,1978,15,1963
69,1998,10,1986,15,1971
69,1998,11,7326,1415,5911
69,1998,12,37096,1600,35496
70,1995,2,500,0,500
70,1995,3,14812,0,14812
70,1995,4,9165,800,8365
70,1995,5,9195,3800,5395
70,1995,6,13755,11400,2355
70,1995,7,9225,8265,960
70,1995,8,9225,10485,-1260
70,1995,9,9225,7065,2160
70,1995,10,9229,9665,-436
70,1995,11,9212,17785,-8573
70,1995,12,13749,14345,-596
70,1996,1,9198,5065,4133
70,1996,2,9317,4165,5152
70,1996,3,9223,10765,-1542
70,1996,4,9227,6165,3062
70,1996,5,9232,9265,-33
70,1996,6,13776,13765,11
70,1996,7,9219,19045,-9826
70,1996,8,11109,4165,6944
70,1996,9,10247,4165,6082
70,1996,10,9235,11865,-2630
70,1996,11,9225,11865,-2640
70,1996,12,13779,12465,1314
70,1997,1,9230,8465,765
70,1997,2,9239,10945,-1706
70,1997,3,9227,7865,1362
70,1997,4,9220,12065,-2845
70,1997,5,9220,8465,755
70,1997,6,13784,16245,-2461
70,1997,7,9226,4765,4461
70,1997,8,9230,9165,65
70,1997,9,9243,5865,3378
70,1997,10,10859,7885,2974
70,1997,11,9877,9445,432
70,1997,12,16340,8485,7855
70,1998,1,9307,4765,4542
70,1998,2,9315,12125,-2810
70,1998,3,9295,11805,-2510
70,1998,4,9293,7865,1428
70,1998,5,9299,7765,1534
70,1998,6,13786,30705,-16919
70,1998,7,12861,4165,8696
70,1998,8,9280,10765,-1485
70,1998,9,9271,9765,-494
70,1998,10,9268,8865,403
70,1998,11,9270,8365,905
70,1998,12,13805,13430,375
71,1994,3,22486,0,22486
71,1994,4,22579,0,22579
71,1994,5,21943,9300,12643
71,1994,6,32869,15200,17669
71,1994,7,22018,26826,-4808
71,1994,8,21985,26974,-4989
71,1994,9,21968,29414,-7446
71,1994,10,21946,37294,-15348
71,1994,11,21945,21074,871
71,1994,12,32837,29774,3063
71,1995,1,21893,37194,-15301
71,1995,2,21897,13674,8223
71,1995,3,21934,19374,2560
71,1995,4,21944,18374,3570
71,1995,5,21952,24074,-2122
71,1995,6,32827,27554,5273
71,1995,7,21966,22934,-968
71,1995,8,21956,29874,-7918
71,1995,9,21931,21474,457
71,1995,10,21925,20474,1451
71,1995,11,21925,19634,2291
71,1995,12,32824,25914,6910
71,1996,1,21903,38974,-17071
71,1996,2,21902,12374,9528
71,1996,3,21936,18374,3562
71,1996,4,21930,24474,-2544
71,1996,5,21937,20874,1063
71,1996,6,32736,48934,-16198
71,1996,7,21881,11974,9907
71,1996,8,21909,20374,1535
71,1996,9,21916,20174,1742
71,1996,10,21922,20474,1448
71,1996,11,21923,21974,-51
71,1996,12,32806,25974,6832
71,1997,1,21918,33314,-11396
71,1997,2,21918,12474,9444
71,1997,3,21948,18174,3774
71,1997,4,21965,16774,5191
71,1997,5,21966,28314,-6348
71,1997,6,32804,63294,-30490
71,1997,7,21854,5774,16080
71,1997,8,21897,15174,6723
71,1997,9,21927,14274,7653
71,1997,10,21950,18674,3276
71,1997,11,21955,21374,581
71,1997,12,32838,25414,7424
71,1998,1,21967,30374,-8407
71,1998,2,21955,19274,2681
71,1998,3,21973,17874,4099
71,1998,4,21986,17874,4112
71,1998,5,21994,21674,320
71,1998,6,32832,60374,-27542
71,1998,7,21914,8574,13340
71,1998,8,21965,10074,11891
71,1998,9,22000,14574,7426
71,1998,10,22001,24374,-2373
71,1998,11,21990,25754,-3764
71,1998,12,32918,27959,4959
72,1996,6,77994,0,77994
72,1996,7,90294,78400,11894
72,1996,8,65055,134625,-69570
72,1996,9,18216,14525,3691
72,1996,10,75363,46425,28938
72,1996,11,174,23625,-23451
72,1996,12,74119,54825,19294
72,1997,1,5491,21525,-16034
72,1997,2,48325,40725,7600
72,1997,3,34986,21831,13155
72,1997,4,78804,68425,10379
72,1997,5,163890,164496,-606
72,1997,6,45372,67688,-22316
72,1997,7,119716,94625,25091
72,1997,8,109691,116470,-6779
72,1997,9,78167,105418,-27251
72,1997,10,28941,16425,12516
72,1997,11,29850,37074,-7224
72,1997,12,90,22825,-22735
72,1998,1,65372,9425,55947
72,1998,2,183,38725,-38542
72,1998,3,89,16925,-16836
72,1998,4,41329,9425,31904
72,1998,5,80840,88530,-7690
72,1998,6,70820,21925,48895
72,1998,7,19382,88537,-69155
72,1998,8,70984,42238,28746
72,1998,9,46107,46925,-818
72,1998,10,121,24625,-24504
72,1998,11,114858,34525,80333
72,1998,12,219,80747,-80528
73,1993,11,19565,0,19565
73,1993,12,29531,0,29531
73,1994,1,19335,12000,7335
73,1994,2,19349,18000,1349
73,1994,3,19338,24576,-5238
73,1994,4,19331,19276,55
73,1994,5,19336,17776,1560
73,1994,6,28889,27396,1493
73,1994,7,19320,23576,-4256
73,1994,8,19302,22856,-3554
73,1994,9,19291,22656,-3365
73,1994,10,19308,15376,3932
73,1994,11,19311,22076,-2765
73,1994,12,28887,18876,10011
73,1995,1,19264,55576,-36312
73,1995,2,23239,6076,17163
73,1995,3,19262,19576,-314
73,1995,4,19282,12576,6706
73,1995,5,19307,13676,5631
73,1995,6,28864,25356,3508
73,1995,7,19317,36076,-16759
73,1995,8,19279,24796,-5517
73,1995,9,19264,17376,1888
73,1995,10,19271,16776,2495
73,1995,11,19276,22176,-2900
73,1995,12,28847,22476,6371
73,1996,1,19266,30156,-10890
73,1996,2,19245,14676,4569
73,1996,3,19259,19776,-517
73,1996,4,19263,15576,3687
73,1996,5,19277,17576,1701
73,1996,6,28829,30756,-1927
73,1996,7,19283,15276,4007
73,1996,8,19290,16676,2614
73,1996,9,19300,17076,2224
73,1996,10,19304,21076,-1772
73,1996,11,19303,17676,1627
73,1996,12,28875,26256,2619
73,1997,1,19295,39116,-19821
73,1997,2,19245,7376,11869
73,1997,3,19291,11376,7915
73,1997,4,19314,17576,1738
73,1997,5,19317,20276,-959
73,1997,6,34930,50236,-15306
73,1997,7,19269,8576,10693
73,1997,8,19302,12976,6326
73,1997,9,19323,15776,3547
73,1997,10,19341,13776,5565
73,1997,11,19346,20956,-1610
73,1997,12,28921,21476,7445
73,1998,1,19336,40276,-20940
73,1998,2,19296,15816,3480
73,1998,3,19323,8876,10447
73,1998,4,19353,16276,3077
73,1998,5,19371,12376,6995
73,1998,6,28920,45096,-16176
73,1998,7,19332,11976,7356
73,1998,8,19353,15776,3577
73,1998,9,19379,16276,3103
73,1998,10,19367,20376,-1009
73,1998,11,19357,22976,-3619
73,1998,12,28918,26261,2657
75,1995,8,700,0,700
75,1995,9,17498,0,17498
75,1995,10,12651,3100,9551
75,1995,11,12674,9400,3274
75,1995,12,18965,15100,3865
75,1996,1,12652,31264,-18612
75,1996,2,12623,10884,1739
75,1996,3,12642,11644,998
75,1996,4,12638,9784,2854
75,1996,5,12635,18684,-6049
75,1996,6,18915,11584,7331
75,1996,7,12641,15144,-2503
75,1996,8,12645,11184,1461
75,1996,9,12669,4784,7885
75,1996,10,12677,12284,393
75,1996,11,12675,13284,-609
75,1996,12,18962,15284,3678
75,1997,1,12633,30724,-18091
75,1997,2,12636,6384,6252
75,1997,3,12642,14004,-1362
75,1997,4,12649,8584,4065
75,1997,5,12656,11584,1072
75,1997,6,18946,14684,4262
75,1997,7,12658,17484,-4826
75,1997,8,12648,14584,-1936
75,1997,9,12662,7944,4718
75,1997,10,12641,23784,-11143
75,1997,11,12643,17084,-4441
75,1997,12,18920,3384,15536
75,1998,1,12661,20904,-8243
75,1998,2,12650,6024,6626
75,1998,3,12680,21984,-9304
75,1998,4,12637,6744,5893
75,1998,5,12662,22684,-10022
75,1998,6,18918,8504,10414
75,1998,7,12663,19984,-7321
75,1998,8,12641,3384,9257
75,1998,9,12665,23684,-11019
75,1998,10,12634,3384,9250
75,1998,11,12658,19984,-7326
75,1998,12,18927,9409,9518
76,1996,5,200,0,200
76,1996,6,21568,0,21568
76,1996,7,8022,0,8022
76,1996,8,7949,2800,5149
76,1996,9,7961,6600,1361
76,1996,10,7951,14023,-6072
76,1996,11,7940,10623,-2683
76,1996,12,15646,12423,3223
76,1997,1,8550,7723,827
76,1997,2,7934,14123,-6189
76,1997,3,10435,5223,5212
76,1997,4,7951,7123,828
76,1997,5,11664,5223,6441
76,1997,6,19156,27623,-8467
76,1997,7,10251,5223,5028
76,1997,8,7948,13723,-5775
76,1997,9,7935,7323,612
76,1997,10,7938,7423,515
76,1997,11,8047,5223,2824
76,1997,12,11843,17723,-5880
76,1998,1,7914,11323,-3409
76,1998,2,7926,9823,-1897
76,1998,3,7908,6423,1485
76,1998,4,8118,5223,2895
76,1998,5,7911,10323,-2412
76,1998,6,11851,7023,4828
76,1998,7,7929,8223,-294
76,1998,8,7930,7423,507
76,1998,9,7947,8323,-376
76,1998,10,7920,10423,-2503
76,1998,11,7886,16323,-8437
76,1998,12,11802,9308,2494
77,1996,11,400,0,400
77,1996,12,26382,0,26382
77,1997,1,17218,8600,8618
77,1997,2,17243,14100,3143
77,1997,3,17249,17900,-651
77,1997,4,17247,17415,-168
77,1997,5,17235,24268,-7033
77,1997,6,25770,21915,3855
77,1997,7,17227,20615,-3388
77,1997,8,17200,27555,-10355
77,1997,9,17181,15615,1566
77,1997,10,17185,17815,-630
77,1997,11,17189,13615,3574
77,1997,12,25751,22515,3236
77,1998,1,17181,27360,-10179
77,1998,2,17188,18715,-1527
77,1998,3,17166,14715,2451
77,1998,4,17175,15315,1860
77,1998,5,17185,14115,3070
77,1998,6,25751,25915,-164
77,1998,7,17180,20915,-3735
77,1998,8,17173,17389,-216
77,1998,9,17155,23315,-6160
77,1998,10,17144,18415,-1271
77,1998,11,17145,15,17130
77,1998,12,25726,36200,-10474
78,1993,7,17926,0,17926
78,1993,8,20006,0,20006
78,1993,9,17660,8500,9160
78,1993,10,17686,12900,4786
78,1993,11,17705,13715,3990
78,1993,12,26423,27854,-1431
78,1994,1,17649,32554,-14905
78,1994,2,17617,20554,-2937
78,1994,3,17629,13754,3875
78,1994,4,17635,18754,-1119
78,1994,5,17634,19954,-2320
78,1994,6,26372,18254,8118
78,1994,7,17647,18954,-1307
78,1994,8,17638,24754,-7116
78,1994,9,17659,20454,-2795
78,1994,10,17629,17054,575
78,1994,11,17633,15254,2379
78,1994,12,26396,27554,-1158
78,1995,1,17595,28454,-10859
78,1995,2,17590,15954,1636
78,1995,3,17609,13854,3755
78,1995,4,17622,19454,-1832
78,1995,5,17614,17754,-140
78,1995,6,26332,29454,-3122
78,1995,7,17600,15954,1646
78,1995,8,17599,18454,-855
78,1995,9,17603,14654,2949
78,1995,10,17612,17654,-42
78,1995,11,17613,15954,1659
78,1995,12,26374,23554,2820
78,1996,1,17604,26254,-8650
78,1996,2,17595,14854,2741
78,1996,3,17601,18654,-1053
78,1996,4,17598,18054,-456
78,1996,5,17600,14154,3446
78,1996,6,26362,37754,-11392
78,1996,7,17674,9054,8620
78,1996,8,17602,14154,3448
78,1996,9,17597,21754,-4157
78,1996,10,17593,16754,839
78,1996,11,17593,18254,-661
78,1996,12,26353,18154,8199
78,1997,1,17614,26554,-8940
78,1997,2,17591,15154,2437
78,1997,3,17610,11154,6456
78,1997,4,17623,17854,-231
78,1997,5,17630,14154,3476
78,1997,6,26354,33154,-6800
78,1997,7,17621,11754,5867
78,1997,8,17644,11854,5790
78,1997,9,17629,21554,-3925
78,1997,10,17649,12854,4795
78,1997,11,17643,25254,-7611
78,1997,12,26384,19954,6430
78,1998,1,17624,24454,-6830
78,1998,2,24359,9054,15305
78,1998,3,17681,19254,-1573
78,1998,4,17699,18154,-455
78,1998,5,17678,18354,-676
78,1998,6,26406,28954,-2548
78,1998,7,21695,9054,12641
78,1998,8,17730,10754,6976
78,1998,9,17742,16054,1688
78,1998,10,17747,16354,1393
78,1998,11,17757,14154,3603
78,1998,12,26519,20139,6380
79,1996,11,600,0,600
79,1996,12,4182,0,4182
79,1997,1,4182,0,4182
79,1997,2,4182,0,4182
79,1997,3,4182,0,4182
79,1997,4,4226,3923,303
79,1997,5,4259,4643,-384
79,1997,6,4250,6003,-1753
79,1997,7,4250,4083,167
79,1997,8,4251,2803,1448
79,1997,9,4257,2803,1454
79,1997,10,4263,2803,1460
79,1997,11,4268,3283,985
79,1997,12,4272,3353,919
79,1998,1,4270,5263,-993
79,1998,2,4268,7523,-3255
79,1998,3,4259,2803,1456
79,1998,4,4264,3203,1061
79,1998,5,4270,2803,1467
79,1998,6,4265,6993,-2728
79,1998,7,4258,5763,-1505
79,1998,8,4258,2803,1455
79,1998,9,4264,2803,1461
79,1998,10,4270,2803,1467
79,1998,11,4276,2803,1473
79,1998,12,4278,5668,-1390
80,1995,9,900,0,900
80,1995,10,3378,0,3378
80,1995,11,3378,0,3378
80,1995,12,3378,0,3378
80,1996,1,3378,0,3378
80,1996,2,3381,15,3366
80,1996,3,3455,2687,768
80,1996,4,3458,3107,351
80,1996,5,3456,3167,289
80,1996,6,3454,7517,-4063
80,1996,7,3444,2267,1177
80,1996,8,3449,2267,1182
80,1996,9,3452,3047,405
80,1996,10,3451,3587,-136
80,1996,11,3453,3437,16
80,1996,12,3454,3047,407
80,1997,1,3449,7547,-4098
80,1997,2,3439,2267,1172
80,1997,3,3444,2267,1177
80,1997,4,3449,2267,1182
80,1997,5,3454,2267,1187
80,1997,6,3458,2417,1041
80,1997,7,3463,3167,296
80,1997,8,3465,2267,1198
80,1997,9,3469,2267,1202
80,1997,10,3473,2477,996
80,1997,11,3478,2597,881
80,1997,12,3479,4157,-678
80,1998,1,3466,9227,-5761
80,1998,2,3455,2267,1188
80,1998,3,3460,2267,1193
80,1998,4,3465,2267,1198
80,1998,5,3470,2267,1203
80,1998,6,3470,4127,-657
80,1998,7,3472,2267,1205
80,1998,8,3477,2267,1210
80,1998,9,3482,2267,1215
80,1998,10,3487,2267,1220
80,1998,11,3492,2837,655
80,1998,12,3491,3752,-261
81,1996,7,1000,0,1000
81,1996,8,12411,0,12411
81,1996,9,9459,0,9459
81,1996,10,3286,0,3286
81,1996,11,3193,3000,193
81,1996,12,5198,3460,1738
81,1997,1,3193,8721,-5528
81,1997,2,3181,3531,-350
81,1997,3,3177,3061,116
81,1997,4,3177,3571,-394
81,1997,5,3172,4711,-1539
81,1997,6,3574,5281,-1707
81,1997,7,3767,2071,1696
81,1997,8,3167,3971,-804
81,1997,9,3169,2071,1098
81,1997,10,7986,2521,5465
81,1997,11,3195,2771,424
81,1997,12,5304,2371,2933
81,1998,1,4605,6181,-1576
81,1998,2,5812,2071,3741
81,1998,3,3204,7221,-4017
81,1998,4,3197,4001,-804
81,1998,5,3186,6131,-2945
81,1998,6,6494,3001,3493
81,1998,7,4403,3481,922
81,1998,8,7416,3391,4025
81,1998,9,4928,2341,2587
81,1998,10,3226,4071,-845
81,1998,11,5437,2071,3366
81,1998,12,3237,4246,-1009
82,1994,5,30656,0,30656
82,1994,6,128,3400,-3272
82,1994,7,29250,2900,26350
82,1994,8,220,20400,-20180
82,1994,9,99900,72115,27785
82,1994,10,6476,23515,-17039
82,1994,11,65576,53415,12161
82,1994,12,202,26362,-26160
82,1995,1,76662,24615,52047
82,1995,2,339,28615,-28276
82,1995,3,70560,69015,1545
82,1995,4,36922,50265,-13343
82,1995,5,174,11615,-11441
82,1995,6,124,8315,-8191
82,1995,7,94,2115,-2021
82,1995,8,35799,28708,7091
82,1995,9,41749,33297,8452
82,1995,10,56454,16115,40339
82,1995,11,208,51998,-51790
82,1995,12,102,715,-613
82,1996,1,999,1515,-516
82,1996,2,54677,11915,42762
82,1996,3,55120,44384,10736
82,1996,4,14966,37415,-22449
82,1996,5,30503,42137,-11634
82,1996,6,145,23006,-22861
82,1996,7,36097,13815,22282
82,1996,8,73445,19615,53830
82,1996,9,78910,93415,-14505
82,1996,10,32245,59815,-27570
82,1996,11,124135,74115,50020
82,1996,12,223382,255088,-31706
82,1997,1,53951,93115,-39164
82,1997,2,62713,11215,51498
82,1997,3,65414,95615,-30201
82,1997,4,7961,26615,-18654
82,1997,5,38951,29915,9036
82,1997,6,20356,21915,-1559
82,1997,7,177,15815,-15638
82,1997,8,69396,5315,64081
82,1997,9,44541,39315,5226
82,1997,10,398,37515,-37117
82,1997,11,81068,39815,41253
82,1997,12,33308,98215,-64907
82,1998,1,95879,89095,6784
82,1998,2,83821,58636,25185
82,1998,3,176,35999,-35823
82,1998,4,74714,30015,44699
82,1998,5,45959,63091,-17132
82,1998,6,86273,75984,10289
82,1998,7,29165,38315,-9150
82,1998,8,82865,49815,33050
82,1998,9,75009,85066,-10057
82,1998,10,51901,75426,-23525
82,1998,11,32762,33715,-953
82,1998,12,49402,25200,24202
83,1993,4,500,0,500
83,1993,5,16062,0,16062
83,1993,6,13934,2300,11634
83,1993,7,9352,5500,3852
83,1993,8,9362,8200,1162
83,1993,9,9372,13665,-4293
83,1993,10,9353,7265,2088
83,1993,11,9346,12965,-3619
83,1993,12,13952,19145,-5193
83,1994,1,9297,18905,-9608
83,1994,2,9489,6165,3324
83,1994,3,11207,6165,5042
83,1994,4,10225,6165,4060
83,1994,5,9336,7265,2071
83,1994,6,13949,15325,-1376
83,1994,7,9332,9965,-633
83,1994,8,9329,11485,-2156
83,1994,9,9321,10465,-1144
83,1994,10,9322,9205,117
83,1994,11,9331,6365,2966
83,1994,12,13953,12385,1568
83,1995,1,9314,22465,-13151
83,1995,2,19431,6165,13266
83,1995,3,9330,13365,-4035
83,1995,4,9333,6865,2468
83,1995,5,9323,12725,-3402
83,1995,6,17472,6165,11307
83,1995,7,9358,11705,-2347
83,1995,8,9352,11065,-1713
83,1995,9,9361,6265,3096
83,1995,10,9371,11785,-2414
83,1995,11,9351,9765,-414
83,1995,12,13977,11245,2732
83,1996,1,17203,28005,-10802
83,1996,2,9322,6165,3157
83,1996,3,9822,16525,-6703
83,1996,4,12005,8565,3440
83,1996,5,9321,7365,1956
83,1996,6,13950,14305,-355
83,1996,7,9326,9965,-639
83,1996,8,9323,10665,-1342
83,1996,9,9316,11965,-2649
83,1996,10,9304,12045,-2741
83,1996,11,9285,10485,-1200
83,1996,12,13903,13405,498
83,1997,1,10688,9765,923
83,1997,2,9297,9045,252
83,1997,3,9295,10865,-1570
83,1997,4,9292,6165,3127
83,1997,5,9298,13265,-3967
83,1997,6,13906,14065,-159
83,1997,7,9288,6165,3123
83,1997,8,9301,6165,3136
83,1997,9,9313,6165,3148
83,1997,10,9319,9045,274
83,1997,11,9314,12045,-2731
83,1997,12,13935,10325,3610
83,1998,1,9318,14925,-5607
83,1998,2,9307,6165,3142
83,1998,3,9308,13125,-3817
83,1998,4,9295,9885,-590
83,1998,5,9302,6165,3137
83,1998,6,13911,20245,-6334
83,1998,7,9289,6165,3124
83,1998,8,9302,6165,3137
83,1998,9,9314,6165,3149
83,1998,10,9327,7965,1362
83,1998,11,9336,7125,2211
83,1998,12,13968,7270,6698
84,1995,12,1100,0,1100
84,1996,1,98705,34000,64705
84,1996,2,274,21700,-21426
84,1996,3,56955,36700,20255
84,1996,4,31164,38952,-7788
84,1996,5,79101,82752,-3651
84,1996,6,199,18452,-18253
84,1996,7,1731,12552,-10821
84,1996,8,44686,26152,18534
84,1996,9,125,20156,-20031
84,1996,10,81156,12552,68604
84,1996,11,42321,70052,-27731
84,1996,12,98415,77952,20463
84,1997,1,215,63952,-63737
84,1997,2,8577,12552,-3975
84,1997,3,11966,12552,-586
84,1997,4,44946,22052,22894
84,1997,5,10601,28072,-17471
84,1997,6,11686,12552,-866
84,1997,7,11582,12552,-970
84,1997,8,9072,12552,-3480
84,1997,9,13267,12552,715
84,1997,10,46009,25626,20383
84,1997,11,7140,12552,-5412
84,1997,12,50591,16452,34139
84,1998,1,2345,46152,-43807
84,1998,2,93719,32583,61136
84,1998,3,273,29752,-29479
84,1998,4,1944,32239,-30295
84,1998,5,45386,22152,23234
84,1998,6,126716,80652,46064
84,1998,7,252,50517,-50265
84,1998,8,50213,56525,-6312
84,1998,9,146,12552,-12406
84,1998,10,16533,12552,3981
84,1998,11,44642,13752,30890
84,1998,12,95769,49978,45791
85,1997,3,400,0,400
85,1997,4,12079,0,12079
85,1997,5,7425,0,7425
85,1997,6,9033,5200,3833
85,1997,7,6060,7200,-1140
85,1997,8,6054,10146,-4092
85,1997,9,6044,5346,698
85,1997,10,6042,8146,-2104
85,1997,11,6033,8446,-2413
85,1997,12,10016,7206,2810
85,1998,1,7920,12966,-5046
85,1998,2,11833,3846,7987
85,1998,3,8358,6846,1512
85,1998,4,10370,3846,6524
85,1998,5,8193,3846,4347
85,1998,6,12004,3846,8158
85,1998,7,6139,4546,1593
85,1998,8,6144,5046,1098
85,1998,9,13142,13446,-304
85,1998,10,12967,3846,9121
85,1998,11,6178,8146,-1968
85,1998,12,9162,7671,1491
86,1993,3,4054,0,4054
86,1993,4,3260,0,3260
86,1993,5,3260,0,3260
86,1993,6,3260,0,3260
86,1993,7,3292,1175,2117
86,1993,8,3310,3137,173
86,1993,9,3313,2177,1136
86,1993,10,3318,2177,1141
86,1993,11,3323,2177,1146
86,1993,12,3326,2807,519
86,1994,1,3320,7847,-4527
86,1994,2,3311,2657,654
86,1994,3,3313,2567,746
86,1994,4,3317,2177,1140
86,1994,5,3322,2177,1145
86,1994,6,3320,4127,-807
86,1994,7,3323,2177,1146
86,1994,8,3328,2177,1151
86,1994,9,3332,2177,1155
86,1994,10,3330,4637,-1307
86,1994,11,3332,2177,1155
86,1994,12,3332,3647,-315
86,1995,1,3325,6827,-3502
86,1995,2,3319,2927,392
86,1995,3,3322,2177,1145
86,1995,4,3327,2177,1150
86,1995,5,3332,2177,1155
86,1995,6,3314,10727,-7413
86,1995,7,3306,2177,1129
86,1995,8,3310,2177,1133
86,1995,9,3315,2177,1138
86,1995,10,3320,2177,1143
86,1995,11,3324,2177,1147
86,1995,12,3329,2597,732
86,1996,1,3328,6317,-2989
86,1996,2,3317,4067,-750
86,1996,3,3312,4067,-755
86,1996,4,3312,3047,265
86,1996,5,3314,2177,1137
86,1996,6,3319,2177,1142
86,1996,7,3323,2747,576
86,1996,8,3326,2177,1149
86,1996,9,3331,2177,1154
86,1996,10,3336,2177,1159
86,1996,11,3340,2177,1163
86,1996,12,3344,2807,537
86,1997,1,3333,8237,-4904
86,1997,2,3327,2177,1150
86,1997,3,3332,2177,1155
86,1997,4,3336,2867,469
86,1997,5,3338,2177,1161
86,1997,6,3343,4007,-664
86,1997,7,3340,2177,1163
86,1997,8,3344,3317,27
86,1997,9,3344,2477,867
86,1997,10,3349,2177,1172
86,1997,11,3352,3197,155
86,1997,12,3352,2957,395
86,1998,1,3347,7127,-3780
86,1998,2,3340,2177,1163
86,1998,3,3345,2177,1168
86,1998,4,3349,2177,1172
86,1998,5,3354,2177,1177
86,1998,6,3330,12527,-9197
86,1998,7,3320,2597,723
86,1998,8,3324,2177,1147
86,1998,9,3322,4127,-805
86,1998,10,3323,2957,366
86,1998,11,3326,2177,1149
86,1998,12,3331,2342,989
88,1996,7,3716,0,3716
88,1996,8,3418,0,3418
88,1996,9,3418,0,3418
88,1996,10,3418,0,3418
88,1996,11,3445,2283,1162
88,1996,12,3468,3093,375
88,1997,1,3465,6303,-2838
88,1997,2,3461,2613,848
88,1997,3,3462,2283,1179
88,1997,4,3467,2283,1184
88,1997,5,3471,2673,798
88,1997,6,3475,2283,1192
88,1997,7,3480,2283,1197
88,1997,8,3484,2703,781
88,1997,9,3488,2283,1205
88,1997,10,3492,3003,489
88,1997,11,3495,2283,1212
88,1997,12,3500,2493,1007
88,1998,1,3492,8703,-5211
88,1998,2,3483,2283,1200
88,1998,3,3488,2283,1205
88,1998,4,3492,3603,-111
88,1998,5,3493,2283,1210
88,1998,6,3498,4593,-1095
88,1998,7,3493,3093,400
88,1998,8,3494,2643,851
88,1998,9,3495,3573,-78
88,1998,10,3497,3393,104
88,1998,11,3498,2283,1215
88,1998,12,3503,2538,965
89,1997,9,600,0,600
89,1997,10,16874,0,16874
89,1997,11,9040,0,9040
89,1997,12,7400,4800,2600
89,1998,1,4983,1600,3383
89,1998,2,4992,6115,-1123
89,1998,3,4990,5915,-925
89,1998,4,4981,8615,-3634
89,1998,5,4972,3215,1757
89,1998,6,7400,11215,-3815
89,1998,7,4973,1315,3658
89,1998,8,4977,4615,362
89,1998,9,4981,2915,2066
89,1998,10,4985,5615,-630
89,1998,11,4986,3415,1571
89,1998,12,7432,1300,6132
90,1994,7,24866,0,24866
90,1994,8,25772,0,25772
90,1994,9,24543,13200,11343
90,1994,10,24572,21000,3572
90,1994,11,24592,18715,5877
90,1994,12,36749,34757,1992
90,1995,1,24516,49397,-24881
90,1995,2,24496,22777,1719
90,1995,3,24502,25417,-915
90,1995,4,24494,30217,-5723
90,1995,5,24486,20097,4389
90,1995,6,36672,24657,12015
90,1995,7,24525,28697,-4172
90,1995,8,24515,25897,-1382
90,1995,9,24517,28417,-3900
90,1995,10,24512,19297,5215
90,1995,11,24509,26097,-1588
90,1995,12,36676,32357,4319
90,1996,1,24437,56537,-32100
90,1996,2,24439,10597,13842
90,1996,3,24461,21497,2964
90,1996,4,24466,23297,1169
90,1996,5,24470,23697,773
90,1996,6,36590,53777,-17187
90,1996,7,24427,15637,8790
90,1996,8,24454,30597,-6143
90,1996,9,24467,25777,-1310
90,1996,10,24468,24397,71
90,1996,11,24454,21197,3257
90,1996,12,36645,31537,5108
90,1997,1,24447,42077,-17630
90,1997,2,24412,20697,3715
90,1997,3,24429,23297,1132
90,1997,4,24434,19797,4637
90,1997,5,24451,21917,2534
90,1997,6,36639,28997,7642
90,1997,7,24478,29657,-5179
90,1997,8,24462,28257,-3795
90,1997,9,24444,34277,-9833
90,1997,10,24407,25197,-790
90,1997,11,24403,24897,-494
90,1997,12,36564,36297,267
90,1998,1,24382,26997,-2615
90,1998,2,24390,21897,2493
90,1998,3,24402,22897,1505
90,1998,4,24406,23497,909
90,1998,5,24414,19997,4417
90,1998,6,36598,31597,5001
90,1998,7,24433,33897,-9464
90,1998,8,24402,26097,-1695
90,1998,9,24387,29377,-4990
90,1998,10,24375,23697,678
90,1998,11,24378,22697,1681
90,1998,12,36555,30322,6233
91,1996,11,7097,0,7097
91,1996,12,6630,0,6630
91,1997,1,7330,0,7330
91,1997,2,2230,0,2230
91,1997,3,30,1300,-1270
91,1997,4,30,100,-70
91,1997,5,30,4300,-4270
91,1997,6,9324,3100,6224
91,1997,7,99,7600,-7501
91,1997,8,99,3100,-3001
91,1997,9,17422,0,17422
91,1997,10,128,5300,-5172
91,1997,11,128,600,-472
91,1997,12,126,8600,-8474
91,1998,1,0,1600,-1600
91,1998,2,26977,0,26977
91,1998,3,69,26200,-26131
91,1998,4,21802,14815,6987
91,1998,5,2892,15615,-12723
91,1998,6,41,13716,-13675
91,1998,7,0,50,-50
91,1998,8,80657,34744,45913
91,1998,9,59037,64267,-5230
91,1998,10,24171,36315,-12144
91,1998,11,101,29316,-29215
93,1996,6,11309,0,11309
93,1996,7,11663,0,11663
93,1996,8,7299,800,6499
93,1996,9,7318,4200,3118
93,1996,10,7320,8615,-1295
93,1996,11,7322,5515,1807
93,1996,12,10920,11315,-395
93,1997,1,7281,25015,-17734
93,1997,2,9465,2515,6950
93,1997,3,7287,4215,3072
93,1997,4,7308,515,6793
93,1997,5,7321,5315,2006
93,1997,6,10930,30615,-19685
93,1997,7,12076,15,12061
93,1997,8,7305,3815,3490
93,1997,9,7320,3415,3905
93,1997,10,7320,6915,405
93,1997,11,7329,10515,-3186
93,1997,12,10922,5915,5007
93,1998,1,7306,23915,-16609
93,1998,2,8987,15,8972
93,1998,3,7289,10115,-2826
93,1998,4,7280,7715,-435
93,1998,5,7296,5115,2181
93,1998,6,10901,8015,2886
93,1998,7,7309,8515,-1206
93,1998,8,7313,11115,-3802
93,1998,9,7317,3615,3702
93,1998,10,7306,10715,-3409
93,1998,11,7292,9315,-2023
93,1998,12,10782,0,10782
95,1995,3,200,0,200
95,1995,4,24234,0,24234
95,1995,5,24034,12200,11834
95,1995,6,36044,27500,8544
95,1995,7,24113,25200,-1087
95,1995,8,24111,21015,3096
95,1995,9,24122,24315,-193
95,1995,10,24124,27815,-3691
95,1995,11,24107,22615,1492
95,1995,12,36080,32695,3385
95,1996,1,24140,36735,-12595
95,1996,2,24084,13615,10469
95,1996,3,24120,21415,2705
95,1996,4,24131,21915,2216
95,1996,5,24143,19915,4228
95,1996,6,36141,35895,246
95,1996,7,24162,19915,4247
95,1996,8,24175,28375,-4200
95,1996,9,24183,21915,2268
95,1996,10,24169,21915,2254
95,1996,11,24178,21915,2263
95,1996,12,36162,29815,6347
95,1997,1,24179,42595,-18416
95,1997,2,24149,23275,874
95,1997,3,24147,18215,5932
95,1997,4,24164,23015,1149
95,1997,5,24163,28515,-4352
95,1997,6,36134,35815,319
95,1997,7,24152,23015,1137
95,1997,8,24155,23815,340
95,1997,9,24152,25615,-1463
95,1997,10,24148,24715,-567
95,1997,11,24150,22915,1235
95,1997,12,36123,35015,1108
95,1998,1,24083,50675,-26592
95,1998,2,24088,11815,12273
95,1998,3,24104,21315,2789
95,1998,4,24110,23415,695
95,1998,5,24110,25815,-1705
95,1998,6,36084,59275,-23191
95,1998,7,24042,13015,11027
95,1998,8,24099,6715,17384
95,1998,9,24156,12515,11641
95,1998,10,24179,22115,2064
95,1998,11,24199,17815,6384
95,1998,12,36205,24100,12105
96,1993,2,1100,0,1100
96,1993,3,44276,11500,32776
96,1993,4,44395,24700,19695
96,1993,5,44460,35100,9360
96,1993,6,66569,82100,-15531
96,1993,7,44456,48176,-3720
96,1993,8,44439,63508,-19069
96,1993,9,44401,21453,22948
96,1993,10,44462,39553,4909
96,1993,11,44453,48453,-4000
96,1993,12,66552,69053,-2501
96,1994,1,44385,67864,-23479
96,1994,2,44370,27453,16917
96,1994,3,44434,32753,11681
96,1994,4,44468,38053,6415
96,1994,5,44486,40353,4133
96,1994,6,66591,71653,-5062
96,1994,7,44476,41353,3123
96,1994,8,44484,40953,3531
96,1994,9,44477,58682,-14205
96,1994,10,44451,47853,-3402
96,1994,11,44503,11153,33350
96,1994,12,66614,89153,-22539
96,1995,1,44462,52545,-8083
96,1995,2,44497,14653,29844
96,1995,3,44587,34477,10110
96,1995,4,44615,36205,8410
96,1995,5,44497,85442,-40945
96,1995,6,71325,98073,-26748
96,1995,7,48915,51940,-3025
96,1995,8,51133,23057,28076
96,1995,9,44510,31312,13198
96,1995,10,44546,48589,-4043
96,1995,11,44494,54483,-9989
96,1995,12,66692,14353,52339
96,1996,1,44543,90853,-46310
96,1996,2,44525,27353,17172
96,1996,3,44597,20953,23644
96,1996,4,44603,49389,-4786
96,1996,5,44552,82525,-37973
96,1996,6,66591,54423,12168
96,1996,7,44578,17853,26725
96,1996,8,44614,60353,-15739
96,1996,9,44579,56853,-12274
96,1996,10,44608,35853,8755
96,1996,11,44544,56353,-11809
96,1996,12,66641,65953,688
96,1997,1,44445,58935,-14490
96,1997,2,44482,41119,3363
96,1997,3,44518,33034,11484
96,1997,4,44563,41253,3310
96,1997,5,44607,30753,13854
96,1997,6,82978,122453,-39475
96,1997,7,44463,22453,22010
96,1997,8,44581,49211,-4630
96,1997,9,44540,30153,14387
96,1997,10,44552,55033,-10481
96,1997,11,44567,35653,8914
96,1997,12,66601,88583,-21982
96,1998,1,44448,40753,3695
96,1998,2,44537,21453,23084
96,1998,3,44551,51453,-6902
96,1998,4,44580,29353,15227
96,1998,5,44580,48953,-4373
96,1998,6,66704,59053,7651
96,1998,7,47452,65696,-18244
96,1998,8,44531,46415,-1884
96,1998,9,44594,39248,5346
96,1998,10,44590,25053,19537
96,1998,11,44636,39099,5537
96,1998,12,66705,82638,-15933
97,1996,5,18874,0,18874
97,1996,6,31545,0,31545
97,1996,7,18148,13800,4348
97,1996,8,18169,12600,5569
97,1996,9,18172,21026,-2854
97,1996,10,18123,28580,-10457
97,1996,11,18112,24080,-5968
97,1996,12,27014,42900,-15886
97,1997,1,18031,23440,-5409
97,1997,2,18019,22720,-4701
97,1997,3,18024,9980,8044
97,1997,4,18036,17080,956
97,1997,5,20640,14820,5820
97,1997,6,27051,20520,6531
97,1997,7,18099,13980,4119
97,1997,8,18102,18933,-831
97,1997,9,18105,15553,2552
97,1997,10,18112,15553,2559
97,1997,11,18125,17353,772
97,1997,12,27094,26313,781
97,1998,1,18104,29893,-11789
97,1998,2,18078,14753,3325
97,1998,3,18095,12453,5642
97,1998,4,18116,15753,2363
97,1998,5,18123,18053,70
97,1998,6,27079,23273,3806
97,1998,7,18141,18953,-812
97,1998,8,18136,26680,-8544
97,1998,9,18117,10380,7737
97,1998,10,18130,22280,-4150
97,1998,11,18110,20280,-2170
97,1998,12,27099,16365,10734
98,1997,5,5674,0,5674
98,1997,6,4581,0,4581
98,1997,7,4581,0,4581
98,1997,8,4584,700,3884
98,1997,9,4642,1584,3058
98,1997,10,4653,5233,-580
98,1997,11,4651,5433,-782
98,1997,12,4646,9433,-4787
98,1998,1,4612,9593,-4981
98,1998,2,4607,4633,-26
98,1998,3,4609,2333,2276
98,1998,4,4618,2333,2285
98,1998,5,4623,5053,-430
98,1998,6,4620,8273,-3653
98,1998,7,4610,2333,2277
98,1998,8,4617,4733,-116
98,1998,9,4619,2333,2286
98,1998,10,4629,2333,2296
98,1998,11,4630,10033,-5403
98,1998,12,4616,2618,1998
99,1995,6,600,0,600
99,1995,7,53909,0,53909
99,1995,8,36089,30300,5789
99,1995,9,250,14500,-14250
99,1995,10,250,7200,-6950
99,1995,11,250,5100,-4850
99,1995,12,250,700,-450
99,1996,1,35284,20200,15084
99,1996,2,63185,15715,47470
99,1996,3,40825,88600,-47775
99,1996,4,49098,43750,5348
99,1996,5,186,17500,-17314
99,1996,6,53912,37300,16612
99,1996,7,26756,30300,-3544
99,1996,8,5429,20000,-14571
99,1996,9,117,10700,-10583
99,1996,10,11394,12900,-1506
99,1996,11,50777,14400,36377
99,1996,12,82350,57651,24699
99,1997,1,92939,102075,-9136
99,1997,2,32686,72300,-39614
99,1997,3,15541,13900,1641
99,1997,4,50067,54427,-4360
99,1997,5,49839,35500,14339
99,1997,6,86956,51300,35656
99,1997,7,133448,150700,-17252
99,1997,8,19725,24500,-4775
99,1997,9,32812,38794,-5982
99,1997,10,30919,44120,-13201
99,1997,11,131,14400,-14269
99,1997,12,1087,9200,-8113
99,1998,1,51,9200,-9149
99,1998,2,14,9200,-9186
99,1998,3,44928,15,44913
99,1998,4,42405,47199,-4794
99,1998,5,75262,27900,47362
99,1998,6,5826,44300,-38474
99,1998,7,140,22600,-22460
99,1998,8,28594,18000,10594
99,1998,9,92,21000,-20908
99,1998,10,3751,9200,-5449
99,1998,11,18,9200,-9182
100,1993,12,600,0,600
100,1994,1,17603,0,17603
100,1994,2,11972,600,11372
100,1994,3,12016,7800,4216
100,1994,4,12031,12400,-369
100,1994,5,12041,13842,-1801
100,1994,6,24748,33862,-9114
100,1994,7,13101,7942,5159
100,1994,8,12020,10042,1978
100,1994,9,12027,10242,1785
100,1994,10,12033,11142,891
100,1994,11,12031,13282,-1251
100,1994,12,17976,18602,-626
100,1995,1,12899,19222,-6323
100,1995,2,13205,10462,2743
100,1995,3,13220,7942,5278
100,1995,4,12029,16402,-4373
100,1995,5,14819,12982,1837
100,1995,6,17979,23662,-5683
100,1995,7,12206,7942,4264
100,1995,8,12021,9642,2379
100,1995,9,12033,8042,3991
100,1995,10,12432,12982,-550
100,1995,11,12046,8342,3704
100,1995,12,18005,18122,-117
100,1996,1,16517,36342,-19825
100,1996,2,20095,7942,12153
100,1996,3,18126,13822,4304
100,1996,4,16342,12382,3960
100,1996,5,12264,7942,4322
100,1996,6,18033,17782,251
100,1996,7,12081,8642,3439
100,1996,8,12085,15142,-3057
100,1996,9,12083,8942,3141
100,1996,10,12091,11962,129
100,1996,11,12085,12842,-757
100,1996,12,18053,11262,6791
100,1997,1,12094,30742,-18648
100,1997,2,15956,7942,8014
100,1997,3,12070,14042,-1972
100,1997,4,13474,7942,5532
100,1997,5,12090,8942,3148
100,1997,6,18041,17962,79
100,1997,7,12092,12842,-750
100,1997,8,12081,15262,-3181
100,1997,9,12076,12442,-366
100,1997,10,12069,14142,-2073
100,1997,11,12079,8442,3637
100,1997,12,18036,15722,2314
100,1998,1,12012,42342,-30330
100,1998,2,28135,7942,20193
100,1998,3,20390,7942,12448
100,1998,4,14521,7942,6579
100,1998,5,12526,12742,-216
100,1998,6,18057,47542,-29485
100,1998,7,24561,7942,16619
100,1998,8,19613,10102,9511
100,1998,9,13531,7942,5589
100,1998,10,14456,7942,6514
100,1998,11,12168,10042,2126
100,1998,12,18146,11047,7099
101,1996,4,1000,0,1000
101,1996,5,21713,0,21713
101,1996,6,26920,13700,13220
101,1996,7,18021,14600,3421
101,1996,8,18040,12800,5240
101,1996,9,18050,26212,-8162
101,1996,10,18029,17707,322
101,1996,11,18025,18007,18
101,1996,12,26975,24527,2448
101,1997,1,17989,41827,-23838
101,1997,2,25481,8907,16574
101,1997,3,18027,10227,7800
101,1997,4,18043,20587,-2544
101,1997,5,18050,9507,8543
101,1997,6,26985,33067,-6082
101,1997,7,18050,12707,5343
101,1997,8,18064,15407,2657
101,1997,9,18069,21667,-3598
101,1997,10,18064,17127,937
101,1997,11,18072,14347,3725
101,1997,12,27061,20507,6554
101,1998,1,18043,38587,-20544
101,1998,2,28165,12027,16138
101,1998,3,18107,16907,1200
101,1998,4,18083,20787,-2704
101,1998,5,18070,17907,163
101,1998,6,30876,55147,-24271
101,1998,7,33046,12627,20419
101,1998,8,21498,8907,12591
101,1998,9,18136,9407,8729
101,1998,10,18137,19207,-1070
101,1998,11,18141,16807,1334
101,1998,12,27095,20692,6403
102,1993,10,400,0,400
102,1993,11,14300,0,14300
102,1993,12,6100,0,6100
102,1994,1,3500,0,3500
102,1994,2,0,800,-800
102,1994,3,37083,0,37083
102,1994,4,252,16200,-15948
102,1994,5,252,8100,-7848
102,1994,6,252,5200,-4948
102,1994,7,32830,6400,26430
102,1994,8,242,19000,-18758
102,1994,9,242,8400,-8158
102,1994,10,242,900,-658
102,1994,11,242,4800,-4558
102,1994,12,242,600,-358
102,1995,1,242,2600,-2358
102,1995,2,242,1500,-1258
102,1995,3,742,0,742
102,1995,4,23161,400,22761
102,1995,5,189,8100,-7911
102,1995,6,189,6100,-5911
102,1995,7,189,1600,-1411
102,1995,8,2889,0,2889
102,1995,9,189,1300,-1111
102,1995,10,9508,19315,-9807
102,1995,11,9093,13065,-3972
102,1995,12,10669,12765,-2096
102,1996,1,8358,12665,-4307
102,1996,2,62661,18063,44598
102,1996,3,29259,35765,-6506
102,1996,4,33034,45821,-12787
102,1996,5,724,13565,-12841
102,1996,6,10193,11765,-1572
102,1996,7,5392,11065,-5673
102,1996,8,39724,17404,22320
102,1996,9,66044,45371,20673
102,1996,10,48249,60693,-12444
102,1996,11,7714,31167,-23453
102,1996,12,16582,10365,6217
102,1997,1,5598,11265,-5667
102,1997,2,42112,26065,16047
102,1997,3,6875,16265,-9390
102,1997,4,1805,10265,-8460
102,1997,5,7657,11665,-4008
102,1997,6,13727,14865,-1138
102,1997,7,6748,10165,-3417
102,1997,8,55509,8365,47144
102,1997,9,197,28623,-28426
102,1997,10,22668,10665,12003
102,1997,11,23154,35852,-12698
102,1997,12,181,17760,-17579
102,1998,1,11249,20365,-9116
102,1998,2,44063,25465,18598
102,1998,3,25275,31327,-6052
102,1998,4,14124,18065,-3941
102,1998,5,30,9665,-9635
102,1998,6,6,3765,-3759
102,1998,7,2,392,-390
102,1998,8,0,392,-392
102,1998,9,29130,7517,21613
102,1998,10,32419,18265,14154
102,1998,11,62552,55665,6887
102,1998,12,22540,15499,7041
103,1996,3,1000,0,1000
103,1996,4,12900,0,12900
103,1996,5,6200,0,6200
103,1996,6,4300,0,4300
103,1996,7,2500,0,2500
103,1996,8,0,1500,-1500
103,1996,9,1700,0,1700
103,1996,10,1700,0,1700
103,1996,11,4900,0,4900
103,1996,12,0,1500,-1500
103,1997,2,54336,1500,52836
103,1997,3,57270,76000,-18730
103,1997,4,35834,23415,12419
103,1997,5,45933,61449,-15516
103,1997,6,8568,26197,-17629
103,1997,7,78111,26115,51996
103,1997,8,506,59951,-59445
103,1997,9,150,37777,-37627
103,1997,10,37166,10324,26842
103,1997,11,15234,22604,-7370
103,1997,12,15885,12215,3670
103,1998,1,18386,24809,-6423
103,1998,2,71087,36879,34208
103,1998,3,44437,32085,12352
103,1998,4,68920,79785,-10865
103,1998,5,40625,57806,-17181
103,1998,6,6975,7385,-410
103,1998,7,83391,52472,30919
103,1998,8,73203,78111,-4908
103,1998,9,25275,30719,-5444
103,1998,10,13139,27575,-14436
103,1998,11,46434,37127,9307
103,1998,12,323,13070,-12747
104,1993,4,500,0,500
104,1993,5,3063,0,3063
104,1993,6,3063,0,3063
104,1993,7,3063,0,3063
104,1993,8,3063,0,3063
104,1993,9,3105,2057,1048
104,1993,10,3124,2057,1067
104,1993,11,3128,2057,1071
104,1993,12,3133,2237,896
104,1994,1,3128,5657,-2529
104,1994,2,3126,2057,1069
104,1994,3,3130,2057,1073
104,1994,4,3135,2057,1078
104,1994,5,3139,2057,1082
104,1994,6,3135,7427,-4292
104,1994,7,3126,2057,1069
104,1994,8,3130,2057,1073
104,1994,9,3135,2057,1078
104,1994,10,3139,2057,1082
104,1994,11,3137,4337,-1200
104,1994,12,3138,2837,301
104,1995,1,3133,5657,-2524
104,1995,2,3129,2057,1072
104,1995,3,3134,2717,417
104,1995,4,3135,3467,-332
104,1995,5,3134,2057,1077
104,1995,6,3139,2057,1082
104,1995,7,3143,2057,1086
104,1995,8,3148,2057,1091
104,1995,9,3149,3377,-228
104,1995,10,3151,2057,1094
104,1995,11,3156,2057,1099
104,1995,12,3159,2537,622
104,1996,1,3156,6077,-2921
104,1996,2,3151,2057,1094
104,1996,3,3155,2057,1098
104,1996,4,3159,3467,-308
104,1996,5,3158,2777,381
104,1996,6,3140,9887,-6747
104,1996,7,3132,2057,1075
104,1996,8,3133,3557,-424
104,1996,9,3134,2057,1077
104,1996,10,3139,2057,1082
104,1996,11,3141,2867,274
104,1996,12,3144,2807,337
104,1997,1,3141,5057,-1916
104,1997,2,3138,2057,1081
104,1997,3,3139,3317,-178
104,1997,4,3141,2057,1084
104,1997,5,3146,2057,1089
104,1997,6,3150,2057,1093
104,1997,7,3153,2987,166
104,1997,8,3156,2057,1099
104,1997,9,3160,2057,1103
104,1997,10,3165,2057,1108
104,1997,11,3169,2057,1112
104,1997,12,3173,3167,6
104,1998,1,3171,5117,-1946
104,1998,2,3166,2057,1109
104,1998,3,3170,2057,1113
104,1998,4,3175,2057,1118
104,1998,5,3179,2057,1122
104,1998,6,3177,10757,-7580
104,1998,7,3152,2057,1095
104,1998,8,3157,2057,1100
104,1998,9,3161,2567,594
104,1998,10,3163,2717,446
104,1998,11,3164,2477,687
104,1998,12,3168,2552,616
105,1997,7,800,0,800
105,1997,8,15100,0,15100
105,1997,9,9015,0,9015
105,1997,10,41714,3200,38514
105,1997,11,264,24500,-24236
105,1997,12,49401,13900,35501
105,1998,1,310,29900,-29590
105,1998,2,310,14400,-14090
105,1998,3,310,5900,-5590
105,1998,4,36691,24600,12091
105,1998,5,30608,16134,14474
105,1998,6,108,37015,-36907
105,1998,7,6567,5015,1552
105,1998,8,37205,14415,22790
105,1998,9,107,17115,-17008
105,1998,10,4489,6015,-1526
105,1998,11,10297,7415,2882
105,1998,12,12194,18748,-6554
106,1994,11,500,0,500
106,1994,12,26663,4200,22463
106,1995,1,17867,9900,7967
106,1995,2,17896,13600,4296
106,1995,3,17915,12100,5815
106,1995,4,17960,17050,910
106,1995,5,17962,18250,-288
106,1995,6,26826,32150,-5324
106,1995,7,17937,17850,87
106,1995,8,17940,18150,-210
106,1995,9,17929,21350,-3421
106,1995,10,17922,18450,-528
106,1995,11,17913,19150,-1237
106,1995,12,26813,20650,6163
106,1996,1,17913,35050,-17137
106,1996,2,17872,9650,8222
106,1996,3,17902,15950,1952
106,1996,4,17909,15150,2759
106,1996,5,17914,17550,364
106,1996,6,26795,25050,1745
106,1996,7,17923,17450,473
106,1996,8,17922,18050,-128
106,1996,9,17923,15050,2873
106,1996,10,17924,20450,-2526
106,1996,11,17918,17550,368
106,1996,12,26811,24150,2661
106,1997,1,17911,31550,-13639
106,1997,2,17896,9450,8446
106,1997,3,17914,15250,2664
106,1997,4,17923,15850,2073
106,1997,5,17925,19450,-1525
106,1997,6,26799,35850,-9051
106,1997,7,17899,9850,8049
106,1997,8,17949,6450,11499
106,1997,9,17987,13450,4537
106,1997,10,17991,13350,4641
106,1997,11,18003,16150,1853
106,1997,12,26914,15350,11564
106,1998,1,18011,30650,-12639
106,1998,2,18022,12550,5472
106,1998,3,18038,15450,2588
106,1998,4,18039,19350,-1311
106,1998,5,18039,17550,489
106,1998,6,26933,36750,-9817
106,1998,7,17998,14850,3148
106,1998,8,18001,18850,-849
106,1998,9,18007,18350,-343
106,1998,10,17989,19850,-1861
106,1998,11,18002,16750,1252
106,1998,12,26901,18035,8866
107,1993,11,7858,0,7858
107,1993,12,20951,0,20951
107,1994,1,6972,900,6072
107,1994,2,6987,3900,3087
107,1994,3,6988,10469,-3481
107,1994,4,6969,9969,-3000
107,1994,5,6950,11529,-4579
107,1994,6,10376,5869,4507
107,1994,7,6956,9169,-2213
107,1994,8,6958,7169,-211
107,1994,9,7062,4569,2493
107,1994,10,6947,12709,-5762
107,1994,11,6948,7569,-621
107,1994,12,10355,12369,-2014
107,1995,1,13310,15849,-2539
107,1995,2,7927,4569,3358
107,1995,3,6941,4869,2072
107,1995,4,7943,9009,-1066
107,1995,5,6943,8069,-1126
107,1995,6,10367,6869,3498
107,1995,7,6954,6169,785
107,1995,8,6955,8669,-1714
107,1995,9,6938,9509,-2571
107,1995,10,6926,12309,-5383
107,1995,11,9520,4569,4951
107,1995,12,15050,12369,2681
107,1996,1,12537,15369,-2832
107,1996,2,7332,11649,-4317
107,1996,3,10015,12369,-2354
107,1996,4,12816,4569,8247
107,1996,5,9847,4569,5278
107,1996,6,11094,4569,6525
107,1996,7,7594,4569,3025
107,1996,8,7887,10209,-2322
107,1996,9,7196,4569,2627
107,1996,10,7005,5669,1336
107,1996,11,7005,8769,-1764
107,1996,12,10410,17289,-6879
107,1997,1,12755,22449,-9694
107,1997,2,13142,10329,2813
107,1997,3,12457,4569,7888
107,1997,4,10887,4569,6318
107,1997,5,10101,8169,1932
107,1997,6,10438,6369,4069
107,1997,7,7016,9769,-2753
107,1997,8,7013,7569,-556
107,1997,9,7004,9629,-2625
107,1997,10,7003,5769,1234
107,1997,11,7006,6669,337
107,1997,12,10428,13209,-2781
107,1998,1,6984,15649,-8665
107,1998,2,12679,4569,8110
107,1998,3,6991,7149,-158
107,1998,4,6986,9829,-2843
107,1998,5,6978,7469,-491
107,1998,6,10711,4569,6142
107,1998,7,7604,8289,-685
107,1998,8,6993,8969,-1976
107,1998,9,8702,4569,4133
107,1998,10,7010,5969,1041
107,1998,11,7922,4569,3353
107,1998,12,10537,13034,-2497
108,1995,3,800,0,800
108,1995,4,26182,0,26182
108,1995,5,17467,0,17467
108,1995,6,23776,11100,12676
108,1995,7,15945,14200,1745
108,1995,8,15943,17415,-1472
108,1995,9,15916,21618,-5702
108,1995,10,15915,17858,-1943
108,1995,11,15897,17818,-1921
108,1995,12,23761,18218,5543
108,1996,1,15909,19938,-4029
108,1996,2,15884,19218,-3334
108,1996,3,15913,8418,7495
108,1996,4,15916,19258,-3342
108,1996,5,15914,13318,2596
108,1996,6,23742,33278,-9536
108,1996,7,15902,8218,7684
108,1996,8,15925,17518,-1593
108,1996,9,15938,15918,20
108,1996,10,15938,15518,420
108,1996,11,15926,17438,-1512
108,1996,12,23804,19998,3806
108,1997,1,15912,23298,-7386
108,1997,2,15918,10418,5500
108,1997,3,15939,15818,121
108,1997,4,15938,11218,4720
108,1997,5,15957,17618,-1661
108,1997,6,26150,39538,-13388
108,1997,7,15898,8318,7580
108,1997,8,15925,13518,2407
108,1997,9,15939,8418,7521
108,1997,10,15960,22878,-6918
108,1997,11,15925,16738,-813
108,1997,12,23804,18418,5386
108,1998,1,15955,11718,4237
108,1998,2,15971,13118,2853
108,1998,3,15976,14298,1678
108,1998,4,15992,10718,5274
108,1998,5,16008,15318,690
108,1998,6,23834,33918,-10084
108,1998,7,15968,15218,750
108,1998,8,15964,19118,-3154
108,1998,9,15955,15418,537
108,1998,10,15951,18518,-2567
108,1998,11,15946,14518,1428
108,1998,12,23811,23603,208
109,1997,4,1100,0,1100
109,1997,5,14927,0,14927
109,1997,6,6278,0,6278
109,1997,7,5599,2115,3484
109,1997,8,8116,1915,6201
109,1997,9,4341,15,4326
109,1997,10,3246,5615,-2369
109,1997,11,3240,3715,-475
109,1997,12,3228,9415,-6187
109,1998,1,5997,10565,-4568
109,1998,2,4603,15,4588
109,1998,3,3217,1315,1902
109,1998,4,15614,4615,10999
109,1998,5,3260,6065,-2805
109,1998,6,20200,11815,8385
109,1998,7,3293,1815,1478
109,1998,8,3290,4315,-1025
109,1998,9,3290,4115,-825
109,1998,10,3286,4215,-929
109,1998,11,3276,5815,-2539
109,1998,12,3272,3400,-128
110,1996,7,900,0,900
110,1996,8,23991,0,23991
110,1996,9,23574,8800,14774
110,1996,10,23610,20400,3210
110,1996,11,23620,22000,1620
110,1996,12,35370,25535,9835
110,1997,1,23645,44323,-20678
110,1997,2,23615,7523,16092
110,1997,3,23634,28263,-4629
110,1997,4,23641,23763,-122
110,1997,5,23641,26163,-2522
110,1997,6,35344,42103,-6759
110,1997,7,23637,9263,14374
110,1997,8,23663,15163,8500
110,1997,9,23670,26199,-2529
110,1997,10,23658,24879,-1221
110,1997,11,23640,28539,-4899
110,1997,12,35396,19479,15917
110,1998,1,23657,44379,-20722
110,1998,2,23633,15679,7954
110,1998,3,23651,21479,2172
110,1998,4,23656,22679,977
110,1998,5,23646,27379,-3733
110,1998,6,35350,64259,-28909
110,1998,7,29791,10679,19112
110,1998,8,23623,17139,6484
110,1998,9,23642,17679,5963
110,1998,10,23657,20779,2878
110,1998,11,23661,23479,182
110,1998,12,35422,19764,15658
112,1993,3,6799,0,6799
112,1993,4,6610,0,6610
112,1993,5,6610,0,6610
112,1993,6,6610,0,6610
112,1993,7,6672,2215,4457
112,1993,8,6711,6206,505
112,1993,9,6719,4166,2553
112,1993,10,6720,7466,-746
112,1993,11,6724,4866,1858
112,1993,12,6727,7666,-939
112,1994,1,6702,17026,-10324
112,1994,2,6693,2066,4627
112,1994,3,6710,2766,3944
112,1994,4,6711,8366,-1655
112,1994,5,6710,6366,344
112,1994,6,6712,6016,696
112,1994,7,6709,8626,-1917
112,1994,8,6701,8586,-1885
112,1994,9,6707,2966,3741
112,1994,10,6709,8066,-1357
112,1994,11,6694,13686,-6992
112,1994,12,6683,5086,1597
112,1995,1,6658,13396,-6738
112,1995,2,6669,2066,4603
112,1995,3,6680,5586,1094
112,1995,4,6667,8826,-2159
112,1995,5,6669,12766,-6097
112,1995,6,6658,6166,492
112,1995,7,6660,5966,694
112,1995,8,6662,7066,-404
112,1995,9,6660,6166,494
112,1995,10,6661,8966,-2305
112,1995,11,6652,5666,986
112,1995,12,6655,7316,-661
112,1996,1,6646,7116,-470
112,1996,2,6649,8066,-1417
112,1996,3,6644,6466,178
112,1996,4,6643,5346,1297
112,1996,5,6654,2066,4588
112,1996,6,6661,13016,-6355
112,1996,7,6646,2066,4580
112,1996,8,6665,2066,4599
112,1996,9,6677,5266,1411
112,1996,10,6690,2066,4624
112,1996,11,6682,22066,-15384
112,1996,12,6644,2816,3828
112,1997,1,6647,7746,-1099
112,1997,2,6656,2066,4590
112,1997,3,6673,3266,3407
112,1997,4,6686,3106,3580
112,1997,5,6700,3666,3034
112,1997,6,6691,11266,-4575
112,1997,7,6698,2066,4632
112,1997,8,6717,2066,4651
112,1997,9,6736,2066,4670
112,1997,10,6755,2626,4129
112,1997,11,6773,2066,4707
112,1997,12,6710,40566,-33856
112,1998,1,6647,4146,2501
112,1998,2,6661,2066,4595
112,1998,3,6678,4946,1732
112,1998,4,6688,2066,4622
112,1998,5,6707,2066,4641
112,1998,6,6723,4416,2307
112,1998,7,6726,5346,1380
112,1998,8,6735,5186,1549
112,1998,9,6737,5746,991
112,1998,10,6752,2066,4686
112,1998,11,6771,2066,4705
112,1998,12,6790,3201,3589
113,1996,7,600,0,600
113,1996,8,6417,0,6417
113,1996,9,6417,0,6417
113,1996,10,6417,0,6417
113,1996,11,6417,0,6417
113,1996,12,6512,6501,11
113,1997,1,6522,12061,-5539
113,1997,2,6509,8301,-1792
113,1997,3,6502,6681,-179
113,1997,4,6504,4561,1943
113,1997,5,6505,6121,384
113,1997,6,6508,7261,-753
113,1997,7,6501,7081,-580
113,1997,8,6506,5361,1145
113,1997,9,6509,6061,448
113,1997,10,6509,6321,188
113,1997,11,6509,6961,-452
113,1997,12,6503,7931,-1428
113,1998,1,6502,6511,-9
113,1998,2,6492,9961,-3469
113,1998,3,6481,9141,-2660
113,1998,4,6479,7001,-522
113,1998,5,6482,3161,3321
113,1998,6,6476,10301,-3825
113,1998,7,6471,6561,-90
113,1998,8,6476,4441,2035
113,1998,9,6488,3161,3327
113,1998,10,6502,3161,3341
113,1998,11,6514,3961,2553
113,1998,12,6524,3846,2678
114,1997,3,500,0,500
114,1997,4,4234,0,4234
114,1997,5,4234,0,4234
114,1997,6,4234,0,4234
114,1997,7,4234,0,4234
114,1997,8,4288,548,3740
114,1997,9,4316,5338,-1022
114,1997,10,4324,3578,746
114,1997,11,4327,2138,2189
114,1997,12,4335,2738,1597
114,1998,1,4333,11098,-6765
114,1998,2,4315,2138,2177
114,1998,3,4323,5818,-1495
114,1998,4,4318,2138,2180
114,1998,5,4327,2138,2189
114,1998,6,4315,8138,-3823
114,1998,7,4315,5018,-703
114,1998,8,4317,2138,2179
114,1998,9,4324,5098,-774
114,1998,10,4323,2138,2185
114,1998,11,4332,2138,2194
114,1998,12,4339,2473,1866
115,1993,3,800,0,800
115,1993,4,14994,0,14994
115,1993,5,9549,0,9549
115,1993,6,11612,7100,4512
115,1993,7,7789,7600,189
115,1993,8,7782,11925,-4143
115,1993,9,7775,7225,550
115,1993,10,7780,6425,1355
115,1993,11,7781,8025,-244
115,1993,12,11629,7925,3704
115,1994,1,9077,15025,-5948
115,1994,2,7771,8225,-454
115,1994,3,7765,9725,-1960
115,1994,4,8970,5125,3845
115,1994,5,7773,9225,-1452
115,1994,6,11592,20225,-8633
115,1994,7,10846,7525,3321
115,1994,8,11952,12225,-273
115,1994,9,7750,6725,1025
115,1994,10,7751,9825,-2074
115,1994,11,7745,7225,520
115,1994,12,11596,6025,5571
115,1995,1,7769,8225,-456
115,1995,2,7774,6425,1349
115,1995,3,7768,9125,-1357
115,1995,4,7772,6525,1247
115,1995,5,7764,10425,-2661
115,1995,6,11604,8925,2679
115,1995,7,7766,10925,-3159
115,1995,8,11783,5125,6658
115,1995,9,7784,11125,-3341
115,1995,10,7783,5225,2558
115,1995,11,9098,5125,3973
115,1995,12,11639,13925,-2286
115,1996,1,7777,14025,-6248
115,1996,2,11888,5125,6763
115,1996,3,7800,5925,1875
115,1996,4,7797,8525,-728
115,1996,5,7806,5325,2481
115,1996,6,11650,9725,1925
115,1996,7,10416,7925,2491
115,1996,8,7831,8125,-294
115,1996,9,9431,5125,4306
115,1996,10,7847,7625,222
115,1996,11,7840,11125,-3285
115,1996,12,11670,11025,645
115,1997,1,14133,13725,408
115,1997,2,7838,7025,813
115,1997,3,7841,7725,116
115,1997,4,8432,9725,-1293
115,1997,5,9539,5125,4414
115,1997,6,12967,17325,-4358
115,1997,7,7836,8625,-789
115,1997,8,7832,7925,-93
115,1997,9,7818,13525,-5707
115,1997,10,9912,5125,4787
115,1997,11,7828,6425,1403
115,1997,12,12578,8025,4553
115,1998,1,7850,8925,-1075
115,1998,2,7844,9525,-1681
115,1998,3,7835,11325,-3490
115,1998,4,7824,7825,-1
115,1998,5,7824,8325,-501
115,1998,6,11650,21225,-9575
115,1998,7,7778,9125,-1347
115,1998,8,8982,5125,3857
115,1998,9,7795,5425,2370
115,1998,10,7795,13025,-5230
115,1998,11,11089,5125,5964
115,1998,12,11637,11710,-73
116,1996,3,800,0,800
116,1996,4,25663,0,25663
116,1996,5,23246,15500,7746
116,1996,6,34844,24800,10044
116,1996,7,23301,26700,-3399
116,1996,8,23304,26144,-2840
116,1996,9,23297,25564,-2267
116,1996,10,23285,23644,-359
116,1996,11,23284,22444,840
116,1996,12,34850,33464,1386
116,1997,1,23257,40864,-17607
116,1997,2,23228,17144,6084
116,1997,3,23252,19044,4208
116,1997,4,23260,22744,516
116,1997,5,23261,22844,417
116,1997,6,34820,46624,-11804
116,1997,7,23229,15844,7385
116,1997,8,23251,18444,4807
116,1997,9,23253,24544,-1291
116,1997,10,23256,21444,1812
116,1997,11,23255,23844,-589
116,1997,12,34837,33724,1113
116,1998,1,23232,40484,-17252
116,1998,2,23200,19144,4056
116,1998,3,23251,22044,1207
116,1998,4,23193,29684,-6491
116,1998,5,23172,26644,-3472
116,1998,6,34738,32244,2494
116,1998,7,23178,24944,-1766
116,1998,8,23219,5544,17675
116,1998,9,23292,5544,17748
116,1998,10,23267,41264,-17997
116,1998,11,23291,5544,17747
116,1998,12,34958,9369,25589
117,1993,9,5823,0,5823
117,1993,10,4927,0,4927
117,1993,11,4927,0,4927
117,1993,12,4927,0,4927
117,1994,1,4963,12394,-7431
117,1994,2,4966,2344,2622
117,1994,3,4977,2344,2633
117,1994,4,4987,2824,2163
117,1994,5,4996,3144,1852
117,1994,6,4994,13544,-8550
117,1994,7,4963,6264,-1301
117,1994,8,4963,2344,2619
117,1994,9,4974,2344,2630
117,1994,10,4985,2344,2641
117,1994,11,4996,2344,2652
117,1994,12,5007,3144,1863
117,1995,1,4992,14104,-9112
117,1995,2,4977,2344,2633
117,1995,3,4985,3464,1521
117,1995,4,4994,2344,2650
117,1995,5,5002,5224,-222
117,1995,6,5004,2344,2660
117,1995,7,5005,6684,-1679
117,1995,8,5008,2344,2664
117,1995,9,5009,6024,-1015
117,1995,10,5012,5944,-932
117,1995,11,5011,2344,2667
117,1995,12,5019,4144,875
117,1996,1,5000,14444,-9444
117,1996,2,4975,6264,-1289
117,1996,3,4976,4184,792
117,1996,4,4978,6184,-1206
117,1996,5,4979,2344,2635
117,1996,6,4989,3894,1095
117,1996,7,4993,3444,1549
117,1996,8,5001,2344,2657
117,1996,9,5008,5144,-136
117,1996,10,5007,5144,-137
117,1996,11,5006,4344,662
117,1996,12,5007,5594,-587
117,1997,1,4993,12764,-7771
117,1997,2,4979,2344,2635
117,1997,3,4987,5704,-717
117,1997,4,4987,2344,2643
117,1997,5,4992,4724,268
117,1997,6,4991,7144,-2153
117,1997,7,4990,2344,2646
117,1997,8,5001,2344,2657
117,1997,9,5008,3844,1164
117,1997,10,5015,3224,1791
117,1997,11,5017,5244,-227
117,1997,12,5007,9204,-4197
117,1998,1,4977,11944,-6967
117,1998,2,4976,2344,2632
117,1998,3,4987,2344,2643
117,1998,4,4988,7424,-2436
117,1998,5,4973,7544,-2571
117,1998,6,4973,4244,729
117,1998,7,4974,4504,470
117,1998,8,4982,2344,2638
117,1998,9,4999,2644,2355
117,1998,10,4984,10544,-5560
117,1998,11,4978,3784,1194
117,1998,12,4972,6479,-1507
118,1997,9,600,0,600
118,1997,10,14603,0,14603
118,1997,11,9355,0,9355
118,1997,12,5487,0,5487
118,1998,1,6813,0,6813
118,1998,2,3827,3815,12
118,1998,3,3819,8724,-4905
118,1998,4,3804,5914,-2110
118,1998,5,3796,6274,-2478
118,1998,6,3782,8374,-4592
118,1998,7,4474,2464,2010
118,1998,8,3781,2564,1217
118,1998,9,6490,3184,3306
118,1998,10,3798,3264,534
118,1998,11,3796,5304,-1508
118,1998,12,3795,2659,1136
119,1993,5,800,0,800
119,1993,6,32317,3400,28917
119,1993,7,21655,15300,6355
119,1993,8,21679,18300,3379
119,1993,9,21692,19400,2292
119,1993,10,21699,21215,484
119,1993,11,21716,21667,49
119,1993,12,32486,31967,519
119,1994,1,21695,31667,-9972
119,1994,2,21674,21067,607
119,1994,3,21670,22667,-997
119,1994,4,21679,17867,3812
119,1994,5,21689,21267,422
119,1994,6,32466,31167,1299
119,1994,7,21684,28567,-6883
119,1994,8,21672,16667,5005
119,1994,9,21681,22367,-686
119,1994,10,21682,20367,1315
119,1994,11,21688,19367,2321
119,1994,12,32472,28067,4405
119,1995,1,21684,33067,-11383
119,1995,2,21663,20267,1396
119,1995,3,21672,20467,1205
119,1995,4,21677,21167,510
119,1995,5,21668,24167,-2499
119,1995,6,32442,29067,3375
119,1995,7,21673,27267,-5594
119,1995,8,21655,20067,1588
119,1995,9,21688,9267,12421
119,1995,10,21718,17267,4451
119,1995,11,21709,26667,-4958
119,1995,12,32481,27167,5314
119,1996,1,21703,31767,-10064
119,1996,2,21697,16567,5130
119,1996,3,21698,26467,-4769
119,1996,4,21696,17767,3929
119,1996,5,21688,24267,-2579
119,1996,6,32477,23167,9310
119,1996,7,21724,23867,-2143
119,1996,8,21715,23667,-1952
119,1996,9,21712,21967,-255
119,1996,10,21705,24267,-2562
119,1996,11,21699,22367,-668
119,1996,12,32486,22567,9919
119,1997,1,21696,37767,-16071
119,1997,2,21684,16567,5117
119,1997,3,21704,17667,4037
119,1997,4,21716,19667,2049
119,1997,5,21721,20467,1254
119,1997,6,32483,36067,-3584
119,1997,7,21716,16967,4749
119,1997,8,21734,19367,2367
119,1997,9,21741,20967,774
119,1997,10,21757,26867,-5110
119,1997,11,21774,22367,-593
119,1997,12,32554,23867,8687
119,1998,1,21748,31067,-9319
119,1998,2,21746,24167,-2421
119,1998,3,21726,25067,-3341
119,1998,4,21719,24167,-2448
119,1998,5,21711,21367,344
119,1998,6,32450,40667,-8217
119,1998,7,21669,20567,1102
119,1998,8,21682,16167,5515
119,1998,9,21699,23167,-1468
119,1998,10,21693,20067,1626
119,1998,11,21695,25167,-3472
119,1998,12,32484,9252,23232
120,1995,6,43340,0,43340
120,1995,7,48402,32000,16402
120,1995,8,30807,21300,9507
120,1995,9,61291,46495,14796
120,1995,10,22234,85095,-62861
120,1995,11,6093,3995,2098
120,1995,12,23459,23986,-527
120,1996,1,4292,6695,-2403
120,1996,2,70409,56840,13569
120,1996,3,88612,70495,18117
120,1996,4,92632,71294,21338
120,1996,5,11517,38395,-26878
120,1996,6,12461,39095,-26634
120,1996,7,9629,3995,5634
120,1996,8,34091,14095,19996
120,1996,9,107959,78194,29765
120,1996,10,71098,62509,8589
120,1996,11,44075,29295,14780
120,1996,12,65479,79295,-13816
120,1997,1,7672,63658,-55986
120,1997,2,111,7395,-7284
120,1997,3,6897,3995,2902
120,1997,4,19492,11542,7950
120,1997,5,14949,20471,-5522
120,1997,6,63709,3995,59714
120,1997,7,255,42365,-42110
120,1997,8,165,8695,-8530
120,1997,9,9323,17211,-7888
120,1997,10,27668,3995,23673
120,1997,11,185,13095,-12910
120,1997,12,542,11195,-10653
120,1998,1,12318,9695,2623
120,1998,2,126,3995,-3869
120,1998,3,4913,3995,918
120,1998,4,6721,3995,2726
120,1998,5,14629,12995,1634
120,1998,6,5533,3995,1538
120,1998,7,6912,11195,-4283
120,1998,8,8422,3995,4427
120,1998,9,8228,7595,633
120,1998,10,3341,3995,-654
120,1998,11,6720,9095,-2375
120,1998,12,116,5765,-5649
121,1997,10,3384,0,3384
121,1997,11,16332,0,16332
121,1997,12,3667,0,3667
121,1998,1,3274,2700,574
121,1998,2,3273,4835,-1562
121,1998,3,7583,2431,5152
121,1998,4,3290,3191,99
121,1998,5,3291,2531,760
121,1998,6,3285,6371,-3086
121,1998,7,4386,2131,2255
121,1998,8,6804,2131,4673
121,1998,9,4415,2131,2284
121,1998,10,5327,2371,2956
121,1998,11,3314,7731,-4417
121,1998,12,4418,2536,1882
122,1996,10,900,0,900
122,1996,11,22608,1700,20908
122,1996,12,34001,15900,18101
122,1997,1,22771,17300,5471
122,1997,2,22790,22700,90
122,1997,3,22792,20815,1977
122,1997,4,22801,20015,2786
122,1997,5,22810,24315,-1505
122,1997,6,34197,31915,2282
122,1997,7,22816,19815,3001
122,1997,8,22869,24715,-1846
122,1997,9,22850,27315,-4465
122,1997,10,22796,27415,-4619
122,1997,11,22789,23115,-326
122,1997,12,34156,27915,6241
122,1998,1,22802,26115,-3313
122,1998,2,22805,22315,490
122,1998,3,22832,24315,-1483
122,1998,4,22792,18515,4277
122,1998,5,22822,22015,807
122,1998,6,34123,23215,10908
122,1998,7,22848,27415,-4567
122,1998,8,22833,25815,-2982
122,1998,9,22825,21315,1510
122,1998,10,22822,26715,-3893
122,1998,11,22815,21415,1400
122,1998,12,34129,29500,4629
123,1993,3,200,0,200
123,1993,4,4843,0,4843
123,1993,5,4843,0,4843
123,1993,6,4843,0,4843
123,1993,7,4843,0,4843
123,1993,8,4906,3031,1875
123,1993,9,4930,5931,-1001
123,1993,10,4931,4631,300
123,1993,11,4935,3031,1904
123,1993,12,4932,7481,-2549
123,1994,1,4911,12091,-7180
123,1994,2,4902,3031,1871
123,1994,3,4902,6951,-2049
123,1994,4,4901,4471,430
123,1994,5,4903,3031,1872
123,1994,6,4912,3631,1281
123,1994,7,4916,3831,1085
123,1994,8,4915,6131,-1216
123,1994,9,4916,3031,1885
123,1994,10,4920,5191,-271
123,1994,11,4922,3031,1891
123,1994,12,4928,4431,497
123,1995,1,4908,11951,-7043
123,1995,2,4903,3031,1872
123,1995,3,4910,6391,-1481
123,1995,4,4905,3031,1874
123,1995,5,4910,6311,-1401
123,1995,6,4907,3031,1876
123,1995,7,4914,3031,1883
123,1995,8,4917,5591,-674
123,1995,9,4918,4451,467
123,1995,10,4920,6031,-1111
123,1995,11,4911,6791,-1880
123,1995,12,4907,4481,426
123,1996,1,4910,7191,-2281
123,1996,2,4900,4131,769
123,1996,3,4903,5131,-228
123,1996,4,4902,4331,571
123,1996,5,4903,4791,112
123,1996,6,4904,4951,-47
123,1996,7,4905,3831,1074
123,1996,8,4908,5431,-523
123,1996,9,4907,4131,776
123,1996,10,4906,7231,-2325
123,1996,11,4901,3031,1870
123,1996,12,4908,4131,777
123,1997,1,4907,5821,-914
123,1997,2,4908,3031,1877
123,1997,3,4913,5951,-1038
123,1997,4,4906,7531,-2625
123,1997,5,4900,3831,1069
123,1997,6,4897,6481,-1584
123,1997,7,4899,3031,1868
123,1997,8,4903,4931,-28
123,1997,9,4903,4811,92
123,1997,10,4907,3031,1876
123,1997,11,4914,3031,1883
123,1997,12,4921,3781,1140
123,1998,1,4912,9681,-4769
123,1998,2,4907,3031,1876
123,1998,3,4915,3031,1884
123,1998,4,4922,3031,1891
123,1998,5,4928,3911,1017
123,1998,6,4937,3431,1506
123,1998,7,4929,7671,-2742
123,1998,8,4928,4791,137
123,1998,9,4924,6391,-1467
123,1998,10,4923,3031,1892
123,1998,11,4931,3031,1900
123,1998,12,4939,3866,1073
124,1997,12,800,0,800
124,1998,1,13600,0,13600
124,1998,2,4252,0,4252
124,1998,3,3069,900,2169
124,1998,4,3077,1600,1477
124,1998,5,3189,590,2599
124,1998,6,3090,8528,-5438
124,1998,7,3071,5208,-2137
124,1998,8,3063,4408,-1345
124,1998,9,3058,3508,-450
124,1998,10,5159,2458,2701
124,1998,11,3060,7938,-4878
124,1998,12,3047,2833,214
125,1996,9,28171,0,28171
125,1996,10,36169,900,35269
125,1996,11,9188,18400,-9212
125,1996,12,82701,41500,41201
125,1997,1,60642,137200,-76558
125,1997,2,120626,37918,82708
125,1997,3,104585,139400,-34815
125,1997,4,57766,29300,28466
125,1997,5,186,62768,-62582
125,1997,6,20530,24678,-4148
125,1997,7,117,11200,-11083
125,1997,8,69079,33328,35751
125,1997,9,113,26859,-26746
125,1997,10,8862,2700,6162
125,1997,11,35218,5600,29618
125,1997,12,87,49630,-49543
125,1998,1,46547,45700,847
125,1998,2,52028,100,51928
125,1998,3,266,41900,-41634
125,1998,4,34687,24900,9787
125,1998,5,7595,19100,-11505
125,1998,6,36258,19300,16958
125,1998,7,26228,8700,17528
125,1998,8,49698,51300,-1602
125,1998,9,40481,33900,6581
125,1998,10,232,36625,-36393
125,1998,11,103,3700,-3597
125,1998,12,55640,12338,43302
126,1993,10,200,0,200
126,1993,11,41285,8800,32485
126,1993,12,136,4900,-4764
126,1994,1,236,0,236
126,1994,2,136,3000,-2864
126,1994,3,63486,29800,33686
126,1994,4,245,18200,-17955
126,1994,5,71643,59555,12088
126,1994,6,167,22499,-22332
126,1994,7,3221,7399,-4178
126,1994,8,2502,7399,-4897
126,1994,9,4385,7399,-3014
126,1994,10,6676,7399,-723
126,1994,11,73666,19494,54172
126,1994,12,12520,60696,-48176
126,1995,1,3183,8899,-5716
126,1995,2,7576,7399,177
126,1995,3,52364,7399,44965
126,1995,4,84880,55965,28915
126,1995,5,45751,60525,-14774
126,1995,6,42940,68899,-25959
126,1995,7,42307,68429,-26122
126,1995,8,50573,7399,43174
126,1995,9,32264,53828,-21564
126,1995,10,22382,28114,-5732
126,1995,11,141,11499,-11358
126,1995,12,2611,14299,-11688
126,1996,1,37514,31299,6215
126,1996,2,100,7399,-7299
126,1996,3,136213,72663,63550
126,1996,4,10480,32799,-22319
126,1996,5,56410,39699,16711
126,1996,6,225,34731,-34506
126,1996,7,31389,38199,-6810
126,1996,8,27744,24699,3045
126,1996,9,126,9999,-9873
126,1996,10,191,7399,-7208
126,1996,11,5476,7399,-1923
126,1996,12,23824,7399,16425
126,1997,1,106,12699,-12593
126,1997,2,6486,7399,-913
126,1997,3,7284,7399,-115
126,1997,4,5679,7399,-1720
126,1997,5,23333,18356,4977
126,1997,6,8600,7399,1201
126,1997,7,6192,10699,-4507
126,1997,8,55405,7399,48006
126,1997,9,219,24499,-24280
126,1997,10,12871,28682,-15811
126,1997,11,1580,13399,-11819
126,1997,12,17968,7399,10569
126,1998,1,28331,22999,5332
126,1998,2,16879,7399,9480
126,1998,3,69192,40899,28293
126,1998,4,116446,120499,-4053
126,1998,5,73262,79299,-6037
126,1998,6,9319,30899,-21580
126,1998,7,47645,42199,5446
126,1998,8,176,8399,-8223
126,1998,9,3243,7399,-4156
126,1998,10,19274,13499,5775
126,1998,11,74309,56099,18210
126,1998,12,7450,12884,-5434
127,1994,2,3974,0,3974
127,1994,3,3381,0,3381
127,1994,4,3381,0,3381
127,1994,5,3381,0,3381
127,1994,6,3407,2257,1150
127,1994,7,3430,2257,1173
127,1994,8,3435,2257,1178
127,1994,9,3440,2257,1183
127,1994,10,3444,3127,317
127,1994,11,3446,2257,1189
127,1994,12,3454,3337,117
127,1995,1,3437,8467,-5030
127,1995,2,3431,2257,1174
127,1995,3,3435,2797,638
127,1995,4,3438,2257,1181
127,1995,5,3443,3157,286
127,1995,6,3431,7897,-4466
127,1995,7,3426,2677,749
127,1995,8,3429,2257,1172
127,1995,9,3432,3697,-265
127,1995,10,3433,2257,1176
127,1995,11,3435,4757,-1322
127,1995,12,3431,3797,-366
127,1996,1,3421,6357,-2936
127,1996,2,3418,2257,1161
127,1996,3,3422,3457,-35
127,1996,4,3422,2527,895
127,1996,5,3424,4057,-633
127,1996,6,3419,5557,-2138
127,1996,7,3415,2257,1158
127,1996,8,3416,4657,-1241
127,1996,9,3415,2257,1158
127,1996,10,3419,2257,1162
127,1996,11,3418,5457,-2039
127,1996,12,3416,2257,1159
127,1997,1,3418,3547,-129
127,1997,2,3420,2257,1163
127,1997,3,3425,2257,1168
127,1997,4,3430,2257,1173
127,1997,5,3425,6957,-3532
127,1997,6,3420,2257,1163
127,1997,7,3424,2257,1167
127,1997,8,3429,2257,1172
127,1997,9,3434,2257,1177
127,1997,10,3429,8657,-5228
127,1997,11,3417,2257,1160
127,1997,12,3421,2647,774
127,1998,1,3424,3367,57
127,1998,2,3425,2257,1168
127,1998,3,3422,5657,-2235
127,1998,4,3416,4457,-1041
127,1998,5,3416,2257,1159
127,1998,6,3421,2257,1164
127,1998,7,3424,3187,237
127,1998,8,3427,2467,960
127,1998,9,3431,2257,1174
127,1998,10,3432,4137,-705
127,1998,11,3433,2257,1176
127,1998,12,3436,3272,164
128,1993,2,300,0,300
128,1993,3,11519,0,11519
128,1993,4,5258,0,5258
128,1993,5,2475,1065,1410
128,1993,6,5286,965,4321
128,1993,7,34345,3015,31330
128,1993,8,2624,16815,-14191
128,1993,9,2553,9365,-6812
128,1993,10,2525,9615,-7090
128,1993,11,2506,3515,-1009
128,1993,12,2503,3015,-512
128,1994,1,4799,7065,-2266
128,1994,2,6305,15,6290
128,1994,3,2517,3215,-698
128,1994,4,2513,3515,-1002
128,1994,5,2511,2715,-204
128,1994,6,3618,15,3603
128,1994,7,2528,1965,563
128,1994,8,41323,23365,17958
128,1994,9,2582,11215,-8633
128,1994,10,2552,7615,-5063
128,1994,11,4979,5415,-436
128,1994,12,2538,4215,-1677
128,1995,1,3332,4815,-1483
128,1995,2,3538,15,3523
128,1995,3,41478,21915,19563
128,1995,4,2605,12615,-10010
128,1995,5,2577,6465,-3888
128,1995,6,2569,2415,154
128,1995,7,2566,3815,-1249
128,1995,8,2565,1815,750
128,1995,9,12510,11615,895
128,1995,10,2559,7915,-5356
128,1995,11,2540,3965,-1425
128,1995,12,3744,3165,579
128,1996,1,19828,7965,11863
128,1996,2,1989,4215,-2226
128,1996,3,1980,2415,-435
128,1996,4,2088,15,2073
128,1996,5,1991,4215,-2224
128,1996,6,1982,2015,-33
128,1996,7,25417,1015,24402
128,1996,8,2058,11615,-9557
128,1996,9,2035,7215,-5180
128,1996,10,2017,7515,-5498
128,1996,11,1999,1415,584
128,1996,12,2000,5415,-3415
128,1997,1,2582,7915,-5333
128,1997,2,6770,615,6155
128,1997,3,2595,3115,-520
128,1997,4,5192,1915,3277
128,1997,5,2606,3215,-609
128,1997,6,2600,2615,-15
128,1997,7,2000,4015,-2015
128,1997,8,11885,15,11870
128,1997,9,2039,4315,-2276
128,1997,10,19123,9415,9708
128,1997,11,2066,8015,-5949
128,1997,12,2041,6815,-4774
128,1998,1,2021,6215,-4194
128,1998,2,3608,2315,1293
128,1998,3,34555,13915,20640
128,1998,4,2097,6615,-4518
128,1998,5,2076,7415,-5339
128,1998,6,2058,3715,-1657
128,1998,7,3055,1115,1940
128,1998,8,2062,1115,947
128,1998,9,2061,4915,-2854
128,1998,10,26850,11515,15335
128,1998,11,2116,2515,-399
128,1998,12,2113,3500,-1387
129,1997,10,7623,0,7623
129,1997,11,7030,0,7030
129,1997,12,7033,3400,3633
129,1998,1,7075,4000,3075
129,1998,2,7096,6195,901
129,1998,3,7104,4332,2772
129,1998,4,7112,8732,-1620
129,1998,5,7102,8292,-1190
129,1998,6,7101,5532,1569
129,1998,7,7108,5432,1676
129,1998,8,7113,7132,-19
129,1998,9,7110,10632,-3522
129,1998,10,7096,9332,-2236
129,1998,11,7087,9232,-2145
129,1998,12,7080,4767,2313
130,1997,2,300,0,300
130,1997,3,6813,0,6813
130,1997,4,6813,0,6813
130,1997,5,6813,0,6813
130,1997,6,6880,2300,4580
130,1997,7,6919,15,6904
130,1997,8,6950,7164,-214
130,1997,9,6939,9624,-2685
130,1997,10,6936,8264,-1328
130,1997,11,6938,3984,2954
130,1997,12,6948,5134,1814
130,1998,1,6941,10784,-3843
130,1998,2,6939,4584,2355
130,1998,3,6935,9284,-2349
130,1998,4,6928,8504,-1576
130,1998,5,6935,3984,2951
130,1998,6,6914,15334,-8420
130,1998,7,6901,7504,-603
130,1998,8,6899,8464,-1565
130,1998,9,6903,3984,2919
130,1998,10,6915,3984,2931
130,1998,11,6924,4984,1940
130,1998,12,6931,5269,1662
131,1995,6,16676,0,16676
131,1995,7,10448,1600,8848
131,1995,8,11190,0,11190
131,1995,9,10525,3900,6625
131,1995,10,10533,11715,-1182
131,1995,11,10513,15619,-5106
131,1995,12,15684,13719,1965
131,1996,1,10480,25919,-15439
131,1996,2,11767,6919,4848
131,1996,3,10474,8619,1855
131,1996,4,10470,13219,-2749
131,1996,5,10464,11919,-1455
131,1996,6,15627,27119,-11492
131,1996,7,11926,6919,5007
131,1996,8,10425,11919,-1494
131,1996,9,10417,12619,-2202
131,1996,10,10431,6919,3512
131,1996,11,10426,11519,-1093
131,1996,12,15624,8019,7605
131,1997,1,10421,21919,-11498
131,1997,2,10424,6919,3505
131,1997,3,10439,6919,3520
131,1997,4,10422,14219,-3797
131,1997,5,10438,6919,3519
131,1997,6,15634,18719,-3085
131,1997,7,10440,6919,3521
131,1997,8,10452,8519,1933
131,1997,9,10462,6919,3543
131,1997,10,10477,6919,3558
131,1997,11,10492,6919,3573
131,1997,12,15697,7519,8178
131,1998,1,10501,27919,-17418
131,1998,2,10467,6919,3548
131,1998,3,10483,6919,3564
131,1998,4,10497,6919,3578
131,1998,5,10512,6919,3593
131,1998,6,15715,10219,5496
131,1998,7,10528,39919,-29391
131,1998,8,10428,6919,3509
131,1998,9,10442,6919,3523
131,1998,10,10457,6919,3538
131,1998,11,10471,6919,3552
131,1998,12,15667,8804,6863
132,1996,5,82246,0,82246
132,1996,6,34805,29300,5505
132,1996,7,46650,66000,-19350
132,1996,8,200,32600,-32400
132,1996,9,61379,46233,15146
132,1996,10,44362,16600,27762
132,1996,11,41848,56340,-14492
132,1996,12,66248,67038,-790
132,1997,1,74739,97441,-22702
132,1997,2,29519,50384,-20865
132,1997,3,62722,7470,55252
132,1997,4,28494,39174,-10680
132,1997,5,17876,43746,-25870
132,1997,6,90,22423,-22333
132,1997,7,34443,28354,6089
132,1997,8,68,9770,-9702
132,1997,9,179595,95170,84425
132,1997,10,39835,47070,-7235
132,1997,11,56511,45500,11011
132,1997,12,220,64264,-64044
132,1998,1,71,26700,-26629
132,1998,2,42,100,-58
132,1998,3,18910,6100,12810
132,1998,4,79,11900,-11821
132,1998,5,108370,77600,30770
132,1998,6,74205,50820,23385
132,1998,7,13653,45496,-31843
132,1998,8,62172,56901,5271
132,1998,9,43843,45903,-2060
132,1998,10,34493,32300,2193
132,1998,11,158,9500,-9342
132,1998,12,27412,22500,4912
133,1997,10,72493,0,72493
133,1997,11,113895,101130,12765
133,1997,12,11364,41296,-29932
133,1998,1,31126,47396,-16270
133,1998,2,18548,26870,-8322
133,1998,3,1704,10096,-8392
133,1998,4,87325,26596,60729
133,1998,5,26451,33496,-7045
133,1998,6,184,56949,-56765
133,1998,7,23912,19650,4262
133,1998,8,2977,10096,-7119
133,1998,9,71690,48872,22818
133,1998,10,39718,24596,15122
133,1998,11,150268,104696,45572
133,1998,12,42631,95966,-53335
134,1997,12,300,0,300
134,1998,1,18991,0,18991
134,1998,2,13752,0,13752
134,1998,3,9774,7700,2074
134,1998,4,9773,10900,-1127
134,1998,5,9776,8515,1261
134,1998,6,14629,2715,11914
134,1998,7,9824,11615,-1791
134,1998,8,9806,14815,-5009
134,1998,9,9789,17015,-7226
134,1998,10,9782,5615,4167
134,1998,11,9800,5115,4685
134,1998,12,14637,11100,3537
135,1993,6,700,0,700
135,1993,7,13684,0,13684
135,1993,8,9333,0,9333
135,1993,9,4761,0,4761
135,1993,10,4566,6000,-1434
135,1993,11,4560,5715,-1155
135,1993,12,6788,5615,1173
135,1994,1,4544,15415,-10871
135,1994,2,7941,15,7926
135,1994,3,5265,15,5250
135,1994,4,5359,10315,-4956
135,1994,5,4553,4415,138
135,1994,6,12168,10615,1553
135,1994,7,4556,8115,-3559
135,1994,8,6965,15,6950
135,1994,9,4580,2415,2165
135,1994,10,4585,3915,670
135,1994,11,4583,5515,-932
135,1994,12,6825,1315,5510
135,1995,1,4591,13715,-9124
135,1995,2,4574,2315,2259
135,1995,3,4582,2315,2267
135,1995,4,4574,7115,-2541
135,1995,5,4582,1915,2667
135,1995,6,7117,14515,-7398
135,1995,7,6474,15,6459
135,1995,8,7102,15,7087
135,1995,9,4620,1615,3005
135,1995,10,4622,5015,-393
135,1995,11,4624,7715,-3091
135,1995,12,8745,4915,3830
135,1996,1,10528,11415,-887
135,1996,2,4622,3915,707
135,1996,3,5133,1515,3618
135,1996,4,4641,5315,-674
135,1996,5,4647,2815,1832
135,1996,6,10341,16615,-6274
135,1996,7,4619,2215,2404
135,1996,8,4630,3015,1615
135,1996,9,4635,3015,1620
135,1996,10,4641,3815,826
135,1996,11,4642,7515,-2873
135,1996,12,6865,8615,-1750
135,1997,1,6506,14215,-7709
135,1997,2,4695,1915,2780
135,1997,3,4606,2415,2191
135,1997,4,4614,3615,999
135,1997,5,4616,5715,-1099
135,1997,6,6833,25315,-18482
135,1997,7,9345,15,9330
135,1997,8,7383,15,7368
135,1997,9,4614,2715,1899
135,1997,10,4617,1215,3402
135,1997,11,4833,15,4818
135,1997,12,9974,8815,1159
135,1998,1,10355,10415,-60
135,1998,2,8063,15,8048
135,1998,3,4891,15,4876
135,1998,4,4708,2715,1993
135,1998,5,4715,3315,1400
135,1998,6,13430,14915,-1485
135,1998,7,7926,15,7911
135,1998,8,4743,8015,-3272
135,1998,9,4735,2415,2320
135,1998,10,4732,10015,-5283
135,1998,11,7725,4515,3210
135,1998,12,6971,1700,5271
136,1996,5,600,0,600
136,1996,6,6378,0,6378
136,1996,7,6378,0,6378
136,1996,8,6378,0,6378
136,1996,9,6449,500,5949
136,1996,10,6485,6515,-30
136,1996,11,6484,6347,137
136,1996,12,6489,4397,2092
136,1997,1,6486,11747,-5261
136,1997,2,6478,3547,2931
136,1997,3,6482,6847,-365
136,1997,4,6480,6947,-467
136,1997,5,6465,11047,-4582
136,1997,6,6452,8547,-2095
136,1997,7,6463,2947,3516
136,1997,8,6452,10547,-4095
136,1997,9,6445,7147,-702
136,1997,10,6448,5347,1101
136,1997,11,6449,6247,202
136,1997,12,6439,9747,-3308
136,1998,1,6434,8047,-1613
136,1998,2,6442,2947,3495
136,1998,3,6451,4347,2104
136,1998,4,6464,3347,3117
136,1998,5,6470,5147,1323
136,1998,6,6472,5947,525
136,1998,7,6473,5847,626
136,1998,8,6482,4447,2035
136,1998,9,6493,3747,2746
136,1998,10,6501,7947,-1446
136,1998,11,6503,6047,456
136,1998,12,6493,7532,-1039
137,1996,7,900,0,900
137,1996,8,23253,700,22553
137,1996,9,23328,12000,11328
137,1996,10,23368,16000,7368
137,1996,11,23394,18400,4994
137,1996,12,35046,29322,5724
137,1997,1,23413,36606,-13193
137,1997,2,23394,20866,2528
137,1997,3,23402,23766,-364
137,1997,4,23391,27066,-3675
137,1997,5,23372,25386,-2014
137,1997,6,34994,31366,3628
137,1997,7,23380,25106,-1726
137,1997,8,23369,26666,-3297
137,1997,9,23359,24466,-1107
137,1997,10,23340,30406,-7066
137,1997,11,23322,24266,-944
137,1997,12,34940,32826,2114
137,1998,1,23310,33086,-9776
137,1998,2,23299,18266,5033
137,1998,3,23311,22766,545
137,1998,4,23314,22306,1008
137,1998,5,23295,28766,-5471
137,1998,6,34908,32706,2202
137,1998,7,23289,28066,-4777
137,1998,8,23329,5946,17383
137,1998,9,23408,4266,19142
137,1998,10,23392,35066,-11674
137,1998,11,23424,8226,15198
137,1998,12,35011,42011,-7000
138,1995,9,1100,0,1100
138,1995,10,11200,0,11200
138,1995,11,6200,0,6200
138,1995,12,0,1300,-1300
138,1996,1,2700,0,2700
138,1996,2,0,1400,-1400
138,1996,3,1100,0,1100
138,1996,4,1000,0,1000
138,1996,5,100,0,100
138,1996,6,0,2700,-2700
138,1996,7,0,700,-700
138,1996,8,0,2800,-2800
138,1996,9,0,4700,-4700
138,1996,10,1000,0,1000
138,1996,11,0,800,-800
138,1996,12,800,0,800
138,1998,5,0,200,-200
138,1998,6,900,0,900
138,1998,7,4100,0,4100
138,1998,8,3000,0,3000
138,1998,9,1000,0,1000
138,1998,10,0,1800,-1800
138,1998,11,2300,0,2300
138,1998,12,1100,0,1100
139,1997,5,1000,0,1000
139,1997,6,49258,11600,37658
139,1997,7,32950,28300,4650
139,1997,8,33042,26600,6442
139,1997,9,33081,12000,21081
139,1997,10,33101,21630,11471
139,1997,11,33093,51384,-18291
139,1997,12,49475,35824,13651
139,1998,1,33021,66481,-33460
139,1998,2,32940,47599,-14659
139,1998,3,32966,7430,25536
139,1998,4,33053,14730,18323
139,1998,5,33104,24830,8274
139,1998,6,49498,45134,4364
139,1998,7,33122,41030,-7908
139,1998,8,33067,37278,-4211
139,1998,9,33106,24730,8376
139,1998,10,33114,35330,-2216
139,1998,11,32961,94503,-61542
139,1998,12,49302,13610,35692
140,1996,6,300,0,300
140,1996,7,10800,0,10800
140,1996,8,18915,4600,14315
140,1996,9,106,2000,-1894
140,1996,10,106,4800,-4694
140,1996,11,106,900,-794
140,1996,12,106,2800,-2694
140,1997,1,106,900,-794
140,1997,3,106,1400,-1294
140,1997,4,406,0,406
140,1997,5,2706,0,2706
140,1997,6,106,800,-694
140,1997,7,80778,21400,59378
140,1997,8,312,24600,-24288
140,1997,9,312,9400,-9088
140,1997,10,312,6200,-5888
140,1997,11,1912,0,1912
140,1997,12,812,0,812
140,1998,1,312,600,-288
140,1998,2,15708,500,15208
140,1998,3,221,12300,-12079
140,1998,4,221,8000,-7779
140,1998,5,1221,0,1221
140,1998,6,221,1200,-979
140,1998,7,221,1600,-1379
140,1998,8,5221,0,5221
140,1998,9,221,1000,-779
140,1998,10,47949,15,47934
140,1998,11,350,24415,-24065
140,1998,12,220,13400,-13180
141,1996,3,31161,0,31161
141,1996,4,30370,5600,24770
141,1996,5,30437,17500,12937
141,1996,6,45597,24800,20797
141,1996,7,30510,47510,-17000
141,1996,8,30430,38484,-8054
141,1996,9,30394,39284,-8890
141,1996,10,30351,39684,-9333
141,1996,11,30317,44303,-13986
141,1996,12,45446,47584,-2138
141,1997,1,30305,48377,-18072
141,1997,2,30271,11984,18287
141,1997,3,30295,42384,-12089
141,1997,4,30283,31584,-1301
141,1997,5,30290,26184,4106
141,1997,6,45400,44284,1116
141,1997,7,30307,30784,-477
141,1997,8,30304,28384,1920
141,1997,9,30307,34784,-4477
141,1997,10,30280,35784,-5504
141,1997,11,30266,31184,-918
141,1997,12,45356,28811,16545
141,1998,1,30314,34184,-3870
141,1998,2,30310,34384,-4074
141,1998,3,30292,34484,-4192
141,1998,4,30276,31984,-1708
141,1998,5,30279,16040,14239
141,1998,6,45433,54384,-8951
141,1998,7,30308,11984,18324
141,1998,8,30307,35721,-5414
141,1998,9,30348,15584,14764
141,1998,10,30362,57084,-26722
141,1998,11,30291,21710,8581
141,1998,12,45458,20969,24489
142,1993,2,900,0,900
142,1993,3,4555,0,4555
142,1993,4,4555,0,4555
142,1993,5,4555,0,4555
142,1993,6,4555,0,4555
142,1993,7,4605,5980,-1375
142,1993,8,4634,5460,-826
142,1993,9,4632,1860,2772
142,1993,10,4637,4980,-343
142,1993,11,4642,1860,2782
142,1993,12,4653,3460,1193
142,1994,1,4644,7710,-3066
142,1994,2,4644,3260,1384
142,1994,3,4652,1960,2692
142,1994,4,4657,6700,-2043
142,1994,5,4646,5360,-714
142,1994,6,4636,11960,-7324
142,1994,7,4621,1860,2761
142,1994,8,4634,2260,2374
142,1994,9,4639,3940,699
142,1994,10,4644,5240,-596
142,1994,11,4642,3260,1382
142,1994,12,4649,3110,1539
142,1995,1,4647,6710,-2063
142,1995,2,4646,1860,2786
142,1995,3,4658,3260,1398
142,1995,4,4657,5900,-1243
142,1995,5,4661,2360,2301
142,1995,6,4655,6860,-2205
142,1995,7,4652,5420,-768
142,1995,8,4656,2760,1896
142,1995,9,4645,8780,-4135
142,1995,10,4639,5260,-621
142,1995,11,4642,3460,1182
142,1995,12,4637,8840,-4203
142,1996,1,4620,6360,-1740
142,1996,2,4623,2660,1963
142,1996,3,4632,1860,2772
142,1996,4,4642,4360,282
142,1996,5,4644,3560,1084
142,1996,6,4648,3460,1188
142,1996,7,4645,7860,-3215
142,1996,8,4641,1860,2781
142,1996,9,4651,2660,1991
142,1996,10,4658,7860,-3202
142,1996,11,4649,5860,-1211
142,1996,12,4639,3210,1429
142,1997,1,4646,4360,286
142,1997,2,4648,1860,2788
142,1997,3,4650,5780,-1130
142,1997,4,4655,2460,2195
142,1997,5,4662,5160,-498
142,1997,6,4658,6260,-1602
142,1997,7,4649,8420,-3771
142,1997,8,4640,1860,2780
142,1997,9,4649,3760,889
142,1997,10,4655,1860,2795
142,1997,11,4664,3860,804
142,1997,12,4653,11330,-6677
142,1998,1,4638,4660,-22
142,1998,2,4634,5460,-826
142,1998,3,4638,1860,2778
142,1998,4,4648,2580,2068
142,1998,5,4652,5860,-1208
142,1998,6,4653,2060,2593
142,1998,7,4657,5540,-883
142,1998,8,4652,6040,-1388
142,1998,9,4638,7860,-3222
142,1998,10,4641,1860,2781
142,1998,11,4642,6760,-2118
142,1998,12,4642,2695,1947
143,1996,11,500,0,500
143,1996,12,4924,0,4924
143,1997,1,4924,0,4924
143,1997,2,4924,0,4924
143,1997,3,4924,0,4924
143,1997,4,4978,2887,2091
143,1997,5,5020,4667,353
143,1997,6,5022,5187,-165
143,1997,7,5012,9707,-4695
143,1997,8,5002,4787,215
143,1997,9,5003,4487,516
143,1997,10,4998,8707,-3709
143,1997,11,4992,2587,2405
143,1997,12,4996,7037,-2041
143,1998,1,4982,8947,-3965
143,1998,2,4977,2287,2690
143,1998,3,4983,6287,-1304
143,1998,4,4977,6387,-1410
143,1998,5,4974,4087,887
143,1998,6,4980,2287,2693
143,1998,7,4989,4087,902
143,1998,8,4992,4187,805
143,1998,9,4991,6207,-1216
143,1998,10,4994,2287,2707
143,1998,11,5005,2287,2718
143,1998,12,5016,2922,2094
144,1997,4,44564,0,44564
144,1997,5,11799,14700,-2901
144,1997,6,107190,125530,-18340
144,1997,7,98539,32876,65663
144,1997,8,21277,62330,-41053
144,1997,9,19632,32690,-13058
144,1997,10,62734,38118,24616
144,1997,11,63981,79530,-15549
144,1997,12,27087,23530,3557
144,1998,1,19479,55699,-36220
144,1998,2,32099,4830,27269
144,1998,3,35371,23730,11641
144,1998,4,56554,64910,-8356
144,1998,5,174,2030,-1856
144,1998,6,37832,19830,18002
144,1998,7,41604,57267,-15663
144,1998,8,3777,30,3747
144,1998,9,40153,19230,20923
144,1998,10,37958,38822,-864
144,1998,11,8975,12230,-3255
144,1998,12,38090,16480,21610
145,1996,1,8351,0,8351
145,1996,2,15408,0,15408
145,1996,3,7547,0,7547
145,1996,4,7358,5800,1558
145,1996,5,7344,11930,-4586
145,1996,6,11158,9030,2128
145,1996,7,7345,10330,-2985
145,1996,8,10447,4830,5617
145,1996,9,7368,6930,438
145,1996,10,7658,9330,-1672
145,1996,11,7664,4830,2834
145,1996,12,10995,9730,1265
145,1997,1,15054,20730,-5676
145,1997,2,11559,4830,6729
145,1997,3,11975,9630,2345
145,1997,4,8596,4830,3766
145,1997,5,7422,7030,392
145,1997,6,14024,11730,2294
145,1997,7,7834,4830,3004
145,1997,8,7441,6530,911
145,1997,9,8332,9130,-798
145,1997,10,7431,7830,-399
145,1997,11,7440,7830,-390
145,1997,12,11349,7030,4319
145,1998,1,15840,17430,-1590
145,1998,2,11747,4830,6917
145,1998,3,9550,11530,-1980
145,1998,4,7470,7030,440
145,1998,5,7457,9730,-2273
145,1998,6,19196,37330,-18134
145,1998,7,12187,4830,7357
145,1998,8,10523,4830,5693
145,1998,9,13444,4830,8614
145,1998,10,7471,8530,-1059
145,1998,11,7471,5730,1741
145,1998,12,11094,6815,4279
146,1993,9,6813,0,6813
146,1993,10,6324,0,6324
146,1993,11,6324,0,6324
146,1993,12,6324,0,6324
146,1994,1,6380,6935,-555
146,1994,2,6407,3838,2569
146,1994,3,6418,6138,280
146,1994,4,6408,12398,-5990
146,1994,5,6394,6338,56
146,1994,6,6375,9438,-3063
146,1994,7,6382,6318,64
146,1994,8,6382,3838,2544
146,1994,9,6393,3838,2555
146,1994,10,6401,7438,-1037
146,1994,11,6397,5938,459
146,1994,12,6399,6138,261
146,1995,1,6383,14078,-7695
146,1995,2,6369,3838,2531
146,1995,3,6380,3838,2542
146,1995,4,6385,7758,-1373
146,1995,5,6385,3838,2547
146,1995,6,6369,11738,-5369
146,1995,7,6373,3838,2535
146,1995,8,6384,3838,2546
146,1995,9,6394,3838,2556
146,1995,10,6405,3838,2567
146,1995,11,6416,3838,2578
146,1995,12,6423,6038,385
146,1996,1,6403,20468,-14065
146,1996,2,6369,3838,2531
146,1996,3,6377,5918,459
146,1996,4,6382,3838,2544
146,1996,5,6388,5838,550
146,1996,6,6394,3838,2556
146,1996,7,6404,7438,-1034
146,1996,8,6401,3838,2563
146,1996,9,6406,6638,-232
146,1996,10,6410,3838,2572
146,1996,11,6410,6638,-228
146,1996,12,6420,3838,2582
146,1997,1,6401,16428,-10027
146,1997,2,6389,3838,2551
146,1997,3,6400,3838,2562
146,1997,4,6410,3838,2572
146,1997,5,6404,9518,-3114
146,1997,6,6398,14888,-8490
146,1997,7,6372,3838,2534
146,1997,8,6381,7518,-1137
146,1997,9,6378,3838,2540
146,1997,10,6389,3838,2551
146,1997,11,6398,7518,-1120
146,1997,12,6394,3838,2556
146,1998,1,6379,14618,-8239
146,1998,2,6370,3838,2532
146,1998,3,6381,3838,2543
146,1998,4,6391,3838,2553
146,1998,5,6398,7278,-880
146,1998,6,6398,3838,2560
146,1998,7,6409,3838,2571
146,1998,8,6413,5278,1135
146,1998,9,6418,5278,1140
146,1998,10,6429,3838,2591
146,1998,11,6439,3838,2601
146,1998,12,6450,3823,2627
148,1993,6,500,0,500
148,1993,7,3468,0,3468
148,1993,8,3468,0,3468
148,1993,9,3468,0,3468
148,1993,10,3468,0,3468
148,1993,11,3471,15,3456
148,1993,12,3543,3107,436
148,1994,1,3539,7097,-3558
148,1994,2,3530,3797,-267
148,1994,3,3529,3167,362
148,1994,4,3531,2327,1204
148,1994,5,3536,2327,1209
148,1994,6,3541,2327,1214
148,1994,7,3542,3767,-225
148,1994,8,3545,2477,1068
148,1994,9,3548,3027,521
148,1994,10,3552,2327,1225
148,1994,11,3556,2527,1029
148,1994,12,3561,2327,1234
148,1995,1,3557,7787,-4230
148,1995,2,3548,2327,1221
148,1995,3,3551,3327,224
148,1995,4,3551,3797,-246
148,1995,5,3551,3427,124
148,1995,6,3549,4247,-698
148,1995,7,3551,2327,1224
148,1995,8,3555,2727,828
148,1995,9,3555,3727,-172
148,1995,10,3559,2327,1232
148,1995,11,3560,3727,-167
148,1995,12,3557,4327,-770
148,1996,1,3534,11427,-7893
148,1996,2,3527,2327,1200
148,1996,3,3528,3727,-199
148,1996,4,3524,4727,-1203
148,1996,5,3523,3227,296
148,1996,6,3526,2657,869
148,1996,7,3520,5627,-2107
148,1996,8,3522,2327,1195
148,1996,9,3527,2327,1200
148,1996,10,3532,2507,1025
148,1996,11,3535,3767,-232
148,1996,12,3535,2327,1208
148,1997,1,3535,6047,-2512
148,1997,2,3530,2327,1203
148,1997,3,3534,2687,847
148,1997,4,3538,2327,1211
148,1997,5,3538,4127,-589
148,1997,6,3538,3257,281
148,1997,7,3542,2327,1215
148,1997,8,3547,2327,1220
148,1997,9,3552,2627,925
148,1997,10,3554,4397,-843
148,1997,11,3549,3737,-188
148,1997,12,3551,2327,1224
148,1998,1,3544,9617,-6073
148,1998,2,3531,2327,1204
148,1998,3,3536,2327,1209
148,1998,4,3538,3317,221
148,1998,5,3542,2327,1215
148,1998,6,3547,2327,1220
148,1998,7,3552,2627,925
148,1998,8,3556,2327,1229
148,1998,9,3561,2327,1234
148,1998,10,3566,2477,1089
148,1998,11,3570,2327,1243
148,1998,12,3575,2312,1263
149,1997,11,701,0,701
149,1997,12,25393,0,25393
149,1998,1,3416,0,3416
149,1998,2,1724,15,1709
149,1998,3,522,4615,-4093
149,1998,4,2719,15,2704
149,1998,5,4134,15,4119
149,1998,6,15127,21215,-6088
149,1998,7,9639,15,9624
149,1998,8,3965,315,3650
149,1998,9,2176,15,2161
149,1998,10,5976,1465,4511
149,1998,11,10588,15,10573
149,1998,12,2338,6800,-4462
150,1995,3,2806,0,2806
150,1995,4,10034,0,10034
150,1995,5,12006,0,12006
150,1995,6,2205,15,2190
150,1995,7,2418,15,2403
150,1995,8,2027,115,1912
150,1995,9,3432,3915,-483
150,1995,10,3736,15,3721
150,1995,11,2046,1115,931
150,1995,12,3552,2165,1387
150,1996,1,2052,4465,-2413
150,1996,2,2044,2165,-121
150,1996,3,4553,765,3788
150,1996,4,2664,15,2649
150,1996,5,2065,4515,-2450
150,1996,6,2047,5015,-2968
150,1996,7,3956,1665,2291
150,1996,8,2959,1815,1144
150,1996,9,2062,1815,247
150,1996,10,3470,15,3455
150,1996,11,3377,3515,-138
150,1996,12,59362,3115,56247
150,1997,1,2190,33565,-31375
150,1997,2,42682,11215,31467
150,1997,3,2260,25715,-23455
150,1997,4,2180,15565,-13385
150,1997,5,2150,5415,-3265
150,1997,6,6355,39615,-33260
150,1997,7,13634,15,13619
150,1997,8,3270,15,3255
150,1997,9,7190,15,7175
150,1997,10,2105,8115,-6010
150,1997,11,2480,15,2465
150,1997,12,2089,6965,-4876
150,1998,1,2554,10415,-7861
150,1998,2,2538,3865,-1327
150,1998,3,2530,5915,-3385
150,1998,4,2520,4115,-1595
150,1998,5,2511,3265,-754
150,1998,6,2510,3615,-1105
150,1998,7,28116,18015,10101
150,1998,8,5356,11315,-5959
150,1998,9,2520,5815,-3295
150,1998,10,2505,6415,-3910
150,1998,11,2491,7115,-4624
150,1998,12,2474,0,2474
151,1993,9,5637,0,5637
151,1993,10,15392,0,15392
151,1993,11,7631,0,7631
151,1993,12,7067,1300,5767
151,1994,1,4724,25254,-20530
151,1994,2,9298,3094,6204
151,1994,3,8321,3094,5227
151,1994,4,6738,3094,3644
151,1994,5,4742,6494,-1752
151,1994,6,7029,14634,-7605
151,1994,7,6501,8014,-1513
151,1994,8,8499,7414,1085
151,1994,9,7314,3094,4220
151,1994,10,4723,5594,-871
151,1994,11,5221,3094,2127
151,1994,12,7233,8574,-1341
151,1995,1,7303,13174,-5871
151,1995,2,4696,3694,1002
151,1995,3,4698,6674,-1976
151,1995,4,5191,3094,2097
151,1995,5,4806,3094,1712
151,1995,6,7023,4494,2529
151,1995,7,4707,10614,-5907
151,1995,8,4693,3494,1199
151,1995,9,6686,8374,-1688
151,1995,10,4693,5554,-861
151,1995,11,4690,6774,-2084
151,1995,12,9691,6134,3557
151,1996,1,8579,11254,-2675
151,1996,2,5784,3094,2690
151,1996,3,4685,9274,-4589
151,1996,4,4673,4294,379
151,1996,5,4676,5394,-718
151,1996,6,6987,6494,493
151,1996,7,4671,5794,-1123
151,1996,8,5671,3094,2577
151,1996,9,4675,6494,-1819
151,1996,10,4671,4394,277
151,1996,11,4680,3094,1586
151,1996,12,6990,8574,-1584
151,1997,1,4668,5374,-706
151,1997,2,4671,3094,1577
151,1997,3,4678,3094,1584
151,1997,4,4684,3094,1590
151,1997,5,4691,3094,1597
151,1997,6,6999,10194,-3195
151,1997,7,4679,5494,-815
151,1997,8,4681,3094,1587
151,1997,9,4685,4534,151
151,1997,10,4686,4534,152
151,1997,11,4688,3094,1594
151,1997,12,7008,5494,1514
151,1998,1,4679,11734,-7055
151,1998,2,4672,3094,1578
151,1998,3,4678,3094,1584
151,1998,4,4682,4294,388
151,1998,5,4684,5014,-330
151,1998,6,7000,3094,3906
151,1998,7,4701,3094,1607
151,1998,8,4704,5254,-550
151,1998,9,4705,4414,291
151,1998,10,4713,3094,1619
151,1998,11,4711,4294,417
151,1998,12,7025,5319,1706
152,1996,4,1100,0,1100
152,1996,5,15072,0,15072
152,1996,6,11493,0,11493
152,1996,7,5252,2300,2952
152,1996,8,5254,6000,-746
152,1996,9,5247,8154,-2907
152,1996,10,5228,9634,-4406
152,1996,11,5217,7814,-2597
152,1996,12,7763,13334,-5571
152,1997,1,8493,9794,-1301
152,1997,2,5991,3434,2557
152,1997,3,6001,5114,887
152,1997,4,6510,3434,3076
152,1997,5,5202,9354,-4152
152,1997,6,7765,6754,1011
152,1997,7,5202,4334,868
152,1997,8,5203,5334,-131
152,1997,9,5202,5434,-232
152,1997,10,5194,7334,-2140
152,1997,11,6704,3434,3270
152,1997,12,7761,12554,-4793
152,1998,1,5184,6514,-1330
152,1998,2,5488,3434,2054
152,1998,3,8306,3434,4872
152,1998,4,6319,3434,2885
152,1998,5,5221,5334,-113
152,1998,6,8804,3434,5370
152,1998,7,5233,8334,-3101
152,1998,8,5233,4934,299
152,1998,9,5234,7734,-2500
152,1998,10,5222,9734,-4512
152,1998,11,5199,8154,-2955
152,1998,12,7766,3419,4347
153,1993,9,400,0,400
153,1993,10,19765,0,19765
153,1993,11,13830,4900,8930
153,1993,12,20733,11400,9333
153,1994,1,13887,15200,-1313
153,1994,2,13871,22159,-8288
153,1994,3,13859,13859,0
153,1994,4,13863,11159,2704
153,1994,5,13870,12959,911
153,1994,6,20751,15859,4892
153,1994,7,13884,17559,-3675
153,1994,8,13891,18259,-4368
153,1994,9,13856,13559,297
153,1994,10,13835,24259,-10424
153,1994,11,13819,13523,296
153,1994,12,20697,15759,4938
153,1995,1,13830,18959,-5129
153,1995,2,13825,7959,5866
153,1995,3,13832,17170,-3338
153,1995,4,13829,11059,2770
153,1995,5,13830,14759,-929
153,1995,6,20711,23837,-3126
153,1995,7,13840,11659,2181
153,1995,8,13798,22859,-9061
153,1995,9,13796,10759,3037
153,1995,10,13815,8959,4856
153,1995,11,13817,15059,-1242
153,1995,12,20702,14659,6043
153,1996,1,13829,20159,-6330
153,1996,2,15049,4559,10490
153,1996,3,13843,19847,-6004
153,1996,4,13856,4559,9297
153,1996,5,13869,15959,-2090
153,1996,6,20771,7859,12912
153,1996,7,13876,24959,-11083
153,1996,8,13877,11859,2018
153,1996,9,13856,21859,-8003
153,1996,10,13863,8559,5304
153,1996,11,13854,21059,-7205
153,1996,12,20723,18159,2564
153,1997,1,13812,29159,-15347
153,1997,2,13813,4559,9254
153,1997,3,13842,8059,5783
153,1997,4,13852,12159,1693
153,1997,5,13845,26859,-13014
153,1997,6,20705,18059,2646
153,1997,7,13830,19459,-5629
153,1997,8,13807,12659,1148
153,1997,9,13812,9759,4053
153,1997,10,13817,15943,-2126
153,1997,11,13816,12959,857
153,1997,12,20690,19459,1231
153,1998,1,13819,17359,-3540
153,1998,2,13815,4559,9256
153,1998,3,13844,21159,-7315
153,1998,4,13818,13359,459
153,1998,5,13819,13559,260
153,1998,6,20697,21659,-962
153,1998,7,13823,4559,9264
153,1998,8,13841,15059,-1218
153,1998,9,13837,21759,-7922
153,1998,10,13811,15059,-1248
153,1998,11,13804,15259,-1455
153,1998,12,20687,12344,8343
154,1994,6,900,0,900
154,1994,7,19506,0,19506
154,1994,8,14173,6500,7673
154,1994,9,14199,10100,4099
154,1994,10,14217,9800,4417
154,1994,11,14227,14515,-288
154,1994,12,21293,18406,2887
154,1995,1,14236,27906,-13670
154,1995,2,14204,9206,4998
154,1995,3,14227,7606,6621
154,1995,4,14245,16206,-1961
154,1995,5,14234,13306,928
154,1995,6,21276,33606,-12330
154,1995,7,14207,4506,9701
154,1995,8,14238,8506,5732
154,1995,9,14244,15606,-1362
154,1995,10,14243,13706,537
154,1995,11,14250,11106,3144
154,1995,12,21300,20406,894
154,1996,1,14222,24506,-10284
154,1996,2,14226,9806,4420
154,1996,3,14242,12106,2136
154,1996,4,14244,13106,1138
154,1996,5,14246,13806,440
154,1996,6,21290,32606,-11316
154,1996,7,15424,7006,8418
154,1996,8,14258,5706,8552
154,1996,9,14270,13006,1264
154,1996,10,14279,11806,2473
154,1996,11,14310,5206,9104
154,1996,12,21395,10106,11289
154,1997,1,14333,29106,-14773
154,1997,2,14322,7606,6716
154,1997,3,14338,12106,2232
154,1997,4,14339,13706,633
154,1997,5,14333,17106,-2773
154,1997,6,21409,15906,5503
154,1997,7,14343,16106,-1763
154,1997,8,14337,15806,-1469
154,1997,9,14340,14406,-66
154,1997,10,14356,8806,5550
154,1997,11,14384,7106,7278
154,1997,12,21469,10406,11063
154,1998,1,14384,29806,-15422
154,1998,2,14393,8306,6087
154,1998,3,14417,8406,6011
154,1998,4,14413,17806,-3393
154,1998,5,14431,17006,-2575
154,1998,6,21485,27206,-5721
154,1998,7,14408,14306,102
154,1998,8,14408,11706,2702
154,1998,9,14419,9606,4813
154,1998,10,14436,14706,-270
154,1998,11,14434,15906,-1472
154,1998,12,21481,8191,13290
155,1995,11,4795,0,4795
155,1995,12,19495,0,19495
155,1996,1,4595,300,4295
155,1996,2,4813,0,4813
155,1996,3,5135,15,5120
155,1996,4,4624,8783,-4159
155,1996,5,5330,3003,2327
155,1996,6,6826,19863,-13037
155,1996,7,7086,5523,1563
155,1996,8,7687,7203,484
155,1996,9,4591,3103,1488
155,1996,10,4586,6203,-1617
155,1996,11,4589,3403,1186
155,1996,12,6934,7003,-69
155,1997,1,8755,18203,-9448
155,1997,2,4558,3003,1555
155,1997,3,6469,4903,1566
155,1997,4,5375,3003,2372
155,1997,5,4581,4603,-22
155,1997,6,6820,6283,537
155,1997,7,4582,6703,-2121
155,1997,8,6776,3003,3773
155,1997,9,5391,3003,2388
155,1997,10,5000,3003,1997
155,1997,11,7710,3003,4707
155,1997,12,8775,4763,4012
155,1998,1,11282,24803,-13521
155,1998,2,10993,3003,7990
155,1998,3,4620,4803,-183
155,1998,4,4619,4903,-284
155,1998,5,4615,7083,-2468
155,1998,6,6846,7063,-217
155,1998,7,8000,8163,-163
155,1998,8,4602,6103,-1501
155,1998,9,4597,8043,-3446
155,1998,10,4581,7403,-2822
155,1998,11,4565,9903,-5338
155,1998,12,6800,2988,3812
156,1997,10,1000,0,1000
156,1997,11,3481,0,3481
156,1997,12,3481,0,3481
156,1998,1,3481,0,3481
156,1998,2,3481,0,3481
156,1998,3,3484,15,3469
156,1998,4,3559,3215,344
156,1998,5,3563,2045,1518
156,1998,6,3552,10475,-6923
156,1998,7,3540,2045,1495
156,1998,8,3546,2045,1501
156,1998,9,3553,2045,1508
156,1998,10,3552,5245,-1693
156,1998,11,3547,4595,-1048
156,1998,12,3547,2330,1217
157,1997,3,200,0,200
157,1997,4,6918,0,6918
157,1997,5,6918,0,6918
157,1997,6,6918,0,6918
157,1997,7,6940,200,6740
157,1997,8,7036,9506,-2470
157,1997,9,7026,10046,-3020
157,1997,10,7013,8306,-1293
157,1997,11,7011,5806,1205
157,1997,12,7014,8006,-992
157,1998,1,6994,15246,-8252
157,1998,2,6979,4006,2973
157,1998,3,6992,4006,2986
157,1998,4,7004,4006,2998
157,1998,5,7016,4006,3010
157,1998,6,7007,12386,-5379
157,1998,7,7011,4646,2365
157,1998,8,7016,4006,3010
157,1998,9,7031,5286,1745
157,1998,10,7036,4006,3030
157,1998,11,7049,4006,3043
157,1998,12,7061,5761,1300
158,1995,3,700,0,700
158,1995,4,24603,2100,22503
158,1995,5,24673,12800,11873
158,1995,6,36994,26600,10394
158,1995,7,24742,22500,2242
158,1995,8,24753,25335,-582
158,1995,9,24755,24095,660
158,1995,10,24748,26335,-1587
158,1995,11,24743,24735,8
158,1995,12,37037,30635,6402
158,1996,1,24731,43755,-19024
158,1996,2,24700,22675,2025
158,1996,3,24704,24215,489
158,1996,4,24704,24075,629
158,1996,5,24715,20235,4480
158,1996,6,37007,33235,3772
158,1996,7,24717,35255,-10538
158,1996,8,24699,24515,184
158,1996,9,24696,23935,761
158,1996,10,24709,21235,3474
158,1996,11,24753,13135,11618
158,1996,12,37093,21495,15598
158,1997,1,24747,51815,-27068
158,1997,2,24748,14535,10213
158,1997,3,24767,21135,3632
158,1997,4,24769,24835,-66
158,1997,5,24751,31275,-6524
158,1997,6,37023,33775,3248
158,1997,7,24749,26335,-1586
158,1997,8,24737,47235,-22498
158,1997,9,24717,25675,-958
158,1997,10,24729,22535,2194
158,1997,11,24718,20835,3883
158,1997,12,37044,30535,6509
158,1998,1,24692,40215,-15523
158,1998,2,24694,19935,4759
158,1998,3,24707,29815,-5108
158,1998,4,24690,26135,-1445
158,1998,5,24689,7995,16694
158,1998,6,36999,53535,-16536
158,1998,7,24680,24835,-155
158,1998,8,24661,28975,-4314
158,1998,9,24675,3435,21240
158,1998,10,24733,36635,-11902
158,1998,11,24684,33735,-9051
158,1998,12,36954,35420,1534
159,1997,2,800,0,800
159,1997,3,22112,300,21812
159,1997,4,22174,12100,10074
159,1997,5,22208,15500,6708
159,1997,6,33266,25600,7666
159,1997,7,22240,26709,-4469
159,1997,8,22214,28709,-6495
159,1997,9,22202,22909,-707
159,1997,10,22241,19609,2632
159,1997,11,22203,25509,-3306
159,1997,12,33225,33809,-584
159,1998,1,22182,34409,-12227
159,1998,2,22183,12109,10074
159,1998,3,22191,24809,-2618
159,1998,4,22208,13209,8999
159,1998,5,22237,15909,6328
159,1998,6,33285,31609,1676
159,1998,7,22253,21209,1044
159,1998,8,22247,24909,-2662
159,1998,9,25602,10209,15393
159,1998,10,22340,13209,9131
159,1998,11,22388,10709,11679
159,1998,12,33471,19694,13777
160,1993,9,12321,0,12321
160,1993,10,16284,0,16284
160,1993,11,12038,400,11638
160,1993,12,18033,6200,11833
160,1994,1,12062,33047,-20985
160,1994,2,12012,15301,-3289
160,1994,3,12007,10461,1546
160,1994,4,12020,8341,3679
160,1994,5,12026,10941,1085
160,1994,6,17992,10641,7351
160,1994,7,12048,19901,-7853
160,1994,8,12032,15081,-3049
160,1994,9,12028,9441,2587
160,1994,10,12029,14821,-2792
160,1994,11,12026,11141,885
160,1994,12,17970,14301,3669
160,1995,1,19903,29221,-9318
160,1995,2,12905,8781,4124
160,1995,3,12023,11141,882
160,1995,4,12026,11141,885
160,1995,5,12031,8841,3190
160,1995,6,20154,22661,-2507
160,1995,7,12035,8041,3994
160,1995,8,12051,9201,2850
160,1995,9,12061,9541,2520
160,1995,10,12074,7941,4133
160,1995,11,12084,13541,-1457
160,1995,12,18037,14601,3436
160,1996,1,17958,31981,-14023
160,1996,2,14443,7941,6502
160,1996,3,12066,9141,2925
160,1996,4,12074,11741,333
160,1996,5,12074,12741,-667
160,1996,6,18025,21061,-3036
160,1996,7,15970,9261,6709
160,1996,8,13295,7941,5354
160,1996,9,13117,7941,5176
160,1996,10,12135,8941,3194
160,1996,11,12142,12041,101
160,1996,12,18101,12821,5280
160,1997,1,14045,23701,-9656
160,1997,2,19146,7941,11205
160,1997,3,12173,12501,-328
160,1997,4,12257,13101,-844
160,1997,5,16683,7941,8742
160,1997,6,18081,62441,-44360
160,1997,7,30667,7941,22726
160,1997,8,20352,7941,12411
160,1997,9,12166,9941,2225
160,1997,10,13477,9381,4096
160,1997,11,12188,14281,-2093
160,1997,12,18145,10241,7904
160,1998,1,22411,22741,-330
160,1998,2,20341,11301,9040
160,1998,3,12236,14961,-2725
160,1998,4,16654,15501,1153
160,1998,5,12246,12441,-195
160,1998,6,18160,28961,-10801
160,1998,7,18421,7941,10480
160,1998,8,16259,7941,8318
160,1998,9,13283,7941,5342
160,1998,10,14810,11541,3269
160,1998,11,12312,8941,3371
160,1998,12,18126,73646,-55520
161,1994,7,5335,0,5335
161,1994,8,4441,0,4441
161,1994,9,4441,0,4441
161,1994,10,4441,0,4441
161,1994,11,4476,3707,769
161,1994,12,4505,2896,1609
161,1995,1,4514,2296,2218
161,1995,2,4513,4776,-263
161,1995,3,4522,2296,2226
161,1995,4,4531,2496,2035
161,1995,5,4527,6376,-1849
161,1995,6,4497,16746,-12249
161,1995,7,4481,2296,2185
161,1995,8,4488,4696,-208
161,1995,9,4489,2296,2193
161,1995,10,4487,7256,-2769
161,1995,11,4486,2296,2190
161,1995,12,4489,4606,-117
161,1996,1,4495,2296,2199
161,1996,2,4504,2296,2208
161,1996,3,4508,4416,92
161,1996,4,4511,4696,-185
161,1996,5,4509,3336,1173
161,1996,6,4505,10496,-5991
161,1996,7,4493,2296,2197
161,1996,8,4492,5256,-764
161,1996,9,4495,3496,999
161,1996,10,4503,2296,2207
161,1996,11,4502,5316,-814
161,1996,12,4495,6536,-2041
161,1997,1,4500,2296,2204
161,1997,2,4509,2296,2213
161,1997,3,4514,4456,58
161,1997,4,4517,2936,1581
161,1997,5,4515,5176,-661
161,1997,6,4510,12996,-8486
161,1997,7,4487,2296,2191
161,1997,8,4496,2296,2200
161,1997,9,4505,2296,2209
161,1997,10,4514,2296,2218
161,1997,11,4521,3196,1325
161,1997,12,4514,8146,-3632
161,1998,1,4510,4696,-186
161,1998,2,4509,3016,1493
161,1998,3,4515,5176,-661
161,1998,4,4516,2296,2220
161,1998,5,4525,2296,2229
161,1998,6,4527,5396,-869
161,1998,7,4501,11336,-6835
161,1998,8,4502,2296,2206
161,1998,9,4507,3996,511
161,1998,10,4513,2696,1817
161,1998,11,4507,8396,-3889
161,1998,12,4487,9031,-4544
162,1993,8,200,0,200
162,1993,9,5188,0,5188
162,1993,10,5188,0,5188
162,1993,11,5188,0,5188
162,1993,12,5188,0,5188
162,1994,1,5256,4873,383
162,1994,2,5281,4573,708
162,1994,3,5284,4353,931
162,1994,4,5265,10673,-5408
162,1994,5,5267,3473,1794
162,1994,6,5273,6173,-900
162,1994,7,5270,3473,1797
162,1994,8,5278,3473,1805
162,1994,9,5282,5273,9
162,1994,10,5283,4433,850
162,1994,11,5289,3473,1816
162,1994,12,5292,4923,369
162,1995,1,5294,5473,-179
162,1995,2,5293,6353,-1060
162,1995,3,5290,4993,297
162,1995,4,5294,3473,1821
162,1995,5,5302,3473,1829
162,1995,6,5263,17223,-11960
162,1995,7,5259,3473,1786
162,1995,8,5267,3473,1794
162,1995,9,5274,3473,1801
162,1995,10,5282,3473,1809
162,1995,11,5289,3473,1816
162,1995,12,5292,7553,-2261
162,1996,1,5287,3473,1814
162,1996,2,5295,3473,1822
162,1996,3,5302,3473,1829
162,1996,4,5309,4113,1196
162,1996,5,5312,4913,399
162,1996,6,5309,7573,-2264
162,1996,7,5305,4433,872
162,1996,8,5309,4113,1196
162,1996,9,5315,3473,1842
162,1996,10,5323,3473,1850
162,1996,11,5331,3673,1658
162,1996,12,5335,4523,812
162,1997,1,5333,7853,-2520
162,1997,2,5330,3473,1857
162,1997,3,5330,9073,-3743
162,1997,4,5315,6193,-878
162,1997,5,5319,3473,1846
162,1997,6,5316,19133,-13817
162,1997,7,5269,3473,1796
162,1997,8,5276,3473,1803
162,1997,9,5282,4993,289
162,1997,10,5283,4593,690
162,1997,11,5287,3473,1814
162,1997,12,5294,4623,671
162,1998,1,5298,3473,1825
162,1998,2,5305,3473,1832
162,1998,3,5313,3473,1840
162,1998,4,5320,3473,1847
162,1998,5,5318,6753,-1435
162,1998,6,5307,16263,-10956
162,1998,7,5276,3953,1323
162,1998,8,5272,7153,-1881
162,1998,9,5272,6273,-1001
162,1998,10,5269,3473,1796
162,1998,11,5277,3473,1804
162,1998,12,5280,6098,-818
163,1993,1,900,0,900
163,1993,2,6698,0,6698
163,1993,3,6698,0,6698
163,1993,4,6709,500,6209
163,1993,5,6788,100,6688
163,1993,6,6815,7093,-278
163,1993,7,6816,6143,673
163,1993,8,6817,7643,-826
163,1993,9,6814,6523,291
163,1993,10,6813,8843,-2030
163,1993,11,6810,3743,3067
163,1993,12,6821,4793,2028
163,1994,1,6803,15623,-8820
163,1994,2,6794,3743,3051
163,1994,3,6807,5103,1704
163,1994,4,6808,6703,105
163,1994,5,6810,7443,-633
163,1994,6,6789,12793,-6004
163,1994,7,6782,5663,1119
163,1994,8,6784,7583,-799
163,1994,9,6786,6703,83
163,1994,10,6789,3743,3046
163,1994,11,6801,3743,3058
163,1994,12,6811,4743,2068
163,1995,1,6791,18513,-11722
163,1995,2,6774,3743,3031
163,1995,3,6785,4143,2642
163,1995,4,6790,6743,47
163,1995,5,6798,3743,3055
163,1995,6,6792,11093,-4301
163,1995,7,6792,3743,3049
163,1995,8,6796,7263,-467
163,1995,9,6801,7663,-862
163,1995,10,6791,6863,-72
163,1995,11,6792,6303,489
163,1995,12,6791,7883,-1092
163,1996,1,6778,11263,-4485
163,1996,2,6778,3743,3035
163,1996,3,6785,6223,562
163,1996,4,6793,3743,3050
163,1996,5,6803,5583,1220
163,1996,6,6810,3743,3067
163,1996,7,6815,9503,-2688
163,1996,8,6812,3743,3069
163,1996,9,6824,6543,281
163,1996,10,6830,3743,3087
163,1996,11,6831,7343,-512
163,1996,12,6834,6983,-149
163,1997,1,6812,20403,-13591
163,1997,2,6778,3743,3035
163,1997,3,6791,3743,3048
163,1997,4,6803,3743,3060
163,1997,5,6817,3743,3074
163,1997,6,6829,3743,3086
163,1997,7,6840,5343,1497
163,1997,8,6840,8843,-2003
163,1997,9,6839,3943,2896
163,1997,10,6846,5903,943
163,1997,11,6848,6743,105
163,1997,12,6842,9143,-2301
163,1998,1,6811,17783,-10972
163,1998,2,6800,3743,3057
163,1998,3,6813,3743,3070
163,1998,4,6818,7343,-525
163,1998,5,6823,5023,1800
163,1998,6,6819,8293,-1474
163,1998,7,6817,6783,34
163,1998,8,6825,3743,3082
163,1998,9,6829,7103,-274
163,1998,10,6836,3743,3093
163,1998,11,6849,3743,3106
163,1998,12,6854,7618,-764
164,1996,9,200,0,200
164,1996,10,12900,0,12900
164,1996,11,4500,0,4500
164,1996,12,2500,0,2500
164,1997,1,27315,2900,24415
164,1997,2,186,13300,-13114
164,1997,3,186,8500,-8314
164,1997,4,186,4200,-4014
164,1997,5,186,1800,-1614
164,1997,6,17833,5000,12833
164,1997,7,126,10800,-10674
164,1997,8,126,3800,-3674
164,1997,9,126,2300,-2174
164,1997,10,126,1700,-1574
164,1997,12,126,100,26
164,1998,2,37598,0,37598
164,1998,3,207,19300,-19093
164,1998,4,207,5400,-5193
164,1998,5,207,4800,-4593
164,1998,6,47253,21700,25553
164,1998,7,193,8100,-7907
164,1998,8,193,4500,-4307
164,1998,9,1293,0,1293
164,1998,10,3193,0,3193
164,1998,11,193,3300,-3107
164,1998,12,0,2800,-2800
165,1993,6,7886,0,7886
165,1993,7,6897,0,6897
165,1993,8,6897,0,6897
165,1993,9,6902,1700,5202
165,1993,10,6977,5215,1762
165,1993,11,6994,6403,591
165,1993,12,6997,7153,-156
165,1994,1,6978,9803,-2825
165,1994,2,6985,6803,182
165,1994,3,6986,6163,823
165,1994,4,6985,5643,1342
165,1994,5,6995,5003,1992
165,1994,6,6987,12053,-5066
165,1994,7,6979,4703,2276
165,1994,8,6988,7803,-815
165,1994,9,6988,7723,-735
165,1994,10,6984,5503,1481
165,1994,11,6989,6103,886
165,1994,12,6985,7233,-248
165,1995,1,6972,9843,-2871
165,1995,2,6980,5003,1977
165,1995,3,6987,5883,1104
165,1995,4,6988,7943,-955
165,1995,5,6988,5503,1485
165,1995,6,6977,16453,-9476
165,1995,7,6960,1803,5157
165,1995,8,6978,3803,3175
165,1995,9,6988,5703,1285
165,1995,10,6991,6603,388
165,1995,11,6993,5443,1550
165,1995,12,6993,7153,-160
165,1996,1,6985,11063,-4078
165,1996,2,6983,5203,1780
165,1996,3,6989,5703,1286
165,1996,4,6991,7003,-12
165,1996,5,6991,7103,-112
165,1996,6,6984,12563,-5579
165,1996,7,6964,5923,1041
165,1996,8,6965,6983,-18
165,1996,9,6974,7983,-1009
165,1996,10,6967,6203,764
165,1996,11,6975,4703,2272
165,1996,12,6990,2253,4737
165,1997,1,6988,13083,-6095
165,1997,2,6984,1803,5181
165,1997,3,7007,1803,5204
165,1997,4,7012,8523,-1511
165,1997,5,7022,3403,3619
165,1997,6,7020,13853,-6833
165,1997,7,7008,1803,5205
165,1997,8,7027,2203,4824
165,1997,9,7047,5523,1524
165,1997,10,7056,1803,5253
165,1997,11,7078,1803,5275
165,1997,12,7081,6803,278
165,1998,1,7049,20023,-12974
165,1998,2,7033,6203,830
165,1998,3,7034,6203,831
165,1998,4,7048,4823,2225
165,1998,5,7058,2763,4295
165,1998,6,7064,16703,-9639
165,1998,7,7030,7963,-933
165,1998,8,7028,3803,3225
165,1998,9,7049,1803,5246
165,1998,10,7071,1803,5268
165,1998,11,7093,1803,5290
165,1998,12,7110,3238,3872
166,1996,8,800,0,800
166,1996,9,4566,0,4566
166,1996,10,4566,0,4566
166,1996,11,4566,0,4566
166,1996,12,4566,0,4566
166,1997,1,4615,3659,956
166,1997,2,4653,3059,1594
166,1997,3,4660,3059,1601
166,1997,4,4660,6739,-2079
166,1997,5,4658,3059,1599
166,1997,6,4665,4019,646
166,1997,7,4667,3159,1508
166,1997,8,4672,3859,813
166,1997,9,4667,7359,-2692
166,1997,10,4666,3059,1607
166,1997,11,4668,4859,-191
166,1997,12,4671,3459,1212
166,1998,1,4674,4259,415
166,1998,2,4679,3459,1220
166,1998,3,4672,10139,-5467
166,1998,4,4660,3059,1601
166,1998,5,4667,3059,1608
166,1998,6,4674,3059,1615
166,1998,7,4672,6859,-2187
166,1998,8,4664,6499,-1835
166,1998,9,4661,4499,162
166,1998,10,4664,3059,1605
166,1998,11,4671,3059,1612
166,1998,12,4663,8994,-4331
167,1996,2,1100,0,1100
167,1996,3,12300,0,12300
167,1996,4,4600,0,4600
167,1996,5,2400,0,2400
167,1996,6,1700,0,1700
167,1996,7,0,200,-200
167,1996,8,300,0,300
167,1996,9,2600,0,2600
167,1996,10,3700,0,3700
167,1996,11,3500,0,3500
167,1996,12,3500,0,3500
167,1997,1,53491,24400,29091
167,1997,2,269,10800,-10531
167,1997,3,46719,22200,24519
167,1997,4,19376,16330,3046
167,1997,5,37423,54130,-16707
167,1997,6,86141,81447,4694
167,1997,7,87186,52730,34456
167,1997,8,73519,121930,-48411
167,1997,9,27747,17505,10242
167,1997,10,43862,51730,-7868
167,1997,11,107407,91970,15437
167,1997,12,166872,173409,-6537
167,1998,1,46679,88699,-42020
167,1998,2,38499,30,38469
167,1998,3,83444,103784,-20340
167,1998,4,48475,55264,-6789
167,1998,5,124,13365,-13241
167,1998,6,113651,83648,30003
167,1998,7,218,16730,-16512
167,1998,8,171222,129004,42218
167,1998,9,44675,33539,11136
167,1998,10,42662,34730,7932
167,1998,11,15620,42550,-26930
167,1998,12,11484,33000,-21516
168,1993,4,500,0,500
168,1993,5,3020,0,3020
168,1993,6,3020,0,3020
168,1993,7,3020,0,3020
168,1993,8,3020,0,3020
168,1993,9,3063,3438,-375
168,1993,10,3074,2028,1046
168,1993,11,3079,2028,1051
168,1993,12,3083,2358,725
168,1994,1,3079,5478,-2399
168,1994,2,3073,3228,-155
168,1994,3,3076,2028,1048
168,1994,4,3079,3198,-119
168,1994,5,3079,2028,1051
168,1994,6,3084,2028,1056
168,1994,7,3088,2028,1060
168,1994,8,3093,2028,1065
168,1994,9,3097,2028,1069
168,1994,10,3101,2028,1073
168,1994,11,3106,2028,1078
168,1994,12,3110,2298,812
168,1995,1,3099,7788,-4689
168,1995,2,3094,2028,1066
168,1995,3,3099,2028,1071
168,1995,4,3103,2028,1075
168,1995,5,3106,2728,378
168,1995,6,3107,4638,-1531
168,1995,7,3102,2598,504
168,1995,8,3100,3928,-828
168,1995,9,3099,2998,101
168,1995,10,3092,6028,-2936
168,1995,11,3087,3538,-451
168,1995,12,3087,2208,879
168,1996,1,3082,5568,-2486
168,1996,2,3081,2028,1053
168,1996,3,3081,3628,-547
168,1996,4,3083,2028,1055
168,1996,5,3087,2028,1059
168,1996,6,3089,2958,131
168,1996,7,3091,2628,463
168,1996,8,3093,2448,645
168,1996,9,3097,2028,1069
168,1996,10,3096,3428,-332
168,1996,11,3099,2328,771
168,1996,12,3094,4778,-1684
168,1997,1,3081,7088,-4007
168,1997,2,3079,2028,1051
168,1997,3,3076,4328,-1252
168,1997,4,3079,3728,-649
168,1997,5,3075,2028,1047
168,1997,6,3080,2028,1052
168,1997,7,3084,2028,1056
168,1997,8,3087,2388,699
168,1997,9,3090,3168,-78
168,1997,10,3091,2028,1063
168,1997,11,3095,2628,467
168,1997,12,3097,2868,229
168,1998,1,3093,4608,-1515
168,1998,2,3088,2988,100
168,1998,3,3092,2028,1064
168,1998,4,3095,2298,797
168,1998,5,3100,2028,1072
168,1998,6,3101,3198,-97
168,1998,7,3103,2028,1075
168,1998,8,3108,2028,1080
168,1998,9,3107,10908,-7801
168,1998,10,3080,2028,1052
168,1998,11,3084,2828,256
168,1998,12,3083,2583,500
169,1995,9,500,0,500
169,1995,10,19903,0,19903
169,1995,11,12883,2700,10183
169,1995,12,19320,12000,7320
169,1996,1,12951,11200,1751
169,1996,2,12958,11115,1843
169,1996,3,12957,15990,-3033
169,1996,4,12965,9490,3475
169,1996,5,12979,13290,-311
169,1996,6,19389,13390,5999
169,1996,7,12999,15290,-2291
169,1996,8,12988,15290,-2302
169,1996,9,12984,10790,2194
169,1996,10,12986,14590,-1604
169,1996,11,12985,10990,1995
169,1996,12,19403,13590,5813
169,1997,1,13013,12990,23
169,1997,2,13020,8490,4530
169,1997,3,13024,14390,-1366
169,1997,4,13037,5890,7147
169,1997,5,13060,10790,2270
169,1997,6,19467,18790,677
169,1997,7,13048,17490,-4442
169,1997,8,13045,15590,-2545
169,1997,9,13037,12290,747
169,1997,10,13036,14390,-1354
169,1997,11,13024,16990,-3966
169,1997,12,19417,15690,3727
169,1998,1,13023,15990,-2967
169,1998,2,13005,15690,-2685
169,1998,3,13016,9190,3826
169,1998,4,13023,12590,433
169,1998,5,13022,13490,-468
169,1998,6,19705,19590,115
169,1998,7,13027,10590,2437
169,1998,8,13029,13190,-161
169,1998,9,14144,8390,5754
169,1998,10,13061,10390,2671
169,1998,11,13048,16390,-3342
169,1998,12,19455,14775,4680
170,1996,7,18119,0,18119
170,1996,8,24412,6000,18412
170,1996,9,17219,12300,4919
170,1996,10,17239,17000,239
170,1996,11,17239,17515,-276
170,1996,12,25798,19915,5883
170,1997,1,17290,21215,-3925
170,1997,2,17277,17715,-438
170,1997,3,17245,16315,930
170,1997,4,17273,18115,-842
170,1997,5,17277,17415,-138
170,1997,6,25806,25515,291
170,1997,7,17244,19215,-1971
170,1997,8,17238,16415,823
170,1997,9,17243,14915,2328
170,1997,10,17250,18115,-865
170,1997,11,17255,20915,-3660
170,1997,12,25812,21215,4597
170,1998,1,17268,24115,-6847
170,1998,2,17254,14615,2639
170,1998,3,17259,10815,6444
170,1998,4,17261,15815,1446
170,1998,5,17268,15615,1653
170,1998,6,25835,26815,-980
170,1998,7,17268,17715,-447
170,1998,8,17276,10615,6661
170,1998,9,17300,13415,3885
170,1998,10,17309,17815,-506
170,1998,11,17317,22115,-4798
170,1998,12,25826,23300,2526
171,1996,6,6519,0,6519
171,1996,7,6030,0,6030
171,1996,8,6030,0,6030
171,1996,9,6030,0,6030
171,1996,10,6080,3501,2579
171,1996,11,6119,7181,-1062
171,1996,12,6117,4101,2016
171,1997,1,6100,16111,-10011
171,1997,2,6084,3501,2583
171,1997,3,6095,3501,2594
171,1997,4,6102,5401,701
171,1997,5,6099,8461,-2362
171,1997,6,6094,8761,-2667
171,1997,7,6085,5101,984
171,1997,8,6088,4801,1287
171,1997,9,6098,3601,2497
171,1997,10,6092,14601,-8509
171,1997,11,6072,4741,1331
171,1997,12,6076,9201,-3125
171,1998,1,6060,5661,399
171,1998,2,6066,3501,2565
171,1998,3,6077,4301,1776
171,1998,4,6076,8541,-2465
171,1998,5,6073,7001,-928
171,1998,6,6070,4501,1569
171,1998,7,6074,6761,-687
171,1998,8,6070,10201,-4131
171,1998,9,6057,3501,2556
171,1998,10,6067,3501,2566
171,1998,11,6075,6601,-526
171,1998,12,6070,6626,-556
172,1993,8,700,0,700
172,1993,9,25196,0,25196
172,1993,10,22501,11400,11101
172,1993,11,22545,16300,6245
172,1993,12,33768,25900,7868
172,1994,1,22588,44156,-21568
172,1994,2,22551,14936,7615
172,1994,3,22582,19536,3046
172,1994,4,22594,18536,4058
172,1994,5,22606,26716,-4110
172,1994,6,36699,53716,-17017
172,1994,7,22522,16216,6306
172,1994,8,22549,13536,9013
172,1994,9,22578,21336,1242
172,1994,10,22583,20636,1947
172,1994,11,22590,19656,2934
172,1994,12,33829,29356,4473
172,1995,1,22574,45876,-23302
172,1995,2,22538,13436,9102
172,1995,3,22567,15436,7131
172,1995,4,22585,23136,-551
172,1995,5,22587,19536,3051
172,1995,6,33806,37596,-3790
172,1995,7,22583,18536,4047
172,1995,8,22588,24536,-1948
172,1995,9,22602,23496,-894
172,1995,10,22583,19136,3447
172,1995,11,22589,22636,-47
172,1995,12,33798,30116,3682
172,1996,1,22580,37676,-15096
172,1996,2,22551,25556,-3005
172,1996,3,22533,19136,3397
172,1996,4,22548,17436,5112
172,1996,5,22554,25976,-3422
172,1996,6,33762,23836,9926
172,1996,7,22578,24736,-2158
172,1996,8,22564,26196,-3632
172,1996,9,22545,26236,-3691
172,1996,10,22540,22136,404
172,1996,11,22527,30516,-7989
172,1996,12,33727,24816,8911
172,1997,1,22529,37576,-15047
172,1997,2,22507,14136,8371
172,1997,3,22519,21636,883
172,1997,4,22520,22536,-16
172,1997,5,22521,23056,-535
172,1997,6,33746,22436,11310
172,1997,7,22559,24836,-2277
172,1997,8,22547,25636,-3089
172,1997,9,22545,22236,309
172,1997,10,22547,21836,711
172,1997,11,22541,27656,-5115
172,1997,12,33765,28676,5089
172,1998,1,22546,31576,-9030
172,1998,2,22555,13416,9139
172,1998,3,22540,25036,-2496
172,1998,4,22594,5636,16958
172,1998,5,22627,17036,5591
172,1998,6,33852,48336,-14484
172,1998,7,22604,12156,10448
172,1998,8,22620,20736,1884
172,1998,9,22617,24036,-1419
172,1998,10,22623,20336,2287
172,1998,11,22626,24916,-2290
172,1998,12,33856,24081,9775
173,1993,11,500,0,500
173,1993,12,25990,2300,23690
173,1994,1,17424,6700,10724
173,1994,2,17461,12900,4561
173,1994,3,17478,16400,1078
173,1994,4,17481,23623,-6142
173,1994,5,17458,23723,-6265
173,1994,6,26106,24957,1149
173,1994,7,17433,20757,-3324
173,1994,8,17423,18157,-734
173,1994,9,17418,18757,-1339
173,1994,10,20019,17357,2662
173,1994,11,17424,18657,-1233
173,1994,12,26093,23937,2156
173,1995,1,24402,35197,-10795
173,1995,2,21892,17357,4535
173,1995,3,21811,17357,4454
173,1995,4,17420,18357,-937
173,1995,5,19518,25557,-6039
173,1995,6,26084,16143,9941
173,1995,7,17439,18223,-784
173,1995,8,17438,23423,-5985
173,1995,9,17427,9423,8004
173,1995,10,20335,20823,-488
173,1995,11,20550,21823,-1273
173,1995,12,26121,23143,2978
173,1996,1,21526,34523,-12997
173,1996,2,22316,15123,7193
173,1996,3,23128,20823,2305
173,1996,4,21645,15823,5822
173,1996,5,21355,25843,-4488
173,1996,6,26112,20123,5989
173,1996,7,18471,15923,2548
173,1996,8,17459,21923,-4464
173,1996,9,17438,22823,-5385
173,1996,10,17424,20723,-3299
173,1996,11,17403,22823,-5420
173,1996,12,26057,26763,-706
173,1997,1,17886,27563,-9677
173,1997,2,25902,8623,17279
173,1997,3,17419,18623,-1204
173,1997,4,17419,21723,-4304
173,1997,5,19712,15723,3989
173,1997,6,32414,33063,-649
173,1997,7,26333,29023,-2690
173,1997,8,26055,8623,17432
173,1997,9,21173,21463,-290
173,1997,10,18283,14823,3460
173,1997,11,21897,17423,4474
173,1997,12,30220,18443,11777
173,1998,1,17461,50463,-33002
173,1998,2,29744,20323,9421
173,1998,3,22854,22743,111
173,1998,4,27690,16723,10967
173,1998,5,22733,20723,2010
173,1998,6,31871,27183,4688
173,1998,7,21144,19963,1181
173,1998,8,25957,18023,7934
173,1998,9,21685,22963,-1278
173,1998,10,26585,21363,5222
173,1998,11,17574,20723,-3149
173,1998,12,26241,24148,2093
174,1996,9,4291,0,4291
174,1996,10,3395,0,3395
174,1996,11,3395,0,3395
174,1996,12,3395,0,3395
174,1997,1,3428,1125,2303
174,1997,2,3449,3714,-265
174,1997,3,3450,2154,1296
174,1997,4,3453,2724,729
174,1997,5,3452,4154,-702
174,1997,6,3451,3154,297
174,1997,7,3456,4454,-998
174,1997,8,3448,3504,-56
174,1997,9,3452,2154,1298
174,1997,10,3457,4654,-1197
174,1997,11,3451,5554,-2103
174,1997,12,3437,6424,-2987
174,1998,1,3430,4554,-1124
174,1998,2,3427,2154,1273
174,1998,3,3432,2154,1278
174,1998,4,3437,2154,1283
174,1998,5,3441,5154,-1713
174,1998,6,3436,2154,1282
174,1998,7,3441,2154,1287
174,1998,8,3445,2904,541
174,1998,9,3448,2154,1294
174,1998,10,3454,2154,1300
174,1998,11,3459,2154,1305
174,1998,12,3464,2589,875
176,1996,8,51428,0,51428
176,1996,9,214,14100,-13886
176,1996,10,38022,9030,28992
176,1996,11,55946,50950,4996
176,1996,12,137,59110,-58973
176,1997,1,89344,69827,19517
176,1997,2,98805,29927,68878
176,1997,3,65047,96627,-31580
176,1997,4,86068,101815,-15747
176,1997,5,66672,30515,36157
176,1997,6,27553,66315,-38762
176,1997,7,102844,90815,12029
176,1997,8,39202,35615,3587
176,1997,9,50387,47815,2572
176,1997,10,38211,88615,-50404
176,1997,11,29143,7015,22128
176,1997,12,142857,108315,34542
176,1998,1,60857,69343,-8486
176,1998,2,71661,45515,26146
176,1998,3,167,75232,-75065
176,1998,4,31856,6827,25029
176,1998,5,42158,32827,9331
176,1998,6,114,37427,-37313
176,1998,7,28509,19311,9198
176,1998,8,82,10027,-9945
176,1998,9,99448,10727,88721
176,1998,10,26166,103327,-77161
176,1998,11,84239,66353,17886
176,1998,12,54137,26123,28014
177,1997,9,800,0,800
177,1997,10,20767,0,20767
177,1997,11,19550,7300,12250
177,1997,12,29325,19200,10125
177,1998,1,19636,16600,3036
177,1998,2,19646,18315,1331
177,1998,3,19649,21615,-1966
177,1998,4,19642,20715,-1073
177,1998,5,19639,18915,724
177,1998,6,29383,27715,1668
177,1998,7,19663,27955,-8292
177,1998,8,19611,23995,-4384
177,1998,9,19600,16115,3485
177,1998,10,19607,21615,-2008
177,1998,11,19602,19415,187
177,1998,12,29396,3680,25716
178,1997,9,3991,0,3991
178,1997,10,2998,0,2998
178,1997,11,2998,0,2998
178,1997,12,2998,0,2998
178,1998,1,3017,2505,512
178,1998,2,3036,3232,-196
178,1998,3,3038,3472,-434
178,1998,4,3036,2902,134
178,1998,5,3037,2002,1035
178,1998,6,3037,4102,-1065
178,1998,7,3037,2002,1035
178,1998,8,3041,2002,1039
178,1998,9,3045,2002,1043
178,1998,10,3049,2902,147
178,1998,11,3050,2002,1048
178,1998,12,3054,2257,797
179,1997,9,200,0,200
179,1997,10,16300,0,16300
179,1997,11,83300,31900,51400
179,1997,12,39163,47400,-8237
179,1998,1,29198,33508,-4310
179,1998,2,86341,64997,21344
179,1998,3,73226,78172,-4946
179,1998,4,230,30997,-30767
179,1998,5,139741,115897,23844
179,1998,6,23638,29697,-6059
179,1998,7,171,26793,-26622
179,1998,8,22542,21797,745
179,1998,9,39748,45210,-5462
179,1998,10,52385,13697,38688
179,1998,11,36935,39939,-3004
179,1998,12,201,19067,-18866
180,1993,12,800,0,800
180,1994,1,23318,1600,21718
180,1994,2,23391,8900,14491
180,1994,3,23429,17600,5829
180,1994,4,23440,22800,640
180,1994,5,23424,31630,-8206
180,1994,6,35067,24230,10837
180,1994,7,23450,26963,-3513
180,1994,8,23434,27279,-3845
180,1994,9,23370,46889,-23519
180,1994,10,23367,26533,-3166
180,1994,11,23321,25242,-1921
180,1994,12,34963,47406,-12443
180,1995,1,38634,37839,795
180,1995,2,39674,34,39640
180,1995,3,23379,37150,-13771
180,1995,4,28385,37334,-8949
180,1995,5,30419,30,30389
180,1995,6,35158,10130,25028
180,1995,7,23535,28795,-5260
180,1995,8,23538,25213,-1675
180,1995,9,23516,50768,-27252
180,1995,10,23429,37944,-14515
180,1995,11,27937,30,27907
180,1995,12,35159,22602,12557
180,1996,1,23431,64930,-41499
180,1996,2,26026,30,25996
180,1996,3,23498,9830,13668
180,1996,4,23544,13230,10314
180,1996,5,23558,33630,-10072
180,1996,6,35205,16657,18548
180,1996,7,23594,50697,-27103
180,1996,8,23522,34863,-11341
180,1996,9,29600,52623,-23023
180,1996,10,23341,6430,16911
180,1996,11,23424,13211,10213
180,1996,12,35073,44781,-9708
180,1997,1,35578,52830,-17252
180,1997,2,23344,4130,19214
180,1997,3,23445,14730,8715
180,1997,4,23457,13130,10327
180,1997,5,23504,20430,3074
180,1997,6,35145,24430,10715
180,1997,7,23549,26230,-2681
180,1997,8,23545,17630,5915
180,1997,9,23596,25767,-2171
180,1997,10,23559,19930,3629
180,1997,11,23597,25130,-1533
180,1997,12,35234,38130,-2896
180,1998,1,34364,72121,-37757
180,1998,2,46307,39507,6800
180,1998,3,30457,12376,18081
180,1998,4,23502,23580,-78
180,1998,5,23526,35307,-11781
180,1998,6,35110,12910,22200
180,1998,7,23562,26130,-2568
180,1998,8,25525,31071,-5546
180,1998,9,23506,23860,-354
180,1998,10,23523,16177,7346
180,1998,11,23561,8930,14631
180,1998,12,35216,52434,-17218
181,1996,6,200,0,200
181,1996,7,20831,0,20831
181,1996,8,10891,2500,8391
181,1996,9,10923,2000,8923
181,1996,10,10950,4500,6450
181,1996,11,10942,17195,-6253
181,1996,12,16341,10095,6246
181,1997,1,10913,29695,-18782
181,1997,2,13401,6795,6606
181,1997,3,10919,7795,3124
181,1997,4,10924,9995,929
181,1997,5,10929,10295,634
181,1997,6,20136,12495,7641
181,1997,7,10957,12095,-1138
181,1997,8,10949,13095,-2146
181,1997,9,10947,10995,-48
181,1997,10,10941,13795,-2854
181,1997,11,10940,9195,1745
181,1997,12,16338,11595,4743
181,1998,1,10926,24495,-13569
181,1998,2,10916,6995,3921
181,1998,3,10920,11395,-475
181,1998,4,10899,18195,-7296
181,1998,5,10887,11395,-508
181,1998,6,16289,10595,5694
181,1998,7,10906,15995,-5089
181,1998,8,10898,13695,-2797
181,1998,9,11078,10795,283
181,1998,10,10885,12595,-1710
181,1998,11,10879,9795,1084
181,1998,12,16281,8580,7701
182,1996,8,200,0,200
182,1997,4,10700,0,10700
182,1997,5,4900,0,4900
182,1997,6,0,1900,-1900
182,1997,7,2600,0,2600
182,1997,8,400,0,400
182,1997,9,0,5600,-5600
182,1997,10,900,0,900
182,1998,1,0,2200,-2200
183,1993,12,200,0,200
183,1994,1,18695,0,18695
183,1994,2,14751,3800,10951
183,1994,3,14781,9200,5581
183,1994,4,14793,13500,1293
183,1994,5,14784,20669,-5885
183,1994,6,22106,19669,2437
183,1994,7,14770,21529,-6759
183,1994,8,14753,15769,-1016
183,1994,9,14752,14569,183
183,1994,10,14753,14269,484
183,1994,11,14743,19789,-5046
183,1994,12,22062,21089,973
183,1995,1,14753,23509,-8756
183,1995,2,20146,7529,12617
183,1995,3,14756,14369,387
183,1995,4,14769,12349,2420
183,1995,5,14765,14449,316
183,1995,6,22108,30109,-8001
183,1995,7,14949,9809,5140
183,1995,8,14762,16729,-1967
183,1995,9,14756,11669,3087
183,1995,10,14768,13089,1679
183,1995,11,14773,12669,2104
183,1995,12,22107,16429,5678
183,1996,1,14761,32609,-17848
183,1996,2,14751,5969,8782
183,1996,3,14763,21429,-6666
183,1996,4,14759,8669,6090
183,1996,5,14783,12969,1814
183,1996,6,22091,24869,-2778
183,1996,7,14777,8369,6408
183,1996,8,14804,13469,1335
183,1996,9,14809,12669,2140
183,1996,10,14800,19209,-4409
183,1996,11,14798,14169,629
183,1996,12,22142,17529,4613
183,1997,1,14808,28369,-13561
183,1997,2,14768,6569,8199
183,1997,3,14798,12669,2129
183,1997,4,14809,9169,5640
183,1997,5,14828,12149,2679
183,1997,6,22919,31489,-8570
183,1997,7,14806,12049,2757
183,1997,8,14817,10269,4548
183,1997,9,14829,15369,-540
183,1997,10,14825,16169,-1344
183,1997,11,14816,17569,-2753
183,1997,12,22149,20609,1540
183,1998,1,14805,18369,-3564
183,1998,2,14800,13769,1031
183,1998,3,14804,14669,135
183,1998,4,14806,13269,1537
183,1998,5,14802,16669,-1867
183,1998,6,22139,18469,3670
183,1998,7,14808,19169,-4361
183,1998,8,14781,26809,-12028
183,1998,9,14750,12269,2481
183,1998,10,14763,10369,4394
183,1998,11,14780,10589,4191
183,1998,12,22143,9794,12349
184,1996,2,600,0,600
184,1996,3,21026,0,21026
184,1996,4,19800,10200,9600
184,1996,5,19833,15500,4333
184,1996,6,29706,21700,8006
184,1996,7,19878,19715,163
184,1996,8,19882,19815,67
184,1996,9,19894,19815,79
184,1996,10,19880,19415,465
184,1996,11,19880,20815,-935
184,1996,12,29738,24415,5323
184,1997,1,19887,43115,-23228
184,1997,2,19841,10815,9026
184,1997,3,19852,13915,5937
184,1997,4,19872,16615,3257
184,1997,5,19892,13715,6177
184,1997,6,29768,30415,-647
184,1997,7,19896,22215,-2319
184,1997,8,19912,18715,1197
184,1997,9,19902,17615,2287
184,1997,10,19897,23415,-3518
184,1997,11,19899,21715,-1816
184,1997,12,29749,28915,834
184,1998,1,19854,41215,-21361
184,1998,2,19825,13315,6510
184,1998,3,19836,15915,3921
184,1998,4,19841,20015,-174
184,1998,5,19839,23115,-3276
184,1998,6,29705,19915,9790
184,1998,7,19867,20115,-248
184,1998,8,19881,15215,4666
184,1998,9,19901,15315,4586
184,1998,10,19917,16815,3102
184,1998,11,19938,13915,6023
184,1998,12,29885,22300,7585
185,1997,7,20291,0,20291
185,1997,8,19371,500,18871
185,1997,9,19424,8800,10624
185,1997,10,19460,12000,7460
185,1997,11,19455,25241,-5786
185,1997,12,29085,35341,-6256
185,1998,1,19435,22441,-3006
185,1998,2,19441,6541,12900
185,1998,3,19467,21441,-1974
185,1998,4,19495,20941,-1446
185,1998,5,19479,18941,538
185,1998,6,29118,30741,-1623
185,1998,7,19473,18241,1232
185,1998,8,19477,16641,2836
185,1998,9,19485,22641,-3156
185,1998,10,19468,25441,-5973
185,1998,11,19446,20841,-1395
185,1998,12,29093,7626,21467
186,1993,7,700,0,700
186,1993,8,21582,0,21582
186,1993,9,32881,16200,16681
186,1993,10,15965,13000,2965
186,1993,11,174,8000,-7826
186,1993,12,174,6500,-6326
186,1994,1,69431,17830,51601
186,1994,2,19705,57976,-38271
186,1994,3,67098,45492,21606
186,1994,4,38199,38492,-293
186,1994,5,24757,33692,-8935
186,1994,6,213429,175592,37837
186,1994,7,15761,43292,-27531
186,1994,8,67967,83496,-15529
186,1994,9,97115,73960,23155
186,1994,10,31641,56488,-24847
186,1994,11,132290,104892,27398
186,1994,12,264,27692,-27428
186,1995,1,133,20592,-20459
186,1995,2,25914,23392,2522
186,1995,3,4515,6892,-2377
186,1995,4,16548,6892,9656
186,1995,5,15807,13792,2015
186,1995,6,60357,26392,33965
186,1995,7,42860,18792,24068
186,1995,8,320,33392,-33072
186,1995,9,220,22721,-22501
186,1995,10,5664,6892,-1228
186,1995,11,132301,85992,46309
186,1995,12,50102,77692,-27590
186,1996,1,77138,75061,2077
186,1996,2,63385,24792,38593
186,1996,3,27001,44033,-17032
186,1996,4,294,18592,-18298
186,1996,5,200,33851,-33651
186,1996,6,98345,31192,67153
186,1996,7,55344,86492,-31148
186,1996,8,213,30786,-30573
186,1996,9,13862,6892,6970
186,1996,10,101433,41992,59441
186,1996,11,41497,92772,-51275
186,1996,12,12147,32853,-20706
186,1997,1,12637,6892,5745
186,1997,2,8849,6892,1957
186,1997,3,14840,20386,-5546
186,1997,4,41402,14692,26710
186,1997,5,3287,35341,-32054
186,1997,6,16937,6892,10045
186,1997,7,43664,16492,27172
186,1997,8,54585,24959,29626
186,1997,9,46043,44852,1191
186,1997,10,16640,48197,-31557
186,1997,11,4946,27635,-22689
186,1997,12,16591,29017,-12426
186,1998,1,34758,6892,27866
186,1998,2,3011,6892,-3881
186,1998,3,88526,66592,21934
186,1998,4,76898,43837,33061
186,1998,5,53009,62992,-9983
186,1998,6,132372,111344,21028
186,1998,7,379,34892,-34513
186,1998,8,203,45166,-44963
186,1998,9,31439,12292,19147
186,1998,10,52854,43773,9081
186,1998,11,154816,125722,29094
186,1998,12,358,21358,-21000
187,1993,3,200,0,200
187,1993,4,4197,0,4197
187,1993,5,4197,0,4197
187,1993,6,4197,0,4197
187,1993,7,4197,0,4197
187,1993,8,4217,215,4002
187,1993,9,4288,2813,1475
187,1993,10,4293,3413,880
187,1993,11,4298,2813,1485
187,1993,12,4300,6413,-2113
187,1994,1,4273,11333,-7060
187,1994,2,4265,3533,732
187,1994,3,4269,2813,1456
187,1994,4,4275,2813,1462
187,1994,5,4277,6573,-2296
187,1994,6,4254,7013,-2759
187,1994,7,4260,2813,1447
187,1994,8,4266,2813,1453
187,1994,9,4272,2813,1459
187,1994,10,4278,2813,1465
187,1994,11,4277,6253,-1976
187,1994,12,4273,5013,-740
187,1995,1,4258,8173,-3915
187,1995,2,4254,3773,481
187,1995,3,4258,2813,1445
187,1995,4,4264,2813,1451
187,1995,5,4264,6733,-2469
187,1995,6,4260,2813,1447
187,1995,7,4266,2813,1453
187,1995,8,4263,6893,-2630
187,1995,9,4261,2813,1448
187,1995,10,4266,3313,953
187,1995,11,4266,4513,-247
187,1995,12,4270,3113,1157
187,1996,1,4263,7853,-3590
187,1996,2,4260,2813,1447
187,1996,3,4256,5373,-1117
187,1996,4,4261,2813,1448
187,1996,5,4265,3013,1252
187,1996,6,4266,5413,-1147
187,1996,7,4267,2813,1454
187,1996,8,4273,2813,1460
187,1996,9,4265,6613,-2348
187,1996,10,4263,3933,330
187,1996,11,4271,2813,1458
187,1996,12,4265,5513,-1248
187,1997,1,4256,6773,-2517
187,1997,2,4261,2813,1448
187,1997,3,4267,2813,1454
187,1997,4,4273,2813,1460
187,1997,5,4279,2813,1466
187,1997,6,4276,6463,-2187
187,1997,7,4276,2813,1463
187,1997,8,4282,2813,1469
187,1997,9,4288,2813,1475
187,1997,10,4293,3693,600
187,1997,11,4297,2813,1484
187,1997,12,4302,3313,989
187,1998,1,4287,11853,-7566
187,1998,2,4273,4173,100
187,1998,3,4271,4813,-542
187,1998,4,4273,2813,1460
187,1998,5,4269,5213,-944
187,1998,6,4275,2813,1462
187,1998,7,4277,5373,-1096
187,1998,8,4277,2813,1464
187,1998,9,4283,2813,1470
187,1998,10,4289,2813,1476
187,1998,11,4295,2813,1482
187,1998,12,4300,3798,502
188,1993,4,700,0,700
188,1993,5,21749,0,21749
188,1993,6,29240,13000,16240
188,1993,7,19578,17000,2578
188,1993,8,19584,19900,-316
188,1993,9,19585,18315,1270
188,1993,10,19571,26761,-7190
188,1993,11,19553,20121,-568
188,1993,12,29279,25781,3498
188,1994,1,19527,38541,-19014
188,1994,2,19513,10641,8872
188,1994,3,19543,15041,4502
188,1994,4,19560,15241,4319
188,1994,5,19558,21901,-2343
188,1994,6,29279,23541,5738
188,1994,7,19580,20141,-561
188,1994,8,19571,22041,-2470
188,1994,9,19572,16881,2691
188,1994,10,19591,17181,2410
188,1994,11,19612,9041,10571
188,1994,12,29357,23681,5676
188,1995,1,19590,48581,-28991
188,1995,2,22267,7441,14826
188,1995,3,19623,8141,11482
188,1995,4,19642,17641,2001
188,1995,5,19656,15841,3815
188,1995,6,29344,43441,-14097
188,1995,7,19636,7541,12095
188,1995,8,19643,20961,-1318
188,1995,9,19650,17541,2109
188,1995,10,19652,19641,11
188,1995,11,19652,19441,211
188,1995,12,29392,16101,13291
188,1996,1,19669,33581,-13912
188,1996,2,19662,15541,4121
188,1996,3,19680,16181,3499
188,1996,4,19683,22441,-2758
188,1996,5,19690,17801,1889
188,1996,6,29398,23261,6137
188,1996,7,19716,15541,4175
188,1996,8,19698,22381,-2683
188,1996,9,19716,17441,2275
188,1996,10,19721,29741,-10020
188,1996,11,19713,22341,-2628
188,1996,12,29422,24581,4841
188,1997,1,19676,31901,-12225
188,1997,2,19673,15041,4632
188,1997,3,19694,14741,4953
188,1997,4,19713,17641,2072
188,1997,5,19722,13641,6081
188,1997,6,29409,38021,-8612
188,1997,7,19705,18961,744
188,1997,8,19700,15701,3999
188,1997,9,19724,19221,503
188,1997,10,19725,20041,-316
188,1997,11,19718,19921,-203
188,1997,12,29449,25581,3868
188,1998,1,19690,36061,-16371
188,1998,2,19674,12241,7433
188,1998,3,19704,15041,4663
188,1998,4,19717,19641,76
188,1998,5,19716,19661,55
188,1998,6,29402,36421,-7019
188,1998,7,19696,11541,8155
188,1998,8,19712,14781,4931
188,1998,9,19744,14641,5103
188,1998,10,19756,20541,-785
188,1998,11,19758,16541,3217
188,1998,12,29497,13186,16311
189,1997,4,700,0,700
189,1997,5,21668,0,21668
189,1997,6,31657,16100,15557
189,1997,7,21184,18500,2684
189,1997,8,21180,24600,-3420
189,1997,9,21183,23569,-2386
189,1997,10,21181,19569,1612
189,1997,11,21175,22529,-1354
189,1997,12,31700,29869,1831
189,1998,1,21145,43009,-21864
189,1998,2,21126,7769,13357
189,1998,3,21177,10069,11108
189,1998,4,21199,21269,-70
189,1998,5,21215,12769,8446
189,1998,6,31680,54749,-23069
189,1998,7,21164,9409,11755
189,1998,8,21191,18269,2922
189,1998,9,21233,6069,15164
189,1998,10,21261,17569,3692
189,1998,11,21281,19809,1472
189,1998,12,31812,20354,11458
190,1995,3,18100,0,18100
190,1995,4,19878,0,19878
190,1995,5,17739,17700,39
190,1995,6,26494,17200,9294
190,1995,7,17752,21315,-3563
190,1995,8,17748,22425,-4677
190,1995,9,17728,22225,-4497
190,1995,10,17707,17625,82
190,1995,11,17709,19025,-1316
190,1995,12,26486,24725,1761
190,1996,1,20063,25325,-5262
190,1996,2,17681,16525,1156
190,1996,3,17697,14225,3472
190,1996,4,17707,17125,582
190,1996,5,17703,18525,-822
190,1996,6,26487,32625,-6138
190,1996,7,17685,11725,5960
190,1996,8,17706,14325,3381
190,1996,9,17716,17225,491
190,1996,10,17716,19325,-1609
190,1996,11,17704,21325,-3621
190,1996,12,26484,21925,4559
190,1997,1,17686,34325,-16639
190,1997,2,17653,10325,7328
190,1997,3,17674,17625,49
190,1997,4,17679,14425,3254
190,1997,5,17692,15625,2067
190,1997,6,26476,22425,4051
190,1997,7,17709,19425,-1716
190,1997,8,17706,15725,1981
190,1997,9,17708,19125,-1417
190,1997,10,17698,21225,-3527
190,1997,11,17687,18125,-438
190,1997,12,26456,29125,-2669
190,1998,1,17637,27725,-10088
190,1998,2,17649,9825,7824
190,1998,3,17675,15125,2550
190,1998,4,17671,19225,-1554
190,1998,5,17674,14825,2849
190,1998,6,26495,27125,-630
190,1998,7,17686,13125,4561
190,1998,8,24332,10225,14107
190,1998,9,19375,11725,7650
190,1998,10,17793,14025,3768
190,1998,11,17789,19725,-1936
190,1998,12,26595,15810,10785
191,1997,3,600,0,600
191,1997,4,44274,13500,30774
191,1997,5,44372,29100,15272
191,1997,6,66570,59300,7270
191,1997,7,44446,38800,5646
191,1997,8,44454,54035,-9581
191,1997,9,44431,53817,-9386
191,1997,10,44414,30315,14099
191,1997,11,44379,70153,-25774
191,1997,12,66510,41415,25095
191,1998,1,44397,58159,-13762
191,1998,2,44401,35715,8686
191,1998,3,44421,44215,206
191,1998,4,44423,42915,1508
191,1998,5,44414,56387,-11973
191,1998,6,66482,67864,-1382
191,1998,7,44490,36315,8175
191,1998,8,44480,15816,28664
191,1998,9,44525,39079,5446
191,1998,10,44560,38847,5713
191,1998,11,44598,36415,8183
191,1998,12,66759,67000,-241
192,1993,1,300,0,300
192,1993,2,5859,0,5859
192,1993,3,5859,0,5859
192,1993,4,5859,0,5859
192,1993,5,5859,0,5859
192,1993,6,5922,11898,-5976
192,1993,7,5938,4598,1340
192,1993,8,5946,3598,2348
192,1993,9,5956,3598,2358
192,1993,10,5965,4298,1667
192,1993,11,5972,3598,2374
192,1993,12,5978,5898,80
192,1994,1,5957,13218,-7261
192,1994,2,5952,3598,2354
192,1994,3,5962,4398,1564
192,1994,4,5969,3598,2371
192,1994,5,5970,6398,-428
192,1994,6,5932,17548,-11616
192,1994,7,5928,3998,1930
192,1994,8,5936,3598,2338
192,1994,9,5946,3598,2348
192,1994,10,5950,5758,192
192,1994,11,5955,6018,-63
192,1994,12,5949,8198,-2249
192,1995,1,5938,10398,-4460
192,1995,2,5921,7118,-1197
192,1995,3,5923,3598,2325
192,1995,4,5930,5198,732
192,1995,5,5936,3598,2338
192,1995,6,5946,3598,2348
192,1995,7,5952,4878,1074
192,1995,8,5960,3598,2362
192,1995,9,5970,3598,2372
192,1995,10,5980,3598,2382
192,1995,11,5989,3598,2391
192,1995,12,6010,3848,2162
192,1996,1,5993,11598,-5605
192,1996,2,5985,3598,2387
192,1996,3,5995,3598,2397
192,1996,4,5990,12318,-6328
192,1996,5,5978,3598,2380
192,1996,6,5980,11098,-5118
192,1996,7,5955,9598,-3643
192,1996,8,5952,3598,2354
192,1996,9,5961,3598,2363
192,1996,10,5971,3598,2373
192,1996,11,5981,3598,2383
192,1996,12,5982,8348,-2366
192,1997,1,5950,17358,-11408
192,1997,2,5933,3598,2335
192,1997,3,5943,3598,2345
192,1997,4,5943,7358,-1415
192,1997,5,5947,3598,2349
192,1997,6,5950,5918,32
192,1997,7,5955,6398,-443
192,1997,8,5955,3598,2357
192,1997,9,5964,3598,2366
192,1997,10,5974,3598,2376
192,1997,11,5984,3598,2386
192,1997,12,5993,4658,1335
192,1998,1,5987,10078,-4091
192,1998,2,5982,3598,2384
192,1998,3,5980,7518,-1538
192,1998,4,5985,3898,2087
192,1998,5,5991,4598,1393
192,1998,6,5991,7278,-1287
192,1998,7,5987,8098,-2111
192,1998,8,5966,9758,-3792
192,1998,9,5968,4198,1770
192,1998,10,5977,3598,2379
192,1998,11,5977,7518,-1541
192,1998,12,5979,4133,1846
193,1996,12,300,0,300
193,1997,1,20296,0,20296
193,1997,2,10762,2700,8062
193,1997,3,10785,10700,85
193,1997,4,10784,11500,-716
193,1997,5,10780,14845,-4065
193,1997,6,16118,12225,3893
193,1997,7,10788,12425,-1637
193,1997,8,10780,12025,-1245
193,1997,9,10764,13605,-2841
193,1997,10,11171,7125,4046
193,1997,11,10772,12125,-1353
193,1997,12,16108,15805,303
193,1998,1,10730,22565,-11835
193,1998,2,10728,7625,3103
193,1998,3,10744,7825,2919
193,1998,4,10746,12225,-1479
193,1998,5,10748,8125,2623
193,1998,6,16892,13525,3367
193,1998,7,10769,9625,1144
193,1998,8,10794,12525,-1731
193,1998,9,10760,11525,-765
193,1998,10,10779,9125,1654
193,1998,11,10754,16305,-5551
193,1998,12,16108,9490,6618
194,1996,8,15388,0,15388
194,1996,9,11039,0,11039
194,1996,10,6385,0,6385
194,1996,11,4110,2000,2110
194,1996,12,4122,4513,-391
194,1997,1,5109,9773,-4664
194,1997,2,4108,5863,-1755
194,1997,3,5294,2963,2331
194,1997,4,5504,2663,2841
194,1997,5,4122,4263,-141
194,1997,6,5703,8213,-2510
194,1997,7,4110,3863,247
194,1997,8,5012,2663,2349
194,1997,9,4119,5103,-984
194,1997,10,4113,6563,-2450
194,1997,11,4097,5123,-1026
194,1997,12,4096,6503,-2407
194,1998,1,4079,7773,-3694
194,1998,2,4075,4263,-188
194,1998,3,4070,7473,-3403
194,1998,4,4055,7963,-3908
194,1998,5,4946,2663,2283
194,1998,6,8151,8153,-2
194,1998,7,5146,4373,773
194,1998,8,4051,3563,488
194,1998,9,6658,2663,3995
194,1998,10,6279,2663,3616
194,1998,11,4077,8163,-4086
194,1998,12,4068,3278,790
195,1997,2,600,0,600
195,1997,3,17623,0,17623
195,1997,4,14696,4000,10696
195,1997,5,14738,10600,4138
195,1997,6,22066,12800,9266
195,1997,7,14801,17795,-2994
195,1997,8,14797,15695,-898
195,1997,9,14795,16775,-1980
195,1997,10,14780,16215,-1435
195,1997,11,14782,14575,207
195,1997,12,22104,19775,2329
195,1998,1,14782,23015,-8233
195,1998,2,14769,7075,7694
195,1998,3,14792,11875,2917
195,1998,4,14805,10475,4330
195,1998,5,14820,13375,1445
195,1998,6,22121,22935,-814
195,1998,7,14818,15675,-857
195,1998,8,14814,16735,-1921
195,1998,9,14803,17875,-3072
195,1998,10,14785,18575,-3790
195,1998,11,14778,13575,1203
195,1998,12,22121,9160,12961
196,1993,11,400,0,400
196,1993,12,21962,0,21962
196,1994,1,13046,7700,5346
196,1994,2,13062,9800,3262
196,1994,3,13079,8200,4879
196,1994,4,13116,14870,-1754
196,1994,5,13075,15841,-2766
196,1994,6,19552,16041,3511
196,1994,7,13076,19441,-6365
196,1994,8,13053,16241,-3188
196,1994,9,13043,13041,2
196,1994,10,13041,13841,-800
196,1994,11,13042,12241,801
196,1994,12,19517,17841,1676
196,1995,1,15152,16441,-1289
196,1995,2,19369,10641,8728
196,1995,3,13079,14441,-1362
196,1995,4,17001,8641,8360
196,1995,5,13114,11841,1273
196,1995,6,20875,22341,-1466
196,1995,7,13119,9541,3578
196,1995,8,13133,9741,3392
196,1995,9,13129,14341,-1212
196,1995,10,13126,13841,-715
196,1995,11,13130,11841,1289
196,1995,12,19615,14341,5274
196,1996,1,13145,16441,-3296
196,1996,2,13134,14441,-1307
196,1996,3,13140,11341,1799
196,1996,4,13157,8841,4316
196,1996,5,13161,12741,420
196,1996,6,19647,23241,-3594
196,1996,7,13154,14041,-887
196,1996,8,13159,10241,2918
196,1996,9,13169,14941,-1772
196,1996,10,13155,12841,314
196,1996,11,13162,16241,-3079
196,1996,12,19623,17941,1682
196,1997,1,13150,15841,-2691
196,1997,2,13347,8641,4706
196,1997,3,13167,10241,2926
196,1997,4,13169,12341,828
196,1997,5,13175,16441,-3266
196,1997,6,30537,44441,-13904
196,1997,7,17907,11441,6466
196,1997,8,15739,9341,6398
196,1997,9,16968,8641,8327
196,1997,10,13197,10741,2456
196,1997,11,16713,8641,8072
196,1997,12,19721,18141,1580
196,1998,1,13213,23541,-10328
196,1998,2,13895,12241,1654
196,1998,3,13209,14041,-832
196,1998,4,13709,8641,5068
196,1998,5,14632,8641,5991
196,1998,6,19721,18841,880
196,1998,7,13256,10041,3215
196,1998,8,13265,12841,424
196,1998,9,13258,17341,-4083
196,1998,10,13248,13341,-93
196,1998,11,13239,17441,-4202
196,1998,12,19715,15726,3989
197,1993,2,800,0,800
197,1993,3,22434,0,22434
197,1993,4,21822,11100,10722
197,1993,5,21866,13100,8766
197,1993,6,32762,24200,8562
197,1993,7,21950,28869,-6919
197,1993,8,21918,27869,-5951
197,1993,9,21897,22629,-732
197,1993,10,21900,21109,791
197,1993,11,21893,24769,-2876
197,1993,12,32769,27209,5560
197,1994,1,21902,24269,-2367
197,1994,2,21894,23069,-1175
197,1994,3,21893,21469,424
197,1994,4,21894,21269,625
197,1994,5,21892,24409,-2517
197,1994,6,32774,39389,-6615
197,1994,7,21870,19889,1981
197,1994,8,21866,19569,2297
197,1994,9,21871,21469,402
197,1994,10,21870,22469,-599
197,1994,11,21873,19269,2604
197,1994,12,32748,31929,819
197,1995,1,21876,23669,-1793
197,1995,2,21871,21869,2
197,1995,3,21875,21069,806
197,1995,4,21871,25009,-3138
197,1995,5,21867,25909,-4042
197,1995,6,32724,25869,6855
197,1995,7,21878,21949,-71
197,1995,8,21870,21969,-99
197,1995,9,21867,22269,-402
197,1995,10,21871,19969,1902
197,1995,11,21864,25269,-3405
197,1995,12,32747,29649,3098
197,1996,1,21855,26969,-5114
197,1996,2,21833,27469,-5636
197,1996,3,21835,18269,3566
197,1996,4,21829,25769,-3940
197,1996,5,21827,23529,-1702
197,1996,6,32648,42549,-9901
197,1996,7,21794,16369,5425
197,1996,8,21803,21169,634
197,1996,9,21798,23869,-2071
197,1996,10,21795,21869,-74
197,1996,11,21809,18369,3440
197,1996,12,32679,31789,890
197,1997,1,21853,10869,10984
197,1997,2,21880,16069,5811
197,1997,3,21852,38029,-16177
197,1997,4,23265,9469,13796
197,1997,5,21891,16969,4922
197,1997,6,32788,21769,11019
197,1997,7,21919,31729,-9810
197,1997,8,21912,18269,3643
197,1997,9,21931,17069,4862
197,1997,10,21936,21469,467
197,1997,11,21937,21669,268
197,1997,12,32840,34569,-1729
197,1998,1,21950,26109,-4159
197,1998,2,21939,9469,12470
197,1998,3,21957,34769,-12812
197,1998,4,21935,25369,-3434
197,1998,5,21921,22169,-248
197,1998,6,34411,52509,-18098
197,1998,7,21845,15869,5976
197,1998,8,21868,17969,3899
197,1998,9,21882,19269,2613
197,1998,10,21891,22069,-178
197,1998,11,21893,17369,4524
197,1998,12,32791,21614,11177
198,1993,10,900,0,900
198,1993,11,4299,0,4299
198,1993,12,4299,0,4299
198,1994,1,4299,0,4299
198,1994,2,4299,0,4299
198,1994,3,4322,815,3507
198,1994,4,4391,2881,1510
198,1994,5,4398,2881,1517
198,1994,6,4402,15331,-10929
198,1994,7,4359,2881,1478
198,1994,8,4365,2881,1484
198,1994,9,4371,2881,1490
198,1994,10,4377,2881,1496
198,1994,11,4378,5841,-1463
198,1994,12,4377,3581,796
198,1995,1,4372,5131,-759
198,1995,2,4377,2881,1496
198,1995,3,4384,2881,1503
198,1995,4,4390,2881,1509
198,1995,5,4396,2881,1515
198,1995,6,4402,2881,1521
198,1995,7,4397,5681,-1284
198,1995,8,4395,6641,-2246
198,1995,9,4394,2881,1513
198,1995,10,4400,2881,1519
198,1995,11,4398,7201,-2803
198,1995,12,4392,4031,361
198,1996,1,4381,6791,-2410
198,1996,2,4386,2881,1505
198,1996,3,4393,2881,1512
198,1996,4,4399,2881,1518
198,1996,5,4405,2881,1524
198,1996,6,4411,2881,1530
198,1996,7,4415,3981,434
198,1996,8,4415,5001,-586
198,1996,9,4416,2981,1435
198,1996,10,4417,4581,-164
198,1996,11,4422,3281,1141
198,1996,12,4404,9281,-4877
198,1997,1,4385,11431,-7046
198,1997,2,4377,2881,1496
198,1997,3,4383,4321,62
198,1997,4,4374,6181,-1807
198,1997,5,4376,2881,1495
198,1997,6,4377,7881,-3504
198,1997,7,4368,2881,1487
198,1997,8,4374,2881,1493
198,1997,9,4380,2881,1499
198,1997,10,4386,2881,1505
198,1997,11,4392,2881,1511
198,1997,12,4395,3531,864
198,1998,1,4401,3381,1020
198,1998,2,4401,4401,0
198,1998,3,4406,2881,1525
198,1998,4,4409,3481,928
198,1998,5,4416,2881,1535
198,1998,6,4401,14731,-10330
198,1998,7,4379,2881,1498
198,1998,8,4380,4001,379
198,1998,9,4372,6561,-2189
198,1998,10,4378,2881,1497
198,1998,11,4384,2881,1503
198,1998,12,4390,3716,674
199,1996,10,700,0,700
199,1996,11,2977,0,2977
199,1996,12,2977,0,2977
199,1997,1,2977,0,2977
199,1997,2,2977,0,2977
199,1997,3,3025,1999,1026
199,1997,4,3037,1999,1038
199,1997,5,3042,1999,1043
199,1997,6,3046,2329,717
199,1997,7,3049,1999,1050
199,1997,8,3053,2479,574
199,1997,9,3055,2329,726
199,1997,10,3057,2569,488
199,1997,11,3061,1999,1062
199,1997,12,3065,2389,676
199,1998,1,3066,2659,407
199,1998,2,3069,2869,200
199,1998,3,3070,2149,921
199,1998,4,3074,1999,1075
199,1998,5,3079,1999,1080
199,1998,6,3080,4969,-1889
199,1998,7,3075,1999,1076
199,1998,8,3080,1999,1081
199,1998,9,3082,3049,33
199,1998,10,3084,1999,1085
199,1998,11,3088,2539,549
199,1998,12,3089,2854,235
200,1994,7,9545,0,9545
200,1994,8,15203,0,15203
200,1994,9,8738,2200,6538
200,1994,10,8756,9400,-644
200,1994,11,8742,6615,2127
200,1994,12,13073,13615,-542
200,1995,1,8756,11415,-2659
200,1995,2,8738,4115,4623
200,1995,3,8757,5115,3642
200,1995,4,8772,7915,857
200,1995,5,8776,7415,1361
200,1995,6,13088,11615,1473
200,1995,7,8800,11115,-2315
200,1995,8,8779,6115,2664
200,1995,9,8807,10015,-1208
200,1995,10,8783,8715,68
200,1995,11,8794,8515,279
200,1995,12,13096,9015,4081
200,1996,1,8803,8115,688
200,1996,2,8807,6315,2492
200,1996,3,8815,8615,200
200,1996,4,8817,7115,1702
200,1996,5,8834,11015,-2181
200,1996,6,13128,11115,2013
200,1996,7,8830,2715,6115
200,1996,8,8857,9815,-958
200,1996,9,8850,3915,4935
200,1996,10,8870,4415,4455
200,1996,11,8886,6315,2571
200,1996,12,13216,9715,3501
200,1997,1,8918,2715,6203
200,1997,2,8935,7815,1120
200,1997,3,8935,10415,-1480
200,1997,4,8930,9615,-685
200,1997,5,8924,11915,-2991
200,1997,6,13227,10615,2612
200,1997,7,8926,11315,-2389
200,1997,8,8929,2915,6014
200,1997,9,8955,4815,4140
200,1997,10,8966,5615,3351
200,1997,11,8978,10115,-1137
200,1997,12,14698,7315,7383
200,1998,1,9007,5315,3692
200,1998,2,9018,7015,2003
200,1998,3,9027,7515,1512
200,1998,4,9040,3615,5425
200,1998,5,9054,8515,539
200,1998,6,13350,19315,-5965
200,1998,7,9044,3515,5529
200,1998,8,9059,6515,2544
200,1998,9,9084,415,8669
200,1998,10,17884,20415,-2531
200,1998,11,35048,47215,-12167
200,1998,12,22075,25200,-3125
201,1994,11,16483,0,16483
201,1994,12,28204,0,28204
201,1995,1,16036,24100,-8064
201,1995,2,15988,0,15988
201,1995,3,16012,24799,-8787
201,1995,4,16009,20299,-4290
201,1995,5,15981,26999,-11018
201,1995,6,23900,19099,4801
201,1995,7,15996,19899,-3903
201,1995,8,15971,15699,272
201,1995,9,15973,13199,2774
201,1995,10,15982,16399,-417
201,1995,11,15974,19299,-3325
201,1995,12,23909,20299,3610
201,1996,1,15966,25599,-9633
201,1996,2,15942,13699,2243
201,1996,3,15949,17099,-1150
201,1996,4,15944,16399,-455
201,1996,5,15941,16699,-758
201,1996,6,23872,18499,5373
201,1996,7,15957,18699,-2742
201,1996,8,15947,16799,-852
201,1996,9,15945,14399,1546
201,1996,10,15950,17099,-1149
201,1996,11,15950,14299,1651
201,1996,12,23882,20999,2883
201,1997,1,15924,28999,-13075
201,1997,2,15921,10999,4922
201,1997,3,15931,14399,1532
201,1997,4,15940,12099,3841
201,1997,5,15953,13999,1954
201,1997,6,23884,22799,1085
201,1997,7,15968,12299,3669
201,1997,8,15974,16999,-1025
201,1997,9,15974,14399,1575
201,1997,10,15971,18099,-2128
201,1997,11,15979,10499,5480
201,1997,12,23920,20299,3621
201,1998,1,15982,35799,-19817
201,1998,2,18040,9599,8441
201,1998,3,18778,9599,9179
201,1998,4,15998,18599,-2601
201,1998,5,15995,13499,2496
201,1998,6,23910,26099,-2189
201,1998,7,15990,15599,391
201,1998,8,15991,15599,392
201,1998,9,15996,13099,2897
201,1998,10,16010,14999,1011
201,1998,11,15998,19099,-3101
201,1998,12,23930,17784,6146
204,1996,1,600,0,600
204,1996,2,2926,0,2926
204,1996,3,2926,0,2926
204,1996,4,2926,0,2926
204,1996,5,2926,0,2926
204,1996,6,2967,1965,1002
204,1996,7,2984,2385,599
204,1996,8,2986,2445,541
204,1996,9,2989,1965,1024
204,1996,10,2989,3615,-626
204,1996,11,2991,3435,-444
204,1996,12,2988,2835,153
204,1997,1,2985,4695,-1710
204,1997,2,2988,1965,1023
204,1997,3,2987,1965,1022
204,1997,4,2985,3945,-960
204,1997,5,2984,3375,-391
204,1997,6,2983,3195,-212
204,1997,7,2990,1965,1025
204,1997,8,2995,1965,1030
204,1997,9,2993,1965,1028
204,1997,10,2997,2145,852
204,1997,11,3004,2595,409
204,1997,12,3002,2205,797
204,1998,1,2998,4905,-1907
204,1998,2,2998,1965,1033
204,1998,3,3008,1965,1043
204,1998,4,3011,2535,476
204,1998,5,3014,1965,1049
204,1998,6,3012,2895,117
204,1998,7,3013,2745,268
204,1998,8,3013,2535,478
204,1998,9,3016,1965,1051
204,1998,10,3021,1965,1056
204,1998,11,3025,1965,1060
204,1998,12,3029,2100,929
205,1997,10,7468,0,7468
205,1997,11,16926,0,16926
205,1997,12,13410,0,13410
205,1998,1,6618,1600,5018
205,1998,2,6610,11715,-5105
205,1998,3,10521,4312,6209
205,1998,4,6609,13692,-7083
205,1998,5,6584,10092,-3508
205,1998,6,9817,5412,4405
205,1998,7,6891,8992,-2101
205,1998,8,6588,7312,-724
205,1998,9,11512,4312,7200
205,1998,10,7626,5152,2474
205,1998,11,6631,5712,919
205,1998,12,9852,10097,-245
206,1995,4,5469,0,5469
206,1995,5,15020,0,15020
206,1995,6,8139,0,8139
206,1995,7,4483,800,3683
206,1995,8,4489,3915,574
206,1995,9,4485,4917,-432
206,1995,10,4479,6817,-2338
206,1995,11,4465,7217,-2752
206,1995,12,6641,7897,-1256
206,1996,1,7348,16237,-8889
206,1996,2,7133,5557,1576
206,1996,3,5839,2917,2922
206,1996,4,7256,2917,4339
206,1996,5,4451,6457,-2006
206,1996,6,11556,2917,8639
206,1996,7,6292,2917,3375
206,1996,8,4507,4117,390
206,1996,9,6303,4477,1826
206,1996,10,5817,2917,2900
206,1996,11,4527,10157,-5630
206,1996,12,10185,5797,4388
206,1997,1,14786,27237,-12451
206,1997,2,6368,4597,1771
206,1997,3,5379,2917,2462
206,1997,4,4489,3417,1072
206,1997,5,4493,3017,1476
206,1997,6,8862,12717,-3855
206,1997,7,4471,8597,-4126
206,1997,8,10053,7357,2696
206,1997,9,5177,5917,-740
206,1997,10,4470,6817,-2347
206,1997,11,4462,4697,-235
206,1997,12,6636,7697,-1061
206,1998,1,7335,16357,-9022
206,1998,2,6023,2917,3106
206,1998,3,4432,7037,-2605
206,1998,4,5825,2917,2908
206,1998,5,5236,2917,2319
206,1998,6,8223,5677,2546
206,1998,7,4449,6917,-2468
206,1998,8,8137,6157,1980
206,1998,9,5555,2917,2638
206,1998,10,6065,4717,1348
206,1998,11,7275,2917,4358
206,1998,12,8673,4982,3691
207,1993,7,900,0,900
207,1993,8,14452,0,14452
207,1993,9,5199,0,5199
207,1993,10,5209,2100,3109
207,1993,11,5239,500,4739
207,1993,12,7833,6025,1808
207,1994,1,5848,15154,-9306
207,1994,2,7028,3154,3874
207,1994,3,6724,13714,-6990
207,1994,4,8317,3154,5163
207,1994,5,6536,3154,3382
207,1994,6,7816,7754,62
207,1994,7,5241,7194,-1953
207,1994,8,6042,3154,2888
207,1994,9,5252,3554,1698
207,1994,10,5255,5754,-499
207,1994,11,5255,4254,1001
207,1994,12,7824,11014,-3190
207,1995,1,8714,19954,-11240
207,1995,2,9009,3154,5855
207,1995,3,6328,3154,3174
207,1995,4,5233,5374,-141
207,1995,5,5339,3154,2185
207,1995,6,9626,3154,6472
207,1995,7,5274,3454,1820
207,1995,8,5276,5754,-478
207,1995,9,5279,4954,325
207,1995,10,5272,6754,-1482
207,1995,11,5264,7154,-1890
207,1995,12,7817,13594,-5777
207,1996,1,8523,17194,-8671
207,1996,2,11926,3154,8772
207,1996,3,7340,8194,-854
207,1996,4,6241,5194,1047
207,1996,5,5243,3454,1789
207,1996,6,7823,4254,3569
207,1996,7,5260,5054,206
207,1996,8,5971,3154,2817
207,1996,9,5250,11594,-6344
207,1996,10,5226,14334,-9108
207,1996,11,5515,3154,2361
207,1996,12,7790,8614,-824
207,1997,1,5408,8194,-2786
207,1997,2,6814,3154,3660
207,1997,3,5211,9014,-3803
207,1997,4,5202,7434,-2232
207,1997,5,6804,3154,3650
207,1997,6,7780,5654,2126
207,1997,7,5208,7154,-1946
207,1997,8,5200,7354,-2154
207,1997,9,5205,3154,2051
207,1997,10,5208,8674,-3466
207,1997,11,5191,5454,-263
207,1997,12,7768,6754,1014
207,1998,1,5195,7614,-2419
207,1998,2,5192,3154,2038
207,1998,3,5199,3554,1645
207,1998,4,5207,3154,2053
207,1998,5,5214,11254,-6040
207,1998,6,7764,5954,1810
207,1998,7,5198,3254,1944
207,1998,8,5205,4554,651
207,1998,9,5409,3154,2255
207,1998,10,8915,8434,481
207,1998,11,8822,3154,5668
207,1998,12,7803,7579,224
208,1996,3,700,0,700
208,1996,4,16708,0,16708
208,1996,5,15079,1700,13379
208,1996,6,22626,17800,4826
208,1996,7,15144,14500,644
208,1996,8,15155,19416,-4261
208,1996,9,15152,15261,-109
208,1996,10,15153,15361,-208
208,1996,11,15147,15861,-714
208,1996,12,22654,17161,5493
208,1997,1,18249,22861,-4612
208,1997,2,15251,11361,3890
208,1997,3,15170,12461,2709
208,1997,4,15180,16461,-1281
208,1997,5,15174,13161,2013
208,1997,6,22688,29061,-6373
208,1997,7,15153,17761,-2608
208,1997,8,15143,13861,1282
208,1997,9,15143,15861,-718
208,1997,10,15137,18261,-3124
208,1997,11,15127,16361,-1234
208,1997,12,22632,20961,1671
208,1998,1,15120,27461,-12341
208,1998,2,16595,9961,6634
208,1998,3,15113,10961,4152
208,1998,4,15135,8861,6274
208,1998,5,15139,19761,-4622
208,1998,6,22645,29861,-7216
208,1998,7,15105,11761,3344
208,1998,8,15136,16361,-1225
208,1998,9,15104,15361,-257
208,1998,10,15092,20761,-5669
208,1998,11,15090,14061,1029
208,1998,12,22599,21046,1553
209,1996,11,900,0,900
209,1996,12,15699,0,15699
209,1997,1,7259,0,7259
209,1997,2,3580,4000,-420
209,1997,3,3582,500,3082
209,1997,4,3592,6478,-2886
209,1997,5,3575,5965,-2390
209,1997,6,3570,4335,-765
209,1997,7,6172,3385,2787
209,1997,8,3575,6135,-2560
209,1997,9,3566,5035,-1469
209,1997,10,4465,2545,1920
209,1997,11,3569,4235,-666
209,1997,12,3561,7295,-3734
209,1998,1,3547,5985,-2438
209,1998,2,4339,3775,564
209,1998,3,6250,2335,3915
209,1998,4,5465,2335,3130
209,1998,5,3976,2335,1641
209,1998,6,3579,3635,-56
209,1998,7,5585,3085,2500
209,1998,8,8102,2335,5767
209,1998,9,4919,2335,2584
209,1998,10,6031,2665,3366
209,1998,11,8953,2335,6618
209,1998,12,4068,2740,1328
210,1996,3,1000,0,1000
210,1996,4,22081,0,22081
210,1996,5,16846,9000,7846
210,1996,6,25243,18700,6543
210,1996,7,16891,15600,1291
210,1996,8,16897,15715,1182
210,1996,9,16921,21149,-4228
210,1996,10,16879,17749,-870
210,1996,11,16901,7549,9352
210,1996,12,25302,17429,7873
210,1997,1,16905,45789,-28884
210,1997,2,16849,7649,9200
210,1997,3,16880,11349,5531
210,1997,4,16888,17269,-381
210,1997,5,16894,16949,-55
210,1997,6,25251,43169,-17918
210,1997,7,16834,8149,8685
210,1997,8,16833,23009,-6176
210,1997,9,16819,19649,-2830
210,1997,10,17536,7549,9987
210,1997,11,16842,19109,-2267
210,1997,12,25237,14969,10268
210,1998,1,16870,24329,-7459
210,1998,2,16861,13149,3712
210,1998,3,16864,18589,-1725
210,1998,4,16850,19209,-2359
210,1998,5,16863,12349,4514
210,1998,6,25240,19389,5851
210,1998,7,16879,21749,-4870
210,1998,8,16876,16629,247
210,1998,9,16867,19449,-2582
210,1998,10,16862,17049,-187
210,1998,11,16853,20049,-3196
210,1998,12,25224,24214,1010
211,1997,7,800,0,800
211,1997,8,12300,0,12300
211,1997,9,49381,0,49381
211,1997,10,52856,65900,-13044
211,1997,11,205,12700,-12495
211,1997,12,13038,8900,4138
211,1998,1,45305,25715,19590
211,1998,2,33789,31287,2502
211,1998,3,177381,135493,41888
211,1998,4,90892,94215,-3323
211,1998,5,48902,65515,-16613
211,1998,6,352,21215,-20863
211,1998,7,120654,104615,16039
211,1998,8,15754,24515,-8761
211,1998,9,44652,21915,22737
211,1998,10,389,23915,-23526
211,1998,11,16904,14615,2289
211,1998,12,18594,23100,-4506
212,1993,1,200,0,200
212,1993,2,49642,14800,34842
212,1993,3,49765,29700,20065
212,1993,4,49834,40100,9734
212,1993,5,49896,72700,-22804
212,1993,6,74635,70330,4305
212,1993,7,49823,43271,6552
212,1993,8,49841,61413,-11572
212,1993,9,49815,41471,8344
212,1993,10,49818,67575,-17757
212,1993,11,49747,54350,-4603
212,1993,12,74607,47671,26936
212,1994,1,49824,50971,-1147
212,1994,2,49851,43471,6380
212,1994,3,49871,55564,-5693
212,1994,4,49848,57343,-7495
212,1994,5,49836,38671,11165
212,1994,6,74612,86477,-11865
212,1994,7,49814,51438,-1624
212,1994,8,49813,42471,7342
212,1994,9,49791,73022,-23231
212,1994,10,49741,44202,5539
212,1994,11,49755,46671,3084
212,1994,12,74579,80475,-5896
212,1995,1,49722,56071,-6349
212,1995,2,49795,28271,21524
212,1995,3,49822,38271,11551
212,1995,4,49856,41671,8185
212,1995,5,49846,52819,-2973
212,1995,6,74630,79271,-4641
212,1995,7,49812,65107,-15295
212,1995,8,54591,13871,40720
212,1995,9,49990,29571,20419
212,1995,10,49813,122678,-72865
212,1995,11,60633,20771,39862
212,1995,12,74764,79461,-4697
212,1996,1,54269,54671,-402
212,1996,2,49903,30471,19432
212,1996,3,49917,60789,-10872
212,1996,4,49832,71368,-21536
212,1996,5,49816,49984,-168
212,1996,6,74670,60193,14477
212,1996,7,49914,29471,20443
212,1996,8,49910,60659,-10749
212,1996,9,49895,42981,6914
212,1996,10,49941,79617,-29676
212,1996,11,49845,55451,-5606
212,1996,12,74747,53471,21276
212,1997,1,49967,71471,-21504
212,1997,2,49891,30171,19720
212,1997,3,49972,41871,8101
212,1997,4,49998,48986,1012
212,1997,5,50003,49671,332
212,1997,6,74694,102571,-27877
212,1997,7,49885,37164,12721
212,1997,8,49845,60191,-10346
212,1997,9,49889,45071,4818
212,1997,10,49906,44871,5035
212,1997,11,49904,60487,-10583
212,1997,12,74687,74722,-35
212,1998,1,49864,46101,3763
212,1998,2,49892,43271,6621
212,1998,3,49904,48471,1433
212,1998,4,49850,60521,-10671
212,1998,5,49872,50071,-199
212,1998,6,74635,85206,-10571
212,1998,7,49775,55517,-5742
212,1998,8,49805,41371,8434
212,1998,9,49829,46771,3058
212,1998,10,49808,55847,-6039
212,1998,11,49774,51394,-1620
212,1998,12,74718,18941,55777
213,1995,8,1000,0,1000
213,1995,9,24282,200,24082
213,1995,10,24382,14300,10082
213,1995,11,24422,17500,6922
213,1995,12,36590,26400,10190
213,1996,1,24506,34440,-9934
213,1996,2,24477,25240,-763
213,1996,3,24475,24640,-165
213,1996,4,24475,22240,2235
213,1996,5,24480,26140,-1660
213,1996,6,36632,48840,-12208
213,1996,7,24430,15540,8890
213,1996,8,24460,20940,3520
213,1996,9,24475,19140,5335
213,1996,10,24497,19140,5357
213,1996,11,24503,28140,-3637
213,1996,12,36644,35140,1504
213,1997,1,24481,35140,-10659
213,1997,2,24459,20340,4119
213,1997,3,24482,18440,6042
213,1997,4,24504,19440,5064
213,1997,5,24515,25340,-825
213,1997,6,36665,36340,325
213,1997,7,24504,32940,-8436
213,1997,8,24474,25840,-1366
213,1997,9,24465,25240,-775
213,1997,10,24469,21440,3029
213,1997,11,24469,26340,-1871
213,1997,12,36618,30740,5878
213,1998,1,24476,34740,-10264
213,1998,2,24485,21940,2545
213,1998,3,24462,21940,2522
213,1998,4,24469,23940,529
213,1998,5,24477,19840,4637
213,1998,6,36598,48940,-12342
213,1998,7,24432,27840,-3408
213,1998,8,24417,25140,-723
213,1998,9,24410,26840,-2430
213,1998,10,24402,27040,-2638
213,1998,11,24394,24940,-546
213,1998,12,36551,29125,7426
214,1997,3,500,0,500
214,1997,4,3146,0,3146
214,1997,5,3146,0,3146
214,1997,6,3146,0,3146
214,1997,7,3146,0,3146
214,1997,8,3185,4212,-1027
214,1997,9,3199,2112,1087
214,1997,10,3203,3492,-289
214,1997,11,3203,2112,1091
214,1997,12,3204,3522,-318
214,1998,1,3193,6612,-3419
214,1998,2,3192,2112,1080
214,1998,3,3196,2112,1084
214,1998,4,3199,2742,457
214,1998,5,3203,2112,1091
214,1998,6,3204,3612,-408
214,1998,7,3205,2862,343
214,1998,8,3205,3212,-7
214,1998,9,3204,3372,-168
214,1998,10,3206,3612,-406
214,1998,11,3204,2112,1092
214,1998,12,3208,2547,661
215,1997,11,1000,0,1000
215,1997,12,3182,0,3182
215,1998,1,3182,0,3182
215,1998,2,3182,0,3182
215,1998,3,3182,0,3182
215,1998,4,3227,2136,1091
215,1998,5,3247,2136,1111
215,1998,6,3241,6726,-3485
215,1998,7,3237,2466,771
215,1998,8,3240,2136,1104
215,1998,9,3245,2136,1109
215,1998,10,3246,3216,30
215,1998,11,3245,4506,-1261
215,1998,12,3244,2361,883
216,1994,5,500,0,500
216,1994,6,6460,0,6460
216,1994,7,6460,0,6460
216,1994,8,6460,0,6460
216,1994,9,6525,300,6225
216,1994,10,6577,3928,2649
216,1994,11,6576,8214,-1638
216,1994,12,6572,9224,-2652
216,1995,1,6552,11174,-4622
216,1995,2,6552,3014,3538
216,1995,3,6566,4934,1632
216,1995,4,6573,5254,1319
216,1995,5,6568,8714,-2146
216,1995,6,6574,3014,3560
216,1995,7,6585,4614,1971
216,1995,8,6590,4114,2476
216,1995,9,6588,7814,-1226
216,1995,10,6592,4914,1678
216,1995,11,6595,6354,241
216,1995,12,6586,10464,-3878
216,1996,1,6555,15674,-9119
216,1996,2,6552,3014,3538
216,1996,3,6567,3014,3553
216,1996,4,6582,3014,3568
216,1996,5,6591,7294,-703
216,1996,6,6581,10674,-4093
216,1996,7,6573,5314,1259
216,1996,8,6586,3014,3572
216,1996,9,6594,5014,1580
216,1996,10,6595,6714,-119
216,1996,11,6599,5274,1325
216,1996,12,6601,10864,-4263
216,1997,1,6580,10614,-4034
216,1997,2,6565,6934,-369
216,1997,3,6572,5614,958
216,1997,4,6579,3014,3565
216,1997,5,6590,6114,476
216,1997,6,6583,9814,-3231
216,1997,7,6583,3014,3569
216,1997,8,6592,6514,78
216,1997,9,6595,8114,-1519
216,1997,10,6590,4014,2576
216,1997,11,6592,11614,-5022
216,1997,12,6571,9964,-3393
216,1998,1,6547,11774,-5227
216,1998,2,6540,4694,1846
216,1998,3,6543,10114,-3571
216,1998,4,6536,4534,2002
216,1998,5,6538,7714,-1176
216,1998,6,6531,8114,-1583
216,1998,7,6526,7314,-788
216,1998,8,6524,5814,710
216,1998,9,6528,4414,2114
216,1998,10,6539,4814,1725
216,1998,11,6542,7274,-732
216,1998,12,6539,3949,2590
217,1995,1,800,0,800
217,1995,2,14899,0,14899
217,1995,3,12259,0,12259
217,1995,4,11199,6900,4299
217,1995,5,11209,11500,-291
217,1995,6,16751,13915,2836
217,1995,7,11217,15074,-3857
217,1995,8,11205,14874,-3669
217,1995,9,11194,10974,220
217,1995,10,11199,9974,1225
217,1995,11,11194,17374,-6180
217,1995,12,16729,11674,5055
217,1996,1,11190,13274,-2084
217,1996,2,11184,11974,-790
217,1996,3,11189,8474,2715
217,1996,4,11182,17174,-5992
217,1996,5,11178,7274,3904
217,1996,6,16721,16774,-53
217,1996,7,11178,12974,-1796
217,1996,8,11172,10874,298
217,1996,9,11183,8274,2909
217,1996,10,11207,11574,-367
217,1996,11,11202,6174,5028
217,1996,12,16765,10174,6591
217,1997,1,11226,12674,-1448
217,1997,2,11227,9774,1453
217,1997,3,11208,22374,-11166
217,1997,4,11180,13674,-2494
217,1997,5,11180,8674,2506
217,1997,6,16733,15774,959
217,1997,7,11189,10374,815
217,1997,8,11188,11274,-86
217,1997,9,11174,15174,-4000
217,1997,10,11173,10574,599
217,1997,11,11175,10574,601
217,1997,12,16718,15174,1544
217,1998,1,11176,12974,-1798
217,1998,2,11176,10674,502
217,1998,3,11172,12674,-1502
217,1998,4,11163,13374,-2211
217,1998,5,11189,3474,7715
217,1998,6,16731,15774,957
217,1998,7,11172,17474,-6302
217,1998,8,11198,3474,7724
217,1998,9,11163,23174,-12011
217,1998,10,11177,6774,4403
217,1998,11,11184,22174,-10990
217,1998,12,16701,6159,10542
218,1996,2,500,0,500
218,1996,3,43644,0,43644
218,1996,4,9058,13600,-4542
218,1996,5,47279,10600,36679
218,1996,6,73183,87860,-14677
218,1996,7,226,42255,-42029
218,1996,8,10271,3815,6456
218,1996,9,38849,42252,-3403
218,1996,10,56854,15285,41569
218,1996,11,249,43440,-43191
218,1996,12,66,20615,-20549
218,1997,1,57776,35726,22050
218,1997,2,155,15,140
218,1997,3,106121,63315,42806
218,1997,4,68699,76515,-7816
218,1997,5,67490,78515,-11025
218,1997,6,64562,107915,-43353
218,1997,7,50244,28515,21729
218,1997,8,31522,33915,-2393
218,1997,9,34824,38978,-4154
218,1997,10,121296,59815,61481
218,1997,11,125339,152115,-26776
218,1997,12,70498,73815,-3317
218,1998,1,11977,61715,-49738
218,1998,2,110933,50416,60517
218,1998,3,16764,51406,-34642
218,1998,4,124793,73115,51678
218,1998,5,83440,139036,-55596
218,1998,6,70546,40715,29831
218,1998,7,40835,51535,-10700
218,1998,8,165647,142115,23532
218,1998,9,9464,30515,-21051
218,1998,10,43479,37384,6095
218,1998,11,44043,46651,-2608
218,1998,12,22158,43846,-21688
219,1995,9,500,0,500
219,1995,10,21442,0,21442
219,1995,11,17918,400,17518
219,1995,12,26879,8000,18879
219,1996,1,18006,18700,-694
219,1996,2,17992,22239,-4247
219,1996,3,17983,21379,-3396
219,1996,4,17974,18339,-365
219,1996,5,17965,20339,-2374
219,1996,6,26843,24699,2144
219,1996,7,17975,16299,1676
219,1996,8,17977,26439,-8462
219,1996,9,17984,18339,-355
219,1996,10,17982,15539,2443
219,1996,11,17983,20419,-2436
219,1996,12,26890,23699,3191
219,1997,1,17951,30999,-13048
219,1997,2,17941,9439,8502
219,1997,3,17975,14639,3336
219,1997,4,17985,17399,586
219,1997,5,17988,12279,5709
219,1997,6,26924,18339,8585
219,1997,7,18046,16939,1107
219,1997,8,18047,19639,-1592
219,1997,9,18039,20939,-2900
219,1997,10,18026,18499,-473
219,1997,11,18013,18859,-846
219,1997,12,26928,23039,3889
219,1998,1,18003,28919,-10916
219,1998,2,17997,11539,6458
219,1998,3,18023,13239,4784
219,1998,4,18031,18759,-728
219,1998,5,18019,22219,-4200
219,1998,6,26906,39259,-12353
219,1998,7,17970,11839,6131
219,1998,8,17984,22339,-4355
219,1998,9,17969,16939,1030
219,1998,10,17968,19239,-1271
219,1998,11,17966,16239,1727
219,1998,12,26874,23864,3010
220,1993,4,400,0,400
220,1993,5,5271,0,5271
220,1993,6,5271,0,5271
220,1993,7,5271,0,5271
220,1993,8,5271,0,5271
220,1993,9,5330,3110,2220
220,1993,10,5375,3110,2265
220,1993,11,5379,9030,-3651
220,1993,12,5369,3510,1859
220,1994,1,5360,13750,-8390
220,1994,2,5341,3590,1751
220,1994,3,5344,5830,-486
220,1994,4,5348,3110,2238
220,1994,5,5356,4550,806
220,1994,6,5358,5210,148
220,1994,7,5359,5010,349
220,1994,8,5363,4010,1353
220,1994,9,5368,3110,2258
220,1994,10,5378,8810,-3432
220,1994,11,5360,8090,-2730
220,1994,12,5351,3760,1591
220,1995,1,5346,11770,-6424
220,1995,2,5331,3590,1741
220,1995,3,5338,5010,328
220,1995,4,5340,3410,1930
220,1995,5,5341,8270,-2929
220,1995,6,5333,5810,-477
220,1995,7,5334,3110,2224
220,1995,8,5340,7410,-2070
220,1995,9,5326,7690,-2364
220,1995,10,5325,3110,2215
220,1995,11,5330,7010,-1680
220,1995,12,5325,4710,615
220,1996,1,5327,4870,457
220,1996,2,5330,4410,920
220,1996,3,5330,7710,-2380
220,1996,4,5325,3110,2215
220,1996,5,5334,3110,2224
220,1996,6,5338,7210,-1872
220,1996,7,5330,7510,-2180
220,1996,8,5326,3110,2216
220,1996,9,5335,3110,2225
220,1996,10,5340,6390,-1050
220,1996,11,5340,3110,2230
220,1996,12,5350,3410,1940
220,1997,1,5340,10550,-5210
220,1997,2,5334,4550,784
220,1997,3,5333,6070,-737
220,1997,4,5336,3110,2226
220,1997,5,5345,3110,2235
220,1997,6,5352,4810,542
220,1997,7,5357,3110,2247
220,1997,8,5365,7510,-2145
220,1997,9,5357,3110,2247
220,1997,10,5364,4790,574
220,1997,11,5369,3110,2259
220,1997,12,5376,4520,856
220,1998,1,5368,12200,-6832
220,1998,2,5353,3110,2243
220,1998,3,5358,5510,-152
220,1998,4,5362,3110,2252
220,1998,5,5371,3110,2261
220,1998,6,5360,10960,-5600
220,1998,7,5357,3110,2247
220,1998,8,5366,3110,2256
220,1998,9,5375,3110,2265
220,1998,10,5385,3110,2275
220,1998,11,5394,3110,2284
220,1998,12,5401,7965,-2564
221,1996,10,300,0,300
221,1996,11,23641,0,23641
221,1996,12,32257,17200,15057
221,1997,1,21599,16400,5199
221,1997,2,21619,18000,3619
221,1997,3,21660,26911,-5251
221,1997,4,21638,25611,-3973
221,1997,5,21620,27011,-5391
221,1997,6,32291,39711,-7420
221,1997,7,21570,17711,3859
221,1997,8,21585,16911,4674
221,1997,9,21598,22711,-1113
221,1997,10,21593,22611,-1018
221,1997,11,21588,23811,-2223
221,1997,12,32334,23711,8623
221,1998,1,21616,27411,-5795
221,1998,2,21591,19011,2580
221,1998,3,21600,22411,-811
221,1998,4,21599,18811,2788
221,1998,5,21608,21111,497
221,1998,6,32335,33311,-976
221,1998,7,21606,19511,2095
221,1998,8,21609,22511,-902
221,1998,9,21603,22611,-1008
221,1998,10,21610,21311,299
221,1998,11,21604,23811,-2207
221,1998,12,32360,8996,23364
222,1993,3,500,0,500
222,1993,4,34481,4500,29981
222,1993,5,34567,21400,13167
222,1993,6,51833,36700,15133
222,1993,7,34652,34900,-248
222,1993,8,34626,56044,-21418
222,1993,9,34569,34315,254
222,1993,10,34592,24915,9677
222,1993,11,34701,28615,6086
222,1993,12,51905,64070,-12165
222,1994,1,34562,52589,-18027
222,1994,2,36277,24849,11428
222,1994,3,34588,22315,12273
222,1994,4,34672,10715,23957
222,1994,5,34730,35823,-1093
222,1994,6,51934,48167,3767
222,1994,7,34708,39701,-4993
222,1994,8,34736,21415,13321
222,1994,9,34760,31456,3304
222,1994,10,34771,31415,3356
222,1994,11,34725,48491,-13766
222,1994,12,51940,58963,-7023
222,1995,1,34593,68331,-33738
222,1995,2,34629,5815,28814
222,1995,3,34693,21415,13278
222,1995,4,34743,27915,6828
222,1995,5,34721,35315,-594
222,1995,6,52025,27615,24410
222,1995,7,34811,55783,-20972
222,1995,8,34765,43415,-8650
222,1995,9,34749,26915,7834
222,1995,10,34767,71115,-36348
222,1995,11,34609,30815,3794
222,1995,12,51950,58385,-6435
222,1996,1,34634,47866,-13232
222,1996,2,34544,25015,9529
222,1996,3,34583,29415,5168
222,1996,4,34603,33715,888
222,1996,5,34668,37015,-2347
222,1996,6,51804,62685,-10881
222,1996,7,34556,26215,8341
222,1996,8,34644,43215,-8571
222,1996,9,34552,31215,3337
222,1996,10,34589,42942,-8353
222,1996,11,34536,26115,8421
222,1996,12,51780,40815,10965
222,1997,1,34606,46845,-12239
222,1997,2,34567,25715,8852
222,1997,3,34599,30215,4384
222,1997,4,34614,50918,-16304
222,1997,5,34589,32649,1940
222,1997,6,51783,31015,20768
222,1997,7,34669,51728,-17059
222,1997,8,34576,45494,-10918
222,1997,9,34537,24215,10322
222,1997,10,34571,30415,4156
222,1997,11,34616,36632,-2016
222,1997,12,51835,47703,4132
222,1998,1,34578,48815,-14237
222,1998,2,34531,34115,416
222,1998,3,34531,34615,-84
222,1998,4,34523,39215,-4692
222,1998,5,34503,38815,-4312
222,1998,6,51706,50751,955
222,1998,7,34499,33615,884
222,1998,8,34503,33315,1188
222,1998,9,34564,9015,25549
222,1998,10,34574,50815,-16241
222,1998,11,34520,44615,-10095
222,1998,12,51802,16175,35627
223,1995,6,800,0,800
223,1995,7,12200,0,12200
223,1995,8,44818,15000,29818
223,1995,9,178,11000,-10822
223,1995,10,47135,2500,44635
223,1995,11,318,24300,-23982
223,1995,12,318,12000,-11682
223,1996,1,318,7700,-7382
223,1996,2,45600,7500,38100
223,1996,3,297,25800,-25503
223,1996,4,297,14800,-14503
223,1996,5,297,7200,-6903
223,1996,6,39786,22600,17186
223,1996,7,174,10300,-10126
223,1996,8,174,1500,-1326
223,1996,9,1574,0,1574
223,1996,10,174,5600,-5426
223,1996,11,374,0,374
223,1996,12,174,300,-126
223,1997,1,974,0,974
223,1997,2,5574,0,5574
223,1997,3,174,300,-126
223,1997,4,874,0,874
223,1997,5,16941,15,16926
223,1997,6,150,26515,-26365
223,1997,7,45870,915,44955
223,1997,8,218,30015,-29797
223,1997,9,165,6215,-6050
223,1997,10,140,1315,-1175
223,1997,11,120,7515,-7395
223,1997,12,2805,2915,-110
223,1998,1,2104,1815,289
223,1998,2,2005,1915,90
223,1998,3,37872,17215,20657
223,1998,4,191,6715,-6524
223,1998,5,163,3615,-3452
223,1998,6,5850,6815,-965
223,1998,7,8347,15,8332
223,1998,8,581,15,566
223,1998,9,183,2515,-2332
223,1998,10,173,2515,-2342
223,1998,11,155,8615,-8460
223,1998,12,123,6200,-6077
224,1996,10,1100,0,1100
224,1996,11,5776,0,5776
224,1996,12,5776,0,5776
224,1997,1,5776,0,5776
224,1997,2,5793,1000,4793
224,1997,3,5878,4118,1760
224,1997,4,5875,9578,-3703
224,1997,5,5862,7038,-1176
224,1997,6,5853,12868,-7015
224,1997,7,5837,3518,2319
224,1997,8,5846,3518,2328
224,1997,9,5856,3518,2338
224,1997,10,5865,3818,2047
224,1997,11,5872,4918,954
224,1997,12,5871,8818,-2947
224,1998,1,5853,13148,-7295
224,1998,2,5834,4418,1416
224,1998,3,5838,4878,960
224,1998,4,5840,6818,-978
224,1998,5,5838,5518,320
224,1998,6,5840,5498,342
224,1998,7,5838,7678,-1840
224,1998,8,5836,3518,2318
224,1998,9,5839,7118,-1279
224,1998,10,5841,3518,2323
224,1998,11,5849,3918,1931
224,1998,12,5856,4853,1003
225,1993,7,1000,0,1000
225,1993,8,15389,0,15389
225,1993,9,7752,0,7752
225,1993,10,5179,4700,479
225,1993,11,5181,4400,781
225,1993,12,7743,4017,3726
225,1994,1,8462,19720,-11258
225,1994,2,6959,3400,3559
225,1994,3,5171,4900,271
225,1994,4,5574,3400,2174
225,1994,5,5168,8040,-2872
225,1994,6,7714,6200,1514
225,1994,7,9973,9040,933
225,1994,8,6783,3400,3383
225,1994,9,5578,8560,-2982
225,1994,10,5182,4000,1182
225,1994,11,5186,4100,1086
225,1994,12,7736,4900,2836
225,1995,1,7064,21480,-14416
225,1995,2,11151,8800,2351
225,1995,3,13361,6880,6481
225,1995,4,9479,6760,2719
225,1995,5,5191,3800,1391
225,1995,6,7733,14100,-6367
225,1995,7,11772,11080,692
225,1995,8,8681,3400,5281
225,1995,9,7100,3400,3700
225,1995,10,6013,3400,2613
225,1995,11,6819,5680,1139
225,1995,12,7769,5300,2469
225,1996,1,5196,24420,-19224
225,1996,2,9467,3400,6067
225,1996,3,12080,9640,2440
225,1996,4,6094,3400,2694
225,1996,5,5297,5920,-623
225,1996,6,9331,8920,411
225,1996,7,6706,3400,3306
225,1996,8,8926,3400,5526
225,1996,9,6743,3400,3343
225,1996,10,5250,4300,950
225,1996,11,5357,3400,1957
225,1996,12,8005,4840,3165
225,1997,1,5242,19320,-14078
225,1997,2,10836,3400,7436
225,1997,3,5246,4700,546
225,1997,4,9967,3400,6567
225,1997,5,6281,6160,121
225,1997,6,11226,30920,-19694
225,1997,7,19344,3400,15944
225,1997,8,8171,5080,3091
225,1997,9,6480,3400,3080
225,1997,10,9904,3400,6504
225,1997,11,6018,3400,2618
225,1997,12,10482,3400,7082
225,1998,1,5283,34120,-28837
225,1998,2,15162,6040,9122
225,1998,3,11294,3400,7894
225,1998,4,8116,3400,4716
225,1998,5,8035,3400,4635
225,1998,6,10328,29320,-18992
225,1998,7,20714,7240,13474
225,1998,8,22866,6640,16226
225,1998,9,14258,11560,2698
225,1998,10,11103,3400,7703
225,1998,11,6834,3400,3434
225,1998,12,7994,3385,4609
226,1997,2,1000,0,1000
226,1997,3,21580,0,21580
226,1997,4,19163,8800,10363
226,1997,5,19207,8400,10807
226,1997,6,28776,23400,5376
226,1997,7,19266,23143,-3877
226,1997,8,21641,24563,-2922
226,1997,9,20042,17243,2799
226,1997,10,19248,22543,-3295
226,1997,11,22150,15043,7107
226,1997,12,28815,32263,-3448
226,1998,1,20743,34863,-14120
226,1998,2,31025,15043,15982
226,1998,3,20971,15943,5028
226,1998,4,19975,20843,-868
226,1998,5,20674,20343,331
226,1998,6,28824,24143,4681
226,1998,7,19282,24395,-5113
226,1998,8,19273,21355,-2082
226,1998,9,19867,18055,1812
226,1998,10,19259,24955,-5696
226,1998,11,19243,20955,-1712
226,1998,12,28775,28040,735
227,1995,3,700,0,700
227,1995,4,44712,10100,34612
227,1995,5,44850,28000,16850
227,1995,6,67277,77200,-9923
227,1995,7,44875,35400,9475
227,1995,8,44946,45115,-169
227,1995,9,44932,51925,-6993
227,1995,10,44929,60336,-15407
227,1995,11,44872,35296,9576
227,1995,12,67296,49444,17852
227,1996,1,44888,69926,-25038
227,1996,2,44890,28296,16594
227,1996,3,44895,50924,-6029
227,1996,4,44925,34896,10029
227,1996,5,44954,43396,1558
227,1996,6,67301,65896,1405
227,1996,7,44945,48996,-4051
227,1996,8,44944,41396,3548
227,1996,9,44948,45196,-248
227,1996,10,44929,49796,-4867
227,1996,11,44921,45396,-475
227,1996,12,67210,86596,-19386
227,1997,1,44816,49096,-4280
227,1997,2,44850,40704,4146
227,1997,3,44860,33696,11164
227,1997,4,44879,46053,-1174
227,1997,5,44882,41496,3386
227,1997,6,67257,59196,8061
227,1997,7,44904,50796,-5892
227,1997,8,44837,65439,-20602
227,1997,9,44809,40296,4513
227,1997,10,44819,43596,1223
227,1997,11,44905,44196,709
227,1997,12,67281,67896,-615
227,1998,1,44878,26496,18382
227,1998,2,44925,28496,16429
227,1998,3,44902,64596,-19694
227,1998,4,44905,37996,6909
227,1998,5,44947,28796,16151
227,1998,6,67372,74396,-7024
227,1998,7,44962,60908,-15946
227,1998,8,44896,34996,9900
227,1998,9,44913,47596,-2683
227,1998,10,44914,38996,5918
227,1998,11,44924,43896,1028
227,1998,12,67340,41781,25559
228,1993,9,800,0,800
228,1993,10,21814,0,21814
228,1993,11,21702,11800,9902
228,1993,12,32548,18000,14548
228,1994,1,21796,23400,-1604
228,1994,2,21825,22573,-748
228,1994,3,21820,23419,-1599
228,1994,4,21812,24019,-2207
228,1994,5,21803,22119,-316
228,1994,6,33061,53999,-20938
228,1994,7,21725,11419,10306
228,1994,8,21760,15019,6741
228,1994,9,21783,18419,3364
228,1994,10,21790,23639,-1849
228,1994,11,21788,19819,1969
228,1994,12,32613,27179,5434
228,1995,1,21771,45379,-23608
228,1995,2,21721,14719,7002
228,1995,3,21751,18019,3732
228,1995,4,21763,17719,4044
228,1995,5,21773,22119,-346
228,1995,6,32590,28599,3991
228,1995,7,21781,31559,-9778
228,1995,8,21749,18519,3230
228,1995,9,21760,18919,2841
228,1995,10,21763,22519,-756
228,1995,11,21761,22419,-658
228,1995,12,32561,31859,702
228,1996,1,21723,33959,-12236
228,1996,2,21710,20359,1351
228,1996,3,21724,16819,4905
228,1996,4,21728,23419,-1691
228,1996,5,21724,21619,105
228,1996,6,32527,33899,-1372
228,1996,7,21706,26639,-4933
228,1996,8,21700,18919,2781
228,1996,9,21748,4119,17629
228,1996,10,21772,26699,-4927
228,1996,11,21762,19359,2403
228,1996,12,32597,19939,12658
228,1997,1,21769,43159,-21390
228,1997,2,21742,18299,3443
228,1997,3,21745,21419,326
228,1997,4,21795,4119,17676
228,1997,5,21763,38539,-16776
228,1997,6,32597,13519,19078
228,1997,7,21798,35519,-13721
228,1997,8,21821,4119,17702
228,1997,9,21777,44039,-22262
228,1997,10,21797,4119,17678
228,1997,11,21763,38619,-16856
228,1997,12,32623,6839,25784
228,1998,1,21733,54379,-32646
228,1998,2,21764,5319,16445
228,1998,3,21840,5079,16761
228,1998,4,21767,50019,-28252
228,1998,5,21786,6879,14907
228,1998,6,32657,25559,7098
228,1998,7,21888,4119,17769
228,1998,8,21789,59299,-37510
228,1998,9,21805,4119,17686
228,1998,10,21879,4119,17760
228,1998,11,21785,56619,-34834
228,1998,12,32636,5224,27412
229,1997,6,6610,0,6610
229,1997,7,5520,0,5520
229,1997,8,5520,0,5520
229,1997,9,5520,0,5520
229,1997,10,5567,2520,3047
229,1997,11,5604,4820,784
229,1997,12,5609,3670,1939
229,1998,1,5586,20440,-14854
229,1998,2,5557,2520,3037
229,1998,3,5569,6560,-991
229,1998,4,5563,5400,163
229,1998,5,5568,3120,2448
229,1998,6,5575,6840,-1265
229,1998,7,5572,2520,3052
229,1998,8,5577,6900,-1323
229,1998,9,5574,6280,-706
229,1998,10,5576,2520,3056
229,1998,11,5588,5320,268
229,1998,12,5588,3205,2383
230,1996,2,600,0,600
230,1996,3,20607,0,20607
230,1996,4,17590,5700,11890
230,1996,5,17636,10800,6836
230,1996,6,26411,20300,6111
230,1996,7,17696,24115,-6419
230,1996,8,17667,25315,-7648
230,1996,9,17644,22815,-5171
230,1996,10,17622,16315,1307
230,1996,11,17620,20815,-3195
230,1996,12,26370,23255,3115
230,1997,1,17619,26455,-8836
230,1997,2,17582,16675,907
230,1997,3,17589,18715,-1126
230,1997,4,17592,12715,4877
230,1997,5,17616,16235,1381
230,1997,6,26343,31555,-5212
230,1997,7,17585,19895,-2310
230,1997,8,17587,11715,5872
230,1997,9,17611,11615,5996
230,1997,10,17631,14515,3116
230,1997,11,17647,13115,4532
230,1997,12,26424,19395,7029
230,1998,1,17680,27975,-10295
230,1998,2,17652,11815,5837
230,1998,3,17666,17415,251
230,1998,4,17658,22575,-4917
230,1998,5,17654,13715,3939
230,1998,6,26438,24855,1583
230,1998,7,17655,22615,-4960
230,1998,8,17642,24115,-6473
230,1998,9,17599,24515,-6916
230,1998,10,17577,21615,-4038
230,1998,11,17557,22315,-4758
230,1998,12,26292,28000,-1708
231,1995,4,4021,0,4021
231,1995,5,3127,0,3127
231,1995,6,3127,0,3127
231,1995,7,3127,0,3127
231,1995,8,3153,2088,1065
231,1995,9,3173,2088,1085
231,1995,10,3178,2088,1090
231,1995,11,3182,2088,1094
231,1995,12,3187,2088,1099
231,1996,1,3185,6308,-3123
231,1996,2,3177,3168,9
231,1996,3,3176,3138,38
231,1996,4,3178,2718,460
231,1996,5,3180,2788,392
231,1996,6,3182,2088,1094
231,1996,7,3185,3688,-503
231,1996,8,3182,4788,-1606
231,1996,9,3175,4978,-1803
231,1996,10,3170,2288,882
231,1996,11,3174,2088,1086
231,1996,12,3178,2448,730
231,1997,1,3172,6228,-3056
231,1997,2,3168,2088,1080
231,1997,3,3173,2088,1085
231,1997,4,3177,2088,1089
231,1997,5,3182,2088,1094
231,1997,6,3185,3798,-613
231,1997,7,3184,2188,996
231,1997,8,3187,2688,499
231,1997,9,3189,3558,-369
231,1997,10,3188,2688,500
231,1997,11,3190,3378,-188
231,1997,12,3190,2088,1102
231,1998,1,3177,8148,-4971
231,1998,2,3173,2718,455
231,1998,3,3173,3318,-145
231,1998,4,3175,2088,1087
231,1998,5,3179,2088,1091
231,1998,6,3181,4458,-1277
231,1998,7,3174,3678,-504
231,1998,8,3174,4038,-864
231,1998,9,3168,3888,-720
231,1998,10,3170,2088,1082
231,1998,11,3174,2088,1086
231,1998,12,3179,2073,1106
232,1997,11,700,0,700
232,1997,12,33526,5500,28026
232,1998,1,22469,10200,12269
232,1998,2,22514,19000,3514
232,1998,3,22530,18200,4330
232,1998,4,22548,16515,6033
232,1998,5,22608,24258,-1650
232,1998,6,37122,55418,-18296
232,1998,7,22529,14658,7871
232,1998,8,22554,16538,6016
232,1998,9,22578,22158,420
232,1998,10,22560,21438,1122
232,1998,11,22585,18158,4427
232,1998,12,33810,6843,26967
234,1993,7,500,0,500
234,1993,8,5810,0,5810
234,1993,9,5810,0,5810
234,1993,10,5810,0,5810
234,1993,11,5810,0,5810
234,1993,12,5875,3255,2620
234,1994,1,5905,12794,-6889
234,1994,2,5890,5944,-54
234,1994,3,5899,2824,3075
234,1994,4,5911,2824,3087
234,1994,5,5924,2824,3100
234,1994,6,5925,13134,-7209
234,1994,7,5906,3384,2522
234,1994,8,5907,10484,-4577
234,1994,9,5898,2824,3074
234,1994,10,5911,2824,3087
234,1994,11,5915,5924,-9
234,1994,12,5906,7974,-2068
234,1995,1,5886,15944,-10058
234,1995,2,5873,2824,3049
234,1995,3,5885,3324,2561
234,1995,4,5880,7964,-2084
234,1995,5,5874,8064,-2190
234,1995,6,5879,2824,3055
234,1995,7,5877,8324,-2447
234,1995,8,5882,2824,3058
234,1995,9,5875,7704,-1829
234,1995,10,5878,5824,54
234,1995,11,5876,6724,-848
234,1995,12,5873,6624,-751
234,1996,1,5876,6824,-948
234,1996,2,5875,5224,651
234,1996,3,5872,9024,-3152
234,1996,4,5865,5324,541
234,1996,5,5867,3464,2403
234,1996,6,5870,6744,-874
234,1996,7,5874,2824,3050
234,1996,8,5886,6424,-538
234,1996,9,5881,8924,-3043
234,1996,10,5872,2824,3048
234,1996,11,5884,2824,3060
234,1996,12,5888,12134,-6246
234,1997,1,5869,5064,805
234,1997,2,5874,2824,3050
234,1997,3,5887,2824,3063
234,1997,4,5891,13624,-7733
234,1997,5,5868,2824,3044
234,1997,6,5880,2824,3056
234,1997,7,5881,11644,-5763
234,1997,8,5869,2824,3045
234,1997,9,5874,8824,-2950
234,1997,10,5869,2824,3045
234,1997,11,5877,6124,-247
234,1997,12,5879,3424,2455
234,1998,1,5878,8024,-2146
234,1998,2,5881,2824,3057
234,1998,3,5894,2824,3070
234,1998,4,5890,13824,-7934
234,1998,5,5874,2824,3050
234,1998,6,5881,4674,1207
234,1998,7,5877,11224,-5347
234,1998,8,5869,2824,3045
234,1998,9,5874,6724,-850
234,1998,10,5873,5944,-71
234,1998,11,5869,7324,-1455
234,1998,12,5871,3459,2412
235,1993,10,4337,0,4337
235,1993,11,3342,0,3342
235,1993,12,3342,0,3342
235,1994,1,3342,0,3342
235,1994,2,3377,2231,1146
235,1994,3,3393,2231,1162
235,1994,4,3398,2231,1167
235,1994,5,3403,2231,1172
235,1994,6,3402,7301,-3899
235,1994,7,3391,2231,1160
235,1994,8,3394,2921,473
235,1994,9,3397,2381,1016
235,1994,10,3401,3071,330
235,1994,11,3404,2231,1173
235,1994,12,3405,3101,304
235,1995,1,3406,5201,-1795
235,1995,2,3402,2231,1171
235,1995,3,3408,2231,1177
235,1995,4,3412,2231,1181
235,1995,5,3417,2231,1186
235,1995,6,3417,4331,-914
235,1995,7,3418,2231,1187
235,1995,8,3420,3041,379
235,1995,9,3424,2231,1193
235,1995,10,3429,2231,1198
235,1995,11,3435,2231,1204
235,1995,12,3438,2871,567
235,1996,1,3436,4721,-1285
235,1996,2,3433,3401,32
235,1996,3,3433,5331,-1898
235,1996,4,3425,3291,134
235,1996,5,3423,4801,-1378
235,1996,6,3418,4371,-953
235,1996,7,3419,2231,1188
235,1996,8,3421,3831,-410
235,1996,9,3423,2231,1192
235,1996,10,3424,4331,-907
235,1996,11,3423,2231,1192
235,1996,12,3420,5621,-2201
235,1997,1,3412,5681,-2269
235,1997,2,3409,2231,1178
235,1997,3,3414,2231,1183
235,1997,4,3415,3641,-226
235,1997,5,3419,2231,1188
235,1997,6,3418,6011,-2593
235,1997,7,3410,3281,129
235,1997,8,3413,2231,1182
235,1997,9,3417,2591,826
235,1997,10,3415,4831,-1416
235,1997,11,3410,4431,-1021
235,1997,12,3398,7281,-3883
235,1998,1,3392,3831,-439
235,1998,2,3387,4531,-1144
235,1998,3,3385,3291,94
235,1998,4,3387,2431,956
235,1998,5,3393,2231,1162
235,1998,6,3393,4601,-1208
235,1998,7,3384,4831,-1447
235,1998,8,3380,4131,-751
235,1998,9,3383,2231,1152
235,1998,10,3386,2471,915
235,1998,11,3391,2231,1160
235,1998,12,3392,3816,-424
236,1996,3,900,0,900
236,1996,4,12800,0,12800
236,1996,5,3500,0,3500
236,1996,6,3200,0,3200
236,1996,7,800,0,800
236,1996,8,0,1300,-1300
236,1996,9,1700,0,1700
236,1996,10,0,3600,-3600
236,1996,11,0,900,-900
236,1996,12,0,1700,-1700
236,1997,1,0,600,-600
236,1997,2,2700,0,2700
236,1997,3,0,400,-400
236,1997,4,6100,0,6100
236,1997,5,0,2000,-2000
236,1997,6,3500,0,3500
236,1997,7,0,2100,-2100
236,1997,8,0,2100,-2100
236,1997,9,0,3700,-3700
236,1997,10,0,1900,-1900
236,1997,11,0,300,-300
236,1997,12,0,2300,-2300
236,1998,1,1300,0,1300
236,1998,2,0,2700,-2700
236,1998,3,0,1100,-1100
236,1998,12,3200,0,3200
237,1994,3,900,0,900
237,1994,4,2910,0,2910
237,1994,5,2910,0,2910
237,1994,6,2910,0,2910
237,1994,7,2910,0,2910
237,1994,8,2912,15,2897
237,1994,9,2977,1955,1022
237,1994,10,2981,1955,1026
237,1994,11,2985,1955,1030
237,1994,12,2988,2795,193
237,1995,1,2982,7295,-4313
237,1995,2,2972,1955,1017
237,1995,3,2975,3365,-390
237,1995,4,2971,3125,-154
237,1995,5,2975,1955,1020
237,1995,6,2970,5585,-2615
237,1995,7,2968,1955,1013
237,1995,8,2972,1955,1017
237,1995,9,2976,1955,1021
237,1995,10,2979,2535,444
237,1995,11,2977,5645,-2668
237,1995,12,2968,3495,-527
237,1996,1,2966,3125,-159
237,1996,2,2961,5055,-2094
237,1996,3,2960,1955,1005
237,1996,4,2964,2135,829
237,1996,5,2967,2825,142
237,1996,6,2961,4655,-1694
237,1996,7,2958,3155,-197
237,1996,8,2960,1955,1005
237,1996,9,2964,1955,1009
237,1996,10,2967,2645,322
237,1996,11,2970,1955,1015
237,1996,12,2973,2165,808
237,1997,1,2968,4955,-1987
237,1997,2,2963,3655,-692
237,1997,3,2966,1955,1011
237,1997,4,2970,1955,1015
237,1997,5,2974,1955,1019
237,1997,6,2975,2865,110
237,1997,7,2979,1955,1024
237,1997,8,2983,1955,1028
237,1997,9,2987,2945,42
237,1997,10,2967,8155,-5188
237,1997,11,2966,1955,1011
237,1997,12,2969,2645,324
237,1998,1,2968,3125,-157
237,1998,2,2971,1955,1016
237,1998,3,2967,4355,-1388
237,1998,4,2969,1955,1014
237,1998,5,2972,2255,717
237,1998,6,2975,2155,820
237,1998,7,2980,1955,1025
237,1998,8,2975,4555,-1580
237,1998,9,2977,1955,1022
237,1998,10,2977,7035,-4058
237,1998,11,2964,2055,909
237,1998,12,2968,1940,1028
238,1993,8,500,0,500
238,1993,9,3351,0,3351
238,1993,10,3351,0,3351
238,1993,11,3351,0,3351
238,1993,12,3351,0,3351
238,1994,1,3390,5175,-1785
238,1994,2,3405,2249,1156
238,1994,3,3410,2249,1161
238,1994,4,3410,3209,201
238,1994,5,3414,3539,-125
238,1994,6,3413,2969,444
238,1994,7,3417,2249,1168
238,1994,8,3421,2249,1172
238,1994,9,3426,2249,1177
238,1994,10,3426,3569,-143
238,1994,11,3430,4019,-589
238,1994,12,3426,3089,337
238,1995,1,3422,6209,-2787
238,1995,2,3417,3869,-452
238,1995,3,3416,3209,207
238,1995,4,3417,2249,1168
238,1995,5,3420,3179,241
238,1995,6,3423,2249,1174
238,1995,7,3428,2249,1179
238,1995,8,3432,2249,1183
238,1995,9,3437,2249,1188
238,1995,10,3432,4949,-1517
238,1995,11,3436,2249,1187
238,1995,12,3440,2969,471
238,1996,1,3429,7079,-3650
238,1996,2,3427,2249,1178
238,1996,3,3422,4949,-1527
238,1996,4,3426,2249,1177
238,1996,5,3431,2249,1182
238,1996,6,3433,5099,-1666
238,1996,7,3429,3349,80
238,1996,8,3426,3469,-43
238,1996,9,3428,4849,-1421
238,1996,10,3422,4649,-1227
238,1996,11,3416,4949,-1533
238,1996,12,3411,2879,532
238,1997,1,3410,3569,-159
238,1997,2,3412,3849,-437
238,1997,3,3411,2249,1162
238,1997,4,3416,2249,1167
238,1997,5,3419,2969,450
238,1997,6,3421,3849,-428
238,1997,7,3415,3629,-214
238,1997,8,3420,2249,1171
238,1997,9,3421,2969,452
238,1997,10,3421,3359,62
238,1997,11,3426,2249,1177
238,1997,12,3426,5469,-2043
238,1998,1,3414,5309,-1895
238,1998,2,3415,2249,1166
238,1998,3,3419,2699,720
238,1998,4,3422,2849,573
238,1998,5,3425,2249,1176
238,1998,6,3430,2249,1181
238,1998,7,3431,3419,12
238,1998,8,3433,3349,84
238,1998,9,3433,3449,-16
238,1998,10,3434,2949,485
238,1998,11,3437,2249,1188
238,1998,12,3430,5894,-2464
239,1993,3,14802,0,14802
239,1993,4,27099,7900,19199
239,1993,5,39064,22000,17064
239,1993,6,212,13200,-12988
239,1993,7,34389,21900,12489
239,1993,8,65399,80767,-15368
239,1993,9,13428,23936,-10508
239,1993,10,49617,29972,19645
239,1993,11,116057,117819,-1762
239,1993,12,3301,22797,-19496
239,1994,1,4377,7219,-2842
239,1994,2,41179,38302,2877
239,1994,3,59966,35119,24847
239,1994,4,39305,36019,3286
239,1994,5,29462,42568,-13106
239,1994,6,48121,56919,-8798
239,1994,7,22963,27938,-4975
239,1994,8,20553,17486,3067
239,1994,9,5998,7219,-1221
239,1994,10,73491,41219,32272
239,1994,11,34406,36719,-2313
239,1994,12,169324,140919,28405
239,1995,1,19425,60319,-40894
239,1995,2,3741,17119,-13378
239,1995,3,24728,13319,11409
239,1995,4,7745,8919,-1174
239,1995,5,42848,28919,13929
239,1995,6,1168,22519,-21351
239,1995,7,7724,11419,-3695
239,1995,8,10518,7219,3299
239,1995,9,9931,7219,2712
239,1995,10,43882,43632,250
239,1995,11,57871,27319,30552
239,1995,12,17021,12219,4802
239,1996,1,6710,40612,-33902
239,1996,2,82789,31119,51670
239,1996,3,29303,36434,-7131
239,1996,4,73586,94133,-20547
239,1996,5,56719,28719,28000
239,1996,6,79780,96400,-16620
239,1996,7,25720,17619,8101
239,1996,8,99962,83847,16115
239,1996,9,338,29719,-29381
239,1996,10,88010,66419,21591
239,1996,11,145598,163019,-17421
239,1996,12,115293,116432,-1139
239,1997,1,229,32819,-32590
239,1997,2,87733,72466,15267
239,1997,3,53083,8219,44864
239,1997,4,310,30419,-30109
239,1997,5,221,27049,-26828
239,1997,6,27016,7219,19797
239,1997,7,1486,22206,-20720
239,1997,8,20189,17023,3166
239,1997,9,47091,17119,29972
239,1997,10,58637,32493,26144
239,1997,11,64617,86879,-22262
239,1997,12,25417,24820,597
239,1998,1,219,35970,-35751
239,1998,2,5856,10544,-4688
239,1998,3,13960,11719,2241
239,1998,4,10069,9906,163
239,1998,5,14906,25301,-10395
239,1998,6,15520,15161,359
239,1998,7,17055,7219,9836
239,1998,8,20922,28647,-7725
239,1998,9,19070,7219,11851
239,1998,10,41759,25059,16700
239,1998,11,22099,24851,-2752
239,1998,12,173,22705,-22532
240,1997,4,300,0,300
240,1997,5,23185,0,23185
240,1997,6,33965,17100,16865
240,1997,7,22741,20300,2441
240,1997,8,22752,20200,2552
240,1997,9,22813,27336,-4523
240,1997,10,22792,27436,-4644
240,1997,11,22772,26636,-3864
240,1997,12,34049,34716,-667
240,1998,1,22718,28836,-6118
240,1998,2,22710,19736,2974
240,1998,3,22723,20336,2387
240,1998,4,22721,24116,-1395
240,1998,5,22722,22996,-274
240,1998,6,34045,34276,-231
240,1998,7,22715,24996,-2281
240,1998,8,22704,25136,-2432
240,1998,9,22708,26536,-3828
240,1998,10,22683,26876,-4193
240,1998,11,22662,22036,626
240,1998,12,33968,33221,747
241,1996,9,500,0,500
241,1996,10,14186,0,14186
241,1996,11,4643,0,4643
241,1996,12,6264,0,6264
241,1997,1,3987,3400,587
241,1997,2,4198,1257,2941
241,1997,3,4308,2601,1707
241,1997,4,4005,10301,-6296
241,1997,5,4485,3951,534
241,1997,6,3987,7661,-3674
241,1997,7,3975,3301,674
241,1997,8,3977,4101,-124
241,1997,9,3975,4801,-826
241,1997,10,3971,4101,-130
241,1997,11,5873,4011,1862
241,1997,12,6679,3351,3328
241,1998,1,10191,7191,3000
241,1998,2,4003,4701,-698
241,1998,3,8206,3471,4735
241,1998,4,4018,6501,-2483
241,1998,5,4012,3201,811
241,1998,6,5504,7641,-2137
241,1998,7,4006,2601,1405
241,1998,8,4006,7401,-3395
241,1998,9,3999,3001,998
241,1998,10,8310,2601,5709
241,1998,11,4827,2841,1986
241,1998,12,7640,3846,3794
242,1996,8,500,0,500
242,1996,9,25037,0,25037
242,1996,10,23437,14700,8737
242,1996,11,23470,20400,3070
242,1996,12,35150,26500,8650
242,1997,1,23550,32672,-9122
242,1997,2,23536,23554,-18
242,1997,3,23533,26754,-3221
242,1997,4,23524,19654,3870
242,1997,5,23527,26634,-3107
242,1997,6,35109,51574,-16465
242,1997,7,23462,15614,7848
242,1997,8,23486,19354,4132
242,1997,9,23503,18254,5249
242,1997,10,23515,23674,-159
242,1997,11,23509,30514,-7005
242,1997,12,35168,33794,1374
242,1998,1,23465,32674,-9209
242,1998,2,23451,23754,-303
242,1998,3,23457,19354,4103
242,1998,4,23457,27674,-4217
242,1998,5,23444,26254,-2810
242,1998,6,35125,39814,-4689
242,1998,7,23423,18574,4849
242,1998,8,23442,17754,5688
242,1998,9,23448,26654,-3206
242,1998,10,23442,22614,828
242,1998,11,23442,20134,3308
242,1998,12,35190,5799,29391
243,1993,11,900,0,900
243,1993,12,14000,0,14000
243,1994,1,27515,0,27515
243,1994,2,176,7800,-7624
243,1994,3,33139,6600,26539
243,1994,4,74252,55100,19152
243,1994,5,172417,164930,7487
243,1994,6,44870,53519,-8649
243,1994,7,253,32097,-31844
243,1994,8,158,16697,-16539
243,1994,9,28597,4997,23600
243,1994,10,77094,54597,22497
243,1994,11,49211,30297,18914
243,1994,12,30757,71197,-40440
243,1995,1,336,31539,-31203
243,1995,2,84834,29184,55650
243,1995,3,43671,73397,-29726
243,1995,4,27522,46176,-18654
243,1995,5,44120,28297,15823
243,1995,6,16513,28698,-12185
243,1995,7,142,10897,-10755
243,1995,8,15950,16897,-947
243,1995,9,40438,23297,17141
243,1995,10,39468,33613,5855
243,1995,11,135,25736,-25601
243,1995,12,71756,41297,30459
243,1996,1,68880,87897,-19017
243,1996,2,89147,88097,1050
243,1996,3,121,18197,-18076
243,1996,4,51421,36797,14624
243,1996,5,36607,36197,410
243,1996,6,75107,50497,24610
243,1996,7,72307,58497,13810
243,1996,8,147882,168497,-20615
243,1996,9,49374,47897,1477
243,1996,10,43826,16297,27529
243,1996,11,21139,50797,-29658
243,1996,12,25603,33797,-8194
243,1997,1,49012,63197,-14185
243,1997,2,42752,3097,39655
243,1997,3,79468,95997,-16529
243,1997,4,197,3097,-2900
243,1997,5,10031,3097,6934
243,1997,6,138179,113497,24682
243,1997,7,114168,105197,8971
243,1997,8,239,57597,-57358
243,1997,9,63449,3097,60352
243,1997,10,108619,176363,-67744
243,1997,11,45313,3097,42216
243,1997,12,93459,104197,-10738
243,1998,1,140,25597,-25457
243,1998,2,109,3097,-2988
243,1998,3,96,3097,-3001
243,1998,4,35500,13897,21603
243,1998,5,50490,46597,3893
243,1998,6,140,21132,-20992
243,1998,7,102,3097,-2995
243,1998,8,18898,14403,4495
243,1998,9,108,3097,-2989
243,1998,10,95,3097,-3002
243,1998,11,83,3097,-3014
243,1998,12,0,3067,-3067
244,1993,2,800,0,800
244,1993,3,14116,0,14116
244,1993,4,7657,0,7657
244,1993,5,4075,1000,3075
244,1993,6,4085,2000,2085
244,1993,7,4087,5063,-976
244,1993,8,4083,5173,-1090
244,1993,9,4071,6763,-2692
244,1993,10,4067,4663,-596
244,1993,11,5577,2663,2914
244,1993,12,4082,3493,589
244,1994,1,4075,6753,-2678
244,1994,2,6283,2663,3620
244,1994,3,4074,7163,-3089
244,1994,4,5682,3473,2209
244,1994,5,4078,4863,-785
244,1994,6,5666,9923,-4257
244,1994,7,4666,4133,533
244,1994,8,4168,2663,1505
244,1994,9,5278,4043,1235
244,1994,10,6487,3633,2854
244,1994,11,4087,5663,-1576
244,1994,12,4082,4073,9
244,1995,1,8877,6413,2464
244,1995,2,4094,3163,931
244,1995,3,5098,2663,2435
244,1995,4,4101,8303,-4202
244,1995,5,4090,4013,77
244,1995,6,6590,6263,327
244,1995,7,4092,2763,1329
244,1995,8,4698,2663,2035
244,1995,9,4306,2663,1643
244,1995,10,4713,2663,2050
244,1995,11,4121,3063,1058
244,1995,12,4123,4603,-480
244,1996,1,10024,6383,3641
244,1996,2,5039,2663,2376
244,1996,3,6651,2663,3988
244,1996,4,4165,2763,1402
244,1996,5,5672,2663,3009
244,1996,6,9168,11153,-1985
244,1996,7,6478,2663,3815
244,1996,8,4187,5373,-1186
244,1996,9,4680,4463,217
244,1996,10,5288,2663,2625
244,1996,11,4196,3463,733
244,1996,12,4193,6463,-2270
244,1997,1,4182,7263,-3081
244,1997,2,7884,2663,5221
244,1997,3,6098,4763,1335
244,1997,4,4199,5733,-1534
244,1997,5,4198,3063,1135
244,1997,6,5395,5693,-298
244,1997,7,4192,7163,-2971
244,1997,8,4183,5523,-1340
244,1997,9,4182,3163,1019
244,1997,10,4177,7463,-3286
244,1997,11,4167,5073,-906
244,1997,12,4167,4413,-246
244,1998,1,6069,5303,766
244,1998,2,4166,4993,-827
244,1998,3,5267,4363,904
244,1998,4,4673,2663,2010
244,1998,5,4160,10263,-6103
244,1998,6,7734,11033,-3299
244,1998,7,7851,2663,5188
244,1998,8,8775,2663,6112
244,1998,9,9503,2663,6840
244,1998,10,4214,3363,851
244,1998,11,4209,5863,-1654
244,1998,12,4192,9448,-5256
245,1993,11,1100,0,1100
245,1993,12,13900,0,13900
245,1994,1,83074,16700,66374
245,1994,2,26560,58300,-31740
245,1994,3,28464,27600,864
245,1994,4,58337,55307,3030
245,1994,5,51651,34915,16736
245,1994,6,34045,56415,-22370
245,1994,7,183,14129,-13946
245,1994,8,60127,17215,42912
245,1994,9,44789,65215,-20426
245,1994,10,46280,19515,26765
245,1994,11,33857,63715,-29858
245,1994,12,30553,32015,-1462
245,1995,1,120,48760,-48640
245,1995,2,9815,15,9800
245,1995,3,8255,7733,522
245,1995,4,8059,6086,1973
245,1995,5,3359,6915,-3556
245,1995,6,9152,4515,4637
245,1995,7,7371,6010,1361
245,1995,8,3275,15,3260
245,1995,9,3689,2476,1213
245,1995,10,5779,12315,-6536
245,1995,11,3960,10839,-6879
245,1995,12,15544,8902,6642
245,1996,1,21476,28189,-6713
245,1996,2,7638,15,7623
245,1996,3,4769,15,4754
245,1996,4,1488,15,1473
245,1996,5,35612,37318,-1706
245,1996,6,2271,13815,-11544
245,1996,7,46913,28579,18334
245,1996,8,5990,6715,-725
245,1996,9,1088,25123,-24035
245,1996,10,8820,1515,7305
245,1996,11,5443,15,5428
245,1996,12,1763,3897,-2134
245,1997,1,32676,22273,10403
245,1997,2,649,23415,-22766
245,1997,3,48379,5068,43311
245,1997,4,82395,75714,6681
245,1997,5,99170,61415,37755
245,1997,6,39364,124758,-85394
245,1997,7,56574,2415,54159
245,1997,8,80818,77015,3803
245,1997,9,37666,53532,-15866
245,1997,10,34668,13415,21253
245,1997,11,12058,22415,-10357
245,1997,12,43226,39215,4011
245,1998,1,38757,68160,-29403
245,1998,2,117,14991,-14874
245,1998,3,22434,9463,12971
245,1998,4,1905,10815,-8910
245,1998,5,7883,10850,-2967
245,1998,6,12071,15,12056
245,1998,7,51518,20215,31303
245,1998,8,48173,46164,2009
245,1998,9,1313,19295,-17982
245,1998,10,40776,43058,-2282
245,1998,11,84398,49115,35283
245,1998,12,5876,39155,-33279
246,1997,12,700,0,700
246,1998,1,4486,0,4486
246,1998,2,4486,0,4486
246,1998,3,4508,600,3908
246,1998,4,4545,3300,1245
246,1998,5,4542,7515,-2973
246,1998,6,4535,5485,-950
246,1998,7,4538,1985,2553
246,1998,8,4541,5485,-944
246,1998,9,4537,5185,-648
246,1998,10,4542,1985,2557
246,1998,11,4550,2385,2165
246,1998,12,4555,3930,625
248,1995,4,25624,0,25624
248,1995,5,25026,1000,24026
248,1995,6,37553,12500,25053
248,1995,7,25150,54000,-28850
248,1995,8,25041,21015,4026
248,1995,9,25087,32692,-7605
248,1995,10,25040,35631,-10591
248,1995,11,24987,25129,-142
248,1995,12,37475,27015,10460
248,1996,1,25025,32315,-7290
248,1996,2,24997,18315,6682
248,1996,3,25021,25015,6
248,1996,4,25018,35849,-10831
248,1996,5,24973,35015,-10042
248,1996,6,37371,23615,13756
248,1996,7,24998,27315,-2317
248,1996,8,25004,22988,2016
248,1996,9,24989,25915,-926
248,1996,10,24987,23915,1072
248,1996,11,24991,25015,-24
248,1996,12,37466,34815,2651
248,1997,1,24997,40915,-15918
248,1997,2,24940,21315,3625
248,1997,3,24958,19015,5943
248,1997,4,24974,25415,-441
248,1997,5,24974,33415,-8441
248,1997,6,37389,20415,16974
248,1997,7,25001,32315,-7314
248,1997,8,24968,31085,-6117
248,1997,9,24962,19715,5247
248,1997,10,24974,32803,-7829
248,1997,11,24961,14915,10046
248,1997,12,37431,36015,1416
248,1998,1,24997,23015,1982
248,1998,2,25013,17415,7598
248,1998,3,25015,38411,-13396
248,1998,4,24993,22117,2876
248,1998,5,24993,20915,4078
248,1998,6,37447,28315,9132
248,1998,7,25030,29215,-4185
248,1998,8,25006,34766,-9760
248,1998,9,24980,28110,-3130
248,1998,10,24983,19215,5768
248,1998,11,24981,34273,-9292
248,1998,12,37405,27700,9705
249,1996,12,27077,0,27077
249,1997,1,19067,0,19067
249,1997,2,17810,9600,8210
249,1997,3,17823,16600,1223
249,1997,4,17813,23109,-5296
249,1997,5,17804,16609,1195
249,1997,6,26613,38109,-11496
249,1997,7,17764,22109,-4345
249,1997,8,17767,17649,118
249,1997,9,17775,20609,-2834
249,1997,10,17763,18909,-1146
249,1997,11,17751,23529,-5778
249,1997,12,26551,24589,1962
249,1998,1,17720,23349,-5629
249,1998,2,17716,22209,-4493
249,1998,3,17700,16889,811
249,1998,4,17703,18509,-806
249,1998,5,17698,18109,-411
249,1998,6,26472,31589,-5117
249,1998,7,17680,10269,7411
249,1998,8,17700,20209,-2509
249,1998,9,17695,15409,2286
249,1998,10,17701,16709,992
249,1998,11,17704,17309,395
249,1998,12,26520,27474,-954
250,1997,5,500,0,500
250,1997,6,23386,0,23386
250,1997,7,7934,0,7934
250,1997,8,5554,1900,3654
250,1997,9,5574,300,5274
250,1997,10,5587,3981,1606
250,1997,11,5585,6881,-1296
250,1997,12,8279,12081,-3802
250,1998,1,5539,17201,-11662
250,1998,2,13747,5361,8386
250,1998,3,7968,3081,4887
250,1998,4,8289,3081,5208
250,1998,5,5580,9421,-3841
250,1998,6,8295,7421,874
250,1998,7,5589,3681,1908
250,1998,8,6699,4401,2298
250,1998,9,5909,3081,2828
250,1998,10,5608,7281,-1673
250,1998,11,5603,6581,-978
250,1998,12,8316,5166,3150
251,1996,4,9886,0,9886
251,1996,5,15243,0,15243
251,1996,6,15586,0,15586
251,1996,7,9140,4400,4740
251,1996,8,9148,8674,474
251,1996,9,9125,19874,-10749
251,1996,10,9117,4474,4643
251,1996,11,9131,6374,2757
251,1996,12,13625,8394,5231
251,1997,1,21215,33634,-12419
251,1997,2,9120,3074,6046
251,1997,3,13159,3074,10085
251,1997,4,9185,4474,4711
251,1997,5,9173,18214,-9041
251,1997,6,13658,8514,5144
251,1997,7,9185,14434,-5249
251,1997,8,9165,13974,-4809
251,1997,9,9145,12874,-3729
251,1997,10,9131,8174,957
251,1997,11,9133,11874,-2741
251,1997,12,13615,8274,5341
251,1998,1,11804,32634,-20830
251,1998,2,15465,3074,12391
251,1998,3,10402,7754,2648
251,1998,4,9115,9674,-559
251,1998,5,9117,9574,-457
251,1998,6,13602,14174,-572
251,1998,7,9112,8874,238
251,1998,8,9116,5674,3442
251,1998,9,9122,12274,-3152
251,1998,10,9114,7474,1640
251,1998,11,9108,14114,-5006
251,1998,12,13580,10019,3561
252,1996,12,1000,0,1000
252,1997,1,5798,0,5798
252,1997,2,5798,0,5798
252,1997,3,5798,0,5798
252,1997,4,5798,0,5798
252,1997,5,5870,1782,4088
252,1997,6,5908,10382,-4474
252,1997,7,5908,1782,4126
252,1997,8,5925,1882,4043
252,1997,9,5941,1782,4159
252,1997,10,5951,6422,-471
252,1997,11,5956,2282,3674
252,1997,12,5971,3032,2939
252,1998,1,5979,5182,797
252,1998,2,5983,4582,1401
252,1998,3,5988,5882,106
252,1998,4,5978,15022,-9044
252,1998,5,5945,6182,-237
252,1998,6,5952,3382,2570
252,1998,7,5966,1782,4184
252,1998,8,5976,6502,-526
252,1998,9,5979,2982,2997
252,1998,10,5981,7582,-1601
252,1998,11,5986,2082,3904
252,1998,12,6003,2367,3636
253,1995,12,34680,0,34680
253,1996,1,22506,6600,15906
253,1996,2,22558,10800,11758
253,1996,3,22575,20400,2175
253,1996,4,22583,20715,1868
253,1996,5,22594,19715,2879
253,1996,6,33591,70497,-36906
253,1996,7,22489,8155,14334
253,1996,8,22545,26015,-3470
253,1996,9,22569,18675,3894
253,1996,10,22565,24175,-1610
253,1996,11,22499,19915,2584
253,1996,12,33702,29755,3947
253,1997,1,22554,29515,-6961
253,1997,2,22498,18615,3883
253,1997,3,22541,25195,-2654
253,1997,4,22503,19615,2888
253,1997,5,22515,20115,2400
253,1997,6,33721,34855,-1134
253,1997,7,22519,21215,1304
253,1997,8,22525,21115,1410
253,1997,9,22532,19915,2617
253,1997,10,22545,17515,5030
253,1997,11,22600,24915,-2315
253,1997,12,33730,30615,3115
253,1998,1,22589,32015,-9426
253,1998,2,22536,11715,10821
253,1998,3,22619,21515,1104
253,1998,4,22578,19515,3063
253,1998,5,22631,19095,3536
253,1998,6,33788,35515,-1727
253,1998,7,22596,21215,1381
253,1998,8,22603,20715,1888
253,1998,9,22652,18715,3937
253,1998,10,22651,24275,-1624
253,1998,11,22621,20115,2506
253,1998,12,33881,4160,29721
255,1996,11,39192,0,39192
255,1996,12,57577,6500,51077
255,1997,1,38572,29100,9472
255,1997,2,38587,75700,-37113
255,1997,3,38512,34491,4021
255,1997,4,38478,26638,11840
255,1997,5,38427,62325,-23898
255,1997,6,57493,57548,-55
255,1997,7,38430,51838,-13408
255,1997,8,38381,43066,-4685
255,1997,9,38416,32738,5678
255,1997,10,38434,39938,-1504
255,1997,11,38428,35538,2890
255,1997,12,57571,48538,9033
255,1998,1,38332,71489,-33157
255,1998,2,38286,33592,4694
255,1998,3,38336,38374,-38
255,1998,4,38357,26980,11377
255,1998,5,38394,42598,-4204
255,1998,6,57477,55038,2439
255,1998,7,38373,40484,-2111
255,1998,8,38390,19838,18552
255,1998,9,38436,34084,4352
255,1998,10,38461,35738,2723
255,1998,11,38464,39207,-743
255,1998,12,57627,12523,45104
256,1995,5,1100,0,1100
256,1995,6,28514,4100,24414
256,1995,7,19121,7600,11521
256,1995,8,19163,4600,14563
256,1995,9,19189,13300,5889
256,1995,10,19202,17815,1387
256,1995,11,19208,15415,3793
256,1995,12,28720,18215,10505
256,1996,1,19220,41115,-21895
256,1996,2,19178,13315,5863
256,1996,3,19215,12415,6800
256,1996,4,19235,15415,3820
256,1996,5,19251,15415,3836
256,1996,6,28730,23815,4915
256,1996,7,19272,21515,-2243
256,1996,8,19254,24915,-5661
256,1996,9,19245,19115,130
256,1996,10,19241,20915,-1674
256,1996,11,19239,18715,524
256,1996,12,28707,26815,1892
256,1997,1,19170,38515,-19345
256,1997,2,19177,15015,4162
256,1997,3,19174,21215,-2041
256,1997,4,19183,16615,2568
256,1997,5,19160,20915,-1755
256,1997,6,28661,42915,-14254
256,1997,7,19147,8515,10632
256,1997,8,19166,31715,-12549
256,1997,9,19112,17515,1597
256,1997,10,19151,24415,-5264
256,1997,11,19114,22715,-3601
256,1997,12,28611,31115,-2504
256,1998,1,19087,28315,-9228
256,1998,2,19034,15515,3519
256,1998,3,19048,16715,2333
256,1998,4,19057,19015,42
256,1998,5,19054,23915,-4861
256,1998,6,28516,28815,-299
256,1998,7,19039,13415,5624
256,1998,8,19082,23515,-4433
256,1998,9,19040,18915,125
256,1998,10,19043,15,19028
256,1998,11,19104,34215,-15111
256,1998,12,28565,35400,-6835
257,1995,11,79412,0,79412
257,1995,12,46026,26800,19226
257,1996,1,410,38100,-37690
257,1996,2,410,16800,-16390
257,1996,3,410,13700,-13290
257,1996,4,410,8400,-7990
257,1996,5,410,1700,-1290
257,1996,6,410,3700,-3290
257,1996,7,410,300,110
257,1996,8,4499,0,4499
257,1996,9,95,1900,-1805
257,1996,10,1995,0,1995
257,1996,11,44670,22815,21855
257,1996,12,175,25881,-25706
257,1997,1,9979,14181,-4202
257,1997,2,49137,36195,12942
257,1997,3,63572,38881,24691
257,1997,4,128877,118681,10196
257,1997,5,48744,56034,-7290
257,1997,6,220,22681,-22461
257,1997,7,2031,14181,-12150
257,1997,8,14991,14181,810
257,1997,9,48542,27281,21261
257,1997,10,46522,41181,5341
257,1997,11,34388,38608,-4220
257,1997,12,64545,49881,14664
257,1998,1,199,19281,-19082
257,1998,2,2954,14181,-11227
257,1998,3,6811,14181,-7370
257,1998,4,13487,14181,-694
257,1998,5,11677,14181,-2504
257,1998,6,20499,14181,6318
257,1998,7,14301,14181,120
257,1998,8,10996,14181,-3185
257,1998,9,23065,17615,5450
257,1998,10,13209,14181,-972
257,1998,11,11101,14181,-3080
257,1998,12,0,14166,-14166
258,1997,7,7094,0,7094
258,1997,8,6207,0,6207
258,1997,9,6207,0,6207
258,1997,10,6207,0,6207
258,1997,11,6263,4632,1631
258,1997,12,6303,4602,1701
258,1998,1,6308,5652,656
258,1998,2,6306,5992,314
258,1998,3,6307,4152,2155
258,1998,4,6325,3752,2573
258,1998,5,6315,10972,-4657
258,1998,6,6298,8552,-2254
258,1998,7,6300,6292,8
258,1998,8,6296,8452,-2156
258,1998,9,6298,3852,2446
258,1998,10,6288,8852,-2564
258,1998,11,6289,3752,2537
258,1998,12,6280,9737,-3457
259,1993,10,600,0,600
259,1993,11,6523,0,6523
259,1993,12,6523,0,6523
259,1994,1,6523,0,6523
259,1994,2,6538,2000,4538
259,1994,3,6641,3169,3472
259,1994,4,6651,9369,-2718
259,1994,5,6642,5169,1473
259,1994,6,6633,20619,-13986
259,1994,7,6589,4609,1980
259,1994,8,6594,4929,1665
259,1994,9,6607,3169,3438
259,1994,10,6617,5989,628
259,1994,11,6618,5969,649
259,1994,12,6622,4559,2063
259,1995,1,6607,15609,-9002
259,1995,2,6597,3729,2868
259,1995,3,6606,6129,477
259,1995,4,6612,3169,3443
259,1995,5,6626,3169,3457
259,1995,6,6620,10819,-4199
259,1995,7,6611,6369,242
259,1995,8,6621,4469,2152
259,1995,9,6628,5669,959
259,1995,10,6636,3269,3367
259,1995,11,6643,8329,-1686
259,1995,12,6640,5469,1171
259,1996,1,6612,15679,-9067
259,1996,2,6610,3169,3441
259,1996,3,6623,3869,2754
259,1996,4,6636,3169,3467
259,1996,5,6650,3169,3481
259,1996,6,6639,16469,-9830
259,1996,7,6623,3649,2974
259,1996,8,6637,3169,3468
259,1996,9,6640,6809,-169
259,1996,10,6646,4669,1977
259,1996,11,6643,11269,-4626
259,1996,12,6627,8319,-1692
259,1997,1,6595,14749,-8154
259,1997,2,6592,4969,1623
259,1997,3,6605,5389,1216
259,1997,4,6598,7069,-471
259,1997,5,6591,8669,-2078
259,1997,6,6593,5169,1424
259,1997,7,6595,6269,326
259,1997,8,6589,8369,-1780
259,1997,9,6583,7769,-1186
259,1997,10,6594,3169,3425
259,1997,11,6595,6649,-54
259,1997,12,6590,8369,-1779
259,1998,1,6579,9419,-2840
259,1998,2,6588,3169,3419
259,1998,3,6586,7669,-1083
259,1998,4,6584,8269,-1685
259,1998,5,6586,4529,2057
259,1998,6,6592,4969,1623
259,1998,7,6606,3169,3437
259,1998,8,6605,7369,-764
259,1998,9,6598,8469,-1871
259,1998,10,6595,6869,-274
259,1998,11,6608,3169,3439
259,1998,12,6602,11444,-4842
260,1995,10,600,0,600
260,1995,11,13406,0,13406
260,1995,12,11894,400,11494
260,1996,1,7993,1800,6193
260,1996,2,8012,4500,3512
260,1996,3,8018,7862,156
260,1996,4,8020,7562,458
260,1996,5,8007,12762,-4755
260,1996,6,12529,20142,-7613
260,1996,7,11784,7542,4242
260,1996,8,9294,7542,1752
260,1996,9,7996,7462,534
260,1996,10,7979,17202,-9223
260,1996,11,11580,5262,6318
260,1996,12,11926,13702,-1776
260,1997,1,16447,28062,-11615
260,1997,2,18361,11142,7219
260,1997,3,15996,5262,10734
260,1997,4,8007,9202,-1195
260,1997,5,8005,6562,1443
260,1997,6,17484,5262,12222
260,1997,7,9070,5262,3808
260,1997,8,8074,7762,312
260,1997,9,8081,6062,2019
260,1997,10,8079,9542,-1463
260,1997,11,8081,6562,1519
260,1997,12,12018,14862,-2844
260,1998,1,22111,34142,-12031
260,1998,2,8026,6582,1444
260,1998,3,14358,5262,9096
260,1998,4,8776,5262,3514
260,1998,5,8083,13102,-5019
260,1998,6,24151,29742,-5591
260,1998,7,17533,10662,6871
260,1998,8,8068,5462,2606
260,1998,9,8077,8862,-785
260,1998,10,8075,6762,1313
260,1998,11,8067,14282,-6215
260,1998,12,11995,13847,-1852
261,1996,10,4062,0,4062
261,1996,11,13704,0,13704
261,1996,12,3933,800,3133
261,1997,1,5452,0,5452
261,1997,2,3960,4186,-226
261,1997,3,3958,4668,-710
261,1997,4,3945,8268,-4323
261,1997,5,3939,4118,-179
261,1997,6,3927,8168,-4241
261,1997,7,3914,5968,-2054
261,1997,8,3916,2568,1348
261,1997,9,3922,2568,1354
261,1997,10,3927,2748,1179
261,1997,11,3932,2568,1364
261,1997,12,3913,11968,-8055
261,1998,1,3904,3838,66
261,1998,2,3905,2568,1337
261,1998,3,3906,3738,168
261,1998,4,3911,2568,1343
261,1998,5,3915,3018,897
261,1998,6,3920,2568,1352
261,1998,7,3925,2568,1357
261,1998,8,3925,4218,-293
261,1998,9,3929,2568,1361
261,1998,10,3932,3888,44
261,1998,11,3936,2568,1368
261,1998,12,3941,3273,668
262,1996,1,200,0,200
262,1996,2,9800,0,9800
262,1996,3,7700,0,7700
262,1996,4,4300,0,4300
262,1996,5,1400,0,1400
262,1996,6,0,3300,-3300
262,1996,7,0,2200,-2200
262,1996,8,0,1200,-1200
262,1996,9,0,2500,-2500
262,1996,10,0,1300,-1300
262,1996,11,0,2100,-2100
262,1997,3,1500,0,1500
262,1997,7,0,2500,-2500
262,1997,9,2500,0,2500
262,1997,10,0,1100,-1100
262,1997,11,0,1900,-1900
262,1997,12,0,200,-200
262,1998,8,2500,0,2500
262,1998,9,2500,0,2500
262,1998,10,3900,0,3900
262,1998,11,4600,0,4600
263,1997,1,156708,78830,77878
263,1997,2,197,47909,-47712
263,1997,3,26651,9275,17376
263,1997,4,51943,12475,39468
263,1997,5,82766,78975,3791
263,1997,6,21947,34375,-12428
263,1997,7,32320,42422,-10102
263,1997,8,37061,41975,-4914
263,1997,9,66408,71775,-5367
263,1997,10,19168,18075,1093
263,1997,11,56094,50475,5619
263,1997,12,44226,39824,4402
263,1998,1,14239,44944,-30705
263,1998,2,7560,6175,1385
263,1998,3,10067,6175,3892
263,1998,4,12940,15175,-2235
263,1998,5,7214,19375,-12161
263,1998,6,6722,6175,547
263,1998,7,42714,25350,17364
263,1998,8,28814,32948,-4134
263,1998,9,73758,65775,7983
263,1998,10,28863,33978,-5115
263,1998,11,6372,8515,-2143
263,1998,12,26172,19045,7127
264,1996,2,5875,0,5875
264,1996,3,14120,0,14120
264,1996,4,8364,0,8364
264,1996,5,5091,100,4991
264,1996,6,7594,1715,5879
264,1996,7,5107,9702,-4595
264,1996,8,5090,9362,-4272
264,1996,9,7898,3322,4576
264,1996,10,5511,3322,2189
264,1996,11,5113,5622,-509
264,1996,12,8305,5882,2423
264,1997,1,5096,25422,-20326
264,1997,2,14351,9202,5149
264,1997,3,7871,3322,4549
264,1997,4,6687,3322,3365
264,1997,5,5091,5522,-431
264,1997,6,8083,3322,4761
264,1997,7,5103,8022,-2919
264,1997,8,5403,3322,2081
264,1997,9,5198,8482,-3284
264,1997,10,13707,3322,10385
264,1997,11,5141,5822,-681
264,1997,12,7597,16422,-8825
264,1998,1,15980,26042,-10062
264,1998,2,9860,3322,6538
264,1998,3,9288,3322,5966
264,1998,4,5812,3322,2490
264,1998,5,5522,3322,2200
264,1998,6,16472,27402,-10930
264,1998,7,6486,3322,3164
264,1998,8,5096,6422,-1326
264,1998,9,5092,5022,70
264,1998,10,5091,5422,-331
264,1998,11,6192,3322,2870
264,1998,12,7585,5707,1878
265,1996,7,6755,0,6755
265,1996,8,6163,0,6163
265,1996,9,6163,0,6163
265,1996,10,6163,0,6163
265,1996,11,6227,2915,3312
265,1996,12,6246,8315,-2069
265,1997,1,6220,20755,-14535
265,1997,2,6194,2915,3279
265,1997,3,6205,3415,2790
265,1997,4,6215,4095,2120
265,1997,5,6221,6815,-594
265,1997,6,6228,4615,1613
265,1997,7,6231,8315,-2084
265,1997,8,6219,8835,-2616
265,1997,9,6212,4615,1597
265,1997,10,6218,5815,403
265,1997,11,6218,8615,-2397
265,1997,12,6206,9595,-3389
265,1998,1,6191,5795,396
265,1998,2,6195,8215,-2020
265,1998,3,6189,5415,774
265,1998,4,6193,4015,2178
265,1998,5,6202,4015,2187
265,1998,6,6203,10955,-4752
265,1998,7,6192,2915,3277
265,1998,8,6206,2915,3291
265,1998,9,6208,12255,-6047
265,1998,10,6194,2915,3279
265,1998,11,6208,2915,3293
265,1998,12,6219,4000,2219
266,1994,5,50287,0,50287
266,1994,6,74959,28600,46359
266,1994,7,50050,88500,-38450
266,1994,8,50087,15500,34587
266,1994,9,50181,83515,-33334
266,1994,10,50054,32764,17290
266,1994,11,50100,31158,18942
266,1994,12,74991,91115,-16124
266,1995,1,49977,106110,-56133
266,1995,2,51580,15,51565
266,1995,3,50142,21115,29027
266,1995,4,50107,79615,-29508
266,1995,5,50122,48305,1817
266,1995,6,75082,60715,14367
266,1995,7,50133,46803,3330
266,1995,8,50035,71076,-21041
266,1995,9,50130,20615,29515
266,1995,10,50155,82615,-32460
266,1995,11,50099,20515,29584
266,1995,12,75074,77713,-2639
266,1996,1,50011,102048,-52037
266,1996,2,49946,15,49931
266,1996,3,50146,77806,-27660
266,1996,4,50032,66215,-16183
266,1996,5,49968,35915,14053
266,1996,6,74985,94140,-19155
266,1996,7,49963,52344,-2381
266,1996,8,50039,54197,-4158
266,1996,9,49924,32615,17309
266,1996,10,50034,44815,5219
266,1996,11,50016,39415,10601
266,1996,12,75003,96467,-21464
266,1997,1,50004,72900,-22896
266,1997,2,49943,26678,23265
266,1997,3,50040,47515,2525
266,1997,4,50020,52276,-2256
266,1997,5,49991,64212,-14221
266,1997,6,74861,53808,21053
266,1997,7,49998,51012,-1014
266,1997,8,50000,40615,9385
266,1997,9,50080,69924,-19844
266,1997,10,49960,38515,11445
266,1997,11,50038,48615,1423
266,1997,12,74909,77915,-3006
266,1998,1,49976,74715,-24739
266,1998,2,49925,34715,15210
266,1998,3,49963,50581,-618
266,1998,4,50001,47715,2286
266,1998,5,50012,41401,8611
266,1998,6,74913,73348,1565
266,1998,7,49999,46815,3184
266,1998,8,50014,45715,4299
266,1998,9,50047,51915,-1868
266,1998,10,50023,55515,-5492
266,1998,11,50004,49215,789
266,1998,12,75060,60200,14860
267,1995,4,500,0,500
267,1995,5,4847,0,4847
267,1995,6,4847,0,4847
267,1995,7,4847,0,4847
267,1995,8,4847,0,4847
267,1995,9,4910,3089,1821
267,1995,10,4940,6869,-1929
267,1995,11,4935,3089,1846
267,1995,12,4939,6849,-1910
267,1996,1,4914,11089,-6175
267,1996,2,4909,3089,1820
267,1996,3,4915,7089,-2174
267,1996,4,4907,3089,1818
267,1996,5,4909,6929,-2020
267,1996,6,4906,3089,1817
267,1996,7,4914,3089,1825
267,1996,8,4922,3089,1833
267,1996,9,4929,3089,1840
267,1996,10,4934,4049,885
267,1996,11,4939,4929,10
267,1996,12,4941,3639,1302
267,1997,1,4933,11009,-6076
267,1997,2,4920,3089,1831
267,1997,3,4928,3089,1839
267,1997,4,4936,3089,1847
267,1997,5,4943,3569,1374
267,1997,6,4945,6509,-1564
267,1997,7,4942,3389,1553
267,1997,8,4949,3089,1860
267,1997,9,4948,6929,-1981
267,1997,10,4947,3789,1158
267,1997,11,4945,5889,-944
267,1997,12,4930,10209,-5279
267,1998,1,4911,8849,-3938
267,1998,2,4908,4369,539
267,1998,3,4910,4189,721
267,1998,4,4915,3589,1326
267,1998,5,4922,3089,1833
267,1998,6,4924,5089,-165
267,1998,7,4918,6849,-1931
267,1998,8,4912,6089,-1177
267,1998,9,4911,5089,-178
267,1998,10,4908,6089,-1181
267,1998,11,4910,3089,1821
267,1998,12,4917,3774,1143
268,1996,5,500,0,500
268,1996,6,10800,0,10800
268,1996,7,9600,0,9600
268,1996,8,33651,18100,15551
268,1996,9,11337,12200,-863
268,1996,10,69927,42200,27727
268,1996,11,263,24200,-23937
268,1996,12,23415,33224,-9809
268,1997,1,1590,11836,-10246
268,1997,2,2780,3136,-356
268,1997,3,29161,29152,9
268,1997,4,34841,3136,31705
268,1997,5,62006,55936,6070
268,1997,6,82995,65125,17870
268,1997,7,57411,77262,-19851
268,1997,8,41890,64863,-22973
268,1997,9,48649,33136,15513
268,1997,10,150,27447,-27297
268,1997,11,173443,130736,42707
268,1997,12,58498,82092,-23594
268,1998,1,21655,30036,-8381
268,1998,2,103,11091,-10988
268,1998,3,75,4036,-3961
268,1998,4,65,3136,-3071
268,1998,5,52,3136,-3084
268,1998,6,25087,21477,3610
268,1998,7,43340,23836,19504
268,1998,8,118,8936,-8818
268,1998,9,87,5836,-5749
268,1998,10,18252,7536,10716
268,1998,11,39199,3136,36063
268,1998,12,213,27321,-27108
269,1996,8,700,0,700
269,1996,9,15223,0,15223
269,1996,10,6288,0,6288
269,1996,11,5013,0,5013
269,1996,12,3332,3100,232
269,1997,1,3337,3415,-78
269,1997,2,4235,2161,2074
269,1997,3,3342,4331,-989
269,1997,4,3739,2821,918
269,1997,5,3340,6161,-2821
269,1997,6,4617,5971,-1354
269,1997,7,3325,3061,264
269,1997,8,3324,3491,-167
269,1997,9,7530,2161,5369
269,1997,10,3345,6381,-3036
269,1997,11,3331,5961,-2630
269,1997,12,3322,4591,-1269
269,1998,1,6308,8191,-1883
269,1998,2,6415,2161,4254
269,1998,3,3327,4081,-754
269,1998,4,4027,2161,1866
269,1998,5,5434,2821,2613
269,1998,6,10628,10831,-203
269,1998,7,4842,3271,1571
269,1998,8,3350,2161,1189
269,1998,9,6160,2161,3999
269,1998,10,8080,2161,5919
269,1998,11,3393,3661,-268
269,1998,12,3393,2806,587
270,1995,1,1100,0,1100
270,1995,2,23783,100,23683
270,1995,3,23873,12000,11873
270,1995,4,23915,19000,4915
270,1995,5,23933,20700,3233
270,1995,6,35810,45455,-9645
270,1995,7,23929,19377,4552
270,1995,8,23947,20357,3590
270,1995,9,23963,18977,4986
270,1995,10,23963,26017,-2054
270,1995,11,23958,25897,-1939
270,1995,12,35847,28277,7570
270,1996,1,23960,27817,-3857
270,1996,2,23972,19777,4195
270,1996,3,23984,23677,307
270,1996,4,23979,23757,222
270,1996,5,23989,21277,2712
270,1996,6,35873,32457,3416
270,1996,7,23998,25617,-1619
270,1996,8,23993,25977,-1984
270,1996,9,23996,24557,-561
270,1996,10,23994,19777,4217
270,1996,11,24020,15377,8643
270,1996,12,35946,23277,12669
270,1997,1,24069,33237,-9168
270,1997,2,24054,19177,4877
270,1997,3,24070,22117,1953
270,1997,4,24077,22577,1500
270,1997,5,24084,21457,2627
270,1997,6,38839,42437,-3598
270,1997,7,24071,23577,494
270,1997,8,24091,17277,6814
270,1997,9,24098,23177,921
270,1997,10,24113,23777,336
270,1997,11,24083,33177,-9094
270,1997,12,35964,27217,8747
270,1998,1,24041,42477,-18436
270,1998,2,24045,16297,7748
270,1998,3,24055,23237,818
270,1998,4,24060,27277,-3217
270,1998,5,24042,26377,-2335
270,1998,6,35892,38517,-2625
270,1998,7,24048,16077,7971
270,1998,8,24076,17477,6599
270,1998,9,24103,17577,6526
270,1998,10,24132,17177,6955
270,1998,11,24151,20477,3674
270,1998,12,36062,47162,-11100
271,1996,8,7324,0,7324
271,1996,9,6936,0,6936
271,1996,10,6936,0,6936
271,1996,11,6936,0,6936
271,1996,12,6993,4565,2428
271,1997,1,7031,7350,-319
271,1997,2,7041,2150,4891
271,1997,3,7055,5970,1085
271,1997,4,7058,5350,1708
271,1997,5,7065,5450,1615
271,1997,6,7054,14700,-7646
271,1997,7,7052,1550,5502
271,1997,8,7075,1550,5525
271,1997,9,7088,4190,2898
271,1997,10,7110,1550,5560
271,1997,11,7120,4790,2330
271,1997,12,7125,7400,-275
271,1998,1,7130,5550,1580
271,1998,2,7128,7030,98
271,1998,3,7139,4990,2149
271,1998,4,7143,5850,1293
271,1998,5,7152,4750,2402
271,1998,6,7135,20750,-13615
271,1998,7,7103,5310,1793
271,1998,8,7123,1550,5573
271,1998,9,7137,4910,2227
271,1998,10,7151,6070,1081
271,1998,11,7148,5150,1998
271,1998,12,7150,8185,-1035
272,1996,10,1100,0,1100
272,1996,11,19867,500,19367
272,1996,12,29865,16600,13265
272,1997,1,19986,16500,3486
272,1997,2,19997,19200,797
272,1997,3,20000,19415,585
272,1997,4,20021,21969,-1948
272,1997,5,20013,21369,-1356
272,1997,6,29936,49469,-19533
272,1997,7,19930,17869,2061
272,1997,8,19932,20669,-737
272,1997,9,19930,19669,261
272,1997,10,19919,22569,-2650
272,1997,11,19923,17069,2854
272,1997,12,29874,21869,8005
272,1998,1,19929,29169,-9240
272,1998,2,19918,21569,-1651
272,1998,3,19912,22369,-2457
272,1998,4,19919,12769,7150
272,1998,5,19920,25769,-5849
272,1998,6,29852,21769,8083
272,1998,7,19971,7469,12502
272,1998,8,19949,37869,-17920
272,1998,9,19948,7469,12479
272,1998,10,20000,7469,12531
272,1998,11,19948,45369,-25421
272,1998,12,29893,8954,20939
273,1993,7,700,0,700
273,1993,8,16251,0,16251
273,1993,9,13298,4700,8598
273,1993,10,13323,8300,5023
273,1993,11,13334,11400,1934
273,1993,12,19925,30279,-10354
273,1994,1,13694,16779,-3085
273,1994,2,13290,12479,811
273,1994,3,13294,12379,915
273,1994,4,13304,10479,2825
273,1994,5,13295,16679,-3384
273,1994,6,19898,19692,206
273,1994,7,13290,15379,-2089
273,1994,8,13280,14781,-1501
273,1994,9,15706,8079,7627
273,1994,10,14825,12579,2246
273,1994,11,13320,16089,-2769
273,1994,12,19936,14779,5157
273,1995,1,13419,22179,-8760
273,1995,2,14112,9579,4533
273,1995,3,13319,11279,2040
273,1995,4,13329,10879,2450
273,1995,5,13293,24151,-10858
273,1995,6,22415,20679,1736
273,1995,7,15605,14279,1326
273,1995,8,13314,10279,3035
273,1995,9,13327,9779,3548
273,1995,10,13714,17565,-3851
273,1995,11,13324,12579,745
273,1995,12,20930,22479,-1549
273,1996,1,20389,20379,10
273,1996,2,14924,8079,6845
273,1996,3,18024,23979,-5955
273,1996,4,16428,8079,8349
273,1996,5,13561,8079,5482
273,1996,6,19996,29579,-9583
273,1996,7,13340,11279,2061
273,1996,8,13350,10179,3171
273,1996,9,13360,13279,81
273,1996,10,13358,14079,-721
273,1996,11,13356,13079,277
273,1996,12,23035,24579,-1544
273,1997,1,21707,30279,-8572
273,1997,2,16225,8079,8146
273,1997,3,13353,9879,3474
273,1997,4,13363,12879,484
273,1997,5,13362,14779,-1417
273,1997,6,19976,16679,3297
273,1997,7,22134,29079,-6945
273,1997,8,15640,14679,961
273,1997,9,13442,12738,704
273,1997,10,13352,10579,2773
273,1997,11,14252,13648,604
273,1997,12,19973,21879,-1906
273,1998,1,23721,30879,-7158
273,1998,2,18715,17979,736
273,1998,3,15835,13275,2560
273,1998,4,19734,18879,855
273,1998,5,14044,13433,611
273,1998,6,19968,23379,-3411
273,1998,7,16345,8079,8266
273,1998,8,14172,10349,3823
273,1998,9,14070,15479,-1409
273,1998,10,13378,22179,-8801
273,1998,11,21375,8079,13296
273,1998,12,19989,22444,-2455
274,1993,8,300,0,300
274,1993,9,24139,0,24139
274,1993,10,20515,11800,8715
274,1993,11,20543,16200,4343
274,1993,12,30769,22000,8769
274,1994,1,20576,34955,-14379
274,1994,2,20541,19001,1540
274,1994,3,20544,23621,-3077
274,1994,4,20535,17641,2894
274,1994,5,20550,17901,2649
274,1994,6,30766,31961,-1195
274,1994,7,20549,20801,-252
274,1994,8,20544,21801,-1257
274,1994,9,20550,16501,4049
274,1994,10,20542,27941,-7399
274,1994,11,20533,17101,3432
274,1994,12,30751,28641,2110
274,1995,1,20523,31041,-10518
274,1995,2,20515,15201,5314
274,1995,3,20536,17301,3235
274,1995,4,20540,19701,839
274,1995,5,20541,23161,-2620
274,1995,6,30733,27941,2792
274,1995,7,20569,18601,1968
274,1995,8,20880,9901,10979
274,1995,9,20589,21541,-952
274,1995,10,20597,17401,3196
274,1995,11,20604,19401,1203
274,1995,12,30833,21101,9732
274,1996,1,20581,42361,-21780
274,1996,2,20579,12301,8278
274,1996,3,20593,19401,1192
274,1996,4,20598,19601,997
274,1996,5,20597,21101,-504
274,1996,6,30813,45441,-14628
274,1996,7,20556,13701,6855
274,1996,8,20583,14201,6382
274,1996,9,20595,19201,1394
274,1996,10,20593,21601,-1008
274,1996,11,20579,26321,-5742
274,1996,12,30798,21361,9437
274,1997,1,23331,48101,-24770
274,1997,2,20535,9901,10634
274,1997,3,20557,17401,3156
274,1997,4,20566,19361,1205
274,1997,5,20577,25501,-4924
274,1997,6,30760,30561,199
274,1997,7,20577,15861,4716
274,1997,8,20583,25201,-4618
274,1997,9,20565,21901,-1336
274,1997,10,20567,21201,-634
274,1997,11,20565,19201,1364
274,1997,12,30794,25501,5293
274,1998,1,20546,31941,-11395
274,1998,2,20543,19801,742
274,1998,3,20544,24001,-3457
274,1998,4,20534,17201,3333
274,1998,5,20532,24681,-4149
274,1998,6,30740,25841,4899
274,1998,7,20545,21401,-856
274,1998,8,20540,20801,-261
274,1998,9,20530,29881,-9351
274,1998,10,20499,19901,598
274,1998,11,20503,18301,2202
274,1998,12,30743,12046,18697
275,1996,1,4202,0,4202
275,1996,2,3408,0,3408
275,1996,3,3408,0,3408
275,1996,4,3408,0,3408
275,1996,5,3409,15,3394
275,1996,6,3466,3955,-489
275,1996,7,3464,2725,739
275,1996,8,3467,2905,562
275,1996,9,3470,2485,985
275,1996,10,3473,2755,718
275,1996,11,3478,2275,1203
275,1996,12,3482,2725,757
275,1997,1,3473,7105,-3632
275,1997,2,3470,3055,415
275,1997,3,3472,2375,1097
275,1997,4,3477,2275,1202
275,1997,5,3479,3415,64
275,1997,6,3478,5305,-1827
275,1997,7,3473,2665,808
275,1997,8,3477,3475,2
275,1997,9,3476,3975,-499
275,1997,10,3475,2875,600
275,1997,11,3474,5995,-2521
275,1997,12,3467,3755,-288
275,1998,1,3458,5965,-2507
275,1998,2,3454,4745,-1291
275,1998,3,3450,2575,875
275,1998,4,3454,3475,-21
275,1998,5,3454,2275,1179
275,1998,6,3455,4575,-1120
275,1998,7,3451,4275,-824
275,1998,8,3451,2275,1176
275,1998,9,3456,2275,1181
275,1998,10,3461,2275,1186
275,1998,11,3465,2275,1190
275,1998,12,3469,4120,-651
276,1997,12,41039,0,41039
276,1998,1,27037,10000,17037
276,1998,2,27085,18100,8985
276,1998,3,27115,21600,5515
276,1998,4,27130,24815,2315
276,1998,5,27097,33827,-6730
276,1998,6,40496,36220,4276
276,1998,7,27089,32727,-5638
276,1998,8,27054,32327,-5273
276,1998,9,27039,33027,-5988
276,1998,10,27027,28727,-1700
276,1998,11,27012,32527,-5515
276,1998,12,40434,29383,11051
277,1994,5,24214,0,24214
277,1994,6,31594,15700,15894
277,1994,7,47325,29600,17725
277,1994,8,240,18500,-18260
277,1994,9,56451,32600,23851
277,1994,10,262,19700,-19438
277,1994,11,49482,40184,9298
277,1994,12,79738,80800,-1062
277,1995,1,176,26200,-26024
277,1995,2,109,2100,-1991
277,1995,3,5201,4307,894
277,1995,4,104,1100,-996
277,1995,5,1100,100,1000
277,1995,6,1105,100,1005
277,1995,7,1009,100,909
277,1995,8,112,2200,-2088
277,1995,9,204,100,104
277,1995,10,1304,100,1204
277,1995,11,109,600,-491
277,1995,12,407,100,307
277,1996,1,33707,37900,-4193
277,1996,2,3791,100,3691
277,1996,3,701,4000,-3299
277,1996,4,92,2100,-2008
277,1996,5,20103,100,20003
277,1996,6,56116,65817,-9701
277,1996,7,126,2600,-2474
277,1996,8,35160,22696,12464
277,1996,9,158,11932,-11774
277,1996,10,89146,41069,48077
277,1996,11,316,19700,-19384
277,1996,12,181,30545,-30364
277,1997,1,73031,19600,53431
277,1997,2,14877,35200,-20323
277,1997,3,68366,45700,22666
277,1997,4,93372,100000,-6628
277,1997,5,314,14100,-13786
277,1997,6,21441,43900,-22459
277,1997,7,35667,13300,22367
277,1997,8,41187,9400,31787
277,1997,9,18114,53400,-35286
277,1997,10,30944,15100,15844
277,1997,11,20760,13500,7260
277,1997,12,116039,94100,21939
277,1998,1,42155,98773,-56618
277,1998,2,92020,41000,51020
277,1998,3,71395,62200,9195
277,1998,4,12548,46864,-34316
277,1998,5,43972,39900,4072
277,1998,6,84530,75200,9330
277,1998,7,19478,14900,4578
277,1998,8,32460,43608,-11148
277,1998,9,63500,58600,4900
277,1998,10,237,43686,-43449
277,1998,11,69838,100,69738
277,1998,12,62394,83300,-20906
278,1996,4,21509,0,21509
278,1996,5,20897,200,20697
278,1996,6,31361,8900,22461
278,1996,7,21026,18000,3026
278,1996,8,21029,23815,-2786
278,1996,9,21003,23377,-2374
278,1996,10,20987,25177,-4190
278,1996,11,20990,18677,2313
278,1996,12,31392,23877,7515
278,1997,1,20957,39577,-18620
278,1997,2,20965,17577,3388
278,1997,3,20979,13577,7402
278,1997,4,20999,18577,2422
278,1997,5,21000,21277,-277
278,1997,6,31351,38377,-7026
278,1997,7,20975,16777,4198
278,1997,8,21018,24077,-3059
278,1997,9,21047,21277,-230
278,1997,10,21027,24277,-3250
278,1997,11,21014,18177,2837
278,1997,12,31418,30377,1041
278,1998,1,21004,24077,-3073
278,1998,2,21016,15077,5939
278,1998,3,21038,20977,61
278,1998,4,21032,20077,955
278,1998,5,21043,17577,3466
278,1998,6,31453,28477,2976
278,1998,7,21063,24277,-3214
278,1998,8,21046,20877,169
278,1998,9,21051,18877,2174
278,1998,10,21056,22177,-1121
278,1998,11,21055,16677,4378
278,1998,12,31489,4362,27127
279,1993,4,400,0,400
279,1993,5,3007,0,3007
279,1993,6,3007,0,3007
279,1993,7,3007,0,3007
279,1993,8,3007,0,3007
279,1993,9,3043,2019,1024
279,1993,10,3066,2019,1047
279,1993,11,3070,2019,1051
279,1993,12,3076,2319,757
279,1994,1,3073,5109,-2036
279,1994,2,3064,4659,-1595
279,1994,3,3063,2019,1044
279,1994,4,3067,2019,1048
279,1994,5,3071,3309,-238
279,1994,6,3072,2259,813
279,1994,7,3073,2769,304
279,1994,8,3075,2019,1056
279,1994,9,3079,2649,430
279,1994,10,3081,2019,1062
279,1994,11,3086,2019,1067
279,1994,12,3091,2379,712
279,1995,1,3087,6309,-3222
279,1995,2,3078,2919,159
279,1995,3,3079,2859,220
279,1995,4,3081,2019,1062
279,1995,5,3086,2019,1067
279,1995,6,3092,2119,973
279,1995,7,3094,2019,1075
279,1995,8,3098,2619,479
279,1995,9,3100,2019,1081
279,1995,10,3095,8619,-5524
279,1995,11,3079,4359,-1280
279,1995,12,3077,2379,698
279,1996,1,3074,5589,-2515
279,1996,2,3069,2019,1050
279,1996,3,3073,2019,1054
279,1996,4,3074,3429,-355
279,1996,5,3076,2019,1057
279,1996,6,3079,3099,-20
279,1996,7,3080,2019,1061
279,1996,8,3085,2019,1066
279,1996,9,3089,2019,1070
279,1996,10,3094,2019,1075
279,1996,11,3098,3159,-61
279,1996,12,3097,2679,418
279,1997,1,3096,5409,-2313
279,1997,2,3090,2019,1071
279,1997,3,3092,3009,83
279,1997,4,3095,2469,626
279,1997,5,3097,2019,1078
279,1997,6,3101,2289,812
279,1997,7,3105,2019,1086
279,1997,8,3107,3219,-112
279,1997,9,3107,3489,-382
279,1997,10,3107,2379,728
279,1997,11,3110,2019,1091
279,1997,12,3114,2799,315
279,1998,1,3110,5559,-2449
279,1998,2,3105,2019,1086
279,1998,3,3110,2019,1091
279,1998,4,3114,2019,1095
279,1998,5,3119,2019,1100
279,1998,6,3118,4539,-1421
279,1998,7,3117,2019,1098
279,1998,8,3122,2019,1103
279,1998,9,3126,2019,1107
279,1998,10,3129,3309,-180
279,1998,11,3130,2709,421
279,1998,12,3132,2184,948
280,1993,1,300,0,300
280,1993,2,18262,0,18262
280,1993,3,12128,5100,7028
280,1993,4,12157,4800,7357
280,1993,5,12180,12300,-120
280,1993,6,18201,25389,-7188
280,1993,7,12158,10243,1915
280,1993,8,12154,15023,-2869
280,1993,9,12149,11303,846
280,1993,10,12143,18083,-5940
280,1993,11,14339,8043,6296
280,1993,12,18191,15603,2588
280,1994,1,12148,21583,-9435
280,1994,2,14537,8043,6494
280,1994,3,12137,15823,-3686
280,1994,4,13347,8043,5304
280,1994,5,12161,11243,918
280,1994,6,18196,17603,593
280,1994,7,12167,11143,1024
280,1994,8,12169,12043,126
280,1994,9,12169,12043,126
280,1994,10,12173,10443,1730
280,1994,11,12168,20663,-8495
280,1994,12,18177,13963,4214
280,1995,1,16720,29283,-12563
280,1995,2,15022,8043,6979
280,1995,3,14450,8043,6407
280,1995,4,12174,9943,2231
280,1995,5,12164,13503,-1339
280,1995,6,18195,15043,3152
280,1995,7,12176,12623,-447
280,1995,8,17099,8043,9056
280,1995,9,12214,11243,971
280,1995,10,12218,10843,1375
280,1995,11,12213,14443,-2230
280,1995,12,18240,14923,3317
280,1996,1,12194,22463,-10269
280,1996,2,12181,12443,-262
280,1996,3,12183,13403,-1220
280,1996,4,12173,12843,-670
280,1996,5,12174,11743,431
280,1996,6,18212,12243,5969
280,1996,7,12189,17723,-5534
280,1996,8,12267,14523,-2256
280,1996,9,13582,8043,5539
280,1996,10,12191,11643,548
280,1996,11,12175,20463,-8288
280,1996,12,18188,14823,3365
280,1997,1,12129,25443,-13314
280,1997,2,17943,8043,9900
280,1997,3,12164,9443,2721
280,1997,4,12160,14743,-2583
280,1997,5,12163,10143,2020
280,1997,6,18202,12343,5859
280,1997,7,12184,16443,-4259
280,1997,8,12188,11943,245
280,1997,9,12170,16383,-4213
280,1997,10,12162,11783,379
280,1997,11,12369,9483,2886
280,1997,12,20513,10283,10230
280,1998,1,12200,18563,-6363
280,1998,2,14298,8043,6255
280,1998,3,12219,11623,596
280,1998,4,12219,13123,-904
280,1998,5,12322,8043,4279
280,1998,6,18273,14343,3930
280,1998,7,12245,18323,-6078
280,1998,8,12226,13043,-817
280,1998,9,12226,9143,3083
280,1998,10,15643,8043,7600
280,1998,11,12270,9043,3227
280,1998,12,18320,9148,9172
281,1996,10,900,0,900
281,1996,11,18480,0,18480
281,1996,12,12638,3000,9638
281,1997,1,8488,7800,688
281,1997,2,8495,2400,6095
281,1997,3,8538,10393,-1855
281,1997,4,8531,9593,-1062
281,1997,5,10231,5593,4638
281,1997,6,22880,27993,-5113
281,1997,7,19311,15313,3998
281,1997,8,15150,5593,9557
281,1997,9,9467,9553,-86
281,1997,10,8678,8113,565
281,1997,11,13670,9793,3877
281,1997,12,12791,11713,1078
281,1998,1,18047,33313,-15266
281,1998,2,21832,9673,12159
281,1998,3,11568,9433,2135
281,1998,4,12072,17113,-5041
281,1998,5,15277,5593,9684
281,1998,6,34159,41913,-7754
281,1998,7,13680,7633,6047
281,1998,8,12516,5593,6923
281,1998,9,9229,5593,3636
281,1998,10,8633,10493,-1860
281,1998,11,8617,14453,-5836
281,1998,12,12802,8578,4224
282,1997,5,200,0,200
282,1997,6,31075,1200,29875
282,1997,7,20801,15500,5301
282,1997,8,20824,15200,5624
282,1997,9,20871,7300,13571
282,1997,10,20915,11715,9200
282,1997,11,20908,25288,-4380
282,1997,12,31262,25408,5854
282,1998,1,20877,39928,-19051
282,1998,2,20836,23748,-2912
282,1998,3,20861,13648,7213
282,1998,4,20851,24748,-3897
282,1998,5,20837,23848,-3011
282,1998,6,31176,26848,4328
282,1998,7,20816,31748,-10932
282,1998,8,20787,25588,-4801
282,1998,9,20794,18648,2146
282,1998,10,20807,18788,2019
282,1998,11,20825,14548,6277
282,1998,12,31193,20893,10300
283,1996,4,800,0,800
283,1996,5,4839,0,4839
283,1996,6,4839,0,4839
283,1996,7,4839,0,4839
283,1996,8,4839,0,4839
283,1996,9,4843,15,4828
283,1996,10,4946,3777,1169
283,1996,11,4953,2817,2136
283,1996,12,4943,8757,-3814
283,1997,1,4916,12777,-7861
283,1997,2,4913,2817,2096
283,1997,3,4922,2817,2105
283,1997,4,4931,2817,2114
283,1997,5,4940,2817,2123
283,1997,6,4943,5617,-674
283,1997,7,4946,2817,2129
283,1997,8,4954,4017,937
283,1997,9,4958,2817,2141
283,1997,10,4960,7777,-2817
283,1997,11,4953,3377,1576
283,1997,12,4959,3567,1392
283,1998,1,4949,10267,-5318
283,1998,2,4939,8417,-3478
283,1998,3,4931,2817,2114
283,1998,4,4931,8177,-3246
283,1998,5,4927,2817,2110
283,1998,6,4915,10727,-5812
283,1998,7,4911,2817,2094
283,1998,8,4920,2817,2103
283,1998,9,4928,2817,2111
283,1998,10,4937,2817,2120
283,1998,11,4946,2817,2129
283,1998,12,4954,3552,1402
284,1997,7,900,0,900
284,1997,8,23568,0,23568
284,1997,9,19539,10700,8839
284,1997,10,19567,15000,4567
284,1997,11,19575,20200,-625
284,1997,12,29249,46354,-17105
284,1998,1,19507,19444,63
284,1998,2,26739,20454,6285
284,1998,3,19547,12744,6803
284,1998,4,19567,15644,3923
284,1998,5,19542,36333,-16791
284,1998,6,37859,20044,17815
284,1998,7,23591,15975,7616
284,1998,8,19605,23944,-4339
284,1998,9,19607,11044,8563
284,1998,10,19623,19030,593
284,1998,11,19628,16649,2979
284,1998,12,29339,52275,-22936
285,1995,5,20407,0,20407
285,1995,6,30595,0,30595
285,1995,7,19984,11300,8684
285,1995,8,20009,15200,4809
285,1995,9,20018,18915,1103
285,1995,10,20011,20435,-424
285,1995,11,20018,20955,-937
285,1995,12,29904,19115,10789
285,1996,1,20009,28095,-8086
285,1996,2,19994,24755,-4761
285,1996,3,20025,13415,6610
285,1996,4,20049,14515,5534
285,1996,5,20066,19275,791
285,1996,6,29910,48175,-18265
285,1996,7,19991,26635,-6644
285,1996,8,19995,18675,1320
285,1996,9,20008,18775,1233
285,1996,10,19968,15415,4553
285,1996,11,19985,20015,-30
285,1996,12,29868,20915,8953
285,1997,1,20037,26775,-6738
285,1997,2,20035,17795,2240
285,1997,3,20003,20215,-212
285,1997,4,20002,19615,387
285,1997,5,20004,19915,89
285,1997,6,31852,45135,-13283
285,1997,7,19970,13055,6915
285,1997,8,19984,14615,5369
285,1997,9,20014,10915,9099
285,1997,10,20042,15115,4927
285,1997,11,20058,19415,643
285,1997,12,29997,29815,182
285,1998,1,20066,31095,-11029
285,1998,2,20020,15715,4305
285,1998,3,20058,19035,1023
285,1998,4,20042,16095,3947
285,1998,5,20083,19355,728
285,1998,6,29945,29115,830
285,1998,7,20061,18815,1246
285,1998,8,20058,23415,-3357
285,1998,9,20051,19015,1036
285,1998,10,20050,22315,-2265
285,1998,11,20071,16775,3296
285,1998,12,30007,4480,25527
286,1996,3,300,0,300
286,1996,4,24814,0,24814
286,1996,5,23508,15500,8008
286,1996,6,35242,24600,10642
286,1996,7,23577,25900,-2323
286,1996,8,23613,23563,50
286,1996,9,23607,26443,-2836
286,1996,10,23578,23443,135
286,1996,11,23598,22863,735
286,1996,12,35307,29963,5344
286,1997,1,23592,30143,-6551
286,1997,2,23588,26163,-2575
286,1997,3,23574,27203,-3629
286,1997,4,23548,25663,-2115
286,1997,5,23557,23363,194
286,1997,6,35278,30063,5215
286,1997,7,23559,25363,-1804
286,1997,8,23542,29563,-6021
286,1997,9,23528,28663,-5135
286,1997,10,23515,23763,-248
286,1997,11,23515,22863,652
286,1997,12,35212,34163,1049
286,1998,1,23508,24483,-975
286,1998,2,23506,25063,-1557
286,1998,3,23504,20463,3041
286,1998,4,23511,25363,-1852
286,1998,5,23493,26563,-3070
286,1998,6,35205,30063,5142
286,1998,7,23518,21763,1755
286,1998,8,23504,27163,-3659
286,1998,9,23502,22463,1039
286,1998,10,23510,19663,3847
286,1998,11,23525,20263,3262
286,1998,12,35243,31828,3415
287,1993,10,600,0,600
287,1993,11,4562,0,4562
287,1993,12,4562,0,4562
287,1994,1,4562,0,4562
287,1994,2,4562,0,4562
287,1994,3,4624,3359,1265
287,1994,4,4650,4279,371
287,1994,5,4648,4599,49
287,1994,6,4638,8659,-4021
287,1994,7,4638,2359,2279
287,1994,8,4646,3359,1287
287,1994,9,4651,3559,1092
287,1994,10,4652,4759,-107
287,1994,11,4655,3259,1396
287,1994,12,4659,4659,0
287,1995,1,4643,12869,-8226
287,1995,2,4623,4839,-216
287,1995,3,4628,2359,2269
287,1995,4,4637,2359,2278
287,1995,5,4642,6999,-2357
287,1995,6,4636,2359,2277
287,1995,7,4646,2359,2287
287,1995,8,4653,3759,894
287,1995,9,4645,7619,-2974
287,1995,10,4645,3159,1486
287,1995,11,4651,3479,1172
287,1995,12,4651,5459,-808
287,1996,1,4642,10709,-6067
287,1996,2,4629,2359,2270
287,1996,3,4638,2359,2279
287,1996,4,4648,2359,2289
287,1996,5,4644,7539,-2895
287,1996,6,4641,4259,382
287,1996,7,4646,2759,1887
287,1996,8,4641,7459,-2818
287,1996,9,4632,6059,-1427
287,1996,10,4627,5659,-1032
287,1996,11,4627,4259,368
287,1996,12,4619,7959,-3340
287,1997,1,4618,3159,1459
287,1997,2,4626,2359,2267
287,1997,3,4620,7559,-2939
287,1997,4,4623,2359,2264
287,1997,5,4630,3399,1231
287,1997,6,4625,6659,-2034
287,1997,7,4629,2459,2170
287,1997,8,4628,6039,-1411
287,1997,9,4632,2359,2273
287,1997,10,4640,4599,41
287,1997,11,4642,2359,2283
287,1997,12,4650,4519,131
287,1998,1,4633,9819,-5186
287,1998,2,4629,2659,1970
287,1998,3,4639,2359,2280
287,1998,4,4638,5459,-821
287,1998,5,4640,3759,881
287,1998,6,4642,4359,283
287,1998,7,4632,7959,-3327
287,1998,8,4635,2359,2276
287,1998,9,4629,7759,-3130
287,1998,10,4631,4859,-228
287,1998,11,4634,6759,-2125
287,1998,12,4627,2344,2283
288,1995,3,900,0,900
288,1995,4,5315,0,5315
288,1995,5,5315,0,5315
288,1995,6,5315,0,5315
288,1995,7,5315,0,5315
288,1995,8,5391,4379,1012
288,1995,9,5413,5319,94
288,1995,10,5413,5239,174
288,1995,11,5418,7319,-1901
288,1995,12,5409,4379,1030
288,1996,1,5397,13019,-7622
288,1996,2,5383,3479,1904
288,1996,3,5389,4599,790
288,1996,4,5383,7319,-1936
288,1996,5,5385,3959,1426
288,1996,6,5392,3479,1913
288,1996,7,5400,3479,1921
288,1996,8,5408,3479,1929
288,1996,9,5414,4199,1215
288,1996,10,5418,4579,839
288,1996,11,5418,5679,-261
288,1996,12,5420,4829,591
288,1997,1,5396,16759,-11363
288,1997,2,5379,3479,1900
288,1997,3,5387,3479,1908
288,1997,4,5395,3479,1916
288,1997,5,5403,3479,1924
288,1997,6,5411,3479,1932
288,1997,7,5419,3479,1940
288,1997,8,5427,3479,1948
288,1997,9,5435,3479,1956
288,1997,10,5443,3479,1964
288,1997,11,5451,3479,1972
288,1997,12,5456,5049,407
288,1998,1,5431,16079,-10648
288,1998,2,5411,5479,-68
288,1998,3,5416,3479,1937
288,1998,4,5420,7399,-1979
288,1998,5,5403,8439,-3036
288,1998,6,5403,3479,1924
288,1998,7,5411,3479,1932
288,1998,8,5419,3479,1940
288,1998,9,5427,3479,1948
288,1998,10,5435,3479,1956
288,1998,11,5437,6839,-1402
288,1998,12,5424,8204,-2780
289,1994,3,300,0,300
289,1994,4,18888,0,18888
289,1994,5,17557,3900,13657
289,1994,6,26328,17400,8928
289,1994,7,17625,16100,1525
289,1994,8,17626,21460,-3834
289,1994,9,17614,19681,-2067
289,1994,10,17609,18181,-572
289,1994,11,17603,19081,-1478
289,1994,12,26330,25381,949
289,1995,1,17577,27281,-9704
289,1995,2,17560,18281,-721
289,1995,3,17570,14081,3489
289,1995,4,17580,16281,1299
289,1995,5,17596,11981,5615
289,1995,6,26342,21781,4561
289,1995,7,17624,16481,1143
289,1995,8,17617,21781,-4164
289,1995,9,17594,23381,-5787
289,1995,10,17584,16781,803
289,1995,11,18517,8381,10136
289,1995,12,26391,14381,12010
289,1996,1,17640,32481,-14841
289,1996,2,17628,14181,3447
289,1996,3,17636,18281,-645
289,1996,4,17638,13081,4557
289,1996,5,17644,16781,863
289,1996,6,26387,20581,5806
289,1996,7,17654,21681,-4027
289,1996,8,17641,21081,-3440
289,1996,9,17620,22381,-4761
289,1996,10,17625,15581,2044
289,1996,11,17629,16681,948
289,1996,12,26381,30281,-3900
289,1997,1,17630,27381,-9751
289,1997,2,17606,8381,9225
289,1997,3,17611,25881,-8270
289,1997,4,17609,19881,-2272
289,1997,5,17604,16781,823
289,1997,6,26352,23281,3071
289,1997,7,17614,16781,833
289,1997,8,17616,16581,1035
289,1997,9,17621,14181,3440
289,1997,10,17632,18481,-849
289,1997,11,17628,19281,-1653
289,1997,12,26368,24981,1387
289,1998,1,17610,23981,-6371
289,1998,2,17601,15881,1720
289,1998,3,17609,15181,2428
289,1998,4,17618,15681,1937
289,1998,5,17623,18181,-558
289,1998,6,26372,18281,8091
289,1998,7,17636,23381,-5745
289,1998,8,17613,22581,-4968
289,1998,9,17610,15081,2529
289,1998,10,17621,13981,3640
289,1998,11,17638,12781,4857
289,1998,12,26393,24966,1427
290,1993,12,300,0,300
290,1994,1,56935,14700,42235
290,1994,2,32779,0,32779
290,1994,3,313,23800,-23487
290,1994,4,48075,13000,35075
290,1994,5,22874,69509,-46635
290,1994,6,49816,52737,-2921
290,1994,7,22979,24142,-1163
290,1994,8,48720,33142,15578
290,1994,9,164,20310,-20146
290,1994,10,2714,9142,-6428
290,1994,11,41389,28037,13352
290,1994,12,1121,18356,-17235
290,1995,1,8671,8519,152
290,1995,2,9672,8519,1153
290,1995,3,36314,16819,19495
290,1995,4,83410,88219,-4809
290,1995,5,59303,36619,22684
290,1995,6,54269,59872,-5603
290,1995,7,105171,47620,57551
290,1995,8,203125,240287,-37162
290,1995,9,34864,67712,-32848
290,1995,10,48304,29419,18885
290,1995,11,71007,81174,-10167
290,1995,12,56187,53126,3061
290,1996,1,73296,101119,-27823
290,1996,2,10698,8519,2179
290,1996,3,57727,8519,49208
290,1996,4,9358,50443,-41085
290,1996,5,5834,8519,-2685
290,1996,6,8127,8519,-392
290,1996,7,9328,8519,809
290,1996,8,11321,18411,-7090
290,1996,9,22188,8519,13669
290,1996,10,10363,8519,1844
290,1996,11,25340,31822,-6482
290,1996,12,17436,25919,-8483
290,1997,1,32515,28019,4496
290,1997,2,20753,8519,12234
290,1997,3,68222,32606,35616
290,1997,4,4540,41571,-37031
290,1997,5,32987,38509,-5522
290,1997,6,93881,64954,28927
290,1997,7,28288,29853,-1565
290,1997,8,28091,9219,18872
290,1997,9,27802,65355,-37553
290,1997,10,19982,22319,-2337
290,1997,11,120554,77519,43035
290,1997,12,79194,95519,-16325
290,1998,1,13182,56219,-43037
290,1998,2,16121,14818,1303
290,1998,3,16936,8519,8417
290,1998,4,19079,8519,10560
290,1998,5,15097,15901,-804
290,1998,6,39218,20519,18699
290,1998,7,442,8519,-8077
290,1998,8,6286,22481,-16195
290,1998,9,16277,13796,2481
290,1998,10,16299,8519,7780
290,1998,11,11592,28966,-17374
290,1998,12,17957,14727,3230
291,1997,6,29396,0,29396
291,1997,7,13407,1500,11907
291,1997,8,204565,151340,53225
291,1997,9,219,57661,-57442
291,1997,10,20123,38382,-18259
291,1997,11,82354,22902,59452
291,1997,12,142463,147602,-5139
291,1998,1,35415,87604,-52189
291,1998,2,56252,37302,18950
291,1998,3,51219,31022,20197
291,1998,4,16161,33102,-16941
291,1998,5,152327,128302,24025
291,1998,6,30421,83462,-53041
291,1998,7,59699,13002,46697
291,1998,8,71853,57202,14651
291,1998,9,167347,138949,28398
291,1998,10,24251,75959,-51708
291,1998,11,148001,131602,16399
291,1998,12,37549,24501,13048
292,1997,2,400,0,400
292,1997,3,4696,0,4696
292,1997,4,4696,0,4696
292,1997,5,4705,1800,2905
292,1997,6,4749,5000,-251
292,1997,7,4748,4315,433
292,1997,8,4754,4281,473
292,1997,9,4751,6781,-2030
292,1997,10,4747,5601,-854
292,1997,11,4747,2001,2746
292,1997,12,4751,7951,-3200
292,1998,1,4745,2721,2024
292,1998,2,4751,3121,1630
292,1998,3,4761,2001,2760
292,1998,4,4766,5921,-1155
292,1998,5,4767,2001,2766
292,1998,6,4779,2001,2778
292,1998,7,4790,2001,2789
292,1998,8,4802,2001,2801
292,1998,9,4786,18301,-13515
292,1998,10,4757,2001,2756
292,1998,11,4769,2001,2768
292,1998,12,4780,2886,1894
293,1997,5,11411,0,11411
293,1997,6,26498,0,26498
293,1997,7,10945,6000,4945
293,1997,8,10964,6400,4564
293,1997,9,10970,11762,-792
293,1997,10,10968,23462,-12494
293,1997,11,10943,10762,181
293,1997,12,16323,19022,-2699
293,1998,1,10892,20222,-9330
293,1998,2,13777,8302,5475
293,1998,3,10908,8462,2446
293,1998,4,10916,10662,254
293,1998,5,10918,12882,-1964
293,1998,6,16305,11362,4943
293,1998,7,10925,11962,-1037
293,1998,8,10914,16202,-5288
293,1998,9,10891,15602,-4711
293,1998,10,10863,18922,-8059
293,1998,11,10844,11862,-1018
293,1998,12,16235,16547,-312
294,1997,1,700,0,700
294,1997,2,28293,0,28293
294,1997,3,15434,8600,6834
294,1997,4,15494,9300,6194
294,1997,5,15483,11600,3883
294,1997,6,23192,10588,12604
294,1997,7,15541,14888,653
294,1997,8,15542,15088,454
294,1997,9,15540,18788,-3248
294,1997,10,15528,15788,-260
294,1997,11,15514,18488,-2974
294,1997,12,23163,29888,-6725
294,1998,1,15489,17088,-1599
294,1998,2,15497,11188,4309
294,1998,3,15511,16888,-1377
294,1998,4,15521,15488,33
294,1998,5,15522,18988,-3466
294,1998,6,27537,29188,-1651
294,1998,7,15502,10888,4614
294,1998,8,15518,15788,-270
294,1998,9,15519,11388,4131
294,1998,10,15536,11288,4248
294,1998,11,15552,14288,1264
294,1998,12,23223,12373,10850
295,1997,11,200,0,200
295,1997,12,31481,2900,28581
295,1998,1,21091,15400,5691
295,1998,2,21114,15700,5414
295,1998,3,21132,19100,2032
295,1998,4,21139,20315,824
295,1998,5,21161,23407,-2246
295,1998,6,31634,54987,-23353
295,1998,7,21074,12607,8467
295,1998,8,21090,23987,-2897
295,1998,9,21093,13547,7546
295,1998,10,21111,21967,-856
295,1998,11,21116,16707,4409
295,1998,12,31628,35172,-3544
296,1996,2,300,0,300
296,1996,3,15205,0,15205
296,1996,4,5046,0,5046
296,1996,5,4051,5700,-1649
296,1996,6,4046,5200,-1154
296,1996,7,4046,3361,685
296,1996,8,4758,3831,927
296,1996,9,4049,4661,-612
296,1996,10,4044,5461,-1417
296,1996,11,4046,2961,1085
296,1996,12,5557,2991,2566
296,1997,1,4055,5541,-1486
296,1997,2,4046,6981,-2935
296,1997,3,4029,7461,-3432
296,1997,4,4022,5161,-1139
296,1997,5,4022,3761,261
296,1997,6,4009,8261,-4252
296,1997,7,4004,4061,-57
296,1997,8,4210,2661,1549
296,1997,9,4013,2661,1352
296,1997,10,4018,3661,357
296,1997,11,4022,2961,1061
296,1997,12,4930,3381,1549
296,1998,1,4029,4561,-532
296,1998,2,4025,4661,-636
296,1998,3,4024,4261,-237
296,1998,4,4025,2661,1364
296,1998,5,4031,3501,530
296,1998,6,4033,2661,1372
296,1998,7,4040,3141,899
296,1998,8,4042,2661,1381
296,1998,9,4048,2931,1117
296,1998,10,4052,10361,-6309
296,1998,11,4026,2661,1365
296,1998,12,4030,4116,-86
297,1996,9,1904,0,1904
297,1996,10,12439,0,12439
297,1996,11,6373,15,6358
297,1996,12,2990,1115,1875
297,1997,1,3872,13165,-9293
297,1997,2,6871,15,6856
297,1997,3,1786,915,871
297,1997,4,1788,1315,473
297,1997,5,1789,1765,24
297,1997,6,4394,2365,2029
297,1997,7,2904,15,2889
297,1997,8,41298,2915,38383
297,1997,9,1919,22115,-20196
297,1997,10,33808,12815,20993
297,1997,11,1930,23915,-21985
297,1997,12,1851,10715,-8864
297,1998,1,4093,15465,-11372
297,1998,2,19624,15,19609
297,1998,3,1861,8415,-6554
297,1998,4,1847,3915,-2068
297,1998,5,1825,17115,-15290
297,1998,6,1797,3215,-1418
297,1998,7,1774,5765,-3991
297,1998,8,3560,15,3545
297,1998,9,1772,4815,-3043
297,1998,10,1761,615,1146
297,1998,11,3463,3265,198
297,1998,12,48400,2450,45950
298,1997,12,18747,0,18747
298,1998,1,15550,5200,10350
298,1998,2,11852,0,11852
298,1998,3,11884,11800,84
298,1998,4,11908,9215,2693
298,1998,5,11901,24835,-12934
298,1998,6,26036,41255,-15219
298,1998,7,12399,15,12384
298,1998,8,11848,11115,733
298,1998,9,11850,14215,-2365
298,1998,10,11838,16515,-4677
298,1998,11,11822,16615,-4793
298,1998,12,17703,4160,13543
299,1993,4,34525,0,34525
299,1993,5,144,3700,-3556
299,1993,6,144,1500,-1356
299,1993,7,67177,2600,64577
299,1993,8,15504,32615,-17111
299,1993,9,317,28415,-28098
299,1993,10,202,13615,-13413
299,1993,11,147,7315,-7168
299,1993,12,2618,3215,-597
299,1994,1,139247,105113,34134
299,1994,2,33782,15,33767
299,1994,3,20077,66563,-46486
299,1994,4,203,16215,-16012
299,1994,5,53586,42435,11151
299,1994,6,94980,69715,25265
299,1994,7,58755,80215,-21460
299,1994,8,11848,20515,-8667
299,1994,9,37322,28366,8956
299,1994,10,54854,23115,31739
299,1994,11,55677,41047,14630
299,1994,12,366,35315,-34949
299,1995,1,51693,40815,10878
299,1995,2,65937,86515,-20578
299,1995,3,67679,66215,1464
299,1995,4,29458,28415,1043
299,1995,5,112910,110115,2795
299,1995,6,41948,39515,2433
299,1995,7,17570,20615,-3045
299,1995,8,49881,35015,14866
299,1995,9,60014,53115,6899
299,1995,10,114965,141215,-26250
299,1995,11,55154,56387,-1233
299,1995,12,42294,30615,11679
299,1996,1,231,22515,-22284
299,1996,2,39549,18915,20634
299,1996,3,61767,56215,5552
299,1996,4,111465,109915,1550
299,1996,5,110303,81215,29088
299,1996,6,56200,118615,-62415
299,1996,7,1034,6015,-4981
299,1996,8,57801,27015,30786
299,1996,9,70323,64015,6308
299,1996,10,57681,62715,-5034
299,1996,11,73066,49315,23751
299,1996,12,36598,37415,-817
299,1997,1,41759,42915,-1156
299,1997,2,335,22115,-21780
299,1997,3,32393,31138,1255
299,1997,4,70978,75515,-4537
299,1997,5,39852,26595,13257
299,1997,6,38120,34011,4109
299,1997,7,24071,26015,-1944
299,1997,8,296,10315,-10019
299,1997,9,58704,20915,37789
299,1997,10,64906,64915,-9
299,1997,11,86749,104115,-17366
299,1997,12,74680,73952,728
299,1998,1,251,34215,-33964
299,1998,2,5293,8715,-3422
299,1998,3,7175,13215,-6040
299,1998,4,14979,8715,6264
299,1998,5,7788,15,7773
299,1998,6,12638,14481,-1843
299,1998,7,7312,15,7297
299,1998,8,4442,15,4427
299,1998,9,259,15,244
299,1998,10,35100,3115,31985
299,1998,11,392,8115,-7723
299,1998,12,42163,46100,-3937
300,1993,6,400,0,400
300,1993,7,6892,0,6892
300,1993,8,6892,0,6892
300,1993,9,6892,0,6892
300,1993,10,6931,1400,5531
300,1993,11,7008,7663,-655
300,1993,12,7006,7443,-437
300,1994,1,6993,14613,-7620
300,1994,2,6980,2243,4737
300,1994,3,6996,4743,2253
300,1994,4,6997,10283,-3286
300,1994,5,6994,3043,3951
300,1994,6,7005,12143,-5138
300,1994,7,6987,4343,2644
300,1994,8,6992,6943,49
300,1994,9,6993,6243,750
300,1994,10,6996,6343,653
300,1994,11,6999,6003,996
300,1994,12,6999,8643,-1644
300,1995,1,6980,14413,-7433
300,1995,2,6974,1643,5331
300,1995,3,6995,3103,3892
300,1995,4,6998,8363,-1365
300,1995,5,6998,5743,1255
300,1995,6,6995,12223,-5228
300,1995,7,6983,4843,2140
300,1995,8,6999,1943,5056
300,1995,9,7007,8343,-1336
300,1995,10,6995,8943,-1948
300,1995,11,6994,6543,451
300,1995,12,6999,6093,906
300,1996,1,6983,15043,-8060
300,1996,2,6978,2743,4235
300,1996,3,6996,2443,4553
300,1996,4,6998,9423,-2425
300,1996,5,6999,4643,2356
300,1996,6,6990,10343,-3353
300,1996,7,7001,1643,5358
300,1996,8,7024,2443,4581
300,1996,9,7042,2363,4679
300,1996,10,7043,7743,-700
300,1996,11,7057,3243,3814
300,1996,12,7063,6593,470
300,1997,1,7052,12653,-5601
300,1997,2,7045,4443,2602
300,1997,3,7054,5483,1571
300,1997,4,7062,5243,1819
300,1997,5,7077,3323,3754
300,1997,6,7093,6093,1000
300,1997,7,7089,5083,2006
300,1997,8,7107,4623,2484
300,1997,9,7116,4343,2773
300,1997,10,7126,7623,-497
300,1997,11,7124,6343,781
300,1997,12,7125,8443,-1318
300,1998,1,7094,14443,-7349
300,1998,2,7092,1643,5449
300,1998,3,7114,4843,2271
300,1998,4,7120,5643,1477
300,1998,5,7126,7543,-417
300,1998,6,7115,9693,-2578
300,1998,7,7116,3343,3773
300,1998,8,7133,1643,5490
300,1998,9,7156,1643,5513
300,1998,10,7177,3243,3934
300,1998,11,7189,8043,-854
300,1998,12,7188,3128,4060
301,1995,9,300,0,300
301,1995,10,2925,0,2925
301,1995,11,2925,0,2925
301,1995,12,2925,0,2925
301,1996,1,2925,0,2925
301,1996,2,2963,3165,-202
301,1996,3,2977,1965,1012
301,1996,4,2981,1965,1016
301,1996,5,2986,1965,1021
301,1996,6,2989,2745,244
301,1996,7,2991,1965,1026
301,1996,8,2995,1965,1030
301,1996,9,2999,1965,1034
301,1996,10,3004,1965,1039
301,1996,11,3006,3435,-429
301,1996,12,3006,2295,711
301,1997,1,2989,9555,-6566
301,1997,2,2982,1965,1017
301,1997,3,2986,1965,1021
301,1997,4,2990,1965,1025
301,1997,5,2995,1965,1030
301,1997,6,2986,5745,-2759
301,1997,7,2987,2265,722
301,1997,8,2990,1965,1025
301,1997,9,2994,1965,1029
301,1997,10,2999,1965,1034
301,1997,11,3003,1965,1038
301,1997,12,3006,2505,501
301,1998,1,3003,7365,-4362
301,1998,2,2989,2745,244
301,1998,3,2992,2415,577
301,1998,4,2995,1965,1030
301,1998,5,2999,1965,1034
301,1998,6,3002,3075,-73
301,1998,7,3003,1965,1038
301,1998,8,3004,3195,-191
301,1998,9,3006,1965,1041
301,1998,10,3011,1965,1046
301,1998,11,3015,1965,1050
301,1998,12,3017,2940,77
302,1996,5,7561,0,7561
302,1996,6,6469,0,6469
302,1996,7,6469,0,6469
302,1996,8,6469,0,6469
302,1996,9,6530,4211,2319
302,1996,10,6569,3251,3318
302,1996,11,6581,4451,2130
302,1996,12,6578,8751,-2173
302,1997,1,6562,14461,-7899
302,1997,2,6549,3251,3298
302,1997,3,6563,3251,3312
302,1997,4,6562,8611,-2049
302,1997,5,6565,7331,-766
302,1997,6,6547,10311,-3764
302,1997,7,6543,6151,392
302,1997,8,6538,8711,-2173
302,1997,9,6532,7451,-919
302,1997,10,6534,9151,-2617
302,1997,11,6527,3251,3276
302,1997,12,6539,5401,1138
302,1998,1,6524,13211,-6687
302,1998,2,6517,7051,-534
302,1998,3,6514,7651,-1137
302,1998,4,6509,10051,-3542
302,1998,5,6496,3251,3245
302,1998,6,6505,8251,-1746
302,1998,7,6497,7171,-674
302,1998,8,6497,6951,-454
302,1998,9,6497,4051,2446
302,1998,10,6504,5831,673
302,1998,11,6508,6151,357
302,1998,12,6509,4336,2173
303,1996,7,900,0,900
303,1996,8,19527,0,19527
303,1996,9,15499,7000,8499
303,1996,10,15534,8100,7434
303,1996,11,15559,12900,2659
303,1996,12,23311,22938,373
303,1997,1,15560,29098,-13538
303,1997,2,15544,6518,9026
303,1997,3,15573,13758,1815
303,1997,4,15582,12218,3364
303,1997,5,15593,15118,475
303,1997,6,35444,47898,-12454
303,1997,7,17461,3818,13643
303,1997,8,15602,10418,5184
303,1997,9,15619,14218,1401
303,1997,10,15622,19418,-3796
303,1997,11,15616,10518,5098
303,1997,12,23345,22938,407
303,1998,1,15608,27178,-11570
303,1998,2,15588,8918,6670
303,1998,3,15610,13958,1652
303,1998,4,15618,12618,3000
303,1998,5,15625,16278,-653
303,1998,6,23341,16250,7091
303,1998,7,15645,15750,-105
303,1998,8,15628,20530,-4902
303,1998,9,15626,14050,1576
303,1998,10,15619,20370,-4751
303,1998,11,15601,19550,-3949
303,1998,12,23309,24935,-1626
304,1997,3,700,0,700
304,1997,4,33224,5000,28224
304,1997,5,33326,16100,17226
304,1997,6,49983,34700,15283
304,1997,7,33429,34500,-1071
304,1997,8,33402,54182,-20780
304,1997,9,33336,48582,-15246
304,1997,10,33299,25682,7617
304,1997,11,33317,30982,2335
304,1997,12,49929,43282,6647
304,1998,1,33337,54882,-21545
304,1998,2,33277,25782,7495
304,1998,3,33304,29282,4022
304,1998,4,33307,38182,-4875
304,1998,5,33339,24182,9157
304,1998,6,49916,48382,1534
304,1998,7,33316,38882,-5566
304,1998,8,33308,33682,-374
304,1998,9,33298,38627,-5329
304,1998,10,33287,35687,-2400
304,1998,11,33263,41074,-7811
304,1998,12,49864,41767,8097
305,1996,10,200,0,200
305,1996,11,4430,0,4430
305,1996,12,4430,0,4430
305,1997,1,4430,0,4430
305,1997,2,4430,0,4430
305,1997,3,4486,4968,-482
305,1997,4,4503,4648,-145
305,1997,5,4507,2968,1539
305,1997,6,4506,6068,-1562
305,1997,7,4503,5048,-545
305,1997,8,4498,5768,-1270
305,1997,9,4492,6228,-1736
305,1997,10,4492,2968,1524
305,1997,11,4493,4988,-495
305,1997,12,4493,4418,75
305,1998,1,4486,6408,-1922
305,1998,2,4488,2968,1520
305,1998,3,4495,2968,1527
305,1998,4,4494,6088,-1594
305,1998,5,4495,2968,1527
305,1998,6,4495,6568,-2073
305,1998,7,4492,2968,1524
305,1998,8,4499,2968,1531
305,1998,9,4490,7848,-3358
305,1998,10,4490,3688,802
305,1998,11,4494,2968,1526
305,1998,12,4498,4053,445
306,1993,6,9251,0,9251
306,1993,7,14159,0,14159
306,1993,8,8504,0,8504
306,1993,9,5624,3300,2324
306,1993,10,5625,7115,-1490
306,1993,11,5601,9872,-4271
306,1993,12,8334,11112,-2778
306,1994,1,7364,19752,-12388
306,1994,2,13569,3672,9897
306,1994,3,5579,4972,607
306,1994,4,6087,3672,2415
306,1994,5,5593,4372,1221
306,1994,6,8340,9992,-1652
306,1994,7,5593,4072,1521
306,1994,8,5592,10292,-4700
306,1994,9,7587,3672,3915
306,1994,10,5591,6972,-1381
306,1994,11,6873,12912,-6039
306,1994,12,10020,3672,6348
306,1995,1,9572,16392,-6820
306,1995,2,5567,4672,895
306,1995,3,5571,3972,1599
306,1995,4,5878,3672,2206
306,1995,5,5586,6772,-1186
306,1995,6,8331,6172,2159
306,1995,7,5582,9912,-4330
306,1995,8,6168,8472,-2304
306,1995,9,5562,5372,190
306,1995,10,5563,5872,-309
306,1995,11,5562,4272,1290
306,1995,12,8316,5372,2944
306,1996,1,8657,14672,-6015
306,1996,2,5553,5472,81
306,1996,3,6350,7152,-802
306,1996,4,5548,7072,-1524
306,1996,5,5545,4172,1373
306,1996,6,8294,8972,-678
306,1996,7,5546,5872,-326
306,1996,8,7751,3672,4079
306,1996,9,5560,6172,-612
306,1996,10,5561,4272,1289
306,1996,11,5546,8812,-3266
306,1996,12,8300,5672,2628
306,1997,1,5550,9652,-4102
306,1997,2,5543,5872,-329
306,1997,3,5646,3672,1974
306,1997,4,5548,6432,-884
306,1997,5,5542,8172,-2630
306,1997,6,8288,3672,4616
306,1997,7,5558,3672,1886
306,1997,8,5555,8872,-3317
306,1997,9,5547,5872,-325
306,1997,10,5544,6672,-1128
306,1997,11,5545,6772,-1227
306,1997,12,8282,7272,1010
306,1998,1,5542,4872,670
306,1998,2,5546,4512,1034
306,1998,3,5552,3672,1880
306,1998,4,5560,3672,1888
306,1998,5,5567,3672,1895
306,1998,6,8325,3672,4653
306,1998,7,5595,3672,1923
306,1998,8,5603,3672,1931
306,1998,9,5598,8592,-2994
306,1998,10,5598,3672,1926
306,1998,11,5602,4392,1210
306,1998,12,8352,5217,3135
307,1997,8,22850,0,22850
307,1997,9,22241,600,21641
307,1997,10,22303,10000,12303
307,1997,11,22335,16100,6235
307,1997,12,33406,25715,7691
307,1998,1,22315,35915,-13600
307,1998,2,22321,21015,1306
307,1998,3,22335,18215,4120
307,1998,4,22340,24215,-1875
307,1998,5,22326,24215,-1889
307,1998,6,33386,33815,-429
307,1998,7,22342,15915,6427
307,1998,8,22350,22915,-565
307,1998,9,22333,26715,-4382
307,1998,10,22327,42015,-19688
307,1998,11,22247,21215,1032
307,1998,12,33386,2400,30986
308,1995,10,400,0,400
308,1995,11,13700,0,13700
308,1995,12,6700,0,6700
308,1996,1,400,0,400
308,1996,2,0,1700,-1700
308,1996,3,2700,0,2700
308,1996,4,3300,0,3300
308,1996,5,0,1100,-1100
308,1996,6,2400,0,2400
308,1996,7,1400,0,1400
308,1996,8,0,1300,-1300
308,1996,9,2000,0,2000
308,1996,10,2000,0,2000
308,1996,11,900,0,900
308,1996,12,0,1400,-1400
308,1997,1,0,2200,-2200
308,1997,2,0,500,-500
308,1997,3,0,4500,-4500
308,1997,4,0,3000,-3000
308,1997,5,0,1300,-1300
308,1997,6,0,3700,-3700
308,1997,7,1900,0,1900
308,1997,8,3300,0,3300
308,1997,9,0,3700,-3700
308,1997,10,400,0,400
308,1997,11,4700,0,4700
308,1997,12,1500,0,1500
308,1998,1,0,1900,-1900
308,1998,2,1400,0,1400
308,1998,3,3400,0,3400
308,1998,4,0,1300,-1300
308,1998,5,1400,0,1400
308,1998,6,100,0,100
308,1998,7,1000,0,1000
308,1998,8,5805,0,5805
308,1998,9,638,0,638
308,1998,10,6538,0,6538
308,1998,11,200,0,200
309,1997,4,900,0,900
309,1997,5,22973,0,22973
309,1997,6,28837,16400,12437
309,1997,7,19299,21600,-2301
309,1997,8,19295,17200,2095
309,1997,9,19324,26835,-7511
309,1997,10,19275,26315,-7040
309,1997,11,19260,17715,1545
309,1997,12,28868,25095,3773
309,1998,1,19262,33815,-14553
309,1998,2,19218,9015,10203
309,1998,3,19276,17415,1861
309,1998,4,19259,15015,4244
309,1998,5,19286,16915,2371
309,1998,6,28859,30315,-1456
309,1998,7,19282,25435,-6153
309,1998,8,19268,18715,553
309,1998,9,19265,21315,-2050
309,1998,10,19255,20815,-1560
309,1998,11,19234,26835,-7601
309,1998,12,28819,17341,11478
311,1997,8,17040,0,17040
311,1997,9,16307,400,15907
311,1997,10,16368,2300,14068
311,1997,11,16401,11300,5101
311,1997,12,24539,13401,11138
311,1998,1,16376,44213,-27837
311,1998,2,17356,10513,6843
311,1998,3,16374,14993,1381
311,1998,4,16384,12293,4091
311,1998,5,16408,10293,6115
311,1998,6,24439,43113,-18674
311,1998,7,20864,16193,4671
311,1998,8,17682,8893,8789
311,1998,9,16401,13593,2808
311,1998,10,16404,16693,-289
311,1998,11,16415,11693,4722
311,1998,12,24544,15078,9466
312,1996,1,12271,0,12271
312,1996,2,20448,0,20448
312,1996,3,11895,3300,8595
312,1996,4,11921,6000,5921
312,1996,5,11925,14529,-2604
312,1996,6,17760,29329,-11569
312,1996,7,11883,12229,-346
312,1996,8,11879,15629,-3750
312,1996,9,11859,10429,1430
312,1996,10,11864,12629,-765
312,1996,11,11860,14029,-2169
312,1996,12,17727,18829,-1102
312,1997,1,11843,20729,-8886
312,1997,2,11811,9029,2782
312,1997,3,11822,11129,693
312,1997,4,11815,20029,-8214
312,1997,5,11790,10929,861
312,1997,6,17669,16229,1440
312,1997,7,11798,12629,-831
312,1997,8,11797,8929,2868
312,1997,9,11807,11129,678
312,1997,10,11812,8629,3183
312,1997,11,15230,7829,7401
312,1997,12,17741,14129,3612
312,1998,1,16657,21929,-5272
312,1998,2,11848,9129,2719
312,1998,3,16563,11429,5134
312,1998,4,11882,8529,3353
312,1998,5,12497,7829,4668
312,1998,6,17790,14829,2961
312,1998,7,12426,11129,1297
312,1998,8,11926,12829,-903
312,1998,9,11925,10629,1296
312,1998,10,14640,7829,6811
312,1998,11,11960,9529,2431
312,1998,12,17839,14014,3825
313,1996,7,4155,0,4155
313,1996,8,3459,0,3459
313,1996,9,3459,0,3459
313,1996,10,3459,0,3459
313,1996,11,3493,2309,1184
313,1996,12,3511,2819,692
313,1997,1,3511,5339,-1828
313,1997,2,3500,5579,-2079
313,1997,3,3496,3449,47
313,1997,4,3498,2309,1189
313,1997,5,3503,2309,1194
313,1997,6,3508,2309,1199
313,1997,7,3510,3609,-99
313,1997,8,3510,3899,-389
313,1997,9,3511,2309,1202
313,1997,10,3513,3509,4
313,1997,11,3516,2309,1207
313,1997,12,3520,2759,761
313,1998,1,3517,6359,-2842
313,1998,2,3508,3719,-211
313,1998,3,3511,2309,1202
313,1998,4,3516,2309,1207
313,1998,5,3521,2309,1212
313,1998,6,3523,3779,-256
313,1998,7,3524,3029,495
313,1998,8,3527,2309,1218
313,1998,9,3532,2309,1223
313,1998,10,3537,2309,1228
313,1998,11,3542,2309,1233
313,1998,12,3547,2624,923
314,1996,1,700,0,700
314,1996,2,36919,7700,29219
314,1996,3,37034,21000,16034
314,1996,4,37094,29200,7894
314,1996,5,37123,34500,2623
314,1996,6,55540,85591,-30051
314,1996,7,37053,31591,5462
314,1996,8,37061,53298,-16237
314,1996,9,41193,36091,5102
314,1996,10,37033,30191,6842
314,1996,11,37045,42028,-4983
314,1996,12,58259,54914,3345
314,1997,1,37615,44791,-7176
314,1997,2,37028,22391,14637
314,1997,3,37072,34791,2281
314,1997,4,37073,50091,-13018
314,1997,5,36995,41520,-4525
314,1997,6,55498,39376,16122
314,1997,7,37067,35676,1391
314,1997,8,37066,38076,-1010
314,1997,9,37080,36576,504
314,1997,10,37054,41276,-4222
314,1997,11,37045,36276,769
314,1997,12,55526,49276,6250
314,1998,1,37085,51476,-14391
314,1998,2,37009,40276,-3267
314,1998,3,36989,41276,-4287
314,1998,4,36977,37176,-199
314,1998,5,36981,39348,-2367
314,1998,6,55451,43476,11975
314,1998,7,37006,40331,-3325
314,1998,8,36999,36276,723
314,1998,9,37002,37876,-874
314,1998,10,37001,33876,3125
314,1998,11,36995,39976,-2981
314,1998,12,55456,52176,3280
315,1997,12,400,0,400
315,1998,3,11700,0,11700
315,1998,4,8700,0,8700
315,1998,5,3100,0,3100
315,1998,6,1000,0,1000
315,1998,7,0,300,-300
315,1998,8,0,7300,-7300
315,1998,9,0,1800,-1800
315,1998,10,1100,0,1100
315,1998,11,200,0,200
315,1998,12,0,1800,-1800
316,1997,5,2105,0,2105
316,1997,6,15246,0,15246
316,1997,7,6184,15,6169
316,1997,8,46249,15,46234
316,1997,9,1747,19365,-17618
316,1997,10,1688,12165,-10477
316,1997,11,1668,3915,-2247
316,1997,12,1655,5115,-3460
316,1998,1,1647,2615,-968
316,1998,2,1635,5515,-3880
316,1998,3,1732,1965,-233
316,1998,4,42336,3215,39121
316,1998,5,1753,19115,-17362
316,1998,6,1660,32615,-30955
316,1998,7,9110,15,9095
316,1998,8,1629,4815,-3186
316,1998,9,10151,6115,4036
316,1998,10,1632,9715,-8083
316,1998,11,1598,2465,-867
316,1998,12,1589,3600,-2011
317,1993,3,6724,0,6724
317,1993,4,5925,0,5925
317,1993,5,5925,0,5925
317,1993,6,5925,0,5925
317,1993,7,5929,15,5914
317,1993,8,6044,7183,-1139
317,1993,9,6040,8183,-2143
317,1993,10,6042,3183,2859
317,1993,11,6050,3983,2067
317,1993,12,6057,5783,274
317,1994,1,6036,13793,-7757
317,1994,2,6033,3083,2950
317,1994,3,6044,3483,2561
317,1994,4,6023,13523,-7500
317,1994,5,6025,3083,2942
317,1994,6,5988,15533,-9545
317,1994,7,5994,6203,-209
317,1994,8,5996,4843,1153
317,1994,9,6001,3083,2918
317,1994,10,6011,4443,1568
317,1994,11,6020,4283,1737
317,1994,12,6028,5633,395
317,1995,1,5999,16133,-10134
317,1995,2,5986,3083,2903
317,1995,3,5999,3083,2916
317,1995,4,6011,3083,2928
317,1995,5,6023,3083,2940
317,1995,6,6027,9203,-3176
317,1995,7,6020,5583,437
317,1995,8,6022,3643,2379
317,1995,9,6033,3283,2750
317,1995,10,6041,6283,-242
317,1995,11,6041,6783,-742
317,1995,12,6028,7633,-1605
317,1996,1,6012,14743,-8731
317,1996,2,5997,3083,2914
317,1996,3,6010,3083,2927
317,1996,4,6020,4383,1637
317,1996,5,6029,3083,2946
317,1996,6,6037,4603,1434
317,1996,7,6047,3083,2964
317,1996,8,6059,3083,2976
317,1996,9,6070,3683,2387
317,1996,10,6079,4483,1596
317,1996,11,6088,3083,3005
317,1996,12,6087,12013,-5926
317,1997,1,6041,16033,-9992
317,1997,2,6033,3083,2950
317,1997,3,6046,3083,2963
317,1997,4,6051,7083,-1032
317,1997,5,6054,3083,2971
317,1997,6,6041,18033,-11992
317,1997,7,6016,3083,2933
317,1997,8,6028,4923,1105
317,1997,9,6032,3963,2069
317,1997,10,6037,6843,-806
317,1997,11,6038,3083,2955
317,1997,12,6042,6803,-761
317,1998,1,6020,15723,-9703
317,1998,2,6006,3083,2923
317,1998,3,6018,3083,2935
317,1998,4,6030,3083,2947
317,1998,5,6036,4523,1513
317,1998,6,6031,7333,-1302
317,1998,7,6034,6523,-489
317,1998,8,6041,3083,2958
317,1998,9,6053,3083,2970
317,1998,10,6061,5083,978
317,1998,11,6070,3083,2987
317,1998,12,6080,4518,1562
318,1994,9,200,0,200
318,1994,10,16023,0,16023
318,1994,11,7171,0,7171
318,1994,12,6543,600,5943
318,1995,1,4417,1300,3117
318,1995,2,4412,9273,-4861
318,1995,3,4392,9273,-4881
318,1995,4,4887,2873,2014
318,1995,5,5103,2873,2230
318,1995,6,7144,7573,-429
318,1995,7,4395,5973,-1578
318,1995,8,4390,5373,-983
318,1995,9,7491,6773,718
318,1995,10,6500,12573,-6073
318,1995,11,5876,2873,3003
318,1995,12,9828,8473,1355
318,1996,1,8752,19773,-11021
318,1996,2,16681,2873,13808
318,1996,3,6307,2873,3434
318,1996,4,4412,5173,-761
318,1996,5,6914,7173,-259
318,1996,6,11656,9773,1883
318,1996,7,8030,2873,5157
318,1996,8,5444,2873,2571
318,1996,9,4752,2873,1879
318,1996,10,4455,4273,182
318,1996,11,4446,7573,-3127
318,1996,12,8696,5473,3223
318,1997,1,6916,23673,-16757
318,1997,2,15724,2873,12851
318,1997,3,10763,2873,7890
318,1997,4,4468,5873,-1405
318,1997,5,4468,3773,695
318,1997,6,6531,29673,-23142
318,1997,7,15812,2873,12939
318,1997,8,8037,6073,1964
318,1997,9,4434,5773,-1339
318,1997,10,4430,4673,-243
318,1997,11,4425,7873,-3448
318,1997,12,8166,3773,4393
318,1998,1,8103,23073,-14970
318,1998,2,7571,2873,4698
318,1998,3,10286,6073,4213
318,1998,4,6008,2873,3135
318,1998,5,5419,5973,-554
318,1998,6,7268,2873,4395
318,1998,7,4435,4673,-238
318,1998,8,4433,5573,-1140
318,1998,9,4430,3273,1157
318,1998,10,4434,3773,661
318,1998,11,5632,6373,-741
318,1998,12,6582,4958,1624
319,1995,10,700,0,700
319,1995,11,29122,0,29122
319,1995,12,72855,24630,48225
319,1996,1,200,67099,-66899
319,1996,2,53390,3699,49691
319,1996,3,202,19899,-19697
319,1996,4,2530,18799,-16269
319,1996,5,46634,16699,29935
319,1996,6,29299,28699,600
319,1996,7,203,12999,-12796
319,1996,8,29134,26899,2235
319,1996,9,44802,38199,6603
319,1996,10,38512,30299,8213
319,1996,11,194,21517,-21323
319,1996,12,4252,15699,-11447
319,1997,1,39555,43299,-3744
319,1997,2,23956,8599,15357
319,1997,3,5765,9199,-3434
319,1997,4,97640,52386,45254
319,1997,5,249,29499,-29250
319,1997,6,28283,10399,17884
319,1997,7,38961,52733,-13772
319,1997,8,196,12549,-12353
319,1997,9,32313,11149,21164
319,1997,10,26854,17849,9005
319,1997,11,36878,16549,20329
319,1997,12,61753,88904,-27151
319,1998,1,77826,101143,-23317
319,1998,2,121778,58849,62929
319,1998,3,71379,120716,-49337
319,1998,4,26195,54139,-27944
319,1998,5,74379,41121,33258
319,1998,6,42025,62816,-20791
319,1998,7,27593,32112,-4519
319,1998,8,119627,74375,45252
319,1998,9,141278,131249,10029
319,1998,10,151136,144199,6937
319,1998,11,77059,69910,7149
319,1998,12,47957,75019,-27062
320,1997,1,800,0,800
320,1997,2,15719,0,15719
320,1997,3,3975,0,3975
320,1997,4,2488,1315,1173
320,1997,5,3496,715,2781
320,1997,6,4889,9415,-4526
320,1997,7,4686,2365,2321
320,1997,8,2698,15,2683
320,1997,9,2503,2765,-262
320,1997,10,24081,15165,8916
320,1997,11,11294,10815,479
320,1997,12,2531,8315,-5784
320,1998,1,14738,20715,-5977
320,1998,2,3499,15,3484
320,1998,3,33439,13115,20324
320,1998,4,2589,10615,-8026
320,1998,5,2553,5315,-2762
320,1998,6,9326,18065,-8739
320,1998,7,6721,1415,5306
320,1998,8,5841,1765,4076
320,1998,9,2551,1565,986
320,1998,10,2959,15,2944
320,1998,11,2570,215,2355
320,1998,12,4778,2800,1978
321,1993,11,1100,0,1100
321,1993,12,5163,0,5163
321,1994,1,5163,0,5163
321,1994,2,5163,0,5163
321,1994,3,5223,400,4823
321,1994,4,5255,4895,360
321,1994,5,5260,3591,1669
321,1994,6,5258,12771,-7513
321,1994,7,5233,5731,-498
321,1994,8,5238,1891,3347
321,1994,9,5252,1891,3361
321,1994,10,5264,5331,-67
321,1994,11,5266,1891,3375
321,1994,12,5274,4341,933
321,1995,1,5253,16611,-11358
321,1995,2,5234,5731,-497
321,1995,3,5235,1891,3344
321,1995,4,5248,1891,3357
321,1995,5,5246,6771,-1525
321,1995,6,5256,1891,3365
321,1995,7,5270,1891,3379
321,1995,8,5277,3891,1386
321,1995,9,5269,7691,-2422
321,1995,10,5277,2491,2786
321,1995,11,5278,5591,-313
321,1995,12,5273,7041,-1768
321,1996,1,5267,8611,-3344
321,1996,2,5268,1891,3377
321,1996,3,5279,5651,-372
321,1996,4,5281,1891,3390
321,1996,5,5295,1991,3304
321,1996,6,5273,16291,-11018
321,1996,7,5263,1891,3372
321,1996,8,5273,2931,2342
321,1996,9,5287,1891,3396
321,1996,10,5300,2691,2609
321,1996,11,5308,5891,-583
321,1996,12,5302,7391,-2089
321,1997,1,5282,11331,-6049
321,1997,2,5250,9091,-3841
321,1997,3,5259,1891,3368
321,1997,4,5272,5731,-459
321,1997,5,5271,1891,3380
321,1997,6,5269,10691,-5422
321,1997,7,5262,1891,3371
321,1997,8,5271,4931,340
321,1997,9,5278,1891,3387
321,1997,10,5292,1891,3401
321,1997,11,5306,1891,3415
321,1997,12,5307,7881,-2574
321,1998,1,5280,12611,-7331
321,1998,2,5274,3871,1403
321,1998,3,5278,6771,-1493
321,1998,4,5271,6191,-920
321,1998,5,5264,7591,-2327
321,1998,6,5252,9511,-4259
321,1998,7,5239,4131,1108
321,1998,8,5241,6791,-1550
321,1998,9,5236,5991,-755
321,1998,10,5241,1891,3350
321,1998,11,5237,9991,-4754
321,1998,12,5233,2576,2657
322,1993,2,1000,0,1000
322,1993,3,20275,0,20275
322,1993,4,16750,5900,10850
322,1993,5,16783,14200,2583
322,1993,6,25122,19600,5522
322,1993,7,16812,17615,-803
322,1993,8,16817,17265,-448
322,1993,9,16810,19465,-2655
322,1993,10,16801,18465,-1664
322,1993,11,16799,15365,1434
322,1993,12,25136,22605,2531
322,1994,1,16766,34165,-17399
322,1994,2,16757,7265,9492
322,1994,3,16779,19605,-2826
322,1994,4,16778,11065,5713
322,1994,5,16797,13565,3232
322,1994,6,25134,22165,2969
322,1994,7,16808,19265,-2457
322,1994,8,16796,19565,-2769
322,1994,9,16814,15465,1349
322,1994,10,16820,14665,2155
322,1994,11,16806,18925,-2119
322,1994,12,25161,8465,16696
322,1995,1,16812,40565,-23753
322,1995,2,19194,6565,12629
322,1995,3,16814,19065,-2251
322,1995,4,16812,13765,3047
322,1995,5,16783,28425,-11642
322,1995,6,25123,12065,13058
322,1995,7,16819,17065,-246
322,1995,8,16819,17525,-706
322,1995,9,16819,14265,2554
322,1995,10,16831,14165,2666
322,1995,11,16827,18365,-1538
322,1995,12,25176,16045,9131
322,1996,1,16805,44785,-27980
322,1996,2,16768,9265,7503
322,1996,3,16915,8365,8550
322,1996,4,16813,18725,-1912
322,1996,5,16792,20685,-3893
322,1996,6,25145,12165,12980
322,1996,7,16808,27285,-10477
322,1996,8,16786,18325,-1539
322,1996,9,16794,15465,1329
322,1996,10,16793,15885,908
322,1996,11,16794,17865,-1071
322,1996,12,25130,36085,-10955
322,1997,1,16753,20245,-3492
322,1997,2,16774,6565,10209
322,1997,3,16775,27965,-11190
322,1997,4,16769,16665,104
322,1997,5,16770,11565,5205
322,1997,6,25105,25945,-840
322,1997,7,16781,15225,1556
322,1997,8,16775,18365,-1590
322,1997,9,16783,16165,618
322,1997,10,16783,19165,-2382
322,1997,11,16765,22205,-5440
322,1997,12,25093,19265,5828
322,1998,1,16740,25925,-9185
322,1998,2,16736,15665,1071
322,1998,3,16738,18405,-1667
322,1998,4,16732,17465,-733
322,1998,5,16738,7285,9453
322,1998,6,25075,27785,-2710
322,1998,7,16752,20065,-3313
322,1998,8,16737,19565,-2828
322,1998,9,16740,6565,10175
322,1998,10,16762,22265,-5503
322,1998,11,16742,19165,-2423
322,1998,12,25088,9750,15338
323,1997,2,200,0,200
323,1997,3,6836,0,6836
323,1997,4,6836,0,6836
323,1997,5,6836,0,6836
323,1997,6,6836,0,6836
323,1997,7,6920,9300,-2380
323,1997,8,6950,3940,3010
323,1997,9,6960,5840,1120
323,1997,10,6960,8440,-1480
323,1997,11,6950,10940,-3990
323,1997,12,6937,8340,-1403
323,1998,1,6925,11840,-4915
323,1998,2,6912,7360,-448
323,1998,3,6917,3040,3877
323,1998,4,6931,4560,2371
323,1998,5,6934,8140,-1206
323,1998,6,6912,13180,-6268
323,1998,7,6907,5940,967
323,1998,8,6916,3140,3776
323,1998,9,6911,12640,-5729
323,1998,10,6895,8940,-2045
323,1998,11,6899,3040,3859
323,1998,12,6915,3825,3090
324,1996,8,500,0,500
324,1996,9,5279,0,5279
324,1996,10,5279,0,5279
324,1996,11,5279,0,5279
324,1996,12,5279,0,5279
324,1997,1,5333,13634,-8301
324,1997,2,5345,2084,3261
324,1997,3,5355,3444,1911
324,1997,4,5358,7884,-2526
324,1997,5,5353,3884,1469
324,1997,6,5358,9684,-4326
324,1997,7,5344,2084,3260
324,1997,8,5352,5124,228
324,1997,9,5359,2084,3275
324,1997,10,5372,2084,3288
324,1997,11,5385,2484,2901
324,1997,12,5395,3534,1861
324,1998,1,5356,17044,-11688
324,1998,2,5357,2084,3273
324,1998,3,5371,2084,3287
324,1998,4,5373,6404,-1031
324,1998,5,5380,2084,3296
324,1998,6,5393,5934,-541
324,1998,7,5392,2084,3308
324,1998,8,5405,2084,3321
324,1998,9,5419,2084,3335
324,1998,10,5414,7844,-2430
324,1998,11,5423,2084,3339
324,1998,12,5436,2719,2717
325,1996,10,6169,0,6169
325,1996,11,5875,0,5875
325,1996,12,5875,0,5875
325,1997,1,5875,0,5875
325,1997,2,5930,6256,-326
325,1997,3,5949,5756,193
325,1997,4,5941,8556,-2615
325,1997,5,5940,5256,684
325,1997,6,5914,15356,-9442
325,1997,7,5909,2756,3153
325,1997,8,5919,5976,-57
325,1997,9,5921,2756,3165
325,1997,10,5923,12616,-6693
325,1997,11,5906,3656,2250
325,1997,12,5916,3506,2410
325,1998,1,5922,8106,-2184
325,1998,2,5915,4836,1079
325,1998,3,5917,7556,-1639
325,1998,4,5915,2756,3159
325,1998,5,5926,8056,-2130
325,1998,6,5911,8406,-2495
325,1998,7,5906,7056,-1150
325,1998,8,5903,3656,2247
325,1998,9,5912,4156,1756
325,1998,10,5912,6676,-764
325,1998,11,5917,2756,3161
325,1998,12,5929,3741,2188
326,1997,8,6398,0,6398
326,1997,9,5403,0,5403
326,1997,10,5403,0,5403
326,1997,11,5449,2900,2549
326,1997,12,5455,7213,-1758
326,1998,1,5432,11283,-5851
326,1998,2,5434,4343,1091
326,1998,3,5433,5063,370
326,1998,4,5440,3463,1977
326,1998,5,5445,5223,222
326,1998,6,5450,3463,1987
326,1998,7,5437,9463,-4026
326,1998,8,5441,3463,1978
326,1998,9,5449,3463,1986
326,1998,10,5456,4023,1433
326,1998,11,5463,3463,2000
326,1998,12,5466,8308,-2842
327,1993,6,24333,0,24333
327,1993,7,15852,1300,14552
327,1993,8,15888,21500,-5612
327,1993,9,15847,12700,3147
327,1993,10,15885,15772,113
327,1993,11,15882,16572,-690
327,1993,12,23754,20672,3082
327,1994,1,15868,24472,-8604
327,1994,2,15860,12872,2988
327,1994,3,15871,13572,2299
327,1994,4,15880,15272,608
327,1994,5,15879,19572,-3693
327,1994,6,26121,36472,-10351
327,1994,7,15823,11172,4651
327,1994,8,15845,9172,6673
327,1994,9,15870,13872,1998
327,1994,10,15879,12172,3707
327,1994,11,15890,14572,1318
327,1994,12,23765,22672,1093
327,1995,1,15841,30672,-14831
327,1995,2,18040,10772,7268
327,1995,3,15871,13372,2499
327,1995,4,15881,12372,3509
327,1995,5,15890,18272,-2382
327,1995,6,24217,29872,-5655
327,1995,7,15861,11872,3989
327,1995,8,15872,15172,700
327,1995,9,15868,18972,-3104
327,1995,10,15860,16372,-512
327,1995,11,15864,10772,5092
327,1995,12,23751,18372,5379
327,1996,1,19961,32072,-12111
327,1996,2,15863,7972,7891
327,1996,3,15894,9272,6622
327,1996,4,15908,19672,-3764
327,1996,5,15902,11572,4330
327,1996,6,23758,41872,-18114
327,1996,7,19762,7072,12690
327,1996,8,15897,10972,4925
327,1996,9,15911,13472,2439
327,1996,10,15924,14172,1752
327,1996,11,15943,10772,5171
327,1996,12,23824,19572,4252
327,1997,1,15943,32572,-16629
327,1997,2,16212,7072,9140
327,1997,3,15933,14272,1661
327,1997,4,15938,13472,2466
327,1997,5,15936,18572,-2636
327,1997,6,23780,25272,-1492
327,1997,7,15926,15472,454
327,1997,8,15934,12872,3062
327,1997,9,15950,11572,4378
327,1997,10,15971,11272,4699
327,1997,11,15970,18272,-2302
327,1997,12,23837,19072,4765
327,1998,1,15943,31272,-15329
327,1998,2,17452,7072,10380
327,1998,3,15965,15672,293
327,1998,4,15979,11572,4407
327,1998,5,15983,16472,-489
327,1998,6,23861,36372,-12511
327,1998,7,17259,7072,10187
327,1998,8,15975,14972,1003
327,1998,9,15960,18272,-2312
327,1998,10,15950,18872,-2922
327,1998,11,15957,15172,785
327,1998,12,23828,19957,3871
328,1997,9,600,0,600
328,1997,10,6973,0,6973
328,1997,11,6973,0,6973
328,1997,12,7009,3900,3109
328,1998,1,7055,3100,3955
328,1998,2,7059,10247,-3188
328,1998,3,7057,5047,2010
328,1998,4,7057,8947,-1890
328,1998,5,7051,9567,-2516
328,1998,6,7043,6547,496
328,1998,7,7045,7467,-422
328,1998,8,7052,6547,505
328,1998,9,7031,11747,-4716
328,1998,10,7034,2847,4187
328,1998,11,7047,4447,2600
328,1998,12,7037,12632,-5595
329,1996,10,1100,0,1100
329,1996,11,23886,600,23286
329,1996,12,35900,16700,19200
329,1997,1,24033,19300,4733
329,1997,2,24046,22400,1646
329,1997,3,24047,33697,-9650
329,1997,4,24021,23917,104
329,1997,5,24026,21617,2409
329,1997,6,35931,42657,-6726
329,1997,7,24009,20217,3792
329,1997,8,24026,18817,5209
329,1997,9,24033,23817,216
329,1997,10,24053,20817,3236
329,1997,11,24037,26817,-2780
329,1997,12,35965,42057,-6092
329,1998,1,24023,22757,1266
329,1998,2,24029,18417,5612
329,1998,3,24043,24377,-334
329,1998,4,24053,20377,3676
329,1998,5,24053,22817,1236
329,1998,6,35984,34917,1067
329,1998,7,24056,25317,-1261
329,1998,8,24054,24617,-563
329,1998,9,24045,26917,-2872
329,1998,10,24057,22317,1740
329,1998,11,24076,15117,8959
329,1998,12,36062,19142,16920
330,1996,11,400,0,400
330,1996,12,33622,4100,29522
330,1997,1,22523,17900,4623
330,1997,2,22543,16000,6543
330,1997,3,22571,15300,7271
330,1997,4,22615,35155,-12540
330,1997,5,22548,18015,4533
330,1997,6,33792,57555,-23763
330,1997,7,22508,16255,6253
330,1997,8,22502,14615,7887
330,1997,9,22538,14795,7743
330,1997,10,22554,23315,-761
330,1997,11,22566,24135,-1569
330,1997,12,33800,30615,3185
330,1998,1,22573,25135,-2562
330,1998,2,22571,20815,1756
330,1998,3,22577,24815,-2238
330,1998,4,22579,22315,264
330,1998,5,22588,19215,3373
330,1998,6,33772,38315,-4543
330,1998,7,22569,17903,4666
330,1998,8,22567,23223,-656
330,1998,9,22555,26323,-3768
330,1998,10,22536,27623,-5087
330,1998,11,22523,23323,-800
330,1998,12,33716,36728,-3012
331,1995,10,7802,0,7802
331,1995,11,6714,0,6714
331,1995,12,6714,0,6714
331,1996,1,6719,3600,3119
331,1996,2,6784,5615,1169
331,1996,3,6795,7023,-228
331,1996,4,6788,7103,-315
331,1996,5,6794,3543,3251
331,1996,6,6804,7943,-1139
331,1996,7,6801,7543,-742
331,1996,8,6800,3543,3257
331,1996,9,6810,7843,-1033
331,1996,10,6807,5543,1264
331,1996,11,6810,9043,-2233
331,1996,12,6793,13193,-6400
331,1997,1,6766,13613,-6847
331,1997,2,6748,4643,2105
331,1997,3,6759,3543,3216
331,1997,4,6768,8103,-1335
331,1997,5,6761,8543,-1782
331,1997,6,6754,9743,-2989
331,1997,7,6746,3543,3203
331,1997,8,6757,4503,2254
331,1997,9,6769,3543,3226
331,1997,10,6776,7563,-787
331,1997,11,6775,6243,532
331,1997,12,6766,8023,-1257
331,1998,1,6758,13283,-6525
331,1998,2,6748,3543,3205
331,1998,3,6762,3543,3219
331,1998,4,6771,5943,828
331,1998,5,6770,7383,-613
331,1998,6,6764,7793,-1029
331,1998,7,6772,3543,3229
331,1998,8,6781,4903,1878
331,1998,9,6781,9543,-2762
331,1998,10,6776,5943,833
331,1998,11,6768,11243,-4475
331,1998,12,6754,9818,-3064
332,1996,1,300,0,300
332,1996,2,16362,0,16362
332,1996,3,4804,0,4804
332,1996,4,3827,400,3427
332,1996,5,3842,2600,1242
332,1996,6,4250,855,3395
332,1996,7,3851,3200,651
332,1996,8,3849,4600,-751
332,1996,9,4047,4140,-93
332,1996,10,6160,2400,3760
332,1996,11,6376,2400,3976
332,1996,12,3868,7790,-3922
332,1997,1,4951,8790,-3839
332,1997,2,6360,2910,3450
332,1997,3,5772,2400,3372
332,1997,4,5284,2820,2464
332,1997,5,5496,2400,3096
332,1997,6,3863,13590,-9727
332,1997,7,6373,2400,3973
332,1997,8,4380,2400,1980
332,1997,9,3883,3300,583
332,1997,10,3862,10110,-6248
332,1997,11,4465,2400,2065
332,1997,12,3861,6080,-2219
332,1998,1,8355,8940,-585
332,1998,2,3858,3810,48
332,1998,3,6369,2400,3969
332,1998,4,4478,2400,2078
332,1998,5,3985,2400,1585
332,1998,6,4983,7800,-2817
332,1998,7,3878,7550,-3672
332,1998,8,3866,2400,1466
332,1998,9,3871,6400,-2529
332,1998,10,3852,9900,-6048
332,1998,11,3835,4300,-465
332,1998,12,3833,3135,698
333,1996,12,700,0,700
333,1997,1,2998,0,2998
333,1997,2,2998,0,2998
333,1997,3,2998,0,2998
333,1997,4,2998,0,2998
333,1997,5,3040,1721,1319
333,1997,6,3060,2013,1047
333,1997,7,3065,2013,1052
333,1997,8,3068,3063,5
333,1997,9,3069,2013,1056
333,1997,10,3073,2013,1060
333,1997,11,3075,2793,282
333,1997,12,3078,3753,-675
333,1998,1,3069,6153,-3084
333,1998,2,3061,2493,568
333,1998,3,3066,2793,273
333,1998,4,3067,2013,1054
333,1998,5,3071,2013,1058
333,1998,6,3073,4983,-1910
333,1998,7,3067,2193,874
333,1998,8,3071,2193,878
333,1998,9,3075,2013,1062
333,1998,10,3079,2013,1066
333,1998,11,3084,2013,1071
333,1998,12,3087,3318,-231
334,1993,5,500,0,500
334,1993,6,27586,2600,24986
334,1993,7,18491,7500,10991
334,1993,8,18526,16300,2226
334,1993,9,18536,16000,2536
334,1993,10,18543,18415,128
334,1993,11,18569,17057,1512
334,1993,12,27778,27097,681
334,1994,1,18530,35077,-16547
334,1994,2,18514,12457,6057
334,1994,3,18539,14957,3582
334,1994,4,18543,22057,-3514
334,1994,5,18541,11957,6584
334,1994,6,27763,22917,4846
334,1994,7,18576,17857,719
334,1994,8,18559,27377,-8818
334,1994,9,18538,21757,-3219
334,1994,10,18535,13357,5178
334,1994,11,18542,19097,-555
334,1994,12,27742,23217,4525
334,1995,1,18512,35337,-16825
334,1995,2,18504,10957,7547
334,1995,3,18530,14357,4173
334,1995,4,18543,14597,3946
334,1995,5,18550,19717,-1167
334,1995,6,27762,20617,7145
334,1995,7,18584,15057,3527
334,1995,8,18596,15657,2939
334,1995,9,18585,23997,-5412
334,1995,10,18584,15457,3127
334,1995,11,18595,15457,3138
334,1995,12,27795,25417,2378
334,1996,1,18592,39337,-20745
334,1996,2,25587,7637,17950
334,1996,3,18597,18477,120
334,1996,4,18634,5857,12777
334,1996,5,18671,12037,6634
334,1996,6,27880,24557,3323
334,1996,7,18686,18457,229
334,1996,8,18686,19257,-571
334,1996,9,18687,17157,1530
334,1996,10,18702,14077,4625
334,1996,11,18713,16957,1756
334,1996,12,27933,19617,8316
334,1997,1,18724,47437,-28713
334,1997,2,18676,4757,13919
334,1997,3,18711,11857,6854
334,1997,4,18722,16757,1965
334,1997,5,18702,26457,-7755
334,1997,6,31230,40797,-9567
334,1997,7,18693,6557,12136
334,1997,8,18726,23057,-4331
334,1997,9,18733,18157,576
334,1997,10,18734,18557,177
334,1997,11,18734,18857,-123
334,1997,12,27931,29417,-1486
334,1998,1,20151,33877,-13726
334,1998,2,18670,12057,6613
334,1998,3,18695,19457,-762
334,1998,4,18693,13557,5136
334,1998,5,18714,12657,6057
334,1998,6,27885,30877,-2992
334,1998,7,18722,16397,2325
334,1998,8,18727,20857,-2130
334,1998,9,18707,21757,-3050
334,1998,10,18701,20097,-1396
334,1998,11,18700,15857,2843
334,1998,12,27934,6582,21352
335,1996,1,1000,0,1000
335,1996,2,5715,0,5715
335,1996,3,5715,0,5715
335,1996,4,5715,0,5715
335,1996,5,5753,2200,3553
335,1996,6,5810,6012,-202
335,1996,7,5811,4712,1099
335,1996,8,5811,8612,-2801
335,1996,9,5806,5312,494
335,1996,10,5807,5652,155
335,1996,11,5811,3512,2299
335,1996,12,5811,6762,-951
335,1997,1,5795,14922,-9127
335,1997,2,5786,2712,3074
335,1997,3,5791,4872,919
335,1997,4,5794,2712,3082
335,1997,5,5816,2712,3104
335,1997,6,5817,6862,-1045
335,1997,7,5825,2712,3113
335,1997,8,5838,2712,3126
335,1997,9,5832,6112,-280
335,1997,10,5826,8512,-2686
335,1997,11,5819,6032,-213
335,1997,12,5828,3012,2816
335,1998,1,5817,14472,-8655
335,1998,2,5802,4232,1570
335,1998,3,5805,4892,913
335,1998,4,5808,5012,796
335,1998,5,5815,3912,1903
335,1998,6,5818,7662,-1844
335,1998,7,5816,5352,464
335,1998,8,5827,6272,-445
335,1998,9,5826,2712,3114
335,1998,10,5830,5992,-162
335,1998,11,5828,3312,2516
335,1998,12,5837,4647,1190
336,1995,10,500,0,500
336,1995,11,19415,0,19415
336,1995,12,27823,13000,14823
336,1996,1,18630,12600,6030
336,1996,2,18643,17300,1343
336,1996,3,18642,20282,-1640
336,1996,4,18632,21982,-3350
336,1996,5,18630,17182,1448
336,1996,6,27879,34082,-6203
336,1996,7,18616,15282,3334
336,1996,8,18620,19282,-662
336,1996,9,18610,24982,-6372
336,1996,10,18602,18782,-180
336,1996,11,18596,17382,1214
336,1996,12,27860,23382,4478
336,1997,1,18583,36182,-17599
336,1997,2,18565,14582,3983
336,1997,3,18576,13182,5394
336,1997,4,18570,23182,-4612
336,1997,5,18574,15182,3392
336,1997,6,27782,39782,-12000
336,1997,7,18543,13982,4561
336,1997,8,18552,20882,-2330
336,1997,9,18542,17282,1260
336,1997,10,18562,20482,-1920
336,1997,11,18564,4082,14482
336,1997,12,27866,18082,9784
336,1998,1,18597,37982,-19385
336,1998,2,18582,4082,14500
336,1998,3,18616,18282,334
336,1998,4,18631,14682,3949
336,1998,5,18625,20782,-2157
336,1998,6,27861,37982,-10121
336,1998,7,18623,7082,11541
336,1998,8,18637,26882,-8245
336,1998,9,18625,13982,4643
336,1998,10,18658,20082,-1424
336,1998,11,18648,17482,1166
336,1998,12,27905,5267,22638
337,1995,11,200,0,200
337,1995,12,115457,42200,73257
337,1996,1,36421,78615,-42194
337,1996,2,59280,34215,25065
337,1996,3,34064,63777,-29713
337,1996,4,50617,27515,23102
337,1996,5,6323,22691,-16368
337,1996,6,138,7215,-7077
337,1996,7,109,4815,-4706
337,1996,8,790,15,775
337,1996,9,9058,6115,2943
337,1996,10,37592,4277,33315
337,1996,11,231,32486,-32255
337,1996,12,2406,4215,-1809
337,1997,1,98,2315,-2217
337,1997,2,18923,11615,7308
337,1997,3,122,7015,-6893
337,1997,4,13101,13315,-214
337,1997,5,23919,20815,3104
337,1997,6,105,12815,-12710
337,1997,7,9661,5715,3946
337,1997,8,69,3715,-3646
337,1997,9,54,1215,-1161
337,1997,10,1250,15,1235
337,1997,11,24567,15,24552
337,1997,12,40033,16633,23400
337,1998,1,72667,75521,-2854
337,1998,2,78329,38415,39914
337,1998,3,29807,86809,-57002
337,1998,4,178082,153443,24639
337,1998,5,193,29899,-29706
337,1998,6,149,4315,-4166
337,1998,7,48892,18715,30177
337,1998,8,212,31016,-30804
337,1998,9,42677,43039,-362
337,1998,10,106811,80642,26169
337,1998,11,28833,39215,-10382
337,1998,12,25144,14700,10444
338,1995,11,700,0,700
338,1995,12,11100,0,11100
338,1996,1,6841,0,6841
338,1996,2,3462,400,3062
338,1996,3,3473,900,2573
338,1996,4,3475,5515,-2040
338,1996,5,3472,3167,305
338,1996,6,7658,10247,-2589
338,1996,7,3460,4167,-707
338,1996,8,3458,3867,-409
338,1996,9,3453,4767,-1314
338,1996,10,3442,7167,-3725
338,1996,11,3431,5067,-1636
338,1996,12,5235,3047,2188
338,1997,1,3437,6477,-3040
338,1997,2,3428,2267,1161
338,1997,3,3427,4467,-1040
338,1997,4,3429,2267,1162
338,1997,5,3434,2267,1167
338,1997,6,3734,4937,-1203
338,1997,7,3433,2267,1166
338,1997,8,3438,2267,1171
338,1997,9,3443,2267,1176
338,1997,10,3448,2267,1181
338,1997,11,3453,2267,1186
338,1997,12,3457,2837,620
338,1998,1,3451,6137,-2686
338,1998,2,3449,2267,1182
338,1998,3,3451,2897,554
338,1998,4,3456,2267,1189
338,1998,5,3461,2267,1194
338,1998,6,3461,5477,-2016
338,1998,7,3458,2267,1191
338,1998,8,3439,9167,-5728
338,1998,9,3438,2447,991
338,1998,10,3443,2267,1176
338,1998,11,3448,2267,1181
338,1998,12,3449,3212,237
339,1996,9,47332,0,47332
339,1996,10,47096,12500,34596
339,1996,11,47188,31800,15388
339,1996,12,70610,72100,-1490
339,1997,1,47146,81530,-34384
339,1997,2,47094,28965,18129
339,1997,3,47107,58299,-11192
339,1997,4,47114,38668,8446
339,1997,5,47132,53165,-6033
339,1997,6,70397,115749,-45352
339,1997,7,46983,25265,21718
339,1997,8,46996,42112,4884
339,1997,9,47044,30276,16768
339,1997,10,47102,42022,5080
339,1997,11,47094,57723,-10629
339,1997,12,70568,38265,32303
339,1998,1,47105,83166,-36061
339,1998,2,47094,27966,19128
339,1998,3,47121,53742,-6621
339,1998,4,47159,30266,16893
339,1998,5,47108,62266,-15158
339,1998,6,70514,77066,-6552
339,1998,7,47122,43628,3494
339,1998,8,47136,38766,8370
339,1998,9,47107,43935,3172
339,1998,10,50800,77866,-27066
339,1998,11,47144,25166,21978
339,1998,12,70584,49736,20848
340,1993,11,6790,0,6790
340,1993,12,5802,0,5802
340,1994,1,5802,0,5802
340,1994,2,5802,0,5802
340,1994,3,5805,15,5790
340,1994,4,5900,3733,2167
340,1994,5,5908,6493,-585
340,1994,6,5883,14133,-8250
340,1994,7,5880,3333,2547
340,1994,8,5888,6333,-445
340,1994,9,5887,4833,1054
340,1994,10,5889,3253,2636
340,1994,11,5899,7953,-2054
340,1994,12,5896,4683,1213
340,1995,1,5869,15963,-10094
340,1995,2,5857,2033,3824
340,1995,3,5873,2033,3840
340,1995,4,5886,6273,-387
340,1995,5,5885,6533,-648
340,1995,6,5880,8853,-2973
340,1995,7,5871,5333,538
340,1995,8,5862,8053,-2191
340,1995,9,5858,8033,-2175
340,1995,10,5857,2333,3524
340,1995,11,5867,5993,-126
340,1995,12,5859,8303,-2444
340,1996,1,5837,10973,-5136
340,1996,2,5837,2833,3004
340,1996,3,5850,3633,2217
340,1996,4,5860,1833,4027
340,1996,5,5868,8153,-2285
340,1996,6,5865,5193,672
340,1996,7,5871,1833,4038
340,1996,8,5885,3333,2552
340,1996,9,5891,5333,558
340,1996,10,5884,10433,-4549
340,1996,11,5877,4533,1344
340,1996,12,5876,10723,-4847
340,1997,1,5844,12063,-6219
340,1997,2,5840,1833,4007
340,1997,3,5855,2733,3122
340,1997,4,5870,1833,4037
340,1997,5,5887,1833,4054
340,1997,6,5893,7833,-1940
340,1997,7,5896,1833,4063
340,1997,8,5913,1833,4080
340,1997,9,5930,1833,4097
340,1997,10,5947,1833,4114
340,1997,11,5951,6473,-522
340,1997,12,5958,3033,2925
340,1998,1,5949,13683,-7734
340,1998,2,5938,2393,3545
340,1998,3,5940,8913,-2973
340,1998,4,5936,4333,1603
340,1998,5,5942,4293,1649
340,1998,6,5945,8383,-2438
340,1998,7,5945,2473,3472
340,1998,8,5940,8633,-2693
340,1998,9,5935,6333,-398
340,1998,10,5938,4833,1105
340,1998,11,5940,5433,507
340,1998,12,5940,8578,-2638
341,1996,11,600,0,600
341,1996,12,23983,0,23983
341,1997,1,15406,9900,5506
341,1997,2,15423,12600,2823
341,1997,3,15425,18200,-2775
341,1997,4,15408,23515,-8107
341,1997,5,15387,15815,-428
341,1997,6,23009,32715,-9706
341,1997,7,15362,5815,9547
341,1997,8,15388,14515,873
341,1997,9,15403,13415,1988
341,1997,10,15391,16915,-1524
341,1997,11,15383,17315,-1932
341,1997,12,23027,23815,-788
341,1998,1,15373,19815,-4442
341,1998,2,15366,12315,3051
341,1998,3,15375,13615,1760
341,1998,4,15382,13515,1867
341,1998,5,15374,19715,-4341
341,1998,6,23025,19215,3810
341,1998,7,15367,21515,-6148
341,1998,8,15362,14715,647
341,1998,9,15361,15015,346
341,1998,10,15361,15515,-154
341,1998,11,15353,18115,-2762
341,1998,12,23003,22400,603
342,1996,10,1000,0,1000
342,1996,11,3498,0,3498
342,1996,12,3498,0,3498
342,1997,1,3498,0,3498
342,1997,2,3498,0,3498
342,1997,3,3546,2347,1199
342,1997,4,3565,4447,-882
342,1997,5,3565,2347,1218
342,1997,6,3570,2347,1223
342,1997,7,3575,2347,1228
342,1997,8,3576,4647,-1071
342,1997,9,3576,2347,1229
342,1997,10,3581,2347,1234
342,1997,11,3586,2527,1059
342,1997,12,3589,3467,122
342,1998,1,3583,6307,-2724
342,1998,2,3580,2347,1233
342,1998,3,3580,4627,-1047
342,1998,4,3580,2797,783
342,1998,5,3584,2347,1237
342,1998,6,3579,10837,-7258
342,1998,7,3558,3037,521
342,1998,8,3561,2347,1214
342,1998,9,3566,2347,1219
342,1998,10,3571,2347,1224
342,1998,11,3576,2347,1229
342,1998,12,3581,2842,739
343,1994,4,900,0,900
343,1994,5,15872,0,15872
343,1994,6,7234,0,7234
343,1994,7,4362,0,4362
343,1994,8,3876,3800,76
343,1994,9,3877,2715,1162
343,1994,10,3880,6540,-2660
343,1994,11,3868,6920,-3052
343,1994,12,4762,2970,1792
343,1995,1,6064,7200,-1136
343,1995,2,3861,4320,-459
343,1995,3,3860,4420,-560
343,1995,4,4761,2520,2241
343,1995,5,3860,6360,-2500
343,1995,6,3850,6660,-2810
343,1995,7,3844,4320,-476
343,1995,8,3839,5500,-1661
343,1995,9,4940,2520,2420
343,1995,10,3846,3620,226
343,1995,11,3840,7430,-3590
343,1995,12,4535,2520,2015
343,1996,1,3831,9800,-5969
343,1996,2,3813,4240,-427
343,1996,3,3815,2620,1195
343,1996,4,3819,3320,499
343,1996,5,3812,7120,-3308
343,1996,6,5211,2940,2271
343,1996,7,4821,2520,2301
343,1996,8,4929,2820,2109
343,1996,9,3826,6520,-2694
343,1996,10,3824,2820,1004
343,1996,11,3828,2920,908
343,1996,12,3823,5810,-1987
343,1997,1,3819,5070,-1251
343,1997,2,3819,2520,1299
343,1997,3,3822,3300,522
343,1997,4,3826,7920,-4094
343,1997,5,3910,2520,1390
343,1997,6,3816,2520,1296
343,1997,7,4423,2520,1903
343,1997,8,5232,3960,1272
343,1997,9,9050,2520,6530
343,1997,10,5665,2970,2695
343,1997,11,3866,4640,-774
343,1997,12,3862,4820,-958
343,1998,1,3843,9500,-5657
343,1998,2,3826,7910,-4084
343,1998,3,3821,3420,401
343,1998,4,4728,2520,2208
343,1998,5,3832,3420,412
343,1998,6,3824,6740,-2916
343,1998,7,8238,2520,5718
343,1998,8,3839,5450,-1611
343,1998,9,3837,4020,-183
343,1998,10,4637,5160,-523
343,1998,11,3835,3420,415
343,1998,12,3833,4705,-872
344,1993,12,24798,0,24798
344,1994,1,14053,7800,6253
344,1994,2,14077,0,14077
344,1994,3,14145,22300,-8155
344,1994,4,14127,15154,-1027
344,1994,5,14102,19754,-5652
344,1994,6,21044,29254,-8210
344,1994,7,14064,12354,1710
344,1994,8,14072,7354,6718
344,1994,9,14094,13554,540
344,1994,10,14100,11654,2446
344,1994,11,14110,15154,-1044
344,1994,12,21091,18854,2237
344,1995,1,14091,21137,-7046
344,1995,2,14082,9737,4345
344,1995,3,14098,13137,961
344,1995,4,14102,13837,265
344,1995,5,14101,14937,-836
344,1995,6,22433,29537,-7104
344,1995,7,14073,9137,4936
344,1995,8,14089,14137,-48
344,1995,9,14092,9437,4655
344,1995,10,14108,12637,1471
344,1995,11,14115,10837,3278
344,1995,12,21120,18437,2683
344,1996,1,14126,16937,-2811
344,1996,2,14126,12537,1589
344,1996,3,14130,13037,1093
344,1996,4,14134,12737,1397
344,1996,5,14132,18037,-3905
344,1996,6,21109,18337,2772
344,1996,7,14131,15437,-1306
344,1996,8,14125,14237,-112
344,1996,9,14133,9337,4796
344,1996,10,14148,11637,2511
344,1996,11,14139,19937,-5798
344,1996,12,21117,20637,480
344,1997,1,14105,26537,-12432
344,1997,2,14077,13737,340
344,1997,3,14089,9637,4452
344,1997,4,14097,14637,-540
344,1997,5,14104,10337,3767
344,1997,6,22479,27237,-4758
344,1997,7,14094,12037,2057
344,1997,8,14107,10337,3770
344,1997,9,14115,12837,1278
344,1997,10,14114,14937,-823
344,1997,11,14117,12937,1180
344,1997,12,21101,18837,2264
344,1998,1,14124,16337,-2213
344,1998,2,14120,13437,683
344,1998,3,14125,12737,1388
344,1998,4,14125,14237,-112
344,1998,5,14122,18537,-4415
344,1998,6,21043,36337,-15294
344,1998,7,15372,6437,8935
344,1998,8,14090,11937,2153
344,1998,9,14098,12037,2061
344,1998,10,14103,15337,-1234
344,1998,11,18032,8637,9395
344,1998,12,21149,9422,11727
345,1993,11,200,0,200
345,1993,12,24684,1500,23184
345,1994,1,16544,7500,9044
345,1994,2,16571,13500,3071
345,1994,3,16586,12000,4586
345,1994,4,16599,15915,684
345,1994,5,16594,24234,-7640
345,1994,6,24803,34734,-9931
345,1994,7,16532,16234,298
345,1994,8,16533,20234,-3701
345,1994,9,18231,10734,7497
345,1994,10,16557,14234,2323
345,1994,11,16565,13134,3431
345,1994,12,24798,23434,1364
345,1995,1,16562,30934,-14372
345,1995,2,16530,10534,5996
345,1995,3,16551,12534,4017
345,1995,4,16558,16534,24
345,1995,5,16559,16634,-75
345,1995,6,24768,39734,-14966
345,1995,7,20921,12934,7987
345,1995,8,16540,11434,5106
345,1995,9,20479,8834,11645
345,1995,10,17719,8834,8885
345,1995,11,16637,14334,2303
345,1995,12,24859,23834,1025
345,1996,1,16616,26934,-10318
345,1996,2,16622,9034,7588
345,1996,3,16645,12434,4211
345,1996,4,16636,22834,-6198
345,1996,5,16629,14934,1695
345,1996,6,24857,26134,-1277
345,1996,7,16634,14634,2000
345,1996,8,16634,19134,-2500
345,1996,9,16625,17934,-1309
345,1996,10,16620,15934,686
345,1996,11,16619,17434,-815
345,1996,12,24855,17634,7221
345,1997,1,16579,41834,-25255
345,1997,2,21977,8834,13143
345,1997,3,16591,18134,-1543
345,1997,4,16609,9834,6775
345,1997,5,16622,15334,1288
345,1997,6,29503,34334,-4831
345,1997,7,16624,9434,7190
345,1997,8,16641,20034,-3393
345,1997,9,16642,14134,2508
345,1997,10,16659,14234,2425
345,1997,11,16656,17434,-778
345,1997,12,24886,20234,4652
345,1998,1,16643,23734,-7091
345,1998,2,16647,12034,4613
345,1998,3,16666,14434,2232
345,1998,4,16663,14534,2129
345,1998,5,16684,12934,3750
345,1998,6,27005,33334,-6329
345,1998,7,17676,11734,5942
345,1998,8,16700,16634,66
345,1998,9,18406,8834,9572
345,1998,10,16734,14434,2300
345,1998,11,16721,20834,-4113
345,1998,12,24965,10319,14646
346,1993,1,800,0,800
346,1993,2,21197,0,21197
346,1993,3,20059,7900,12159
346,1993,4,20090,15200,4890
346,1993,5,20101,18600,1501
346,1993,6,30053,52130,-22077
346,1993,7,20023,17730,2293
346,1993,8,20041,14390,5651
346,1993,9,20051,19190,861
346,1993,10,20063,16590,3473
346,1993,11,20067,19990,77
346,1993,12,30047,31030,-983
346,1994,1,20026,35550,-15524
346,1994,2,20030,11990,8040
346,1994,3,20041,21650,-1609
346,1994,4,20035,17590,2445
346,1994,5,20055,14690,5365
346,1994,6,30007,36470,-6463
346,1994,7,20048,19230,818
346,1994,8,23887,11370,12517
346,1994,9,20121,11190,8931
346,1994,10,20140,15990,4150
346,1994,11,20147,18890,1257
346,1994,12,30168,18930,11238
346,1995,1,20110,48510,-28400
346,1995,2,20103,7890,12213
346,1995,3,20150,13890,6260
346,1995,4,20157,19370,787
346,1995,5,20157,28190,-8033
346,1995,6,32740,48210,-15470
346,1995,7,20085,13210,6875
346,1995,8,20114,10890,9224
346,1995,9,20143,21990,-1847
346,1995,10,20132,22430,-2298
346,1995,11,20129,19290,839
346,1995,12,30145,21910,8235
346,1996,1,20160,24150,-3990
346,1996,2,20150,16390,3760
346,1996,3,20162,20490,-328
346,1996,4,20157,26430,-6273
346,1996,5,20135,18190,1945
346,1996,6,30084,35790,-5706
346,1996,7,20119,18530,1589
346,1996,8,20119,16650,3469
346,1996,9,20137,16570,3567
346,1996,10,20146,18570,1576
346,1996,11,20154,19390,764
346,1996,12,30142,27450,2692
346,1997,1,20140,33710,-13570
346,1997,2,20124,9490,10634
346,1997,3,20158,17750,2408
346,1997,4,20161,21590,-1429
346,1997,5,20159,18790,1369
346,1997,6,30131,46970,-16839
346,1997,7,20111,8090,12021
346,1997,8,20149,14590,5559
346,1997,9,20167,16490,3677
346,1997,10,20175,22250,-2075
346,1997,11,20163,21190,-1027
346,1997,12,30143,29850,293
346,1998,1,20157,32010,-11853
346,1998,2,20125,12790,7335
346,1998,3,20152,16350,3802
346,1998,4,20167,15390,4777
346,1998,5,20186,15690,4496
346,1998,6,30134,40550,-10416
346,1998,7,20153,18390,1763
346,1998,8,20153,20890,-737
346,1998,9,20142,30050,-9908
346,1998,10,20125,13790,6335
346,1998,11,20146,16710,3436
346,1998,12,30121,30895,-774
347,1993,12,24993,0,24993
347,1994,1,1104,0,1104
347,1994,2,104,3100,-2996
347,1994,3,2904,0,2904
347,1994,4,70434,21300,49134
347,1994,5,51948,34530,17418
347,1994,6,37859,92815,-54956
347,1994,7,36679,19027,17652
347,1994,8,35016,47492,-12476
347,1994,9,32852,31629,1223
347,1994,10,34222,32234,1988
347,1994,11,46490,31790,14700
347,1994,12,122,46515,-46393
347,1995,1,62872,9715,53157
347,1995,2,10617,39070,-28453
347,1995,3,89,33884,-33795
347,1995,4,53839,8215,45624
347,1995,5,145,25672,-25527
347,1995,6,1441,21661,-20220
347,1995,7,25684,7816,17868
347,1995,8,95964,45258,50706
347,1995,9,49258,40641,8617
347,1995,10,32003,50294,-18291
347,1995,11,183,32416,-32233
347,1995,12,16,32505,-32489
347,1996,1,10906,7819,3087
347,1996,2,12020,7816,4204
347,1996,3,9922,17418,-7496
347,1996,4,14707,16530,-1823
347,1996,5,81778,32942,48836
347,1996,6,6217,27485,-21268
347,1996,7,8803,7816,987
347,1996,8,58594,32816,25778
347,1996,9,4985,11689,-6704
347,1996,10,49727,38227,11500
347,1996,11,2589,17416,-14827
347,1996,12,40177,31216,8961
347,1997,1,77928,75198,2730
347,1997,2,1990,14116,-12126
347,1997,3,63352,32516,30836
347,1997,4,38565,61332,-22767
347,1997,5,62763,55713,7050
347,1997,6,47209,44849,2360
347,1997,7,79946,43780,36166
347,1997,8,24230,34215,-9985
347,1997,9,123073,115915,7158
347,1997,10,328,23515,-23187
347,1997,11,33982,40234,-6252
347,1997,12,341,23015,-22674
347,1998,1,95562,30215,65347
347,1998,2,363,34415,-34052
347,1998,3,1385,17215,-15830
347,1998,4,17737,57614,-39877
347,1998,5,44200,48975,-4775
347,1998,6,27830,40823,-12993
347,1998,7,74056,15421,58635
347,1998,8,34713,32953,1760
347,1998,9,14125,70407,-56282
347,1998,10,66268,42144,24124
347,1998,11,37624,20740,16884
347,1998,12,25902,12900,13002
348,1995,11,700,0,700
348,1995,12,27994,0,27994
348,1996,1,18423,11100,7323
348,1996,2,18449,13000,5449
348,1996,3,18467,14900,3567
348,1996,4,18478,16415,2063
348,1996,5,18477,21915,-3438
348,1996,6,27636,26215,1421
348,1996,7,18474,18215,259
348,1996,8,18461,23115,-4654
348,1996,9,18444,22115,-3671
348,1996,10,18433,20715,-2282
348,1996,11,18425,20015,-1590
348,1996,12,27605,19515,8090
348,1997,1,18434,33115,-14681
348,1997,2,18402,16515,1887
348,1997,3,18406,19515,-1109
348,1997,4,18406,18215,191
348,1997,5,18399,18715,-316
348,1997,6,27519,34815,-7296
348,1997,7,18383,17015,1368
348,1997,8,18386,15015,3371
348,1997,9,18382,20015,-1633
348,1997,10,18395,15915,2480
348,1997,11,18441,4515,13926
348,1997,12,27645,16515,11130
348,1998,1,18445,37615,-19170
348,1998,2,18464,6715,11749
348,1998,3,18505,7315,11190
348,1998,4,18532,12615,5917
348,1998,5,18565,10415,8150
348,1998,6,27743,36015,-8272
348,1998,7,18562,10915,7647
348,1998,8,18563,36315,-17752
348,1998,9,18559,19115,-556
348,1998,10,18565,17415,1150
348,1998,11,18494,20415,-1921
348,1998,12,27708,3300,24408
349,1997,6,11620,0,11620
349,1997,7,14281,0,14281
349,1997,8,7115,1400,5715
349,1997,9,7119,8400,-1281
349,1997,10,7098,16295,-9197
349,1997,11,7074,11635,-4561
349,1997,12,14668,10235,4433
349,1998,1,8362,13455,-5093
349,1998,2,7055,8675,-1620
349,1998,3,7951,8775,-824
349,1998,4,7742,8475,-733
349,1998,5,8149,7275,874
349,1998,6,12042,12835,-793
349,1998,7,13963,7975,5988
349,1998,8,8660,11475,-2815
349,1998,9,9762,8243,1519
349,1998,10,8864,8243,621
349,1998,11,7063,10843,-3780
349,1998,12,10553,8228,2325
350,1996,10,500,0,500
350,1996,11,6309,0,6309
350,1996,12,6309,0,6309
350,1997,1,6359,1800,4559
350,1997,2,6382,0,6382
350,1997,3,6401,5815,586
350,1997,4,6406,10146,-3740
350,1997,5,6403,3806,2597
350,1997,6,6369,15796,-9427
350,1997,7,6375,3806,2569
350,1997,8,6385,4526,1859
350,1997,9,6393,3806,2587
350,1997,10,6382,10306,-3924
350,1997,11,6388,3806,2582
350,1997,12,6392,5256,1136
350,1998,1,6378,12046,-5668
350,1998,2,6379,4446,1933
350,1998,3,6385,3906,2479
350,1998,4,6398,3806,2592
350,1998,5,6392,7806,-1414
350,1998,6,6386,7486,-1100
350,1998,7,6398,3806,2592
350,1998,8,6403,6446,-43
350,1998,9,6409,3806,2603
350,1998,10,6410,5606,804
350,1998,11,6415,7586,-1171
350,1998,12,6400,8741,-2341
351,1997,2,2404,0,2404
351,1997,3,12232,0,12232
351,1997,4,3266,515,2751
351,1997,5,4277,15,4262
351,1997,6,3295,415,2880
351,1997,7,9006,4665,4341
351,1997,8,3317,4615,-1298
351,1997,9,39943,9965,29978
351,1997,10,3398,21415,-18017
351,1997,11,3347,10465,-7118
351,1997,12,3333,7515,-4182
351,1998,1,5191,13265,-8074
351,1998,2,4392,415,3977
351,1998,3,3293,5815,-2522
351,1998,4,42913,1915,40998
351,1998,5,3408,25015,-21607
351,1998,6,3342,14415,-11073
351,1998,7,3326,2515,811
351,1998,8,12884,9115,3769
351,1998,9,3327,11015,-7688
351,1998,10,3299,9415,-6116
351,1998,11,3282,5915,-2633
351,1998,12,3273,3200,73
352,1994,7,4563,0,4563
352,1994,8,4370,0,4370
352,1994,9,4370,0,4370
352,1994,10,4370,0,4370
352,1994,11,4372,15,4357
352,1994,12,4441,4467,-26
352,1995,1,4441,9687,-5246
352,1995,2,4426,2007,2419
352,1995,3,4437,2007,2430
352,1995,4,4447,4707,-260
352,1995,5,4443,4007,436
352,1995,6,4448,2007,2441
352,1995,7,4452,3767,685
352,1995,8,4458,8947,-4489
352,1995,9,4441,2907,1534
352,1995,10,4447,5387,-940
352,1995,11,4443,4407,36
352,1995,12,4431,7987,-3556
352,1996,1,4412,7847,-3435
352,1996,2,4415,2007,2408
352,1996,3,4425,2707,1718
352,1996,4,4432,2307,2125
352,1996,5,4440,3007,1433
352,1996,6,4447,2007,2440
352,1996,7,4455,4207,248
352,1996,8,4459,2007,2452
352,1996,9,4459,7067,-2608
352,1996,10,4458,2007,2451
352,1996,11,4468,2007,2461
352,1996,12,4468,9407,-4939
352,1997,1,4435,10967,-6532
352,1997,2,4430,2007,2423
352,1997,3,4437,2887,1550
352,1997,4,4445,2567,1878
352,1997,5,4455,2007,2448
352,1997,6,4439,14697,-10258
352,1997,7,4422,2007,2415
352,1997,8,4432,2007,2425
352,1997,9,4433,4727,-294
352,1997,10,4441,2007,2434
352,1997,11,4448,2567,1881
352,1997,12,4456,2957,1499
352,1998,1,4440,11167,-6727
352,1998,2,4436,2007,2429
352,1998,3,4443,3707,736
352,1998,4,4444,4307,137
352,1998,5,4448,2907,1541
352,1998,6,4431,10507,-6076
352,1998,7,4425,5027,-602
352,1998,8,4425,5607,-1182
352,1998,9,4424,2007,2417
352,1998,10,4434,2007,2427
352,1998,11,4434,5207,-773
352,1998,12,4440,4902,-462
353,1995,8,1000,0,1000
353,1995,9,6676,0,6676
353,1995,10,6676,0,6676
353,1995,11,6676,0,6676
353,1995,12,6676,0,6676
353,1996,1,6759,5731,1028
353,1996,2,6804,4181,2623
353,1996,3,6813,7081,-268
353,1996,4,6814,4881,1933
353,1996,5,6822,3781,3041
353,1996,6,6815,11081,-4266
353,1996,7,6817,4581,2236
353,1996,8,6823,7121,-298
353,1996,9,6825,3581,3244
353,1996,10,6835,7821,-986
353,1996,11,6832,6381,451
353,1996,12,6834,4731,2103
353,1997,1,6838,6981,-143
353,1997,2,6842,6121,721
353,1997,3,6841,7021,-180
353,1997,4,6847,3581,3266
353,1997,5,6860,4081,2779
353,1997,6,6858,18131,-11273
353,1997,7,6825,3581,3244
353,1997,8,6841,4301,2540
353,1997,9,6848,6941,-93
353,1997,10,6849,3581,3268
353,1997,11,6862,3581,3281
353,1997,12,6874,4931,1943
353,1998,1,6879,6561,318
353,1998,2,6885,3581,3304
353,1998,3,6899,3581,3318
353,1998,4,6908,5261,1647
353,1998,5,6920,3581,3339
353,1998,6,6927,9121,-2194
353,1998,7,6920,5421,1499
353,1998,8,6930,3581,3349
353,1998,9,6939,7421,-482
353,1998,10,6942,3581,3361
353,1998,11,6953,5181,1772
353,1998,12,6963,3816,3147
354,1993,10,700,0,700
354,1993,11,19377,0,19377
354,1993,12,17289,7200,10089
354,1994,1,11592,10300,1292
354,1994,2,11597,10700,897
354,1994,3,11616,9286,2330
354,1994,4,11619,12786,-1167
354,1994,5,11614,17286,-5672
354,1994,6,17320,18486,-1166
354,1994,7,11594,5586,6008
354,1994,8,11616,9686,1930
354,1994,9,11621,11086,535
354,1994,10,11616,13886,-2270
354,1994,11,11612,12086,-474
354,1994,12,17351,16586,765
354,1995,1,11595,22286,-10691
354,1995,2,12478,4786,7692
354,1995,3,11599,12986,-1387
354,1995,4,11597,9386,2211
354,1995,5,11603,11486,117
354,1995,6,17331,22886,-5555
354,1995,7,11582,9986,1596
354,1995,8,11592,7686,3906
354,1995,9,11605,8786,2819
354,1995,10,11608,13886,-2278
354,1995,11,11601,11786,-185
354,1995,12,17351,13686,3665
354,1996,1,12977,28086,-15109
354,1996,2,13270,4786,8484
354,1996,3,11596,7286,4310
354,1996,4,11606,10786,820
354,1996,5,11609,12486,-877
354,1996,6,17352,14986,2366
354,1996,7,11617,9986,1631
354,1996,8,11615,13986,-2371
354,1996,9,11620,8586,3034
354,1996,10,11640,8686,2954
354,1996,11,11621,16086,-4465
354,1996,12,17354,17686,-332
354,1997,1,11580,27186,-15606
354,1997,2,11662,7986,3676
354,1997,3,11579,5786,5793
354,1997,4,11603,6886,4717
354,1997,5,11613,9886,1727
354,1997,6,17363,28786,-11423
354,1997,7,12385,6386,5999
354,1997,8,17431,4786,12645
354,1997,9,11659,6886,4773
354,1997,10,11682,6086,5596
354,1997,11,11697,11286,411
354,1997,12,17448,10086,7362
354,1998,1,11702,26586,-14884
354,1998,2,11879,4786,7093
354,1998,3,12611,4786,7825
354,1998,4,11941,4786,7155
354,1998,5,11744,13686,-1942
354,1998,6,17431,32686,-15255
354,1998,7,14505,5686,8819
354,1998,8,14845,4786,10059
354,1998,9,11773,5986,5787
354,1998,10,11782,11586,196
354,1998,11,11798,6086,5712
354,1998,12,17542,16671,871
355,1996,2,12552,0,12552
355,1996,3,18225,0,18225
355,1996,4,12070,2500,9570
355,1996,5,12092,17200,-5108
355,1996,6,18018,32569,-14551
355,1996,7,14310,7969,6341
355,1996,8,12034,13469,-1435
355,1996,9,13601,17569,-3968
355,1996,10,13314,7969,5345
355,1996,11,14019,14569,-550
355,1996,12,18693,12769,5924
355,1997,1,17902,28069,-10167
355,1997,2,17215,10938,6277
355,1997,3,12041,9569,2472
355,1997,4,14554,7969,6585
355,1997,5,16148,21375,-5227
355,1997,6,18817,13369,5448
355,1997,7,15655,18169,-2514
355,1997,8,12069,8469,3600
355,1997,9,12068,14656,-2588
355,1997,10,20122,28229,-8107
355,1997,11,20623,17269,3354
355,1997,12,31584,29141,2443
355,1998,1,22517,35569,-13052
355,1998,2,22123,7969,14154
355,1998,3,15173,7969,7204
355,1998,4,12095,10469,1626
355,1998,5,14300,13669,631
355,1998,6,18066,16783,1283
355,1998,7,13566,38011,-24445
355,1998,8,20927,7969,12958
355,1998,9,12766,7969,4797
355,1998,10,12083,8869,3214
355,1998,11,12097,8869,3228
355,1998,12,18228,41980,-23752
356,1996,3,1000,0,1000
356,1996,4,20977,0,20977
356,1996,5,18550,3400,15150
356,1996,6,27807,17900,9907
356,1996,7,18611,18700,-89
356,1996,8,18597,23703,-5106
356,1996,9,18620,9103,9517
356,1996,10,18652,12003,6649
356,1996,11,18652,21403,-2751
356,1996,12,27879,20403,7476
356,1997,1,18669,21803,-3134
356,1997,2,18668,17903,765
356,1997,3,18660,22003,-3343
356,1997,4,18648,22703,-4055
356,1997,5,18642,17103,1539
356,1997,6,27859,26503,1356
356,1997,7,18640,20103,-1463
356,1997,8,18659,13703,4956
356,1997,9,18673,15803,2870
356,1997,10,18678,18003,675
356,1997,11,18674,22703,-4029
356,1997,12,27902,20503,7399
356,1998,1,18688,33503,-14815
356,1998,2,18663,8003,10660
356,1998,3,18662,20703,-2041
356,1998,4,18676,16703,1973
356,1998,5,18674,34803,-16129
356,1998,6,27866,24303,3563
356,1998,7,18656,16503,2153
356,1998,8,18661,18703,-42
356,1998,9,18661,18903,-242
356,1998,10,18660,15803,2857
356,1998,11,18669,20603,-1934
356,1998,12,27902,5088,22814
357,1996,3,1000,0,1000
357,1996,4,3103,0,3103
357,1996,5,3103,0,3103
357,1996,6,3103,0,3103
357,1996,7,3103,0,3103
357,1996,8,3148,2233,915
357,1996,9,3165,3043,122
357,1996,10,3168,2083,1085
357,1996,11,3172,2083,1089
357,1996,12,3176,2323,853
357,1997,1,3174,4363,-1189
357,1997,2,3175,2083,1092
357,1997,3,3178,3493,-315
357,1997,4,3178,2083,1095
357,1997,5,3184,3463,-279
357,1997,6,3182,2083,1099
357,1997,7,3186,2083,1103
357,1997,8,3187,3283,-96
357,1997,9,3191,2083,1108
357,1997,10,3195,2083,1112
357,1997,11,3199,4183,-984
357,1997,12,3194,2593,601
357,1998,1,3191,6313,-3122
357,1998,2,3185,2083,1102
357,1998,3,3189,2293,896
357,1998,4,3193,2953,240
357,1998,5,3191,3283,-92
357,1998,6,3194,2083,1111
357,1998,7,3198,2653,545
357,1998,8,3200,3083,117
357,1998,9,3200,3783,-583
357,1998,10,3195,3823,-628
357,1998,11,3196,2083,1113
357,1998,12,3197,3058,139
358,1993,12,3709,0,3709
358,1994,1,12750,0,12750
358,1994,2,6785,0,6785
358,1994,3,3405,0,3405
358,1994,4,3618,574,3044
358,1994,5,3221,3481,-260
358,1994,6,4814,6611,-1797
358,1994,7,3207,5641,-2434
358,1994,8,5010,3371,1639
358,1994,9,3207,3881,-674
358,1994,10,3203,4181,-978
358,1994,11,3198,4381,-1183
358,1994,12,3195,4191,-996
358,1995,1,3181,7361,-4180
358,1995,2,3177,3351,-174
358,1995,3,3279,2081,1198
358,1995,4,3179,3281,-102
358,1995,5,3181,2681,500
358,1995,6,3170,6481,-3311
358,1995,7,3167,3611,-444
358,1995,8,3161,7981,-4820
358,1995,9,3754,2081,1673
358,1995,10,3157,2181,976
358,1995,11,3160,5721,-2561
358,1995,12,3150,4181,-1031
358,1996,1,3146,2781,365
358,1996,2,3148,2081,1067
358,1996,3,3150,4121,-971
358,1996,4,3148,2081,1067
358,1996,5,3152,2081,1071
358,1996,6,3156,2651,505
358,1996,7,3158,3311,-153
358,1996,8,3158,2081,1077
358,1996,9,3162,2741,421
358,1996,10,3164,2081,1083
358,1996,11,3169,2081,1088
358,1996,12,3173,3101,72
358,1997,1,3171,4511,-1340
358,1997,2,3168,2081,1087
358,1997,3,3170,3191,-21
358,1997,4,3172,2081,1091
358,1997,5,3175,2681,494
358,1997,6,3173,3911,-738
358,1997,7,3175,2621,554
358,1997,8,3178,2081,1097
358,1997,9,3183,2081,1102
358,1997,10,3187,2081,1106
358,1997,11,3192,2081,1111
358,1997,12,3191,3551,-360
358,1998,1,3189,4301,-1112
358,1998,2,3190,2081,1109
358,1998,3,3193,2291,902
358,1998,4,3177,12781,-9604
358,1998,5,3158,2081,1077
358,1998,6,3163,2081,1082
358,1998,7,3162,3251,-89
358,1998,8,3167,2081,1086
358,1998,9,3171,2081,1090
358,1998,10,3175,2321,854
358,1998,11,3179,2081,1098
358,1998,12,3181,2756,425
359,1994,12,400,0,400
359,1995,1,5316,0,5316
359,1995,2,5316,0,5316
359,1995,3,5316,0,5316
359,1995,4,5316,0,5316
359,1995,5,5375,7159,-1784
359,1995,6,5394,7299,-1905
359,1995,7,5392,5159,233
359,1995,8,5387,7859,-2472
359,1995,9,5387,3559,1828
359,1995,10,5394,3559,1835
359,1995,11,5402,3559,1843
359,1995,12,5398,8969,-3571
359,1996,1,5383,9459,-4076
359,1996,2,5376,5179,197
359,1996,3,5369,6999,-1630
359,1996,4,5372,3559,1813
359,1996,5,5379,3559,1820
359,1996,6,5384,7409,-2025
359,1996,7,5378,3559,1819
359,1996,8,5386,4599,787
359,1996,9,5389,3559,1830
359,1996,10,5397,3559,1838
359,1996,11,5404,3559,1845
359,1996,12,5411,4059,1352
359,1997,1,5413,7439,-2026
359,1997,2,5407,14559,-9152
359,1997,3,5371,3559,1812
359,1997,4,5379,3559,1820
359,1997,5,5386,3559,1827
359,1997,6,5371,11459,-6088
359,1997,7,5368,3559,1809
359,1997,8,5376,3559,1817
359,1997,9,5383,3559,1824
359,1997,10,5391,3559,1832
359,1997,11,5398,3559,1839
359,1997,12,5394,8039,-2645
359,1998,1,5393,6259,-866
359,1998,2,5384,6999,-1615
359,1998,3,5385,3559,1826
359,1998,4,5392,3559,1833
359,1998,5,5397,5239,158
359,1998,6,5380,10779,-5399
359,1998,7,5378,3559,1819
359,1998,8,5386,3559,1827
359,1998,9,5393,3559,1834
359,1998,10,5401,3559,1842
359,1998,11,5408,3559,1849
359,1998,12,5415,3944,1471
360,1996,5,1100,0,1100
360,1996,6,36385,6000,30385
360,1996,7,24352,17500,6852
360,1996,8,24387,15600,8787
360,1996,9,24409,21000,3409
360,1996,10,24424,20915,3509
360,1996,11,24413,32835,-8422
360,1996,12,36600,27715,8885
360,1997,1,24448,29715,-5267
360,1997,2,24436,14955,9481
360,1997,3,24516,29515,-4999
360,1997,4,24455,14715,9740
360,1997,5,24482,19315,5167
360,1997,6,36576,53535,-16959
360,1997,7,24440,16815,7625
360,1997,8,24449,24815,-366
360,1997,9,24450,27035,-2585
360,1997,10,24447,21115,3332
360,1997,11,24450,24815,-365
360,1997,12,36564,26215,10349
360,1998,1,24463,43955,-19492
360,1998,2,24423,23895,528
360,1998,3,24410,26875,-2465
360,1998,4,24418,19715,4703
360,1998,5,24433,21015,3418
360,1998,6,36544,58235,-21691
360,1998,7,24369,16615,7754
360,1998,8,24391,23155,1236
360,1998,9,24385,23915,470
360,1998,10,24395,42615,-18220
360,1998,11,24310,26715,-2405
360,1998,12,36483,4640,31843
361,1993,2,600,0,600
361,1993,3,25248,0,25248
361,1993,4,23750,13900,9850
361,1993,5,23790,16100,7690
361,1993,6,35643,25800,9843
361,1993,7,23912,29544,-5632
361,1993,8,23889,23044,845
361,1993,9,23891,24244,-353
361,1993,10,23885,27344,-3459
361,1993,11,23869,23844,25
361,1993,12,35721,30044,5677
361,1994,1,23884,29944,-6060
361,1994,2,23870,22044,1826
361,1994,3,23875,25844,-1969
361,1994,4,23871,20344,3527
361,1994,5,23880,24044,-164
361,1994,6,35718,31744,3974
361,1994,7,23893,24444,-551
361,1994,8,23884,26944,-3060
361,1994,9,23871,27844,-3973
361,1994,10,23857,22944,913
361,1994,11,23864,20244,3620
361,1994,12,35722,30744,4978
361,1995,1,23874,33044,-9170
361,1995,2,23854,22744,1110
361,1995,3,23861,22444,1417
361,1995,4,23866,22044,1822
361,1995,5,23873,22044,1829
361,1995,6,35708,38744,-3036
361,1995,7,23863,23044,819
361,1995,8,23863,23444,419
361,1995,9,23865,22544,1321
361,1995,10,23871,21944,1927
361,1995,11,23861,30144,-6283
361,1995,12,35687,30644,5043
361,1996,1,23851,29744,-5893
361,1996,2,23849,19344,4505
361,1996,3,23861,22344,1517
361,1996,4,23861,24044,-183
361,1996,5,23846,30044,-6198
361,1996,6,35697,35344,353
361,1996,7,23845,19244,4601
361,1996,8,23856,21444,2412
361,1996,9,23847,26744,-2897
361,1996,10,23846,23044,802
361,1996,11,23840,28244,-4404
361,1996,12,35661,32444,3217
361,1997,1,23815,34644,-10829
361,1997,2,23787,25144,-1357
361,1997,3,23776,28344,-4568
361,1997,4,23772,22144,1628
361,1997,5,23776,22644,1132
361,1997,6,35593,44944,-9351
361,1997,7,23734,25844,-2110
361,1997,8,23798,3344,20454
361,1997,9,23808,25544,-1736
361,1997,10,23802,25644,-1842
361,1997,11,23801,26544,-2743
361,1997,12,35712,6044,29668
361,1998,1,23788,59244,-35456
361,1998,2,23830,3344,20486
361,1998,3,23827,29844,-6017
361,1998,4,23883,6044,17839
361,1998,5,23841,39944,-16103
361,1998,6,35577,57444,-21867
361,1998,7,23804,26444,-2640
361,1998,8,23790,23344,446
361,1998,9,23793,8244,15549
361,1998,10,23839,38144,-14305
361,1998,11,23792,7144,16648
361,1998,12,35709,42129,-6420
362,1993,4,10467,0,10467
362,1993,5,15924,0,15924
362,1993,6,14449,3400,11049
362,1993,7,9708,5500,4208
362,1993,8,9719,8015,1704
362,1993,9,9697,16576,-6879
362,1993,10,10960,19576,-8616
362,1993,11,9645,12456,-2811
362,1993,12,14428,14176,252
362,1994,1,11933,13816,-1883
362,1994,2,9642,8176,1466
362,1994,3,11643,10336,1307
362,1994,4,10254,6376,3878
362,1994,5,9660,12476,-2816
362,1994,6,14435,10936,3499
362,1994,7,9673,8076,1597
362,1994,8,9677,10276,-599
362,1994,9,9675,9276,399
362,1994,10,9676,11336,-1660
362,1994,11,10372,6376,3996
362,1994,12,14463,16816,-2353
362,1995,1,18540,28976,-10436
362,1995,2,10735,6376,4359
362,1995,3,16241,21256,-5015
362,1995,4,13836,6376,7460
362,1995,5,9662,7976,1686
362,1995,6,14553,6376,8177
362,1995,7,9697,12976,-3279
362,1995,8,9689,9376,313
362,1995,9,9687,9576,111
362,1995,10,9679,15416,-5737
362,1995,11,9666,8176,1490
362,1995,12,14445,12116,2329
362,1996,1,9947,20976,-11029
362,1996,2,10742,6376,4366
362,1996,3,9959,6376,3583
362,1996,4,9665,12136,-2471
362,1996,5,9656,8876,780
362,1996,6,14441,9076,5365
362,1996,7,9678,12376,-2698
362,1996,8,12180,6376,5804
362,1996,9,10674,14416,-3742
362,1996,10,10686,6376,4310
362,1996,11,9698,9456,242
362,1996,12,14472,16776,-2304
362,1997,1,16143,28416,-12273
362,1997,2,14656,6376,8280
362,1997,3,9669,9376,293
362,1997,4,10376,7096,3280
362,1997,5,9679,11076,-1397
362,1997,6,15169,6376,8793
362,1997,7,9705,12276,-2571
362,1997,8,9706,7976,1730
362,1997,9,11222,6376,4846
362,1997,10,9730,8876,854
362,1997,11,9716,14576,-4860
362,1997,12,14495,10996,3499
362,1998,1,15249,43176,-27927
362,1998,2,19947,10216,9731
362,1998,3,20091,6376,13715
362,1998,4,10710,9736,974
362,1998,5,11726,10816,910
362,1998,6,24184,22536,1648
362,1998,7,11837,6376,5461
362,1998,8,12161,6376,5785
362,1998,9,9766,9976,-210
362,1998,10,9768,10516,-748
362,1998,11,9768,7976,1792
362,1998,12,16755,12601,4154
363,1994,5,1000,0,1000
363,1994,6,58718,10600,48118
363,1994,7,48645,11900,36745
363,1994,8,357,28200,-27843
363,1994,9,13105,17300,-4195
363,1994,10,223,16200,-15977
363,1994,11,223,6300,-6077
363,1994,12,223,5200,-4977
363,1995,1,23401,24615,-1214
363,1995,2,37836,15,37821
363,1995,3,11846,40141,-28295
363,1995,4,49636,15916,33720
363,1995,5,77533,98381,-20848
363,1995,6,74123,65430,8693
363,1995,7,27630,42870,-15240
363,1995,8,103725,81276,22449
363,1995,9,26167,33677,-7510
363,1995,10,232,15315,-15083
363,1995,11,77770,59215,18555
363,1995,12,86285,94579,-8294
363,1996,1,35124,55515,-20391
363,1996,2,47244,46435,809
363,1996,3,129,3315,-3186
363,1996,4,26881,21547,5334
363,1996,5,36958,24278,12680
363,1996,6,25973,20115,5858
363,1996,7,35835,28615,7220
363,1996,8,44909,20015,24894
363,1996,9,57530,52596,4934
363,1996,10,125229,127315,-2086
363,1996,11,318,32515,-32197
363,1996,12,181,13311,-13130
363,1997,1,75576,45315,30261
363,1997,2,290,31215,-30925
363,1997,3,45278,27915,17363
363,1997,4,210,21415,-21205
363,1997,5,6958,13115,-6157
363,1997,6,88818,59315,29503
363,1997,7,249,19215,-18966
363,1997,8,162279,112115,50164
363,1997,9,43754,41815,1939
363,1997,10,385,27315,-26930
363,1997,11,12959,34826,-21867
363,1997,12,47246,29715,17531
363,1998,1,16023,41615,-25592
363,1998,2,74256,16715,57541
363,1998,3,38431,78315,-39884
363,1998,4,60548,6590,53958
363,1998,5,28565,36015,-7450
363,1998,6,62300,65215,-2915
363,1998,7,63792,75847,-12055
363,1998,8,142233,156973,-14740
363,1998,9,21048,11037,10011
363,1998,10,75947,47215,28732
363,1998,11,83200,92015,-8815
363,1998,12,79692,78005,1687
364,1997,1,1100,0,1100
364,1997,2,3332,0,3332
364,1997,3,3332,0,3332
364,1997,4,3332,0,3332
364,1997,5,3332,0,3332
364,1997,6,3335,15,3320
364,1997,7,3408,2386,1022
364,1997,8,3413,2806,607
364,1997,9,3416,2236,1180
364,1997,10,3421,3616,-195
364,1997,11,3420,2236,1184
364,1997,12,3424,2806,618
364,1998,1,3424,3136,288
364,1998,2,3425,3346,79
364,1998,3,3428,2716,712
364,1998,4,3432,2236,1196
364,1998,5,3437,2236,1201
364,1998,6,3437,5806,-2369
364,1998,7,3431,3376,55
364,1998,8,3433,2476,957
364,1998,9,3437,2236,1201
364,1998,10,3442,2236,1206
364,1998,11,3445,2926,519
364,1998,12,3444,3781,-337
365,1993,12,200,0,200
365,1994,1,22725,0,22725
365,1994,2,17783,7900,9883
365,1994,3,17812,11900,5912
365,1994,4,17832,13900,3932
365,1994,5,17773,47977,-30204
365,1994,6,26588,18339,8249
365,1994,7,17775,22639,-4864
365,1994,8,17765,18639,-874
365,1994,9,17746,16539,1207
365,1994,10,17734,20239,-2505
365,1994,11,17759,17939,-180
365,1994,12,26579,21339,5240
365,1995,1,17728,25739,-8011
365,1995,2,22074,13339,8735
365,1995,3,17746,20539,-2793
365,1995,4,17738,19639,-1901
365,1995,5,17757,18839,-1082
365,1995,6,33833,25639,8194
365,1995,7,19988,13339,6649
365,1995,8,17783,20139,-2356
365,1995,9,17785,16939,846
365,1995,10,17788,18239,-451
365,1995,11,17797,21339,-3542
365,1995,12,26625,21039,5586
365,1996,1,18840,35739,-16899
365,1996,2,17742,13339,4403
365,1996,3,17721,24843,-7122
365,1996,4,19623,16339,3284
365,1996,5,17739,14639,3100
365,1996,6,26612,20939,5673
365,1996,7,17774,18239,-465
365,1996,8,17774,20239,-2465
365,1996,9,17765,17939,-174
365,1996,10,17759,18839,-1080
365,1996,11,17755,18339,-584
365,1996,12,26609,26439,170
365,1997,1,17747,16939,808
365,1997,2,17761,13339,4422
365,1997,3,17790,22039,-4249
365,1997,4,17772,21439,-3667
365,1997,5,17742,17039,703
365,1997,6,26617,21939,4678
365,1997,7,17761,21839,-4078
365,1997,8,17744,18839,-1095
365,1997,9,17741,17139,602
365,1997,10,17748,13339,4409
365,1997,11,17758,19839,-2081
365,1997,12,26602,24739,1863
365,1998,1,17740,28039,-10299
365,1998,2,17724,13339,4385
365,1998,3,17740,13339,4401
365,1998,4,17759,19939,-2180
365,1998,5,17741,18339,-598
365,1998,6,27382,24915,2467
365,1998,7,17753,16439,1314
365,1998,8,17748,21339,-3591
365,1998,9,17748,13339,4409
365,1998,10,17753,19539,-1786
365,1998,11,17759,13339,4420
365,1998,12,26611,25724,887
366,1996,10,200,0,200
366,1996,11,22624,0,22624
366,1996,12,32661,15600,17061
366,1997,1,21867,17700,4167
366,1997,2,21879,20800,1079
366,1997,3,21902,27615,-5713
366,1997,4,21886,19575,2311
366,1997,5,21889,21495,394
366,1997,6,32738,36775,-4037
366,1997,7,21877,18195,3682
366,1997,8,21898,17095,4803
366,1997,9,21904,21695,209
366,1997,10,21908,19715,2193
366,1997,11,21913,21095,818
366,1997,12,32782,31635,1147
366,1998,1,21862,42315,-20453
366,1998,2,21850,12695,9155
366,1998,3,21885,15295,6590
366,1998,4,21895,23155,-1260
366,1998,5,21895,20195,1700
366,1998,6,32717,41955,-9238
366,1998,7,21867,21135,732
366,1998,8,21862,21295,567
366,1998,9,21863,20895,968
366,1998,10,21867,20695,1172
366,1998,11,21861,24195,-2334
366,1998,12,32721,32140,581
367,1997,5,14154,0,14154
367,1997,6,27003,0,27003
367,1997,7,13911,5400,8511
367,1997,8,13940,7600,6340
367,1997,9,13944,16599,-2655
367,1997,10,13937,14999,-1062
367,1997,11,13955,12199,1756
367,1997,12,20813,16799,4014
367,1998,1,13946,21399,-7453
367,1998,2,13925,15879,-1954
367,1998,3,13916,16219,-2303
367,1998,4,13933,10799,3134
367,1998,5,13944,11899,2045
367,1998,6,20755,26319,-5564
367,1998,7,13909,13699,210
367,1998,8,13919,10199,3720
367,1998,9,13943,12799,1144
367,1998,10,13921,25699,-11778
367,1998,11,13913,11199,2714
367,1998,12,20780,12924,7856
368,1993,7,9537,0,9537
368,1993,8,13987,0,13987
368,1993,9,9133,0,9133
368,1993,10,8560,4300,4260
368,1993,11,8570,7415,1155
368,1993,12,12775,10624,2151
368,1994,1,8530,24924,-16394
368,1994,2,8712,6724,1988
368,1994,3,8509,10124,-1615
368,1994,4,8508,7824,684
368,1994,5,8605,9924,-1319
368,1994,6,13818,10524,3294
368,1994,7,8521,7924,597
368,1994,8,8531,8324,207
368,1994,9,8532,7224,1308
368,1994,10,8537,7824,713
368,1994,11,8538,12524,-3986
368,1994,12,12737,12424,313
368,1995,1,8509,14024,-5515
368,1995,2,10002,5624,4378
368,1995,3,8509,10824,-2315
368,1995,4,8509,8424,85
368,1995,5,9406,7624,1782
368,1995,6,12729,16724,-3995
368,1995,7,9387,9624,-237
368,1995,8,8701,5624,3077
368,1995,9,8504,11824,-3320
368,1995,10,8494,10324,-1830
368,1995,11,8491,6624,1867
368,1995,12,12710,12924,-214
368,1996,1,10786,14424,-3638
368,1996,2,8478,9424,-946
368,1996,3,8678,9424,-746
368,1996,4,9275,6624,2651
368,1996,5,8485,9124,-639
368,1996,6,12690,13424,-734
368,1996,7,8477,8324,153
368,1996,8,8470,12524,-4054
368,1996,9,8465,5624,2841
368,1996,10,8477,7924,553
368,1996,11,8479,5624,2855
368,1996,12,12686,16724,-4038
368,1997,1,8472,8624,-152
368,1997,2,8473,5624,2849
368,1997,3,8485,6624,1861
368,1997,4,8493,5624,2869
368,1997,5,8505,5624,2881
368,1997,6,12723,21524,-8801
368,1997,7,8478,7824,654
368,1997,8,8483,5624,2859
368,1997,9,8494,5624,2870
368,1997,10,8507,5624,2883
368,1997,11,8512,8024,488
368,1997,12,12736,7624,5112
368,1998,1,8515,15624,-7109
368,1998,2,8511,5624,2887
368,1998,3,8524,5624,2900
368,1998,4,8536,5624,2912
368,1998,5,8548,5624,2924
368,1998,6,12755,21624,-8869
368,1998,7,8523,5624,2899
368,1998,8,8524,13924,-5400
368,1998,9,8512,5624,2888
368,1998,10,8521,7624,897
368,1998,11,8519,10024,-1505
368,1998,12,12735,7709,5026
370,1994,2,700,0,700
370,1994,3,3113,0,3113
370,1994,4,3113,0,3113
370,1994,5,3113,0,3113
370,1994,6,3113,0,3113
370,1994,7,3115,15,3100
370,1994,8,3182,2090,1092
370,1994,9,3183,3080,103
370,1994,10,3185,2930,255
370,1994,11,3187,2900,287
370,1994,12,3189,2090,1099
370,1995,1,3193,2660,533
370,1995,2,3195,2090,1105
370,1995,3,3200,2650,550
370,1995,4,3203,2090,1113
370,1995,5,3207,2090,1117
370,1995,6,3208,5480,-2272
370,1995,7,3202,3410,-208
370,1995,8,3202,2090,1112
370,1995,9,3205,3020,185
370,1995,10,3207,2090,1117
370,1995,11,3211,2090,1121
370,1995,12,3216,2090,1126
370,1996,1,3217,3290,-73
370,1996,2,3216,3320,-104
370,1996,3,3216,3290,-74
370,1996,4,3220,2090,1130
370,1996,5,3217,4390,-1173
370,1996,6,3203,7510,-4307
370,1996,7,3199,2900,299
370,1996,8,3201,2900,301
370,1996,9,3197,4180,-983
370,1996,10,3197,3080,117
370,1996,11,3200,2720,480
370,1996,12,3202,2090,1112
370,1997,1,3205,2690,515
370,1997,2,3205,3020,185
370,1997,3,3210,2090,1120
370,1997,4,3210,3760,-550
370,1997,5,3207,3830,-623
370,1997,6,3194,9500,-6306
370,1997,7,3183,2090,1093
370,1997,8,3187,2090,1097
370,1997,9,3191,4540,-1349
370,1997,10,3186,4890,-1704
370,1997,11,3179,3890,-711
370,1997,12,3176,2090,1086
370,1998,1,3179,4690,-1511
370,1998,2,3174,2090,1084
370,1998,3,3179,2090,1089
370,1998,4,3178,4760,-1582
370,1998,5,3177,2090,1087
370,1998,6,3181,2090,1091
370,1998,7,3186,2090,1096
370,1998,8,3190,2090,1100
370,1998,9,3190,3560,-370
370,1998,10,3193,2090,1103
370,1998,11,3197,2090,1107
370,1998,12,3195,3935,-740
371,1996,8,2105,0,2105
371,1996,9,14846,0,14846
371,1996,10,6383,1800,4583
371,1996,11,5391,0,5391
371,1996,12,4513,15,4498
371,1997,1,4030,2315,1715
371,1997,2,10755,8465,2290
371,1997,3,1448,115,1333
371,1997,4,1453,2915,-1462
371,1997,5,2448,15,2433
371,1997,6,11719,26215,-14496
371,1997,7,49086,18915,30171
371,1997,8,1516,10515,-8999
371,1997,9,1485,915,570
371,1997,10,1484,5415,-3931
371,1997,11,1471,1115,356
371,1997,12,1469,3565,-2096
371,1998,1,7261,5515,1746
371,1998,2,1472,115,1357
371,1998,3,1878,15,1863
371,1998,4,1483,3015,-1532
371,1998,5,4782,1165,3617
371,1998,6,7768,16515,-8747
371,1998,7,2859,1515,1344
371,1998,8,8219,915,7304
371,1998,9,1488,4815,-3327
371,1998,10,14452,2615,11837
371,1998,11,3433,15,3418
371,1998,12,1944,900,1044
372,1995,9,22850,0,22850
372,1995,10,24550,0,24550
372,1995,11,22612,14600,8012
372,1995,12,33864,17400,16464
372,1996,1,22681,28263,-5582
372,1996,2,22631,37968,-15337
372,1996,3,22586,27008,-4422
372,1996,4,22584,22648,-64
372,1996,5,22587,23248,-661
372,1996,6,33738,66108,-32370
372,1996,7,26995,12708,14287
372,1996,8,22538,12148,10390
372,1996,9,22558,20748,1810
372,1996,10,22544,22128,416
372,1996,11,22558,22348,210
372,1996,12,33784,24328,9456
372,1997,1,22568,38548,-15980
372,1997,2,22544,19148,3396
372,1997,3,22559,19548,3011
372,1997,4,22562,22708,-146
372,1997,5,22565,21548,1017
372,1997,6,33719,35748,-2029
372,1997,7,22564,34448,-11884
372,1997,8,22541,20948,1593
372,1997,9,22524,23448,-924
372,1997,10,22536,24148,-1612
372,1997,11,22526,26428,-3902
372,1997,12,33715,31888,1827
372,1998,1,22509,26088,-3579
372,1998,2,22508,21328,1180
372,1998,3,22500,23948,-1448
372,1998,4,22506,22648,-142
372,1998,5,22495,25028,-2533
372,1998,6,33709,28128,5581
372,1998,7,22516,21648,868
372,1998,8,22510,26148,-3638
372,1998,9,22494,22328,166
372,1998,10,22499,23448,-949
372,1998,11,22489,25348,-2859
372,1998,12,33725,9933,23792
373,1996,6,800,0,800
373,1996,7,16106,0,16106
373,1996,8,9764,1500,8264
373,1996,9,9793,4700,5093
373,1996,10,9815,4300,5515
373,1996,11,9829,11067,-1238
373,1996,12,14648,26947,-12299
373,1997,1,9768,14787,-5019
373,1997,2,9751,13567,-3816
373,1997,3,14153,10187,3966
373,1997,4,9761,6567,3194
373,1997,5,11769,15227,-3458
373,1997,6,14616,6667,7949
373,1997,7,9791,7667,2124
373,1997,8,9800,7367,2433
373,1997,9,10697,13307,-2610
373,1997,10,9800,7167,2633
373,1997,11,9808,8367,1441
373,1997,12,17372,10307,7065
373,1998,1,13934,14627,-693
373,1998,2,10636,10187,449
373,1998,3,10850,6467,4383
373,1998,4,13776,6467,7309
373,1998,5,11601,6467,5134
373,1998,6,26680,44227,-17547
373,1998,7,19267,11867,7400
373,1998,8,17298,6467,10831
373,1998,9,13329,8747,4582
373,1998,10,9943,11947,-2004
373,1998,11,9916,12167,-2251
373,1998,12,14749,18152,-3403
374,1993,1,400,0,400
374,1993,2,23110,1500,21610
374,1993,3,23166,11900,11266
374,1993,4,23208,13600,9608
374,1993,5,23222,22400,822
374,1993,6,34676,57893,-23217
374,1993,7,23135,32615,-9480
374,1993,8,23131,10315,12816
374,1993,9,23149,38413,-15264
374,1993,10,23139,9915,13224
374,1993,11,23163,30946,-7783
374,1993,12,34685,29282,5403
374,1994,1,28161,29715,-1554
374,1994,2,27312,15,27297
374,1994,3,23228,23415,-187
374,1994,4,23286,7315,15971
374,1994,5,23290,23515,-225
374,1994,6,34829,31815,3014
374,1994,7,23329,16815,6514
374,1994,8,23333,23415,-82
374,1994,9,23288,48415,-25127
374,1994,10,23238,28315,-5077
374,1994,11,23241,17915,5326
374,1994,12,34822,29415,5407
374,1995,1,23251,38415,-15164
374,1995,2,23192,14215,8977
374,1995,3,23253,31915,-8662
374,1995,4,23192,12815,10377
374,1995,5,23253,24315,-1062
374,1995,6,39535,63915,-24380
374,1995,7,25352,13432,11920
374,1995,8,23182,14315,8867
374,1995,9,23217,16615,6602
374,1995,10,23242,21415,1827
374,1995,11,23248,23315,-67
374,1995,12,34843,39815,-4972
374,1996,1,23237,31115,-7878
374,1996,2,23206,10815,12391
374,1996,3,23248,20215,3033
374,1996,4,23261,20015,3246
374,1996,5,23264,35099,-11835
374,1996,6,34731,46115,-11384
374,1996,7,23190,11615,11575
374,1996,8,23234,15215,8019
374,1996,9,23257,22015,1242
374,1996,10,23265,20415,2850
374,1996,11,23281,28387,-5106
374,1996,12,34788,27615,7173
374,1997,1,23280,54215,-30935
374,1997,2,23181,17856,5325
374,1997,3,26296,18044,8252
374,1997,4,23237,18097,5140
374,1997,5,23223,33993,-10770
374,1997,6,34751,51037,-16286
374,1997,7,23145,19753,3392
374,1997,8,23167,5915,17252
374,1997,9,23223,26822,-3599
374,1997,10,23224,13615,9609
374,1997,11,23255,11015,12240
374,1997,12,34782,77855,-43073
374,1998,1,24021,30915,-6894
374,1998,2,27022,15320,11702
374,1998,3,23166,3015,20151
374,1998,4,23227,12915,10312
374,1998,5,23222,36042,-12820
374,1998,6,34754,45415,-10661
374,1998,7,23207,315,22892
374,1998,8,23273,11815,11458
374,1998,9,23283,25071,-1788
374,1998,10,23305,14915,8390
374,1998,11,23284,38399,-15115
374,1998,12,34801,41592,-6791
375,1996,6,6853,0,6853
375,1996,7,5765,0,5765
375,1996,8,5765,0,5765
375,1996,9,5765,0,5765
375,1996,10,5768,15,5753
375,1996,11,5865,3839,2026
375,1996,12,5869,6239,-370
375,1997,1,5838,15139,-9301
375,1997,2,5833,3839,1994
375,1997,3,5837,5639,198
375,1997,4,5838,5439,399
375,1997,5,5844,3839,2005
375,1997,6,5843,14239,-8396
375,1997,7,5818,3839,1979
375,1997,8,5823,4639,1184
375,1997,9,5831,3839,1992
375,1997,10,5837,5279,558
375,1997,11,5841,3839,2002
375,1997,12,5846,7289,-1443
375,1998,1,5825,13279,-7454
375,1998,2,5812,5939,-127
375,1998,3,5811,7699,-1888
375,1998,4,5802,8339,-2537
375,1998,5,5794,3839,1955
375,1998,6,5802,3839,1963
375,1998,7,5808,5939,-131
375,1998,8,5807,7139,-1332
375,1998,9,5803,4939,864
375,1998,10,5807,3839,1968
375,1998,11,5815,3839,1976
375,1998,12,5820,7424,-1604
376,1995,3,25281,0,25281
376,1995,4,24675,3600,21075
376,1995,5,24743,11700,13043
376,1995,6,37070,18000,19070
376,1995,7,24832,29215,-4383
376,1995,8,24783,34012,-9229
376,1995,9,24750,32112,-7362
376,1995,10,24736,46912,-22176
376,1995,11,24695,27332,-2637
376,1995,12,36982,30832,6150
376,1996,1,24661,39152,-14491
376,1996,2,24656,18272,6384
376,1996,3,24667,20432,4235
376,1996,4,24699,23412,1287
376,1996,5,24704,21412,3292
376,1996,6,36975,36612,363
376,1996,7,24717,22012,2705
376,1996,8,24723,26012,-1289
376,1996,9,24718,23812,906
376,1996,10,24701,30212,-5511
376,1996,11,24698,22712,1986
376,1996,12,36987,30832,6155
376,1997,1,24687,41312,-16625
376,1997,2,24657,24612,45
376,1997,3,24650,27392,-2742
376,1997,4,24650,21212,3438
376,1997,5,24662,22912,1750
376,1997,6,36949,29812,7137
376,1997,7,24691,27412,-2721
376,1997,8,24674,28852,-4178
376,1997,9,24668,20112,4556
376,1997,10,24671,24772,-101
376,1997,11,24680,23012,1668
376,1997,12,36961,32972,3989
376,1998,1,24667,39232,-14565
376,1998,2,24651,15812,8839
376,1998,3,24683,21032,3651
376,1998,4,24698,19612,5086
376,1998,5,24711,22652,2059
376,1998,6,36956,37832,-876
376,1998,7,24715,23112,1603
376,1998,8,24710,27512,-2802
376,1998,9,24707,28292,-3585
376,1998,10,24687,25612,-925
376,1998,11,24694,19212,5482
376,1998,12,37015,13417,23598
377,1994,8,27047,0,27047
377,1994,9,16588,3000,13588
377,1994,10,169,8800,-8631
377,1994,11,169,5600,-5431
377,1994,12,469,0,469
377,1995,1,169,3200,-3031
377,1995,2,83033,34215,48818
377,1995,3,131292,126377,4915
377,1995,4,10047,29415,-19368
377,1995,5,14251,45438,-31187
377,1995,6,60905,53718,7187
377,1995,7,115739,104048,11691
377,1995,8,86510,50215,36295
377,1995,9,56711,90212,-33501
377,1995,10,103058,92788,10270
377,1995,11,34758,39186,-4428
377,1995,12,171,30986,-30815
377,1996,1,5648,30619,-24971
377,1996,2,37257,10455,26802
377,1996,3,407,15,392
377,1996,4,43771,4215,39556
377,1996,5,15563,16579,-1016
377,1996,6,38585,84915,-46330
377,1996,7,24921,9315,15606
377,1996,8,20747,11215,9532
377,1996,9,33124,3715,29409
377,1996,10,10214,28028,-17814
377,1996,11,96650,74515,22135
377,1996,12,288,26415,-26127
377,1997,1,87133,130287,-43154
377,1997,2,34887,12512,22375
377,1997,3,38009,23018,14991
377,1997,4,11244,6915,4329
377,1997,5,26103,7515,18588
377,1997,6,52383,100315,-47932
377,1997,7,79756,15,79741
377,1997,8,91344,97543,-6199
377,1997,9,64708,93615,-28907
377,1997,10,69746,63828,5918
377,1997,11,39864,69643,-29779
377,1997,12,13493,36262,-22769
377,1998,1,116701,84023,32678
377,1998,2,24889,3916,20973
377,1998,3,56593,61615,-5022
377,1998,4,20081,37300,-17219
377,1998,5,84564,66549,18015
377,1998,6,46231,67982,-21751
377,1998,7,184,9845,-9661
377,1998,8,27630,28293,-663
377,1998,9,30401,27110,3291
377,1998,10,4757,6315,-1558
377,1998,11,27564,41334,-13770
377,1998,12,100739,19800,80939
378,1996,7,42116,0,42116
378,1996,8,62749,36815,25934
378,1996,9,39762,32002,7760
378,1996,10,79581,56249,23332
378,1996,11,97973,110642,-12669
378,1996,12,198117,182542,15575
378,1997,1,88414,97242,-8828
378,1997,2,119726,127042,-7316
378,1997,3,58033,37142,20891
378,1997,4,35068,53411,-18343
378,1997,5,83200,79842,3358
378,1997,6,97168,117642,-20474
378,1997,7,17616,25442,-7826
378,1997,8,19538,30742,-11204
378,1997,9,43266,38942,4324
378,1997,10,8652,27436,-18784
378,1997,11,32385,27782,4603
378,1997,12,141040,87982,53058
378,1998,1,17805,78962,-61157
378,1998,2,20609,20682,-73
378,1998,3,39733,19199,20534
378,1998,4,51658,19930,31728
378,1998,5,23752,45082,-21330
378,1998,6,172383,170282,2101
378,1998,7,106284,92882,13402
378,1998,8,23460,57989,-34529
378,1998,9,121488,82873,38615
378,1998,10,59521,106049,-46528
378,1998,11,44225,21382,22843
378,1998,12,37610,59767,-22157
379,1996,5,1100,0,1100
379,1996,6,10850,0,10850
379,1996,7,5588,0,5588
379,1996,8,3800,3900,-100
379,1996,9,3805,1400,2405
379,1996,10,4717,2499,2218
379,1996,11,3813,7199,-3386
379,1996,12,4308,3879,429
379,1997,1,3792,10649,-6857
379,1997,2,3780,3599,181
379,1997,3,3779,4499,-720
379,1997,4,5486,2499,2987
379,1997,5,6400,2829,3571
379,1997,6,3800,6399,-2599
379,1997,7,4700,2499,2201
379,1997,8,3802,4109,-307
379,1997,9,3799,4499,-700
379,1997,10,3796,6319,-2523
379,1997,11,3780,6399,-2619
379,1997,12,5785,3159,2626
379,1998,1,3984,5649,-1665
379,1998,2,3781,5099,-1318
379,1998,3,3773,4899,-1126
379,1998,4,3772,3299,473
379,1998,5,3773,3979,-206
379,1998,6,4483,2499,1984
379,1998,7,3771,7809,-4038
379,1998,8,3767,2499,1268
379,1998,9,3776,2499,1277
379,1998,10,3777,2739,1038
379,1998,11,3782,3189,593
379,1998,12,4286,3024,1262
381,1993,7,9239,0,9239
381,1993,8,15899,0,15899
381,1993,9,9544,0,9544
381,1993,10,8365,4700,3665
381,1993,11,8377,5615,2762
381,1993,12,12486,23415,-10929
381,1994,1,10715,16975,-6260
381,1994,2,8327,6855,1472
381,1994,3,8742,3915,4827
381,1994,4,8335,8515,-180
381,1994,5,8354,8575,-221
381,1994,6,12440,7515,4925
381,1994,7,8354,7615,739
381,1994,8,8357,8315,42
381,1994,9,8357,8315,42
381,1994,10,8357,7615,742
381,1994,11,8360,7815,545
381,1994,12,12486,15195,-2709
381,1995,1,8328,21395,-13067
381,1995,2,9918,6855,3063
381,1995,3,8311,7715,596
381,1995,4,8313,6215,2098
381,1995,5,8324,5275,3049
381,1995,6,12454,14915,-2461
381,1995,7,8319,11975,-3656
381,1995,8,8313,3815,4498
381,1995,9,8328,6615,1713
381,1995,10,8336,6415,1921
381,1995,11,8340,9215,-875
381,1995,12,12452,8835,3617
381,1996,1,8323,24755,-16432
381,1996,2,8293,2515,5778
381,1996,3,8310,7015,1295
381,1996,4,8316,6315,2001
381,1996,5,8325,6315,2010
381,1996,6,12422,18975,-6553
381,1996,7,8315,1415,6900
381,1996,8,8333,7215,1118
381,1996,9,8342,9715,-1373
381,1996,10,8331,7515,816
381,1996,11,8336,7715,621
381,1996,12,12446,10895,1551
381,1997,1,8324,19795,-11471
381,1997,2,8309,12095,-3786
381,1997,3,8305,3115,5190
381,1997,4,8921,15,8906
381,1997,5,8348,5515,2833
381,1997,6,12452,19275,-6823
381,1997,7,8332,6895,1437
381,1997,8,8342,2315,6027
381,1997,9,8364,3515,4849
381,1997,10,8362,12095,-3733
381,1997,11,8357,7615,742
381,1997,12,12477,10575,1902
381,1998,1,8332,26375,-18043
381,1998,2,8316,1715,6601
381,1998,3,8335,2515,5820
381,1998,4,8348,6515,1833
381,1998,5,8353,7315,1038
381,1998,6,12461,16915,-4454
381,1998,7,8330,11535,-3205
381,1998,8,8650,15,8635
381,1998,9,10491,15,10476
381,1998,10,8407,7155,1252
381,1998,11,8411,6915,1496
381,1998,12,12519,13280,-761
382,1996,8,700,0,700
382,1996,9,3415,0,3415
382,1996,10,3415,0,3415
382,1996,11,3415,0,3415
382,1996,12,3415,0,3415
382,1997,1,3462,762,2700
382,1997,2,3487,2291,1196
382,1997,3,3491,3521,-30
382,1997,4,3490,3221,269
382,1997,5,3493,2291,1202
382,1997,6,3498,2291,1207
382,1997,7,3503,2291,1212
382,1997,8,3508,2771,737
382,1997,9,3511,2291,1220
382,1997,10,3517,2291,1226
382,1997,11,3520,3221,299
382,1997,12,3521,4331,-810
382,1998,1,3519,4181,-662
382,1998,2,3515,2861,654
382,1998,3,3519,2291,1228
382,1998,4,3524,2291,1233
382,1998,5,3530,2291,1239
382,1998,6,3523,9971,-6448
382,1998,7,3508,2291,1217
382,1998,8,3513,2291,1222
382,1998,9,3516,3041,475
382,1998,10,3520,2291,1229
382,1998,11,3525,2291,1234
382,1998,12,3528,2846,682
383,1997,5,600,0,600
383,1997,6,3086,0,3086
383,1997,7,3086,0,3086
383,1997,8,3086,0,3086
383,1997,9,3116,1500,1616
383,1997,10,3134,15,3119
383,1997,11,3150,2072,1078
383,1997,12,3146,5052,-1906
383,1998,1,3134,6092,-2958
383,1998,2,3134,2072,1062
383,1998,3,3139,2072,1067
383,1998,4,3142,2612,530
383,1998,5,3145,2072,1073
383,1998,6,3150,2072,1078
383,1998,7,3154,2072,1082
383,1998,8,3154,3672,-518
383,1998,9,3152,3392,-240
383,1998,10,3156,2072,1084
383,1998,11,3159,2342,817
383,1998,12,3162,2837,325
384,1997,9,18622,0,18622
384,1997,10,82739,0,82739
384,1997,11,422,40300,-39878
384,1997,12,422,15800,-15378
384,1998,1,97129,69530,27599
384,1998,2,10995,31830,-20835
384,1998,3,73622,72247,1375
384,1998,4,196,36430,-36234
384,1998,5,156357,70630,85727
384,1998,6,136555,238105,-101550
384,1998,7,45139,30,45109
384,1998,8,138496,82830,55666
384,1998,9,422,46930,-46508
384,1998,10,232,18630,-18398
384,1998,11,70753,7830,62923
384,1998,12,17490,44800,-27310
385,1993,4,4481,0,4481
385,1993,5,3488,0,3488
385,1993,6,3488,0,3488
385,1993,7,3488,0,3488
385,1993,8,3520,2206,1314
385,1993,9,3541,2327,1214
385,1993,10,3545,2717,828
385,1993,11,3549,2327,1222
385,1993,12,3558,2747,811
385,1994,1,3550,5267,-1717
385,1994,2,3546,3797,-251
385,1994,3,3550,2327,1223
385,1994,4,3555,2327,1228
385,1994,5,3560,2327,1233
385,1994,6,3561,3467,94
385,1994,7,3565,2327,1238
385,1994,8,3563,4637,-1074
385,1994,9,3566,2327,1239
385,1994,10,3571,2327,1244
385,1994,11,3576,2327,1249
385,1994,12,3579,3137,442
385,1995,1,3568,7547,-3979
385,1995,2,3567,2327,1240
385,1995,3,3572,2327,1245
385,1995,4,3573,3857,-284
385,1995,5,3575,2567,1008
385,1995,6,3562,8087,-4525
385,1995,7,3560,2567,993
385,1995,8,3565,2327,1238
385,1995,9,3570,2327,1243
385,1995,10,3575,2327,1248
385,1995,11,3581,2327,1254
385,1995,12,3580,4577,-997
385,1996,1,3566,9947,-6381
385,1996,2,3555,2327,1228
385,1996,3,3560,2327,1233
385,1996,4,3565,2477,1088
385,1996,5,3569,2687,882
385,1996,6,3561,8177,-4616
385,1996,7,3554,2327,1227
385,1996,8,3559,2567,992
385,1996,9,3563,2327,1236
385,1996,10,3568,2327,1241
385,1996,11,3573,2327,1246
385,1996,12,3577,3617,-40
385,1997,1,3554,11057,-7503
385,1997,2,3543,3917,-374
385,1997,3,3545,2327,1218
385,1997,4,3550,2327,1223
385,1997,5,3554,2657,897
385,1997,6,3559,2327,1232
385,1997,7,3564,2327,1237
385,1997,8,3567,3617,-50
385,1997,9,3569,2327,1242
385,1997,10,3574,2327,1247
385,1997,11,3578,2897,681
385,1997,12,3580,2987,593
385,1998,1,3577,7157,-3580
385,1998,2,3569,2807,762
385,1998,3,3572,2327,1245
385,1998,4,3577,2327,1250
385,1998,5,3583,2327,1256
385,1998,6,3582,5087,-1505
385,1998,7,3574,4757,-1183
385,1998,8,3575,2897,678
385,1998,9,3579,2327,1252
385,1998,10,3584,2327,1257
385,1998,11,3589,3767,-178
385,1998,12,3587,2792,795
386,1997,8,18807,0,18807
386,1997,9,21794,0,21794
386,1997,10,17957,6700,11257
386,1997,11,17992,10800,7192
386,1997,12,26922,12515,14407
386,1998,1,18008,35166,-17158
386,1998,2,17989,17226,763
386,1998,3,18006,16226,1780
386,1998,4,18016,11226,6790
386,1998,5,18033,17626,407
386,1998,6,26947,12026,14921
386,1998,7,18083,19126,-1043
386,1998,8,18073,20926,-2853
386,1998,9,18074,16726,1348
386,1998,10,18083,15826,2257
386,1998,11,18070,23426,-5356
386,1998,12,26959,21611,5348
387,1997,9,200,0,200
387,1997,10,10200,0,10200
387,1997,11,7800,0,7800
387,1997,12,6600,0,6600
387,1998,1,12673,1000,11673
387,1998,2,152,7600,-7448
387,1998,3,152,4600,-4448
387,1998,4,44083,600,43483
387,1998,5,69220,45815,23405
387,1998,6,23078,72532,-49454
387,1998,7,113792,125315,-11523
387,1998,8,126,8515,-8389
387,1998,9,73,8615,-8542
387,1998,10,15963,10720,5243
387,1998,11,48105,2515,45590
387,1998,12,10963,32200,-21237
388,1995,2,400,0,400
388,1995,3,16500,0,16500
388,1995,4,10447,3000,7447
388,1995,5,10475,4100,6375
388,1995,6,15668,13900,1768
388,1995,7,10482,14739,-4257
388,1995,8,10460,16139,-5679
388,1995,9,10452,11339,-887
388,1995,10,10453,9639,814
388,1995,11,10450,19839,-9389
388,1995,12,15620,7739,7881
388,1996,1,13230,21139,-7909
388,1996,2,12134,11039,1095
388,1996,3,11738,6539,5199
388,1996,4,10446,9639,807
388,1996,5,10437,14439,-4002
388,1996,6,22435,21639,796
388,1996,7,16667,8639,8028
388,1996,8,10478,7139,3339
388,1996,9,10484,9439,1045
388,1996,10,10490,8939,1551
388,1996,11,10471,15339,-4868
388,1996,12,18484,8839,9645
388,1997,1,19353,31639,-12286
388,1997,2,10463,6539,3924
388,1997,3,15508,6539,8969
388,1997,4,12334,6539,5795
388,1997,5,10548,14239,-3691
388,1997,6,17665,26839,-9174
388,1997,7,13289,9339,3950
388,1997,8,14406,6539,7867
388,1997,9,13534,9039,4495
388,1997,10,10554,10839,-285
388,1997,11,10553,8539,2014
388,1997,12,15752,13939,1813
388,1998,1,19153,25939,-6786
388,1998,2,14249,8639,5610
388,1998,3,15860,11739,4121
388,1998,4,14285,6539,7746
388,1998,5,12516,6539,5977
388,1998,6,18917,19839,-922
388,1998,7,13939,6539,7400
388,1998,8,12969,6539,6430
388,1998,9,13396,6539,6857
388,1998,10,12123,6539,5584
388,1998,11,10739,11339,-600
388,1998,12,15934,6524,9410
389,1993,8,300,0,300
389,1993,9,14855,0,14855
389,1993,10,9416,0,9416
389,1993,11,6351,3500,2851
389,1993,12,9488,5400,4088
389,1994,1,6380,10115,-3735
389,1994,2,6347,11359,-5012
389,1994,3,7143,4179,2964
389,1994,4,6351,6739,-388
389,1994,5,6356,4979,1377
389,1994,6,9488,6379,3109
389,1994,7,6370,5579,791
389,1994,8,6368,10179,-3811
389,1994,9,6357,5679,678
389,1994,10,6359,6379,-20
389,1994,11,6360,5179,1181
389,1994,12,9490,8639,851
389,1995,1,9043,21579,-12536
389,1995,2,11729,4179,7550
389,1995,3,6339,9639,-3300
389,1995,4,9140,4179,4961
389,1995,5,6346,10199,-3853
389,1995,6,9465,12599,-3134
389,1995,7,8532,4179,4353
389,1995,8,6343,5279,1064
389,1995,9,7437,8859,-1422
389,1995,10,6342,6579,-237
389,1995,11,6340,5379,961
389,1995,12,9463,9399,64
389,1996,1,6331,15579,-9248
389,1996,2,9014,4179,4835
389,1996,3,8417,12579,-4162
389,1996,4,10310,4179,6131
389,1996,5,6340,6479,-139
389,1996,6,10670,4179,6491
389,1996,7,6352,8479,-2127
389,1996,8,6332,15099,-8767
389,1996,9,6317,4179,2138
389,1996,10,6313,8859,-2546
389,1996,11,6316,4179,2137
389,1996,12,9859,4179,5680
389,1997,1,6316,14439,-8123
389,1997,2,7317,4179,3138
389,1997,3,6325,5179,1146
389,1997,4,6935,4179,2756
389,1997,5,6338,6379,-41
389,1997,6,9471,5179,4292
389,1997,7,6334,17199,-10865
389,1997,8,6316,4179,2137
389,1997,9,7628,4179,3449
389,1997,10,6341,4779,1562
389,1997,11,6336,6979,-643
389,1997,12,9460,17019,-7559
389,1998,1,7817,5979,1838
389,1998,2,6314,5079,1235
389,1998,3,7527,4179,3348
389,1998,4,6329,7579,-1250
389,1998,5,6322,6879,-557
389,1998,6,9442,13619,-4177
389,1998,7,6306,6979,-673
389,1998,8,6711,4179,2532
389,1998,9,6311,6979,-668
389,1998,10,8024,5979,2045
389,1998,11,6327,8579,-2252
389,1998,12,9450,5444,4006
390,1996,2,400,0,400
390,1996,3,101184,36500,64684
390,1996,4,142377,137492,4885
390,1996,5,239,24992,-24753
390,1996,6,14516,12292,2224
390,1996,7,47920,19884,28036
390,1996,8,66948,47092,19856
390,1996,9,13436,58592,-45156
390,1996,10,73609,74292,-683
390,1996,11,157930,110792,47138
390,1996,12,55097,86027,-30930
390,1997,1,31530,42367,-10837
390,1997,2,83521,57192,26329
390,1997,3,46443,69468,-23025
390,1997,4,39073,8183,30890
390,1997,5,47564,71692,-24128
390,1997,6,71085,112277,-41192
390,1997,7,21146,4992,16154
390,1997,8,220546,212268,8278
390,1997,9,58557,4992,53565
390,1997,10,97755,166565,-68810
390,1997,11,199588,170417,29171
390,1997,12,17837,32780,-14943
390,1998,1,112430,95609,16821
390,1998,2,114740,90960,23780
390,1998,3,13101,50876,-37775
390,1998,4,122913,102783,20130
390,1998,5,67633,79392,-11759
390,1998,6,28033,4992,23041
390,1998,7,72980,92289,-19309
390,1998,8,54134,37620,16514
390,1998,9,191,52688,-52497
390,1998,10,25378,4992,20386
390,1998,11,33896,23694,10202
390,1998,12,63299,10377,52922
391,1993,12,2505,0,2505
391,1994,1,14640,0,14640
391,1994,2,4481,15,4466
391,1994,3,4298,1115,3183
391,1994,4,1506,215,1291
391,1994,5,2714,15,2699
391,1994,6,1512,14415,-12903
391,1994,7,4376,15,4361
391,1994,8,4393,15,4378
391,1994,9,4311,15,4296
391,1994,10,28866,15065,13801
391,1994,11,1568,6115,-4547
391,1994,12,12080,7515,4565
391,1995,1,31159,26365,4794
391,1995,2,1575,10915,-9340
391,1995,3,1548,6715,-5167
391,1995,4,1530,5315,-3785
391,1995,5,1521,1515,6
391,1995,6,1489,15115,-13626
391,1995,7,10387,15,10372
391,1995,8,5120,15,5105
391,1995,9,1530,1015,515
391,1995,10,1531,3365,-1834
391,1995,11,22911,15,22896
391,1995,12,1595,14215,-12620
391,1996,1,6329,18065,-11736
391,1996,2,4120,15,4105
391,1996,3,2037,15,2022
391,1996,4,1745,15,1730
391,1996,5,1551,2415,-864
391,1996,6,1839,6565,-4726
391,1996,7,55525,27815,27710
391,1996,8,1633,17365,-15732
391,1996,9,1577,3115,-1538
391,1996,10,1569,4215,-2646
391,1996,11,1557,4515,-2958
391,1996,12,1543,2815,-1272
391,1997,1,3517,9715,-6198
391,1997,2,3016,1415,1601
391,1997,3,34560,21915,12645
391,1997,4,38940,9815,29125
391,1997,5,1670,26015,-24345
391,1997,6,1547,24115,-22568
391,1997,7,1500,2065,-565
391,1997,8,1500,15,1485
391,1997,9,1497,5865,-4368
391,1997,10,1484,2815,-1331
391,1997,11,1482,115,1367
391,1997,12,3186,2365,821
391,1998,1,14517,20115,-5598
391,1998,2,5674,15,5659
391,1998,3,2092,15,2077
391,1998,4,2501,565,1936
391,1998,5,33690,17615,16075
391,1998,6,1557,15015,-13458
391,1998,7,1502,8515,-7013
391,1998,8,1480,4515,-3035
391,1998,9,1576,15,1561
391,1998,10,3085,415,2670
391,1998,11,1492,1015,477
391,1998,12,1486,6000,-4514
392,1996,7,300,0,300
392,1996,8,16709,0,16709
392,1996,9,13560,4600,8960
392,1996,10,13597,5000,8597
392,1996,11,13627,7200,6427
392,1996,12,20380,17095,3285
392,1997,1,17023,27165,-10142
392,1997,2,19140,7085,12055
392,1997,3,13674,13385,289
392,1997,4,14478,7085,7393
392,1997,5,13692,12065,1627
392,1997,6,20336,53165,-32829
392,1997,7,30208,13085,17123
392,1997,8,18563,7085,11478
392,1997,9,13683,10485,3198
392,1997,10,13670,18805,-5135
392,1997,11,13663,16785,-3122
392,1997,12,20395,15985,4410
392,1998,1,13615,32045,-18430
392,1998,2,15018,7085,7933
392,1998,3,13620,15585,-1965
392,1998,4,14542,7085,7457
392,1998,5,14975,7085,7890
392,1998,6,20421,36205,-15784
392,1998,7,19041,12365,6676
392,1998,8,13661,8685,4976
392,1998,9,13682,8185,5497
392,1998,10,13685,15265,-1580
392,1998,11,13679,13885,-206
392,1998,12,20419,17870,2549
393,1995,2,25337,0,25337
393,1995,3,25547,0,25547
393,1995,4,25007,14700,10307
393,1995,5,25045,16700,8345
393,1995,6,37479,23315,14164
393,1995,7,25056,37937,-12881
393,1995,8,25029,31937,-6908
393,1995,9,25009,28037,-3028
393,1995,10,25010,24037,973
393,1995,11,25002,27337,-2335
393,1995,12,37393,54337,-16944
393,1996,1,24990,27337,-2347
393,1996,2,24981,26037,-1056
393,1996,3,24977,23237,1740
393,1996,4,24982,27137,-2155
393,1996,5,24972,25637,-665
393,1996,6,37373,41237,-3864
393,1996,7,24952,22137,2815
393,1996,8,24953,26437,-1484
393,1996,9,24954,19937,5017
393,1996,10,24973,23537,1436
393,1996,11,24973,28837,-3864
393,1996,12,37371,34037,3334
393,1997,1,24961,30037,-5076
393,1997,2,24948,26837,-1889
393,1997,3,24942,26437,-1495
393,1997,4,24935,26037,-1102
393,1997,5,24931,23437,1494
393,1997,6,37330,43337,-6007
393,1997,7,24912,21137,3775
393,1997,8,24921,25437,-516
393,1997,9,24911,26937,-2026
393,1997,10,24908,24937,-29
393,1997,11,24905,22837,2068
393,1997,12,37328,28037,9291
393,1998,1,24936,33937,-9001
393,1998,2,24907,27337,-2430
393,1998,3,24906,24037,869
393,1998,4,24916,19237,5679
393,1998,5,24929,25237,-308
393,1998,6,37312,44537,-7225
393,1998,7,24909,17437,7472
393,1998,8,24928,22737,2191
393,1998,9,24927,26837,-1910
393,1998,10,24915,28037,-3122
393,1998,11,24895,30437,-5542
393,1998,12,37288,31422,5866
395,1993,3,400,0,400
395,1993,4,22112,1600,20512
395,1993,5,22176,9700,12476
395,1993,6,33252,22000,11252
395,1993,7,22241,21800,441
395,1993,8,22226,29722,-7496
395,1993,9,22217,22622,-405
395,1993,10,22207,24522,-2315
395,1993,11,22213,23722,-1509
395,1993,12,33232,34702,-1470
395,1994,1,22172,28422,-6250
395,1994,2,22817,7922,14895
395,1994,3,22231,25722,-3491
395,1994,4,22208,24322,-2114
395,1994,5,22203,22522,-319
395,1994,6,33299,13482,19817
395,1994,7,22287,21742,545
395,1994,8,22286,22622,-336
395,1994,9,22272,27522,-5250
395,1994,10,22280,17422,4858
395,1994,11,22283,22422,-139
395,1994,12,33350,22782,10568
395,1995,1,22283,42522,-20239
395,1995,2,22289,7922,14367
395,1995,3,22297,24722,-2425
395,1995,4,22302,19522,2780
395,1995,5,22299,36022,-13723
395,1995,6,33266,43582,-10316
395,1995,7,22244,17862,4382
395,1995,8,22262,20482,1780
395,1995,9,22270,21822,448
395,1995,10,22271,21622,649
395,1995,11,22256,26022,-3766
395,1995,12,33310,30942,2368
395,1996,1,22228,26222,-3994
395,1996,2,22247,22822,-575
395,1996,3,22244,25822,-3578
395,1996,4,22232,17522,4710
395,1996,5,22245,23702,-1457
395,1996,6,33264,31062,2202
395,1996,7,22249,20622,1627
395,1996,8,22233,25562,-3329
395,1996,9,22234,24522,-2288
395,1996,10,22228,20822,1406
395,1996,11,22231,22222,9
395,1996,12,33274,36022,-2748
395,1997,1,22208,27862,-5654
395,1997,2,22195,21222,973
395,1997,3,22200,21122,1078
395,1997,4,22198,25222,-3024
395,1997,5,22187,22922,-735
395,1997,6,33196,37582,-4386
395,1997,7,22170,19322,2848
395,1997,8,22177,20822,1355
395,1997,9,22184,19622,2562
395,1997,10,22191,20922,1269
395,1997,11,22191,22242,-51
395,1997,12,33234,29562,3672
395,1998,1,22197,25782,-3585
395,1998,2,22184,24922,-2738
395,1998,3,22183,19922,2261
395,1998,4,22193,20022,2171
395,1998,5,22187,24922,-2735
395,1998,6,33248,25702,7546
395,1998,7,22189,35422,-13233
395,1998,8,22164,19622,2542
395,1998,9,22166,22122,44
395,1998,10,22159,24422,-2263
395,1998,11,22157,21222,935
395,1998,12,33189,33727,-538
396,1993,3,1000,0,1000
396,1993,4,24453,0,24453
396,1993,5,23416,10700,12716
396,1993,6,35107,21700,13407
396,1993,7,23482,23500,-18
396,1993,8,23478,25697,-2219
396,1993,9,23499,16597,6902
396,1993,10,23506,22397,1109
396,1993,11,23510,22497,1013
396,1993,12,35187,23857,11330
396,1994,1,23520,35977,-12457
396,1994,2,23512,21897,1615
396,1994,3,23513,23297,216
396,1994,4,23508,26497,-2989
396,1994,5,23487,27577,-4090
396,1994,6,35174,20417,14757
396,1994,7,23538,44297,-20759
396,1994,8,23510,28417,-4907
396,1994,9,23497,24397,-900
396,1994,10,23492,22797,695
396,1994,11,23494,22097,1397
396,1994,12,35158,34337,821
396,1995,1,23484,32537,-9053
396,1995,2,23464,23437,27
396,1995,3,23460,22897,563
396,1995,4,23468,18597,4871
396,1995,5,23482,25097,-1615
396,1995,6,35149,27197,7952
396,1995,7,23490,30117,-6627
396,1995,8,23476,24157,-681
396,1995,9,23475,25777,-2302
396,1995,10,23464,22497,967
396,1995,11,23466,21317,2149
396,1995,12,35136,29217,5919
396,1996,1,23477,32437,-8960
396,1996,2,23452,23677,-225
396,1996,3,23450,23537,-87
396,1996,4,23460,19397,4063
396,1996,5,23472,22697,775
396,1996,6,35140,28597,6543
396,1996,7,23515,28157,-4642
396,1996,8,23469,27497,-4028
396,1996,9,23464,19997,3467
396,1996,10,23453,27677,-4224
396,1996,11,23461,18437,5024
396,1996,12,35137,32137,3000
396,1997,1,23433,38397,-14964
396,1997,2,23429,19297,4132
396,1997,3,23443,20997,2446
396,1997,4,23446,25677,-2231
396,1997,5,23440,22397,1043
396,1997,6,35099,30697,4402
396,1997,7,23450,26597,-3147
396,1997,8,23425,29317,-5892
396,1997,9,23457,24097,-640
396,1997,10,23428,27877,-4449
396,1997,11,23410,16197,7213
396,1997,12,35080,31717,3363
396,1998,1,23411,29617,-6206
396,1998,2,23406,22597,809
396,1998,3,23409,24617,-1208
396,1998,4,23416,18897,4519
396,1998,5,23419,24757,-1338
396,1998,6,35072,29797,5275
396,1998,7,23435,23597,-162
396,1998,8,23456,15897,7559
396,1998,9,23463,22797,666
396,1998,10,23468,24537,-1069
396,1998,11,23463,21697,1766
396,1998,12,35122,28942,6180
397,1993,10,400,0,400
397,1993,11,30928,3800,27128
397,1993,12,46495,22500,23995
397,1994,1,31120,30700,420
397,1994,2,31121,30200,921
397,1994,3,31127,28415,2712
397,1994,4,31102,53912,-22810
397,1994,5,31046,37661,-6615
397,1994,6,46452,71615,-25163
397,1994,7,32857,11088,21769
397,1994,8,31036,18771,12265
397,1994,9,31032,34687,-3655
397,1994,10,31055,17815,13240
397,1994,11,31087,40141,-9054
397,1994,12,46523,52815,-6292
397,1995,1,31037,27815,3222
397,1995,2,31061,18415,12646
397,1995,3,31111,37624,-6513
397,1995,4,31083,20515,10568
397,1995,5,31102,64525,-33423
397,1995,6,46456,53815,-7359
397,1995,7,30993,2515,28478
397,1995,8,31073,26046,5027
397,1995,9,31091,25615,5476
397,1995,10,31076,43315,-12239
397,1995,11,31030,32720,-1690
397,1995,12,46515,38703,7812
397,1996,1,31079,40415,-9336
397,1996,2,31095,7775,23320
397,1996,3,31141,34042,-2901
397,1996,4,31136,38332,-7196
397,1996,5,31146,19715,11431
397,1996,6,49906,38384,11522
397,1996,7,31168,41602,-10434
397,1996,8,31189,14015,17174
397,1996,9,31176,44162,-12986
397,1996,10,31197,18584,12613
397,1996,11,31242,18815,12427
397,1996,12,46637,85545,-38908
397,1997,1,31152,24015,7137
397,1997,2,31190,6115,25075
397,1997,3,31274,15715,15559
397,1997,4,31327,20415,10912
397,1997,5,31347,47399,-16052
397,1997,6,46638,108015,-61377
397,1997,7,43730,15,43715
397,1997,8,31243,11015,20228
397,1997,9,31325,16515,14810
397,1997,10,31329,40315,-8986
397,1997,11,31272,32366,-1094
397,1997,12,46720,49051,-2331
397,1998,1,31229,50418,-19189
397,1998,2,31248,22015,9233
397,1998,3,31288,18615,12673
397,1998,4,31336,20415,10921
397,1998,5,31302,35415,-4113
397,1998,6,46703,55015,-8312
397,1998,7,31199,48033,-16834
397,1998,8,31262,30715,547
397,1998,9,31237,22015,9222
397,1998,10,33634,57515,-23881
397,1998,11,31233,13915,17318
397,1998,12,46781,24500,22281
398,1997,10,300,0,300
398,1997,11,4839,0,4839
398,1997,12,4839,0,4839
398,1998,1,4839,0,4839
398,1998,2,4862,200,4662
398,1998,3,4929,1717,3212
398,1998,4,4935,7697,-2762
398,1998,5,4924,6617,-1693
398,1998,6,4919,7157,-2238
398,1998,7,4914,1717,3197
398,1998,8,4924,3917,1007
398,1998,9,4916,10817,-5901
398,1998,10,4897,7717,-2820
398,1998,11,4888,4757,131
398,1998,12,4896,2352,2544
399,1996,8,800,0,800
399,1996,9,12300,0,12300
399,1996,10,3200,0,3200
399,1996,11,4000,0,4000
399,1996,12,3200,0,3200
399,1997,1,25970,8500,17470
399,1997,2,23789,19000,4789
399,1997,3,7276,10915,-3639
399,1997,4,57885,52178,5707
399,1997,5,190544,165271,25273
399,1997,6,6025,32124,-26099
399,1997,7,22302,46165,-23863
399,1997,8,76575,28316,48259
399,1997,9,124999,104071,20928
399,1997,10,58733,102251,-43518
399,1997,11,80068,69452,10616
399,1997,12,222,16024,-15802
399,1998,1,45671,66070,-20399
399,1998,2,8100,6024,2076
399,1998,3,7908,6024,1884
399,1998,4,9919,6024,3895
399,1998,5,22917,14929,7988
399,1998,6,39292,17324,21968
399,1998,7,238,8224,-7986
399,1998,8,44895,6324,38571
399,1998,9,258,58210,-57952
399,1998,10,6727,8724,-1997
399,1998,11,20034,17683,2351
399,1998,12,0,6009,-6009
400,1993,7,600,0,600
400,1993,8,20021,0,20021
400,1993,9,13887,3000,10887
400,1993,10,13920,8400,5520
400,1993,11,13933,13000,933
400,1993,12,20839,21163,-324
400,1994,1,13936,15463,-1527
400,1994,2,13926,17963,-4037
400,1994,3,13921,12363,1558
400,1994,4,13917,16863,-2946
400,1994,5,13914,12763,1151
400,1994,6,20813,36663,-15850
400,1994,7,17477,6963,10514
400,1994,8,13895,12763,1132
400,1994,9,13910,8963,4947
400,1994,10,13925,11363,2562
400,1994,11,13934,11063,2871
400,1994,12,20831,20463,368
400,1995,1,13943,12563,1380
400,1995,2,13926,20763,-6837
400,1995,3,13916,16863,-2947
400,1995,4,13908,12363,1545
400,1995,5,13903,16263,-2360
400,1995,6,20786,29163,-8377
400,1995,7,13886,7263,6623
400,1995,8,13899,11363,2536
400,1995,9,13878,20463,-6585
400,1995,10,13887,10563,3324
400,1995,11,15720,6963,8757
400,1995,12,20842,17263,3579
400,1996,1,13942,13163,779
400,1996,2,13947,12763,1184
400,1996,3,13951,12863,1088
400,1996,4,13938,23863,-9925
400,1996,5,13928,9063,4865
400,1996,6,20810,29663,-8853
400,1996,7,19631,14463,5168
400,1996,8,13934,13663,271
400,1996,9,13937,11763,2174
400,1996,10,13946,12663,1283
400,1996,11,13951,12163,1788
400,1996,12,20866,16563,4303
400,1997,1,13974,13963,11
400,1997,2,13976,12463,1513
400,1997,3,13981,14263,-282
400,1997,4,13978,16263,-2285
400,1997,5,13967,17463,-3496
400,1997,6,20846,21563,-717
400,1997,7,13943,14563,-620
400,1997,8,13953,8063,5890
400,1997,9,13968,14763,-795
400,1997,10,13968,13363,605
400,1997,11,13970,12863,1107
400,1997,12,20874,17863,3011
400,1998,1,13984,14163,-179
400,1998,2,13991,8563,5428
400,1998,3,14012,9763,4249
400,1998,4,14029,9963,4066
400,1998,5,14028,16463,-2435
400,1998,6,20912,23763,-2851
400,1998,7,14019,12863,1156
400,1998,8,14021,14163,-142
400,1998,9,14021,12563,1458
400,1998,10,14005,22163,-8158
400,1998,11,13988,15163,-1175
400,1998,12,20888,17648,3240
401,1993,1,300,0,300
401,1993,2,18851,0,18851
401,1993,3,12909,5800,7109
401,1993,4,12940,5400,7540
401,1993,5,12963,10000,2963
401,1993,6,19395,19484,-89
401,1993,7,12974,15284,-2310
401,1993,8,12965,14284,-1319
401,1993,9,12958,14584,-1626
401,1993,10,12961,10084,2877
401,1993,11,12964,13984,-1020
401,1993,12,19393,21824,-2431
401,1994,1,12936,23064,-10128
401,1994,2,14818,12104,2714
401,1994,3,12938,9984,2954
401,1994,4,12927,14204,-1277
401,1994,5,12930,11584,1346
401,1994,6,19360,12584,6776
401,1994,7,12959,12784,175
401,1994,8,12948,20124,-7176
401,1994,9,12931,11984,947
401,1994,10,12933,12484,449
401,1994,11,12943,9584,3359
401,1994,12,19335,26564,-7229
401,1995,1,12898,20744,-7846
401,1995,2,12888,12564,324
401,1995,3,12899,9084,3815
401,1995,4,12899,13584,-685
401,1995,5,12908,11584,1324
401,1995,6,19333,13684,5649
401,1995,7,12917,16544,-3627
401,1995,8,12913,14284,-1371
401,1995,9,12923,8684,4239
401,1995,10,12938,9384,3554
401,1995,11,12929,17404,-4475
401,1995,12,19347,17204,2143
401,1996,1,12904,25424,-12520
401,1996,2,12887,10524,2363
401,1996,3,12910,7044,5866
401,1996,4,12911,13384,-473
401,1996,5,12900,19844,-6944
401,1996,6,19331,5384,13947
401,1996,7,12928,26684,-13756
401,1996,8,12900,15184,-2284
401,1996,9,12893,5384,7509
401,1996,10,12919,20384,-7465
401,1996,11,12893,5384,7509
401,1996,12,19343,24864,-5521
401,1997,1,12888,12224,664
401,1997,2,12904,5384,7520
401,1997,3,12936,5384,7552
401,1997,4,12954,27984,-15030
401,1997,5,12899,11024,1875
401,1997,6,19340,5384,13956
401,1997,7,12970,5384,7586
401,1997,8,12972,36884,-23912
401,1997,9,12902,5384,7518
401,1997,10,12933,5384,7549
401,1997,11,12961,7424,5537
401,1997,12,19410,8104,11306
401,1998,1,13017,16904,-3887
401,1998,2,13017,5384,7633
401,1998,3,13007,41184,-28177
401,1998,4,12932,5384,7548
401,1998,5,12964,5384,7580
401,1998,6,19424,5384,14040
401,1998,7,13046,9584,3462
401,1998,8,13068,5384,7684
401,1998,9,13100,5384,7716
401,1998,10,13025,66284,-53259
401,1998,11,12910,5384,7526
401,1998,12,19373,6649,12724
402,1997,9,800,0,800
402,1997,10,23253,0,23253
402,1997,11,20121,9700,10421
402,1997,12,30169,17000,13169
402,1998,1,20185,23000,-2815
402,1998,2,20184,19198,986
402,1998,3,20178,28209,-8031
402,1998,4,20160,20009,151
402,1998,5,20146,25209,-5063
402,1998,6,30128,47309,-17181
402,1998,7,20080,16109,3971
402,1998,8,20119,7509,12610
402,1998,9,20143,16609,3534
402,1998,10,20141,22909,-2768
402,1998,11,20127,23309,-3182
402,1998,12,30134,25394,4740
403,1993,7,600,0,600
403,1993,8,5563,0,5563
403,1993,9,5563,0,5563
403,1993,10,5563,0,5563
403,1993,11,5578,1500,4078
403,1993,12,5655,1515,4140
403,1994,1,5656,10016,-4360
403,1994,2,5658,2916,2742
403,1994,3,5664,3976,1688
403,1994,4,5676,3516,2160
403,1994,5,5671,6336,-665
403,1994,6,5671,8176,-2505
403,1994,7,5673,2816,2857
403,1994,8,5680,4656,1024
403,1994,9,5687,4116,1571
403,1994,10,5695,3216,2479
403,1994,11,5703,4616,1087
403,1994,12,5704,7816,-2112
403,1995,1,5690,13136,-7446
403,1995,2,5670,2416,3254
403,1995,3,5684,2416,3268
403,1995,4,5697,3016,2681
403,1995,5,5702,7676,-1974
403,1995,6,5683,17066,-11383
403,1995,7,5653,2416,3237
403,1995,8,5667,2416,3251
403,1995,9,5680,2416,3264
403,1995,10,5694,2416,3278
403,1995,11,5707,2416,3291
403,1995,12,5720,3466,2254
403,1996,1,5724,6116,-392
403,1996,2,5728,2416,3312
403,1996,3,5731,6096,-365
403,1996,4,5736,4496,1240
403,1996,5,5746,2416,3330
403,1996,6,5751,5366,385
403,1996,7,5761,2416,3345
403,1996,8,5775,2416,3359
403,1996,9,5789,2416,3373
403,1996,10,5795,4816,979
403,1996,11,5798,5116,682
403,1996,12,5803,4716,1087
403,1997,1,5813,3716,2097
403,1997,2,5816,3716,2100
403,1997,3,5826,6116,-290
403,1997,4,5816,6816,-1000
403,1997,5,5823,5416,407
403,1997,6,5795,11616,-5821
403,1997,7,5780,9416,-3636
403,1997,8,5788,2416,3372
403,1997,9,5802,2416,3386
403,1997,10,5816,2416,3400
403,1997,11,5830,2416,3414
403,1997,12,5838,3716,2122
403,1998,1,5850,4316,1534
403,1998,2,5859,2416,3443
403,1998,3,5865,4416,1449
403,1998,4,5874,3416,2458
403,1998,5,5866,8416,-2550
403,1998,6,5837,15466,-9629
403,1998,7,5839,2416,3423
403,1998,8,5853,2416,3437
403,1998,9,5866,5916,-50
403,1998,10,5859,4516,1343
403,1998,11,5872,2816,3056
403,1998,12,5882,3101,2781
404,1995,4,300,0,300
404,1995,5,32395,5900,26495
404,1995,6,48698,23000,25698
404,1995,7,32602,28700,3902
404,1995,8,32615,32600,15
404,1995,9,32616,31615,1001
404,1995,10,32664,32228,436
404,1995,11,32665,30928,1737
404,1995,12,48856,67165,-18309
404,1996,1,37614,53419,-15805
404,1996,2,32545,12028,20517
404,1996,3,32560,34580,-2020
404,1996,4,32570,28228,4342
404,1996,5,38182,50680,-12498
404,1996,6,48799,27028,21771
404,1996,7,32653,30228,2425
404,1996,8,32639,33928,-1289
404,1996,9,32631,43319,-10688
404,1996,10,32591,31985,606
404,1996,11,32629,16928,15701
404,1996,12,48857,42428,6429
404,1997,1,32619,57328,-24709
404,1997,2,34387,34128,259
404,1997,3,32614,20328,12286
404,1997,4,32657,22928,9729
404,1997,5,32633,47958,-15325
404,1997,6,48798,52297,-3499
404,1997,7,32623,20028,12595
404,1997,8,32627,32186,441
404,1997,9,32665,27828,4837
404,1997,10,32676,27128,5548
404,1997,11,32680,41807,-9127
404,1997,12,48826,52428,-3602
404,1998,1,32637,47628,-14991
404,1998,2,34501,37019,-2518
404,1998,3,32580,40202,-7622
404,1998,4,41013,11725,29288
404,1998,5,32701,10928,21773
404,1998,6,48964,51066,-2102
404,1998,7,32724,34568,-1844
404,1998,8,32739,20828,11911
404,1998,9,32744,49144,-16400
404,1998,10,32720,22028,10692
404,1998,11,32755,22528,10227
404,1998,12,48903,73513,-24610
405,1997,3,16803,0,16803
405,1997,4,47031,1400,45631
405,1997,5,26314,28000,-1686
405,1997,6,252,18500,-18248
405,1997,7,50213,8715,41498
405,1997,8,56938,82923,-25985
405,1997,9,61802,39123,22679
405,1997,10,38926,89838,-50912
405,1997,11,104466,52797,51669
405,1997,12,12675,59023,-46348
405,1998,1,36,34223,-34187
405,1998,2,4,1512,-1508
405,1998,3,25943,17524,8419
405,1998,4,11378,16023,-4645
405,1998,5,75396,5100,70296
405,1998,6,56522,88803,-32281
405,1998,7,53367,40162,13205
405,1998,8,36267,39923,-3656
405,1998,9,96305,69586,26719
405,1998,10,172,48423,-48251
405,1998,11,12426,26623,-14197
405,1998,12,13517,14708,-1191
406,1996,9,3810,0,3810
406,1996,10,3112,0,3112
406,1996,11,3112,0,3112
406,1996,12,3112,0,3112
406,1997,1,3145,4179,-1034
406,1997,2,3151,2079,1072
406,1997,3,3155,2499,656
406,1997,4,3159,2079,1080
406,1997,5,3159,3079,80
406,1997,6,3163,2079,1084
406,1997,7,3167,2719,448
406,1997,8,3170,2479,691
406,1997,9,3173,2079,1094
406,1997,10,3177,2079,1098
406,1997,11,3182,2079,1103
406,1997,12,3183,3219,-36
406,1998,1,3175,7239,-4064
406,1998,2,3169,2439,730
406,1998,3,3172,2079,1093
406,1998,4,3175,2769,406
406,1998,5,3178,2079,1099
406,1998,6,3176,8079,-4903
406,1998,7,3160,3099,61
406,1998,8,3162,4179,-1017
406,1998,9,3156,2769,387
406,1998,10,3158,3219,-61
406,1998,11,3160,2079,1081
406,1998,12,3160,3294,-134
407,1997,4,400,0,400
407,1997,5,21179,0,21179
407,1997,6,27081,0,27081
407,1997,7,203,10800,-10597
407,1997,8,15634,17300,-1666
407,1997,9,151,6900,-6749
407,1997,10,151,9300,-9149
407,1997,11,64768,30,64738
407,1997,12,275,39155,-38880
407,1998,1,114,27455,-27341
407,1998,2,21509,16569,4940
407,1998,3,85,6155,-6070
407,1998,4,31089,7255,23834
407,1998,5,125,19055,-18930
407,1998,6,80,5655,-5575
407,1998,7,22146,17255,4891
407,1998,8,82353,37855,44498
407,1998,9,9413,37490,-28077
407,1998,10,44417,25184,19233
407,1998,11,17268,49963,-32695
407,1998,12,38590,16317,22273
408,1993,7,400,0,400
408,1993,8,16732,0,16732
408,1993,9,13392,3500,9892
408,1993,10,13430,5800,7630
408,1993,11,13450,12100,1350
408,1993,12,20113,16975,3138
408,1994,1,13456,25557,-12101
408,1994,2,13438,8857,4581
408,1994,3,13452,12877,575
408,1994,4,13457,11377,2080
408,1994,5,13463,11157,2306
408,1994,6,20119,21177,-1058
408,1994,7,13459,15257,-1798
408,1994,8,13456,12457,999
408,1994,9,13454,14757,-1303
408,1994,10,13456,11757,1699
408,1994,11,13449,14017,-568
408,1994,12,20124,15177,4947
408,1995,1,13429,28797,-15368
408,1995,2,13428,6657,6771
408,1995,3,13452,8757,4695
408,1995,4,13462,12257,1205
408,1995,5,13475,9057,4418
408,1995,6,20122,37457,-17335
408,1995,7,17729,10217,7512
408,1995,8,13448,11757,1691
408,1995,9,13462,7657,5805
408,1995,10,13473,11957,1516
408,1995,11,13481,11257,2224
408,1995,12,20147,17877,2270
408,1996,1,13457,30377,-16920
408,1996,2,14151,5057,9094
408,1996,3,13473,9057,4416
408,1996,4,13504,12057,1447
408,1996,5,13497,15237,-1740
408,1996,6,20165,9937,10228
408,1996,7,13538,6857,6681
408,1996,8,13535,15357,-1822
408,1996,9,13519,18457,-4938
408,1996,10,13495,18737,-5242
408,1996,11,13504,12257,1247
408,1996,12,20158,18357,1801
408,1997,1,21527,44437,-22910
408,1997,2,13439,5057,8382
408,1997,3,13468,6757,6711
408,1997,4,13497,6357,7140
408,1997,5,13516,21357,-7841
408,1997,6,20141,28257,-8116
408,1997,7,13454,12097,1357
408,1997,8,13464,8557,4907
408,1997,9,13487,10377,3110
408,1997,10,13501,10757,2744
408,1997,11,13512,10657,2855
408,1997,12,20184,19377,807
408,1998,1,21905,21657,248
408,1998,2,16432,5657,10775
408,1998,3,13571,12957,614
408,1998,4,13573,12557,1016
408,1998,5,13578,7157,6421
408,1998,6,20274,20257,17
408,1998,7,13604,10157,3447
408,1998,8,13615,12557,1058
408,1998,9,13624,8457,5167
408,1998,10,13645,8157,5488
408,1998,11,13665,10057,3608
408,1998,12,20328,21662,-1334
409,1996,6,600,0,600
409,1996,7,20775,0,20775
409,1996,8,10327,2500,7827
409,1996,9,10353,4800,5553
409,1996,10,10352,12800,-2448
409,1996,11,10362,12625,-2263
409,1996,12,15460,11325,4135
409,1997,1,10336,22025,-11689
409,1997,2,10338,7025,3313
409,1997,3,10314,14125,-3811
409,1997,4,10336,7225,3111
409,1997,5,10328,7525,2803
409,1997,6,15456,9525,5931
409,1997,7,10362,14825,-4463
409,1997,8,10348,6825,3523
409,1997,9,10382,6825,3557
409,1997,10,10381,12225,-1844
409,1997,11,10383,8925,1458
409,1997,12,15482,17525,-2043
409,1998,1,10333,20225,-9892
409,1998,2,13526,11125,2401
409,1998,3,11038,6825,4213
409,1998,4,10336,12525,-2189
409,1998,5,10465,6825,3640
409,1998,6,15476,17025,-1549
409,1998,7,12760,8125,4635
409,1998,8,10371,10325,46
409,1998,9,11091,8925,2166
409,1998,10,10371,10725,-354
409,1998,11,10376,11425,-1049
409,1998,12,15499,10410,5089
410,1996,10,200,0,200
410,1996,11,5738,0,5738
410,1996,12,5738,0,5738
410,1997,1,5738,0,5738
410,1997,2,5738,0,5738
410,1997,3,5803,2115,3688
410,1997,4,5843,7680,-1837
410,1997,5,5846,4340,1506
410,1997,6,5834,13870,-8036
410,1997,7,5820,3840,1980
410,1997,8,5828,3840,1988
410,1997,9,5836,3840,1996
410,1997,10,5845,3840,2005
410,1997,11,5853,3840,2013
410,1997,12,5859,5090,769
410,1998,1,5831,22070,-16239
410,1998,2,5797,3840,1957
410,1998,3,5805,3840,1965
410,1998,4,5813,3840,1973
410,1998,5,5816,6560,-744
410,1998,6,5815,7440,-1625
410,1998,7,5795,8720,-2925
410,1998,8,5799,3840,1959
410,1998,9,5807,3840,1967
410,1998,10,5811,4640,1171
410,1998,11,5813,5440,373
410,1998,12,5812,7025,-1213
411,1993,2,18939,0,18939
411,1993,3,21528,0,21528
411,1993,4,18694,6400,12294
411,1993,5,18721,16800,1921
411,1993,6,27974,27555,419
411,1993,7,18703,24854,-6151
411,1993,8,18678,23014,-4336
411,1993,9,18673,18414,259
411,1993,10,18670,19814,-1144
411,1993,11,18673,17214,1459
411,1993,12,27939,21314,6625
411,1994,1,18642,40154,-21512
411,1994,2,18645,8514,10131
411,1994,3,18661,16514,2147
411,1994,4,18651,24194,-5543
411,1994,5,18650,20814,-2164
411,1994,6,32596,41154,-8558
411,1994,7,18629,13414,5215
411,1994,8,18648,13394,5254
411,1994,9,18670,16514,2156
411,1994,10,18677,19414,-737
411,1994,11,18674,17714,960
411,1994,12,27944,26894,1050
411,1995,1,18653,26854,-8201
411,1995,2,18650,12414,6236
411,1995,3,18663,19094,-431
411,1995,4,18672,15914,2758
411,1995,5,18684,15414,3270
411,1995,6,27927,35994,-8067
411,1995,7,18666,12014,6652
411,1995,8,18686,19814,-1128
411,1995,9,18685,14114,4571
411,1995,10,18698,14714,3984
411,1995,11,18719,14614,4105
411,1995,12,27996,23714,4282
411,1996,1,18700,37194,-18494
411,1996,2,18677,13414,5263
411,1996,3,18682,19834,-1152
411,1996,4,18688,17214,1474
411,1996,5,18695,16614,2081
411,1996,6,27955,24754,3201
411,1996,7,18713,18114,599
411,1996,8,18710,20314,-1604
411,1996,9,18695,23874,-5179
411,1996,10,18686,17114,1572
411,1996,11,18686,16234,2452
411,1996,12,27953,27954,-1
411,1997,1,18660,29774,-11114
411,1997,2,18660,12614,6046
411,1997,3,18683,15514,3169
411,1997,4,18699,13814,4885
411,1997,5,18706,19334,-628
411,1997,6,27936,45974,-18038
411,1997,7,24257,10314,13943
411,1997,8,22320,8514,13806
411,1997,9,18764,9314,9450
411,1997,10,18785,16114,2671
411,1997,11,18790,17614,1176
411,1997,12,28065,19414,8651
411,1998,1,18802,33914,-15112
411,1998,2,18769,15614,3155
411,1998,3,18793,12814,5979
411,1998,4,18797,19214,-417
411,1998,5,18811,15414,3397
411,1998,6,28052,32474,-4422
411,1998,7,18772,24914,-6142
411,1998,8,18743,27534,-8791
411,1998,9,18730,20334,-1604
411,1998,10,18741,12514,6227
411,1998,11,18750,18314,436
411,1998,12,28007,23999,4008
412,1996,1,27483,0,27483
412,1996,2,21782,1600,20182
412,1996,3,198,13100,-12902
412,1996,4,11915,10700,1215
412,1996,5,31773,19615,12158
412,1996,6,173,16842,-16669
412,1996,7,7063,8742,-1679
412,1996,8,20649,25442,-4793
412,1996,9,53085,8742,44343
412,1996,10,21835,25942,-4107
412,1996,11,11339,25542,-14203
412,1996,12,153,22642,-22489
412,1997,1,72577,20042,52535
412,1997,2,26420,37542,-11122
412,1997,3,22228,47009,-24781
412,1997,4,16483,9742,6741
412,1997,5,51391,50839,552
412,1997,6,21736,19042,2694
412,1997,7,30509,16142,14367
412,1997,8,54785,17842,36943
412,1997,9,272,50978,-50706
412,1997,10,80411,39842,40569
412,1997,11,8594,28242,-19648
412,1997,12,209,46400,-46191
412,1998,1,63739,36409,27330
412,1998,2,34358,42357,-7999
412,1998,3,69599,47192,22407
412,1998,4,57894,71911,-14017
412,1998,5,97857,49374,48483
412,1998,6,36519,59382,-22863
412,1998,7,55441,56275,-834
412,1998,8,63476,67932,-4456
412,1998,9,296,13042,-12746
412,1998,10,23477,15342,8135
412,1998,11,15997,33322,-17325
412,1998,12,36278,29318,6960
413,1996,7,200,0,200
413,1996,8,5041,0,5041
413,1996,9,5041,0,5041
413,1996,10,5092,300,4792
413,1996,11,5104,5000,104
413,1996,12,5104,6172,-1068
413,1997,1,5099,7122,-2023
413,1997,2,5091,5482,-391
413,1997,3,5099,3022,2077
413,1997,4,5103,4322,781
413,1997,5,5112,3022,2090
413,1997,6,5100,9822,-4722
413,1997,7,5099,2122,2977
413,1997,8,5104,5722,-618
413,1997,9,5111,2822,2289
413,1997,10,5113,4722,391
413,1997,11,5108,6522,-1414
413,1997,12,5113,2672,2441
413,1998,1,5103,10112,-5009
413,1998,2,5102,2122,2980
413,1998,3,5113,4042,1071
413,1998,4,5123,2842,2281
413,1998,5,5130,3322,1808
413,1998,6,5133,7422,-2289
413,1998,7,5123,4682,441
413,1998,8,5129,2122,3007
413,1998,9,5141,2122,3019
413,1998,10,5143,18922,-13779
413,1998,11,5096,2122,2974
413,1998,12,5109,2107,3002
414,1996,1,900,0,900
414,1996,2,21074,0,21074
414,1996,3,18164,7500,10664
414,1996,4,18205,14000,4205
414,1996,5,18221,18200,21
414,1996,6,27277,22915,4362
414,1996,7,18260,20685,-2425
414,1996,8,18238,29445,-11207
414,1996,9,18206,14785,3421
414,1996,10,18214,23305,-5091
414,1996,11,18198,13985,4213
414,1996,12,27242,27825,-583
414,1997,1,18178,28505,-10327
414,1997,2,18174,9285,8889
414,1997,3,18190,19085,-895
414,1997,4,18187,19765,-1578
414,1997,5,18195,14585,3610
414,1997,6,27251,27005,246
414,1997,7,18206,18085,121
414,1997,8,18202,17765,437
414,1997,9,18200,21685,-3485
414,1997,10,18187,20185,-1998
414,1997,11,18161,21385,-3224
414,1997,12,27216,23405,3811
414,1998,1,18160,29305,-11145
414,1998,2,18149,9985,8164
414,1998,3,19391,7885,11506
414,1998,4,18223,15185,3038
414,1998,5,18232,17185,1047
414,1998,6,27256,34925,-7669
414,1998,7,18211,13285,4926
414,1998,8,18225,15685,2540
414,1998,9,18235,14725,3510
414,1998,10,18256,12685,5571
414,1998,11,18270,16385,1885
414,1998,12,27349,10430,16919
415,1993,3,13554,0,13554
415,1993,4,18024,0,18024
415,1993,5,13278,1900,11378
415,1993,6,19884,7100,12784
415,1993,7,13304,37355,-24051
415,1993,8,13267,14375,-1108
415,1993,9,13247,15555,-2308
415,1993,10,13237,14255,-1018
415,1993,11,13233,12655,578
415,1993,12,19799,19195,604
415,1994,1,18410,29435,-11025
415,1994,2,13193,9355,3838
415,1994,3,14810,11635,3175
415,1994,4,13221,12555,666
415,1994,5,13225,10355,2870
415,1994,6,19801,16095,3706
415,1994,7,13251,13815,-564
415,1994,8,13246,13955,-709
415,1994,9,13243,13955,-712
415,1994,10,13241,12955,286
415,1994,11,13244,10555,2689
415,1994,12,19835,14515,5320
415,1995,1,16146,34275,-18129
415,1995,2,16307,8755,7552
415,1995,3,13234,9655,3579
415,1995,4,13239,14875,-1636
415,1995,5,13238,15455,-2217
415,1995,6,19797,15055,4742
415,1995,7,13246,15355,-2109
415,1995,8,13241,11255,1986
415,1995,9,13246,12855,391
415,1995,10,13241,15775,-2534
415,1995,11,13238,12055,1183
415,1995,12,19814,17815,1999
415,1996,1,14320,32235,-17915
415,1996,2,16489,8755,7734
415,1996,3,13214,9055,4159
415,1996,4,13235,10455,2780
415,1996,5,13238,11355,1883
415,1996,6,19798,22035,-2237
415,1996,7,13239,9755,3484
415,1996,8,13249,11555,1694
415,1996,9,13243,16815,-3572
415,1996,10,13241,11355,1886
415,1996,11,13255,11055,2200
415,1996,12,19812,24955,-5143
415,1997,1,13209,26735,-13526
415,1997,2,13164,19715,-6551
415,1997,3,16792,8755,8037
415,1997,4,13179,14355,-1176
415,1997,5,13176,13455,-279
415,1997,6,19743,16155,3588
415,1997,7,13182,16655,-3473
415,1997,8,13181,12455,726
415,1997,9,13184,12755,429
415,1997,10,13186,12655,531
415,1997,11,14906,8755,6151
415,1997,12,19788,13515,6273
415,1998,1,13195,27115,-13920
415,1998,2,13180,13615,-435
415,1998,3,13185,8755,4430
415,1998,4,13206,10315,2891
415,1998,5,13196,17055,-3859
415,1998,6,19771,8755,11016
415,1998,7,13214,20555,-7341
415,1998,8,13199,16315,-3116
415,1998,9,13201,8755,4446
415,1998,10,13218,13075,143
415,1998,11,13220,8755,4465
415,1998,12,19810,11140,8670
416,1996,8,500,0,500
416,1996,9,5155,0,5155
416,1996,10,5155,0,5155
416,1996,11,5155,0,5155
416,1996,12,5155,0,5155
416,1997,1,5222,12424,-7202
416,1997,2,5224,1984,3240
416,1997,3,5237,1984,3253
416,1997,4,5244,7104,-1860
416,1997,5,5242,4804,438
416,1997,6,5231,6284,-1053
416,1997,7,5233,4384,849
416,1997,8,5225,7584,-2359
416,1997,9,5226,5264,-38
416,1997,10,5231,3284,1947
416,1997,11,5237,3784,1453
416,1997,12,5226,8184,-2958
416,1998,1,5220,9184,-3964
416,1998,2,5212,4284,928
416,1998,3,5214,4784,430
416,1998,4,5225,1984,3241
416,1998,5,5235,3244,1991
416,1998,6,5225,7834,-2609
416,1998,7,5235,2684,2551
416,1998,8,5246,2984,2262
416,1998,9,5251,7264,-2013
416,1998,10,5247,3984,1263
416,1998,11,5253,2084,3169
416,1998,12,5263,4579,684
417,1996,1,54298,0,54298
417,1996,2,8421,16800,-8379
417,1996,3,45584,9000,36584
417,1996,4,49883,81015,-31132
417,1996,5,33209,44586,-11377
417,1996,6,36933,47384,-10451
417,1996,7,8908,21406,-12498
417,1996,8,37328,37322,6
417,1996,9,17113,2315,14798
417,1996,10,112,19515,-19403
417,1996,11,27623,13891,13732
417,1996,12,106,4815,-4709
417,1997,1,90564,19050,71514
417,1997,2,107382,104706,2676
417,1997,3,394,36715,-36321
417,1997,4,136412,109915,26497
417,1997,5,44592,73015,-28423
417,1997,6,69158,34915,34243
417,1997,7,60667,45515,15152
417,1997,8,31306,100920,-69614
417,1997,9,153,10215,-10062
417,1997,10,68502,42815,25687
417,1997,11,96311,44715,51596
417,1997,12,65954,94789,-28835
417,1998,1,310,28815,-28505
417,1998,2,153,20389,-20236
417,1998,3,32613,42719,-10106
417,1998,4,33029,14715,18314
417,1998,5,12454,10915,1539
417,1998,6,29975,16015,13960
417,1998,7,5188,19765,-14577
417,1998,8,36172,4615,31557
417,1998,9,277,21715,-21438
417,1998,10,189,8515,-8326
417,1998,11,156,115,41
417,1998,12,80,25650,-25570
418,1995,8,700,0,700
418,1995,9,24196,0,24196
418,1995,10,20989,13700,7289
418,1995,11,21016,17100,3916
418,1995,12,31475,24100,7375
418,1996,1,21058,31811,-10753
418,1996,2,21047,18111,2936
418,1996,3,21057,18251,2806
418,1996,4,21055,21631,-576
418,1996,5,21059,20971,88
418,1996,6,31515,22531,8984
418,1996,7,21090,20231,859
418,1996,8,21086,24231,-3145
418,1996,9,21074,22431,-1357
418,1996,10,21063,25431,-4368
418,1996,11,21049,22031,-982
418,1996,12,31506,24531,6975
418,1997,1,21062,30511,-9449
418,1997,2,21042,15931,5111
418,1997,3,21061,18531,2530
418,1997,4,21066,21131,-65
418,1997,5,21064,21631,-567
418,1997,6,31491,35991,-4500
418,1997,7,21049,20491,558
418,1997,8,21063,16311,4752
418,1997,9,21079,18471,2608
418,1997,10,21088,14031,7057
418,1997,11,21096,22831,-1735
418,1997,12,31541,30031,1510
418,1998,1,21095,28631,-7536
418,1998,2,21072,19031,2041
418,1998,3,21086,16831,4255
418,1998,4,21120,17631,3489
418,1998,5,21104,21931,-827
418,1998,6,31502,47371,-15869
418,1998,7,21026,26431,-5405
418,1998,8,21024,19331,1693
418,1998,9,21025,20931,94
418,1998,10,21029,21631,-602
418,1998,11,21016,25291,-4275
418,1998,12,31467,27816,3651
419,1993,10,800,0,800
419,1993,11,12413,0,12413
419,1993,12,9866,0,9866
419,1994,1,4700,900,3800
419,1994,2,4712,4300,412
419,1994,3,4710,9815,-5105
419,1994,4,4697,715,3982
419,1994,5,4717,1015,3702
419,1994,6,7901,16115,-8214
419,1994,7,6198,15,6183
419,1994,8,4712,9115,-4403
419,1994,9,4702,1915,2787
419,1994,10,4709,5415,-706
419,1994,11,4708,3315,1393
419,1994,12,7018,5915,1103
419,1995,1,7793,16115,-8322
419,1995,2,4683,15,4668
419,1995,3,4707,2515,2192
419,1995,4,4710,5015,-305
419,1995,5,4715,3215,1500
419,1995,6,7016,18415,-11399
419,1995,7,8176,4915,3261
419,1995,8,6796,15,6781
419,1995,9,4706,6315,-1609
419,1995,10,4704,4115,589
419,1995,11,4716,315,4401
419,1995,12,7031,4215,2816
419,1996,1,4706,19315,-14609
419,1996,2,7586,3215,4371
419,1996,3,4699,2215,2484
419,1996,4,5818,15,5803
419,1996,5,4739,3415,1324
419,1996,6,7641,7015,626
419,1996,7,4738,3315,1423
419,1996,8,4737,8915,-4178
419,1996,9,5927,6815,-888
419,1996,10,8631,4315,4316
419,1996,11,4736,5315,-579
419,1996,12,7043,5615,1428
419,1997,1,4726,21315,-16589
419,1997,2,11701,15,11686
419,1997,3,4729,1315,3414
419,1997,4,4731,6015,-1284
419,1997,5,4725,6315,-1590
419,1997,6,7012,12215,-5203
419,1997,7,4688,8615,-3927
419,1997,8,6476,7915,-1439
419,1997,9,9002,15,8987
419,1997,10,4723,1715,3008
419,1997,11,4736,1815,2921
419,1997,12,7040,7015,25
419,1998,1,4692,21915,-17223
419,1998,2,4672,3315,1357
419,1998,3,5689,15,5674
419,1998,4,4664,12515,-7851
419,1998,5,4667,3515,1152
419,1998,6,6965,8715,-1750
419,1998,7,4656,11215,-6559
419,1998,8,7337,15,7322
419,1998,9,5466,3015,2451
419,1998,10,4677,215,4462
419,1998,11,4693,6415,-1722
419,1998,12,7001,1900,5101
420,1995,8,500,0,500
420,1995,9,18493,0,18493
420,1995,10,11767,0,11767
420,1995,11,11706,10000,1706
420,1995,12,17508,10800,6708
420,1996,1,11738,19015,-7277
420,1996,2,11710,14807,-3097
420,1996,3,11697,18907,-7210
420,1996,4,11677,8707,2970
420,1996,5,11688,9707,1981
420,1996,6,17481,13207,4274
420,1996,7,11709,12807,-1098
420,1996,8,11704,12207,-503
420,1996,9,11706,9907,1799
420,1996,10,11717,7607,4110
420,1996,11,12527,10807,1720
420,1996,12,17520,15207,2313
420,1997,1,14927,17707,-2780
420,1997,2,13339,9607,3732
420,1997,3,11749,10707,1042
420,1997,4,11755,9507,2248
420,1997,5,11755,14207,-2452
420,1997,6,17551,13207,4344
420,1997,7,11764,13507,-1743
420,1997,8,11766,12407,-641
420,1997,9,11751,10407,1344
420,1997,10,11762,11407,355
420,1997,11,14370,11207,3163
420,1997,12,17584,10707,6877
420,1998,1,11800,14407,-2607
420,1998,2,14210,7207,7003
420,1998,3,11812,15707,-3895
420,1998,4,11817,11207,610
420,1998,5,14611,11707,2904
420,1998,6,23752,7207,16545
420,1998,7,11894,9207,2687
420,1998,8,11892,13407,-1515
420,1998,9,11873,17807,-5934
420,1998,10,11871,9507,2364
420,1998,11,11884,7807,4077
420,1998,12,17694,15892,1802
421,1997,11,900,0,900
421,1997,12,15647,0,15647
421,1998,1,8431,1500,6931
421,1998,2,8457,4800,3657
421,1998,3,8468,10500,-2032
421,1998,4,8462,14786,-6324
421,1998,5,8442,6586,1856
421,1998,6,12625,15286,-2661
421,1998,7,8434,11986,-3552
421,1998,8,8424,5586,2838
421,1998,9,8436,5586,2850
421,1998,10,8436,15586,-7150
421,1998,11,8418,5586,2832
421,1998,12,12620,7671,4949
422,1994,8,400,0,400
422,1994,9,25207,0,25207
422,1994,10,25226,15100,10126
422,1994,11,25360,18500,6860
422,1994,12,37992,30300,7692
422,1995,1,25432,32930,-7498
422,1995,2,25386,23330,2056
422,1995,3,25395,24230,1165
422,1995,4,25396,30930,-5534
422,1995,5,25375,27630,-2255
422,1995,6,37978,27430,10548
422,1995,7,25418,30472,-5054
422,1995,8,25412,24830,582
422,1995,9,25394,22830,2564
422,1995,10,25405,22730,2675
422,1995,11,25423,32830,-7407
422,1995,12,38014,34630,3384
422,1996,1,25362,46830,-21468
422,1996,2,25328,10330,14998
422,1996,3,25378,28708,-3330
422,1996,4,25366,21112,4254
422,1996,5,25380,20830,4550
422,1996,6,38005,31730,6275
422,1996,7,25413,28330,-2917
422,1996,8,25401,33230,-7829
422,1996,9,25371,26230,-859
422,1996,10,25364,28230,-2866
422,1996,11,25356,26230,-874
422,1996,12,37959,38530,-571
422,1997,1,25325,37830,-12505
422,1997,2,25312,19630,5682
422,1997,3,25327,23230,2097
422,1997,4,25338,22130,3208
422,1997,5,25335,31730,-6395
422,1997,6,37920,42030,-4110
422,1997,7,25299,26030,-731
422,1997,8,25301,23930,1371
422,1997,9,25303,25530,-227
422,1997,10,25367,21030,4337
422,1997,11,25364,8930,16434
422,1997,12,38013,40130,-2117
422,1998,1,25361,39630,-14269
422,1998,2,25324,30,25294
422,1998,3,25409,31430,-6021
422,1998,4,25376,42912,-17536
422,1998,5,25366,26704,-1338
422,1998,6,37955,27991,9964
422,1998,7,25367,30,25337
422,1998,8,25343,63794,-38451
422,1998,9,25312,30,25282
422,1998,10,25442,14430,11012
422,1998,11,25413,42830,-17417
422,1998,12,37998,5100,32898
423,1993,3,500,0,500
423,1993,4,2913,0,2913
423,1993,5,2913,0,2913
423,1993,6,2913,0,2913
423,1993,7,2913,0,2913
423,1993,8,2950,1957,993
423,1993,9,2971,1957,1014
423,1993,10,2975,1957,1018
423,1993,11,2978,2947,31
423,1993,12,2978,2497,481
423,1994,1,2978,4687,-1709
423,1994,2,2974,1957,1017
423,1994,3,2980,2137,843
423,1994,4,2982,1957,1025
423,1994,5,2986,2857,129
423,1994,6,2987,2437,550
423,1994,7,2988,2947,41
423,1994,8,2989,1957,1032
423,1994,9,2992,3067,-75
423,1994,10,2993,1957,1036
423,1994,11,2997,1957,1040
423,1994,12,2999,3787,-788
423,1995,1,2991,6997,-4006
423,1995,2,2981,1957,1024
423,1995,3,2986,2497,489
423,1995,4,2986,2917,69
423,1995,5,2988,1957,1031
423,1995,6,2985,7387,-4402
423,1995,7,2974,1957,1017
423,1995,8,2978,1957,1021
423,1995,9,2982,3127,-145
423,1995,10,2982,1957,1025
423,1995,11,2986,2157,829
423,1995,12,2989,2557,432
423,1996,1,2981,5527,-2546
423,1996,2,2980,2317,663
423,1996,3,2983,2157,826
423,1996,4,2987,1957,1030
423,1996,5,2988,3157,-169
423,1996,6,2990,1957,1033
423,1996,7,2995,1957,1038
423,1996,8,2996,3337,-341
423,1996,9,2992,4057,-1065
423,1996,10,2993,1957,1036
423,1996,11,2997,1957,1040
423,1996,12,2999,3667,-668
423,1997,1,2994,5507,-2513
423,1997,2,2988,1957,1031
423,1997,3,2992,1957,1035
423,1997,4,2996,2737,259
423,1997,5,2997,3277,-280
423,1997,6,2996,2917,79
423,1997,7,2997,1957,1040
423,1997,8,2999,2957,42
423,1997,9,3001,1957,1044
423,1997,10,3005,1957,1048
423,1997,11,2999,5407,-2408
423,1997,12,3000,2137,863
423,1998,1,2996,5467,-2471
423,1998,2,2991,2947,44
423,1998,3,2993,1957,1036
423,1998,4,2997,1957,1040
423,1998,5,3001,1957,1044
423,1998,6,2989,7507,-4518
423,1998,7,2987,1957,1030
423,1998,8,2990,2917,73
423,1998,9,2991,1957,1034
423,1998,10,2996,1957,1039
423,1998,11,3000,1957,1043
423,1998,12,3003,3232,-229
424,1997,2,1000,0,1000
424,1997,3,24798,0,24798
424,1997,4,23587,9000,14587
424,1997,5,23626,20600,3026
424,1997,6,35385,22700,12685
424,1997,7,23699,27606,-3907
424,1997,8,23672,34046,-10374
424,1997,9,23638,25906,-2268
424,1997,10,23629,25406,-1777
424,1997,11,23618,25906,-2288
424,1997,12,35372,30206,5166
424,1998,1,23589,44886,-21297
424,1998,2,23566,14006,9560
424,1998,3,23591,21506,2085
424,1998,4,23604,19106,4498
424,1998,5,23608,25846,-2238
424,1998,6,35356,26006,9350
424,1998,7,23635,27306,-3671
424,1998,8,23622,26786,-3164
424,1998,9,23626,16206,7420
424,1998,10,23643,20906,2737
424,1998,11,23658,18806,4852
424,1998,12,35400,32991,2409
425,1993,3,400,0,400
425,1993,4,15522,0,15522
425,1993,5,8175,0,8175
425,1993,6,8947,5600,3347
425,1993,7,6013,2900,3113
425,1993,8,6007,15181,-9174
425,1993,9,6088,3275,2813
425,1993,10,5995,5475,520
425,1993,11,5992,6555,-563
425,1993,12,8925,14075,-5150
425,1994,1,8761,12555,-3794
425,1994,2,10269,7715,2554
425,1994,3,9983,3275,6708
425,1994,4,7103,3275,3828
425,1994,5,6008,7375,-1367
425,1994,6,8949,9475,-526
425,1994,7,5985,13215,-7230
425,1994,8,10470,11315,-845
425,1994,9,12594,3275,9319
425,1994,10,6010,4675,1335
425,1994,11,6012,5575,437
425,1994,12,11565,9315,2250
425,1995,1,7100,20035,-12935
425,1995,2,9488,3275,6213
425,1995,3,8000,5675,2325
425,1995,4,6615,3275,3340
425,1995,5,6005,9835,-3830
425,1995,6,8953,7015,1938
425,1995,7,6010,5675,335
425,1995,8,6005,7215,-1210
425,1995,9,6001,7475,-1474
425,1995,10,5990,9635,-3645
425,1995,11,6193,3275,2918
425,1995,12,8942,10035,-1093
425,1996,1,10261,20315,-10054
425,1996,2,8969,3275,5694
425,1996,3,8391,3275,5116
425,1996,4,5996,5275,721
425,1996,5,6207,3275,2932
425,1996,6,9174,3275,5899
425,1996,7,7114,12935,-5821
425,1996,8,7811,8795,-984
425,1996,9,6014,5175,839
425,1996,10,6016,7975,-1959
425,1996,11,6007,6635,-628
425,1996,12,8953,9315,-362
425,1997,1,11780,16355,-4575
425,1997,2,7486,3275,4211
425,1997,3,6001,5875,126
425,1997,4,5996,9075,-3079
425,1997,5,6492,3275,3217
425,1997,6,8958,4575,4383
425,1997,7,6004,8735,-2731
425,1997,8,9615,3275,6340
425,1997,9,6034,6475,-441
425,1997,10,6033,5475,558
425,1997,11,6036,4875,1161
425,1997,12,9697,4395,5302
425,1998,1,11626,21235,-9609
425,1998,2,11526,4475,7051
425,1998,3,7956,3275,4681
425,1998,4,6069,6875,-806
425,1998,5,6067,5375,692
425,1998,6,9025,4575,4450
425,1998,7,6090,4275,1815
425,1998,8,7000,3275,3725
425,1998,9,6104,9275,-3171
425,1998,10,6095,6775,-680
425,1998,11,6085,10475,-4390
425,1998,12,9008,21180,-12172
426,1993,11,900,0,900
426,1993,12,19620,300,19320
426,1994,1,35025,17600,17425
426,1994,2,36426,23015,13411
426,1994,3,68095,54398,13697
426,1994,4,59366,74039,-14673
426,1994,5,55598,56982,-1384
426,1994,6,56247,66213,-9966
426,1994,7,71236,48088,23148
426,1994,8,28182,35899,-7717
426,1994,9,10847,37298,-26451
426,1994,10,41125,33199,7926
426,1994,11,25833,25199,634
426,1994,12,43683,32799,10884
426,1995,1,2122,28853,-26731
426,1995,2,8263,12599,-4336
426,1995,3,12347,12599,-252
426,1995,4,15150,12599,2551
426,1995,5,17481,12599,4882
426,1995,6,7974,12599,-4625
426,1995,7,12361,12599,-238
426,1995,8,9958,12599,-2641
426,1995,9,11450,12599,-1149
426,1995,10,17653,12599,5054
426,1995,11,12770,12599,171
426,1995,12,9265,12599,-3334
426,1996,1,14062,12599,1463
426,1996,2,37601,12599,25002
426,1996,3,12318,16299,-3981
426,1996,4,13502,34185,-20683
426,1996,5,34433,12599,21834
426,1996,6,22786,16399,6387
426,1996,7,129,23099,-22970
426,1996,8,5376,12599,-7223
426,1996,9,11562,12599,-1037
426,1996,10,33170,18899,14271
426,1996,11,18558,12599,5959
426,1996,12,5038,14399,-9361
426,1997,1,28759,34099,-5340
426,1997,2,2260,12599,-10339
426,1997,3,9553,5102,4451
426,1997,4,33626,17399,16227
426,1997,5,1599,12599,-11000
426,1997,6,19417,12599,6818
426,1997,7,178,12599,-12421
426,1997,8,5141,12599,-7458
426,1997,9,16792,901,15891
426,1997,10,21567,12599,8968
426,1997,11,74,20399,-20325
426,1997,12,3825,12599,-8774
426,1998,1,106179,46999,59180
426,1998,2,12539,40099,-27560
426,1998,3,63,26999,-26936
426,1998,4,25394,8404,16990
426,1998,5,66,12599,-12533
426,1998,6,91237,43803,47434
426,1998,7,97050,77799,19251
426,1998,8,46491,57999,-11508
426,1998,9,33476,39499,-6023
426,1998,10,58296,37999,20297
426,1998,11,44195,54699,-10504
426,1998,12,12946,54884,-41938
427,1994,7,700,0,700
427,1994,8,23310,0,23310
427,1994,9,23194,12400,10794
427,1994,10,23232,18400,4832
427,1994,11,23248,21300,1948
427,1994,12,34856,30681,4175
427,1995,1,23261,42501,-19240
427,1995,2,23217,14981,8236
427,1995,3,23262,21501,1761
427,1995,4,23246,23881,-635
427,1995,5,23243,23881,-638
427,1995,6,34799,41401,-6602
427,1995,7,23220,18421,4799
427,1995,8,23236,19881,3355
427,1995,9,23248,20281,2967
427,1995,10,23256,22281,975
427,1995,11,23261,20881,2380
427,1995,12,34840,36941,-2101
427,1996,1,23235,36381,-13146
427,1996,2,23224,12081,11143
427,1996,3,23267,14381,8886
427,1996,4,23292,18981,4311
427,1996,5,23301,22881,420
427,1996,6,34838,37981,-3143
427,1996,7,23323,19181,4142
427,1996,8,23314,27081,-3767
427,1996,9,23288,23781,-493
427,1996,10,23297,21101,2196
427,1996,11,23291,25481,-2190
427,1996,12,34838,33141,1697
427,1997,1,23257,45321,-22064
427,1997,2,23225,17381,5844
427,1997,3,23240,20221,3019
427,1997,4,23260,17181,6079
427,1997,5,23274,20781,2493
427,1997,6,34842,32201,2641
427,1997,7,23299,20081,3218
427,1997,8,23295,25581,-2286
427,1997,9,23301,21581,1720
427,1997,10,23300,23881,-581
427,1997,11,23305,22081,1224
427,1997,12,34868,30281,4587
427,1998,1,23510,37841,-14331
427,1998,2,29631,13581,16050
427,1998,3,23350,22081,1269
427,1998,4,24186,11981,12205
427,1998,5,23399,20481,2918
427,1998,6,34930,53101,-18171
427,1998,7,25084,8181,16903
427,1998,8,23403,20781,2622
427,1998,9,23411,20981,2430
427,1998,10,23429,37881,-14452
427,1998,11,23414,25381,-1967
427,1998,12,34983,10566,24417
428,1993,2,200,0,200
428,1993,3,6614,0,6614
428,1993,4,6614,0,6614
428,1993,5,6625,200,6425
428,1993,6,6697,0,6697
428,1993,7,6702,4815,1887
428,1993,8,6736,8502,-1766
428,1993,9,6728,8502,-1774
428,1993,10,6724,4602,2122
428,1993,11,6730,7202,-472
428,1993,12,6727,6532,195
428,1994,1,6710,14482,-7772
428,1994,2,6700,4002,2698
428,1994,3,6708,6722,-14
428,1994,4,6707,6162,545
428,1994,5,6711,5202,1509
428,1994,6,6696,15242,-8546
428,1994,7,6684,4002,2682
428,1994,8,6695,4002,2693
428,1994,9,6706,4002,2704
428,1994,10,6718,4002,2716
428,1994,11,6728,4402,2326
428,1994,12,6738,5152,1586
428,1995,1,6725,13762,-7037
428,1995,2,6716,4002,2714
428,1995,3,6727,4002,2725
428,1995,4,6736,5502,1234
428,1995,5,6738,7002,-264
428,1995,6,6724,9502,-2778
428,1995,7,6721,7202,-481
428,1995,8,6725,5802,923
428,1995,9,6726,7002,-276
428,1995,10,6718,7982,-1264
428,1995,11,6726,4002,2724
428,1995,12,6730,7322,-592
428,1996,1,6715,11442,-4727
428,1996,2,6705,6642,63
428,1996,3,6715,5922,793
428,1996,4,6719,4002,2717
428,1996,5,6730,4002,2728
428,1996,6,6741,4002,2739
428,1996,7,6753,4002,2751
428,1996,8,6763,4562,2201
428,1996,9,6773,4002,2771
428,1996,10,6785,4002,2783
428,1996,11,6789,5902,887
428,1996,12,6797,4752,2045
428,1997,1,6794,12642,-5848
428,1997,2,6783,4002,2781
428,1997,3,6795,4002,2793
428,1997,4,6807,4002,2805
428,1997,5,6818,5282,1536
428,1997,6,6819,13552,-6733
428,1997,7,6792,4962,1830
428,1997,8,6804,4002,2802
428,1997,9,6813,5282,1531
428,1997,10,6816,5362,1454
428,1997,11,6828,4002,2826
428,1997,12,6837,4452,2385
428,1998,1,6817,12402,-5585
428,1998,2,6825,4882,1943
428,1998,3,6834,4002,2832
428,1998,4,6841,6162,679
428,1998,5,6848,4002,2846
428,1998,6,6823,21422,-14599
428,1998,7,6799,4002,2797
428,1998,8,6810,4482,2328
428,1998,9,6820,4002,2818
428,1998,10,6820,7442,-622
428,1998,11,6829,4002,2827
428,1998,12,6840,4737,2103
429,1995,9,19150,0,19150
429,1995,10,19030,0,19030
429,1995,11,18586,7700,10886
429,1995,12,27836,14900,12936
429,1996,1,18607,49615,-31008
429,1996,2,18562,5301,13261
429,1996,3,18567,27501,-8934
429,1996,4,18569,18301,268
429,1996,5,18579,18601,-22
429,1996,6,27802,20101,7701
429,1996,7,18606,25201,-6595
429,1996,8,18579,20601,-2022
429,1996,9,18563,19901,-1338
429,1996,10,18566,15901,2665
429,1996,11,18563,19101,-538
429,1996,12,27782,23601,4181
429,1997,1,18566,32901,-14335
429,1997,2,18530,15501,3029
429,1997,3,18543,15801,2742
429,1997,4,18555,14401,4154
429,1997,5,18558,19301,-743
429,1997,6,27787,19701,8086
429,1997,7,18598,16901,1697
429,1997,8,18587,22401,-3814
429,1997,9,18582,19401,-819
429,1997,10,18587,13601,4986
429,1997,11,18589,22201,-3612
429,1997,12,27803,22101,5702
429,1998,1,18580,30901,-12321
429,1998,2,18571,7801,10770
429,1998,3,18609,13601,5008
429,1998,4,18625,15701,2924
429,1998,5,18626,22601,-3975
429,1998,6,27815,37001,-9186
429,1998,7,18597,6501,12096
429,1998,8,18635,14001,4634
429,1998,9,18642,18501,141
429,1998,10,18643,18001,642
429,1998,11,18650,15201,3449
429,1998,12,27879,22386,5493
430,1995,9,900,0,900
430,1995,10,11500,0,11500
430,1995,11,6700,0,6700
430,1995,12,7204,0,7204
430,1996,1,0,800,-800
430,1996,2,927,0,927
430,1996,3,4610,0,4610
430,1996,5,1310,0,1310
430,1996,6,110,1200,-1090
430,1996,7,110,1200,-1090
430,1996,8,2810,0,2810
430,1996,9,510,0,510
430,1996,10,3610,0,3610
430,1996,11,1910,0,1910
430,1996,12,110,400,-290
430,1997,1,110,300,-190
430,1997,2,110,2500,-2390
430,1997,3,110,100,10
430,1997,4,4110,0,4110
430,1997,5,410,0,410
430,1997,6,1510,0,1510
430,1997,7,5210,0,5210
430,1997,8,110,3800,-3690
430,1997,9,110,400,-290
430,1997,10,110,1400,-1290
430,1997,11,4610,0,4610
430,1997,12,110,700,-590
430,1998,1,110,900,-790
430,1998,2,310,0,310
430,1998,3,1510,0,1510
430,1998,4,310,0,310
430,1998,5,110,1600,-1490
430,1998,6,1310,0,1310
430,1998,7,2610,0,2610
430,1998,8,1410,0,1410
430,1998,9,1710,0,1710
430,1998,10,1910,0,1910
430,1998,11,3910,0,3910
430,1998,12,5600,0,5600
431,1996,11,18581,0,18581
431,1996,12,32111,0,32111
431,1997,1,18464,11700,6764
431,1997,2,18490,12100,6390
431,1997,3,18509,15615,2894
431,1997,4,18471,26212,-7741
431,1997,5,18439,27192,-8753
431,1997,6,27553,31672,-4119
431,1997,7,18424,17672,752
431,1997,8,18435,13312,5123
431,1997,9,18448,15412,3036
431,1997,10,18445,31112,-12667
431,1997,11,18437,18612,-175
431,1997,12,27568,28172,-604
431,1998,1,18387,25992,-7605
431,1998,2,18400,18212,188
431,1998,3,18401,21912,-3511
431,1998,4,18376,22372,-3996
431,1998,5,18369,19312,-943
431,1998,6,27494,26012,1482
431,1998,7,18365,26312,-7947
431,1998,8,18332,22212,-3880
431,1998,9,18323,11892,6431
431,1998,10,18340,23412,-5072
431,1998,11,18325,14572,3753
431,1998,12,27476,10297,17179
432,1993,6,500,0,500
432,1993,7,14523,0,14523
432,1993,8,10778,0,10778
432,1993,9,7111,1800,5311
432,1993,10,7121,6800,321
432,1993,11,7122,7015,107
432,1993,12,10613,13415,-2802
432,1994,1,7111,15515,-8404
432,1994,2,7997,15,7982
432,1994,3,7122,3915,3207
432,1994,4,7125,7815,-690
432,1994,5,7125,5115,2010
432,1994,6,10597,30015,-19418
432,1994,7,13273,4415,8858
432,1994,8,7099,1915,5184
432,1994,9,7103,8015,-912
432,1994,10,7095,9315,-2220
432,1994,11,7093,6815,278
432,1994,12,10603,6515,4088
432,1995,1,7095,14915,-7820
432,1995,2,10109,515,9594
432,1995,3,7112,8815,-1703
432,1995,4,7114,6115,999
432,1995,5,7106,9615,-2509
432,1995,6,10624,5015,5609
432,1995,7,7141,3115,4026
432,1995,8,7138,9515,-2377
432,1995,9,7141,5915,1226
432,1995,10,7129,10215,-3086
432,1995,11,7128,8115,-987
432,1995,12,10619,10315,304
432,1996,1,7085,20915,-13830
432,1996,2,7084,1415,5669
432,1996,3,7086,10815,-3729
432,1996,4,7094,815,6279
432,1996,5,7088,16715,-9627
432,1996,6,10581,4415,6166
432,1996,7,7101,7015,86
432,1996,8,7085,12715,-5630
432,1996,9,7063,3815,3248
432,1996,10,7076,6515,561
432,1996,11,7079,10515,-3436
432,1996,12,10583,7715,2868
432,1997,1,7067,12815,-5748
432,1997,2,7052,6015,1037
432,1997,3,7053,10115,-3062
432,1997,4,7050,4815,2235
432,1997,5,7051,8115,-1064
432,1997,6,10542,10515,27
432,1997,7,7046,8015,-969
432,1997,8,7044,15,7029
432,1997,9,7066,13215,-6149
432,1997,10,7048,6015,1033
432,1997,11,7051,4215,2836
432,1997,12,10571,615,9956
432,1998,1,7103,16215,-9112
432,1998,2,7083,1715,5368
432,1998,3,7075,16715,-9640
432,1998,4,7058,4115,2943
432,1998,5,7061,15,7046
432,1998,6,10585,13715,-3130
432,1998,7,7065,14215,-7150
432,1998,8,7048,15,7033
432,1998,9,7077,15,7062
432,1998,10,7106,15,7091
432,1998,11,7100,25015,-17915
432,1998,12,10582,1800,8782
433,1993,6,500,0,500
433,1993,7,12100,0,12100
433,1993,8,6800,0,6800
433,1993,9,4800,0,4800
433,1993,10,400,0,400
433,1993,11,41271,0,41271
433,1993,12,274,21500,-21226
433,1994,1,274,7900,-7626
433,1994,2,3828,6000,-2172
433,1994,3,144,6400,-6256
433,1994,4,144,400,-256
433,1994,5,30259,4000,26259
433,1994,6,227,14100,-13873
433,1994,7,227,9500,-9273
433,1994,8,227,6400,-6173
433,1994,9,1127,0,1127
433,1994,10,227,2000,-1773
433,1994,11,227,300,-73
433,1994,12,227,3400,-3173
433,1995,1,1627,0,1627
433,1995,2,14396,2500,11896
433,1995,3,145,9900,-9755
433,1995,4,145,2200,-2055
433,1995,5,145,2200,-2055
433,1995,6,1645,0,1645
433,1995,7,145,800,-655
433,1995,8,21838,16015,5823
433,1995,9,115,2815,-2700
433,1995,10,104,2015,-1911
433,1995,11,396,15,381
433,1995,12,994,1515,-521
433,1996,1,3694,6815,-3121
433,1996,2,1883,1315,568
433,1996,3,17609,6965,10644
433,1996,4,126,4415,-4289
433,1996,5,111,1215,-1104
433,1996,6,1707,15,1692
433,1996,7,110,4365,-4255
433,1996,8,3697,1815,1882
433,1996,9,1803,2365,-562
433,1996,10,96,4115,-4019
433,1996,11,39464,19615,19849
433,1996,12,158,9315,-9157
433,1997,1,407,13315,-12908
433,1997,2,3175,15,3160
433,1997,3,40267,19115,21152
433,1997,4,165,9365,-9200
433,1997,5,33357,19565,13792
433,1997,6,449,23765,-23316
433,1997,7,3398,15,3383
433,1997,8,1011,15,996
433,1997,9,1916,15,1901
433,1997,10,119,2465,-2346
433,1997,11,110,6365,-6255
433,1997,12,87,615,-528
433,1998,1,779,2265,-1486
433,1998,2,4579,15,4564
433,1998,3,94,1565,-1471
433,1998,4,46725,19715,27010
433,1998,5,201,15215,-15014
433,1998,6,115,12365,-12250
433,1998,7,89,3415,-3326
433,1998,8,576,15,561
433,1998,9,1674,3465,-1791
433,1998,10,0,15,-15
433,1998,11,1744,15,1729
433,1998,12,0,2100,-2100
434,1996,12,400,0,400
434,1997,1,14874,0,14874
434,1997,2,11028,1800,9228
434,1997,3,11061,7600,3461
434,1997,4,11070,12400,-1330
434,1997,5,11065,12415,-1350
434,1997,6,16545,20218,-3673
434,1997,7,11047,16418,-5371
434,1997,8,11028,11318,-290
434,1997,9,11022,14118,-3096
434,1997,10,11015,10418,597
434,1997,11,11015,11418,-403
434,1997,12,16504,15118,1386
434,1998,1,11018,11818,-800
434,1998,2,11016,10918,98
434,1998,3,11013,11718,-705
434,1998,4,11017,9218,1799
434,1998,5,11018,12518,-1500
434,1998,6,16496,18218,-1722
434,1998,7,11015,7318,3697
434,1998,8,11022,12218,-1196
434,1998,9,11025,7318,3707
434,1998,10,11039,8818,2221
434,1998,11,11047,8418,2629
434,1998,12,16554,8103,8451
435,1993,1,400,0,400
435,1993,2,5039,0,5039
435,1993,3,5039,0,5039
435,1993,4,5039,0,5039
435,1993,5,5039,0,5039
435,1993,6,5065,12165,-7100
435,1993,7,5101,4804,297
435,1993,8,5103,3204,1899
435,1993,9,5110,3204,1906
435,1993,10,5118,3204,1914
435,1993,11,5124,4164,960
435,1993,12,5128,4054,1074
435,1994,1,5117,11684,-6567
435,1994,2,5107,3204,1903
435,1994,3,5115,3204,1911
435,1994,4,5119,6804,-1685
435,1994,5,5110,6804,-1694
435,1994,6,5109,3204,1905
435,1994,7,5101,7204,-2103
435,1994,8,5108,3204,1904
435,1994,9,5116,3204,1912
435,1994,10,5124,3204,1920
435,1994,11,5132,3204,1928
435,1994,12,5140,4004,1136
435,1995,1,5122,12084,-6962
435,1995,2,5116,3204,1912
435,1995,3,5124,3204,1920
435,1995,4,5132,3204,1928
435,1995,5,5140,3204,1936
435,1995,6,5138,6794,-1656
435,1995,7,5141,3204,1937
435,1995,8,5139,6324,-1185
435,1995,9,5144,3204,1940
435,1995,10,5152,3204,1948
435,1995,11,5160,3204,1956
435,1995,12,5160,5834,-674
435,1996,1,5144,14004,-8860
435,1996,2,5128,3204,1924
435,1996,3,5136,3204,1932
435,1996,4,5144,3204,1940
435,1996,5,5153,3204,1949
435,1996,6,5146,9554,-4408
435,1996,7,5142,3204,1938
435,1996,8,5150,3204,1946
435,1996,9,5158,3204,1954
435,1996,10,5166,3204,1962
435,1996,11,5174,3204,1970
435,1996,12,5171,9184,-4013
435,1997,1,5153,9604,-4451
435,1997,2,5147,3204,1943
435,1997,3,5155,3204,1951
435,1997,4,5163,3204,1959
435,1997,5,5168,5444,-276
435,1997,6,5155,10754,-5599
435,1997,7,5145,5924,-779
435,1997,8,5144,3204,1940
435,1997,9,5151,3204,1947
435,1997,10,5160,3204,1956
435,1997,11,5167,3684,1483
435,1997,12,5171,4354,817
435,1998,1,5163,10564,-5401
435,1998,2,5154,3204,1950
435,1998,3,5162,3204,1958
435,1998,4,5168,5524,-356
435,1998,5,5169,3204,1965
435,1998,6,5140,13754,-8614
435,1998,7,5141,3204,1937
435,1998,8,5149,4804,345
435,1998,9,5147,5284,-137
435,1998,10,5141,6484,-1343
435,1998,11,5144,3204,1940
435,1998,12,5150,4389,761
436,1996,8,8403,0,8403
436,1996,9,17567,0,17567
436,1996,10,8003,1900,6103
436,1996,11,8020,4500,3520
436,1996,12,11975,7808,4167
436,1997,1,7965,32645,-24680
436,1997,2,7944,6065,1879
436,1997,3,7943,8565,-622
436,1997,4,7940,8765,-825
436,1997,5,7931,10165,-2234
436,1997,6,11877,10425,1452
436,1997,7,7945,5265,2680
436,1997,8,7943,10425,-2482
436,1997,9,7946,5265,2681
436,1997,10,7955,6105,1850
436,1997,11,7965,5265,2700
436,1997,12,11921,9305,2616
436,1998,1,7964,17625,-9661
436,1998,2,7946,5265,2681
436,1998,3,7955,10545,-2590
436,1998,4,7947,8145,-198
436,1998,5,7944,11265,-3321
436,1998,6,11880,6945,4935
436,1998,7,7953,5265,2688
436,1998,8,7958,14465,-6507
436,1998,9,7937,5265,2672
436,1998,10,7943,10865,-2922
436,1998,11,7936,5265,2671
436,1998,12,11885,11970,-85
437,1993,12,33267,0,33267
437,1994,1,21831,6600,15231
437,1994,2,21881,11100,10781
437,1994,3,21916,15200,6716
437,1994,4,21929,20963,966
437,1994,5,21910,26969,-5059
437,1994,6,32731,29729,3002
437,1994,7,21910,41369,-19459
437,1994,8,21878,24849,-2971
437,1994,9,21855,20509,1346
437,1994,10,21863,21449,414
437,1994,11,21873,19969,1904
437,1994,12,32729,26609,6120
437,1995,1,21873,29869,-7996
437,1995,2,21873,16569,5304
437,1995,3,21895,19069,2826
437,1995,4,21903,20909,994
437,1995,5,21904,22489,-585
437,1995,6,32738,29069,3669
437,1995,7,21917,22369,-452
437,1995,8,21914,18789,3125
437,1995,9,21929,18069,3860
437,1995,10,21927,22849,-922
437,1995,11,21940,16869,5071
437,1995,12,32801,26969,5832
437,1996,1,21933,36789,-14856
437,1996,2,21914,17029,4885
437,1996,3,21943,15969,5974
437,1996,4,21964,17669,4295
437,1996,5,21981,18469,3512
437,1996,6,32828,31049,1779
437,1996,7,21993,23469,-1476
437,1996,8,21979,29609,-7630
437,1996,9,21961,17669,4292
437,1996,10,21983,15269,6714
437,1996,11,21999,19149,2850
437,1996,12,32857,23769,9088
437,1997,1,22017,28789,-6772
437,1997,2,22017,19869,2148
437,1997,3,22026,21769,257
437,1997,4,22031,18969,3062
437,1997,5,22045,18069,3976
437,1997,6,32819,59369,-26550
437,1997,7,22078,5369,16709
437,1997,8,22026,14069,7957
437,1997,9,22041,23409,-1368
437,1997,10,22056,12769,9287
437,1997,11,22042,32369,-10327
437,1997,12,32880,21949,10931
437,1998,1,29970,28049,1921
437,1998,2,21999,54489,-32490
437,1998,3,26095,5369,20726
437,1998,4,28490,5369,23121
437,1998,5,22012,65769,-43757
437,1998,6,56192,56349,-157
437,1998,7,47561,5369,42192
437,1998,8,23912,26369,-2457
437,1998,9,30047,52969,-22922
437,1998,10,43215,46869,-3654
437,1998,11,46665,23169,23496
437,1998,12,46267,70474,-24207
438,1997,6,900,0,900
438,1997,7,14400,0,14400
438,1997,8,6000,0,6000
438,1997,9,40258,0,40258
438,1997,10,256,19800,-19544
438,1997,11,256,9500,-9244
438,1997,12,256,5800,-5544
438,1998,1,36190,21200,14990
438,1998,2,175,14000,-13825
438,1998,3,175,6200,-6025
438,1998,4,175,1700,-1525
438,1998,5,175,800,-625
438,1998,6,175,6600,-6425
438,1998,7,175,2600,-2425
438,1998,11,22456,0,22456
438,1998,12,0,14300,-14300
439,1996,4,300,0,300
439,1996,5,13127,0,13127
439,1996,6,50028,0,50028
439,1996,7,1322,18600,-17278
439,1996,8,1272,9315,-8043
439,1996,9,1244,7915,-6671
439,1996,10,1223,5115,-3892
439,1996,11,42316,15,42301
439,1996,12,1336,24915,-23579
439,1997,1,1257,16415,-15158
439,1997,2,1227,2415,-1188
439,1997,3,1218,4015,-2797
439,1997,4,1197,9015,-7818
439,1997,5,1179,1815,-636
439,1997,6,23535,13065,10470
439,1997,7,1213,4815,-3602
439,1997,8,1197,5065,-3868
439,1997,9,1393,15,1378
439,1997,10,1196,15,1181
439,1997,11,1200,1715,-515
439,1997,12,1191,4215,-3024
439,1998,1,1567,8515,-6948
439,1998,2,8474,15,8459
439,1998,3,10554,15,10539
439,1998,4,1227,6115,-4888
439,1998,5,24596,11865,12731
439,1998,6,1243,26115,-24872
439,1998,7,8385,1215,7170
439,1998,8,4005,15,3990
439,1998,9,5324,15,5309
439,1998,10,1232,1815,-583
439,1998,11,1228,2915,-1687
439,1998,12,1420,2600,-1180
440,1996,12,500,0,500
440,1997,1,20694,0,20694
440,1997,2,16565,6400,10165
440,1997,3,16596,14200,2396
440,1997,4,16600,18700,-2100
440,1997,5,16598,20815,-4217
440,1997,6,24804,29440,-4636
440,1997,7,16580,12940,3640
440,1997,8,16573,23440,-6867
440,1997,9,16559,14840,1719
440,1997,10,16562,15840,722
440,1997,11,16575,13140,3435
440,1997,12,24822,23820,1002
440,1998,1,18956,25960,-7004
440,1998,2,16875,5840,11035
440,1998,3,16614,9540,7074
440,1998,4,16625,17696,-1071
440,1998,5,16626,14696,1930
440,1998,6,24882,19356,5526
440,1998,7,16644,19016,-2372
440,1998,8,16645,14796,1849
440,1998,9,16653,14396,2257
440,1998,10,16658,16356,302
440,1998,11,16680,7896,8784
440,1998,12,24949,19741,5208
441,1993,12,900,0,900
441,1994,1,44805,10900,33905
441,1994,2,44915,25400,19515
441,1994,3,44973,36100,8873
441,1994,4,45004,39400,5604
441,1994,5,44966,73095,-28129
441,1994,6,67294,76536,-9242
441,1994,7,44917,37836,7081
441,1994,8,44950,31836,13114
441,1994,9,44974,40535,4439
441,1994,10,44981,54636,-9655
441,1994,11,45045,32436,12609
441,1994,12,67304,84236,-16932
441,1995,1,44906,60436,-15530
441,1995,2,44899,37936,6963
441,1995,3,44905,36463,8442
441,1995,4,44950,32536,12414
441,1995,5,44985,41436,3549
441,1995,6,67318,85536,-18218
441,1995,7,44953,27136,17817
441,1995,8,45003,38236,6767
441,1995,9,45063,20636,24427
441,1995,10,44969,90626,-45657
441,1995,11,47595,17036,30559
441,1995,12,67354,82036,-14682
441,1996,1,47490,58040,-10550
441,1996,2,45025,13136,31889
441,1996,3,45063,45936,-873
441,1996,4,45066,47668,-2602
441,1996,5,45084,44036,1048
441,1996,6,67393,116536,-49143
441,1996,7,54507,3836,50671
441,1996,8,45110,22936,22174
441,1996,9,45091,65136,-20045
441,1996,10,45130,21136,23994
441,1996,11,45052,76836,-31784
441,1996,12,67391,84236,-16845
441,1997,1,54474,71732,-17258
441,1997,2,44982,17336,27646
441,1997,3,45077,42036,3041
441,1997,4,44994,57436,-12442
441,1997,5,45085,34679,10406
441,1997,6,67361,74636,-7275
441,1997,7,45043,35957,9086
441,1997,8,45096,32161,12935
441,1997,9,45104,47305,-2201
441,1997,10,45056,55136,-10080
441,1997,11,45024,54736,-9712
441,1997,12,80224,78236,1988
441,1998,1,45068,57536,-12468
441,1998,2,45045,26836,18209
441,1998,3,45099,29736,15363
441,1998,4,49937,65236,-15299
441,1998,5,45123,20036,25087
441,1998,6,67513,69136,-1623
441,1998,7,51341,76636,-25295
441,1998,8,45110,19736,25374
441,1998,9,55049,74536,-19487
441,1998,10,45136,17236,27900
441,1998,11,45177,44336,841
441,1998,12,67556,61606,5950
442,1997,3,600,0,600
442,1997,6,9500,0,9500
442,1997,7,6300,0,6300
442,1997,8,43874,20100,23774
442,1997,9,13110,21400,-8290
442,1997,10,132,13400,-13268
442,1997,11,132,1800,-1668
442,1997,12,132,300,-168
442,1998,1,37869,19500,18369
442,1998,2,146,13600,-13454
442,1998,3,146,9200,-9054
442,1998,4,23217,19900,3317
442,1998,5,43567,32715,10852
442,1998,6,14010,15144,-1134
442,1998,7,38985,44644,-5659
442,1998,8,43109,39944,3165
442,1998,9,86851,62744,24107
442,1998,10,135,30444,-30309
442,1998,11,12748,15144,-2396
442,1998,12,54920,15130,39790
443,1993,1,500,0,500
443,1993,2,3058,0,3058
443,1993,3,3058,0,3058
443,1993,4,3058,0,3058
443,1993,5,3058,0,3058
443,1993,6,3060,15,3045
443,1993,7,3122,3433,-311
443,1993,8,3121,2473,648
443,1993,9,3125,2053,1072
443,1993,10,3130,2053,1077
443,1993,11,3134,2053,1081
443,1993,12,3138,2413,725
443,1994,1,3139,3133,6
443,1994,2,3136,3463,-327
443,1994,3,3141,2053,1088
443,1994,4,3145,2053,1092
443,1994,5,3149,2053,1096
443,1994,6,3151,3073,78
443,1994,7,3154,2053,1101
443,1994,8,3158,2853,305
443,1994,9,3156,4553,-1397
443,1994,10,3154,2053,1101
443,1994,11,3158,3343,-185
443,1994,12,3150,5443,-2293
443,1995,1,3144,3703,-559
443,1995,2,3146,2053,1093
443,1995,3,3151,2053,1098
443,1995,4,3151,4093,-942
443,1995,5,3151,2053,1098
443,1995,6,3155,5413,-2258
443,1995,7,3143,2893,250
443,1995,8,3148,2053,1095
443,1995,9,3152,2053,1099
443,1995,10,3155,2503,652
443,1995,11,3158,3493,-335
443,1995,12,3152,3973,-821
443,1996,1,3152,4153,-1001
443,1996,2,3150,2053,1097
443,1996,3,3150,3283,-133
443,1996,4,3154,2053,1101
443,1996,5,3159,2893,266
443,1996,6,3149,5623,-2474
443,1996,7,3146,3073,73
443,1996,8,3149,2263,886
443,1996,9,3153,2053,1100
443,1996,10,3158,2053,1105
443,1996,11,3162,2983,179
443,1996,12,3160,3553,-393
443,1997,1,3157,3673,-516
443,1997,2,3155,3193,-38
443,1997,3,3159,2053,1106
443,1997,4,3163,2053,1110
443,1997,5,3168,2053,1115
443,1997,6,3170,7003,-3833
443,1997,7,3152,3703,-551
443,1997,8,3154,2053,1101
443,1997,9,3155,3313,-158
443,1997,10,3158,2053,1105
443,1997,11,3160,2803,357
443,1997,12,3163,2263,900
443,1998,1,3164,4543,-1379
443,1998,2,3161,2053,1108
443,1998,3,3166,2053,1113
443,1998,4,3165,3913,-748
443,1998,5,3167,2053,1114
443,1998,6,3154,9283,-6129
443,1998,7,3146,2053,1093
443,1998,8,3149,2743,406
443,1998,9,3152,2053,1099
443,1998,10,3154,3463,-309
443,1998,11,3154,3403,-249
443,1998,12,3148,4768,-1620
444,1996,5,7824,0,7824
444,1996,6,18936,0,18936
444,1996,7,6818,5500,1318
444,1996,8,6826,4500,2326
444,1996,9,6834,5515,1319
444,1996,10,6832,7084,-252
444,1996,11,6834,7584,-750
444,1996,12,10176,12784,-2608
444,1997,1,6823,4984,1839
444,1997,2,6821,8084,-1263
444,1997,3,10137,4484,5653
444,1997,4,6833,10184,-3351
444,1997,5,8140,4484,3656
444,1997,6,10197,9284,913
444,1997,7,6847,10784,-3937
444,1997,8,7942,4484,3458
444,1997,9,11157,7684,3473
444,1997,10,10767,7784,2983
444,1997,11,7483,4484,2999
444,1997,12,10249,6884,3365
444,1998,1,6907,8284,-1377
444,1998,2,6902,9184,-2282
444,1998,3,6893,7884,-991
444,1998,4,6888,8784,-1896
444,1998,5,6877,7784,-907
444,1998,6,10623,23684,-13061
444,1998,7,10424,5184,5240
444,1998,8,6843,7584,-741
444,1998,9,10531,8384,2147
444,1998,10,11655,4484,7171
444,1998,11,6880,4984,1896
444,1998,12,10244,6569,3675
445,1993,7,1100,0,1100
445,1993,8,20276,0,20276
445,1993,9,19060,6400,12660
445,1993,10,19108,15600,3508
445,1993,11,19122,15700,3422
445,1993,12,28651,28128,523
445,1994,1,19107,28695,-9588
445,1994,2,19110,29395,-10285
445,1994,3,19075,13695,5380
445,1994,4,19096,14595,4501
445,1994,5,19112,18095,1017
445,1994,6,28617,25295,3322
445,1994,7,19119,24495,-5376
445,1994,8,19101,21395,-2294
445,1994,9,19096,17395,1701
445,1994,10,19100,19395,-295
445,1994,11,19096,21295,-2199
445,1994,12,28583,25295,3288
445,1995,1,19099,20795,-1696
445,1995,2,19097,17595,1502
445,1995,3,19099,25695,-6596
445,1995,4,19081,14695,4386
445,1995,5,19073,21746,-2673
445,1995,6,28583,22095,6488
445,1995,7,19107,18795,312
445,1995,8,19106,19295,-189
445,1995,9,19101,20995,-1894
445,1995,10,19095,21995,-2900
445,1995,11,19091,25895,-6804
445,1995,12,28561,23495,5066
445,1996,1,19086,14295,4791
445,1996,2,19115,13795,5320
445,1996,3,20704,25095,-4391
445,1996,4,19088,26295,-7207
445,1996,5,19081,13595,5486
445,1996,6,28597,23595,5002
445,1996,7,19106,20695,-1589
445,1996,8,19114,15095,4019
445,1996,9,19111,28695,-9584
445,1996,10,19089,15795,3294
445,1996,11,25129,11595,13534
445,1996,12,28665,22495,6170
445,1997,1,19162,23895,-4733
445,1997,2,19149,19595,-446
445,1997,3,19130,29195,-10065
445,1997,4,21118,16095,5023
445,1997,5,19146,12895,6251
445,1997,6,28664,18873,9791
445,1997,7,19186,20795,-1609
445,1997,8,19173,21995,-2822
445,1997,9,19116,37395,-18279
445,1997,10,19107,15795,3312
445,1997,11,19102,22839,-3737
445,1997,12,28608,16495,12113
445,1998,1,19099,34395,-15296
445,1998,2,19086,16195,2891
445,1998,3,19083,24695,-5612
445,1998,4,19084,14495,4589
445,1998,5,19070,24657,-5587
445,1998,6,28576,17195,11381
445,1998,7,19103,22995,-3892
445,1998,8,19102,16295,2807
445,1998,9,19103,19295,-192
445,1998,10,19092,31795,-12703
445,1998,11,19078,26795,-7717
445,1998,12,28568,16965,11603
446,1993,6,1100,0,1100
446,1993,7,24215,1000,23215
446,1993,8,24287,13600,10687
446,1993,9,24321,17900,6421
446,1993,10,24344,19500,4844
446,1993,11,24336,31676,-7340
446,1993,12,36421,34676,1745
446,1994,1,24301,42136,-17835
446,1994,2,24275,21196,3079
446,1994,3,24287,17256,7031
446,1994,4,24299,29456,-5157
446,1994,5,24286,22236,2050
446,1994,6,36363,49856,-13493
446,1994,7,24256,15656,8600
446,1994,8,24292,18356,5936
446,1994,9,24342,8056,16286
446,1994,10,24380,17856,6524
446,1994,11,24395,21656,2739
446,1994,12,36522,23816,12706
446,1995,1,24416,47656,-23240
446,1995,2,24382,14956,9426
446,1995,3,24397,24956,-559
446,1995,4,24397,22256,2141
446,1995,5,24406,22356,2050
446,1995,6,36489,51416,-14927
446,1995,7,24375,17156,7219
446,1995,8,24393,25576,-1183
446,1995,9,24397,15856,8541
446,1995,10,24406,21356,3050
446,1995,11,24417,25156,-739
446,1995,12,36529,27356,9173
446,1996,1,24378,54996,-30618
446,1996,2,24367,11256,13111
446,1996,3,24398,33956,-9558
446,1996,4,24404,19256,5148
446,1996,5,24419,23956,463
446,1996,6,36513,35456,1057
446,1996,7,24403,22756,1647
446,1996,8,24407,24656,-249
446,1996,9,24405,23556,849
446,1996,10,24408,21956,2452
446,1996,11,24415,24456,-41
446,1996,12,36507,35476,1031
446,1997,1,24375,38336,-13961
446,1997,2,24360,21756,2604
446,1997,3,24374,25636,-1262
446,1997,4,24361,27756,-3395
446,1997,5,24334,30376,-6042
446,1997,6,36411,35056,1355
446,1997,7,24327,24356,-29
446,1997,8,24324,24556,-232
446,1997,9,24315,29456,-5141
446,1997,10,24301,22956,1345
446,1997,11,24300,30476,-6176
446,1997,12,36389,31416,4973
446,1998,1,24283,33216,-8933
446,1998,2,24257,23956,301
446,1998,3,24262,23156,1106
446,1998,4,24267,22056,2211
446,1998,5,24271,25056,-785
446,1998,6,36372,27256,9116
446,1998,7,24299,27056,-2757
446,1998,8,24281,29656,-5375
446,1998,9,24271,26456,-2185
446,1998,10,24291,6956,17335
446,1998,11,24300,41136,-16836
446,1998,12,36397,9541,26856
447,1996,8,1100,0,1100
447,1996,9,20682,1000,19682
447,1996,10,20742,10700,10042
447,1996,11,20778,13200,7578
447,1996,12,31142,17300,13842
447,1997,1,20847,22255,-1408
447,1997,2,20843,21069,-226
447,1997,3,20832,26769,-5937
447,1997,4,20824,19169,1655
447,1997,5,20823,22169,-1346
447,1997,6,31155,24269,6886
447,1997,7,20834,25369,-4535
447,1997,8,20829,19969,860
447,1997,9,20852,12469,8383
447,1997,10,20871,18169,2702
447,1997,11,20885,16469,4416
447,1997,12,31229,27329,3900
447,1998,1,20914,19069,1845
447,1998,2,20912,19969,943
447,1998,3,20922,19369,1553
447,1998,4,20918,23469,-2551
447,1998,5,20899,26849,-5950
447,1998,6,31237,18969,12268
447,1998,7,20888,36729,-15841
447,1998,8,20881,17669,3212
447,1998,9,20880,21669,-789
447,1998,10,20899,15269,5630
447,1998,11,20921,15469,5452
447,1998,12,31272,21334,9938
449,1994,11,900,0,900
449,1994,12,4456,0,4456
449,1995,1,4456,0,4456
449,1995,2,4456,0,4456
449,1995,3,4456,0,4456
449,1995,4,4509,5244,-735
449,1995,5,4540,1968,2572
449,1995,6,4516,12718,-8202
449,1995,7,4514,3168,1346
449,1995,8,4522,5488,-966
449,1995,9,4521,1968,2553
449,1995,10,4525,5328,-803
449,1995,11,4525,1968,2557
449,1995,12,4532,3428,1104
449,1996,1,4520,8608,-4088
449,1996,2,4523,1968,2555
449,1996,3,4534,1968,2566
449,1996,4,4545,1968,2577
449,1996,5,4552,3368,1184
449,1996,6,4560,1968,2592
449,1996,7,4561,6168,-1607
449,1996,8,4558,4568,-10
449,1996,9,4557,4868,-311
449,1996,10,4545,8668,-4123
449,1996,11,4545,5968,-1423
449,1996,12,4525,6828,-2303
449,1997,1,4516,6648,-2132
449,1997,2,4516,3868,648
449,1997,3,4521,3168,1353
449,1997,4,4515,7068,-2553
449,1997,5,4506,6368,-1862
449,1997,6,4500,5568,-1068
449,1997,7,4502,3368,1134
449,1997,8,4511,1968,2543
449,1997,9,4517,3568,949
449,1997,10,4523,4448,75
449,1997,11,4522,4368,154
449,1997,12,4525,2918,1607
449,1998,1,4519,7058,-2539
449,1998,2,4523,1968,2555
449,1998,3,4533,1968,2565
449,1998,4,4544,1968,2576
449,1998,5,4549,5248,-699
449,1998,6,4544,4928,-384
449,1998,7,4546,4368,178
449,1998,8,4543,7408,-2865
449,1998,9,4539,1968,2571
449,1998,10,4550,1968,2582
449,1998,11,4560,1968,2592
449,1998,12,4527,15403,-10876
450,1996,5,1100,0,1100
450,1996,6,4393,0,4393
450,1996,7,4393,0,4393
450,1996,8,4393,0,4393
450,1996,9,4393,0,4393
450,1996,10,4443,2419,2024
450,1996,11,4480,6519,-2039
450,1996,12,4466,7639,-3173
450,1997,1,4454,6899,-2445
450,1997,2,4448,5799,-1351
450,1997,3,4444,4819,-375
450,1997,4,4444,3619,825
450,1997,5,4446,4519,-73
450,1997,6,4448,2419,2029
450,1997,7,4448,8179,-3731
450,1997,8,4441,2419,2022
450,1997,9,4449,2419,2030
450,1997,10,4457,6019,-1562
450,1997,11,4446,5619,-1173
450,1997,12,4443,4519,-76
450,1998,1,4445,2979,1466
450,1998,2,4445,6519,-2074
450,1998,3,4444,2419,2025
450,1998,4,4452,2419,2033
450,1998,5,4449,8619,-4170
450,1998,6,4443,2419,2024
450,1998,7,4443,6419,-1976
450,1998,8,4442,2919,1523
450,1998,9,4446,3919,527
450,1998,10,4450,3019,1431
450,1998,11,4457,3319,1138
450,1998,12,4458,3904,554
451,1994,5,700,0,700
451,1994,6,12300,0,12300
451,1994,7,5800,0,5800
451,1994,8,4500,0,4500
451,1994,9,1300,0,1300
451,1994,10,0,800,-800
451,1994,11,1300,0,1300
451,1994,12,1804,0,1804
451,1995,1,2500,0,2500
451,1995,2,124,0,124
451,1995,3,1413,0,1413
451,1995,4,129,4100,-3971
451,1995,5,1429,0,1429
451,1995,6,129,4300,-4171
451,1995,7,3329,0,3329
451,1995,8,329,0,329
451,1995,9,1729,0,1729
451,1995,10,129,3600,-3471
451,1995,11,1829,0,1829
451,1995,12,129,1300,-1171
451,1996,1,529,0,529
451,1996,2,129,2300,-2171
451,1996,3,829,0,829
451,1996,4,129,1500,-1371
451,1996,5,429,0,429
451,1996,6,129,1700,-1571
451,1996,7,1029,0,1029
451,1996,8,129,2600,-2471
451,1996,9,129,1200,-1071
451,1996,10,129,3900,-3771
451,1996,11,1529,0,1529
451,1996,12,129,1000,-871
451,1997,1,4029,0,4029
451,1997,2,129,500,-371
451,1997,3,1229,0,1229
451,1997,4,129,700,-571
451,1997,5,129,1100,-971
451,1997,6,129,1200,-1071
451,1997,7,129,700,-571
451,1997,8,129,200,-71
451,1997,9,129,1300,-1171
451,1997,10,5629,0,5629
451,1997,11,129,300,-171
451,1997,12,129,2700,-2571
451,1998,1,2129,0,2129
451,1998,2,129,3000,-2871
451,1998,3,129,100,29
451,1998,4,129,2600,-2471
451,1998,5,329,0,329
451,1998,6,129,2900,-2771
451,1998,7,2329,0,2329
451,1998,8,6729,0,6729
451,1998,10,129,900,-771
451,1998,11,129,3600,-3471
451,1998,12,0,3600,-3600
452,1995,11,800,0,800
452,1995,12,54217,12200,42017
452,1996,1,10927,12900,-1973
452,1996,2,38508,24800,13708
452,1996,3,227,15100,-14873
452,1996,4,227,4500,-4273
452,1996,5,91384,73115,18269
452,1996,6,650,21348,-20698
452,1996,7,1920,5448,-3528
452,1996,8,4308,5448,-1140
452,1996,9,64261,30648,33613
452,1996,10,35538,35248,290
452,1996,11,47822,39748,8074
452,1996,12,236,29148,-28912
452,1997,1,48855,52548,-3693
452,1997,2,7631,9148,-1517
452,1997,3,7452,5448,2004
452,1997,4,5358,5448,-90
452,1997,5,15318,5448,9870
452,1997,6,43102,41248,1854
452,1997,7,183,9577,-9394
452,1997,8,9773,5448,4325
452,1997,9,3270,8748,-5478
452,1997,10,2657,5448,-2791
452,1997,11,83309,20948,62361
452,1997,12,324,31048,-30724
452,1998,1,45126,62448,-17322
452,1998,2,55935,54913,1022
452,1998,3,1999,5448,-3449
452,1998,4,82109,30547,51562
452,1998,5,42681,81944,-39263
452,1998,6,134994,112148,22846
452,1998,7,48853,103961,-55108
452,1998,8,66657,41230,25427
452,1998,9,100848,68000,32848
452,1998,10,91797,111742,-19945
452,1998,11,254,6948,-6694
452,1998,12,48359,32172,16187
453,1997,4,1100,0,1100
453,1997,5,27328,0,27328
453,1997,6,36285,17200,19085
453,1997,7,24298,20900,3398
453,1997,8,24314,20200,4114
453,1997,9,24339,26527,-2188
453,1997,10,24334,23927,407
453,1997,11,24324,29927,-5603
453,1997,12,36385,33827,2558
453,1998,1,24305,35227,-10922
453,1998,2,24279,19227,5052
453,1998,3,24318,18227,6091
453,1998,4,24324,24727,-403
453,1998,5,24327,18927,5400
453,1998,6,36389,44827,-8438
453,1998,7,24313,18227,6086
453,1998,8,24326,23427,899
453,1998,9,24335,19827,4508
453,1998,10,24354,22827,1527
453,1998,11,24368,24527,-159
453,1998,12,36477,9712,26765
454,1995,5,700,0,700
454,1995,6,16412,0,16412
454,1995,7,10701,0,10701
454,1995,8,10478,0,10478
454,1995,9,8703,4900,3803
454,1995,10,8684,16982,-8298
454,1995,11,8648,20742,-12094
454,1995,12,12912,8202,4710
454,1996,1,8618,22242,-13624
454,1996,2,13108,7982,5126
454,1996,3,9923,5702,4221
454,1996,4,12048,5702,6346
454,1996,5,9663,6542,3121
454,1996,6,22004,30582,-8578
454,1996,7,10436,5702,4734
454,1996,8,8654,8702,-48
454,1996,9,10051,10262,-211
454,1996,10,10355,5702,4653
454,1996,11,8671,10102,-1431
454,1996,12,12943,9802,3141
454,1997,1,11647,21182,-9535
454,1997,2,12043,5702,6341
454,1997,3,8663,9482,-819
454,1997,4,11966,5702,6264
454,1997,5,8686,8942,-256
454,1997,6,12932,20042,-7110
454,1997,7,9259,10142,-883
454,1997,8,11151,9782,1369
454,1997,9,9555,11222,-1667
454,1997,10,8643,11822,-3179
454,1997,11,13033,10502,2531
454,1997,12,12921,10722,2199
454,1998,1,8642,19422,-10780
454,1998,2,12521,5702,6819
454,1998,3,8744,5702,3042
454,1998,4,18232,22862,-4630
454,1998,5,11343,5702,5641
454,1998,6,12931,16622,-3691
454,1998,7,8643,7302,1341
454,1998,8,8649,7922,727
454,1998,9,8651,7302,1349
454,1998,10,8652,9402,-750
454,1998,11,8648,10002,-1354
454,1998,12,12924,8087,4837
455,1995,4,500,0,500
455,1995,5,16129,0,16129
455,1995,6,18849,6500,12349
455,1995,7,12635,8700,3935
455,1995,8,12646,12300,346
455,1995,9,12648,12115,533
455,1995,10,12647,16654,-4007
455,1995,11,12633,14354,-1721
455,1995,12,18880,16834,2046
455,1996,1,12635,13554,-919
455,1996,2,12623,14234,-1611
455,1996,3,12618,17014,-4396
455,1996,4,12611,10854,1757
455,1996,5,12621,9454,3167
455,1996,6,18868,22834,-3966
455,1996,7,12608,13954,-1346
455,1996,8,12608,11154,1454
455,1996,9,12609,15234,-2625
455,1996,10,12609,10154,2455
455,1996,11,16528,8354,8174
455,1996,12,21619,11074,10545
455,1997,1,12657,26034,-13377
455,1997,2,14238,11234,3004
455,1997,3,12649,9854,2795
455,1997,4,12657,10654,2003
455,1997,5,12661,11674,987
455,1997,6,18915,36874,-17959
455,1997,7,15912,8354,7558
455,1997,8,12626,10254,2372
455,1997,9,12631,11654,977
455,1997,10,15121,16634,-1513
455,1997,11,12613,18814,-6201
455,1997,12,19668,14994,4674
455,1998,1,12615,16514,-3899
455,1998,2,12614,8654,3960
455,1998,3,12635,8354,4281
455,1998,4,12628,16054,-3426
455,1998,5,12617,15274,-2657
455,1998,6,18863,26334,-7471
455,1998,7,12587,10454,2133
455,1998,8,12599,9254,3345
455,1998,9,12615,8654,3961
455,1998,10,12610,15294,-2684
455,1998,11,12612,11454,1158
455,1998,12,18885,15019,3866
456,1993,1,700,0,700
456,1993,2,47882,10500,37382
456,1993,3,48014,29400,18614
456,1993,4,48078,39800,8278
456,1993,5,48068,67700,-19632
456,1993,6,71957,77115,-5158
456,1993,7,48025,31115,16910
456,1993,8,48109,47243,866
456,1993,9,48076,47120,956
456,1993,10,48078,82273,-34195
456,1993,11,47985,21715,26270
456,1993,12,71996,83815,-11819
456,1994,1,48026,59815,-11789
456,1994,2,48058,28009,20049
456,1994,3,48056,34115,13941
456,1994,4,48007,77015,-29008
456,1994,5,48003,33195,14808
456,1994,6,71984,75115,-3131
456,1994,7,48023,49877,-1854
456,1994,8,48025,47950,75
456,1994,9,48036,36115,11921
456,1994,10,48086,36115,11971
456,1994,11,48096,62855,-14759
456,1994,12,71948,91715,-19767
456,1995,1,47971,54842,-6871
456,1995,2,48064,25315,22749
456,1995,3,48059,36015,12044
456,1995,4,48096,41315,6781
456,1995,5,48108,48615,-507
456,1995,6,72021,104854,-32833
456,1995,7,47986,43162,4824
456,1995,8,48088,36584,11504
456,1995,9,48130,15015,33115
456,1995,10,48225,39496,8729
456,1995,11,48253,32615,15638
456,1995,12,72179,107992,-35813
456,1996,1,48074,69715,-21641
456,1996,2,48098,20163,27935
456,1996,3,48129,42541,5588
456,1996,4,48238,25415,22823
456,1996,5,48258,41629,6629
456,1996,6,72148,93015,-20867
456,1996,7,48236,39715,8521
456,1996,8,48274,37515,10759
456,1996,9,48304,67615,-19311
456,1996,10,48228,44415,3813
456,1996,11,48234,46391,1843
456,1996,12,72114,114915,-42801
456,1997,1,48094,62415,-14321
456,1997,2,47999,15,47984
456,1997,3,48204,77768,-29564
456,1997,4,48239,42915,5324
456,1997,5,48114,69491,-21377
456,1997,6,72023,62915,9108
456,1997,7,48068,59247,-11179
456,1997,8,47999,34215,13784
456,1997,9,48053,40415,7638
456,1997,10,48097,54577,-6480
456,1997,11,48070,64693,-16623
456,1997,12,72064,48115,23949
456,1998,1,48040,76215,-28175
456,1998,2,48040,46015,2025
456,1998,3,47980,40415,7565
456,1998,4,48007,45615,2392
456,1998,5,48008,56815,-8807
456,1998,6,71909,54815,17094
456,1998,7,48044,51915,-3871
456,1998,8,48067,57915,-9848
456,1998,9,47998,42015,5983
456,1998,10,48023,42315,5708
456,1998,11,48121,49015,-894
456,1998,12,72153,58000,14153
458,1995,6,1100,0,1100
458,1995,7,18895,0,18895
458,1995,8,16965,3800,13165
458,1995,9,17006,9900,7106
458,1995,10,17021,16200,821
458,1995,11,17013,20701,-3688
458,1995,12,25470,20801,4669
458,1996,1,16997,30501,-13504
458,1996,2,18995,10801,8194
458,1996,3,17002,18801,-1799
458,1996,4,17008,13401,3607
458,1996,5,17016,16001,1015
458,1996,6,25477,12801,12676
458,1996,7,17061,20601,-3540
458,1996,8,17051,18801,-1750
458,1996,9,17046,21901,-4855
458,1996,10,17023,20101,-3078
458,1996,11,17020,15201,1819
458,1996,12,25455,20501,4954
458,1997,1,17028,24801,-7773
458,1997,2,17014,15901,1113
458,1997,3,17029,12101,4928
458,1997,4,17012,22201,-5189
458,1997,5,17028,11801,5227
458,1997,6,25490,15201,10289
458,1997,7,17058,22801,-5743
458,1997,8,17030,24601,-7571
458,1997,9,17033,14101,2932
458,1997,10,17048,12301,4747
458,1997,11,17061,14901,2160
458,1997,12,25505,19801,5704
458,1998,1,17034,37301,-20267
458,1998,2,17020,9601,7419
458,1998,3,17036,16201,835
458,1998,4,17027,20801,-3774
458,1998,5,17030,20701,-3671
458,1998,6,25462,21701,3761
458,1998,7,17051,14601,2450
458,1998,8,17048,13401,3647
458,1998,9,17061,17901,-840
458,1998,10,17059,13601,3458
458,1998,11,17071,18401,-1330
458,1998,12,25516,10886,14630
459,1993,1,1000,0,1000
459,1993,2,13400,0,13400
459,1993,3,3100,0,3100
459,1993,4,6500,0,6500
459,1993,5,1100,0,1100
459,1993,6,300,0,300
459,1993,7,0,1200,-1200
459,1993,8,1300,0,1300
459,1993,9,700,0,700
459,1993,10,0,1700,-1700
459,1993,11,2000,0,2000
459,1993,12,0,1100,-1100
459,1994,1,0,3100,-3100
459,1994,2,0,600,-600
459,1994,3,500,0,500
459,1994,4,0,900,-900
459,1994,5,0,400,-400
459,1994,6,0,1300,-1300
459,1994,7,2500,0,2500
459,1994,8,0,1700,-1700
459,1994,9,1700,0,1700
459,1994,10,0,600,-600
459,1994,11,0,1000,-1000
459,1994,12,1200,0,1200
459,1995,1,0,1600,-1600
459,1995,2,0,600,-600
459,1995,3,0,1300,-1300
459,1995,4,0,2300,-2300
459,1995,5,0,2800,-2800
459,1995,6,0,1900,-1900
459,1995,7,0,600,-600
459,1995,8,2000,0,2000
459,1995,9,0,1700,-1700
459,1995,10,0,400,-400
459,1995,11,400,0,400
459,1995,12,0,200,-200
459,1996,1,2200,0,2200
459,1996,2,100,0,100
459,1996,3,800,0,800
459,1996,4,1200,0,1200
459,1996,5,0,2200,-2200
459,1996,6,2300,0,2300
459,1996,7,0,1200,-1200
459,1996,8,100,0,100
459,1996,9,0,3500,-3500
459,1996,10,0,2300,-2300
459,1996,11,1400,0,1400
459,1997,1,0,800,-800
459,1997,3,0,700,-700
460,1994,4,1100,0,1100
460,1994,5,5922,0,5922
460,1994,6,5922,0,5922
460,1994,7,5922,0,5922
460,1994,8,5975,200,5775
460,1994,9,6022,8369,-2347
460,1994,10,6018,6069,-51
460,1994,11,6019,5069,950
460,1994,12,6019,7419,-1400
460,1995,1,6005,8869,-2864
460,1995,2,6005,5169,836
460,1995,3,6011,4209,1802
460,1995,4,6018,4369,1649
460,1995,5,6018,7609,-1591
460,1995,6,6003,10069,-4066
460,1995,7,6000,4869,1131
460,1995,8,5995,8229,-2234
460,1995,9,5989,6869,-880
460,1995,10,5985,6969,-984
460,1995,11,5991,6129,-138
460,1995,12,5988,4319,1669
460,1996,1,5989,6129,-140
460,1996,2,5988,6129,-141
460,1996,3,5972,10969,-4997
460,1996,4,5968,5769,199
460,1996,5,5976,3569,2407
460,1996,6,5986,3569,2417
460,1996,7,5996,3569,2427
460,1996,8,6006,3569,2437
460,1996,9,6007,6689,-682
460,1996,10,6005,7409,-1404
460,1996,11,6008,3569,2439
460,1996,12,6013,9579,-3566
460,1997,1,5992,7529,-1537
460,1997,2,5996,3569,2427
460,1997,3,6004,4449,1555
460,1997,4,6013,3569,2444
460,1997,5,6019,9329,-3310
460,1997,6,5997,11019,-5022
460,1997,7,5988,3569,2419
460,1997,8,5998,3569,2429
460,1997,9,6008,3569,2439
460,1997,10,6018,3569,2449
460,1997,11,6029,3569,2460
460,1997,12,6037,4869,1168
460,1998,1,6037,8269,-2232
460,1998,2,6034,3569,2465
460,1998,3,6043,5569,474
460,1998,4,6046,3569,2477
460,1998,5,6057,3569,2488
460,1998,6,6062,5269,793
460,1998,7,6067,4689,1378
460,1998,8,6076,3569,2507
460,1998,9,6086,3569,2517
460,1998,10,6097,3569,2528
460,1998,11,6099,7169,-1070
460,1998,12,6100,4504,1596
461,1993,2,600,0,600
461,1993,3,6388,0,6388
461,1993,4,6388,0,6388
461,1993,5,6388,0,6388
461,1993,6,6432,1700,4732
461,1993,7,6497,4145,2352
461,1993,8,6503,7625,-1122
461,1993,9,6498,5845,653
461,1993,10,6506,3145,3361
461,1993,11,6518,7165,-647
461,1993,12,6515,6695,-180
461,1994,1,6503,12505,-6002
461,1994,2,6486,6925,-439
461,1994,3,6492,2245,4247
461,1994,4,6500,8385,-1885
461,1994,5,6501,3845,2656
461,1994,6,6510,5195,1315
461,1994,7,6515,3845,2670
461,1994,8,6521,5745,776
461,1994,9,6514,10145,-3631
461,1994,10,6507,8265,-1758
461,1994,11,6511,2945,3566
461,1994,12,6521,4445,2076
461,1995,1,6523,11065,-4542
461,1995,2,6513,4885,1628
461,1995,3,6520,3645,2875
461,1995,4,6523,8385,-1862
461,1995,5,6520,5045,1475
461,1995,6,6511,9845,-3334
461,1995,7,6512,5245,1267
461,1995,8,6525,3045,3480
461,1995,9,6535,6185,350
461,1995,10,6538,5245,1293
461,1995,11,6548,2845,3703
461,1995,12,6555,6315,240
461,1996,1,6545,12665,-6120
461,1996,2,6536,1545,4991
461,1996,3,6550,7345,-795
461,1996,4,6557,2645,3912
461,1996,5,6564,4905,1659
461,1996,6,6564,7545,-981
461,1996,7,6557,9765,-3208
461,1996,8,6556,6145,411
461,1996,9,6557,6125,432
461,1996,10,6562,4545,2017
461,1996,11,6569,6345,224
461,1996,12,6571,6345,226
461,1997,1,6562,8665,-2103
461,1997,2,6567,4945,1622
461,1997,3,6568,7345,-777
461,1997,4,6565,4945,1620
461,1997,5,6573,2845,3728
461,1997,6,6568,13925,-7357
461,1997,7,6558,1645,4913
461,1997,8,6576,4945,1631
461,1997,9,6583,3645,2938
461,1997,10,6596,3045,3551
461,1997,11,6608,4845,1763
461,1997,12,6604,14295,-7691
461,1998,1,6579,10505,-3926
461,1998,2,6570,1545,5025
461,1998,3,6591,2665,3926
461,1998,4,6607,1545,5062
461,1998,5,6627,2645,3982
461,1998,6,6626,11045,-4419
461,1998,7,6628,3525,3103
461,1998,8,6636,3645,2991
461,1998,9,6651,1545,5106
461,1998,10,6664,7785,-1121
461,1998,11,6668,1545,5123
461,1998,12,6686,2980,3706
462,1993,11,400,0,400
462,1993,12,31248,2800,28448
462,1994,1,20923,11800,9123
462,1994,2,20970,8400,12570
462,1994,3,20971,25500,-4529
462,1994,4,21027,23115,-2088
462,1994,5,20994,26780,-5786
462,1994,6,31381,24440,6941
462,1994,7,20980,14740,6240
462,1994,8,20993,17840,3153
462,1994,9,20997,20640,357
462,1994,10,20983,27840,-6857
462,1994,11,20967,21440,-473
462,1994,12,31378,23720,7658
462,1995,1,20947,46420,-25473
462,1995,2,21134,8340,12794
462,1995,3,20949,22360,-1411
462,1995,4,20958,15440,5518
462,1995,5,20973,17740,3233
462,1995,6,31362,41100,-9738
462,1995,7,20947,21200,-253
462,1995,8,20949,16540,4409
462,1995,9,20957,19640,1317
462,1995,10,20962,27860,-6898
462,1995,11,20968,19500,1468
462,1995,12,31389,27440,3949
462,1996,1,20944,32680,-11736
462,1996,2,20944,17340,3604
462,1996,3,20959,15540,5419
462,1996,4,20978,22540,-1562
462,1996,5,20970,23140,-2170
462,1996,6,31371,38880,-7509
462,1996,7,20932,16740,4192
462,1996,8,20948,16940,4008
462,1996,9,20960,21140,-180
462,1996,10,20951,22240,-1289
462,1996,11,20953,20540,413
462,1996,12,31348,29700,1648
462,1997,1,20945,29660,-8715
462,1997,2,20932,11540,9392
462,1997,3,20968,15840,5128
462,1997,4,20988,16840,4148
462,1997,5,20999,20840,159
462,1997,6,31385,55060,-23675
462,1997,7,26217,11820,14397
462,1997,8,20970,12340,8630
462,1997,9,21001,15140,5861
462,1997,10,21021,18040,2981
462,1997,11,21025,22340,-1315
462,1997,12,31425,28200,3225
462,1998,1,23517,30260,-6743
462,1998,2,21013,16240,4773
462,1998,3,21020,22260,-1240
462,1998,4,21015,23140,-2125
462,1998,5,21009,21240,-231
462,1998,6,31379,60460,-29081
462,1998,7,20908,9640,11268
462,1998,8,20933,19800,1133
462,1998,9,20943,16640,4303
462,1998,10,20968,13840,7128
462,1998,11,20977,22040,-1063
462,1998,12,31368,33665,-2297
463,1995,5,23553,0,23553
463,1995,6,34370,1100,33270
463,1995,7,23042,17100,5942
463,1995,8,23068,16500,6568
463,1995,9,23090,18615,4475
463,1995,10,23057,29100,-6043
463,1995,11,23039,27000,-3961
463,1995,12,34457,25180,9277
463,1996,1,22982,55280,-32298
463,1996,2,22981,11020,11961
463,1996,3,23026,12800,10226
463,1996,4,23051,23120,-69
463,1996,5,23044,19800,3244
463,1996,6,34425,40780,-6355
463,1996,7,23036,30900,-7864
463,1996,8,23046,22900,146
463,1996,9,23045,24500,-1455
463,1996,10,23039,21400,1639
463,1996,11,23045,20200,2845
463,1996,12,34468,30560,3908
463,1997,1,22996,34300,-11304
463,1997,2,23027,13000,10027
463,1997,3,23065,21540,1525
463,1997,4,23073,17900,5173
463,1997,5,23083,25680,-2597
463,1997,6,34494,29120,5374
463,1997,7,23103,19200,3903
463,1997,8,23114,22200,914
463,1997,9,23113,25500,-2387
463,1997,10,23096,21520,1576
463,1997,11,23114,19700,3414
463,1997,12,34536,26320,8216
463,1998,1,23128,28800,-5672
463,1998,2,23140,16000,7140
463,1998,3,23171,16500,6671
463,1998,4,23189,24700,-1511
463,1998,5,23181,24740,-1559
463,1998,6,34587,44320,-9733
463,1998,7,23139,17860,5279
463,1998,8,23163,16400,6763
463,1998,9,23185,19100,4085
463,1998,10,23208,15400,7808
463,1998,11,35390,54700,-19310
463,1998,12,34591,12065,22526
464,1997,5,600,0,600
464,1997,6,5264,0,5264
464,1997,7,5264,0,5264
464,1997,8,5264,0,5264
464,1997,9,5264,0,5264
464,1997,10,5324,3524,1800
464,1997,11,5359,7204,-1845
464,1997,12,5356,6274,-918
464,1998,1,5339,13674,-8335
464,1998,2,5320,3524,1796
464,1998,3,5327,4984,343
464,1998,4,5325,7204,-1879
464,1998,5,5321,3524,1797
464,1998,6,5317,8324,-3007
464,1998,7,5316,3524,1792
464,1998,8,5324,3524,1800
464,1998,9,5332,4164,1168
464,1998,10,5336,3624,1712
464,1998,11,5343,3524,1819
464,1998,12,5345,8259,-2914
465,1993,2,13529,0,13529
465,1993,3,19707,0,19707
465,1993,4,12946,6100,6846
465,1993,5,12968,7900,5068
465,1993,6,19350,29741,-10391
465,1993,7,12927,16741,-3814
465,1993,8,12921,13741,-820
465,1993,9,12903,20741,-7838
465,1993,10,16385,19339,-2954
465,1993,11,17999,11141,6858
465,1993,12,20502,21541,-1039
465,1994,1,17482,18341,-859
465,1994,2,12881,15938,-3057
465,1994,3,18169,18941,-772
465,1994,4,13574,11141,2433
465,1994,5,13484,11141,2343
465,1994,6,19286,20296,-1010
465,1994,7,12889,12241,648
465,1994,8,16289,14038,2251
465,1994,9,12898,15841,-2943
465,1994,10,14691,11141,3550
465,1994,11,13805,11141,2664
465,1994,12,19318,21848,-2530
465,1995,1,19074,25841,-6767
465,1995,2,18380,11141,7239
465,1995,3,16309,11141,5168
465,1995,4,12926,13141,-215
465,1995,5,12920,23441,-10521
465,1995,6,20088,13241,6847
465,1995,7,12910,12841,69
465,1995,8,12909,13441,-532
465,1995,9,12906,13841,-935
465,1995,10,14087,20141,-6054
465,1995,11,12878,12541,337
465,1995,12,20481,17141,3340
465,1996,1,18484,22241,-3757
465,1996,2,12879,11841,1038
465,1996,3,12881,12941,-60
465,1996,4,12879,14041,-1162
465,1996,5,12876,12941,-65
465,1996,6,19275,17841,1434
465,1996,7,12880,13341,-461
465,1996,8,12872,16241,-3369
465,1996,9,15374,11141,4233
465,1996,10,12881,13541,-660
465,1996,11,12983,11141,1842
465,1996,12,21392,19541,1851
465,1997,1,17076,24641,-7565
465,1997,2,12859,15241,-2382
465,1997,3,18169,11141,7028
465,1997,4,13111,11141,1970
465,1997,5,12917,12341,576
465,1997,6,19284,22441,-3157
465,1997,7,12881,12441,440
465,1997,8,12877,15241,-2364
465,1997,9,12875,12941,-66
465,1997,10,12870,14541,-1671
465,1997,11,12857,17141,-4284
465,1997,12,19240,20841,-1601
465,1998,1,12840,14741,-1901
465,1998,2,12824,18141,-5317
465,1998,3,12806,15641,-2835
465,1998,4,12805,12441,364
465,1998,5,12802,11141,1661
465,1998,6,19202,20741,-1539
465,1998,7,12802,11141,1661
465,1998,8,12809,11141,1668
465,1998,9,12816,11141,1675
465,1998,10,12823,11141,1682
465,1998,11,12829,11141,1688
465,1998,12,19245,11126,8119
466,1996,2,500,0,500
466,1996,3,15000,0,15000
466,1996,4,5200,0,5200
466,1996,5,3700,0,3700
466,1996,6,1200,0,1200
466,1996,7,2700,0,2700
466,1996,8,2800,0,2800
466,1996,9,1000,0,1000
466,1996,10,3500,0,3500
466,1996,11,1900,0,1900
466,1996,12,0,1600,-1600
466,1997,1,1700,0,1700
466,1997,2,5800,0,5800
466,1997,3,0,2200,-2200
466,1997,4,4000,0,4000
466,1997,5,4500,0,4500
466,1997,6,1500,0,1500
466,1997,7,0,600,-600
466,1997,8,400,0,400
466,1997,10,3400,0,3400
466,1997,11,3200,0,3200
466,1997,12,1900,0,1900
466,1998,1,0,400,-400
466,1998,2,3000,0,3000
466,1998,3,0,5600,-5600
466,1998,4,0,1200,-1200
466,1998,5,2200,0,2200
466,1998,6,600,0,600
466,1998,7,0,100,-100
466,1998,8,0,2700,-2700
466,1998,9,0,2100,-2100
466,1998,10,200,0,200
466,1998,11,3000,0,3000
466,1998,12,4300,0,4300
467,1993,9,500,0,500
467,1993,10,19270,0,19270
467,1993,11,10337,5200,5137
467,1993,12,15484,9700,5784
467,1994,1,10382,6500,3882
467,1994,2,10395,8415,1980
467,1994,3,10396,15047,-4651
467,1994,4,10372,14047,-3675
467,1994,5,10366,10447,-81
467,1994,6,15498,17647,-2149
467,1994,7,10362,8647,1715
467,1994,8,10756,15847,-5091
467,1994,9,10343,9347,996
467,1994,10,10346,10147,199
467,1994,11,10347,10047,300
467,1994,12,15476,20147,-4671
467,1995,1,12118,17447,-5329
467,1995,2,15716,9447,6269
467,1995,3,11127,10247,880
467,1995,4,10333,10447,-114
467,1995,5,10336,9347,989
467,1995,6,15477,10047,5430
467,1995,7,10365,8347,2018
467,1995,8,10369,10247,122
467,1995,9,10372,8847,1525
467,1995,10,10369,15547,-5178
467,1995,11,10355,9347,1008
467,1995,12,15488,13847,1641
467,1996,1,12530,26547,-14017
467,1996,2,18436,6847,11589
467,1996,3,11941,6847,5094
467,1996,4,13693,6847,6846
467,1996,5,11110,11047,63
467,1996,6,24426,22547,1879
467,1996,7,10418,7647,2771
467,1996,8,10421,10347,74
467,1996,9,10428,7947,2481
467,1996,10,10426,11847,-1421
467,1996,11,10416,15747,-5331
467,1996,12,15545,10647,4898
467,1997,1,10383,29347,-18964
467,1997,2,13665,6847,6818
467,1997,3,12089,6847,5242
467,1997,4,10393,10247,146
467,1997,5,10387,12147,-1760
467,1997,6,15501,17047,-1546
467,1997,7,10367,13847,-3480
467,1997,8,10354,13347,-2993
467,1997,9,10344,12547,-2203
467,1997,10,10333,13247,-2914
467,1997,11,10339,7847,2492
467,1997,12,15470,12347,3123
467,1998,1,14942,16647,-1705
467,1998,2,10358,6847,3511
467,1998,3,11578,6847,4731
467,1998,4,10380,10547,-167
467,1998,5,11779,10647,1132
467,1998,6,15513,20347,-4834
467,1998,7,10377,7647,2730
467,1998,8,10381,10847,-466
467,1998,9,10886,6847,4039
467,1998,10,10401,10447,-46
467,1998,11,10392,18347,-7955
467,1998,12,15505,7832,7673
468,1996,3,400,0,400
468,1996,4,27130,0,27130
468,1996,5,22821,8900,13921
468,1996,6,34218,20800,13418
468,1996,7,22908,22600,308
468,1996,8,22907,27595,-4688
468,1996,9,22904,19249,3655
468,1996,10,22911,22749,162
468,1996,11,22907,23849,-942
468,1996,12,34261,31089,3172
468,1997,1,22882,37949,-15067
468,1997,2,22879,11449,11430
468,1997,3,22912,19249,3663
468,1997,4,22925,19349,3576
468,1997,5,22926,26129,-3203
468,1997,6,34331,23249,11082
468,1997,7,23008,24649,-1641
468,1997,8,22971,15849,7122
468,1997,9,22996,16949,6047
468,1997,10,23000,24249,-1249
468,1997,11,22992,24349,-1357
468,1997,12,34359,26009,8350
468,1998,1,22991,33669,-10678
468,1998,2,23000,15649,7351
468,1998,3,23015,22749,266
468,1998,4,23006,23749,-743
468,1998,5,23011,21349,1662
468,1998,6,34384,21749,12635
468,1998,7,23052,26249,-3197
468,1998,8,23034,26449,-3415
468,1998,9,23028,24749,-1721
468,1998,10,23012,27449,-4437
468,1998,11,22997,26049,-3052
468,1998,12,34355,27834,6521
469,1997,7,600,0,600
469,1997,8,16151,0,16151
469,1997,9,4088,300,3788
469,1997,10,4103,400,3703
469,1997,11,4119,500,3619
469,1997,12,6127,6915,-788
469,1998,1,4088,16167,-12079
469,1998,2,8688,2687,6001
469,1998,3,4092,5287,-1195
469,1998,4,4093,3287,806
469,1998,5,4083,7187,-3104
469,1998,6,6077,10207,-4130
469,1998,7,4068,2687,1381
469,1998,8,4073,7587,-3514
469,1998,9,4059,2687,1372
469,1998,10,6071,2687,3384
469,1998,11,4066,6387,-2321
469,1998,12,6977,6032,945
470,1994,3,600,0,600
470,1994,4,16637,0,16637
470,1994,5,7994,2700,5294
470,1994,6,11972,7400,4572
470,1994,7,8029,7000,1029
470,1994,8,8038,7891,147
470,1994,9,9928,13391,-3463
470,1994,10,8026,6091,1935
470,1994,11,8018,11891,-3873
470,1994,12,11978,11791,187
470,1995,1,9008,14491,-5483
470,1995,2,8298,6691,1607
470,1995,3,12003,8691,3312
470,1995,4,8018,5291,2727
470,1995,5,8027,6591,1436
470,1995,6,11988,13391,-1403
470,1995,7,8022,8891,-869
470,1995,8,9416,9891,-475
470,1995,9,8016,8591,-575
470,1995,10,8019,6391,1628
470,1995,11,8019,8791,-772
470,1995,12,11977,12191,-214
470,1996,1,9403,17591,-8188
470,1996,2,10196,5291,4905
470,1996,3,8009,5891,2118
470,1996,4,10203,13191,-2988
470,1996,5,7999,7791,208
470,1996,6,11966,10791,1175
470,1996,7,7999,9791,-1792
470,1996,8,8506,6191,2315
470,1996,9,8001,9791,-1790
470,1996,10,8002,7191,811
470,1996,11,8001,8791,-790
470,1996,12,11957,12691,-734
470,1997,1,10901,15591,-4690
470,1997,2,14910,9891,5019
470,1997,3,13425,9991,3434
470,1997,4,8020,8491,-471
470,1997,5,8009,13291,-5282
470,1997,6,17789,5291,12498
470,1997,7,8035,9791,-1756
470,1997,8,8031,9891,-1860
470,1997,9,8017,10491,-2474
470,1997,10,8018,7291,727
470,1997,11,10436,5291,5145
470,1997,12,12015,6991,5024
470,1998,1,12538,17591,-5053
470,1998,2,8045,5291,2754
470,1998,3,8054,7191,863
470,1998,4,8055,8591,-536
470,1998,5,8058,6791,1267
470,1998,6,12025,15991,-3966
470,1998,7,10437,9091,1346
470,1998,8,8052,5491,2561
470,1998,9,8061,9591,-1530
470,1998,10,8550,8191,359
470,1998,11,8758,5291,3467
470,1998,12,12037,13476,-1439
471,1995,6,16104,0,16104
471,1995,7,12475,0,12475
471,1995,8,10110,3900,6210
471,1995,9,10134,4600,5534
471,1995,10,10134,13299,-3165
471,1995,11,10112,14916,-4804
471,1995,12,15102,12276,2826
471,1996,1,10077,24236,-14159
471,1996,2,10071,6096,3975
471,1996,3,10072,11296,-1224
471,1996,4,10064,12216,-2152
471,1996,5,10070,7396,2674
471,1996,6,15081,7196,7885
471,1996,7,10099,13196,-3097
471,1996,8,11297,12456,-1159
471,1996,9,10100,11776,-1676
471,1996,10,10091,14216,-4125
471,1996,11,13878,6096,7782
471,1996,12,15102,11076,4026
471,1997,1,12810,15936,-3126
471,1997,2,10110,9096,1014
471,1997,3,10102,12516,-2414
471,1997,4,10900,8016,2884
471,1997,5,10319,6096,4223
471,1997,6,15132,11296,3836
471,1997,7,10148,10296,-148
471,1997,8,10147,10296,-149
471,1997,9,10148,8596,1552
471,1997,10,12754,11256,1498
471,1997,11,13257,11136,2121
471,1997,12,18153,16896,1257
471,1998,1,11159,17976,-6817
471,1998,2,12443,8376,4067
471,1998,3,10162,9096,1066
471,1998,4,10762,8616,2146
471,1998,5,10174,9796,378
471,1998,6,15175,9696,5479
471,1998,7,10199,9096,1103
471,1998,8,10197,12796,-2599
471,1998,9,10190,9896,294
471,1998,10,10191,10096,95
471,1998,11,10176,16296,-6120
471,1998,12,15163,10881,4282
472,1996,10,300,0,300
472,1996,11,49313,11200,38113
472,1996,12,73982,70300,3682
472,1997,1,49429,32300,17129
472,1997,2,49464,44000,5464
472,1997,3,49393,76915,-27522
472,1997,4,49372,48215,1157
472,1997,5,49377,45115,4262
472,1997,6,73902,119162,-45260
472,1997,7,49247,42545,6702
472,1997,8,49298,30515,18783
472,1997,9,49415,16115,33300
472,1997,10,49493,36745,12748
472,1997,11,49538,33915,15623
472,1997,12,74171,78315,-4144
472,1998,1,49482,64655,-15173
472,1998,2,49489,63784,-14295
472,1998,3,49501,24815,24686
472,1998,4,49578,32415,17163
472,1998,5,49579,49915,-336
472,1998,6,74150,151815,-77665
472,1998,7,51513,8215,43298
472,1998,8,49442,52915,-3473
472,1998,9,49494,31415,18079
472,1998,10,49521,83615,-34094
472,1998,11,49467,53615,-4148
472,1998,12,73967,77600,-3633
473,1996,10,1100,0,1100
473,1996,11,17265,0,17265
473,1996,12,17551,4200,13351
473,1997,1,11774,7400,4374
473,1997,2,11783,12300,-517
473,1997,3,11785,15300,-3515
473,1997,4,11769,17600,-5831
473,1997,5,11743,17000,-5257
473,1997,6,17557,16900,657
473,1997,7,11734,10700,1034
473,1997,8,11745,8500,3245
473,1997,9,11748,12100,-352
473,1997,10,11756,13900,-2144
473,1997,11,11747,9100,2647
473,1997,12,17586,12200,5386
473,1998,1,11743,20800,-9057
473,1998,2,11736,10200,1536
473,1998,3,11742,11600,142
473,1998,4,11716,21600,-9884
473,1998,5,11706,8500,3206
473,1998,6,17543,16900,643
473,1998,7,11723,8300,3423
473,1998,8,11737,8400,3337
473,1998,9,11750,8600,3150
473,1998,10,11749,13200,-1451
473,1998,11,11754,9500,2254
473,1998,12,17578,17285,293
474,1995,12,4362,0,4362
474,1996,1,13002,0,13002
474,1996,2,5737,0,5737
474,1996,3,3555,300,3255
474,1996,4,3564,2015,1549
474,1996,5,3551,7185,-3634
474,1996,6,3544,7495,-3951
474,1996,7,3531,4295,-764
474,1996,8,8150,2315,5835
474,1996,9,3549,4715,-1166
474,1996,10,6563,3215,3348
474,1996,11,3563,9315,-5752
474,1996,12,3542,2745,797
474,1997,1,4925,9365,-4440
474,1997,2,7629,2315,5314
474,1997,3,3551,3315,236
474,1997,4,3549,5145,-1596
474,1997,5,3542,5115,-1573
474,1997,6,3529,8115,-4586
474,1997,7,3517,4615,-1098
474,1997,8,3511,5115,-1604
474,1997,9,3506,2685,821
474,1997,10,6014,2315,3699
474,1997,11,7328,2315,5013
474,1997,12,6648,2615,4033
474,1998,1,3553,7535,-3982
474,1998,2,3545,3715,-170
474,1998,3,3545,5115,-1570
474,1998,4,4742,2315,2427
474,1998,5,6453,2315,4138
474,1998,6,9161,11195,-2034
474,1998,7,4460,2315,2145
474,1998,8,5267,3665,1602
474,1998,9,4175,2315,1860
474,1998,10,3579,3715,-136
474,1998,11,7584,3755,3829
474,1998,12,3593,3380,213
475,1997,5,200,0,200
475,1997,6,4319,0,4319
475,1997,7,4319,0,4319
475,1997,8,4319,0,4319
475,1997,9,4319,0,4319
475,1997,10,4365,2775,1590
475,1997,11,4401,5575,-1174
475,1997,12,4397,3175,1222
475,1998,1,4387,9175,-4788
475,1998,2,4385,2875,1510
475,1998,3,4389,2775,1614
475,1998,4,4395,2775,1620
475,1998,5,4386,8555,-4169
475,1998,6,4382,4475,-93
475,1998,7,4382,4535,-153
475,1998,8,4380,4775,-395
475,1998,9,4382,2775,1607
475,1998,10,4389,3475,914
475,1998,11,4378,8675,-4297
475,1998,12,4372,4460,-88
476,1997,4,1000,0,1000
476,1997,7,9100,0,9100
476,1997,8,6100,0,6100
476,1997,9,4000,0,4000
476,1997,10,0,1300,-1300
476,1997,11,0,1100,-1100
476,1997,12,2800,0,2800
476,1998,1,0,4400,-4400
476,1998,2,2600,0,2600
476,1998,3,0,100,-100
476,1998,4,0,200,-200
476,1998,5,0,300,-300
476,1998,6,1900,0,1900
476,1998,7,0,2800,-2800
476,1998,8,0,100,-100
476,1998,9,2900,0,2900
476,1998,10,1800,0,1800
476,1998,11,0,2400,-2400
476,1998,12,4500,0,4500
477,1993,1,1000,0,1000
477,1993,2,17306,0,17306
477,1993,3,16478,4400,12078
477,1993,4,16522,12300,4222
477,1993,5,16539,12800,3739
477,1993,6,24773,39929,-15156
477,1993,7,16517,8292,8225
477,1993,8,16549,12292,4257
477,1993,9,16561,13592,2969
477,1993,10,16567,17892,-1325
477,1993,11,16565,14192,2373
477,1993,12,24777,23692,1085
477,1994,1,16542,29792,-13250
477,1994,2,16527,12292,4235
477,1994,3,16545,14292,2253
477,1994,4,16552,12792,3760
477,1994,5,16559,18192,-1633
477,1994,6,24759,23392,1367
477,1994,7,16555,18892,-2337
477,1994,8,16543,19692,-3149
477,1994,9,16537,14192,2345
477,1994,10,16543,16592,-49
477,1994,11,16546,13892,2654
477,1994,12,24756,22692,2064
477,1995,1,16535,33392,-16857
477,1995,2,16515,9192,7323
477,1995,3,16525,14092,2433
477,1995,4,16535,15392,1143
477,1995,5,16533,16392,141
477,1995,6,24761,26692,-1931
477,1995,7,16530,16192,338
477,1995,8,16523,16292,231
477,1995,9,16557,5492,11065
477,1995,10,16585,10292,6293
477,1995,11,16592,21292,-4700
477,1995,12,24793,14092,10701
477,1996,1,16577,31392,-14815
477,1996,2,16566,12592,3974
477,1996,3,16586,10892,5694
477,1996,4,16600,13692,2908
477,1996,5,16595,22092,-5497
477,1996,6,24804,16092,8712
477,1996,7,16595,22592,-5997
477,1996,8,16588,16392,196
477,1996,9,16576,19792,-3216
477,1996,10,16569,17992,-1423
477,1996,11,16558,18992,-2434
477,1996,12,24792,11292,13500
477,1997,1,16563,35692,-19129
477,1997,2,16554,9892,6662
477,1997,3,16585,9492,7093
477,1997,4,16602,12592,4010
477,1997,5,16606,16392,214
477,1997,6,24804,36792,-11988
477,1997,7,16571,15192,1379
477,1997,8,16554,19592,-3038
477,1997,9,16551,17392,-841
477,1997,10,16550,30992,-14442
477,1997,11,16557,19792,-3235
477,1997,12,24725,21592,3133
477,1998,1,16507,23292,-6785
477,1998,2,16507,17792,-1285
477,1998,3,16518,17092,-574
477,1998,4,16489,7392,9097
477,1998,5,16520,26092,-9572
477,1998,6,24702,21692,3010
477,1998,7,16503,16592,-89
477,1998,8,16496,17992,-1496
477,1998,9,16489,16992,-503
477,1998,10,16496,3392,13104
477,1998,11,16531,25692,-9161
477,1998,12,24730,3377,21353
478,1994,7,400,0,400
478,1994,8,23718,300,23418
478,1994,9,23790,12400,11390
478,1994,10,23822,18800,5022
478,1994,11,23843,19100,4743
478,1994,12,35760,31015,4745
478,1995,1,23850,39952,-16102
478,1995,2,23819,24292,-473
478,1995,3,23809,22292,1517
478,1995,4,23820,20152,3668
478,1995,5,23814,26132,-2318
478,1995,6,35656,31012,4644
478,1995,7,23835,23152,683
478,1995,8,23862,16532,7330
478,1995,9,23870,20352,3518
478,1995,10,23895,17152,6743
478,1995,11,23903,22652,1251
478,1995,12,35777,23412,12365
478,1996,1,23925,32492,-8567
478,1996,2,23897,29452,-5555
478,1996,3,23906,27452,-3546
478,1996,4,23867,27152,-3285
478,1996,5,23866,23452,414
478,1996,6,38055,48552,-10497
478,1996,7,23851,15552,8299
478,1996,8,23857,24952,-1095
478,1996,9,23851,25632,-1781
478,1996,10,23873,15652,8221
478,1996,11,23889,20852,3037
478,1996,12,35759,23692,12067
478,1997,1,23887,49992,-26105
478,1997,2,23880,9112,14768
478,1997,3,23907,20252,3655
478,1997,4,23916,21752,2164
478,1997,5,23918,36752,-12834
478,1997,6,35777,46392,-10615
478,1997,7,23875,19452,4423
478,1997,8,23890,23052,838
478,1997,9,23892,25852,-1960
478,1997,10,23885,20652,3233
478,1997,11,23896,23152,744
478,1997,12,35757,33972,1785
478,1998,1,23897,40172,-16275
478,1998,2,23838,19052,4786
478,1998,3,23861,16552,7309
478,1998,4,23891,16252,7639
478,1998,5,23915,24292,-377
478,1998,6,35745,35152,593
478,1998,7,23903,27452,-3549
478,1998,8,23880,24192,-312
478,1998,9,23900,19752,4148
478,1998,10,23916,19552,4364
478,1998,11,23937,16752,7185
478,1998,12,35841,9437,26404
479,1995,11,1100,0,1100
479,1995,12,3097,0,3097
479,1996,1,3097,0,3097
479,1996,2,3097,0,3097
479,1996,3,3097,0,3097
479,1996,4,3149,2079,1070
479,1996,5,3161,2079,1082
479,1996,6,3156,6279,-3123
479,1996,7,3156,2919,237
479,1996,8,3154,2079,1075
479,1996,9,3161,2499,662
479,1996,10,3164,2799,365
479,1996,11,3163,2079,1084
479,1996,12,3164,2979,185
479,1997,1,3157,7899,-4742
479,1997,2,3155,2079,1076
479,1997,3,3152,3279,-127
479,1997,4,3152,2079,1073
479,1997,5,3157,2079,1078
479,1997,6,3144,8829,-5685
479,1997,7,3137,2079,1058
479,1997,8,3141,2779,362
479,1997,9,3143,2079,1064
479,1997,10,3148,2079,1069
479,1997,11,3151,3009,142
479,1997,12,3152,2259,893
479,1998,1,3148,7779,-4631
479,1998,2,3133,3249,-116
479,1998,3,3137,2079,1058
479,1998,4,3141,2079,1062
479,1998,5,3149,3479,-330
479,1998,6,3151,6129,-2978
479,1998,7,3131,2349,782
479,1998,8,3142,2079,1063
479,1998,9,3138,2919,219
479,1998,10,3140,2079,1061
479,1998,11,3144,2259,885
479,1998,12,3144,3714,-570
480,1997,1,500,0,500
480,1997,2,24359,2400,21959
480,1997,3,24437,13600,10837
480,1997,4,24475,18700,5775
480,1997,5,24498,19600,4898
480,1997,6,36672,51122,-14450
480,1997,7,24493,18502,5991
480,1997,8,24514,19702,4812
480,1997,9,24528,25462,-934
480,1997,10,24522,23002,1520
480,1997,11,24521,28442,-3921
480,1997,12,36700,32502,4198
480,1998,1,24509,33942,-9433
480,1998,2,24487,21802,2685
480,1998,3,24486,30222,-5736
480,1998,4,24463,26682,-2219
480,1998,5,24464,22702,1762
480,1998,6,36577,51262,-14685
480,1998,7,24408,22302,2106
480,1998,8,24415,22202,2213
480,1998,9,24415,25102,-687
480,1998,10,24430,17802,6628
480,1998,11,24440,24002,438
480,1998,12,36635,30247,6388
481,1996,4,700,0,700
481,1996,5,6633,0,6633
481,1996,6,6633,0,6633
481,1996,7,6633,0,6633
481,1996,8,6669,2600,4069
481,1996,9,6738,5955,783
481,1996,10,6744,5184,1560
481,1996,11,6751,5104,1647
481,1996,12,6753,5914,839
481,1997,1,6747,10784,-4037
481,1997,2,6749,1904,4845
481,1997,3,6770,1904,4866
481,1997,4,6783,8404,-1621
481,1997,5,6778,5304,1474
481,1997,6,6782,4384,2398
481,1997,7,6794,4904,1890
481,1997,8,6804,4464,2340
481,1997,9,6805,7304,-499
481,1997,10,6816,1904,4912
481,1997,11,6827,6884,-57
481,1997,12,6823,7004,-181
481,1998,1,6812,10224,-3412
481,1998,2,6820,1904,4916
481,1998,3,6839,4464,2375
481,1998,4,6844,4504,2340
481,1998,5,6847,7704,-857
481,1998,6,6842,7604,-762
481,1998,7,6842,6304,538
481,1998,8,6856,3104,3752
481,1998,9,6863,4604,2259
481,1998,10,6870,5504,1366
481,1998,11,6870,7304,-434
481,1998,12,6876,6759,117
483,1997,7,1000,0,1000
483,1997,8,2911,0,2911
483,1997,9,2911,0,2911
483,1997,10,2911,0,2911
483,1997,11,2911,0,2911
483,1997,12,2953,2465,488
483,1998,1,2964,3995,-1031
483,1998,2,2964,1955,1009
483,1998,3,2966,3035,-69
483,1998,4,2965,3305,-340
483,1998,5,2967,1955,1012
483,1998,6,2971,1955,1016
483,1998,7,2975,1955,1020
483,1998,8,2980,1955,1025
483,1998,9,2982,2755,227
483,1998,10,2985,2155,830
483,1998,11,2971,7455,-4484
483,1998,12,2968,3410,-442
484,1995,1,600,0,600
484,1995,2,17035,0,17035
484,1995,3,9491,3500,5991
484,1995,4,9513,5700,3813
484,1995,5,9527,7300,2227
484,1995,6,14244,19782,-5538
484,1995,7,9520,8882,638
484,1995,8,9520,8882,638
484,1995,9,9518,12282,-2764
484,1995,10,9500,12682,-3182
484,1995,11,9500,7582,1918
484,1995,12,14223,10482,3741
484,1996,1,9495,21082,-11587
484,1996,2,11684,6882,4802
484,1996,3,9500,5482,4018
484,1996,4,9507,9582,-75
484,1996,5,9506,10382,-876
484,1996,6,14222,9782,4440
484,1996,7,9518,10582,-1064
484,1996,8,9517,11882,-2365
484,1996,9,9512,7182,2330
484,1996,10,9522,6982,2540
484,1996,11,9528,7982,1546
484,1996,12,14243,13482,761
484,1997,1,9510,24982,-15472
484,1997,2,9481,5382,4099
484,1997,3,11305,5182,6123
484,1997,4,9515,8382,1133
484,1997,5,9529,7882,1647
484,1997,6,14227,15682,-1455
484,1997,7,9521,9982,-461
484,1997,8,9513,10082,-569
484,1997,9,9529,5782,3747
484,1997,10,9526,10982,-1456
484,1997,11,9517,11682,-2165
484,1997,12,14228,11182,3046
484,1998,1,9480,22582,-13102
484,1998,2,11390,5182,6208
484,1998,3,9484,13382,-3898
484,1998,4,9483,8482,1001
484,1998,5,9491,8682,809
484,1998,6,14207,10982,3225
484,1998,7,9494,11882,-2388
484,1998,8,9489,9882,-393
484,1998,9,9499,10682,-1183
484,1998,10,9487,9982,-495
484,1998,11,9495,11682,-2187
484,1998,12,14207,5167,9040
485,1993,1,25831,0,25831
485,1993,2,65962,25300,40662
485,1993,3,73493,70418,3075
485,1993,4,147,48275,-48128
485,1993,5,106592,87052,19540
485,1993,6,64032,42484,21548
485,1993,7,63392,38884,24508
485,1993,8,15119,47184,-32065
485,1993,9,89851,65384,24467
485,1993,10,74611,108784,-34173
485,1993,11,161,14284,-14123
485,1993,12,82793,49184,33609
485,1994,1,2983,40692,-37709
485,1994,2,5373,12684,-7311
485,1994,3,10343,12684,-2341
485,1994,4,11634,12684,-1050
485,1994,5,11331,12684,-1353
485,1994,6,14427,12684,1743
485,1994,7,12535,12684,-149
485,1994,8,44352,35103,9249
485,1994,9,28046,20684,7362
485,1994,10,5901,12684,-6783
485,1994,11,43960,23784,20176
485,1994,12,3932,24407,-20475
485,1995,1,11674,14184,-2510
485,1995,2,10867,12684,-1817
485,1995,3,21421,12684,8737
485,1995,4,6091,12684,-6593
485,1995,5,12070,12684,-614
485,1995,6,13971,12684,1287
485,1995,7,13076,12684,392
485,1995,8,11076,12684,-1608
485,1995,9,13374,12684,690
485,1995,10,14078,12684,1394
485,1995,11,13785,12684,1101
485,1995,12,53180,12684,40496
485,1996,1,36980,69334,-32354
485,1996,2,114525,62284,52241
485,1996,3,21260,53809,-32549
485,1996,4,82760,47184,35576
485,1996,5,93449,99466,-6017
485,1996,6,29455,54984,-25529
485,1996,7,23108,21884,1224
485,1996,8,57342,45920,11422
485,1996,9,24319,44555,-20236
485,1996,10,20943,21584,-641
485,1996,11,78271,81173,-2902
485,1996,12,37409,29584,7825
485,1997,1,53514,57372,-3858
485,1997,2,13215,38650,-25435
485,1997,3,24984,12684,12300
485,1997,4,15616,23484,-7868
485,1997,5,70150,23082,47068
485,1997,6,106667,111384,-4717
485,1997,7,9147,15984,-6837
485,1997,8,113260,138942,-25682
485,1997,9,56110,24084,32026
485,1997,10,2304,29335,-27031
485,1997,11,68034,12684,55350
485,1997,12,46662,65384,-18722
485,1998,1,197,45984,-45787
485,1998,2,38083,12684,25399
485,1998,3,169,30139,-29970
485,1998,4,47565,20484,27081
485,1998,5,106857,118839,-11982
485,1998,6,48419,64084,-15665
485,1998,7,49919,47942,1977
485,1998,8,60623,12684,47939
485,1998,9,49842,89084,-39242
485,1998,10,79320,12684,66636
485,1998,11,40314,80870,-40556
485,1998,12,40991,29484,11507
486,1995,11,900,0,900
486,1995,12,13321,0,13321
486,1996,1,25536,0,25536
486,1996,2,2053,10000,-7947
486,1996,3,2030,3515,-1485
486,1996,4,27312,14815,12497
486,1996,5,2064,10415,-8351
486,1996,6,2138,4615,-2477
486,1996,7,2030,3665,-1635
486,1996,8,2030,1415,615
486,1996,9,2032,4715,-2683
486,1996,10,2720,2215,505
486,1996,11,2024,115,1909
486,1996,12,2828,3015,-187
486,1997,1,5323,14715,-9392
486,1997,2,3794,15,3779
486,1997,3,4213,15,4198
486,1997,4,11940,4515,7425
486,1997,5,44556,21615,22941
486,1997,6,2088,35915,-33827
486,1997,7,11033,1115,9918
486,1997,8,4661,15,4646
486,1997,9,5779,15,5764
486,1997,10,7408,15,7393
486,1997,11,2119,3915,-1796
486,1997,12,2111,3815,-1704
486,1998,1,3297,14815,-11518
486,1998,2,7878,2115,5763
486,1998,3,6000,15,5985
486,1998,4,5925,615,5310
486,1998,5,2137,215,1922
486,1998,6,2132,14015,-11883
486,1998,7,7509,15,7494
486,1998,8,6634,2115,4519
486,1998,9,2136,4415,-2279
486,1998,10,2130,2315,-185
486,1998,11,48309,9015,39294
486,1998,12,33397,22400,10997
487,1995,11,32497,0,32497
487,1995,12,30698,6000,24698
487,1996,1,238,19000,-18762
487,1996,2,238,8600,-8362
487,1996,3,39754,5000,34754
487,1996,4,38512,53384,-14872
487,1996,5,149,24499,-24350
487,1996,6,47456,57699,-10243
487,1996,7,6098,11599,-5501
487,1996,8,4827,10699,-5872
487,1996,9,83739,23299,60440
487,1996,10,162,36699,-36537
487,1996,11,32442,31377,1065
487,1996,12,82291,42699,39592
487,1997,1,177,47528,-47351
487,1997,2,58,13399,-13341
487,1997,3,6125,15,6110
487,1997,4,2639,10699,-8060
487,1997,5,7015,10699,-3684
487,1997,6,9,15,-6
487,1997,7,9,15,-6
487,1997,8,9305,10699,-1394
487,1997,9,3,15,-12
487,1997,10,0,15,-15
487,1997,11,6,15,-9
487,1997,12,13610,10699,2911
487,1998,1,66625,10699,55926
487,1998,2,41706,29399,12307
487,1998,3,180,50315,-50135
487,1998,4,54240,11999,42241
487,1998,5,193,29999,-29806
487,1998,6,90891,87699,3192
487,1998,7,34673,43404,-8731
487,1998,8,9224,10699,-1475
487,1998,9,44381,26699,17682
487,1998,10,30251,29699,552
487,1998,11,100108,56099,44009
487,1998,12,85622,71934,13688
488,1996,6,1000,0,1000
488,1996,7,10400,0,10400
488,1996,8,6500,0,6500
488,1996,9,5300,0,5300
488,1996,10,200,0,200
488,1996,11,1100,0,1100
488,1996,12,700,0,700
488,1997,1,5300,0,5300
488,1997,2,1400,0,1400
488,1997,3,3700,0,3700
488,1997,4,900,0,900
488,1997,5,3000,0,3000
488,1997,6,3100,0,3100
488,1997,7,0,200,-200
488,1997,8,0,2700,-2700
488,1997,9,0,2700,-2700
488,1997,10,2600,0,2600
488,1997,11,0,1800,-1800
488,1997,12,1300,0,1300
488,1998,1,1700,0,1700
488,1998,2,300,0,300
488,1998,3,0,1300,-1300
488,1998,4,5400,0,5400
488,1998,5,2000,0,2000
488,1998,6,2200,0,2200
488,1998,7,200,0,200
488,1998,8,1100,0,1100
488,1998,9,0,500,-500
488,1998,10,0,2400,-2400
488,1998,11,0,1600,-1600
488,1998,12,4300,0,4300
489,1993,5,900,0,900
489,1993,6,24588,1100,23488
489,1993,7,16474,9500,6974
489,1993,8,16502,10400,6102
489,1993,9,16521,13400,3121
489,1993,10,16530,14915,1615
489,1993,11,16527,22023,-5496
489,1993,12,24710,23203,1507
489,1994,1,16476,38843,-22367
489,1994,2,16457,6023,10434
489,1994,3,16487,11723,4764
489,1994,4,16497,15023,1474
489,1994,5,16489,18803,-2314
489,1994,6,24681,23723,958
489,1994,7,16497,14723,1774
489,1994,8,16506,13923,2583
489,1994,9,16496,19603,-3107
489,1994,10,16507,12423,4084
489,1994,11,16505,18123,-1618
489,1994,12,24694,24323,371
489,1995,1,17806,19823,-2017
489,1995,2,16508,15203,1305
489,1995,3,16535,14523,2012
489,1995,4,16522,13223,3299
489,1995,5,16538,11823,4715
489,1995,6,24717,37923,-13206
489,1995,7,16487,16623,-136
489,1995,8,16476,19903,-3427
489,1995,9,16498,8523,7975
489,1995,10,16514,13723,2791
489,1995,11,16517,16123,394
489,1995,12,24733,14423,10310
489,1996,1,16514,46243,-29729
489,1996,2,16655,11703,4952
489,1996,3,16484,8423,8061
489,1996,4,16514,10923,5591
489,1996,5,16521,22323,-5802
489,1996,6,24691,29083,-4392
489,1996,7,16505,18323,-1818
489,1996,8,16496,16923,-427
489,1996,9,16494,16223,271
489,1996,10,16493,18723,-2230
489,1996,11,16477,13923,2554
489,1996,12,24681,21923,2758
489,1997,1,16487,25023,-8536
489,1997,2,16462,16523,-61
489,1997,3,16466,19923,-3457
489,1997,4,16454,15723,731
489,1997,5,16457,15023,1434
489,1997,6,24662,20123,4539
489,1997,7,16477,18723,-2246
489,1997,8,16466,18423,-1957
489,1997,9,16455,19923,-3468
489,1997,10,16445,15623,822
489,1997,11,16446,17223,-777
489,1997,12,24638,23623,1015
489,1998,1,16441,16523,-82
489,1998,2,16460,5623,10837
489,1998,3,16486,11383,5103
489,1998,4,16491,31323,-14832
489,1998,5,16465,8123,8342
489,1998,6,24653,35663,-11010
489,1998,7,16453,5623,10830
489,1998,8,16462,26623,-10161
489,1998,9,16450,8423,8027
489,1998,10,16453,25123,-8670
489,1998,11,16453,5623,10830
489,1998,12,24696,7708,16988
490,1995,5,500,0,500
490,1995,6,3063,0,3063
490,1995,7,3063,0,3063
490,1995,8,3063,0,3063
490,1995,9,3063,0,3063
490,1995,10,3106,2057,1049
490,1995,11,3124,2057,1067
490,1995,12,3128,2357,771
490,1996,1,3124,6047,-2923
490,1996,2,3119,2057,1062
490,1996,3,3124,2057,1067
490,1996,4,3128,2057,1071
490,1996,5,3133,2057,1076
490,1996,6,3134,3557,-423
490,1996,7,3132,3757,-625
490,1996,8,3126,4857,-1731
490,1996,9,3125,2057,1068
490,1996,10,3123,5187,-2064
490,1996,11,3119,2687,432
490,1996,12,3121,2867,254
490,1997,1,3119,4327,-1208
490,1997,2,3119,2057,1062
490,1997,3,3123,2057,1066
490,1997,4,3128,2057,1071
490,1997,5,3131,2657,474
490,1997,6,3128,4507,-1379
490,1997,7,3128,2687,441
490,1997,8,3121,5377,-2256
490,1997,9,3121,2057,1064
490,1997,10,3125,2057,1068
490,1997,11,3125,4357,-1232
490,1997,12,3120,3807,-687
490,1998,1,3119,3377,-258
490,1998,2,3120,2057,1063
490,1998,3,3125,2057,1068
490,1998,4,3128,2867,261
490,1998,5,3130,2057,1073
490,1998,6,3131,3377,-246
490,1998,7,3132,2927,205
490,1998,8,3120,6757,-3637
490,1998,9,3117,2957,160
490,1998,10,3117,3057,60
490,1998,11,3120,2057,1063
490,1998,12,3125,2252,873
491,1996,5,600,0,600
491,1996,6,30117,2000,28117
491,1996,7,20200,10700,9500
491,1996,8,20235,5500,14735
491,1996,9,20258,13800,6458
491,1996,10,20293,11315,8978
491,1996,11,20268,29605,-9337
491,1996,12,30303,19505,10798
491,1997,1,20273,31705,-11432
491,1997,2,20244,22705,-2461
491,1997,3,20251,19305,946
491,1997,4,20244,22805,-2561
491,1997,5,20246,18605,1641
491,1997,6,30262,35705,-5443
491,1997,7,20239,15805,4434
491,1997,8,20229,26205,-5976
491,1997,9,20214,21805,-1591
491,1997,10,20212,21405,-1193
491,1997,11,20226,16805,3421
491,1997,12,30270,16605,13665
491,1998,1,20232,38705,-18473
491,1998,2,20210,17105,3105
491,1998,3,20210,21905,-1695
491,1998,4,20216,17005,3211
491,1998,5,20221,22805,-2584
491,1998,6,30249,38805,-8556
491,1998,7,20183,25905,-5722
491,1998,8,20183,21305,-1122
491,1998,9,20178,19605,573
491,1998,10,20179,20305,-126
491,1998,11,20169,20005,164
491,1998,12,30222,10290,19932
492,1993,10,6069,0,6069
492,1993,11,17123,0,17123
492,1993,12,10855,0,10855
492,1994,1,5700,3500,2200
492,1994,2,5709,3615,2094
492,1994,3,5706,9135,-3429
492,1994,4,5700,5015,685
492,1994,5,5704,5855,-151
492,1994,6,8481,8655,-174
492,1994,7,5707,3015,2692
492,1994,8,5701,8895,-3194
492,1994,9,5703,3715,1988
492,1994,10,5712,3215,2497
492,1994,11,5708,8615,-2907
492,1994,12,8493,4115,4378
492,1995,1,5712,12035,-6323
492,1995,2,5702,6695,-993
492,1995,3,5907,615,5292
492,1995,4,5720,3415,2305
492,1995,5,5713,10475,-4762
492,1995,6,8485,6175,2310
492,1995,7,5706,9935,-4229
492,1995,8,5710,2915,2795
492,1995,9,5702,14335,-8633
492,1995,10,5677,6995,-1318
492,1995,11,6168,3135,3033
492,1995,12,8469,8015,454
492,1996,1,7580,9015,-1435
492,1996,2,5676,5075,601
492,1996,3,5678,1815,3863
492,1996,4,5690,9215,-3525
492,1996,5,5676,10255,-4579
492,1996,6,8438,4515,3923
492,1996,7,6871,9615,-2744
492,1996,8,5663,6015,-352
492,1996,9,5665,2015,3650
492,1996,10,5674,8715,-3041
492,1996,11,5665,5015,650
492,1996,12,8447,8635,-188
492,1997,1,5660,13435,-7775
492,1997,2,5638,1415,4223
492,1997,3,5655,2115,3540
492,1997,4,5672,5635,37
492,1997,5,5665,6015,-350
492,1997,6,8451,5635,2816
492,1997,7,5668,10615,-4947
492,1997,8,5650,10515,-4865
492,1997,9,5637,4415,1222
492,1997,10,5647,1115,4532
492,1997,11,5656,10195,-4539
492,1997,12,8407,16315,-7908
492,1998,1,9099,14775,-5676
492,1998,2,5581,7795,-2214
492,1998,3,8979,5655,3324
492,1998,4,5589,4415,1174
492,1998,5,5602,2315,3287
492,1998,6,8391,4115,4276
492,1998,7,5628,3315,2313
492,1998,8,5634,5115,519
492,1998,9,5621,12875,-7254
492,1998,10,5602,6615,-1013
492,1998,11,5595,7935,-2340
492,1998,12,8385,1600,6785
493,1994,4,17989,0,17989
493,1994,5,22479,0,22479
493,1994,6,25922,7800,18122
493,1994,7,17368,18600,-1232
493,1994,8,17359,24335,-6976
493,1994,9,17350,13815,3535
493,1994,10,17371,12115,5256
493,1994,11,17370,17395,-25
493,1994,12,25964,38255,-12291
493,1995,1,17361,26475,-9114
493,1995,2,17339,1095,16244
493,1995,3,17360,27555,-10195
493,1995,4,17311,16915,396
493,1995,5,17341,19135,-1794
493,1995,6,25893,25635,258
493,1995,7,17308,13715,3593
493,1995,8,17323,14815,2508
493,1995,9,17332,16815,517
493,1995,10,17335,15415,1920
493,1995,11,17346,16995,351
493,1995,12,25936,19455,6481
493,1996,1,17379,31515,-14136
493,1996,2,17330,11915,5415
493,1996,3,17336,14515,2821
493,1996,4,17343,19115,-1772
493,1996,5,17335,19615,-2280
493,1996,6,25909,37155,-11246
493,1996,7,17284,17695,-411
493,1996,8,17280,16515,765
493,1996,9,17286,14415,2871
493,1996,10,17289,20915,-3626
493,1996,11,17280,16415,865
493,1996,12,25895,17015,8880
493,1997,1,17312,32135,-14823
493,1997,2,17270,9915,7355
493,1997,3,17291,15315,1976
493,1997,4,17301,16315,986
493,1997,5,17318,14295,3023
493,1997,6,25884,26955,-1071
493,1997,7,17310,16515,795
493,1997,8,17314,20615,-3301
493,1997,9,17298,17015,283
493,1997,10,17323,15115,2208
493,1997,11,17313,19615,-2302
493,1997,12,25891,23815,2076
493,1998,1,17278,36535,-19257
493,1998,2,17239,11815,5424
493,1998,3,17264,10915,6349
493,1998,4,17284,13215,4069
493,1998,5,17288,19715,-2427
493,1998,6,25851,23615,2236
493,1998,7,17286,25615,-8329
493,1998,8,17253,18815,-1562
493,1998,9,17264,11615,5649
493,1998,10,17265,19615,-2350
493,1998,11,17250,21315,-4065
493,1998,12,25830,19900,5930
494,1993,3,400,0,400
494,1993,4,19538,0,19538
494,1993,5,51298,0,51298
494,1993,6,35948,24100,11848
494,1993,7,30745,55221,-24476
494,1993,8,27879,36699,-8820
494,1993,9,14333,22750,-8417
494,1993,10,69578,24950,44628
494,1993,11,22165,65139,-42974
494,1993,12,32827,32936,-109
494,1994,1,105,23050,-22945
494,1994,2,45858,8950,36908
494,1994,3,159,23150,-22991
494,1994,4,12382,13750,-1368
494,1994,5,35074,14250,20824
494,1994,6,138,25250,-25112
494,1994,7,18025,16450,1575
494,1994,8,86,11450,-11364
494,1994,9,113328,52450,60878
494,1994,10,32564,46657,-14093
494,1994,11,64140,43844,20296
494,1994,12,24460,76242,-51782
494,1995,1,84384,61970,22414
494,1995,2,134,30649,-30515
494,1995,3,96285,76350,19935
494,1995,4,87128,67450,19678
494,1995,5,54493,46050,8443
494,1995,6,32842,62087,-29245
494,1995,7,64077,32259,31818
494,1995,8,45913,56893,-10980
494,1995,9,243,21050,-20807
494,1995,10,138547,133650,4897
494,1995,11,54180,50540,3640
494,1995,12,91614,84807,6807
494,1996,1,62593,61850,743
494,1996,2,179,25369,-25190
494,1996,3,2326,8950,-6624
494,1996,4,43635,29539,14096
494,1996,5,27986,25450,2536
494,1996,6,25553,12261,13292
494,1996,7,205,22050,-21845
494,1996,8,127,10950,-10823
494,1996,9,4391,8950,-4559
494,1996,10,18498,8950,9548
494,1996,11,38249,23850,14399
494,1996,12,2517,21865,-19348
494,1997,1,14441,17450,-3009
494,1997,2,17721,11450,6271
494,1997,3,30858,34846,-3988
494,1997,4,29100,8950,20150
494,1997,5,24445,29350,-4905
494,1997,6,14239,18552,-4313
494,1997,7,116,14050,-13934
494,1997,8,67,8950,-8883
494,1997,9,31,8950,-8919
494,1997,10,77247,222,77025
494,1997,11,48391,77250,-28859
494,1997,12,174,17750,-17576
494,1998,1,114,11350,-11236
494,1998,2,36858,14250,22608
494,1998,3,104,26550,-26446
494,1998,4,18765,8950,9815
494,1998,5,32931,28350,4581
494,1998,6,82270,40926,41344
494,1998,7,217,36350,-36133
494,1998,8,138,8950,-8812
494,1998,9,20942,20619,323
494,1998,10,46461,28665,17796
494,1998,11,176,8950,-8774
494,1998,12,63252,39282,23970
496,1993,2,800,0,800
496,1993,3,14612,0,14612
496,1993,4,5871,0,5871
496,1993,5,5696,0,5696
496,1993,6,8219,7300,919
496,1993,7,5524,8537,-3013
496,1993,8,5511,4317,1194
496,1993,9,6218,3617,2601
496,1993,10,5525,6117,-592
496,1993,11,5517,13577,-8060
496,1993,12,8192,8437,-245
496,1994,1,12583,18377,-5794
496,1994,2,10468,6257,4211
496,1994,3,6886,3617,3269
496,1994,4,8195,10337,-2142
496,1994,5,5488,4217,1271
496,1994,6,8201,4817,3384
496,1994,7,5508,3917,1591
496,1994,8,5513,4617,896
496,1994,9,5512,7217,-1705
496,1994,10,9008,7817,1191
496,1994,11,5917,3617,2300
496,1994,12,8217,14357,-6140
496,1995,1,6592,14457,-7865
496,1995,2,9074,3617,5457
496,1995,3,7794,3617,4177
496,1995,4,5504,6157,-653
496,1995,5,6306,3617,2689
496,1995,6,8213,10717,-2504
496,1995,7,6407,3617,2790
496,1995,8,5506,8417,-2911
496,1995,9,5810,6257,-447
496,1995,10,5502,7017,-1515
496,1995,11,5494,4717,777
496,1995,12,8203,7657,546
496,1996,1,5474,13897,-8423
496,1996,2,7374,3617,3757
496,1996,3,5478,5817,-339
496,1996,4,5470,8417,-2947
496,1996,5,7577,3617,3960
496,1996,6,8193,5417,2776
496,1996,7,5485,10077,-4592
496,1996,8,5478,4517,961
496,1996,9,5874,8177,-2303
496,1996,10,5473,4417,1056
496,1996,11,5478,5117,361
496,1996,12,12490,7777,4713
496,1997,1,10386,17417,-7031
496,1997,2,15505,5897,9608
496,1997,3,8019,3617,4402
496,1997,4,9635,6857,2778
496,1997,5,5542,3917,1625
496,1997,6,8258,4217,4041
496,1997,7,5551,8217,-2666
496,1997,8,5550,5117,433
496,1997,9,5542,8117,-2575
496,1997,10,5530,9457,-3927
496,1997,11,7937,3617,4320
496,1997,12,8248,6237,2011
496,1998,1,8496,24497,-16001
496,1998,2,5483,3617,1866
496,1998,3,5597,3617,1980
496,1998,4,9812,7577,2235
496,1998,5,7413,4017,3396
496,1998,6,18926,19457,-531
496,1998,7,12515,9257,3258
496,1998,8,5533,5217,316
496,1998,9,10837,3617,7220
496,1998,10,5562,8857,-3295
496,1998,11,5550,5317,233
496,1998,12,8262,6802,1460
497,1993,4,1000,0,1000
497,1993,5,22005,0,22005
497,1993,6,32468,14400,18068
497,1993,7,21736,16600,5136
497,1993,8,21741,23100,-1359
497,1993,9,21766,11320,10446
497,1993,10,21796,17120,4676
497,1993,11,21801,22520,-719
497,1993,12,32600,21560,11040
497,1994,1,21801,40900,-19099
497,1994,2,21780,16320,5460
497,1994,3,21784,22000,-216
497,1994,4,21789,23920,-2131
497,1994,5,21794,15920,5874
497,1994,6,32569,68160,-35591
497,1994,7,21700,4220,17480
497,1994,8,21739,14700,7039
497,1994,9,21774,15420,6354
497,1994,10,21797,16620,5177
497,1994,11,21806,23260,-1454
497,1994,12,32613,19780,12833
497,1995,1,21804,49740,-27936
497,1995,2,21762,11120,10642
497,1995,3,21793,17020,4773
497,1995,4,21801,23140,-1339
497,1995,5,21790,28860,-7070
497,1995,6,32505,52400,-19895
497,1995,7,21728,3720,18008
497,1995,8,21775,15560,6215
497,1995,9,21797,16320,5477
497,1995,10,21815,18020,3795
497,1995,11,21825,20420,1405
497,1995,12,32612,44120,-11508
497,1996,1,21809,30220,-8411
497,1996,2,21784,15620,6164
497,1996,3,21807,23180,-1373
497,1996,4,21801,22220,-419
497,1996,5,21800,18120,3680
497,1996,6,32574,37480,-4906
497,1996,7,21791,19920,1871
497,1996,8,21798,18820,2978
497,1996,9,21801,24460,-2659
497,1996,10,21791,25420,-3629
497,1996,11,21774,27880,-6106
497,1996,12,32546,25500,7046
497,1997,1,21739,31280,-9541
497,1997,2,21736,19980,1756
497,1997,3,21743,23780,-2037
497,1997,4,21739,20220,1519
497,1997,5,21742,22420,-678
497,1997,6,32527,31920,607
497,1997,7,21743,18920,2823
497,1997,8,21750,21220,530
497,1997,9,21747,22520,-773
497,1997,10,21741,24020,-2279
497,1997,11,21731,21840,-109
497,1997,12,32526,26720,5806
497,1998,1,21698,40440,-18742
497,1998,2,21682,17220,4462
497,1998,3,21699,20120,1579
497,1998,4,21705,19320,2385
497,1998,5,21705,24720,-3015
497,1998,6,32490,31460,1030
497,1998,7,21698,22520,-822
497,1998,8,21683,26920,-5237
497,1998,9,21656,28020,-6364
497,1998,10,21645,20420,1225
497,1998,11,21642,22620,-978
497,1998,12,32474,7885,24589
498,1993,11,1000,0,1000
498,1993,12,31398,1700,29698
498,1994,1,21043,12800,8243
498,1994,2,21072,15800,5272
498,1994,3,21089,18900,2189
498,1994,4,21095,20815,280
498,1994,5,21094,23355,-2261
498,1994,6,31517,67815,-36298
498,1994,7,20971,715,20256
498,1994,8,21035,13015,8020
498,1994,9,21063,16315,4748
498,1994,10,21075,20315,760
498,1994,11,21079,19955,1124
498,1994,12,31546,25495,6051
498,1995,1,21075,40035,-18960
498,1995,2,21072,13215,7857
498,1995,3,21067,19735,1332
498,1995,4,21076,16015,5061
498,1995,5,21099,15315,5784
498,1995,6,31555,34335,-2780
498,1995,7,21108,21355,-247
498,1995,8,21128,8315,12813
498,1995,9,21169,13315,7854
498,1995,10,21185,18475,2710
498,1995,11,21210,14915,6295
498,1995,12,31690,20775,10915
498,1996,1,21201,39735,-18534
498,1996,2,21207,13315,7892
498,1996,3,21205,23875,-2670
498,1996,4,21214,19215,1999
498,1996,5,21215,24115,-2900
498,1996,6,31673,27655,4018
498,1996,7,21232,17615,3617
498,1996,8,21243,19015,2228
498,1996,9,21251,19715,1536
498,1996,10,21266,15915,5351
498,1996,11,21275,21415,-140
498,1996,12,31751,21715,10036
498,1997,1,21242,44415,-23173
498,1997,2,21234,14715,6519
498,1997,3,21264,14015,7249
498,1997,4,21277,21015,262
498,1997,5,21251,25535,-4284
498,1997,6,31660,43155,-11495
498,1997,7,21244,7715,13529
498,1997,8,21249,18375,2874
498,1997,9,21309,9015,12294
498,1997,10,21337,32315,-10978
498,1997,11,21303,20255,1048
498,1997,12,36481,54855,-18374
498,1998,1,24764,32255,-7491
498,1998,2,21185,2215,18970
498,1998,3,21263,11915,9348
498,1998,4,21301,15815,5486
498,1998,5,21307,37775,-16468
498,1998,6,62419,95535,-33116
498,1998,7,31332,15,31317
498,1998,8,21284,3655,17629
498,1998,9,28469,43815,-15346
498,1998,10,21572,15,21557
498,1998,11,32385,49655,-17270
498,1998,12,31772,22000,9772
500,1996,4,400,0,400
500,1996,5,88432,32100,56332
500,1996,6,90348,72615,17733
500,1996,7,29597,55491,-25894
500,1996,8,34589,19921,14668
500,1996,9,261192,265321,-4129
500,1996,10,82337,61821,20516
500,1996,11,107869,136921,-29052
500,1996,12,27030,35621,-8591
500,1997,1,35070,38745,-3675
500,1997,2,133,16121,-15988
500,1997,3,79,4821,-4742
500,1997,4,21292,19667,1625
500,1997,5,1069,3821,-2752
500,1997,6,55,4521,-4466
500,1997,7,37,3821,-3784
500,1997,8,44787,21921,22866
500,1997,9,36773,22887,13886
500,1997,10,524,22802,-22278
500,1997,11,1083,3821,-2738
500,1997,12,571,3821,-3250
500,1998,1,79538,19121,60417
500,1998,2,255,31421,-31166
500,1998,3,154,16621,-16467
500,1998,4,310,3821,-3511
500,1998,5,4003,3821,182
500,1998,6,1398,3821,-2423
500,1998,7,26467,18921,7546
500,1998,8,99,11721,-11622
500,1998,9,24767,3821,20946
500,1998,10,27241,30421,-3180
500,1998,11,120,12821,-12701
500,1998,12,89,3806,-3717
501,1995,10,900,0,900
501,1995,11,55481,8800,46681
501,1995,12,53516,27515,26001
501,1996,1,304,22215,-21911
501,1996,2,181,21715,-21534
501,1996,3,126,315,-189
501,1996,4,3124,3215,-91
501,1996,5,27202,20215,6987
501,1996,6,339,7715,-7376
501,1996,7,40888,21515,19373
501,1996,8,184,9115,-8931
501,1996,9,6338,15715,-9377
501,1996,10,54370,8615,45755
501,1996,11,272,27498,-27226
501,1996,12,36340,37452,-1112
501,1997,1,6487,10698,-4211
501,1997,2,12202,8298,3904
501,1997,3,10170,25213,-15043
501,1997,4,24638,25040,-402
501,1997,5,17948,28103,-10155
501,1997,6,22026,14958,7068
501,1997,7,19561,4398,15163
501,1997,8,7391,4398,2993
501,1997,9,5298,4398,900
501,1997,10,25889,4398,21491
501,1997,11,260,11198,-10938
501,1997,12,38123,30998,7125
501,1998,1,101293,82598,18695
501,1998,2,63678,68798,-5120
501,1998,3,179659,171152,8507
501,1998,4,14939,39175,-24236
501,1998,5,110581,75798,34783
501,1998,6,352,21598,-21246
501,1998,7,272,15798,-15526
501,1998,8,163584,136601,26983
501,1998,9,32768,25898,6870
501,1998,10,50125,38198,11927
501,1998,11,39434,68098,-28664
501,1998,12,115118,112183,2935
502,1997,10,600,0,600
502,1997,11,13685,0,13685
502,1997,12,5020,0,5020
502,1998,1,8952,0,8952
502,1998,2,3873,900,2973
502,1998,3,3882,1915,1967
502,1998,4,3881,6073,-2192
502,1998,5,3866,7813,-3947
502,1998,6,3840,9973,-6133
502,1998,7,7046,3473,3573
502,1998,8,3844,5513,-1669
502,1998,9,4947,5273,-326
502,1998,10,6654,2513,4141
502,1998,11,7574,2513,5061
502,1998,12,3883,2648,1235
503,1996,8,15283,0,15283
503,1996,9,19860,0,19860
503,1996,10,14716,3600,11116
503,1996,11,14742,10300,4442
503,1996,12,22048,11915,10133
503,1997,1,14747,30190,-15443
503,1997,2,14723,13890,833
503,1997,3,14723,15090,-367
503,1997,4,14729,12690,2039
503,1997,5,14722,16290,-1568
503,1997,6,22029,14390,7639
503,1997,7,14760,13490,1270
503,1997,8,14763,14290,473
503,1997,9,14757,17090,-2333
503,1997,10,14755,14490,265
503,1997,11,14764,11890,2874
503,1997,12,22040,33890,-11850
503,1998,1,14721,22190,-7469
503,1998,2,14713,7190,7523
503,1998,3,14708,20390,-5682
503,1998,4,14720,14590,130
503,1998,5,14714,13690,1024
503,1998,6,22013,14690,7323
503,1998,7,14751,18390,-3639
503,1998,8,14737,14390,347
503,1998,9,14735,19390,-4655
503,1998,10,14717,16290,-1573
503,1998,11,14710,15490,-780
503,1998,12,22002,7675,14327
504,1993,4,1100,0,1100
504,1993,5,3463,0,3463
504,1993,6,3463,0,3463
504,1993,7,3463,0,3463
504,1993,8,3463,0,3463
504,1993,9,3519,2323,1196
504,1993,10,3541,2323,1218
504,1993,11,3546,2323,1223
504,1993,12,3550,2503,1047
504,1994,1,3545,6073,-2528
504,1994,2,3538,2323,1215
504,1994,3,3550,2323,1227
504,1994,4,3547,3493,54
504,1994,5,3548,2773,775
504,1994,6,3545,6283,-2738
504,1994,7,3547,2323,1224
504,1994,8,3545,2323,1222
504,1994,9,3557,2323,1234
504,1994,10,3552,3643,-91
504,1994,11,3562,2323,1239
504,1994,12,3566,2623,943
504,1995,1,3559,5983,-2424
504,1995,2,3554,2623,931
504,1995,3,3565,2323,1242
504,1995,4,3570,2323,1247
504,1995,5,3575,2323,1252
504,1995,6,3573,8443,-4870
504,1995,7,3553,2323,1230
504,1995,8,3557,3103,454
504,1995,9,3558,3373,185
504,1995,10,3561,2323,1238
504,1995,11,3566,2323,1243
504,1995,12,3570,3073,497
504,1996,1,3568,5473,-1905
504,1996,2,3566,2683,883
504,1996,3,3567,3103,464
504,1996,4,3570,2323,1247
504,1996,5,3582,3763,-181
504,1996,6,3569,6043,-2474
504,1996,7,3564,2323,1241
504,1996,8,3570,2323,1247
504,1996,9,3577,3373,204
504,1996,10,3575,3253,322
504,1996,11,3577,2323,1254
504,1996,12,3581,3643,-62
504,1997,1,3575,4813,-1238
504,1997,2,3576,2623,953
504,1997,3,3587,2323,1264
504,1997,4,3592,2323,1269
504,1997,5,3596,2953,643
504,1997,6,3587,8623,-5036
504,1997,7,3579,2323,1256
504,1997,8,3584,2323,1261
504,1997,9,3589,2323,1266
504,1997,10,3587,3163,424
504,1997,11,3589,2323,1266
504,1997,12,3593,3823,-230
504,1998,1,3589,5173,-1584
504,1998,2,3587,2323,1264
504,1998,3,3599,2323,1276
504,1998,4,3595,3343,252
504,1998,5,3605,2323,1282
504,1998,6,3591,9753,-6162
504,1998,7,3579,5823,-2244
504,1998,8,3565,4163,-598
504,1998,9,3569,3153,416
504,1998,10,3572,2833,739
504,1998,11,3577,2323,1254
504,1998,12,3581,3148,433
505,1996,12,300,0,300
505,1997,1,3332,0,3332
505,1997,2,3332,0,3332
505,1997,3,3332,0,3332
505,1997,4,3332,0,3332
505,1997,5,3373,2518,855
505,1997,6,3395,2936,459
505,1997,7,3389,4906,-1517
505,1997,8,3389,3336,53
505,1997,9,3386,4536,-1150
505,1997,10,3381,4536,-1155
505,1997,11,3383,2236,1147
505,1997,12,3386,2626,760
505,1998,1,3388,4096,-708
505,1998,2,3388,2236,1152
505,1998,3,3392,3136,256
505,1998,4,3393,2236,1157
505,1998,5,3397,2986,411
505,1998,6,3395,4386,-991
505,1998,7,3395,2956,439
505,1998,8,3398,2236,1162
505,1998,9,3397,3736,-339
505,1998,10,3401,2236,1165
505,1998,11,3406,2236,1170
505,1998,12,3411,3991,-580
506,1996,7,17088,0,17088
506,1996,8,18363,0,18363
506,1996,9,16811,8100,8711
506,1996,10,16835,12700,4135
506,1996,11,16844,16350,494
506,1996,12,25170,19335,5835
506,1997,1,16825,35235,-18410
506,1997,2,16816,6835,9981
506,1997,3,16844,12735,4109
506,1997,4,16859,16835,24
506,1997,5,16858,11735,5123
506,1997,6,25129,44435,-19306
506,1997,7,18431,9035,9396
506,1997,8,16843,13035,3808
506,1997,9,16870,9935,6935
506,1997,10,16886,25535,-8649
506,1997,11,16874,14835,2039
506,1997,12,25218,21535,3683
506,1998,1,16839,29235,-12396
506,1998,2,16844,7735,9109
506,1998,3,16887,13635,3252
506,1998,4,16895,15635,1260
506,1998,5,16897,17435,-538
506,1998,6,25197,31735,-6538
506,1998,7,16864,19735,-2871
506,1998,8,16848,22035,-5187
506,1998,9,16830,16535,295
506,1998,10,16832,14135,2697
506,1998,11,16835,22935,-6100
506,1998,12,25161,6520,18641
507,1996,6,600,0,600
507,1996,7,15151,0,15151
507,1996,8,5389,3500,1889
507,1996,9,5397,3200,2197
507,1996,10,5412,800,4612
507,1996,11,6736,15,6721
507,1996,12,8107,9075,-968
507,1997,1,5402,30195,-24793
507,1997,2,15378,15,15363
507,1997,3,5411,3455,1956
507,1997,4,5426,4815,611
507,1997,5,5421,3315,2106
507,1997,6,8089,6315,1774
507,1997,7,5427,7135,-1708
507,1997,8,5436,1215,4221
507,1997,9,5436,8015,-2579
507,1997,10,5427,7315,-1888
507,1997,11,5416,8415,-2999
507,1997,12,8049,14035,-5986
507,1998,1,5349,21315,-15966
507,1998,2,12249,15,12234
507,1998,3,5380,1815,3565
507,1998,4,5390,3515,1875
507,1998,5,5389,7215,-1826
507,1998,6,8021,14615,-6594
507,1998,7,5361,4315,1046
507,1998,8,5353,9015,-3662
507,1998,9,5334,12055,-6721
507,1998,10,5319,10229,-4910
507,1998,11,5319,11183,-5864
507,1998,12,7979,6598,1381
508,1996,11,600,0,600
508,1996,12,12899,0,12899
508,1997,1,5842,0,5842
508,1997,2,4463,0,4463
508,1997,3,5183,0,5183
508,1997,4,4203,15,4188
508,1997,5,4718,2495,2223
508,1997,6,6011,10145,-4134
508,1997,7,5612,2495,3117
508,1997,8,4120,4145,-25
508,1997,9,4220,2645,1575
508,1997,10,6328,4955,1373
508,1997,11,4126,5895,-1769
508,1997,12,4120,4485,-365
508,1998,1,4110,9545,-5435
508,1998,2,9415,2495,6920
508,1998,3,4127,4655,-528
508,1998,4,4124,5675,-1551
508,1998,5,4107,8495,-4388
508,1998,6,5705,3815,1890
508,1998,7,4212,2885,1327
508,1998,8,4106,6395,-2289
508,1998,9,4099,5545,-1446
508,1998,10,4091,6735,-2644
508,1998,11,4081,6835,-2754
508,1998,12,4068,5730,-1662
509,1997,8,500,0,500
509,1997,9,25953,0,25953
509,1997,10,15328,3900,11428
509,1997,11,15371,5900,9471
509,1997,12,23009,12200,10809
509,1998,1,15416,27435,-12019
509,1998,2,15367,19815,-4448
509,1998,3,15367,13515,1852
509,1998,4,15373,19915,-4542
509,1998,5,15355,18115,-2760
509,1998,6,22908,27355,-4447
509,1998,7,15321,13315,2006
509,1998,8,15322,15715,-393
509,1998,9,15340,15655,-315
509,1998,10,15337,9715,5622
509,1998,11,15341,16215,-874
509,1998,12,22957,17200,5757
510,1993,6,31263,0,31263
510,1993,7,56940,2900,54040
510,1993,8,42683,69249,-26566
510,1993,9,251,20534,-20283
510,1993,10,82136,66834,15302
510,1993,11,48228,43084,5144
510,1993,12,47254,44534,2720
510,1994,1,741,38734,-37993
510,1994,2,43224,23884,19340
510,1994,3,44106,46282,-2176
510,1994,4,33949,31234,2715
510,1994,5,127829,117696,10133
510,1994,6,27315,30034,-2719
510,1994,7,33476,36507,-3031
510,1994,8,165,14734,-14569
510,1994,9,26621,35451,-8830
510,1994,10,25409,17934,7475
510,1994,11,114,8234,-8120
510,1994,12,2886,4834,-1948
510,1995,1,23023,4834,18189
510,1995,2,117,16842,-16725
510,1995,3,1983,4834,-2851
510,1995,4,2973,4834,-1861
510,1995,5,15710,4834,10876
510,1995,6,106,5734,-5628
510,1995,7,3979,7234,-3255
510,1995,8,3675,4834,-1159
510,1995,9,37479,4834,32645
510,1995,10,44517,45834,-1317
510,1995,11,38791,47134,-8343
510,1995,12,30074,30334,-260
510,1996,1,123,19434,-19311
510,1996,2,2082,4834,-2752
510,1996,3,47918,4834,43084
510,1996,4,190,36634,-36444
510,1996,5,83,10434,-10351
510,1996,6,51,4834,-4783
510,1996,7,6200,4834,1366
510,1996,8,37,4834,-4797
510,1996,9,17,4834,-4817
510,1996,10,6,2392,-2386
510,1996,11,1,30,-29
510,1996,12,29118,1349,27769
510,1997,1,86,9034,-8948
510,1997,2,64,4834,-4770
510,1997,3,9367,4834,4533
510,1997,4,63,4834,-4771
510,1997,5,43,4834,-4791
510,1997,6,23,4834,-4811
510,1997,7,6,3515,-3509
510,1997,8,0,30,-30
510,1997,9,6,30,-24
510,1997,10,31214,30,31184
510,1997,11,89,13634,-13545
510,1997,12,60,4834,-4774
510,1998,1,38204,26962,11242
510,1998,2,120952,59734,61218
510,1998,3,227,40534,-40307
510,1998,4,48795,26734,22061
510,1998,5,5464,32134,-26670
510,1998,6,178711,167534,11177
510,1998,7,82543,49834,32709
510,1998,8,64358,47334,17024
510,1998,9,206,62934,-62728
510,1998,10,27963,26634,1329
510,1998,11,70088,22334,47754
510,1998,12,39642,60404,-20762
511,1996,11,47390,0,47390
511,1996,12,99439,76315,23124
511,1997,1,205,28815,-28610
511,1997,2,174,5915,-5741
511,1997,3,47509,4815,42694
511,1997,4,47222,35415,11807
511,1997,5,5668,31315,-25647
511,1997,6,227,44815,-44588
511,1997,7,385,15,370
511,1997,8,87,315,-228
511,1997,9,36102,3715,32387
511,1997,10,8532,12815,-4283
511,1997,11,41454,19415,22039
511,1997,12,27519,33415,-5896
511,1998,1,23626,31615,-7989
511,1998,2,20233,18815,1418
511,1998,3,20312,20215,97
511,1998,4,168,36515,-36347
511,1998,5,34869,15,34854
511,1998,6,200,17415,-17215
511,1998,7,136,7315,-7179
511,1998,8,134,3515,-3381
511,1998,9,120,1315,-1195
511,1998,10,84,8315,-8231
511,1998,11,2981,15,2966
511,1998,12,7742,4500,3242
512,1997,1,800,0,800
512,1997,2,22843,0,22843
512,1997,3,21916,8400,13516
512,1997,4,21956,15700,6256
512,1997,5,21969,21300,669
512,1997,6,32855,40515,-7660
512,1997,7,21949,20464,1485
512,1997,8,21956,18964,2992
512,1997,9,21965,19564,2401
512,1997,10,21970,21464,506
512,1997,11,21979,27064,-5085
512,1997,12,32863,27464,5399
512,1998,1,21985,23864,-1879
512,1998,2,21983,15064,6919
512,1998,3,22015,22064,-49
512,1998,4,22027,9764,12263
512,1998,5,22054,17164,4890
512,1998,6,32974,31164,1810
512,1998,7,22058,24864,-2806
512,1998,8,22056,21764,292
512,1998,9,22057,21764,293
512,1998,10,22053,23564,-1511
512,1998,11,22044,24464,-2420
512,1998,12,32957,25649,7308
513,1996,11,400,0,400
513,1996,12,20023,0,20023
513,1997,1,11958,5200,6758
513,1997,2,11979,9500,2479
513,1997,3,11989,9700,2289
513,1997,4,11995,14623,-2628
513,1997,5,12695,7923,4772
513,1997,6,22017,31823,-9806
513,1997,7,16080,7923,8157
513,1997,8,12005,9923,2082
513,1997,9,13322,9823,3499
513,1997,10,12022,12123,-101
513,1997,11,13834,7923,5911
513,1997,12,17975,23123,-5148
513,1998,1,14816,30823,-16007
513,1998,2,21186,7923,13263
513,1998,3,15225,15723,-498
513,1998,4,21335,11623,9712
513,1998,5,14566,7923,6643
513,1998,6,17977,34423,-16446
513,1998,7,19638,7923,11715
513,1998,8,19885,10123,9762
513,1998,9,13915,7923,5992
513,1998,10,13133,10223,2910
513,1998,11,12143,10123,2020
513,1998,12,18086,17908,178
514,1996,3,900,0,900
514,1996,4,15620,0,15620
514,1996,5,12288,1600,10688
514,1996,6,18437,12800,5637
514,1996,7,12353,9200,3153
514,1996,8,12379,12355,24
514,1996,9,12376,14675,-2299
514,1996,10,12366,14015,-1649
514,1996,11,12358,15575,-3217
514,1996,12,18465,16975,1490
514,1997,1,12306,26375,-14069
514,1997,2,12294,11275,1019
514,1997,3,12297,12735,-438
514,1997,4,12300,8075,4225
514,1997,5,12314,15735,-3421
514,1997,6,18418,15475,2943
514,1997,7,12310,12375,-65
514,1997,8,12305,15075,-2770
514,1997,9,12296,12575,-279
514,1997,10,12297,11075,1222
514,1997,11,12296,15075,-2779
514,1997,12,18405,16455,1950
514,1998,1,12282,12015,267
514,1998,2,12289,16675,-4386
514,1998,3,12289,5775,6514
514,1998,4,12293,19375,-7082
514,1998,5,12286,8055,4231
514,1998,6,18407,16815,1592
514,1998,7,12288,18075,-5787
514,1998,8,12287,5775,6512
514,1998,9,12292,16275,-3983
514,1998,10,12281,13175,-894
514,1998,11,12293,5775,6518
514,1998,12,18444,5760,12684
515,1995,2,4336,0,4336
515,1995,3,4144,0,4144
515,1995,4,4144,0,4144
515,1995,5,4144,0,4144
515,1995,6,4185,6015,-1830
515,1995,7,4192,2765,1427
515,1995,8,4198,2765,1433
515,1995,9,4202,6045,-1843
515,1995,10,4189,4205,-16
515,1995,11,4196,2765,1431
515,1995,12,4200,4215,-15
515,1996,1,4186,8285,-4099
515,1996,2,4185,2765,1420
515,1996,3,4191,2765,1426
515,1996,4,4192,3365,827
515,1996,5,4200,2765,1435
515,1996,6,4206,2765,1441
515,1996,7,4196,7365,-3169
515,1996,8,4192,4665,-473
515,1996,9,4182,6465,-2283
515,1996,10,4179,4565,-386
515,1996,11,4186,2765,1421
515,1996,12,4190,6065,-1875
515,1997,1,4183,3325,858
515,1997,2,4187,5665,-1478
515,1997,3,4181,2765,1416
515,1997,4,4187,2765,1422
515,1997,5,4193,2765,1428
515,1997,6,4199,2765,1434
515,1997,7,4197,4285,-88
515,1997,8,4201,7165,-2964
515,1997,9,4192,2765,1427
515,1997,10,4198,2765,1433
515,1997,11,4204,2765,1439
515,1997,12,4205,3915,290
515,1998,1,4194,10045,-5851
515,1998,2,4186,2765,1421
515,1998,3,4192,2765,1427
515,1998,4,4198,2765,1433
515,1998,5,4204,2765,1439
515,1998,6,4192,8845,-4653
515,1998,7,4191,2765,1426
515,1998,8,4197,2765,1432
515,1998,9,4203,2765,1438
515,1998,10,4207,5005,-798
515,1998,11,4205,2765,1440
515,1998,12,4208,3200,1008
516,1996,2,7267,0,7267
516,1996,3,6777,0,6777
516,1996,4,6777,0,6777
516,1996,5,6777,0,6777
516,1996,6,6836,5271,1565
516,1996,7,6877,3751,3126
516,1996,8,6883,6551,332
516,1996,9,6872,12811,-5939
516,1996,10,6853,8851,-1998
516,1996,11,6854,5451,1403
516,1996,12,6858,6001,857
516,1997,1,6860,8251,-1391
516,1997,2,6856,6151,705
516,1997,3,6851,8571,-1720
516,1997,4,6857,3751,3106
516,1997,5,6865,5751,1114
516,1997,6,6860,9451,-2591
516,1997,7,6864,3751,3113
516,1997,8,6877,3751,3126
516,1997,9,6890,5151,1739
516,1997,10,6899,3751,3148
516,1997,11,6906,8851,-1945
516,1997,12,6900,8501,-1601
516,1998,1,6890,7921,-1031
516,1998,2,6891,4051,2840
516,1998,3,6891,9111,-2220
516,1998,4,6888,7071,-183
516,1998,5,6892,4351,2541
516,1998,6,6892,13021,-6129
516,1998,7,6876,6851,25
516,1998,8,6875,7251,-376
516,1998,9,6873,6951,-78
516,1998,10,6869,10551,-3682
516,1998,11,6859,4851,2008
516,1998,12,6868,4186,2682
517,1993,9,1100,0,1100
517,1993,10,23787,1400,22387
517,1993,11,23867,13600,10267
517,1993,12,35793,21700,14093
517,1994,1,23957,21900,2057
517,1994,2,23989,28610,-4621
517,1994,3,23949,29170,-5221
517,1994,4,23936,22670,1266
517,1994,5,23939,23970,-31
517,1994,6,35843,30450,5393
517,1994,7,23954,26770,-2816
517,1994,8,23941,26170,-2229
517,1994,9,23937,26330,-2393
517,1994,10,23924,23870,54
517,1994,11,23927,21570,2357
517,1994,12,35817,33950,1867
517,1995,1,23919,34770,-10851
517,1995,2,23902,18770,5132
517,1995,3,23922,20970,2952
517,1995,4,23924,24770,-846
517,1995,5,23929,21170,2759
517,1995,6,35836,54190,-18354
517,1995,7,23875,15770,8105
517,1995,8,23889,24570,-681
517,1995,9,23891,22970,921
517,1995,10,23878,30030,-6152
517,1995,11,23869,24410,-541
517,1995,12,35754,32410,3344
517,1996,1,26089,22470,3619
517,1996,2,23931,10670,13261
517,1996,3,23950,23250,700
517,1996,4,23969,18170,5799
517,1996,5,23977,23770,207
517,1996,6,35896,20670,15226
517,1996,7,24025,31970,-7945
517,1996,8,24005,24870,-865
517,1996,9,24011,21470,2541
517,1996,10,24008,26070,-2062
517,1996,11,24008,22970,1038
517,1996,12,35920,28830,7090
517,1997,1,23999,35630,-11631
517,1997,2,24006,18270,5736
517,1997,3,24017,25470,-1453
517,1997,4,24026,18870,5156
517,1997,5,24029,24070,-41
517,1997,6,47452,53910,-6458
517,1997,7,24025,15870,8155
517,1997,8,24034,27690,-3656
517,1997,9,24009,28970,-4961
517,1997,10,24027,24670,-643
517,1997,11,24033,26490,-2457
517,1997,12,35916,31410,4506
517,1998,1,24010,33030,-9020
517,1998,2,23997,24270,-273
517,1998,3,24021,21870,2151
517,1998,4,24002,22470,1532
517,1998,5,24004,26630,-2626
517,1998,6,35894,41090,-5196
517,1998,7,23970,14090,9880
517,1998,8,24015,18570,5445
517,1998,9,24036,18170,5866
517,1998,10,24055,24370,-315
517,1998,11,24051,25870,-1819
517,1998,12,35967,13415,22552
518,1994,9,200,0,200
518,1994,10,5836,0,5836
518,1994,11,5836,0,5836
518,1994,12,5836,0,5836
518,1995,1,5836,0,5836
518,1995,2,5918,6193,-275
518,1995,3,5942,3368,2574
518,1995,4,5947,4968,979
518,1995,5,5948,6268,-320
518,1995,6,5940,9148,-3208
518,1995,7,5940,6008,-68
518,1995,8,5942,3368,2574
518,1995,9,5943,5768,175
518,1995,10,5936,7768,-1832
518,1995,11,5945,4008,1937
518,1995,12,5953,3818,2135
518,1996,1,5925,19388,-13463
518,1996,2,5906,3368,2538
518,1996,3,5907,8008,-2101
518,1996,4,5908,3368,2540
518,1996,5,5918,3368,2550
518,1996,6,5920,9218,-3298
518,1996,7,5915,3368,2547
518,1996,8,5926,3368,2558
518,1996,9,5936,3368,2568
518,1996,10,5947,3368,2579
518,1996,11,5956,7368,-1412
518,1996,12,5949,8318,-2369
518,1997,1,5909,15368,-9459
518,1997,2,5902,3368,2534
518,1997,3,5913,3368,2545
518,1997,4,5924,3368,2556
518,1997,5,5932,6468,-536
518,1997,6,5931,4168,1763
518,1997,7,5932,5848,84
518,1997,8,5936,6768,-832
518,1997,9,5935,3848,2087
518,1997,10,5943,4968,975
518,1997,11,5944,7168,-1224
518,1997,12,5931,12018,-6087
518,1998,1,5902,8248,-2346
518,1998,2,5908,4888,1020
518,1998,3,5913,3368,2545
518,1998,4,5920,5768,152
518,1998,5,5918,7948,-2030
518,1998,6,5910,6568,-658
518,1998,7,5912,3668,2244
518,1998,8,5922,3368,2554
518,1998,9,5927,6128,-201
518,1998,10,5916,11768,-5852
518,1998,11,5907,3368,2539
518,1998,12,5913,5503,410
519,1993,11,200,0,200
519,1993,12,6987,0,6987
519,1994,1,6987,0,6987
519,1994,2,6987,0,6987
519,1994,3,7060,1100,5960
519,1994,4,7119,5495,1624
519,1994,5,7117,7760,-643
519,1994,6,7108,17740,-10632
519,1994,7,7070,3260,3810
519,1994,8,7086,3260,3826
519,1994,9,7102,3260,3842
519,1994,10,7118,3260,3858
519,1994,11,7119,7260,-141
519,1994,12,7124,5560,1564
519,1995,1,7122,12960,-5838
519,1995,2,7104,5460,1644
519,1995,3,7109,6760,349
519,1995,4,7109,7520,-411
519,1995,5,7122,3260,3862
519,1995,6,7104,15160,-8056
519,1995,7,7105,3260,3845
519,1995,8,7111,5740,1371
519,1995,9,7114,5760,1354
519,1995,10,7105,9960,-2855
519,1995,11,7099,8360,-1261
519,1995,12,7106,6920,186
519,1996,1,7080,21360,-14280
519,1996,2,7056,3260,3796
519,1996,3,7071,5860,1211
519,1996,4,7077,3260,3817
519,1996,5,7092,4460,2632
519,1996,6,7071,13760,-6689
519,1996,7,7076,3260,3816
519,1996,8,7091,4560,2531
519,1996,9,7099,7180,-81
519,1996,10,7098,7020,78
519,1996,11,7095,4380,2715
519,1996,12,7111,5660,1451
519,1997,1,7086,16580,-9494
519,1997,2,7079,3260,3819
519,1997,3,7094,3820,3274
519,1997,4,7108,4800,2308
519,1997,5,7117,4800,2317
519,1997,6,7106,17330,-10224
519,1997,7,7079,6700,379
519,1997,8,7085,5160,1925
519,1997,9,7090,6560,530
519,1997,10,7092,7060,32
519,1997,11,7097,3260,3837
519,1997,12,7112,3560,3552
519,1998,1,7098,13100,-6002
519,1998,2,7095,8160,-1065
519,1998,3,7091,7200,-109
519,1998,4,7093,5760,1333
519,1998,5,7097,7520,-423
519,1998,6,7079,8610,-1531
519,1998,7,7092,5280,1812
519,1998,8,7094,7760,-666
519,1998,9,7096,4960,2136
519,1998,10,7102,7100,2
519,1998,11,7088,11660,-4572
519,1998,12,7089,3245,3844
520,1993,11,4511,0,4511
520,1993,12,3517,0,3517
520,1994,1,3517,0,3517
520,1994,2,3517,0,3517
520,1994,3,3519,15,3504
520,1994,4,3579,2347,1232
520,1994,5,3584,2347,1237
520,1994,6,3563,11017,-7454
520,1994,7,3558,2347,1211
520,1994,8,3563,2347,1216
520,1994,9,3566,3187,379
520,1994,10,3570,2347,1223
520,1994,11,3575,2347,1228
520,1994,12,3579,2497,1082
520,1995,1,3584,2347,1237
520,1995,2,3587,3097,490
520,1995,3,3590,2767,823
520,1995,4,3595,2347,1248
520,1995,5,3600,2547,1053
520,1995,6,3584,10807,-7223
520,1995,7,3574,2347,1227
520,1995,8,3579,2347,1232
520,1995,9,3584,2347,1237
520,1995,10,3590,2347,1243
520,1995,11,3593,3067,526
520,1995,12,3594,4007,-413
520,1996,1,3594,3647,-53
520,1996,2,3594,4057,-463
520,1996,3,3593,2347,1246
520,1996,4,3595,3947,-352
520,1996,5,3597,2347,1250
520,1996,6,3584,12127,-8543
520,1996,7,3565,3277,288
520,1996,8,3567,2347,1220
520,1996,9,3570,3397,173
520,1996,10,3571,3457,114
520,1996,11,3574,2347,1227
520,1996,12,3576,3157,419
520,1997,1,3580,3667,-87
520,1997,2,3580,2347,1233
520,1997,3,3585,2347,1238
520,1997,4,3586,3547,39
520,1997,5,3589,2917,672
520,1997,6,3593,2347,1246
520,1997,7,3598,2347,1251
520,1997,8,3603,2347,1256
520,1997,9,3608,2347,1261
520,1997,10,3612,3037,575
520,1997,11,3614,2977,637
520,1997,12,3616,3517,99
520,1998,1,3619,2347,1272
520,1998,2,3621,4327,-706
520,1998,3,3621,2347,1274
520,1998,4,3626,2347,1279
520,1998,5,3628,3427,201
520,1998,6,3631,4717,-1086
520,1998,7,3628,2347,1281
520,1998,8,3633,2347,1286
520,1998,9,3634,4567,-933
520,1998,10,3632,3517,115
520,1998,11,3634,3097,537
520,1998,12,3636,2812,824
521,1995,10,87266,0,87266
521,1995,11,44656,29300,15356
521,1995,12,105250,111076,-5826
521,1996,1,73400,102466,-29066
521,1996,2,128290,101049,27241
521,1996,3,236,62631,-62395
521,1996,4,57792,24849,32943
521,1996,5,113099,75249,37850
521,1996,6,41779,82124,-40345
521,1996,7,182,23849,-23667
521,1996,8,21568,10749,10819
521,1996,9,90248,53006,37242
521,1996,10,86335,83849,2486
521,1996,11,66145,90449,-24304
521,1996,12,41613,57341,-15728
521,1997,1,115550,113749,1801
521,1997,2,31935,27949,3986
521,1997,3,81238,84149,-2911
521,1997,4,81744,69582,12162
521,1997,5,266,11449,-11183
521,1997,6,26261,32066,-5805
521,1997,7,46000,33579,12421
521,1997,8,37224,27049,10175
521,1997,9,182786,174762,8024
521,1997,10,58589,58549,40
521,1997,11,70218,91218,-21000
521,1997,12,63234,49749,13485
521,1998,1,125373,102203,23170
521,1998,2,151497,194553,-43056
521,1998,3,4912,4249,663
521,1998,4,146654,114290,32364
521,1998,5,81272,73949,7323
521,1998,6,20263,68142,-47879
521,1998,7,108184,46384,61800
521,1998,8,48396,67849,-19453
521,1998,9,48699,51549,-2850
521,1998,10,47659,42913,4746
521,1998,11,42364,68451,-26087
521,1998,12,56883,36089,20794
522,1995,12,400,0,400
522,1996,1,16345,0,16345
522,1996,2,10901,1800,9101
522,1996,3,10933,5600,5333
522,1996,4,10951,7800,3151
522,1996,5,10968,10222,746
522,1996,6,16391,15822,569
522,1996,7,10965,17542,-6577
522,1996,8,10944,11462,-518
522,1996,9,10940,11422,-482
522,1996,10,10930,17862,-6932
522,1996,11,13007,13542,-535
522,1996,12,18149,7582,10567
522,1997,1,10926,25482,-14556
522,1997,2,10897,7622,3275
522,1997,3,12422,5022,7400
522,1997,4,10946,10522,424
522,1997,5,10932,15862,-4930
522,1997,6,16332,13222,3110
522,1997,7,10916,15122,-4206
522,1997,8,10901,13622,-2721
522,1997,9,10897,11822,-925
522,1997,10,10887,12822,-1935
522,1997,11,10881,12582,-1701
522,1997,12,16293,14862,1431
522,1998,1,10882,12962,-2080
522,1998,2,10884,8622,2262
522,1998,3,10879,14122,-3243
522,1998,4,10864,13322,-2458
522,1998,5,10854,13302,-2448
522,1998,6,16265,14722,1543
522,1998,7,10857,11322,-465
522,1998,8,10854,11722,-868
522,1998,9,10868,5022,5846
522,1998,10,10892,5022,5870
522,1998,11,10917,5022,5895
522,1998,12,16336,15447,889
523,1993,8,300,0,300
523,1993,9,18295,0,18295
523,1993,10,11944,3200,8744
523,1993,11,11965,8500,3465
523,1993,12,17945,14300,3645
523,1994,1,12015,13015,-1000
523,1994,2,12008,2615,9393
523,1994,3,12006,19715,-7709
523,1994,4,12006,7315,4691
523,1994,5,12027,5315,6712
523,1994,6,17961,36515,-18554
523,1994,7,12295,15,12280
523,1994,8,12028,5515,6513
523,1994,9,12043,10615,1428
523,1994,10,12040,12415,-375
523,1994,11,12045,10215,1830
523,1994,12,17985,12415,5570
523,1995,1,12017,31515,-19498
523,1995,2,12019,1915,10104
523,1995,3,12044,7715,4329
523,1995,4,12060,12215,-155
523,1995,5,12060,8315,3745
523,1995,6,17954,24515,-6561
523,1995,7,12053,6615,5438
523,1995,8,12064,21215,-9151
523,1995,9,12052,8915,3137
523,1995,10,12036,5115,6921
523,1995,11,12082,15715,-3633
523,1995,12,18014,16315,1699
523,1996,1,12049,16015,-3966
523,1996,2,12046,11615,431
523,1996,3,12047,6115,5932
523,1996,4,12090,10515,1575
523,1996,5,12074,7115,4959
523,1996,6,18012,31515,-13503
523,1996,7,12043,2215,9828
523,1996,8,12097,8315,3782
523,1996,9,12093,10815,1278
523,1996,10,12100,9615,2485
523,1996,11,12111,8115,3996
523,1996,12,18067,15515,2552
523,1997,1,12115,19415,-7300
523,1997,2,12113,4015,8098
523,1997,3,12140,9815,2325
523,1997,4,12150,9515,2635
523,1997,5,12160,10015,2145
523,1997,6,20437,26915,-6478
523,1997,7,12143,9215,2928
523,1997,8,12151,11915,236
523,1997,9,12146,19115,-6969
523,1997,10,12125,10715,1410
523,1997,11,12126,13515,-1389
523,1997,12,18063,15915,2148
523,1998,1,12133,20315,-8182
523,1998,2,12104,8415,3689
523,1998,3,12111,12315,-204
523,1998,4,12119,7915,4204
523,1998,5,12145,9615,2530
523,1998,6,18043,32715,-14672
523,1998,7,12084,9215,2869
523,1998,8,12093,10315,1778
523,1998,9,12099,10715,1384
523,1998,10,12104,11215,889
523,1998,11,12119,6415,5704
523,1998,12,18054,18100,-46
524,1994,5,20463,0,20463
524,1994,6,30277,0,30277
524,1994,7,19634,14700,4934
524,1994,8,19647,33400,-13753
524,1994,9,19599,19015,584
524,1994,10,19619,21483,-1864
524,1994,11,19588,22583,-2995
524,1994,12,29321,25583,3738
524,1995,1,19579,29283,-9704
524,1995,2,19568,15583,3985
524,1995,3,19584,17883,1701
524,1995,4,19596,16783,2813
524,1995,5,19592,24183,-4591
524,1995,6,29287,29183,104
524,1995,7,19586,17483,2103
524,1995,8,19581,23683,-4102
524,1995,9,19576,16283,3293
524,1995,10,19588,18583,1005
524,1995,11,19584,25083,-5499
524,1995,12,29283,26383,2900
524,1996,1,19548,29583,-10035
524,1996,2,19533,17183,2350
524,1996,3,19546,17583,1963
524,1996,4,19550,20383,-833
524,1996,5,19551,16083,3468
524,1996,6,29265,29083,182
524,1996,7,19563,17783,1780
524,1996,8,19563,20883,-1320
524,1996,9,19551,24083,-4532
524,1996,10,19524,25183,-5659
524,1996,11,19515,18883,632
524,1996,12,29233,25983,3250
524,1997,1,19486,31083,-11597
524,1997,2,19475,20983,-1508
524,1997,3,19501,5783,13718
524,1997,4,19511,29383,-9872
524,1997,5,19517,5783,13734
524,1997,6,29238,36783,-7545
524,1997,7,19542,5783,13759
524,1997,8,19527,37283,-17756
524,1997,9,19515,12983,6532
524,1997,10,19557,5783,13774
524,1997,11,19604,41483,-21879
524,1997,12,29245,8083,21162
524,1998,1,19565,20583,-1018
524,1998,2,19600,5783,13817
524,1998,3,19654,49783,-30129
524,1998,4,19529,7483,12046
524,1998,5,19584,5783,13801
524,1998,6,29322,23583,5739
524,1998,7,19665,5783,13882
524,1998,8,19588,55683,-36095
524,1998,9,19571,5783,13788
524,1998,10,19624,8283,11341
524,1998,11,19676,5783,13893
524,1998,12,29460,7468,21992
525,1996,3,300,0,300
525,1996,5,21595,0,21595
525,1996,6,691,0,691
525,1996,7,34689,2200,32489
525,1996,8,229,17600,-17371
525,1996,9,229,5300,-5071
525,1996,10,27096,6400,20696
525,1996,11,221,14600,-14379
525,1996,12,12872,10600,2272
525,1997,1,5439,2615,2824
525,1997,2,861,9569,-8708
525,1997,3,23132,22969,163
525,1997,4,97019,35969,61050
525,1997,5,310,38769,-38459
525,1997,6,29407,26969,2438
525,1997,7,209,18069,-17860
525,1997,8,2455,10852,-8397
525,1997,9,1790,21352,-19562
525,1997,10,8967,10852,-1885
525,1997,11,36940,14152,22788
525,1997,12,63857,13152,50705
525,1998,1,68798,126644,-57846
525,1998,2,37458,10852,26606
525,1998,3,38430,32752,5678
525,1998,4,199,26452,-26253
525,1998,5,108,12952,-12844
525,1998,6,40907,20052,20855
525,1998,7,3623,25252,-21629
525,1998,8,87111,26590,60521
525,1998,9,11480,31952,-20472
525,1998,10,74007,96155,-22148
525,1998,11,73734,85794,-12060
525,1998,12,150463,78478,71985
526,1996,7,400,0,400
526,1996,8,17269,0,17269
526,1996,9,16225,6600,9625
526,1996,10,16262,8200,8062
526,1996,11,16295,8300,7995
526,1996,12,24409,9815,14594
526,1997,1,16309,36589,-20280
526,1997,2,16286,15289,997
526,1997,3,16296,13189,3107
526,1997,4,16289,20109,-3820
526,1997,5,16297,11589,4708
526,1997,6,24389,16269,8120
526,1997,7,16326,20989,-4663
526,1997,8,16320,15689,631
526,1997,9,16316,18889,-2573
526,1997,10,16308,17209,-901
526,1997,11,16317,12189,4128
526,1997,12,24397,20829,3568
526,1998,1,16278,39849,-23571
526,1998,2,17863,7849,10014
526,1998,3,16299,9689,6610
526,1998,4,16318,12889,3429
526,1998,5,16329,14189,2140
526,1998,6,24400,57609,-33209
526,1998,7,19431,5089,14342
526,1998,8,16239,17949,-1710
526,1998,9,16256,15429,827
526,1998,10,16247,17389,-1142
526,1998,11,16250,14489,1761
526,1998,12,24328,20894,3434
528,1996,12,300,0,300
528,1997,1,4568,0,4568
528,1997,2,4568,0,4568
528,1997,3,4568,0,4568
528,1997,4,4568,0,4568
528,1997,5,4623,4211,412
528,1997,6,4641,8281,-3640
528,1997,7,4637,2931,1706
528,1997,8,4642,5231,-589
528,1997,9,4641,3431,1210
528,1997,10,4646,2931,1715
528,1997,11,4653,3431,1222
528,1997,12,4656,6691,-2035
528,1998,1,4635,10391,-5756
528,1998,2,4626,2931,1695
528,1998,3,4633,4051,582
528,1998,4,4635,2931,1704
528,1998,5,4641,5331,-690
528,1998,6,4629,7581,-2952
528,1998,7,4627,2931,1696
528,1998,8,4634,2931,1703
528,1998,9,4634,5731,-1097
528,1998,10,4637,2931,1706
528,1998,11,4644,2931,1713
528,1998,12,4651,2916,1735
529,1997,8,700,0,700
529,1997,9,14445,0,14445
529,1997,10,5088,500,4588
529,1997,11,7113,0,7113
529,1997,12,7640,5400,2240
529,1998,1,8423,14519,-6096
529,1998,2,9928,3359,6569
529,1998,3,5139,8119,-2980
529,1998,4,5127,5339,-212
529,1998,5,8127,6839,1288
529,1998,6,7642,8019,-377
529,1998,7,5126,9399,-4273
529,1998,8,5109,9819,-4710
529,1998,9,9108,3359,5749
529,1998,10,11238,6839,4399
529,1998,11,11257,3359,7898
529,1998,12,7676,10904,-3228
530,1996,11,600,0,600
530,1996,12,37258,6600,30658
530,1997,1,24949,15600,9349
530,1997,2,24975,22500,2475
530,1997,3,24987,21700,3287
530,1997,4,25010,28046,-3036
530,1997,5,24985,23415,1570
530,1997,6,37415,40531,-3116
530,1997,7,24975,32692,-7717
530,1997,8,24932,32187,-7255
530,1997,9,24938,13915,11023
530,1997,10,24994,23115,1879
530,1997,11,24974,21815,3159
530,1997,12,37364,57885,-20521
530,1998,1,24920,23915,1005
530,1998,2,24939,9115,15824
530,1998,3,27215,42761,-15546
530,1998,4,24932,12115,12817
530,1998,5,24925,36814,-11889
530,1998,6,37351,26815,10536
530,1998,7,24962,21215,3747
530,1998,8,24947,33870,-8923
530,1998,9,24951,20166,4785
530,1998,10,24935,29830,-4895
530,1998,11,24935,26515,-1580
530,1998,12,37343,32600,4743
531,1995,8,1000,0,1000
531,1995,9,3216,0,3216
531,1995,10,3216,0,3216
531,1995,11,3216,0,3216
531,1995,12,3216,0,3216
531,1996,1,3262,4649,-1387
531,1996,2,3271,2159,1112
531,1996,3,3276,2159,1117
531,1996,4,3278,3359,-81
531,1996,5,3279,3569,-290
531,1996,6,3279,2159,1120
531,1996,7,3283,3209,74
531,1996,8,3284,2519,765
531,1996,9,3287,2159,1128
531,1996,10,3292,2159,1133
531,1996,11,3296,2549,747
531,1996,12,3298,2729,569
531,1997,1,3297,5309,-2012
531,1997,2,3292,2639,653
531,1997,3,3296,2159,1137
531,1997,4,3301,2699,602
531,1997,5,3303,2159,1144
531,1997,6,3308,2879,429
531,1997,7,3308,2849,459
531,1997,8,3310,3359,-49
531,1997,9,3312,2159,1153
531,1997,10,3316,2159,1157
531,1997,11,3321,2159,1162
531,1997,12,3326,2459,867
531,1998,1,3324,4919,-1595
531,1998,2,3322,2429,893
531,1998,3,3327,2459,868
531,1998,4,3330,2159,1171
531,1998,5,3335,2159,1176
531,1998,6,3338,3989,-651
531,1998,7,3337,2159,1178
531,1998,8,3340,3029,311
531,1998,9,3343,2159,1184
531,1998,10,3348,2159,1189
531,1998,11,3353,2429,924
531,1998,12,3356,2924,432
532,1995,9,900,0,900
532,1995,10,45171,0,45171
532,1995,11,192,11100,-10908
532,1995,12,189,9700,-9511
532,1996,1,0,1800,-1800
532,1996,2,1921,0,1921
532,1996,3,2107,0,2107
532,1996,4,23807,10500,13307
532,1996,5,171,5200,-5029
532,1996,6,171,3600,-3429
532,1996,7,42373,25000,17373
532,1996,8,208,11600,-11392
532,1996,9,208,8800,-8592
532,1996,10,208,4000,-3792
532,1996,11,208,1600,-1392
532,1996,12,208,1700,-1492
532,1997,1,54210,27315,26895
532,1997,2,46827,16815,30012
532,1997,3,123260,127515,-4255
532,1997,4,13214,34415,-21201
532,1997,5,120998,118675,2323
532,1997,6,111194,104007,7187
532,1997,7,39572,47086,-7514
532,1997,8,22545,36562,-14017
532,1997,9,45548,36115,9433
532,1997,10,24684,16015,8669
532,1997,11,27706,35015,-7309
532,1997,12,83878,38215,45663
532,1998,1,111652,155315,-43663
532,1998,2,46528,26099,20429
532,1998,3,73250,75466,-2216
532,1998,4,38142,47213,-9071
532,1998,5,103791,107715,-3924
532,1998,6,108043,95985,12058
532,1998,7,506,26215,-25709
532,1998,8,33636,15815,17821
532,1998,9,128321,99711,28610
532,1998,10,104209,142775,-38566
532,1998,11,45837,43415,2422
532,1998,12,77731,60900,16831
533,1995,5,8235,0,8235
533,1995,6,18003,0,18003
533,1995,7,8244,0,8244
533,1995,8,7957,6900,1057
533,1995,9,7969,4315,3654
533,1995,10,7942,16461,-8519
533,1995,11,7924,11361,-3437
533,1995,12,11830,15121,-3291
533,1996,1,7883,18201,-10318
533,1996,2,9580,4761,4819
533,1996,3,8699,4761,3938
533,1996,4,7898,11081,-3183
533,1996,5,7885,12261,-4376
533,1996,6,12294,6561,5733
533,1996,7,7903,7861,42
533,1996,8,7898,11841,-3943
533,1996,9,7886,9561,-1675
533,1996,10,7878,8461,-583
533,1996,11,7876,7461,415
533,1996,12,11779,14841,-3062
533,1997,1,7867,5601,2266
533,1997,2,7874,7861,13
533,1997,3,7876,7161,715
533,1997,4,7880,4761,3119
533,1997,5,7894,4761,3133
533,1997,6,11809,19861,-8052
533,1997,7,7872,4761,3111
533,1997,8,7885,4761,3124
533,1997,9,7895,6921,974
533,1997,10,7902,4761,3141
533,1997,11,7914,4761,3153
533,1997,12,11841,7001,4840
533,1998,1,7900,24721,-16821
533,1998,2,7879,4761,3118
533,1998,3,7892,4761,3131
533,1998,4,7903,4761,3142
533,1998,5,7917,4761,3156
533,1998,6,11815,25161,-13346
533,1998,7,7874,4761,3113
533,1998,8,7877,9561,-1684
533,1998,9,7880,4761,3119
533,1998,10,7893,4761,3132
533,1998,11,7906,4761,3145
533,1998,12,11829,6986,4843
534,1997,5,800,0,800
534,1997,6,23467,0,23467
534,1997,7,14005,7600,6405
534,1997,8,14033,7000,7033
534,1997,9,14056,12800,1256
534,1997,10,14062,12315,1747
534,1997,11,14080,12216,1864
534,1997,12,21027,20436,591
534,1998,1,14064,25236,-11172
534,1998,2,14044,9556,4488
534,1998,3,14064,10916,3148
534,1998,4,14081,7216,6865
534,1998,5,14102,12216,1886
534,1998,6,28722,47336,-18614
534,1998,7,14035,7776,6259
534,1998,8,14061,9416,4645
534,1998,9,14061,17256,-3195
534,1998,10,14071,7216,6855
534,1998,11,14091,10916,3175
534,1998,12,21053,20681,372
535,1994,5,800,0,800
535,1994,6,31043,2200,28843
535,1994,7,20807,12200,8607
535,1994,8,20838,16400,4438
535,1994,9,20855,17200,3655
535,1994,10,20879,22836,-1957
535,1994,11,20870,22763,-1893
535,1994,12,31219,28663,2556
535,1995,1,20855,33763,-12908
535,1995,2,20827,16963,3864
535,1995,3,20826,25163,-4337
535,1995,4,20821,20163,658
535,1995,5,20825,18963,1862
535,1995,6,31176,30163,1013
535,1995,7,20836,18263,2573
535,1995,8,20833,24763,-3930
535,1995,9,20829,17763,3066
535,1995,10,20839,19163,1676
535,1995,11,20838,22063,-1225
535,1995,12,31188,27563,3625
535,1996,1,20826,33663,-12837
535,1996,2,20804,16363,4441
535,1996,3,20807,23663,-2856
535,1996,4,20789,24263,-3474
535,1996,5,20787,19963,824
535,1996,6,31158,43463,-12305
535,1996,7,20753,14163,6590
535,1996,8,20769,18063,2706
535,1996,9,20799,11163,9636
535,1996,10,20825,16763,4062
535,1996,11,20829,19863,966
535,1996,12,31200,19563,11637
535,1997,1,20852,31163,-10311
535,1997,2,20838,18563,2275
535,1997,3,20857,16763,4094
535,1997,4,20850,23963,-3113
535,1997,5,20864,15563,5301
535,1997,6,31215,36463,-5248
535,1997,7,20849,20863,-14
535,1997,8,20863,15263,5600
535,1997,9,20876,20663,213
535,1997,10,20861,22163,-1302
535,1997,11,20853,22663,-1810
535,1997,12,31208,24663,6545
535,1998,1,20827,38963,-18136
535,1998,2,20801,21363,-562
535,1998,3,20798,21663,-865
535,1998,4,20795,21363,-568
535,1998,5,20801,19063,1738
535,1998,6,31151,25263,5888
535,1998,7,20807,26363,-5556
535,1998,8,20847,31063,-10216
535,1998,9,20807,20163,644
535,1998,10,20814,19363,1451
535,1998,11,20808,24463,-3655
535,1998,12,31150,13548,17602
536,1996,10,900,0,900
536,1996,11,5012,0,5012
536,1996,12,5012,0,5012
536,1997,1,5012,0,5012
536,1997,2,5012,0,5012
536,1997,3,5090,1757,3333
536,1997,4,5122,2584,2538
536,1997,5,5125,4944,181
536,1997,6,5123,5834,-711
536,1997,7,5119,7424,-2305
536,1997,8,5118,3484,1634
536,1997,9,5120,4884,236
536,1997,10,5129,2584,2545
536,1997,11,5123,10684,-5561
536,1997,12,5115,3134,1981
536,1998,1,5086,16844,-11758
536,1998,2,5075,2584,2491
536,1998,3,5086,2584,2502
536,1998,4,5078,9984,-4906
536,1998,5,5067,4984,83
536,1998,6,5074,3144,1930
536,1998,7,5076,6024,-948
536,1998,8,5080,2584,2496
536,1998,9,5090,2584,2506
536,1998,10,5101,2584,2517
536,1998,11,5111,2584,2527
536,1998,12,5121,3019,2102
537,1997,1,6599,0,6599
537,1997,2,6107,0,6107
537,1997,3,6107,0,6107
537,1997,4,6107,0,6107
537,1997,5,6171,1915,4256
537,1997,6,6162,15763,-9601
537,1997,7,6174,1863,4311
537,1997,8,6192,1863,4329
537,1997,9,6209,3463,2746
537,1997,10,6221,1863,4358
537,1997,11,6239,1863,4376
537,1997,12,6244,5813,431
537,1998,1,6238,12303,-6065
537,1998,2,6233,1863,4370
537,1998,3,6248,4583,1665
537,1998,4,6259,1863,4396
537,1998,5,6277,1863,4414
537,1998,6,6284,7883,-1599
537,1998,7,6289,1863,4426
537,1998,8,6302,3223,3079
537,1998,9,6320,1863,4457
537,1998,10,6331,5243,1088
537,1998,11,6342,3763,2579
537,1998,12,6351,2148,4203
538,1994,6,4852,0,4852
538,1994,7,4059,0,4059
538,1994,8,4059,0,4059
538,1994,9,4059,0,4059
538,1994,10,4061,15,4046
538,1994,11,4127,3007,1120
538,1994,12,4132,3007,1125
538,1995,1,4122,14047,-9925
538,1995,2,4098,2707,1391
538,1995,3,4104,2707,1397
538,1995,4,4110,2707,1403
538,1995,5,4109,5907,-1798
538,1995,6,4109,2707,1402
538,1995,7,4112,6387,-2275
538,1995,8,4105,2707,1398
538,1995,9,4110,6147,-2037
538,1995,10,4102,2707,1395
538,1995,11,4108,2707,1401
538,1995,12,4110,6047,-1937
538,1996,1,4097,6147,-2050
538,1996,2,4096,4407,-311
538,1996,3,4096,2707,1389
538,1996,4,4099,4147,-48
538,1996,5,4099,6707,-2608
538,1996,6,4090,3707,383
538,1996,7,4092,2707,1385
538,1996,8,4098,2707,1391
538,1996,9,4104,2707,1397
538,1996,10,4104,8007,-3903
538,1996,11,4093,2707,1386
538,1996,12,4097,3907,190
538,1997,1,4100,3987,113
538,1997,2,4100,2707,1393
538,1997,3,4106,2707,1399
538,1997,4,4110,3987,123
538,1997,5,4112,2707,1405
538,1997,6,4118,2707,1411
538,1997,7,4124,2707,1417
538,1997,8,4126,3187,939
538,1997,9,4134,2707,1427
538,1997,10,4140,2707,1433
538,1997,11,4143,5667,-1524
538,1997,12,4139,3057,1082
538,1998,1,4118,13667,-9549
538,1998,2,4104,2707,1397
538,1998,3,4109,2707,1402
538,1998,4,4113,3827,286
538,1998,5,4116,2707,1409
538,1998,6,4122,2707,1415
538,1998,7,4128,2707,1421
538,1998,8,4126,5427,-1301
538,1998,9,4128,2707,1421
538,1998,10,4134,4387,-253
538,1998,11,4133,2707,1426
538,1998,12,4138,3542,596
539,1993,2,700,0,700
539,1993,3,13500,0,13500
539,1993,4,3100,0,3100
539,1993,5,3600,0,3600
539,1993,6,1500,0,1500
539,1993,7,2000,0,2000
539,1993,8,2600,0,2600
539,1993,9,200,0,200
539,1993,10,0,2500,-2500
539,1993,11,2000,0,2000
539,1993,12,0,600,-600
539,1994,1,70455,12300,58155
539,1994,2,128183,145400,-17217
539,1994,3,195,44600,-44405
539,1994,4,38927,18700,20227
539,1994,5,177,11900,-11723
539,1994,6,33475,19200,14275
539,1994,7,44367,39803,4564
539,1994,8,206,15000,-14794
539,1994,9,26169,26300,-131
539,1994,10,47094,28600,18494
539,1994,11,74473,52400,22073
539,1994,12,36141,65900,-29759
539,1995,1,906,34900,-33994
539,1995,2,5950,100,5850
539,1995,3,1974,100,1874
539,1995,4,39139,30045,9094
539,1995,5,39439,9200,30239
539,1995,6,50854,28200,22654
539,1995,7,335,29500,-29165
539,1995,8,216,11000,-10784
539,1995,9,15701,20300,-4599
539,1995,10,17839,24280,-6441
539,1995,11,127,1200,-1073
539,1995,12,34207,17500,16707
539,1996,1,14497,62002,-47505
539,1996,2,58012,5956,52056
539,1996,3,56264,11400,44864
539,1996,4,313,43700,-43387
539,1996,5,117216,103900,13316
539,1996,6,405,36800,-36395
539,1996,7,22986,13000,9986
539,1996,8,6675,13193,-6518
539,1996,9,27764,24822,2942
539,1996,10,52540,35655,16885
539,1996,11,16787,24820,-8033
539,1996,12,176,9000,-8824
539,1997,1,35448,48400,-12952
539,1997,2,63936,28500,35436
539,1997,3,43829,31400,12429
539,1997,4,48200,73296,-25096
539,1997,5,34326,5600,28726
539,1997,6,41222,44427,-3205
539,1997,7,35073,21100,13973
539,1997,8,73044,89600,-16556
539,1997,9,136391,122924,13467
539,1997,10,83956,92800,-8844
539,1997,11,28194,16500,11694
539,1997,12,321,29400,-29079
539,1998,1,44967,52100,-7133
539,1998,2,29759,31829,-2070
539,1998,3,95197,82200,12997
539,1998,4,241,5700,-5459
539,1998,5,3016,4900,-1884
539,1998,6,2312,100,2212
539,1998,7,5705,14872,-9167
539,1998,8,35723,24924,10799
539,1998,9,226,8700,-8474
539,1998,10,181,5511,-5330
539,1998,11,88588,98533,-9945
539,1998,12,14459,38704,-24245
540,1993,10,1503,0,1503
540,1993,11,12634,0,12634
540,1993,12,47418,3515,43903
540,1994,1,2884,34365,-31481
540,1994,2,2814,1065,1749
540,1994,3,2822,1115,1707
540,1994,4,2819,4915,-2096
540,1994,5,2821,15,2806
540,1994,6,2818,11415,-8597
540,1994,7,7007,615,6392
540,1994,8,3226,15,3211
540,1994,9,44017,4915,39102
540,1994,10,2947,22515,-19568
540,1994,11,2893,12765,-9872
540,1994,12,13634,6715,6919
540,1995,1,2845,29015,-26170
540,1995,2,37182,15,37167
540,1995,3,2911,18615,-15704
540,1995,4,2865,9965,-7100
540,1995,5,2843,7215,-4372
540,1995,6,2823,7715,-4892
540,1995,7,37801,21815,15986
540,1995,8,2856,14315,-11459
540,1995,9,2816,9315,-6499
540,1995,10,2799,4965,-2166
540,1995,11,2795,4365,-1570
540,1995,12,2787,3315,-528
540,1996,1,2768,9065,-6297
540,1996,2,3768,315,3453
540,1996,3,2780,15,2765
540,1996,4,2780,5215,-2435
540,1996,5,2773,3415,-642
540,1996,6,2778,15,2763
540,1996,7,2778,5815,-3037
540,1996,8,2773,2265,508
540,1996,9,52743,34615,18128
540,1996,10,2850,19215,-16365
540,1996,11,2785,1115,1670
540,1996,12,13293,615,12678
540,1997,1,2813,14265,-11452
540,1997,2,2798,15,2783
540,1997,3,50362,35215,15147
540,1997,4,2864,20315,-17451
540,1997,5,2792,4415,-1623
540,1997,6,2782,5215,-2433
540,1997,7,2783,15,2768
540,1997,8,42899,33115,9784
540,1997,9,2820,18315,-15495
540,1997,10,2770,15,2755
540,1997,11,2778,1915,863
540,1997,12,2785,515,2270
540,1998,1,2778,8165,-5387
540,1998,2,2772,15,2757
540,1998,3,2780,1765,1015
540,1998,4,2788,15,2773
540,1998,5,2799,15,2784
540,1998,6,2808,1015,1793
540,1998,7,2818,15,2803
540,1998,8,85494,32715,52779
540,1998,9,2980,45315,-42335
540,1998,10,2840,19665,-16825
540,1998,11,2792,4465,-1673
540,1998,12,2794,2100,694
541,1993,8,200,0,200
541,1993,9,20564,0,20564
541,1993,10,20220,10300,9920
541,1993,11,20254,13200,7054
541,1993,12,30338,22800,7538
541,1994,1,20274,30467,-10193
541,1994,2,20251,21283,-1032
541,1994,3,20249,19943,306
541,1994,4,20244,22203,-1959
541,1994,5,20274,19843,431
541,1994,6,30307,33323,-3016
541,1994,7,20235,18243,1992
541,1994,8,20975,8743,12232
541,1994,9,20309,12943,7366
541,1994,10,20311,21743,-1432
541,1994,11,20309,19843,466
541,1994,12,30395,21323,9072
541,1995,1,20279,51983,-31704
541,1995,2,20237,16123,4114
541,1995,3,20269,9643,10626
541,1995,4,20269,22623,-2354
541,1995,5,20277,16843,3434
541,1995,6,30331,30823,-492
541,1995,7,20292,16243,4049
541,1995,8,20286,24143,-3857
541,1995,9,20276,22463,-2187
541,1995,10,20276,26843,-6567
541,1995,11,20273,23103,-2830
541,1995,12,30352,23943,6409
541,1996,1,20232,35483,-15251
541,1996,2,20233,11243,8990
541,1996,3,20269,16843,3426
541,1996,4,20281,20143,138
541,1996,5,20271,20643,-372
541,1996,6,30358,33043,-2685
541,1996,7,20266,24203,-3937
541,1996,8,20248,16743,3505
541,1996,9,20263,19443,820
541,1996,10,20264,20843,-579
541,1996,11,20258,21743,-1485
541,1996,12,30328,30643,-315
541,1997,1,20201,33683,-13482
541,1997,2,20198,18443,1755
541,1997,3,20204,20843,-639
541,1997,4,20202,19143,1059
541,1997,5,20207,18143,2064
541,1997,6,30286,29043,1243
541,1997,7,20215,21143,-928
541,1997,8,20206,23243,-3037
541,1997,9,20200,18443,1757
541,1997,10,20201,21943,-1742
541,1997,11,20201,17043,3158
541,1997,12,30270,30443,-173
541,1998,1,20191,24243,-4052
541,1998,2,20196,16143,4053
541,1998,3,20203,22443,-2240
541,1998,4,20195,21143,-948
541,1998,5,20192,20243,-51
541,1998,6,30257,25223,5034
541,1998,7,20198,26703,-6505
541,1998,8,20207,8743,11464
541,1998,9,20212,27543,-7331
541,1998,10,20190,23643,-3453
541,1998,11,20178,21743,-1565
541,1998,12,30246,25928,4318
542,1993,11,5043,0,5043
542,1993,12,4146,0,4146
542,1994,1,4146,0,4146
542,1994,2,4146,0,4146
542,1994,3,4206,2765,1441
542,1994,4,4218,2765,1453
542,1994,5,4215,2765,1450
542,1994,6,4217,11315,-7098
542,1994,7,4201,2765,1436
542,1994,8,4207,2765,1442
542,1994,9,4203,2765,1438
542,1994,10,4219,2765,1454
542,1994,11,4225,2765,1460
542,1994,12,4220,4325,-105
542,1995,1,4192,12445,-8253
542,1995,2,4196,2765,1431
542,1995,3,4191,5085,-894
542,1995,4,4189,2765,1424
542,1995,5,4204,2765,1439
542,1995,6,4194,6165,-1971
542,1995,7,4202,2765,1437
542,1995,8,4195,7085,-2890
542,1995,9,4189,3485,704
542,1995,10,4199,2765,1434
542,1995,11,4195,2765,1430
542,1995,12,4199,3315,884
542,1996,1,4191,7535,-3344
542,1996,2,4191,2765,1426
542,1996,3,4197,5885,-1688
542,1996,4,4190,2765,1425
542,1996,5,4205,2765,1440
542,1996,6,4197,4415,-218
542,1996,7,4210,2765,1445
542,1996,8,4216,2765,1451
542,1996,9,4211,4845,-634
542,1996,10,4209,3165,1044
542,1996,11,4218,4365,-147
542,1996,12,4220,5025,-805
542,1997,1,4192,8765,-4573
542,1997,2,4191,3725,466
542,1997,3,4203,2765,1438
542,1997,4,4208,4125,83
542,1997,5,4209,2765,1444
542,1997,6,4191,7115,-2924
542,1997,7,4193,2765,1428
542,1997,8,4199,2765,1434
542,1997,9,4191,6445,-2254
542,1997,10,4205,2765,1440
542,1997,11,4201,2765,1436
542,1997,12,4203,5805,-1602
542,1998,1,4193,5405,-1212
542,1998,2,4195,2765,1430
542,1998,3,4192,5645,-1453
542,1998,4,4205,2765,1440
542,1998,5,4211,2765,1446
542,1998,6,4217,2765,1452
542,1998,7,4211,5165,-954
542,1998,8,4209,2765,1444
542,1998,9,4202,7085,-2883
542,1998,10,4212,2765,1447
542,1998,11,4209,2765,1444
542,1998,12,4204,6730,-2526
543,1994,5,4194,0,4194
543,1994,6,13336,0,13336
543,1994,7,9180,0,9180
543,1994,8,3694,6300,-2606
543,1994,9,3692,3501,191
543,1994,10,3689,5563,-1874
543,1994,11,3681,5003,-1322
543,1994,12,5570,3633,1937
543,1995,1,5273,7923,-2650
543,1995,2,3670,3503,167
543,1995,3,4372,2403,1969
543,1995,4,4382,2553,1829
543,1995,5,3686,4703,-1017
543,1995,6,3682,8883,-5201
543,1995,7,3662,4403,-741
543,1995,8,5161,3423,1738
543,1995,9,4666,2403,2263
543,1995,10,3674,4003,-329
543,1995,11,3674,4103,-429
543,1995,12,3667,4533,-866
543,1996,1,3656,8703,-5047
543,1996,2,6652,2403,4249
543,1996,3,3665,3803,-138
543,1996,4,6263,4263,2000
543,1996,5,3670,5503,-1833
543,1996,6,3662,4603,-941
543,1996,7,3659,4803,-1144
543,1996,8,3651,4333,-682
543,1996,9,3645,7193,-3548
543,1996,10,3639,2603,1036
543,1996,11,3639,5003,-1364
543,1996,12,6442,3183,3259
543,1997,1,3746,5733,-1987
543,1997,2,6845,3273,3572
543,1997,3,3655,4523,-868
543,1997,4,3646,6203,-2557
543,1997,5,6649,2403,4246
543,1997,6,5454,8073,-2619
543,1997,7,5046,4623,423
543,1997,8,3643,6003,-2360
543,1997,9,3637,4103,-466
543,1997,10,3638,2803,835
543,1997,11,3639,4003,-364
543,1997,12,3640,3243,397
543,1998,1,3640,4383,-743
543,1998,2,3639,2403,1236
543,1998,3,3647,2403,1244
543,1998,4,3652,2403,1249
543,1998,5,3656,3753,-97
543,1998,6,3655,6543,-2888
543,1998,7,3642,2403,1239
543,1998,8,3639,5193,-1554
543,1998,9,3644,2403,1241
543,1998,10,3643,4353,-710
543,1998,11,3643,2403,1240
543,1998,12,3647,2598,1049
544,1995,5,400,0,400
544,1995,6,34254,5100,29154
544,1995,7,22935,13400,9535
544,1995,8,22960,19700,3260
544,1995,9,22978,18100,4878
544,1995,10,22980,25615,-2635
544,1995,11,22968,29415,-6447
544,1995,12,34366,38815,-4449
544,1996,1,22928,37006,-14078
544,1996,2,27643,2415,25228
544,1996,3,22988,24615,-1627
544,1996,4,22994,19183,3811
544,1996,5,23019,11415,11604
544,1996,6,34411,46559,-12148
544,1996,7,23017,12315,10702
544,1996,8,22984,40615,-17631
544,1996,9,22994,9213,13781
544,1996,10,23028,26777,-3749
544,1996,11,23002,29743,-6741
544,1996,12,34421,12613,21808
544,1997,1,23052,33413,-10361
544,1997,2,23045,12213,10832
544,1997,3,23039,38648,-15609
544,1997,4,23038,8113,14925
544,1997,5,23080,15213,7867
544,1997,6,34530,18713,15817
544,1997,7,23071,42506,-19435
544,1997,8,23076,27849,-4773
544,1997,9,23027,30692,-7665
544,1997,10,23006,34171,-11165
544,1997,11,29402,32042,-2640
544,1997,12,38006,43623,-5617
544,1998,1,29963,24513,5450
544,1998,2,27499,25159,2340
544,1998,3,28571,25328,3243
544,1998,4,27175,27077,98
544,1998,5,23033,12213,10820
544,1998,6,44179,63349,-19170
544,1998,7,31268,31611,-343
544,1998,8,26880,19766,7114
544,1998,9,30079,26814,3265
544,1998,10,28526,11524,17002
544,1998,11,23090,11015,12075
544,1998,12,34602,2100,32502
545,1993,11,900,0,900
545,1993,12,22094,0,22094
545,1994,1,11551,4200,7351
545,1994,2,11573,10900,673
545,1994,3,11578,8300,3278
545,1994,4,11602,13521,-1919
545,1994,5,11598,10221,1377
545,1994,6,17287,27821,-10534
545,1994,7,11566,4721,6845
545,1994,8,11586,10421,1165
545,1994,9,11586,13221,-1635
545,1994,10,11580,12421,-841
545,1994,11,11576,14821,-3245
545,1994,12,17301,13821,3480
545,1995,1,11580,10021,1559
545,1995,2,11583,11521,62
545,1995,3,11588,9121,2467
545,1995,4,11591,13021,-1430
545,1995,5,11586,12121,-535
545,1995,6,17286,22421,-5135
545,1995,7,11570,8021,3549
545,1995,8,11570,15821,-4251
545,1995,9,11571,5321,6250
545,1995,10,11579,13221,-1642
545,1995,11,11585,7421,4164
545,1995,12,17324,15421,1903
545,1996,1,11578,20221,-8643
545,1996,2,11564,15221,-3657
545,1996,3,11562,6021,5541
545,1996,4,11570,11621,-51
545,1996,5,11577,8721,2856
545,1996,6,18364,30521,-12157
545,1996,7,11548,5121,6427
545,1996,8,11570,6621,4949
545,1996,9,11594,8421,3173
545,1996,10,11608,4921,6687
545,1996,11,11612,12821,-1209
545,1996,12,17323,24621,-7298
545,1997,1,11576,17221,-5645
545,1997,2,12082,7421,4661
545,1997,3,11585,8721,2864
545,1997,4,11595,12121,-526
545,1997,5,11590,10921,669
545,1997,6,24622,21221,3401
545,1997,7,11625,5021,6604
545,1997,8,11640,8621,3019
545,1997,9,11649,9821,1828
545,1997,10,11654,10521,1133
545,1997,11,11669,7521,4148
545,1997,12,17404,13121,4283
545,1998,1,11667,21521,-9854
545,1998,2,11667,6021,5646
545,1998,3,11686,7421,4265
545,1998,4,11672,15021,-3349
545,1998,5,13309,3321,9988
545,1998,6,17456,12721,4735
545,1998,7,11739,19921,-8182
545,1998,8,11735,11521,214
545,1998,9,11727,5821,5906
545,1998,10,11752,5621,6131
545,1998,11,11755,14421,-2666
545,1998,12,17506,3906,13600
546,1996,11,1100,0,1100
546,1996,12,4410,0,4410
546,1997,1,4410,0,4410
546,1997,2,4410,0,4410
546,1997,3,4410,0,4410
546,1997,4,4464,5915,-1451
546,1997,5,4485,6475,-1990
546,1997,6,4478,2955,1523
546,1997,7,4484,2955,1529
546,1997,8,4487,5035,-548
546,1997,9,4489,2955,1534
546,1997,10,4495,2955,1540
546,1997,11,4501,2955,1546
546,1997,12,4505,5805,-1300
546,1998,1,4502,2955,1547
546,1998,2,4496,9255,-4759
546,1998,3,4485,5255,-770
546,1998,4,4478,7055,-2577
546,1998,5,4473,3955,518
546,1998,6,4469,7055,-2586
546,1998,7,4466,2955,1511
546,1998,8,4466,5755,-1289
546,1998,9,4467,2955,1512
546,1998,10,4474,2955,1519
546,1998,11,4471,7035,-2564
546,1998,12,4469,3740,729
547,1997,7,900,0,900
547,1997,8,3410,0,3410
547,1997,9,3410,0,3410
547,1997,10,3410,0,3410
547,1997,11,3410,0,3410
547,1997,12,3454,3608,-154
547,1998,1,3466,5438,-1972
547,1998,2,3461,3608,-147
547,1998,3,3463,3278,185
547,1998,4,3465,2288,1177
547,1998,5,3469,2888,581
547,1998,6,3469,3818,-349
547,1998,7,3471,2288,1183
547,1998,8,3472,3758,-286
547,1998,9,3475,2288,1187
547,1998,10,3480,2288,1192
547,1998,11,3481,4208,-727
547,1998,12,3482,2453,1029
548,1994,6,6665,0,6665
548,1994,7,6472,0,6472
548,1994,8,6472,0,6472
548,1994,9,6472,0,6472
548,1994,10,6546,2843,3703
548,1994,11,6570,7888,-1318
548,1994,12,6568,5028,1540
548,1995,1,6565,9208,-2643
548,1995,2,6572,4788,1784
548,1995,3,6574,3428,3146
548,1995,4,6578,6028,550
548,1995,5,6574,9068,-2494
548,1995,6,6534,17478,-10944
548,1995,7,6538,2228,4310
548,1995,8,6557,5808,749
548,1995,9,6562,6528,34
548,1995,10,6542,11508,-4966
548,1995,11,6537,5248,1289
548,1995,12,6537,6398,139
548,1996,1,6524,13268,-6744
548,1996,2,6516,5668,848
548,1996,3,6522,1828,4694
548,1996,4,6532,5348,1184
548,1996,5,6543,3988,2555
548,1996,6,6539,8778,-2239
548,1996,7,6544,5528,1016
548,1996,8,6546,7068,-522
548,1996,9,6546,3108,3438
548,1996,10,6564,1828,4736
548,1996,11,6581,3628,2953
548,1996,12,6585,8428,-1843
548,1997,1,6566,9908,-3342
548,1997,2,6568,4148,2420
548,1997,3,6581,4528,2053
548,1997,4,6576,12668,-6092
548,1997,5,6558,8528,-1970
548,1997,6,6542,11078,-4536
548,1997,7,6539,2428,4111
548,1997,8,6546,8628,-2082
548,1997,9,6545,3528,3017
548,1997,10,6539,11708,-5169
548,1997,11,6536,3528,3008
548,1997,12,6550,5728,822
548,1998,1,6532,11068,-4536
548,1998,2,6523,9048,-2525
548,1998,3,6525,1828,4697
548,1998,4,6535,6628,-93
548,1998,5,6540,3828,2712
548,1998,6,6537,11668,-5131
548,1998,7,6518,9968,-3450
548,1998,8,6508,6828,-320
548,1998,9,6504,7828,-1324
548,1998,10,6513,1828,4685
548,1998,11,6508,11528,-5020
548,1998,12,6510,2813,3697
549,1996,11,500,0,500
549,1996,12,22267,0,22267
549,1997,1,14136,6800,7336
549,1997,2,14162,10800,3362
549,1997,3,14179,7400,6779
549,1997,4,14216,18379,-4163
549,1997,5,14205,11906,2299
549,1997,6,21239,19386,1853
549,1997,7,14222,11506,2716
549,1997,8,14229,14406,-177
549,1997,9,14227,14406,-179
549,1997,10,14225,15206,-981
549,1997,11,14215,18806,-4591
549,1997,12,21222,22506,-1284
549,1998,1,14168,33726,-19558
549,1998,2,14122,7606,6516
549,1998,3,14148,9606,4542
549,1998,4,14161,17226,-3065
549,1998,5,14153,10006,4147
549,1998,6,21191,18406,2785
549,1998,7,14170,16406,-2236
549,1998,8,14165,13106,1059
549,1998,9,14168,13106,1062
549,1998,10,14172,15006,-834
549,1998,11,14166,14106,60
549,1998,12,21194,17891,3303
550,1997,10,200,0,200
550,1997,11,5880,0,5880
550,1997,12,5880,0,5880
550,1998,1,5880,0,5880
550,1998,2,5933,200,5733
550,1998,3,5990,1362,4628
550,1998,4,5999,7311,-1312
550,1998,5,5983,11491,-5508
550,1998,6,5952,11461,-5509
550,1998,7,5958,2511,3447
550,1998,8,5958,7231,-1273
550,1998,9,5969,8011,-2042
550,1998,10,5939,9711,-3772
550,1998,11,5940,3851,2089
550,1998,12,5954,1996,3958
551,1993,5,2406,0,2406
551,1993,6,14238,0,14238
551,1993,7,7584,0,7584
551,1993,8,1700,1900,-200
551,1993,9,2706,15,2691
551,1993,10,1694,5765,-4071
551,1993,11,1798,15,1783
551,1993,12,1689,6015,-4326
551,1994,1,6175,9515,-3340
551,1994,2,5382,15,5367
551,1994,3,46026,15,46011
551,1994,4,1830,24465,-22635
551,1994,5,1773,8515,-6742
551,1994,6,1745,8815,-7070
551,1994,7,1730,5015,-3285
551,1994,8,1718,4515,-2797
551,1994,9,17060,8415,8645
551,1994,10,1739,8165,-6426
551,1994,11,1714,4915,-3201
551,1994,12,1698,6015,-4317
551,1995,1,1678,6965,-5287
551,1995,2,6067,365,5702
551,1995,3,1686,2215,-529
551,1995,4,1683,3815,-2132
551,1995,5,2777,15,2762
551,1995,6,22047,14015,8032
551,1995,7,1713,9515,-7802
551,1995,8,1687,3465,-1778
551,1995,9,1677,5065,-3388
551,1995,10,45992,22315,23677
551,1995,11,1747,17215,-15468
551,1995,12,1692,8115,-6423
551,1996,1,1669,4315,-2646
551,1996,2,1658,4315,-2657
551,1996,3,1651,1215,436
551,1996,4,1653,15,1638
551,1996,5,11091,15,11076
551,1996,6,1685,14715,-13030
551,1996,7,1651,15,1636
551,1996,8,23471,18165,5306
551,1996,9,1680,15,1665
551,1996,10,1687,15,1672
551,1996,11,1674,11615,-9941
551,1996,12,1652,15,1637
551,1997,1,1659,15,1644
551,1997,2,1666,15,1651
551,1997,3,1673,15,1658
551,1997,4,1680,15,1665
551,1997,5,26037,31415,-5378
551,1997,6,1664,15,1649
551,1997,7,1671,1165,506
551,1997,8,1673,15,1658
551,1997,9,46285,37415,8870
551,1997,10,1718,1165,553
551,1997,11,1719,15,1704
551,1997,12,1718,3365,-1647
551,1998,1,1710,7515,-5805
551,1998,2,1695,15,1680
551,1998,3,1702,15,1687
551,1998,4,1708,2015,-307
551,1998,5,1707,15,1692
551,1998,6,1695,5965,-4270
551,1998,7,5818,15,5803
551,1998,8,1721,515,1206
551,1998,9,7657,615,7042
551,1998,10,1755,15,1740
551,1998,11,1762,15,1747
551,1998,12,1769,1500,269
552,1993,8,900,0,900
552,1993,9,5145,0,5145
552,1993,10,5145,0,5145
552,1993,11,5145,0,5145
552,1993,12,5145,0,5145
552,1994,1,5204,10522,-5318
552,1994,2,5219,2112,3107
552,1994,3,5233,2212,3021
552,1994,4,5245,2112,3133
552,1994,5,5254,4512,742
552,1994,6,5248,9172,-3924
552,1994,7,5245,2112,3133
552,1994,8,5252,5112,140
552,1994,9,5259,2112,3147
552,1994,10,5257,10012,-4755
552,1994,11,5242,6512,-1270
552,1994,12,5239,5662,-423
552,1995,1,5226,12932,-7706
552,1995,2,5212,2112,3100
552,1995,3,5226,2112,3114
552,1995,4,5237,3212,2025
552,1995,5,5243,4012,1231
552,1995,6,5233,12472,-7239
552,1995,7,5220,3712,1508
552,1995,8,5225,4012,1213
552,1995,9,5232,5712,-480
552,1995,10,5231,3652,1579
552,1995,11,5230,6312,-1082
552,1995,12,5225,7832,-2607
552,1996,1,5211,8192,-2981
552,1996,2,5207,5392,-185
552,1996,3,5209,2112,3097
552,1996,4,5222,2112,3110
552,1996,5,5236,3212,2024
552,1996,6,5241,4312,929
552,1996,7,5249,4712,537
552,1996,8,5248,3812,1436
552,1996,9,5243,7112,-1869
552,1996,10,5227,11032,-5805
552,1996,11,5223,2112,3111
552,1996,12,5235,7022,-1787
552,1997,1,5219,9142,-3923
552,1997,2,5212,2112,3100
552,1997,3,5223,3312,1911
552,1997,4,5233,2112,3121
552,1997,5,5246,2112,3134
552,1997,6,5250,7812,-2562
552,1997,7,5247,5912,-665
552,1997,8,5235,9472,-4237
552,1997,9,5227,2312,2915
552,1997,10,5236,4672,564
552,1997,11,5241,3912,1329
552,1997,12,5242,10012,-4770
552,1998,1,5211,10192,-4981
552,1998,2,5204,4692,512
552,1998,3,5208,3012,2196
552,1998,4,5215,6412,-1197
552,1998,5,5212,3412,1800
552,1998,6,5220,2112,3108
552,1998,7,5226,5712,-486
552,1998,8,5229,4012,1217
552,1998,9,5223,10112,-4889
552,1998,10,5209,7512,-2303
552,1998,11,5202,4912,290
552,1998,12,5210,2597,2613
553,1995,6,1303,0,1303
553,1995,7,28058,15,28043
553,1995,8,1121,1515,-394
553,1995,9,1113,2815,-1702
553,1995,10,1108,3315,-2207
553,1995,11,25174,12115,13059
553,1995,12,1148,7915,-6767
553,1996,1,1112,12515,-11403
553,1996,2,34242,1815,32427
553,1996,3,1171,16715,-15544
553,1996,4,38534,4915,33619
553,1996,5,1239,33415,-32176
553,1996,6,2133,21715,-19582
553,1996,7,1676,1965,-289
553,1996,8,1078,1815,-737
553,1996,9,2476,15,2461
553,1996,10,3786,1515,2271
553,1996,11,2696,15,2681
553,1996,12,2405,1415,990
553,1997,1,8095,13715,-5620
553,1997,2,1887,15,1872
553,1997,3,1695,15,1680
553,1997,4,1098,4715,-3617
553,1997,5,1086,1015,71
553,1997,6,6149,1015,5134
553,1997,7,1107,1415,-308
553,1997,8,1104,3015,-1911
553,1997,9,1700,15,1685
553,1997,10,29963,215,29748
553,1997,11,1209,15515,-14306
553,1997,12,1161,7115,-5954
553,1998,1,5609,21115,-15506
553,1998,2,4987,15,4972
553,1998,3,7746,1915,5831
553,1998,4,1123,2715,-1592
553,1998,5,2222,15,2207
553,1998,6,29718,26015,3703
553,1998,7,1142,1515,-373
553,1998,8,1141,915,226
553,1998,9,2845,1615,1230
553,1998,10,6960,15,6945
553,1998,11,1178,15,1163
553,1998,12,1777,3500,-1723
554,1996,1,800,0,800
554,1996,2,10612,0,10612
554,1996,3,8949,15,8934
554,1996,4,2589,615,1974
554,1996,5,2595,2615,-20
554,1996,6,2594,3715,-1121
554,1996,7,7384,4865,2519
554,1996,8,5005,1315,3690
554,1996,9,2617,1515,1102
554,1996,10,3224,15,3209
554,1996,11,2634,1665,969
554,1996,12,31318,18015,13303
554,1997,1,2668,13965,-11297
554,1997,2,2648,115,2533
554,1997,3,3056,2065,991
554,1997,4,2658,3515,-857
554,1997,5,2658,1115,1543
554,1997,6,7787,10915,-3128
554,1997,7,2644,5515,-2871
554,1997,8,12384,3415,8969
554,1997,9,2666,6415,-3749
554,1997,10,2651,6215,-3564
554,1997,11,2640,4215,-1575
554,1997,12,4445,1815,2630
554,1998,1,3439,12215,-8776
554,1998,2,10331,15,10316
554,1998,3,2657,1615,1042
554,1998,4,34539,19515,15024
554,1998,5,2709,7815,-5106
554,1998,6,36279,46315,-10036
554,1998,7,2959,2215,744
554,1998,8,2657,4115,-1458
554,1998,9,2652,3915,-1263
554,1998,10,2645,4415,-1770
554,1998,11,2641,3115,-474
554,1998,12,2615,11800,-9185
555,1993,5,300,0,300
555,1993,6,34071,5200,28871
555,1993,7,22817,11300,11517
555,1993,8,22847,18800,4047
555,1993,9,22855,22300,555
555,1993,10,22861,20986,1875
555,1993,11,22846,28383,-5537
555,1993,12,34180,31883,2297
555,1994,1,22848,28583,-5735
555,1994,2,22857,10383,12474
555,1994,3,22864,29483,-6619
555,1994,4,22867,16183,6684
555,1994,5,22887,18283,4604
555,1994,6,34248,29783,4465
555,1994,7,22914,22083,831
555,1994,8,22923,24483,-1560
555,1994,9,22885,28683,-5798
555,1994,10,22861,30783,-7922
555,1994,11,22835,26783,-3948
555,1994,12,34199,23083,11116
555,1995,1,22847,33383,-10536
555,1995,2,22841,19983,2858
555,1995,3,22851,20983,1868
555,1995,4,22839,27483,-4644
555,1995,5,22835,23083,-248
555,1995,6,34157,31383,2774
555,1995,7,22819,34883,-12064
555,1995,8,22811,17283,5528
555,1995,9,22822,20883,1939
555,1995,10,22830,24083,-1253
555,1995,11,22810,25483,-2673
555,1995,12,34172,42883,-8711
555,1996,1,22789,32883,-10094
555,1996,2,22770,13583,9187
555,1996,3,22810,28883,-6073
555,1996,4,22784,25783,-2999
555,1996,5,22769,12283,10486
555,1996,6,34153,46483,-12330
555,1996,7,22770,7783,14987
555,1996,8,22808,35883,-13075
555,1996,9,22777,7783,14994
555,1996,10,22819,36983,-14164
555,1996,11,22780,7783,14997
555,1996,12,34173,45883,-11710
555,1997,1,22776,18283,4493
555,1997,2,22790,33583,-10793
555,1997,3,22771,7783,14988
555,1997,4,22807,32083,-9276
555,1997,5,22790,8383,14407
555,1997,6,34162,52983,-18821
555,1997,7,22775,8683,14092
555,1997,8,22788,35683,-12895
555,1997,9,22779,11483,11296
555,1997,10,22783,35683,-12900
555,1997,11,22769,10683,12086
555,1997,12,34135,41383,-7248
555,1998,1,22777,16583,6194
555,1998,2,22814,7783,15031
555,1998,3,22821,45083,-22262
555,1998,4,22785,7783,15002
555,1998,5,22791,37483,-14692
555,1998,6,34104,35383,-1279
555,1998,7,22752,23083,-331
555,1998,8,22753,21283,1470
555,1998,9,22757,22183,574
555,1998,10,22758,21683,1075
555,1998,11,22760,22183,577
555,1998,12,34106,32968,1138
556,1997,6,500,0,500
556,1997,7,20819,0,20819
556,1997,8,18699,9400,9299
556,1997,9,18733,14400,4333
556,1997,10,18746,20000,-1254
556,1997,11,18742,18315,427
556,1997,12,28076,28115,-39
556,1998,1,18755,37455,-18700
556,1998,2,18675,11415,7260
556,1998,3,18730,19355,-625
556,1998,4,18699,14215,4484
556,1998,5,18744,18515,229
556,1998,6,28059,28075,-16
556,1998,7,18717,16215,2502
556,1998,8,18735,18855,-120
556,1998,9,18713,25035,-6322
556,1998,10,18713,13935,4778
556,1998,11,18723,14915,3808
556,1998,12,28122,3520,24602
557,1995,11,600,0,600
557,1995,12,3075,0,3075
557,1996,1,3075,0,3075
557,1996,2,3075,0,3075
557,1996,3,3075,0,3075
557,1996,4,3110,2065,1045
557,1996,5,3139,2635,504
557,1996,6,3137,4255,-1118
557,1996,7,3133,2065,1068
557,1996,8,3133,4405,-1272
557,1996,9,3132,2065,1067
557,1996,10,3142,2065,1077
557,1996,11,3146,2065,1081
557,1996,12,3149,3685,-536
557,1997,1,3139,5245,-2106
557,1997,2,3137,3025,112
557,1997,3,3140,2065,1075
557,1997,4,3144,2065,1079
557,1997,5,3144,2065,1079
557,1997,6,3153,2305,848
557,1997,7,3157,2065,1092
557,1997,8,3159,2995,164
557,1997,9,3162,2065,1097
557,1997,10,3162,2065,1097
557,1997,11,3166,2065,1101
557,1997,12,3175,2515,660
557,1998,1,3161,7375,-4214
557,1998,2,3161,2065,1096
557,1998,3,3162,2545,617
557,1998,4,3168,2065,1103
557,1998,5,3170,2935,235
557,1998,6,3151,9265,-6114
557,1998,7,3143,2065,1078
557,1998,8,3148,3265,-117
557,1998,9,3147,2065,1082
557,1998,10,3156,3535,-379
557,1998,11,3155,2065,1090
557,1998,12,3154,2260,894
558,1996,6,900,0,900
558,1996,7,14271,0,14271
558,1996,8,8418,600,7818
558,1996,9,8449,1400,7049
558,1996,10,8473,3700,4773
558,1996,11,8464,15871,-7407
558,1996,12,12610,15052,-2442
558,1997,1,8424,20892,-12468
558,1997,2,15415,5572,9843
558,1997,3,8427,8412,15
558,1997,4,8420,15672,-7252
558,1997,5,9305,7972,1333
558,1997,6,17604,7612,9992
558,1997,7,9858,5572,4286
558,1997,8,8469,6172,2297
558,1997,9,8479,5772,2707
558,1997,10,8478,9572,-1094
558,1997,11,8482,6772,1710
558,1997,12,12657,11912,745
558,1998,1,8432,32452,-24020
558,1998,2,14912,8572,6340
558,1998,3,14734,11332,3402
558,1998,4,12754,5572,7182
558,1998,5,8461,7672,789
558,1998,6,12628,16132,-3504
558,1998,7,8555,5572,2983
558,1998,8,8463,6672,1791
558,1998,9,10780,10012,768
558,1998,10,10083,5572,4511
558,1998,11,14412,8332,6080
558,1998,12,13693,10037,3656
559,1993,3,5986,0,5986
559,1993,4,5697,0,5697
559,1993,5,5697,0,5697
559,1993,6,5697,0,5697
559,1993,7,5700,15,5685
559,1993,8,5790,4590,1200
559,1993,9,5791,5590,201
559,1993,10,5790,7090,-1300
559,1993,11,5800,5090,710
559,1993,12,5795,8240,-2445
559,1994,1,5767,14100,-8333
559,1994,2,5758,3290,2468
559,1994,3,5766,5630,136
559,1994,4,5769,2190,3579
559,1994,5,5784,3290,2494
559,1994,6,5793,5790,3
559,1994,7,5790,6310,-520
559,1994,8,5790,5590,200
559,1994,9,5790,6990,-1200
559,1994,10,5788,2490,3298
559,1994,11,5797,8290,-2493
559,1994,12,5777,7960,-2183
559,1995,1,5757,12990,-7233
559,1995,2,5752,2190,3562
559,1995,3,5767,2190,3577
559,1995,4,5781,3290,2491
559,1995,5,5786,6270,-484
559,1995,6,5769,11430,-5661
559,1995,7,5761,8210,-2449
559,1995,8,5755,3650,2105
559,1995,9,5761,5290,471
559,1995,10,5767,2490,3277
559,1995,11,5773,7290,-1517
559,1995,12,5759,9590,-3831
559,1996,1,5745,8500,-2755
559,1996,2,5740,5350,390
559,1996,3,5740,7090,-1350
559,1996,4,5738,4890,848
559,1996,5,5744,3290,2454
559,1996,6,5746,7290,-1544
559,1996,7,5747,4030,1717
559,1996,8,5750,5290,460
559,1996,9,5747,7590,-1843
559,1996,10,5743,5890,-147
559,1996,11,5750,6110,-360
559,1996,12,5744,9090,-3346
559,1997,1,5732,4270,1462
559,1997,2,5740,2190,3550
559,1997,3,5755,8690,-2935
559,1997,4,5743,2190,3553
559,1997,5,5748,4510,1238
559,1997,6,5750,5290,460
559,1997,7,5765,2190,3575
559,1997,8,5756,10290,-4534
559,1997,9,5751,4350,1401
559,1997,10,5754,6190,-436
559,1997,11,5748,6590,-842
559,1997,12,5755,3840,1915
559,1998,1,5746,11830,-6084
559,1998,2,5740,4270,1470
559,1998,3,5742,5950,-208
559,1998,4,5749,2190,3559
559,1998,5,5764,2190,3574
559,1998,6,5763,11110,-5347
559,1998,7,5756,2190,3566
559,1998,8,5771,2190,3581
559,1998,9,5741,14190,-8449
559,1998,10,5750,2190,3560
559,1998,11,5765,2190,3575
559,1998,12,5775,3625,2150
560,1995,8,800,0,800
560,1995,9,19663,0,19663
560,1995,10,9727,2400,7327
560,1995,11,9751,6200,3551
560,1995,12,14582,10300,4282
560,1996,1,9769,16998,-7229
560,1996,2,10462,6798,3664
560,1996,3,11863,15098,-3235
560,1996,4,11062,5698,5364
560,1996,5,9777,7898,1879
560,1996,6,15776,22398,-6622
560,1996,7,11266,5698,5568
560,1996,8,9782,7298,2484
560,1996,9,9781,12198,-2417
560,1996,10,9773,10798,-1025
560,1996,11,9772,9098,674
560,1996,12,14596,15998,-1402
560,1997,1,9746,25198,-15452
560,1997,2,12223,5698,6525
560,1997,3,12849,5698,7151
560,1997,4,9746,14898,-5152
560,1997,5,9727,14398,-4671
560,1997,6,14539,15498,-959
560,1997,7,9717,9398,319
560,1997,8,9719,9498,221
560,1997,9,9730,6798,2932
560,1997,10,9734,9198,536
560,1997,11,9746,6898,2848
560,1997,12,14566,15898,-1332
560,1998,1,11621,19698,-8077
560,1998,2,12529,6998,5531
560,1998,3,9723,11898,-2175
560,1998,4,9730,7298,2432
560,1998,5,9744,5898,3846
560,1998,6,15060,22898,-7838
560,1998,7,9711,12098,-2387
560,1998,8,10215,7198,3017
560,1998,9,11938,5698,6240
560,1998,10,9750,5698,4052
560,1998,11,9754,11498,-1744
560,1998,12,14574,14183,391
561,1996,12,400,0,400
561,1997,1,6082,0,6082
561,1997,2,6082,0,6082
561,1997,3,6082,0,6082
561,1997,4,6082,0,6082
561,1997,5,6180,358,5822
561,1997,6,6193,14416,-8223
561,1997,7,6183,3866,2317
561,1997,8,6186,5966,220
561,1997,9,6191,4766,1425
561,1997,10,6184,8206,-2022
561,1997,11,6188,4666,1522
561,1997,12,6203,2016,4187
561,1998,1,6181,17876,-11695
561,1998,2,6173,1666,4507
561,1998,3,6183,4066,2117
561,1998,4,6196,3326,2870
561,1998,5,6195,6466,-271
561,1998,6,6187,9116,-2929
561,1998,7,6193,3066,3127
561,1998,8,6198,6486,-288
561,1998,9,6189,9906,-3717
561,1998,10,6187,6206,-19
561,1998,11,6186,4066,2120
561,1998,12,6184,7051,-867
562,1993,2,300,0,300
562,1993,3,14015,0,14015
562,1993,4,7469,0,7469
562,1993,5,3897,515,3382
562,1993,6,30680,33115,-2435
562,1993,7,48254,22715,25539
562,1993,8,3992,16565,-12573
562,1993,9,3949,5615,-1666
562,1993,10,3943,4815,-872
562,1993,11,3937,5765,-1828
562,1993,12,3933,3115,818
562,1994,1,6703,18765,-12062
562,1994,2,3889,715,3174
562,1994,3,20874,7215,13659
562,1994,4,3949,8515,-4566
562,1994,5,3935,4165,-230
562,1994,6,16327,30015,-13688
562,1994,7,4585,15,4570
562,1994,8,6005,1115,4890
562,1994,9,3919,2365,1554
562,1994,10,3922,4115,-193
562,1994,11,3926,1515,2411
562,1994,12,3933,2915,1018
562,1995,1,5730,8765,-3035
562,1995,2,3922,3815,107
562,1995,3,3927,2015,1912
562,1995,4,3928,5115,-1187
562,1995,5,3930,2115,1815
562,1995,6,3909,18265,-14356
562,1995,7,8692,15,8677
562,1995,8,3911,3315,596
562,1995,9,4823,15,4808
562,1995,10,3931,4865,-934
562,1995,11,33630,18765,14865
562,1995,12,22046,11515,10531
562,1996,1,3951,29465,-25514
562,1996,2,3929,2815,1114
562,1996,3,3938,1115,2823
562,1996,4,3947,2215,1732
562,1996,5,3946,5815,-1869
562,1996,6,3919,23065,-19146
562,1996,7,12792,1615,11177
562,1996,8,3915,1315,2600
562,1996,9,3918,4415,-497
562,1996,10,31629,21115,10514
562,1996,11,40211,10415,29796
562,1996,12,4023,23715,-19692
562,1997,1,53218,30515,22703
562,1997,2,4054,22115,-18061
562,1997,3,4008,9515,-5507
562,1997,4,3991,7615,-3624
562,1997,5,3972,5965,-1993
562,1997,6,3924,28165,-24241
562,1997,7,12705,565,12140
562,1997,8,5237,15,5222
562,1997,9,43283,2015,41268
562,1997,10,4068,25065,-20997
562,1997,11,4020,10465,-6445
562,1997,12,3979,21115,-17136
562,1998,1,4009,14915,-10906
562,1998,2,7461,15,7446
562,1998,3,3922,7715,-3793
562,1998,4,3909,4515,-606
562,1998,5,3906,4215,-309
562,1998,6,5291,8115,-2824
562,1998,7,4594,15,4579
562,1998,8,5614,15,5599
562,1998,9,7638,15,7623
562,1998,10,3965,2215,1750
562,1998,11,42474,20465,22009
562,1998,12,4063,2300,1763
563,1993,7,500,0,500
563,1993,8,15381,0,15381
563,1993,9,9440,2600,6840
563,1993,10,9468,3400,6068
563,1993,11,9490,6600,2890
563,1993,12,14197,13960,237
563,1994,1,9506,9260,246
563,1994,2,9504,12460,-2956
563,1994,3,9494,10560,-1066
563,1994,4,9487,12260,-2773
563,1994,5,9477,8460,1017
563,1994,6,14171,14060,111
563,1994,7,9473,12860,-3387
563,1994,8,9471,7560,1911
563,1994,9,9478,8360,1118
563,1994,10,9478,10960,-1482
563,1994,11,9472,11160,-1688
563,1994,12,14155,15060,-905
563,1995,1,9458,14960,-5502
563,1995,2,9845,6260,3585
563,1995,3,11554,10260,1294
563,1995,4,9459,13460,-4001
563,1995,5,9445,8360,1085
563,1995,6,14143,9460,4683
563,1995,7,9467,10660,-1193
563,1995,8,9458,10960,-1502
563,1995,9,9762,6260,3502
563,1995,10,9576,6260,3316
563,1995,11,9464,17560,-8096
563,1995,12,14145,9560,4585
563,1996,1,9471,7960,1511
563,1996,2,9482,11860,-2378
563,1996,3,9464,9060,404
563,1996,4,9484,11760,-2276
563,1996,5,9664,6260,3404
563,1996,6,14159,12660,1499
563,1996,7,9471,11360,-1889
563,1996,8,10273,9160,1113
563,1996,9,9474,9060,414
563,1996,10,9481,6960,2521
563,1996,11,9491,7160,2331
563,1996,12,15592,12960,2632
563,1997,1,10818,6260,4558
563,1997,2,9526,8860,666
563,1997,3,9535,6460,3075
563,1997,4,9537,12460,-2923
563,1997,5,9737,6260,3477
563,1997,6,14214,16360,-2146
563,1997,7,9509,17760,-8251
563,1997,8,9908,6260,3648
563,1997,9,9503,12160,-2657
563,1997,10,9504,8660,844
563,1997,11,9472,21960,-12488
563,1997,12,16065,6860,9205
563,1998,1,9494,9660,-166
563,1998,2,9471,15360,-5889
563,1998,3,9464,11360,-1896
563,1998,4,9451,13860,-4409
563,1998,5,14062,6260,7802
563,1998,6,14173,12260,1913
563,1998,7,9471,16060,-6589
563,1998,8,9459,12460,-3001
563,1998,9,9447,9760,-313
563,1998,10,9445,9460,-15
563,1998,11,9444,11260,-1816
563,1998,12,14134,10945,3189
564,1997,12,1100,0,1100
564,1998,1,18983,0,18983
564,1998,2,19021,7200,11821
564,1998,3,19118,17500,1618
564,1998,4,19129,13400,5729
564,1998,5,19147,18315,832
564,1998,6,28617,31443,-2826
564,1998,7,19134,22083,-2949
564,1998,8,19129,18423,706
564,1998,9,19134,21523,-2389
564,1998,10,19117,20983,-1866
564,1998,11,19113,17923,1190
564,1998,12,28627,28168,459
565,1995,11,700,0,700
565,1995,12,5264,0,5264
565,1996,1,5264,0,5264
565,1996,2,5264,0,5264
565,1996,3,5264,0,5264
565,1996,4,5320,3524,1796
565,1996,5,5366,3524,1842
565,1996,6,5374,3524,1850
565,1996,7,5382,3524,1858
565,1996,8,5390,3524,1866
565,1996,9,5394,5764,-370
565,1996,10,5393,5764,-371
565,1996,11,5394,3524,1870
565,1996,12,5401,4274,1127
565,1997,1,5386,13604,-8218
565,1997,2,5372,3524,1848
565,1997,3,5376,5764,-388
565,1997,4,5378,3524,1854
565,1997,5,5386,3524,1862
565,1997,6,5394,3524,1870
565,1997,7,5393,8084,-2691
565,1997,8,5390,3524,1866
565,1997,9,5398,3524,1874
565,1997,10,5405,3824,1581
565,1997,11,5408,5604,-196
565,1997,12,5408,6294,-886
565,1998,1,5392,10484,-5092
565,1998,2,5386,3524,1862
565,1998,3,5390,9044,-3654
565,1998,4,5379,3524,1855
565,1998,5,5387,3524,1863
565,1998,6,5394,3524,1870
565,1998,7,5402,3524,1878
565,1998,8,5410,3524,1886
565,1998,9,5418,3524,1894
565,1998,10,5426,3524,1902
565,1998,11,5433,3524,1909
565,1998,12,5439,4809,630
566,1997,11,62611,0,62611
566,1997,12,55993,70915,-14922
566,1998,1,55449,81758,-26309
566,1998,2,79186,7715,71471
566,1998,3,89548,121634,-32086
566,1998,4,68561,32031,36530
566,1998,5,402,28915,-28513
566,1998,6,80782,128715,-47933
566,1998,7,22268,4515,17753
566,1998,8,118,15215,-15097
566,1998,9,48330,6934,41396
566,1998,10,93767,82915,10852
566,1998,11,45574,43671,1903
566,1998,12,25655,33800,-8145
567,1996,6,900,0,900
567,1996,7,9118,0,9118
567,1996,8,7957,0,7957
567,1996,9,1177,0,1177
567,1996,10,3286,0,3286
567,1996,11,689,2715,-2026
567,1996,12,2289,615,1674
567,1997,1,2773,12465,-9692
567,1997,2,4260,15,4245
567,1997,3,3376,15,3361
567,1997,4,41974,23815,18159
567,1997,5,739,9215,-8476
567,1997,6,724,8015,-7291
567,1997,7,1690,2815,-1125
567,1997,8,1687,1915,-228
567,1997,9,43895,1465,42430
567,1997,10,1823,20715,-18892
567,1997,11,1759,13215,-11456
567,1997,12,1725,7015,-5290
567,1998,1,7479,22315,-14836
567,1998,2,52377,15,52362
567,1998,3,829,22015,-21186
567,1998,4,752,11515,-10763
567,1998,5,724,6615,-5891
567,1998,6,702,6115,-5413
567,1998,7,3099,15,3084
567,1998,8,1698,2965,-1267
567,1998,9,2404,15,2389
567,1998,10,2614,15,2599
567,1998,11,1722,415,1307
567,1998,12,24053,1100,22953
568,1995,3,200,0,200
568,1995,4,17607,0,17607
568,1995,5,12377,3400,8977
568,1995,6,18563,10900,7663
568,1995,7,12440,12700,-260
568,1995,8,12438,13515,-1077
568,1995,9,12437,10315,2122
568,1995,10,12447,9615,2832
568,1995,11,12456,12215,241
568,1995,12,18620,16815,1805
568,1996,1,12462,20115,-7653
568,1996,2,12450,11515,935
568,1996,3,12434,16515,-4081
568,1996,4,12420,11515,905
568,1996,5,12438,10715,1723
568,1996,6,18649,28315,-9666
568,1996,7,12397,7615,4782
568,1996,8,12417,8315,4102
568,1996,9,12434,8415,4019
568,1996,10,12435,16515,-4080
568,1996,11,12424,13315,-891
568,1996,12,18577,16215,2362
568,1997,1,12401,24015,-11614
568,1997,2,12400,4515,7885
568,1997,3,12416,12815,-399
568,1997,4,12417,11415,1002
568,1997,5,12419,12215,204
568,1997,6,18566,19815,-1249
568,1997,7,12425,9315,3110
568,1997,8,12439,8915,3524
568,1997,9,12449,9515,2934
568,1997,10,12451,16015,-3564
568,1997,11,12440,13115,-675
568,1997,12,18601,13515,5086
568,1998,1,12429,30215,-17786
568,1998,2,12401,6215,6186
568,1998,3,12421,8815,3606
568,1998,4,12439,6815,5624
568,1998,5,12451,11115,1336
568,1998,6,18574,33615,-15041
568,1998,7,12420,2215,10205
568,1998,8,12431,12715,-284
568,1998,9,12453,5315,7138
568,1998,10,12493,1915,10578
568,1998,11,12528,4815,7713
568,1998,12,18705,11400,7305
569,1996,10,18021,0,18021
569,1996,11,4387,0,4387
569,1996,12,3205,400,2805
569,1997,1,3216,3700,-484
569,1997,2,3214,4015,-801
569,1997,3,4914,2089,2825
569,1997,4,3223,5279,-2056
569,1997,5,3215,6689,-3474
569,1997,6,8083,10399,-2316
569,1997,7,6093,2389,3704
569,1997,8,3207,3689,-482
569,1997,9,5204,3289,1915
569,1997,10,8418,2089,6329
569,1997,11,7544,2089,5455
569,1997,12,3261,3829,-568
569,1998,1,4048,7369,-3321
569,1998,2,3242,6689,-3447
569,1998,3,5134,2089,3045
569,1998,4,5347,2089,3258
569,1998,5,3254,5989,-2735
569,1998,6,4126,10609,-6483
569,1998,7,3319,2419,900
569,1998,8,3218,5489,-2271
569,1998,9,3214,2189,1025
569,1998,10,4017,3349,668
569,1998,11,3212,8389,-5177
569,1998,12,3198,2524,674
570,1996,11,800,0,800
570,1996,12,16457,0,16457
570,1997,1,9501,1800,7701
570,1997,2,9522,6200,3322
570,1997,3,9534,7000,2534
570,1997,4,9529,16188,-6659
570,1997,5,9515,8788,727
570,1997,6,14232,11088,3144
570,1997,7,9530,9088,442
570,1997,8,9530,9488,42
570,1997,9,11144,6288,4856
570,1997,10,9547,10888,-1341
570,1997,11,9544,10788,-1244
570,1997,12,14247,14288,-41
570,1998,1,9527,16288,-6761
570,1998,2,10925,6288,4637
570,1998,3,9539,7288,2251
570,1998,4,9533,11188,-1655
570,1998,5,9531,9888,-357
570,1998,6,14260,13188,1072
570,1998,7,9519,14788,-5269
570,1998,8,9481,18688,-9207
570,1998,9,9466,12488,-3022
570,1998,10,9447,14388,-4941
570,1998,11,9451,6288,3163
570,1998,12,14183,7773,6410
571,1996,7,200,0,200
571,1996,8,4883,0,4883
571,1996,9,4883,0,4883
571,1996,10,4883,0,4883
571,1996,11,4883,0,4883
571,1996,12,4947,5740,-793
571,1997,1,4943,11510,-6567
571,1997,2,4940,3270,1670
571,1997,3,4947,3270,1677
571,1997,4,4954,3270,1684
571,1997,5,4953,6310,-1357
571,1997,6,4950,6920,-1970
571,1997,7,4944,4630,314
571,1997,8,4948,3270,1678
571,1997,9,4955,3270,1685
571,1997,10,4962,3270,1692
571,1997,11,4969,3270,1699
571,1997,12,4975,4120,855
571,1998,1,4953,13530,-8577
571,1998,2,4944,3270,1674
571,1998,3,4947,6150,-1203
571,1998,4,4946,3270,1676
571,1998,5,4951,5430,-479
571,1998,6,4951,3270,1681
571,1998,7,4958,3270,1688
571,1998,8,4965,3270,1695
571,1998,9,4972,3270,1702
571,1998,10,4979,3270,1709
571,1998,11,4986,3270,1716
571,1998,12,4990,4705,285
572,1994,3,700,0,700
572,1994,4,23619,0,23619
572,1994,5,19911,9700,10211
572,1994,6,29853,21500,8353
572,1994,7,19979,21200,-1221
572,1994,8,19975,20115,-140
572,1994,9,19994,21596,-1602
572,1994,10,19984,22616,-2632
572,1994,11,19977,16936,3041
572,1994,12,29911,25216,4695
572,1995,1,19967,38896,-18929
572,1995,2,19937,12956,6981
572,1995,3,19962,16796,3166
572,1995,4,19977,14696,5281
572,1995,5,19993,18796,1197
572,1995,6,29917,28156,1761
572,1995,7,20005,17696,2309
572,1995,8,20011,19396,615
572,1995,9,20011,19696,315
572,1995,10,20010,22136,-2126
572,1995,11,20003,18896,1107
572,1995,12,29898,31356,-1458
572,1996,1,19954,36436,-16482
572,1996,2,19950,9696,10254
572,1996,3,19974,18576,1398
572,1996,4,19985,15796,4189
572,1996,5,19982,22276,-2294
572,1996,6,29904,22596,7308
572,1996,7,20005,24016,-4011
572,1996,8,19981,28076,-8095
572,1996,9,19960,18996,964
572,1996,10,19968,17596,2372
572,1996,11,20005,19196,809
572,1996,12,29878,30556,-678
572,1997,1,21671,25576,-3905
572,1997,2,19986,7596,12390
572,1997,3,20000,21796,-1796
572,1997,4,20023,10396,9627
572,1997,5,20045,16896,3149
572,1997,6,29970,50016,-20046
572,1997,7,19994,10096,9898
572,1997,8,20013,17096,2917
572,1997,9,20029,15396,4633
572,1997,10,20032,20396,-364
572,1997,11,20040,17356,2684
572,1997,12,29972,21016,8956
572,1998,1,20033,44436,-24403
572,1998,2,20006,10996,9010
572,1998,3,20018,19196,822
572,1998,4,20008,27916,-7908
572,1998,5,19979,20356,-377
572,1998,6,29859,41916,-12057
572,1998,7,23682,11616,12066
572,1998,8,20018,9296,10722
572,1998,9,20039,18516,1523
572,1998,10,20043,17296,2747
572,1998,11,20061,15096,4965
572,1998,12,30009,17961,12048
573,1996,7,700,0,700
573,1996,8,9700,0,9700
573,1996,9,9700,0,9700
573,1996,10,0,400,-400
573,1996,11,27550,0,27550
573,1996,12,197,12400,-12203
573,1997,1,41200,10400,30800
573,1997,2,274,20900,-20626
573,1997,3,274,11100,-10826
573,1997,4,274,5900,-5626
573,1997,5,39456,24000,15456
573,1997,6,283,16100,-15817
573,1997,7,283,7100,-6817
573,1997,8,36583,7900,28683
573,1997,9,85826,62530,23296
573,1997,10,19808,51447,-31639
573,1997,11,31392,27730,3662
573,1997,12,7284,18630,-11346
573,1998,1,141,13930,-13789
573,1998,2,84,6230,-6146
573,1998,3,0,30,-30
573,1998,4,120,1430,-1310
573,1998,5,554,30,524
573,1998,6,56,430,-374
573,1998,7,43520,20030,23490
573,1998,8,6661,14430,-7769
573,1998,9,118,11530,-11412
573,1998,10,39372,30,39342
573,1998,11,45415,52380,-6965
573,1998,12,0,5100,-5100
574,1993,7,900,0,900
574,1993,8,40500,8000,32500
574,1993,9,40632,25200,15432
574,1993,10,40694,31200,9494
574,1993,11,40730,37800,2930
574,1993,12,61014,74215,-13201
574,1994,1,40686,76815,-36129
574,1994,2,40586,22683,17903
574,1994,3,40622,23115,17507
574,1994,4,40793,30115,10678
574,1994,5,40733,33615,7118
574,1994,6,61125,112663,-51538
574,1994,7,40568,13015,27553
574,1994,8,40673,44376,-3703
574,1994,9,40661,22815,17846
574,1994,10,40726,32515,8211
574,1994,11,40783,43415,-2632
574,1994,12,60935,87315,-26380
574,1995,1,40641,53815,-13174
574,1995,2,40652,16715,23937
574,1995,3,40689,28915,11774
574,1995,4,40794,37915,2879
574,1995,5,40729,54113,-13384
574,1995,6,60958,36915,24043
574,1995,7,40671,78415,-37744
574,1995,8,40658,22715,17943
574,1995,9,40713,31415,9298
574,1995,10,40741,37115,3626
574,1995,11,40801,39715,1086
574,1995,12,60999,77509,-16510
574,1996,1,41232,72993,-31761
574,1996,2,40612,13315,27297
574,1996,3,40698,33639,7059
574,1996,4,40660,63742,-23082
574,1996,5,40617,61201,-20584
574,1996,6,60860,17015,43845
574,1996,7,40711,36521,4190
574,1996,8,40693,53438,-12745
574,1996,9,40703,24415,16288
574,1996,10,40761,42815,-2054
574,1996,11,40721,51604,-10883
574,1996,12,60986,39715,21271
574,1997,1,40737,64615,-23878
574,1997,2,40714,23415,17299
574,1997,3,40774,34296,6478
574,1997,4,40777,35315,5462
574,1997,5,40761,51281,-10520
574,1997,6,60973,74215,-13242
574,1997,7,40727,39645,1082
574,1997,8,40690,52930,-12240
574,1997,9,40708,19715,20993
574,1997,10,40725,45109,-4384
574,1997,11,40729,49472,-8743
574,1997,12,60953,65029,-4076
574,1998,1,53028,80115,-27087
574,1998,2,58016,25290,32726
574,1998,3,40695,48879,-8184
574,1998,4,50005,11515,38490
574,1998,5,40902,12015,28887
574,1998,6,61118,130815,-69697
574,1998,7,51203,43115,8088
574,1998,8,49928,3315,46613
574,1998,9,40811,93142,-52331
574,1998,10,50215,15,50200
574,1998,11,40758,66915,-26157
574,1998,12,61123,20800,40323
575,1994,4,200,0,200
575,1994,5,14440,0,14440
575,1994,6,13764,900,12864
575,1994,7,9245,6000,3245
575,1994,8,9254,10400,-1146
575,1994,9,9258,10800,-1542
575,1994,10,9254,8800,454
575,1994,11,9250,13600,-4350
575,1994,12,13811,13480,331
575,1995,1,9216,20980,-11764
575,1995,2,10695,6100,4595
575,1995,3,11102,10900,202
575,1995,4,11812,8020,3792
575,1995,5,9223,10100,-877
575,1995,6,13790,12600,1190
575,1995,7,10027,8500,1527
575,1995,8,9229,10300,-1071
575,1995,9,9225,9800,-575
575,1995,10,9430,6100,3330
575,1995,11,9233,11600,-2367
575,1995,12,13804,10620,3184
575,1996,1,9218,19360,-10142
575,1996,2,11099,11980,-881
575,1996,3,9195,8800,395
575,1996,4,9199,7460,1739
575,1996,5,9201,10000,-799
575,1996,6,13783,7400,6383
575,1996,7,9214,14420,-5206
575,1996,8,9198,11300,-2102
575,1996,9,9188,11500,-2312
575,1996,10,9183,9700,-517
575,1996,11,9190,6100,3090
575,1996,12,13783,9460,4323
575,1997,1,9184,17300,-8116
575,1997,2,9187,6100,3087
575,1997,3,9184,11700,-2516
575,1997,4,9190,6100,3090
575,1997,5,9184,12300,-3116
575,1997,6,13753,11500,2253
575,1997,7,9198,9820,-622
575,1997,8,9196,6100,3096
575,1997,9,9173,16900,-7727
575,1997,10,9157,11900,-2743
575,1997,11,9165,6100,3065
575,1997,12,13758,6100,7658
575,1998,1,9191,12460,-3269
575,1998,2,9196,6100,3096
575,1998,3,9209,6100,3109
575,1998,4,9222,6100,3122
575,1998,5,9235,6100,3135
575,1998,6,13828,6100,7728
575,1998,7,9280,6100,3180
575,1998,8,9210,31300,-22090
575,1998,9,9201,6100,3101
575,1998,10,9214,6100,3114
575,1998,11,9222,7900,1322
575,1998,12,13811,7525,6286
576,1993,1,7127,0,7127
576,1993,2,6237,0,6237
576,1993,3,6237,0,6237
576,1993,4,6237,0,6237
576,1993,5,6290,7777,-1487
576,1993,6,6310,15327,-9017
576,1993,7,6269,7597,-1328
576,1993,8,6272,3677,2595
576,1993,9,6281,5597,684
576,1993,10,6286,3677,2609
576,1993,11,6296,3677,2619
576,1993,12,6306,5177,1129
576,1994,1,6284,16567,-10283
576,1994,2,6269,3677,2592
576,1994,3,6280,3677,2603
576,1994,4,6291,3677,2614
576,1994,5,6302,3677,2625
576,1994,6,6300,16177,-9877
576,1994,7,6271,3677,2594
576,1994,8,6282,3677,2605
576,1994,9,6286,6717,-431
576,1994,10,6289,7597,-1308
576,1994,11,6281,5597,684
576,1994,12,6286,6197,89
576,1995,1,6272,10677,-4405
576,1995,2,6270,3677,2593
576,1995,3,6281,3677,2604
576,1995,4,6288,6077,211
576,1995,5,6293,3677,2616
576,1995,6,6293,9327,-3034
576,1995,7,6291,4477,1814
576,1995,8,6299,3677,2622
576,1995,9,6309,3677,2632
576,1995,10,6321,3677,2644
576,1995,11,6331,3677,2654
576,1995,12,6342,4627,1715
576,1996,1,6331,14177,-7846
576,1996,2,6317,3677,2640
576,1996,3,6328,3677,2651
576,1996,4,6339,3677,2662
576,1996,5,6350,3677,2673
576,1996,6,6342,11227,-4885
576,1996,7,6338,5117,1221
576,1996,8,6344,4877,1467
576,1996,9,6345,6277,68
576,1996,10,6349,5937,412
576,1996,11,6353,3677,2676
576,1996,12,6363,4427,1936
576,1997,1,6345,14387,-8042
576,1997,2,6339,3677,2662
576,1997,3,6344,6377,-33
576,1997,4,6351,3977,2374
576,1997,5,6356,6077,279
576,1997,6,6359,7377,-1018
576,1997,7,6349,6717,-368
576,1997,8,6351,5437,914
576,1997,9,6358,3677,2681
576,1997,10,6370,3677,2693
576,1997,11,6377,5677,700
576,1997,12,6373,8097,-1724
576,1998,1,6329,18497,-12168
576,1998,2,6325,3677,2648
576,1998,3,6336,3677,2659
576,1998,4,6347,3677,2670
576,1998,5,6355,6477,-122
576,1998,6,6341,14527,-8186
576,1998,7,6324,3677,2647
576,1998,8,6330,7037,-707
576,1998,9,6331,3677,2654
576,1998,10,6342,3677,2665
576,1998,11,6348,6177,171
576,1998,12,6354,5362,992
577,1994,9,400,0,400
577,1994,10,18602,0,18602
577,1994,11,11868,900,10968
577,1994,12,17795,9700,8095
577,1995,1,11927,13000,-1073
577,1995,2,11929,14535,-2606
577,1995,3,11918,15435,-3517
577,1995,4,11910,11235,675
577,1995,5,11914,10435,1479
577,1995,6,17808,19855,-2047
577,1995,7,11910,9875,2035
577,1995,8,11912,12675,-763
577,1995,9,11906,17875,-5969
577,1995,10,11888,11235,653
577,1995,11,11893,11155,738
577,1995,12,17788,15515,2273
577,1996,1,11876,26615,-14739
577,1996,2,11845,9455,2390
577,1996,3,11849,11755,94
577,1996,4,11858,7935,3923
577,1996,5,11870,11435,435
577,1996,6,17766,12835,4931
577,1996,7,11880,13835,-1955
577,1996,8,11882,9835,2047
577,1996,9,11886,11235,651
577,1996,10,11876,15935,-4059
577,1996,11,11874,10235,1639
577,1996,12,17757,24115,-6358
577,1997,1,11843,16015,-4172
577,1997,2,13662,5135,8527
577,1997,3,13110,6095,7015
577,1997,4,11892,18455,-6563
577,1997,5,11889,6135,5754
577,1997,6,17801,13375,4426
577,1997,7,11929,7455,4474
577,1997,8,11945,8535,3410
577,1997,9,11959,8235,3724
577,1997,10,11979,6935,5044
577,1997,11,11987,10535,1452
577,1997,12,17878,15975,1903
577,1998,1,11987,20075,-8088
577,1998,2,12589,5135,7454
577,1998,3,11993,12015,-22
577,1998,4,11996,12455,-459
577,1998,5,12014,5435,6579
577,1998,6,18150,5135,13015
577,1998,7,12076,19735,-7659
577,1998,8,13838,14135,-297
577,1998,9,12044,12155,-111
577,1998,10,12057,7835,4222
577,1998,11,12968,10415,2553
577,1998,12,17985,8640,9345
578,1997,3,900,0,900
578,1997,4,20920,0,20920
578,1997,5,19094,9100,9994
578,1997,6,28623,22100,6523
578,1997,7,19146,19400,-254
578,1997,8,19135,29367,-10232
578,1997,9,19125,12689,6436
578,1997,10,19141,21075,-1934
578,1997,11,19128,17144,1984
578,1997,12,28643,23589,5054
578,1998,1,19110,38189,-19079
578,1998,2,19101,7589,11512
578,1998,3,19138,13689,5449
578,1998,4,19155,22489,-3334
578,1998,5,19130,23589,-4459
578,1998,6,28651,11589,17062
578,1998,7,19200,12789,6411
578,1998,8,19194,23389,-4195
578,1998,9,19182,21989,-2807
578,1998,10,19170,22389,-3219
578,1998,11,19153,24489,-5336
578,1998,12,28635,29559,-924
579,1997,12,900,0,900
579,1998,1,11383,0,11383
579,1998,2,10630,0,10630
579,1998,3,5859,1600,4259
579,1998,4,5870,4900,970
579,1998,5,5866,8980,-3114
579,1998,6,8720,17851,-9131
579,1998,7,5819,6951,-1132
579,1998,8,5823,4151,1672
579,1998,9,12445,4851,7594
579,1998,10,7765,3851,3914
579,1998,11,5872,5951,-79
579,1998,12,8757,8336,421
580,1996,5,500,0,500
580,1996,6,18226,0,18226
580,1996,7,8523,0,8523
580,1996,8,8049,5100,2949
580,1996,9,8054,8900,-846
580,1996,10,8046,11986,-3940
580,1996,11,8036,11501,-3465
580,1996,12,11987,14361,-2374
580,1997,1,8020,7301,719
580,1997,2,8024,6701,1323
580,1997,3,8027,9141,-1114
580,1997,4,8021,8301,-280
580,1997,5,8320,10941,-2621
580,1997,6,13598,5301,8297
580,1997,7,8040,9701,-1661
580,1997,8,8048,7101,947
580,1997,9,8036,9601,-1565
580,1997,10,8032,8701,-669
580,1997,11,8034,9241,-1207
580,1997,12,12906,7861,5045
580,1998,1,11946,10701,1245
580,1998,2,8058,5601,2457
580,1998,3,8058,9401,-1343
580,1998,4,8055,8301,-246
580,1998,5,8053,8501,-448
580,1998,6,20205,25061,-4856
580,1998,7,13352,9501,3851
580,1998,8,12461,8661,3800
580,1998,9,8063,8201,-138
580,1998,10,8058,9501,-1443
580,1998,11,8055,8501,-446
580,1998,12,12021,11386,635
581,1996,10,500,0,500
581,1996,11,4890,0,4890
581,1996,12,4890,0,4890
581,1997,1,4890,0,4890
581,1997,2,4890,0,4890
581,1997,3,4956,615,4341
581,1997,4,5001,2217,2784
581,1997,5,5007,3517,1490
581,1997,6,4979,17387,-12408
581,1997,7,4969,4717,252
581,1997,8,4970,1517,3453
581,1997,9,4985,1517,3468
581,1997,10,4999,1517,3482
581,1997,11,5009,3917,1092
581,1997,12,5016,2667,2349
581,1998,1,5022,4167,855
581,1998,2,5031,1517,3514
581,1998,3,5045,1997,3048
581,1998,4,5059,1517,3542
581,1998,5,5073,1517,3556
581,1998,6,5084,9967,-4883
581,1998,7,5068,1517,3551
581,1998,8,5082,3357,1725
581,1998,9,5090,1517,3573
581,1998,10,5105,1517,3588
581,1998,11,5117,2017,3100
581,1998,12,5106,8952,-3846
582,1994,8,5334,0,5334
582,1994,9,4240,0,4240
582,1994,10,4240,0,4240
582,1994,11,4240,0,4240
582,1994,12,4282,3177,1105
582,1995,1,4288,10507,-6219
582,1995,2,4276,2827,1449
582,1995,3,4282,2827,1455
582,1995,4,4288,2827,1461
582,1995,5,4294,2827,1467
582,1995,6,4279,10477,-6198
582,1995,7,4275,2827,1448
582,1995,8,4280,5327,-1047
582,1995,9,4276,4627,-351
582,1995,10,4274,4427,-153
582,1995,11,4272,3707,565
582,1995,12,4276,3127,1149
582,1996,1,4275,5227,-952
582,1996,2,4276,4327,-51
582,1996,3,4277,2827,1450
582,1996,4,4279,6487,-2208
582,1996,5,4274,2827,1447
582,1996,6,4276,7027,-2751
582,1996,7,4268,2827,1441
582,1996,8,4274,2827,1447
582,1996,9,4276,7027,-2751
582,1996,10,4269,2827,1442
582,1996,11,4275,2827,1448
582,1996,12,4281,3827,454
582,1997,1,4273,6187,-1914
582,1997,2,4275,2827,1448
582,1997,3,4281,2827,1454
582,1997,4,4283,4187,96
582,1997,5,4287,2827,1460
582,1997,6,4293,2827,1466
582,1997,7,4299,2827,1472
582,1997,8,4303,4027,276
582,1997,9,4306,2827,1479
582,1997,10,4313,2827,1486
582,1997,11,4316,7707,-3391
582,1997,12,4304,3077,1227
582,1998,1,4290,10427,-6137
582,1998,2,4284,2827,1457
582,1998,3,4290,2827,1463
582,1998,4,4296,2827,1469
582,1998,5,4301,5787,-1486
582,1998,6,4293,5077,-784
582,1998,7,4291,6027,-1736
582,1998,8,4285,2827,1458
582,1998,9,4291,2827,1464
582,1998,10,4298,2827,1471
582,1998,11,4304,2827,1477
582,1998,12,4305,4342,-37
584,1996,7,200,0,200
584,1996,8,12887,0,12887
584,1996,9,6024,0,6024
584,1996,10,3537,2000,1537
584,1996,11,3541,3200,341
584,1996,12,3537,5737,-2200
584,1997,1,5141,2317,2824
584,1997,2,3541,4917,-1376
584,1997,3,3543,3967,-424
584,1997,4,3530,6297,-2767
584,1997,5,3523,4317,-794
584,1997,6,3508,8317,-4809
584,1997,7,3502,3647,-145
584,1997,8,3504,3117,387
584,1997,9,3503,3717,-214
584,1997,10,3505,2677,828
584,1997,11,3510,2687,823
584,1997,12,3507,4317,-810
584,1998,1,3508,2317,1191
584,1998,2,3513,2317,1196
584,1998,3,3516,3727,-211
584,1998,4,3517,2317,1200
584,1998,5,3522,2317,1205
584,1998,6,3519,5407,-1888
584,1998,7,3519,2317,1202
584,1998,8,3524,2857,667
584,1998,9,3514,7017,-3503
584,1998,10,3513,2317,1196
584,1998,11,3515,4027,-512
584,1998,12,3515,2512,1003
585,1997,9,400,0,400
585,1997,10,12200,0,12200
585,1997,11,9100,0,9100
585,1997,12,5200,0,5200
585,1998,1,0,4300,-4300
585,1998,2,0,600,-600
585,1998,3,100,0,100
585,1998,4,2900,0,2900
585,1998,5,2800,0,2800
585,1998,6,300,0,300
585,1998,7,2604,2000,604
585,1998,8,120,4500,-4380
585,1998,9,120,4000,-3880
585,1998,10,120,2400,-2280
585,1998,11,0,2000,-2000
586,1995,3,15716,0,15716
586,1995,4,45512,0,45512
586,1995,5,1424,16500,-15076
586,1995,6,1355,17015,-15660
586,1995,7,1326,1815,-489
586,1995,8,1323,2215,-892
586,1995,9,1317,2915,-1598
586,1995,10,1617,765,852
586,1995,11,1314,3415,-2101
586,1995,12,1292,7965,-6673
586,1996,1,1282,15,1267
586,1996,2,1281,4765,-3484
586,1996,3,2579,15,2564
586,1996,4,1284,715,569
586,1996,5,25667,15,25652
586,1996,6,1331,31815,-30484
586,1996,7,24964,15,24949
586,1996,8,1344,11215,-9871
586,1996,9,1314,7315,-6001
586,1996,10,1281,7015,-5734
586,1996,11,1276,2615,-1339
586,1996,12,1771,2565,-794
586,1997,1,1265,2615,-1350
586,1997,2,4474,565,3909
586,1997,3,1279,1765,-486
586,1997,4,1277,1715,-438
586,1997,5,1272,2965,-1693
586,1997,6,1272,215,1057
586,1997,7,32121,15,32106
586,1997,8,1378,15215,-13837
586,1997,9,1339,6115,-4776
586,1997,10,1328,3115,-1787
586,1997,11,2223,15,2208
586,1997,12,49386,30565,18821
586,1998,1,51143,34415,16728
586,1998,2,1477,20765,-19288
586,1998,3,1397,8065,-6668
586,1998,4,16056,10915,5141
586,1998,5,1390,8615,-7225
586,1998,6,12030,22065,-10035
586,1998,7,1321,1215,106
586,1998,8,3123,15,3108
586,1998,9,1333,3315,-1982
586,1998,10,1323,4715,-3392
586,1998,11,1308,4615,-3307
586,1998,12,1292,2500,-1208
587,1996,6,400,0,400
587,1996,8,11400,0,11400
587,1996,9,3300,0,3300
587,1996,10,4900,0,4900
587,1996,11,1800,0,1800
587,1996,12,0,4300,-4300
587,1997,1,0,2500,-2500
587,1997,2,700,0,700
587,1997,3,0,2600,-2600
587,1997,4,1100,0,1100
587,1997,5,0,1100,-1100
587,1997,6,1400,0,1400
587,1997,7,0,600,-600
587,1997,9,0,800,-800
587,1997,10,600,0,600
587,1997,11,800,0,800
587,1997,12,1200,0,1200
587,1998,1,200,0,200
587,1998,2,1900,0,1900
587,1998,3,1400,0,1400
587,1998,4,5400,0,5400
587,1998,5,3300,0,3300
587,1998,6,0,3300,-3300
587,1998,7,400,0,400
587,1998,8,3000,0,3000
587,1998,9,4500,0,4500
587,1998,10,0,3200,-3200
587,1998,12,4600,0,4600
588,1993,3,1000,0,1000
588,1993,4,15876,0,15876
588,1993,5,7724,100,7624
588,1993,6,11569,5400,6169
588,1993,7,7767,5800,1967
588,1993,8,7763,11756,-3993
588,1993,9,7758,6004,1754
588,1993,10,7763,6904,859
588,1993,11,7762,8204,-442
588,1993,12,11594,6704,4890
588,1994,1,7753,18524,-10771
588,1994,2,10253,5104,5149
588,1994,3,7763,6304,1459
588,1994,4,7763,8304,-541
588,1994,5,7769,5704,2065
588,1994,6,11589,11564,25
588,1994,7,7777,5704,2073
588,1994,8,7780,7204,576
588,1994,9,7778,8504,-726
588,1994,10,7779,7324,455
588,1994,11,7772,9684,-1912
588,1994,12,12381,14264,-1883
588,1995,1,11554,18304,-6750
588,1995,2,10952,6064,4888
588,1995,3,9452,10624,-1172
588,1995,4,8861,10984,-2123
588,1995,5,11565,5104,6461
588,1995,6,11782,14344,-2562
588,1995,7,7763,6404,1359
588,1995,8,7763,11144,-3381
588,1995,9,7759,8404,-645
588,1995,10,8648,7384,1264
588,1995,11,7759,9604,-1845
588,1995,12,11574,10744,830
588,1996,1,7724,16264,-8540
588,1996,2,7721,5904,1817
588,1996,3,8025,10024,-1999
588,1996,4,8121,5104,3017
588,1996,5,7729,11404,-3675
588,1996,6,11543,8904,2639
588,1996,7,7722,12284,-4562
588,1996,8,7709,6004,1705
588,1996,9,7715,6704,1011
588,1996,10,7715,10304,-2589
588,1996,11,7810,5104,2706
588,1996,12,11536,14904,-3368
588,1997,1,7702,7744,-42
588,1997,2,7706,5704,2002
588,1997,3,7708,11204,-3496
588,1997,4,7697,7904,-207
588,1997,5,7696,7804,-108
588,1997,6,11521,9004,2517
588,1997,7,7702,10404,-2702
588,1997,8,7698,5104,2594
588,1997,9,7709,5104,2605
588,1997,10,7719,6304,1415
588,1997,11,7712,12304,-4592
588,1997,12,11525,8944,2581
588,1998,1,7703,10884,-3181
588,1998,2,7699,7104,595
588,1998,3,9309,5104,4205
588,1998,4,8221,7744,477
588,1998,5,7723,6204,1519
588,1998,6,11546,10544,1002
588,1998,7,7729,8004,-275
588,1998,8,7734,5104,2630
588,1998,9,7740,10304,-2564
588,1998,10,7721,11784,-4063
588,1998,11,7714,6404,1310
588,1998,12,11540,10869,671
589,1997,4,700,0,700
589,1997,5,25993,0,25993
589,1997,6,30533,12600,17933
589,1997,7,20462,14500,5962
589,1997,8,20483,18600,1883
589,1997,9,20506,25361,-4855
589,1997,10,20490,21061,-571
589,1997,11,20485,21961,-1476
589,1997,12,30644,28241,2403
589,1998,1,20480,33301,-12821
589,1998,2,20440,14721,5719
589,1998,3,20466,16261,4205
589,1998,4,20468,23241,-2773
589,1998,5,20469,17261,3208
589,1998,6,30600,51061,-20461
589,1998,7,20411,7961,12450
589,1998,8,20443,18461,1982
589,1998,9,20456,15261,5195
589,1998,10,20469,20061,408
589,1998,11,20470,19361,1109
589,1998,12,30625,25946,4679
590,1996,2,1100,0,1100
590,1996,3,18306,0,18306
590,1996,4,12178,2200,9978
590,1996,5,12212,10000,2212
590,1996,6,18271,11400,6871
590,1996,7,12266,13415,-1149
590,1996,8,12248,9015,3233
590,1996,9,12255,13215,-960
590,1996,10,12250,18015,-5765
590,1996,11,12234,9015,3219
590,1996,12,18322,15915,2407
590,1997,1,12253,11515,738
590,1997,2,12250,15515,-3265
590,1997,3,12241,12315,-74
590,1997,4,12242,11515,727
590,1997,5,12242,15515,-3273
590,1997,6,18261,27315,-9054
590,1997,7,12201,9915,2286
590,1997,8,12214,6415,5799
590,1997,9,12235,8115,4120
590,1997,10,12246,11115,1131
590,1997,11,12251,10915,1336
590,1997,12,18317,15615,2702
590,1998,1,12254,19515,-7261
590,1998,2,12232,16215,-3983
590,1998,3,12224,10715,1509
590,1998,4,12230,9815,2415
590,1998,5,12240,9615,2625
590,1998,6,18306,15215,3091
590,1998,7,12259,11815,444
590,1998,8,12257,13115,-858
590,1998,9,12258,11315,943
590,1998,10,12261,11815,446
590,1998,11,12270,10815,1455
590,1998,12,18363,2800,15563
591,1997,8,700,0,700
591,1997,9,4182,0,4182
591,1997,10,4182,0,4182
591,1997,11,4182,0,4182
591,1997,12,4182,0,4182
591,1998,1,4228,6483,-2255
591,1998,2,4249,2803,1446
591,1998,3,4248,5363,-1115
591,1998,4,4248,4163,85
591,1998,5,4250,6403,-2153
591,1998,6,4242,2803,1439
591,1998,7,4248,2803,1445
591,1998,8,4254,2803,1451
591,1998,9,4260,2803,1457
591,1998,10,4266,2803,1463
591,1998,11,4272,2803,1469
591,1998,12,4276,3688,588
592,1996,12,300,0,300
592,1997,1,5753,0,5753
592,1997,2,5753,0,5753
592,1997,3,5753,0,5753
592,1997,4,5768,1900,3868
592,1997,5,5845,2515,3330
592,1997,6,5858,8643,-2785
592,1997,7,5851,6823,-972
592,1997,8,5848,4923,925
592,1997,9,5848,7983,-2135
592,1997,10,5838,8723,-2885
592,1997,11,5827,4023,1804
592,1997,12,5829,9623,-3794
592,1998,1,5809,8153,-2344
592,1998,2,5815,2723,3092
592,1998,3,5818,6983,-1165
592,1998,4,5817,6923,-1106
592,1998,5,5817,4023,1794
592,1998,6,5828,1623,4205
592,1998,7,5842,3923,1919
592,1998,8,5839,9823,-3984
592,1998,9,5828,6023,-195
592,1998,10,5836,1723,4113
592,1998,11,5842,7023,-1181
592,1998,12,5838,6558,-720
593,1996,7,800,0,800
593,1996,8,18622,0,18622
593,1996,9,13978,5900,8078
593,1996,10,14014,4900,9114
593,1996,11,14039,10400,3639
593,1996,12,20991,20115,876
593,1997,1,14038,23015,-8977
593,1997,2,14026,8715,5311
593,1997,3,14046,9415,4631
593,1997,4,14054,13615,439
593,1997,5,14058,13015,1043
593,1997,6,20955,38715,-17760
593,1997,7,14013,4215,9798
593,1997,8,14026,13915,111
593,1997,9,14026,14215,-189
593,1997,10,14040,9215,4825
593,1997,11,14043,14815,-772
593,1997,12,20999,17115,3884
593,1998,1,14038,28915,-14877
593,1998,2,20054,4615,15439
593,1998,3,14075,9615,4460
593,1998,4,14124,11015,3109
593,1998,5,14112,10515,3597
593,1998,6,21062,20915,147
593,1998,7,14145,2815,11330
593,1998,8,14177,7415,6762
593,1998,9,14193,11015,3178
593,1998,10,14186,17115,-2929
593,1998,11,14174,17015,-2841
593,1998,12,21109,22800,-1691
594,1994,12,3592,0,3592
594,1995,1,3096,0,3096
594,1995,2,3096,0,3096
594,1995,3,3096,0,3096
594,1995,4,3120,2069,1051
594,1995,5,3142,2069,1073
594,1995,6,3142,5249,-2107
594,1995,7,3137,2069,1068
594,1995,8,3142,2069,1073
594,1995,9,3146,2069,1077
594,1995,10,3151,2459,692
594,1995,11,3151,4349,-1198
594,1995,12,3148,2219,929
594,1996,1,3142,5999,-2857
594,1996,2,3140,2069,1071
594,1996,3,3144,3119,25
594,1996,4,3144,2639,505
594,1996,5,3147,2069,1078
594,1996,6,3152,2069,1083
594,1996,7,3156,3419,-263
594,1996,8,3155,2069,1086
594,1996,9,3159,2069,1090
594,1996,10,3164,2069,1095
594,1996,11,3169,2069,1100
594,1996,12,3172,2879,293
594,1997,1,3159,8279,-5120
594,1997,2,3153,2069,1084
594,1997,3,3157,2069,1088
594,1997,4,3161,2999,162
594,1997,5,3161,3259,-98
594,1997,6,3160,3299,-139
594,1997,7,3161,2279,882
594,1997,8,3165,2069,1096
594,1997,9,3170,2069,1101
594,1997,10,3174,2069,1105
594,1997,11,3178,2369,809
594,1997,12,3181,2609,572
594,1998,1,3178,6809,-3631
594,1998,2,3169,2069,1100
594,1998,3,3174,2069,1105
594,1998,4,3178,2069,1109
594,1998,5,3183,2069,1114
594,1998,6,3183,8759,-5576
594,1998,7,3164,2069,1095
594,1998,8,3168,2849,319
594,1998,9,3170,2069,1101
594,1998,10,3174,3069,105
594,1998,11,3175,2069,1106
594,1998,12,3179,2804,375
595,1996,12,200,0,200
595,1997,1,21572,200,21372
595,1997,2,29123,14200,14923
595,1997,3,37322,24700,12622
595,1997,4,46398,36235,10163
595,1997,5,24674,29417,-4743
595,1997,6,28928,36243,-7315
595,1997,7,40169,18617,21552
595,1997,8,13833,50212,-36379
595,1997,9,46704,10117,36587
595,1997,10,73313,99407,-26094
595,1997,11,35407,32495,2912
595,1997,12,156,17047,-16891
595,1998,1,4190,11017,-6827
595,1998,2,8200,4717,3483
595,1998,3,76096,32117,43979
595,1998,4,46853,56025,-9172
595,1998,5,59391,53880,5511
595,1998,6,70026,107467,-37441
595,1998,7,167182,150117,17065
595,1998,8,9800,23054,-13254
595,1998,9,62005,17288,44717
595,1998,10,42560,33317,9243
595,1998,11,235,49700,-49465
595,1998,12,69628,18802,50826
596,1994,10,700,0,700
596,1994,11,18961,0,18961
596,1994,12,25490,9100,16390
596,1995,1,17075,11300,5775
596,1995,2,17085,16300,785
596,1995,3,17082,18415,-1333
596,1995,4,17082,16415,667
596,1995,5,17097,12215,4882
596,1995,6,25548,34535,-8987
596,1995,7,17081,12115,4966
596,1995,8,17097,13815,3282
596,1995,9,17101,16835,266
596,1995,10,17105,21955,-4850
596,1995,11,17127,2815,14312
596,1995,12,25631,14755,10876
596,1996,1,17169,29515,-12346
596,1996,2,17157,10015,7142
596,1996,3,17177,13415,3762
596,1996,4,17171,23035,-5864
596,1996,5,17172,10715,6457
596,1996,6,25624,45055,-19431
596,1996,7,17149,2315,14834
596,1996,8,17192,8615,8577
596,1996,9,17214,12315,4899
596,1996,10,17231,13415,3816
596,1996,11,17247,13515,3732
596,1996,12,25723,36955,-11232
596,1997,1,17219,20115,-2896
596,1997,2,17194,15,17179
596,1997,3,17273,30475,-13202
596,1997,4,17271,12715,4556
596,1997,5,17280,16715,565
596,1997,6,25679,33995,-8316
596,1997,7,17233,9735,7498
596,1997,8,17241,9715,7526
596,1997,9,17260,11415,5845
596,1997,10,17316,15215,2101
596,1997,11,17289,17215,74
596,1997,12,40122,66955,-26833
596,1998,1,22811,10815,11996
596,1998,2,17238,2215,15023
596,1998,3,17294,11215,6079
596,1998,4,31234,45815,-14581
596,1998,5,17269,1315,15954
596,1998,6,30957,81415,-50458
596,1998,7,36850,15,36835
596,1998,8,20188,15,20173
596,1998,9,38853,55015,-16162
596,1998,10,20516,5675,14841
596,1998,11,37256,48315,-11059
596,1998,12,52988,58860,-5872
597,1993,12,300,0,300
597,1994,1,29716,0,29716
597,1994,2,20001,600,19401
597,1994,3,20085,21700,-1615
597,1994,4,20053,10100,9953
597,1994,5,20030,27050,-7020
597,1994,6,29917,40950,-11033
597,1994,7,19991,15750,4241
597,1994,8,20016,13750,6266
597,1994,9,20030,17050,2980
597,1994,10,20024,32950,-12926
597,1994,11,20012,22750,-2738
597,1994,12,29938,25150,4788
597,1995,1,19980,33650,-13670
597,1995,2,19970,15250,4720
597,1995,3,19983,16850,3133
597,1995,4,19995,19550,445
597,1995,5,19997,22050,-2053
597,1995,6,29907,31350,-1443
597,1995,7,19985,20950,-965
597,1995,8,19976,22150,-2174
597,1995,9,19963,18750,1213
597,1995,10,19966,20950,-984
597,1995,11,19962,20750,-788
597,1995,12,29884,24550,5334
597,1996,1,19953,38150,-18197
597,1996,2,19905,16450,3455
597,1996,3,19917,18750,1167
597,1996,4,19928,17850,2078
597,1996,5,19927,20050,-123
597,1996,6,29830,34950,-5120
597,1996,7,19903,19550,353
597,1996,8,19910,17650,2260
597,1996,9,19912,19150,762
597,1996,10,19919,16850,3069
597,1996,11,19931,20150,-219
597,1996,12,29861,27850,2011
597,1997,1,19925,28050,-8125
597,1997,2,19903,16050,3853
597,1997,3,19920,17150,2770
597,1997,4,19932,15550,4382
597,1997,5,19941,20350,-409
597,1997,6,29855,27750,2105
597,1997,7,19938,24050,-4112
597,1997,8,19925,21250,-1325
597,1997,9,19919,20550,-631
597,1997,10,19916,20350,-434
597,1997,11,19907,26550,-6643
597,1997,12,29813,23250,6563
597,1998,1,19895,29550,-9655
597,1998,2,19873,18450,1423
597,1998,3,19881,19050,831
597,1998,4,19884,18450,1434
597,1998,5,19887,19350,537
597,1998,6,29802,25950,3852
597,1998,7,19892,23850,-3958
597,1998,8,19889,19450,439
597,1998,9,19923,13750,6173
597,1998,10,19915,19950,-35
597,1998,11,19900,23950,-4050
597,1998,12,29786,33035,-3249
598,1997,2,1100,0,1100
598,1997,3,17627,0,17627
598,1997,4,11779,2100,9679
598,1997,5,11817,3100,8717
598,1997,6,17678,12600,5078
598,1997,7,11850,11096,754
598,1997,8,11864,15396,-3532
598,1997,9,11816,17896,-6080
598,1997,10,11796,17076,-5280
598,1997,11,11779,14996,-3217
598,1997,12,17619,18196,-577
598,1998,1,13563,21236,-7673
598,1998,2,18581,7796,10785
598,1998,3,11801,7996,3805
598,1998,4,14427,7796,6631
598,1998,5,14455,7796,6659
598,1998,6,17722,15936,1786
598,1998,7,11859,20756,-8897
598,1998,8,17960,15516,2444
598,1998,9,17273,7796,9477
598,1998,10,12295,8896,3399
598,1998,11,12004,7796,4208
598,1998,12,17771,14281,3490
599,1996,12,18417,0,18417
599,1997,1,13860,0,13860
599,1997,2,11993,4600,7393
599,1997,3,12001,11200,801
599,1997,4,11986,17000,-5014
599,1997,5,11975,14300,-2325
599,1997,6,17899,16100,1799
599,1997,7,11963,17000,-5037
599,1997,8,11946,24700,-12754
599,1997,9,11924,11120,804
599,1997,10,11933,12500,-567
599,1997,11,11931,12100,-169
599,1997,12,17861,16200,1661
599,1998,1,11917,18120,-6203
599,1998,2,11911,11300,611
599,1998,3,11913,11800,113
599,1998,4,11914,10460,1454
599,1998,5,11919,10100,1819
599,1998,6,17860,15700,2160
599,1998,7,11931,15300,-3369
599,1998,8,11915,16100,-4185
599,1998,9,11901,11200,701
599,1998,10,11896,8540,3356
599,1998,11,11918,10500,1418
599,1998,12,17852,8725,9127
600,1997,3,200,0,200
600,1997,4,22958,0,22958
600,1997,5,17124,5500,11624
600,1997,6,25695,4900,20795
600,1997,7,17245,10900,6345
600,1997,8,17251,18615,-1364
600,1997,9,17240,19467,-2227
600,1997,10,17230,19967,-2737
600,1997,11,17216,20667,-3451
600,1997,12,25726,21667,4059
600,1998,1,17171,48327,-31156
600,1998,2,17329,5967,11362
600,1998,3,17160,12987,4173
600,1998,4,17178,11967,5211
600,1998,5,17171,21467,-4296
600,1998,6,27765,23887,3878
600,1998,7,17193,13567,3626
600,1998,8,17196,17867,-671
600,1998,9,17188,18127,-939
600,1998,10,17179,24047,-6868
600,1998,11,17169,15067,2102
600,1998,12,25686,20952,4734
601,1993,8,3656,0,3656
601,1993,9,3360,0,3360
601,1993,10,3360,0,3360
601,1993,11,3360,0,3360
601,1993,12,3392,2425,967
601,1994,1,3403,5755,-2352
601,1994,2,3400,2245,1155
601,1994,3,3403,2995,408
601,1994,4,3402,3655,-253
601,1994,5,3405,2245,1160
601,1994,6,3408,3445,-37
601,1994,7,3409,3565,-156
601,1994,8,3407,3325,82
601,1994,9,3409,2245,1164
601,1994,10,3414,2245,1169
601,1994,11,3419,2245,1174
601,1994,12,3424,2545,879
601,1995,1,3415,7615,-4200
601,1995,2,3409,2725,684
601,1995,3,3413,2245,1168
601,1995,4,3418,2245,1173
601,1995,5,3423,2245,1178
601,1995,6,3428,2245,1183
601,1995,7,3433,2545,888
601,1995,8,3435,3085,350
601,1995,9,3438,2245,1193
601,1995,10,3442,2945,497
601,1995,11,3444,2755,689
601,1995,12,3447,2395,1052
601,1996,1,3426,10255,-6829
601,1996,2,3423,2245,1178
601,1996,3,3426,3205,221
601,1996,4,3429,2245,1184
601,1996,5,3433,2645,788
601,1996,6,3412,9115,-5703
601,1996,7,3413,2245,1168
601,1996,8,3418,2245,1173
601,1996,9,3420,3895,-475
601,1996,10,3421,2345,1076
601,1996,11,3426,2245,1181
601,1996,12,3421,5935,-2514
601,1997,1,3412,5935,-2523
601,1997,2,3409,2245,1164
601,1997,3,3414,2545,869
601,1997,4,3412,4945,-1533
601,1997,5,3411,2245,1166
601,1997,6,3409,5145,-1736
601,1997,7,3409,2245,1164
601,1997,8,3413,2645,768
601,1997,9,3416,2875,541
601,1997,10,3419,2245,1174
601,1997,11,3424,2245,1179
601,1997,12,3421,6045,-2624
601,1998,1,3412,5245,-1833
601,1998,2,3410,2245,1165
601,1998,3,3415,3475,-60
601,1998,4,3414,2755,659
601,1998,5,3409,5145,-1736
601,1998,6,3410,2245,1165
601,1998,7,3412,3445,-33
601,1998,8,3413,4105,-692
601,1998,9,3409,3325,84
601,1998,10,3411,2965,446
601,1998,11,3414,2245,1169
601,1998,12,3414,4320,-906
602,1995,10,700,0,700
602,1995,11,14097,0,14097
602,1995,12,7448,0,7448
602,1996,1,4881,3000,1881
602,1996,2,4885,7200,-2315
602,1996,3,4879,7006,-2127
602,1996,4,4872,5106,-234
602,1996,5,4872,4106,766
602,1996,6,7269,10646,-3377
602,1996,7,4857,7906,-3049
602,1996,8,4848,5786,-938
602,1996,9,4846,4106,740
602,1996,10,4849,3206,1643
602,1996,11,4856,3206,1650
602,1996,12,7244,12446,-5202
602,1997,1,4839,4166,673
602,1997,2,4839,5606,-767
602,1997,3,4836,6006,-1170
602,1997,4,4834,4006,828
602,1997,5,4838,3806,1032
602,1997,6,7241,4706,2535
602,1997,7,4851,4606,245
602,1997,8,4842,9506,-4664
602,1997,9,6238,3206,3032
602,1997,10,4840,7006,-2166
602,1997,11,4834,5406,-572
602,1997,12,7232,5406,1826
602,1998,1,7037,7166,-129
602,1998,2,4839,5106,-267
602,1998,3,4842,3206,1636
602,1998,4,4840,7006,-2166
602,1998,5,4840,3206,1634
602,1998,6,7235,8006,-771
602,1998,7,4836,6206,-1370
602,1998,8,4832,5206,-374
602,1998,9,4836,3206,1630
602,1998,10,4843,3206,1637
602,1998,11,4850,3206,1644
602,1998,12,7256,4311,2945
603,1996,6,18970,0,18970
603,1996,7,17505,0,17505
603,1996,8,12448,6900,5548
603,1996,9,12472,6300,6172
603,1996,10,12490,9415,3075
603,1996,11,12487,13676,-1189
603,1996,12,18636,15516,3120
603,1997,1,12447,34856,-22409
603,1997,2,14533,4376,10157
603,1997,3,12458,9036,3422
603,1997,4,12477,7176,5301
603,1997,5,12499,7176,5323
603,1997,6,26116,31896,-5780
603,1997,7,12479,12236,243
603,1997,8,12486,13416,-930
603,1997,9,12488,9176,3312
603,1997,10,12500,9876,2624
603,1997,11,12509,10476,2033
603,1997,12,18666,15776,2890
603,1998,1,12464,33176,-20712
603,1998,2,12761,4376,8385
603,1998,3,12493,5376,7117
603,1998,4,12514,8276,4238
603,1998,5,12534,9976,2558
603,1998,6,18680,18816,-136
603,1998,7,12536,13576,-1040
603,1998,8,12550,7476,5074
603,1998,9,12569,13976,-1407
603,1998,10,12563,12976,-413
603,1998,11,12558,17776,-5218
603,1998,12,18685,12361,6324
604,1993,11,800,0,800
604,1993,12,20335,0,20335
604,1994,1,8507,800,7707
604,1994,2,8534,6000,2534
604,1994,3,8545,5200,3345
604,1994,4,8559,8315,244
604,1994,5,8555,10915,-2360
604,1994,6,12760,17315,-4555
604,1994,7,8539,8115,424
604,1994,8,8536,4815,3721
604,1994,9,8548,6715,1833
604,1994,10,8555,10915,-2360
604,1994,11,8559,8315,244
604,1994,12,12755,9615,3140
604,1995,1,8560,15615,-7055
604,1995,2,8533,8015,518
604,1995,3,8534,6515,2019
604,1995,4,8546,4015,4531
604,1995,5,8570,7915,655
604,1995,6,12748,21715,-8967
604,1995,7,8523,8515,8
604,1995,8,8527,6215,2312
604,1995,9,8525,13215,-4690
604,1995,10,8524,3815,4709
604,1995,11,8526,11515,-2989
604,1995,12,12734,9015,3719
604,1996,1,8531,13915,-5384
604,1996,2,8525,3115,5410
604,1996,3,8539,7015,1524
604,1996,4,8548,5915,2633
604,1996,5,8561,5215,3346
604,1996,6,12770,14015,-1245
604,1996,7,8563,9615,-1052
604,1996,8,8565,5415,3150
604,1996,9,8568,9315,-747
604,1996,10,8571,6915,1656
604,1996,11,8574,8315,259
604,1996,12,12787,10615,2172
604,1997,1,8568,17315,-8747
604,1997,2,8573,3415,5158
604,1997,3,8581,5515,3066
604,1997,4,8591,5415,3176
604,1997,5,8594,8715,-121
604,1997,6,12772,21315,-8543
604,1997,7,8565,6315,2250
604,1997,8,9999,15,9984
604,1997,9,8617,6015,2602
604,1997,10,8622,7615,1007
604,1997,11,8637,4415,4222
604,1997,12,12854,9315,3539
604,1998,1,8617,21915,-13298
604,1998,2,8615,3815,4800
604,1998,3,8624,8415,209
604,1998,4,8638,3315,5323
604,1998,5,8632,12015,-3383
604,1998,6,12821,32315,-19494
604,1998,7,8568,2215,6353
604,1998,8,8591,3015,5576
604,1998,9,8612,3715,4897
604,1998,10,8609,17615,-9006
604,1998,11,8595,11615,-3020
604,1998,12,12797,3400,9397
605,1997,2,10943,0,10943
605,1997,3,16304,0,16304
605,1997,4,10445,4200,6245
605,1997,5,10463,7100,3363
605,1997,6,15624,17291,-1667
605,1997,7,10445,17851,-7406
605,1997,8,10416,16591,-6175
605,1997,9,10398,13231,-2833
605,1997,10,10402,6891,3511
605,1997,11,10395,17631,-7236
605,1997,12,15553,9591,5962
605,1998,1,10385,17771,-7386
605,1998,2,10379,11691,-1312
605,1998,3,10369,9171,1198
605,1998,4,10379,12291,-1912
605,1998,5,10371,8491,1880
605,1998,6,15544,16671,-1127
605,1998,7,10373,11291,-918
605,1998,8,10371,6891,3480
605,1998,9,10385,6891,3494
605,1998,10,10391,15531,-5140
605,1998,11,10378,6891,3487
605,1998,12,15563,6876,8687
606,1997,11,23706,0,23706
606,1997,12,36160,0,36160
606,1998,1,23296,16400,6896
606,1998,2,23304,22500,804
606,1998,3,23283,30226,-6943
606,1998,4,23261,28126,-4865
606,1998,5,23235,29726,-6491
606,1998,6,34765,40226,-5461
606,1998,7,23231,16826,6405
606,1998,8,23244,34126,-10882
606,1998,9,23245,21426,1819
606,1998,10,23237,24026,-789
606,1998,11,23237,17426,5811
606,1998,12,34818,9611,25207
607,1995,2,600,0,600
607,1995,3,3124,0,3124
607,1995,4,3124,0,3124
607,1995,5,3124,0,3124
607,1995,6,3124,0,3124
607,1995,7,3126,15,3111
607,1995,8,3187,3357,-170
607,1995,9,3193,2097,1096
607,1995,10,3198,2097,1101
607,1995,11,3203,2097,1106
607,1995,12,3207,2337,870
607,1996,1,3198,6597,-3399
607,1996,2,3196,2097,1099
607,1996,3,3201,2097,1104
607,1996,4,3206,2637,569
607,1996,5,3208,2097,1111
607,1996,6,3205,4467,-1262
607,1996,7,3205,3057,148
607,1996,8,3207,2757,450
607,1996,9,3210,2097,1113
607,1996,10,3215,2097,1118
607,1996,11,3219,2097,1122
607,1996,12,3209,6207,-2998
607,1997,1,3205,8127,-4922
607,1997,2,3191,2097,1094
607,1997,3,3189,4727,-1538
607,1997,4,3185,2597,588
607,1997,5,3191,2097,1094
607,1997,6,3196,2097,1099
607,1997,7,3190,4497,-1307
607,1997,8,3187,3797,-610
607,1997,9,3180,4997,-1817
607,1997,10,3185,2097,1088
607,1997,11,3181,4107,-926
607,1997,12,3181,3297,-116
607,1998,1,3181,2967,214
607,1998,2,3176,4197,-1021
607,1998,3,3181,2097,1084
607,1998,4,3186,2097,1089
607,1998,5,3188,3477,-289
607,1998,6,3182,3497,-315
607,1998,7,3188,2097,1091
607,1998,8,3192,2097,1095
607,1998,9,3197,2097,1100
607,1998,10,3199,8797,-5598
607,1998,11,3178,2097,1081
607,1998,12,3183,2082,1101
608,1995,3,600,0,600
608,1995,4,4635,0,4635
608,1995,5,4635,0,4635
608,1995,6,4635,0,4635
608,1995,7,4635,0,4635
608,1995,8,4638,15,4623
608,1995,9,4739,3510,1229
608,1995,10,4741,5610,-869
608,1995,11,4741,2910,1831
608,1995,12,4729,7300,-2571
608,1996,1,4716,11480,-6764
608,1996,2,4710,2910,1800
608,1996,3,4712,3790,922
608,1996,4,4721,2910,1811
608,1996,5,4728,3010,1718
608,1996,6,4731,5910,-1179
608,1996,7,4726,5810,-1084
608,1996,8,4717,5810,-1093
608,1996,9,4718,5070,-352
608,1996,10,4716,6510,-1794
608,1996,11,4711,3510,1201
608,1996,12,4713,5210,-497
608,1997,1,4693,9090,-4397
608,1997,2,4687,7210,-2523
608,1997,3,4685,3510,1175
608,1997,4,4692,2910,1782
608,1997,5,4691,6310,-1619
608,1997,6,4692,2910,1782
608,1997,7,4692,6010,-1318
608,1997,8,4694,2910,1784
608,1997,9,4701,3390,1311
608,1997,10,4707,2910,1797
608,1997,11,4714,2910,1804
608,1997,12,4722,3210,1512
608,1998,1,4699,10800,-6101
608,1998,2,4697,5230,-533
608,1998,3,4700,2910,1790
608,1998,4,4690,9010,-4320
608,1998,5,4690,2910,1780
608,1998,6,4697,2910,1787
608,1998,7,4705,2910,1795
608,1998,8,4712,2910,1802
608,1998,9,4710,5070,-360
608,1998,10,4718,2910,1808
608,1998,11,4725,2910,1815
608,1998,12,4731,3395,1336
609,1994,5,700,0,700
609,1994,6,2956,0,2956
609,1994,7,2956,0,2956
609,1994,8,2956,0,2956
609,1994,9,2956,0,2956
609,1994,10,2958,15,2943
609,1994,11,3022,1985,1037
609,1994,12,3026,2165,861
609,1995,1,3022,6395,-3373
609,1995,2,3016,1985,1031
609,1995,3,3020,1985,1035
609,1995,4,3024,1985,1039
609,1995,5,3026,2795,231
609,1995,6,3028,2975,53
609,1995,7,3026,3215,-189
609,1995,8,3027,3035,-8
609,1995,9,3029,2945,84
609,1995,10,3030,1985,1045
609,1995,11,3034,1985,1049
609,1995,12,3038,2495,543
609,1996,1,3032,5495,-2463
609,1996,2,3027,3035,-8
609,1996,3,3029,2585,444
609,1996,4,3032,1985,1047
609,1996,5,3036,1985,1051
609,1996,6,3041,1985,1056
609,1996,7,3043,3275,-232
609,1996,8,3044,1985,1059
609,1996,9,3048,1985,1063
609,1996,10,3053,1985,1068
609,1996,11,3054,3635,-581
609,1996,12,3053,2495,558
609,1997,1,3051,5735,-2684
609,1997,2,3043,2615,428
609,1997,3,3044,4055,-1011
609,1997,4,3042,2975,67
609,1997,5,3043,3185,-142
609,1997,6,3043,1985,1058
609,1997,7,3047,1985,1062
609,1997,8,3052,1985,1067
609,1997,9,3056,1985,1071
609,1997,10,3061,1985,1076
609,1997,11,3065,1985,1080
609,1997,12,3069,2495,574
609,1998,1,3063,5735,-2672
609,1998,2,3060,1985,1075
609,1998,3,3065,3215,-150
609,1998,4,3064,1985,1079
609,1998,5,3067,3245,-178
609,1998,6,3062,6665,-3603
609,1998,7,3049,4285,-1236
609,1998,8,3048,1985,1063
609,1998,9,3052,2375,677
609,1998,10,3055,1985,1070
609,1998,11,3057,2555,502
609,1998,12,3061,2180,881
610,1994,8,800,0,800
610,1994,9,26290,1900,24390
610,1994,10,26362,12800,13562
610,1994,11,26402,18400,8002
610,1994,12,39540,33200,6340
610,1995,1,26403,37515,-11112
610,1995,2,26400,24203,2197
610,1995,3,26419,20315,6104
610,1995,4,26434,23815,2619
610,1995,5,26400,35848,-9448
610,1995,6,39547,27415,12132
610,1995,7,26461,22415,4046
610,1995,8,26517,32815,-6298
610,1995,9,27140,25574,1566
610,1995,10,26492,18115,8377
610,1995,11,26482,30815,-4333
610,1995,12,39611,28184,11427
610,1996,1,26530,36515,-9985
610,1996,2,26523,10315,16208
610,1996,3,26550,22215,4335
610,1996,4,26581,26715,-134
610,1996,5,26571,21715,4856
610,1996,6,39695,52988,-13293
610,1996,7,26558,36715,-10157
610,1996,8,26475,25115,1360
610,1996,9,26487,26964,-477
610,1996,10,26480,21815,4665
610,1996,11,26517,34515,-7998
610,1996,12,39609,29015,10594
610,1997,1,26860,49980,-23120
610,1997,2,26418,13115,13303
610,1997,3,26470,21315,5155
610,1997,4,26491,21215,5276
610,1997,5,26563,29915,-3352
610,1997,6,39648,47755,-8107
610,1997,7,26502,42946,-16444
610,1997,8,26469,9941,16528
610,1997,9,26463,31743,-5280
610,1997,10,26460,26117,343
610,1997,11,26453,16315,10138
610,1997,12,39653,31415,8238
610,1998,1,26489,44415,-17926
610,1998,2,26466,21515,4951
610,1998,3,26473,20215,6258
610,1998,4,26499,18715,7784
610,1998,5,26526,23015,3511
610,1998,6,39684,36515,3169
610,1998,7,26551,25015,1536
610,1998,8,26558,24715,1843
610,1998,9,26570,25515,1055
610,1998,10,26569,25315,1254
610,1998,11,35579,57815,-22236
610,1998,12,39670,5400,34270
611,1997,7,1000,0,1000
611,1997,8,3427,0,3427
611,1997,9,3427,0,3427
611,1997,10,3427,0,3427
611,1997,11,3427,0,3427
611,1997,12,3453,675,2778
611,1998,1,3490,8359,-4869
611,1998,2,3483,2299,1184
611,1998,3,3476,6229,-2753
611,1998,4,3476,2299,1177
611,1998,5,3477,4099,-622
611,1998,6,3478,2299,1179
611,1998,7,3482,2929,553
611,1998,8,3480,4999,-1519
611,1998,9,3473,4899,-1426
611,1998,10,3473,2299,1174
611,1998,11,3478,2299,1179
611,1998,12,3483,2284,1199
612,1996,5,300,0,300
612,1996,6,2904,0,2904
612,1996,7,2904,0,2904
612,1996,8,2904,0,2904
612,1996,9,2904,0,2904
612,1996,10,2945,2551,394
612,1996,11,2958,1951,1007
612,1996,12,2960,4171,-1211
612,1997,1,2953,4191,-1238
612,1997,2,2952,1951,1001
612,1997,3,2957,1951,1006
612,1997,4,2961,1951,1010
612,1997,5,2963,3151,-188
612,1997,6,2964,1951,1013
612,1997,7,2961,6841,-3880
612,1997,8,2952,1951,1001
612,1997,9,2956,2311,645
612,1997,10,2959,1951,1008
612,1997,11,2963,1951,1012
612,1997,12,2966,2341,625
612,1998,1,2962,5281,-2319
612,1998,2,2960,1951,1009
612,1998,3,2965,1951,1014
612,1998,4,2968,2431,537
612,1998,5,2971,1951,1020
612,1998,6,2968,4411,-1443
612,1998,7,2967,2911,56
612,1998,8,2969,1951,1018
612,1998,9,2974,1951,1023
612,1998,10,2978,1951,1027
612,1998,11,2979,3361,-382
612,1998,12,2979,2506,473
613,1996,8,600,0,600
613,1996,9,20350,0,20350
613,1996,10,12710,700,12010
613,1996,11,12745,5800,6945
613,1996,12,19061,14100,4961
613,1997,1,12743,35300,-22557
613,1997,2,12717,2600,10117
613,1997,3,12714,15000,-2286
613,1997,4,12751,16200,-3449
613,1997,5,12688,15500,-2812
613,1997,6,19017,10400,8617
613,1997,7,12709,25900,-13191
613,1997,8,12695,4300,8395
613,1997,9,12725,5500,7225
613,1997,10,12731,12800,-69
613,1997,11,12744,8800,3944
613,1997,12,19053,15400,3653
613,1998,1,12697,35500,-22803
613,1998,2,12688,6400,6288
613,1998,3,12700,11700,1000
613,1998,4,12680,18413,-5733
613,1998,5,12678,11648,1030
613,1998,6,18974,100,18874
613,1998,7,12698,31500,-18802
613,1998,8,12680,100,12580
613,1998,9,12706,23800,-11094
613,1998,10,12683,17200,-4517
613,1998,11,12680,6749,5931
613,1998,12,19023,6493,12530
614,1997,6,5984,0,5984
614,1997,7,5792,0,5792
614,1997,8,5792,0,5792
614,1997,9,5792,0,5792
614,1997,10,5795,15,5780
614,1997,11,5879,9359,-3480
614,1997,12,5877,5119,758
614,1998,1,5866,10609,-4743
614,1998,2,5861,3839,2022
614,1998,3,5877,1679,4198
614,1998,4,5895,1679,4216
614,1998,5,5908,5039,869
614,1998,6,5888,8529,-2641
614,1998,7,5905,1679,4226
614,1998,8,5913,4959,954
614,1998,9,5915,6879,-964
614,1998,10,5922,2479,3443
614,1998,11,5933,5959,-26
614,1998,12,5933,4624,1309
615,1996,4,3954,0,3954
615,1996,5,3160,0,3160
615,1996,6,3160,0,3160
615,1996,7,3160,0,3160
615,1996,8,3189,2111,1078
615,1996,9,3206,3311,-105
615,1996,10,3207,2111,1096
615,1996,11,3212,2111,1101
615,1996,12,3215,2921,294
615,1997,1,3210,5201,-1991
615,1997,2,3209,2591,618
615,1997,3,3212,2111,1101
615,1997,4,3216,2951,265
615,1997,5,3218,2111,1107
615,1997,6,3222,2111,1111
615,1997,7,3227,2111,1116
615,1997,8,3231,2381,850
615,1997,9,3235,2111,1124
615,1997,10,3238,2721,517
615,1997,11,3240,3761,-521
615,1997,12,3239,2591,648
615,1998,1,3235,6951,-3716
615,1998,2,3227,2111,1116
615,1998,3,3229,2951,278
615,1998,4,3232,2831,401
615,1998,5,3234,2111,1123
615,1998,6,3238,4411,-1173
615,1998,7,3234,2111,1123
615,1998,8,3239,2111,1128
615,1998,9,3243,2111,1132
615,1998,10,3247,2711,536
615,1998,11,3249,3111,138
615,1998,12,3249,2906,343
616,1993,10,1100,0,1100
616,1993,11,6846,0,6846
616,1993,12,6846,0,6846
616,1994,1,6846,0,6846
616,1994,2,6911,4300,2611
616,1994,3,6958,2615,4343
616,1994,4,6963,8004,-1041
616,1994,5,6963,6484,479
616,1994,6,6941,17154,-10213
616,1994,7,6935,1884,5051
616,1994,8,6941,7764,-823
616,1994,9,6952,1884,5068
616,1994,10,6974,1884,5090
616,1994,11,6982,5584,1398
616,1994,12,6998,3134,3864
616,1995,1,6965,21294,-14329
616,1995,2,6956,1884,5072
616,1995,3,6975,2784,4191
616,1995,4,6979,6864,115
616,1995,5,6975,7764,-789
616,1995,6,6974,7984,-1010
616,1995,7,6981,3984,2997
616,1995,8,6988,5184,1804
616,1995,9,6984,8584,-1600
616,1995,10,6983,6884,99
616,1995,11,6973,10324,-3351
616,1995,12,6966,8334,-1368
616,1996,1,6941,15034,-8093
616,1996,2,6940,4364,2576
616,1996,3,6956,2484,4472
616,1996,4,6969,4184,2785
616,1996,5,6971,16484,-9513
616,1996,6,6955,8364,-1409
616,1996,7,6935,5944,991
616,1996,8,6946,6484,462
616,1996,9,6947,8284,-1337
616,1996,10,6936,5924,1012
616,1996,11,6945,7884,-939
616,1996,12,6930,9214,-2284
616,1997,1,6915,11604,-4689
616,1997,2,6912,6684,228
616,1997,3,6916,1884,5032
616,1997,4,6934,6184,750
616,1997,5,6936,6484,452
616,1997,6,6937,6884,53
616,1997,7,6932,7884,-952
616,1997,8,6932,4604,2328
616,1997,9,6944,4884,2060
616,1997,10,6945,11284,-4339
616,1997,11,6936,3384,3552
616,1997,12,6931,10314,-3383
616,1998,1,6915,12334,-5419
616,1998,2,6915,2284,4631
616,1998,3,6930,5284,1646
616,1998,4,6926,9424,-2498
616,1998,5,6924,7084,-160
616,1998,6,6925,6224,701
616,1998,7,6924,7384,-460
616,1998,8,6916,10884,-3968
616,1998,9,6915,1884,5031
616,1998,10,6936,1884,5052
616,1998,11,6956,1884,5072
616,1998,12,6963,6829,134
617,1996,8,200,0,200
617,1996,9,26100,3600,22500
617,1996,10,26187,10500,15687
617,1996,11,26241,19500,6741
617,1996,12,39302,34500,4802
617,1997,1,26239,55295,-29056
617,1997,2,26180,24295,1885
617,1997,3,26187,24895,1292
617,1997,4,26201,21695,4506
617,1997,5,26217,24395,1822
617,1997,6,39286,31995,7291
617,1997,7,26247,26795,-548
617,1997,8,26227,30695,-4468
617,1997,9,26206,30211,-4005
617,1997,10,30409,27217,3192
617,1997,11,26235,18595,7640
617,1997,12,39315,31995,7320
617,1998,1,27627,52157,-24530
617,1998,2,26200,15595,10605
617,1998,3,26226,24095,2131
617,1998,4,26214,29073,-2859
617,1998,5,26222,26795,-573
617,1998,6,39285,28995,10290
617,1998,7,26222,37363,-11141
617,1998,8,26182,34441,-8259
617,1998,9,26171,26695,-524
617,1998,10,26168,26695,-527
617,1998,11,26161,27895,-1734
617,1998,12,39195,43705,-4510
618,1996,10,25689,0,25689
618,1996,11,25091,500,24591
618,1996,12,37644,37700,-56
618,1997,1,25105,24300,805
618,1997,2,25182,4637,20545
618,1997,3,25184,48377,-23193
618,1997,4,25168,27497,-2329
618,1997,5,25156,26397,-1241
618,1997,6,37641,28797,8844
618,1997,7,25184,28597,-3413
618,1997,8,25163,28197,-3034
618,1997,9,25154,25797,-643
618,1997,10,25148,28097,-2949
618,1997,11,25136,25697,-561
618,1997,12,37616,33717,3899
618,1998,1,25160,29797,-4637
618,1998,2,25130,22997,2133
618,1998,3,25141,20997,4144
618,1998,4,25153,25897,-744
618,1998,5,25146,27697,-2551
618,1998,6,37618,36197,1421
618,1998,7,25134,31797,-6663
618,1998,8,25105,29197,-4092
618,1998,9,25087,28697,-3610
618,1998,10,25069,27197,-2128
618,1998,11,25050,32997,-7947
618,1998,12,37521,26182,11339
619,1995,9,24541,0,24541
619,1995,10,160391,83330,77061
619,1995,11,33774,82606,-48832
619,1995,12,27069,33497,-6428
619,1996,1,140,19197,-19057
619,1996,2,28090,10797,17293
619,1996,3,13245,15397,-2152
619,1996,4,13086,15497,-2411
619,1996,5,92496,51802,40694
619,1996,6,169,56097,-55928
619,1996,7,13605,8297,5308
619,1996,8,68596,32897,35699
619,1996,9,191,33597,-33406
619,1996,10,111622,44397,67225
619,1996,11,53222,94097,-40875
619,1996,12,40788,29197,11591
619,1997,1,210,40597,-40387
619,1997,2,12006,8297,3709
619,1997,3,22209,13797,8412
619,1997,4,126,17897,-17771
619,1997,5,9485,8297,1188
619,1997,6,4687,8297,-3610
619,1997,7,3472,8297,-4825
619,1997,8,35439,20250,15189
619,1997,9,40135,12988,27147
619,1997,10,123386,118397,4989
619,1997,11,17176,28797,-11621
619,1997,12,6308,20310,-14002
619,1998,1,12312,20897,-8585
619,1998,2,5209,8297,-3088
619,1998,3,9290,10308,-1018
619,1998,4,9488,9797,-309
619,1998,5,6791,8297,-1506
619,1998,6,13892,8297,5595
619,1998,7,10312,8297,2015
619,1998,8,7319,8297,-978
619,1998,9,10017,15197,-5180
619,1998,10,12701,8297,4404
619,1998,11,49595,29915,19680
619,1998,12,176,11567,-11391
620,1996,2,1000,0,1000
620,1996,3,10900,0,10900
620,1996,4,8800,0,8800
620,1996,5,0,300,-300
620,1996,6,2000,0,2000
620,1996,7,0,2100,-2100
620,1996,8,0,3100,-3100
620,1996,9,0,100,-100
620,1996,10,2300,0,2300
620,1996,11,600,0,600
620,1996,12,1800,0,1800
620,1997,1,2700,0,2700
620,1997,2,0,3300,-3300
620,1997,3,0,1400,-1400
620,1997,4,3100,0,3100
620,1997,5,2800,0,2800
620,1997,6,0,2400,-2400
620,1997,7,0,1500,-1500
620,1997,8,0,4700,-4700
620,1997,9,300,0,300
620,1997,10,1100,0,1100
620,1997,11,0,400,-400
620,1997,12,0,4200,-4200
620,1998,1,0,1500,-1500
620,1998,2,2400,0,2400
620,1998,3,2000,0,2000
620,1998,4,700,0,700
620,1998,5,0,2100,-2100
620,1998,6,2300,0,2300
620,1998,7,600,0,600
620,1998,8,0,1900,-1900
620,1998,9,1200,0,1200
620,1998,10,1100,0,1100
620,1998,11,0,3100,-3100
620,1998,12,0,3500,-3500
621,1996,6,37378,0,37378
621,1996,7,24777,23600,1177
621,1996,8,24728,19100,5628
621,1996,9,24750,22800,1950
621,1996,10,24814,29364,-4550
621,1996,11,24796,22724,2072
621,1996,12,37120,31324,5796
621,1997,1,24799,41944,-17145
621,1997,2,24754,24524,230
621,1997,3,24757,21724,3033
621,1997,4,24767,25124,-357
621,1997,5,24763,26324,-1561
621,1997,6,37083,31864,5219
621,1997,7,24775,25724,-949
621,1997,8,24766,27824,-3058
621,1997,9,24741,33684,-8943
621,1997,10,24715,25924,-1209
621,1997,11,24706,27024,-2318
621,1997,12,37011,32224,4787
621,1998,1,24707,32544,-7837
621,1998,2,24679,29024,-4345
621,1998,3,24686,10264,14422
621,1998,4,24708,39124,-14416
621,1998,5,24693,3424,21269
621,1998,6,37051,36384,667
621,1998,7,24725,43724,-18999
621,1998,8,24705,3424,21281
621,1998,9,24716,47264,-22548
621,1998,10,24700,3424,21276
621,1998,11,24713,44924,-20211
621,1998,12,37025,3409,33616
622,1997,6,700,0,700
622,1997,7,24859,0,24859
622,1997,8,24548,13500,11048
622,1997,9,24580,22500,2080
622,1997,10,24591,21300,3291
622,1997,11,24591,29515,-4924
622,1997,12,36799,40443,-3644
622,1998,1,24539,42043,-17504
622,1998,2,24503,18143,6360
622,1998,3,24519,24043,476
622,1998,4,24528,21043,3485
622,1998,5,24533,26243,-1710
622,1998,6,36756,33043,3713
622,1998,7,24540,26143,-1603
622,1998,8,24537,23143,1394
622,1998,9,24547,20443,4104
622,1998,10,24558,23043,1515
622,1998,11,24560,24043,517
622,1998,12,36836,11228,25608
623,1993,3,200,0,200
623,1993,4,3108,0,3108
623,1993,5,3108,0,3108
623,1993,6,3108,0,3108
623,1993,7,3108,0,3108
623,1993,8,3143,2087,1056
623,1993,9,3168,2087,1081
623,1993,10,3172,2087,1085
623,1993,11,3177,2087,1090
623,1993,12,3181,2717,464
623,1994,1,3181,4787,-1606
623,1994,2,3177,2777,400
623,1994,3,3178,2087,1091
623,1994,4,3183,2087,1096
623,1994,5,3187,2267,920
623,1994,6,3191,2087,1104
623,1994,7,3196,2087,1109
623,1994,8,3198,3287,-89
623,1994,9,3202,2237,965
623,1994,10,3201,3487,-286
623,1994,11,3203,2087,1116
623,1994,12,3207,2357,850
623,1995,1,3209,3797,-588
623,1995,2,3202,4687,-1485
623,1995,3,3202,2087,1115
623,1995,4,3207,2087,1120
623,1995,5,3212,2087,1125
623,1995,6,3216,2897,319
623,1995,7,3209,6837,-3628
623,1995,8,3199,3437,-238
623,1995,9,3201,2087,1114
623,1995,10,3206,2087,1119
623,1995,11,3210,2087,1123
623,1995,12,3209,4827,-1618
623,1996,1,3203,6317,-3114
623,1996,2,3195,2087,1108
623,1996,3,3199,3167,32
623,1996,4,3198,3407,-209
623,1996,5,3199,2087,1112
623,1996,6,3204,2087,1117
623,1996,7,3203,4287,-1084
623,1996,8,3197,5097,-1900
623,1996,9,3188,5187,-1999
623,1996,10,3187,3197,-10
623,1996,11,3186,3137,49
623,1996,12,3186,3227,-41
623,1997,1,3183,5177,-1994
623,1997,2,3178,2567,611
623,1997,3,3180,3107,73
623,1997,4,3182,2087,1095
623,1997,5,3185,3237,-52
623,1997,6,3185,2387,798
623,1997,7,3188,2537,651
623,1997,8,3191,4747,-1556
623,1997,9,3185,3487,-302
623,1997,10,3182,3197,-15
623,1997,11,3183,2957,226
623,1997,12,3184,2797,387
623,1998,1,3181,5807,-2626
623,1998,2,3175,2267,908
623,1998,3,3179,2087,1092
623,1998,4,3182,2867,315
623,1998,5,3184,3287,-103
623,1998,6,3184,2087,1097
623,1998,7,3186,5887,-2701
623,1998,8,3177,2087,1090
623,1998,9,3182,2087,1095
623,1998,10,3182,5987,-2805
623,1998,11,3171,3527,-356
623,1998,12,3173,2072,1101
624,1993,10,16338,0,16338
624,1993,11,21729,0,21729
624,1993,12,158,8500,-8342
624,1994,1,72688,75015,-2327
624,1994,2,28599,13715,14884
624,1994,3,13172,16715,-3543
624,1994,4,160,8215,-8055
624,1994,5,128,2215,-2087
624,1994,6,96897,40715,56182
624,1994,7,30791,72815,-42024
624,1994,8,176,7815,-7639
624,1994,9,26094,8115,17979
624,1994,10,149,21120,-20971
624,1994,11,56571,5215,51356
624,1994,12,6510,33915,-27405
624,1995,1,51850,67084,-15234
624,1995,2,40128,9415,30713
624,1995,3,57725,47629,10096
624,1995,4,84237,126491,-42254
624,1995,5,84641,24897,59744
624,1995,6,82596,154215,-71619
624,1995,7,102284,31887,70397
624,1995,8,23598,51377,-27779
624,1995,9,71967,89605,-17638
624,1995,10,23486,34820,-11334
624,1995,11,168,13415,-13247
624,1995,12,23969,26183,-2214
624,1996,1,106352,36115,70237
624,1996,2,35180,78915,-43735
624,1996,3,96961,104715,-7754
624,1996,4,25989,22515,3474
624,1996,5,48310,45815,2495
624,1996,6,47830,37815,10015
624,1996,7,85080,91015,-5935
624,1996,8,65886,67515,-1629
624,1996,9,90542,84415,6127
624,1996,10,60965,39615,21350
624,1996,11,42976,80715,-37739
624,1996,12,65852,39815,26037
624,1997,1,151,39115,-38964
624,1997,2,6687,7415,-728
624,1997,3,60572,29415,31157
624,1997,4,51674,29315,22359
624,1997,5,42691,31915,10776
624,1997,6,24728,52715,-27987
624,1997,7,59411,81215,-21804
624,1997,8,90293,45141,45152
624,1997,9,42375,88715,-46340
624,1997,10,128490,80615,47875
624,1997,11,99887,87915,11972
624,1997,12,71383,105415,-34032
624,1998,1,98585,79631,18954
624,1998,2,353,31315,-30962
624,1998,3,38496,33699,4797
624,1998,4,246,15115,-14869
624,1998,5,37683,19115,18568
624,1998,6,62535,79315,-16780
624,1998,7,39435,50521,-11086
624,1998,8,146,7415,-7269
624,1998,9,116,5815,-5699
624,1998,10,41738,24515,17223
624,1998,11,22692,14115,8577
624,1998,12,31474,43585,-12111
625,1995,7,1000,0,1000
625,1995,8,13400,0,13400
625,1995,9,82991,20900,62091
625,1995,10,40827,61700,-20873
625,1995,11,26053,18600,7453
625,1995,12,263,23600,-23337
625,1996,1,263,8800,-8537
625,1996,2,263,4000,-3737
625,1996,3,13105,16272,-3167
625,1996,4,24882,18072,6810
625,1996,5,72,18172,-18100
625,1996,6,1825,11472,-9647
625,1996,7,15,15,0
625,1996,8,0,15,-15
625,1996,9,31,15,16
625,1996,10,0,15,-15
625,1996,11,31,15,16
625,1996,12,15,15,0
625,1997,1,15929,15,15914
625,1997,2,24,18372,-18348
625,1997,3,39341,4811,34530
625,1997,4,90201,27772,62429
625,1997,5,5907,70684,-64777
625,1997,6,89084,31172,57912
625,1997,7,37775,103114,-65339
625,1997,8,14893,11472,3421
625,1997,9,121,11472,-11351
625,1997,10,79612,34072,45540
625,1997,11,22091,52472,-30381
625,1997,12,84058,87572,-3514
625,1998,1,48223,55772,-7549
625,1998,2,95810,67221,28589
625,1998,3,98370,68799,29571
625,1998,4,143492,177195,-33703
625,1998,5,47973,11472,36501
625,1998,6,76337,115672,-39335
625,1998,7,10928,19572,-8644
625,1998,8,69914,48472,21442
625,1998,9,161527,120072,41455
625,1998,10,42559,64072,-21513
625,1998,11,47059,87585,-40526
625,1998,12,104577,60757,43820
626,1993,11,200,0,200
626,1993,12,14430,0,14430
626,1994,1,8946,0,8946
626,1994,2,5566,2600,2966
626,1994,3,5568,6100,-532
626,1994,4,5572,6454,-882
626,1994,5,5859,7494,-1635
626,1994,6,8293,6354,1939
626,1994,7,5558,8054,-2496
626,1994,8,5560,4254,1306
626,1994,9,5968,3654,2314
626,1994,10,8258,14214,-5956
626,1994,11,9758,6414,3344
626,1994,12,10198,7494,2704
626,1995,1,10054,23174,-13120
626,1995,2,15152,3654,11498
626,1995,3,7978,3654,4324
626,1995,4,7894,4854,3040
626,1995,5,5598,4714,884
626,1995,6,9345,4614,4731
626,1995,7,5603,9994,-4391
626,1995,8,8515,3654,4861
626,1995,9,5612,10014,-4402
626,1995,10,9119,3654,5465
626,1995,11,5622,6154,-532
626,1995,12,8562,5754,2808
626,1996,1,12297,22774,-10477
626,1996,2,9889,5934,3955
626,1996,3,5611,3754,1857
626,1996,4,7902,11094,-3192
626,1996,5,6606,3654,2952
626,1996,6,13337,19814,-6477
626,1996,7,7692,3654,4038
626,1996,8,10110,3654,6456
626,1996,9,5633,4954,679
626,1996,10,9131,8454,677
626,1996,11,5631,9714,-4083
626,1996,12,8350,9694,-1344
626,1997,1,13262,24654,-11392
626,1997,2,9960,9054,906
626,1997,3,8476,3654,4822
626,1997,4,11399,3654,7745
626,1997,5,5625,3754,1871
626,1997,6,23442,33734,-10292
626,1997,7,11998,3654,8344
626,1997,8,6426,3654,2772
626,1997,9,6823,9174,-2351
626,1997,10,5618,12814,-7196
626,1997,11,8782,12774,-3992
626,1997,12,12810,12814,-4
626,1998,1,13060,15654,-2594
626,1998,2,10168,8094,2074
626,1998,3,8882,3654,5228
626,1998,4,8503,3654,4849
626,1998,5,5614,6154,-540
626,1998,6,8341,22894,-14553
626,1998,7,11667,3654,8013
626,1998,8,12591,11334,1257
626,1998,9,8901,3654,5247
626,1998,10,5915,4494,1421
626,1998,11,6307,13974,-7667
626,1998,12,13328,9559,3769
627,1993,2,23011,0,23011
627,1993,3,23210,0,23210
627,1993,4,22573,10800,11773
627,1993,5,22604,17700,4904
627,1993,6,33814,30615,3199
627,1993,7,22587,30543,-7956
627,1993,8,22570,24143,-1573
627,1993,9,22573,21343,1230
627,1993,10,22576,25843,-3267
627,1993,11,22565,21143,1422
627,1993,12,33771,21643,12128
627,1994,1,22576,49343,-26767
627,1994,2,22559,8243,14316
627,1994,3,22563,23143,-580
627,1994,4,22561,22743,-182
627,1994,5,22551,41443,-18892
627,1994,6,33719,38643,-4924
627,1994,7,22514,18543,3971
627,1994,8,22529,20443,2086
627,1994,9,22538,19643,2895
627,1994,10,22548,20943,1605
627,1994,11,22532,29243,-6711
627,1994,12,33729,27243,6486
627,1995,1,22520,26743,-4223
627,1995,2,22535,17643,4892
627,1995,3,22551,19843,2708
627,1995,4,22534,24943,-2409
627,1995,5,22555,20243,2312
627,1995,6,33715,39243,-5528
627,1995,7,22540,18543,3997
627,1995,8,22557,17643,4914
627,1995,9,22571,22743,-172
627,1995,10,22570,22443,127
627,1995,11,22566,24343,-1777
627,1995,12,33750,27143,6607
627,1996,1,22574,34043,-11469
627,1996,2,22543,16243,6300
627,1996,3,22575,15343,7232
627,1996,4,22596,20443,2153
627,1996,5,22587,24743,-2156
627,1996,6,33739,37643,-3904
627,1996,7,22559,24443,-1884
627,1996,8,22568,20043,2525
627,1996,9,22561,22543,18
627,1996,10,22582,17443,5139
627,1996,11,22598,19343,3255
627,1996,12,33795,26443,7352
627,1997,1,22595,37543,-14948
627,1997,2,22580,17943,4637
627,1997,3,22581,27243,-4662
627,1997,4,22568,19043,3525
627,1997,5,22590,20343,2247
627,1997,6,33762,33643,119
627,1997,7,22582,26943,-4361
627,1997,8,22557,23143,-586
627,1997,9,22577,19243,3334
627,1997,10,22578,24443,-1865
627,1997,11,22580,18643,3937
627,1997,12,33816,22543,11273
627,1998,1,28149,20143,8006
627,1998,2,22678,15443,7235
627,1998,3,22736,26443,-3707
627,1998,4,22697,16543,6154
627,1998,5,22710,20643,2067
627,1998,6,33884,42543,-8659
627,1998,7,22682,19943,2739
627,1998,8,22694,18843,3851
627,1998,9,22696,26443,-3747
627,1998,10,22693,21543,1150
627,1998,11,22689,19943,2746
627,1998,12,33912,21728,12184
628,1994,1,5260,0,5260
628,1994,2,12002,0,12002
628,1994,3,7539,0,7539
628,1994,4,6868,0,6868
628,1994,5,4673,6183,-1510
628,1994,6,6953,3743,3210
628,1994,7,4675,7443,-2768
628,1994,8,4971,5243,-272
628,1994,9,5471,7243,-1772
628,1994,10,6260,6283,-23
628,1994,11,4666,4303,363
628,1994,12,6926,11703,-4777
628,1995,1,4847,3043,1804
628,1995,2,4754,3043,1711
628,1995,3,4648,8523,-3875
628,1995,4,4645,3343,1302
628,1995,5,6052,3043,3009
628,1995,6,6939,5743,1196
628,1995,7,4666,5523,-857
628,1995,8,4664,4643,21
628,1995,9,4663,5623,-960
628,1995,10,8565,3043,5522
628,1995,11,4681,5343,-662
628,1995,12,6957,4303,2654
628,1996,1,4691,3743,948
628,1996,2,4692,6243,-1551
628,1996,3,4685,7043,-2358
628,1996,4,5864,11323,-5459
628,1996,5,7761,3043,4718
628,1996,6,6950,5843,1107
628,1996,7,5682,3043,2639
628,1996,8,7780,13003,-5223
628,1996,9,8474,4603,3871
628,1996,10,4682,5543,-861
628,1996,11,4682,3443,1239
628,1996,12,8557,8083,474
628,1997,1,4680,7363,-2683
628,1997,2,4674,4943,-269
628,1997,3,7482,3043,4439
628,1997,4,4685,8143,-3458
628,1997,5,4669,9023,-4354
628,1997,6,6936,4743,2193
628,1997,7,8656,12283,-3627
628,1997,8,10067,5803,4264
628,1997,9,7187,3043,4144
628,1997,10,8902,3043,5859
628,1997,11,4817,3043,1774
628,1997,12,6997,6003,994
628,1998,1,4720,6863,-2143
628,1998,2,4708,7423,-2715
628,1998,3,4700,8143,-3443
628,1998,4,7701,3043,4658
628,1998,5,4704,6143,-1439
628,1998,6,6964,11603,-4639
628,1998,7,5189,3043,2146
628,1998,8,4687,6443,-1756
628,1998,9,4678,7163,-2485
628,1998,10,4679,3443,1236
628,1998,11,4670,9263,-4593
628,1998,12,7738,7668,70
629,1994,7,500,0,500
629,1994,8,4721,0,4721
629,1994,9,4721,0,4721
629,1994,10,4721,0,4721
629,1994,11,4721,0,4721
629,1994,12,4731,315,4416
629,1995,1,4790,16052,-11262
629,1995,2,4779,2722,2057
629,1995,3,4787,2722,2065
629,1995,4,4795,3322,1473
629,1995,5,4802,2722,2080
629,1995,6,4788,12522,-7734
629,1995,7,4774,4162,612
629,1995,8,4781,2722,2059
629,1995,9,4785,4642,143
629,1995,10,4790,2722,2068
629,1995,11,4797,3622,1175
629,1995,12,4800,4672,128
629,1996,1,4779,10782,-6003
629,1996,2,4773,5422,-649
629,1996,3,4777,2722,2055
629,1996,4,4782,4322,460
629,1996,5,4782,5022,-240
629,1996,6,4777,6322,-1545
629,1996,7,4770,6622,-1852
629,1996,8,4771,3122,1649
629,1996,9,4776,3722,1054
629,1996,10,4780,4562,218
629,1996,11,4774,6422,-1648
629,1996,12,4770,5122,-352
629,1997,1,4776,3222,1554
629,1997,2,4782,2722,2060
629,1997,3,4787,3922,865
629,1997,4,4791,3822,969
629,1997,5,4798,3822,976
629,1997,6,4801,4802,-1
629,1997,7,4802,2722,2080
629,1997,8,4811,2722,2089
629,1997,9,4812,5202,-390
629,1997,10,4818,2722,2096
629,1997,11,4826,5762,-936
629,1997,12,4814,5222,-408
629,1998,1,4802,12622,-7820
629,1998,2,4788,2722,2066
629,1998,3,4791,4222,569
629,1998,4,4793,4322,471
629,1998,5,4790,6282,-1492
629,1998,6,4786,5122,-336
629,1998,7,4793,2722,2071
629,1998,8,4799,3602,1197
629,1998,9,4807,2722,2085
629,1998,10,4816,2722,2094
629,1998,11,4824,2722,2102
629,1998,12,4831,3457,1374
630,1993,6,400,0,400
630,1993,7,16149,0,16149
630,1993,8,6414,0,6414
630,1993,9,3638,2700,938
630,1993,10,3643,1600,2043
630,1993,11,3650,3615,35
630,1993,12,3649,4236,-587
630,1994,1,5943,6726,-783
630,1994,2,4549,2376,2173
630,1994,3,3657,2776,881
630,1994,4,3656,6946,-3290
630,1994,5,3638,6446,-2808
630,1994,6,4236,2376,1860
630,1994,7,3639,6076,-2437
630,1994,8,3629,5016,-1387
630,1994,9,3626,3176,450
630,1994,10,3624,3666,-42
630,1994,11,3626,4476,-850
630,1994,12,3619,6006,-2387
630,1995,1,3607,5626,-2019
630,1995,2,3606,3186,420
630,1995,3,3608,2476,1132
630,1995,4,3612,3276,336
630,1995,5,3611,3206,405
630,1995,6,3607,6406,-2799
630,1995,7,3605,2376,1229
630,1995,8,3604,5276,-1672
630,1995,9,3600,3676,-76
630,1995,10,3599,3976,-377
630,1995,11,3595,4976,-1381
630,1995,12,3595,2376,1219
630,1996,1,3597,3486,111
630,1996,2,3599,3006,593
630,1996,3,3601,3186,415
630,1996,4,3604,2376,1228
630,1996,5,3610,2376,1234
630,1996,6,3615,2376,1239
630,1996,7,3620,2376,1244
630,1996,8,3625,2376,1249
630,1996,9,3609,9776,-6167
630,1996,10,3604,2376,1228
630,1996,11,3609,2376,1233
630,1996,12,3614,2646,968
630,1997,1,3612,4866,-1254
630,1997,2,3613,2376,1237
630,1997,3,3614,9046,-5432
630,1997,4,3596,2376,1220
630,1997,5,3601,2376,1225
630,1997,6,3606,2376,1230
630,1997,7,3611,2376,1235
630,1997,8,3616,2376,1240
630,1997,9,3620,2976,644
630,1997,10,3621,3516,105
630,1997,11,3616,4516,-900
630,1997,12,3613,4046,-433
630,1998,1,5113,5856,-743
630,1998,2,4216,2376,1840
630,1998,3,3618,3276,342
630,1998,4,4024,2376,1648
630,1998,5,3624,3976,-352
630,1998,6,3613,6766,-3153
630,1998,7,3609,4026,-417
630,1998,8,8028,2376,5652
630,1998,9,5441,2946,2495
630,1998,10,9157,3366,5791
630,1998,11,3672,3176,496
630,1998,12,3672,2721,951
631,1996,3,500,0,500
631,1996,4,13305,0,13305
631,1996,5,4254,0,4254
631,1996,6,4472,0,4472
631,1996,7,3688,1500,2188
631,1996,8,3692,5835,-2143
631,1996,9,3682,8009,-4327
631,1996,10,3666,6409,-2743
631,1996,11,4662,2409,2253
631,1996,12,3666,3929,-263
631,1997,1,7367,6639,728
631,1997,2,8375,3519,4856
631,1997,3,3892,2409,1483
631,1997,4,3691,6609,-2918
631,1997,5,4087,2409,1678
631,1997,6,5576,9159,-3583
631,1997,7,6283,2409,3874
631,1997,8,7001,2409,4592
631,1997,9,3707,5589,-1882
631,1997,10,6010,2409,3601
631,1997,11,5524,2709,2815
631,1997,12,3728,3549,179
631,1998,1,3719,10099,-6380
631,1998,2,3704,2899,805
631,1998,3,3702,5909,-2207
631,1998,4,3695,4709,-1014
631,1998,5,5600,2859,2741
631,1998,6,5395,7959,-2564
631,1998,7,9612,2409,7203
631,1998,8,6033,2409,3624
631,1998,9,3737,4109,-372
631,1998,10,5042,3159,1883
631,1998,11,7860,2409,5451
631,1998,12,3769,3504,265
632,1996,5,400,0,400
632,1996,6,3200,0,3200
632,1996,7,3200,0,3200
632,1996,8,3200,0,3200
632,1996,9,3200,0,3200
632,1996,10,3245,1107,2138
632,1996,11,3270,2948,322
632,1996,12,3266,3958,-692
632,1997,1,3256,5268,-2012
632,1997,2,3260,2148,1112
632,1997,3,3264,2148,1116
632,1997,4,3266,2148,1118
632,1997,5,3274,2148,1126
632,1997,6,3274,3528,-254
632,1997,7,3277,2148,1129
632,1997,8,3279,2148,1131
632,1997,9,3279,3888,-609
632,1997,10,3284,2148,1136
632,1997,11,3286,2868,418
632,1997,12,3287,2808,479
632,1998,1,3283,6198,-2915
632,1998,2,3274,3108,166
632,1998,3,3278,2148,1130
632,1998,4,3285,3498,-213
632,1998,5,3285,2148,1137
632,1998,6,3283,6888,-3605
632,1998,7,3275,2148,1127
632,1998,8,3276,2148,1128
632,1998,9,3284,2148,1136
632,1998,10,3286,2148,1138
632,1998,11,3286,3618,-332
632,1998,12,3286,3003,283
633,1995,12,5751,0,5751
633,1996,1,5060,0,5060
633,1996,2,5060,0,5060
633,1996,3,5060,0,5060
633,1996,4,5063,15,5048
633,1996,5,5149,3192,1957
633,1996,6,5152,15142,-9990
633,1996,7,5097,9672,-4575
633,1996,8,5096,3192,1904
633,1996,9,5104,3192,1912
633,1996,10,5112,3192,1920
633,1996,11,5120,3192,1928
633,1996,12,5128,3592,1536
633,1997,1,5125,11112,-5987
633,1997,2,5107,4812,295
633,1997,3,5107,5912,-805
633,1997,4,5108,3192,1916
633,1997,5,5105,5752,-647
633,1997,6,5112,4892,220
633,1997,7,5113,4692,421
633,1997,8,5115,4292,823
633,1997,9,5118,4292,826
633,1997,10,5121,5392,-271
633,1997,11,5117,5472,-355
633,1997,12,5105,8372,-3267
633,1998,1,5093,6712,-1619
633,1998,2,5098,4492,606
633,1998,3,5101,3992,1109
633,1998,4,5103,6632,-1529
633,1998,5,5100,3192,1908
633,1998,6,5101,8532,-3431
633,1998,7,5094,3192,1902
633,1998,8,5101,3792,1309
633,1998,9,5104,5092,12
633,1998,10,5107,4632,475
633,1998,11,5109,3192,1917
633,1998,12,5111,4427,684
635,1994,8,1000,0,1000
635,1994,9,20491,0,20491
635,1994,10,67132,30700,36432
635,1994,11,40577,17715,22862
635,1994,12,266,34512,-34246
635,1995,1,83098,102750,-19652
635,1995,2,34783,18012,16771
635,1995,3,138953,130212,8741
635,1995,4,166,24127,-23961
635,1995,5,3304,8112,-4808
635,1995,6,4878,10812,-5934
635,1995,7,36846,8112,28734
635,1995,8,154,16712,-16558
635,1995,9,17448,18812,-1364
635,1995,10,1074,15912,-14838
635,1995,11,41878,10112,31766
635,1995,12,22869,34012,-11143
635,1996,1,41716,52112,-10396
635,1996,2,32587,28112,4475
635,1996,3,88,11712,-11624
635,1996,4,49,8112,-8063
635,1996,5,15,8112,-8097
635,1996,6,2,2176,-2174
635,1996,7,0,32,-32
635,1996,8,0,15,-15
635,1996,9,19556,50,19506
635,1996,10,53,8112,-8059
635,1996,11,20,8112,-8092
635,1996,12,6,2175,-2169
635,1997,1,31409,22,31387
635,1997,2,21573,36412,-14839
635,1997,3,163760,100447,63313
635,1997,4,165,56812,-56647
635,1997,5,95405,52286,43119
635,1997,6,25677,53844,-28167
635,1997,7,10112,34012,-23900
635,1997,8,81022,8112,72910
635,1997,9,35330,57112,-21782
635,1997,10,14287,44812,-30525
635,1997,11,84533,22512,62021
635,1997,12,238,54112,-53874
635,1998,1,38412,43212,-4800
635,1998,2,124481,74212,50269
635,1998,3,49255,37612,11643
635,1998,4,98203,107888,-9685
635,1998,5,46011,38512,7499
635,1998,6,52469,64712,-12243
635,1998,7,129725,166227,-36502
635,1998,8,17504,28512,-11008
635,1998,9,47318,53496,-6178
635,1998,10,108,8112,-8004
635,1998,11,75,8112,-8037
635,1998,12,41,8097,-8056
636,1997,4,1000,0,1000
636,1997,5,4584,0,4584
636,1997,6,4584,0,4584
636,1997,7,4584,0,4584
636,1997,8,4584,0,4584
636,1997,9,4647,3371,1276
636,1997,10,4661,10831,-6170
636,1997,11,4649,3071,1578
636,1997,12,4654,3921,733
636,1998,1,4654,8371,-3717
636,1998,2,4643,3071,1572
636,1998,3,4645,5551,-906
636,1998,4,4640,5711,-1071
636,1998,5,4640,4071,569
636,1998,6,4635,5791,-1156
636,1998,7,4639,3071,1568
636,1998,8,4645,3071,1574
636,1998,9,4647,4991,-344
636,1998,10,4649,3711,938
636,1998,11,4648,6071,-1423
636,1998,12,4644,4856,-212
637,1996,8,800,0,800
637,1996,9,12311,0,12311
637,1996,10,8964,0,8964
637,1996,11,2995,1100,1895
637,1996,12,2998,6400,-3402
637,1997,1,2989,5275,-2286
637,1997,2,2976,7149,-4173
637,1997,3,2961,4149,-1188
637,1997,4,2957,2849,108
637,1997,5,2957,3249,-292
637,1997,6,2956,3349,-393
637,1997,7,2952,5089,-2137
637,1997,8,4449,1949,2500
637,1997,9,2956,2749,207
637,1997,10,2956,3609,-653
637,1997,11,8564,2249,6315
637,1997,12,3678,4649,-971
637,1998,1,5171,5099,72
637,1998,2,2968,7749,-4781
637,1998,3,2958,2609,349
637,1998,4,2960,1949,1011
637,1998,5,2957,5849,-2892
637,1998,6,2949,3249,-300
637,1998,7,2950,1949,1001
637,1998,8,2952,3249,-297
637,1998,9,2953,1949,1004
637,1998,10,2957,1949,1008
637,1998,11,2962,1949,1013
637,1998,12,2965,2144,821
638,1995,6,1000,0,1000
638,1995,7,19725,0,19725
638,1995,8,17406,8700,8706
638,1995,9,17441,10400,7041
638,1995,10,17468,14900,2568
638,1995,11,17503,18075,-572
638,1995,12,26165,27123,-958
638,1996,1,17478,22383,-4905
638,1996,2,17467,16243,1224
638,1996,3,17473,15843,1630
638,1996,4,17477,17243,234
638,1996,5,17476,18943,-1467
638,1996,6,26108,31023,-4915
638,1996,7,17454,14643,2811
638,1996,8,17456,20743,-3287
638,1996,9,17447,15143,2304
638,1996,10,17453,18743,-1290
638,1996,11,17450,16343,1107
638,1996,12,26122,23243,2879
638,1997,1,17444,25603,-8159
638,1997,2,17424,20683,-3259
638,1997,3,17409,21743,-4334
638,1997,4,17400,16343,1057
638,1997,5,17403,16843,560
638,1997,6,26063,25763,300
638,1997,7,17399,20043,-2644
638,1997,8,17392,17243,149
638,1997,9,17384,21043,-3659
638,1997,10,17378,16443,935
638,1997,11,17377,18043,-666
638,1997,12,26043,23343,2700
638,1998,1,17382,18643,-1261
638,1998,2,17383,15743,1640
638,1998,3,17380,21043,-3663
638,1998,4,17395,8043,9352
638,1998,5,17391,25323,-7932
638,1998,6,26082,8043,18039
638,1998,7,17415,31843,-14428
638,1998,8,17417,8043,9374
638,1998,9,17454,9003,8451
638,1998,10,17446,22743,-5297
638,1998,11,17417,27123,-9706
638,1998,12,26085,21208,4877
639,1997,11,4888,0,4888
639,1997,12,4393,0,4393
639,1998,1,4393,0,4393
639,1998,2,4393,0,4393
639,1998,3,4426,7181,-2755
639,1998,4,4443,2061,2382
639,1998,5,4450,3581,869
639,1998,6,4455,4381,74
639,1998,7,4457,2061,2396
639,1998,8,4467,2061,2406
639,1998,9,4477,2061,2416
639,1998,10,4482,5241,-759
639,1998,11,4481,7361,-2880
639,1998,12,4471,2496,1975
640,1993,6,5453,0,5453
640,1993,7,4360,0,4360
640,1993,8,4360,0,4360
640,1993,9,4360,0,4360
640,1993,10,4395,2906,1489
640,1993,11,4420,5146,-726
640,1993,12,4407,7346,-2939
640,1994,1,4409,2906,1503
640,1994,2,4410,5546,-1136
640,1994,3,4410,2906,1504
640,1994,4,4416,2906,1510
640,1994,5,4423,2906,1517
640,1994,6,4429,2906,1523
640,1994,7,4432,4826,-394
640,1994,8,4434,2906,1528
640,1994,9,4440,2906,1534
640,1994,10,4445,4306,139
640,1994,11,4447,2906,1541
640,1994,12,4447,8536,-4089
640,1995,1,4435,5086,-651
640,1995,2,4433,2906,1527
640,1995,3,4440,3306,1134
640,1995,4,4445,2906,1539
640,1995,5,4450,4026,424
640,1995,6,4451,3906,545
640,1995,7,4445,7386,-2941
640,1995,8,4443,2906,1537
640,1995,9,4447,4266,181
640,1995,10,4441,6666,-2225
640,1995,11,4440,2906,1534
640,1995,12,4440,7056,-2616
640,1996,1,4434,4006,428
640,1996,2,4437,3206,1231
640,1996,3,4437,5226,-789
640,1996,4,4433,6006,-1573
640,1996,5,4433,2906,1527
640,1996,6,4439,2906,1533
640,1996,7,4444,3626,818
640,1996,8,4449,2906,1543
640,1996,9,4454,4186,268
640,1996,10,4456,2906,1550
640,1996,11,4460,5306,-846
640,1996,12,4456,5176,-720
640,1997,1,4456,2906,1550
640,1997,2,4458,5106,-648
640,1997,3,4448,8786,-4338
640,1997,4,4441,4026,415
640,1997,5,4443,3786,657
640,1997,6,4446,2906,1540
640,1997,7,4444,6306,-1862
640,1997,8,4444,2906,1538
640,1997,9,4451,2906,1545
640,1997,10,4457,2906,1551
640,1997,11,4463,2906,1557
640,1997,12,4468,4006,462
640,1998,1,4472,2906,1566
640,1998,2,4478,2906,1572
640,1998,3,4474,7206,-2732
640,1998,4,4474,3306,1168
640,1998,5,4475,5046,-571
640,1998,6,4475,2906,1569
640,1998,7,4473,6746,-2273
640,1998,8,4472,2906,1566
640,1998,9,4476,5546,-1070
640,1998,10,4474,2906,1568
640,1998,11,4481,2906,1575
640,1998,12,4485,4241,244
641,1997,6,800,0,800
641,1997,7,26414,0,26414
641,1997,8,24706,14100,10606
641,1997,9,24744,18300,6444
641,1997,10,24759,26100,-1341
641,1997,11,24769,27245,-2476
641,1997,12,37077,28985,8092
641,1998,1,24763,46445,-21682
641,1998,2,24719,14645,10074
641,1998,3,24761,18945,5816
641,1998,4,24776,25925,-1149
641,1998,5,24763,24725,38
641,1998,6,37074,29505,7569
641,1998,7,24794,24445,349
641,1998,8,24779,29465,-4686
641,1998,9,24781,20045,4736
641,1998,10,24785,26345,-1560
641,1998,11,24776,26245,-1469
641,1998,12,37065,37130,-65
643,1997,10,1100,0,1100
643,1997,11,14009,0,14009
643,1997,12,12924,0,12924
643,1998,1,7223,400,6823
643,1998,2,7244,10200,-2956
643,1998,3,7235,6855,380
643,1998,4,7238,3315,3923
643,1998,5,7254,9855,-2601
643,1998,6,10789,14195,-3406
643,1998,7,7230,4015,3215
643,1998,8,7237,10515,-3278
643,1998,9,7228,5515,1713
643,1998,10,7234,7975,-741
643,1998,11,7232,7415,-183
643,1998,12,10789,5760,5029
644,1997,11,3268,0,3268
644,1997,12,2972,0,2972
644,1998,1,2972,0,2972
644,1998,2,2972,0,2972
644,1998,3,3003,2001,1002
644,1998,4,3015,3457,-442
644,1998,5,3009,3487,-478
644,1998,6,3013,1987,1026
644,1998,7,3013,3457,-444
644,1998,8,3015,1987,1028
644,1998,9,3019,1987,1032
644,1998,10,3024,1987,1037
644,1998,11,3023,3427,-404
644,1998,12,3023,2782,241
645,1997,8,13101,0,13101
645,1997,9,9255,0,9255
645,1997,10,4355,0,4355
645,1997,11,655,0,655
645,1997,12,34016,12000,22016
645,1998,1,54440,13700,40740
645,1998,2,92651,107581,-14930
645,1998,3,83815,95375,-11560
645,1998,4,3941,37838,-33897
645,1998,5,77636,26381,51255
645,1998,6,109692,103281,6411
645,1998,7,41519,39981,1538
645,1998,8,36736,41081,-4345
645,1998,9,70210,70281,-71
645,1998,10,125775,126681,-906
645,1998,11,119806,141481,-21675
645,1998,12,48959,20366,28593
646,1996,1,9730,0,9730
646,1996,2,17792,0,17792
646,1996,3,9544,0,9544
646,1996,4,9465,6600,2865
646,1996,5,9481,5115,4366
646,1996,6,14137,13391,746
646,1996,7,9475,13491,-4016
646,1996,8,9462,12291,-2829
646,1996,9,9438,17291,-7853
646,1996,10,9427,9191,236
646,1996,11,9433,7491,1942
646,1996,12,14082,21191,-7109
646,1997,1,9403,15491,-6088
646,1997,2,9395,4891,4504
646,1997,3,9397,15391,-5994
646,1997,4,11395,9691,1704
646,1997,5,9997,4891,5106
646,1997,6,14066,15791,-1725
646,1997,7,9409,7991,1418
646,1997,8,9408,10991,-1583
646,1997,9,9408,8691,717
646,1997,10,9409,10191,-782
646,1997,11,9407,8791,616
646,1997,12,14073,8391,5682
646,1998,1,9402,20091,-10689
646,1998,2,9389,6391,2998
646,1998,3,9400,9091,309
646,1998,4,9404,6291,3113
646,1998,5,9415,8991,424
646,1998,6,14044,21191,-7147
646,1998,7,9380,8591,789
646,1998,8,9386,13191,-3805
646,1998,9,9372,8391,981
646,1998,10,10281,5991,4290
646,1998,11,9394,8191,1203
646,1998,12,14052,16076,-2024
647,1997,4,1100,0,1100
647,1997,5,16903,0,16903
647,1997,6,19873,6300,13573
647,1997,7,13326,11300,2026
647,1997,8,13337,8000,5337
647,1997,9,13368,12380,988
647,1997,10,13368,11680,1688
647,1997,11,13376,14880,-1504
647,1997,12,19977,21020,-1043
647,1998,1,13357,22260,-8903
647,1998,2,13334,8480,4854
647,1998,3,13351,11780,1571
647,1998,4,13351,17280,-3929
647,1998,5,13333,15880,-2547
647,1998,6,19939,16080,3859
647,1998,7,13341,14880,-1539
647,1998,8,13340,14300,-960
647,1998,9,13338,9080,4258
647,1998,10,13359,7080,6279
647,1998,11,13375,13100,275
647,1998,12,19976,21825,-1849
648,1993,11,1100,0,1100
648,1993,12,27231,0,27231
648,1994,1,17837,10500,7337
648,1994,2,17853,15100,2753
648,1994,3,17858,17200,658
648,1994,4,17846,22755,-4909
648,1994,5,17828,22455,-4627
648,1994,6,26675,25855,820
648,1994,7,17829,17355,474
648,1994,8,17827,22755,-4928
648,1994,9,19646,9255,10391
648,1994,10,17863,15155,2708
648,1994,11,17875,15755,2120
648,1994,12,26768,14055,12713
648,1995,1,17894,33855,-15961
648,1995,2,17881,11655,6226
648,1995,3,17888,16855,1033
648,1995,4,17909,12255,5654
648,1995,5,17915,17455,460
648,1995,6,26793,22155,4638
648,1995,7,17930,18955,-1025
648,1995,8,17930,24355,-6425
648,1995,9,17921,20655,-2734
648,1995,10,17920,15355,2565
648,1995,11,17918,15555,2363
648,1995,12,26797,23755,3042
648,1996,1,17924,28355,-10431
648,1996,2,17896,14555,3341
648,1996,3,17911,13255,4656
648,1996,4,17931,11355,6576
648,1996,5,17950,17155,795
648,1996,6,28416,39055,-10639
648,1996,7,17917,11355,6562
648,1996,8,17928,19255,-1327
648,1996,9,17931,17655,276
648,1996,10,17935,15155,2780
648,1996,11,17947,14655,3292
648,1996,12,26829,17355,9474
648,1997,1,17989,26755,-8766
648,1997,2,17960,15355,2605
648,1997,3,17971,16155,1816
648,1997,4,17984,11255,6729
648,1997,5,18008,14255,3753
648,1997,6,26886,35955,-9069
648,1997,7,18894,9255,9639
648,1997,8,18023,15055,2968
648,1997,9,18032,16055,1977
648,1997,10,18048,11755,6293
648,1997,11,18068,15155,2913
648,1997,12,32987,39455,-6468
648,1998,1,18044,28555,-10511
648,1998,2,23728,10555,13173
648,1998,3,19978,9255,10723
648,1998,4,19321,9255,10066
648,1998,5,23331,27655,-4324
648,1998,6,46399,60255,-13856
648,1998,7,26605,12055,14550
648,1998,8,25731,27055,-1324
648,1998,9,42587,44455,-1868
648,1998,10,42986,42855,131
648,1998,11,49973,63355,-13382
648,1998,12,35168,12940,22228
649,1994,5,58911,0,58911
649,1994,6,152553,150930,1623
649,1994,7,3425,41780,-38355
649,1994,8,2695,1530,1165
649,1994,9,68151,30855,37296
649,1994,10,17458,56975,-39517
649,1994,11,90133,66494,23639
649,1994,12,32386,40823,-8437
649,1995,1,28739,31130,-2391
649,1995,2,40488,14896,25592
649,1995,3,30940,33030,-2090
649,1995,4,9009,38607,-29598
649,1995,5,115,2330,-2215
649,1995,6,1463,18030,-16567
649,1995,7,10348,5130,5218
649,1995,8,29717,10130,19587
649,1995,9,55546,35486,20060
649,1995,10,38916,16830,22086
649,1995,11,16554,34705,-18151
649,1995,12,42766,55682,-12916
649,1996,1,40415,40330,85
649,1996,2,26436,22630,3806
649,1996,3,46415,11530,34885
649,1996,4,82166,94930,-12764
649,1996,5,292,23130,-22838
649,1996,6,9795,12030,-2235
649,1996,7,107984,54530,53454
649,1996,8,21009,36530,-15521
649,1996,9,22599,43130,-20531
649,1996,10,260,18530,-18270
649,1996,11,5424,8630,-3206
649,1996,12,27176,17130,10046
649,1997,1,51926,72730,-20804
649,1997,2,5221,30,5191
649,1997,3,26786,5830,20956
649,1997,4,75281,77604,-2323
649,1997,5,18418,41483,-23065
649,1997,6,19817,12030,7787
649,1997,7,59084,56993,2091
649,1997,8,46660,34030,12630
649,1997,9,61949,49730,12219
649,1997,10,84311,91730,-7419
649,1997,11,24848,22530,2318
649,1997,12,45116,37630,7486
649,1998,1,30675,58430,-27755
649,1998,2,32910,18330,14580
649,1998,3,7979,41456,-33477
649,1998,4,88202,25036,63166
649,1998,5,15188,38708,-23520
649,1998,6,10122,31114,-20992
649,1998,7,48915,30,48885
649,1998,8,19939,32430,-12491
649,1998,9,287,36563,-36276
649,1998,10,92677,58930,33747
649,1998,11,29947,36943,-6996
649,1998,12,246,15900,-15654
650,1995,1,1100,0,1100
650,1995,2,6914,0,6914
650,1995,3,6914,0,6914
650,1995,4,6914,0,6914
650,1995,5,6928,3400,3528
650,1995,6,7019,7815,-796
650,1995,7,7029,5472,1557
650,1995,8,7036,4912,2124
650,1995,9,7043,6412,631
650,1995,10,7041,11012,-3971
650,1995,11,7019,8372,-1353
650,1995,12,7022,4912,2110
650,1996,1,7025,10672,-3647
650,1996,2,7018,4792,2226
650,1996,3,7026,5512,1514
650,1996,4,7026,9392,-2366
650,1996,5,7014,6532,482
650,1996,6,7025,4512,2513
650,1996,7,7029,8692,-1663
650,1996,8,7019,8412,-1393
650,1996,9,7018,6412,606
650,1996,10,7015,8472,-1457
650,1996,11,7015,6212,803
650,1996,12,7013,8622,-1609
650,1997,1,6994,13302,-6308
650,1997,2,6991,2412,4579
650,1997,3,7004,3792,3212
650,1997,4,7018,5512,1506
650,1997,5,7021,7012,9
650,1997,6,7024,10012,-2988
650,1997,7,7018,3152,3866
650,1997,8,7030,4212,2818
650,1997,9,7039,5212,1827
650,1997,10,7041,8712,-1671
650,1997,11,7040,4612,2428
650,1997,12,7047,7112,-65
650,1998,1,7015,16502,-9487
650,1998,2,7017,1712,5305
650,1998,3,7030,5612,1418
650,1998,4,7027,7952,-925
650,1998,5,7022,9472,-2450
650,1998,6,7003,13062,-6059
650,1998,7,7005,2272,4733
650,1998,8,7026,3612,3414
650,1998,9,7032,4112,2920
650,1998,10,7042,5012,2030
650,1998,11,7036,9112,-2076
650,1998,12,7034,9307,-2273
651,1993,11,1100,0,1100
651,1993,12,30196,5200,24996
651,1994,1,20234,13100,7134
651,1994,2,20262,14000,6262
651,1994,3,20286,18100,2186
651,1994,4,20329,19167,1162
651,1994,5,20323,23129,-2806
651,1994,6,30395,27409,2986
651,1994,7,20326,23529,-3203
651,1994,8,20308,21129,-821
651,1994,9,20311,17329,2982
651,1994,10,20301,26589,-6288
651,1994,11,20290,18829,1461
651,1994,12,30371,21529,8842
651,1995,1,20309,27689,-7380
651,1995,2,20299,18249,2050
651,1995,3,20306,18889,1417
651,1995,4,20317,16529,3788
651,1995,5,20326,17749,2577
651,1995,6,30414,26929,3485
651,1995,7,20354,20029,325
651,1995,8,20344,27629,-7285
651,1995,9,20325,16829,3496
651,1995,10,20330,22029,-1699
651,1995,11,20328,18129,2199
651,1995,12,30403,26889,3514
651,1996,1,20344,29089,-8745
651,1996,2,20314,18029,2285
651,1996,3,20315,19549,766
651,1996,4,20319,19669,650
651,1996,5,20320,19789,531
651,1996,6,30392,28309,2083
651,1996,7,20329,21529,-1200
651,1996,8,20319,20649,-330
651,1996,9,20331,19029,1302
651,1996,10,20366,21129,-763
651,1996,11,20347,12629,7718
651,1996,12,30444,17309,13135
651,1997,1,20398,32349,-11951
651,1997,2,20355,20709,-354
651,1997,3,20374,13829,6545
651,1997,4,20374,27169,-6795
651,1997,5,20365,16029,4336
651,1997,6,31453,23689,7764
651,1997,7,20414,17929,2485
651,1997,8,20414,18529,1885
651,1997,9,20433,16629,3804
651,1997,10,20418,26569,-6151
651,1997,11,20413,19829,584
651,1997,12,30509,17749,12760
651,1998,1,20461,26489,-6028
651,1998,2,20444,19029,1415
651,1998,3,20454,18229,2225
651,1998,4,20471,15529,4942
651,1998,5,20469,21629,-1160
651,1998,6,30517,27209,3308
651,1998,7,20491,18729,1762
651,1998,8,20504,14729,5775
651,1998,9,20512,22669,-2157
651,1998,10,20531,12829,7702
651,1998,11,20550,16629,3921
651,1998,12,30466,92794,-62328
652,1993,1,14596,0,14596
652,1993,2,16862,0,16862
652,1993,3,14010,4800,9210
652,1993,4,14039,7800,6239
652,1993,5,14036,17906,-3870
652,1993,6,20968,17306,3662
652,1993,7,14018,21526,-7508
652,1993,8,14012,15406,-1394
652,1993,9,14014,12606,1408
652,1993,10,14007,20346,-6339
652,1993,11,13990,14486,-496
652,1993,12,20932,20946,-14
652,1994,1,13990,16566,-2576
652,1994,2,13992,7606,6386
652,1994,3,14007,18506,-4499
652,1994,4,13999,13606,393
652,1994,5,13998,17466,-3468
652,1994,6,23922,31326,-7404
652,1994,7,14957,7606,7351
652,1994,8,14375,12406,1969
652,1994,9,13991,14146,-155
652,1994,10,13993,10206,3787
652,1994,11,14006,13106,900
652,1994,12,20951,17346,3605
652,1995,1,14100,18166,-4066
652,1995,2,14005,12806,1199
652,1995,3,14014,11006,3008
652,1995,4,14018,13986,32
652,1995,5,14023,13766,257
652,1995,6,20948,25006,-4058
652,1995,7,14010,11406,2604
652,1995,8,14020,10906,3114
652,1995,9,16525,15166,1359
652,1995,10,14034,12126,1908
652,1995,11,14043,12706,1337
652,1995,12,20995,17446,3549
652,1996,1,17943,20286,-2343
652,1996,2,14057,10106,3951
652,1996,3,14070,12106,1964
652,1996,4,14078,12106,1972
652,1996,5,14081,15266,-1185
652,1996,6,25337,30646,-5309
652,1996,7,14061,10606,3455
652,1996,8,14068,13606,462
652,1996,9,14063,18246,-4183
652,1996,10,14054,12406,1648
652,1996,11,14064,11206,2858
652,1996,12,21005,18546,2459
652,1997,1,14774,15766,-992
652,1997,2,14066,16566,-2500
652,1997,3,14069,11806,2263
652,1997,4,14066,17726,-3660
652,1997,5,14061,12406,1655
652,1997,6,21992,23726,-1734
652,1997,7,14056,14466,-410
652,1997,8,14062,10606,3456
652,1997,9,14089,14206,-117
652,1997,10,14064,19806,-5742
652,1997,11,14045,13206,839
652,1997,12,20989,15486,5503
652,1998,1,14063,21606,-7543
652,1998,2,19574,7606,11968
652,1998,3,14082,15606,-1524
652,1998,4,14069,18726,-4657
652,1998,5,14049,22046,-7997
652,1998,6,24727,45206,-20479
652,1998,7,30112,7606,22506
652,1998,8,17968,7606,10362
652,1998,9,14087,11306,2781
652,1998,10,14088,15786,-1698
652,1998,11,14094,10406,3688
652,1998,12,21050,13231,7819
653,1997,8,500,0,500
653,1997,9,17805,0,17805
653,1997,10,15264,6700,8564
653,1997,11,15296,8700,6596
653,1997,12,22906,18200,4706
653,1998,1,15328,16615,-1287
653,1998,2,15326,17012,-1686
653,1998,3,15326,14812,514
653,1998,4,15332,12612,2720
653,1998,5,15341,13612,1729
653,1998,6,22947,16312,6635
653,1998,7,15370,15712,-342
653,1998,8,15348,21472,-6124
653,1998,9,15340,19692,-4352
653,1998,10,15330,12412,2918
653,1998,11,15324,18912,-3588
653,1998,12,22898,27597,-4699
654,1994,10,200,0,200
654,1994,11,6092,0,6092
654,1994,12,6092,0,6092
654,1995,1,6092,0,6092
654,1995,2,6146,1800,4346
654,1995,3,6195,2715,3480
654,1995,4,6206,5000,1206
654,1995,5,6208,6000,208
654,1995,6,6185,20500,-14315
654,1995,7,6157,2900,3257
654,1995,8,6171,2900,3271
654,1995,9,6184,3460,2724
654,1995,10,6195,2900,3295
654,1995,11,6209,2900,3309
654,1995,12,6214,7830,-1616
654,1996,1,6205,6420,-215
654,1996,2,6215,2900,3315
654,1996,3,6224,7560,-1336
654,1996,4,6223,2900,3323
654,1996,5,6228,5600,628
654,1996,6,6209,12750,-6541
654,1996,7,6213,2900,3313
654,1996,8,6211,8520,-2309
654,1996,9,6212,4100,2112
654,1996,10,6220,6740,-520
654,1996,11,6210,6380,-170
654,1996,12,6220,3750,2470
654,1997,1,6222,6000,222
654,1997,2,6231,5300,931
654,1997,3,6238,2900,3338
654,1997,4,6249,3300,2949
654,1997,5,6252,5820,432
654,1997,6,6235,20530,-14295
654,1997,7,6206,2900,3306
654,1997,8,6204,10420,-4216
654,1997,9,6202,2900,3302
654,1997,10,6216,2900,3316
654,1997,11,6228,3460,2768
654,1997,12,6237,4750,1487
654,1998,1,6247,2900,3347
654,1998,2,6260,3900,2360
654,1998,3,6268,9000,-2732
654,1998,4,6258,4500,1758
654,1998,5,6266,2900,3366
654,1998,6,6277,5700,577
654,1998,7,6281,5960,321
654,1998,8,6272,10820,-4548
654,1998,9,6259,5380,879
654,1998,10,6269,2900,3369
654,1998,11,6270,6340,-70
654,1998,12,6274,5765,509
655,1993,3,1000,0,1000
655,1993,4,23652,700,22952
655,1993,5,23738,12700,11038
655,1993,6,35599,23200,12399
655,1993,7,23819,25600,-1781
655,1993,8,23842,25650,-1808
655,1993,9,23845,25184,-1339
655,1993,10,23838,23284,554
655,1993,11,23838,28684,-4846
655,1993,12,35666,27384,8282
655,1994,1,23826,33484,-9658
655,1994,2,23817,20984,2833
655,1994,3,23825,24984,-1159
655,1994,4,23831,17684,6147
655,1994,5,23840,25184,-1344
655,1994,6,35651,36484,-833
655,1994,7,23834,24384,-550
655,1994,8,23832,22384,1448
655,1994,9,23833,23984,-151
655,1994,10,23842,18584,5258
655,1994,11,23850,23884,-34
655,1994,12,35687,31984,3703
655,1995,1,23830,34484,-10654
655,1995,2,23830,18384,5446
655,1995,3,23842,24084,-242
655,1995,4,23853,18484,5369
655,1995,5,23871,19884,3987
655,1995,6,35683,37084,-1401
655,1995,7,23915,24084,-169
655,1995,8,23852,29284,-5432
655,1995,9,23851,20284,3567
655,1995,10,23867,21184,2683
655,1995,11,23865,23584,281
655,1995,12,35684,35184,500
655,1996,1,23826,38284,-14458
655,1996,2,23816,19284,4532
655,1996,3,23825,27884,-4059
655,1996,4,23815,20184,3631
655,1996,5,23832,19584,4248
655,1996,6,35607,55984,-20377
655,1996,7,23788,12284,11504
655,1996,8,23847,8884,14963
655,1996,9,23893,13384,10509
655,1996,10,23917,18784,5133
655,1996,11,23913,25784,-1871
655,1996,12,35760,25884,9876
655,1997,1,23911,40984,-17073
655,1997,2,23886,24484,-598
655,1997,3,23893,20084,3809
655,1997,4,23900,22484,1416
655,1997,5,23912,20684,3228
655,1997,6,35703,46684,-10981
655,1997,7,23889,31684,-7795
655,1997,8,23901,19984,3917
655,1997,9,23902,25784,-1882
655,1997,10,23907,19384,4523
655,1997,11,23926,18584,5342
655,1997,12,35796,27584,8212
655,1998,1,23935,33884,-9949
655,1998,2,23937,22884,1053
655,1998,3,23938,26484,-2546
655,1998,4,23929,20484,3445
655,1998,5,23944,19084,4860
655,1998,6,35800,33284,2516
655,1998,7,23969,24184,-215
655,1998,8,23964,24584,-620
655,1998,9,23953,29484,-5531
655,1998,10,23935,24684,-749
655,1998,11,23923,24884,-961
655,1998,12,35766,39369,-3603
656,1996,8,500,0,500
656,1996,9,16216,0,16216
656,1996,10,13470,5100,8370
656,1996,11,13501,7400,6101
656,1996,12,20227,10400,9827
656,1997,1,13546,20515,-6969
656,1997,2,13526,13992,-466
656,1997,3,13530,11992,1538
656,1997,4,13542,9292,4250
656,1997,5,13549,14092,-543
656,1997,6,20247,20372,-125
656,1997,7,13548,12492,1056
656,1997,8,13558,9992,3566
656,1997,9,15883,6812,9071
656,1997,10,13614,8392,5222
656,1997,11,13615,17292,-3677
656,1997,12,20306,15072,5234
656,1998,1,13566,36112,-22546
656,1998,2,18650,10652,7998
656,1998,3,13577,9392,4185
656,1998,4,13584,12592,992
656,1998,5,13578,16052,-2474
656,1998,6,20266,17832,2434
656,1998,7,13570,17472,-3902
656,1998,8,13571,11592,1979
656,1998,9,13565,15692,-2127
656,1998,10,13579,8992,4587
656,1998,11,13572,17092,-3520
656,1998,12,20268,16577,3691
657,1993,8,4907,0,4907
657,1993,9,12749,0,12749
657,1993,10,8490,0,8490
657,1993,11,4505,3100,1405
657,1993,12,6717,2281,4436
657,1994,1,4482,21883,-17401
657,1994,2,11782,2943,8839
657,1994,3,5196,2943,2253
657,1994,4,4491,12363,-7872
657,1994,5,6076,2943,3133
657,1994,6,7581,8223,-642
657,1994,7,6388,2943,3445
657,1994,8,5695,4263,1432
657,1994,9,4497,4243,254
657,1994,10,4490,11363,-6873
657,1994,11,9390,2943,6447
657,1994,12,6692,9183,-2491
657,1995,1,9462,13983,-4521
657,1995,2,4461,5703,-1242
657,1995,3,13287,2943,10344
657,1995,4,7601,9783,-2182
657,1995,5,4801,2943,1858
657,1995,6,12792,14143,-1351
657,1995,7,8505,2943,5562
657,1995,8,5827,2943,2884
657,1995,9,5139,2943,2196
657,1995,10,4546,4943,-397
657,1995,11,4543,6943,-2400
657,1995,12,8327,10223,-1896
657,1996,1,8218,12783,-4565
657,1996,2,5007,4023,984
657,1996,3,6014,2943,3071
657,1996,4,8529,2943,5586
657,1996,5,4545,5483,-938
657,1996,6,9748,4383,5365
657,1996,7,4565,4743,-178
657,1996,8,5167,2943,2224
657,1996,9,6958,12783,-5825
657,1996,10,6754,2943,3811
657,1996,11,4561,5243,-682
657,1996,12,6757,11083,-4326
657,1997,1,9530,12663,-3133
657,1997,2,10042,2943,7099
657,1997,3,4859,5103,-244
657,1997,4,7065,2943,4122
657,1997,5,10279,5823,4456
657,1997,6,11561,19903,-8342
657,1997,7,7367,2943,4424
657,1997,8,7379,6663,716
657,1997,9,4580,6723,-2143
657,1997,10,4574,2943,1631
657,1997,11,4581,3043,1538
657,1997,12,9486,10183,-697
657,1998,1,4554,17363,-12809
657,1998,2,7237,2943,4294
657,1998,3,4548,3043,1505
657,1998,4,6453,7023,-570
657,1998,5,10363,9063,1300
657,1998,6,14981,2943,12038
657,1998,7,6208,4143,2065
657,1998,8,8326,2943,5383
657,1998,9,4632,6323,-1691
657,1998,10,5032,2943,2089
657,1998,11,8551,2943,5608
657,1998,12,8641,10888,-2247
658,1996,1,5269,0,5269
658,1996,2,4677,0,4677
658,1996,3,4677,0,4677
658,1996,4,4677,0,4677
658,1996,5,4679,15,4664
658,1996,6,4750,7598,-2848
658,1996,7,4729,8878,-4149
658,1996,8,4724,3918,806
658,1996,9,4734,2718,2016
658,1996,10,4743,2718,2025
658,1996,11,4751,2718,2033
658,1996,12,4759,3018,1741
658,1997,1,4742,12598,-7856
658,1997,2,4734,2718,2016
658,1997,3,4720,9918,-5198
658,1997,4,4721,2718,2003
658,1997,5,4729,2718,2011
658,1997,6,4737,3198,1539
658,1997,7,4744,2718,2026
658,1997,8,4746,5278,-532
658,1997,9,4750,2718,2032
658,1997,10,4759,2718,2041
658,1997,11,4767,2718,2049
658,1997,12,4775,3768,1007
658,1998,1,4758,13818,-9060
658,1998,2,4738,9998,-5260
658,1998,3,4720,2718,2002
658,1998,4,4728,2718,2010
658,1998,5,4737,2718,2019
658,1998,6,4744,3198,1546
658,1998,7,4751,2718,2033
658,1998,8,4756,4238,518
658,1998,9,4762,2718,2044
658,1998,10,4770,2718,2052
658,1998,11,4775,5838,-1063
658,1998,12,4769,3553,1216
659,1996,12,900,0,900
659,1997,1,15345,0,15345
659,1997,2,5988,0,5988
659,1997,3,3007,1500,1507
659,1997,4,3017,700,2317
659,1997,5,3019,3415,-396
659,1997,6,9117,8105,1012
659,1997,7,8940,1955,6985
659,1997,8,7265,1955,5310
659,1997,9,3371,3455,-84
659,1997,10,5281,1955,3326
659,1997,11,3080,4995,-1915
659,1997,12,3077,4685,-1608
659,1998,1,3065,5935,-2870
659,1998,2,3062,1955,1107
659,1998,3,3049,7455,-4406
659,1998,4,4151,1955,2196
659,1998,5,3258,1955,1303
659,1998,6,3043,8025,-4982
659,1998,7,3030,5205,-2175
659,1998,8,3030,2755,275
659,1998,9,4337,1955,2382
659,1998,10,3039,3355,-316
659,1998,11,3034,4355,-1321
659,1998,12,3013,10570,-7557
660,1996,1,1100,0,1100
660,1996,2,21629,0,21629
660,1996,3,16401,8000,8401
660,1996,4,16432,10700,5732
660,1996,5,16453,12200,4253
660,1996,6,24623,28809,-4186
660,1996,7,16452,18387,-1935
660,1996,8,16440,22607,-6167
660,1996,9,16422,15487,935
660,1996,10,16425,15487,938
660,1996,11,16427,15787,640
660,1996,12,24579,26407,-1828
660,1997,1,16682,32227,-15545
660,1997,2,16372,8787,7585
660,1997,3,16397,12687,3710
660,1997,4,16408,13887,2521
660,1997,5,16407,20207,-3800
660,1997,6,24575,20587,3988
660,1997,7,16425,11287,5138
660,1997,8,16441,13187,3254
660,1997,9,16471,9387,7084
660,1997,10,16503,15387,1116
660,1997,11,18490,14867,3623
660,1997,12,24667,20327,4340
660,1998,1,16458,38187,-21729
660,1998,2,17349,6587,10762
660,1998,3,19394,10187,9207
660,1998,4,16506,15347,1159
660,1998,5,16519,11987,4532
660,1998,6,24646,55967,-31321
660,1998,7,24446,8267,16179
660,1998,8,22408,6587,15821
660,1998,9,16543,11147,5396
660,1998,10,16569,13047,3522
660,1998,11,16571,15987,584
660,1998,12,24755,12072,12683
662,1994,7,200,0,200
662,1994,8,14244,0,14244
662,1994,9,8192,0,8192
662,1994,10,5114,2800,2314
662,1994,11,5120,4300,820
662,1994,12,7635,6125,1510
662,1995,1,6037,3345,2692
662,1995,2,5135,7545,-2410
662,1995,3,5130,5645,-515
662,1995,4,5131,4545,586
662,1995,5,5129,11205,-6076
662,1995,6,8528,3345,5183
662,1995,7,10426,8985,1441
662,1995,8,5840,3345,2495
662,1995,9,5349,3345,2004
662,1995,10,5147,11925,-6778
662,1995,11,5123,5245,-122
662,1995,12,7634,6845,789
662,1996,1,6034,3345,2689
662,1996,2,5132,6745,-1613
662,1996,3,5128,5745,-617
662,1996,4,5132,3545,1587
662,1996,5,5137,5005,132
662,1996,6,7644,10045,-2401
662,1996,7,5130,7045,-1915
662,1996,8,5104,9505,-4401
662,1996,9,5091,7445,-2354
662,1996,10,5085,6245,-1160
662,1996,11,5680,7545,-1865
662,1996,12,7597,5005,2592
662,1997,1,5088,4845,243
662,1997,2,5084,6825,-1741
662,1997,3,5085,3845,1240
662,1997,4,5085,5245,-160
662,1997,5,5082,5845,-763
662,1997,6,7589,7445,144
662,1997,7,5087,3345,1742
662,1997,8,5094,3345,1749
662,1997,9,5100,7065,-1965
662,1997,10,5093,3345,1748
662,1997,11,5101,3345,1756
662,1997,12,7620,4305,3315
662,1998,1,5122,3345,1777
662,1998,2,5124,5625,-501
662,1998,3,5109,8745,-3636
662,1998,4,5112,3345,1767
662,1998,5,5119,3345,1774
662,1998,6,7603,18065,-10462
662,1998,7,5083,3345,1738
662,1998,8,5090,3345,1745
662,1998,9,5097,3345,1752
662,1998,10,5089,7905,-2816
662,1998,11,5092,3345,1747
662,1998,12,7605,8970,-1365
664,1996,12,200,0,200
664,1997,1,6559,0,6559
664,1997,2,6559,0,6559
664,1997,3,6559,0,6559
664,1997,4,6559,0,6559
664,1997,5,6655,5212,1443
664,1997,6,6665,10012,-3347
664,1997,7,6661,8212,-1551
664,1997,8,6665,3012,3653
664,1997,9,6671,6692,-21
664,1997,10,6677,4872,1805
664,1997,11,6687,4112,2575
664,1997,12,6687,7712,-1025
664,1998,1,6651,21202,-14551
664,1998,2,6628,5812,816
664,1998,3,6634,4852,1782
664,1998,4,6644,3012,3632
664,1998,5,6648,7972,-1324
664,1998,6,6634,11842,-5208
664,1998,7,6634,5012,1622
664,1998,8,6638,4612,2026
664,1998,9,6646,6132,514
664,1998,10,6648,7112,-464
664,1998,11,6646,6312,334
664,1998,12,6648,3247,3401
665,1995,9,9976,0,9976
665,1995,10,17141,0,17141
665,1995,11,8984,500,8484
665,1995,12,13446,3300,10146
665,1996,1,8999,23864,-14865
665,1996,2,8984,4164,4820
665,1996,3,8987,13464,-4477
665,1996,4,11386,6364,5022
665,1996,5,9006,5664,3342
665,1996,6,14813,20264,-5451
665,1996,7,8997,5764,3233
665,1996,8,12803,8564,4239
665,1996,9,9027,6764,2263
665,1996,10,9032,9164,-132
665,1996,11,9036,5464,3572
665,1996,12,13480,11764,1716
665,1997,1,11437,21864,-10427
665,1997,2,9616,4164,5452
665,1997,3,9038,4964,4074
665,1997,4,9050,10464,-1414
665,1997,5,9046,8564,482
665,1997,6,22537,33564,-11027
665,1997,7,14111,4164,9947
665,1997,8,13755,5664,8091
665,1997,9,12885,4164,8721
665,1997,10,9117,4464,4653
665,1997,11,9127,10264,-1137
665,1997,12,13552,13864,-312
665,1998,1,10809,22664,-11855
665,1998,2,15790,4164,11626
665,1998,3,9129,4364,4765
665,1998,4,9647,7564,2083
665,1998,5,9458,4164,5294
665,1998,6,13595,18364,-4769
665,1998,7,11363,4164,7199
665,1998,8,14692,7764,6928
665,1998,9,9216,5164,4052
665,1998,10,9213,14964,-5751
665,1998,11,9206,6164,3042
665,1998,12,13639,15649,-2010
666,1996,3,200,0,200
666,1996,4,20407,0,20407
666,1996,5,14769,4300,10469
666,1996,6,22146,10100,12046
666,1996,7,14834,15900,-1066
666,1996,8,14840,12915,1925
666,1996,9,14823,19648,-4825
666,1996,10,14819,15388,-569
666,1996,11,14815,15708,-893
666,1996,12,22164,16408,5756
666,1997,1,26409,33728,-7319
666,1997,2,16831,7988,8843
666,1997,3,14839,18088,-3249
666,1997,4,17660,7188,10472
666,1997,5,14884,11488,3396
666,1997,6,28112,28548,-436
666,1997,7,14888,13788,1100
666,1997,8,14882,16628,-1746
666,1997,9,14867,20088,-5221
666,1997,10,14871,11288,3583
666,1997,11,14876,14388,488
666,1997,12,22231,12933,9298
666,1998,1,14880,38553,-23673
666,1998,2,17230,14113,3117
666,1998,3,19361,12933,6428
666,1998,4,14859,13333,1526
666,1998,5,14874,10633,4241
666,1998,6,23218,32273,-9055
666,1998,7,19478,8233,11245
666,1998,8,16013,8233,7780
666,1998,9,15743,8233,7510
666,1998,10,14951,22153,-7202
666,1998,11,14942,8533,6409
666,1998,12,22314,12173,10141
669,1996,6,3630,0,3630
669,1996,7,2936,0,2936
669,1996,8,2936,0,2936
669,1996,9,2936,0,2936
669,1996,10,2966,1962,1004
669,1996,11,2980,1962,1018
669,1996,12,2983,2472,511
669,1997,1,2979,5622,-2643
669,1997,2,2975,1962,1013
669,1997,3,2984,1962,1022
669,1997,4,2983,1962,1021
669,1997,5,2991,2262,729
669,1997,6,2989,4212,-1223
669,1997,7,2984,2892,92
669,1997,8,2985,2952,33
669,1997,9,2986,1962,1024
669,1997,10,2990,1962,1028
669,1997,11,2994,3312,-318
669,1997,12,2990,3402,-412
669,1998,1,2980,6162,-3182
669,1998,2,2978,2982,-4
669,1998,3,2983,1962,1021
669,1998,4,2982,1962,1020
669,1998,5,2987,1962,1025
669,1998,6,2986,4062,-1076
669,1998,7,2991,1962,1029
669,1998,8,2991,1962,1029
669,1998,9,3000,2502,498
669,1998,10,2997,1962,1035
669,1998,11,3001,2712,289
669,1998,12,3001,2727,274
671,1997,10,300,0,300
671,1997,11,1500,0,1500
671,1997,12,8706,0,8706
671,1998,1,5447,0,5447
671,1998,2,4168,0,4168
671,1998,3,1582,4715,-3133
671,1998,4,1570,2315,-745
671,1998,5,1569,1765,-196
671,1998,6,1567,3365,-1798
671,1998,7,1557,4615,-3058
671,1998,8,54127,24515,29612
671,1998,9,1654,18115,-16461
671,1998,10,1595,7615,-6020
671,1998,11,1570,7015,-5445
671,1998,12,1554,2200,-646
672,1997,6,400,0,400
672,1997,7,15900,0,15900
672,1997,8,6300,0,6300
672,1997,9,4400,0,4400
672,1997,10,2900,0,2900
672,1997,11,0,1800,-1800
672,1997,12,0,2200,-2200
672,1998,1,0,3300,-3300
672,1998,2,300,0,300
672,1998,3,2000,0,2000
672,1998,4,3900,0,3900
672,1998,5,5700,0,5700
672,1998,6,1200,0,1200
672,1998,7,800,0,800
672,1998,8,0,700,-700
672,1998,9,0,2500,-2500
672,1998,10,1100,0,1100
672,1998,11,2600,0,2600
673,1997,12,23406,0,23406
673,1998,1,17407,0,17407
673,1998,2,15142,9800,5342
673,1998,3,15161,11200,3961
673,1998,4,15179,10815,4364
673,1998,5,15172,17901,-2729
673,1998,6,26209,35481,-9272
673,1998,7,15141,12001,3140
673,1998,8,15132,19101,-3969
673,1998,9,15093,22621,-7528
673,1998,10,15105,12101,3004
673,1998,11,15122,10701,4421
673,1998,12,22603,24106,-1503
674,1995,9,4987,0,4987
674,1995,10,4696,0,4696
674,1995,11,4696,0,4696
674,1995,12,4696,0,4696
674,1996,1,4737,3993,744
674,1996,2,4764,2073,2691
674,1996,3,4776,2073,2703
674,1996,4,4786,3773,1013
674,1996,5,4790,5273,-483
674,1996,6,4782,12783,-8001
674,1996,7,4761,2073,2688
674,1996,8,4767,2073,2694
674,1996,9,4776,4873,-97
674,1996,10,4783,2073,2710
674,1996,11,4786,4313,473
674,1996,12,4791,2623,2168
674,1997,1,4784,9513,-4729
674,1997,2,4784,2073,2711
674,1997,3,4785,5993,-1208
674,1997,4,4791,2073,2718
674,1997,5,4803,2073,2730
674,1997,6,4810,10073,-5263
674,1997,7,4792,2073,2719
674,1997,8,4799,3273,1526
674,1997,9,4802,6113,-1311
674,1997,10,4796,5773,-977
674,1997,11,4790,5533,-743
674,1997,12,4796,2923,1873
674,1998,1,4777,12433,-7656
674,1998,2,4766,4253,513
674,1998,3,4767,5273,-506
674,1998,4,4760,7473,-2713
674,1998,5,4753,3673,1080
674,1998,6,4749,8373,-3624
674,1998,7,4741,4273,468
674,1998,8,4748,2273,2475
674,1998,9,4752,4673,79
674,1998,10,4752,4753,-1
674,1998,11,4752,5173,-421
674,1998,12,4752,5868,-1116
675,1995,8,10463,0,10463
675,1995,9,16019,0,16019
675,1995,10,9772,0,9772
675,1995,11,9695,7100,2595
675,1995,12,14479,16815,-2336
675,1996,1,17926,32633,-14707
675,1996,2,14227,7973,6254
675,1996,3,11258,7673,3585
675,1996,4,9673,7973,1700
675,1996,5,9679,11573,-1894
675,1996,6,14433,12493,1940
675,1996,7,11683,7673,4010
675,1996,8,9697,10873,-1176
675,1996,9,10867,14153,-3286
675,1996,10,13863,11893,1970
675,1996,11,12190,7973,4217
675,1996,12,14463,16973,-2510
675,1997,1,16258,24213,-7955
675,1997,2,15960,7973,7987
675,1997,3,10788,12673,-1885
675,1997,4,11074,12877,-1803
675,1997,5,11578,8077,3501
675,1997,6,14469,9977,4492
675,1997,7,11205,9997,1208
675,1997,8,12418,8077,4341
675,1997,9,9730,9577,153
675,1997,10,9718,12837,-3119
675,1997,11,12123,8077,4046
675,1997,12,14504,13457,1047
675,1998,1,18894,38597,-19703
675,1998,2,21077,8077,13000
675,1998,3,20430,8077,12353
675,1998,4,13470,8077,5393
675,1998,5,9782,10577,-795
675,1998,6,14553,13577,976
675,1998,7,9779,12177,-2398
675,1998,8,9769,11777,-2008
675,1998,9,9762,10877,-1115
675,1998,10,11668,8077,3591
675,1998,11,13486,8077,5409
675,1998,12,14575,10962,3613
676,1995,9,500,0,500
676,1995,10,14409,0,14409
676,1995,11,5559,0,5559
676,1995,12,7230,0,7230
676,1996,1,4807,2800,2007
676,1996,2,5418,3032,2386
676,1996,3,4813,13912,-9099
676,1996,4,5685,5432,253
676,1996,5,10300,3032,7268
676,1996,6,7163,7332,-169
676,1996,7,4816,5232,-416
676,1996,8,4812,5832,-1020
676,1996,9,4806,6832,-2026
676,1996,10,4789,13132,-8343
676,1996,11,7977,3032,4945
676,1996,12,7133,11552,-4419
676,1997,1,7456,13592,-6136
676,1997,2,10367,3032,7335
676,1997,3,5967,8072,-2105
676,1997,4,10081,3032,7049
676,1997,5,4794,4632,162
676,1997,6,7140,10652,-3512
676,1997,7,4784,3132,1652
676,1997,8,4791,3032,1759
676,1997,9,4797,3732,1065
676,1997,10,6600,6272,328
676,1997,11,5005,7712,-2707
676,1997,12,7146,6372,774
676,1998,1,4775,15632,-10857
676,1998,2,13774,3032,10742
676,1998,3,11213,3032,8181
676,1998,4,7231,7712,-481
676,1998,5,9340,3032,6308
676,1998,6,13923,3032,10891
676,1998,7,4899,3032,1867
676,1998,8,6600,7952,-1352
676,1998,9,4895,5432,-537
676,1998,10,4884,9012,-4128
676,1998,11,4867,8232,-3365
676,1998,12,7209,6737,472
677,1997,9,400,0,400
677,1997,10,23355,0,23355
677,1997,11,22121,11500,10621
677,1997,12,33160,23300,9860
677,1998,1,22170,24800,-2630
677,1998,2,22173,19915,2258
677,1998,3,22185,19215,2970
677,1998,4,22188,22315,-127
677,1998,5,22183,23915,-1732
677,1998,6,33166,51015,-17849
677,1998,7,22124,16315,5809
677,1998,8,22138,19815,2323
677,1998,9,22208,24615,-2407
677,1998,10,22198,25015,-2817
677,1998,11,22130,18415,3715
677,1998,12,33180,20000,13180
678,1993,10,700,0,700
678,1993,11,14959,0,14959
678,1993,12,11535,3100,8435
678,1994,1,7758,100,7658
678,1994,2,7778,3400,4378
678,1994,3,7760,19003,-11243
678,1994,4,7745,7403,342
678,1994,5,7750,7203,547
678,1994,6,11975,8903,3072
678,1994,7,7763,10303,-2540
678,1994,8,7760,5803,1957
678,1994,9,7749,9303,-1554
678,1994,10,7744,8603,-859
678,1994,11,8053,5103,2950
678,1994,12,11589,9103,2486
678,1995,1,7727,21403,-13676
678,1995,2,7715,7903,-188
678,1995,3,7712,6703,1009
678,1995,4,8009,9603,-1594
678,1995,5,9718,5103,4615
678,1995,6,11542,16603,-5061
678,1995,7,7710,9003,-1293
678,1995,8,7694,10103,-2409
678,1995,9,7697,6803,894
678,1995,10,7903,5103,2800
678,1995,11,7705,7803,-98
678,1995,12,11540,9103,2437
678,1996,1,7700,15103,-7403
678,1996,2,7688,5303,2385
678,1996,3,7703,5103,2600
678,1996,4,7710,5103,2607
678,1996,5,7712,9803,-2091
678,1996,6,11529,9803,1726
678,1996,7,7713,9603,-1890
678,1996,8,7704,7103,601
678,1996,9,7711,6803,908
678,1996,10,7713,8503,-790
678,1996,11,7706,9603,-1897
678,1996,12,11520,10303,1217
678,1997,1,7703,11503,-3800
678,1997,2,7688,7003,685
678,1997,3,7693,8003,-310
678,1997,4,7692,5103,2589
678,1997,5,7712,5103,2609
678,1997,6,11522,15203,-3681
678,1997,7,7691,10603,-2912
678,1997,8,7689,5103,2586
678,1997,9,7701,5103,2598
678,1997,10,7704,9303,-1599
678,1997,11,7692,10103,-2411
678,1997,12,11511,9703,1808
678,1998,1,7690,9203,-1513
678,1998,2,7686,8403,-717
678,1998,3,7689,5103,2586
678,1998,4,7693,7803,-110
678,1998,5,7690,9503,-1813
678,1998,6,12417,6903,5514
678,1998,7,7708,8103,-395
678,1998,8,7713,6803,910
678,1998,9,7702,14203,-6501
678,1998,10,7676,10203,-2527
678,1998,11,7672,9203,-1531
678,1998,12,11498,7788,3710
679,1997,7,800,0,800
679,1997,8,19786,0,19786
679,1997,9,16639,7800,8839
679,1997,10,16665,11700,4965
679,1997,11,16689,10700,5989
679,1997,12,24970,22795,2175
679,1998,1,16664,37595,-20931
679,1998,2,21872,4795,17077
679,1998,3,16683,21095,-4412
679,1998,4,16685,13095,3590
679,1998,5,16702,12395,4307
679,1998,6,24950,33895,-8945
679,1998,7,16705,5095,11610
679,1998,8,16747,7195,9552
679,1998,9,16760,15795,965
679,1998,10,16744,25195,-8451
679,1998,11,16743,14495,2248
679,1998,12,25036,13880,11156
680,1997,7,300,0,300
680,1997,8,21176,0,21176
680,1997,9,14441,5500,8941
680,1997,10,14480,4800,9680
680,1997,11,14513,8500,6013
680,1997,12,21701,21348,353
680,1998,1,14519,19588,-5069
680,1998,2,14523,8868,5655
680,1998,3,14537,13768,769
680,1998,4,14526,21668,-7142
680,1998,5,14501,16868,-2367
680,1998,6,26123,36388,-10265
680,1998,7,14466,9668,4798
680,1998,8,14467,16268,-1801
680,1998,9,14456,17168,-2712
680,1998,10,14444,17368,-2924
680,1998,11,14445,16668,-2223
680,1998,12,21631,12533,9098
682,1997,6,3831,0,3831
682,1997,7,3037,0,3037
682,1997,8,3037,0,3037
682,1997,9,3037,0,3037
682,1997,10,3039,15,3024
682,1997,11,3089,2029,1060
682,1997,12,3088,4899,-1811
682,1998,1,3076,6089,-3013
682,1998,2,3073,2029,1044
682,1998,3,3078,2029,1049
682,1998,4,3078,3429,-351
682,1998,5,3081,2029,1052
682,1998,6,3085,2029,1056
682,1998,7,3090,2029,1061
682,1998,8,3094,2029,1065
682,1998,9,3098,2029,1069
682,1998,10,3101,3109,-8
682,1998,11,3103,2029,1074
682,1998,12,3107,2494,613
683,1996,7,700,0,700
683,1996,8,23599,0,23599
683,1996,9,23381,12100,11281
683,1996,10,23423,15700,7723
683,1996,11,23451,18400,5051
683,1996,12,35114,37893,-2779
683,1997,1,23427,38273,-14846
683,1997,2,23410,19093,4317
683,1997,3,23436,20393,3043
683,1997,4,23440,23693,-253
683,1997,5,23436,21393,2043
683,1997,6,35085,40053,-4968
683,1997,7,23425,19893,3532
683,1997,8,23425,28093,-4668
683,1997,9,23405,25693,-2288
683,1997,10,23400,23393,7
683,1997,11,23409,19793,3616
683,1997,12,35046,37773,-2727
683,1998,1,23371,39193,-15822
683,1998,2,23367,20893,2474
683,1998,3,23344,26193,-2849
683,1998,4,23330,24893,-1563
683,1998,5,23323,24193,-870
683,1998,6,34993,27693,7300
683,1998,7,23387,29693,-6306
683,1998,8,23386,8593,14793
683,1998,9,23425,8593,14832
683,1998,10,23403,37013,-13610
683,1998,11,23430,8593,14837
683,1998,12,35084,36578,-1494
684,1996,5,200,0,200
684,1996,6,2904,0,2904
684,1996,7,2904,0,2904
684,1996,8,2904,0,2904
684,1996,9,2937,1100,1837
684,1996,10,2952,2551,401
684,1996,11,2961,1951,1010
684,1996,12,2958,2281,677
684,1997,1,2952,4891,-1939
684,1997,2,2953,1951,1002
684,1997,3,2964,2341,623
684,1997,4,2956,3051,-95
684,1997,5,2959,2101,858
684,1997,6,2967,3421,-454
684,1997,7,2961,1951,1010
684,1997,8,2972,2351,621
684,1997,9,2958,4751,-1793
684,1997,10,2961,2401,560
684,1997,11,2969,1951,1018
684,1997,12,2961,4221,-1260
684,1998,1,2961,4051,-1090
684,1998,2,2964,1951,1013
684,1998,3,2958,2951,7
684,1998,4,2958,3031,-73
684,1998,5,2960,2341,619
684,1998,6,2963,1951,1012
684,1998,7,2964,3391,-427
684,1998,8,2973,1951,1022
684,1998,9,2968,2851,117
684,1998,10,2969,2461,508
684,1998,11,2971,2851,120
684,1998,12,2976,2476,500
685,1995,1,200,0,200
685,1995,2,12400,0,12400
685,1995,3,5600,0,5600
685,1995,4,4700,0,4700
685,1995,5,5000,0,5000
685,1995,6,0,800,-800
685,1995,7,0,1600,-1600
685,1995,8,0,500,-500
685,1995,9,41666,0,41666
685,1995,10,274,28400,-28126
685,1995,11,161,1500,-1339
685,1995,12,161,2900,-2739
685,1996,1,161,700,-539
685,1996,2,12681,8700,3981
685,1996,3,54509,31200,23309
685,1996,4,22400,23730,-1330
685,1996,5,16316,22709,-6393
685,1996,6,221,11430,-11209
685,1996,7,48246,27830,20416
685,1996,8,34608,57728,-23120
685,1996,9,4551,23061,-18510
685,1996,10,11388,10997,391
685,1996,11,6790,30,6760
685,1996,12,5216,9930,-4714
685,1997,1,84847,53030,31817
685,1997,2,66853,27430,39423
685,1997,3,60954,64512,-3558
685,1997,4,118017,128670,-10653
685,1997,5,116894,143030,-26136
685,1997,6,155,32049,-31894
685,1997,7,99427,36990,62437
685,1997,8,43496,32107,11389
685,1997,9,7406,68810,-61404
685,1997,10,58256,33230,25026
685,1997,11,45286,32249,13037
685,1997,12,57939,86453,-28514
685,1998,1,523,20130,-19607
685,1998,2,74456,16230,58226
685,1998,3,77161,78178,-1017
685,1998,4,18430,37430,-19000
685,1998,5,53963,38230,15733
685,1998,6,35119,39530,-4411
685,1998,7,65774,63030,2744
685,1998,8,317,25430,-25113
685,1998,9,6738,25330,-18592
685,1998,10,7619,7042,577
685,1998,11,14381,6130,8251
685,1998,12,45905,6600,39305
686,1993,4,11670,0,11670
686,1993,5,17638,0,17638
686,1993,6,15970,800,15170
686,1993,7,10723,9100,1623
686,1993,8,10709,20553,-9844
686,1993,9,10682,16245,-5563
686,1993,10,10670,10705,-35
686,1993,11,10677,9885,792
686,1993,12,15961,12845,3116
686,1994,1,17559,32805,-15246
686,1994,2,12431,6085,6346
686,1994,3,10651,11485,-834
686,1994,4,11451,11485,-34
686,1994,5,10652,9285,1367
686,1994,6,15925,15305,620
686,1994,7,10660,9765,895
686,1994,8,10662,11085,-423
686,1994,9,10660,10885,-225
686,1994,10,10647,12905,-2258
686,1994,11,10652,7285,3367
686,1994,12,15938,14805,1133
686,1995,1,10642,24045,-13403
686,1995,2,12609,9445,3164
686,1995,3,10622,11625,-1003
686,1995,4,10623,7585,3038
686,1995,5,10632,10785,-153
686,1995,6,15916,9785,6131
686,1995,7,10653,11325,-672
686,1995,8,10651,11985,-1334
686,1995,9,10647,10985,-338
686,1995,10,10643,12385,-1742
686,1995,11,10633,14965,-4332
686,1995,12,15894,11685,4209
686,1996,1,10913,18805,-7892
686,1996,2,10912,6085,4827
686,1996,3,10622,15165,-4543
686,1996,4,10608,8285,2323
686,1996,5,10614,10585,29
686,1996,6,15897,10485,5412
686,1996,7,10638,9185,1453
686,1996,8,10637,15465,-4828
686,1996,9,10626,7885,2741
686,1996,10,10631,10785,-154
686,1996,11,10627,11785,-1158
686,1996,12,15901,13825,2076
686,1997,1,10610,18225,-7615
686,1997,2,10594,13485,-2891
686,1997,3,10601,6085,4516
686,1997,4,10591,17585,-6994
686,1997,5,10590,6085,4505
686,1997,6,15861,18085,-2224
686,1997,7,10600,6085,4515
686,1997,8,10595,14485,-3890
686,1997,9,10579,13885,-3306
686,1997,10,10989,6085,4904
686,1997,11,10587,13085,-2498
686,1997,12,15862,12685,3177
686,1998,1,10592,12705,-2113
686,1998,2,10602,6085,4517
686,1998,3,10603,11985,-1382
686,1998,4,10585,15485,-4900
686,1998,5,10580,10585,-5
686,1998,6,15878,6085,9793
686,1998,7,10625,14285,-3660
686,1998,8,10625,6085,4540
686,1998,9,10613,12885,-2272
686,1998,10,10607,12285,-1678
686,1998,11,10612,8885,1727
686,1998,12,15900,10510,5390
687,1996,6,20094,0,20094
687,1996,7,16554,0,16554
687,1996,8,12796,16700,-3904
687,1996,9,12767,13000,-233
687,1996,10,12787,13295,-508
687,1996,11,12777,17857,-5080
687,1996,12,19078,20277,-1199
687,1997,1,12925,18457,-5532
687,1997,2,12730,7957,4773
687,1997,3,12729,15477,-2748
687,1997,4,12736,13557,-821
687,1997,5,12734,11357,1377
687,1997,6,19041,26477,-7436
687,1997,7,12708,10757,1951
687,1997,8,12713,13457,-744
687,1997,9,12709,14357,-1648
687,1997,10,12704,10957,1747
687,1997,11,12707,14957,-2250
687,1997,12,19022,19037,-15
687,1998,1,12699,9777,2922
687,1998,2,12710,13057,-347
687,1998,3,12711,12257,454
687,1998,4,12710,14157,-1447
687,1998,5,12703,14757,-2054
687,1998,6,19017,18697,320
687,1998,7,12697,12557,140
687,1998,8,12697,11957,740
687,1998,9,12702,10457,2245
687,1998,10,12712,10157,2555
687,1998,11,12718,12657,61
687,1998,12,19037,19022,15
688,1993,11,400,0,400
688,1993,12,15679,0,15679
688,1994,1,3831,0,3831
688,1994,2,3831,0,3831
688,1994,3,3839,3400,439
688,1994,4,4569,2524,2045
688,1994,5,3877,3324,553
688,1994,6,5458,11344,-5886
688,1994,7,3854,3224,630
688,1994,8,4155,4204,-49
688,1994,9,4959,2524,2435
688,1994,10,3867,3324,543
688,1994,11,3867,4624,-757
688,1994,12,6070,2674,3396
688,1995,1,3863,11434,-7571
688,1995,2,6654,2524,4130
688,1995,3,3866,2924,942
688,1995,4,3870,2524,1346
688,1995,5,3875,2924,951
688,1995,6,5373,5734,-361
688,1995,7,3874,4924,-1050
688,1995,8,6679,2944,3735
688,1995,9,3882,5224,-1342
688,1995,10,4484,3784,700
688,1995,11,3878,6064,-2186
688,1995,12,3876,3124,752
688,1996,1,6073,8464,-2391
688,1996,2,5574,3754,1820
688,1996,3,3874,4124,-250
688,1996,4,5080,2524,2556
688,1996,5,4790,2524,2266
688,1996,6,3891,7144,-3253
688,1996,7,3883,2974,909
688,1996,8,4788,4054,734
688,1996,9,4392,2524,1868
688,1996,10,5299,3754,1545
688,1996,11,4304,3514,790
688,1996,12,3895,7124,-3229
688,1997,1,3874,9774,-5900
688,1997,2,3860,6164,-2304
688,1997,3,5465,2524,2941
688,1997,4,3869,3424,445
688,1997,5,3869,4974,-1105
688,1997,6,3844,10954,-7110
688,1997,7,6147,2524,3623
688,1997,8,5456,3904,1552
688,1997,9,3849,6574,-2725
688,1997,10,3849,2724,1125
688,1997,11,5360,2524,2836
688,1997,12,3845,9214,-5369
688,1998,1,3827,7764,-3937
688,1998,2,3825,3224,601
688,1998,3,3825,3824,1
688,1998,4,3824,4464,-640
688,1998,5,3824,3544,280
688,1998,6,4932,2524,2408
688,1998,7,3825,6424,-2599
688,1998,8,3826,4124,-298
688,1998,9,3825,2704,1121
688,1998,10,3829,3004,825
688,1998,11,3830,3814,16
688,1998,12,3831,3319,512
689,1996,4,400,0,400
689,1996,5,35850,6000,29850
689,1996,6,29852,17400,12452
689,1996,7,24354,19100,5254
689,1996,8,136537,77682,58855
689,1996,9,276,65225,-64949
689,1996,10,8494,6425,2069
689,1996,11,21990,6625,15365
689,1996,12,19741,49725,-29984
689,1997,1,6194,15954,-9760
689,1997,2,9480,6425,3055
689,1997,3,86067,21125,64942
689,1997,4,299,35625,-35326
689,1997,5,2846,25607,-22761
689,1997,6,24807,18125,6682
689,1997,7,33912,12725,21187
689,1997,8,29474,63487,-34013
689,1997,9,86663,6425,80238
689,1997,10,7821,41825,-34004
689,1997,11,227,30966,-30739
689,1997,12,125,16525,-16400
689,1998,1,77425,24725,52700
689,1998,2,40280,61884,-21604
689,1998,3,35142,49001,-13859
689,1998,4,36255,48589,-12334
689,1998,5,35567,7025,28542
689,1998,6,162381,176755,-14374
689,1998,7,58517,29365,29152
689,1998,8,54143,30925,23218
689,1998,9,118108,117625,483
689,1998,10,23825,69125,-45300
689,1998,11,184,12425,-12241
689,1998,12,35266,24827,10439
690,1996,7,500,0,500
690,1996,8,22025,0,22025
690,1996,9,18978,10700,8278
690,1996,10,19002,14000,5002
690,1996,11,19015,16600,2415
690,1996,12,28439,34647,-6208
690,1997,1,18950,37167,-18217
690,1997,2,21465,7167,14298
690,1997,3,18968,21767,-2799
690,1997,4,18966,18867,99
690,1997,5,18968,19567,-599
690,1997,6,28420,31987,-3567
690,1997,7,20193,7167,13026
690,1997,8,19010,17067,1943
690,1997,9,19010,22627,-3617
690,1997,10,19006,15967,3039
690,1997,11,19002,20967,-1965
690,1997,12,28461,17527,10934
690,1998,1,18959,49827,-30868
690,1998,2,18951,7167,11784
690,1998,3,18963,20067,-1104
690,1998,4,18996,7167,11829
690,1998,5,18980,28367,-9387
690,1998,6,28464,7167,21297
690,1998,7,18989,40467,-21478
690,1998,8,19006,7167,11839
690,1998,9,19055,7167,11888
690,1998,10,19086,53367,-34281
690,1998,11,18961,7167,11794
690,1998,12,28460,11312,17148
691,1996,2,1100,0,1100
691,1996,3,10328,0,10328
691,1996,4,10075,0,10075
691,1996,5,5106,2900,2206
691,1996,6,7616,9100,-1484
691,1996,7,5106,4515,591
691,1996,8,5103,8757,-3654
691,1996,9,5089,7557,-2468
691,1996,10,5083,5257,-174
691,1996,11,5077,7657,-2580
691,1996,12,7575,9857,-2282
691,1997,1,5065,4197,868
691,1997,2,5069,3357,1712
691,1997,3,5076,3357,1719
691,1997,4,5083,3357,1726
691,1997,5,5076,10357,-5281
691,1997,6,7571,8257,-686
691,1997,7,5062,5057,5
691,1997,8,5066,3357,1709
691,1997,9,5073,3357,1716
691,1997,10,5080,3357,1723
691,1997,11,5087,3357,1730
691,1997,12,7605,4797,2808
691,1998,1,5085,12717,-7632
691,1998,2,5074,3357,1717
691,1998,3,5081,3357,1724
691,1998,4,5088,3357,1731
691,1998,5,5092,3957,1135
691,1998,6,7613,3357,4256
691,1998,7,5112,4197,915
691,1998,8,5103,8157,-3054
691,1998,9,5109,3357,1752
691,1998,10,5113,7437,-2324
691,1998,11,5099,4557,542
691,1998,12,7619,7342,277
692,1996,10,18623,0,18623
692,1996,11,23915,0,23915
692,1996,12,26884,29400,-2516
692,1997,1,17938,18500,-562
692,1997,2,17971,4518,13453
692,1997,3,17986,34118,-16132
692,1997,4,17945,22138,-4193
692,1997,5,17927,22638,-4711
692,1997,6,26811,37858,-11047
692,1997,7,17875,15698,2177
692,1997,8,17883,18218,-335
692,1997,9,17878,19118,-1240
692,1997,10,17872,19218,-1346
692,1997,11,17861,19858,-1997
692,1997,12,26763,22318,4445
692,1998,1,17853,22718,-4865
692,1998,2,17853,12198,5655
692,1998,3,17875,21918,-4043
692,1998,4,17860,18418,-558
692,1998,5,17856,19618,-1762
692,1998,6,26752,24918,1834
692,1998,7,17855,18718,-863
692,1998,8,17850,18418,-568
692,1998,9,17848,17418,430
692,1998,10,17847,18618,-771
692,1998,11,17843,18618,-775
692,1998,12,26738,25903,835
693,1994,6,200,0,200
693,1994,7,23104,0,23104
693,1994,8,17763,5800,11963
693,1994,9,17816,4900,12916
693,1994,10,17837,14000,3837
693,1994,11,17830,22224,-4394
693,1994,12,26671,17664,9007
693,1995,1,17788,52744,-34956
693,1995,2,21670,6344,15326
693,1995,3,17786,17844,-58
693,1995,4,17808,9644,8164
693,1995,5,17830,12844,4986
693,1995,6,26685,15144,11541
693,1995,7,17859,33844,-15985
693,1995,8,17847,21544,-3697
693,1995,9,17821,18644,-823
693,1995,10,17822,22004,-4182
693,1995,11,17810,17544,266
693,1995,12,26643,22884,3759
693,1996,1,17799,25904,-8105
693,1996,2,17784,17164,620
693,1996,3,17795,13644,4151
693,1996,4,17809,17644,165
693,1996,5,17810,15544,2266
693,1996,6,30459,44584,-14125
693,1996,7,17765,10144,7621
693,1996,8,17786,14384,3402
693,1996,9,17802,16644,1158
693,1996,10,17805,17844,-39
693,1996,11,17787,23524,-5737
693,1996,12,26617,20104,6513
693,1997,1,17759,32064,-14305
693,1997,2,17752,12744,5008
693,1997,3,17766,17544,222
693,1997,4,17766,19044,-1278
693,1997,5,17759,20764,-3005
693,1997,6,30497,40264,-9767
693,1997,7,17697,17764,-67
693,1997,8,17712,13144,4568
693,1997,9,17731,12844,4887
693,1997,10,17726,22184,-4458
693,1997,11,17722,18144,-422
693,1997,12,26543,24264,2279
693,1998,1,17716,22724,-5008
693,1998,2,17706,18244,-538
693,1998,3,17702,19944,-2242
693,1998,4,17719,6344,11375
693,1998,5,17735,21964,-4229
693,1998,6,26545,26144,401
693,1998,7,17725,17544,181
693,1998,8,17715,21444,-3729
693,1998,9,17707,17744,-37
693,1998,10,17698,21144,-3446
693,1998,11,17692,17144,548
693,1998,12,26516,24129,2387
694,1996,9,6835,0,6835
694,1996,10,6346,0,6346
694,1996,11,6346,0,6346
694,1996,12,6346,0,6346
694,1997,1,6406,2015,4391
694,1997,2,6441,6791,-350
694,1997,3,6451,3111,3340
694,1997,4,6460,4311,2149
694,1997,5,6448,9811,-3363
694,1997,6,6440,9161,-2721
694,1997,7,6440,9751,-3311
694,1997,8,6433,9591,-3158
694,1997,9,6421,3111,3310
694,1997,10,6435,4011,2424
694,1997,11,6445,3411,3034
694,1997,12,6455,7111,-656
694,1998,1,6434,8251,-1817
694,1998,2,6440,5111,1329
694,1998,3,6447,8951,-2504
694,1998,4,6442,3111,3331
694,1998,5,6456,3511,2945
694,1998,6,6461,9011,-2550
694,1998,7,6453,4831,1622
694,1998,8,6463,5411,1052
694,1998,9,6468,4411,2057
694,1998,10,6477,3611,2866
694,1998,11,6486,6111,375
694,1998,12,6488,3996,2492
695,1996,4,900,0,900
695,1996,5,23758,0,23758
695,1996,6,34810,18900,15910
695,1996,7,23296,19900,3396
695,1996,8,23310,20000,3310
695,1996,9,23321,25431,-2110
695,1996,10,23310,26931,-3621
695,1996,11,23296,25631,-2335
695,1996,12,34853,35431,-578
695,1997,1,23296,34231,-10935
695,1997,2,23246,20031,3215
695,1997,3,23285,20431,2854
695,1997,4,23273,19931,3342
695,1997,5,23306,21031,2275
695,1997,6,34862,32331,2531
695,1997,7,23299,22631,668
695,1997,8,23307,28731,-5424
695,1997,9,23251,33931,-10680
695,1997,10,23221,28731,-5510
695,1997,11,23200,27631,-4431
695,1997,12,34763,32031,2732
695,1998,1,23194,28431,-5237
695,1998,2,23190,21731,1459
695,1998,3,23187,27231,-4044
695,1998,4,23170,24131,-961
695,1998,5,23165,24431,-1266
695,1998,6,34734,35331,-597
695,1998,7,23150,27131,-3981
695,1998,8,23158,19631,3527
695,1998,9,23172,20331,2841
695,1998,10,23175,23531,-356
695,1998,11,23179,21931,1248
695,1998,12,34759,29916,4843
696,1997,11,700,0,700
696,1997,12,6904,0,6904
696,1998,1,6904,0,6904
696,1998,2,6973,500,6473
696,1998,3,7009,1100,5909
696,1998,4,7033,1794,5239
696,1998,5,7051,2794,4257
696,1998,6,7039,11994,-4955
696,1998,7,7052,1594,5458
696,1998,8,7076,1794,5282
696,1998,9,7097,1594,5503
696,1998,10,7120,1594,5526
696,1998,11,7135,6494,641
696,1998,12,7139,4879,2260
697,1993,2,200,0,200
697,1993,3,24090,0,24090
697,1993,4,22181,8500,13681
697,1993,5,22227,20200,2027
697,1993,6,33279,22600,10679
697,1993,7,22274,25415,-3141
697,1993,8,22286,23687,-1401
697,1993,9,22279,23487,-1208
697,1993,10,22257,28507,-6250
697,1993,11,22240,25707,-3467
697,1993,12,33284,28927,4357
697,1994,1,22232,26167,-3935
697,1994,2,22234,20787,1447
697,1994,3,22224,23147,-923
697,1994,4,22239,19587,2652
697,1994,5,22246,21987,259
697,1994,6,33281,34707,-1426
697,1994,7,22248,17187,5061
697,1994,8,22257,20707,1550
697,1994,9,22259,23387,-1128
697,1994,10,22260,20587,1673
697,1994,11,22263,21687,576
697,1994,12,33310,33987,-677
697,1995,1,22237,32967,-10730
697,1995,2,22222,18287,3935
697,1995,3,22242,18187,4055
697,1995,4,22258,17887,4371
697,1995,5,22261,23787,-1526
697,1995,6,33304,56647,-23343
697,1995,7,22192,9187,13005
697,1995,8,22230,15387,6843
697,1995,9,22280,16087,6193
697,1995,10,22306,21787,519
697,1995,11,22290,12487,9803
697,1995,12,33393,15307,18086
697,1996,1,22340,34147,-11807
697,1996,2,22324,23687,-1363
697,1996,3,22321,23347,-1026
697,1996,4,22321,21287,1034
697,1996,5,22332,19087,3245
697,1996,6,33391,45367,-11976
697,1996,7,22308,14987,7321
697,1996,8,22337,15387,6950
697,1996,9,22355,18787,3568
697,1996,10,22363,23967,-1604
697,1996,11,22367,17587,4780
697,1996,12,33445,21547,11898
697,1997,1,22403,32527,-10124
697,1997,2,22379,22487,-108
697,1997,3,22390,18787,3603
697,1997,4,22383,28407,-6024
697,1997,5,22369,22287,82
697,1997,6,37307,54467,-17160
697,1997,7,22316,15987,6329
697,1997,8,22344,31887,-9543
697,1997,9,22330,22867,-537
697,1997,10,22343,25087,-2744
697,1997,11,22314,19187,3127
697,1997,12,33383,29927,3456
697,1998,1,22311,32287,-9976
697,1998,2,22298,15287,7011
697,1998,3,22328,16987,5341
697,1998,4,22347,21087,1260
697,1998,5,22347,18947,3400
697,1998,6,33426,25727,7699
697,1998,7,22382,26787,-4405
697,1998,8,22378,17187,5191
697,1998,9,22398,17187,5211
697,1998,10,22414,22587,-173
697,1998,11,22409,25487,-3078
697,1998,12,33475,8452,25023
698,1996,9,800,0,800
698,1996,10,17643,0,17643
698,1996,11,15318,3700,11618
698,1996,12,22984,14300,8684
698,1997,1,15396,17000,-1604
698,1997,2,15396,15075,321
698,1997,3,15406,20572,-5166
698,1997,4,15389,13292,2097
698,1997,5,15396,16192,-796
698,1997,6,23009,39932,-16923
698,1997,7,15327,7792,7535
698,1997,8,15357,8992,6365
698,1997,9,15379,13092,2287
698,1997,10,15392,10092,5300
698,1997,11,15408,15092,316
698,1997,12,23027,21672,1355
698,1998,1,23068,35872,-12804
698,1998,2,16571,6192,10379
698,1998,3,15410,9892,5518
698,1998,4,15427,14692,735
698,1998,5,15429,14692,737
698,1998,6,23036,22132,904
698,1998,7,15435,14392,1043
698,1998,8,15435,16392,-957
698,1998,9,15415,18852,-3437
698,1998,10,15417,15792,-375
698,1998,11,15409,18292,-2883
698,1998,12,23042,9537,13505
699,1993,9,47871,0,47871
699,1993,10,199,13400,-13201
699,1993,11,199,6800,-6601
699,1993,12,299,0,299
699,1994,1,53363,23700,29663
699,1994,2,54855,36778,18077
699,1994,3,69293,44981,24312
699,1994,4,368,46215,-45847
699,1994,5,49457,24015,25442
699,1994,6,330,26315,-25985
699,1994,7,148243,141015,7228
699,1994,8,46647,61495,-14848
699,1994,9,60835,36915,23920
699,1994,10,122446,91915,30531
699,1994,11,71175,121086,-49911
699,1994,12,144195,123715,20480
699,1995,1,50257,30515,19742
699,1995,2,56607,67815,-11208
699,1995,3,82113,61915,20198
699,1995,4,65498,64415,1083
699,1995,5,20607,41715,-21108
699,1995,6,13379,63615,-50236
699,1995,7,4124,15,4109
699,1995,8,18568,15,18553
699,1995,9,14167,8715,5452
699,1995,10,198,26415,-26217
699,1995,11,4732,15,4717
699,1995,12,31549,8415,23134
699,1996,1,85424,67915,17509
699,1996,2,42234,19115,23119
699,1996,3,70905,91727,-20822
699,1996,4,34967,23115,11852
699,1996,5,7759,46015,-38256
699,1996,6,37744,84915,-47171
699,1996,7,62312,15,62297
699,1996,8,27037,19315,7722
699,1996,9,9239,23515,-14276
699,1996,10,70243,83630,-13387
699,1996,11,36878,29915,6963
699,1996,12,33703,33515,188
699,1997,1,15544,22865,-7321
699,1997,2,195,9315,-9120
699,1997,3,35796,22315,13481
699,1997,4,213,8815,-8602
699,1997,5,7769,17781,-10012
699,1997,6,4833,14715,-9882
699,1997,7,27229,5015,22214
699,1997,8,6088,5055,1033
699,1997,9,19133,32938,-13805
699,1997,10,9435,15,9420
699,1997,11,14135,32415,-18280
699,1997,12,28845,15716,13129
699,1998,1,29908,12915,16993
699,1998,2,74080,67015,7065
699,1998,3,94111,73715,20396
699,1998,4,19522,46415,-26893
699,1998,5,50149,25215,24934
699,1998,6,77261,69515,7746
699,1998,7,16008,27715,-11707
699,1998,8,22814,18015,4799
699,1998,9,81150,63715,17435
699,1998,10,53214,55015,-1801
699,1998,11,21826,26915,-5089
699,1998,12,40700,18900,21800
700,1994,6,6532,0,6532
700,1994,7,17206,0,17206
700,1994,8,4244,1600,2644
700,1994,9,4254,2700,1554
700,1994,10,4268,6261,-1993
700,1994,11,4258,4777,-519
700,1994,12,6329,6677,-348
700,1995,1,4442,9177,-4735
700,1995,2,6128,5377,751
700,1995,3,5339,2777,2562
700,1995,4,4236,8377,-4141
700,1995,5,6230,2777,3453
700,1995,6,6307,10577,-4270
700,1995,7,8028,2777,5251
700,1995,8,4244,5877,-1633
700,1995,9,4241,4877,-636
700,1995,10,4234,6177,-1943
700,1995,11,4228,6477,-2249
700,1995,12,6292,8077,-1785
700,1996,1,5103,7577,-2474
700,1996,2,6305,2777,3528
700,1996,3,4216,5077,-861
700,1996,4,4212,4877,-665
700,1996,5,4209,4177,32
700,1996,6,6281,8677,-2396
700,1996,7,4199,3877,322
700,1996,8,4604,2777,1827
700,1996,9,4611,2777,1834
700,1996,10,4215,4677,-462
700,1996,11,4214,5777,-1563
700,1996,12,9592,3577,6015
700,1997,1,9827,11477,-1650
700,1997,2,4227,3077,1150
700,1997,3,4229,4877,-648
700,1997,4,5129,3477,1652
700,1997,5,8645,2777,5868
700,1997,6,6327,7777,-1450
700,1997,7,4248,5477,-1229
700,1997,8,4243,5177,-934
700,1997,9,7152,2777,4375
700,1997,10,4254,7077,-2823
700,1997,11,5558,2777,2781
700,1997,12,10033,9877,156
700,1998,1,7655,13477,-5822
700,1998,2,13969,2777,11192
700,1998,3,7092,4977,2115
700,1998,4,7603,2777,4826
700,1998,5,4300,7677,-3377
700,1998,6,10673,13377,-2704
700,1998,7,9608,2777,6831
700,1998,8,4310,6377,-2067
700,1998,9,4309,2777,1532
700,1998,10,4314,4277,37
700,1998,11,9731,2777,6954
700,1998,12,6822,3362,3460
701,1993,6,3307,0,3307
701,1993,7,10234,0,10234
701,1993,8,8376,0,8376
701,1993,9,2698,15,2683
701,1993,10,403,215,188
701,1993,11,402,915,-513
701,1993,12,386,5215,-4829
701,1994,1,50562,10715,39847
701,1994,2,515,18515,-18000
701,1994,3,455,6815,-6360
701,1994,4,438,3415,-2977
701,1994,5,422,5215,-4793
701,1994,6,2513,5415,-2902
701,1994,7,2299,3465,-1166
701,1994,8,2802,15,2787
701,1994,9,20683,15,20668
701,1994,10,2366,16015,-13649
701,1994,11,2340,5115,-2775
701,1994,12,2323,4315,-1992
701,1995,1,415,5815,-5400
701,1995,2,2495,15,2480
701,1995,3,601,1765,-1164
701,1995,4,4901,15,4886
701,1995,5,420,215,205
701,1995,6,820,4415,-3595
701,1995,7,2707,2365,342
701,1995,8,3712,915,2797
701,1995,9,2320,2865,-545
701,1995,10,27491,15515,11976
701,1995,11,2365,6715,-4350
701,1995,12,2339,8665,-6326
701,1996,1,6701,13065,-6364
701,1996,2,1496,865,631
701,1996,3,398,215,183
701,1996,4,3603,15,3588
701,1996,5,411,2015,-1604
701,1996,6,404,2315,-1911
701,1996,7,2501,365,2136
701,1996,8,402,3065,-2663
701,1996,9,3001,15,2986
701,1996,10,405,2315,-1910
701,1996,11,401,865,-464
701,1996,12,69013,38715,30298
701,1997,1,2393,26965,-24572
701,1997,2,2320,3415,-1095
701,1997,3,2312,5515,-3203
701,1997,4,48435,1515,46920
701,1997,5,2501,24715,-22214
701,1997,6,2373,18415,-16042
701,1997,7,440,115,325
701,1997,8,39418,23715,15703
701,1997,9,496,5015,-4519
701,1997,10,488,4415,-3927
701,1997,11,468,1915,-1447
701,1997,12,460,5315,-4855
701,1998,1,5228,14115,-8887
701,1998,2,2412,15,2397
701,1998,3,18533,1415,17118
701,1998,4,471,8315,-7844
701,1998,5,450,3215,-2765
701,1998,6,7605,19515,-11910
701,1998,7,48670,15415,33255
701,1998,8,2417,8215,-5798
701,1998,9,2399,7115,-4716
701,1998,10,2391,1115,1276
701,1998,11,2383,8765,-6382
701,1998,12,4873,2050,2823
702,1993,6,800,0,800
702,1993,7,4220,0,4220
702,1993,8,4220,0,4220
702,1993,9,4220,0,4220
702,1993,10,4220,0,4220
702,1993,11,4265,2828,1437
702,1993,12,4299,5198,-899
702,1994,1,4273,11738,-7465
702,1994,2,4268,2828,1440
702,1994,3,4274,2828,1446
702,1994,4,4280,2828,1452
702,1994,5,4283,5068,-785
702,1994,6,4285,3308,977
702,1994,7,4287,2828,1459
702,1994,8,4293,2828,1465
702,1994,9,4294,5468,-1174
702,1994,10,4287,6108,-1821
702,1994,11,4287,2828,1459
702,1994,12,4291,4028,263
702,1995,1,4276,9378,-5102
702,1995,2,4272,2828,1444
702,1995,3,4279,2828,1451
702,1995,4,4285,2828,1457
702,1995,5,4291,2828,1463
702,1995,6,4290,5928,-1638
702,1995,7,4281,6428,-2147
702,1995,8,4281,2828,1453
702,1995,9,4278,6828,-2550
702,1995,10,4272,4928,-656
702,1995,11,4274,2828,1446
702,1995,12,4270,6928,-2658
702,1996,1,4265,5078,-813
702,1996,2,4265,2828,1437
702,1996,3,4265,5628,-1363
702,1996,4,4265,2828,1437
702,1996,5,4271,2828,1443
702,1996,6,4277,4628,-351
702,1996,7,4274,3948,326
702,1996,8,4277,2828,1449
702,1996,9,4279,5228,-949
702,1996,10,4279,2828,1451
702,1996,11,4285,4128,157
702,1996,12,4285,4678,-393
702,1997,1,4273,7938,-3665
702,1997,2,4269,2828,1441
702,1997,3,4275,2828,1447
702,1997,4,4281,2828,1453
702,1997,5,4287,2828,1459
702,1997,6,4285,6528,-2243
702,1997,7,4283,4108,175
702,1997,8,4284,4128,156
702,1997,9,4285,2828,1457
702,1997,10,4291,5148,-857
702,1997,11,4283,6208,-1925
702,1997,12,4279,2928,1351
702,1998,1,4281,4508,-227
702,1998,2,4283,2828,1455
702,1998,3,4290,2828,1462
702,1998,4,4296,2828,1468
702,1998,5,4299,7828,-3529
702,1998,6,4289,3868,421
702,1998,7,4286,7528,-3242
702,1998,8,4275,2828,1447
702,1998,9,4281,2828,1453
702,1998,10,4287,4508,-221
702,1998,11,4286,2828,1458
702,1998,12,4290,4113,177
703,1997,12,300,0,300
703,1998,1,13281,0,13281
703,1998,2,8428,0,8428
703,1998,3,8463,0,8463
703,1998,4,3586,3600,-14
703,1998,5,3587,2615,972
703,1998,6,5895,3461,2434
703,1998,7,3596,6121,-2525
703,1998,8,3590,3821,-231
703,1998,9,6795,2711,4084
703,1998,10,4811,2321,2490
703,1998,11,3610,6521,-2911
703,1998,12,3602,3086,516
704,1993,1,21427,0,21427
704,1993,2,17566,0,17566
704,1993,3,17637,8900,8737
704,1993,4,17688,12900,4788
704,1993,5,17709,26715,-9006
704,1993,6,26389,37393,-11004
704,1993,7,17646,13953,3693
704,1993,8,17660,14553,3107
704,1993,9,17666,19213,-1547
704,1993,10,17665,15053,2612
704,1993,11,17674,17073,601
704,1993,12,26426,23473,2953
704,1994,1,17638,33933,-16295
704,1994,2,17622,11153,6469
704,1994,3,17642,16053,1589
704,1994,4,17648,14573,3075
704,1994,5,17664,16553,1111
704,1994,6,26414,24133,2281
704,1994,7,17677,16353,1324
704,1994,8,17677,19553,-1876
704,1994,9,17671,16753,918
704,1994,10,17667,20493,-2826
704,1994,11,17659,18053,-394
704,1994,12,26406,24773,1633
704,1995,1,17637,33133,-15496
704,1995,2,17605,15033,2572
704,1995,3,17613,14153,3460
704,1995,4,17629,13453,4176
704,1995,5,17639,19533,-1894
704,1995,6,26391,19053,7338
704,1995,7,17654,21453,-3799
704,1995,8,17636,19393,-1757
704,1995,9,17625,24913,-7288
704,1995,10,17608,15153,2455
704,1995,11,17606,20253,-2647
704,1995,12,26352,23633,2719
704,1996,1,17575,30233,-12658
704,1996,2,17570,10853,6717
704,1996,3,17584,17953,-369
704,1996,4,17580,18153,-573
704,1996,5,17582,16253,1329
704,1996,6,26326,24073,2253
704,1996,7,17581,21853,-4272
704,1996,8,17575,16353,1222
704,1996,9,17582,18293,-711
704,1996,10,17589,18693,-1104
704,1996,11,17595,6653,10942
704,1996,12,26377,19173,7204
704,1997,1,17595,32453,-14858
704,1997,2,17597,9853,7744
704,1997,3,17613,16553,1060
704,1997,4,17616,16453,1163
704,1997,5,17609,20453,-2844
704,1997,6,26397,14393,12004
704,1997,7,17627,25913,-8286
704,1997,8,17601,22553,-4952
704,1997,9,17642,3353,14289
704,1997,10,17624,28493,-10869
704,1997,11,17599,20993,-3394
704,1997,12,26402,9193,17209
704,1998,1,17599,47613,-30014
704,1998,2,17586,3353,14233
704,1998,3,17643,6113,11530
704,1998,4,17616,26953,-9337
704,1998,5,17656,3353,14303
704,1998,6,26377,33353,-6976
704,1998,7,17687,3353,14334
704,1998,8,17619,41153,-23534
704,1998,9,17634,10793,6841
704,1998,10,17666,7553,10113
704,1998,11,17716,6953,10763
704,1998,12,26520,6138,20382
705,1997,7,600,0,600
705,1997,8,13378,0,13378
705,1997,9,7519,0,7519
705,1997,10,6343,1600,4743
705,1997,11,6362,1800,4562
705,1997,12,9502,6015,3487
705,1998,1,6563,15976,-9413
705,1998,2,6335,10076,-3741
705,1998,3,8039,4176,3863
705,1998,4,11147,9276,1871
705,1998,5,7964,4176,3788
705,1998,6,9483,18576,-9093
705,1998,7,6335,4376,1959
705,1998,8,6330,8876,-2546
705,1998,9,6309,12376,-6067
705,1998,10,6309,4176,2133
705,1998,11,6297,9676,-3379
705,1998,12,9433,4161,5272
706,1996,5,19236,0,19236
706,1996,6,27427,500,26927
706,1996,7,18384,14800,3584
706,1996,8,18396,15600,2796
706,1996,9,18406,16315,2091
706,1996,10,18410,17115,1295
706,1996,11,18410,20015,-1605
706,1996,12,27523,19555,7968
706,1997,1,18415,40615,-22200
706,1997,2,18372,9615,8757
706,1997,3,18385,18215,170
706,1997,4,18389,17315,1074
706,1997,5,18385,22275,-3890
706,1997,6,27496,16415,11081
706,1997,7,18395,48915,-30520
706,1997,8,18317,30515,-12198
706,1997,9,18244,13315,4929
706,1997,10,18264,14915,3349
706,1997,11,18278,15515,2763
706,1997,12,27382,21215,6167
706,1998,1,18333,25355,-7022
706,1998,2,18285,17615,670
706,1998,3,18287,19115,-828
706,1998,4,18283,19395,-1112
706,1998,5,18300,18135,165
706,1998,6,27396,31895,-4499
706,1998,7,18279,22215,-3936
706,1998,8,18245,17415,830
706,1998,9,18246,19915,-1669
706,1998,10,18243,15,18228
706,1998,11,18306,27415,-9109
706,1998,12,27273,0,27273
708,1996,3,800,0,800
708,1996,4,10300,0,10300
708,1996,5,9300,0,9300
708,1996,6,1900,0,1900
708,1996,7,0,200,-200
708,1996,8,5600,0,5600
708,1996,9,1100,0,1100
708,1996,10,0,100,-100
708,1996,11,0,2600,-2600
708,1996,12,0,1600,-1600
708,1997,1,0,2000,-2000
708,1997,2,0,2000,-2000
708,1997,3,1600,0,1600
708,1997,4,600,0,600
708,1997,5,800,0,800
708,1997,6,2500,0,2500
708,1997,7,0,2000,-2000
708,1997,8,0,1400,-1400
708,1997,9,0,1400,-1400
708,1997,10,0,5300,-5300
708,1997,11,0,6700,-6700
708,1997,12,500,0,500
708,1998,2,0,600,-600
708,1998,4,1200,0,1200
708,1998,6,1800,0,1800
708,1998,7,300,0,300
708,1998,8,1500,0,1500
708,1998,9,0,3400,-3400
708,1998,10,0,800,-800
708,1998,11,0,900,-900
709,1994,7,900,0,900
709,1994,8,24855,0,24855
709,1994,9,18656,10600,8056
709,1994,10,75338,28315,47023
709,1994,11,33859,70526,-36667
709,1994,12,10623,42303,-31680
709,1995,1,30685,24015,6670
709,1995,2,10278,11344,-1066
709,1995,3,4858,19230,-14372
709,1995,4,20471,12719,7752
709,1995,5,8849,15,8834
709,1995,6,48184,35515,12669
709,1995,7,134,14161,-14027
709,1995,8,50691,13734,36957
709,1995,9,85168,76815,8353
709,1995,10,45484,74382,-28898
709,1995,11,123,18956,-18833
709,1995,12,20232,5015,15217
709,1996,1,9746,27915,-18169
709,1996,2,6157,15,6142
709,1996,3,3082,15,3067
709,1996,4,27011,10215,16796
709,1996,5,8015,5215,2800
709,1996,6,175,8215,-8040
709,1996,7,76241,58115,18126
709,1996,8,41545,30715,10830
709,1996,9,210,20415,-20205
709,1996,10,40109,2515,37594
709,1996,11,333,20915,-20582
709,1996,12,199,23815,-23616
709,1997,1,22713,43963,-21250
709,1997,2,55861,15,55846
709,1997,3,209,38050,-37841
709,1997,4,86580,43378,43202
709,1997,5,8380,35772,-27392
709,1997,6,110693,57015,53678
709,1997,7,423,30915,-30492
709,1997,8,81256,73415,7841
709,1997,9,93903,75615,18288
709,1997,10,368,32972,-32604
709,1997,11,46615,30715,15900
709,1997,12,48143,34215,13928
709,1998,1,16265,58696,-42431
709,1998,2,34182,8815,25367
709,1998,3,274,27015,-26741
709,1998,4,29168,13834,15334
709,1998,5,36178,26515,9663
709,1998,6,290,40015,-39725
709,1998,7,12848,28113,-15265
709,1998,8,19109,12015,7094
709,1998,9,14119,15,14104
709,1998,10,13507,12041,1466
709,1998,11,30071,15,30056
709,1998,12,278,16400,-16122
710,1994,9,5015,0,5015
710,1994,10,4821,0,4821
710,1994,11,4821,0,4821
710,1994,12,4821,0,4821
710,1995,1,4865,3695,1170
710,1995,2,4878,6895,-2017
710,1995,3,4873,6655,-1782
710,1995,4,4875,3215,1660
710,1995,5,4882,3215,1667
710,1995,6,4878,7935,-3057
710,1995,7,4876,3215,1661
710,1995,8,4883,3215,1668
710,1995,9,4889,4415,474
710,1995,10,4889,4995,-106
710,1995,11,4891,3215,1676
710,1995,12,4896,4615,281
710,1996,1,4876,11695,-6819
710,1996,2,4871,3215,1656
710,1996,3,4878,3215,1663
710,1996,4,4883,5455,-572
710,1996,5,4883,3215,1668
710,1996,6,4888,4015,873
710,1996,7,4893,3215,1678
710,1996,8,4899,4215,684
710,1996,9,4899,6015,-1116
710,1996,10,4898,3215,1683
710,1996,11,4902,6555,-1653
710,1996,12,4892,9645,-4753
710,1997,1,4868,8335,-3467
710,1997,2,4864,3215,1649
710,1997,3,4870,3935,935
710,1997,4,4875,3215,1660
710,1997,5,4882,3215,1667
710,1997,6,4881,8515,-3634
710,1997,7,4867,6515,-1648
710,1997,8,4861,5915,-1054
710,1997,9,4862,3215,1647
710,1997,10,4864,5515,-651
710,1997,11,4863,5515,-652
710,1997,12,4857,6115,-1258
710,1998,1,4858,3215,1643
710,1998,2,4865,3215,1650
710,1998,3,4859,8515,-3656
710,1998,4,4856,3215,1641
710,1998,5,4861,4095,766
710,1998,6,4866,3215,1651
710,1998,7,4873,3215,1658
710,1998,8,4880,3215,1665
710,1998,9,4885,4335,550
710,1998,10,4889,3215,1674
710,1998,11,4896,3215,1681
710,1998,12,4900,3550,1350
711,1994,7,10895,0,10895
711,1994,8,15453,0,15453
711,1994,9,10696,2500,8196
711,1994,10,10717,7200,3517
711,1994,11,10726,11075,-349
711,1994,12,16013,11878,4135
711,1995,1,10676,39158,-28482
711,1995,2,14951,3258,11693
711,1995,3,11380,7698,3682
711,1995,4,10695,5758,4937
711,1995,5,10708,8158,2550
711,1995,6,16005,11358,4647
711,1995,7,10722,19658,-8936
711,1995,8,10701,12018,-1317
711,1995,9,10709,11758,-1049
711,1995,10,10705,9358,1347
711,1995,11,10710,11058,-348
711,1995,12,15996,20458,-4462
711,1996,1,12749,17538,-4789
711,1996,2,10670,7558,3112
711,1996,3,10684,7158,3526
711,1996,4,10696,9258,1438
711,1996,5,10702,8858,1844
711,1996,6,15971,24878,-8907
711,1996,7,10677,3758,6919
711,1996,8,10704,5558,5146
711,1996,9,10712,12258,-1546
711,1996,10,10715,7958,2757
711,1996,11,10725,9158,1567
711,1996,12,16022,10178,5844
711,1997,1,13795,33058,-19263
711,1997,2,11683,3258,8425
711,1997,3,10714,6558,4156
711,1997,4,10725,9178,1547
711,1997,5,10732,9558,1174
711,1997,6,16003,32698,-16695
711,1997,7,14683,3258,11425
711,1997,8,12314,6858,5456
711,1997,9,10737,8458,2279
711,1997,10,10747,8258,2489
711,1997,11,10752,11318,-566
711,1997,12,16044,14358,1686
711,1998,1,10737,24018,-13281
711,1998,2,16727,3258,13469
711,1998,3,12776,3258,9518
711,1998,4,10808,4658,6150
711,1998,5,10813,14258,-3445
711,1998,6,16099,12058,4041
711,1998,7,10816,14978,-4162
711,1998,8,10808,8858,1950
711,1998,9,10807,12158,-1351
711,1998,10,10785,18258,-7473
711,1998,11,10762,17578,-6816
711,1998,12,16008,23563,-7555
712,1996,12,89453,34000,55453
712,1997,1,90746,85100,5646
712,1997,2,87140,91415,-4275
712,1997,3,91430,86978,4452
712,1997,4,36964,32215,4749
712,1997,5,168542,172791,-4249
712,1997,6,38448,36715,1733
712,1997,7,40918,30215,10703
712,1997,8,307,12515,-12208
712,1997,9,62665,62715,-50
712,1997,10,46513,36878,9635
712,1997,11,18766,19715,-949
712,1997,12,49577,53790,-4213
712,1998,1,74016,69415,4601
712,1998,2,286,13521,-13235
712,1998,3,21534,34171,-12637
712,1998,4,19436,32540,-13104
712,1998,5,92269,21515,70754
712,1998,6,399,44315,-43916
712,1998,7,223,19592,-19369
712,1998,8,6934,10511,-3577
712,1998,9,12033,24264,-12231
712,1998,10,28126,14803,13323
712,1998,11,74454,16115,58339
712,1998,12,15106,28637,-13531
713,1996,10,500,0,500
713,1996,11,5670,0,5670
713,1996,12,5670,0,5670
713,1997,1,5670,0,5670
713,1997,2,5715,5400,315
713,1997,3,5741,7636,-1895
713,1997,4,5732,7496,-1764
713,1997,5,5730,5296,434
713,1997,6,5720,9796,-4076
713,1997,7,5719,5096,623
713,1997,8,5720,4596,1124
713,1997,9,5724,4996,728
713,1997,10,5720,8116,-2396
713,1997,11,5709,7796,-2087
713,1997,12,5711,3596,2115
713,1998,1,5713,7436,-1723
713,1998,2,5710,5916,-206
713,1998,3,5712,3596,2116
713,1998,4,5706,8996,-3290
713,1998,5,5707,3596,2111
713,1998,6,5716,3596,2120
713,1998,7,5715,7496,-1781
713,1998,8,5702,9096,-3394
713,1998,9,5706,4296,1410
713,1998,10,5709,3596,2113
713,1998,11,5718,3596,2122
713,1998,12,5725,5381,344
714,1996,11,6297,0,6297
714,1996,12,5700,0,5700
714,1997,1,5700,0,5700
714,1997,2,5700,0,5700
714,1997,3,5768,4797,971
714,1997,4,5779,6677,-898
714,1997,5,5778,7497,-1719
714,1997,6,5761,7197,-1436
714,1997,7,5764,3797,1967
714,1997,8,5762,8997,-3235
714,1997,9,5760,9797,-4037
714,1997,10,5733,7557,-1824
714,1997,11,5733,7697,-1964
714,1997,12,5726,3797,1929
714,1998,1,5732,5557,175
714,1998,2,5735,3797,1938
714,1998,3,5743,3797,1946
714,1998,4,5747,8737,-2990
714,1998,5,5736,8597,-2861
714,1998,6,5727,3797,1930
714,1998,7,5733,6597,-864
714,1998,8,5729,6497,-768
714,1998,9,5728,3797,1931
714,1998,10,5733,5537,196
714,1998,11,5734,7097,-1363
714,1998,12,5731,3782,1949
715,1996,8,500,0,500
715,1996,9,17870,0,17870
715,1996,10,16244,4700,11544
715,1996,11,16282,4600,11682
715,1996,12,24395,9400,14995
715,1997,1,16301,34678,-18377
715,1997,2,16276,22978,-6702
715,1997,3,16254,14878,1376
715,1997,4,16269,11878,4391
715,1997,5,16276,16978,-702
715,1997,6,24305,38378,-14073
715,1997,7,16222,12978,3244
715,1997,8,16235,13278,2957
715,1997,9,16239,15578,661
715,1997,10,16244,14978,1266
715,1997,11,16247,15978,269
715,1997,12,24320,27678,-3358
715,1998,1,16236,21278,-5042
715,1998,2,16244,6078,10166
715,1998,3,16247,25878,-9631
715,1998,4,16246,14778,1468
715,1998,5,16250,18578,-2328
715,1998,6,24325,13778,10547
715,1998,7,16281,20978,-4697
715,1998,8,16258,17778,-1520
715,1998,9,16254,19878,-3624
715,1998,10,16240,15578,662
715,1998,11,16230,22778,-6548
715,1998,12,24304,7463,16841
716,1994,9,1000,0,1000
716,1994,10,19671,800,18871
716,1994,11,19745,9600,10145
716,1994,12,29617,16700,12917
716,1995,1,19829,21000,-1171
716,1995,2,19829,16315,3514
716,1995,3,19855,24695,-4840
716,1995,4,19826,22355,-2529
716,1995,5,19814,16415,3399
716,1995,6,29646,34775,-5129
716,1995,7,19808,15615,4193
716,1995,8,19819,22595,-2776
716,1995,9,19810,18915,895
716,1995,10,19819,15515,4304
716,1995,11,19841,20455,-614
716,1995,12,29652,34575,-4923
716,1996,1,19791,43315,-23524
716,1996,2,19732,7515,12217
716,1996,3,19774,11915,7859
716,1996,4,19792,20015,-223
716,1996,5,19794,18515,1279
716,1996,6,29612,35555,-5943
716,1996,7,19779,16675,3104
716,1996,8,19788,18315,1473
716,1996,9,19793,19015,778
716,1996,10,19839,17215,2624
716,1996,11,19837,6215,13622
716,1996,12,29701,21555,8146
716,1997,1,19875,43035,-23160
716,1997,2,19828,6515,13313
716,1997,3,19862,16515,3347
716,1997,4,19876,19415,461
716,1997,5,19876,15475,4401
716,1997,6,29722,22675,7047
716,1997,7,19916,20215,-299
716,1997,8,19909,23815,-3906
716,1997,9,19898,20415,-517
716,1997,10,19902,18115,1787
716,1997,11,19902,20915,-1013
716,1997,12,29736,27375,2361
716,1998,1,19787,55455,-35668
716,1998,2,19794,5515,14279
716,1998,3,19835,14115,5720
716,1998,4,19850,17515,2335
716,1998,5,19859,17815,2044
716,1998,6,29662,54095,-24433
716,1998,7,19803,6195,13608
716,1998,8,19836,8515,11321
716,1998,9,19878,14315,5563
716,1998,10,19892,18815,1077
716,1998,11,19895,20615,-720
716,1998,12,29711,20200,9511
717,1993,4,400,0,400
717,1993,5,22298,0,22298
717,1993,6,30676,11800,18876
717,1993,7,20547,20500,47
717,1993,8,20552,16400,4152
717,1993,9,20562,22115,-1553
717,1993,10,20564,25276,-4712
717,1993,11,20548,21876,-1328
717,1993,12,30739,28636,2103
717,1994,1,20536,27516,-6980
717,1994,2,20522,19576,946
717,1994,3,20531,18176,2355
717,1994,4,20535,20776,-241
717,1994,5,20529,21616,-1087
717,1994,6,30731,25176,5555
717,1994,7,20546,23076,-2530
717,1994,8,20540,19876,664
717,1994,9,20544,18476,2068
717,1994,10,20549,20936,-387
717,1994,11,20536,25076,-4540
717,1994,12,30721,26296,4425
717,1995,1,20510,34096,-13586
717,1995,2,21016,9456,11560
717,1995,3,20531,22276,-1745
717,1995,4,20527,21836,-1309
717,1995,5,20527,17976,2551
717,1995,6,30759,12676,18083
717,1995,7,20593,28176,-7583
717,1995,8,20572,19476,1096
717,1995,9,20568,22676,-2108
717,1995,10,20568,19576,992
717,1995,11,20576,17876,2700
717,1995,12,30785,23836,6949
717,1996,1,20564,37436,-16872
717,1996,2,20560,12176,8384
717,1996,3,20578,18976,1602
717,1996,4,20575,22576,-2001
717,1996,5,20570,21276,-706
717,1996,6,30776,21976,8800
717,1996,7,20593,25276,-4683
717,1996,8,20579,22876,-2297
717,1996,9,20576,20376,200
717,1996,10,20567,27436,-6869
717,1996,11,20562,14976,5586
717,1996,12,30772,23576,7196
717,1997,1,20576,34376,-13800
717,1997,2,20554,16076,4478
717,1997,3,20579,14176,6403
717,1997,4,20595,18076,2519
717,1997,5,20584,28036,-7452
717,1997,6,30792,17776,13016
717,1997,7,20613,23876,-3263
717,1997,8,20611,37476,-16865
717,1997,9,20574,22276,-1702
717,1997,10,20554,24476,-3922
717,1997,11,20549,16476,4073
717,1997,12,30771,24676,6095
717,1998,1,20549,26576,-6027
717,1998,2,20559,22976,-2417
717,1998,3,20549,21676,-1127
717,1998,4,20548,21676,-1128
717,1998,5,20538,27576,-7038
717,1998,6,30719,26976,3743
717,1998,7,20528,18476,2052
717,1998,8,20535,18376,2159
717,1998,9,20539,22076,-1537
717,1998,10,20529,25376,-4847
717,1998,11,20501,28776,-8275
717,1998,12,30685,27941,2744
718,1996,3,500,0,500
718,1996,4,13700,0,13700
718,1996,5,5800,0,5800
718,1996,6,11626,0,11626
718,1996,7,2232,500,1732
718,1996,8,41113,18000,23113
718,1996,9,49470,55100,-5630
718,1996,10,16916,25782,-8866
718,1996,11,10220,20604,-10384
718,1996,12,20847,27304,-6457
718,1997,1,98641,77052,21589
718,1997,2,12817,26183,-13366
718,1997,3,16492,19904,-3412
718,1997,4,20291,20704,-413
718,1997,5,21489,19104,2385
718,1997,6,23208,21704,1504
718,1997,7,90814,49473,41341
718,1997,8,65836,48629,17207
718,1997,9,25596,51009,-25413
718,1997,10,19541,64409,-44868
718,1997,11,38357,37447,910
718,1997,12,24975,22716,2259
718,1998,1,46953,50309,-3356
718,1998,2,105464,38116,67348
718,1998,3,46304,81316,-35012
718,1998,4,80059,46616,33443
718,1998,5,37485,97084,-59599
718,1998,6,89271,56416,32855
718,1998,7,39829,33316,6513
718,1998,8,96750,123616,-26866
718,1998,9,68714,18104,50610
718,1998,10,32169,69045,-36876
718,1998,11,74234,44521,29713
718,1998,12,65303,105289,-39986
719,1993,12,1100,0,1100
719,1994,1,14412,0,14412
719,1994,2,6762,0,6762
719,1994,3,3080,2800,280
719,1994,4,3084,1000,2084
719,1994,5,3090,2615,475
719,1994,6,4086,4796,-710
719,1994,7,3891,2876,1015
719,1994,8,3091,4306,-1215
719,1994,9,3086,4476,-1390
719,1994,10,4287,2006,2281
719,1994,11,3093,2506,587
719,1994,12,4296,3836,460
719,1995,1,5391,6686,-1295
719,1995,2,3092,4606,-1514
719,1995,3,3084,3006,78
719,1995,4,3889,2006,1883
719,1995,5,3997,2006,1991
719,1995,6,3285,9386,-6101
719,1995,7,3178,2006,1172
719,1995,8,3080,3896,-816
719,1995,9,4278,3536,742
719,1995,10,5388,2006,3382
719,1995,11,3091,3506,-415
719,1995,12,3089,3356,-267
719,1996,1,5786,7646,-1860
719,1996,2,3886,3386,500
719,1996,3,5390,3836,1554
719,1996,4,3084,5306,-2222
719,1996,5,3081,2706,375
719,1996,6,3082,4546,-1464
719,1996,7,6988,3146,3842
719,1996,8,4900,2006,2894
719,1996,9,5514,2006,3508
719,1996,10,3118,3106,12
719,1996,11,3119,2806,313
719,1996,12,3114,5216,-2102
719,1997,1,3094,9576,-6482
719,1997,2,4988,4406,582
719,1997,3,3891,2006,1885
719,1997,4,4400,2366,2034
719,1997,5,7316,3266,4050
719,1997,6,5809,9536,-3727
719,1997,7,8523,2006,6517
719,1997,8,4638,2006,2632
719,1997,9,3135,5106,-1971
719,1997,10,5134,2606,2528
719,1997,11,3348,2006,1342
719,1997,12,6546,4916,1630
719,1998,1,3151,7936,-4785
719,1998,2,3140,2706,434
719,1998,3,3141,4806,-1665
719,1998,4,3235,2006,1229
719,1998,5,5939,3206,2733
719,1998,6,7445,6596,849
719,1998,7,4355,2006,2349
719,1998,8,3464,3476,-12
719,1998,9,5665,2876,2789
719,1998,10,6178,2006,4172
719,1998,11,10699,2006,8693
719,1998,12,6631,3971,2660
720,1995,7,500,0,500
720,1995,8,16204,0,16204
720,1995,9,6456,0,6456
720,1995,10,5971,0,5971
720,1995,11,5985,4600,1385
720,1995,12,8936,13631,-4695
720,1996,1,5977,9211,-3234
720,1996,2,5973,5731,242
720,1996,3,5968,8431,-2463
720,1996,4,12469,7651,4818
720,1996,5,5981,5831,150
720,1996,6,8922,7711,1211
720,1996,7,5983,7131,-1148
720,1996,8,5979,6631,-652
720,1996,9,6069,11131,-5062
720,1996,10,6263,3931,2332
720,1996,11,5977,5731,246
720,1996,12,8907,11291,-2384
720,1997,1,5958,9151,-3193
720,1997,2,7454,3931,3523
720,1997,3,5960,5631,329
720,1997,4,5964,4431,1533
720,1997,5,6775,3931,2844
720,1997,6,8920,7231,1689
720,1997,7,5986,5831,155
720,1997,8,5965,16971,-11006
720,1997,9,7861,3931,3930
720,1997,10,7565,5131,2434
720,1997,11,8088,3931,4157
720,1997,12,8923,11571,-2648
720,1998,1,6366,8251,-1885
720,1998,2,5967,5331,636
720,1998,3,5965,6931,-966
720,1998,4,5964,10491,-4527
720,1998,5,5960,4331,1629
720,1998,6,8894,11351,-2457
720,1998,7,5949,6731,-782
720,1998,8,5947,6531,-584
720,1998,9,5941,3931,2010
720,1998,10,5947,8531,-2584
720,1998,11,5938,3931,2007
720,1998,12,8880,10096,-1216
721,1993,8,500,0,500
721,1993,9,3292,0,3292
721,1993,10,3292,0,3292
721,1993,11,3292,0,3292
721,1993,12,3292,0,3292
721,1994,1,3316,1065,2251
721,1994,2,3361,2209,1152
721,1994,3,3362,3589,-227
721,1994,4,3365,2209,1156
721,1994,5,3370,2209,1161
721,1994,6,3370,3139,231
721,1994,7,3374,2599,775
721,1994,8,3379,2209,1170
721,1994,9,3383,2659,724
721,1994,10,3387,2209,1178
721,1994,11,3391,2209,1182
721,1994,12,3395,3579,-184
721,1995,1,3384,7309,-3925
721,1995,2,3379,2209,1170
721,1995,3,3380,3289,91
721,1995,4,3384,2209,1175
721,1995,5,3385,3289,96
721,1995,6,3389,5239,-1850
721,1995,7,3382,2209,1173
721,1995,8,3387,2209,1178
721,1995,9,3391,2479,912
721,1995,10,3396,2209,1187
721,1995,11,3400,2209,1191
721,1995,12,3403,3709,-306
721,1996,1,3387,7789,-4402
721,1996,2,3386,2209,1177
721,1996,3,3391,2209,1182
721,1996,4,3395,2209,1186
721,1996,5,3399,2449,950
721,1996,6,3391,8959,-5568
721,1996,7,3381,2209,1172
721,1996,8,3386,2209,1177
721,1996,9,3391,2209,1182
721,1996,10,3394,3079,315
721,1996,11,3397,2209,1188
721,1996,12,3399,2899,500
721,1997,1,3394,8359,-4965
721,1997,2,3383,2209,1174
721,1997,3,3383,3469,-86
721,1997,4,3387,2209,1178
721,1997,5,3392,2209,1183
721,1997,6,3374,10609,-7235
721,1997,7,3366,3139,227
721,1997,8,3366,3169,197
721,1997,9,3365,3199,166
721,1997,10,3369,2209,1160
721,1997,11,3374,2209,1165
721,1997,12,3376,2899,477
721,1998,1,3369,7759,-4390
721,1998,2,3362,2209,1153
721,1998,3,3367,2209,1158
721,1998,4,3372,2209,1163
721,1998,5,3374,2689,685
721,1998,6,3375,7069,-3694
721,1998,7,3364,2209,1155
721,1998,8,3369,2209,1160
721,1998,9,3373,2209,1164
721,1998,10,3378,2209,1169
721,1998,11,3382,2419,963
721,1998,12,3387,2464,923
722,1997,5,500,0,500
722,1997,6,46187,0,46187
722,1997,7,54023,15200,38823
722,1997,8,6947,34700,-27753
722,1997,9,240,19800,-19560
722,1997,10,96194,111200,-15006
722,1997,11,95041,76300,18741
722,1997,12,46316,45300,1016
722,1998,1,91,32900,-32809
722,1998,2,20,10703,-10683
722,1998,3,0,2406,-2406
722,1998,4,47551,129,47422
722,1998,5,155,23700,-23545
722,1998,6,20336,24500,-4164
722,1998,7,53,9300,-9247
722,1998,8,10136,2200,7936
722,1998,9,38,10400,-10362
722,1998,10,20,1800,-1780
722,1998,11,43525,22300,21225
722,1998,12,69,11300,-11231
725,1996,7,4130,0,4130
725,1996,8,14473,0,14473
725,1996,9,4003,1400,2603
725,1996,10,4017,100,3917
725,1996,11,4024,3927,97
725,1996,12,4024,3637,387
725,1997,1,4021,7527,-3506
725,1997,2,7823,2627,5196
725,1997,3,5339,2627,2712
725,1997,4,4140,6347,-2207
725,1997,5,4339,2807,1532
725,1997,6,4033,8857,-4824
725,1997,7,8849,2777,6072
725,1997,8,4551,2627,1924
725,1997,9,4058,4827,-769
725,1997,10,4152,3517,635
725,1997,11,4063,6927,-2864
725,1997,12,5450,3047,2403
725,1998,1,7850,6107,1743
725,1998,2,4062,4527,-465
725,1998,3,6461,2627,3834
725,1998,4,4075,6227,-2152
725,1998,5,4066,8247,-4181
725,1998,6,5742,6917,-1175
725,1998,7,4050,3427,623
725,1998,8,4847,2867,1980
725,1998,9,4055,4127,-72
725,1998,10,4057,4697,-640
725,1998,11,6459,2627,3832
725,1998,12,4071,3122,949
726,1994,2,5866,0,5866
726,1994,3,13618,0,13618
726,1994,4,8757,0,8757
726,1994,5,5677,1600,4077
726,1994,6,8460,6613,1847
726,1994,7,5680,8213,-2533
726,1994,8,5677,6113,-436
726,1994,9,5674,7513,-1839
726,1994,10,5660,8513,-2853
726,1994,11,5664,6913,-1249
726,1994,12,8433,11513,-3080
726,1995,1,6719,11913,-5194
726,1995,2,5824,3213,2611
726,1995,3,5832,4613,1219
726,1995,4,6240,3213,3027
726,1995,5,5651,8013,-2362
726,1995,6,9006,10213,-1207
726,1995,7,5636,7013,-1377
726,1995,8,5632,3813,1819
726,1995,9,5638,5013,625
726,1995,10,5641,4313,1328
726,1995,11,5748,3213,2535
726,1995,12,8432,11913,-3481
726,1996,1,5643,6613,-970
726,1996,2,8025,10413,-2388
726,1996,3,5629,3913,1716
726,1996,4,7238,3213,4025
726,1996,5,5652,4513,1139
726,1996,6,8434,8213,221
726,1996,7,5653,7613,-1960
726,1996,8,6452,3213,3239
726,1996,9,5655,9513,-3858
726,1996,10,5636,9413,-3777
726,1996,11,8036,3213,4823
726,1996,12,8431,5313,3118
726,1997,1,5662,9313,-3651
726,1997,2,7949,6013,1936
726,1997,3,7862,3213,4649
726,1997,4,5778,3213,2565
726,1997,5,5688,3313,2375
726,1997,6,8465,13113,-4648
726,1997,7,5675,5113,562
726,1997,8,5676,5213,463
726,1997,9,7273,7513,-240
726,1997,10,5670,8113,-2443
726,1997,11,5654,9613,-3959
726,1997,12,8431,10213,-1782
726,1998,1,5639,11313,-5674
726,1998,2,5626,4013,1613
726,1998,3,5615,9313,-3698
726,1998,4,5605,7213,-1608
726,1998,5,5608,3213,2395
726,1998,6,8393,6113,2280
726,1998,7,5619,6313,-694
726,1998,8,5605,10113,-4508
726,1998,9,5598,5813,-215
726,1998,10,5604,3213,2391
726,1998,11,5607,5613,-6
726,1998,12,8396,3198,5198
727,1997,12,400,0,400
727,1998,2,12300,0,12300
727,1998,3,5900,0,5900
727,1998,4,3900,0,3900
727,1998,5,1700,0,1700
727,1998,6,0,400,-400
727,1998,7,0,1000,-1000
727,1998,8,3200,0,3200
727,1998,9,1800,0,1800
727,1998,10,2100,0,2100
727,1998,11,2700,0,2700
728,1995,11,500,0,500
728,1995,12,16019,0,16019
728,1996,1,8145,2700,5445
728,1996,2,8167,3400,4767
728,1996,3,8185,6100,2085
728,1996,4,8193,8315,-122
728,1996,5,8197,8277,-80
728,1996,6,12226,16877,-4651
728,1996,7,8179,6077,2102
728,1996,8,8174,10377,-2203
728,1996,9,8480,5277,3203
728,1996,10,8190,7877,313
728,1996,11,8189,8977,-788
728,1996,12,12229,9977,2252
728,1997,1,11363,19577,-8214
728,1997,2,8163,6877,1286
728,1997,3,9273,5277,3996
728,1997,4,8183,8477,-294
728,1997,5,8180,9477,-1297
728,1997,6,12216,12177,39
728,1997,7,8166,13177,-5011
728,1997,8,8560,8277,283
728,1997,9,8153,10177,-2024
728,1997,10,8150,6977,1173
728,1997,11,8558,5277,3281
728,1997,12,12203,14477,-2274
728,1998,1,8145,13577,-5432
728,1998,2,8132,8377,-245
728,1998,3,8136,7177,959
728,1998,4,8134,9177,-1043
728,1998,5,8135,6477,1658
728,1998,6,12172,14777,-2605
728,1998,7,8134,5277,2857
728,1998,8,8146,8477,-331
728,1998,9,8147,5277,2870
728,1998,10,8132,14877,-6745
728,1998,11,8128,5277,2851
728,1998,12,12189,5262,6927
729,1997,2,900,0,900
729,1997,3,3080,0,3080
729,1997,4,3080,0,3080
729,1997,5,3080,0,3080
729,1997,6,3080,0,3080
729,1997,7,3119,82,3037
729,1997,8,3150,2068,1082
729,1997,9,3154,2368,786
729,1997,10,3158,2068,1090
729,1997,11,3162,2638,524
729,1997,12,3162,2908,254
729,1998,1,3159,4918,-1759
729,1998,2,3156,2968,188
729,1998,3,3159,2068,1091
729,1998,4,3164,2068,1096
729,1998,5,3165,3568,-403
729,1998,6,3166,3598,-432
729,1998,7,3164,2578,586
729,1998,8,3167,2068,1099
729,1998,9,3170,2888,282
729,1998,10,3173,2068,1105
729,1998,11,3178,2068,1110
729,1998,12,3180,3793,-613
730,1993,8,800,0,800
730,1993,9,10500,0,10500
730,1993,10,79377,33500,45877
730,1993,11,44990,51400,-6410
730,1993,12,210,11400,-11190
730,1994,1,210,6600,-6390
730,1994,2,65299,38815,26484
730,1994,3,11800,30415,-18615
730,1994,4,64677,26280,38397
730,1994,5,120062,147915,-27853
730,1994,6,31605,71252,-39647
730,1994,7,56951,5315,51636
730,1994,8,16083,32615,-16532
730,1994,9,47101,37271,9830
730,1994,10,235,12915,-12680
730,1994,11,23153,22715,438
730,1994,12,79228,44429,34799
730,1995,1,107299,152815,-45516
730,1995,2,11768,26493,-14725
730,1995,3,84944,40691,44253
730,1995,4,232,20715,-20483
730,1995,5,27077,25169,1908
730,1995,6,56038,65915,-9877
730,1995,7,80220,63215,17005
730,1995,8,6144,48856,-42712
730,1995,9,58163,31289,26874
730,1995,10,154141,107875,46266
730,1995,11,24920,69029,-44109
730,1995,12,11816,28387,-16571
730,1996,1,38821,52306,-13485
730,1996,2,116190,27981,88209
730,1996,3,26402,51315,-24913
730,1996,4,125592,131515,-5923
730,1996,5,10635,26896,-16261
730,1996,6,85108,65373,19735
730,1996,7,20890,25815,-4925
730,1996,8,27479,31924,-4445
730,1996,9,33605,29742,3863
730,1996,10,30362,44519,-14157
730,1996,11,33747,31689,2058
730,1996,12,3683,25071,-21388
730,1997,1,23180,46331,-23151
730,1997,2,67075,23930,43145
730,1997,3,43186,2715,40471
730,1997,4,32064,30050,2014
730,1997,5,48031,69918,-21887
730,1997,6,32355,52015,-19660
730,1997,7,72270,79012,-6742
730,1997,8,43901,8415,35486
730,1997,9,16093,26999,-10906
730,1997,10,21823,33587,-11764
730,1997,11,11696,15,11681
730,1997,12,108047,65767,42280
730,1998,1,7209,97256,-90047
730,1998,2,64211,8646,55565
730,1998,3,313,10615,-10302
730,1998,4,99839,72415,27424
730,1998,5,74313,93215,-18902
730,1998,6,94121,99415,-5294
730,1998,7,4181,13515,-9334
730,1998,8,42664,15,42649
730,1998,9,345,51917,-51572
730,1998,10,14088,13075,1013
730,1998,11,121459,97915,23544
730,1998,12,10738,3900,6838
731,1995,7,4671,0,4671
731,1995,8,4078,0,4078
731,1995,9,4078,0,4078
731,1995,10,4078,0,4078
731,1995,11,4104,1935,2169
731,1995,12,4140,4861,-721
731,1996,1,4121,9891,-5770
731,1996,2,4115,2721,1394
731,1996,3,4120,5681,-1561
731,1996,4,4114,2721,1393
731,1996,5,4120,2721,1399
731,1996,6,4121,6401,-2280
731,1996,7,4116,2721,1395
731,1996,8,4122,2721,1401
731,1996,9,4128,3281,847
731,1996,10,4132,2721,1411
731,1996,11,4137,6561,-2424
731,1996,12,4127,2721,1406
731,1997,1,4127,7361,-3234
731,1997,2,4119,2721,1398
731,1997,3,4125,2721,1404
731,1997,4,4131,2721,1410
731,1997,5,4137,2721,1416
731,1997,6,4143,4161,-18
731,1997,7,4142,6921,-2779
731,1997,8,4129,8721,-4592
731,1997,9,4112,2721,1391
731,1997,10,4117,4121,-4
731,1997,11,4116,5521,-1405
731,1997,12,4112,2721,1391
731,1998,1,4117,3441,676
731,1998,2,4120,2721,1399
731,1998,3,4124,6221,-2097
731,1998,4,4117,3321,796
731,1998,5,4121,2721,1400
731,1998,6,4121,3921,200
731,1998,7,4121,5881,-1760
731,1998,8,4117,5421,-1304
731,1998,9,4115,2721,1394
731,1998,10,4120,2721,1399
731,1998,11,4126,2721,1405
731,1998,12,4126,3856,270
732,1996,6,26083,0,26083
732,1996,7,17087,2800,14287
732,1996,8,17123,10100,7023
732,1996,9,17145,12300,4845
732,1996,10,17145,19844,-2699
732,1996,11,17130,22084,-4954
732,1996,12,25606,21384,4222
732,1997,1,17107,31824,-14717
732,1997,2,17081,18164,-1083
732,1997,3,17093,11144,5949
732,1997,4,17085,19624,-2539
732,1997,5,17081,21524,-4443
732,1997,6,25578,12544,13034
732,1997,7,17089,28804,-11715
732,1997,8,17070,31364,-14294
732,1997,9,17038,16244,794
732,1997,10,17041,16344,697
732,1997,11,17043,16544,499
732,1997,12,25540,19224,6316
732,1998,1,17050,29724,-12674
732,1998,2,17015,14824,2191
732,1998,3,17028,13844,3184
732,1998,4,17038,19544,-2506
732,1998,5,17025,20844,-3819
732,1998,6,25496,19744,5752
732,1998,7,17031,21744,-4713
732,1998,8,17013,16844,169
732,1998,9,17011,18044,-1033
732,1998,10,17018,5144,11874
732,1998,11,17048,25404,-8356
732,1998,12,25520,5129,20391
733,1995,5,27364,0,27364
733,1995,6,114,900,-786
733,1995,7,72571,37100,35471
733,1995,8,42979,18730,24249
733,1995,9,83060,84830,-1770
733,1995,10,48801,90430,-41629
733,1995,11,3323,19230,-15907
733,1995,12,122642,62130,60512
733,1996,1,40213,70782,-30569
733,1996,2,235,14030,-13795
733,1996,3,33352,8530,24822
733,1996,4,13591,17530,-3939
733,1996,5,63961,79847,-15886
733,1996,6,53558,31916,21642
733,1996,7,26463,25703,760
733,1996,8,47007,91802,-44795
733,1996,9,70370,24454,45916
733,1996,10,42124,79454,-37330
733,1996,11,142,2530,-2388
733,1996,12,54196,17595,36601
733,1997,1,30336,49030,-18694
733,1997,2,29447,12230,17217
733,1997,3,40191,30230,9961
733,1997,4,66835,73330,-6495
733,1997,5,21280,31530,-10250
733,1997,6,42861,12330,30531
733,1997,7,11912,31430,-19518
733,1997,8,5219,31696,-26477
733,1997,9,185,2530,-2345
733,1997,10,175,630,-455
733,1997,11,111,21509,-21398
733,1997,12,29646,9129,20517
733,1998,1,110254,93730,16524
733,1998,2,128060,114830,13230
733,1998,3,104564,66930,37634
733,1998,4,156821,190230,-33409
733,1998,5,307,27430,-27123
733,1998,6,100779,88930,11849
733,1998,7,17041,28430,-11389
733,1998,8,1599,30,1569
733,1998,9,53421,6330,47091
733,1998,10,98431,128330,-29899
733,1998,11,26433,33930,-7497
733,1998,12,88482,63800,24682
734,1996,4,3719,0,3719
734,1996,5,3426,0,3426
734,1996,6,3426,0,3426
734,1996,7,3426,0,3426
734,1996,8,3427,15,3412
734,1996,9,3486,2243,1243
734,1996,10,3491,2243,1248
734,1996,11,3496,2243,1253
734,1996,12,3495,5123,-1628
734,1997,1,3487,5213,-1726
734,1997,2,3487,2243,1244
734,1997,3,3487,4813,-1326
734,1997,4,3487,2243,1244
734,1997,5,3490,2543,947
734,1997,6,3487,4643,-1156
734,1997,7,3491,2243,1248
734,1997,8,3496,2243,1253
734,1997,9,3501,6303,-2802
734,1997,10,3494,6043,-2549
734,1997,11,3479,3373,106
734,1997,12,3479,2723,756
734,1998,1,3475,5843,-2368
734,1998,2,3469,3793,-324
734,1998,3,3471,2243,1228
734,1998,4,3476,2243,1233
734,1998,5,3477,8033,-4556
734,1998,6,3463,2243,1220
734,1998,7,3468,2243,1225
734,1998,8,3473,2243,1230
734,1998,9,3478,2243,1235
734,1998,10,3483,2243,1240
734,1998,11,3484,3713,-229
734,1998,12,3484,3848,-364
735,1997,9,500,0,500
735,1997,10,6048,0,6048
735,1997,11,6048,0,6048
735,1997,12,6048,0,6048
735,1998,1,6048,0,6048
735,1998,2,6053,15,6038
735,1998,3,6179,4991,1188
735,1998,4,6177,8191,-2014
735,1998,5,6153,15471,-9318
735,1998,6,6138,4091,2047
735,1998,7,6138,9111,-2973
735,1998,8,6136,3591,2545
735,1998,9,6146,3591,2555
735,1998,10,6157,3591,2566
735,1998,11,6168,3591,2577
735,1998,12,6171,5896,275
736,1997,12,4542,0,4542
736,1998,1,4050,0,4050
736,1998,2,4050,0,4050
736,1998,3,4050,0,4050
736,1998,4,4052,15,4037
736,1998,5,4122,2134,1988
736,1998,6,4112,11584,-7472
736,1998,7,4099,2134,1965
736,1998,8,4107,2134,1973
736,1998,9,4115,2134,1981
736,1998,10,4121,3734,387
736,1998,11,4119,3254,865
736,1998,12,4124,3469,655
737,1993,12,5211,0,5211
737,1994,1,4519,0,4519
737,1994,2,4519,0,4519
737,1994,3,4519,0,4519
737,1994,4,4521,15,4506
737,1994,5,4599,2832,1767
737,1994,6,4594,6032,-1438
737,1994,7,4600,2832,1768
737,1994,8,4607,2832,1775
737,1994,9,4615,2832,1783
737,1994,10,4622,2832,1790
737,1994,11,4621,4932,-311
737,1994,12,4613,7342,-2729
737,1995,1,4611,4282,329
737,1995,2,4618,2832,1786
737,1995,3,4614,5832,-1218
737,1995,4,4605,7232,-2627
737,1995,5,4595,8632,-4037
737,1995,6,4561,10692,-6131
737,1995,7,4567,2832,1735
737,1995,8,4571,4352,219
737,1995,9,4575,3232,1343
737,1995,10,4579,4752,-173
737,1995,11,4578,3632,946
737,1995,12,4575,5612,-1037
737,1996,1,4575,4832,-257
737,1996,2,4578,2832,1746
737,1996,3,4586,2832,1754
737,1996,4,4593,2832,1761
737,1996,5,4599,4232,367
737,1996,6,4600,10182,-5582
737,1996,7,4578,2932,1646
737,1996,8,4585,2832,1753
737,1996,9,4593,2832,1761
737,1996,10,4599,3632,967
737,1996,11,4603,3232,1371
737,1996,12,4609,3982,627
737,1997,1,4603,5332,-729
737,1997,2,4609,2832,1777
737,1997,3,4616,2832,1784
737,1997,4,4615,5312,-697
737,1997,5,4621,2832,1789
737,1997,6,4626,11632,-7006
737,1997,7,4599,2832,1767
737,1997,8,4599,5392,-793
737,1997,9,4600,7472,-2872
737,1997,10,4591,2832,1759
737,1997,11,4589,8032,-3443
737,1997,12,4580,3932,648
737,1998,1,4586,4732,-146
737,1998,2,4585,2832,1753
737,1998,3,4593,2832,1761
737,1998,4,4593,6032,-1439
737,1998,5,4594,2832,1762
737,1998,6,4585,7382,-2797
737,1998,7,4586,6192,-1606
737,1998,8,4582,3472,1110
737,1998,9,4587,2832,1755
737,1998,10,4592,5312,-720
737,1998,11,4585,5312,-727
737,1998,12,4585,3517,1068
738,1993,6,300,0,300
738,1993,7,26186,0,26186
738,1993,8,23475,12500,10975
738,1993,9,23511,18400,5111
738,1993,10,23526,22500,1026
738,1993,11,23566,22238,1328
738,1993,12,35267,31338,3929
738,1994,1,23555,33938,-10383
738,1994,2,23545,20338,3207
738,1994,3,23558,21638,1920
738,1994,4,23561,23438,123
738,1994,5,23560,23638,-78
738,1994,6,35226,36038,-812
738,1994,7,23551,23638,-87
738,1994,8,23548,25638,-2090
738,1994,9,23549,19938,3611
738,1994,10,23555,23638,-83
738,1994,11,23543,28238,-4695
738,1994,12,35242,26238,9004
738,1995,1,23557,28238,-4681
738,1995,2,23557,19838,3719
738,1995,3,23566,23338,228
738,1995,4,23571,21838,1733
738,1995,5,23565,24338,-773
738,1995,6,35242,41738,-6496
738,1995,7,23552,18538,5014
738,1995,8,23556,23838,-282
738,1995,9,23560,21138,2422
738,1995,10,23558,26938,-3380
738,1995,11,23555,20938,2617
738,1995,12,35253,30038,5215
738,1996,1,23560,33138,-9578
738,1996,2,23567,14838,8729
738,1996,3,23585,19838,3747
738,1996,4,23589,23538,51
738,1996,5,23605,19838,3767
738,1996,6,35277,36538,-1261
738,1996,7,23596,22838,758
738,1996,8,23654,7538,16116
738,1996,9,23698,13938,9760
738,1996,10,23709,21938,1771
738,1996,11,23705,27638,-3933
738,1996,12,35396,30138,5258
738,1997,1,23680,49138,-25458
738,1997,2,23668,7338,16330
738,1997,3,23698,17838,5860
738,1997,4,23691,27638,-3947
738,1997,5,23675,43038,-19363
738,1997,6,35364,32538,2826
738,1997,7,23679,24438,-759
738,1997,8,23673,23938,-265
738,1997,9,23672,22538,1134
738,1997,10,23674,22638,1036
738,1997,11,23679,21138,2541
738,1997,12,35392,29238,6154
738,1998,1,23689,32438,-8749
738,1998,2,23679,17138,6541
738,1998,3,23701,24638,-937
738,1998,4,23698,22638,1060
738,1998,5,23702,20738,2964
738,1998,6,35374,45638,-10264
738,1998,7,23669,20838,2831
738,1998,8,23674,24438,-764
738,1998,9,23666,30538,-6872
738,1998,10,23638,25038,-1400
738,1998,11,23634,23238,396
738,1998,12,35333,31323,4010
739,1996,3,1100,0,1100
739,1996,4,24061,0,24061
739,1996,5,23737,13500,10237
739,1996,6,35598,19900,15698
739,1996,7,23825,23200,625
739,1996,8,23828,23115,713
739,1996,9,23830,24719,-889
739,1996,10,23828,24019,-191
739,1996,11,23869,23119,750
739,1996,12,35708,32219,3489
739,1997,1,23846,25899,-2053
739,1997,2,23840,18819,5021
739,1997,3,23867,31079,-7212
739,1997,4,23850,12919,10931
739,1997,5,23885,17119,6766
739,1997,6,35688,35179,509
739,1997,7,23880,28719,-4839
739,1997,8,23858,28119,-4261
739,1997,9,23855,25819,-1964
739,1997,10,23847,27299,-3452
739,1997,11,23808,28719,-4911
739,1997,12,35657,19119,16538
739,1998,1,23823,46339,-22516
739,1998,2,23795,18719,5076
739,1998,3,23813,20219,3594
739,1998,4,23812,25419,-1607
739,1998,5,23802,31579,-7777
739,1998,6,35606,23519,12087
739,1998,7,23807,30919,-7112
739,1998,8,23793,25619,-1826
739,1998,9,23789,24219,-430
739,1998,10,23775,28319,-4544
739,1998,11,23764,25619,-1855
739,1998,12,35615,18304,17311
740,1994,4,400,0,400
740,1994,5,13800,0,13800
740,1994,6,5600,0,5600
740,1994,7,0,600,-600
740,1994,8,500,0,500
740,1994,9,2500,0,2500
740,1994,10,3,2700,-2697
740,1994,11,81,1300,-1219
740,1994,12,181,0,181
740,1995,1,2300,0,2300
740,1995,2,171,2000,-1829
740,1995,3,2381,0,2381
740,1995,4,81,700,-619
740,1995,5,1281,0,1281
740,1995,6,581,0,581
740,1995,7,81,400,-319
740,1995,8,81,2800,-2719
740,1995,9,81,1400,-1319
740,1995,10,1681,0,1681
740,1995,11,81,1000,-919
740,1995,12,1281,0,1281
740,1996,1,81,600,-519
740,1996,3,4281,0,4281
740,1996,4,81,2000,-1919
740,1996,5,381,0,381
740,1996,6,81,1800,-1719
740,1996,7,281,0,281
740,1996,8,3481,0,3481
740,1996,9,181,0,181
740,1996,10,81,2800,-2719
740,1996,11,81,100,-19
740,1996,12,1081,0,1081
740,1997,1,81,800,-719
740,1997,2,881,0,881
740,1997,3,81,2400,-2319
740,1997,4,3881,0,3881
740,1997,5,81,900,-819
740,1997,6,81,1600,-1519
740,1997,7,3181,0,3181
740,1997,8,81,1300,-1219
740,1997,9,81,6200,-6119
740,1997,10,1681,0,1681
740,1997,11,1881,0,1881
740,1997,12,81,400,-319
740,1998,1,81,1300,-1219
740,1998,2,6081,0,6081
740,1998,3,81,2400,-2319
740,1998,4,1881,0,1881
740,1998,5,81,5000,-4919
740,1998,6,2481,0,2481
740,1998,7,81,2400,-2319
740,1998,8,2781,0,2781
740,1998,9,781,0,781
740,1998,10,81,3400,-3319
740,1998,11,1300,0,1300
741,1994,7,2505,0,2505
741,1994,8,54272,0,54272
741,1994,9,3200,17315,-14115
741,1994,10,6088,13565,-7477
741,1994,11,3138,5815,-2677
741,1994,12,3135,4915,-1780
741,1995,1,1408,17015,-15607
741,1995,2,6878,15,6863
741,1995,3,6607,15,6592
741,1995,4,1419,1315,104
741,1995,5,2324,15,2309
741,1995,6,1425,3615,-2190
741,1995,7,48085,24465,23620
741,1995,8,37235,7765,29470
741,1995,9,3279,27665,-24386
741,1995,10,3219,13265,-10046
741,1995,11,3186,8815,-5629
741,1995,12,3173,2215,958
741,1996,1,1426,26615,-25189
741,1996,2,10198,15,10183
741,1996,3,28440,15,28425
741,1996,4,1514,11515,-10001
741,1996,5,1488,3215,-1727
741,1996,6,1450,27815,-26365
741,1996,7,17117,15,17102
741,1996,8,5958,15,5943
741,1996,9,6184,15,6169
741,1996,10,3199,4715,-1516
741,1996,11,3195,6915,-3720
741,1996,12,29332,15115,14217
741,1997,1,2095,13215,-11120
741,1997,2,1486,3415,-1929
741,1997,3,1479,815,664
741,1997,4,1482,1915,-433
741,1997,5,1480,215,1265
741,1997,6,11979,22815,-10836
741,1997,7,5547,15,5532
741,1997,8,39180,14415,24765
741,1997,9,3264,9115,-5851
741,1997,10,3240,8315,-5075
741,1997,11,52207,31615,20592
741,1997,12,3296,14915,-11619
741,1998,1,3243,16665,-13422
741,1998,2,3203,3365,-162
741,1998,3,3707,15,3692
741,1998,4,8522,4365,4157
741,1998,5,5341,15,5326
741,1998,6,61825,39515,22310
741,1998,7,1634,12815,-11181
741,1998,8,1588,11215,-9627
741,1998,9,1554,6115,-4561
741,1998,10,1540,2615,-1075
741,1998,11,1536,2015,-479
741,1998,12,1533,2200,-667
742,1994,1,400,0,400
742,1994,2,4263,0,4263
742,1994,3,4263,0,4263
742,1994,4,4263,0,4263
742,1994,5,4263,0,4263
742,1994,6,4298,3765,533
742,1994,7,4345,2063,2282
742,1994,8,4355,2063,2292
742,1994,9,4364,2063,2301
742,1994,10,4367,3903,464
742,1994,11,4375,3263,1112
742,1994,12,4376,5363,-987
742,1995,1,4355,12313,-7958
742,1995,2,4343,2063,2280
742,1995,3,4353,2163,2190
742,1995,4,4360,3663,697
742,1995,5,4365,2063,2302
742,1995,6,4365,6613,-2248
742,1995,7,4363,3563,800
742,1995,8,4368,2063,2305
742,1995,9,4371,4783,-412
742,1995,10,4369,6563,-2194
742,1995,11,4361,5623,-1262
742,1995,12,4361,2763,1598
742,1996,1,4336,13603,-9267
742,1996,2,4323,5023,-700
742,1996,3,4324,3023,1301
742,1996,4,4330,3503,827
742,1996,5,4336,2063,2273
742,1996,6,4342,4063,279
742,1996,7,4332,6223,-1891
742,1996,8,4338,2063,2275
742,1996,9,4344,3763,581
742,1996,10,4350,2063,2287
742,1996,11,4358,3263,1095
742,1996,12,4353,7323,-2970
742,1997,1,4345,7583,-3238
742,1997,2,4338,2063,2275
742,1997,3,4346,2703,1643
742,1997,4,4354,2063,2291
742,1997,5,4364,2063,2301
742,1997,6,4358,8763,-4405
742,1997,7,4349,4163,186
742,1997,8,4356,2063,2293
742,1997,9,4363,2863,1500
742,1997,10,4371,2063,2308
742,1997,11,4357,10363,-6006
742,1997,12,4355,3113,1242
742,1998,1,4341,10343,-6002
742,1998,2,4336,2063,2273
742,1998,3,4345,2703,1642
742,1998,4,4350,9023,-4673
742,1998,5,4333,2063,2270
742,1998,6,4342,2063,2279
742,1998,7,4350,2783,1567
742,1998,8,4358,2063,2295
742,1998,9,4367,2063,2304
742,1998,10,4377,2063,2314
742,1998,11,4386,2063,2323
742,1998,12,4379,8188,-3809
743,1993,11,4957,0,4957
743,1993,12,4461,0,4461
743,1994,1,4461,0,4461
743,1994,2,4461,0,4461
743,1994,3,4512,2706,1806
743,1994,4,4528,5986,-1458
743,1994,5,4524,2706,1818
743,1994,6,4529,3746,783
743,1994,7,4530,6546,-2016
743,1994,8,4526,2706,1820
743,1994,9,4534,2706,1828
743,1994,10,4541,3206,1335
743,1994,11,4547,2706,1841
743,1994,12,4551,3856,695
743,1995,1,4540,14946,-10406
743,1995,2,4514,2706,1808
743,1995,3,4514,5106,-592
743,1995,4,4519,2706,1813
743,1995,5,4527,2706,1821
743,1995,6,4528,5656,-1128
743,1995,7,4530,2706,1824
743,1995,8,4530,4786,-256
743,1995,9,4529,5826,-1297
743,1995,10,4526,4146,380
743,1995,11,4532,2706,1826
743,1995,12,4539,3006,1533
743,1996,1,4528,12076,-7548
743,1996,2,4514,2706,1808
743,1996,3,4522,2706,1816
743,1996,4,4530,2706,1824
743,1996,5,4537,2706,1831
743,1996,6,4541,4546,-5
743,1996,7,4545,2706,1839
743,1996,8,4552,2706,1846
743,1996,9,4560,2706,1854
743,1996,10,4568,2706,1862
743,1996,11,4574,6226,-1652
743,1996,12,4567,3556,1011
743,1997,1,4550,15226,-10676
743,1997,2,4520,6146,-1626
743,1997,3,4521,2706,1815
743,1997,4,4529,2706,1823
743,1997,5,4536,2706,1830
743,1997,6,4535,6466,-1931
743,1997,7,4536,2706,1830
743,1997,8,4538,4466,72
743,1997,9,4544,2706,1838
743,1997,10,4551,2706,1845
743,1997,11,4559,2706,1853
743,1997,12,4551,7346,-2795
743,1998,1,4534,13956,-9422
743,1998,2,4515,2706,1809
743,1998,3,4523,2706,1817
743,1998,4,4520,7906,-3386
743,1998,5,4515,5586,-1071
743,1998,6,4512,2706,1806
743,1998,7,4519,2706,1813
743,1998,8,4527,2706,1821
743,1998,9,4534,2706,1828
743,1998,10,4542,2706,1836
743,1998,11,4549,2706,1843
743,1998,12,4540,7351,-2811
744,1993,3,6156,0,6156
744,1993,4,5766,0,5766
744,1993,5,5766,0,5766
744,1993,6,5766,0,5766
744,1993,7,5769,15,5754
744,1993,8,5871,2180,3691
744,1993,9,5865,8280,-2415
744,1993,10,5862,6360,-498
744,1993,11,5859,6280,-421
744,1993,12,5846,10310,-4464
744,1994,1,5832,14400,-8568
744,1994,2,5817,2180,3637
744,1994,3,5833,3880,1953
744,1994,4,5841,2180,3661
744,1994,5,5857,2280,3577
744,1994,6,5868,12880,-7012
744,1994,7,5842,2180,3662
744,1994,8,5851,3820,2031
744,1994,9,5864,5280,584
744,1994,10,5861,7420,-1559
744,1994,11,5860,3880,1980
744,1994,12,5866,8610,-2744
744,1995,1,5825,16760,-10935
744,1995,2,5812,2580,3232
744,1995,3,5826,2180,3646
744,1995,4,5841,2180,3661
744,1995,5,5847,4740,1107
744,1995,6,5846,16410,-10564
744,1995,7,5817,2180,3637
744,1995,8,5831,3700,2131
744,1995,9,5840,3080,2760
744,1995,10,5839,7740,-1901
744,1995,11,5844,2180,3664
744,1995,12,5851,5930,-79
744,1996,1,5816,17970,-12154
744,1996,2,5808,2180,3628
744,1996,3,5819,5180,639
744,1996,4,5818,7280,-1462
744,1996,5,5817,4280,1537
744,1996,6,5813,9020,-3207
744,1996,7,5806,5880,-74
744,1996,8,5804,6780,-976
744,1996,9,5799,6780,-981
744,1996,10,5805,2180,3625
744,1996,11,5807,7780,-1973
744,1996,12,5811,3430,2381
744,1997,1,5814,8660,-2846
744,1997,2,5808,2980,2828
744,1997,3,5821,2180,3641
744,1997,4,5811,12880,-7069
744,1997,5,5807,2180,3627
744,1997,6,5818,3860,1958
744,1997,7,5830,2180,3650
744,1997,8,5845,2180,3665
744,1997,9,5859,3620,2239
744,1997,10,5869,2180,3689
744,1997,11,5874,5140,734
744,1997,12,5885,3530,2355
744,1998,1,5873,17430,-11557
744,1998,2,5847,3060,2787
744,1998,3,5861,2180,3681
744,1998,4,5875,4420,1455
744,1998,5,5882,2180,3702
744,1998,6,5870,11290,-5420
744,1998,7,5875,2180,3695
744,1998,8,5876,9060,-3184
744,1998,9,5876,2180,3696
744,1998,10,5892,2180,3712
744,1998,11,5893,7700,-1807
744,1998,12,5899,2515,3384
745,1997,10,5852,0,5852
745,1997,11,4762,0,4762
745,1997,12,4762,0,4762
745,1998,1,4762,0,4762
745,1998,2,4805,1980,2825
745,1998,3,4845,1980,2865
745,1998,4,4835,8240,-3405
745,1998,5,4843,1980,2863
745,1998,6,4850,7850,-3000
745,1998,7,4838,1980,2858
745,1998,8,4847,4980,-133
745,1998,9,4842,4780,62
745,1998,10,4845,4540,305
745,1998,11,4845,4080,765
745,1998,12,4842,5565,-723
746,1995,5,500,0,500
746,1995,6,5178,0,5178
746,1995,7,5178,0,5178
746,1995,8,5178,0,5178
746,1995,9,5178,0,5178
746,1995,10,5234,3467,1767
746,1995,11,5278,3467,1811
746,1995,12,5279,7747,-2468
746,1996,1,5274,4867,407
746,1996,2,5277,4767,510
746,1996,3,5272,7647,-2375
746,1996,4,5269,3467,1802
746,1996,5,5278,4267,1011
746,1996,6,5281,3467,1814
746,1996,7,5288,4767,521
746,1996,8,5292,4067,1225
746,1996,9,5297,4267,1030
746,1996,10,5298,7267,-1969
746,1996,11,5287,6327,-1040
746,1996,12,5283,9167,-3884
746,1997,1,5270,7227,-1957
746,1997,2,5260,4827,433
746,1997,3,5257,8267,-3010
746,1997,4,5252,5367,-115
746,1997,5,5252,3467,1785
746,1997,6,5258,5467,-209
746,1997,7,5258,3467,1791
746,1997,8,5264,5227,37
746,1997,9,5264,6367,-1103
746,1997,10,5261,3467,1794
746,1997,11,5268,3467,1801
746,1997,12,5276,5567,-291
746,1998,1,5273,6427,-1154
746,1998,2,5270,3467,1803
746,1998,3,5277,4267,1010
746,1998,4,5281,3567,1714
746,1998,5,5288,4267,1021
746,1998,6,5290,5767,-477
746,1998,7,5291,3467,1824
746,1998,8,5296,4867,429
746,1998,9,5300,3467,1833
746,1998,10,5308,3467,1841
746,1998,11,5315,3467,1848
746,1998,12,5321,4452,869
747,1993,8,5123,0,5123
747,1993,9,14470,0,14470
747,1993,10,6810,0,6810
747,1993,11,4128,600,3528
747,1993,12,6152,2335,3817
747,1994,1,4811,19727,-14916
747,1994,2,6496,7607,-1111
747,1994,3,9002,2687,6315
747,1994,4,4110,3087,1023
747,1994,5,5914,8207,-2293
747,1994,6,11302,12287,-985
747,1994,7,5800,7247,-1447
747,1994,8,4698,2687,2011
747,1994,9,4095,5507,-1412
747,1994,10,6306,2687,3619
747,1994,11,4109,3787,322
747,1994,12,8023,5247,2776
747,1995,1,5889,14387,-8498
747,1995,2,4092,2687,1405
747,1995,3,5889,10127,-4238
747,1995,4,5483,2687,2796
747,1995,5,7300,5387,1913
747,1995,6,6411,2687,3724
747,1995,7,7909,10727,-2818
747,1995,8,4104,3187,917
747,1995,9,4107,3187,920
747,1995,10,4108,9087,-4979
747,1995,11,4088,6587,-2499
747,1995,12,7181,6687,494
747,1996,1,6271,7127,-856
747,1996,2,6180,2687,3493
747,1996,3,4090,6287,-2197
747,1996,4,4081,6007,-1926
747,1996,5,5477,2687,2790
747,1996,6,6095,5287,808
747,1996,7,5686,5687,-1
747,1996,8,4090,3487,603
747,1996,9,4582,5207,-625
747,1996,10,4090,3387,703
747,1996,11,4088,6587,-2499
747,1996,12,9586,8847,739
747,1997,1,6470,8927,-2457
747,1997,2,7781,2687,5094
747,1997,3,4998,2687,2311
747,1997,4,4105,3287,818
747,1997,5,4103,4547,-444
747,1997,6,6816,5207,1609
747,1997,7,4105,6827,-2722
747,1997,8,6608,2687,3921
747,1997,9,4118,3707,411
747,1997,10,4521,6767,-2246
747,1997,11,6316,2687,3629
747,1997,12,6115,10767,-4652
747,1998,1,6696,10607,-3911
747,1998,2,9603,2687,6916
747,1998,3,8813,6647,2166
747,1998,4,4109,8027,-3918
747,1998,5,4111,3087,1024
747,1998,6,6112,8787,-2675
747,1998,7,4406,2687,1719
747,1998,8,4111,3187,924
747,1998,9,4818,2687,2131
747,1998,10,4106,9687,-5581
747,1998,11,4095,6187,-2092
747,1998,12,6097,7712,-1615
748,1993,4,700,0,700
748,1993,5,15590,0,15590
748,1993,6,14706,5200,9506
748,1993,7,9857,6200,3657
748,1993,8,9895,8100,1795
748,1993,9,9867,12207,-2340
748,1993,10,9867,7907,1960
748,1993,11,9852,15887,-6035
748,1993,12,14729,11587,3142
748,1994,1,9826,23987,-14161
748,1994,2,17635,6507,11128
748,1994,3,9850,10647,-797
748,1994,4,12349,9867,2482
748,1994,5,9855,8607,1248
748,1994,6,14711,17387,-2676
748,1994,7,12264,6507,5757
748,1994,8,9877,12407,-2530
748,1994,9,11559,10827,732
748,1994,10,9846,15207,-5361
748,1994,11,11448,6507,4941
748,1994,12,14743,13227,1516
748,1995,1,19234,25827,-6593
748,1995,2,13844,9147,4697
748,1995,3,9866,8207,1659
748,1995,4,10073,6507,3566
748,1995,5,9885,11507,-1622
748,1995,6,14932,19307,-4375
748,1995,7,9861,9407,454
748,1995,8,9965,6507,3458
748,1995,9,10276,9147,1129
748,1995,10,9881,9707,174
748,1995,11,9880,11207,-1327
748,1995,12,14757,10507,4250
748,1996,1,12568,25707,-13139
748,1996,2,14146,6507,7639
748,1996,3,9873,6807,3066
748,1996,4,9883,9007,876
748,1996,5,9889,6907,2982
748,1996,6,14769,22207,-7438
748,1996,7,14666,11787,2879
748,1996,8,11185,6507,4678
748,1996,9,13591,12147,1444
748,1996,10,12308,9987,2321
748,1996,11,10719,6507,4212
748,1996,12,14807,15627,-820
748,1997,1,16618,20547,-3929
748,1997,2,14817,11907,2910
748,1997,3,18942,7227,11715
748,1997,4,11270,9747,1523
748,1997,5,13489,6507,6982
748,1997,6,33739,47307,-13568
748,1997,7,15166,6507,8659
748,1997,8,14187,11907,2280
748,1997,9,11998,12027,-29
748,1997,10,12105,6507,5598
748,1997,11,15436,6507,8929
748,1997,12,14927,13627,1300
748,1998,1,10030,30227,-20197
748,1998,2,17200,6507,10693
748,1998,3,15239,6507,8732
748,1998,4,14273,6507,7766
748,1998,5,14105,6507,7598
748,1998,6,14975,29667,-14692
748,1998,7,19591,6507,13084
748,1998,8,11523,6507,5016
748,1998,9,10138,7007,3131
748,1998,10,10138,13867,-3729
748,1998,11,10118,12107,-1989
748,1998,12,15004,11452,3552
749,1997,3,600,0,600
749,1997,4,18879,0,18879
749,1997,5,8345,1300,7045
749,1997,6,12505,3600,8905
749,1997,7,8403,7500,903
749,1997,8,8403,13758,-5355
749,1997,9,8385,10083,-1698
749,1997,10,8380,8583,-203
749,1997,11,10867,13323,-2456
749,1997,12,12497,11263,1234
749,1998,1,15080,14883,197
749,1998,2,16195,5283,10912
749,1998,3,11921,9603,2318
749,1998,4,8425,10683,-2258
749,1998,5,8419,8123,296
749,1998,6,12539,13803,-1264
749,1998,7,8404,13683,-5279
749,1998,8,8391,9283,-892
749,1998,9,9198,5283,3915
749,1998,10,8411,6183,2228
749,1998,11,8404,11623,-3219
749,1998,12,12516,17128,-4612
750,1993,9,1000,0,1000
750,1993,10,20872,0,20872
750,1993,11,17956,0,17956
750,1993,12,25454,5900,19554
750,1994,1,17064,19600,-2536
750,1994,2,17046,22730,-5684
750,1994,3,17042,21330,-4288
750,1994,4,17016,18230,-1214
750,1994,5,17004,21170,-4166
750,1994,6,25423,39970,-14547
750,1994,7,16959,8530,8429
750,1994,8,16990,10030,6960
750,1994,9,17006,14730,2276
750,1994,10,17000,21410,-4410
750,1994,11,17000,13910,3090
750,1994,12,25445,18890,6555
750,1995,1,16987,35270,-18283
750,1995,2,18090,10710,7380
750,1995,3,16994,13830,3164
750,1995,4,17016,10530,6486
750,1995,5,17035,13730,3305
750,1995,6,25419,47330,-21911
750,1995,7,19784,6630,13154
750,1995,8,17023,14070,2953
750,1995,9,17019,21290,-4271
750,1995,10,17030,11030,6000
750,1995,11,17039,10830,6209
750,1995,12,25472,32510,-7038
750,1996,1,17383,32470,-15087
750,1996,2,16983,10230,6753
750,1996,3,17030,16330,700
750,1996,4,17017,16930,87
750,1996,5,17005,15370,1635
750,1996,6,26114,35590,-9476
750,1996,7,16993,11630,5363
750,1996,8,17013,12930,4083
750,1996,9,17006,19170,-2164
750,1996,10,17020,11730,5290
750,1996,11,17022,17650,-628
750,1996,12,25466,16070,9396
750,1997,1,17046,24890,-7844
750,1997,2,17042,11930,5112
750,1997,3,17050,15330,1720
750,1997,4,17050,18750,-1700
750,1997,5,17063,12430,4633
750,1997,6,25486,30470,-4984
750,1997,7,17046,15630,1416
750,1997,8,17049,17530,-481
750,1997,9,17044,17730,-686
750,1997,10,17053,15230,1823
750,1997,11,17051,15330,1721
750,1997,12,25469,27850,-2381
750,1998,1,17003,35830,-18827
750,1998,2,16980,11230,5750
750,1998,3,17004,12130,4874
750,1998,4,17015,13430,3585
750,1998,5,17031,16630,401
750,1998,6,25411,36790,-11379
750,1998,7,16976,15070,1906
750,1998,8,16982,21730,-4748
750,1998,9,16958,18630,-1672
750,1998,10,16948,26050,-9102
750,1998,11,16936,8530,8406
750,1998,12,25389,17015,8374
751,1993,5,900,0,900
751,1993,6,4350,0,4350
751,1993,7,4350,0,4350
751,1993,8,4350,0,4350
751,1993,9,4350,0,4350
751,1993,10,4406,6938,-2532
751,1993,11,4422,2378,2044
751,1993,12,4430,3288,1142
751,1994,1,4420,10298,-5878
751,1994,2,4411,2378,2033
751,1994,3,4420,2378,2042
751,1994,4,4421,4698,-277
751,1994,5,4426,2858,1568
751,1994,6,4424,5178,-754
751,1994,7,4422,5738,-1316
751,1994,8,4416,5338,-922
751,1994,9,4421,2378,2043
751,1994,10,4430,2378,2052
751,1994,11,4438,2378,2060
751,1994,12,4446,3278,1168
751,1995,1,4434,10618,-6184
751,1995,2,4426,2378,2048
751,1995,3,4434,3498,936
751,1995,4,4438,2378,2060
751,1995,5,4447,2378,2069
751,1995,6,4453,3078,1375
751,1995,7,4458,4938,-480
751,1995,8,4459,2978,1481
751,1995,9,4465,4278,187
751,1995,10,4464,6278,-1814
751,1995,11,4458,3078,1380
751,1995,12,4462,3908,554
751,1996,1,4450,11498,-7048
751,1996,2,4437,2378,2059
751,1996,3,4445,2778,1667
751,1996,4,4451,3478,973
751,1996,5,4455,3478,977
751,1996,6,4459,4478,-19
751,1996,7,4460,2378,2082
751,1996,8,4463,5178,-715
751,1996,9,4458,6078,-1620
751,1996,10,4459,6858,-2399
751,1996,11,4450,3818,632
751,1996,12,4442,6888,-2446
751,1997,1,4414,9818,-5404
751,1997,2,4419,2378,2041
751,1997,3,4426,3738,688
751,1997,4,4424,4378,46
751,1997,5,4430,2378,2052
751,1997,6,4439,2378,2061
751,1997,7,4445,3178,1267
751,1997,8,4449,3498,951
751,1997,9,4456,2378,2078
751,1997,10,4465,2378,2087
751,1997,11,4473,2478,1995
751,1997,12,4471,8378,-3907
751,1998,1,4444,11918,-7474
751,1998,2,4431,3678,753
751,1998,3,4428,6878,-2450
751,1998,4,4427,2378,2049
751,1998,5,4430,5318,-888
751,1998,6,4419,7978,-3559
751,1998,7,4417,2378,2039
751,1998,8,4425,2378,2047
751,1998,9,4421,7478,-3057
751,1998,10,4421,2378,2043
751,1998,11,4425,4938,-513
751,1998,12,4426,2613,1813
752,1997,1,700,0,700
752,1997,2,18161,0,18161
752,1997,3,11598,6300,5298
752,1997,4,11616,8100,3516
752,1997,5,11616,13000,-1384
752,1997,6,17340,30322,-12982
752,1997,7,11563,11822,-259
752,1997,8,11566,10522,1044
752,1997,9,11557,14822,-3265
752,1997,10,11541,15222,-3681
752,1997,11,11556,5722,5834
752,1997,12,17306,20822,-3516
752,1998,1,11537,16222,-4685
752,1998,2,11546,5722,5824
752,1998,3,11534,17222,-5688
752,1998,4,11533,11622,-89
752,1998,5,11547,5722,5825
752,1998,6,17342,5722,11620
752,1998,7,11619,5722,5897
752,1998,8,11597,19822,-8225
752,1998,9,11564,20282,-8718
752,1998,10,11573,5722,5851
752,1998,11,11598,5722,5876
752,1998,12,17365,15607,1758
753,1996,8,1100,0,1100
753,1996,9,6661,0,6661
753,1996,10,6661,0,6661
753,1996,11,6713,1400,5313
753,1996,12,6750,4200,2550
753,1997,1,6741,15777,-9036
753,1997,2,6732,1817,4915
753,1997,3,6758,1617,5141
753,1997,4,6759,6957,-198
753,1997,5,6746,12077,-5331
753,1997,6,6729,9517,-2788
753,1997,7,6722,7417,-695
753,1997,8,6729,4317,2412
753,1997,9,6751,3417,3334
753,1997,10,6765,7417,-652
753,1997,11,6758,3117,3641
753,1997,12,6763,7267,-504
753,1998,1,6746,13097,-6351
753,1998,2,6744,1617,5127
753,1998,3,6757,5437,1320
753,1998,4,6765,3717,3048
753,1998,5,6752,12357,-5605
753,1998,6,6750,5617,1133
753,1998,7,6749,8217,-1468
753,1998,8,6758,2257,4501
753,1998,9,6781,5377,1404
753,1998,10,6742,14617,-7875
753,1998,11,6736,6317,419
753,1998,12,6738,6352,386
754,1995,6,800,0,800
754,1995,7,6248,0,6248
754,1995,8,6248,0,6248
754,1995,9,6248,0,6248
754,1995,10,6332,1700,4632
754,1995,11,6356,6498,-142
754,1995,12,6354,5198,1156
754,1996,1,6360,4898,1462
754,1996,2,6368,6058,310
754,1996,3,6367,4998,1369
754,1996,4,6379,3098,3281
754,1996,5,6381,6498,-117
754,1996,6,6368,9898,-3530
754,1996,7,6371,4898,1473
754,1996,8,6379,5098,1281
754,1996,9,6386,6958,-572
754,1996,10,6387,6098,289
754,1996,11,6385,10198,-3813
754,1996,12,6370,5098,1272
754,1997,1,6358,12718,-6360
754,1997,2,6344,8318,-1974
754,1997,3,6342,3098,3244
754,1997,4,6355,3098,3257
754,1997,5,6368,4898,1470
754,1997,6,6372,6948,-576
754,1997,7,6370,4218,2152
754,1997,8,6371,8538,-2167
754,1997,9,6370,6498,-128
754,1997,10,6360,11598,-5238
754,1997,11,6348,5598,750
754,1997,12,6350,7648,-1298
754,1998,1,6336,8998,-2662
754,1998,2,6336,3098,3238
754,1998,3,6344,5058,1286
754,1998,4,6354,3798,2556
754,1998,5,6360,8298,-1938
754,1998,6,6336,9998,-3662
754,1998,7,6335,8698,-2363
754,1998,8,6318,10938,-4620
754,1998,9,6312,3898,2414
754,1998,10,6323,3098,3225
754,1998,11,6332,5018,1314
754,1998,12,6340,4083,2257
755,1997,9,900,0,900
755,1997,10,26999,0,26999
755,1997,11,24803,15400,9403
755,1997,12,37186,23600,13586
755,1998,1,24889,27300,-2411
755,1998,2,24882,28215,-3333
755,1998,3,24905,23147,1758
755,1998,4,24904,25987,-1083
755,1998,5,24891,28087,-3196
755,1998,6,37261,27947,9314
755,1998,7,24921,33987,-9066
755,1998,8,24891,21147,3744
755,1998,9,24903,24447,456
755,1998,10,24900,25947,-1047
755,1998,11,24868,30427,-5559
755,1998,12,37262,9812,27450
756,1995,1,300,0,300
756,1995,2,9800,0,9800
756,1995,3,9100,0,9100
756,1995,4,4500,0,4500
756,1995,5,0,1000,-1000
756,1995,6,300,0,300
756,1995,7,4600,0,4600
756,1995,8,500,0,500
756,1995,9,0,100,-100
756,1995,10,4000,0,4000
756,1995,11,200,0,200
756,1995,12,1700,0,1700
756,1996,1,600,0,600
756,1996,2,1800,0,1800
756,1996,3,200,0,200
756,1996,4,0,400,-400
756,1996,5,400,0,400
756,1996,6,0,500,-500
756,1996,7,1400,0,1400
756,1996,8,3000,0,3000
756,1996,9,600,0,600
756,1996,10,400,0,400
756,1996,11,1500,0,1500
756,1996,12,3500,0,3500
756,1997,1,4900,0,4900
756,1997,2,3500,0,3500
756,1997,3,2600,0,2600
756,1997,4,2200,0,2200
756,1997,5,5900,0,5900
756,1997,6,0,2800,-2800
756,1997,7,908,2600,-1692
756,1997,8,254,1400,-1146
756,1997,9,4254,0,4254
756,1997,10,2654,0,2654
756,1997,11,454,0,454
756,1997,12,1854,0,1854
756,1998,1,2754,0,2754
756,1998,2,254,1200,-946
756,1998,3,1154,0,1154
756,1998,4,254,1100,-846
756,1998,5,1554,0,1554
756,1998,6,754,0,754
756,1998,7,3854,0,3854
756,1998,8,754,0,754
756,1998,9,3054,0,3054
756,1998,10,2754,0,2754
756,1998,11,3500,0,3500
757,1993,7,900,0,900
757,1993,8,16481,0,16481
757,1993,9,9940,0,9940
757,1993,10,7868,4500,3368
757,1993,11,7875,8100,-225
757,1993,12,11764,8925,2839
757,1994,1,7889,8514,-625
757,1994,2,7883,13014,-5131
757,1994,3,7867,10714,-2847
757,1994,4,7860,5214,2646
757,1994,5,7869,5914,1955
757,1994,6,11766,8214,3552
757,1994,7,7888,7514,374
757,1994,8,7890,7114,776
757,1994,9,7884,9314,-1430
757,1994,10,7887,7214,673
757,1994,11,7884,10114,-2230
757,1994,12,11760,9414,2346
757,1995,1,7885,8314,-429
757,1995,2,7894,5114,2780
757,1995,3,7888,11114,-3226
757,1995,4,7887,7314,573
757,1995,5,7899,5814,2085
757,1995,6,11787,5114,6673
757,1995,7,7923,7214,709
757,1995,8,7929,5814,2115
757,1995,9,7936,7314,622
757,1995,10,7917,14614,-6697
757,1995,11,7915,6414,1501
757,1995,12,12899,10114,2785
757,1996,1,7923,10714,-2791
757,1996,2,7917,6614,1303
757,1996,3,8035,3114,4921
757,1996,4,7935,8414,-479
757,1996,5,7946,5214,2732
757,1996,6,11830,9014,2816
757,1996,7,7957,8014,-57
757,1996,8,7959,7314,645
757,1996,9,7954,9614,-1660
757,1996,10,7951,11314,-3363
757,1996,11,7957,8314,-357
757,1996,12,11838,9214,2624
757,1997,1,7967,4514,3453
757,1997,2,7980,6214,1766
757,1997,3,7986,9014,-1028
757,1997,4,7983,5614,2369
757,1997,5,8394,3114,5280
757,1997,6,11899,10814,1085
757,1997,7,8005,9714,-1709
757,1997,8,8007,8214,-207
757,1997,9,8005,10114,-2109
757,1997,10,8294,5014,3280
757,1997,11,8010,8514,-504
757,1997,12,11884,9214,2670
757,1998,1,10425,3814,6611
757,1998,2,8040,8114,-74
757,1998,3,8046,7714,332
757,1998,4,8045,11014,-2969
757,1998,5,8025,11314,-3289
757,1998,6,11906,8314,3592
757,1998,7,8539,6714,1825
757,1998,8,8044,6714,1330
757,1998,9,8040,11314,-3274
757,1998,10,8328,6314,2014
757,1998,11,8043,6214,1829
757,1998,12,11933,5399,6534
758,1997,12,800,0,800
758,1998,1,12600,0,12600
758,1998,2,6700,0,6700
758,1998,3,7200,0,7200
758,1998,4,0,600,-600
758,1998,5,0,4200,-4200
758,1998,6,0,1000,-1000
758,1998,7,0,2200,-2200
758,1998,8,900,0,900
758,1998,9,800,0,800
758,1998,10,1400,0,1400
758,1998,11,4400,0,4400
759,1993,8,13938,0,13938
759,1993,9,6187,0,6187
759,1993,10,3012,900,2112
759,1993,11,3021,1300,1721
759,1993,12,4535,1967,2568
759,1994,1,4136,6167,-2031
759,1994,2,3036,3967,-931
759,1994,3,3028,3267,-239
759,1994,4,5727,2597,3130
759,1994,5,3043,4267,-1224
759,1994,6,4032,3677,355
759,1994,7,3036,3967,-931
759,1994,8,3533,2387,1146
759,1994,9,6244,1967,4277
759,1994,10,3755,3017,738
759,1994,11,3060,3847,-787
759,1994,12,3052,5157,-2105
759,1995,1,4444,5927,-1483
759,1995,2,5642,2297,3345
759,1995,3,3055,2787,268
759,1995,4,3057,2767,290
759,1995,5,3960,2417,1543
759,1995,6,4160,10337,-6177
759,1995,7,8845,1967,6878
759,1995,8,3067,2367,700
759,1995,9,3972,1967,2005
759,1995,10,3077,2267,810
759,1995,11,4184,1967,2217
759,1995,12,3086,4047,-961
759,1996,1,3676,7697,-4021
759,1996,2,8075,3377,4698
759,1996,3,4292,1967,2325
759,1996,4,3094,4167,-1073
759,1996,5,3098,1967,1131
759,1996,6,6086,10187,-4101
759,1996,7,3076,4767,-1691
759,1996,8,5579,2987,2592
759,1996,9,6192,1967,4225
759,1996,10,5508,1967,3541
759,1996,11,3516,3347,169
759,1996,12,6822,2177,4645
759,1997,1,8035,6767,1268
759,1997,2,10058,1967,8091
759,1997,3,3170,4307,-1137
759,1997,4,7884,3437,4447
759,1997,5,3791,1967,1824
759,1997,6,6188,8717,-2529
759,1997,7,8600,1967,6633
759,1997,8,6025,1967,4058
759,1997,9,5636,1967,3669
759,1997,10,3243,3607,-364
759,1997,11,7454,1967,5487
759,1997,12,3263,4547,-1284
759,1998,1,5258,6587,-1329
759,1998,2,3257,3167,90
759,1998,3,4764,1967,2797
759,1998,4,5477,1967,3510
759,1998,5,3275,5397,-2122
759,1998,6,3243,11187,-7944
759,1998,7,10357,1967,8390
759,1998,8,5680,1967,3713
759,1998,9,8507,1967,6540
759,1998,10,7831,4157,3674
759,1998,11,6644,1967,4677
759,1998,12,8864,3212,5652
760,1997,5,300,0,300
760,1997,6,20970,0,20970
760,1997,7,10795,3300,7495
760,1997,8,10822,6900,3922
760,1997,9,10829,13300,-2471
760,1997,10,10826,16621,-5795
760,1997,11,10806,11021,-215
760,1997,12,16166,15181,985
760,1998,1,10805,14461,-3656
760,1998,2,10796,11121,-325
760,1998,3,10797,10421,376
760,1998,4,10799,10101,698
760,1998,5,10796,12721,-1925
760,1998,6,16159,9481,6678
760,1998,7,10813,13821,-3008
760,1998,8,10810,8621,2189
760,1998,9,10810,16301,-5491
760,1998,10,10800,7421,3379
760,1998,11,10814,12381,-1567
760,1998,12,16173,6966,9207
761,1994,4,300,0,300
761,1994,5,12800,0,12800
761,1994,6,3300,0,3300
761,1994,7,2900,0,2900
761,1994,8,500,0,500
761,1994,9,500,0,500
761,1994,10,2700,0,2700
761,1994,11,2200,0,2200
761,1994,12,200,0,200
761,1995,1,0,1000,-1000
761,1995,2,0,2100,-2100
761,1995,3,1000,0,1000
761,1995,4,2000,0,2000
761,1995,5,1000,0,1000
761,1995,6,0,3800,-3800
761,1995,7,2400,0,2400
761,1995,9,0,2100,-2100
761,1995,10,3603,900,2703
761,1995,11,3206,0,3206
761,1995,12,106,1500,-1394
761,1996,1,106,400,-294
761,1996,2,2506,0,2506
761,1996,3,106,800,-694
761,1996,4,1606,0,1606
761,1996,5,406,0,406
761,1996,6,806,0,806
761,1996,7,106,100,6
761,1996,8,1206,0,1206
761,1996,9,106,1900,-1794
761,1996,10,106,1300,-1194
761,1996,11,2406,0,2406
761,1996,12,5006,0,5006
761,1997,1,4806,0,4806
761,1997,2,4506,0,4506
761,1997,3,3806,0,3806
761,1997,4,106,3000,-2894
761,1997,5,106,3400,-3294
761,1997,6,106,3400,-3294
761,1997,7,106,1200,-1094
761,1997,8,2906,0,2906
761,1997,9,4806,0,4806
761,1997,10,4606,0,4606
761,1997,11,4506,0,4506
761,1997,12,3106,0,3106
761,1998,1,1406,0,1406
761,1998,2,106,100,6
761,1998,3,1306,0,1306
761,1998,4,3706,0,3706
761,1998,5,106,200,-94
761,1998,6,106,1100,-994
761,1998,7,106,2500,-2394
761,1998,8,106,2400,-2294
761,1998,9,4406,0,4406
761,1998,10,206,0,206
761,1998,11,4200,0,4200
762,1995,10,900,0,900
762,1995,11,5984,0,5984
762,1995,12,5984,0,5984
762,1996,1,5984,0,5984
762,1996,2,6030,3700,2330
762,1996,3,6071,8335,-2264
762,1996,4,6063,6310,-247
762,1996,5,6064,5110,954
762,1996,6,6062,7590,-1528
762,1996,7,6065,3910,2155
762,1996,8,6073,7410,-1337
762,1996,9,6068,3910,2158
762,1996,10,6077,3910,2167
762,1996,11,6081,5510,571
762,1996,12,6080,7260,-1180
762,1997,1,6063,15190,-9127
762,1997,2,6044,4310,1734
762,1997,3,6053,3910,2143
762,1997,4,6058,5010,1048
762,1997,5,6052,11030,-4978
762,1997,6,6039,6660,-621
762,1997,7,6043,3910,2133
762,1997,8,6052,3910,2142
762,1997,9,6057,4910,1147
762,1997,10,6060,5510,550
762,1997,11,6062,5670,392
762,1997,12,6067,5010,1057
762,1998,1,6049,12990,-6941
762,1998,2,6044,3910,2134
762,1998,3,6053,3910,2143
762,1998,4,6062,3910,2152
762,1998,5,6069,4410,1659
762,1998,6,6067,10560,-4493
762,1998,7,6053,6110,-57
762,1998,8,6046,8710,-2664
762,1998,9,6044,5210,834
762,1998,10,6046,5970,76
762,1998,11,6052,3910,2142
762,1998,12,6046,8995,-2949
763,1995,2,600,0,600
763,1995,3,15541,0,15541
763,1995,4,11201,3000,8201
763,1995,5,11234,4600,6634
763,1995,6,16821,13700,3121
763,1995,7,11267,11515,-248
763,1995,8,11270,13132,-1862
763,1995,9,11258,14832,-3574
763,1995,10,11247,10352,895
763,1995,11,11254,10732,522
763,1995,12,16806,20672,-3866
763,1996,1,11217,18032,-6815
763,1996,2,12018,7432,4586
763,1996,3,12438,7432,5006
763,1996,4,11248,12132,-884
763,1996,5,11247,10432,815
763,1996,6,16821,25372,-8551
763,1996,7,11220,7732,3488
763,1996,8,12938,9232,3706
763,1996,9,11245,9832,1413
763,1996,10,12340,12592,-252
763,1996,11,13843,17272,-3429
763,1996,12,16806,12872,3934
763,1997,1,11212,26092,-14880
763,1997,2,13896,11152,2744
763,1997,3,16117,10312,5805
763,1997,4,12735,7432,5303
763,1997,5,13648,10192,3456
763,1997,6,16834,12032,4802
763,1997,7,11274,12332,-1058
763,1997,8,11280,8332,2948
763,1997,9,11796,7432,4364
763,1997,10,11307,13492,-2185
763,1997,11,11905,7432,4473
763,1997,12,16881,16452,429
763,1998,1,15685,31832,-16147
763,1998,2,21085,7432,13653
763,1998,3,12687,17272,-4585
763,1998,4,12496,7432,5064
763,1998,5,11313,7632,3681
763,1998,6,17596,30952,-13356
763,1998,7,18998,7432,11566
763,1998,8,11316,8332,2984
763,1998,9,11303,15532,-4229
763,1998,10,11295,12732,-1437
763,1998,11,11286,13632,-2346
763,1998,12,16845,16137,708
764,1993,1,1100,0,1100
764,1993,2,6238,0,6238
764,1993,3,6238,0,6238
764,1993,4,6238,0,6238
764,1993,5,6238,0,6238
764,1993,6,6341,2675,3666
764,1993,7,6354,8795,-2441
764,1993,8,6351,6475,-124
764,1993,9,6351,6675,-324
764,1993,10,6359,3875,2484
764,1993,11,6374,2375,3999
764,1993,12,6390,4825,1565
764,1994,1,6378,8125,-1747
764,1994,2,6367,8775,-2408
764,1994,3,6361,10495,-4134
764,1994,4,6355,4675,1680
764,1994,5,6363,5875,488
764,1994,6,6341,20275,-13934
764,1994,7,6313,2375,3938
764,1994,8,6330,2375,3955
764,1994,9,6346,3975,2371
764,1994,10,6355,6355,0
764,1994,11,6355,5475,880
764,1994,12,6356,8475,-2119
764,1995,1,6349,6275,74
764,1995,2,6347,4335,2012
764,1995,3,6358,6075,283
764,1995,4,6359,4975,1384
764,1995,5,6363,8075,-1712
764,1995,6,6348,11175,-4827
764,1995,7,6336,6675,-339
764,1995,8,6337,2875,3462
764,1995,9,6347,7775,-1428
764,1995,10,6340,8075,-1735
764,1995,11,6328,9435,-3107
764,1995,12,6312,7665,-1353
764,1996,1,6315,4875,1440
764,1996,2,6324,3975,2349
764,1996,3,6334,3735,2599
764,1996,4,6342,5375,967
764,1996,5,6347,5975,372
764,1996,6,6350,4575,1775
764,1996,7,6352,7175,-823
764,1996,8,6347,7875,-1528
764,1996,9,6336,10375,-4039
764,1996,10,6325,6575,-250
764,1996,11,6325,5775,550
764,1996,12,6326,5825,501
764,1997,1,6318,10565,-4247
764,1997,2,6315,3375,2940
764,1997,3,6316,9675,-3359
764,1997,4,6305,7975,-1670
764,1997,5,6306,3875,2431
764,1997,6,6319,2375,3944
764,1997,7,6315,11775,-5460
764,1997,8,6301,7275,-974
764,1997,9,6308,2375,3933
764,1997,10,6324,2375,3949
764,1997,11,6331,6175,156
764,1997,12,6329,7925,-1596
764,1998,1,6330,4725,1605
764,1998,2,6334,4875,1459
764,1998,3,6337,6275,62
764,1998,4,6336,6755,-419
764,1998,5,6339,4775,1564
764,1998,6,6342,7075,-733
764,1998,7,6325,11135,-4810
764,1998,8,6322,4675,1647
764,1998,9,6323,6475,-152
764,1998,10,6319,7495,-1176
764,1998,11,6324,4175,2149
764,1998,12,6328,6570,-242
765,1996,12,400,0,400
765,1997,1,11821,0,11821
765,1997,2,3156,0,3156
765,1997,3,19045,0,19045
765,1997,4,741,1815,-1074
765,1997,5,25732,12215,13517
765,1997,6,771,12015,-11244
765,1997,7,747,1215,-468
765,1997,8,1950,15,1935
765,1997,9,754,1865,-1111
765,1997,10,2956,15,2941
765,1997,11,2668,15,2653
765,1997,12,3877,2115,1762
765,1998,1,11263,15015,-3752
765,1998,2,44410,15,44395
765,1998,3,909,18515,-17606
765,1998,4,861,7715,-6854
765,1998,5,834,6815,-5981
765,1998,6,8511,11615,-3104
765,1998,7,3918,15,3903
765,1998,8,4136,1565,2571
765,1998,9,838,215,623
765,1998,10,838,1665,-827
765,1998,11,837,315,522
765,1998,12,827,4700,-3873
766,1996,4,500,0,500
766,1996,5,24398,0,24398
766,1996,6,30222,13200,17022
766,1996,7,20244,15000,5244
766,1996,8,20252,22900,-2648
766,1996,9,20251,20235,16
766,1996,10,20252,24067,-3815
766,1996,11,20249,15347,4902
766,1996,12,30304,27587,2717
766,1997,1,20238,35187,-14949
766,1997,2,20320,11007,9313
766,1997,3,20251,18347,1904
766,1997,4,20255,19747,508
766,1997,5,20263,16847,3416
766,1997,6,30306,48867,-18561
766,1997,7,20207,13147,7060
766,1997,8,20228,16247,3981
766,1997,9,20242,16547,3695
766,1997,10,20254,18047,2207
766,1997,11,20260,18547,1713
766,1997,12,30329,29167,1162
766,1998,1,22972,24647,-1675
766,1998,2,24506,7047,17459
766,1998,3,20367,21647,-1280
766,1998,4,20327,25387,-5060
766,1998,5,23642,13047,10595
766,1998,6,30436,19827,10609
766,1998,7,20398,17347,3051
766,1998,8,20407,18647,1760
766,1998,9,20412,19147,1265
766,1998,10,20410,21747,-1337
766,1998,11,20385,30267,-9882
766,1998,12,30440,14192,16248
767,1995,3,600,0,600
767,1995,4,19004,0,19004
767,1995,5,18880,8000,10880
767,1995,6,28316,20300,8016
767,1995,7,18948,19200,-252
767,1995,8,18977,22614,-3637
767,1995,9,18948,23394,-4446
767,1995,10,18940,20954,-2014
767,1995,11,18944,14114,4830
767,1995,12,28377,26394,1983
767,1996,1,18940,40794,-21854
767,1996,2,18885,9514,9371
767,1996,3,18910,15534,3376
767,1996,4,18931,14114,4817
767,1996,5,18940,25814,-6874
767,1996,6,28332,26674,1658
767,1996,7,18926,14514,4412
767,1996,8,18908,28734,-9826
767,1996,9,18906,12514,6392
767,1996,10,18924,15714,3210
767,1996,11,18930,18514,416
767,1996,12,28337,29574,-1237
767,1997,1,18897,27234,-8337
767,1997,2,18885,22494,-3609
767,1997,3,18894,11014,7880
767,1997,4,18905,18914,-9
767,1997,5,18917,14614,4303
767,1997,6,28330,26134,2196
767,1997,7,18935,17614,1321
767,1997,8,18939,17134,1805
767,1997,9,18944,18114,830
767,1997,10,18932,23994,-5062
767,1997,11,18930,15714,3216
767,1997,12,28349,23774,4575
767,1998,1,18919,36934,-18015
767,1998,2,18896,12514,6382
767,1998,3,18919,14114,4805
767,1998,4,18904,26894,-7990
767,1998,5,18901,15714,3187
767,1998,6,28311,24754,3557
767,1998,7,18903,22474,-3571
767,1998,8,18906,16614,2292
767,1998,9,18911,18814,97
767,1998,10,18919,16414,2505
767,1998,11,18897,29914,-11017
767,1998,12,28267,28039,228
768,1997,7,5035,0,5035
768,1997,8,9970,0,9970
768,1997,9,8707,0,8707
768,1997,10,4315,7800,-3485
768,1997,11,5604,4915,689
768,1997,12,6420,6229,191
768,1998,1,6608,7129,-521
768,1998,2,6608,3629,2979
768,1998,3,7324,2829,4495
768,1998,4,4542,2829,1713
768,1998,5,10938,10129,809
768,1998,6,10947,10929,18
768,1998,7,4352,3629,723
768,1998,8,4355,3629,726
768,1998,9,7948,7129,819
768,1998,10,6764,2829,3935
768,1998,11,4376,5029,-653
768,1998,12,6491,3914,2577
770,1996,9,800,0,800
770,1996,10,15509,0,15509
770,1996,11,10871,0,10871
770,1996,12,14209,5900,8309
770,1997,1,9541,7400,2141
770,1997,2,9544,12515,-2971
770,1997,3,9533,11515,-1982
770,1997,4,9527,9815,-288
770,1997,5,9521,14015,-4494
770,1997,6,16622,22115,-5493
770,1997,7,9604,3315,6289
770,1997,8,9513,7615,1898
770,1997,9,9517,12615,-3098
770,1997,10,9511,6515,2996
770,1997,11,9526,5115,4411
770,1997,12,14237,14415,-178
770,1998,1,9531,18815,-9284
770,1998,2,9502,6815,2687
770,1998,3,9526,2715,6811
770,1998,4,9542,9215,327
770,1998,5,9544,6415,3129
770,1998,6,14209,32415,-18206
770,1998,7,11098,15,11083
770,1998,8,9526,8315,1211
770,1998,9,9522,11315,-1793
770,1998,10,9521,8515,1006
770,1998,11,9530,6415,3115
770,1998,12,14261,2100,12161
771,1996,1,1100,0,1100
771,1996,2,20744,0,20744
771,1996,3,20122,8500,11622
771,1996,4,20162,15100,5062
771,1996,5,20180,17300,2880
771,1996,6,30226,37065,-6839
771,1996,7,20185,19745,440
771,1996,8,20189,17045,3144
771,1996,9,20190,23045,-2855
771,1996,10,20158,28925,-8767
771,1996,11,20154,15745,4409
771,1996,12,30193,27145,3048
771,1997,1,20161,33965,-13804
771,1997,2,20130,13245,6885
771,1997,3,20173,18425,1748
771,1997,4,20165,14245,5920
771,1997,5,20177,19945,232
771,1997,6,30195,29625,570
771,1997,7,20161,26685,-6524
771,1997,8,20141,23345,-3204
771,1997,9,20136,19245,891
771,1997,10,20138,19445,693
771,1997,11,20141,18945,1196
771,1997,12,30175,25305,4870
771,1998,1,20138,35045,-14907
771,1998,2,20119,14685,5434
771,1998,3,20120,21145,-1025
771,1998,4,20115,20645,-530
771,1998,5,20102,25145,-5043
771,1998,6,30109,27945,2164
771,1998,7,20100,20145,-45
771,1998,8,20088,23545,-3457
771,1998,9,20081,20145,-64
771,1998,10,20130,5045,15085
771,1998,11,20085,38145,-18060
771,1998,12,30150,7910,22240
772,1993,1,500,0,500
772,1993,2,24041,600,23441
772,1993,3,24124,12600,11524
772,1993,4,24167,16700,7467
772,1993,5,24191,21400,2791
772,1993,6,36188,50315,-14127
772,1993,7,24167,16080,8087
772,1993,8,24187,23380,807
772,1993,9,24187,23580,607
772,1993,10,24178,26180,-2002
772,1993,11,24175,23580,595
772,1993,12,36209,26780,9429
772,1994,1,24185,35580,-11395
772,1994,2,24176,19880,4296
772,1994,3,24187,25380,-1193
772,1994,4,24180,23980,200
772,1994,5,24192,19880,4312
772,1994,6,36217,32280,3937
772,1994,7,24212,26180,-1968
772,1994,8,24200,25580,-1380
772,1994,9,24221,12980,11241
772,1994,10,24257,23980,277
772,1994,11,24246,21580,2666
772,1994,12,36291,21980,14311
772,1995,1,24268,46780,-22512
772,1995,2,24224,19580,4644
772,1995,3,24252,18580,5672
772,1995,4,24259,25280,-1021
772,1995,5,24266,19980,4286
772,1995,6,36304,44980,-8676
772,1995,7,24264,13680,10584
772,1995,8,24287,19980,4307
772,1995,9,24286,25680,-1394
772,1995,10,24292,21780,2512
772,1995,11,24296,23380,916
772,1995,12,36335,23280,13055
772,1996,1,24297,43780,-19483
772,1996,2,24286,21480,2806
772,1996,3,24290,21580,2710
772,1996,4,24304,20780,3524
772,1996,5,24320,20180,4140
772,1996,6,36268,49780,-13512
772,1996,7,24292,18780,5512
772,1996,8,24317,17180,7137
772,1996,9,24339,18380,5959
772,1996,10,24338,26580,-2242
772,1996,11,24340,22680,1660
772,1996,12,36367,51180,-14813
772,1997,1,24305,35180,-10875
772,1997,2,24289,6380,17909
772,1997,3,24330,34680,-10350
772,1997,4,24323,24280,43
772,1997,5,24307,22480,1827
772,1997,6,36289,40780,-4491
772,1997,7,24311,17980,6331
772,1997,8,24330,27280,-2950
772,1997,9,24320,21380,2940
772,1997,10,24317,29880,-5563
772,1997,11,24307,20880,3427
772,1997,12,36341,32780,3561
772,1998,1,24309,39780,-15471
772,1998,2,24266,22480,1786
772,1998,3,24276,22180,2096
772,1998,4,24285,19780,4505
772,1998,5,24301,22080,2221
772,1998,6,36332,40580,-4248
772,1998,7,24291,20580,3711
772,1998,8,24294,25580,-1286
772,1998,9,24295,22380,1915
772,1998,10,24297,26080,-1783
772,1998,11,24283,25780,-1497
772,1998,12,36312,27565,8747
773,1993,6,900,0,900
773,1993,7,16524,0,16524
773,1993,8,12983,4100,8883
773,1993,9,13014,7500,5514
773,1993,10,13035,8800,4235
773,1993,11,13044,12915,129
773,1993,12,19500,16315,3185
773,1994,1,13013,33615,-20602
773,1994,2,12982,11115,1867
773,1994,3,12985,15315,-2330
773,1994,4,12987,8015,4972
773,1994,5,12985,14815,-1830
773,1994,6,19396,42716,-23320
773,1994,7,19935,1023,18912
773,1994,8,17483,12715,4768
773,1994,9,14603,5615,8988
773,1994,10,14438,6515,7923
773,1994,11,13053,11315,1738
773,1994,12,19532,9315,10217
773,1995,1,13055,39415,-26360
773,1995,2,13721,7015,6706
773,1995,3,13046,3815,9231
773,1995,4,13052,13815,-763
773,1995,5,13055,11515,1540
773,1995,6,28767,35715,-6948
773,1995,7,14232,10115,4117
773,1995,8,13045,17415,-4370
773,1995,9,13045,7115,5930
773,1995,10,13053,11315,1738
773,1995,11,13057,17415,-4358
773,1995,12,19520,9315,10205
773,1996,1,13044,27115,-14071
773,1996,2,13029,14015,-986
773,1996,3,15563,1015,14548
773,1996,4,13065,18415,-5350
773,1996,5,13062,16315,-3253
773,1996,6,19510,15815,3695
773,1996,7,13085,9115,3970
773,1996,8,13077,12815,262
773,1996,9,13099,11715,1384
773,1996,10,13084,20215,-7131
773,1996,11,13074,14515,-1441
773,1996,12,19531,19215,316
773,1997,1,12995,35815,-22820
773,1997,2,13567,15,13552
773,1997,3,13027,14615,-1588
773,1997,4,13028,10115,2913
773,1997,5,13049,5915,7134
773,1997,6,25575,29015,-3440
773,1997,7,13044,16715,-3671
773,1997,8,13048,5515,7533
773,1997,9,13065,9415,3650
773,1997,10,13082,9515,3567
773,1997,11,13078,25815,-12737
773,1997,12,19514,8215,11299
773,1998,1,13065,18515,-5450
773,1998,2,13069,12715,354
773,1998,3,13077,10615,2462
773,1998,4,15876,6815,9061
773,1998,5,13117,11115,2002
773,1998,6,19570,21115,-1545
773,1998,7,13135,7315,5820
773,1998,8,13142,10915,2227
773,1998,9,13155,9315,3840
773,1998,10,13177,3815,9362
773,1998,11,13185,13815,-630
773,1998,12,19644,26200,-6556
774,1993,6,2906,0,2906
774,1993,7,11037,0,11037
774,1993,8,5271,15,5256
774,1993,9,6291,1265,5026
774,1993,10,2502,2215,287
774,1993,11,37612,15,37597
774,1993,12,2614,24315,-21701
774,1994,1,2525,16215,-13690
774,1994,2,2497,6065,-3568
774,1994,3,52971,1715,51256
774,1994,4,2660,23415,-20755
774,1994,5,2600,12715,-10115
774,1994,6,2491,26265,-23774
774,1994,7,7598,15,7583
774,1994,8,4424,15,4409
774,1994,9,2528,4115,-1587
774,1994,10,2530,1015,1515
774,1994,11,2536,2715,-179
774,1994,12,14821,7515,7306
774,1995,1,2544,7715,-5171
774,1995,2,2544,1915,629
774,1995,3,44273,25665,18608
774,1995,4,2618,11865,-9247
774,1995,5,2584,5315,-2731
774,1995,6,2662,15115,-12453
774,1995,7,3523,15,3508
774,1995,8,2536,1215,1321
774,1995,9,30084,20415,9669
774,1995,10,2576,8615,-6039
774,1995,11,2553,5615,-3062
774,1995,12,2537,7815,-5278
774,1996,1,7206,9565,-2359
774,1996,2,2512,715,1797
774,1996,3,4122,15,4107
774,1996,4,23396,13765,9631
774,1996,5,2566,7865,-5299
774,1996,6,2550,6865,-4315
774,1996,7,46627,415,46212
774,1996,8,2690,26615,-23925
774,1996,9,2602,17615,-15013
774,1996,10,2553,8815,-6262
774,1996,11,2528,7165,-4637
774,1996,12,2515,4015,-1500
774,1997,1,3280,11965,-8685
774,1997,2,3080,15,3065
774,1997,3,2487,2315,172
774,1997,4,23701,15,23686
774,1997,5,2568,12215,-9647
774,1997,6,2528,17765,-15237
774,1997,7,8767,5665,3102
774,1997,8,4003,15,3988
774,1997,9,2514,1215,1299
774,1997,10,2823,15,2808
774,1997,11,2531,1215,1316
774,1997,12,2927,3965,-1038
774,1998,1,2514,10515,-8001
774,1998,2,5105,15,5090
774,1998,3,2823,15,2808
774,1998,4,2525,4215,-1690
774,1998,5,2517,4115,-1598
774,1998,6,23365,22315,1050
774,1998,7,2513,4515,-2002
774,1998,8,2510,2065,445
774,1998,9,2500,6065,-3565
774,1998,10,2488,6015,-3527
774,1998,11,2481,3015,-534
774,1998,12,46811,2300,44511
775,1994,12,300,0,300
775,1995,1,22432,0,22432
775,1995,2,20402,9400,11002
775,1995,3,20432,17200,3232
775,1995,4,20443,18500,1943
775,1995,5,20468,17322,3146
775,1995,6,30618,33722,-3104
775,1995,7,20458,20922,-464
775,1995,8,20459,18922,1537
775,1995,9,20471,15722,4749
775,1995,10,20473,23922,-3449
775,1995,11,20468,19922,546
775,1995,12,30629,24222,6407
775,1996,1,20477,30222,-9745
775,1996,2,20452,18622,1830
775,1996,3,20459,19322,1137
775,1996,4,20465,18422,2043
775,1996,5,20477,16822,3655
775,1996,6,30600,43422,-12822
775,1996,7,20455,12122,8333
775,1996,8,21001,7422,13579
775,1996,9,20539,13922,6617
775,1996,10,20546,21122,-576
775,1996,11,20545,24222,-3677
775,1996,12,30703,21022,9681
775,1997,1,20531,39122,-18591
775,1997,2,20508,15122,5386
775,1997,3,20526,16622,3904
775,1997,4,20539,17722,2817
775,1997,5,20539,21822,-1283
775,1997,6,30667,36522,-5855
775,1997,7,20529,15122,5407
775,1997,8,20546,17022,3524
775,1997,9,20555,18722,1833
775,1997,10,20556,20922,-366
775,1997,11,20559,19322,1237
775,1997,12,30724,25322,5402
775,1998,1,20532,46322,-25790
775,1998,2,20515,11022,9493
775,1998,3,20540,12022,8518
775,1998,4,20576,14722,5854
775,1998,5,20584,33422,-12838
775,1998,6,30733,31022,-289
775,1998,7,20551,24022,-3471
775,1998,8,20546,18422,2124
775,1998,9,20555,17122,3433
775,1998,10,20566,20322,244
775,1998,11,20566,19522,1044
775,1998,12,30750,5707,25043
776,1996,5,700,0,700
776,1996,6,29242,200,29042
776,1996,7,19603,8200,11403
776,1996,8,19637,14800,4837
776,1996,9,19655,16200,3455
776,1996,10,19675,19221,454
776,1996,11,19668,21798,-2130
776,1996,12,29398,29558,-160
776,1997,1,19621,34838,-15217
776,1997,2,19613,12238,7375
776,1997,3,19643,14298,5345
776,1997,4,19661,15498,4163
776,1997,5,19670,18498,1172
776,1997,6,29391,46818,-17427
776,1997,7,19641,4998,14643
776,1997,8,19679,13238,6441
776,1997,9,19690,20838,-1148
776,1997,10,19696,17058,2638
776,1997,11,19724,10018,9706
776,1997,12,29510,13118,16392
776,1998,1,19751,44838,-25087
776,1998,2,19718,9998,9720
776,1998,3,19762,8998,10764
776,1998,4,19793,13498,6295
776,1998,5,19797,21258,-1461
776,1998,6,29503,33258,-3755
776,1998,7,19786,16898,2888
776,1998,8,19790,19598,192
776,1998,9,19782,22298,-2516
776,1998,10,19784,18398,1386
776,1998,11,19753,26298,-6545
776,1998,12,29537,13083,16454
777,1997,12,300,0,300
777,1998,1,70487,22600,47887
777,1998,2,200,11400,-11200
777,1998,3,117871,81015,36856
777,1998,4,90017,80615,9402
777,1998,5,19127,36415,-17288
777,1998,6,67110,69815,-2705
777,1998,7,254,12515,-12261
777,1998,8,99011,90015,8996
777,1998,9,43028,29315,13713
777,1998,10,71489,73115,-1626
777,1998,11,68850,75151,-6301
777,1998,12,15172,10400,4772
778,1996,10,600,0,600
778,1996,11,14100,0,14100
778,1996,12,7700,0,7700
778,1997,1,5600,0,5600
778,1997,2,200,0,200
778,1997,3,100,0,100
778,1997,4,1400,0,1400
778,1997,5,0,3500,-3500
778,1997,6,2100,0,2100
778,1997,7,0,1700,-1700
778,1997,8,0,800,-800
778,1997,9,300,0,300
778,1997,10,0,200,-200
778,1997,11,5300,0,5300
778,1997,12,0,1800,-1800
778,1998,1,500,0,500
778,1998,2,0,1400,-1400
778,1998,3,3500,0,3500
778,1998,4,400,0,400
778,1998,5,0,6000,-6000
778,1998,6,0,4300,-4300
778,1998,7,2800,0,2800
778,1998,8,0,700,-700
778,1998,9,800,0,800
778,1998,10,4100,0,4100
778,1998,11,3400,0,3400
778,1998,12,4500,0,4500
779,1996,8,300,0,300
779,1996,9,21040,0,21040
779,1996,10,15793,8200,7593
779,1996,11,15822,9300,6522
779,1996,12,23689,18200,5489
779,1997,1,15844,24815,-8971
779,1997,2,15834,10215,5619
779,1997,3,15831,19015,-3184
779,1997,4,15827,15815,12
779,1997,5,15831,14515,1316
779,1997,6,23674,23915,-241
779,1997,7,15815,23635,-7820
779,1997,8,15789,19015,-3226
779,1997,9,15777,18395,-2618
779,1997,10,15789,11615,4174
779,1997,11,15793,15515,278
779,1997,12,23655,18455,5200
779,1998,1,15772,30375,-14603
779,1998,2,15794,4515,11279
779,1998,3,15792,18215,-2423
779,1998,4,15785,20475,-4690
779,1998,5,15757,20255,-4498
779,1998,6,23644,9815,13829
779,1998,7,15812,15115,697
779,1998,8,15814,15415,399
779,1998,9,15812,18295,-2483
779,1998,10,15817,12115,3702
779,1998,11,15791,25055,-9264
779,1998,12,23667,13500,10167
780,1996,4,600,0,600
780,1996,5,25540,0,25540
780,1996,6,30448,17200,13248
780,1996,7,20386,16300,4086
780,1996,8,20401,19300,1101
780,1996,9,20403,22875,-2472
780,1996,10,20394,28495,-8101
780,1996,11,20385,13335,7050
780,1996,12,30532,30635,-103
780,1997,1,20371,25855,-5484
780,1997,2,20388,13435,6953
780,1997,3,20395,25135,-4740
780,1997,4,20392,17995,2397
780,1997,5,20395,23235,-2840
780,1997,6,30514,23535,6979
780,1997,7,20405,26335,-5930
780,1997,8,20383,23915,-3532
780,1997,9,20371,20435,-64
780,1997,10,20371,20335,36
780,1997,11,20372,19035,1337
780,1997,12,30490,30475,15
780,1998,1,20339,36635,-16296
780,1998,2,20312,15935,4377
780,1998,3,20327,19035,1292
780,1998,4,20327,23055,-2728
780,1998,5,20311,22735,-2424
780,1998,6,30425,27695,2730
780,1998,7,20320,17655,2665
780,1998,8,20358,14535,5823
780,1998,9,20363,13635,6728
780,1998,10,20376,18015,2361
780,1998,11,20387,18235,2152
780,1998,12,30521,21980,8541
781,1995,2,700,0,700
781,1995,3,3081,0,3081
781,1995,4,3081,0,3081
781,1995,5,3081,0,3081
781,1995,6,3081,0,3081
781,1995,7,3115,3599,-484
781,1995,8,3136,2069,1067
781,1995,9,3140,2069,1071
781,1995,10,3145,2069,1076
781,1995,11,3149,2219,930
781,1995,12,3150,3629,-479
781,1996,1,3146,5909,-2763
781,1996,2,3140,2069,1071
781,1996,3,3144,2069,1075
781,1996,4,3148,2459,689
781,1996,5,3151,2069,1082
781,1996,6,3160,2269,891
781,1996,7,3160,2169,991
781,1996,8,3159,4069,-910
781,1996,9,3156,5649,-2493
781,1996,10,3147,3299,-152
781,1996,11,3146,3169,-23
781,1996,12,3144,4339,-1195
781,1997,1,3139,4469,-1330
781,1997,2,3136,3179,-43
781,1997,3,3138,2069,1069
781,1997,4,3141,2759,382
781,1997,5,3138,4369,-1231
781,1997,6,3138,3029,109
781,1997,7,3136,3679,-543
781,1997,8,3137,2069,1068
781,1997,9,3141,2069,1072
781,1997,10,3146,2249,897
781,1997,11,3150,2069,1081
781,1997,12,3153,2519,634
781,1998,1,3144,7179,-4035
781,1998,2,3140,2069,1071
781,1998,3,3140,3669,-529
781,1998,4,3142,2169,973
781,1998,5,3144,3059,85
781,1998,6,3146,2069,1077
781,1998,7,3145,4569,-1424
781,1998,8,3141,3569,-428
781,1998,9,3143,2069,1074
781,1998,10,3144,6769,-3625
781,1998,11,3132,2069,1063
781,1998,12,3141,2564,577
782,1997,10,500,0,500
782,1997,11,26300,0,26300
782,1997,12,37009,17700,19309
782,1998,1,24787,20900,3887
782,1998,2,24801,22700,2101
782,1998,3,24861,22887,1974
782,1998,4,24862,27981,-3119
782,1998,5,24847,28281,-3434
782,1998,6,37163,27381,9782
782,1998,7,24872,25581,-709
782,1998,8,24859,24381,478
782,1998,9,24869,23881,988
782,1998,10,24839,36161,-11322
782,1998,11,24825,21581,3244
782,1998,12,37156,33906,3250
783,1997,9,1000,0,1000
783,1997,10,4864,0,4864
783,1997,11,4864,0,4864
783,1997,12,4864,0,4864
783,1998,1,4864,0,4864
783,1998,2,4868,15,4853
783,1998,3,4974,3657,1317
783,1998,4,4978,6457,-1479
783,1998,5,4975,3257,1718
783,1998,6,4974,12307,-7333
783,1998,7,4951,3257,1694
783,1998,8,4958,5017,-59
783,1998,9,4958,3257,1701
783,1998,10,4963,4137,826
783,1998,11,4968,3257,1711
783,1998,12,4975,3492,1483
784,1994,4,1000,0,1000
784,1994,5,24308,0,24308
784,1994,6,34730,18700,16030
784,1994,7,23240,20700,2540
784,1994,8,23254,19500,3754
784,1994,9,23253,31095,-7842
784,1994,10,23236,21725,1511
784,1994,11,23238,22525,713
784,1994,12,34783,32525,2258
784,1995,1,23210,43165,-19955
784,1995,2,23408,3525,19883
784,1995,3,23246,24525,-1279
784,1995,4,23284,24125,-841
784,1995,5,23246,25945,-2699
784,1995,6,34810,31045,3765
784,1995,7,23270,11025,12245
784,1995,8,23295,19665,3630
784,1995,9,23300,22825,475
784,1995,10,23311,19725,3586
784,1995,11,23290,35325,-12035
784,1995,12,34813,30765,4048
784,1996,1,23262,35845,-12583
784,1996,2,23239,17525,5714
784,1996,3,23268,17025,6243
784,1996,4,23268,24325,-1057
784,1996,5,23264,24345,-1081
784,1996,6,34803,45985,-11182
784,1996,7,23236,17125,6111
784,1996,8,23220,27825,-4605
784,1996,9,23227,21625,1602
784,1996,10,23221,25725,-2504
784,1996,11,23212,26985,-3773
784,1996,12,34765,22565,12200
784,1997,1,23222,43465,-20243
784,1997,2,23181,18725,4456
784,1997,3,23190,22325,865
784,1997,4,23206,20205,3001
784,1997,5,23209,21425,1784
784,1997,6,34763,27425,7338
784,1997,7,23231,26425,-3194
784,1997,8,23198,45005,-21807
784,1997,9,23197,18725,4472
784,1997,10,23214,21325,1889
784,1997,11,23220,25325,-2105
784,1997,12,34761,31185,3576
784,1998,1,23197,31445,-8248
784,1998,2,23190,19625,3565
784,1998,3,23205,23725,-520
784,1998,4,23202,21425,1777
784,1998,5,23208,21725,1483
784,1998,6,34766,30685,4081
784,1998,7,23224,28825,-5601
784,1998,8,23200,24725,-1525
784,1998,9,23194,22425,769
784,1998,10,23185,26605,-3420
784,1998,11,23178,24025,-847
784,1998,12,34723,34810,-87
785,1997,8,26787,0,26787
785,1997,9,26496,0,26496
785,1997,10,26279,10400,15879
785,1997,11,26318,20300,6018
785,1997,12,39338,50562,-11224
785,1998,1,26237,50925,-24688
785,1998,2,26191,32016,-5825
785,1998,3,27805,11761,16044
785,1998,4,26215,23175,3040
785,1998,5,26228,31561,-5333
785,1998,6,39258,59561,-20303
785,1998,7,27761,33346,-5585
785,1998,8,31051,22861,8190
785,1998,9,27276,21557,5719
785,1998,10,26175,24961,1214
785,1998,11,26194,13561,12633
785,1998,12,39234,42650,-3416
786,1995,8,900,0,900
786,1995,9,21228,0,21228
786,1995,10,17608,8800,8808
786,1995,11,17649,2600,15049
786,1995,12,26437,10400,16037
786,1996,1,17692,49453,-31761
786,1996,2,17624,6833,10791
786,1996,3,17661,10233,7428
786,1996,4,17678,14833,2845
786,1996,5,17685,18593,-908
786,1996,6,26415,43913,-17498
786,1996,7,17639,5933,11706
786,1996,8,17677,10333,7344
786,1996,9,17698,13313,4385
786,1996,10,17690,18553,-863
786,1996,11,17701,17233,468
786,1996,12,26445,21353,5092
786,1997,1,17681,28273,-10592
786,1997,2,17684,15833,1851
786,1997,3,17704,11333,6371
786,1997,4,17718,15533,2185
786,1997,5,17720,18333,-613
786,1997,6,26445,46533,-20088
786,1997,7,17652,13373,4279
786,1997,8,17650,17093,557
786,1997,9,17690,12533,5157
786,1997,10,17710,10633,7077
786,1997,11,17738,12833,4905
786,1997,12,26503,25073,1430
786,1998,1,17747,33513,-15766
786,1998,2,17690,16293,1397
786,1998,3,17702,18133,-431
786,1998,4,17691,17413,278
786,1998,5,17686,17133,553
786,1998,6,26456,23933,2523
786,1998,7,17708,20633,-2925
786,1998,8,17701,12533,5168
786,1998,9,17718,17033,685
786,1998,10,17716,17313,403
786,1998,11,17726,10933,6793
786,1998,12,26501,22518,3983
787,1993,11,800,0,800
787,1993,12,18210,0,18210
787,1994,1,8477,0,8477
787,1994,2,6896,4700,2196
787,1994,3,6907,3700,3207
787,1994,4,6912,7610,-698
787,1994,5,6900,11332,-4432
787,1994,6,10268,19232,-8964
787,1994,7,7458,7332,126
787,1994,8,6862,4532,2330
787,1994,9,7361,12532,-5171
787,1994,10,8655,4532,4123
787,1994,11,8772,8432,340
787,1994,12,11967,6132,5835
787,1995,1,6863,17932,-11069
787,1995,2,9655,4532,5123
787,1995,3,8355,12032,-3677
787,1995,4,9461,4532,4929
787,1995,5,7265,7832,-567
787,1995,6,10252,12832,-2580
787,1995,7,6858,5132,1726
787,1995,8,6853,10632,-3779
787,1995,9,6849,5432,1417
787,1995,10,6856,4932,1924
787,1995,11,6862,5732,1130
787,1995,12,10252,10032,220
787,1996,1,6843,14732,-7889
787,1996,2,6838,4532,2306
787,1996,3,6840,7032,-192
787,1996,4,6827,11332,-4505
787,1996,5,6828,4532,2296
787,1996,6,10235,4532,5703
787,1996,7,6848,10132,-3284
787,1996,8,6846,6332,514
787,1996,9,6848,9932,-3084
787,1996,10,6837,4532,2305
787,1996,11,6846,4532,2314
787,1996,12,10250,6132,4118
787,1997,1,6850,13732,-6882
787,1997,2,6843,5032,1811
787,1997,3,6852,4532,2320
787,1997,4,6861,4532,2329
787,1997,5,6871,4532,2339
787,1997,6,10260,21632,-11372
787,1997,7,6833,4532,2301
787,1997,8,6841,5232,1609
787,1997,9,6850,4532,2318
787,1997,10,6859,4532,2327
787,1997,11,6869,4532,2337
787,1997,12,10275,6632,3643
787,1998,1,6853,18332,-11479
787,1998,2,6846,4532,2314
787,1998,3,6855,4532,2323
787,1998,4,6865,8732,-1867
787,1998,5,6862,4532,2330
787,1998,6,10260,6332,3928
787,1998,7,6883,4532,2351
787,1998,8,6885,8832,-1947
787,1998,9,6873,12632,-5759
787,1998,10,6860,4532,2328
787,1998,11,6870,4532,2338
787,1998,12,10272,6617,3655
788,1996,6,900,0,900
788,1996,7,5473,0,5473
788,1996,8,5473,0,5473
788,1996,9,5491,1000,4491
788,1996,10,5541,0,5541
788,1996,11,5543,15,5528
788,1996,12,5587,7811,-2224
788,1997,1,5557,11911,-6354
788,1997,2,5554,5311,243
788,1997,3,5557,6471,-914
788,1997,4,5554,3111,2443
788,1997,5,5565,3111,2454
788,1997,6,5564,6631,-1067
788,1997,7,5568,4311,1257
788,1997,8,5576,3111,2465
788,1997,9,5585,3831,1754
788,1997,10,5593,3111,2482
788,1997,11,5593,10271,-4678
788,1997,12,5569,8151,-2582
788,1998,1,5551,11431,-5880
788,1998,2,5548,3111,2437
788,1998,3,5559,3111,2448
788,1998,4,5569,3111,2458
788,1998,5,5579,3111,2468
788,1998,6,5585,4231,1354
788,1998,7,5590,4791,799
788,1998,8,5598,3111,2487
788,1998,9,5609,3111,2498
788,1998,10,5614,6471,-857
788,1998,11,5598,9591,-3993
788,1998,12,5598,3946,1652
789,1995,2,6208,0,6208
789,1995,3,13654,0,13654
789,1995,4,8397,0,8397
789,1995,5,5822,1200,4622
789,1995,6,8675,8015,660
789,1995,7,5806,12209,-6403
789,1995,8,5793,8609,-2816
789,1995,9,7293,6149,1144
789,1995,10,5790,8209,-2419
789,1995,11,5779,7209,-1430
789,1995,12,9632,12131,-2499
789,1996,1,5959,9291,-3332
789,1996,2,5756,6531,-775
789,1996,3,5748,6831,-1083
789,1996,4,5750,5331,419
789,1996,5,5750,6631,-881
789,1996,6,8601,8531,70
789,1996,7,5749,5331,418
789,1996,8,5754,5331,423
789,1996,9,5752,5331,421
789,1996,10,5758,5331,427
789,1996,11,5755,5331,424
789,1996,12,8611,5331,3280
789,1997,1,5766,9411,-3645
789,1997,2,5759,5331,428
789,1997,3,5761,5331,430
789,1997,4,5759,5331,428
789,1997,5,5761,5331,430
789,1997,6,8620,5331,3289
789,1997,7,5780,5331,449
789,1997,8,5778,5331,447
789,1997,9,5766,9771,-4005
789,1997,10,5761,7371,-1610
789,1997,11,5760,5331,429
789,1997,12,8610,6131,2479
789,1998,1,5759,8811,-3052
789,1998,2,5755,5331,424
789,1998,3,5757,5331,426
789,1998,4,5763,5331,432
789,1998,5,5761,5331,430
789,1998,6,8616,5331,3285
789,1998,7,5776,5331,445
789,1998,8,5782,5331,451
789,1998,9,5783,5331,452
789,1998,10,5781,5331,450
789,1998,11,5783,5331,452
789,1998,12,8623,10556,-1933
790,1993,5,300,0,300
790,1993,6,42358,0,42358
790,1993,7,5616,12300,-6684
790,1993,8,149,5300,-5151
790,1993,9,45531,800,44731
790,1993,10,20772,36500,-15728
790,1993,11,15051,15215,-164
790,1993,12,37818,54415,-16597
790,1994,1,53523,67515,-13992
790,1994,2,65,27610,-27545
790,1994,3,9931,2615,7316
790,1994,4,37749,3515,34234
790,1994,5,139,12515,-12376
790,1994,6,26112,7215,18897
790,1994,7,48011,15915,32096
790,1994,8,7992,33051,-25059
790,1994,9,152,29155,-29003
790,1994,10,23291,15860,7431
790,1994,11,115,15951,-15836
790,1994,12,4443,16651,-12208
790,1995,1,95675,77412,18263
790,1995,2,35018,4351,30667
790,1995,3,10260,20451,-10191
790,1995,4,26955,11251,15704
790,1995,5,198,25551,-25353
790,1995,6,25290,16551,8739
790,1995,7,20354,18858,1496
790,1995,8,153,16751,-16598
790,1995,9,4220,15151,-10931
790,1995,10,28482,11551,16931
790,1995,11,32016,15251,16765
790,1995,12,183,13251,-13068
790,1996,1,68273,62609,5664
790,1996,2,43351,7151,36200
790,1996,3,103899,88351,15548
790,1996,4,111370,134240,-22870
790,1996,5,141653,139246,2407
790,1996,6,25971,29251,-3280
790,1996,7,57210,50451,6759
790,1996,8,55711,34551,21160
790,1996,9,37494,65051,-27557
790,1996,10,281,16651,-16370
790,1996,11,86505,105897,-19392
790,1996,12,6425,15151,-8726
790,1997,1,18773,31515,-12742
790,1997,2,14379,4351,10028
790,1997,3,11260,12294,-1034
790,1997,4,65971,16232,49739
790,1997,5,270,23251,-22981
790,1997,6,84761,95051,-10290
790,1997,7,47810,17651,30159
790,1997,8,207,33129,-32922
790,1997,9,22797,14651,8146
790,1997,10,15060,20951,-5891
790,1997,11,139,10916,-10777
790,1997,12,40084,50851,-10767
790,1998,1,15167,19815,-4648
790,1998,2,12140,20445,-8305
790,1998,3,15435,5490,9945
790,1998,4,12282,3763,8519
790,1998,5,17204,12451,4753
790,1998,6,9321,24872,-15551
790,1998,7,17953,17463,490
790,1998,8,14063,8315,5748
790,1998,9,10771,15696,-4925
790,1998,10,15670,5715,9955
790,1998,11,10093,13584,-3491
790,1998,12,31597,24724,6873
791,1995,12,700,0,700
791,1996,1,4854,0,4854
791,1996,2,4854,0,4854
791,1996,3,4854,0,4854
791,1996,4,4854,0,4854
791,1996,5,4910,4169,741
791,1996,6,4933,7969,-3036
791,1996,7,4932,4189,743
791,1996,8,4937,3269,1668
791,1996,9,4943,3069,1874
791,1996,10,4947,5169,-222
791,1996,11,4950,3669,1281
791,1996,12,4946,7119,-2173
791,1997,1,4930,13009,-8079
791,1997,2,4912,3069,1843
791,1997,3,4920,3069,1851
791,1997,4,4934,3629,1305
791,1997,5,4915,9869,-4954
791,1997,6,4912,3069,1843
791,1997,7,4920,3069,1851
791,1997,8,4924,6349,-1425
791,1997,9,4922,3069,1853
791,1997,10,4927,6589,-1662
791,1997,11,4922,4029,893
791,1997,12,4926,3569,1357
791,1998,1,4924,8509,-3585
791,1998,2,4915,5469,-554
791,1998,3,4913,4269,644
791,1998,4,4914,4989,-75
791,1998,5,4917,3069,1848
791,1998,6,4923,5219,-296
791,1998,7,4923,3069,1854
791,1998,8,4931,3069,1862
791,1998,9,4939,3069,1870
791,1998,10,4947,3069,1878
791,1998,11,4954,3069,1885
791,1998,12,4957,5334,-377
792,1997,8,400,0,400
792,1997,9,13233,0,13233
792,1997,10,9981,0,9981
792,1997,11,3706,100,3606
792,1997,12,5626,0,5626
792,1998,1,3731,5770,-2039
792,1998,2,3930,2414,1516
792,1998,3,3732,5334,-1602
792,1998,4,5335,2414,2921
792,1998,5,3735,4584,-849
792,1998,6,3734,3614,120
792,1998,7,3728,5814,-2086
792,1998,8,3723,4414,-691
792,1998,9,3702,10734,-7032
792,1998,10,3694,3414,280
792,1998,11,3683,6714,-3031
792,1998,12,3679,5089,-1410
793,1993,1,4216,0,4216
793,1993,2,3419,0,3419
793,1993,3,3419,0,3419
793,1993,4,3419,0,3419
793,1993,5,3456,3152,304
793,1993,6,3467,3032,435
793,1993,7,3467,3392,75
793,1993,8,3470,2282,1188
793,1993,9,3472,3512,-40
793,1993,10,3475,2282,1193
793,1993,11,3480,2282,1198
793,1993,12,3484,2492,992
793,1994,1,3485,5312,-1827
793,1994,2,3481,2282,1199
793,1994,3,3486,2282,1204
793,1994,4,3487,3722,-235
793,1994,5,3490,2282,1208
793,1994,6,3495,2382,1113
793,1994,7,3500,2282,1218
793,1994,8,3505,2282,1223
793,1994,9,3508,2822,686
793,1994,10,3513,2282,1231
793,1994,11,3515,3902,-387
793,1994,12,3514,3482,32
793,1995,1,3510,4652,-1142
793,1995,2,3511,2282,1229
793,1995,3,3515,3382,133
793,1995,4,3517,2282,1235
793,1995,5,3522,2702,820
793,1995,6,3523,4682,-1159
793,1995,7,3521,2282,1239
793,1995,8,3523,3862,-339
793,1995,9,3520,5282,-1762
793,1995,10,3515,3582,-67
793,1995,11,3506,7462,-3956
793,1995,12,3499,4022,-523
793,1996,1,3490,6062,-2572
793,1996,2,3487,2282,1205
793,1996,3,3490,3122,368
793,1996,4,3494,2282,1212
793,1996,5,3499,2282,1217
793,1996,6,3503,2482,1021
793,1996,7,3505,3332,173
793,1996,8,3508,2582,926
793,1996,9,3510,3182,328
793,1996,10,3511,3902,-391
793,1996,11,3512,2282,1230
793,1996,12,3516,2462,1054
793,1997,1,3508,7032,-3524
793,1997,2,3505,3032,473
793,1997,3,3505,3482,23
793,1997,4,3508,2282,1226
793,1997,5,3513,2282,1231
793,1997,6,3516,2942,574
793,1997,7,3517,3662,-145
793,1997,8,3511,5352,-1841
793,1997,9,3508,3882,-374
793,1997,10,3498,6482,-2984
793,1997,11,3481,8052,-4571
793,1997,12,3465,6612,-3147
793,1998,1,3464,3212,252
793,1998,2,3467,2282,1185
793,1998,3,3463,5082,-1619
793,1998,4,3465,2282,1183
793,1998,5,3456,6382,-2926
793,1998,6,3457,2282,1175
793,1998,7,3462,2282,1180
793,1998,8,3463,3602,-139
793,1998,9,3466,2282,1184
793,1998,10,3471,2282,1189
793,1998,11,3476,2282,1194
793,1998,12,3480,2867,613
794,1997,4,900,0,900
794,1997,5,3022,0,3022
794,1997,6,3022,0,3022
794,1997,7,3022,0,3022
794,1997,8,3022,0,3022
794,1997,9,3032,1335,1697
794,1997,10,3082,4029,-947
794,1997,11,3081,2029,1052
794,1997,12,3082,4099,-1017
794,1998,1,3081,2029,1052
794,1998,2,3086,2029,1057
794,1998,3,3089,2599,490
794,1998,4,3092,2029,1063
794,1998,5,3097,2029,1068
794,1998,6,3101,2029,1072
794,1998,7,3102,4049,-947
794,1998,8,3102,2029,1073
794,1998,9,3096,7129,-4033
794,1998,10,3089,2029,1060
794,1998,11,3094,2029,1065
794,1998,12,3098,2854,244
795,1995,1,900,0,900
795,1995,2,15171,0,15171
795,1995,3,7935,0,7935
795,1995,4,4565,2700,1865
795,1995,5,4571,5900,-1329
795,1995,6,6799,5315,1484
795,1995,7,4576,4591,-15
795,1995,8,4569,5191,-622
795,1995,9,6577,2991,3586
795,1995,10,4587,5591,-1004
795,1995,11,4585,2991,1594
795,1995,12,6816,8691,-1875
795,1996,1,10170,14591,-4421
795,1996,2,9863,7091,2772
795,1996,3,9985,2991,6994
795,1996,4,4606,3091,1515
795,1996,5,5614,2991,2623
795,1996,6,6847,27391,-20544
795,1996,7,18853,6291,12562
795,1996,8,7495,2991,4504
795,1996,9,11613,6791,4822
795,1996,10,10630,7191,3439
795,1996,11,9252,2991,6261
795,1996,12,8402,6591,1811
795,1997,1,5551,16491,-10940
795,1997,2,8439,2991,5448
795,1997,3,8061,2991,5070
795,1997,4,5777,2991,2786
795,1997,5,4671,10391,-5720
795,1997,6,13863,18491,-4628
795,1997,7,8051,2991,5060
795,1997,8,4659,5091,-432
795,1997,9,6968,2991,3977
795,1997,10,11274,11791,-517
795,1997,11,4675,3691,984
795,1997,12,8522,3791,4731
795,1998,1,7585,12291,-4706
795,1998,2,5483,2991,2492
795,1998,3,6696,2991,3705
795,1998,4,4693,7691,-2998
795,1998,5,7401,2991,4410
795,1998,6,11933,12091,-158
795,1998,7,4709,3691,1018
795,1998,8,6521,2991,3530
795,1998,9,5920,2991,2929
795,1998,10,4732,6091,-1359
795,1998,11,9541,7491,2050
795,1998,12,13199,4276,8923
796,1997,2,700,0,700
796,1997,4,10700,0,10700
796,1997,5,10323,0,10323
796,1997,6,790,0,790
796,1997,7,890,0,890
796,1997,8,1790,0,1790
796,1997,9,24985,0,24985
796,1997,10,209,12400,-12191
796,1997,11,209,7200,-6991
796,1997,12,509,0,509
796,1998,1,209,1800,-1591
796,1998,2,209,700,-491
796,1998,3,209,600,-391
796,1998,4,2109,0,2109
796,1998,5,35065,2300,32765
796,1998,6,265,19300,-19035
796,1998,7,11479,9200,2279
796,1998,8,78313,61415,16898
796,1998,9,265,14215,-13950
796,1998,10,157,28396,-28239
796,1998,11,10992,15,10977
796,1998,12,8209,17973,-9764
797,1996,11,900,0,900
797,1996,12,51451,16800,34651
797,1997,1,34429,23900,10529
797,1997,2,34462,29800,4662
797,1997,3,34478,32000,2478
797,1997,4,34487,32715,1772
797,1997,5,34491,35115,-624
797,1997,6,51634,44215,7419
797,1997,7,34500,45019,-10519
797,1997,8,34486,29515,4971
797,1997,9,34527,37015,-2488
797,1997,10,34509,47021,-12512
797,1997,11,34470,26015,8455
797,1997,12,51617,62102,-10485
797,1998,1,34419,60603,-26184
797,1998,2,34380,7715,26665
797,1998,3,34460,44946,-10486
797,1998,4,34427,16115,18312
797,1998,5,34481,25815,8666
797,1998,6,51651,45715,5936
797,1998,7,34426,85158,-50732
797,1998,8,34392,13297,21095
797,1998,9,34447,16615,17832
797,1998,10,34436,48087,-13651
797,1998,11,34403,54926,-20523
797,1998,12,51567,28700,22867
798,1996,4,600,0,600
798,1996,5,14093,0,14093
798,1996,6,6643,0,6643
798,1996,7,3467,0,3467
798,1996,8,3380,1100,2280
798,1996,9,3389,2915,474
798,1996,10,3388,3797,-409
798,1996,11,5492,2677,2815
798,1996,12,3395,5277,-1882
798,1997,1,5790,7117,-1327
798,1997,2,3383,5057,-1674
798,1997,3,3377,4177,-800
798,1997,4,4479,2197,2282
798,1997,5,3384,3297,87
798,1997,6,5079,8677,-3598
798,1997,7,9985,3067,6918
798,1997,8,7510,2197,5313
798,1997,9,6129,2197,3932
798,1997,10,5444,2197,3247
798,1997,11,3449,3637,-188
798,1997,12,3444,5697,-2253
798,1998,1,4339,6787,-2448
798,1998,2,4934,2557,2377
798,1998,3,3432,6097,-2665
798,1998,4,3431,2697,734
798,1998,5,3835,2197,1638
798,1998,6,7036,7057,-21
798,1998,7,7148,3457,3691
798,1998,8,5061,2197,2864
798,1998,9,6273,3667,2606
798,1998,10,5082,2497,2585
798,1998,11,3477,6197,-2720
798,1998,12,3476,2552,924
799,1993,10,200,0,200
799,1993,11,11400,0,11400
799,1993,12,8700,0,8700
799,1994,1,700,0,700
799,1994,2,200,0,200
799,1994,3,900,0,900
799,1994,4,0,1300,-1300
799,1994,6,2600,0,2600
799,1994,7,0,2600,-2600
799,1994,8,1100,0,1100
799,1994,9,0,1000,-1000
799,1994,10,0,1700,-1700
799,1994,11,900,0,900
799,1994,12,0,4000,-4000
799,1995,1,0,900,-900
799,1995,2,1200,0,1200
799,1995,3,0,2600,-2600
799,1995,4,0,2300,-2300
799,1995,5,3300,0,3300
799,1995,6,1200,0,1200
799,1995,7,2200,0,2200
799,1995,8,2,2900,-2898
799,1995,9,64,300,-236
799,1995,10,2364,0,2364
799,1995,11,64,2600,-2536
799,1995,12,1864,0,1864
799,1996,1,64,1800,-1736
799,1996,2,64,4800,-4736
799,1996,4,1364,0,1364
799,1996,8,0,2300,-2300
800,1997,12,4869,0,4869
800,1998,1,17030,0,17030
800,1998,2,10879,0,10879
800,1998,3,3885,5100,-1215
800,1998,4,3874,7117,-3243
800,1998,5,3861,7467,-3606
800,1998,6,3836,12207,-8371
800,1998,7,6437,3387,3050
800,1998,8,5545,2517,3028
800,1998,9,6862,2517,4345
800,1998,10,9689,2517,7172
800,1998,11,3889,5817,-1928
800,1998,12,4492,4362,130
801,1997,7,300,0,300
801,1997,8,14384,0,14384
801,1997,9,8737,0,8737
801,1997,10,6163,5300,863
801,1997,11,6165,6300,-135
801,1997,12,9199,10940,-1741
801,1998,1,6538,15227,-8689
801,1998,2,6128,3647,2481
801,1998,3,6135,6847,-712
801,1998,4,6127,8747,-2620
801,1998,5,6226,3347,2879
801,1998,6,9170,7747,1423
801,1998,7,6126,12947,-6821
801,1998,8,6114,3947,2167
801,1998,9,6124,3347,2777
801,1998,10,6122,9547,-3425
801,1998,11,6121,3347,2774
801,1998,12,9166,7972,1194
802,1994,12,300,0,300
802,1995,1,5376,0,5376
802,1995,2,5376,0,5376
802,1995,3,5376,0,5376
802,1995,4,5376,0,5376
802,1995,5,5421,2615,2806
802,1995,6,5464,14801,-9337
802,1995,7,5444,3491,1953
802,1995,8,5457,1891,3566
802,1995,9,5465,5011,454
802,1995,10,5474,1891,3583
802,1995,11,5489,1891,3598
802,1995,12,5495,5691,-196
802,1996,1,5482,11251,-5769
802,1996,2,5479,1891,3588
802,1996,3,5494,1891,3603
802,1996,4,5504,3491,2013
802,1996,5,5517,1891,3626
802,1996,6,5516,9841,-4325
802,1996,7,5514,3691,1823
802,1996,8,5516,5251,265
802,1996,9,5523,1891,3632
802,1996,10,5537,3091,2446
802,1996,11,5547,4771,776
802,1996,12,5546,3891,1655
802,1997,1,5532,12291,-6759
802,1997,2,5530,1891,3639
802,1997,3,5537,4451,1086
802,1997,4,5550,1891,3659
802,1997,5,5559,3691,1868
802,1997,6,5557,17791,-12234
802,1997,7,5511,5491,20
802,1997,8,5522,1891,3631
802,1997,9,5537,1891,3646
802,1997,10,5552,1891,3661
802,1997,11,5562,5091,471
802,1997,12,5568,2441,3127
802,1998,1,5558,13251,-7693
802,1998,2,5549,1891,3658
802,1998,3,5563,3011,2552
802,1998,4,5574,4611,963
802,1998,5,5569,5411,158
802,1998,6,5541,14011,-8470
802,1998,7,5539,3791,1748
802,1998,8,5539,8991,-3452
802,1998,9,5538,3591,1947
802,1998,10,5538,5411,127
802,1998,11,5545,2491,3054
802,1998,12,5556,2626,2930
803,1995,9,500,0,500
803,1995,10,11900,0,11900
803,1995,11,39121,10200,28921
803,1995,12,20145,14000,6145
803,1996,1,44186,14115,30071
803,1996,2,240,36005,-35765
803,1996,3,172,13815,-13643
803,1996,4,116,5715,-5599
803,1996,5,10461,4215,6246
803,1996,6,80,15115,-15035
803,1996,7,47,11015,-10968
803,1996,8,4812,15,4797
803,1996,9,3837,1815,2022
803,1996,10,1740,15,1725
803,1996,11,547,15,532
803,1996,12,2042,6315,-4273
803,1997,1,71906,42364,29542
803,1997,2,114480,68215,46265
803,1997,3,110364,86196,24168
803,1997,4,37498,45815,-8317
803,1997,5,127143,179015,-51872
803,1997,6,23547,43307,-19760
803,1997,7,27244,17415,9829
803,1997,8,79032,76996,2036
803,1997,9,7700,17415,-9715
803,1997,10,28174,22615,5559
803,1997,11,14757,28862,-14105
803,1997,12,100136,45715,54421
803,1998,1,231,45315,-45084
803,1998,2,124,18715,-18591
803,1998,3,67073,31315,35758
803,1998,4,33061,57303,-24242
803,1998,5,73188,41815,31373
803,1998,6,45008,91215,-46207
803,1998,7,12833,29026,-16193
803,1998,8,0,7079,-7079
803,1998,9,75307,30505,44802
803,1998,10,88,34950,-34862
803,1998,11,63773,28902,34871
803,1998,12,46000,63384,-17384
804,1996,2,500,0,500
804,1996,3,15559,0,15559
804,1996,4,8072,0,8072
804,1996,5,8116,3600,4516
804,1996,6,12158,3500,8658
804,1996,7,8162,7839,323
804,1996,8,8170,6039,2131
804,1996,9,8185,4759,3426
804,1996,10,8183,8939,-756
804,1996,11,8190,9859,-1669
804,1996,12,12197,7059,5138
804,1997,1,8975,23559,-14584
804,1997,2,8152,3039,5113
804,1997,3,8161,9159,-998
804,1997,4,8165,5339,2826
804,1997,5,8161,16939,-8778
804,1997,6,12167,8739,3428
804,1997,7,8154,10559,-2405
804,1997,8,8147,6839,1308
804,1997,9,8153,7779,374
804,1997,10,8154,6139,2015
804,1997,11,9563,8919,644
804,1997,12,16277,9439,6838
804,1998,1,8190,7179,1011
804,1998,2,8194,12459,-4265
804,1998,3,8181,3639,4542
804,1998,4,12603,3039,9564
804,1998,5,8228,8499,-271
804,1998,6,12242,30019,-17777
804,1998,7,18775,3039,15736
804,1998,8,13635,5939,7696
804,1998,9,14253,11839,2414
804,1998,10,9674,3039,6635
804,1998,11,8293,10539,-2246
804,1998,12,12304,5524,6780
805,1996,12,22220,0,22220
805,1997,1,14571,5500,9071
805,1997,2,14374,0,14374
805,1997,3,14428,6600,7828
805,1997,4,14478,9515,4963
805,1997,5,14472,25315,-10843
805,1997,6,31423,52329,-20906
805,1997,7,14408,5815,8593
805,1997,8,14414,11415,2999
805,1997,9,14390,22738,-8348
805,1997,10,14369,16376,-2007
805,1997,11,14362,11615,2747
805,1997,12,21504,18015,3489
805,1998,1,14348,30115,-15767
805,1998,2,14325,6915,7410
805,1998,3,14355,8515,5840
805,1998,4,14385,18015,-3630
805,1998,5,24013,44700,-20687
805,1998,6,21513,12157,9356
805,1998,7,14309,20215,-5906
805,1998,8,14299,4215,10084
805,1998,9,14332,13115,1217
805,1998,10,14322,30827,-16505
805,1998,11,26697,21595,5102
805,1998,12,28819,30188,-1369
806,1996,10,300,0,300
806,1996,11,3447,0,3447
806,1996,12,3447,0,3447
806,1997,1,3447,0,3447
806,1997,2,3447,0,3447
806,1997,3,3495,2883,612
806,1997,4,3507,4023,-516
806,1997,5,3510,2313,1197
806,1997,6,3514,3453,61
806,1997,7,3515,2313,1202
806,1997,8,3519,2973,546
806,1997,9,3522,2313,1209
806,1997,10,3527,2493,1034
806,1997,11,3532,2313,1219
806,1997,12,3535,3183,352
806,1998,1,3530,6393,-2863
806,1998,2,3526,2313,1213
806,1998,3,3531,2313,1218
806,1998,4,3536,2313,1223
806,1998,5,3541,2313,1228
806,1998,6,3527,12783,-9256
806,1998,7,3508,2313,1195
806,1998,8,3512,3423,89
806,1998,9,3513,2313,1200
806,1998,10,3518,2313,1205
806,1998,11,3523,2493,1030
806,1998,12,3526,2808,718
807,1995,6,800,0,800
807,1995,7,21386,0,21386
807,1995,8,20350,9700,10650
807,1995,9,20382,14500,5882
807,1995,10,20408,13900,6508
807,1995,11,20406,32909,-12503
807,1995,12,30488,32166,-1678
807,1996,1,20332,31609,-11277
807,1996,2,23219,23709,-490
807,1996,3,21538,12609,8929
807,1996,4,24426,33100,-8674
807,1996,5,23438,19300,4138
807,1996,6,30447,34809,-4362
807,1996,7,20329,14909,5420
807,1996,8,20339,19209,1130
807,1996,9,28593,16509,12084
807,1996,10,20407,15409,4998
807,1996,11,20429,15209,5220
807,1996,12,30567,27209,3358
807,1997,1,22149,52809,-30660
807,1997,2,27443,27274,169
807,1997,3,26156,22809,3347
807,1997,4,29469,21909,7560
807,1997,5,24205,12609,11596
807,1997,6,30471,47035,-16564
807,1997,7,29671,24737,4934
807,1997,8,25910,15909,10001
807,1997,9,27893,34279,-6386
807,1997,10,20401,13109,7292
807,1997,11,20415,19957,458
807,1997,12,40971,48981,-8010
807,1998,1,31154,38409,-7255
807,1998,2,26171,12609,13562
807,1998,3,28966,36202,-7236
807,1998,4,30843,32256,-1413
807,1998,5,20387,17209,3178
807,1998,6,30546,20809,9737
807,1998,7,26167,42700,-16533
807,1998,8,20373,22509,-2136
807,1998,9,23868,12609,11259
807,1998,10,24973,26544,-1571
807,1998,11,20398,20309,89
807,1998,12,30534,36132,-5598
808,1995,6,200,0,200
808,1995,7,16908,0,16908
808,1995,8,15614,5900,9714
808,1995,9,15684,7800,7884
808,1995,10,15720,13100,2620
808,1995,11,15690,32915,-17225
808,1995,12,23336,22795,541
808,1996,1,15568,23175,-7607
808,1996,2,15536,15715,-179
808,1996,3,15493,31729,-16236
808,1996,4,15442,16449,-1007
808,1996,5,15454,5639,9815
808,1996,6,23191,31427,-8236
808,1996,7,15460,4533,10927
808,1996,8,15503,13107,2396
808,1996,9,15516,14107,1409
808,1996,10,15524,13807,1717
808,1996,11,15528,16327,-799
808,1996,12,23276,18567,4709
808,1997,1,15535,20867,-5332
808,1997,2,15516,15507,9
808,1997,3,15518,15407,111
808,1997,4,15518,14907,611
808,1997,5,15537,12507,3030
808,1997,6,23314,23707,-393
808,1997,7,15555,15427,128
808,1997,8,15559,25007,-9448
808,1997,9,15523,4507,11016
808,1997,10,15568,15207,361
808,1997,11,15562,15007,555
808,1997,12,23304,19787,3517
808,1998,1,15576,20067,-4491
808,1998,2,15549,15107,442
808,1998,3,15568,12707,2861
808,1998,4,15584,18307,-2723
808,1998,5,15575,12607,2968
808,1998,6,23308,34067,-10759
808,1998,7,15542,4507,11035
808,1998,8,15579,15607,-28
808,1998,9,15585,23207,-7622
808,1998,10,15559,8587,6972
808,1998,11,15577,15307,270
808,1998,12,23347,13892,9455
809,1995,12,900,0,900
809,1996,1,19618,0,19618
809,1996,2,19675,7200,12475
809,1996,3,19761,16600,3161
809,1996,4,19765,21200,-1435
809,1996,5,19767,17315,2452
809,1996,6,29585,36513,-6928
809,1996,7,19742,27013,-7271
809,1996,8,19724,19813,-89
809,1996,9,19724,19313,411
809,1996,10,19720,21413,-1693
809,1996,11,19721,16793,2928
809,1996,12,29559,26053,3506
809,1997,1,19717,30933,-11216
809,1997,2,19689,22373,-2684
809,1997,3,19687,20213,-526
809,1997,4,19686,17513,2173
809,1997,5,19682,22813,-3131
809,1997,6,29503,23813,5690
809,1997,7,19696,23993,-4297
809,1997,8,19681,19593,88
809,1997,9,19684,17713,1971
809,1997,10,19687,19513,174
809,1997,11,19675,22913,-3238
809,1997,12,29507,25573,3934
809,1998,1,19681,22713,-3032
809,1998,2,19709,8313,11396
809,1998,3,19691,28733,-9042
809,1998,4,19718,10113,9605
809,1998,5,19743,13313,6430
809,1998,6,29562,32073,-2511
809,1998,7,19751,15413,4338
809,1998,8,19749,21213,-1464
809,1998,9,19745,20613,-868
809,1998,10,19748,18813,935
809,1998,11,19746,20413,-667
809,1998,12,29581,21978,7603
810,1995,11,5010,0,5010
810,1995,12,4819,0,4819
810,1996,1,4819,0,4819
810,1996,2,4819,0,4819
810,1996,3,4821,15,4806
810,1996,4,4884,9051,-4167
810,1996,5,4888,2091,2797
810,1996,6,4900,2091,2809
810,1996,7,4912,2091,2821
810,1996,8,4922,2391,2531
810,1996,9,4916,10411,-5495
810,1996,10,4904,4291,613
810,1996,11,4905,4851,54
810,1996,12,4894,8181,-3287
810,1997,1,4876,12871,-7995
810,1997,2,4866,2091,2775
810,1997,3,4869,6751,-1882
810,1997,4,4868,2591,2277
810,1997,5,4878,2971,1907
810,1997,6,4877,10891,-6014
810,1997,7,4858,4491,367
810,1997,8,4864,2091,2773
810,1997,9,4871,3611,1260
810,1997,10,4878,9191,-4313
810,1997,11,4863,3691,1172
810,1997,12,4868,2741,2127
810,1998,1,4860,8331,-3471
810,1998,2,4862,4291,571
810,1998,3,4869,2091,2778
810,1998,4,4873,5371,-498
810,1998,5,4874,2091,2783
810,1998,6,4881,4241,640
810,1998,7,4888,2091,2797
810,1998,8,4891,4971,-80
810,1998,9,4891,5131,-240
810,1998,10,4898,2091,2807
810,1998,11,4910,2091,2819
810,1998,12,4922,2776,2146
811,1997,8,31435,2900,28535
811,1997,9,31150,20300,10850
811,1997,10,31195,26600,4595
811,1997,11,31214,25800,5414
811,1997,12,46822,38330,8492
811,1998,1,31313,61830,-30517
811,1998,2,31149,15030,16119
811,1998,3,31282,35630,-4348
811,1998,4,31254,22330,8924
811,1998,5,31284,25430,5854
811,1998,6,46892,33830,13062
811,1998,7,31328,37730,-6402
811,1998,8,31321,36230,-4909
811,1998,9,31323,31730,-407
811,1998,10,31322,30930,392
811,1998,11,31311,36730,-5419
811,1998,12,46846,41000,5846
812,1996,8,1000,0,1000
812,1996,9,22656,0,22656
812,1996,10,19652,8200,11452
812,1996,11,19698,13200,6498
812,1996,12,29501,22300,7201
812,1997,1,19752,30495,-10743
812,1997,2,19729,20843,-1114
812,1997,3,19706,22323,-2617
812,1997,4,19715,17843,1872
812,1997,5,19705,21663,-1958
812,1997,6,29487,29783,-296
812,1997,7,19714,15043,4671
812,1997,8,19730,17243,2487
812,1997,9,19738,17363,2375
812,1997,10,19747,19643,104
812,1997,11,19744,21843,-2099
812,1997,12,29515,36023,-6508
812,1998,1,24764,37863,-13099
812,1998,2,19665,10443,9222
812,1998,3,19693,20343,-650
812,1998,4,19691,19143,548
812,1998,5,19692,19243,449
812,1998,6,29481,29063,418
812,1998,7,19696,22623,-2927
812,1998,8,19686,16243,3443
812,1998,9,19686,22883,-3197
812,1998,10,19687,15243,4444
812,1998,11,19697,19343,354
812,1998,12,29471,28608,863
813,1993,2,13290,0,13290
813,1993,3,12944,0,12944
813,1993,4,12297,8000,4297
813,1993,5,12326,8300,4026
813,1993,6,18383,32037,-13654
813,1993,7,14069,6015,8054
813,1993,8,12283,16964,-4681
813,1993,9,13487,1915,11572
813,1993,10,12311,22085,-9774
813,1993,11,12287,3815,8472
813,1993,12,18348,31459,-13111
813,1994,1,13674,11815,1859
813,1994,2,14079,3015,11064
813,1994,3,15190,20268,-5078
813,1994,4,12293,6515,5778
813,1994,5,12276,22141,-9865
813,1994,6,20788,2041,18747
813,1994,7,12302,29359,-17057
813,1994,8,12289,4141,8148
813,1994,9,12318,5741,6577
813,1994,10,12296,18041,-5745
813,1994,11,12324,4841,7483
813,1994,12,18415,20241,-1826
813,1995,1,12333,22941,-10608
813,1995,2,12308,2041,10267
813,1995,3,12280,32782,-20502
813,1995,4,15465,11844,3621
813,1995,5,17602,8415,9187
813,1995,6,24673,29277,-4604
813,1995,7,12293,9815,2478
813,1995,8,12302,8015,4287
813,1995,9,12324,9915,2409
813,1995,10,12316,13915,-1599
813,1995,11,12305,21235,-8930
813,1995,12,18862,16315,2547
813,1996,1,12286,8715,3571
813,1996,2,12313,11015,1298
813,1996,3,12318,14715,-2397
813,1996,4,12288,12315,-27
813,1996,5,12291,10615,1676
813,1996,6,18401,26415,-8014
813,1996,7,12286,8815,3471
813,1996,8,12279,19015,-6736
813,1996,9,12277,2015,10262
813,1996,10,12293,13515,-1222
813,1996,11,12305,8715,3590
813,1996,12,18386,14515,3871
813,1997,1,12329,11815,514
813,1997,2,12328,9515,2813
813,1997,3,12340,11015,1325
813,1997,4,12341,14727,-2386
813,1997,5,12334,14315,-1981
813,1997,6,18415,20415,-2000
813,1997,7,12317,7315,5002
813,1997,8,12303,27293,-14990
813,1997,9,12293,2915,9378
813,1997,10,12316,14115,-1799
813,1997,11,12310,6715,5595
813,1997,12,18408,18515,-107
813,1998,1,12322,13815,-1493
813,1998,2,12319,12215,104
813,1998,3,12324,10815,1509
813,1998,4,12319,16515,-4196
813,1998,5,12296,16876,-4580
813,1998,6,22172,19962,2210
813,1998,7,12308,7215,5093
813,1998,8,12300,18359,-6059
813,1998,9,12307,5015,7292
813,1998,10,12329,10415,1914
813,1998,11,12327,11815,512
813,1998,12,18416,26228,-7812
814,1996,10,7078,0,7078
814,1996,11,6789,0,6789
814,1996,12,6789,0,6789
814,1997,1,6789,0,6789
814,1997,2,6854,1613,5241
814,1997,3,6912,2245,4667
814,1997,4,6918,6445,473
814,1997,5,6908,7945,-1037
814,1997,6,6895,15345,-8450
814,1997,7,6888,3925,2963
814,1997,8,6896,5345,1551
814,1997,9,6890,8045,-1155
814,1997,10,6889,12285,-5396
814,1997,11,6880,8045,-1165
814,1997,12,6873,11495,-4622
814,1998,1,6837,9985,-3148
814,1998,2,6837,12265,-5428
814,1998,3,6824,4145,2679
814,1998,4,6831,6745,86
814,1998,5,6830,9345,-2515
814,1998,6,6820,7645,-825
814,1998,7,6823,2245,4578
814,1998,8,6839,2965,3874
814,1998,9,6852,2645,4207
814,1998,10,6860,19345,-12485
814,1998,11,6823,2245,4578
814,1998,12,6831,5150,1681
815,1993,8,300,0,300
815,1993,9,2924,0,2924
815,1993,10,2924,0,2924
815,1993,11,2924,0,2924
815,1993,12,2924,0,2924
815,1994,1,2953,1575,1378
815,1994,2,2977,3584,-607
815,1994,3,2980,1964,1016
815,1994,4,2983,2774,209
815,1994,5,2984,2894,90
815,1994,6,2985,1964,1021
815,1994,7,2989,2504,485
815,1994,8,2986,3344,-358
815,1994,9,2987,3314,-327
815,1994,10,2989,1964,1025
815,1994,11,2993,1964,1029
815,1994,12,2995,2744,251
815,1995,1,2986,6704,-3718
815,1995,2,2983,1964,1019
815,1995,3,2981,4574,-1593
815,1995,4,2980,1964,1016
815,1995,5,2981,3104,-123
815,1995,6,2984,1964,1020
815,1995,7,2988,1964,1024
815,1995,8,2992,1964,1028
815,1995,9,2997,1964,1033
815,1995,10,3001,1964,1037
815,1995,11,3005,1964,1041
815,1995,12,3006,2654,352
815,1996,1,3002,6344,-3342
815,1996,2,2997,1964,1033
815,1996,3,3001,1964,1037
815,1996,4,3000,3374,-374
815,1996,5,3004,1964,1040
815,1996,6,3005,6524,-3519
815,1996,7,2994,1964,1030
815,1996,8,2992,3674,-682
815,1996,9,2995,1964,1031
815,1996,10,2999,1964,1035
815,1996,11,3000,2834,166
815,1996,12,3002,2804,198
815,1997,1,2998,7004,-4006
815,1997,2,2988,1964,1024
815,1997,3,2992,2954,38
815,1997,4,2993,1964,1029
815,1997,5,2997,1964,1033
815,1997,6,2996,3074,-78
815,1997,7,3001,1964,1037
815,1997,8,3004,3014,-10
815,1997,9,3005,1964,1041
815,1997,10,3005,3044,-39
815,1997,11,3009,1964,1045
815,1997,12,3009,2984,25
815,1998,1,3002,6614,-3612
815,1998,2,2998,1964,1034
815,1998,3,3002,2774,228
815,1998,4,3003,1964,1039
815,1998,5,3008,5364,-2356
815,1998,6,3003,3504,-501
815,1998,7,2996,5014,-2018
815,1998,8,2987,2364,623
815,1998,9,2989,3064,-75
815,1998,10,2989,1964,1025
815,1998,11,2992,4364,-1372
815,1998,12,2988,1949,1039
816,1993,8,17446,0,17446
816,1993,9,36210,0,36210
816,1993,10,41803,36700,5103
816,1993,11,244,14800,-14556
816,1993,12,10769,7400,3369
816,1994,1,113345,77115,36230
816,1994,2,37958,37729,229
816,1994,3,103791,146413,-42622
816,1994,4,99,21295,-21196
816,1994,5,79190,5729,73461
816,1994,6,22213,37729,-15516
816,1994,7,9002,53215,-44213
816,1994,8,61385,34129,27256
816,1994,9,38464,37029,1435
816,1994,10,21513,31229,-9716
816,1994,11,58990,42729,16261
816,1994,12,84153,93629,-9476
816,1995,1,578,37755,-37177
816,1995,2,37287,21069,16218
816,1995,3,28036,23055,4981
816,1995,4,60961,41455,19506
816,1995,5,33193,37055,-3862
816,1995,6,223,15455,-15232
816,1995,7,164,7755,-7591
816,1995,8,8186,6555,1631
816,1995,9,2043,6555,-4512
816,1995,10,48085,32855,15230
816,1995,11,62943,34155,28788
816,1995,12,17805,28555,-10750
816,1996,1,26045,49955,-23910
816,1996,2,21638,15955,5683
816,1996,3,8097,14355,-6258
816,1996,4,66470,28555,37915
816,1996,5,147450,123655,23795
816,1996,6,59866,100655,-40789
816,1996,7,79791,81273,-1482
816,1996,8,97372,76655,20717
816,1996,9,111065,87655,23410
816,1996,10,84568,118255,-33687
816,1996,11,260,17255,-16995
816,1996,12,180,23755,-23575
816,1997,1,21885,24929,-3044
816,1997,2,43067,7329,35738
816,1997,3,73779,21129,52650
816,1997,4,35543,74829,-39286
816,1997,5,81384,81729,-345
816,1997,6,265,25429,-25164
816,1997,7,11023,6829,4194
816,1997,8,55475,15329,40146
816,1997,9,26979,67450,-40471
816,1997,10,64433,16529,47904
816,1997,11,11162,29729,-18567
816,1997,12,68674,76429,-7755
816,1998,1,59106,102229,-43123
816,1998,2,48641,6329,42312
816,1998,3,96903,72329,24574
816,1998,4,74631,61129,13502
816,1998,5,13863,37729,-23866
816,1998,6,35024,37329,-2305
816,1998,7,59600,35829,23771
816,1998,8,31293,40029,-8736
816,1998,9,75127,75729,-602
816,1998,10,31808,62129,-30321
816,1998,11,14581,16629,-2048
816,1998,12,52725,22714,30011
817,1994,3,200,0,200
817,1994,4,21428,800,20628
817,1994,5,21504,7000,14504
817,1994,6,32256,19200,13056
817,1994,7,21577,33900,-12323
817,1994,8,21541,20920,621
817,1994,9,21532,26580,-5048
817,1994,10,21517,33720,-12203
817,1994,11,21480,17980,3500
817,1994,12,32214,31340,874
817,1995,1,21496,25020,-3524
817,1995,2,21484,18420,3064
817,1995,3,21496,18395,3101
817,1995,4,21495,24435,-2940
817,1995,5,21491,20895,596
817,1995,6,32192,29795,2397
817,1995,7,21480,29195,-7715
817,1995,8,21462,24395,-2933
817,1995,9,21453,24195,-2742
817,1995,10,21452,20595,857
817,1995,11,21457,20695,762
817,1995,12,32164,31595,569
817,1996,1,21464,20695,769
817,1996,2,21455,25195,-3740
817,1996,3,21446,22595,-1149
817,1996,4,21460,17695,3765
817,1996,5,21470,20355,1115
817,1996,6,32187,25595,6592
817,1996,7,21488,23695,-2207
817,1996,8,21511,14695,6816
817,1996,9,21514,23235,-1721
817,1996,10,21526,16435,5091
817,1996,11,21538,18995,2543
817,1996,12,32277,25435,6842
817,1997,1,21530,30275,-8745
817,1997,2,21539,13595,7944
817,1997,3,21571,21655,-84
817,1997,4,21565,21295,270
817,1997,5,21547,29015,-7468
817,1997,6,32267,26895,5372
817,1997,7,21561,27695,-6134
817,1997,8,21535,24395,-2860
817,1997,9,21523,21095,428
817,1997,10,21520,26995,-5475
817,1997,11,21494,23175,-1681
817,1997,12,32213,25415,6798
817,1998,1,21494,33795,-12301
817,1998,2,21471,18895,2576
817,1998,3,21481,20995,486
817,1998,4,21482,22095,-613
817,1998,5,21471,23735,-2264
817,1998,6,32181,28135,4046
817,1998,7,21491,15895,5596
817,1998,8,21510,19495,2015
817,1998,9,21517,19395,2122
817,1998,10,21518,25875,-4357
817,1998,11,21506,19995,1511
817,1998,12,32240,16300,15940
819,1995,4,600,0,600
819,1995,5,21471,0,21471
819,1995,6,28973,15200,13773
819,1995,7,19393,17400,1993
819,1995,8,19400,17900,1500
819,1995,9,19409,16815,2594
819,1995,10,19413,21275,-1862
819,1995,11,19412,17115,2297
819,1995,12,29063,27935,1128
819,1996,1,19406,42955,-23549
819,1996,2,19345,8615,10730
819,1996,3,19381,13015,6366
819,1996,4,19407,19155,252
819,1996,5,19401,16915,2486
819,1996,6,29043,21815,7228
819,1996,7,19431,21615,-2184
819,1996,8,19418,23215,-3797
819,1996,9,19409,20315,-906
819,1996,10,19401,21915,-2514
819,1996,11,19393,20815,-1422
819,1996,12,29032,24215,4817
819,1997,1,19347,38775,-19428
819,1997,2,20585,15,20570
819,1997,3,19408,23215,-3807
819,1997,4,19395,21115,-1720
819,1997,5,19397,17815,1582
819,1997,6,29047,18575,10472
819,1997,7,19459,13715,5744
819,1997,8,19473,17315,2158
819,1997,9,19472,22615,-3143
819,1997,10,19467,17915,1552
819,1997,11,19453,22755,-3302
819,1997,12,29088,20915,8173
819,1998,1,19434,41215,-21781
819,1998,2,19409,15315,4094
819,1998,3,19429,14515,4914
819,1998,4,19442,17715,1727
819,1998,5,19459,15715,3744
819,1998,6,29091,36315,-7224
819,1998,7,19442,14515,4927
819,1998,8,19462,14715,4747
819,1998,9,19475,17015,2460
819,1998,10,19480,20415,-935
819,1998,11,19470,21615,-2145
819,1998,12,29110,21800,7310
820,1995,11,11607,0,11607
820,1995,12,21973,0,21973
820,1996,1,11538,2800,8738
820,1996,2,11557,8800,2757
820,1996,3,11567,9215,2352
820,1996,4,11560,14392,-2832
820,1996,5,11559,10992,567
820,1996,6,17259,12892,4367
820,1996,7,11570,21992,-10422
820,1996,8,11550,14992,-3442
820,1996,9,11835,11352,483
820,1996,10,11538,10192,1346
820,1996,11,11545,6292,5253
820,1996,12,17266,13392,3874
820,1997,1,16550,27152,-10602
820,1997,2,11538,6892,4646
820,1997,3,11557,7992,3565
820,1997,4,11569,11292,277
820,1997,5,11670,7152,4518
820,1997,6,30613,45432,-14819
820,1997,7,18237,5592,12645
820,1997,8,13269,10992,2277
820,1997,9,11591,7592,3999
820,1997,10,11605,11392,213
820,1997,11,11606,10192,1414
820,1997,12,17305,19232,-1927
820,1998,1,11564,22592,-11028
820,1998,2,12163,5592,6571
820,1998,3,11585,8652,2933
820,1998,4,11597,9392,2205
820,1998,5,11587,15592,-4005
820,1998,6,17261,42592,-25331
820,1998,7,26711,5592,21119
820,1998,8,15969,11232,4737
820,1998,9,15093,8472,6621
820,1998,10,11604,13692,-2088
820,1998,11,11609,8592,3017
820,1998,12,17322,9697,7625
821,1996,3,300,0,300
821,1996,4,14333,0,14333
821,1996,5,10085,0,10085
821,1996,6,4012,300,3712
821,1996,7,4024,1800,2224
821,1996,8,4023,6202,-2179
821,1996,9,4016,5572,-1556
821,1996,10,4017,2702,1315
821,1996,11,4020,3602,418
821,1996,12,4007,10062,-6055
821,1997,1,3977,11932,-7955
821,1997,2,6174,2522,3652
821,1997,3,3975,4702,-727
821,1997,4,3977,3852,125
821,1997,5,3970,6412,-2442
821,1997,6,6070,5012,1058
821,1997,7,5580,2102,3478
821,1997,8,3985,3502,483
821,1997,9,3988,3402,586
821,1997,10,3987,4302,-315
821,1997,11,3990,3172,818
821,1997,12,3989,4652,-663
821,1998,1,4887,8312,-3425
821,1998,2,4981,2102,2879
821,1998,3,5094,2102,2992
821,1998,4,3985,7012,-3027
821,1998,5,3983,4602,-619
821,1998,6,3981,4252,-271
821,1998,7,3976,5602,-1626
821,1998,8,3970,5402,-1432
821,1998,9,5374,3452,1922
821,1998,10,3982,2202,1780
821,1998,11,3982,4442,-460
821,1998,12,4888,3137,1751
822,1996,10,7433,0,7433
822,1996,11,6942,0,6942
822,1996,12,6942,0,6942
822,1997,1,6942,0,6942
822,1997,2,7000,3295,3705
822,1997,3,7041,7379,-338
822,1997,4,7038,7099,-61
822,1997,5,7039,6199,840
822,1997,6,7008,24299,-17291
822,1997,7,6989,2099,4890
822,1997,8,7004,8879,-1875
822,1997,9,7000,5999,1001
822,1997,10,7002,10899,-3897
822,1997,11,6986,9299,-2313
822,1997,12,6975,7619,-644
822,1998,1,6969,6119,850
822,1998,2,6980,1799,5181
822,1998,3,7002,1799,5203
822,1998,4,7014,18899,-11885
822,1998,5,6975,1799,5176
822,1998,6,6992,10369,-3377
822,1998,7,6976,8899,-1923
822,1998,8,6974,1799,5175
822,1998,9,6986,5079,1907
822,1998,10,7003,1799,5204
822,1998,11,7025,1799,5226
822,1998,12,7045,5294,1751
823,1997,9,1100,0,1100
823,1997,10,3284,0,3284
823,1997,11,3284,0,3284
823,1997,12,3284,0,3284
823,1998,1,3284,0,3284
823,1998,2,3287,15,3272
823,1998,3,3357,3074,283
823,1998,4,3361,2204,1157
823,1998,5,3366,2204,1162
823,1998,6,3370,2204,1166
823,1998,7,3374,3374,0
823,1998,8,3373,3314,59
823,1998,9,3374,2684,690
823,1998,10,3378,2204,1174
823,1998,11,3383,2204,1179
823,1998,12,3386,2759,627
824,1996,3,700,0,700
824,1996,4,15935,0,15935
824,1996,5,9795,0,9795
824,1996,6,12281,8300,3981
824,1996,7,8235,9100,-865
824,1996,8,8237,5915,2322
824,1996,9,8243,9121,-878
824,1996,10,8238,10021,-1783
824,1996,11,8234,8121,113
824,1996,12,12295,11181,1114
824,1997,1,8212,19281,-11069
824,1997,2,9000,5421,3579
824,1997,3,10516,6741,3775
824,1997,4,8227,6321,1906
824,1997,5,8231,13601,-5370
824,1997,6,12278,6421,5857
824,1997,7,8234,7221,1013
824,1997,8,8214,12581,-4367
824,1997,9,8212,10221,-2009
824,1997,10,9014,8181,833
824,1997,11,10003,5421,4582
824,1997,12,12294,10621,1673
824,1998,1,15831,22581,-6750
824,1998,2,15537,5421,10116
824,1998,3,8353,6141,2212
824,1998,4,12767,10461,2306
824,1998,5,12089,5421,6668
824,1998,6,12369,6221,6148
824,1998,7,8324,7621,703
824,1998,8,8320,11741,-3421
824,1998,9,8308,8221,87
824,1998,10,8820,5421,3399
824,1998,11,8319,8921,-602
824,1998,12,12382,10026,2356
825,1996,3,16431,0,16431
825,1996,4,19308,0,19308
825,1996,5,16066,3700,12366
825,1996,6,24070,11500,12570
825,1996,7,16134,14715,1419
825,1996,8,16105,28550,-12445
825,1996,9,16052,30070,-14018
825,1996,10,16008,21430,-5422
825,1996,11,16001,15650,351
825,1996,12,25754,27490,-1736
825,1997,1,21569,29330,-7761
825,1997,2,15975,13673,2302
825,1997,3,15984,15773,211
825,1997,4,16486,13673,2813
825,1997,5,17097,13673,3424
825,1997,6,26243,26473,-230
825,1997,7,16009,15433,576
825,1997,8,17413,13673,3740
825,1997,9,16025,14933,1092
825,1997,10,16030,17673,-1643
825,1997,11,17126,13673,3453
825,1997,12,23991,20893,3098
825,1998,1,16017,35673,-19656
825,1998,2,23572,13750,9822
825,1998,3,20213,16770,3443
825,1998,4,17529,12450,5079
825,1998,5,16448,12350,4098
825,1998,6,24012,23810,202
825,1998,7,16073,17550,-1477
825,1998,8,16170,10090,6080
825,1998,9,16069,22450,-6381
825,1998,10,16048,18950,-2902
825,1998,11,16035,17950,-1915
825,1998,12,23982,18535,5447
826,1996,10,9109,0,9109
826,1996,11,13360,0,13360
826,1996,12,13907,0,13907
826,1997,1,8550,2300,6250
826,1997,2,8556,8450,106
826,1997,3,8524,16900,-8376
826,1997,4,8511,12040,-3529
826,1997,5,8496,11000,-2504
826,1997,6,12686,12980,-294
826,1997,7,8493,8500,-7
826,1997,8,12073,20760,-8687
826,1997,9,8469,10300,-1831
826,1997,10,8464,8300,164
826,1997,11,8461,7600,861
826,1997,12,12662,9420,3242
826,1998,1,8474,16560,-8086
826,1998,2,8445,5600,2845
826,1998,3,8454,11900,-3446
826,1998,4,8442,7800,642
826,1998,5,8445,6800,1645
826,1998,6,12651,13100,-449
826,1998,7,8447,10100,-1653
826,1998,8,8441,8900,-459
826,1998,9,8438,8900,-462
826,1998,10,8439,6000,2439
826,1998,11,13654,5600,8054
826,1998,12,12676,11105,1571
827,1996,2,1000,0,1000
827,1996,3,3391,0,3391
827,1996,4,3391,0,3391
827,1996,5,3391,0,3391
827,1996,6,3391,0,3391
827,1996,7,3433,3505,-72
827,1996,8,3455,2275,1180
827,1996,9,3458,3595,-137
827,1996,10,3456,3685,-229
827,1996,11,3458,2275,1183
827,1996,12,3463,2275,1188
827,1997,1,3461,6925,-3464
827,1997,2,3453,2275,1178
827,1997,3,3458,2275,1183
827,1997,4,3463,2275,1188
827,1997,5,3468,2275,1193
827,1997,6,3463,5335,-1872
827,1997,7,3465,2275,1190
827,1997,8,3471,2635,836
827,1997,9,3474,2275,1199
827,1997,10,3477,2935,542
827,1997,11,3481,2275,1206
827,1997,12,3486,2275,1211
827,1998,1,3490,4405,-915
827,1998,2,3487,2275,1212
827,1998,3,3491,3025,466
827,1998,4,3493,2815,678
827,1998,5,3497,2275,1222
827,1998,6,3490,6505,-3015
827,1998,7,3488,2605,883
827,1998,8,3491,3055,436
827,1998,9,3495,2275,1220
827,1998,10,3500,2275,1225
827,1998,11,3505,2275,1230
827,1998,12,3511,2470,1041
828,1997,2,14310,0,14310
828,1997,3,13368,900,12468
828,1997,4,13417,1500,11917
828,1997,5,13444,11300,2144
828,1997,6,20116,7715,12401
828,1997,7,13481,19067,-5586
828,1997,8,13461,16967,-3506
828,1997,9,13448,17167,-3719
828,1997,10,13646,12467,1179
828,1997,11,15561,11507,4054
828,1997,12,20106,18527,1579
828,1998,1,13406,39007,-25601
828,1998,2,13773,8867,4906
828,1998,3,13383,13667,-284
828,1998,4,13374,14567,-1193
828,1998,5,13368,15167,-1799
828,1998,6,20013,15767,4246
828,1998,7,13377,15367,-1990
828,1998,8,13367,16067,-2700
828,1998,9,13349,18167,-4818
828,1998,10,13338,15167,-1829
828,1998,11,13342,11367,1975
828,1998,12,19987,17852,2135
829,1996,11,3992,0,3992
829,1996,12,3198,0,3198
829,1997,1,3198,0,3198
829,1997,2,3198,0,3198
829,1997,3,3223,2135,1088
829,1997,4,3245,2135,1110
829,1997,5,3250,2345,905
829,1997,6,3252,3065,187
829,1997,7,3254,2135,1119
829,1997,8,3259,2135,1124
829,1997,9,3263,2135,1128
829,1997,10,3266,3305,-39
829,1997,11,3268,2135,1133
829,1997,12,3270,3815,-545
829,1998,1,3270,2135,1135
829,1998,2,3275,2135,1140
829,1998,3,3280,2135,1145
829,1998,4,3284,2135,1149
829,1998,5,3288,3185,103
829,1998,6,3290,2135,1155
829,1998,7,3294,2315,979
829,1998,8,3298,2135,1163
829,1998,9,3303,2135,1168
829,1998,10,3308,2135,1173
829,1998,11,3310,3935,-625
829,1998,12,3310,2480,830
830,1993,2,200,0,200
830,1993,3,18779,0,18779
830,1993,4,16733,6400,10333
830,1993,5,16766,9900,6866
830,1993,6,25103,19500,5603
830,1993,7,16848,16715,133
830,1993,8,16830,7915,8915
830,1993,9,16843,14115,2728
830,1993,10,16857,13315,3542
830,1993,11,16864,15615,1249
830,1993,12,25205,20195,5010
830,1994,1,16887,16615,272
830,1994,2,16877,20215,-3338
830,1994,3,16876,15915,961
830,1994,4,16870,19115,-2245
830,1994,5,16863,18795,-1932
830,1994,6,25166,33255,-8089
830,1994,7,16854,8315,8539
830,1994,8,16847,21155,-4308
830,1994,9,16862,11615,5247
830,1994,10,16877,30815,-13938
830,1994,11,16857,15135,1722
830,1994,12,25188,21355,3833
830,1995,1,16855,20655,-3800
830,1995,2,16815,15715,1100
830,1995,3,16838,16515,323
830,1995,4,16841,20755,-3914
830,1995,5,16806,13015,3791
830,1995,6,25134,33795,-8661
830,1995,7,16786,13315,3471
830,1995,8,16799,16015,784
830,1995,9,16802,15115,1687
830,1995,10,16812,12615,4197
830,1995,11,16826,16015,811
830,1995,12,25155,23015,2140
830,1996,1,16870,17115,-245
830,1996,2,16858,20815,-3957
830,1996,3,16841,19215,-2374
830,1996,4,16818,10515,6303
830,1996,5,16839,14715,2124
830,1996,6,25193,38555,-13362
830,1996,7,16796,12515,4281
830,1996,8,16815,11915,4900
830,1996,9,16839,9615,7224
830,1996,10,16858,16315,543
830,1996,11,16862,15615,1247
830,1996,12,25196,17615,7581
830,1997,1,16897,16515,382
830,1997,2,16896,17815,-919
830,1997,3,16898,14115,2783
830,1997,4,16905,17115,-210
830,1997,5,16908,14715,2193
830,1997,6,25236,25135,101
830,1997,7,16942,21315,-4373
830,1997,8,16910,14715,2195
830,1997,9,16889,23415,-6526
830,1997,10,16874,19015,-2141
830,1997,11,16867,16715,152
830,1997,12,25186,28615,-3429
830,1998,1,16857,15115,1742
830,1998,2,16868,14415,2453
830,1998,3,16865,19615,-2750
830,1998,4,16860,15715,1145
830,1998,5,16853,20315,-3462
830,1998,6,25127,35455,-10328
830,1998,7,16823,9815,7008
830,1998,8,16837,15315,1522
830,1998,9,16848,13815,3033
830,1998,10,16859,14415,2444
830,1998,11,16857,22215,-5358
830,1998,12,25166,21500,3666
831,1996,9,1000,0,1000
831,1996,10,3437,0,3437
831,1996,11,3437,0,3437
831,1996,12,3437,0,3437
831,1997,1,3437,0,3437
831,1997,2,3496,2306,1190
831,1997,3,3515,2306,1209
831,1997,4,3520,2306,1214
831,1997,5,3514,4296,-782
831,1997,6,3504,8436,-4932
831,1997,7,3492,3506,-14
831,1997,8,3492,3006,486
831,1997,9,3490,5206,-1716
831,1997,10,3488,2306,1182
831,1997,11,3492,2606,886
831,1997,12,3489,5106,-1617
831,1998,1,3491,2906,585
831,1998,2,3500,2306,1194
831,1998,3,3503,2726,777
831,1998,4,3508,3116,392
831,1998,5,3510,2306,1204
831,1998,6,3507,2306,1201
831,1998,7,3518,2756,762
831,1998,8,3507,5516,-2009
831,1998,9,3514,2306,1208
831,1998,10,3503,5656,-2153
831,1998,11,3510,2406,1104
831,1998,12,3508,2291,1217
832,1996,5,500,0,500
832,1996,6,3203,0,3203
832,1996,7,3203,0,3203
832,1996,8,3203,0,3203
832,1996,9,3203,0,3203
832,1996,10,3242,2150,1092
832,1996,11,3266,2150,1116
832,1996,12,3270,2540,730
832,1997,1,3259,7010,-3751
832,1997,2,3258,2150,1108
832,1997,3,3263,2150,1113
832,1997,4,3264,3290,-26
832,1997,5,3267,2150,1117
832,1997,6,3264,6250,-2986
832,1997,7,3259,2150,1109
832,1997,8,3264,2150,1114
832,1997,9,3268,3320,-52
832,1997,10,3267,2690,577
832,1997,11,3271,2150,1121
832,1997,12,3275,2480,795
832,1998,1,3267,6410,-3143
832,1998,2,3265,2150,1115
832,1998,3,3267,4370,-1103
832,1998,4,3266,2150,1116
832,1998,5,3270,2150,1120
832,1998,6,3274,3830,-556
832,1998,7,3272,2570,702
832,1998,8,3275,2450,825
832,1998,9,3278,2570,708
832,1998,10,3279,3440,-161
832,1998,11,3281,2150,1131
832,1998,12,3285,3305,-20
833,1996,8,900,0,900
833,1996,9,5614,0,5614
833,1996,10,5614,0,5614
833,1996,11,5614,0,5614
833,1996,12,5626,5900,-274
833,1997,1,5690,5477,213
833,1997,2,5692,7477,-1785
833,1997,3,5687,3477,2210
833,1997,4,5692,7597,-1905
833,1997,5,5688,4177,1511
833,1997,6,5686,7077,-1391
833,1997,7,5687,5277,410
833,1997,8,5689,4777,912
833,1997,9,5692,5777,-85
833,1997,10,5689,7917,-2228
833,1997,11,5683,4777,906
833,1997,12,5677,7797,-2120
833,1998,1,5678,4437,1241
833,1998,2,5684,3477,2207
833,1998,3,5684,10477,-4793
833,1998,4,5674,3477,2197
833,1998,5,5683,3477,2206
833,1998,6,5691,4977,714
833,1998,7,5695,3477,2218
833,1998,8,5704,5077,627
833,1998,9,5707,3477,2230
833,1998,10,5716,3477,2239
833,1998,11,5725,3477,2248
833,1998,12,5733,4862,871
834,1997,5,900,0,900
834,1997,6,10963,0,10963
834,1997,7,5204,0,5204
834,1997,8,4025,200,3825
834,1997,9,4030,7400,-3370
834,1997,10,4017,7188,-3171
834,1997,11,4007,5488,-1481
834,1997,12,5707,4018,1689
834,1998,1,4008,6248,-2240
834,1998,2,4003,2488,1515
834,1998,3,4001,7488,-3487
834,1998,4,3995,2488,1507
834,1998,5,4000,3178,822
834,1998,6,4000,4688,-688
834,1998,7,4002,2488,1514
834,1998,8,4008,2488,1520
834,1998,9,4014,3688,326
834,1998,10,4015,3178,837
834,1998,11,4019,2488,1531
834,1998,12,4025,2773,1252
836,1996,7,1100,0,1100
836,1996,8,16800,0,16800
836,1996,9,9569,0,9569
836,1996,10,7305,4100,3205
836,1996,11,7314,9300,-1986
836,1996,12,10919,8574,2345
836,1997,1,7501,17834,-10333
836,1997,2,7282,7374,-92
836,1997,3,7283,10594,-3311
836,1997,4,7268,6874,394
836,1997,5,7257,13574,-6317
836,1997,6,10852,3074,7778
836,1997,7,7280,3074,4206
836,1997,8,7292,5354,1938
836,1997,9,7305,3074,4231
836,1997,10,7323,3074,4249
836,1997,11,7299,30074,-22775
836,1997,12,10851,3074,7777
836,1998,1,7255,12314,-5059
836,1998,2,7254,4514,2740
836,1998,3,7258,8234,-976
836,1998,4,7264,3074,4190
836,1998,5,7267,9674,-2407
836,1998,6,10876,3074,7802
836,1998,7,7304,3074,4230
836,1998,8,7322,3074,4248
836,1998,9,7340,3074,4266
836,1998,10,7353,8954,-1601
836,1998,11,7351,3074,4277
836,1998,12,10973,3059,7914
837,1993,9,400,0,400
837,1993,10,25088,0,25088
837,1993,11,21466,11000,10466
837,1993,12,32176,24000,8176
837,1994,1,21526,20200,1326
837,1994,2,21525,25965,-4440
837,1994,3,21517,22365,-848
837,1994,4,21512,22265,-753
837,1994,5,21508,22765,-1257
837,1994,6,32169,36965,-4796
837,1994,7,21486,20365,1121
837,1994,8,21488,20965,523
837,1994,9,21490,20165,1325
837,1994,10,21493,23165,-1672
837,1994,11,21501,25965,-4464
837,1994,12,32179,22265,9914
837,1995,1,21482,35865,-14383
837,1995,2,21458,18365,3093
837,1995,3,21491,16665,4826
837,1995,4,21481,21365,116
837,1995,5,21465,29565,-8100
837,1995,6,32129,41465,-9336
837,1995,7,21438,11865,9573
837,1995,8,21462,17865,3597
837,1995,9,21469,24765,-3296
837,1995,10,21463,18265,3198
837,1995,11,21479,18765,2714
837,1995,12,32167,26765,5402
837,1996,1,21471,35365,-13894
837,1996,2,28108,10365,17743
837,1996,3,21500,26665,-5165
837,1996,4,21531,11765,9766
837,1996,5,21557,16465,5092
837,1996,6,32264,26365,5899
837,1996,7,21603,15865,5738
837,1996,8,21609,22365,-756
837,1996,9,21612,19265,2347
837,1996,10,21606,23965,-2359
837,1996,11,21613,22665,-1052
837,1996,12,32306,42665,-10359
837,1997,1,21593,27865,-6272
837,1997,2,21545,12665,8880
837,1997,3,21548,35465,-13917
837,1997,4,21539,21565,-26
837,1997,5,21530,22065,-535
837,1997,6,32217,39065,-6848
837,1997,7,21499,18065,3434
837,1997,8,21510,21365,145
837,1997,9,21511,19665,1846
837,1997,10,21518,18665,2853
837,1997,11,21525,26065,-4540
837,1997,12,32223,24165,8058
837,1998,1,21530,33365,-11835
837,1998,2,21489,23465,-1976
837,1998,3,21483,20965,518
837,1998,4,21486,19065,2421
837,1998,5,21499,27565,-6066
837,1998,6,32143,28365,3778
837,1998,7,21485,18765,2720
837,1998,8,21496,17365,4131
837,1998,9,21508,21065,443
837,1998,10,21504,24565,-3061
837,1998,11,21491,27265,-5774
837,1998,12,32211,10250,21961
838,1993,10,1100,0,1100
838,1993,11,10400,0,10400
838,1993,12,8700,0,8700
838,1994,1,3800,0,3800
838,1994,2,1000,0,1000
838,1994,3,1000,0,1000
838,1994,4,1300,0,1300
838,1994,5,0,1700,-1700
838,1994,6,500,0,500
838,1994,7,0,3300,-3300
838,1994,8,1100,0,1100
838,1994,9,0,1600,-1600
838,1994,10,2700,0,2700
838,1994,11,0,800,-800
838,1994,12,1400,0,1400
838,1995,1,3100,0,3100
838,1995,2,1400,0,1400
838,1995,3,1500,0,1500
838,1995,4,0,4500,-4500
838,1995,5,0,2500,-2500
838,1995,6,1200,0,1200
838,1995,7,2200,0,2200
838,1995,8,1300,0,1300
838,1995,9,0,1400,-1400
838,1995,10,2100,0,2100
838,1995,11,3900,0,3900
838,1995,12,1500,0,1500
838,1996,1,0,400,-400
838,1996,2,1400,0,1400
838,1996,3,0,3600,-3600
838,1996,4,0,1000,-1000
838,1996,5,0,2500,-2500
838,1996,6,800,0,800
838,1996,7,0,3200,-3200
838,1996,8,0,100,-100
838,1996,10,0,1700,-1700
838,1996,11,600,0,600
838,1996,12,2900,0,2900
838,1997,3,0,100,-100
838,1997,4,0,100,-100
838,1997,5,0,1700,-1700
838,1997,6,0,2200,-2200
838,1997,7,0,600,-600
838,1997,8,0,4300,-4300
838,1997,9,0,400,-400
838,1997,10,0,1300,-1300
838,1997,11,1700,0,1700
838,1997,12,2,8100,-8098
838,1998,3,1448,0,1448
838,1998,4,54,2000,-1946
838,1998,5,54,900,-846
838,1998,6,54,1500,-1446
838,1998,7,2554,0,2554
838,1998,8,1254,0,1254
838,1998,9,54,4000,-3946
838,1998,10,54,4200,-4146
838,1998,11,0,200,-200
839,1995,1,500,0,500
839,1995,2,27306,0,27306
839,1995,3,24688,13700,10988
839,1995,4,24727,17400,7327
839,1995,5,24752,20300,4452
839,1995,6,37058,39469,-2411
839,1995,7,24759,28369,-3610
839,1995,8,24749,26669,-1920
839,1995,9,24736,25369,-633
839,1995,10,24744,20869,3875
839,1995,11,24746,25669,-923
839,1995,12,37042,29869,7173
839,1996,1,24764,28669,-3905
839,1996,2,24771,21869,2902
839,1996,3,24766,25069,-303
839,1996,4,24769,22669,2100
839,1996,5,24771,26469,-1698
839,1996,6,37020,49169,-12149
839,1996,7,24733,18369,6364
839,1996,8,24746,23369,1377
839,1996,9,24790,10769,14021
839,1996,10,24835,15969,8866
839,1996,11,24852,21669,3183
839,1996,12,37179,22469,14710
839,1997,1,24896,35769,-10873
839,1997,2,24872,24569,303
839,1997,3,24877,23269,1608
839,1997,4,24881,24069,812
839,1997,5,24876,26869,-1993
839,1997,6,37166,27469,9697
839,1997,7,24885,37569,-12684
839,1997,8,24841,32269,-7428
839,1997,9,24836,22969,1867
839,1997,10,24816,32769,-7953
839,1997,11,24817,20769,4048
839,1997,12,37141,27069,10072
839,1998,1,24826,55069,-30243
839,1998,2,24788,7869,16919
839,1998,3,24795,25169,-374
839,1998,4,24807,24269,538
839,1998,5,24797,50269,-25472
839,1998,6,37095,38669,-1574
839,1998,7,24782,26769,-1987
839,1998,8,24736,21669,3067
839,1998,9,24748,19169,5579
839,1998,10,24768,24069,699
839,1998,11,24757,31769,-7012
839,1998,12,37060,5054,32006
840,1996,3,24980,0,24980
840,1996,4,24581,300,24281
840,1996,5,24652,13100,11552
840,1996,6,36927,17800,19127
840,1996,7,24744,31395,-6651
840,1996,8,24711,29581,-4870
840,1996,9,24693,29301,-4608
840,1996,10,24678,26421,-1743
840,1996,11,24675,24721,-46
840,1996,12,36891,26661,10230
840,1997,1,24618,59141,-34523
840,1997,2,24603,11921,12682
840,1997,3,24642,18321,6321
840,1997,4,24665,19721,4944
840,1997,5,24681,21621,3060
840,1997,6,36864,35181,1683
840,1997,7,24693,24421,272
840,1997,8,24684,28321,-3637
840,1997,9,24652,32141,-7489
840,1997,10,24621,28501,-3880
840,1997,11,24629,28661,-4032
840,1997,12,36853,26261,10592
840,1998,1,24560,59321,-34761
840,1998,2,24561,4621,19940
840,1998,3,24618,16221,8397
840,1998,4,24630,24041,589
840,1998,5,24597,43221,-18624
840,1998,6,36796,52021,-15225
840,1998,7,24539,20821,3718
840,1998,8,24554,16421,8133
840,1998,9,24583,25521,-938
840,1998,10,24579,22221,2358
840,1998,11,24587,23021,1566
840,1998,12,36840,7486,29354
841,1993,11,6594,0,6594
841,1993,12,5799,0,5799
841,1994,1,5799,0,5799
841,1994,2,5799,0,5799
841,1994,3,5870,2824,3046
841,1994,4,5896,3424,2472
841,1994,5,5905,3424,2481
841,1994,6,5902,7324,-1422
841,1994,7,5899,7804,-1905
841,1994,8,5891,11524,-5633
841,1994,9,5876,6324,-448
841,1994,10,5874,5624,250
841,1994,11,5878,7324,-1446
841,1994,12,5871,6724,-853
841,1995,1,5850,12764,-6914
841,1995,2,5837,2124,3713
841,1995,3,5853,2124,3729
841,1995,4,5866,4124,1742
841,1995,5,5874,5124,750
841,1995,6,5876,6924,-1048
841,1995,7,5874,2724,3150
841,1995,8,5884,5924,-40
841,1995,9,5885,5224,661
841,1995,10,5887,5224,663
841,1995,11,5888,7324,-1436
841,1995,12,5883,7834,-1951
841,1996,1,5872,9884,-4012
841,1996,2,5859,4524,1335
841,1996,3,5867,2224,3643
841,1996,4,5873,7884,-2011
841,1996,5,5868,5444,424
841,1996,6,5869,5804,65
841,1996,7,5875,5084,791
841,1996,8,5879,2124,3755
841,1996,9,5895,2124,3771
841,1996,10,5911,2124,3787
841,1996,11,5924,3124,2800
841,1996,12,5936,4674,1262
841,1997,1,5930,12324,-6394
841,1997,2,5908,6684,-776
841,1997,3,5913,2124,3789
841,1997,4,5925,4764,1161
841,1997,5,5934,2124,3810
841,1997,6,5949,2124,3825
841,1997,7,5956,6624,-668
841,1997,8,5949,8004,-2055
841,1997,9,5937,10044,-4107
841,1997,10,5926,8524,-2598
841,1997,11,5920,4624,1296
841,1997,12,5923,6284,-361
841,1998,1,5898,14664,-8766
841,1998,2,5892,2124,3768
841,1998,3,5908,2684,3224
841,1998,4,5921,2124,3797
841,1998,5,5937,2124,3813
841,1998,6,5952,2684,3268
841,1998,7,5963,4224,1739
841,1998,8,5974,2124,3850
841,1998,9,5979,6924,-945
841,1998,10,5964,10324,-4360
841,1998,11,5957,8804,-2847
841,1998,12,5949,5759,190
842,1995,4,5634,0,5634
842,1995,5,4941,0,4941
842,1995,6,4941,0,4941
842,1995,7,4941,0,4941
842,1995,8,4980,6893,-1913
842,1995,9,4999,4973,26
842,1995,10,4999,5533,-534
842,1995,11,4998,3293,1705
842,1995,12,5004,3693,1311
842,1996,1,4989,12943,-7954
842,1996,2,4976,4573,403
842,1996,3,4977,3933,1044
842,1996,4,4983,3293,1690
842,1996,5,4987,6013,-1026
842,1996,6,4986,4393,593
842,1996,7,4988,3293,1695
842,1996,8,4995,3293,1702
842,1996,9,5000,9493,-4493
842,1996,10,4982,5493,-511
842,1996,11,4979,7893,-2914
842,1996,12,4973,5213,-240
842,1997,1,4968,3293,1675
842,1997,2,4975,3293,1682
842,1997,3,4982,3293,1689
842,1997,4,4989,3293,1696
842,1997,5,4993,6973,-1980
842,1997,6,4985,4733,252
842,1997,7,4989,3293,1696
842,1997,8,4988,6813,-1825
842,1997,9,4988,3293,1695
842,1997,10,4987,10693,-5706
842,1997,11,4972,3293,1679
842,1997,12,4978,4343,635
842,1998,1,4975,6713,-1738
842,1998,2,4973,3693,1280
842,1998,3,4979,4253,726
842,1998,4,4978,6193,-1215
842,1998,5,4976,4173,803
842,1998,6,4980,3293,1687
842,1998,7,4979,8293,-3314
842,1998,8,4974,3293,1681
842,1998,9,4981,3293,1688
842,1998,10,4984,6093,-1109
842,1998,11,4983,3293,1690
842,1998,12,4990,3528,1462
843,1997,4,3879,0,3879
843,1997,5,12817,0,12817
843,1997,6,5953,0,5953
843,1997,7,3065,2500,565
843,1997,8,3069,2293,776
843,1997,9,3061,4795,-1734
843,1997,10,3163,2835,328
843,1997,11,6578,1995,4583
843,1997,12,3786,2235,1551
843,1998,1,3176,6405,-3229
843,1998,2,3062,6095,-3033
843,1998,3,3054,5355,-2301
843,1998,4,3043,5295,-2252
843,1998,5,3045,1995,1050
843,1998,6,3021,9895,-6874
843,1998,7,3021,1995,1026
843,1998,8,3026,1995,1031
843,1998,9,3030,1995,1035
843,1998,10,3031,2745,286
843,1998,11,3033,2415,618
843,1998,12,3037,2490,547
844,1994,4,700,0,700
844,1994,5,46791,13500,33291
844,1994,6,70508,67300,3208
844,1994,7,46938,30600,16338
844,1994,8,47002,37400,9602
844,1994,9,46970,82086,-35116
844,1994,10,46952,38786,8166
844,1994,11,46997,36086,10911
844,1994,12,70378,77186,-6808
844,1995,1,47012,41690,5322
844,1995,2,46997,48255,-1258
844,1995,3,46958,56893,-9935
844,1995,4,46988,34586,12402
844,1995,5,47003,66902,-19899
844,1995,6,70384,49119,21265
844,1995,7,47023,48275,-1252
844,1995,8,46984,56454,-9470
844,1995,9,46984,40086,6898
844,1995,10,46995,45697,1298
844,1995,11,47012,41486,5526
844,1995,12,70355,93755,-23400
844,1996,1,46954,30286,16668
844,1996,2,47003,39986,7017
844,1996,3,47031,41486,5545
844,1996,4,47045,45086,1959
844,1996,5,47042,49886,-2844
844,1996,6,70400,82735,-12335
844,1996,7,46963,65858,-18895
844,1996,8,46935,30186,16749
844,1996,9,46977,40886,6091
844,1996,10,46999,46586,413
844,1996,11,46994,57886,-10892
844,1996,12,70381,54586,15795
844,1997,1,46981,62586,-15605
844,1997,2,46957,37586,9371
844,1997,3,46973,57686,-10713
844,1997,4,46949,48477,-1528
844,1997,5,46938,45437,1501
844,1997,6,70404,68486,1918
844,1997,7,46971,42446,4525
844,1997,8,46954,52164,-5210
844,1997,9,46911,55686,-8775
844,1997,10,46897,44686,2211
844,1997,11,46913,43386,3527
844,1997,12,70343,64986,5357
844,1998,1,46910,58286,-11376
844,1998,2,46921,44686,2235
844,1998,3,46896,48086,-1190
844,1998,4,46883,50986,-4103
844,1998,5,46872,48886,-2014
844,1998,6,70284,65377,4907
844,1998,7,46868,53886,-7018
844,1998,8,46929,32486,14443
844,1998,9,46976,31686,15290
844,1998,10,46993,55757,-8764
844,1998,11,46972,47891,-919
844,1998,12,70435,49833,20602
845,1997,12,300,0,300
845,1998,1,24928,5000,19928
845,1998,2,25004,11800,13204
845,1998,3,25057,15700,9357
845,1998,4,25092,21200,3892
845,1998,5,25128,27366,-2238
845,1998,6,37568,45966,-8398
845,1998,7,25090,19866,5224
845,1998,8,25104,25566,-462
845,1998,9,25107,20066,5041
845,1998,10,25121,25366,-245
845,1998,11,25125,19966,5159
845,1998,12,37645,15151,22494
846,1996,3,18320,0,18320
846,1996,4,69792,0,69792
846,1996,5,83656,83715,-59
846,1996,6,246,45515,-45269
846,1996,7,168359,130280,38079
846,1996,8,146891,124901,21990
846,1996,9,44444,65158,-20714
846,1996,10,179,59581,-59402
846,1996,11,44339,19611,24728
846,1996,12,54276,29115,25161
846,1997,1,19310,64511,-45201
846,1997,2,2200,7811,-5611
846,1997,3,6487,7811,-1324
846,1997,4,7083,7811,-728
846,1997,5,21017,7811,13206
846,1997,6,20833,7811,13022
846,1997,7,1574,7811,-6237
846,1997,8,15941,18911,-2970
846,1997,9,32140,13311,18829
846,1997,10,38921,27511,11410
846,1997,11,276,9611,-9335
846,1997,12,42364,13511,28853
846,1998,1,42208,41111,1097
846,1998,2,54188,66011,-11823
846,1998,3,36932,31592,5340
846,1998,4,45935,43057,2878
846,1998,5,317,16897,-16580
846,1998,6,8822,23469,-14647
846,1998,7,29111,12211,16900
846,1998,8,94743,67315,27428
846,1998,9,111095,120315,-9220
846,1998,10,91801,99082,-7281
846,1998,11,12618,33274,-20656
846,1998,12,114987,60978,54009
847,1996,7,900,0,900
847,1996,8,9717,0,9717
847,1996,9,7857,0,7857
847,1996,10,3783,0,3783
847,1996,11,2597,0,2597
847,1996,12,1495,6815,-5320
847,1997,1,2966,10115,-7149
847,1997,2,7566,15,7551
847,1997,3,2988,2415,573
847,1997,4,4093,15,4078
847,1997,5,33432,3365,30067
847,1997,6,3090,36515,-33425
847,1997,7,1491,315,1176
847,1997,8,20181,15,20166
847,1997,9,1577,14615,-13038
847,1997,10,1516,4815,-3299
847,1997,11,1504,4215,-2711
847,1997,12,3301,2215,1086
847,1998,1,11980,16965,-4985
847,1998,2,7297,15,7282
847,1998,3,3017,15,3002
847,1998,4,3527,1665,1862
847,1998,5,3037,1315,1722
847,1998,6,3023,18015,-14992
847,1998,7,10301,15,10286
847,1998,8,83271,18215,65056
847,1998,9,1729,26215,-24486
847,1998,10,1669,9915,-8246
847,1998,11,1646,4715,-3069
847,1998,12,1637,3900,-2263
848,1996,6,800,0,800
848,1996,7,14172,0,14172
848,1996,8,9216,3300,5916
848,1996,9,9239,4100,5139
848,1996,10,9259,4900,4359
848,1996,11,9254,15340,-6086
848,1996,12,13818,11430,2388
848,1997,1,9224,23510,-14286
848,1997,2,10704,6030,4674
848,1997,3,9212,12350,-3138
848,1997,4,9607,6030,3577
848,1997,5,9205,12850,-3645
848,1997,6,19003,6030,12973
848,1997,7,10865,6030,4835
848,1997,8,9270,9630,-360
848,1997,9,10062,12030,-1968
848,1997,10,9266,7430,1836
848,1997,11,13290,6030,7260
848,1997,12,13879,9670,4209
848,1998,1,9277,24670,-15393
848,1998,2,9361,6030,3331
848,1998,3,12987,6030,6957
848,1998,4,9303,6130,3173
848,1998,5,9318,6030,3288
848,1998,6,13902,9230,4672
848,1998,7,9327,13910,-4583
848,1998,8,9322,8430,892
848,1998,9,13047,6030,7017
848,1998,10,9344,12590,-3246
848,1998,11,9339,8930,409
848,1998,12,17426,11535,5891
849,1996,1,9901,0,9901
849,1996,2,6854,0,6854
849,1996,3,1342,0,1342
849,1996,4,75,500,-425
849,1996,5,40574,0,40574
849,1996,6,15833,27900,-12067
849,1996,7,191,12800,-12609
849,1996,8,191,7700,-7509
849,1996,9,33504,21400,12104
849,1996,10,158,11500,-11342
849,1996,11,158,3700,-3542
849,1996,12,33401,41588,-8187
849,1997,1,15523,9615,5908
849,1997,2,19406,12615,6791
849,1997,3,7902,36839,-28937
849,1997,4,11601,26,11575
849,1997,5,11451,3615,7836
849,1997,6,6571,12015,-5444
849,1997,7,10090,15,10075
849,1997,8,48904,2315,46589
849,1997,9,66821,70815,-3994
849,1997,10,45912,64415,-18503
849,1997,11,69418,72430,-3012
849,1997,12,27408,41915,-14507
849,1998,1,86,22615,-22529
849,1998,2,27,5515,-5488
849,1998,3,5,6800,-6795
849,1998,4,1105,0,1105
849,1998,5,5,600,-595
849,1998,6,6293,415,5878
849,1998,7,3,4500,-4497
849,1998,8,30258,3015,27243
849,1998,9,67,23331,-23264
849,1998,10,1,1215,-1214
849,1998,11,800,25,775
849,1998,12,1000,1505,-505
850,1997,3,29209,0,29209
850,1997,4,29021,2900,26121
850,1997,5,29099,16200,12899
850,1997,6,43588,23200,20388
850,1997,7,29183,39341,-10158
850,1997,8,29018,59108,-30090
850,1997,9,28976,50904,-21928
850,1997,10,28960,17326,11634
850,1997,11,28980,25426,3554
850,1997,12,43436,31726,11710
850,1998,1,28961,60926,-31965
850,1998,2,28933,28952,-19
850,1998,3,28937,17826,11111
850,1998,4,28926,38226,-9300
850,1998,5,28936,30226,-1290
850,1998,6,43412,36826,6586
850,1998,7,28986,29026,-40
850,1998,8,28973,37160,-8187
850,1998,9,28952,23126,5826
850,1998,10,28969,31300,-2331
850,1998,11,28963,26526,2437
850,1998,12,43421,20811,22610
851,1994,9,26786,0,26786
851,1994,10,6635,1800,4835
851,1994,11,131,3000,-2869
851,1994,12,44480,23800,20680
851,1995,1,51256,24315,26941
851,1995,2,54519,82550,-28031
851,1995,3,142,22532,-22390
851,1995,4,48616,4150,44466
851,1995,5,114999,117350,-2351
851,1995,6,222,34750,-34528
851,1995,7,64856,47434,17422
851,1995,8,30844,42742,-11898
851,1995,9,2211,17552,-15341
851,1995,10,86279,31350,54929
851,1995,11,117356,131186,-13830
851,1995,12,50080,73150,-23070
851,1996,1,45565,57050,-11485
851,1996,2,2119,4150,-2031
851,1996,3,2306,7450,-5144
851,1996,4,45855,4150,41705
851,1996,5,138072,136387,1685
851,1996,6,2236,45850,-43614
851,1996,7,64775,16150,48625
851,1996,8,40218,67734,-27516
851,1996,9,22842,12350,10492
851,1996,10,35739,21650,14089
851,1996,11,40597,20650,19947
851,1996,12,271,32750,-32479
851,1997,1,31164,34099,-2935
851,1997,2,44380,46450,-2070
851,1997,3,136919,90972,45947
851,1997,4,317,29350,-29033
851,1997,5,203,37369,-37166
851,1997,6,14125,9593,4532
851,1997,7,74068,58012,16056
851,1997,8,37935,13050,24885
851,1997,9,104032,120370,-16338
851,1997,10,49713,36902,12811
851,1997,11,189,41899,-41710
851,1997,12,28068,10892,17176
851,1998,1,109,24550,-24441
851,1998,2,2191,4150,-1959
851,1998,3,74,4450,-4376
851,1998,4,1361,4150,-2789
851,1998,5,3456,4150,-694
851,1998,6,6262,4150,2112
851,1998,7,4766,4150,616
851,1998,8,3966,4150,-184
851,1998,9,4467,4150,317
851,1998,10,54,4150,-4096
851,1998,11,37,4150,-4113
851,1998,12,20,4135,-4115
852,1997,10,1100,0,1100
852,1997,11,3123,0,3123
852,1997,12,3123,0,3123
852,1998,1,3123,0,3123
852,1998,2,3123,0,3123
852,1998,3,3125,15,3110
852,1998,4,3194,2097,1097
852,1998,5,3199,2097,1102
852,1998,6,3192,6327,-3135
852,1998,7,3191,2097,1094
852,1998,8,3195,2097,1098
852,1998,9,3197,3297,-100
852,1998,10,3199,2097,1102
852,1998,11,3200,3327,-127
852,1998,12,3202,3942,-740
853,1996,3,500,0,500
853,1996,4,17487,0,17487
853,1996,5,16554,4100,12454
853,1996,6,24833,13200,11633
853,1996,7,16633,15900,733
853,1996,8,16652,16366,286
853,1996,9,16652,16466,186
853,1996,10,16647,19266,-2619
853,1996,11,16644,15426,1218
853,1996,12,24900,18766,6134
853,1997,1,16654,27846,-11192
853,1997,2,16627,14666,1961
853,1997,3,16631,16466,165
853,1997,4,16636,15466,1170
853,1997,5,16638,15966,672
853,1997,6,29620,41906,-12286
853,1997,7,16610,7366,9244
853,1997,8,16629,14166,2463
853,1997,9,16639,14166,2473
853,1997,10,16643,16366,277
853,1997,11,16648,14566,2082
853,1997,12,24886,25166,-280
853,1998,1,16627,39586,-22959
853,1998,2,16585,6066,10519
853,1998,3,16622,8466,8156
853,1998,4,16636,15166,1470
853,1998,5,16646,13466,3180
853,1998,6,24839,51406,-26567
853,1998,7,16668,8066,8602
853,1998,8,16579,14466,2113
853,1998,9,16575,17906,-1331
853,1998,10,16582,14166,2416
853,1998,11,16578,19366,-2788
853,1998,12,24821,25851,-1030
854,1993,9,700,0,700
854,1993,10,16230,0,16230
854,1993,11,10488,2200,8288
854,1993,12,15722,9900,5822
854,1994,1,10538,8300,2238
854,1994,2,10556,10340,216
854,1994,3,10544,15345,-4801
854,1994,4,10540,8745,1795
854,1994,5,10540,11745,-1205
854,1994,6,15751,13345,2406
854,1994,7,10545,11945,-1400
854,1994,8,10544,8745,1799
854,1994,9,10529,17445,-6916
854,1994,10,10525,7045,3480
854,1994,11,10533,10945,-412
854,1994,12,15745,15645,100
854,1995,1,10525,13445,-2920
854,1995,2,10515,12345,-1830
854,1995,3,10505,10945,-440
854,1995,4,10511,8545,1966
854,1995,5,10518,8745,1773
854,1995,6,15729,15762,-33
854,1995,7,10522,10562,-40
854,1995,8,10511,15762,-5251
854,1995,9,10485,14462,-3977
854,1995,10,10483,10262,221
854,1995,11,10483,10562,-79
854,1995,12,15684,17562,-1878
854,1996,1,10477,10362,115
854,1996,2,10478,9562,916
854,1996,3,10486,7662,2824
854,1996,4,10489,10862,-373
854,1996,5,10482,12562,-2080
854,1996,6,19414,12762,6652
854,1996,7,10511,8762,1749
854,1996,8,10503,12962,-2459
854,1996,9,10508,8362,2146
854,1996,10,10508,11462,-954
854,1996,11,10496,13062,-2566
854,1996,12,15705,12962,2743
854,1997,1,10501,18362,-7861
854,1997,2,10481,8462,2019
854,1997,3,10484,9762,722
854,1997,4,10482,11162,-680
854,1997,5,10474,14062,-3588
854,1997,6,15699,6862,8837
854,1997,7,10505,10062,443
854,1997,8,10492,17762,-7270
854,1997,9,10490,10862,-372
854,1997,10,10488,8562,1926
854,1997,11,10489,13262,-2773
854,1997,12,15702,11762,3940
854,1998,1,10478,13562,-3084
854,1998,2,10489,6162,4327
854,1998,3,10507,6162,4345
854,1998,4,10518,21162,-10644
854,1998,5,10480,6162,4318
854,1998,6,15718,6162,9556
854,1998,7,10536,6962,3574
854,1998,8,10538,14262,-3724
854,1998,9,10537,6162,4375
854,1998,10,10541,10362,179
854,1998,11,10556,6162,4394
854,1998,12,15788,8747,7041
855,1994,3,800,0,800
855,1994,4,17776,0,17776
855,1994,5,13850,4200,9650
855,1994,6,20773,10700,10073
855,1994,7,13926,12400,1526
855,1994,8,13930,15515,-1585
855,1994,9,13938,16323,-2385
855,1994,10,13928,15523,-1595
855,1994,11,13919,16723,-2804
855,1994,12,20809,17403,3406
855,1995,1,15650,34583,-18933
855,1995,2,16846,10463,6383
855,1995,3,13879,8123,5756
855,1995,4,13897,12523,1374
855,1995,5,13894,14283,-389
855,1995,6,20784,20563,221
855,1995,7,13900,13523,377
855,1995,8,13902,10403,3499
855,1995,9,13918,11523,2395
855,1995,10,13922,14523,-601
855,1995,11,13919,14423,-504
855,1995,12,20808,19483,1325
855,1996,1,18187,28183,-9996
855,1996,2,14496,6623,7873
855,1996,3,13919,11023,2896
855,1996,4,13931,10823,3108
855,1996,5,13940,12623,1317
855,1996,6,20813,44103,-23290
855,1996,7,21579,6623,14956
855,1996,8,13923,6723,7200
855,1996,9,13938,11623,2315
855,1996,10,13943,13863,80
855,1996,11,13940,15323,-1383
855,1996,12,20824,21063,-239
855,1997,1,13919,23003,-9084
855,1997,2,15723,6623,9100
855,1997,3,13951,8423,5528
855,1997,4,13960,13323,637
855,1997,5,13963,13323,640
855,1997,6,20780,51803,-31023
855,1997,7,22581,6623,15958
855,1997,8,17716,13103,4613
855,1997,9,22859,9623,13236
855,1997,10,16905,6623,10282
855,1997,11,14020,12123,1897
855,1997,12,20924,14083,6841
855,1998,1,13995,41843,-27848
855,1998,2,17558,9863,7695
855,1998,3,16899,6623,10276
855,1998,4,14007,15983,-1976
855,1998,5,14001,16363,-2362
855,1998,6,25794,18143,7651
855,1998,7,14032,10723,3309
855,1998,8,14039,13583,456
855,1998,9,14034,15023,-989
855,1998,10,14037,13243,794
855,1998,11,14042,12163,1879
855,1998,12,20936,17308,3628
856,1996,3,13748,0,13748
856,1996,4,19521,0,19521
856,1996,5,12971,4100,8871
856,1996,6,19415,9200,10215
856,1996,7,13002,31691,-18689
856,1996,8,12965,16352,-3387
856,1996,9,12952,10852,2100
856,1996,10,12959,16452,-3493
856,1996,11,12946,11752,1194
856,1996,12,19357,16132,3225
856,1997,1,12962,12252,710
856,1997,2,12965,13752,-787
856,1997,3,12958,11332,1626
856,1997,4,12968,14352,-1384
856,1997,5,12946,14852,-1906
856,1997,6,19377,11552,7825
856,1997,7,12988,10252,2736
856,1997,8,12998,11152,1846
856,1997,9,13007,13232,-225
856,1997,10,13003,11852,1151
856,1997,11,13008,11252,1756
856,1997,12,19430,17452,1978
856,1998,1,13022,11652,1370
856,1998,2,13023,15252,-2229
856,1998,3,13014,15952,-2938
856,1998,4,13003,14752,-1749
856,1998,5,12990,14392,-1402
856,1998,6,19407,16952,2455
856,1998,7,13006,9252,3754
856,1998,8,13009,16752,-3743
856,1998,9,12996,14252,-1256
856,1998,10,12984,16652,-3668
856,1998,11,12981,10752,2229
856,1998,12,19401,18237,1164
857,1993,9,1100,0,1100
857,1993,10,4529,0,4529
857,1993,11,4529,0,4529
857,1993,12,4529,0,4529
857,1994,1,4529,0,4529
857,1994,2,4578,3234,1344
857,1994,3,4614,4874,-260
857,1994,4,4617,3034,1583
857,1994,5,4623,6654,-2031
857,1994,6,4615,3034,1581
857,1994,7,4613,6714,-2101
857,1994,8,4613,3034,1579
857,1994,9,4614,5634,-1020
857,1994,10,4616,3034,1582
857,1994,11,4618,4934,-316
857,1994,12,4620,3534,1086
857,1995,1,4610,8884,-4274
857,1995,2,4595,7534,-2939
857,1995,3,4595,3034,1561
857,1995,4,4602,3034,1568
857,1995,5,4608,3834,774
857,1995,6,4603,7714,-3111
857,1995,7,4598,3034,1564
857,1995,8,4598,6134,-1536
857,1995,9,4591,6234,-1643
857,1995,10,4588,4634,-46
857,1995,11,4589,4134,455
857,1995,12,4593,3584,1009
857,1996,1,4587,7434,-2847
857,1996,2,4581,4934,-353
857,1996,3,4584,3034,1550
857,1996,4,4585,5634,-1049
857,1996,5,4586,3034,1552
857,1996,6,4592,3034,1558
857,1996,7,4599,3034,1565
857,1996,8,4605,9134,-4529
857,1996,9,4587,3034,1553
857,1996,10,4593,3034,1559
857,1996,11,4599,3034,1565
857,1996,12,4597,7354,-2757
857,1997,1,4594,3034,1560
857,1997,2,4601,3034,1567
857,1997,3,4604,4474,130
857,1997,4,4608,3514,1094
857,1997,5,4612,3034,1578
857,1997,6,4615,7714,-3099
857,1997,7,4606,3034,1572
857,1997,8,4612,3034,1578
857,1997,9,4619,3034,1585
857,1997,10,4626,3034,1592
857,1997,11,4629,4634,-5
857,1997,12,4632,3634,998
857,1998,1,4630,7284,-2654
857,1998,2,4625,3034,1591
857,1998,3,4625,5834,-1209
857,1998,4,4626,3034,1592
857,1998,5,4632,5914,-1282
857,1998,6,4614,9184,-4570
857,1998,7,4609,3034,1575
857,1998,8,4615,3034,1581
857,1998,9,4622,3034,1588
857,1998,10,4620,7514,-2894
857,1998,11,4616,3034,1582
857,1998,12,4620,4939,-319
858,1996,7,900,0,900
858,1996,8,23297,400,22897
858,1996,9,23376,7600,15776
858,1996,10,23416,16900,6516
858,1996,11,23425,23200,225
858,1996,12,35064,30271,4793
858,1997,1,23402,51931,-28529
858,1997,2,23382,11971,11411
858,1997,3,23398,16871,6527
858,1997,4,23412,20571,2841
858,1997,5,23418,22471,947
858,1997,6,35030,65791,-30761
858,1997,7,23356,7671,15685
858,1997,8,23369,19271,4098
858,1997,9,23368,25151,-1783
858,1997,10,23357,26911,-3554
858,1997,11,23368,20271,3097
858,1997,12,35003,28871,6132
858,1998,1,23392,27771,-4379
858,1998,2,23411,12171,11240
858,1998,3,23394,30571,-7177
858,1998,4,23412,16671,6741
858,1998,5,23432,18871,4561
858,1998,6,35083,46491,-11408
858,1998,7,23414,16071,7343
858,1998,8,23427,20771,2656
858,1998,9,23441,21551,1890
858,1998,10,23402,44451,-21049
858,1998,11,23385,21831,1554
858,1998,12,35065,5456,29609
859,1997,8,200,0,200
859,1997,9,18736,0,18736
859,1997,10,11208,1000,10208
859,1997,11,11244,8400,2844
859,1997,12,16819,11200,5619
859,1998,1,11260,28690,-17430
859,1998,2,11221,5745,5476
859,1998,3,11241,9345,1896
859,1998,4,11239,18645,-7406
859,1998,5,11217,9745,1472
859,1998,6,16781,16245,536
859,1998,7,11232,4245,6987
859,1998,8,11258,8005,3253
859,1998,9,11270,7145,4125
859,1998,10,11275,12345,-1070
859,1998,11,11276,10545,731
859,1998,12,16854,12410,4444
860,1993,3,600,0,600
860,1993,4,15915,0,15915
860,1993,5,13271,4100,9171
860,1993,6,19897,13300,6597
860,1993,7,13322,11800,1522
860,1993,8,13333,9815,3518
860,1993,9,13324,24646,-11322
860,1993,10,13301,10686,2615
860,1993,11,13303,14386,-1083
860,1993,12,19902,20246,-344
860,1994,1,13290,19406,-6116
860,1994,2,13273,13366,-93
860,1994,3,13280,10486,2794
860,1994,4,13292,10186,3106
860,1994,5,13298,13186,112
860,1994,6,19921,13086,6835
860,1994,7,13320,15486,-2166
860,1994,8,14733,8086,6647
860,1994,9,13343,12386,957
860,1994,10,13354,10646,2708
860,1994,11,13343,15186,-1843
860,1994,12,19960,12906,7054
860,1995,1,13320,39246,-25926
860,1995,2,20102,8086,12016
860,1995,3,13332,8486,4846
860,1995,4,13329,14546,-1217
860,1995,5,13338,12466,872
860,1995,6,19950,21306,-1356
860,1995,7,13333,11586,1747
860,1995,8,13341,13466,-125
860,1995,9,13333,18366,-5033
860,1995,10,13328,8486,4842
860,1995,11,13322,17846,-4524
860,1995,12,19923,16346,3577
860,1996,1,13289,28966,-15677
860,1996,2,15687,8086,7601
860,1996,3,13306,9586,3720
860,1996,4,13297,17906,-4609
860,1996,5,13291,13946,-655
860,1996,6,19910,9386,10524
860,1996,7,13325,21886,-8561
860,1996,8,13318,12386,932
860,1996,9,13322,10786,2536
860,1996,10,13331,14986,-1655
860,1996,11,13324,12386,938
860,1996,12,19910,23726,-3816
860,1997,1,13480,19486,-6006
860,1997,2,13287,10286,3001
860,1997,3,13300,10286,3014
860,1997,4,13311,12886,425
860,1997,5,13313,12386,927
860,1997,6,19911,18386,1525
860,1997,7,13320,15086,-1766
860,1997,8,13312,14986,-1674
860,1997,9,13305,14286,-981
860,1997,10,13298,16006,-2708
860,1997,11,13292,10886,2406
860,1997,12,19890,18586,1304
860,1998,1,13265,23746,-10481
860,1998,2,13265,9286,3979
860,1998,3,13279,11586,1693
860,1998,4,13285,11886,1399
860,1998,5,13283,18226,-4943
860,1998,6,19875,15286,4589
860,1998,7,13261,19426,-6165
860,1998,8,13260,13246,14
860,1998,9,13268,8086,5182
860,1998,10,13290,8086,5204
860,1998,11,13287,22126,-8839
860,1998,12,19873,9671,10202
861,1993,9,19072,0,19072
861,1993,10,19152,0,19152
861,1993,11,18211,7500,10711
861,1993,12,27277,13400,13877
861,1994,1,18244,41020,-22776
861,1994,2,18217,14598,3619
861,1994,3,18225,20798,-2573
861,1994,4,18202,15198,3004
861,1994,5,18206,19298,-1092
861,1994,6,27199,31298,-4099
861,1994,7,18205,17898,307
861,1994,8,18190,23598,-5408
861,1994,9,18192,18598,-406
861,1994,10,18177,12398,5779
861,1994,11,18204,17698,506
861,1994,12,27221,17798,9423
861,1995,1,18178,34798,-16620
861,1995,2,18179,16098,2081
861,1995,3,18142,25098,-6956
861,1995,4,18166,14298,3868
861,1995,5,18164,13698,4466
861,1995,6,27188,32698,-5510
861,1995,7,18163,12698,5465
861,1995,8,18171,17198,973
861,1995,9,18167,21998,-3831
861,1995,10,18153,19198,-1045
861,1995,11,18151,18298,-147
861,1995,12,27165,27898,-733
861,1996,1,18122,34098,-15976
861,1996,2,18109,9598,8511
861,1996,3,18144,22498,-4354
861,1996,4,18112,22698,-4586
861,1996,5,18106,16798,1308
861,1996,6,27141,20998,6143
861,1996,7,18153,19898,-1745
861,1996,8,18142,21198,-3056
861,1996,9,18130,17498,632
861,1996,10,18128,21898,-3770
861,1996,11,18099,16998,1101
861,1996,12,27129,26098,1031
861,1997,1,18102,20798,-2696
861,1997,2,18109,16798,1311
861,1997,3,18107,9598,8509
861,1997,4,18132,22598,-4466
861,1997,5,18145,9598,8547
861,1997,6,27174,29698,-2524
861,1997,7,18131,23598,-5467
861,1997,8,18122,22398,-4276
861,1997,9,18128,9598,8530
861,1997,10,18135,23198,-5063
861,1997,11,18142,9598,8544
861,1997,12,27158,32098,-4940
861,1998,1,18109,25198,-7089
861,1998,2,18095,17298,797
861,1998,3,18111,9598,8513
861,1998,4,18127,21598,-3471
861,1998,5,18121,19998,-1877
861,1998,6,27132,27398,-266
861,1998,7,18122,9598,8524
861,1998,8,18125,26198,-8073
861,1998,9,18124,9598,8526
861,1998,10,18118,29698,-11580
861,1998,11,18111,9598,8513
861,1998,12,27135,32983,-5848
862,1993,2,44672,0,44672
862,1993,3,44628,10700,33928
862,1993,4,44713,27900,16813
862,1993,5,44767,32800,11967
862,1993,6,66866,92052,-25186
862,1993,7,44676,61323,-16647
862,1993,8,44680,52852,-8172
862,1993,9,44713,37352,7361
862,1993,10,44762,59152,-14390
862,1993,11,44640,41752,2888
862,1993,12,66890,63552,3338
862,1994,1,48561,79052,-30491
862,1994,2,44548,29852,14696
862,1994,3,44621,31200,13421
862,1994,4,44623,45111,-488
862,1994,5,44670,37052,7618
862,1994,6,66692,95452,-28760
862,1994,7,44593,25852,18741
862,1994,8,44651,36952,7699
862,1994,9,44653,45452,-799
862,1994,10,44626,52117,-7491
862,1994,11,44630,45279,-649
862,1994,12,66846,64952,1894
862,1995,1,44535,64818,-20283
862,1995,2,44538,38655,5883
862,1995,3,44556,53919,-9363
862,1995,4,44549,30652,13897
862,1995,5,44561,42074,2487
862,1995,6,66809,49704,17105
862,1995,7,44664,50252,-5588
862,1995,8,44642,40352,4290
862,1995,9,44664,38952,5712
862,1995,10,44526,76052,-31526
862,1995,11,44565,27552,17013
862,1995,12,66701,76152,-9451
862,1996,1,44538,51952,-7414
862,1996,2,44562,27752,16810
862,1996,3,44605,51552,-6947
862,1996,4,44583,35652,8931
862,1996,5,44616,37252,7364
862,1996,6,66800,96952,-30152
862,1996,7,44530,30152,14378
862,1996,8,44583,33452,11131
862,1996,9,44601,45152,-551
862,1996,10,44617,34652,9965
862,1996,11,44628,43852,776
862,1996,12,66778,76152,-9374
862,1997,1,44549,60552,-16003
862,1997,2,44567,25952,18615
862,1997,3,44619,38052,6567
862,1997,4,44629,43652,977
862,1997,5,44627,66511,-21884
862,1997,6,66786,39052,27734
862,1997,7,44604,68451,-23847
862,1997,8,44592,27452,17140
862,1997,9,44635,35352,9283
862,1997,10,44617,59410,-14793
862,1997,11,44630,39052,5578
862,1997,12,66876,65952,924
862,1998,1,44590,74671,-30081
862,1998,2,44597,9165,35432
862,1998,3,44600,56052,-11452
862,1998,4,44679,16152,28527
862,1998,5,44747,29052,15695
862,1998,6,66920,66952,-32
862,1998,7,44655,81752,-37097
862,1998,8,44704,38341,6363
862,1998,9,44704,31352,13352
862,1998,10,44767,20352,24415
862,1998,11,44629,95052,-50423
862,1998,12,66910,25897,41013
863,1993,5,41416,0,41416
863,1993,6,80983,61400,19583
863,1993,7,87436,79502,7934
863,1993,8,63149,55202,7947
863,1993,9,47996,37520,10476
863,1993,10,19327,42202,-22875
863,1993,11,38698,27013,11685
863,1993,12,94609,89788,4821
863,1994,1,177,59102,-58925
863,1994,2,25242,11643,13599
863,1994,3,13436,13602,-166
863,1994,4,38703,47492,-8789
863,1994,5,1598,6102,-4504
863,1994,6,45767,6102,39665
863,1994,7,186,25502,-25316
863,1994,8,40226,46055,-5829
863,1994,9,27119,6702,20417
863,1994,10,16012,29605,-13593
863,1994,11,12620,22674,-10054
863,1994,12,45747,26302,19445
863,1995,1,38421,46544,-8123
863,1995,2,58427,12211,46216
863,1995,3,109549,121823,-12274
863,1995,4,7502,40628,-33126
863,1995,5,105508,56502,49006
863,1995,6,44933,47257,-2324
863,1995,7,261,35221,-34960
863,1995,8,69334,58026,11308
863,1995,9,86616,50802,35814
863,1995,10,314,36602,-36288
863,1995,11,222,13002,-12780
863,1995,12,22085,30879,-8794
863,1996,1,112176,96702,15474
863,1996,2,174664,127702,46962
863,1996,3,36208,68502,-32294
863,1996,4,109924,117502,-7578
863,1996,5,161427,170202,-8775
863,1996,6,23482,22602,880
863,1996,7,895,11802,-10907
863,1996,8,102880,61202,41678
863,1996,9,104702,136302,-31600
863,1996,10,31163,19202,11961
863,1996,11,17155,19102,-1947
863,1996,12,41562,27402,14160
863,1997,1,11223,43302,-32079
863,1997,2,5390,6102,-712
863,1997,3,4086,6102,-2016
863,1997,4,62918,34510,28408
863,1997,5,25136,34694,-9558
863,1997,6,92117,76969,15148
863,1997,7,46644,54402,-7758
863,1997,8,76143,74582,1561
863,1997,9,851,25579,-24728
863,1997,10,25928,8702,17226
863,1997,11,37065,32993,4072
863,1997,12,47562,21138,26424
863,1998,1,39751,61302,-21551
863,1998,2,36001,25340,10661
863,1998,3,23886,13191,10695
863,1998,4,13059,11202,1857
863,1998,5,50909,49407,1502
863,1998,6,44296,29702,14594
863,1998,7,381,32269,-31888
863,1998,8,718,6102,-5384
863,1998,9,14373,25762,-11389
863,1998,10,19463,16981,2482
863,1998,11,75556,33602,41954
863,1998,12,23333,75768,-52435
864,1997,7,300,0,300
864,1997,8,14599,0,14599
864,1997,9,7336,0,7336
864,1997,10,5660,400,5260
864,1997,11,5674,2700,2974
864,1997,12,8455,7714,741
864,1998,1,5656,14774,-9118
864,1998,2,6338,7914,-1576
864,1998,3,5621,12634,-7013
864,1998,4,5607,5514,93
864,1998,5,7018,3714,3304
864,1998,6,9215,3714,5501
864,1998,7,5633,10774,-5141
864,1998,8,7234,3714,3520
864,1998,9,6236,9114,-2878
864,1998,10,11348,7174,4174
864,1998,11,8648,3714,4934
864,1998,12,8448,5299,3149
865,1996,3,900,0,900
865,1996,4,3441,0,3441
865,1996,5,3441,0,3441
865,1996,6,3441,0,3441
865,1996,7,3441,0,3441
865,1996,8,3498,2309,1189
865,1996,9,3513,2309,1204
865,1996,10,3518,2309,1209
865,1996,11,3523,2309,1214
865,1996,12,3516,7009,-3493
865,1997,1,3510,4769,-1259
865,1997,2,3501,5619,-2118
865,1997,3,3498,3689,-191
865,1997,4,3499,2309,1190
865,1997,5,3503,3599,-96
865,1997,6,3503,2309,1194
865,1997,7,3508,2309,1199
865,1997,8,3513,2309,1204
865,1997,9,3518,2309,1209
865,1997,10,3523,2309,1214
865,1997,11,3528,2309,1219
865,1997,12,3533,2309,1224
865,1998,1,3537,2939,598
865,1998,2,3541,2409,1132
865,1998,3,3546,2309,1237
865,1998,4,3551,2309,1242
865,1998,5,3556,2309,1247
865,1998,6,3556,4229,-673
865,1998,7,3558,2309,1249
865,1998,8,3555,5489,-1934
865,1998,9,3555,2789,766
865,1998,10,3556,3299,257
865,1998,11,3546,6109,-2563
865,1998,12,3532,6994,-3462
866,1993,1,13181,0,13181
866,1993,2,18147,0,18147
866,1993,3,12810,8400,4410
866,1993,4,12826,4800,8026
866,1993,5,12840,7715,5125
866,1993,6,19125,40966,-21841
866,1993,7,12775,5266,7509
866,1993,8,12803,6366,6437
866,1993,9,12819,10966,1853
866,1993,10,12816,12666,150
866,1993,11,12803,16866,-4063
866,1993,12,19130,17466,1664
866,1994,1,12784,25666,-12882
866,1994,2,12772,5966,6806
866,1994,3,12789,9966,2823
866,1994,4,12804,10266,2538
866,1994,5,12819,9966,2853
866,1994,6,27810,32966,-5156
866,1994,7,12786,16666,-3880
866,1994,8,12781,13066,-285
866,1994,9,12794,6766,6028
866,1994,10,12807,10166,2641
866,1994,11,12812,11866,946
866,1994,12,19156,20966,-1810
866,1995,1,14214,22566,-8352
866,1995,2,12799,4866,7933
866,1995,3,12817,17966,-5149
866,1995,4,12810,14066,-1256
866,1995,5,12804,12066,738
866,1995,6,19141,25566,-6425
866,1995,7,12779,8366,4413
866,1995,8,12798,9766,3032
866,1995,9,12810,10466,2344
866,1995,10,12810,11466,1344
866,1995,11,12825,9866,2959
866,1995,12,19168,18566,602
866,1996,1,12812,22666,-9854
866,1996,2,12799,7766,5033
866,1996,3,12815,13266,-451
866,1996,4,12814,12066,748
866,1996,5,12816,12066,750
866,1996,6,21918,27266,-5348
866,1996,7,12803,6666,6137
866,1996,8,12823,10566,2257
866,1996,9,12830,11366,1464
866,1996,10,12823,15366,-2543
866,1996,11,12823,12466,357
866,1996,12,19144,20366,-1222
866,1997,1,12789,25966,-13177
866,1997,2,12765,11066,1699
866,1997,3,12766,15366,-2600
866,1997,4,12749,12166,583
866,1997,5,12758,14666,-1908
866,1997,6,19085,15966,3119
866,1997,7,12771,9166,3605
866,1997,8,12774,14766,-1992
866,1997,9,12775,9666,3109
866,1997,10,12785,12766,19
866,1997,11,12773,19066,-6293
866,1997,12,19105,7466,11639
866,1998,1,13875,21966,-8091
866,1998,2,12785,4966,7819
866,1998,3,13019,4866,8153
866,1998,4,12828,15866,-3038
866,1998,5,12823,11666,1157
866,1998,6,19154,23666,-4512
866,1998,7,14329,6466,7863
866,1998,8,12839,12466,373
866,1998,9,12831,14866,-2035
866,1998,10,12850,12066,784
866,1998,11,12842,9166,3676
866,1998,12,19196,9351,9845
867,1997,11,600,0,600
867,1997,12,78841,28000,50841
867,1998,1,29586,13100,16486
867,1998,2,18617,25300,-6683
867,1998,3,44167,68545,-24378
867,1998,4,25094,29958,-4864
867,1998,5,80618,42158,38460
867,1998,6,45034,64346,-19312
867,1998,7,6329,39058,-32729
867,1998,8,20,18962,-18942
867,1998,9,0,426,-426
867,1998,10,19158,429,18729
867,1998,11,20,19068,-19048
867,1998,12,36822,12946,23876
868,1997,5,200,0,200
868,1997,6,20825,0,20825
868,1997,7,9631,4300,5331
868,1997,8,9648,9200,448
868,1997,9,9648,10400,-752
868,1997,10,9650,14773,-5123
868,1997,11,9625,16673,-7048
868,1997,12,14382,12873,1509
868,1998,1,9606,11633,-2027
868,1998,2,9595,11673,-2078
868,1998,3,9598,6973,2625
868,1998,4,9604,6373,3231
868,1998,5,9626,6373,3253
868,1998,6,14395,20073,-5678
868,1998,7,9616,6373,3243
868,1998,8,9629,6373,3256
868,1998,9,9642,6373,3269
868,1998,10,9623,21073,-11450
868,1998,11,9608,6373,3235
868,1998,12,14397,7958,6439
869,1996,7,1100,0,1100
869,1996,8,10900,0,10900
869,1996,9,3800,0,3800
869,1996,10,1300,0,1300
869,1996,11,500,0,500
869,1996,12,4100,0,4100
869,1997,1,1700,0,1700
869,1997,2,0,2200,-2200
869,1997,3,700,0,700
869,1997,4,0,3500,-3500
869,1997,5,0,3000,-3000
869,1997,6,0,2000,-2000
869,1997,7,900,0,900
869,1997,8,800,0,800
869,1997,9,0,4200,-4200
869,1997,10,0,600,-600
870,1995,3,300,0,300
870,1995,4,14554,0,14554
870,1995,5,6911,600,6311
870,1995,6,10359,4800,5559
870,1995,7,6954,7900,-946
870,1995,8,6958,6277,681
870,1995,9,6960,6377,583
870,1995,10,6949,11097,-4148
870,1995,11,7548,4577,2971
870,1995,12,10394,8977,1417
870,1996,1,6943,18857,-11914
870,1996,2,8819,4577,4242
870,1996,3,9838,4577,5261
870,1996,4,8157,4577,3580
870,1996,5,6960,12617,-5657
870,1996,6,10376,8557,1819
870,1996,7,6952,6077,875
870,1996,8,6950,8677,-1727
870,1996,9,6944,7297,-353
870,1996,10,6943,7577,-634
870,1996,11,6938,8577,-1639
870,1996,12,10357,12457,-2100
870,1997,1,9813,14537,-4724
870,1997,2,9016,4577,4439
870,1997,3,6920,8977,-2057
870,1997,4,6908,10377,-3469
870,1997,5,7007,4577,2430
870,1997,6,11951,6017,5934
870,1997,7,6932,7997,-1065
870,1997,8,6937,4677,2260
870,1997,9,6942,6177,765
870,1997,10,6946,5777,1169
870,1997,11,6944,8277,-1333
870,1997,12,10369,11437,-1068
870,1998,1,8123,16577,-8454
870,1998,2,10620,4577,6043
870,1998,3,6926,7577,-651
870,1998,4,6924,7177,-253
870,1998,5,6912,10577,-3665
870,1998,6,10340,7377,2963
870,1998,7,6905,11777,-4872
870,1998,8,6907,4577,2330
870,1998,9,6916,4577,2339
870,1998,10,6926,4577,2349
870,1998,11,6926,7577,-651
870,1998,12,10362,8842,1520
871,1996,9,25347,0,25347
871,1996,10,25149,1600,23549
871,1996,11,25207,15500,9707
871,1996,12,37753,47100,-9347
871,1997,1,25228,30103,-4875
871,1997,2,25209,6503,18706
871,1997,3,25223,51683,-26460
871,1997,4,25179,23483,1696
871,1997,5,25186,20183,5003
871,1997,6,37716,34983,2733
871,1997,7,25213,28483,-3270
871,1997,8,25194,26383,-1189
871,1997,9,25194,20383,4811
871,1997,10,25212,22583,2629
871,1997,11,25217,28183,-2966
871,1997,12,37723,34023,3700
871,1998,1,25203,33543,-8340
871,1998,2,25180,30783,-5603
871,1998,3,25149,32523,-7374
871,1998,4,25124,30483,-5359
871,1998,5,25111,21083,4028
871,1998,6,37640,29883,7757
871,1998,7,25147,30783,-5636
871,1998,8,25120,27763,-2643
871,1998,9,25116,23383,1733
871,1998,10,25114,29883,-4769
871,1998,11,25095,27683,-2588
871,1998,12,37585,39948,-2363
872,1997,1,800,0,800
872,1997,2,13469,0,13469
872,1997,3,11824,0,11824
872,1997,4,4460,0,4460
872,1997,5,4267,6100,-1833
872,1997,6,6345,1515,4830
872,1997,7,5089,2777,2312
872,1997,8,4296,3377,919
872,1997,9,4401,2777,1624
872,1997,10,4305,3877,428
872,1997,11,4305,4877,-572
872,1997,12,7078,9537,-2459
872,1998,1,17159,24297,-7138
872,1998,2,9868,2777,7091
872,1998,3,11713,5657,6056
872,1998,4,7530,2777,4753
872,1998,5,8951,3377,5574
872,1998,6,8539,18457,-9918
872,1998,7,9232,7457,1775
872,1998,8,8542,2777,5765
872,1998,9,4344,6757,-2413
872,1998,10,4335,5777,-1442
872,1998,11,4323,7777,-3454
872,1998,12,9202,5322,3880
873,1997,4,1000,0,1000
873,1997,5,13456,0,13456
873,1997,6,10485,300,10185
873,1997,7,7554,0,7554
873,1997,8,7078,6900,178
873,1997,9,7087,7993,-906
873,1997,10,7068,10944,-3876
873,1997,11,7053,11544,-4491
873,1997,12,13383,18244,-4861
873,1998,1,12106,12964,-858
873,1998,2,10316,8244,2072
873,1998,3,9105,13499,-4394
873,1998,4,8506,7619,887
873,1998,5,8508,10379,-1871
873,1998,6,10479,8719,1760
873,1998,7,7005,8819,-1814
873,1998,8,7600,7619,-19
873,1998,9,10104,7619,2485
873,1998,10,7105,10379,-3274
873,1998,11,9000,7619,1381
873,1998,12,10477,11724,-1247
874,1996,3,200,0,200
874,1996,4,16544,0,16544
874,1996,5,16506,6200,10306
874,1996,6,24756,17600,7156
874,1996,7,16566,15900,666
874,1996,8,16564,18730,-2166
874,1996,9,16517,27177,-10660
874,1996,10,16513,16208,305
874,1996,11,16522,11508,5014
874,1996,12,24747,29308,-4561
874,1997,1,16508,18708,-2200
874,1997,2,16504,16008,496
874,1997,3,16508,16208,300
874,1997,4,16514,18157,-1643
874,1997,5,16508,12908,3600
874,1997,6,24741,18508,6233
874,1997,7,16543,15608,935
874,1997,8,16521,26308,-9787
874,1997,9,16511,12408,4103
874,1997,10,16521,15408,1113
874,1997,11,16535,22301,-5766
874,1997,12,28354,13808,14546
874,1998,1,20110,35708,-15598
874,1998,2,22027,8108,13919
874,1998,3,16573,8108,8465
874,1998,4,16560,29482,-12922
874,1998,5,21356,21448,-92
874,1998,6,27637,36135,-8498
874,1998,7,22229,11565,10664
874,1998,8,17265,8108,9157
874,1998,9,16558,27049,-10491
874,1998,10,17962,8108,9854
874,1998,11,16546,28508,-11962
874,1998,12,24773,9978,14795
875,1995,5,300,0,300
875,1995,6,6607,0,6607
875,1995,7,6607,0,6607
875,1995,8,6607,0,6607
875,1995,9,6665,2200,4465
875,1995,10,6713,5452,1261
875,1995,11,6705,11452,-4747
875,1995,12,6703,5552,1151
875,1996,1,6700,6352,348
875,1996,2,6703,6252,451
875,1996,3,6711,3852,2859
875,1996,4,6716,9292,-2576
875,1996,5,6710,6172,538
875,1996,6,6714,3852,2862
875,1996,7,6726,4452,2274
875,1996,8,6735,3852,2883
875,1996,9,6739,7132,-393
875,1996,10,6735,9432,-2697
875,1996,11,6732,8712,-1980
875,1996,12,6726,4102,2624
875,1997,1,6732,6812,-80
875,1997,2,6736,3852,2884
875,1997,3,6746,6052,694
875,1997,4,6748,7972,-1224
875,1997,5,6746,3852,2894
875,1997,6,6758,3852,2906
875,1997,7,6767,6652,115
875,1997,8,6758,8952,-2194
875,1997,9,6763,5152,1611
875,1997,10,6770,4952,1818
875,1997,11,6754,12772,-6018
875,1997,12,6745,9952,-3207
875,1998,1,6737,3852,2885
875,1998,2,6748,4572,2176
875,1998,3,6758,3852,2906
875,1998,4,6770,3852,2918
875,1998,5,6783,11132,-4349
875,1998,6,6767,6412,355
875,1998,7,6760,7672,-912
875,1998,8,6761,5352,1409
875,1998,9,6766,6752,14
875,1998,10,6768,3852,2916
875,1998,11,6780,3852,2928
875,1998,12,6790,6667,123
876,1997,10,1100,0,1100
876,1997,11,6187,0,6187
876,1997,12,6199,400,5799
876,1998,1,6243,4400,1843
876,1998,2,6251,4500,1751
876,1998,3,6255,7215,-960
876,1998,4,6254,10511,-4257
876,1998,5,6243,3811,2432
876,1998,6,6249,7211,-962
876,1998,7,6248,5171,1077
876,1998,8,6253,3811,2442
876,1998,9,6253,11711,-5458
876,1998,10,6241,3811,2430
876,1998,11,6251,3811,2440
876,1998,12,6249,10746,-4497
877,1996,5,700,0,700
877,1996,6,17973,0,17973
877,1996,7,6624,0,6624
877,1996,8,5549,4600,949
877,1996,9,5551,6300,-749
877,1996,10,6756,3643,3113
877,1996,11,6673,3643,3030
877,1996,12,9100,8763,337
877,1997,1,6864,23483,-16619
877,1997,2,9021,3643,5378
877,1997,3,5940,3643,2297
877,1997,4,5541,7863,-2322
877,1997,5,8643,3643,5000
877,1997,6,8988,3643,5345
877,1997,7,5576,5743,-167
877,1997,8,5578,6443,-865
877,1997,9,5578,3843,1735
877,1997,10,6385,3643,2742
877,1997,11,5594,7003,-1409
877,1997,12,10509,7483,3026
877,1998,1,8391,7643,748
877,1998,2,9395,15283,-5888
877,1998,3,13893,4603,9290
877,1998,4,7223,3643,3580
877,1998,5,5632,4343,1289
877,1998,6,8353,11083,-2730
877,1998,7,7829,7123,706
877,1998,8,9333,4723,4610
877,1998,9,6248,3643,2605
877,1998,10,6246,12643,-6397
877,1998,11,7738,3643,4095
877,1998,12,8365,13528,-5163
878,1996,6,600,0,600
878,1996,7,23826,0,23826
878,1996,8,23523,13500,10023
878,1996,9,23563,16000,7563
878,1996,10,23592,21100,2492
878,1996,11,23600,24415,-815
878,1996,12,35378,34658,720
878,1997,1,23635,31681,-8046
878,1997,2,23595,29474,-5879
878,1997,3,23594,18358,5236
878,1997,4,23602,21458,2144
878,1997,5,23620,21858,1762
878,1997,6,35286,45834,-10548
878,1997,7,23588,15231,8357
878,1997,8,23607,17558,6049
878,1997,9,23638,20758,2880
878,1997,10,25588,43509,-17921
878,1997,11,23585,16622,6963
878,1997,12,35307,39598,-4291
878,1998,1,28653,27388,1265
878,1998,2,23602,17458,6144
878,1998,3,23602,22253,1349
878,1998,4,23604,36061,-12457
878,1998,5,27773,13258,14515
878,1998,6,35362,36024,-662
878,1998,7,23630,12463,11167
878,1998,8,23602,45630,-22028
878,1998,9,23592,10258,13334
878,1998,10,23610,24110,-500
878,1998,11,23616,29458,-5842
878,1998,12,35358,11743,23615
879,1997,6,3652,0,3652
879,1997,7,3156,0,3156
879,1997,8,3156,0,3156
879,1997,9,3156,0,3156
879,1997,10,3188,1335,1853
879,1997,11,3203,3159,44
879,1997,12,3206,6069,-2863
879,1998,1,3193,4689,-1496
879,1998,2,3188,2109,1079
879,1998,3,3193,2109,1084
879,1998,4,3198,2109,1089
879,1998,5,3202,2109,1093
879,1998,6,3202,3879,-677
879,1998,7,3201,3369,-168
879,1998,8,3203,2109,1094
879,1998,9,3208,2109,1099
879,1998,10,3212,2439,773
879,1998,11,3212,4089,-877
879,1998,12,3207,3474,-267
880,1996,12,700,0,700
880,1997,1,28395,0,28395
880,1997,2,17066,2900,14166
880,1997,3,17136,18000,-864
880,1997,4,17127,6800,10327
880,1997,5,17119,17655,-536
880,1997,6,25590,23555,2035
880,1997,7,17059,48319,-31260
880,1997,8,22453,4855,17598
880,1997,9,17096,19155,-2059
880,1997,10,17067,22333,-5266
880,1997,11,17071,7255,9816
880,1997,12,25551,19755,5796
880,1998,1,17000,47655,-30655
880,1998,2,22733,4855,17878
880,1998,3,17038,31317,-14279
880,1998,4,21935,9055,12880
880,1998,5,17072,8555,8517
880,1998,6,25582,9655,15927
880,1998,7,17140,35055,-17915
880,1998,8,17098,20255,-3157
880,1998,9,17092,17255,-163
880,1998,10,17093,10655,6438
880,1998,11,17116,23855,-6739
880,1998,12,25545,27920,-2375
882,1993,3,11922,0,11922
882,1993,4,17287,0,17287
882,1993,5,11729,4800,6929
882,1993,6,17570,4300,13270
882,1993,7,11784,16675,-4891
882,1993,8,11760,14621,-2861
882,1993,9,11740,15461,-3721
882,1993,10,11754,7921,3833
882,1993,11,11742,20761,-9019
882,1993,12,17547,15561,1986
882,1994,1,15515,24201,-8686
882,1994,2,11719,3321,8398
882,1994,3,11738,15421,-3683
882,1994,4,11738,9321,2417
882,1994,5,11747,11321,426
882,1994,6,17552,19341,-1789
882,1994,7,11740,12321,-581
882,1994,8,11722,14021,-2299
882,1994,9,11722,13181,-1459
882,1994,10,12603,13281,-678
882,1994,11,11718,9681,2037
882,1994,12,17522,14141,3381
882,1995,1,11709,23381,-11672
882,1995,2,11694,5121,6573
882,1995,3,11721,6821,4900
882,1995,4,11732,10761,971
882,1995,5,11740,10441,1299
882,1995,6,18798,30201,-11403
882,1995,7,13791,11361,2430
882,1995,8,11710,8421,3289
882,1995,9,11717,13021,-1304
882,1995,10,11711,10561,1150
882,1995,11,11717,11321,396
882,1995,12,17526,16761,765
882,1996,1,11709,21441,-9732
882,1996,2,11674,10681,993
882,1996,3,11685,10521,1164
882,1996,4,11685,11521,164
882,1996,5,11681,13261,-1580
882,1996,6,17483,16221,1262
882,1996,7,11686,7761,3925
882,1996,8,11686,18921,-7235
882,1996,9,11664,14321,-2657
882,1996,10,11676,3321,8355
882,1996,11,11673,20221,-8548
882,1996,12,17485,5081,12404
882,1997,1,11660,25981,-14321
882,1997,2,11664,8121,3543
882,1997,3,11680,4521,7159
882,1997,4,11701,6921,4780
882,1997,5,11731,3321,8410
882,1997,6,17487,38921,-21434
882,1997,7,11676,3321,8355
882,1997,8,11711,3321,8390
882,1997,9,11746,3321,8425
882,1997,10,11781,3321,8460
882,1997,11,11810,44321,-32511
882,1997,12,17489,5241,12248
882,1998,1,11677,22761,-11084
882,1998,2,11684,3321,8363
882,1998,3,11719,3321,8398
882,1998,4,11754,3321,8433
882,1998,5,11787,9081,2706
882,1998,6,17581,23001,-5420
882,1998,7,11777,6561,5216
882,1998,8,11799,3321,8478
882,1998,9,11834,3321,8513
882,1998,10,11870,3321,8549
882,1998,11,11892,12221,-329
882,1998,12,17710,4406,13304
883,1993,12,800,0,800
883,1994,1,21269,0,21269
883,1994,2,16537,5400,11137
883,1994,3,16569,11900,4669
883,1994,4,16586,13100,3486
883,1994,5,16602,14970,1632
883,1994,6,24802,30881,-6079
883,1994,7,16569,18621,-2052
883,1994,8,16565,16521,44
883,1994,9,16557,20041,-3484
883,1994,10,16548,18181,-1633
883,1994,11,16546,15021,1525
883,1994,12,24757,24861,-104
883,1995,1,16556,20601,-4045
883,1995,2,17940,13941,3999
883,1995,3,16537,20021,-3484
883,1995,4,18558,8421,10137
883,1995,5,16585,12321,4264
883,1995,6,24825,15981,8844
883,1995,7,16609,22421,-5812
883,1995,8,16581,22461,-5880
883,1995,9,16583,14021,2562
883,1995,10,16580,18421,-1841
883,1995,11,16581,16521,60
883,1995,12,24819,15481,9338
883,1996,1,16570,34181,-17611
883,1996,2,16550,14381,2169
883,1996,3,16558,14421,2137
883,1996,4,16555,17121,-566
883,1996,5,16561,15021,1540
883,1996,6,27564,27141,423
883,1996,7,16542,22681,-6139
883,1996,8,16546,14321,2225
883,1996,9,16532,20901,-4369
883,1996,10,16547,11521,5026
883,1996,11,16559,13721,2838
883,1996,12,24796,28321,-3525
883,1997,1,16566,19041,-2475
883,1997,2,16564,8421,8143
883,1997,3,16547,26061,-9514
883,1997,4,16558,17621,-1063
883,1997,5,16554,16021,533
883,1997,6,24780,21061,3719
883,1997,7,16570,15521,1049
883,1997,8,16572,19321,-2749
883,1997,9,16562,14721,1841
883,1997,10,16560,18841,-2281
883,1997,11,16559,14921,1638
883,1997,12,24779,24021,758
883,1998,1,16534,28801,-12267
883,1998,2,16517,13721,2796
883,1998,3,16529,14321,2208
883,1998,4,16540,11421,5119
883,1998,5,16561,12321,4240
883,1998,6,24797,25721,-924
883,1998,7,16565,20121,-3556
883,1998,8,16546,22221,-5675
883,1998,9,16511,19301,-2790
883,1998,10,16523,12021,4502
883,1998,11,16539,13521,3018
883,1998,12,24771,23326,1445
884,1993,12,3900,0,3900
884,1994,1,3403,0,3403
884,1994,2,3403,0,3403
884,1994,3,3403,0,3403
884,1994,4,3405,15,3390
884,1994,5,3466,2274,1192
884,1994,6,3456,6444,-2988
884,1994,7,3458,2274,1184
884,1994,8,3463,2274,1189
884,1994,9,3465,3534,-69
884,1994,10,3467,2484,983
884,1994,11,3470,4374,-904
884,1994,12,3467,2694,773
884,1995,1,3466,7104,-3638
884,1995,2,3456,2544,912
884,1995,3,3460,3084,376
884,1995,4,3460,3114,346
884,1995,5,3463,2274,1189
884,1995,6,3456,6144,-2688
884,1995,7,3457,2274,1183
884,1995,8,3462,2274,1188
884,1995,9,3467,2274,1193
884,1995,10,3472,2274,1198
884,1995,11,3476,2274,1202
884,1995,12,3479,3114,365
884,1996,1,3467,8394,-4927
884,1996,2,3462,2274,1188
884,1996,3,3467,2274,1193
884,1996,4,3468,3534,-66
884,1996,5,3472,2274,1198
884,1996,6,3474,5154,-1680
884,1996,7,3470,2274,1196
884,1996,8,3475,2274,1201
884,1996,9,3480,2274,1206
884,1996,10,3485,2274,1211
884,1996,11,3489,3324,165
884,1996,12,3490,2514,976
884,1997,1,3488,5664,-2176
884,1997,2,3485,2274,1211
884,1997,3,3490,2274,1216
884,1997,4,3495,2474,1021
884,1997,5,3500,2274,1226
884,1997,6,3493,7464,-3971
884,1997,7,3488,2274,1214
884,1997,8,3493,2274,1219
884,1997,9,3497,2774,723
884,1997,10,3501,2274,1227
884,1997,11,3502,4374,-872
884,1997,12,3502,2514,988
884,1998,1,3492,6924,-3432
884,1998,2,3492,2274,1218
884,1998,3,3497,2274,1223
884,1998,4,3502,2274,1228
884,1998,5,3507,2934,573
884,1998,6,3506,5874,-2368
884,1998,7,3496,3054,442
884,1998,8,3500,2544,956
884,1998,9,3504,2674,830
884,1998,10,3498,7234,-3736
884,1998,11,3480,6914,-3434
884,1998,12,3474,3819,-345
885,1993,6,300,0,300
885,1993,7,23961,0,23961
885,1993,8,21153,8000,13153
885,1993,9,21196,19100,2096
885,1993,10,21204,19700,1504
885,1993,11,21245,20007,1238
885,1993,12,31793,26907,4886
885,1994,1,21247,27407,-6160
885,1994,2,21244,19307,1937
885,1994,3,21249,24607,-3358
885,1994,4,21241,17407,3834
885,1994,5,21253,19407,1846
885,1994,6,31791,44407,-12616
885,1994,7,21214,14407,6807
885,1994,8,21229,19607,1622
885,1994,9,21238,19207,2031
885,1994,10,21241,21307,-66
885,1994,11,21240,21207,33
885,1994,12,31776,28307,3469
885,1995,1,21233,34507,-13274
885,1995,2,21215,11807,9408
885,1995,3,21245,17107,4138
885,1995,4,21257,19207,2050
885,1995,5,21262,20507,755
885,1995,6,31792,41007,-9215
885,1995,7,21227,19407,1820
885,1995,8,21225,22107,-882
885,1995,9,21233,16707,4526
885,1995,10,21237,22407,-1170
885,1995,11,21245,16807,4438
885,1995,12,31779,31607,172
885,1996,1,21234,31107,-9873
885,1996,2,21256,15107,6149
885,1996,3,21238,19707,1531
885,1996,4,21235,22607,-1372
885,1996,5,21241,18107,3134
885,1996,6,31769,30507,1262
885,1996,7,21242,23407,-2165
885,1996,8,21238,23607,-2369
885,1996,9,21231,20507,724
885,1996,10,21231,22107,-876
885,1996,11,21274,6507,14767
885,1996,12,31868,14107,17761
885,1997,1,21341,30507,-9166
885,1997,2,21345,14407,6938
885,1997,3,21346,22707,-1361
885,1997,4,21348,20307,1041
885,1997,5,21342,23307,-1965
885,1997,6,31888,26507,5381
885,1997,7,21356,23407,-2051
885,1997,8,21359,19907,1452
885,1997,9,21360,21307,53
885,1997,10,21377,16207,5170
885,1997,11,21380,22207,-827
885,1997,12,31946,35007,-3061
885,1998,1,21406,31007,-9601
885,1998,2,21381,3307,18074
885,1998,3,21389,39607,-18218
885,1998,4,21379,21207,172
885,1998,5,21372,22907,-1535
885,1998,6,31900,27307,4593
885,1998,7,21388,17607,3781
885,1998,8,21403,18007,3396
885,1998,9,21411,19607,1804
885,1998,10,21421,18907,2514
885,1998,11,21428,21707,-279
885,1998,12,31973,27892,4081
886,1993,6,900,0,900
886,1993,7,23098,0,23098
886,1993,8,18581,9200,9381
886,1993,9,18617,11800,6817
886,1993,10,18637,18200,437
886,1993,11,18638,27249,-8611
886,1993,12,27869,21349,6520
886,1994,1,18627,29249,-10622
886,1994,2,18596,17049,1547
886,1994,3,18602,18149,453
886,1994,4,18604,17649,955
886,1994,5,18613,14549,4064
886,1994,6,27865,28949,-1084
886,1994,7,18615,19849,-1234
886,1994,8,18614,17249,1365
886,1994,9,18620,16549,2071
886,1994,10,18627,18049,578
886,1994,11,18627,18749,-122
886,1994,12,27886,20449,7437
886,1995,1,18640,24449,-5809
886,1995,2,18642,13149,5493
886,1995,3,18655,21349,-2694
886,1995,4,18647,16349,2298
886,1995,5,18662,15649,3013
886,1995,6,27893,32549,-4656
886,1995,7,18658,12549,6109
886,1995,8,18679,14149,4530
886,1995,9,18671,24449,-5778
886,1995,10,18665,17649,1016
886,1995,11,18666,19449,-783
886,1995,12,27909,24849,3060
886,1996,1,19768,25949,-6181
886,1996,2,18679,9249,9430
886,1996,3,18713,11249,7464
886,1996,4,18719,19749,-1030
886,1996,5,18729,14749,3980
886,1996,6,27935,43449,-15514
886,1996,7,18692,10849,7843
886,1996,8,18697,17949,748
886,1996,9,18717,14349,4368
886,1996,10,18737,13949,4788
886,1996,11,18741,18449,292
886,1996,12,28007,18649,9358
886,1997,1,18735,33049,-14314
886,1997,2,18733,15149,3584
886,1997,3,18744,16349,2395
886,1997,4,18746,17649,1097
886,1997,5,18760,17249,1511
886,1997,6,28008,32649,-4641
886,1997,7,18745,16449,2296
886,1997,8,18751,24749,-5998
886,1997,9,18751,16449,2302
886,1997,10,18754,16349,2405
886,1997,11,18764,13149,5615
886,1997,12,28042,20649,7393
886,1998,1,18800,24049,-5249
886,1998,2,18794,13649,5145
886,1998,3,18817,11749,7068
886,1998,4,18844,16049,2795
886,1998,5,18856,14549,4307
886,1998,6,28351,42849,-14498
886,1998,7,18813,14449,4364
886,1998,8,18934,9049,9885
886,1998,9,18866,16049,2817
886,1998,10,18883,13049,5834
886,1998,11,35400,59049,-23649
886,1998,12,28065,11934,16131
887,1993,5,5133,0,5133
887,1993,6,4535,0,4535
887,1993,7,4535,0,4535
887,1993,8,4535,0,4535
887,1993,9,4589,4384,205
887,1993,10,4597,3024,1573
887,1993,11,4603,3024,1579
887,1993,12,4609,4824,-215
887,1994,1,4602,7574,-2972
887,1994,2,4596,3024,1572
887,1994,3,4603,3024,1579
887,1994,4,4610,3024,1586
887,1994,5,4604,8624,-4020
887,1994,6,4569,13574,-9005
887,1994,7,4562,3024,1538
887,1994,8,4568,3024,1544
887,1994,9,4575,3024,1551
887,1994,10,4581,3024,1557
887,1994,11,4588,3024,1564
887,1994,12,4598,5134,-536
887,1995,1,4586,6074,-1488
887,1995,2,4585,3024,1561
887,1995,3,4588,5024,-436
887,1995,4,4590,5584,-994
887,1995,5,4591,3024,1567
887,1995,6,4589,8774,-4185
887,1995,7,4575,3024,1551
887,1995,8,4578,4944,-366
887,1995,9,4572,6704,-2132
887,1995,10,4571,3024,1547
887,1995,11,4577,3024,1553
887,1995,12,4582,3874,708
887,1996,1,4583,5524,-941
887,1996,2,4581,4024,557
887,1996,3,4582,4824,-242
887,1996,4,4579,5824,-1245
887,1996,5,4575,5124,-549
887,1996,6,4576,3224,1352
887,1996,7,4582,3024,1558
887,1996,8,4586,4124,462
887,1996,9,4580,7924,-3344
887,1996,10,4574,4024,550
887,1996,11,4574,5224,-650
887,1996,12,4575,3324,1251
887,1997,1,4581,6824,-2243
887,1997,2,4562,7224,-2662
887,1997,3,4561,3024,1537
887,1997,4,4567,3024,1543
887,1997,5,4573,3744,829
887,1997,6,4577,3024,1553
887,1997,7,4583,3024,1559
887,1997,8,4581,6544,-1963
887,1997,9,4581,3024,1557
887,1997,10,4588,3024,1564
887,1997,11,4592,5104,-512
887,1997,12,4591,3724,867
887,1998,1,4592,5574,-982
887,1998,2,4591,3024,1567
887,1998,3,4594,5184,-590
887,1998,4,4595,3024,1571
887,1998,5,4602,3024,1578
887,1998,6,4586,11124,-6538
887,1998,7,4580,3824,756
887,1998,8,4584,3024,1560
887,1998,9,4584,6304,-1720
887,1998,10,4584,3024,1560
887,1998,11,4587,6064,-1477
887,1998,12,4582,3859,723
888,1996,10,800,0,800
888,1996,11,6107,0,6107
888,1996,12,6107,0,6107
888,1997,1,6107,0,6107
888,1997,2,6107,0,6107
888,1997,3,6201,4907,1294
888,1997,4,6234,4207,2027
888,1997,5,6239,8107,-1868
888,1997,6,6217,12507,-6290
888,1997,7,6206,2007,4199
888,1997,8,6221,4207,2014
888,1997,9,6233,3607,2626
888,1997,10,6243,5647,596
888,1997,11,6238,8107,-1869
888,1997,12,6229,9857,-3628
888,1998,1,6196,16737,-10541
888,1998,2,6176,3207,2969
888,1998,3,6191,1607,4584
888,1998,4,6208,3007,3201
888,1998,5,6215,9507,-3292
888,1998,6,6193,10647,-4454
888,1998,7,6176,11407,-5231
888,1998,8,6163,5507,656
888,1998,9,6171,2007,4164
888,1998,10,6190,2407,3783
888,1998,11,6203,4267,1936
888,1998,12,6200,8882,-2682
889,1997,12,300,0,300
889,1998,1,4976,0,4976
889,1998,2,4976,0,4976
889,1998,3,4976,0,4976
889,1998,4,4976,0,4976
889,1998,5,5046,3272,1774
889,1998,6,5078,3272,1806
889,1998,7,5077,5672,-595
889,1998,8,5078,4672,406
889,1998,9,5079,3272,1807
889,1998,10,5076,8152,-3076
889,1998,11,5074,3272,1802
889,1998,12,5083,4057,1026
890,1993,2,7764,0,7764
890,1993,3,17828,0,17828
890,1993,4,7370,0,7370
890,1993,5,7191,3000,4191
890,1993,6,10700,23371,-12671
890,1993,7,7152,4451,2701
890,1993,8,7158,6151,1007
890,1993,9,7165,4951,2214
890,1993,10,7170,6451,719
890,1993,11,7172,6851,321
890,1993,12,10698,12211,-1513
890,1994,1,8433,19091,-10658
890,1994,2,7132,3151,3981
890,1994,3,9257,3151,6106
890,1994,4,7171,4551,2620
890,1994,5,7173,9851,-2678
890,1994,6,10705,8551,2154
890,1994,7,7182,10151,-2969
890,1994,8,7167,7171,-4
890,1994,9,7162,10531,-3369
890,1994,10,7154,10231,-3077
890,1994,11,8244,3151,5093
890,1994,12,10690,11571,-881
890,1995,1,9039,17431,-8392
890,1995,2,10919,7111,3808
890,1995,3,8443,3151,5292
890,1995,4,7164,3651,3513
890,1995,5,7176,6351,825
890,1995,6,10707,11051,-344
890,1995,7,7166,10691,-3525
890,1995,8,7161,9811,-2650
890,1995,9,7153,5051,2102
890,1995,10,7564,3151,4413
890,1995,11,7174,9551,-2377
890,1995,12,10695,11371,-676
890,1996,1,12946,17311,-4365
890,1996,2,7148,4851,2297
890,1996,3,7153,8051,-898
890,1996,4,7148,8951,-1803
890,1996,5,7142,7651,-509
890,1996,6,10650,16291,-5641
890,1996,7,7114,8251,-1137
890,1996,8,7118,3351,3767
890,1996,9,7127,6851,276
890,1996,10,7125,8351,-1226
890,1996,11,7114,10751,-3637
890,1996,12,10637,7771,2866
890,1997,1,7111,10371,-3260
890,1997,2,9718,5431,4287
890,1997,3,7116,9971,-2855
890,1997,4,7110,6951,159
890,1997,5,7108,7951,-843
890,1997,6,10631,10511,120
890,1997,7,7109,6151,958
890,1997,8,7120,3151,3969
890,1997,9,7107,14051,-6944
890,1997,10,7107,3151,3956
890,1997,11,7101,11451,-4350
890,1997,12,10632,4911,5721
890,1998,1,7110,10231,-3121
890,1998,2,7116,3151,3965
890,1998,3,7128,6991,137
890,1998,4,7133,3151,3982
890,1998,5,7145,4951,2194
890,1998,6,10624,26251,-15627
890,1998,7,7093,3151,3942
890,1998,8,7110,3151,3959
890,1998,9,7126,3151,3975
890,1998,10,7143,3151,3992
890,1998,11,7159,3151,4008
890,1998,12,10703,6616,4087
891,1996,5,1000,0,1000
891,1996,6,5997,0,5997
891,1996,7,5997,0,5997
891,1996,8,5997,0,5997
891,1996,9,5997,0,5997
891,1996,10,6043,2615,3428
891,1996,11,6124,3199,2925
891,1996,12,6136,2049,4087
891,1997,1,6135,13149,-7014
891,1997,2,6122,3599,2523
891,1997,3,6125,6759,-634
891,1997,4,6133,3479,2654
891,1997,5,6142,3599,2543
891,1997,6,6144,9699,-3555
891,1997,7,6119,9279,-3160
891,1997,8,6118,9859,-3741
891,1997,9,6092,9499,-3407
891,1997,10,6091,4799,1292
891,1997,11,6095,4999,1096
891,1997,12,6083,11029,-4946
891,1998,1,6070,10399,-4329
891,1998,2,6064,4039,2025
891,1998,3,6076,2299,3777
891,1998,4,6082,6979,-897
891,1998,5,6089,1799,4290
891,1998,6,6105,4749,1356
891,1998,7,6113,1799,4314
891,1998,8,6131,1799,4332
891,1998,9,6145,2759,3386
891,1998,10,6154,4439,1715
891,1998,11,6170,1799,4371
891,1998,12,6180,5054,1126
892,1993,3,900,0,900
892,1993,4,6177,0,6177
892,1993,5,6177,0,6177
892,1993,6,6177,0,6177
892,1993,7,6221,2100,4121
892,1993,8,6290,2021,4269
892,1993,9,6298,5330,968
892,1993,10,6303,4830,1473
892,1993,11,6295,11750,-5455
892,1993,12,6281,7130,-849
892,1994,1,6244,17720,-11476
892,1994,2,6240,2930,3310
892,1994,3,6254,4770,1484
892,1994,4,6259,2930,3329
892,1994,5,6272,4210,2062
892,1994,6,6252,15420,-9168
892,1994,7,6243,2930,3313
892,1994,8,6257,2930,3327
892,1994,9,6256,6690,-434
892,1994,10,6269,2930,3339
892,1994,11,6281,3530,2751
892,1994,12,6291,4430,1861
892,1995,1,6263,20000,-13737
892,1995,2,6246,2930,3316
892,1995,3,6260,2930,3330
892,1995,4,6274,2930,3344
892,1995,5,6286,2930,3356
892,1995,6,6293,4850,1443
892,1995,7,6290,7330,-1040
892,1995,8,6302,2930,3372
892,1995,9,6317,2930,3387
892,1995,10,6317,6730,-413
892,1995,11,6312,7430,-1118
892,1995,12,6303,9030,-2727
892,1996,1,6279,17050,-10771
892,1996,2,6268,2930,3338
892,1996,3,6278,5230,1048
892,1996,4,6283,3630,2653
892,1996,5,6281,7130,-849
892,1996,6,6282,5430,852
892,1996,7,6277,9850,-3573
892,1996,8,6271,9530,-3259
892,1996,9,6267,12530,-6263
892,1996,10,6242,2930,3312
892,1996,11,6256,2930,3326
892,1996,12,6267,4280,1987
892,1997,1,6258,13080,-6822
892,1997,2,6247,3410,2837
892,1997,3,6261,2930,3331
892,1997,4,6270,13830,-7560
892,1997,5,6244,2930,3314
892,1997,6,6251,4530,1721
892,1997,7,6264,2930,3334
892,1997,8,6278,2930,3348
892,1997,9,6292,2930,3362
892,1997,10,6305,3490,2815
892,1997,11,6308,5890,418
892,1997,12,6315,3830,2485
892,1998,1,6296,15560,-9264
892,1998,2,6288,3730,2558
892,1998,3,6301,2930,3371
892,1998,4,6309,4930,1379
892,1998,5,6322,2930,3392
892,1998,6,6323,6910,-587
892,1998,7,6333,2930,3403
892,1998,8,6347,2930,3417
892,1998,9,6360,2930,3430
892,1998,10,6376,2930,3446
892,1998,11,6389,2930,3459
892,1998,12,6398,5175,1223
893,1995,4,900,0,900
893,1995,5,24999,0,24999
893,1995,6,33349,16600,16749
893,1995,7,22317,18800,3517
893,1995,8,22324,21500,824
893,1995,9,22334,19415,2919
893,1995,10,22346,19615,2731
893,1995,11,22370,15475,6895
893,1995,12,33504,15655,17849
893,1996,1,22397,44375,-21978
893,1996,2,22374,23055,-681
893,1996,3,22391,11315,11076
893,1996,4,22422,18295,4127
893,1996,5,22436,17315,5121
893,1996,6,33472,37915,-4443
893,1996,7,22441,16615,5826
893,1996,8,22468,15715,6753
893,1996,9,22492,16915,5577
893,1996,10,22497,22915,-418
893,1996,11,22497,22215,282
893,1996,12,33581,28115,5466
893,1997,1,22401,66155,-43754
893,1997,2,22413,975,21438
893,1997,3,22445,16815,5630
893,1997,4,22451,22415,36
893,1997,5,22449,39715,-17266
893,1997,6,33408,46415,-13007
893,1997,7,22369,16595,5774
893,1997,8,22352,14715,7637
893,1997,9,22382,19115,3267
893,1997,10,22397,18015,4382
893,1997,11,22460,23315,-855
893,1997,12,33505,29395,4110
893,1998,1,22454,34455,-12001
893,1998,2,22379,16215,6164
893,1998,3,22403,19715,2688
893,1998,4,22413,20515,1898
893,1998,5,22418,24715,-2297
893,1998,6,33508,42015,-8507
893,1998,7,22380,16215,6165
893,1998,8,22401,21715,686
893,1998,9,22427,17375,5052
893,1998,10,22426,24095,-1669
893,1998,11,22417,24135,-1718
893,1998,12,33550,10280,23270
894,1995,8,800,0,800
894,1995,9,6676,0,6676
894,1995,10,6676,0,6676
894,1995,11,6693,200,6493
894,1995,12,6768,400,6368
894,1996,1,6792,7835,-1043
894,1996,2,6782,8949,-2167
894,1996,3,6782,5229,1553
894,1996,4,6783,7589,-806
894,1996,5,6781,8129,-1348
894,1996,6,6756,17329,-10573
894,1996,7,6733,5249,1484
894,1996,8,6744,2929,3815
894,1996,9,6753,6929,-176
894,1996,10,6751,8129,-1378
894,1996,11,6743,9029,-2286
894,1996,12,6733,9129,-2396
894,1997,1,6726,7309,-583
894,1997,2,6731,2929,3802
894,1997,3,6747,2929,3818
894,1997,4,6747,11929,-5182
894,1997,5,6731,8429,-1698
894,1997,6,6734,2929,3805
894,1997,7,6739,8629,-1890
894,1997,8,6735,6129,606
894,1997,9,6732,8629,-1897
894,1997,10,6727,7129,-402
894,1997,11,6734,7629,-895
894,1997,12,6723,6229,494
894,1998,1,6731,4889,1842
894,1998,2,6740,2929,3811
894,1998,3,6756,12429,-5673
894,1998,4,6733,2929,3804
894,1998,5,6749,2929,3820
894,1998,6,6751,8129,-1378
894,1998,7,6759,2929,3830
894,1998,8,6775,2929,3846
894,1998,9,6791,2929,3862
894,1998,10,6807,2929,3878
894,1998,11,6768,20829,-14061
894,1998,12,6745,10044,-3299
895,1996,3,3575,0,3575
895,1996,4,2981,0,2981
895,1996,5,2981,0,2981
895,1996,6,2981,0,2981
895,1996,7,3007,2758,249
895,1996,8,3022,1992,1030
895,1996,9,3026,2352,674
895,1996,10,3030,1992,1038
895,1996,11,3034,1992,1042
895,1996,12,3035,2862,173
895,1997,1,3032,4842,-1810
895,1997,2,3031,1992,1039
895,1997,3,3035,1992,1043
895,1997,4,3035,3612,-577
895,1997,5,3037,1992,1045
895,1997,6,3041,1992,1049
895,1997,7,3046,1992,1054
895,1997,8,3047,2592,455
895,1997,9,3052,1992,1060
895,1997,10,3048,4172,-1124
895,1997,11,3049,2922,127
895,1997,12,3052,2382,670
895,1998,1,3042,5772,-2730
895,1998,2,3042,2682,360
895,1998,3,3038,4092,-1054
895,1998,4,3034,4092,-1058
895,1998,5,3034,3312,-278
895,1998,6,3034,4892,-1858
895,1998,7,3027,1992,1035
895,1998,8,3031,1992,1039
895,1998,9,3029,3612,-583
895,1998,10,3035,1992,1043
895,1998,11,3035,2352,683
895,1998,12,3040,2637,403
896,1995,6,600,0,600
896,1995,7,17553,0,17553
896,1995,8,9896,3700,6196
896,1995,9,9920,4300,5620
896,1995,10,9922,11400,-1478
896,1995,11,9917,11735,-1818
896,1995,12,14820,14335,485
896,1996,1,9892,22235,-12343
896,1996,2,9885,3935,5950
896,1996,3,9900,7035,2865
896,1996,4,9914,6335,3579
896,1996,5,9901,15735,-5834
896,1996,6,14801,12635,2166
896,1996,7,9905,8835,1070
896,1996,8,9904,10535,-631
896,1996,9,9909,8135,1774
896,1996,10,9895,17535,-7640
896,1996,11,9883,8735,1148
896,1996,12,14800,11935,2865
896,1997,1,9871,19135,-9264
896,1997,2,9871,3235,6636
896,1997,3,9885,9735,150
896,1997,4,9884,10235,-351
896,1997,5,9897,14935,-5038
896,1997,6,14784,17535,-2751
896,1997,7,9860,7135,2725
896,1997,8,9875,9535,340
896,1997,9,9875,11735,-1860
896,1997,10,9871,4035,5836
896,1997,11,9895,3235,6660
896,1997,12,14824,28435,-13611
896,1998,1,9861,7435,2426
896,1998,2,9875,3235,6640
896,1998,3,9904,3235,6669
896,1998,4,9923,8335,1588
896,1998,5,9939,3235,6704
896,1998,6,14862,21535,-6673
896,1998,7,9933,7535,2398
896,1998,8,9936,8235,1701
896,1998,9,9949,6035,3914
896,1998,10,9972,3235,6737
896,1998,11,9999,3235,6764
896,1998,12,14879,50120,-35241
897,1993,4,600,0,600
897,1993,5,94489,35400,59089
897,1993,6,16716,23500,-6784
897,1993,7,16827,23800,-6973
897,1993,8,190,8700,-8510
897,1993,9,190,7000,-6810
897,1993,10,9578,11601,-2023
897,1993,11,1396,9601,-8205
897,1993,12,8415,9601,-1186
897,1994,1,27873,24301,3572
897,1994,2,106066,35316,70750
897,1994,3,42550,44701,-2151
897,1994,4,89788,119623,-29835
897,1994,5,124986,121801,3185
897,1994,6,103418,119101,-15683
897,1994,7,43805,35601,8204
897,1994,8,69721,74901,-5180
897,1994,9,46659,56055,-9396
897,1994,10,68819,78929,-10110
897,1994,11,24536,9601,14935
897,1994,12,36379,22701,13678
897,1995,1,1049,39601,-38552
897,1995,2,6985,9601,-2616
897,1995,3,12282,9601,2681
897,1995,4,6683,9601,-2918
897,1995,5,10579,9601,978
897,1995,6,8680,9601,-921
897,1995,7,8275,9601,-1326
897,1995,8,8973,9601,-628
897,1995,9,16229,9601,6628
897,1995,10,57519,9601,47918
897,1995,11,232,26301,-26069
897,1995,12,14071,24501,-10430
897,1996,1,59323,54801,4522
897,1996,2,73074,40689,32385
897,1996,3,33385,40311,-6926
897,1996,4,33405,47348,-13943
897,1996,5,68358,14201,54157
897,1996,6,19261,68134,-48873
897,1996,7,55118,32608,22510
897,1996,8,49986,71433,-21447
897,1996,9,208,11501,-11293
897,1996,10,9647,28167,-18520
897,1996,11,16817,19501,-2684
897,1996,12,50238,18973,31265
897,1997,1,22740,54401,-31661
897,1997,2,10892,18601,-7709
897,1997,3,13693,9601,4092
897,1997,4,8991,9601,-610
897,1997,5,12601,9601,3000
897,1997,6,14119,9601,4518
897,1997,7,84013,14401,69612
897,1997,8,293,34001,-33708
897,1997,9,219,15201,-14982
897,1997,10,6397,9601,-3204
897,1997,11,9595,9601,-6
897,1997,12,17673,13501,4172
897,1998,1,28848,30601,-1753
897,1998,2,54535,27744,26791
897,1998,3,37936,42479,-4543
897,1998,4,136948,128997,7951
897,1998,5,25028,57062,-32034
897,1998,6,45011,39601,5410
897,1998,7,28401,39681,-11280
897,1998,8,167318,121301,46017
897,1998,9,94058,95794,-1736
897,1998,10,31586,40081,-8495
897,1998,11,5794,9601,-3807
897,1998,12,16848,18286,-1438
898,1996,3,200,0,200
898,1996,4,20642,0,20642
898,1996,5,18023,7100,10923
898,1996,6,27033,15500,11533
898,1996,7,18109,16000,2109
898,1996,8,18141,17697,444
898,1996,9,18136,24079,-5943
898,1996,10,18117,18379,-262
898,1996,11,18117,16679,1438
898,1996,12,27096,27639,-543
898,1997,1,18087,29359,-11272
898,1997,2,18075,14079,3996
898,1997,3,18090,16279,1811
898,1997,4,18096,16779,1317
898,1997,5,18091,22039,-3948
898,1997,6,27063,23479,3584
898,1997,7,18076,24559,-6483
898,1997,8,18063,17479,584
898,1997,9,18064,21459,-3395
898,1997,10,18060,15419,2641
898,1997,11,18064,14679,3385
898,1997,12,27066,24219,2847
898,1998,1,18042,38179,-20137
898,1998,2,18022,8179,9843
898,1998,3,18053,13859,4194
898,1998,4,18069,14279,3790
898,1998,5,18076,18079,-3
898,1998,6,27050,30339,-3289
898,1998,7,18074,12079,5995
898,1998,8,18094,14559,3535
898,1998,9,18118,9479,8639
898,1998,10,18130,19179,-1049
898,1998,11,18125,21179,-3054
898,1998,12,27084,27004,80
899,1993,6,900,0,900
899,1993,7,20898,0,20898
899,1993,8,16368,9100,7268
899,1993,9,16400,8200,8200
899,1993,10,16424,14700,1724
899,1993,11,16434,13015,3419
899,1993,12,24606,24015,591
899,1994,1,16395,40115,-23720
899,1994,2,16366,11245,5121
899,1994,3,16380,9515,6865
899,1994,4,17883,21744,-3861
899,1994,5,16390,11315,5075
899,1994,6,24553,15215,9338
899,1994,7,16425,23515,-7090
899,1994,8,16424,10315,6109
899,1994,9,16414,25113,-8699
899,1994,10,16390,23415,-7025
899,1994,11,16387,9515,6872
899,1994,12,24537,34615,-10078
899,1995,1,17063,18315,-1252
899,1995,2,16377,6715,9662
899,1995,3,16379,21386,-5007
899,1995,4,16385,11115,5270
899,1995,5,16376,23315,-6939
899,1995,6,24525,14215,10310
899,1995,7,16397,21015,-4618
899,1995,8,16399,12415,3984
899,1995,9,16401,18015,-1614
899,1995,10,16395,17015,-620
899,1995,11,16405,13115,3290
899,1995,12,24541,27440,-2899
899,1996,1,16373,26415,-10042
899,1996,2,16409,9715,6694
899,1996,3,16382,16415,-33
899,1996,4,16396,23515,-7119
899,1996,5,16361,13715,2646
899,1996,6,24570,3215,21355
899,1996,7,16460,14115,2345
899,1996,8,16453,23095,-6642
899,1996,9,16437,15515,922
899,1996,10,16413,26819,-10406
899,1996,11,16427,12815,3612
899,1996,12,24574,30215,-5641
899,1997,1,16380,29415,-13035
899,1997,2,16357,6315,10042
899,1997,3,16401,8215,8186
899,1997,4,16413,18615,-2202
899,1997,5,16395,29356,-12961
899,1997,6,24514,20715,3799
899,1997,7,16366,16203,163
899,1997,8,16368,20865,-4497
899,1997,9,16342,14415,1927
899,1997,10,16350,15315,1035
899,1997,11,16352,18815,-2463
899,1997,12,24502,27715,-3213
899,1998,1,16370,6015,10355
899,1998,2,16369,23215,-6846
899,1998,3,16345,15415,930
899,1998,4,16347,16715,-368
899,1998,5,16350,11715,4635
899,1998,6,24514,32615,-8101
899,1998,7,16334,15,16319
899,1998,8,16417,31515,-15098
899,1998,9,16333,19115,-2782
899,1998,10,16327,15,16312
899,1998,11,16402,10515,5887
899,1998,12,24606,7800,16806
900,1994,4,1100,0,1100
900,1994,5,13737,0,13737
900,1994,6,13461,100,13361
900,1994,7,9047,4400,4647
900,1994,8,9060,9900,-840
900,1994,9,9058,13465,-4407
900,1994,10,9538,11365,-1827
900,1994,11,9034,10985,-1951
900,1994,12,13502,10885,2617
900,1995,1,9221,20925,-11704
900,1995,2,12898,7645,5253
900,1995,3,9014,7765,1249
900,1995,4,9322,5965,3357
900,1995,5,9032,8365,667
900,1995,6,13482,18885,-5403
900,1995,7,9010,8925,85
900,1995,8,10609,9925,684
900,1995,9,9420,5965,3455
900,1995,10,9030,7965,1065
900,1995,11,9021,15005,-5984
900,1995,12,13473,14505,-1032
900,1996,1,10294,15325,-5031
900,1996,2,8987,5965,3022
900,1996,3,9902,5965,3937
900,1996,4,9006,10665,-1659
900,1996,5,9008,6865,2143
900,1996,6,13481,11565,1916
900,1996,7,8999,17505,-8506
900,1996,8,8985,8165,820
900,1996,9,8986,9265,-279
900,1996,10,8982,10065,-1083
900,1996,11,10076,11845,-1769
900,1996,12,13448,10865,2583
900,1997,1,8984,9365,-381
900,1997,2,8983,9265,-282
900,1997,3,8975,10965,-1990
900,1997,4,8978,7365,1613
900,1997,5,8985,7265,1720
900,1997,6,13454,13005,449
900,1997,7,8969,15565,-6596
900,1997,8,8956,11765,-2809
900,1997,9,8957,5965,2992
900,1997,10,8970,5965,3005
900,1997,11,8982,5965,3017
900,1997,12,13461,11005,2456
900,1998,1,8987,11805,-2818
900,1998,2,8993,5965,3028
900,1998,3,9009,6065,2944
900,1998,4,8997,13465,-4468
900,1998,5,8993,8965,28
900,1998,6,13474,5965,7509
900,1998,7,9014,12065,-3051
900,1998,8,8995,14725,-5730
900,1998,9,8994,5965,3029
900,1998,10,9002,8265,737
900,1998,11,9514,5965,3549
900,1998,12,13490,12830,660
901,1994,7,5534,0,5534
901,1994,8,4641,0,4641
901,1994,9,4641,0,4641
901,1994,10,4641,0,4641
901,1994,11,4685,1925,2760
901,1994,12,4718,1925,2793
901,1995,1,4712,10325,-5613
901,1995,2,4706,1925,2781
901,1995,3,4711,5685,-974
901,1995,4,4714,1925,2789
901,1995,5,4725,1925,2800
901,1995,6,4731,4125,606
901,1995,7,4728,6965,-2237
901,1995,8,4728,3025,1703
901,1995,9,4737,1925,2812
901,1995,10,4737,6545,-1808
901,1995,11,4739,5365,-626
901,1995,12,4735,3525,1210
901,1996,1,4726,12325,-7599
901,1996,2,4712,1925,2787
901,1996,3,4724,1925,2799
901,1996,4,4727,5545,-818
901,1996,5,4728,5125,-397
901,1996,6,4729,5425,-696
901,1996,7,4725,3485,1240
901,1996,8,4731,4225,506
901,1996,9,4734,3325,1409
901,1996,10,4740,2805,1935
901,1996,11,4739,8245,-3506
901,1996,12,4734,1925,2809
901,1997,1,4734,7525,-2791
901,1997,2,4725,5445,-720
901,1997,3,4731,1925,2806
901,1997,4,4740,4625,115
901,1997,5,4739,5425,-686
901,1997,6,4739,2125,2614
901,1997,7,4746,6325,-1579
901,1997,8,4740,5825,-1085
901,1997,9,4728,6705,-1977
901,1997,10,4726,5925,-1199
901,1997,11,4726,1925,2801
901,1997,12,4735,3425,1310
901,1998,1,4723,10985,-6262
901,1998,2,4716,1925,2791
901,1998,3,4725,3125,1600
901,1998,4,4735,1925,2810
901,1998,5,4744,4165,579
901,1998,6,4749,1925,2824
901,1998,7,4761,1925,2836
901,1998,8,4768,4085,683
901,1998,9,4775,1925,2850
901,1998,10,4784,3325,1459
901,1998,11,4787,4825,-38
901,1998,12,4793,1910,2883
902,1993,6,800,0,800
902,1993,7,13837,0,13837
902,1993,8,9397,0,9397
902,1993,9,7834,2100,5734
902,1993,10,7856,5800,2056
902,1993,11,7875,8270,-395
902,1993,12,11749,11270,479
902,1994,1,12749,21070,-8321
902,1994,2,7841,7370,471
902,1994,3,8046,3870,4176
902,1994,4,7856,6350,1506
902,1994,5,7863,10570,-2707
902,1994,6,11731,7950,3781
902,1994,7,7866,10770,-2904
902,1994,8,7855,9470,-1615
902,1994,9,9243,9630,-387
902,1994,10,7852,5070,2782
902,1994,11,8257,8310,-53
902,1994,12,11735,9390,2345
902,1995,1,15820,25070,-9250
902,1995,2,8726,14070,-5344
902,1995,3,13922,3870,10052
902,1995,4,7843,7990,-147
902,1995,5,7850,6970,880
902,1995,6,11729,7870,3859
902,1995,7,7865,9170,-1305
902,1995,8,7859,9270,-1411
902,1995,9,7854,8570,-716
902,1995,10,7853,7270,583
902,1995,11,7849,10070,-2221
902,1995,12,11717,11270,447
902,1996,1,7825,18630,-10805
902,1996,2,9714,3870,5844
902,1996,3,7816,12110,-4294
902,1996,4,7816,3870,3946
902,1996,5,7814,10450,-2636
902,1996,6,11691,7170,4521
902,1996,7,7822,11070,-3248
902,1996,8,7826,5870,1956
902,1996,9,8913,12750,-3837
902,1996,10,7812,6270,1542
902,1996,11,7818,6170,1648
902,1996,12,11696,8290,3406
902,1997,1,12614,20310,-7696
902,1997,2,12127,3870,8257
902,1997,3,7846,4570,3276
902,1997,4,7847,9170,-1323
902,1997,5,7833,12070,-4237
902,1997,6,11692,11370,322
902,1997,7,7808,14490,-6682
902,1997,8,7790,10370,-2580
902,1997,9,7781,10170,-2389
902,1997,10,7791,3870,3921
902,1997,11,7807,3870,3937
902,1997,12,11692,9430,2262
902,1998,1,7803,13590,-5787
902,1998,2,7808,3870,3938
902,1998,3,7825,3870,3955
902,1998,4,7841,3870,3971
902,1998,5,7811,17570,-9759
902,1998,6,11695,3870,7825
902,1998,7,7812,14870,-7058
902,1998,8,7819,5310,2509
902,1998,9,7812,9270,-1458
902,1998,10,7820,5430,2390
902,1998,11,7833,11970,-4137
902,1998,12,11687,8495,3192
903,1993,12,4986,0,4986
903,1994,1,11425,0,11425
903,1994,2,10168,0,10168
903,1994,3,3988,1800,2188
903,1994,4,3994,2895,1099
903,1994,5,3999,2895,1104
903,1994,6,3967,15235,-11268
903,1994,7,7167,2595,4572
903,1994,8,4980,2595,2385
903,1994,9,3980,4695,-715
903,1994,10,3983,2695,1288
903,1994,11,3983,4595,-612
903,1994,12,3970,7925,-3955
903,1995,1,3964,6425,-2461
903,1995,2,3954,4335,-381
903,1995,3,3955,3495,460
903,1995,4,5060,4485,575
903,1995,5,3951,6495,-2544
903,1995,6,3950,3575,375
903,1995,7,3947,4595,-648
903,1995,8,4452,2595,1857
903,1995,9,3956,3295,661
903,1995,10,3956,5295,-1339
903,1995,11,4056,2595,1461
903,1995,12,3959,4905,-946
903,1996,1,3946,9505,-5559
903,1996,2,3933,4295,-362
903,1996,3,3931,4095,-164
903,1996,4,5731,2985,2746
903,1996,5,4743,2595,2148
903,1996,6,4840,6555,-1715
903,1996,7,3941,7395,-3454
903,1996,8,5030,2595,2435
903,1996,9,3937,5295,-1358
903,1996,10,4134,2595,1539
903,1996,11,3938,5295,-1357
903,1996,12,3932,5235,-1303
903,1997,1,3928,4055,-127
903,1997,2,3925,5695,-1770
903,1997,3,3921,2595,1326
903,1997,4,3927,2595,1332
903,1997,5,3931,3615,316
903,1997,6,3932,3405,527
903,1997,7,3936,2595,1341
903,1997,8,3938,3705,233
903,1997,9,3942,2595,1347
903,1997,10,3948,2595,1353
903,1997,11,3952,3165,787
903,1997,12,3956,2805,1151
903,1998,1,3951,6735,-2784
903,1998,2,3949,2595,1354
903,1998,3,3955,2745,1210
903,1998,4,3947,9895,-5948
903,1998,5,3927,6695,-2768
903,1998,6,3923,2595,1328
903,1998,7,3929,2595,1334
903,1998,8,3935,2595,1340
903,1998,9,3939,3165,774
903,1998,10,3943,2595,1348
903,1998,11,3949,2595,1354
903,1998,12,3953,3330,623
904,1994,3,300,0,300
904,1994,4,19057,0,19057
904,1994,5,18729,5300,13429
904,1994,6,28092,18400,9692
904,1994,7,18799,19900,-1101
904,1994,8,18794,20015,-1221
904,1994,9,18827,15915,2912
904,1994,10,18807,17215,1592
904,1994,11,18807,20515,-1708
904,1994,12,28127,24695,3432
904,1995,1,18809,27255,-8446
904,1995,2,18784,18115,669
904,1995,3,18788,17615,1173
904,1995,4,18793,19415,-622
904,1995,5,18801,14355,4446
904,1995,6,28166,24135,4031
904,1995,7,18857,25055,-6198
904,1995,8,18821,9315,9506
904,1995,9,18856,11115,7741
904,1995,10,18872,17615,1257
904,1995,11,18882,15715,3167
904,1995,12,28206,22435,5771
904,1996,1,18869,34195,-15326
904,1996,2,18856,11795,7061
904,1996,3,18886,15015,3871
904,1996,4,18890,19815,-925
904,1996,5,18867,22495,-3628
904,1996,6,28219,15015,13204
904,1996,7,18899,27415,-8516
904,1996,8,18893,18615,278
904,1996,9,18896,22775,-3879
904,1996,10,18886,15715,3171
904,1996,11,18898,16015,2883
904,1996,12,28228,15935,12293
904,1997,1,18891,32255,-13364
904,1997,2,18918,10615,8303
904,1997,3,18945,13915,5030
904,1997,4,18957,17215,1742
904,1997,5,18962,18015,947
904,1997,6,28302,18415,9887
904,1997,7,18987,26115,-7128
904,1997,8,18958,41215,-22257
904,1997,9,18918,21415,-2497
904,1997,10,18872,21615,-2743
904,1997,11,18874,23215,-4341
904,1997,12,28217,17515,10702
904,1998,1,18917,23715,-4798
904,1998,2,18900,16415,2485
904,1998,3,18889,13315,5574
904,1998,4,18928,21115,-2187
904,1998,5,18891,17715,1176
904,1998,6,28212,20515,7697
904,1998,7,18928,17715,1213
904,1998,8,18935,14515,4420
904,1998,9,18947,21715,-2768
904,1998,10,18937,20015,-1078
904,1998,11,18938,14515,4423
904,1998,12,28331,2100,26231
905,1996,12,1000,0,1000
905,1997,1,15613,0,15613
905,1997,2,9349,3900,5449
905,1997,3,9357,9000,357
905,1997,4,9355,10100,-745
905,1997,5,9345,15614,-6269
905,1997,6,13972,11191,2781
905,1997,7,9334,12091,-2757
905,1997,8,9329,12211,-2882
905,1997,9,9325,7491,1834
905,1997,10,9332,7691,1641
905,1997,11,9342,6791,2551
905,1997,12,13988,10191,3797
905,1998,1,9336,16891,-7555
905,1998,2,9339,6191,3148
905,1998,3,9352,6191,3161
905,1998,4,9334,15991,-6657
905,1998,5,9337,6191,3146
905,1998,6,13981,11091,2890
905,1998,7,9331,16051,-6720
905,1998,8,9328,9791,-463
905,1998,9,9332,6191,3141
905,1998,10,9340,11831,-2491
905,1998,11,9335,6191,3144
905,1998,12,13984,9276,4708
906,1997,12,800,0,800
906,1998,1,3361,0,3361
906,1998,2,3361,0,3361
906,1998,3,3361,0,3361
906,1998,4,3361,0,3361
906,1998,5,3410,2405,1005
906,1998,6,3422,4325,-903
906,1998,7,3417,4925,-1508
906,1998,8,3415,3275,140
906,1998,9,3419,2255,1164
906,1998,10,3424,2255,1169
906,1998,11,3428,2255,1173
906,1998,12,3433,2570,863
907,1993,7,3488,0,3488
907,1993,8,14935,0,14935
907,1993,9,6372,0,6372
907,1993,10,3287,1000,2287
907,1993,11,3287,4783,-1496
907,1993,12,3284,3823,-539
907,1994,1,5390,4083,1307
907,1994,2,3287,3633,-346
907,1994,3,3289,2333,956
907,1994,4,3287,4633,-1346
907,1994,5,3282,4333,-1051
907,1994,6,3971,8613,-4642
907,1994,7,8176,3573,4603
907,1994,8,3280,4533,-1253
907,1994,9,7692,2133,5559
907,1994,10,4204,2133,2071
907,1994,11,3303,4633,-1330
907,1994,12,3602,3163,439
907,1995,1,3302,6483,-3181
907,1995,2,3292,2133,1159
907,1995,3,5102,5733,-631
907,1995,4,3294,4133,-839
907,1995,5,3790,3363,427
907,1995,6,5180,7233,-2053
907,1995,7,3782,3993,-211
907,1995,8,3283,3233,50
907,1995,9,3283,2933,350
907,1995,10,3283,4933,-1650
907,1995,11,3277,3133,144
907,1995,12,5078,3003,2075
907,1996,1,3486,2823,663
907,1996,2,3284,7743,-4459
907,1996,3,3471,2643,828
907,1996,4,3271,5433,-2162
907,1996,5,3261,6533,-3272
907,1996,6,3247,5923,-2676
907,1996,7,5343,2133,3210
907,1996,8,4756,2133,2623
907,1996,9,3260,5433,-2173
907,1996,10,4156,3183,973
907,1996,11,3256,4583,-1327
907,1996,12,3254,2633,621
907,1997,1,3246,7203,-3957
907,1997,2,5343,2133,3210
907,1997,3,3253,2433,820
907,1997,4,3251,5533,-2282
907,1997,5,3748,2133,1615
907,1997,6,3248,6033,-2785
907,1997,7,4645,2343,2302
907,1997,8,3249,3233,16
907,1997,9,3247,4133,-886
907,1997,10,5550,3963,1587
907,1997,11,3253,2733,520
907,1997,12,3253,3643,-390
907,1998,1,3246,6053,-2807
907,1998,2,5147,4023,1124
907,1998,3,3246,3033,213
907,1998,4,3248,2133,1115
907,1998,5,3240,7433,-4193
907,1998,6,3235,2133,1102
907,1998,7,3240,2133,1107
907,1998,8,3245,2133,1112
907,1998,9,3242,5003,-1761
907,1998,10,3236,4233,-997
907,1998,11,3237,2133,1104
907,1998,12,3242,2298,944
908,1994,4,900,0,900
908,1994,5,12505,0,12505
908,1994,6,25113,5300,19813
908,1994,7,737,3400,-2663
908,1994,8,724,5315,-4591
908,1994,9,707,2315,-1608
908,1994,10,697,2865,-2168
908,1994,11,3095,365,2730
908,1994,12,1404,815,589
908,1995,1,688,6015,-5327
908,1995,2,49773,25815,23958
908,1995,3,770,13465,-12695
908,1995,4,724,7515,-6791
908,1995,5,701,2315,-1614
908,1995,6,693,3115,-2422
908,1995,7,2188,1265,923
908,1995,8,1191,15,1176
908,1995,9,691,2815,-2124
908,1995,10,2890,15,2875
908,1995,11,696,1415,-719
908,1995,12,18361,10415,7946
908,1996,1,699,13615,-12916
908,1996,2,4980,1265,3715
908,1996,3,6500,15,6485
908,1996,4,2821,15,2806
908,1996,5,724,2815,-2091
908,1996,6,719,915,-196
908,1996,7,717,1315,-598
908,1996,8,710,4815,-4105
908,1996,9,1301,15,1286
908,1996,10,28981,11765,17216
908,1996,11,48486,5715,42771
908,1996,12,894,30515,-29621
908,1997,1,775,22265,-21490
908,1997,2,741,715,26
908,1997,3,728,6815,-6087
908,1997,4,711,5665,-4954
908,1997,5,696,115,581
908,1997,6,694,3015,-2321
908,1997,7,686,1215,-529
908,1997,8,678,3915,-3237
908,1997,9,671,1015,-344
908,1997,10,670,15,655
908,1997,11,672,1065,-393
908,1997,12,59697,515,59182
908,1998,1,798,50565,-49767
908,1998,2,691,9115,-8424
908,1998,3,675,15,660
908,1998,4,677,1065,-388
908,1998,5,675,1015,-340
908,1998,6,675,15,660
908,1998,7,677,15,662
908,1998,8,680,15,665
908,1998,9,683,15,668
908,1998,10,685,15,670
908,1998,11,11182,15,11167
908,1998,12,4176,17100,-12924
909,1997,9,3834,0,3834
909,1997,10,2941,0,2941
909,1997,11,2941,0,2941
909,1997,12,2941,0,2941
909,1998,1,2960,2055,905
909,1998,2,2984,1965,1019
909,1998,3,2988,3135,-147
909,1998,4,2987,2205,782
909,1998,5,2988,2325,663
909,1998,6,2993,2805,188
909,1998,7,2994,1965,1029
909,1998,8,2999,1965,1034
909,1998,9,3003,1965,1038
909,1998,10,3007,1965,1042
909,1998,11,3012,1965,1047
909,1998,12,3011,2850,161
910,1997,2,6227,0,6227
910,1997,3,5134,0,5134
910,1997,4,5134,0,5134
910,1997,5,5134,0,5134
910,1997,6,5165,7565,-2400
910,1997,7,5192,3712,1480
910,1997,8,5204,1952,3252
910,1997,9,5218,1952,3266
910,1997,10,5229,5072,157
910,1997,11,5232,1952,3280
910,1997,12,5240,4192,1048
910,1998,1,5232,11162,-5930
910,1998,2,5223,4192,1031
910,1998,3,5230,1952,3278
910,1998,4,5243,1952,3291
910,1998,5,5257,1952,3305
910,1998,6,5266,5152,114
910,1998,7,5271,1952,3319
910,1998,8,5285,1952,3333
910,1998,9,5294,8252,-2958
910,1998,10,5280,9952,-4672
910,1998,11,5251,8672,-3421
910,1998,12,5250,2987,2263
911,1996,8,10425,0,10425
911,1996,9,4843,0,4843
911,1996,10,34612,0,34612
911,1996,11,39389,14100,25289
911,1996,12,312,26000,-25688
911,1997,1,13140,17000,-3860
911,1997,2,14701,30568,-15867
911,1997,3,8511,10583,-2072
911,1997,4,20091,16768,3323
911,1997,5,49794,24983,24811
911,1997,6,40540,13583,26957
911,1997,7,216,36618,-36402
911,1997,8,5774,10583,-4809
911,1997,9,50206,10583,39623
911,1997,10,9444,53259,-43815
911,1997,11,67032,31247,35785
911,1997,12,23512,41972,-18460
911,1998,1,51714,85283,-33569
911,1998,2,18348,10583,7765
911,1998,3,22061,10583,11478
911,1998,4,8853,23176,-14323
911,1998,5,38811,10583,28228
911,1998,6,9312,13583,-4271
911,1998,7,12075,28604,-16529
911,1998,8,16061,10583,5478
911,1998,9,14575,10583,3992
911,1998,10,28245,23819,4426
911,1998,11,12763,10583,2180
911,1998,12,178,22808,-22630
912,1997,4,400,0,400
912,1997,5,3499,0,3499
912,1997,6,3499,0,3499
912,1997,7,3499,0,3499
912,1997,8,3499,0,3499
912,1997,9,3502,15,3487
912,1997,10,3576,2497,1079
912,1997,11,3580,3487,93
912,1997,12,3580,2797,783
912,1998,1,3576,6757,-3181
912,1998,2,3571,2947,624
912,1998,3,3574,2347,1227
912,1998,4,3577,2827,750
912,1998,5,3581,2587,994
912,1998,6,3583,4627,-1044
912,1998,7,3582,2347,1235
912,1998,8,3587,2347,1240
912,1998,9,3592,2347,1245
912,1998,10,3598,2347,1251
912,1998,11,3594,6657,-3063
912,1998,12,3583,6002,-2419
913,1996,5,300,0,300
913,1996,6,21882,0,21882
913,1996,7,13586,7900,5686
913,1996,8,13591,13800,-209
913,1996,9,13599,11200,2399
913,1996,10,13592,20499,-6907
913,1996,11,13550,23619,-10069
913,1996,12,20304,10999,9305
913,1997,1,15884,22799,-6915
913,1997,2,18877,8999,9878
913,1997,3,13578,17119,-3541
913,1997,4,17091,13439,3652
913,1997,5,19724,8999,10725
913,1997,6,20382,21079,-697
913,1997,7,13641,9199,4442
913,1997,8,13648,12699,949
913,1997,9,13647,16079,-2432
913,1997,10,13640,13099,541
913,1997,11,13642,14399,-757
913,1997,12,20402,19799,603
913,1998,1,18640,27479,-8839
913,1998,2,13599,14879,-1280
913,1998,3,19434,9699,9735
913,1998,4,13652,17339,-3687
913,1998,5,14839,8999,5840
913,1998,6,26343,32999,-6656
913,1998,7,16123,12839,3284
913,1998,8,13936,13079,857
913,1998,9,13648,17999,-4351
913,1998,10,13626,14359,-733
913,1998,11,13630,10599,3031
913,1998,12,20397,14744,5653
914,1993,11,800,0,800
914,1993,12,3448,0,3448
914,1994,1,3448,0,3448
914,1994,2,3448,0,3448
914,1994,3,3448,0,3448
914,1994,4,3451,15,3436
914,1994,5,3526,2313,1213
914,1994,6,3510,8223,-4713
914,1994,7,3511,2763,748
914,1994,8,3514,2313,1201
914,1994,9,3519,2313,1206
914,1994,10,3524,4113,-589
914,1994,11,3519,2583,936
914,1994,12,3518,4263,-745
914,1995,1,3513,6603,-3090
914,1995,2,3510,2313,1197
914,1995,3,3515,2313,1202
914,1995,4,3520,2313,1207
914,1995,5,3524,2913,611
914,1995,6,3526,7083,-3557
914,1995,7,3513,2313,1200
914,1995,8,3518,2313,1205
914,1995,9,3519,2913,606
914,1995,10,3514,6163,-2649
914,1995,11,3513,2973,540
914,1995,12,3503,5863,-2360
914,1996,1,3503,3513,-10
914,1996,2,3506,2313,1193
914,1996,3,3505,3713,-208
914,1996,4,3501,4513,-1012
914,1996,5,3505,2943,562
914,1996,6,3508,2313,1195
914,1996,7,3513,2313,1200
914,1996,8,3518,2313,1205
914,1996,9,3521,2463,1058
914,1996,10,3522,3753,-231
914,1996,11,3527,2313,1214
914,1996,12,3527,3693,-166
914,1997,1,3523,5403,-1880
914,1997,2,3523,2583,940
914,1997,3,3527,2313,1214
914,1997,4,3532,2313,1219
914,1997,5,3537,2313,1224
914,1997,6,3534,7233,-3699
914,1997,7,3525,3393,132
914,1997,8,3527,2313,1214
914,1997,9,3532,2313,1219
914,1997,10,3537,2313,1224
914,1997,11,3538,3213,325
914,1997,12,3543,2493,1050
914,1998,1,3536,6393,-2857
914,1998,2,3536,2313,1223
914,1998,3,3541,2313,1228
914,1998,4,3545,3723,-178
914,1998,5,3545,2313,1232
914,1998,6,3544,6213,-2669
914,1998,7,3539,2313,1226
914,1998,8,3540,3063,477
914,1998,9,3546,2313,1233
914,1998,10,3547,3003,544
914,1998,11,3554,2313,1241
914,1998,12,3558,3108,450
915,1995,1,700,0,700
915,1995,2,38750,8200,30550
915,1995,3,38856,20400,18456
915,1995,4,38918,29200,9718
915,1995,5,38949,34700,4249
915,1995,6,58261,81106,-22845
915,1995,7,38888,36206,2682
915,1995,8,38893,38706,187
915,1995,9,38883,54786,-15903
915,1995,10,38820,48483,-9663
915,1995,11,38816,23955,14861
915,1995,12,58218,56255,1963
915,1996,1,38815,56455,-17640
915,1996,2,38819,25355,13464
915,1996,3,38839,44576,-5737
915,1996,4,38823,31955,6868
915,1996,5,38849,39055,-206
915,1996,6,58195,54355,3840
915,1996,7,38824,47755,-8931
915,1996,8,38812,38655,157
915,1996,9,38796,44555,-5759
915,1996,10,38786,39555,-769
915,1996,11,40744,20755,19989
915,1996,12,58270,48399,9871
915,1997,1,39241,65155,-25914
915,1997,2,38826,39070,-244
915,1997,3,38850,22155,16695
915,1997,4,38882,40455,-1573
915,1997,5,38840,49795,-10955
915,1997,6,61252,32455,28797
915,1997,7,38954,32955,5999
915,1997,8,38966,37155,1811
915,1997,9,38963,37555,1408
915,1997,10,38967,38255,712
915,1997,11,38967,40455,-1488
915,1997,12,58374,38455,19919
915,1998,1,39008,70755,-31747
915,1998,2,38950,29826,9124
915,1998,3,38911,58116,-19205
915,1998,4,50705,61116,-10411
915,1998,5,44961,38061,6900
915,1998,6,58265,41106,17159
915,1998,7,38965,41955,-2990
915,1998,8,38963,39855,-892
915,1998,9,38959,50454,-11495
915,1998,10,38901,34655,4246
915,1998,11,44001,44147,-146
915,1998,12,58341,22840,35501
916,1996,8,600,0,600
916,1996,9,20613,0,20613
916,1996,10,15769,6900,8869
916,1996,11,15789,13300,2489
916,1996,12,23637,18100,5537
916,1997,1,15795,27374,-11579
916,1997,2,15798,10614,5184
916,1997,3,15782,19634,-3852
916,1997,4,15780,13814,1966
916,1997,5,15785,15794,-9
916,1997,6,23598,29054,-5456
916,1997,7,15779,14014,1765
916,1997,8,15756,19014,-3258
916,1997,9,15740,23554,-7814
916,1997,10,15739,14134,1605
916,1997,11,15747,10334,5413
916,1997,12,23611,14754,8857
916,1998,1,15741,33294,-17553
916,1998,2,15743,5314,10429
916,1998,3,15770,11914,3856
916,1998,4,15779,14114,1665
916,1998,5,15753,25374,-9621
916,1998,6,23607,16934,6673
916,1998,7,15754,18194,-2440
916,1998,8,15762,14414,1348
916,1998,9,15759,18454,-2695
916,1998,10,15770,10414,5356
916,1998,11,15773,15914,-141
916,1998,12,23615,17379,6236
917,1995,10,7394,0,7394
917,1995,11,15451,0,15451
917,1995,12,14271,0,14271
917,1996,1,7251,5800,1451
917,1996,2,7268,1015,6253
917,1996,3,7268,10584,-3316
917,1996,4,7260,8784,-1524
917,1996,5,7256,8444,-1188
917,1996,6,10791,18764,-7973
917,1996,7,7220,6684,536
917,1996,8,7209,13664,-6455
917,1996,9,10909,9124,1785
917,1996,10,9315,4684,4631
917,1996,11,8030,4684,3346
917,1996,12,10777,11484,-707
917,1997,1,7223,14744,-7521
917,1997,2,7191,15024,-7833
917,1997,3,9782,4684,5098
917,1997,4,10505,6004,4501
917,1997,5,11719,7924,3795
917,1997,6,10784,6524,4260
917,1997,7,7244,6184,1060
917,1997,8,9459,4684,4775
917,1997,9,8467,7204,1263
917,1997,10,7978,5284,2694
917,1997,11,7489,4684,2805
917,1997,12,10847,13964,-3117
917,1998,1,10974,12164,-1190
917,1998,2,7284,4684,2600
917,1998,3,7287,8384,-1097
917,1998,4,10289,9244,1045
917,1998,5,7293,8784,-1491
917,1998,6,20272,29644,-9372
917,1998,7,13552,4684,8868
917,1998,8,13089,4684,8405
917,1998,9,7320,6684,636
917,1998,10,7321,8784,-1463
917,1998,11,7317,4884,2433
917,1998,12,10868,9149,1719
918,1996,8,400,0,400
918,1996,9,11500,0,11500
918,1996,10,6700,0,6700
918,1996,11,1100,0,1100
918,1996,12,2100,0,2100
918,1997,1,1700,0,1700
918,1997,2,3300,0,3300
918,1997,3,28165,0,28165
918,1997,4,25858,10000,15858
918,1997,5,294,18200,-17906
918,1997,6,7511,10800,-3289
918,1997,7,5324,8600,-3276
918,1997,8,192,5400,-5208
918,1997,9,34860,18015,16845
918,1997,10,195,15763,-15568
918,1997,11,12208,28630,-16422
918,1997,12,9782,15730,-5948
918,1998,1,14472,15193,-721
918,1998,2,12567,12130,437
918,1998,3,39961,12130,27831
918,1998,4,2544,29115,-26571
918,1998,5,28545,12130,16415
918,1998,6,47534,54891,-7357
918,1998,7,13916,12130,1786
918,1998,8,40471,47339,-6868
918,1998,9,12595,12130,465
918,1998,10,72575,48399,24176
918,1998,11,866,12130,-11264
918,1998,12,29511,28728,783
919,1997,3,11535,0,11535
919,1997,4,16900,0,16900
919,1997,5,10845,1800,9045
919,1997,6,16242,4000,12242
919,1997,7,10894,24465,-13571
919,1997,8,10862,11965,-1103
919,1997,9,10857,12165,-1308
919,1997,10,10850,13765,-2915
919,1997,11,10840,6965,3875
919,1997,12,16209,18605,-2396
919,1998,1,13914,21185,-7271
919,1998,2,10816,6065,4751
919,1998,3,10836,7265,3571
919,1998,4,10845,14545,-3700
919,1998,5,10835,6565,4270
919,1998,6,16208,15105,1103
919,1998,7,10854,10565,289
919,1998,8,10854,11365,-511
919,1998,9,10853,9165,1688
919,1998,10,10952,15785,-4833
919,1998,11,11345,4865,6480
919,1998,12,16221,15990,231
920,1996,9,6136,0,6136
920,1996,10,5344,0,5344
920,1996,11,5344,0,5344
920,1996,12,5344,0,5344
920,1997,1,5381,12372,-6991
920,1997,2,5396,2452,2944
920,1997,3,5409,2452,2957
920,1997,4,5406,5452,-46
920,1997,5,5405,8052,-2647
920,1997,6,5395,5702,-307
920,1997,7,5396,6652,-1256
920,1997,8,5379,10752,-5373
920,1997,9,5381,2452,2929
920,1997,10,5392,5652,-260
920,1997,11,5383,8312,-2929
920,1997,12,5373,2452,2921
920,1998,1,5377,6132,-755
920,1998,2,5387,6552,-1165
920,1998,3,5384,2452,2932
920,1998,4,5394,6352,-958
920,1998,5,5388,8752,-3364
920,1998,6,5371,2752,2619
920,1998,7,5382,2752,2630
920,1998,8,5398,3152,2246
920,1998,9,5392,6492,-1100
920,1998,10,5398,5152,246
920,1998,11,5392,7512,-2120
920,1998,12,5387,5187,200
921,1996,10,7140,0,7140
921,1996,11,6652,0,6652
921,1996,12,6652,0,6652
921,1997,1,6652,0,6652
921,1997,2,6710,2151,4559
921,1997,3,6763,3151,3612
921,1997,4,6774,3391,3383
921,1997,5,6796,1791,5005
921,1997,6,6760,19871,-13111
921,1997,7,6761,4031,2730
921,1997,8,6768,5411,1357
921,1997,9,6768,4391,2377
921,1997,10,6778,4491,2287
921,1997,11,6770,9091,-2321
921,1997,12,6772,6041,731
921,1998,1,6747,18171,-11424
921,1998,2,6750,1791,4959
921,1998,3,6751,5091,1660
921,1998,4,6744,8791,-2047
921,1998,5,6729,14391,-7662
921,1998,6,6705,11341,-4636
921,1998,7,6696,5551,1145
921,1998,8,6714,6091,623
921,1998,9,6708,7371,-663
921,1998,10,6714,6291,423
921,1998,11,6715,5591,1124
921,1998,12,6719,2676,4043
922,1995,4,400,0,400
922,1995,5,16319,0,16319
922,1995,6,6986,0,6986
922,1995,7,4308,2700,1608
922,1995,8,4315,1900,2415
922,1995,9,4529,2953,1576
922,1995,10,4635,2820,1815
922,1995,11,4340,5420,-1080
922,1995,12,6435,9380,-2945
922,1996,1,12593,18820,-6227
922,1996,2,8897,8220,677
922,1996,3,7305,2820,4485
922,1996,4,5623,2820,2803
922,1996,5,4519,7620,-3101
922,1996,6,6628,2820,3808
922,1996,7,4332,4320,12
922,1996,8,11508,19620,-8112
922,1996,9,9010,2820,6190
922,1996,10,5129,2820,2309
922,1996,11,4332,5220,-888
922,1996,12,6440,6520,-80
922,1997,1,7997,19900,-11903
922,1997,2,12399,2820,9579
922,1997,3,7422,10260,-2838
922,1997,4,7815,3660,4155
922,1997,5,12135,6060,6075
922,1997,6,6838,25540,-18702
922,1997,7,16203,2820,13383
922,1997,8,16460,2820,13640
922,1997,9,8799,2820,5979
922,1997,10,4914,2820,2094
922,1997,11,4922,2820,2102
922,1997,12,6528,7620,-1092
922,1998,1,4505,17020,-12515
922,1998,2,9086,7500,1586
922,1998,3,4382,4320,62
922,1998,4,4878,4020,858
922,1998,5,11588,7980,3608
922,1998,6,15424,6780,8644
922,1998,7,4430,4920,-490
922,1998,8,6235,5700,535
922,1998,9,6038,2820,3218
922,1998,10,6252,2820,3432
922,1998,11,7570,2820,4750
922,1998,12,6576,8905,-2329
923,1996,2,6800,0,6800
923,1996,3,5706,0,5706
923,1996,4,5706,0,5706
923,1996,5,5756,2300,3456
923,1996,6,5756,10065,-4309
923,1996,7,5763,2102,3661
923,1996,8,5778,2102,3676
923,1996,9,5790,5702,88
923,1996,10,5776,7742,-1966
923,1996,11,5779,3702,2077
923,1996,12,5786,5502,284
923,1997,1,5771,10602,-4831
923,1997,2,5762,7302,-1540
923,1997,3,5768,2102,3666
923,1997,4,5774,4882,892
923,1997,5,5761,8962,-3201
923,1997,6,5765,4502,1263
923,1997,7,5772,6502,-730
923,1997,8,5775,5902,-127
923,1997,9,5771,9182,-3411
923,1997,10,5761,4902,859
923,1997,11,5765,2102,3663
923,1997,12,5777,3702,2075
923,1998,1,5775,8262,-2487
923,1998,2,5778,3402,2376
923,1998,3,5788,3782,2006
923,1998,4,5788,8542,-2754
923,1998,5,5780,10102,-4322
923,1998,6,5763,7802,-2039
923,1998,7,5755,7122,-1367
923,1998,8,5752,3402,2350
923,1998,9,5761,3302,2459
923,1998,10,5772,3002,2770
923,1998,11,5784,2102,3682
923,1998,12,5799,2587,3212
924,1995,12,3730,0,3730
924,1996,1,13474,0,13474
924,1996,2,8013,0,8013
924,1996,3,3421,4400,-979
924,1996,4,3420,3419,1
924,1996,5,3409,6627,-3218
924,1996,6,3400,5227,-1827
924,1996,7,4704,3397,1307
924,1996,8,3398,5347,-1949
924,1996,9,3379,8227,-4848
924,1996,10,3881,2737,1144
924,1996,11,3372,5727,-2355
924,1996,12,3368,4127,-759
924,1997,1,3371,2647,724
924,1997,2,3369,3827,-458
924,1997,3,3372,2227,1145
924,1997,4,3371,4027,-656
924,1997,5,3373,2627,746
924,1997,6,3378,2227,1151
924,1997,7,3371,5327,-1956
924,1997,8,3373,2947,426
924,1997,9,3375,2557,818
924,1997,10,3379,2227,1152
924,1997,11,3384,2227,1157
924,1997,12,3388,2467,921
924,1998,1,3389,4657,-1268
924,1998,2,3387,2227,1160
924,1998,3,3392,2227,1165
924,1998,4,3397,2227,1170
924,1998,5,3402,2227,1175
924,1998,6,3400,9337,-5937
924,1998,7,3382,2227,1155
924,1998,8,3387,2227,1160
924,1998,9,3392,2227,1165
924,1998,10,3395,3247,148
924,1998,11,3397,2227,1170
924,1998,12,3401,2692,709
925,1993,2,500,0,500
925,1993,3,22722,0,22722
925,1993,4,18608,6900,11708
925,1993,5,18649,15200,3449
925,1993,6,27918,20100,7818
925,1993,7,18720,24510,-5790
925,1993,8,18697,21210,-2513
925,1993,9,18666,21510,-2844
925,1993,10,18668,17710,958
925,1993,11,18678,18510,168
925,1993,12,27941,23410,4531
925,1994,1,18696,17410,1286
925,1994,2,18696,20510,-1814
925,1994,3,18683,21010,-2327
925,1994,4,18688,15910,2778
925,1994,5,18684,21510,-2826
925,1994,6,27941,24610,3331
925,1994,7,18691,19410,-719
925,1994,8,18675,21910,-3235
925,1994,9,18662,21210,-2548
925,1994,10,18654,21210,-2556
925,1994,11,18647,19110,-463
925,1994,12,27918,21810,6108
925,1995,1,18664,20810,-2146
925,1995,2,18650,22310,-3660
925,1995,3,18643,22410,-3767
925,1995,4,18633,15410,3223
925,1995,5,18639,18510,129
925,1995,6,27900,24910,2990
925,1995,7,18640,22310,-3670
925,1995,8,18616,31110,-12494
925,1995,9,18590,15010,3580
925,1995,10,18592,19110,-518
925,1995,11,18593,17510,1083
925,1995,12,27855,24810,3045
925,1996,1,18659,21010,-2351
925,1996,2,18622,14210,4412
925,1996,3,18618,21610,-2992
925,1996,4,18644,9410,9234
925,1996,5,18676,11810,6866
925,1996,6,27952,16410,11542
925,1996,7,18722,21710,-2988
925,1996,8,18704,23310,-4606
925,1996,9,18701,17910,791
925,1996,10,18672,23310,-4638
925,1996,11,18696,14210,4486
925,1996,12,27978,18110,9868
925,1997,1,18711,23810,-5099
925,1997,2,18699,23310,-4611
925,1997,3,18697,15610,3087
925,1997,4,18705,16610,2095
925,1997,5,18724,18310,414
925,1997,6,27983,21810,6173
925,1997,7,18731,19910,-1179
925,1997,8,18727,39210,-20483
925,1997,9,18698,17310,1388
925,1997,10,18687,19810,-1123
925,1997,11,18675,20310,-1635
925,1997,12,27949,21310,6639
925,1998,1,18715,15110,3605
925,1998,2,18715,19310,-595
925,1998,3,18714,17110,1604
925,1998,4,18733,18110,623
925,1998,5,18724,19310,-586
925,1998,6,28007,22210,5797
925,1998,7,18755,15110,3645
925,1998,8,18766,17610,1156
925,1998,9,18766,21710,-2944
925,1998,10,18747,19010,-263
925,1998,11,18752,19410,-658
925,1998,12,28012,22595,5417
926,1996,11,5831,0,5831
926,1996,12,4738,0,4738
926,1997,1,4738,0,4738
926,1997,2,4738,0,4738
926,1997,3,4787,1763,3024
926,1997,4,4818,2163,2655
926,1997,5,4827,2803,2024
926,1997,6,4833,8613,-3780
926,1997,7,4821,5463,-642
926,1997,8,4816,7303,-2487
926,1997,9,4806,6763,-1957
926,1997,10,4791,5363,-572
926,1997,11,4799,1763,3036
926,1997,12,4808,5563,-755
926,1998,1,4781,11043,-6262
926,1998,2,4779,5663,-884
926,1998,3,4777,3363,1414
926,1998,4,4784,1763,3021
926,1998,5,4789,10063,-5274
926,1998,6,4771,5063,-292
926,1998,7,4770,4763,7
926,1998,8,4774,1763,3011
926,1998,9,4786,1763,3023
926,1998,10,4798,2063,2735
926,1998,11,4809,2563,2246
926,1998,12,4816,3148,1668
927,1997,4,400,0,400
927,1997,5,16279,0,16279
927,1997,6,18020,9200,8820
927,1997,7,12086,7500,4586
927,1997,8,12092,3800,8292
927,1997,9,12100,9838,2262
927,1997,10,12090,16120,-4030
927,1997,11,12057,20820,-8763
927,1997,12,18016,18160,-144
927,1998,1,12006,26400,-14394
927,1998,2,12001,8020,3981
927,1998,3,12016,9220,2796
927,1998,4,12005,15420,-3415
927,1998,5,12017,7420,4597
927,1998,6,17999,13420,4579
927,1998,7,12022,17420,-5398
927,1998,8,12017,11920,97
927,1998,9,12011,13820,-1809
927,1998,10,12002,13060,-1058
927,1998,11,12005,13220,-1215
927,1998,12,17991,9705,8286
928,1993,4,1100,0,1100
928,1993,5,17057,0,17057
928,1993,6,10347,600,9747
928,1993,7,6961,3400,3561
928,1993,8,6970,9800,-2830
928,1993,9,6957,9476,-2519
928,1993,10,6948,10496,-3548
928,1993,11,7240,6496,744
928,1993,12,10367,8776,1591
928,1994,1,9138,19616,-10478
928,1994,2,11706,10456,1250
928,1994,3,10217,4576,5641
928,1994,4,9333,9136,197
928,1994,5,6936,5476,1460
928,1994,6,10368,7476,2892
928,1994,7,10345,11176,-831
928,1994,8,6949,6076,873
928,1994,9,7656,4576,3080
928,1994,10,11155,16096,-4941
928,1994,11,10646,8056,2590
928,1994,12,10383,9956,427
928,1995,1,8546,12856,-4310
928,1995,2,10042,8536,1506
928,1995,3,8153,5776,2377
928,1995,4,7760,4576,3184
928,1995,5,6964,7896,-932
928,1995,6,12188,10096,2092
928,1995,7,6968,9196,-2228
928,1995,8,6961,7076,-115
928,1995,9,6965,5276,1689
928,1995,10,6968,7176,-208
928,1995,11,6967,7276,-309
928,1995,12,10401,9076,1325
928,1996,1,10433,27696,-17263
928,1996,2,11020,4576,6444
928,1996,3,12951,4576,8375
928,1996,4,10967,9736,1231
928,1996,5,10686,4576,6110
928,1996,6,10431,5276,5155
928,1996,7,7223,4576,2647
928,1996,8,7029,4576,2453
928,1996,9,7040,7176,-136
928,1996,10,8131,8056,75
928,1996,11,7042,5576,1466
928,1996,12,10472,11076,-604
928,1997,1,11013,23016,-12003
928,1997,2,17433,4576,12857
928,1997,3,8356,4576,3780
928,1997,4,9576,4576,5000
928,1997,5,8678,9136,-458
928,1997,6,13022,10496,2526
928,1997,7,10408,4576,5832
928,1997,8,8019,7216,803
928,1997,9,7717,7936,-219
928,1997,10,7616,10216,-2600
928,1997,11,7108,5876,1232
928,1997,12,10527,13916,-3389
928,1998,1,14971,23256,-8285
928,1998,2,7062,4576,2486
928,1998,3,10876,6256,4620
928,1998,4,8691,4576,4115
928,1998,5,7107,7576,-469
928,1998,6,27112,46816,-19704
928,1998,7,17219,11176,6043
928,1998,8,10447,6856,3591
928,1998,9,15156,10096,5060
928,1998,10,10587,4576,6011
928,1998,11,8611,4576,4035
928,1998,12,10549,14341,-3792
929,1993,7,9059,0,9059
929,1993,8,19031,0,19031
929,1993,9,8964,3100,5864
929,1993,10,8974,13100,-4126
929,1993,11,8960,12299,-3339
929,1993,12,13369,12799,570
929,1994,1,10329,15099,-4770
929,1994,2,8930,6699,2231
929,1994,3,8939,8199,740
929,1994,4,8941,8199,742
929,1994,5,8939,8499,440
929,1994,6,13374,8499,4875
929,1994,7,8952,14099,-5147
929,1994,8,12135,10399,1736
929,1994,9,9151,9399,-248
929,1994,10,11054,5899,5155
929,1994,11,8964,11699,-2735
929,1994,12,13386,11399,1987
929,1995,1,8959,12799,-3840
929,1995,2,12042,10699,1343
929,1995,3,9560,5899,3661
929,1995,4,8975,6199,2776
929,1995,5,8983,9599,-616
929,1995,6,13395,13199,196
929,1995,7,9182,9799,-617
929,1995,8,8981,6799,2182
929,1995,9,9592,5899,3693
929,1995,10,9000,10099,-1099
929,1995,11,8995,10199,-1204
929,1995,12,13400,19099,-5699
929,1996,1,12159,19399,-7240
929,1996,2,13750,6399,7351
929,1996,3,8972,6399,2573
929,1996,4,8983,6399,2584
929,1996,5,8989,8999,-10
929,1996,6,13405,14699,-1294
929,1996,7,8986,7399,1587
929,1996,8,8979,13699,-4720
929,1996,9,8949,14999,-6050
929,1996,10,8943,9399,-456
929,1996,11,8937,10599,-1662
929,1996,12,13355,11699,1656
929,1997,1,8913,19499,-10586
929,1997,2,8897,8499,398
929,1997,3,9006,5899,3107
929,1997,4,8899,12699,-3800
929,1997,5,8899,8599,300
929,1997,6,13317,11199,2118
929,1997,7,8906,8499,407
929,1997,8,8903,9799,-896
929,1997,9,8890,12999,-4109
929,1997,10,8893,5899,2994
929,1997,11,8893,10099,-1206
929,1997,12,13321,8699,4622
929,1998,1,8899,13099,-4200
929,1998,2,8902,5899,3003
929,1998,3,8890,13699,-4809
929,1998,4,8884,8999,-115
929,1998,5,9295,5899,3396
929,1998,6,13334,15199,-1865
929,1998,7,8900,5899,3001
929,1998,8,8889,13199,-4310
929,1998,9,8894,5899,2995
929,1998,10,8906,5899,3007
929,1998,11,8919,5899,3020
929,1998,12,13357,6984,6373
930,1993,8,14374,0,14374
930,1993,9,17842,0,17842
930,1993,10,14197,3500,10697
930,1993,11,14231,7400,6831
930,1993,12,21262,34431,-13169
930,1994,1,14170,25371,-11201
930,1994,2,14145,13091,1054
930,1994,3,14260,11071,3189
930,1994,4,14169,14171,-2
930,1994,5,14169,11471,2698
930,1994,6,21782,28731,-6949
930,1994,7,14252,9371,4881
930,1994,8,14170,12871,1299
930,1994,9,14169,17791,-3622
930,1994,10,14159,14071,88
930,1994,11,14151,17251,-3100
930,1994,12,21177,17291,3886
930,1995,1,19342,26131,-6789
930,1995,2,14136,11171,2965
930,1995,3,14150,9471,4679
930,1995,4,14165,14871,-706
930,1995,5,14166,10371,3795
930,1995,6,23064,32011,-8947
930,1995,7,16047,9371,6676
930,1995,8,14164,13791,373
930,1995,9,14168,14271,-103
930,1995,10,14169,15931,-1762
930,1995,11,14164,10871,3293
930,1995,12,21211,13851,7360
930,1996,1,18562,29331,-10769
930,1996,2,16061,14051,2010
930,1996,3,14475,9371,5104
930,1996,4,14188,13571,617
930,1996,5,14195,11171,3024
930,1996,6,21230,18651,2579
930,1996,7,14212,13971,241
930,1996,8,14221,9771,4450
930,1996,9,14233,12571,1662
930,1996,10,14229,19631,-5402
930,1996,11,14210,16251,-2041
930,1996,12,21232,21391,-159
930,1997,1,27759,41371,-13612
930,1997,2,19370,10931,8439
930,1997,3,18203,9371,8832
930,1997,4,14445,13691,754
930,1997,5,14223,13771,452
930,1997,6,21237,44791,-23554
930,1997,7,20956,9371,11585
930,1997,8,16394,9371,7023
930,1997,9,19729,13691,6038
930,1997,10,14942,11291,3651
930,1997,11,20161,14291,5870
930,1997,12,21316,10971,10345
930,1998,1,14273,29031,-14758
930,1998,2,14262,14511,-249
930,1998,3,14256,11771,2485
930,1998,4,14259,14571,-312
930,1998,5,14262,12971,1291
930,1998,6,21277,23531,-2254
930,1998,7,14255,14691,-436
930,1998,8,14251,14471,-220
930,1998,9,14260,13131,1129
930,1998,10,14247,19651,-5404
930,1998,11,14240,12291,1949
930,1998,12,21262,17656,3606
931,1993,10,700,0,700
931,1993,11,13244,0,13244
931,1993,12,11394,0,11394
931,1994,1,5318,2200,3118
931,1994,2,5333,3700,1633
931,1994,3,5348,3715,1633
931,1994,4,5336,7089,-1753
931,1994,5,5338,3589,1749
931,1994,6,7943,14329,-6386
931,1994,7,5920,3489,2431
931,1994,8,5527,4089,1438
931,1994,9,5535,3489,2046
931,1994,10,5336,6089,-753
931,1994,11,7547,3489,4058
931,1994,12,7933,21489,-13556
931,1995,1,8411,3489,4922
931,1995,2,7528,3489,4039
931,1995,3,5338,3589,1749
931,1995,4,5338,5889,-551
931,1995,5,8052,3489,4563
931,1995,6,8676,3489,5187
931,1995,7,5365,8989,-3624
931,1995,8,5355,8949,-3594
931,1995,9,6256,3489,2767
931,1995,10,5353,6689,-1336
931,1995,11,5346,7089,-1743
931,1995,12,7945,13749,-5804
931,1996,1,5320,9249,-3929
931,1996,2,8121,3489,4632
931,1996,3,5732,3489,2243
931,1996,4,5327,7269,-1942
931,1996,5,6234,3489,2745
931,1996,6,7909,18269,-10360
931,1996,7,5397,4189,1208
931,1996,8,6205,3489,2716
931,1996,9,5315,5589,-274
931,1996,10,5314,4289,1025
931,1996,11,5317,7289,-1972
931,1996,12,8321,4449,3872
931,1997,1,5617,8449,-2832
931,1997,2,5505,9129,-3624
931,1997,3,7503,3489,4014
931,1997,4,6100,7929,-1829
931,1997,5,5306,7189,-1883
931,1997,6,7912,4089,3823
931,1997,7,5313,8849,-3536
931,1997,8,7303,7809,-506
931,1997,9,5296,7769,-2473
931,1997,10,5288,4589,699
931,1997,11,5284,5869,-585
931,1997,12,11003,4769,6234
931,1998,1,5314,4589,725
931,1998,2,7916,9249,-1333
931,1998,3,5312,4089,1223
931,1998,4,8521,3489,5032
931,1998,5,5333,7289,-1956
931,1998,6,7938,6589,1349
931,1998,7,5328,8989,-3661
931,1998,8,5308,11629,-6321
931,1998,9,5293,4189,1104
931,1998,10,5284,11889,-6605
931,1998,11,5271,3489,1782
931,1998,12,7886,5554,2332
932,1996,7,5672,0,5672
932,1996,8,4780,0,4780
932,1996,9,4780,0,4780
932,1996,10,4780,0,4780
932,1996,11,4782,15,4767
932,1996,12,4862,3558,1304
932,1997,1,4855,10488,-5633
932,1997,2,4847,2808,2039
932,1997,3,4855,2808,2047
932,1997,4,4864,2808,2056
932,1997,5,4872,2808,2064
932,1997,6,4871,13498,-8627
932,1997,7,4845,2808,2037
932,1997,8,4853,2808,2045
932,1997,9,4857,5768,-911
932,1997,10,4858,2808,2050
932,1997,11,4867,2808,2059
932,1997,12,4875,4338,537
932,1998,1,4857,12088,-7231
932,1998,2,4840,4888,-48
932,1998,3,4847,2808,2039
932,1998,4,4853,4248,605
932,1998,5,4852,4408,444
932,1998,6,4848,9158,-4310
932,1998,7,4842,2808,2034
932,1998,8,4850,2808,2042
932,1998,9,4859,2808,2051
932,1998,10,4867,2808,2059
932,1998,11,4872,5048,-176
932,1998,12,4871,3973,898
933,1995,11,800,0,800
933,1995,12,6583,0,6583
933,1996,1,6583,0,6583
933,1996,2,6583,0,6583
933,1996,3,6637,200,6437
933,1996,4,6707,2555,4152
933,1996,5,6714,7399,-685
933,1996,6,6710,8099,-1389
933,1996,7,6710,3959,2751
933,1996,8,6719,5999,720
933,1996,9,6721,5999,722
933,1996,10,6721,7199,-478
933,1996,11,6720,6799,-79
933,1996,12,6713,8569,-1856
933,1997,1,6689,16599,-9910
933,1997,2,6680,3239,3441
933,1997,3,6692,3899,2793
933,1997,4,6700,6099,601
933,1997,5,6710,3099,3611
933,1997,6,6688,13849,-7161
933,1997,7,6695,2599,4096
933,1997,8,6700,6399,301
933,1997,9,6699,7579,-880
933,1997,10,6710,2599,4111
933,1997,11,6721,5639,1082
933,1997,12,6718,11149,-4431
933,1998,1,6698,10799,-4101
933,1998,2,6695,2599,4096
933,1998,3,6708,4119,2589
933,1998,4,6719,5639,1080
933,1998,5,6728,2599,4129
933,1998,6,6703,17609,-10906
933,1998,7,6699,2599,4100
933,1998,8,6716,2599,4117
933,1998,9,6720,6499,221
933,1998,10,6725,4699,2026
933,1998,11,6723,9399,-2676
933,1998,12,6713,8684,-1971
934,1997,11,300,0,300
934,1997,12,6025,0,6025
934,1998,1,6025,0,6025
934,1998,2,6025,0,6025
934,1998,3,6025,0,6025
934,1998,4,6029,15,6014
934,1998,5,6159,3251,2908
934,1998,6,6143,15801,-9658
934,1998,7,6130,3251,2879
934,1998,8,6142,3251,2891
934,1998,9,6146,5251,895
934,1998,10,6158,3251,2907
934,1998,11,6167,5651,516
934,1998,12,6165,5506,659
935,1996,12,500,0,500
935,1997,1,3177,0,3177
935,1997,2,3177,0,3177
935,1997,3,3177,0,3177
935,1997,4,3177,0,3177
935,1997,5,3215,2133,1082
935,1997,6,3239,2793,446
935,1997,7,3241,2133,1108
935,1997,8,3246,2343,903
935,1997,9,3250,2133,1117
935,1997,10,3254,2633,621
935,1997,11,3257,2133,1124
935,1997,12,3257,5083,-1826
935,1998,1,3249,5073,-1824
935,1998,2,3243,3513,-270
935,1998,3,3245,2133,1112
935,1998,4,3250,2133,1117
935,1998,5,3246,6733,-3487
935,1998,6,3236,3993,-757
935,1998,7,3237,2133,1104
935,1998,8,3235,5133,-1898
935,1998,9,3233,2523,710
935,1998,10,3236,2133,1103
935,1998,11,3241,2133,1108
935,1998,12,3245,2418,827
936,1996,3,5222,0,5222
936,1996,4,4529,0,4529
936,1996,5,4529,0,4529
936,1996,6,4529,0,4529
936,1996,7,4570,2879,1691
936,1996,8,4597,3019,1578
936,1996,9,4601,6779,-2178
936,1996,10,4594,3019,1575
936,1996,11,4601,3519,1082
936,1996,12,4605,3769,836
936,1997,1,4593,14129,-9536
936,1997,2,4569,3019,1550
936,1997,3,4575,3619,956
936,1997,4,4580,3019,1561
936,1997,5,4586,3019,1567
936,1997,6,4586,5469,-883
936,1997,7,4582,6699,-2117
936,1997,8,4569,6699,-2130
936,1997,9,4565,5739,-1174
936,1997,10,4566,3019,1547
936,1997,11,4573,3019,1554
936,1997,12,4578,3619,959
936,1998,1,4564,8269,-3705
936,1998,2,4565,4139,426
936,1998,3,4569,3419,1150
936,1998,4,4573,3899,674
936,1998,5,4577,3019,1558
936,1998,6,4583,3019,1564
936,1998,7,4590,3019,1571
936,1998,8,4597,3019,1578
936,1998,9,4589,6619,-2030
936,1998,10,4595,3019,1576
936,1998,11,4601,3579,1022
936,1998,12,4600,4354,246
937,1995,8,900,0,900
937,1995,9,4435,0,4435
937,1995,10,4435,0,4435
937,1995,11,4435,0,4435
937,1995,12,4435,0,4435
937,1996,1,4478,10836,-6358
937,1996,2,4492,1766,2726
937,1996,3,4504,1766,2738
937,1996,4,4515,1766,2749
937,1996,5,4527,1766,2761
937,1996,6,4525,7266,-2741
937,1996,7,4527,2406,2121
937,1996,8,4533,5886,-1353
937,1996,9,4530,1766,2764
937,1996,10,4541,2886,1655
937,1996,11,4547,3046,1501
937,1996,12,4553,2616,1937
937,1997,1,4548,12106,-7558
937,1997,2,4531,1766,2765
937,1997,3,4537,4866,-329
937,1997,4,4535,4866,-331
937,1997,5,4530,6666,-2136
937,1997,6,4524,9366,-4842
937,1997,7,4507,3466,1041
937,1997,8,4512,3606,906
937,1997,9,4516,3446,1070
937,1997,10,4523,1766,2757
937,1997,11,4534,2266,2268
937,1997,12,4544,2016,2528
937,1998,1,4535,11646,-7111
937,1998,2,4524,2566,1958
937,1998,3,4527,4566,-39
937,1998,4,4533,1766,2767
937,1998,5,4544,2566,1978
937,1998,6,4542,9386,-4844
937,1998,7,4533,1766,2767
937,1998,8,4541,5606,-1065
937,1998,9,4536,4566,-30
937,1998,10,4541,1966,2575
937,1998,11,4550,1766,2784
937,1998,12,4561,2451,2110
938,1997,12,700,0,700
938,1998,1,17570,0,17570
938,1998,2,6615,0,6615
938,1998,3,5028,4300,728
938,1998,4,5242,0,5242
938,1998,5,5053,4515,538
938,1998,6,9831,3668,6163
938,1998,7,5077,5268,-191
938,1998,8,5066,11048,-5982
938,1998,9,5056,3868,1188
938,1998,10,7568,3668,3900
938,1998,11,5069,5968,-899
938,1998,12,7924,13773,-5849
939,1994,10,4279,0,4279
939,1994,11,3181,0,3181
939,1994,12,3181,0,3181
939,1995,1,3181,0,3181
939,1995,2,3209,2123,1086
939,1995,3,3228,2123,1105
939,1995,4,3233,2123,1110
939,1995,5,3237,2123,1114
939,1995,6,3236,5033,-1797
939,1995,7,3235,2123,1112
939,1995,8,3239,2483,756
939,1995,9,3242,2123,1119
939,1995,10,3247,2513,734
939,1995,11,3250,4793,-1543
939,1995,12,3242,2753,489
939,1996,1,3241,5513,-2272
939,1996,2,3236,2423,813
939,1996,3,3239,2123,1116
939,1996,4,3244,2123,1121
939,1996,5,3249,2123,1126
939,1996,6,3250,5243,-1993
939,1996,7,3245,2123,1122
939,1996,8,3250,4223,-973
939,1996,9,3246,2123,1123
939,1996,10,3247,3923,-676
939,1996,11,3247,2123,1124
939,1996,12,3252,2333,919
939,1997,1,3251,8213,-4962
939,1997,2,3235,2123,1112
939,1997,3,3240,2123,1117
939,1997,4,3244,2123,1121
939,1997,5,3249,2123,1126
939,1997,6,3233,9623,-6390
939,1997,7,3227,2123,1104
939,1997,8,3232,2123,1109
939,1997,9,3236,3233,3
939,1997,10,3236,2123,1113
939,1997,11,3241,2123,1118
939,1997,12,3243,3443,-200
939,1998,1,3238,6983,-3745
939,1998,2,3229,2123,1106
939,1998,3,3233,2123,1110
939,1998,4,3238,2123,1115
939,1998,5,3242,3773,-531
939,1998,6,3236,3923,-687
939,1998,7,3237,2633,604
939,1998,8,3238,3053,185
939,1998,9,3241,2123,1118
939,1998,10,3243,3203,40
939,1998,11,3245,2123,1122
939,1998,12,3250,2558,692
940,1994,11,300,0,300
940,1994,12,56850,16100,40750
940,1995,1,38034,27100,10934
940,1995,2,38064,33500,4564
940,1995,3,38083,33200,4883
940,1995,4,38078,50075,-11997
940,1995,5,38038,39615,-1577
940,1995,6,56990,44639,12351
940,1995,7,38051,52272,-14221
940,1995,8,38065,24615,13450
940,1995,9,38088,42915,-4827
940,1995,10,38158,30115,8043
940,1995,11,38140,26115,12025
940,1995,12,57073,52715,4358
940,1996,1,38184,29515,8669
940,1996,2,38231,26315,11916
940,1996,3,38098,95729,-57631
940,1996,4,38101,5015,33086
940,1996,5,38205,18315,19890
940,1996,6,57097,87550,-30453
940,1996,7,38154,25740,12414
940,1996,8,38140,59019,-20879
940,1996,9,42611,32149,10462
940,1996,10,38091,69952,-31861
940,1996,11,46060,32086,13974
940,1996,12,57807,6553,51254
940,1997,1,38199,69153,-30954
940,1997,2,38189,13353,24836
940,1997,3,38220,34553,3667
940,1997,4,38235,30393,7842
940,1997,5,38167,76053,-37886
940,1997,6,57023,64753,-7730
940,1997,7,38062,41224,-3162
940,1997,8,38158,24053,14105
940,1997,9,40269,59753,-19484
940,1997,10,38123,23753,14370
940,1997,11,38189,26653,11536
940,1997,12,57035,73053,-16018
940,1998,1,38126,28753,9373
940,1998,2,38205,26553,11652
940,1998,3,49018,78663,-29645
940,1998,4,38129,19653,18476
940,1998,5,38209,20953,17256
940,1998,6,59946,90553,-30607
940,1998,7,38149,19553,18596
940,1998,8,40422,58725,-18303
940,1998,9,38121,29053,9068
940,1998,10,38179,27253,10926
940,1998,11,38202,36202,2000
940,1998,12,57172,27838,29334
941,1994,6,8932,0,8932
941,1994,7,15682,0,15682
941,1994,8,8430,0,8430
941,1994,9,5953,2200,3753
941,1994,10,5960,5715,245
941,1994,11,5954,8086,-2132
941,1994,12,8846,10826,-1980
941,1995,1,5897,25246,-19349
941,1995,2,12584,3886,8698
941,1995,3,8009,3886,4123
941,1995,4,5922,3886,2036
941,1995,5,5921,6986,-1065
941,1995,6,8820,12506,-3686
941,1995,7,6690,11926,-5236
941,1995,8,6085,5566,519
941,1995,9,5885,5586,299
941,1995,10,5888,6486,-598
941,1995,11,5876,9346,-3470
941,1995,12,9883,5486,4397
941,1996,1,7469,13366,-5897
941,1996,2,8969,3886,5083
941,1996,3,5888,6106,-218
941,1996,4,5888,5986,-98
941,1996,5,6288,3886,2402
941,1996,6,8799,9686,-887
941,1996,7,5892,9186,-3294
941,1996,8,5878,7126,-1248
941,1996,9,5874,5486,388
941,1996,10,5873,7886,-2013
941,1996,11,5866,6586,-720
941,1996,12,8772,8386,386
941,1997,1,5863,6806,-943
941,1997,2,5863,3886,1977
941,1997,3,5867,7586,-1719
941,1997,4,5864,3886,1978
941,1997,5,5872,3886,1986
941,1997,6,8780,13286,-4506
941,1997,7,5862,3886,1976
941,1997,8,5870,3886,1984
941,1997,9,5878,3886,1992
941,1997,10,5880,8086,-2206
941,1997,11,5877,3886,1991
941,1997,12,8790,7886,904
941,1998,1,5875,11086,-5211
941,1998,2,5867,3886,1981
941,1998,3,5876,3886,1990
941,1998,4,5884,3886,1998
941,1998,5,5890,7126,-1236
941,1998,6,8798,3886,4912
941,1998,7,5907,3886,2021
941,1998,8,5913,9286,-3373
941,1998,9,5901,3886,2015
941,1998,10,5897,8446,-2549
941,1998,11,5899,3886,2013
941,1998,12,8816,6711,2105
942,1993,8,1403,0,1403
942,1993,9,10629,0,10629
942,1993,10,7866,15,7851
942,1993,11,3991,15,3976
942,1993,12,2003,515,1488
942,1994,1,7781,17315,-9534
942,1994,2,7081,15,7066
942,1994,3,2099,15,2084
942,1994,4,26610,15665,10945
942,1994,5,1538,6915,-5377
942,1994,6,1522,3815,-2293
942,1994,7,10125,6915,3210
942,1994,8,1527,2615,-1088
942,1994,9,1516,4515,-2999
942,1994,10,1507,4015,-2508
942,1994,11,2308,15,2293
942,1994,12,1500,6015,-4515
942,1995,1,4645,13515,-8870
942,1995,2,3363,15,3348
942,1995,3,1473,415,1058
942,1995,4,3784,15,3769
942,1995,5,2396,15,2381
942,1995,6,1495,4715,-3220
942,1995,7,1486,1915,-429
942,1995,8,30641,815,29826
942,1995,9,1582,13015,-11433
942,1995,10,1543,11115,-9572
942,1995,11,1515,5515,-4000
942,1995,12,1501,4615,-3114
942,1996,1,2463,11165,-8702
942,1996,2,3063,15,3048
942,1996,3,5175,3215,1960
942,1996,4,1477,1215,262
942,1996,5,1473,3915,-2442
942,1996,6,38096,15,38081
942,1996,7,1578,28415,-26837
942,1996,8,47135,31115,16020
942,1996,9,1579,16315,-14736
942,1996,10,1520,6615,-5095
942,1996,11,1499,5415,-3916
942,1996,12,1480,4415,-2935
942,1997,1,1966,3915,-1949
942,1997,2,1461,2265,-804
942,1997,3,1661,15,1646
942,1997,4,1465,1365,100
942,1997,5,1468,215,1253
942,1997,6,4475,15,4460
942,1997,7,2079,3865,-1786
942,1997,8,5188,15,5173
942,1997,9,5107,1065,4042
942,1997,10,2023,15,2008
942,1997,11,2432,15,2417
942,1997,12,49812,25265,24547
942,1998,1,1608,16515,-14907
942,1998,2,1577,3515,-1938
942,1998,3,1564,6615,-5051
942,1998,4,1549,2115,-566
942,1998,5,2146,3015,-869
942,1998,6,6828,10615,-3787
942,1998,7,4935,15,4920
942,1998,8,4455,15,4440
942,1998,9,31201,17015,14186
942,1998,10,1610,9815,-8205
942,1998,11,1592,9815,-8223
942,1998,12,37994,2100,35894
943,1993,2,4031,0,4031
943,1993,3,3234,0,3234
943,1993,4,3234,0,3234
943,1993,5,3234,0,3234
943,1993,6,3273,3149,124
943,1993,7,3278,2159,1119
943,1993,8,3283,2159,1124
943,1993,9,3288,2159,1129
943,1993,10,3292,2159,1133
943,1993,11,3294,3239,55
943,1993,12,3296,2789,507
943,1994,1,3292,6179,-2887
943,1994,2,3287,2159,1128
943,1994,3,3288,3899,-611
943,1994,4,3290,2159,1131
943,1994,5,3293,2789,504
943,1994,6,3296,2159,1137
943,1994,7,3301,2159,1142
943,1994,8,3306,2159,1147
943,1994,9,3304,4609,-1305
943,1994,10,3305,2159,1146
943,1994,11,3310,2159,1151
943,1994,12,3313,3429,-116
943,1995,1,3304,6299,-2995
943,1995,2,3301,2669,632
943,1995,3,3304,2159,1145
943,1995,4,3307,2819,488
943,1995,5,3310,2729,581
943,1995,6,3286,10829,-7543
943,1995,7,3277,3629,-352
943,1995,8,3280,2159,1121
943,1995,9,3285,2159,1126
943,1995,10,3290,2159,1131
943,1995,11,3294,3089,205
943,1995,12,3295,2339,956
943,1996,1,3288,6389,-3101
943,1996,2,3284,2939,345
943,1996,3,3288,2159,1129
943,1996,4,3292,2159,1133
943,1996,5,3296,3509,-213
943,1996,6,3292,5939,-2647
943,1996,7,3285,2159,1126
943,1996,8,3290,2159,1131
943,1996,9,3294,2159,1135
943,1996,10,3299,2159,1140
943,1996,11,3304,2159,1145
943,1996,12,3305,3659,-354
943,1997,1,3298,5879,-2581
943,1997,2,3296,2159,1137
943,1997,3,3301,2159,1142
943,1997,4,3302,3599,-297
943,1997,5,3304,2159,1145
943,1997,6,3304,5849,-2545
943,1997,7,3298,2159,1139
943,1997,8,3303,2309,994
943,1997,9,3307,2159,1148
943,1997,10,3312,2159,1153
943,1997,11,3316,2159,1157
943,1997,12,3320,2789,531
943,1998,1,3313,6599,-3286
943,1998,2,3309,2159,1150
943,1998,3,3314,2159,1155
943,1998,4,3319,2159,1160
943,1998,5,3324,2159,1165
943,1998,6,3323,4439,-1116
943,1998,7,3324,2159,1165
943,1998,8,3328,3239,89
943,1998,9,3329,3389,-60
943,1998,10,3327,3149,178
943,1998,11,3328,2759,569
943,1998,12,3330,3464,-134
944,1993,3,17483,0,17483
944,1993,4,20665,0,20665
944,1993,5,17112,8900,8212
944,1993,6,25627,11500,14127
944,1993,7,17173,18715,-1542
944,1993,8,17160,18796,-1636
944,1993,9,17143,21176,-4033
944,1993,10,17113,26536,-9423
944,1993,11,17119,12476,4643
944,1993,12,25600,21156,4444
944,1994,1,17097,44336,-27239
944,1994,2,17469,5376,12093
944,1994,3,17107,8876,8231
944,1994,4,17112,21136,-4024
944,1994,5,17112,12176,4936
944,1994,6,25596,20616,4980
944,1994,7,17112,32476,-15364
944,1994,8,17113,17276,-163
944,1994,9,17112,17076,36
944,1994,10,17112,13576,3536
944,1994,11,17123,15916,1207
944,1994,12,25609,21936,3673
944,1995,1,18987,31856,-12869
944,1995,2,17089,13176,3913
944,1995,3,17097,15036,2061
944,1995,4,17108,19816,-2708
944,1995,5,17103,16676,427
944,1995,6,25591,20476,5115
944,1995,7,17124,16256,868
944,1995,8,17129,14076,3053
944,1995,9,17138,18336,-1198
944,1995,10,17137,13336,3801
944,1995,11,17149,14776,2373
944,1995,12,25628,22216,3412
944,1996,1,17143,24656,-7513
944,1996,2,17142,12976,4166
944,1996,3,17157,14976,2181
944,1996,4,17161,15896,1265
944,1996,5,17169,15776,1393
944,1996,6,25609,27016,-1407
944,1996,7,17167,15576,1591
944,1996,8,17168,20236,-3068
944,1996,9,17156,16096,1060
944,1996,10,17148,18756,-1608
944,1996,11,17145,20276,-3131
944,1996,12,25617,22976,2641
944,1997,1,17105,38356,-21251
944,1997,2,17071,10676,6395
944,1997,3,17094,13576,3518
944,1997,4,17102,15876,1226
944,1997,5,17103,17676,-573
944,1997,6,25568,26976,-1408
944,1997,7,17084,22016,-4932
944,1997,8,17078,14676,2402
944,1997,9,17081,16876,205
944,1997,10,17088,16016,1072
944,1997,11,17090,19456,-2366
944,1997,12,25558,19216,6342
944,1998,1,17081,27436,-10355
944,1998,2,17063,13876,3187
944,1998,3,17077,14376,2701
944,1998,4,17081,16476,605
944,1998,5,17082,20016,-2934
944,1998,6,25539,22076,3463
944,1998,7,17086,15576,1510
944,1998,8,17098,13376,3722
944,1998,9,17095,18676,-1581
944,1998,10,17077,25316,-8239
944,1998,11,17091,6676,10415
944,1998,12,25594,16581,9013
945,1996,8,600,0,600
945,1996,9,31725,0,31725
945,1996,10,135,1500,-1365
945,1996,11,36783,21700,15083
945,1996,12,22585,10900,11685
945,1997,1,240,14500,-14260
945,1997,2,240,9200,-8960
945,1997,3,240,3400,-3160
945,1997,4,27727,3400,24327
945,1997,5,231,13900,-13669
945,1997,6,231,10400,-10169
945,1997,7,231,4700,-4469
945,1997,8,231,400,-169
945,1997,9,2631,0,2631
945,1997,10,1631,0,1631
945,1997,11,5231,0,5231
945,1997,12,231,100,131
945,1998,1,231,1800,-1569
945,1998,2,231,3400,-3169
945,1998,3,34312,30375,3937
945,1998,4,41385,17530,23855
945,1998,5,23534,19230,4304
945,1998,6,209,24350,-24141
945,1998,7,64405,13630,50775
945,1998,8,269,32620,-32351
945,1998,9,207,14030,-13823
945,1998,10,160,8830,-8670
945,1998,11,3937,8230,-4293
945,1998,12,3517,8215,-4698
946,1996,1,21440,0,21440
946,1996,2,17564,0,17564
946,1996,3,17666,18300,-634
946,1996,4,17636,13300,4336
946,1996,5,17662,18615,-953
946,1996,6,26388,19315,7073
946,1996,7,17677,21715,-4038
946,1996,8,17661,20115,-2454
946,1996,9,17654,13015,4639
946,1996,10,17716,20315,-2599
946,1996,11,17692,20415,-2723
946,1996,12,26411,19115,7296
946,1997,1,17698,25815,-8117
946,1997,2,17666,21215,-3549
946,1997,3,17630,18115,-485
946,1997,4,17631,13815,3816
946,1997,5,17643,18115,-472
946,1997,6,26384,20615,5769
946,1997,7,17662,21015,-3353
946,1997,8,17647,21915,-4268
946,1997,9,17661,21415,-3754
946,1997,10,17616,19615,-1999
946,1997,11,17624,19115,-1491
946,1997,12,26370,23715,2655
946,1998,1,17625,30115,-12490
946,1998,2,17587,19215,-1628
946,1998,3,17565,11215,6350
946,1998,4,17611,16315,1296
946,1998,5,17587,17715,-128
946,1998,6,26336,19115,7221
946,1998,7,17611,20715,-3104
946,1998,8,17603,18015,-412
946,1998,9,17606,15415,2191
946,1998,10,17611,17315,296
946,1998,11,17619,14115,3504
946,1998,12,26366,29600,-3234
947,1993,5,1100,0,1100
947,1993,6,14283,0,14283
947,1993,7,6512,0,6512
947,1993,8,4131,1600,2531
947,1993,9,4145,100,4045
947,1993,10,4147,6561,-2414
947,1993,11,4949,2704,2245
947,1993,12,6155,11224,-5069
947,1994,1,9507,16264,-6757
947,1994,2,8519,2704,5815
947,1994,3,4131,3404,727
947,1994,4,4127,5604,-1477
947,1994,5,4125,4104,21
947,1994,6,6145,4904,1241
947,1994,7,4131,3504,627
947,1994,8,4116,10384,-6268
947,1994,9,8222,2704,5518
947,1994,10,6139,2704,3435
947,1994,11,4137,5904,-1767
947,1994,12,6156,5424,732
947,1995,1,6902,18304,-11402
947,1995,2,6403,2704,3699
947,1995,3,4107,3704,403
947,1995,4,4112,2804,1308
947,1995,5,4108,5504,-1396
947,1995,6,6128,5224,904
947,1995,7,4113,3604,509
947,1995,8,4104,6404,-2300
947,1995,9,4088,8624,-4536
947,1995,10,4089,2704,1385
947,1995,11,4089,4104,-15
947,1995,12,8714,7344,1370
947,1996,1,4594,5944,-1350
947,1996,2,5794,6184,-390
947,1996,3,5397,2704,2693
947,1996,4,7014,2704,4310
947,1996,5,4114,5204,-1090
947,1996,6,6139,5484,655
947,1996,7,6021,2704,3317
947,1996,8,5035,2704,2331
947,1996,9,4143,3604,539
947,1996,10,5947,2704,3243
947,1996,11,4159,3304,855
947,1996,12,6169,9984,-3815
947,1997,1,13624,17584,-3960
947,1997,2,10234,2704,7530
947,1997,3,5763,2704,3059
947,1997,4,4174,2804,1370
947,1997,5,7280,5704,1576
947,1997,6,7207,5104,2103
947,1997,7,6698,2704,3994
947,1997,8,8717,2704,6013
947,1997,9,7531,7384,147
947,1997,10,5038,2704,2334
947,1997,11,9052,3784,5268
947,1997,12,9494,7024,2470
947,1998,1,16526,26144,-9618
947,1998,2,9346,2704,6642
947,1998,3,6162,4864,1298
947,1998,4,4270,4204,66
947,1998,5,5975,2704,3271
947,1998,6,25340,39664,-14324
947,1998,7,9835,2704,7131
947,1998,8,4254,3404,850
947,1998,9,4247,11124,-6877
947,1998,10,8534,6184,2350
947,1998,11,7646,2704,4942
947,1998,12,6268,8769,-2501
949,1996,2,700,0,700
949,1996,3,19249,0,19249
949,1996,4,13300,6700,6600
949,1996,5,13322,9200,4122
949,1996,6,19941,15400,4541
949,1996,7,13344,14615,-1271
949,1996,8,13279,38327,-25048
949,1996,9,13259,17247,-3988
949,1996,10,14364,15,14349
949,1996,11,13307,17215,-3908
949,1996,12,19865,24915,-5050
949,1997,1,16246,27015,-10769
949,1997,2,21269,16,21253
949,1997,3,13300,13915,-615
949,1997,4,15033,15,15018
949,1997,5,13378,3915,9463
949,1997,6,19979,49007,-29028
949,1997,7,21520,7515,14005
949,1997,8,13366,1315,12051
949,1997,9,13421,6115,7306
949,1997,10,13417,10015,3402
949,1997,11,13438,14015,-577
949,1997,12,20041,13815,6226
949,1998,1,13403,33815,-20412
949,1998,2,13400,12115,1285
949,1998,3,16917,3315,13602
949,1998,4,13437,9815,3622
949,1998,5,13440,11715,1725
949,1998,6,20070,12215,7855
949,1998,7,13421,31152,-17731
949,1998,8,13441,9515,3926
949,1998,9,13418,11815,1603
949,1998,10,13471,9015,4456
949,1998,11,13443,9315,4128
949,1998,12,20060,30295,-10235
950,1993,8,200,0,200
950,1993,9,20208,0,20208
950,1993,10,19688,6500,13188
950,1993,11,19735,14700,5035
950,1993,12,29557,19500,10057
950,1994,1,19790,26635,-6845
950,1994,2,19779,26265,-6486
950,1994,3,19761,18925,836
950,1994,4,19762,20025,-263
950,1994,5,19764,16625,3139
950,1994,6,29571,29325,246
950,1994,7,19769,22625,-2856
950,1994,8,19750,22265,-2515
950,1994,9,19745,25085,-5340
950,1994,10,19739,11325,8414
950,1994,11,19756,21825,-2069
950,1994,12,29571,21325,8246
950,1995,1,19743,27845,-8102
950,1995,2,19763,12125,7638
950,1995,3,19792,14625,5167
950,1995,4,19803,19125,678
950,1995,5,19807,19025,782
950,1995,6,33048,42045,-8997
950,1995,7,19789,10625,9164
950,1995,8,19818,14625,5193
950,1995,9,19836,15925,3911
950,1995,10,19850,23525,-3675
950,1995,11,19836,17925,1911
950,1995,12,29656,21425,8231
950,1996,1,19865,19925,-60
950,1996,2,19866,19525,341
950,1996,3,19856,21525,-1669
950,1996,4,19871,15125,4746
950,1996,5,19891,15225,4666
950,1996,6,29653,57485,-27832
950,1996,7,25126,8925,16201
950,1996,8,19867,12825,7042
950,1996,9,19893,14325,5568
950,1996,10,19900,19025,875
950,1996,11,20519,13245,7274
950,1996,12,29759,23845,5914
950,1997,1,19933,28785,-8852
950,1997,2,19938,11925,8013
950,1997,3,19972,12525,7447
950,1997,4,20000,12825,7175
950,1997,5,20026,14425,5601
950,1997,6,29699,85325,-55626
950,1997,7,40203,8925,31278
950,1997,8,23777,8925,14852
950,1997,9,20012,14825,5187
950,1997,10,20010,20625,-615
950,1997,11,20032,12725,7307
950,1997,12,29667,87125,-57458
950,1998,1,48703,23645,25058
950,1998,2,26962,8925,18037
950,1998,3,20006,17785,2221
950,1998,4,20008,13925,6083
950,1998,5,20035,13425,6610
950,1998,6,29697,79785,-50088
950,1998,7,43831,9625,34206
950,1998,8,22812,11125,11687
950,1998,9,20060,11725,8335
950,1998,10,46129,68925,-22796
950,1998,11,30385,13965,16420
950,1998,12,29767,52110,-22343
951,1996,4,1100,0,1100
951,1996,5,4479,0,4479
951,1996,6,4479,0,4479
951,1996,7,4479,0,4479
951,1996,8,4479,0,4479
951,1996,9,4541,2386,2155
951,1996,10,4561,7026,-2465
951,1996,11,4568,2386,2182
951,1996,12,4571,3686,885
951,1997,1,4559,12656,-8097
951,1997,2,4540,5346,-806
951,1997,3,4538,2386,2152
951,1997,4,4543,5666,-1123
951,1997,5,4542,3506,1036
951,1997,6,4542,4136,406
951,1997,7,4549,2386,2163
951,1997,8,4558,2386,2172
951,1997,9,4564,4546,18
951,1997,10,4567,2386,2181
951,1997,11,4576,2386,2190
951,1997,12,4585,2836,1749
951,1998,1,4568,13296,-8728
951,1998,2,4561,2386,2175
951,1998,3,4571,2386,2185
951,1998,4,4580,2386,2194
951,1998,5,4583,2386,2197
951,1998,6,4581,8826,-4245
951,1998,7,4569,4626,-57
951,1998,8,4566,9826,-5260
951,1998,9,4552,2386,2166
951,1998,10,4556,6066,-1510
951,1998,11,4555,2386,2169
951,1998,12,4562,3371,1191
952,1997,11,400,0,400
952,1997,12,19184,0,19184
952,1998,1,11388,4100,7288
952,1998,2,11420,3600,7820
952,1998,3,11438,8000,3438
952,1998,4,11448,9261,2187
952,1998,5,11450,11661,-211
952,1998,6,17072,34361,-17289
952,1998,7,11394,10561,833
952,1998,8,11393,8261,3132
952,1998,9,13024,4961,8063
952,1998,10,13056,7161,5895
952,1998,11,12175,8261,3914
952,1998,12,18357,7846,10511
953,1995,7,400,0,400
953,1995,8,11247,0,11247
953,1995,9,8592,0,8592
953,1995,10,5022,0,5022
953,1995,11,3032,4800,-1768
953,1995,12,3634,15,3619
953,1996,1,3036,6588,-3552
953,1996,2,4828,3618,1210
953,1996,3,3031,3668,-637
953,1996,4,3028,3738,-710
953,1996,5,7036,1968,5068
953,1996,6,3044,4368,-1324
953,1996,7,3042,2968,74
953,1996,8,3746,1968,1778
953,1996,9,4150,3228,922
953,1996,10,3355,2778,577
953,1996,11,7870,1968,5902
953,1996,12,3075,4878,-1803
953,1997,1,5873,5088,785
953,1997,2,4479,3048,1431
953,1997,3,4688,1968,2720
953,1997,4,3793,3258,535
953,1997,5,3092,4168,-1076
953,1997,6,3192,2478,714
953,1997,7,3089,4468,-1379
953,1997,8,4193,1968,2225
953,1997,9,3083,7478,-4395
953,1997,10,3071,5068,-1997
953,1997,11,3068,3878,-810
953,1997,12,6479,2568,3911
953,1998,1,3280,5088,-1808
953,1998,2,3072,3568,-496
953,1998,3,3065,5168,-2103
953,1998,4,4873,1968,2905
953,1998,5,3075,3318,-243
953,1998,6,3975,4338,-363
953,1998,7,3071,3468,-397
953,1998,8,3067,4178,-1111
953,1998,9,3061,4668,-1607
953,1998,10,3464,1968,1496
953,1998,11,3061,4368,-1307
953,1998,12,3040,9003,-5963
954,1996,1,6340,0,6340
954,1996,2,14889,0,14889
954,1996,3,7130,0,7130
954,1996,4,5441,4900,541
954,1996,5,5450,2515,2935
954,1996,6,8119,5920,2199
954,1996,7,5453,9440,-3987
954,1996,8,6152,6760,-608
954,1996,9,5850,3520,2330
954,1996,10,5960,3520,2440
954,1996,11,5466,4020,1446
954,1996,12,8124,9800,-1676
954,1997,1,6747,18600,-11853
954,1997,2,11338,3520,7818
954,1997,3,7457,3520,3937
954,1997,4,5458,8900,-3442
954,1997,5,10871,3520,7351
954,1997,6,8352,4600,3752
954,1997,7,8007,5020,2987
954,1997,8,5508,7940,-2432
954,1997,9,7689,8560,-871
954,1997,10,7884,8320,-436
954,1997,11,5494,5820,-326
954,1997,12,8159,9320,-1161
954,1998,1,15231,27840,-12609
954,1998,2,9738,3520,6218
954,1998,3,5462,5220,242
954,1998,4,5464,3620,1844
954,1998,5,5469,6420,-951
954,1998,6,8134,4220,3914
954,1998,7,5467,11300,-5833
954,1998,8,5456,6620,-1164
954,1998,9,5446,10720,-5274
954,1998,10,5430,5120,310
954,1998,11,7936,3520,4416
954,1998,12,8108,7505,603
955,1996,7,400,0,400
955,1996,8,28755,0,28755
955,1996,9,14018,2800,11218
955,1996,10,14048,8100,5948
955,1996,11,14063,11000,3063
955,1996,12,21023,13995,7028
955,1997,1,14030,45386,-31356
955,1997,2,15790,7426,8364
955,1997,3,14013,9426,4587
955,1997,4,14020,13026,994
955,1997,5,14014,16126,-2112
955,1997,6,20932,23566,-2634
955,1997,7,13983,19266,-5283
955,1997,8,13995,9326,4669
955,1997,9,13996,14826,-830
955,1997,10,13993,18626,-4633
955,1997,11,14003,18526,-4523
955,1997,12,20927,17266,3661
955,1998,1,17339,26786,-9447
955,1998,2,16656,7426,9230
955,1998,3,15190,8506,6684
955,1998,4,14020,15726,-1706
955,1998,5,14012,15426,-1414
955,1998,6,20959,14526,6433
955,1998,7,14026,18566,-4540
955,1998,8,14014,15306,-1292
955,1998,9,14009,10526,3483
955,1998,10,14022,11526,2496
955,1998,11,14035,8326,5709
955,1998,12,21009,8691,12318
956,1993,12,1504,0,1504
956,1994,1,12338,0,12338
956,1994,2,6773,0,6773
956,1994,3,4496,0,4496
956,1994,4,1199,4115,-2916
956,1994,5,36247,1865,34382
956,1994,6,1253,25665,-24412
956,1994,7,16175,5215,10960
956,1994,8,1265,8315,-7050
956,1994,9,1239,6415,-5176
956,1994,10,2125,5365,-3240
956,1994,11,1315,15,1300
956,1994,12,1219,2315,-1096
956,1995,1,7495,17565,-10070
956,1995,2,13489,15,13474
956,1995,3,1831,15,1816
956,1995,4,1238,215,1023
956,1995,5,1242,1815,-573
956,1995,6,10403,14215,-3812
956,1995,7,5926,1265,4661
956,1995,8,1244,1565,-321
956,1995,9,3144,15,3129
956,1995,10,1253,3015,-1762
956,1995,11,27935,15965,11970
956,1995,12,1290,9915,-8625
956,1996,1,40369,34865,5504
956,1996,2,1280,4915,-3635
956,1996,3,4071,4815,-744
956,1996,4,2668,15,2653
956,1996,5,36377,3415,32962
956,1996,6,6244,41415,-35171
956,1996,7,1469,15,1454
956,1996,8,4279,15,4264
956,1996,9,1287,3615,-2328
956,1996,10,2685,315,2370
956,1996,11,3096,15,3081
956,1996,12,1296,5515,-4219
956,1997,1,12552,25965,-13413
956,1997,2,9646,2315,7331
956,1997,3,4468,15,4453
956,1997,4,22423,11115,11308
956,1997,5,1314,7715,-6401
956,1997,6,9648,35015,-25367
956,1997,7,9512,15,9497
956,1997,8,5945,15,5930
956,1997,9,4766,15,4751
956,1997,10,3472,3865,-393
956,1997,11,21964,1615,20349
956,1997,12,1336,11115,-9779
956,1998,1,1296,11415,-10119
956,1998,2,1275,2215,-940
956,1998,3,2376,15,2361
956,1998,4,1284,2465,-1181
956,1998,5,1375,2465,-1090
956,1998,6,11850,30315,-18465
956,1998,7,15633,15,15618
956,1998,8,13488,15,13473
956,1998,9,10737,15,10722
956,1998,10,16150,15,16135
956,1998,11,1407,12315,-10908
956,1998,12,15973,13000,2973
957,1995,12,500,0,500
957,1996,1,13610,0,13610
957,1996,2,3853,0,3853
957,1996,3,3369,0,3369
957,1996,4,3281,1100,2181
957,1996,5,3289,2741,548
957,1996,6,3280,14751,-11471
957,1996,7,5949,2441,3508
957,1996,8,3259,2441,818
957,1996,9,3864,2141,1723
957,1996,10,3267,3821,-554
957,1996,11,4163,4481,-318
957,1996,12,3767,2741,1026
957,1997,1,6564,7331,-767
957,1997,2,6073,2141,3932
957,1997,3,3284,2141,1143
957,1997,4,3288,2541,747
957,1997,5,3993,2141,1852
957,1997,6,3283,13641,-10358
957,1997,7,7266,2741,4525
957,1997,8,3876,2141,1735
957,1997,9,3480,3071,409
957,1997,10,3277,4811,-1534
957,1997,11,4882,2141,2741
957,1997,12,3277,6921,-3644
957,1998,1,3252,10141,-6889
957,1998,2,5150,2921,2229
957,1998,3,3253,2441,812
957,1998,4,4359,2891,1468
957,1998,5,6168,3491,2677
957,1998,6,3260,8331,-5071
957,1998,7,3253,4641,-1388
957,1998,8,5053,2411,2642
957,1998,9,3246,6141,-2895
957,1998,10,3236,5741,-2505
957,1998,11,5745,2141,3604
957,1998,12,3245,4476,-1231
958,1996,6,6711,0,6711
958,1996,7,6519,0,6519
958,1996,8,6519,0,6519
958,1996,9,6519,0,6519
958,1996,10,6578,4005,2573
958,1996,11,6618,4005,2613
958,1996,12,6629,4955,1674
958,1997,1,6605,17575,-10970
958,1997,2,6590,4005,2585
958,1997,3,6601,4005,2596
958,1997,4,6604,7205,-601
958,1997,5,6609,4005,2604
958,1997,6,6601,10905,-4304
958,1997,7,6601,5605,996
958,1997,8,6606,4005,2601
958,1997,9,6617,5305,1312
958,1997,10,6620,6025,595
958,1997,11,6621,6085,536
958,1997,12,6628,4655,1973
958,1998,1,6615,15125,-8510
958,1998,2,6599,4005,2594
958,1998,3,6610,4505,2105
958,1998,4,6609,10565,-3956
958,1998,5,6601,6805,-204
958,1998,6,6596,12105,-5509
958,1998,7,6577,6205,372
958,1998,8,6575,9165,-2590
958,1998,9,6564,9305,-2741
958,1998,10,6557,5305,1252
958,1998,11,6561,5045,1516
958,1998,12,6564,6570,-6
959,1996,2,1000,0,1000
959,1996,3,4703,0,4703
959,1996,4,4703,0,4703
959,1996,5,4703,0,4703
959,1996,6,4726,1200,3526
959,1996,7,4781,15,4766
959,1996,8,4803,4374,429
959,1996,9,4804,6974,-2170
959,1996,10,4792,6174,-1382
959,1996,11,4789,4174,615
959,1996,12,4783,8374,-3591
959,1997,1,4777,3654,1123
959,1997,2,4783,2774,2009
959,1997,3,4790,3774,1016
959,1997,4,4788,7374,-2586
959,1997,5,4777,7174,-2397
959,1997,6,4771,4974,-203
959,1997,7,4766,6534,-1768
959,1997,8,4761,5774,-1013
959,1997,9,4761,3774,987
959,1997,10,4761,5374,-613
959,1997,11,4759,5274,-515
959,1997,12,4762,5574,-812
959,1998,1,4759,2774,1985
959,1998,2,4767,2774,1993
959,1998,3,4766,6874,-2108
959,1998,4,4764,3734,1030
959,1998,5,4771,2774,1997
959,1998,6,4779,2774,2005
959,1998,7,4785,5674,-889
959,1998,8,4782,3374,1408
959,1998,9,4790,2774,2016
959,1998,10,4798,2774,2024
959,1998,11,4806,3574,1232
959,1998,12,4801,5889,-1088
960,1994,11,40312,0,40312
960,1994,12,60314,9100,51214
960,1995,1,40401,70400,-29999
960,1995,2,40267,0,40267
960,1995,3,40316,61440,-21124
960,1995,4,40354,47149,-6795
960,1995,5,40254,68640,-28386
960,1995,6,60307,59911,396
960,1995,7,40228,48364,-8136
960,1995,8,40229,37393,2836
960,1995,9,40259,35991,4268
960,1995,10,40186,51518,-11332
960,1995,11,40183,38891,1292
960,1995,12,60195,60948,-753
960,1996,1,40151,54491,-14340
960,1996,2,40124,33703,6421
960,1996,3,40193,29091,11102
960,1996,4,40220,40386,-166
960,1996,5,40189,41143,-954
960,1996,6,60263,40491,19772
960,1996,7,40277,42391,-2114
960,1996,8,40239,51077,-10838
960,1996,9,40233,48536,-8303
960,1996,10,40192,33491,6701
960,1996,11,40216,43644,-3428
960,1996,12,60259,43191,17068
960,1997,1,40184,67991,-27807
960,1997,2,40181,23191,16990
960,1997,3,40243,33591,6652
960,1997,4,40261,33491,6770
960,1997,5,40248,45865,-5617
960,1997,6,60282,64191,-3909
960,1997,7,40245,48361,-8116
960,1997,8,40219,46733,-6514
960,1997,9,40202,23197,17005
960,1997,10,40260,27791,12469
960,1997,11,40305,35581,4724
960,1997,12,60306,64991,-4685
960,1998,1,40161,78908,-38747
960,1998,2,50939,49897,1042
960,1998,3,46005,24580,21425
960,1998,4,40209,37906,2303
960,1998,5,40231,31585,8646
960,1998,6,60252,72415,-12163
960,1998,7,40252,22691,17561
960,1998,8,40311,27089,13222
960,1998,9,40596,88563,-47967
960,1998,10,63882,9191,54691
960,1998,11,40383,34977,5406
960,1998,12,60383,70255,-9872
961,1997,10,300,0,300
961,1997,11,17189,0,17189
961,1997,12,20283,6100,14183
961,1998,1,13587,13200,387
961,1998,2,13584,15400,-1816
961,1998,3,13567,21970,-8403
961,1998,4,13536,19470,-5934
961,1998,5,13513,18870,-5357
961,1998,6,20239,16770,3469
961,1998,7,13514,16930,-3416
961,1998,8,13513,8270,5243
961,1998,9,13533,9710,3823
961,1998,10,13521,21230,-7709
961,1998,11,13519,8270,5249
961,1998,12,20284,12255,8029
962,1996,6,200,0,200
962,1996,7,21097,0,21097
962,1996,8,10972,2800,8172
962,1996,9,11005,4200,6805
962,1996,10,11024,11800,-776
962,1996,11,11005,30296,-19291
962,1996,12,16396,6315,10081
962,1997,1,19159,23115,-3956
962,1997,2,10978,3315,7663
962,1997,3,12982,17134,-4152
962,1997,4,10985,14928,-3943
962,1997,5,15490,15,15475
962,1997,6,16486,13915,2571
962,1997,7,11041,12115,-1074
962,1997,8,11032,13115,-2083
962,1997,9,11038,7015,4023
962,1997,10,15327,18793,-3466
962,1997,11,11011,25732,-14721
962,1997,12,16428,7515,8913
962,1998,1,12771,30315,-17544
962,1998,2,13863,15,13848
962,1998,3,10999,6515,4484
962,1998,4,11010,10115,895
962,1998,5,11022,6515,4507
962,1998,6,16462,25615,-9153
962,1998,7,11002,6815,4187
962,1998,8,11012,11287,-275
962,1998,9,10983,28669,-17686
962,1998,10,10917,19715,-8798
962,1998,11,10921,2915,8006
962,1998,12,16380,15000,1380
963,1996,8,500,0,500
963,1996,9,24887,0,24887
963,1996,10,18643,8700,9943
963,1996,11,18671,13200,5471
963,1996,12,27957,19400,8557
963,1997,1,18740,10475,8265
963,1997,2,18737,20914,-2177
963,1997,3,18783,28314,-9531
963,1997,4,18707,15314,3393
963,1997,5,18720,15714,3006
963,1997,6,28003,19214,8789
963,1997,7,18746,21814,-3068
963,1997,8,18747,18014,733
963,1997,9,18753,17114,1639
963,1997,10,18750,23474,-4724
963,1997,11,18722,19654,-932
963,1997,12,28020,19254,8766
963,1998,1,18755,32394,-13639
963,1998,2,18753,7534,11219
963,1998,3,18788,9714,9074
963,1998,4,18806,15314,3492
963,1998,5,18790,40414,-21624
963,1998,6,28052,23814,4238
963,1998,7,18785,18314,471
963,1998,8,18778,21654,-2876
963,1998,9,18769,15434,3335
963,1998,10,18786,16314,2472
963,1998,11,18796,14914,3882
963,1998,12,28092,8439,19653
964,1994,7,902,0,902
964,1994,8,12935,0,12935
964,1994,9,37133,0,37133
964,1994,10,692,10415,-9723
964,1994,11,658,6415,-5757
964,1994,12,643,3315,-2672
964,1995,1,624,4215,-3591
964,1995,2,612,3515,-2903
964,1995,3,2915,1015,1900
964,1995,4,605,3615,-3010
964,1995,5,41685,16715,24970
964,1995,6,585,36215,-35630
964,1995,7,10082,1215,8867
964,1995,8,5310,15,5295
964,1995,9,2225,15,2210
964,1995,10,3619,2915,704
964,1995,11,1632,15,1617
964,1995,12,639,1715,-1076
964,1996,1,1027,3915,-2888
964,1996,2,3223,15,3208
964,1996,3,635,815,-180
964,1996,4,634,715,-81
964,1996,5,632,2465,-1833
964,1996,6,3220,8215,-4995
964,1996,7,6509,615,5894
964,1996,8,3132,15,3117
964,1996,9,32834,16965,15869
964,1996,10,40654,27615,13039
964,1996,11,753,11415,-10662
964,1996,12,707,9415,-8708
964,1997,1,8682,8915,-233
964,1997,2,3083,915,2168
964,1997,3,2092,315,1777
964,1997,4,692,5315,-4623
964,1997,5,678,815,-137
964,1997,6,34065,28115,5950
964,1997,7,701,1715,-1014
964,1997,8,692,4515,-3823
964,1997,9,683,115,568
964,1997,10,2288,15,2273
964,1997,11,1897,15,1882
964,1997,12,701,2315,-1614
964,1998,1,33869,17415,16454
964,1998,2,758,3115,-2357
964,1998,3,7079,5415,1664
964,1998,4,759,1015,-256
964,1998,5,750,6215,-5465
964,1998,6,2325,14665,-12340
964,1998,7,4789,2065,2724
964,1998,8,2300,15,2285
964,1998,9,1505,1715,-210
964,1998,10,2408,365,2043
964,1998,11,1915,15,1900
964,1998,12,709,5900,-5191
965,1993,8,700,0,700
965,1993,9,14895,0,14895
965,1993,10,7553,0,7553
965,1993,11,4381,200,4181
965,1993,12,6534,6400,134
965,1994,1,4388,12568,-8180
965,1994,2,7368,2868,4500
965,1994,3,4383,3168,1215
965,1994,4,5490,2868,2622
965,1994,5,4398,4068,330
965,1994,6,6537,12968,-6431
965,1994,7,4371,4868,-497
965,1994,8,4368,4768,-400
965,1994,9,4367,6268,-1901
965,1994,10,4663,2868,1795
965,1994,11,4364,5768,-1404
965,1994,12,8909,5668,3241
965,1995,1,6959,12668,-5709
965,1995,2,4353,3168,1185
965,1995,3,4358,2968,1390
965,1995,4,7557,7468,89
965,1995,5,4360,4968,-608
965,1995,6,6795,10168,-3373
965,1995,7,5049,3468,1581
965,1995,8,7461,4168,3293
965,1995,9,4365,3968,397
965,1995,10,5372,2868,2504
965,1995,11,4374,5368,-994
965,1995,12,6511,10868,-4357
965,1996,1,9341,13368,-4027
965,1996,2,7850,2868,4982
965,1996,3,6467,2868,3599
965,1996,4,4367,6268,-1901
965,1996,5,4469,2868,1601
965,1996,6,6523,4968,1555
965,1996,7,4381,4468,-87
965,1996,8,4362,9268,-4906
965,1996,9,4356,4668,-312
965,1996,10,4348,7068,-2720
965,1996,11,7246,7168,78
965,1996,12,6895,3568,3327
965,1997,1,7045,12168,-5123
965,1997,2,8956,2868,6088
965,1997,3,4355,6668,-2313
965,1997,4,4351,4868,-517
965,1997,5,4342,6868,-2526
965,1997,6,6486,4468,2018
965,1997,7,4352,3268,1084
965,1997,8,4658,2868,1790
965,1997,9,4356,5668,-1312
965,1997,10,6065,2868,3197
965,1997,11,4359,9468,-5109
965,1997,12,6881,9468,-2587
965,1998,1,4337,6168,-1831
965,1998,2,4331,2868,1463
965,1998,3,7941,6968,973
965,1998,4,4443,2868,1575
965,1998,5,8955,7368,1587
965,1998,6,6501,7268,-767
965,1998,7,4349,7268,-2919
965,1998,8,4339,2868,1471
965,1998,9,4345,2868,1477
965,1998,10,4351,2868,1483
965,1998,11,4355,6468,-2113
965,1998,12,6492,4153,2339
966,1997,10,1100,0,1100
966,1997,11,3194,0,3194
966,1997,12,3194,0,3194
966,1998,1,3194,0,3194
966,1998,2,3194,0,3194
966,1998,3,3232,2144,1088
966,1998,4,3259,2144,1115
966,1998,5,3264,2144,1120
966,1998,6,3268,3224,44
966,1998,7,3269,2144,1125
966,1998,8,3273,2144,1129
966,1998,9,3278,2144,1134
966,1998,10,3283,2144,1139
966,1998,11,3287,2714,573
966,1998,12,3290,2909,381
967,1996,8,900,0,900
967,1996,9,35317,0,35317
967,1996,10,36215,23700,12515
967,1996,11,202,8000,-7798
967,1996,12,48888,32500,16388
967,1997,1,238,14400,-14162
967,1997,2,238,7000,-6762
967,1997,3,238,2500,-2262
967,1997,4,238,800,-562
967,1997,5,238,1000,-762
967,1997,6,538,0,538
967,1997,7,1438,0,1438
967,1997,8,238,5700,-5462
967,1997,9,238,4100,-3862
967,1997,10,238,500,-262
967,1997,11,3838,0,3838
967,1997,12,238,1300,-1062
967,1998,1,24988,31539,-6551
967,1998,2,9369,6839,2530
967,1998,3,4193,6839,-2646
967,1998,4,92078,55939,36139
967,1998,5,52235,51650,585
967,1998,6,152,29707,-29555
967,1998,7,34090,6839,27251
967,1998,8,50797,26285,24512
967,1998,9,81539,68839,12700
967,1998,10,57728,76859,-19131
967,1998,11,235,24039,-23804
967,1998,12,34988,26424,8564
968,1995,11,200,0,200
968,1995,12,19396,0,19396
968,1996,1,11002,2000,9002
968,1996,2,11030,5300,5730
968,1996,3,11032,12500,-1468
968,1996,4,11027,17157,-6130
968,1996,5,10998,14777,-3779
968,1996,6,16457,16797,-340
968,1996,7,11406,7277,4129
968,1996,8,11016,11297,-281
968,1996,9,11008,11377,-369
968,1996,10,11015,14297,-3282
968,1996,11,11003,12837,-1834
968,1996,12,18643,20117,-1474
968,1997,1,11292,7277,4015
968,1997,2,13515,7277,6238
968,1997,3,13441,7277,6164
968,1997,4,11051,10177,874
968,1997,5,11037,14977,-3940
968,1997,6,16503,13017,3486
968,1997,7,11864,7277,4587
968,1997,8,11077,8377,2700
968,1997,9,11075,12677,-1602
968,1997,10,11054,20277,-9223
968,1997,11,11044,8377,2667
968,1997,12,17003,13797,3206
968,1998,1,11056,16557,-5501
968,1998,2,11040,11677,-637
968,1998,3,12437,11477,960
968,1998,4,11040,11077,-37
968,1998,5,11039,13677,-2638
968,1998,6,16485,11437,5048
968,1998,7,11048,12397,-1349
968,1998,8,11037,18857,-7820
968,1998,9,12519,7997,4522
968,1998,10,11026,13877,-2851
968,1998,11,11013,14477,-3464
968,1998,12,16460,13082,3378
969,1994,1,2205,0,2205
969,1994,2,43564,15,43549
969,1994,3,2172,10015,-7843
969,1994,4,2140,8915,-6775
969,1994,5,2118,8115,-5997
969,1994,6,3583,12515,-8932
969,1994,7,7683,15,7668
969,1994,8,2103,315,1788
969,1994,9,31960,2115,29845
969,1994,10,2197,15815,-13618
969,1994,11,2165,6615,-4450
969,1994,12,2139,6915,-4776
969,1995,1,3605,13815,-10210
969,1995,2,4903,15,4888
969,1995,3,5324,15,5309
969,1995,4,35086,865,34221
969,1995,5,2220,16665,-14445
969,1995,6,2152,25315,-23163
969,1995,7,35362,15,35347
969,1995,8,2241,22315,-20074
969,1995,9,2188,5415,-3227
969,1995,10,2175,3115,-940
969,1995,11,2170,3815,-1645
969,1995,12,2162,2315,-153
969,1996,1,10244,10515,-271
969,1996,2,4663,515,4148
969,1996,3,2680,15,2665
969,1996,4,2190,2015,175
969,1996,5,2188,2115,73
969,1996,6,14175,32365,-18190
969,1996,7,7320,15,7305
969,1996,8,3745,1615,2130
969,1996,9,2153,2615,-462
969,1996,10,2754,15,2739
969,1996,11,27135,915,26220
969,1996,12,36944,34115,2829
969,1997,1,2253,17015,-14762
969,1997,2,2219,3065,-846
969,1997,3,2213,6015,-3802
969,1997,4,4002,2365,1637
969,1997,5,2311,15,2296
969,1997,6,2806,12815,-10009
969,1997,7,21684,15,21669
969,1997,8,2250,11065,-8815
969,1997,9,2432,15,2417
969,1997,10,2943,15,2928
969,1997,11,2248,4265,-2017
969,1997,12,8217,2315,5902
969,1998,1,4851,17665,-12814
969,1998,2,10733,15,10718
969,1998,3,24494,15,24479
969,1998,4,2346,8715,-6369
969,1998,5,2322,7315,-4993
969,1998,6,9789,22015,-12226
969,1998,7,41174,15,41159
969,1998,8,2399,17015,-14616
969,1998,9,2349,11915,-9566
969,1998,10,2312,11515,-9203
969,1998,11,2289,3615,-1326
969,1998,12,2274,6600,-4326
970,1997,7,400,0,400
970,1997,8,19683,0,19683
970,1997,9,17451,6600,10851
970,1997,10,17493,8500,8993
970,1997,11,17524,12100,5424
970,1997,12,26232,16715,9517
970,1998,1,17551,56395,-38844
970,1998,2,22860,5275,17585
970,1998,3,17520,7075,10445
970,1998,4,17550,13575,3975
970,1998,5,17554,23715,-6161
970,1998,6,26230,30655,-4425
970,1998,7,17530,10375,7155
970,1998,8,17535,19135,-1600
970,1998,9,17554,8475,9079
970,1998,10,17581,13075,4506
970,1998,11,17591,17175,416
970,1998,12,26315,7360,18955
971,1996,7,500,0,500
971,1996,8,17836,0,17836
971,1996,9,9796,0,9796
971,1996,10,9423,6000,3423
971,1996,11,9432,8600,832
971,1996,12,14096,10475,3621
971,1997,1,12724,31075,-18351
971,1997,2,17888,12875,5013
971,1997,3,9407,4875,4532
971,1997,4,9425,4975,4450
971,1997,5,9439,6775,2664
971,1997,6,14099,12375,1724
971,1997,7,9448,10275,-827
971,1997,8,9439,11955,-2516
971,1997,9,9444,6275,3169
971,1997,10,9451,8375,1076
971,1997,11,10169,3875,6294
971,1997,12,14128,13055,1073
971,1998,1,9445,27495,-18050
971,1998,2,12832,3875,8957
971,1998,3,12469,3875,8594
971,1998,4,9472,12315,-2843
971,1998,5,9464,10275,-811
971,1998,6,14105,15215,-1110
971,1998,7,9441,14475,-5034
971,1998,8,9432,10175,-743
971,1998,9,9424,11575,-2151
971,1998,10,9396,18555,-9159
971,1998,11,10079,12755,-2676
971,1998,12,14355,5300,9055
972,1996,9,600,0,600
972,1996,10,3058,0,3058
972,1996,11,3058,0,3058
972,1996,12,3058,0,3058
972,1997,1,3066,500,2566
972,1997,2,3114,1556,1558
972,1997,3,3119,2053,1066
972,1997,4,3123,2053,1070
972,1997,5,3124,7153,-4029
972,1997,6,3111,2053,1058
972,1997,7,3115,2053,1062
972,1997,8,3115,6953,-3838
972,1997,9,3103,2953,150
972,1997,10,3104,2053,1051
972,1997,11,3109,2053,1056
972,1997,12,3112,2863,249
972,1998,1,3114,2053,1061
972,1998,2,3118,2863,255
972,1998,3,3120,2053,1067
972,1998,4,3124,2443,681
972,1998,5,3127,2053,1074
972,1998,6,3131,2053,1078
972,1998,7,3134,2533,601
972,1998,8,3138,2053,1085
972,1998,9,3140,3493,-353
972,1998,10,3138,2983,155
972,1998,11,3140,3343,-203
972,1998,12,3141,2668,473
973,1994,11,6375,0,6375
973,1994,12,5787,0,5787
973,1995,1,5787,0,5787
973,1995,2,5787,0,5787
973,1995,3,5836,6204,-368
973,1995,4,5871,2924,2947
973,1995,5,5883,2924,2959
973,1995,6,5862,13744,-7882
973,1995,7,5856,2924,2932
973,1995,8,5868,2924,2944
973,1995,9,5887,2924,2963
973,1995,10,5897,3924,1973
973,1995,11,5907,3724,2183
973,1995,12,5912,5884,28
973,1996,1,5900,8424,-2524
973,1996,2,5899,2924,2975
973,1996,3,5911,5964,-53
973,1996,4,5916,6124,-208
973,1996,5,5909,6004,-95
973,1996,6,5908,6774,-866
973,1996,7,5904,4664,1240
973,1996,8,5917,3804,2113
973,1996,9,5925,3024,2901
973,1996,10,5932,8724,-2792
973,1996,11,5918,6124,-206
973,1996,12,5912,11044,-5132
973,1997,1,5892,7914,-2022
973,1997,2,5889,3324,2565
973,1997,3,5898,5524,374
973,1997,4,5902,3624,2278
973,1997,5,5919,2924,2995
973,1997,6,5898,16574,-10676
973,1997,7,5886,2924,2962
973,1997,8,5898,3324,2574
973,1997,9,5891,8804,-2913
973,1997,10,5888,6684,-796
973,1997,11,5877,8044,-2167
973,1997,12,5878,2924,2954
973,1998,1,5885,6084,-199
973,1998,2,5895,2924,2971
973,1998,3,5908,2924,2984
973,1998,4,5911,4424,1487
973,1998,5,5909,8724,-2815
973,1998,6,5895,15174,-9279
973,1998,7,5862,8784,-2922
973,1998,8,5853,5424,429
973,1998,9,5845,9404,-3559
973,1998,10,5838,6604,-766
973,1998,11,5841,2924,2917
973,1998,12,5853,2909,2944
974,1994,2,500,0,500
974,1994,3,24774,1600,23174
974,1994,4,24866,11100,13766
974,1994,5,24920,16500,8420
974,1994,6,37332,31500,5832
974,1994,7,24970,27515,-2545
974,1994,8,24958,31115,-6157
974,1994,9,24939,23015,1924
974,1994,10,24947,23315,1632
974,1994,11,24956,21815,3141
974,1994,12,37352,31115,6237
974,1995,1,24981,49055,-24074
974,1995,2,24901,17015,7886
974,1995,3,24932,18215,6717
974,1995,4,24951,25115,-164
974,1995,5,24952,24115,837
974,1995,6,37342,31115,6227
974,1995,7,24986,30015,-5029
974,1995,8,24966,29455,-4489
974,1995,9,24943,23415,1528
974,1995,10,24947,24615,332
974,1995,11,24952,22715,2237
974,1995,12,37348,31515,5833
974,1996,1,24933,50235,-25302
974,1996,2,24886,20935,3951
974,1996,3,24904,20075,4829
974,1996,4,24920,23115,1805
974,1996,5,24924,22815,2109
974,1996,6,37310,36555,755
974,1996,7,24981,26635,-1654
974,1996,8,24950,14015,10935
974,1996,9,24987,17415,7572
974,1996,10,25008,22215,2793
974,1996,11,25014,24415,599
974,1996,12,37422,25615,11807
974,1997,1,24976,51595,-26619
974,1997,2,24952,25615,-663
974,1997,3,24954,23315,1639
974,1997,4,24931,29175,-4244
974,1997,5,24946,22775,2171
974,1997,6,37343,25815,11528
974,1997,7,24988,29215,-4227
974,1997,8,24982,23515,1467
974,1997,9,24991,21915,3076
974,1997,10,24995,25715,-720
974,1997,11,24980,30915,-5935
974,1997,12,37371,27815,9556
974,1998,1,24953,62675,-37722
974,1998,2,24855,15,24840
974,1998,3,24963,21415,3548
974,1998,4,24972,23815,1157
974,1998,5,24961,31115,-6154
974,1998,6,37346,49695,-12349
974,1998,7,24900,15,24885
974,1998,8,24989,33835,-8846
974,1998,9,24961,25815,-854
974,1998,10,24948,30015,-5067
974,1998,11,24939,24315,624
974,1998,12,37347,26000,11347
975,1996,10,800,0,800
975,1996,11,5325,0,5325
975,1996,12,5325,0,5325
975,1997,1,5358,300,5058
975,1997,2,5394,0,5394
975,1997,3,5414,115,5299
975,1997,4,5439,6065,-626
975,1997,5,5429,9865,-4436
975,1997,6,5414,8065,-2651
975,1997,7,5402,10145,-4743
975,1997,8,5392,3965,1427
975,1997,9,5394,6605,-1211
975,1997,10,5390,5065,325
975,1997,11,5388,5565,-177
975,1997,12,5390,6615,-1225
975,1998,1,5389,3565,1824
975,1998,2,5394,4605,789
975,1998,3,5389,6445,-1056
975,1998,4,5393,4045,1348
975,1998,5,5401,3565,1836
975,1998,6,5404,10465,-5061
975,1998,7,5387,3565,1822
975,1998,8,5395,3565,1830
975,1998,9,5400,7245,-1845
975,1998,10,5395,3565,1830
975,1998,11,5402,3565,1837
975,1998,12,5409,3800,1609
976,1996,1,900,0,900
976,1996,2,21162,0,21162
976,1996,3,21047,12000,9047
976,1996,4,21081,17800,3281
976,1996,5,21095,17300,3795
976,1996,6,31619,24435,7184
976,1996,7,21177,22459,-1282
976,1996,8,21168,23059,-1891
976,1996,9,21162,21159,3
976,1996,10,21155,27639,-6484
976,1996,11,21138,20379,759
976,1996,12,31637,24039,7598
976,1997,1,21148,29479,-8331
976,1997,2,21134,18579,2555
976,1997,3,21141,21659,-518
976,1997,4,21137,23359,-2222
976,1997,5,21136,19239,1897
976,1997,6,31617,32139,-522
976,1997,7,21141,15359,5782
976,1997,8,21161,17519,3642
976,1997,9,21169,20559,610
976,1997,10,21162,24959,-3797
976,1997,11,21159,17759,3400
976,1997,12,31676,21599,10077
976,1998,1,21187,28459,-7272
976,1998,2,21182,17459,3723
976,1998,3,21194,20159,1035
976,1998,4,21199,19159,2040
976,1998,5,21202,21459,-257
976,1998,6,31632,68179,-36547
976,1998,7,23389,5259,18130
976,1998,8,21137,14159,6978
976,1998,9,21163,15159,6004
976,1998,10,21165,23839,-2674
976,1998,11,21172,16259,4913
976,1998,12,31667,29724,1943
977,1993,4,800,0,800
977,1993,5,17256,0,17256
977,1993,6,21151,5000,16151
977,1993,7,14183,14100,83
977,1993,8,14188,9400,4788
977,1993,9,14204,13815,389
977,1993,10,14210,20061,-5851
977,1993,11,14191,14561,-370
977,1993,12,21218,20001,1217
977,1994,1,14158,30021,-15863
977,1994,2,14130,13401,729
977,1994,3,14139,8861,5278
977,1994,4,14149,14501,-352
977,1994,5,14551,9021,5530
977,1994,6,21215,14061,7154
977,1994,7,14198,17461,-3263
977,1994,8,14188,14561,-373
977,1994,9,14190,12161,2029
977,1994,10,14192,15561,-1369
977,1994,11,14185,20041,-5856
977,1994,12,21193,14221,6972
977,1995,1,14159,33721,-19562
977,1995,2,20625,15141,5484
977,1995,3,14146,7861,6285
977,1995,4,14165,11321,2844
977,1995,5,14170,18761,-4591
977,1995,6,21191,14061,7130
977,1995,7,14188,10861,3327
977,1995,8,14189,15761,-1572
977,1995,9,14193,10961,3232
977,1995,10,14197,14861,-664
977,1995,11,14195,14321,-126
977,1995,12,21220,20901,319
977,1996,1,17149,31861,-14712
977,1996,2,23680,6861,16819
977,1996,3,14206,11361,2845
977,1996,4,14232,7661,6571
977,1996,5,14260,7561,6699
977,1996,6,21300,21221,79
977,1996,7,14284,8461,5823
977,1996,8,14298,11261,3037
977,1996,9,14313,10821,3492
977,1996,10,14314,14161,153
977,1996,11,14311,14661,-350
977,1996,12,21359,14961,6398
977,1997,1,14295,38001,-23706
977,1997,2,15162,10581,4581
977,1997,3,16491,6861,9630
977,1997,4,14303,12661,1642
977,1997,5,14317,10761,3556
977,1997,6,21339,58041,-36702
977,1997,7,32054,6861,25193
977,1997,8,16891,11301,5590
977,1997,9,17631,6861,10770
977,1997,10,14362,7461,6901
977,1997,11,14390,7561,6829
977,1997,12,21425,25281,-3856
977,1998,1,19548,32381,-12833
977,1998,2,14355,6861,7494
977,1998,3,15078,8161,6917
977,1998,4,14414,15661,-1247
977,1998,5,14397,17981,-3584
977,1998,6,29334,44301,-14967
977,1998,7,15234,6861,8373
977,1998,8,14768,6861,7907
977,1998,9,18002,6861,11141
977,1998,10,14444,11461,2983
977,1998,11,14457,8861,5596
977,1998,12,21494,24086,-2592
978,1993,8,1100,0,1100
978,1993,9,6556,0,6556
978,1993,10,6556,0,6556
978,1993,11,6556,0,6556
978,1993,12,6556,0,6556
978,1994,1,6620,8965,-2345
978,1994,2,6667,3877,2790
978,1994,3,6672,6017,655
978,1994,4,6678,5377,1301
978,1994,5,6677,8377,-1700
978,1994,6,6652,13977,-7325
978,1994,7,6650,4797,1853
978,1994,8,6661,3077,3584
978,1994,9,6676,2077,4599
978,1994,10,6688,4677,2011
978,1994,11,6700,3277,3423
978,1994,12,6715,3177,3538
978,1995,1,6714,11177,-4463
978,1995,2,6701,7537,-836
978,1995,3,6700,5577,1123
978,1995,4,6701,6677,24
978,1995,5,6699,7117,-418
978,1995,6,6703,7977,-1274
978,1995,7,6704,2957,3747
978,1995,8,6706,7177,-471
978,1995,9,6706,6577,129
978,1995,10,6708,6177,531
978,1995,11,6713,5077,1636
978,1995,12,6720,5277,1443
978,1996,1,6713,8977,-2264
978,1996,2,6722,3277,3445
978,1996,3,6730,8637,-1907
978,1996,4,6734,2077,4657
978,1996,5,6751,2477,4274
978,1996,6,6749,7277,-528
978,1996,7,6755,5977,778
978,1996,8,6755,6977,-222
978,1996,9,6755,6477,278
978,1996,10,6760,12377,-5617
978,1996,11,6739,5677,1062
978,1996,12,6748,7607,-859
978,1997,1,6737,6917,-180
978,1997,2,6748,2677,4071
978,1997,3,6765,2677,4088
978,1997,4,6781,5477,1304
978,1997,5,6786,8137,-1351
978,1997,6,6776,12427,-5651
978,1997,7,6758,2077,4681
978,1997,8,6764,7077,-313
978,1997,9,6775,3577,3198
978,1997,10,6788,6777,11
978,1997,11,6793,2077,4716
978,1997,12,6802,6327,475
978,1998,1,6785,8657,-1872
978,1998,2,6802,2077,4725
978,1998,3,6811,6637,174
978,1998,4,6823,2077,4746
978,1998,5,6843,2077,4766
978,1998,6,6834,10377,-3543
978,1998,7,6848,2077,4771
978,1998,8,6867,2077,4790
978,1998,9,6887,2077,4810
978,1998,10,6907,2077,4830
978,1998,11,6922,5377,1545
978,1998,12,6912,13462,-6550
979,1993,2,1000,0,1000
979,1993,3,19152,0,19152
979,1993,4,18024,4600,13424
979,1993,5,18059,15400,2659
979,1993,6,27034,20800,6234
979,1993,7,18098,25269,-7171
979,1993,8,18069,20969,-2900
979,1993,9,18077,16669,1408
979,1993,10,18084,16669,1415
979,1993,11,18055,20469,-2414
979,1993,12,27014,24669,2345
979,1994,1,18045,28169,-10124
979,1994,2,18032,13569,4463
979,1994,3,18036,21669,-3633
979,1994,4,18031,15969,2062
979,1994,5,18039,14969,3070
979,1994,6,27032,20069,6963
979,1994,7,18061,22369,-4308
979,1994,8,18058,17969,89
979,1994,9,18047,22669,-4622
979,1994,10,18052,13569,4483
979,1994,11,18052,19869,-1817
979,1994,12,27019,23169,3850
979,1995,1,18045,30269,-12224
979,1995,2,18040,11269,6771
979,1995,3,18042,18269,-227
979,1995,4,18040,18769,-729
979,1995,5,18038,19869,-1831
979,1995,6,27013,20169,6844
979,1995,7,18071,19669,-1598
979,1995,8,18066,14569,3497
979,1995,9,18085,15369,2716
979,1995,10,18102,11869,6233
979,1995,11,18108,17369,739
979,1995,12,27098,18169,8929
979,1996,1,18082,44669,-26587
979,1996,2,18071,7769,10302
979,1996,3,18089,14969,3120
979,1996,4,18093,17569,524
979,1996,5,18088,33669,-15581
979,1996,6,27029,28769,-1740
979,1996,7,18042,18469,-427
979,1996,8,18051,18969,-918
979,1996,9,18032,14369,3663
979,1996,10,18049,17369,680
979,1996,11,18051,15669,2382
979,1996,12,27036,20969,6067
979,1997,1,18079,25169,-7090
979,1997,2,18052,18169,-117
979,1997,3,18054,17669,385
979,1997,4,18057,13969,4088
979,1997,5,18070,19069,-999
979,1997,6,27043,34769,-7726
979,1997,7,18035,15569,2466
979,1997,8,18052,20769,-2717
979,1997,9,18033,13569,4464
979,1997,10,18046,17969,77
979,1997,11,18048,15869,2179
979,1997,12,27025,23769,3256
979,1998,1,18062,29369,-11307
979,1998,2,18019,17169,850
979,1998,3,18025,16569,1456
979,1998,4,18024,20869,-2845
979,1998,5,18015,18769,-754
979,1998,6,26968,27969,-1001
979,1998,7,18003,19869,-1866
979,1998,8,18019,5369,12650
979,1998,9,18038,23869,-5831
979,1998,10,18020,19569,-1549
979,1998,11,18012,19669,-1657
979,1998,12,27012,5354,21658
980,1996,12,300,0,300
980,1997,1,21409,0,21409
980,1997,2,11083,400,10683
980,1997,3,11116,9300,1816
980,1997,4,11118,11200,-82
980,1997,5,11149,16115,-4966
980,1997,6,17616,6536,11080
980,1997,7,11134,13536,-2402
980,1997,8,11129,12136,-1007
980,1997,9,11120,12736,-1616
980,1997,10,11130,7836,3294
980,1997,11,11141,8236,2905
980,1997,12,16658,9936,6722
980,1998,1,11130,29636,-18506
980,1998,2,15521,7936,7585
980,1998,3,16259,7236,9023
980,1998,4,14285,11236,3049
980,1998,5,13600,6536,7064
980,1998,6,16715,19836,-3121
980,1998,7,11206,8936,2270
980,1998,8,11213,7936,3277
980,1998,9,11213,12236,-1023
980,1998,10,11222,7936,3286
980,1998,11,11219,12236,-1017
980,1998,12,16702,19421,-2719
981,1995,3,600,0,600
981,1995,4,25918,0,25918
981,1995,5,23212,14300,8912
981,1995,6,34797,23900,10897
981,1995,7,23283,24400,-1117
981,1995,8,23298,24784,-1486
981,1995,9,23303,24353,-1050
981,1995,10,23300,22853,447
981,1995,11,23305,20153,3152
981,1995,12,34874,30053,4821
981,1996,1,23309,32353,-9044
981,1996,2,23292,22253,1039
981,1996,3,23293,25253,-1960
981,1996,4,23273,26653,-3380
981,1996,5,23263,26353,-3090
981,1996,6,34823,28353,6470
981,1996,7,23292,18653,4639
981,1996,8,23292,29553,-6261
981,1996,9,23280,19053,4227
981,1996,10,23285,23853,-568
981,1996,11,23305,16753,6552
981,1996,12,34930,26653,8277
981,1997,1,23305,36053,-12748
981,1997,2,23295,21653,1642
981,1997,3,23312,22453,859
981,1997,4,23310,18753,4557
981,1997,5,23311,26853,-3542
981,1997,6,34876,24853,10023
981,1997,7,23336,28253,-4917
981,1997,8,23309,27053,-3744
981,1997,9,23312,19253,4059
981,1997,10,23337,19453,3884
981,1997,11,23365,11853,11512
981,1997,12,34976,18653,16323
981,1998,1,23419,32953,-9534
981,1998,2,23427,15753,7674
981,1998,3,23448,20053,3395
981,1998,4,23451,22853,598
981,1998,5,23441,26853,-3412
981,1998,6,35026,20553,14473
981,1998,7,23473,33153,-9680
981,1998,8,23444,28453,-5009
981,1998,9,23445,20553,2892
981,1998,10,23445,21953,1492
981,1998,11,23468,19053,4415
981,1998,12,35049,23838,11211
982,1993,2,5469,0,5469
982,1993,3,12816,0,12816
982,1993,4,5042,0,5042
982,1993,5,4663,1100,3563
982,1993,6,6888,22408,-15520
982,1993,7,8719,3048,5671
982,1993,8,8341,3048,5293
982,1993,9,4646,4148,498
982,1993,10,5856,3048,2808
982,1993,11,4655,5448,-793
982,1993,12,6927,7128,-201
982,1994,1,10722,16848,-6126
982,1994,2,4634,3048,1586
982,1994,3,9357,3048,6309
982,1994,4,4659,5248,-589
982,1994,5,5260,4348,912
982,1994,6,6945,5908,1037
982,1994,7,4666,4968,-302
982,1994,8,4670,7048,-2378
982,1994,9,4659,7008,-2349
982,1994,10,4651,3348,1303
982,1994,11,4657,3648,1009
982,1994,12,6939,7988,-1049
982,1995,1,8731,13488,-4757
982,1995,2,7533,7968,-435
982,1995,3,7137,3048,4089
982,1995,4,4650,5748,-1098
982,1995,5,7745,8448,-703
982,1995,6,6924,5988,936
982,1995,7,5649,3048,2601
982,1995,8,5551,7848,-2297
982,1995,9,6351,3048,3303
982,1995,10,4658,7448,-2790
982,1995,11,4633,10128,-5495
982,1995,12,8102,11688,-3586
982,1996,1,5511,4488,1023
982,1996,2,4615,5148,-533
982,1996,3,4614,3748,866
982,1996,4,6221,3048,3173
982,1996,5,7036,3048,3988
982,1996,6,6926,6548,378
982,1996,7,5552,3048,2504
982,1996,8,4658,4448,210
982,1996,9,5239,12648,-7409
982,1996,10,4629,3948,681
982,1996,11,9644,3048,6596
982,1996,12,10940,7528,3412
982,1997,1,6243,19168,-12925
982,1997,2,7929,3048,4881
982,1997,3,5042,3048,1994
982,1997,4,4750,3048,1702
982,1997,5,4649,6088,-1439
982,1997,6,10040,7008,3032
982,1997,7,5760,5328,432
982,1997,8,4660,4628,32
982,1997,9,7773,3048,4725
982,1997,10,4678,5348,-670
982,1997,11,4681,3148,1533
982,1997,12,6959,6908,51
982,1998,1,10567,24408,-13841
982,1998,2,16064,3048,13016
982,1998,3,11002,3048,7954
982,1998,4,6222,3048,3174
982,1998,5,4725,4848,-123
982,1998,6,6980,14608,-7628
982,1998,7,8610,3048,5562
982,1998,8,4720,3248,1472
982,1998,9,4710,8048,-3338
982,1998,10,4692,9448,-4756
982,1998,11,4674,9348,-4674
982,1998,12,6918,14613,-7695
984,1996,7,11359,0,11359
984,1996,8,18124,0,18124
984,1996,9,11265,5900,5365
984,1996,10,11278,9200,2078
984,1996,11,11291,7715,3576
984,1996,12,16870,10626,6244
984,1997,1,11290,26126,-14836
984,1997,2,11270,7226,4044
984,1997,3,11284,7126,4158
984,1997,4,11292,9326,1966
984,1997,5,11280,15126,-3846
984,1997,6,16864,10326,6538
984,1997,7,11308,11526,-218
984,1997,8,11279,17826,-6547
984,1997,9,11268,13226,-1958
984,1997,10,11242,17426,-6184
984,1997,11,11241,11326,-85
984,1997,12,16810,17026,-216
984,1998,1,15022,20926,-5904
984,1998,2,11239,5926,5313
984,1998,3,11234,12626,-1392
984,1998,4,11236,9826,1410
984,1998,5,11242,14726,-3484
984,1998,6,16831,9826,7005
984,1998,7,11274,16126,-4852
984,1998,8,11254,12626,-1372
984,1998,9,11246,15926,-4680
984,1998,10,11228,12726,-1498
984,1998,11,11221,11826,-605
984,1998,12,16795,9811,6984
985,1994,5,900,0,900
985,1994,6,3341,0,3341
985,1994,7,3341,0,3341
985,1994,8,3341,0,3341
985,1994,9,3341,0,3341
985,1994,10,3384,2242,1142
985,1994,11,3408,3232,176
985,1994,12,3408,3352,56
985,1995,1,3405,5602,-2197
985,1995,2,3400,2242,1158
985,1995,3,3404,2992,412
985,1995,4,3407,2242,1165
985,1995,5,3412,2242,1170
985,1995,6,3400,8002,-4602
985,1995,7,3397,2242,1155
985,1995,8,3402,2242,1160
985,1995,9,3407,2242,1165
985,1995,10,3412,2242,1170
985,1995,11,3414,3682,-268
985,1995,12,3414,3112,302
985,1996,1,3411,5032,-1621
985,1996,2,3410,2242,1168
985,1996,3,3415,2242,1173
985,1996,4,3420,2242,1178
985,1996,5,3422,3502,-80
985,1996,6,3418,8452,-5034
985,1996,7,3403,2242,1161
985,1996,8,3408,2992,416
985,1996,9,3410,2242,1168
985,1996,10,3412,3562,-150
985,1996,11,3414,2242,1172
985,1996,12,3419,2602,817
985,1997,1,3419,5662,-2243
985,1997,2,3412,3442,-30
985,1997,3,3413,2242,1171
985,1997,4,3416,3352,64
985,1997,5,3418,2242,1176
985,1997,6,3421,3022,399
985,1997,7,3421,3442,-21
985,1997,8,3424,2242,1182
985,1997,9,3429,2242,1187
985,1997,10,3434,2242,1192
985,1997,11,3439,2242,1197
985,1997,12,3442,3412,30
985,1998,1,3439,5302,-1863
985,1998,2,3436,2242,1194
985,1998,3,3441,2242,1199
985,1998,4,3446,2242,1204
985,1998,5,3451,2242,1209
985,1998,6,3447,11002,-7555
985,1998,7,3424,2242,1182
985,1998,8,3429,2242,1187
985,1998,9,3429,4642,-1213
985,1998,10,3424,4972,-1548
985,1998,11,3422,2242,1180
985,1998,12,3427,2827,600
986,1996,5,6681,0,6681
986,1996,6,6085,0,6085
986,1996,7,6085,0,6085
986,1996,8,6089,1500,4589
986,1996,9,6164,5561,603
986,1996,10,6165,8061,-1896
986,1996,11,6158,5061,1097
986,1996,12,6162,5731,431
986,1997,1,6147,13791,-7644
986,1997,2,6131,3521,2610
986,1997,3,6145,2641,3504
986,1997,4,6159,3461,2698
986,1997,5,6171,2161,4010
986,1997,6,6163,15661,-9498
986,1997,7,6148,2161,3987
986,1997,8,6159,9221,-3062
986,1997,9,6150,3461,2689
986,1997,10,6162,3461,2701
986,1997,11,6171,5961,210
986,1997,12,6171,7091,-920
986,1998,1,6149,12141,-5992
986,1998,2,6146,2161,3985
986,1998,3,6163,2161,4002
986,1998,4,6179,3921,2258
986,1998,5,6188,4641,1547
986,1998,6,6174,11561,-5387
986,1998,7,6173,2161,4012
986,1998,8,6183,5121,1062
986,1998,9,6185,7561,-1376
986,1998,10,6176,8861,-2685
986,1998,11,6163,11861,-5698
986,1998,12,6156,3296,2860
987,1996,8,1100,0,1100
987,1996,9,17287,0,17287
987,1996,10,11859,1800,10059
987,1996,11,11897,6000,5897
987,1996,12,17812,9100,8712
987,1997,1,11928,29763,-17835
987,1997,2,11901,5443,6458
987,1997,3,11930,3943,7987
987,1997,4,11958,8743,3215
987,1997,5,11964,12563,-599
987,1997,6,29542,46263,-16721
987,1997,7,14508,3543,10965
987,1997,8,11937,9563,2374
987,1997,9,11956,6243,5713
987,1997,10,11973,12543,-570
987,1997,11,11970,10743,1227
987,1997,12,17871,19143,-1272
987,1998,1,15958,15103,855
987,1998,2,11981,5443,6538
987,1998,3,12006,7543,4463
987,1998,4,12016,12043,-27
987,1998,5,12017,11543,474
987,1998,6,17908,32383,-14475
987,1998,7,11963,9003,2960
987,1998,8,11975,8243,3732
987,1998,9,11982,10983,999
987,1998,10,11979,15163,-3184
987,1998,11,11975,10243,1732
987,1998,12,17854,17128,726
988,1994,10,400,0,400
988,1994,11,6832,0,6832
988,1994,12,6832,0,6832
988,1995,1,6832,0,6832
988,1995,2,6869,2900,3969
988,1995,3,6944,2855,4089
988,1995,4,6955,7527,-572
988,1995,5,6950,7927,-977
988,1995,6,6952,5227,1725
988,1995,7,6955,7527,-572
988,1995,8,6958,4627,2331
988,1995,9,6964,6027,937
988,1995,10,6967,6427,540
988,1995,11,6965,7307,-342
988,1995,12,6962,9127,-2165
988,1996,1,6948,10767,-3819
988,1996,2,6950,2527,4423
988,1996,3,6962,5727,1235
988,1996,4,6972,3627,3345
988,1996,5,6964,13647,-6683
988,1996,6,6960,2527,4433
988,1996,7,6973,6767,206
988,1996,8,6974,4627,2347
988,1996,9,6971,8967,-1996
988,1996,10,6980,2827,4153
988,1996,11,6980,9527,-2547
988,1996,12,6968,10267,-3299
988,1997,1,6946,17527,-10581
988,1997,2,6923,4447,2476
988,1997,3,6940,2527,4413
988,1997,4,6947,6727,220
988,1997,5,6957,3227,3730
988,1997,6,6969,4527,2442
988,1997,7,6979,4727,2252
988,1997,8,6982,7307,-325
988,1997,9,6977,7567,-590
988,1997,10,6985,5287,1698
988,1997,11,6997,2527,4470
988,1997,12,7006,6327,679
988,1998,1,6988,15287,-8299
988,1998,2,6983,2527,4456
988,1998,3,6997,4327,2670
988,1998,4,7006,7327,-321
988,1998,5,7012,2527,4485
988,1998,6,7019,6827,192
988,1998,7,7031,2527,4504
988,1998,8,7033,9027,-1994
988,1998,9,7020,10927,-3907
988,1998,10,7004,15427,-8423
988,1998,11,6991,13687,-6696
988,1998,12,6962,2992,3970
989,1994,3,1000,0,1000
989,1994,4,5114,0,5114
989,1994,5,5114,0,5114
989,1994,6,5114,0,5114
989,1994,7,5114,0,5114
989,1994,8,5185,4324,861
989,1994,9,5213,3824,1389
989,1994,10,5215,5024,191
989,1994,11,5214,6024,-810
989,1994,12,5210,5924,-714
989,1995,1,5190,13684,-8494
989,1995,2,5178,4624,554
989,1995,3,5176,7184,-2008
989,1995,4,5173,3424,1749
989,1995,5,5179,4224,955
989,1995,6,5183,5744,-561
989,1995,7,5181,3424,1757
989,1995,8,5189,3424,1765
989,1995,9,5194,4324,870
989,1995,10,5197,4524,673
989,1995,11,5197,5524,-327
989,1995,12,5193,6364,-1171
989,1996,1,5179,10784,-5605
989,1996,2,5173,3424,1749
989,1996,3,5174,5424,-250
989,1996,4,5179,3424,1755
989,1996,5,5175,7024,-1849
989,1996,6,5174,5124,50
989,1996,7,5175,4724,451
989,1996,8,5181,3524,1657
989,1996,9,5186,4884,302
989,1996,10,5188,5024,164
989,1996,11,5185,5664,-479
989,1996,12,5185,5424,-239
989,1997,1,5178,7024,-1846
989,1997,2,5179,3424,1755
989,1997,3,5177,6864,-1687
989,1997,4,5179,3424,1755
989,1997,5,5186,3424,1762
989,1997,6,5183,7174,-1991
989,1997,7,5183,4464,719
989,1997,8,5188,3424,1764
989,1997,9,5195,3424,1771
989,1997,10,5198,5184,14
989,1997,11,5203,3424,1779
989,1997,12,5210,3824,1386
989,1998,1,5198,10144,-4946
989,1998,2,5195,3424,1771
989,1998,3,5199,6424,-1225
989,1998,4,5197,3424,1773
989,1998,5,5205,3424,1781
989,1998,6,5209,5424,-215
989,1998,7,5209,4924,285
989,1998,8,5208,6704,-1496
989,1998,9,5199,6704,-1505
989,1998,10,5200,3424,1776
989,1998,11,5198,6464,-1266
989,1998,12,5190,6819,-1629
990,1995,10,19823,0,19823
990,1995,11,19403,0,19403
990,1995,12,28831,5400,23431
990,1996,1,19337,17500,1837
990,1996,2,19316,29973,-10657
990,1996,3,19294,20253,-959
990,1996,4,19295,18253,1042
990,1996,5,19287,23153,-3866
990,1996,6,28850,15753,13097
990,1996,7,19322,24553,-5231
990,1996,8,19314,19253,61
990,1996,9,19321,16553,2768
990,1996,10,19323,20253,-930
990,1996,11,19292,23673,-4381
990,1996,12,28852,24233,4619
990,1997,1,19276,29813,-10537
990,1997,2,19301,9753,9548
990,1997,3,19322,19253,69
990,1997,4,19325,16753,2572
990,1997,5,19326,20453,-1127
990,1997,6,28827,34633,-5806
990,1997,7,19317,12753,6564
990,1997,8,19309,33393,-14084
990,1997,9,19295,15653,3642
990,1997,10,19324,12653,6671
990,1997,11,19335,16353,2982
990,1997,12,28904,23353,5551
990,1998,1,19347,25653,-6306
990,1998,2,19344,13353,5991
990,1998,3,19367,20053,-686
990,1998,4,19364,19053,311
990,1998,5,19363,20753,-1390
990,1998,6,28895,32233,-3338
990,1998,7,19339,18153,1186
990,1998,8,19344,20953,-1609
990,1998,9,19343,13053,6290
990,1998,10,19366,15953,3413
990,1998,11,19375,20453,-1078
990,1998,12,28938,11338,17600
991,1993,5,1100,0,1100
991,1993,6,31065,4100,26965
991,1993,7,20810,10800,10010
991,1993,8,20842,15900,4942
991,1993,9,20851,21300,-449
991,1993,10,20850,29823,-8973
991,1993,11,20816,24423,-3607
991,1993,12,31158,28983,2175
991,1994,1,20820,23143,-2323
991,1994,2,20811,16763,4048
991,1994,3,20830,17063,3767
991,1994,4,20845,17063,3782
991,1994,5,20848,22063,-1215
991,1994,6,31191,32123,-932
991,1994,7,20843,19663,1180
991,1994,8,20842,21263,-421
991,1994,9,20843,19463,1380
991,1994,10,20867,19863,1004
991,1994,11,20853,19763,1090
991,1994,12,31204,32423,-1219
991,1995,1,20836,30363,-9527
991,1995,2,20816,20343,473
991,1995,3,20823,17163,3660
991,1995,4,20840,17063,3777
991,1995,5,20840,22163,-1323
991,1995,6,31200,23763,7437
991,1995,7,20871,20363,508
991,1995,8,20869,21863,-994
991,1995,9,20900,11763,9137
991,1995,10,20938,16363,4575
991,1995,11,20948,18503,2445
991,1995,12,31322,17223,14099
991,1996,1,20972,34123,-13151
991,1996,2,20964,13563,7401
991,1996,3,20988,15563,5425
991,1996,4,21004,17563,3441
991,1996,5,21012,19363,1649
991,1996,6,31301,49543,-18242
991,1996,7,20971,18463,2508
991,1996,8,20975,24503,-3528
991,1996,9,20954,19663,1291
991,1996,10,20971,18563,2408
991,1996,11,20981,16763,4218
991,1996,12,31360,25703,5657
991,1997,1,21002,27223,-6221
991,1997,2,20991,20643,348
991,1997,3,20996,18363,2633
991,1997,4,21005,19763,1242
991,1997,5,21008,21763,-755
991,1997,6,31563,45803,-14240
991,1997,7,20953,8663,12290
991,1997,8,20994,19563,1431
991,1997,9,21005,12963,8042
991,1997,10,21033,18263,2770
991,1997,11,21035,19703,1332
991,1997,12,46031,77403,-31372
991,1998,1,31414,25003,6411
991,1998,2,24860,6763,18097
991,1998,3,21026,11963,9063
991,1998,4,21053,20463,590
991,1998,5,21057,18143,2914
991,1998,6,41019,62363,-21344
991,1998,7,20994,7263,13731
991,1998,8,21036,17903,3133
991,1998,9,21039,25823,-4784
991,1998,10,21022,19963,1059
991,1998,11,21033,15263,5770
991,1998,12,31286,64428,-33142
992,1995,10,15873,0,15873
992,1995,11,10799,0,10799
992,1995,12,16059,8300,7759
992,1996,1,10774,11700,-926
992,1996,2,10785,11902,-1117
992,1996,3,10783,11502,-719
992,1996,4,10783,15802,-5019
992,1996,5,10758,11402,-644
992,1996,6,16059,27302,-11243
992,1996,7,14010,7102,6908
992,1996,8,10737,9502,1235
992,1996,9,10738,13702,-2964
992,1996,10,10726,11502,-776
992,1996,11,11210,12502,-1292
992,1996,12,16053,13942,2111
992,1997,1,11211,16582,-5371
992,1997,2,10706,9102,1604
992,1997,3,10709,13002,-2293
992,1997,4,10702,9102,1600
992,1997,5,10707,15102,-4395
992,1997,6,16018,12522,3496
992,1997,7,10707,7102,3605
992,1997,8,10718,11702,-984
992,1997,9,10714,14282,-3568
992,1997,10,10702,10102,600
992,1997,11,10699,12702,-2003
992,1997,12,16030,10142,5888
992,1998,1,10703,17062,-6359
992,1998,2,10697,7402,3295
992,1998,3,10703,12502,-1799
992,1998,4,10704,7102,3602
992,1998,5,10718,7102,3616
992,1998,6,16051,15702,349
992,1998,7,10714,17602,-6888
992,1998,8,10697,11802,-1105
992,1998,9,10689,10462,227
992,1998,10,10700,8542,2158
992,1998,11,10709,7102,3607
992,1998,12,16052,9167,6885
993,1996,11,1000,0,1000
993,1996,12,34109,0,34109
993,1997,1,146,4800,-4654
993,1997,2,38687,1700,36987
993,1997,3,280,20000,-19720
993,1997,4,280,7700,-7420
993,1997,5,6907,8700,-1793
993,1997,6,37424,23000,14424
993,1997,7,315,8000,-7685
993,1997,8,315,7200,-6885
993,1997,9,315,5500,-5185
993,1997,10,315,1200,-885
993,1997,11,315,3400,-3085
993,1997,12,915,0,915
993,1998,1,3115,0,3115
993,1998,2,118728,63515,55213
993,1998,3,264,33036,-32772
993,1998,4,193,15015,-14822
993,1998,5,66332,36112,30220
993,1998,6,29182,58925,-29743
993,1998,7,140,10727,-10587
993,1998,8,7150,16727,-9577
993,1998,9,70558,7714,62844
993,1998,10,70592,67527,3065
993,1998,11,36750,74827,-38077
993,1998,12,122003,66596,55407
994,1995,9,3106,0,3106
994,1995,10,12140,0,12140
994,1995,11,50810,20915,29895
994,1995,12,25628,13915,11713
994,1996,1,2567,26865,-24298
994,1996,2,2535,2215,320
994,1996,3,2535,3715,-1180
994,1996,4,32554,19315,13239
994,1996,5,2573,8215,-5642
994,1996,6,27353,20515,6838
994,1996,7,673,9615,-8942
994,1996,8,652,2015,-1363
994,1996,9,640,4315,-3675
994,1996,10,630,2115,-1485
994,1996,11,628,515,113
994,1996,12,615,5315,-4700
994,1997,1,7389,14965,-7576
994,1997,2,7992,15,7977
994,1997,3,43043,15,43028
994,1997,4,2647,18915,-16268
994,1997,5,2599,11715,-9116
994,1997,6,2535,27815,-25280
994,1997,7,55140,15,55125
994,1997,8,2668,19865,-17197
994,1997,9,2627,6315,-3688
994,1997,10,2612,6815,-4203
994,1997,11,2604,1415,1189
994,1997,12,2609,1715,894
994,1998,1,2570,14115,-11545
994,1998,2,4367,2015,2352
994,1998,3,8791,15,8776
994,1998,4,5716,515,5201
994,1998,5,2623,7115,-4492
994,1998,6,2535,27715,-25180
994,1998,7,52427,13815,38612
994,1998,8,767,5115,-4348
994,1998,9,746,7165,-6419
994,1998,10,722,2715,-1993
994,1998,11,715,915,-200
994,1998,12,1102,7100,-5998
995,1995,8,1000,0,1000
995,1995,9,3445,0,3445
995,1995,10,3445,0,3445
995,1995,11,3445,0,3445
995,1995,12,3445,0,3445
995,1996,1,3472,1995,1477
995,1996,2,3515,2311,1204
995,1996,3,3520,2311,1209
995,1996,4,3525,2311,1214
995,1996,5,3527,4981,-1454
995,1996,6,3517,6691,-3174
995,1996,7,3511,2311,1200
995,1996,8,3516,2311,1205
995,1996,9,3521,2311,1210
995,1996,10,3526,2311,1215
995,1996,11,3531,2311,1220
995,1996,12,3534,3301,233
995,1997,1,3528,6721,-3193
995,1997,2,3523,3151,372
995,1997,3,3525,2311,1214
995,1997,4,3530,2311,1219
995,1997,5,3536,2311,1225
995,1997,6,3535,7051,-3516
995,1997,7,3521,3781,-260
995,1997,8,3524,2731,793
995,1997,9,3528,2311,1217
995,1997,10,3533,2311,1222
995,1997,11,3535,3121,414
995,1997,12,3538,2821,717
995,1998,1,3538,5251,-1713
995,1998,2,3535,2311,1224
995,1998,3,3541,3361,180
995,1998,4,3539,3151,388
995,1998,5,3543,2311,1232
995,1998,6,3544,3601,-57
995,1998,7,3548,2311,1237
995,1998,8,3553,2311,1242
995,1998,9,3557,3661,-104
995,1998,10,3558,2311,1247
995,1998,11,3563,2311,1252
995,1998,12,3565,4396,-831
996,1997,8,1100,0,1100
996,1997,9,6404,0,6404
996,1997,10,6404,0,6404
996,1997,11,6404,0,6404
996,1997,12,6455,2800,3655
996,1998,1,6499,12159,-5660
996,1998,2,6482,6469,13
996,1998,3,6488,5749,739
996,1998,4,6483,8049,-1566
996,1998,5,6479,6949,-470
996,1998,6,6476,7149,-673
996,1998,7,6471,7949,-1478
996,1998,8,6478,2549,3929
996,1998,9,6488,5769,719
996,1998,10,6487,6349,138
996,1998,11,6490,5149,1341
996,1998,12,6496,7934,-1438
997,1997,5,700,0,700
997,1997,6,14855,0,14855
997,1997,7,8497,0,8497
997,1997,8,3807,3000,807
997,1997,9,3818,800,3018
997,1997,10,3815,5985,-2170
997,1997,11,3816,2985,831
997,1997,12,5225,2635,2590
997,1998,1,3812,9895,-6083
997,1998,2,4906,4675,231
997,1998,3,3805,3455,350
997,1998,4,7020,2755,4265
997,1998,5,3821,4185,-364
997,1998,6,3795,10495,-6700
997,1998,7,3993,3835,158
997,1998,8,4700,3885,815
997,1998,9,3800,6285,-2485
997,1998,10,5890,3265,2625
997,1998,11,3801,3785,16
997,1998,12,3800,3220,580
998,1993,11,24876,0,24876
998,1993,12,37063,19900,17163
998,1994,1,24831,7500,17331
998,1994,2,24878,16200,8678
998,1994,3,24860,35815,-10955
998,1994,4,24848,26876,-2028
998,1994,5,24846,20756,4090
998,1994,6,37174,30076,7098
998,1994,7,24872,26556,-1684
998,1994,8,24869,24156,713
998,1994,9,24861,33876,-9015
998,1994,10,24849,20056,4793
998,1994,11,24847,25256,-409
998,1994,12,37179,26076,11103
998,1995,1,24836,43896,-19060
998,1995,2,24803,27956,-3153
998,1995,3,24818,22376,2442
998,1995,4,24811,23496,1315
998,1995,5,24830,20656,4174
998,1995,6,37170,31576,5594
998,1995,7,24848,27456,-2608
998,1995,8,24838,27056,-2218
998,1995,9,24830,26756,-1926
998,1995,10,24828,24856,-28
998,1995,11,24830,24156,674
998,1995,12,37162,49916,-12754
998,1996,1,24760,38016,-13256
998,1996,2,24783,20956,3827
998,1996,3,24798,24076,722
998,1996,4,24796,29156,-4360
998,1996,5,24778,24456,322
998,1996,6,37086,38536,-1450
998,1996,7,24769,27256,-2487
998,1996,8,24752,26016,-1264
998,1996,9,24753,22156,2597
998,1996,10,24754,26556,-1802
998,1996,11,24750,27356,-2606
998,1996,12,37067,31716,5351
998,1997,1,24743,34656,-9913
998,1997,2,24717,27056,-2339
998,1997,3,24713,21856,2857
998,1997,4,24721,24656,65
998,1997,5,24723,22056,2667
998,1997,6,37057,35656,1401
998,1997,7,24729,29456,-4727
998,1997,8,24713,24056,657
998,1997,9,24733,10856,13877
998,1997,10,24752,38756,-14004
998,1997,11,24736,7656,17080
998,1997,12,37075,47356,-10281
998,1998,1,24734,30476,-5742
998,1998,2,24739,7656,17083
998,1998,3,24750,45856,-21106
998,1998,4,24723,7656,17067
998,1998,5,24788,10656,14132
998,1998,6,37189,19816,17373
998,1998,7,24806,71356,-46550
998,1998,8,24726,10656,14070
998,1998,9,24789,7656,17133
998,1998,10,24861,7656,17205
998,1998,11,24921,12456,12465
998,1998,12,37124,95041,-57917
1000,1993,1,200,0,200
1000,1993,2,31370,1500,29870
1000,1993,3,31483,19000,12483
1000,1993,4,31530,25700,5830
1000,1993,5,31554,26600,4954
1000,1993,6,47334,40121,7213
1000,1993,7,31606,52255,-20649
1000,1993,8,31522,35098,-3576
1000,1993,9,31536,45508,-13972
1000,1993,10,31494,19121,12373
1000,1993,11,31546,22121,9425
1000,1993,12,47263,44594,2669
1000,1994,1,31508,54043,-22535
1000,1994,2,31482,35220,-3738
1000,1994,3,31492,18321,13171
1000,1994,4,31537,27521,4016
1000,1994,5,31545,27621,3924
1000,1994,6,47273,39021,8252
1000,1994,7,31584,36503,-4919
1000,1994,8,31560,30852,708
1000,1994,9,31540,53013,-21473
1000,1994,10,31504,16721,14783
1000,1994,11,31539,35502,-3963
1000,1994,12,47228,42611,4617
1000,1995,1,31525,44521,-12996
1000,1995,2,31472,28644,2828
1000,1995,3,31492,34011,-2519
1000,1995,4,31504,20721,10783
1000,1995,5,31479,45729,-14250
1000,1995,6,47153,47181,-28
1000,1995,7,31502,20748,10754
1000,1995,8,31526,28079,3447
1000,1995,9,31543,22711,8832
1000,1995,10,31542,35521,-3979
1000,1995,11,31532,36560,-5028
1000,1995,12,47223,37521,9702
1000,1996,1,31554,43421,-11867
1000,1996,2,31523,24013,7510
1000,1996,3,31538,33192,-1654
1000,1996,4,31548,21521,10027
1000,1996,5,31559,49252,-17693
1000,1996,6,47231,25221,22010
1000,1996,7,31580,32159,-579
1000,1996,8,31580,32621,-1041
1000,1996,9,31616,20321,11295
1000,1996,10,31654,21221,10433
1000,1996,11,31612,58569,-26957
1000,1996,12,47338,12821,34517
1000,1997,1,31622,80192,-48570
1000,1997,2,34479,7521,26958
1000,1997,3,31634,22221,9413
1000,1997,4,31642,42584,-10942
1000,1997,5,31624,35931,-4307
1000,1997,6,47307,56410,-9103
1000,1997,7,31582,24517,7065
1000,1997,8,31611,19221,12390
1000,1997,9,31655,21321,10334
1000,1997,10,31679,50221,-18542
1000,1997,11,31645,30560,1085
1000,1997,12,47315,57125,-9810
1000,1998,1,34242,50421,-16179
1000,1998,2,31535,20757,10778
1000,1998,3,31597,23955,7642
1000,1998,4,31617,29330,2287
1000,1998,5,31618,38708,-7090
1000,1998,6,47798,46182,1616
1000,1998,7,31585,27621,3964
1000,1998,8,31573,30778,795
1000,1998,9,31589,28906,2683
1000,1998,10,31583,35221,-3638
1000,1998,11,31590,28278,3312
1000,1998,12,47361,11406,35955
1002,1996,9,500,0,500
1002,1996,10,12910,0,12910
1002,1996,11,7454,0,7454
1002,1996,12,6520,2100,4420
1002,1997,1,4388,4200,188
1002,1997,2,4385,5915,-1530
1002,1997,3,4362,11470,-7108
1002,1997,4,6961,2870,4091
1002,1997,5,4352,10070,-5718
1002,1997,6,6489,5470,1019
1002,1997,7,4345,6070,-1725
1002,1997,8,4341,4670,-329
1002,1997,9,4336,6170,-1834
1002,1997,10,4337,4070,267
1002,1997,11,4338,2870,1468
1002,1997,12,7182,7470,-288
1002,1998,1,4343,2870,1473
1002,1998,2,4349,2870,1479
1002,1998,3,4341,6770,-2429
1002,1998,4,4345,2870,1475
1002,1998,5,4351,2870,1481
1002,1998,6,6504,2870,3634
1002,1998,7,4372,2870,1502
1002,1998,8,4379,2870,1509
1002,1998,9,4384,3370,1014
1002,1998,10,4389,2870,1519
1002,1998,11,4390,5170,-780
1002,1998,12,6526,8855,-2329
1003,1996,10,21275,0,21275
1003,1996,11,21157,1900,19257
1003,1996,12,31757,9300,22457
1003,1997,1,21282,21600,-318
1003,1997,2,21283,20315,968
1003,1997,3,21274,21476,-202
1003,1997,4,21266,22376,-1110
1003,1997,5,21254,25076,-3822
1003,1997,6,31738,38876,-7138
1003,1997,7,21217,22976,-1759
1003,1997,8,21216,19076,2140
1003,1997,9,21229,18876,2353
1003,1997,10,21227,20776,451
1003,1997,11,21213,25176,-3963
1003,1997,12,31755,19976,11779
1003,1998,1,21231,29376,-8145
1003,1998,2,21241,16376,4865
1003,1998,3,21237,25176,-3939
1003,1998,4,21247,16076,5171
1003,1998,5,21262,18076,3186
1003,1998,6,31792,26776,5016
1003,1998,7,21271,25076,-3805
1003,1998,8,21273,32576,-11303
1003,1998,9,21276,20876,400
1003,1998,10,21260,22776,-1516
1003,1998,11,21266,22976,-1710
1003,1998,12,31796,11961,19835
1004,1996,7,200,0,200
1004,1996,8,45053,10600,34453
1004,1996,9,144,7100,-6956
1004,1996,11,2244,0,2244
1004,1996,12,100813,72515,28298
1004,1997,1,65607,70015,-4408
1004,1997,2,180986,173715,7271
1004,1997,3,94504,82886,11618
1004,1997,4,44772,74915,-30143
1004,1997,5,172,9515,-9343
1004,1997,6,8541,9215,-674
1004,1997,7,88774,60043,28731
1004,1997,8,44341,38715,5626
1004,1997,9,57029,88315,-31286
1004,1997,10,12257,9315,2942
1004,1997,11,103137,84515,18622
1004,1997,12,151436,153215,-1779
1004,1998,1,49997,63715,-13718
1004,1998,2,98093,80715,17378
1004,1998,3,9302,31405,-22103
1004,1998,4,99,20685,-20586
1004,1998,5,97532,39375,58157
1004,1998,6,17276,60124,-42848
1004,1998,7,44252,49606,-5354
1004,1998,8,83977,27742,56235
1004,1998,9,19664,46675,-27011
1004,1998,10,42909,16652,26257
1004,1998,11,95919,76736,19183
1004,1998,12,14371,38837,-24466
1005,1993,2,300,0,300
1005,1993,3,34511,5400,29111
1005,1993,4,34621,18700,15921
1005,1993,5,34676,30000,4676
1005,1993,6,51919,62900,-10981
1005,1993,7,34684,29626,5058
1005,1993,8,34700,31526,3174
1005,1993,9,34709,32626,2083
1005,1993,10,34710,39226,-4516
1005,1993,11,34678,40322,-5644
1005,1993,12,51937,39926,12011
1005,1994,1,34704,39126,-4422
1005,1994,2,34681,38226,-3545
1005,1994,3,34693,29426,5267
1005,1994,4,34723,34742,-19
1005,1994,5,34689,49402,-14713
1005,1994,6,51922,33626,18296
1005,1994,7,34718,32726,1992
1005,1994,8,34699,46226,-11527
1005,1994,9,34684,26626,8058
1005,1994,10,34705,32526,2179
1005,1994,11,34708,33926,782
1005,1994,12,51998,48126,3872
1005,1995,1,34729,48491,-13762
1005,1995,2,34669,33126,1543
1005,1995,3,34644,54335,-19691
1005,1995,4,34629,17326,17303
1005,1995,5,34679,26826,7853
1005,1995,6,51965,40126,11839
1005,1995,7,34681,68320,-33639
1005,1995,8,34647,18726,15921
1005,1995,9,34657,45681,-11024
1005,1995,10,34641,34638,3
1005,1995,11,34635,40694,-6059
1005,1995,12,51880,55641,-3761
1005,1996,1,34650,15726,18924
1005,1996,2,34708,33126,1582
1005,1996,3,34701,25026,9675
1005,1996,4,34773,14626,20147
1005,1996,5,34842,19526,15316
1005,1996,6,51992,87326,-35334
1005,1996,7,37277,16326,20951
1005,1996,8,34808,38382,-3574
1005,1996,9,34849,13426,21423
1005,1996,10,34820,59326,-24506
1005,1996,11,34830,25554,9276
1005,1996,12,52102,37526,14576
1005,1997,1,34853,48126,-13273
1005,1997,2,34874,14926,19948
1005,1997,3,34729,93314,-58585
1005,1997,4,48066,22026,26040
1005,1997,5,34839,9426,25413
1005,1997,6,51998,92426,-40428
1005,1997,7,45715,7926,37789
1005,1997,8,34878,40526,-5648
1005,1997,9,34890,26026,8864
1005,1997,10,45887,81389,-35502
1005,1997,11,34776,13226,21550
1005,1997,12,52111,44637,7474
1005,1998,1,34850,37826,-2976
1005,1998,2,50053,64626,-14573
1005,1998,3,34822,17426,17396
1005,1998,4,34866,32126,2740
1005,1998,5,34892,30926,3966
1005,1998,6,52186,44326,7860
1005,1998,7,34912,37126,-2214
1005,1998,8,45955,65410,-19455
1005,1998,9,47714,62865,-15151
1005,1998,10,41014,17378,23636
1005,1998,11,34899,23426,11473
1005,1998,12,52185,43796,8389
1006,1993,2,1000,0,1000
1006,1993,3,15084,0,15084
1006,1993,4,5822,0,5822
1006,1993,5,3832,2600,1232
1006,1993,6,3838,2300,1538
1006,1993,7,3946,2116,1830
1006,1993,8,3851,2806,1045
1006,1993,9,3846,6666,-2820
1006,1993,10,5952,2506,3446
1006,1993,11,3850,5006,-1156
1006,1993,12,4053,3226,827
1006,1994,1,3839,9346,-5507
1006,1994,2,3830,4316,-486
1006,1994,3,6139,3196,2943
1006,1994,4,6153,2506,3647
1006,1994,5,4562,2506,2056
1006,1994,6,3846,8396,-4550
1006,1994,7,4551,3796,755
1006,1994,8,3847,4006,-159
1006,1994,9,3952,2506,1446
1006,1994,10,6567,5706,861
1006,1994,11,3862,2606,1256
1006,1994,12,4065,3106,959
1006,1995,1,6362,7126,-764
1006,1995,2,4966,3226,1740
1006,1995,3,5175,2506,2669
1006,1995,4,3881,6366,-2485
1006,1995,5,5373,3616,1757
1006,1995,6,8161,10696,-2535
1006,1995,7,3872,2506,1366
1006,1995,8,3878,2806,1072
1006,1995,9,3876,6376,-2500
1006,1995,10,4472,2506,1966
1006,1995,11,3878,4206,-328
1006,1995,12,3876,4036,-160
1006,1996,1,5468,9016,-3548
1006,1996,2,3862,3706,156
1006,1996,3,3863,2906,957
1006,1996,4,3866,3806,60
1006,1996,5,3866,3406,460
1006,1996,6,4365,4756,-391
1006,1996,7,3867,3106,761
1006,1996,8,3866,5406,-1540
1006,1996,9,4665,2506,2159
1006,1996,10,4474,2506,1968
1006,1996,11,4579,3316,1263
1006,1996,12,3881,5766,-1885
1006,1997,1,3864,7556,-3692
1006,1997,2,6067,2506,3561
1006,1997,3,5180,2506,2674
1006,1997,4,4089,2506,1583
1006,1997,5,3887,6706,-2819
1006,1997,6,11185,8746,2439
1006,1997,7,5193,3256,1937
1006,1997,8,3901,2806,1095
1006,1997,9,3893,8406,-4513
1006,1997,10,3885,3306,579
1006,1997,11,5493,2686,2807
1006,1997,12,3895,5566,-1671
1006,1998,1,7798,6826,972
1006,1998,2,7306,2506,4800
1006,1998,3,5822,2506,3316
1006,1998,4,6535,3886,2649
1006,1998,5,4944,3196,1748
1006,1998,6,9553,6586,2967
1006,1998,7,5865,3916,1949
1006,1998,8,3969,6206,-2237
1006,1998,9,3952,5946,-1994
1006,1998,10,3937,7406,-3469
1006,1998,11,3931,4616,-685
1006,1998,12,5839,2941,2898
1007,1996,6,1000,0,1000
1007,1996,7,14914,0,14914
1007,1996,8,3572,0,3572
1007,1996,9,42828,22365,20463
1007,1996,10,23749,11365,12384
1007,1996,11,2907,17015,-14108
1007,1996,12,2857,7715,-4858
1007,1997,1,2817,12115,-9298
1007,1997,2,2800,4915,-2115
1007,1997,3,2791,4315,-1524
1007,1997,4,2788,1715,1073
1007,1997,5,24213,4215,19998
1007,1997,6,2852,16615,-13763
1007,1997,7,2814,4765,-1951
1007,1997,8,2806,4865,-2059
1007,1997,9,36084,14815,21269
1007,1997,10,2877,10215,-7338
1007,1997,11,2857,3215,-358
1007,1997,12,2857,1815,1042
1007,1998,1,2836,11365,-8529
1007,1998,2,6433,865,5568
1007,1998,3,4154,15,4139
1007,1998,4,2865,2715,150
1007,1998,5,2865,2815,50
1007,1998,6,19540,25615,-6075
1007,1998,7,10457,15,10442
1007,1998,8,8595,2815,5780
1007,1998,9,8124,15,8109
1007,1998,10,96754,53315,43439
1007,1998,11,3083,19815,-16732
1007,1998,12,3039,8400,-5361
1008,1996,10,6618,0,6618
1008,1996,11,5930,0,5930
1008,1996,12,5930,0,5930
1008,1997,1,5930,0,5930
1008,1997,2,5976,2706,3270
1008,1997,3,6025,2706,3319
1008,1997,4,6039,2706,3333
1008,1997,5,6052,5806,246
1008,1997,6,6014,14906,-8892
1008,1997,7,6014,6226,-212
1008,1997,8,6022,2706,3316
1008,1997,9,6029,4506,1523
1008,1997,10,6038,9006,-2968
1008,1997,11,6023,6886,-863
1008,1997,12,6021,4056,1965
1008,1998,1,6019,9946,-3927
1008,1998,2,6010,8306,-2296
1008,1998,3,6006,6706,-700
1008,1998,4,6002,8306,-2304
1008,1998,5,5990,4726,1264
1008,1998,6,5999,3806,2193
1008,1998,7,6005,8206,-2201
1008,1998,8,5988,9346,-3358
1008,1998,9,5975,9306,-3331
1008,1998,10,5973,2706,3267
1008,1998,11,5980,2706,3274
1008,1998,12,5988,6911,-923
1009,1995,8,44814,10900,33914
1009,1995,9,44433,25600,18833
1009,1995,10,44512,34300,10212
1009,1995,11,44552,37600,6952
1009,1995,12,66750,85230,-18480
1009,1996,1,44467,61848,-17381
1009,1996,2,44522,28551,15971
1009,1996,3,44521,53536,-9015
1009,1996,4,44547,33651,10896
1009,1996,5,44585,41451,3134
1009,1996,6,66634,95356,-28722
1009,1996,7,44469,27851,16618
1009,1996,8,44535,53966,-9431
1009,1996,9,44486,39871,4615
1009,1996,10,44526,44955,-429
1009,1996,11,44525,28551,15974
1009,1996,12,66748,65851,897
1009,1997,1,44526,69851,-25325
1009,1997,2,44455,39088,5367
1009,1997,3,44480,39105,5375
1009,1997,4,44532,27651,16881
1009,1997,5,44550,47051,-2501
1009,1997,6,66725,57257,9468
1009,1997,7,44610,40451,4159
1009,1997,8,44616,45751,-1135
1009,1997,9,44605,47351,-2746
1009,1997,10,44579,51900,-7321
1009,1997,11,44541,54957,-10416
1009,1997,12,66732,46151,20581
1009,1998,1,44550,86851,-42301
1009,1998,2,44446,28472,15974
1009,1998,3,44522,28151,16371
1009,1998,4,44568,38151,6417
1009,1998,5,44577,46651,-2074
1009,1998,6,66688,64551,2137
1009,1998,7,44579,43051,1528
1009,1998,8,44583,41851,2732
1009,1998,9,44525,57528,-13003
1009,1998,10,44494,64079,-19585
1009,1998,11,44448,49052,-4604
1009,1998,12,66725,7521,59204
1010,1995,5,13902,0,13902
1010,1995,6,23908,8300,15608
1010,1995,7,23568,5000,18568
1010,1995,8,200,14200,-14000
1010,1995,9,200,3300,-3100
1010,1995,10,40281,26900,13381
1010,1995,11,47407,40373,7034
1010,1995,12,149,28915,-28766
1010,1996,1,69604,55715,13889
1010,1996,2,35524,27415,8109
1010,1996,3,73565,91215,-17650
1010,1996,4,30757,21615,9142
1010,1996,5,81429,71339,10090
1010,1996,6,66296,66136,160
1010,1996,7,123505,84915,38590
1010,1996,8,104315,145915,-41600
1010,1996,9,42135,21315,20820
1010,1996,10,54763,30415,24348
1010,1996,11,30277,49615,-19338
1010,1996,12,13312,33215,-19903
1010,1997,1,11685,38702,-27017
1010,1997,2,69,16715,-16646
1010,1997,3,0,15,-15
1010,1997,4,42658,19315,23343
1010,1997,5,46071,36115,9956
1010,1997,6,50157,51415,-1258
1010,1997,7,121,12815,-12694
1010,1997,8,73,15515,-15442
1010,1997,9,38924,28715,10209
1010,1997,10,41,15415,-15374
1010,1997,11,16,15,1
1010,1997,12,15,3115,-3100
1010,1998,1,195683,125615,70068
1010,1998,2,141443,122515,18928
1010,1998,3,29160,60415,-31255
1010,1998,4,68029,82449,-14420
1010,1998,5,20689,24715,-4026
1010,1998,6,120,26915,-26795
1010,1998,7,130323,64215,66108
1010,1998,8,38718,78563,-39845
1010,1998,9,43359,51015,-7656
1010,1998,10,21383,15915,5468
1010,1998,11,30510,9115,21395
1010,1998,12,15886,26540,-10654
1011,1994,12,400,0,400
1011,1995,1,22552,0,22552
1011,1995,2,20518,11000,9518
1011,1995,3,20548,15300,5248
1011,1995,4,20569,16100,4469
1011,1995,5,20581,21900,-1319
1011,1995,6,30790,39039,-8249
1011,1995,7,20560,13400,7160
1011,1995,8,20576,20400,176
1011,1995,9,20559,29529,-8970
1011,1995,10,20524,25568,-5044
1011,1995,11,20529,27500,-6971
1011,1995,12,30725,19700,11025
1011,1996,1,26520,34801,-8281
1011,1996,2,20535,13101,7434
1011,1996,3,20521,23601,-3080
1011,1996,4,20551,18401,2150
1011,1996,5,20569,11001,9568
1011,1996,6,35545,10501,25044
1011,1996,7,20668,23312,-2644
1011,1996,8,20670,15701,4969
1011,1996,9,20650,45889,-25239
1011,1996,10,27129,10501,16628
1011,1996,11,21426,24301,-2875
1011,1996,12,30878,15701,15177
1011,1997,1,20625,49101,-28476
1011,1997,2,25511,15601,9910
1011,1997,3,23970,18301,5669
1011,1997,4,20678,12701,7977
1011,1997,5,20698,14101,6597
1011,1997,6,30924,30501,423
1011,1997,7,20704,19101,1603
1011,1997,8,20722,15101,5621
1011,1997,9,20755,14801,5954
1011,1997,10,20756,19801,955
1011,1997,11,20776,20501,275
1011,1997,12,30931,53301,-22370
1011,1998,1,20639,36801,-16162
1011,1998,2,20637,10501,10136
1011,1998,3,20662,18301,2361
1011,1998,4,20673,14301,6372
1011,1998,5,20719,18001,2718
1011,1998,6,30921,29101,1820
1011,1998,7,20732,17301,3431
1011,1998,8,31861,52396,-20535
1011,1998,9,20660,12601,8059
1011,1998,10,23168,22093,1075
1011,1998,11,20671,19401,1270
1011,1998,12,30860,37832,-6972
1012,1994,7,25193,0,25193
1012,1994,8,24891,1400,23491
1012,1994,9,25027,11100,13927
1012,1994,10,25100,18200,6900
1012,1994,11,25031,44239,-19208
1012,1994,12,37338,21606,15732
1012,1995,1,24883,64715,-39832
1012,1995,2,26781,4106,22675
1012,1995,3,24996,15306,9690
1012,1995,4,25007,34840,-9833
1012,1995,5,24871,40207,-15336
1012,1995,6,47262,28653,18609
1012,1995,7,24934,31331,-6397
1012,1995,8,24865,32519,-7654
1012,1995,9,24882,43873,-18991
1012,1995,10,37603,45506,-7903
1012,1995,11,36759,36922,-163
1012,1995,12,56166,39311,16855
1012,1996,1,34452,38006,-3554
1012,1996,2,29871,29053,818
1012,1996,3,29704,25151,4553
1012,1996,4,24952,23082,1870
1012,1996,5,24860,15806,9054
1012,1996,6,37174,36426,748
1012,1996,7,24888,27329,-2441
1012,1996,8,34277,47454,-13177
1012,1996,9,31602,37323,-5721
1012,1996,10,24776,11915,12861
1012,1996,11,24822,17215,7607
1012,1996,12,37211,38615,-1404
1012,1997,1,32710,58790,-26080
1012,1997,2,26304,3015,23289
1012,1997,3,31314,32909,-1595
1012,1997,4,24878,12715,12163
1012,1997,5,24942,31181,-6239
1012,1997,6,37178,32115,5063
1012,1997,7,24933,21388,3545
1012,1997,8,24957,22352,2605
1012,1997,9,24935,32828,-7893
1012,1997,10,24869,31794,-6925
1012,1997,11,24813,42475,-17662
1012,1997,12,37051,34857,2194
1012,1998,1,31020,33715,-2695
1012,1998,2,24702,4515,20187
1012,1998,3,24812,28715,-3903
1012,1998,4,24855,11715,13140
1012,1998,5,24874,30957,-6083
1012,1998,6,37201,26415,10786
1012,1998,7,24921,29415,-4494
1012,1998,8,24848,30715,-5867
1012,1998,9,24788,39019,-14231
1012,1998,10,24782,18915,5867
1012,1998,11,24772,21415,3357
1012,1998,12,37136,31300,5836
1013,1996,5,300,0,300
1013,1996,6,3122,0,3122
1013,1996,7,3122,0,3122
1013,1996,8,3122,0,3122
1013,1996,9,3122,0,3122
1013,1996,10,3160,3356,-196
1013,1996,11,3178,2096,1082
1013,1996,12,3181,2546,635
1013,1997,1,3179,5006,-1827
1013,1997,2,3177,2096,1081
1013,1997,3,3182,2096,1086
1013,1997,4,3186,2096,1090
1013,1997,5,3191,2096,1095
1013,1997,6,3185,6926,-3741
1013,1997,7,3180,3026,154
1013,1997,8,3178,3416,-238
1013,1997,9,3179,2096,1083
1013,1997,10,3184,3056,128
1013,1997,11,3184,2096,1088
1013,1997,12,3187,3356,-169
1013,1998,1,3182,5216,-2034
1013,1998,2,3180,2096,1084
1013,1998,3,3184,2096,1088
1013,1998,4,3189,2096,1093
1013,1998,5,3193,2096,1097
1013,1998,6,3198,2096,1102
1013,1998,7,3202,2096,1106
1013,1998,8,3207,2096,1111
1013,1998,9,3210,2516,694
1013,1998,10,3214,2096,1118
1013,1998,11,3219,2096,1123
1013,1998,12,3221,3671,-450
1014,1996,3,800,0,800
1014,1996,4,14767,0,14767
1014,1996,5,5274,0,5274
1014,1996,6,4695,0,4695
1014,1996,7,1503,3215,-1712
1014,1996,8,1498,3515,-2017
1014,1996,9,1692,15,1677
1014,1996,10,2503,15,2488
1014,1996,11,1506,4465,-2959
1014,1996,12,1496,3115,-1619
1014,1997,1,49460,27965,21495
1014,1997,2,1559,12515,-10956
1014,1997,3,1526,4315,-2789
1014,1997,4,1508,9165,-7657
1014,1997,5,2996,15,2981
1014,1997,6,1496,3465,-1969
1014,1997,7,40507,5215,35292
1014,1997,8,1598,19965,-18367
1014,1997,9,1539,11415,-9876
1014,1997,10,1508,8515,-7007
1014,1997,11,1482,5065,-3583
1014,1997,12,1476,3015,-1539
1014,1998,1,1463,3765,-2302
1014,1998,2,1460,2515,-1055
1014,1998,3,1457,2015,-558
1014,1998,4,1760,15,1745
1014,1998,5,1465,315,1150
1014,1998,6,1468,15,1453
1014,1998,7,25554,2915,22639
1014,1998,8,1542,14515,-12973
1014,1998,9,1491,11215,-9724
1014,1998,10,1458,5315,-3857
1014,1998,11,25056,15,25041
1014,1998,12,1519,17000,-15481
1015,1997,6,1100,0,1100
1015,1997,7,17734,0,17734
1015,1997,8,7686,0,7686
1015,1997,9,6007,2500,3507
1015,1997,10,6009,7500,-1491
1015,1997,11,6011,4440,1571
1015,1997,12,8944,14040,-5096
1015,1998,1,5955,17940,-11985
1015,1998,2,5945,5340,605
1015,1998,3,5945,5740,205
1015,1998,4,5949,4940,1009
1015,1998,5,9467,3940,5527
1015,1998,6,8923,7240,1683
1015,1998,7,5971,9240,-3269
1015,1998,8,5943,14940,-8997
1015,1998,9,5934,3940,1994
1015,1998,10,5943,4540,1403
1015,1998,11,6653,3940,2713
1015,1998,12,8907,10625,-1718
1016,1993,9,600,0,600
1016,1993,10,22740,0,22740
1016,1993,11,21333,8900,12433
1016,1993,12,32000,21900,10100
1016,1994,1,21423,19600,1823
1016,1994,2,21428,24415,-2987
1016,1994,3,21440,22789,-1349
1016,1994,4,21440,19689,1751
1016,1994,5,21446,20889,557
1016,1994,6,32017,39989,-7972
1016,1994,7,21405,22889,-1484
1016,1994,8,21406,19789,1617
1016,1994,9,21411,19189,2222
1016,1994,10,21411,22489,-1078
1016,1994,11,21415,17989,3426
1016,1994,12,32059,25689,6370
1016,1995,1,21422,31689,-10267
1016,1995,2,21414,14589,6825
1016,1995,3,21439,20189,1250
1016,1995,4,21439,22089,-650
1016,1995,5,21433,21089,344
1016,1995,6,32028,36289,-4261
1016,1995,7,21426,16789,4637
1016,1995,8,21439,19289,2150
1016,1995,9,21440,23989,-2549
1016,1995,10,21440,16889,4551
1016,1995,11,21448,22089,-641
1016,1995,12,32065,29789,2276
1016,1996,1,21435,36089,-14654
1016,1996,2,21401,15789,5612
1016,1996,3,21423,17689,3734
1016,1996,4,21436,18989,2447
1016,1996,5,21452,15089,6363
1016,1996,6,32056,45189,-13133
1016,1996,7,21430,11789,9641
1016,1996,8,21484,17089,4395
1016,1996,9,23007,4789,18218
1016,1996,10,21558,13289,8269
1016,1996,11,21574,19589,1985
1016,1996,12,32233,15889,16344
1016,1997,1,21614,33389,-11775
1016,1997,2,21591,20789,802
1016,1997,3,21605,18689,2916
1016,1997,4,21607,22689,-1082
1016,1997,5,21606,27689,-6083
1016,1997,6,32189,40189,-8000
1016,1997,7,21562,14889,6673
1016,1997,8,21585,16089,5496
1016,1997,9,21594,21589,5
1016,1997,10,21612,14489,7123
1016,1997,11,21626,19489,2137
1016,1997,12,32272,21589,10683
1016,1998,1,21614,45589,-23975
1016,1998,2,21598,12689,8909
1016,1998,3,21609,21889,-280
1016,1998,4,21620,17589,4031
1016,1998,5,21627,20789,838
1016,1998,6,32256,48689,-16433
1016,1998,7,21593,10589,11004
1016,1998,8,21617,17589,4028
1016,1998,9,21630,22089,-459
1016,1998,10,21649,13089,8560
1016,1998,11,21653,21989,-336
1016,1998,12,32302,19374,12928
1017,1994,8,800,0,800
1017,1994,9,22125,0,22125
1017,1994,10,21280,12300,8980
1017,1994,11,21355,16700,4655
1017,1994,12,32005,20600,11405
1017,1995,1,21370,39307,-17937
1017,1995,2,21318,9184,12134
1017,1995,3,21328,23084,-1756
1017,1995,4,21346,14284,7062
1017,1995,5,21369,16584,4785
1017,1995,6,31931,34284,-2353
1017,1995,7,21374,17584,3790
1017,1995,8,21373,21784,-411
1017,1995,9,21379,19084,2295
1017,1995,10,21389,21884,-495
1017,1995,11,21382,20184,1198
1017,1995,12,31987,25084,6903
1017,1996,1,21359,39884,-18525
1017,1996,2,21352,16384,4968
1017,1996,3,21374,16684,4690
1017,1996,4,21378,20184,1194
1017,1996,5,21372,21784,-412
1017,1996,6,31994,25784,6210
1017,1996,7,21398,40884,-19486
1017,1996,8,21378,19884,1494
1017,1996,9,21383,20284,1099
1017,1996,10,21384,24884,-3500
1017,1996,11,21371,20584,787
1017,1996,12,31974,25484,6490
1017,1997,1,21371,34384,-13013
1017,1997,2,21346,18084,3262
1017,1997,3,21356,20584,772
1017,1997,4,21361,20484,877
1017,1997,5,21362,22184,-822
1017,1997,6,31947,29784,2163
1017,1997,7,21365,22984,-1619
1017,1997,8,21359,19484,1875
1017,1997,9,21364,20784,580
1017,1997,10,21366,20384,982
1017,1997,11,21367,21584,-217
1017,1997,12,31971,28284,3687
1017,1998,1,21362,31984,-10622
1017,1998,2,21337,19184,2153
1017,1998,3,21347,20184,1163
1017,1998,4,21348,22084,-736
1017,1998,5,21343,24984,-3641
1017,1998,6,31933,25484,6449
1017,1998,7,21339,29184,-7845
1017,1998,8,21310,26184,-4874
1017,1998,9,21297,21184,113
1017,1998,10,21290,23684,-2394
1017,1998,11,21278,24984,-3706
1017,1998,12,31901,7569,24332
1018,1993,6,4580,0,4580
1018,1993,7,14635,0,14635
1018,1993,8,8775,0,8775
1018,1993,9,4696,0,4696
1018,1993,10,4095,8277,-4182
1018,1993,11,4086,4957,-871
1018,1993,12,4084,5247,-1163
1018,1994,1,5972,7547,-1575
1018,1994,2,4070,3757,313
1018,1994,3,5469,4547,922
1018,1994,4,4074,7017,-2943
1018,1994,5,4062,5557,-1495
1018,1994,6,5151,7067,-1916
1018,1994,7,4447,4007,440
1018,1994,8,4051,2657,1394
1018,1994,9,6058,2657,3401
1018,1994,10,4068,5757,-1689
1018,1994,11,4062,4657,-595
1018,1994,12,4060,3467,593
1018,1995,1,4959,8147,-3188
1018,1995,2,4048,5557,-1509
1018,1995,3,4041,6057,-2016
1018,1995,4,6337,3467,2870
1018,1995,5,4050,3307,743
1018,1995,6,4030,11507,-7477
1018,1995,7,4019,3257,762
1018,1995,8,4423,2657,1766
1018,1995,9,4024,7157,-3133
1018,1995,10,5218,3227,1991
1018,1995,11,4023,4157,-134
1018,1995,12,4021,4657,-636
1018,1996,1,4016,4967,-951
1018,1996,2,4015,4357,-342
1018,1996,3,4015,3457,558
1018,1996,4,4015,4557,-542
1018,1996,5,4016,2657,1359
1018,1996,6,4011,6647,-2636
1018,1996,7,4011,2657,1354
1018,1996,8,4017,2657,1360
1018,1996,9,4021,2927,1094
1018,1996,10,4027,2657,1370
1018,1996,11,4032,2657,1375
1018,1996,12,4037,3527,510
1018,1997,1,4033,6947,-2914
1018,1997,2,4021,6457,-2436
1018,1997,3,4018,2657,1361
1018,1997,4,4023,2657,1366
1018,1997,5,4029,2657,1372
1018,1997,6,4021,7457,-3436
1018,1997,7,4020,2657,1363
1018,1997,8,4017,5957,-1940
1018,1997,9,4018,2657,1361
1018,1997,10,4009,7557,-3548
1018,1997,11,4008,2657,1351
1018,1997,12,4014,2657,1357
1018,1998,1,4017,4367,-350
1018,1998,2,4018,2657,1361
1018,1998,3,4011,7257,-3246
1018,1998,4,4008,3757,251
1018,1998,5,4011,2657,1354
1018,1998,6,4012,4757,-745
1018,1998,7,6424,2657,3767
1018,1998,8,5434,3797,1637
1018,1998,9,5341,2657,2684
1018,1998,10,4031,8947,-4916
1018,1998,11,7442,2657,4785
1018,1998,12,5454,2792,2662
1019,1993,1,1100,0,1100
1019,1993,2,23879,0,23879
1019,1993,3,19864,9600,10264
1019,1993,4,19902,12800,7102
1019,1993,5,19921,20700,-779
1019,1993,6,29825,27150,2675
1019,1993,7,19943,22479,-2536
1019,1993,8,19924,22899,-2975
1019,1993,9,19920,20879,-959
1019,1993,10,19905,23119,-3214
1019,1993,11,19896,22299,-2403
1019,1993,12,29769,30959,-1190
1019,1994,1,23445,36579,-13134
1019,1994,2,19846,13299,6547
1019,1994,3,19860,16739,3121
1019,1994,4,19885,13379,6506
1019,1994,5,19892,22419,-2527
1019,1994,6,29770,32739,-2969
1019,1994,7,19876,19079,797
1019,1994,8,19880,18079,1801
1019,1994,9,19876,24159,-4283
1019,1994,10,19870,17379,2491
1019,1994,11,19877,18479,1398
1019,1994,12,29773,23699,6074
1019,1995,1,19869,35539,-15670
1019,1995,2,19855,13779,6076
1019,1995,3,19869,17879,1990
1019,1995,4,19871,19919,-48
1019,1995,5,19878,17079,2799
1019,1995,6,29775,25179,4596
1019,1995,7,19889,24559,-4670
1019,1995,8,19869,23079,-3210
1019,1995,9,22590,14419,8171
1019,1995,10,19931,9779,10152
1019,1995,11,19950,16779,3171
1019,1995,12,29841,26559,3282
1019,1996,1,19927,47659,-27732
1019,1996,2,23395,9379,14016
1019,1996,3,19909,20439,-530
1019,1996,4,19909,20179,-270
1019,1996,5,19926,13779,6147
1019,1996,6,29817,38239,-8422
1019,1996,7,19919,12979,6940
1019,1996,8,19917,25159,-5242
1019,1996,9,19926,14119,5807
1019,1996,10,19944,14779,5165
1019,1996,11,19955,17979,1976
1019,1996,12,29847,38499,-8652
1019,1997,1,26423,36979,-10556
1019,1997,2,19909,9379,10530
1019,1997,3,19946,16679,3267
1019,1997,4,19966,19279,687
1019,1997,5,19951,24579,-4628
1019,1997,6,29843,30639,-796
1019,1997,7,19940,22459,-2519
1019,1997,8,19933,16979,2954
1019,1997,9,19940,19779,161
1019,1997,10,19940,22479,-2539
1019,1997,11,19927,21039,-1112
1019,1997,12,29816,26759,3057
1019,1998,1,19888,37619,-17731
1019,1998,2,19865,18879,986
1019,1998,3,19867,16539,3328
1019,1998,4,19882,19779,103
1019,1998,5,19878,25299,-5421
1019,1998,6,29759,21579,8180
1019,1998,7,19897,14179,5718
1019,1998,8,19919,14879,5040
1019,1998,9,19929,23279,-3350
1019,1998,10,19918,20079,-161
1019,1998,11,19918,18779,1139
1019,1998,12,29835,12064,17771
1020,1996,4,4096,0,4096
1020,1996,5,10031,0,10031
1020,1996,6,7063,0,7063
1020,1996,7,6090,0,6090
1020,1996,8,3102,1620,1482
1020,1996,9,3104,3204,-100
1020,1996,10,3097,4904,-1807
1020,1996,11,5607,2004,3603
1020,1996,12,3101,6184,-3083
1020,1997,1,3079,9614,-6535
1020,1997,2,3069,3404,-335
1020,1997,3,3061,5604,-2543
1020,1997,4,3563,2004,1559
1020,1997,5,3064,3964,-900
1020,1997,6,3059,4964,-1905
1020,1997,7,3051,3804,-753
1020,1997,8,3049,3384,-335
1020,1997,9,3047,3384,-337
1020,1997,10,3044,7104,-4060
1020,1997,11,3033,2804,229
1020,1997,12,3034,2004,1030
1020,1998,1,3038,2694,344
1020,1998,2,3040,2004,1036
1020,1998,3,3044,2004,1040
1020,1998,4,3046,3414,-368
1020,1998,5,3046,2274,772
1020,1998,6,3050,2004,1046
1020,1998,7,3055,2004,1051
1020,1998,8,3059,2004,1055
1020,1998,9,3063,2004,1059
1020,1998,10,3061,4284,-1223
1020,1998,11,3061,2694,367
1020,1998,12,3064,2319,745
1021,1996,11,1000,0,1000
1021,1996,12,3389,0,3389
1021,1997,1,3389,0,3389
1021,1997,2,3389,0,3389
1021,1997,3,3389,0,3389
1021,1997,4,3441,2274,1167
1021,1997,5,3458,2274,1184
1021,1997,6,3453,6264,-2811
1021,1997,7,3452,2274,1178
1021,1997,8,3456,2274,1182
1021,1997,9,3457,4404,-947
1021,1997,10,3457,3054,403
1021,1997,11,3460,2274,1186
1021,1997,12,3461,4204,-743
1021,1998,1,3452,6804,-3352
1021,1998,2,3447,2274,1173
1021,1998,3,3452,2274,1178
1021,1998,4,3457,2274,1183
1021,1998,5,3462,2274,1188
1021,1998,6,3466,2694,772
1021,1998,7,3470,2274,1196
1021,1998,8,3474,2754,720
1021,1998,9,3478,2274,1204
1021,1998,10,3483,2274,1209
1021,1998,11,3488,2274,1214
1021,1998,12,3492,3129,363
1022,1994,8,13302,0,13302
1022,1994,9,5655,0,5655
1022,1994,10,1655,0,1655
1022,1994,11,2455,0,2455
1022,1994,12,655,0,655
1022,1995,1,55,200,-145
1022,1995,2,11308,1900,9408
1022,1995,3,537,0,537
1022,1995,4,42382,22500,19882
1022,1995,5,222,11200,-10978
1022,1995,6,82659,70900,11759
1022,1995,7,225,9600,-9375
1022,1995,8,9771,14630,-4859
1022,1995,9,1466,2447,-981
1022,1995,10,22487,20467,2020
1022,1995,11,51752,24330,27422
1022,1995,12,3700,26412,-22712
1022,1996,1,10850,34834,-23984
1022,1996,2,14293,30,14263
1022,1996,3,34930,21730,13200
1022,1996,4,1594,15066,-13472
1022,1996,5,30657,7889,22768
1022,1996,6,14783,28623,-13840
1022,1996,7,16190,13554,2636
1022,1996,8,12208,5131,7077
1022,1996,9,6627,30,6597
1022,1996,10,17702,37792,-20090
1022,1996,11,9668,12868,-3200
1022,1996,12,11063,5730,5333
1022,1997,1,150910,118230,32680
1022,1997,2,79324,89630,-10306
1022,1997,3,32167,22356,9811
1022,1997,4,8418,28141,-19723
1022,1997,5,22018,6168,15850
1022,1997,6,7454,37830,-30376
1022,1997,7,143358,119230,24128
1022,1997,8,65599,29822,35777
1022,1997,9,378,17230,-16852
1022,1997,10,101753,93325,8428
1022,1997,11,33189,52110,-18921
1022,1997,12,18640,38329,-19689
1022,1998,1,44673,53430,-8757
1022,1998,2,90965,66072,24893
1022,1998,3,39867,7530,32337
1022,1998,4,48230,111970,-63740
1022,1998,5,85017,60930,24087
1022,1998,6,13669,8730,4939
1022,1998,7,26658,2330,24328
1022,1998,8,74193,112930,-38737
1022,1998,9,24561,8730,15831
1022,1998,10,31086,30,31056
1022,1998,11,100070,128830,-28760
1022,1998,12,55566,40000,15566
1023,1993,8,1100,0,1100
1023,1993,9,21036,0,21036
1023,1993,10,18393,9700,8693
1023,1993,11,18425,11500,6925
1023,1993,12,27599,18500,9099
1023,1994,1,18473,18975,-502
1023,1994,2,18471,18315,156
1023,1994,3,18464,22875,-4411
1023,1994,4,18453,18415,38
1023,1994,5,18439,26775,-8336
1023,1994,6,27559,34035,-6476
1023,1994,7,18408,12915,5493
1023,1994,8,18432,13635,4797
1023,1994,9,18428,21275,-2847
1023,1994,10,18434,14915,3519
1023,1994,11,18441,17115,1326
1023,1994,12,27598,22815,4783
1023,1995,1,18494,31675,-13181
1023,1995,2,18450,6415,12035
1023,1995,3,18450,20415,-1965
1023,1995,4,18447,19015,-568
1023,1995,5,18464,20315,-1851
1023,1995,6,27647,8515,19132
1023,1995,7,18504,23835,-5331
1023,1995,8,18493,21555,-3062
1023,1995,9,18489,16915,1574
1023,1995,10,18499,15915,2584
1023,1995,11,18497,19515,-1018
1023,1995,12,27659,44415,-16756
1023,1996,1,18449,24575,-6126
1023,1996,2,18402,15915,2487
1023,1996,3,18411,19015,-604
1023,1996,4,18409,18315,94
1023,1996,5,18410,18515,-105
1023,1996,6,27581,29275,-1694
1023,1996,7,18443,19715,-1272
1023,1996,8,18394,21215,-2821
1023,1996,9,18384,19215,-831
1023,1996,10,18391,21415,-3024
1023,1996,11,18379,15515,2864
1023,1996,12,27525,20615,6910
1023,1997,1,18407,29715,-11308
1023,1997,2,18399,20415,-2016
1023,1997,3,18357,14015,4342
1023,1997,4,18372,21815,-3443
1023,1997,5,18359,16315,2044
1023,1997,6,27539,32055,-4516
1023,1997,7,18375,17695,680
1023,1997,8,18351,16415,1936
1023,1997,9,18359,16815,1544
1023,1997,10,18364,17715,649
1023,1997,11,18371,14415,3956
1023,1997,12,27535,22915,4620
1023,1998,1,18381,29635,-11254
1023,1998,2,18355,17515,840
1023,1998,3,18360,16415,1945
1023,1998,4,18360,21315,-2955
1023,1998,5,18369,1115,17254
1023,1998,6,27538,37295,-9757
1023,1998,7,18365,28415,-10050
1023,1998,8,18345,15,18330
1023,1998,9,18380,36615,-18235
1023,1998,10,18345,15,18330
1023,1998,11,18377,36815,-18438
1023,1998,12,27507,2600,24907
1024,1997,5,3722,0,3722
1024,1997,6,3128,0,3128
1024,1997,7,3128,0,3128
1024,1997,8,3128,0,3128
1024,1997,9,3129,15,3114
1024,1997,10,3182,2089,1093
1024,1997,11,3187,2089,1098
1024,1997,12,3188,2989,199
1024,1998,1,3182,7399,-4217
1024,1998,2,3174,2089,1085
1024,1998,3,3179,2089,1090
1024,1998,4,3184,2089,1095
1024,1998,5,3188,2089,1099
1024,1998,6,3186,4879,-1693
1024,1998,7,3186,2089,1097
1024,1998,8,3190,2089,1101
1024,1998,9,3193,2629,564
1024,1998,10,3192,4129,-937
1024,1998,11,3193,2089,1104
1024,1998,12,3196,2764,432
1026,1997,9,18239,0,18239
1026,1997,10,23835,0,23835
1026,1997,11,17381,8000,9381
1026,1997,12,26034,9200,16834
1026,1998,1,17425,35949,-18524
1026,1998,2,17411,8449,8962
1026,1998,3,17415,19249,-1834
1026,1998,4,17402,20649,-3247
1026,1998,5,17387,25649,-8262
1026,1998,6,26009,22749,3260
1026,1998,7,17416,18849,-1433
1026,1998,8,17397,17749,-352
1026,1998,9,17396,15549,1847
1026,1998,10,17403,16749,654
1026,1998,11,17398,19749,-2351
1026,1998,12,26003,16914,9089
1027,1997,7,800,0,800
1027,1997,8,13196,0,13196
1027,1997,9,3930,2300,1630
1027,1997,10,3935,3000,935
1027,1997,11,3944,500,3444
1027,1997,12,3952,3515,437
1027,1998,1,3949,6462,-2513
1027,1998,2,3945,6632,-2687
1027,1998,3,3927,6872,-2945
1027,1998,4,3924,2132,1792
1027,1998,5,3930,2822,1108
1027,1998,6,3926,5702,-1776
1027,1998,7,3928,2732,1196
1027,1998,8,3933,2132,1801
1027,1998,9,3939,3152,787
1027,1998,10,3943,3122,821
1027,1998,11,3947,2132,1815
1027,1998,12,3955,2387,1568
1028,1996,3,400,0,400
1028,1996,4,12200,0,12200
1028,1996,5,5600,0,5600
1028,1996,6,2900,0,2900
1028,1996,7,600,0,600
1028,1996,8,2100,0,2100
1028,1996,9,400,0,400
1028,1996,10,0,1800,-1800
1028,1996,11,0,700,-700
1028,1996,12,0,1300,-1300
1028,1997,1,0,4900,-4900
1028,1997,2,0,1700,-1700
1028,1997,3,700,0,700
1028,1997,4,0,2200,-2200
1028,1997,6,600,0,600
1028,1997,7,4100,0,4100
1028,1997,9,300,0,300
1028,1997,10,500,0,500
1028,1997,11,600,0,600
1028,1997,12,0,1200,-1200
1028,1998,1,2500,0,2500
1028,1998,2,700,0,700
1028,1998,3,0,500,-500
1028,1998,4,1000,0,1000
1028,1998,5,0,1400,-1400
1028,1998,6,900,0,900
1028,1998,7,200,0,200
1028,1998,8,0,3800,-3800
1028,1998,9,0,2900,-2900
1028,1998,10,0,4300,-4300
1029,1996,6,600,0,600
1029,1996,7,27689,600,27089
1029,1996,8,87720,19715,68005
1029,1996,9,35397,64606,-29209
1029,1996,10,9203,29647,-20444
1029,1996,11,76400,71493,4907
1029,1996,12,40951,49660,-8709
1029,1997,1,87993,71712,16281
1029,1997,2,29223,51593,-22370
1029,1997,3,19742,20693,-951
1029,1997,4,74486,36597,37889
1029,1997,5,12339,45854,-33515
1029,1997,6,71509,47393,24116
1029,1997,7,20473,52843,-32370
1029,1997,8,30717,8493,22224
1029,1997,9,48908,38093,10815
1029,1997,10,61503,91684,-30181
1029,1997,11,54028,11793,42235
1029,1997,12,69276,96693,-27417
1029,1998,1,25613,42093,-16480
1029,1998,2,60728,23593,37135
1029,1998,3,93235,85342,7893
1029,1998,4,36865,13593,23272
1029,1998,5,243886,292181,-48295
1029,1998,6,42228,63842,-21614
1029,1998,7,146895,85093,61802
1029,1998,8,321,26793,-26472
1029,1998,9,37381,23093,14288
1029,1998,10,127079,122893,4186
1029,1998,11,36343,34971,1372
1029,1998,12,68277,96478,-28201
1030,1995,11,1100,0,1100
1030,1995,12,6364,0,6364
1030,1996,1,6364,0,6364
1030,1996,2,6364,0,6364
1030,1996,3,6432,2600,3832
1030,1996,4,6471,7319,-848
1030,1996,5,6463,6129,334
1030,1996,6,6460,6829,-369
1030,1996,7,6463,5509,954
1030,1996,8,6464,6229,235
1030,1996,9,6469,4929,1540
1030,1996,10,6478,4829,1649
1030,1996,11,6485,4729,1756
1030,1996,12,6478,8059,-1581
1030,1997,1,6455,18029,-11574
1030,1997,2,6438,3629,2809
1030,1997,3,6458,1729,4729
1030,1997,4,6471,3429,3042
1030,1997,5,6489,1729,4760
1030,1997,6,6456,16049,-9593
1030,1997,7,6469,1729,4740
1030,1997,8,6485,2829,3656
1030,1997,9,6489,7029,-540
1030,1997,10,6490,4909,1581
1030,1997,11,6502,3629,2873
1030,1997,12,6506,6879,-373
1030,1998,1,6500,13209,-6709
1030,1998,2,6484,5489,995
1030,1998,3,6496,1729,4767
1030,1998,4,6516,1729,4787
1030,1998,5,6534,4209,2325
1030,1998,6,6525,11249,-4724
1030,1998,7,6525,4729,1796
1030,1998,8,6529,2609,3920
1030,1998,9,6546,5129,1417
1030,1998,10,6553,4229,2324
1030,1998,11,6559,8229,-1670
1030,1998,12,6558,2414,4144
1031,1995,6,900,0,900
1031,1995,7,21241,0,21241
1031,1995,8,17313,8200,9113
1031,1995,9,17349,9200,8149
1031,1995,10,17376,13200,4176
1031,1995,11,17389,20330,-2941
1031,1995,12,25995,27130,-1135
1031,1996,1,17352,32790,-15438
1031,1996,2,17321,12930,4391
1031,1996,3,17333,15930,1403
1031,1996,4,17342,14430,2912
1031,1996,5,17355,13730,3625
1031,1996,6,25984,22350,3634
1031,1996,7,17372,20530,-3158
1031,1996,8,17349,22030,-4681
1031,1996,9,17338,18530,-1192
1031,1996,10,17335,17630,-295
1031,1996,11,17334,18610,-1276
1031,1996,12,25941,23290,2651
1031,1997,1,17302,34670,-17368
1031,1997,2,17298,8230,9068
1031,1997,3,17314,16190,1124
1031,1997,4,17328,11830,5498
1031,1997,5,17336,23590,-6254
1031,1997,6,25888,39570,-13682
1031,1997,7,20192,7630,12562
1031,1997,8,22551,7630,14921
1031,1997,9,17380,13270,4110
1031,1997,10,17400,12330,5070
1031,1997,11,17421,13770,3651
1031,1997,12,26063,15130,10933
1031,1998,1,17404,42110,-24706
1031,1998,2,17693,7630,10063
1031,1998,3,19014,18790,224
1031,1998,4,17414,14730,2684
1031,1998,5,17425,14630,2795
1031,1998,6,26013,41070,-15057
1031,1998,7,17386,10530,6856
1031,1998,8,17395,17610,-215
1031,1998,9,17396,15350,2046
1031,1998,10,17404,16530,874
1031,1998,11,17392,22170,-4778
1031,1998,12,26020,15795,10225
1032,1993,4,400,0,400
1032,1993,5,49796,12000,37796
1032,1993,6,74962,56100,18862
1032,1993,7,50126,60600,-10474
1032,1993,8,49973,36500,13473
1032,1993,9,50060,56315,-6255
1032,1993,10,50004,37515,12489
1032,1993,11,49976,82115,-32139
1032,1993,12,74826,79915,-5089
1032,1994,1,53791,57962,-4171
1032,1994,2,49883,48769,1114
1032,1994,3,49905,26815,23090
1032,1994,4,50011,41515,8496
1032,1994,5,50047,54115,-4068
1032,1994,6,74909,101915,-27006
1032,1994,7,49956,32773,17183
1032,1994,8,49970,39460,10510
1032,1994,9,50010,39515,10495
1032,1994,10,49964,75214,-25250
1032,1994,11,50018,44006,6012
1032,1994,12,74855,75515,-660
1032,1995,1,50029,59515,-9486
1032,1995,2,49959,27415,22544
1032,1995,3,50029,38715,11314
1032,1995,4,50068,59115,-9047
1032,1995,5,50047,69315,-19268
1032,1995,6,77025,82615,-5590
1032,1995,7,49987,31349,18638
1032,1995,8,50020,37315,12705
1032,1995,9,50003,85915,-35912
1032,1995,10,49965,21215,28750
1032,1995,11,50067,41915,8152
1032,1995,12,74962,95415,-20453
1032,1996,1,49988,72715,-22727
1032,1996,2,49911,40326,9585
1032,1996,3,49924,48271,1653
1032,1996,4,49955,53253,-3298
1032,1996,5,49952,39852,10100
1032,1996,6,74852,79462,-4610
1032,1996,7,49959,52564,-2605
1032,1996,8,49952,41804,8148
1032,1996,9,50013,29115,20898
1032,1996,10,49970,67415,-17445
1032,1996,11,50039,26515,23524
1032,1996,12,74921,85489,-10568
1032,1997,1,49952,78818,-28866
1032,1997,2,53024,35482,17542
1032,1997,3,50018,38215,11803
1032,1997,4,50113,57092,-6979
1032,1997,5,50160,31815,18345
1032,1997,6,75015,61295,13720
1032,1997,7,50141,37953,12188
1032,1997,8,50035,98239,-48204
1032,1997,9,50084,29096,20988
1032,1997,10,50189,12615,37574
1032,1997,11,50089,96249,-46160
1032,1997,12,74942,81877,-6935
1032,1998,1,53819,60963,-7144
1032,1998,2,50021,21778,28243
1032,1998,3,50193,50915,-722
1032,1998,4,50162,67221,-17059
1032,1998,5,50054,28715,21339
1032,1998,6,75008,92956,-17948
1032,1998,7,50065,37615,12450
1032,1998,8,50164,46615,3549
1032,1998,9,50099,60815,-10716
1032,1998,10,50044,37915,12129
1032,1998,11,50227,55815,-5588
1032,1998,12,75056,48513,26543
1033,1997,8,1100,0,1100
1033,1997,9,14400,0,14400
1033,1997,10,6200,0,6200
1033,1997,11,3900,0,3900
1033,1997,12,3100,0,3100
1033,1998,1,0,5200,-5200
1033,1998,2,0,4200,-4200
1033,1998,3,0,400,-400
1033,1998,4,20568,0,20568
1033,1998,5,164,5700,-5536
1033,1998,6,6627,3500,3127
1033,1998,7,153,11600,-11447
1033,1998,8,107,500,-393
1033,1998,9,107,900,-793
1033,1998,10,107,2100,-1993
1033,1998,11,0,4300,-4300
1034,1997,4,7449,0,7449
1034,1997,5,17106,0,17106
1034,1997,6,13732,0,13732
1034,1997,7,6497,3100,3397
1034,1997,8,6506,5215,1291
1034,1997,9,6495,9234,-2739
1034,1997,10,6497,7334,-837
1034,1997,11,6496,9174,-2678
1034,1997,12,9853,6754,3099
1034,1998,1,12250,21714,-9464
1034,1998,2,7256,9994,-2738
1034,1998,3,6449,7034,-585
1034,1998,4,6446,8834,-2388
1034,1998,5,6435,9434,-2999
1034,1998,6,9596,9334,262
1034,1998,7,6424,8234,-1810
1034,1998,8,6416,8234,-1818
1034,1998,9,6405,8874,-2469
1034,1998,10,7188,8434,-1246
1034,1998,11,10098,4234,5864
1034,1998,12,9591,5179,4412
1035,1997,4,700,0,700
1035,1997,5,20360,0,20360
1035,1997,6,28648,12700,15948
1035,1997,7,19175,18500,675
1035,1997,8,19180,17500,1680
1035,1997,9,19198,21951,-2753
1035,1997,10,19196,17151,2045
1035,1997,11,19225,22651,-3426
1035,1997,12,28708,33951,-5243
1035,1998,1,19149,25651,-6502
1035,1998,2,19160,8951,10209
1035,1998,3,19189,16451,2738
1035,1998,4,19202,13151,6051
1035,1998,5,19219,16251,2968
1035,1998,6,28748,32051,-3303
1035,1998,7,19228,12051,7177
1035,1998,8,19241,17651,1590
1035,1998,9,19247,17751,1496
1035,1998,10,19243,21751,-2508
1035,1998,11,19240,17951,1289
1035,1998,12,28775,23536,5239
1036,1996,1,600,0,600
1036,1996,2,24209,1100,23109
1036,1996,3,24288,11100,13188
1036,1996,4,24327,20000,4327
1036,1996,5,24343,20800,3543
1036,1996,6,36458,41310,-4852
1036,1996,7,24356,17710,6646
1036,1996,8,24389,22310,2079
1036,1996,9,24370,25710,-1340
1036,1996,10,24362,26310,-1948
1036,1996,11,24360,23010,1350
1036,1996,12,36459,35110,1349
1036,1997,1,24367,35910,-11543
1036,1997,2,24322,22610,1712
1036,1997,3,24345,17110,7235
1036,1997,4,24405,21510,2895
1036,1997,5,24371,22310,2061
1036,1997,6,36471,42910,-6439
1036,1997,7,24357,21510,2847
1036,1997,8,24372,22910,1462
1036,1997,9,24370,23210,1160
1036,1997,10,24383,25210,-827
1036,1997,11,24381,20610,3771
1036,1997,12,36497,27310,9187
1036,1998,1,24392,39410,-15018
1036,1998,2,24378,19310,5068
1036,1998,3,24390,21410,2980
1036,1998,4,24399,22810,1589
1036,1998,5,24377,31710,-7333
1036,1998,6,36475,33210,3265
1036,1998,7,24375,26910,-2535
1036,1998,8,24402,20810,3592
1036,1998,9,24426,13910,10516
1036,1998,10,24446,20410,4036
1036,1998,11,24450,22610,1840
1036,1998,12,36573,27895,8678
1037,1997,2,500,0,500
1037,1997,3,21088,0,21088
1037,1997,4,18159,8300,9859
1037,1997,5,18195,11700,6495
1037,1997,6,27256,16800,10456
1037,1997,7,18265,25436,-7171
1037,1997,8,18249,16436,1813
1037,1997,9,18253,17336,917
1037,1997,10,18256,21336,-3080
1037,1997,11,18256,14236,4020
1037,1997,12,27308,21436,5872
1037,1998,1,18270,21436,-3166
1037,1998,2,18276,13536,4740
1037,1998,3,18288,18136,152
1037,1998,4,18289,17236,1053
1037,1998,5,18294,16836,1458
1037,1998,6,27332,29036,-1704
1037,1998,7,18298,14936,3362
1037,1998,8,18297,20136,-1839
1037,1998,9,18300,14436,3864
1037,1998,10,18305,18436,-131
1037,1998,11,18306,19736,-1430
1037,1998,12,27345,22821,4524
1038,1995,4,400,0,400
1038,1995,5,3221,0,3221
1038,1995,6,3221,0,3221
1038,1995,7,3221,0,3221
1038,1995,8,3221,0,3221
1038,1995,9,3258,3602,-344
1038,1995,10,3283,2162,1121
1038,1995,11,3281,2882,399
1038,1995,12,3283,2942,341
1038,1996,1,3280,5192,-1912
1038,1996,2,3278,2162,1116
1038,1996,3,3283,2372,911
1038,1996,4,3286,2162,1124
1038,1996,5,3296,2342,954
1038,1996,6,3288,6752,-3464
1038,1996,7,3280,2162,1118
1038,1996,8,3285,2162,1123
1038,1996,9,3291,3752,-461
1038,1996,10,3288,2162,1126
1038,1996,11,3294,2432,862
1038,1996,12,3296,2492,804
1038,1997,1,3289,6242,-2953
1038,1997,2,3292,2162,1130
1038,1997,3,3296,2552,744
1038,1997,4,3300,2162,1138
1038,1997,5,3300,2162,1138
1038,1997,6,3295,5612,-2317
1038,1997,7,3300,2162,1138
1038,1997,8,3299,2162,1137
1038,1997,9,3301,3482,-181
1038,1997,10,3303,2162,1141
1038,1997,11,3308,3362,-54
1038,1997,12,3307,2552,755
1038,1998,1,3294,8732,-5438
1038,1998,2,3293,2162,1131
1038,1998,3,3291,3362,-71
1038,1998,4,3292,2162,1130
1038,1998,5,3294,3332,-38
1038,1998,6,3292,5342,-2050
1038,1998,7,3294,2162,1132
1038,1998,8,3293,2162,1131
1038,1998,9,3298,2162,1136
1038,1998,10,3302,2162,1140
1038,1998,11,3307,2162,1145
1038,1998,12,3312,2627,685
1039,1993,5,32477,0,32477
1039,1993,6,135,6100,-5965
1039,1993,7,135,3500,-3365
1039,1993,8,2435,0,2435
1039,1993,9,21043,2500,18543
1039,1993,10,25222,12100,13122
1039,1993,11,16723,18600,-1877
1039,1993,12,230,13500,-13270
1039,1994,1,82762,66630,16132
1039,1994,2,7503,14130,-6627
1039,1994,3,85989,60830,25159
1039,1994,4,317,22930,-22613
1039,1994,5,64876,18730,46146
1039,1994,6,45036,68430,-23394
1039,1994,7,57445,26030,31415
1039,1994,8,28896,73730,-44834
1039,1994,9,68138,72830,-4692
1039,1994,10,104215,59530,44685
1039,1994,11,24802,46130,-21328
1039,1994,12,113393,145930,-32537
1039,1995,1,43817,47830,-4013
1039,1995,2,40596,30,40566
1039,1995,3,52638,90435,-37797
1039,1995,4,72919,63929,8990
1039,1995,5,41493,39099,2394
1039,1995,6,32601,33066,-465
1039,1995,7,238,16822,-16584
1039,1995,8,104053,70840,33213
1039,1995,9,301,21830,-21529
1039,1995,10,46832,35741,11091
1039,1995,11,46432,44529,1903
1039,1995,12,20240,30781,-10541
1039,1996,1,197,23730,-23533
1039,1996,2,3737,30,3707
1039,1996,3,153957,105930,48027
1039,1996,4,36247,72919,-36672
1039,1996,5,70026,24930,45096
1039,1996,6,48661,65684,-17023
1039,1996,7,9537,41613,-32076
1039,1996,8,26194,8655,17539
1039,1996,9,42316,11542,30774
1039,1996,10,380,19730,-19350
1039,1996,11,64435,47938,16497
1039,1996,12,313,28319,-28006
1039,1997,1,10515,40240,-29725
1039,1997,2,34477,23143,11334
1039,1997,3,100207,74124,26083
1039,1997,4,75643,57362,18281
1039,1997,5,359,15330,-14971
1039,1997,6,168445,136130,32315
1039,1997,7,102640,105521,-2881
1039,1997,8,141128,135730,5398
1039,1997,9,62927,76677,-13750
1039,1997,10,85051,64630,20421
1039,1997,11,412,30159,-29747
1039,1997,12,19853,44948,-25095
1039,1998,1,27901,32430,-4529
1039,1998,2,22232,18063,4169
1039,1998,3,79144,64930,14214
1039,1998,4,22424,18030,4394
1039,1998,5,52311,44393,7918
1039,1998,6,22681,7874,14807
1039,1998,7,36334,55230,-18896
1039,1998,8,164991,142530,22461
1039,1998,9,424,7530,-7106
1039,1998,10,16553,34915,-18362
1039,1998,11,29890,1230,28660
1039,1998,12,14063,15797,-1734
1040,1996,5,1000,0,1000
1040,1996,8,65349,11800,53549
1040,1996,9,20278,19900,378
1040,1996,10,228,16900,-16672
1040,1996,11,228,11100,-10872
1040,1996,12,228,3300,-3072
1040,1997,1,16730,11000,5730
1040,1997,2,74911,36508,38403
1040,1997,3,26209,65656,-39447
1040,1997,4,50780,15823,34957
1040,1997,5,199,26323,-26124
1040,1997,6,109843,81386,28457
1040,1997,7,144692,142023,2669
1040,1997,8,146357,139223,7134
1040,1997,9,8957,49202,-40245
1040,1997,10,17581,21123,-3542
1040,1997,11,95382,51797,43585
1040,1997,12,10510,49442,-38932
1040,1998,1,34741,50723,-15982
1040,1998,2,2092,7023,-4931
1040,1998,3,70232,10223,60009
1040,1998,4,60905,75523,-14618
1040,1998,5,11481,31123,-19642
1040,1998,6,27008,16423,10585
1040,1998,7,57821,22323,35498
1040,1998,8,240,37223,-36983
1040,1998,9,149,18523,-18374
1040,1998,10,100,10123,-10023
1040,1998,11,1775,7023,-5248
1040,1998,12,31892,7008,24884
1042,1994,4,12976,0,12976
1042,1994,5,15837,0,15837
1042,1994,6,18224,2600,15624
1042,1994,7,12233,10600,1633
1042,1994,8,12245,20215,-7970
1042,1994,9,12206,13715,-1509
1042,1994,10,12252,9315,2937
1042,1994,11,12209,13615,-1406
1042,1994,12,18262,15915,2347
1042,1995,1,12204,22015,-9811
1042,1995,2,12193,7215,4978
1042,1995,3,12194,11015,1179
1042,1995,4,12201,6015,6186
1042,1995,5,12224,12515,-291
1042,1995,6,20740,33215,-12475
1042,1995,7,12175,6215,5960
1042,1995,8,12201,5615,6586
1042,1995,9,12226,8015,4211
1042,1995,10,12240,11915,325
1042,1995,11,12243,10915,1328
1042,1995,12,18290,19215,-925
1042,1996,1,12235,22915,-10680
1042,1996,2,12216,6515,5701
1042,1996,3,12229,6915,5314
1042,1996,4,12258,11115,1143
1042,1996,5,12251,10915,1336
1042,1996,6,18256,29115,-10859
1042,1996,7,12215,7915,4300
1042,1996,8,12233,8715,3518
1042,1996,9,12242,14715,-2473
1042,1996,10,12236,9315,2921
1042,1996,11,12249,11615,634
1042,1996,12,18276,19115,-839
1042,1997,1,12224,19715,-7491
1042,1997,2,12207,15415,-3208
1042,1997,3,12204,11715,489
1042,1997,4,12201,11115,1086
1042,1997,5,12204,11815,389
1042,1997,6,18240,12415,5825
1042,1997,7,12227,14715,-2488
1042,1997,8,12218,12415,-197
1042,1997,9,12198,18415,-6217
1042,1997,10,12220,11715,505
1042,1997,11,12192,14015,-1823
1042,1997,12,18233,8015,10218
1042,1998,1,12203,22115,-9912
1042,1998,2,12213,615,11598
1042,1998,3,12244,8815,3429
1042,1998,4,12258,7715,4543
1042,1998,5,12274,10015,2259
1042,1998,6,18308,15115,3193
1042,1998,7,12268,19515,-7247
1042,1998,8,12259,12915,-656
1042,1998,9,12239,15615,-3376
1042,1998,10,12247,10515,1732
1042,1998,11,12247,13715,-1468
1042,1998,12,18266,17700,566
1043,1997,8,1000,0,1000
1043,1997,9,26053,0,26053
1043,1997,10,24321,14400,9921
1043,1997,11,24390,3800,20590
1043,1997,12,36578,12200,24378
1043,1998,1,24508,32788,-8280
1043,1998,2,24486,25348,-862
1043,1998,3,24492,28148,-3656
1043,1998,4,24488,23448,1040
1043,1998,5,24464,30308,-5844
1043,1998,6,36512,36168,344
1043,1998,7,24476,21448,3028
1043,1998,8,24464,26448,-1984
1043,1998,9,24452,25548,-1096
1043,1998,10,24461,20648,3813
1043,1998,11,24484,23848,636
1043,1998,12,36584,29433,7151
1044,1995,11,500,0,500
1044,1995,12,22956,700,22256
1044,1996,1,15370,9600,5770
1044,1996,2,15399,8200,7199
1044,1996,3,15410,14000,1410
1044,1996,4,15396,21383,-5987
1044,1996,5,15400,12683,2717
1044,1996,6,23040,20183,2857
1044,1996,7,15397,23083,-7686
1044,1996,8,15383,14483,900
1044,1996,9,15417,5783,9634
1044,1996,10,15440,10583,4857
1044,1996,11,15461,10283,5178
1044,1996,12,23112,19583,3529
1044,1997,1,15460,27983,-12523
1044,1997,2,15459,6583,8876
1044,1997,3,15475,12283,3192
1044,1997,4,15472,16783,-1311
1044,1997,5,15467,16583,-1116
1044,1997,6,23131,18683,4448
1044,1997,7,15482,32383,-16901
1044,1997,8,15450,15283,167
1044,1997,9,15450,17283,-1833
1044,1997,10,15437,20683,-5246
1044,1997,11,15419,16583,-1164
1044,1997,12,23058,25083,-2025
1044,1998,1,17555,26583,-9028
1044,1998,2,15369,11083,4286
1044,1998,3,15382,19783,-4401
1044,1998,4,15368,11683,3685
1044,1998,5,15377,17883,-2506
1044,1998,6,23016,16683,6333
1044,1998,7,15390,20983,-5593
1044,1998,8,15366,18283,-2917
1044,1998,9,15358,13383,1975
1044,1998,10,15360,17883,-2523
1044,1998,11,15350,16983,-1633
1044,1998,12,23011,4168,18843
1045,1996,5,7150,0,7150
1045,1996,6,6363,0,6363
1045,1996,7,6363,0,6363
1045,1996,8,6407,1000,5407
1045,1996,9,6440,5415,1025
1045,1996,10,6440,6145,295
1045,1996,11,6438,7985,-1547
1045,1996,12,6436,5345,1091
1045,1997,1,6424,19465,-13041
1045,1997,2,6397,5025,1372
1045,1997,3,6404,1745,4659
1045,1997,4,6424,1745,4679
1045,1997,5,6442,2045,4397
1045,1997,6,6448,5845,603
1045,1997,7,6450,7325,-875
1045,1997,8,6442,7745,-1303
1045,1997,9,6430,10045,-3615
1045,1997,10,6418,12185,-5767
1045,1997,11,6406,7845,-1439
1045,1997,12,6408,2495,3913
1045,1998,1,6411,12885,-6474
1045,1998,2,6397,5665,732
1045,1998,3,6402,1945,4457
1045,1998,4,6413,8025,-1612
1045,1998,5,6412,7445,-1033
1045,1998,6,6401,10845,-4444
1045,1998,7,6389,3265,3124
1045,1998,8,6404,1745,4659
1045,1998,9,6416,11745,-5329
1045,1998,10,6401,1745,4656
1045,1998,11,6409,11985,-5576
1045,1998,12,6397,1730,4667
1046,1995,4,700,0,700
1046,1995,5,17447,0,17447
1046,1995,6,16754,7300,9454
1046,1995,7,11226,8000,3226
1046,1995,8,11234,10000,1234
1046,1995,9,11230,13914,-2684
1046,1995,10,11227,11214,13
1046,1995,11,11225,11714,-489
1046,1995,12,16890,13174,3716
1046,1996,1,11205,28134,-16929
1046,1996,2,12678,10054,2624
1046,1996,3,11387,14854,-3467
1046,1996,4,14304,11014,3290
1046,1996,5,16831,7414,9417
1046,1996,6,16740,30214,-13474
1046,1996,7,11877,7414,4463
1046,1996,8,14503,9574,4929
1046,1996,9,12619,7414,5205
1046,1996,10,11227,10754,473
1046,1996,11,11230,10414,816
1046,1996,12,16792,14774,2018
1046,1997,1,15126,21334,-6208
1046,1997,2,17644,7414,10230
1046,1997,3,11251,12954,-1703
1046,1997,4,14355,11494,2861
1046,1997,5,11259,12774,-1515
1046,1997,6,16831,8614,8217
1046,1997,7,11281,12714,-1433
1046,1997,8,11262,22614,-11352
1046,1997,9,11246,12634,-1388
1046,1997,10,11233,13314,-2081
1046,1997,11,11228,11614,-386
1046,1997,12,16784,20554,-3770
1046,1998,1,15589,19654,-4065
1046,1998,2,11194,8814,2380
1046,1998,3,11202,11554,-352
1046,1998,4,14604,7414,7190
1046,1998,5,11229,11374,-145
1046,1998,6,16800,11414,5386
1046,1998,7,11241,12934,-1693
1046,1998,8,11239,13394,-2155
1046,1998,9,11236,10414,822
1046,1998,10,11237,12814,-1577
1046,1998,11,11233,9114,2119
1046,1998,12,16809,9479,7330
1047,1994,6,10589,0,10589
1047,1994,7,14588,0,14588
1047,1994,8,6614,0,6614
1047,1994,9,6637,3100,3537
1047,1994,10,6661,4415,2246
1047,1994,11,6651,10354,-3703
1047,1994,12,9901,7894,2007
1047,1995,1,8131,16474,-8343
1047,1995,2,9530,7834,1696
1047,1995,3,8539,4354,4185
1047,1995,4,6647,5354,1293
1047,1995,5,6649,6454,195
1047,1995,6,9904,8454,1450
1047,1995,7,6653,7154,-501
1047,1995,8,6650,7534,-884
1047,1995,9,6641,8454,-1813
1047,1995,10,6628,10054,-3426
1047,1995,11,6631,4754,1877
1047,1995,12,9895,10454,-559
1047,1996,1,6595,17614,-11019
1047,1996,2,6792,4354,2438
1047,1996,3,8308,4354,3954
1047,1996,4,6615,7774,-1159
1047,1996,5,6594,11314,-4720
1047,1996,6,13469,4354,9115
1047,1996,7,6629,10094,-3465
1047,1996,8,7721,6934,787
1047,1996,9,6625,7654,-1029
1047,1996,10,6620,9354,-2734
1047,1996,11,6605,9454,-2849
1047,1996,12,9842,9294,548
1047,1997,1,7574,11794,-4220
1047,1997,2,6581,8054,-1473
1047,1997,3,6575,8554,-1979
1047,1997,4,6568,4354,2214
1047,1997,5,6578,4354,2224
1047,1997,6,9846,10254,-408
1047,1997,7,6585,4354,2231
1047,1997,8,6588,11754,-5166
1047,1997,9,6573,4354,2219
1047,1997,10,6582,4354,2228
1047,1997,11,6591,4354,2237
1047,1997,12,9845,9514,331
1047,1998,1,6583,12154,-5571
1047,1998,2,6578,4354,2224
1047,1998,3,6588,4354,2234
1047,1998,4,6597,4354,2243
1047,1998,5,6596,5554,1042
1047,1998,6,9859,11394,-1535
1047,1998,7,6604,4354,2250
1047,1998,8,6613,4354,2259
1047,1998,9,6622,4354,2268
1047,1998,10,6624,4954,1670
1047,1998,11,6637,5674,963
1047,1998,12,9890,8219,1671
1048,1993,5,7116,0,7116
1048,1993,6,6023,0,6023
1048,1993,7,6023,0,6023
1048,1993,8,6023,0,6023
1048,1993,9,6093,1915,4178
1048,1993,10,6119,4667,1452
1048,1993,11,6117,8127,-2010
1048,1993,12,6106,8367,-2261
1048,1994,1,6089,14007,-7918
1048,1994,2,6066,7227,-1161
1048,1994,3,6072,4667,1405
1048,1994,4,6078,3867,2211
1048,1994,5,6085,5067,1018
1048,1994,6,6091,6067,24
1048,1994,7,6091,5467,624
1048,1994,8,6093,5787,306
1048,1994,9,6094,6367,-273
1048,1994,10,6094,5167,927
1048,1994,11,6095,8767,-2672
1048,1994,12,6085,5017,1068
1048,1995,1,6066,13427,-7361
1048,1995,2,6061,3867,2194
1048,1995,3,6065,5227,838
1048,1995,4,6068,8307,-2239
1048,1995,5,6063,5767,296
1048,1995,6,6052,8417,-2365
1048,1995,7,6056,3867,2189
1048,1995,8,6065,3867,2198
1048,1995,9,6071,5767,304
1048,1995,10,6075,3867,2208
1048,1995,11,6084,3867,2217
1048,1995,12,6089,5067,1022
1048,1996,1,6070,15127,-9057
1048,1996,2,6060,3867,2193
1048,1996,3,6065,6887,-822
1048,1996,4,6065,3867,2198
1048,1996,5,6068,7867,-1799
1048,1996,6,6060,7567,-1507
1048,1996,7,6056,6187,-131
1048,1996,8,6055,6367,-312
1048,1996,9,6059,3867,2192
1048,1996,10,6059,7967,-1908
1048,1996,11,6060,3867,2193
1048,1996,12,6067,4217,1850
1048,1997,1,6060,9787,-3727
1048,1997,2,6061,3867,2194
1048,1997,3,6066,5667,399
1048,1997,4,6065,7847,-1782
1048,1997,5,6064,6747,-683
1048,1997,6,6060,4427,1633
1048,1997,7,6067,4467,1600
1048,1997,8,6075,3867,2208
1048,1997,9,6075,6967,-892
1048,1997,10,6071,6567,-496
1048,1997,11,6073,6347,-274
1048,1997,12,6076,4617,1459
1048,1998,1,6059,10987,-4928
1048,1998,2,6062,3867,2195
1048,1998,3,6069,4567,1502
1048,1998,4,6077,3867,2210
1048,1998,5,6073,10507,-4434
1048,1998,6,6068,3867,2201
1048,1998,7,6077,3867,2210
1048,1998,8,6085,6827,-742
1048,1998,9,6082,4067,2015
1048,1998,10,6091,3867,2224
1048,1998,11,6083,10587,-4504
1048,1998,12,6069,9412,-3343
1049,1997,12,4263,0,4263
1049,1998,1,12407,0,12407
1049,1998,2,8745,0,8745
1049,1998,3,4469,0,4469
1049,1998,4,3884,415,3469
1049,1998,5,3891,2814,1077
1049,1998,6,3891,3884,7
1049,1998,7,3876,9004,-5128
1049,1998,8,4878,2514,2364
1049,1998,9,3884,4264,-380
1049,1998,10,3883,4614,-731
1049,1998,11,6781,2514,4267
1049,1998,12,3897,3429,468
1050,1993,2,1000,0,1000
1050,1993,3,25338,800,24538
1050,1993,4,25435,11000,14435
1050,1993,5,25488,20000,5488
1050,1993,6,38174,28600,9574
1050,1993,7,25545,26300,-755
1050,1993,8,25559,33475,-7916
1050,1993,9,25520,45578,-20058
1050,1993,10,25463,18273,7190
1050,1993,11,25473,20573,4900
1050,1993,12,38148,38673,-525
1050,1994,1,25443,39773,-14330
1050,1994,2,25441,23071,2370
1050,1994,3,25443,28946,-3503
1050,1994,4,25453,11873,13580
1050,1994,5,25492,22673,2819
1050,1994,6,38185,28073,10112
1050,1994,7,25536,27273,-1737
1050,1994,8,25464,37757,-12293
1050,1994,9,25461,32867,-7406
1050,1994,10,25453,24473,980
1050,1994,11,25439,32561,-7122
1050,1994,12,38107,26173,11934
1050,1995,1,25451,31073,-5622
1050,1995,2,25441,23785,1656
1050,1995,3,25449,19673,5776
1050,1995,4,25455,35173,-9718
1050,1995,5,25454,14673,10781
1050,1995,6,38149,50951,-12802
1050,1995,7,25455,14073,11382
1050,1995,8,25457,27473,-2016
1050,1995,9,25503,15673,9830
1050,1995,10,25543,24473,1070
1050,1995,11,25528,11373,14155
1050,1995,12,38201,35253,2948
1050,1996,1,25781,62372,-36591
1050,1996,2,31181,5773,25408
1050,1996,3,25558,10773,14785
1050,1996,4,25587,20573,5014
1050,1996,5,25591,26173,-582
1050,1996,6,38273,27373,10900
1050,1996,7,25617,30373,-4756
1050,1996,8,25589,40373,-14784
1050,1996,9,25535,29173,-3638
1050,1996,10,25560,18473,7087
1050,1996,11,25580,22973,2607
1050,1996,12,38245,28273,9972
1050,1997,1,25552,48973,-23421
1050,1997,2,25510,23196,2314
1050,1997,3,25477,48198,-22721
1050,1997,4,25996,5773,20223
1050,1997,5,25485,43877,-18392
1050,1997,6,42144,32945,9199
1050,1997,7,25522,39905,-14383
1050,1997,8,30598,15973,14625
1050,1997,9,25522,10973,14549
1050,1997,10,25533,35978,-10445
1050,1997,11,25563,19773,5790
1050,1997,12,38213,36664,1549
1050,1998,1,25535,36273,-10738
1050,1998,2,25545,14673,10872
1050,1998,3,25584,17473,8111
1050,1998,4,25622,22773,2849
1050,1998,5,25580,36973,-11393
1050,1998,6,38277,20973,17304
1050,1998,7,25656,20373,5283
1050,1998,8,25674,22573,3101
1050,1998,9,25671,32873,-7202
1050,1998,10,25653,25173,480
1050,1998,11,25634,26473,-839
1050,1998,12,38349,7473,30876
1051,1993,10,800,0,800
1051,1993,11,20621,0,20621
1051,1993,12,19440,7900,11540
1051,1994,1,13027,11900,1127
1051,1994,2,13032,11500,1532
1051,1994,3,13034,14215,-1181
1051,1994,4,13036,10115,2921
1051,1994,5,13046,11415,1631
1051,1994,6,19498,22635,-3137
1051,1994,7,13043,9715,3328
1051,1994,8,13058,12035,1023
1051,1994,9,13054,16635,-3581
1051,1994,10,13040,13315,-275
1051,1994,11,13029,18295,-5266
1051,1994,12,19474,14555,4919
1051,1995,1,13016,33315,-20299
1051,1995,2,15889,15,15874
1051,1995,3,13026,10655,2371
1051,1995,4,13039,16475,-3436
1051,1995,5,13013,13735,-722
1051,1995,6,19491,4615,14876
1051,1995,7,13069,14815,-1746
1051,1995,8,13069,11815,1254
1051,1995,9,13055,18815,-5760
1051,1995,10,13055,9915,3140
1051,1995,11,13064,11615,1449
1051,1995,12,19512,15355,4157
1051,1996,1,13045,26415,-13370
1051,1996,2,13048,4215,8833
1051,1996,3,13074,9215,3859
1051,1996,4,13076,14135,-1059
1051,1996,5,13055,16255,-3200
1051,1996,6,19525,11815,7710
1051,1996,7,13099,11215,1884
1051,1996,8,13101,13515,-414
1051,1996,9,13083,13355,-272
1051,1996,10,13106,10515,2591
1051,1996,11,13109,14075,-966
1051,1996,12,19556,13955,5601
1051,1997,1,13071,40355,-27284
1051,1997,2,13044,4015,9029
1051,1997,3,13066,7715,5351
1051,1997,4,13081,10415,2666
1051,1997,5,13086,12915,171
1051,1997,6,19530,11655,7875
1051,1997,7,13099,23755,-10656
1051,1997,8,13069,28835,-15766
1051,1997,9,13009,13615,-606
1051,1997,10,13018,15755,-2737
1051,1997,11,13010,16675,-3665
1051,1997,12,19457,17075,2382
1051,1998,1,12992,20235,-7243
1051,1998,2,12960,10215,2745
1051,1998,3,12971,11615,1356
1051,1998,4,12988,14635,-1647
1051,1998,5,12967,16915,-3948
1051,1998,6,19399,15,19384
1051,1998,7,13023,28015,-14992
1051,1998,8,12969,15415,-2446
1051,1998,9,12960,13915,-955
1051,1998,10,12955,13915,-960
1051,1998,11,12954,15,12939
1051,1998,12,19440,28420,-8980
1052,1993,9,200,0,200
1052,1993,10,12509,0,12509
1052,1993,11,7858,0,7858
1052,1993,12,40555,19500,21055
1052,1994,1,1556,16465,-14909
1052,1994,2,2113,15,2098
1052,1994,3,1521,1415,106
1052,1994,4,48890,28515,20375
1052,1994,5,1595,12915,-11320
1052,1994,6,1534,13215,-11681
1052,1994,7,40296,20715,19581
1052,1994,8,1576,13815,-12239
1052,1994,9,1535,5215,-3680
1052,1994,10,1524,1915,-391
1052,1994,11,1519,4615,-3096
1052,1994,12,1509,2465,-956
1052,1995,1,1498,5315,-3817
1052,1995,2,1492,515,977
1052,1995,3,1697,15,1682
1052,1995,4,24349,12115,12234
1052,1995,5,1540,9015,-7475
1052,1995,6,3588,13515,-9927
1052,1995,7,4287,15,4272
1052,1995,8,1600,15,1585
1052,1995,9,1499,4065,-2566
1052,1995,10,6484,4115,2369
1052,1995,11,1501,2615,-1114
1052,1995,12,1494,3215,-1721
1052,1996,1,1487,7115,-5628
1052,1996,2,4076,15,4061
1052,1996,3,1484,1815,-331
1052,1996,4,28258,3115,25143
1052,1996,5,1550,17015,-15465
1052,1996,6,1491,16065,-14574
1052,1996,7,1466,315,1151
1052,1996,8,24303,1615,22688
1052,1996,9,1524,15765,-14241
1052,1996,10,1488,7815,-6327
1052,1996,11,1470,3915,-2445
1052,1996,12,1460,3715,-2255
1052,1997,1,9950,15,9935
1052,1997,2,1488,5615,-4127
1052,1997,3,1473,5115,-3642
1052,1997,4,43383,2365,41018
1052,1997,5,1605,16915,-15310
1052,1997,6,1701,23315,-21614
1052,1997,7,1480,2265,-785
1052,1997,8,1478,1615,-137
1052,1997,9,2583,15,2568
1052,1997,10,1486,2215,-729
1052,1997,11,1473,5865,-4392
1052,1997,12,3573,1065,2508
1052,1998,1,1476,2115,-639
1052,1998,2,1475,1015,460
1052,1998,3,1474,2715,-1241
1052,1998,4,50424,26915,23509
1052,1998,5,1542,12415,-10873
1052,1998,6,1494,13815,-12321
1052,1998,7,2978,15,2963
1052,1998,8,1479,4415,-2936
1052,1998,9,1471,2215,-744
1052,1998,10,46442,29115,17327
1052,1998,11,1540,13565,-12025
1052,1998,12,1400,0,1400
1053,1994,5,700,0,700
1053,1994,6,18597,0,18597
1053,1994,7,9872,3400,6472
1053,1994,8,9896,6400,3496
1053,1994,9,9907,9400,507
1053,1994,10,9911,7815,2096
1053,1994,11,9923,10197,-274
1053,1994,12,14806,17557,-2751
1053,1995,1,12294,18137,-5843
1053,1995,2,11196,3497,7699
1053,1995,3,9922,7197,2725
1053,1995,4,9931,8297,1634
1053,1995,5,9933,11297,-1364
1053,1995,6,20480,35337,-14857
1053,1995,7,10179,3497,6682
1053,1995,8,9899,7197,2702
1053,1995,9,9900,16157,-6257
1053,1995,10,9884,6797,3087
1053,1995,11,9885,12077,-2192
1053,1995,12,14784,9657,5127
1053,1996,1,9881,22757,-12876
1053,1996,2,9855,6497,3358
1053,1996,3,9865,8297,1568
1053,1996,4,9868,9497,371
1053,1996,5,9872,8697,1175
1053,1996,6,14766,14897,-131
1053,1996,7,9867,11997,-2130
1053,1996,8,9866,8597,1269
1053,1996,9,9883,4197,5686
1053,1996,10,9876,21517,-11641
1053,1996,11,10562,3497,7065
1053,1996,12,15780,9817,5963
1053,1997,1,9881,23237,-13356
1053,1997,2,14873,3497,11376
1053,1997,3,10106,3497,6609
1053,1997,4,9909,11397,-1488
1053,1997,5,9916,7197,2719
1053,1997,6,14817,11897,2920
1053,1997,7,9907,18257,-8350
1053,1997,8,9896,9197,699
1053,1997,9,9903,9157,746
1053,1997,10,9906,8877,1029
1053,1997,11,9916,7797,2119
1053,1997,12,14821,9897,4924
1053,1998,1,9909,24577,-14668
1053,1998,2,12899,4937,7962
1053,1998,3,9925,3697,6228
1053,1998,4,9926,10597,-671
1053,1998,5,9931,8397,1534
1053,1998,6,14827,22857,-8030
1053,1998,7,9893,16277,-6384
1053,1998,8,9887,5797,4090
1053,1998,9,9897,7697,2200
1053,1998,10,9899,12397,-2498
1053,1998,11,9911,6897,3014
1053,1998,12,14821,9362,5459
1054,1993,2,800,0,800
1054,1993,3,16476,0,16476
1054,1993,4,9736,700,9036
1054,1993,5,9769,4000,5769
1054,1993,6,14614,11000,3614
1054,1993,7,9796,17831,-8035
1054,1993,8,9770,8731,1039
1054,1993,9,9774,10751,-977
1054,1993,10,9777,7051,2726
1054,1993,11,9777,12351,-2574
1054,1993,12,14596,14731,-135
1054,1994,1,9750,15831,-6081
1054,1994,2,9749,6151,3598
1054,1994,3,9756,12011,-2255
1054,1994,4,10362,4751,5611
1054,1994,5,9767,11371,-1604
1054,1994,6,19883,23311,-3428
1054,1994,7,9756,6951,2805
1054,1994,8,9766,7851,1915
1054,1994,9,9792,7951,1841
1054,1994,10,9769,12651,-2882
1054,1994,11,9776,4851,4925
1054,1994,12,14620,10111,4509
1054,1995,1,9789,20471,-10682
1054,1995,2,11687,4751,6936
1054,1995,3,9790,8351,1439
1054,1995,4,9788,10951,-1163
1054,1995,5,9787,9951,-164
1054,1995,6,14619,27651,-13032
1054,1995,7,13869,6191,7678
1054,1995,8,9766,10951,-1185
1054,1995,9,9767,7151,2616
1054,1995,10,10294,9671,623
1054,1995,11,9797,5151,4646
1054,1995,12,14621,14291,330
1054,1996,1,9751,26811,-17060
1054,1996,2,10137,4751,5386
1054,1996,3,9769,6731,3038
1054,1996,4,10868,10631,237
1054,1996,5,9754,11111,-1357
1054,1996,6,14596,18571,-3975
1054,1996,7,9749,4851,4898
1054,1996,8,9781,5151,4630
1054,1996,9,9786,5851,3935
1054,1996,10,9787,15871,-6084
1054,1996,11,9791,6851,2940
1054,1996,12,14618,20131,-5513
1054,1997,1,9736,17811,-8075
1054,1997,2,9734,5751,3983
1054,1997,3,9750,11351,-1601
1054,1997,4,9744,7451,2293
1054,1997,5,9753,8051,1702
1054,1997,6,14598,7751,6847
1054,1997,7,9788,8951,837
1054,1997,8,10384,9431,953
1054,1997,9,9794,9351,443
1054,1997,10,9802,12051,-2249
1054,1997,11,9784,10711,-927
1054,1997,12,14619,14911,-292
1054,1998,1,9751,21771,-12020
1054,1998,2,9732,6651,3081
1054,1998,3,9742,12531,-2789
1054,1998,4,9743,5151,4592
1054,1998,5,9751,7851,1900
1054,1998,6,14578,18671,-4093
1054,1998,7,9736,12551,-2815
1054,1998,8,9730,12051,-2321
1054,1998,9,9723,4751,4972
1054,1998,10,9752,5351,4401
1054,1998,11,9749,18211,-8462
1054,1998,12,14561,6336,8225
1055,1996,12,600,0,600
1055,1997,1,3071,0,3071
1055,1997,2,3071,0,3071
1055,1997,3,3071,0,3071
1055,1997,4,3071,0,3071
1055,1997,5,3107,2062,1045
1055,1997,6,3132,2062,1070
1055,1997,7,3136,2062,1074
1055,1997,8,3140,2632,508
1055,1997,9,3143,2062,1081
1055,1997,10,3144,3472,-328
1055,1997,11,3146,2062,1084
1055,1997,12,3151,2482,669
1055,1998,1,3147,6232,-3085
1055,1998,2,3140,2062,1078
1055,1998,3,3145,2062,1083
1055,1998,4,3149,2062,1087
1055,1998,5,3154,2062,1092
1055,1998,6,3149,7762,-4613
1055,1998,7,3139,2422,717
1055,1998,8,3142,2062,1080
1055,1998,9,3147,2062,1085
1055,1998,10,3150,3742,-592
1055,1998,11,3149,2062,1087
1055,1998,12,3154,2707,447
1056,1996,12,1100,0,1100
1056,1997,1,9300,0,9300
1056,1997,2,47625,21400,26225
1056,1997,3,58016,36000,22016
1056,1997,4,243,24300,-24057
1056,1997,5,5874,14300,-8426
1056,1997,6,34645,31196,3449
1056,1997,7,57439,26322,31117
1056,1997,8,50519,59541,-9022
1056,1997,9,192,24422,-24230
1056,1997,10,32075,34257,-2182
1056,1997,11,31439,34922,-3483
1056,1997,12,9522,17522,-8000
1056,1998,1,57,5722,-5665
1056,1998,2,33,5722,-5689
1056,1998,3,0,30,-30
1056,1998,4,20,30,-10
1056,1998,5,0,30,-30
1056,1998,6,20,30,-10
1056,1998,7,10,30,-20
1056,1998,8,0,30,-30
1056,1998,9,20,30,-10
1056,1998,10,0,30,-30
1056,1998,11,10,30,-20
1057,1993,8,1000,0,1000
1057,1993,9,4636,0,4636
1057,1993,10,4636,0,4636
1057,1993,11,4636,0,4636
1057,1993,12,4636,0,4636
1057,1994,1,4683,10835,-6152
1057,1994,2,4702,3105,1597
1057,1994,3,4710,3105,1605
1057,1994,4,4716,3105,1611
1057,1994,5,4716,3105,1611
1057,1994,6,4730,3105,1625
1057,1994,7,4724,6105,-1381
1057,1994,8,4722,7825,-3103
1057,1994,9,4708,6545,-1837
1057,1994,10,4700,4625,75
1057,1994,11,4703,3105,1598
1057,1994,12,4704,6935,-2231
1057,1995,1,4694,5905,-1211
1057,1995,2,4695,3105,1590
1057,1995,3,4701,4305,396
1057,1995,4,4710,3585,1125
1057,1995,5,4708,3105,1603
1057,1995,6,4710,5905,-1195
1057,1995,7,4707,4705,2
1057,1995,8,4714,4605,109
1057,1995,9,4708,6905,-2197
1057,1995,10,4705,4605,100
1057,1995,11,4703,5485,-782
1057,1995,12,4697,3805,892
1057,1996,1,4697,6065,-1368
1057,1996,2,4692,4905,-213
1057,1996,3,4696,3105,1591
1057,1996,4,4702,3105,1597
1057,1996,5,4716,3105,1611
1057,1996,6,4723,3105,1618
1057,1996,7,4726,4705,21
1057,1996,8,4709,11205,-6496
1057,1996,9,4693,4225,468
1057,1996,10,4697,3105,1592
1057,1996,11,4711,3105,1606
1057,1996,12,4710,5595,-885
1057,1997,1,4701,6755,-2054
1057,1997,2,4698,3105,1593
1057,1997,3,4705,3105,1600
1057,1997,4,4718,3105,1613
1057,1997,5,4718,5825,-1107
1057,1997,6,4710,6465,-1755
1057,1997,7,4713,3105,1608
1057,1997,8,4720,3105,1615
1057,1997,9,4719,3105,1614
1057,1997,10,4727,5585,-858
1057,1997,11,4722,3105,1617
1057,1997,12,4736,3455,1281
1057,1998,1,4725,10305,-5580
1057,1998,2,4711,3105,1606
1057,1998,3,4724,4145,579
1057,1998,4,4727,3105,1622
1057,1998,5,4725,3745,980
1057,1998,6,4738,3105,1633
1057,1998,7,4728,6785,-2057
1057,1998,8,4728,3505,1223
1057,1998,9,4741,3105,1636
1057,1998,10,4741,3105,1636
1057,1998,11,4754,3105,1649
1057,1998,12,4747,6890,-2143
1058,1996,6,1000,0,1000
1058,1996,7,24349,700,23649
1058,1996,8,24416,13100,11316
1058,1996,9,24487,4600,19887
1058,1996,10,24535,16700,7835
1058,1996,11,24568,16515,8053
1058,1996,12,36747,24064,12683
1058,1997,1,24560,54484,-29924
1058,1997,2,24523,15384,9139
1058,1997,3,24562,18184,6378
1058,1997,4,24549,28384,-3835
1058,1997,5,24561,19984,4577
1058,1997,6,36703,52584,-15881
1058,1997,7,24543,10784,13759
1058,1997,8,24579,16284,8295
1058,1997,9,24578,30144,-5566
1058,1997,10,24558,27904,-3346
1058,1997,11,24558,21984,2574
1058,1997,12,36741,21164,15577
1058,1998,1,24540,51044,-26504
1058,1998,2,24529,20384,4145
1058,1998,3,24550,18584,5966
1058,1998,4,24533,33524,-8991
1058,1998,5,24529,20884,3645
1058,1998,6,36700,49304,-12604
1058,1998,7,24507,29784,-5277
1058,1998,8,24535,24484,51
1058,1998,9,24522,23184,1338
1058,1998,10,24511,24784,-273
1058,1998,11,24525,20484,4041
1058,1998,12,36719,6169,30550
1059,1995,5,1100,0,1100
1059,1995,6,3220,0,3220
1059,1995,7,3220,0,3220
1059,1995,8,3220,0,3220
1059,1995,9,3220,0,3220
1059,1995,10,3266,3541,-275
1059,1995,11,3278,3331,-53
1059,1995,12,3280,2431,849
1059,1996,1,3276,5371,-2095
1059,1996,2,3275,2161,1114
1059,1996,3,3280,2161,1119
1059,1996,4,3283,3461,-178
1059,1996,5,3281,3631,-350
1059,1996,6,3281,3061,220
1059,1996,7,3280,4661,-1381
1059,1996,8,3277,2761,516
1059,1996,9,3274,6361,-3087
1059,1996,10,3267,2161,1106
1059,1996,11,3271,2161,1110
1059,1996,12,3273,3241,32
1059,1997,1,3273,3121,152
1059,1997,2,3277,2161,1116
1059,1997,3,3281,2581,700
1059,1997,4,3284,2161,1123
1059,1997,5,3289,2161,1128
1059,1997,6,3281,6151,-2870
1059,1997,7,3282,2161,1121
1059,1997,8,3286,2161,1125
1059,1997,9,3291,2401,890
1059,1997,10,3295,2161,1134
1059,1997,11,3299,2161,1138
1059,1997,12,3303,3181,122
1059,1998,1,3298,6091,-2793
1059,1998,2,3293,2161,1132
1059,1998,3,3298,2161,1137
1059,1998,4,3302,3541,-239
1059,1998,5,3301,2161,1140
1059,1998,6,3285,10661,-7376
1059,1998,7,3275,2161,1114
1059,1998,8,3280,2161,1119
1059,1998,9,3283,3021,262
1059,1998,10,3275,5861,-2586
1059,1998,11,3274,2461,813
1059,1998,12,3277,2446,831
1060,1996,10,800,0,800
1060,1996,11,9500,0,9500
1060,1996,12,6200,0,6200
1060,1997,1,3600,0,3600
1060,1997,2,500,0,500
1060,1997,3,700,0,700
1060,1997,4,800,0,800
1060,1997,5,0,1600,-1600
1060,1997,6,1500,0,1500
1060,1997,7,43722,22700,21022
1060,1997,8,179,6800,-6621
1060,1997,9,179,3800,-3621
1060,1997,10,43731,3900,39831
1060,1997,11,302,20200,-19898
1060,1997,12,302,14500,-14198
1060,1998,1,302,8200,-7898
1060,1998,2,302,2600,-2298
1060,1998,3,302,1400,-1098
1060,1998,4,29642,5100,24542
1060,1998,5,215,18200,-17985
1060,1998,6,215,10900,-10685
1060,1998,7,215,10400,-10185
1060,1998,10,2944,0,2944
1061,1997,10,1000,0,1000
1061,1997,11,14016,0,14016
1061,1997,12,9611,0,9611
1061,1998,1,5790,4500,1290
1061,1998,2,5794,5200,594
1061,1998,3,5790,8405,-2615
1061,1998,4,5779,11205,-5426
1061,1998,5,5764,5005,759
1061,1998,6,8603,11005,-2402
1061,1998,7,5759,5205,554
1061,1998,8,5753,11005,-5252
1061,1998,9,5740,3805,1935
1061,1998,10,5724,13105,-7381
1061,1998,11,5718,3805,1913
1061,1998,12,8576,3790,4786
1062,1993,7,1000,0,1000
1062,1993,8,23243,1600,21643
1062,1993,9,23310,10300,13010
1062,1993,10,23347,15900,7447
1062,1993,11,23361,21500,1861
1062,1993,12,34960,34359,601
1062,1994,1,23329,36759,-13430
1062,1994,2,23328,20659,2669
1062,1994,3,23313,30859,-7546
1062,1994,4,23301,24659,-1358
1062,1994,5,23297,21559,1738
1062,1994,6,34928,39859,-4931
1062,1994,7,23301,16759,6542
1062,1994,8,23334,16059,7275
1062,1994,9,23367,14059,9308
1062,1994,10,23385,20859,2526
1062,1994,11,23407,17159,6248
1062,1994,12,35044,23559,11485
1062,1995,1,23444,28159,-4715
1062,1995,2,23431,26159,-2728
1062,1995,3,23423,26559,-3136
1062,1995,4,23412,24259,-847
1062,1995,5,23412,23259,153
1062,1995,6,34970,39659,-4689
1062,1995,7,23404,33159,-9755
1062,1995,8,23394,28859,-5465
1062,1995,9,23354,18159,5195
1062,1995,10,23374,20359,3015
1062,1995,11,23385,22159,1226
1062,1995,12,35033,30759,4274
1062,1996,1,23404,32759,-9355
1062,1996,2,23368,17559,5809
1062,1996,3,23391,26859,-3468
1062,1996,4,23376,20059,3317
1062,1996,5,23387,21859,1528
1062,1996,6,35009,29659,5350
1062,1996,7,23412,23459,-47
1062,1996,8,23407,22659,748
1062,1996,9,23412,23159,253
1062,1996,10,23411,24659,-1248
1062,1996,11,23407,21859,1548
1062,1996,12,35021,30359,4662
1062,1997,1,23425,31559,-8134
1062,1997,2,23393,23459,-66
1062,1997,3,23394,24759,-1365
1062,1997,4,23391,21559,1832
1062,1997,5,23391,26159,-2768
1062,1997,6,34949,42859,-7910
1062,1997,7,23355,19559,3796
1062,1997,8,23370,18959,4411
1062,1997,9,23378,23559,-181
1062,1997,10,23383,20559,2824
1062,1997,11,23402,23159,243
1062,1997,12,35011,28159,6852
1062,1998,1,23412,26659,-3247
1062,1998,2,23390,28959,-5569
1062,1998,3,23383,21159,2224
1062,1998,4,23391,20859,2532
1062,1998,5,23389,27159,-3770
1062,1998,6,34947,45359,-10412
1062,1998,7,23336,23159,177
1062,1998,8,23370,20959,2411
1062,1998,9,23331,28759,-5428
1062,1998,10,23308,28559,-5251
1062,1998,11,23288,28159,-4871
1062,1998,12,34904,30944,3960
1063,1996,9,200,0,200
1063,1996,10,13955,0,13955
1063,1996,11,8002,600,7402
1063,1996,12,11998,4900,7098
1063,1997,1,8058,3500,4558
1063,1997,2,8078,3015,5063
1063,1997,3,8090,12115,-4025
1063,1997,4,8088,115,7973
1063,1997,5,8111,6415,1696
1063,1997,6,15071,17615,-2544
1063,1997,7,8107,5615,2492
1063,1997,8,8120,4715,3405
1063,1997,9,8139,3315,4824
1063,1997,10,8166,2215,5951
1063,1997,11,8180,4115,4065
1063,1997,12,12174,3915,8259
1063,1998,1,8198,21715,-13517
1063,1998,2,9888,15,9873
1063,1998,3,9330,15,9315
1063,1998,4,8257,3415,4842
1063,1998,5,8273,5915,2358
1063,1998,6,13324,14215,-891
1063,1998,7,8271,8515,-244
1063,1998,8,8276,6315,1961
1063,1998,9,8270,12115,-3845
1063,1998,10,8272,5615,2657
1063,1998,11,8273,8615,-342
1063,1998,12,12253,5500,6753
1064,1997,9,500,0,500
1064,1997,10,5948,0,5948
1064,1997,11,5948,0,5948
1064,1997,12,5948,0,5948
1064,1998,1,5964,900,5064
1064,1998,2,6047,3115,2932
1064,1998,3,6065,5533,532
1064,1998,4,6066,7133,-1067
1064,1998,5,6060,9953,-3893
1064,1998,6,6045,6733,-688
1064,1998,7,6039,5493,546
1064,1998,8,6047,2933,3114
1064,1998,9,6052,5273,779
1064,1998,10,6063,2933,3130
1064,1998,11,6069,9633,-3564
1064,1998,12,6053,6818,-765
1065,1993,3,400,0,400
1065,1993,4,14510,0,14510
1065,1993,5,5667,0,5667
1065,1993,6,1386,0,1386
1065,1993,7,2890,0,2890
1065,1993,8,1705,15,1690
1065,1993,9,37439,18115,19324
1065,1993,10,1478,12015,-10537
1065,1993,11,1441,6365,-4924
1065,1993,12,22731,18215,4516
1065,1994,1,1424,14815,-13391
1065,1994,2,1390,15,1375
1065,1994,3,1396,15,1381
1065,1994,4,1401,1115,286
1065,1994,5,1403,915,488
1065,1994,6,4383,15115,-10732
1065,1994,7,20445,4615,15830
1065,1994,8,1424,2315,-891
1065,1994,9,1419,2715,-1296
1065,1994,10,1417,715,702
1065,1994,11,1419,1315,104
1065,1994,12,37116,25515,11601
1065,1995,1,1408,20115,-18707
1065,1995,2,1894,15,1879
1065,1995,3,1399,815,584
1065,1995,4,19009,9765,9244
1065,1995,5,1432,4965,-3533
1065,1995,6,8114,9815,-1701
1065,1995,7,1720,15,1705
1065,1995,8,1421,3215,-1794
1065,1995,9,4925,915,4010
1065,1995,10,1434,915,519
1065,1995,11,1739,15,1724
1065,1995,12,8993,4265,4728
1065,1996,1,5936,17665,-11729
1065,1996,2,7928,2265,5663
1065,1996,3,2839,2065,774
1065,1996,4,1438,2115,-677
1065,1996,5,4849,15,4834
1065,1996,6,5922,14315,-8393
1065,1996,7,8533,15,8518
1065,1996,8,11474,2015,9459
1065,1996,9,1485,7015,-5530
1065,1996,10,1473,1615,-142
1065,1996,11,1471,2115,-644
1065,1996,12,1463,3615,-2152
1065,1997,1,1411,20015,-18604
1065,1997,2,5295,15,5280
1065,1997,3,40461,1615,38846
1065,1997,4,1515,22115,-20600
1065,1997,5,28188,8415,19773
1065,1997,6,1463,41665,-40202
1065,1997,7,1398,315,1083
1065,1997,8,1400,1215,185
1065,1997,9,1399,2115,-716
1065,1997,10,2300,2265,35
1065,1997,11,1397,1615,-218
1065,1997,12,2384,4315,-1931
1065,1998,1,1372,6465,-5093
1065,1998,2,1369,265,1104
1065,1998,3,37171,24015,13156
1065,1998,4,1425,9015,-7590
1065,1998,5,18353,18815,-462
1065,1998,6,1387,8165,-6778
1065,1998,7,1364,15,1349
1065,1998,8,1369,3515,-2146
1065,1998,9,1361,15,1346
1065,1998,10,1366,15,1351
1065,1998,11,1372,15,1357
1065,1998,12,1378,700,678
1066,1996,9,900,0,900
1066,1996,10,38392,5000,33392
1066,1996,11,12676,900,11776
1066,1996,12,67470,63200,4270
1066,1997,1,209,11100,-10891
1066,1997,2,66686,13130,53556
1066,1997,3,77941,80230,-2289
1066,1997,4,67241,93630,-26389
1066,1997,5,32460,30730,1730
1066,1997,6,68454,72930,-4476
1066,1997,7,105010,99030,5980
1066,1997,8,73572,77030,-3458
1066,1997,9,266,10830,-10564
1066,1997,10,33289,25330,7959
1066,1997,11,70329,37930,32399
1066,1997,12,287,33815,-33528
1066,1998,1,156,39230,-39074
1066,1998,2,38220,21365,16855
1066,1998,3,72349,3130,69219
1066,1998,4,28712,53070,-24358
1066,1998,5,21606,27330,-5724
1066,1998,6,37867,20205,17662
1066,1998,7,122039,175460,-53421
1066,1998,8,129646,105630,24016
1066,1998,9,38799,15430,23369
1066,1998,10,7574,36430,-28856
1066,1998,11,42238,5430,36808
1066,1998,12,120653,138168,-17515
1067,1996,9,43076,0,43076
1067,1996,10,179,9900,-9721
1067,1996,11,72026,28900,43126
1067,1996,12,88493,106626,-18133
1067,1997,1,6698,47126,-40428
1067,1997,2,10552,7826,2726
1067,1997,3,10193,7826,2367
1067,1997,4,43098,7826,35272
1067,1997,5,46424,15426,30998
1067,1997,6,217,58426,-58209
1067,1997,7,47260,9626,37634
1067,1997,8,66506,35626,30880
1067,1997,9,58765,95326,-36561
1067,1997,10,105497,109926,-4429
1067,1997,11,46169,20926,25243
1067,1997,12,18181,34726,-16545
1067,1998,1,110618,127326,-16708
1067,1998,2,11361,11926,-565
1067,1998,3,114994,62726,52268
1067,1998,4,28030,38426,-10396
1067,1998,5,139625,125226,14399
1067,1998,6,45524,79026,-33502
1067,1998,7,239,19826,-19587
1067,1998,8,4182,12126,-7944
1067,1998,9,95227,79826,15401
1067,1998,10,60578,56926,3652
1067,1998,11,103767,96226,7541
1067,1998,12,81315,81211,104
1068,1997,2,1000,0,1000
1068,1997,3,74699,24600,50099
1068,1997,4,45627,34800,10827
1068,1997,5,22102,18000,4102
1068,1997,6,274,18700,-18426
1068,1997,7,24390,40557,-16167
1068,1997,8,4205,11957,-7752
1068,1997,9,10689,12257,-1568
1068,1997,10,12488,11857,631
1068,1997,11,14990,13457,1533
1068,1997,12,57054,11157,45897
1068,1998,1,7839,52284,-44445
1068,1998,2,11002,18157,-7155
1068,1998,3,15391,8657,6734
1068,1998,4,10303,10957,-654
1068,1998,5,14464,13157,1307
1068,1998,6,13108,15857,-2749
1068,1998,7,17219,8657,8562
1068,1998,8,63878,20357,43521
1068,1998,9,231,26713,-26482
1068,1998,10,4879,12877,-7998
1068,1998,11,6447,18923,-12476
1068,1998,12,16430,14662,1768
1069,1993,7,700,0,700
1069,1993,8,4621,0,4621
1069,1993,9,4621,0,4621
1069,1993,10,4621,0,4621
1069,1993,11,4621,0,4621
1069,1993,12,4659,4965,-306
1069,1994,1,4679,11015,-6336
1069,1994,2,4677,3095,1582
1069,1994,3,4684,3095,1589
1069,1994,4,4690,4855,-165
1069,1994,5,4690,3095,1595
1069,1994,6,4694,5745,-1051
1069,1994,7,4692,3095,1597
1069,1994,8,4699,3095,1604
1069,1994,9,4698,4615,83
1069,1994,10,4706,3095,1611
1069,1994,11,4710,4615,95
1069,1994,12,4706,9215,-4509
1069,1995,1,4674,8295,-3621
1069,1995,2,4679,3095,1584
1069,1995,3,4685,3095,1590
1069,1995,4,4692,5735,-1043
1069,1995,5,4683,6455,-1772
1069,1995,6,4680,3095,1585
1069,1995,7,4687,3095,1592
1069,1995,8,4693,4215,478
1069,1995,9,4695,3095,1600
1069,1995,10,4702,3095,1607
1069,1995,11,4709,3095,1614
1069,1995,12,4711,3345,1366
1069,1996,1,4694,13225,-8531
1069,1996,2,4685,3095,1590
1069,1996,3,4692,3095,1597
1069,1996,4,4699,3095,1604
1069,1996,5,4705,3815,890
1069,1996,6,4699,7765,-3066
1069,1996,7,4690,7275,-2585
1069,1996,8,4686,3095,1591
1069,1996,9,4692,3095,1597
1069,1996,10,4699,3095,1604
1069,1996,11,4702,4615,87
1069,1996,12,4700,4345,355
1069,1997,1,4684,9175,-4491
1069,1997,2,4688,3095,1593
1069,1997,3,4695,3095,1600
1069,1997,4,4684,6895,-2211
1069,1997,5,4692,3095,1597
1069,1997,6,4699,3095,1604
1069,1997,7,4706,3095,1611
1069,1997,8,4712,3095,1617
1069,1997,9,4718,5575,-857
1069,1997,10,4715,3095,1620
1069,1997,11,4722,3095,1627
1069,1997,12,4728,3445,1283
1069,1998,1,4699,14525,-9826
1069,1998,2,4693,3095,1598
1069,1998,3,4700,3095,1605
1069,1998,4,4692,6055,-1363
1069,1998,5,4695,5895,-1200
1069,1998,6,4695,3095,1600
1069,1998,7,4702,3095,1607
1069,1998,8,4709,3095,1614
1069,1998,9,4714,3815,899
1069,1998,10,4709,5335,-626
1069,1998,11,4716,3095,1621
1069,1998,12,4723,3530,1193
1070,1996,4,200,0,200
1070,1996,5,18239,0,18239
1070,1996,6,24719,11400,13319
1070,1996,7,16552,14500,2052
1070,1996,8,16557,16800,-243
1070,1996,9,16574,15431,1143
1070,1996,10,16572,22731,-6159
1070,1996,11,16557,17231,-674
1070,1996,12,24806,21331,3475
1070,1997,1,16550,23431,-6881
1070,1997,2,16544,13031,3513
1070,1997,3,16557,14131,2426
1070,1997,4,16543,21631,-5088
1070,1997,5,16530,19331,-2801
1070,1997,6,24756,19831,4925
1070,1997,7,16539,18431,-1892
1070,1997,8,16535,17931,-1396
1070,1997,9,16521,18731,-2210
1070,1997,10,16529,12931,3598
1070,1997,11,16543,12731,3812
1070,1997,12,24766,22131,2635
1070,1998,1,16541,23731,-7190
1070,1998,2,16526,15831,695
1070,1998,3,16539,13831,2708
1070,1998,4,16541,16231,310
1070,1998,5,16533,19531,-2998
1070,1998,6,24745,23631,1114
1070,1998,7,16528,18931,-2403
1070,1998,8,16536,11231,5305
1070,1998,9,16532,19331,-2799
1070,1998,10,16515,23631,-7116
1070,1998,11,16499,16031,468
1070,1998,12,24758,8316,16442
1071,1993,5,58114,0,58114
1071,1993,6,75105,42600,32505
1071,1993,7,376,33500,-33124
1071,1993,8,7275,15030,-7755
1071,1993,9,50218,22830,27388
1071,1993,10,184,44388,-44204
1071,1993,11,20307,36507,-16200
1071,1993,12,70,1630,-1560
1071,1994,1,73339,7173,66166
1071,1994,2,83400,111850,-28450
1071,1994,3,46870,54560,-7690
1071,1994,4,122,27176,-27054
1071,1994,5,10536,4250,6286
1071,1994,6,32004,18350,13654
1071,1994,7,9538,19778,-10240
1071,1994,8,9023,12488,-3465
1071,1994,9,83244,58850,24394
1071,1994,10,103,32069,-31966
1071,1994,11,78187,4250,73937
1071,1994,12,31294,72650,-41356
1071,1995,1,13714,42050,-28336
1071,1995,2,56511,29168,27343
1071,1995,3,159,19950,-19791
1071,1995,4,70372,36950,33422
1071,1995,5,281,29550,-29269
1071,1995,6,736,4250,-3514
1071,1995,7,53936,30050,23886
1071,1995,8,12597,25950,-13353
1071,1995,9,162,7250,-7088
1071,1995,10,44948,24250,20698
1071,1995,11,6330,17550,-11220
1071,1995,12,34422,28450,5972
1071,1996,1,183,15750,-15567
1071,1996,2,28140,17250,10890
1071,1996,3,1664,20165,-18501
1071,1996,4,2484,8450,-5966
1071,1996,5,6581,4250,2331
1071,1996,6,14262,6550,7712
1071,1996,7,92261,52750,39511
1071,1996,8,385,23650,-23265
1071,1996,9,37817,31950,5867
1071,1996,10,30275,43504,-13229
1071,1996,11,5023,15519,-10496
1071,1996,12,8107,6950,1157
1071,1997,1,107666,66557,41109
1071,1997,2,241,23138,-22897
1071,1997,3,50563,53939,-3376
1071,1997,4,8239,20974,-12735
1071,1997,5,34444,4250,30194
1071,1997,6,88474,59450,29024
1071,1997,7,43601,87050,-43449
1071,1997,8,30759,27554,3205
1071,1997,9,174,21050,-20876
1071,1997,10,12827,4250,8577
1071,1997,11,92546,62950,29596
1071,1997,12,2607,32014,-29407
1071,1998,1,36840,48225,-11385
1071,1998,2,47313,17050,30263
1071,1998,3,12788,12140,648
1071,1998,4,190,17808,-17618
1071,1998,5,823,14750,-13927
1071,1998,6,41938,24828,17110
1071,1998,7,159,5850,-5691
1071,1998,8,52503,6050,46453
1071,1998,9,239,40432,-40193
1071,1998,10,36986,11850,25136
1071,1998,11,213,25550,-25337
1071,1998,12,133,15520,-15387
1072,1997,12,400,0,400
1072,1998,1,16419,0,16419
1072,1998,2,13650,9100,4550
1072,1998,3,13671,8100,5571
1072,1998,4,13699,6700,6999
1072,1998,5,13719,10655,3064
1072,1998,6,20491,29455,-8964
1072,1998,7,13692,10735,2957
1072,1998,8,13691,14835,-1144
1072,1998,9,13683,20315,-6632
1072,1998,10,13666,16035,-2369
1072,1998,11,13991,3535,10456
1072,1998,12,20930,7720,13210
1073,1994,2,1000,0,1000
1073,1994,3,13371,0,13371
1073,1994,4,6127,0,6127
1073,1994,5,5853,1500,4353
1073,1994,6,8754,3000,5754
1073,1994,7,5894,8758,-2864
1073,1994,8,5891,5158,733
1073,1994,9,5884,6018,-134
1073,1994,10,5883,8158,-2275
1073,1994,11,5883,5558,325
1073,1994,12,8765,7458,1307
1073,1995,1,10849,23938,-13089
1073,1995,2,12437,3858,8579
1073,1995,3,5868,8278,-2410
1073,1995,4,7363,3858,3505
1073,1995,5,5871,4058,1813
1073,1995,6,8764,8278,486
1073,1995,7,7770,9138,-1368
1073,1995,8,6179,3858,2321
1073,1995,9,5882,5158,724
1073,1995,10,5886,4858,1028
1073,1995,11,5892,5358,534
1073,1995,12,8779,7498,1281
1073,1996,1,10172,19778,-9606
1073,1996,2,7063,3858,3205
1073,1996,3,6674,3858,2816
1073,1996,4,6276,9618,-3342
1073,1996,5,7470,8778,-1308
1073,1996,6,11561,3858,7703
1073,1996,7,9304,3858,5446
1073,1996,8,7723,3858,3865
1073,1996,9,5929,6558,-629
1073,1996,10,7637,3858,3779
1073,1996,11,5948,4258,1690
1073,1996,12,8834,10438,-1604
1073,1997,1,12684,35898,-23214
1073,1997,2,24705,3858,20847
1073,1997,3,16349,17058,-709
1073,1997,4,14557,3858,10699
1073,1997,5,15614,3858,11756
1073,1997,6,12185,27538,-15353
1073,1997,7,14988,3858,11130
1073,1997,8,8221,5898,2323
1073,1997,9,6622,3858,2764
1073,1997,10,6433,3858,2575
1073,1997,11,7355,3858,3497
1073,1997,12,12960,6898,6062
1073,1998,1,7134,25658,-18524
1073,1998,2,16129,3858,12271
1073,1998,3,12576,5538,7038
1073,1998,4,6094,4158,1936
1073,1998,5,11517,3858,7659
1073,1998,6,14227,54458,-40231
1073,1998,7,29818,3858,25960
1073,1998,8,16100,3858,12242
1073,1998,9,7429,3858,3571
1073,1998,10,10542,3858,6684
1073,1998,11,8538,13578,-5040
1073,1998,12,14540,7683,6857
1074,1996,5,1000,0,1000
1074,1996,6,33081,4700,28381
1074,1996,7,22157,11700,10457
1074,1996,8,22191,16000,6191
1074,1996,9,22202,22300,-98
1074,1996,10,22206,21315,891
1074,1996,11,22237,9515,12722
1074,1996,12,33304,17915,15389
1074,1997,1,22301,41815,-19514
1074,1997,2,22267,11515,10752
1074,1997,3,22296,18515,3781
1074,1997,4,22312,18315,3997
1074,1997,5,22315,21515,800
1074,1997,6,33345,27715,5630
1074,1997,7,22341,20715,1626
1074,1997,8,22357,20415,1942
1074,1997,9,22324,30015,-7691
1074,1997,10,22340,17615,4725
1074,1997,11,22346,22815,-469
1074,1997,12,33375,24915,8460
1074,1998,1,22311,43115,-20804
1074,1998,2,22277,24715,-2438
1074,1998,3,22304,14315,7989
1074,1998,4,22327,18315,4012
1074,1998,5,22335,23615,-1280
1074,1998,6,33323,44215,-10892
1074,1998,7,22302,14615,7687
1074,1998,8,22338,12815,9523
1074,1998,9,22361,19415,2946
1074,1998,10,22386,14315,8071
1074,1998,11,22406,19515,2891
1074,1998,12,33412,24500,8912
1075,1995,7,800,0,800
1075,1995,8,14655,0,14655
1075,1995,9,8502,0,8502
1075,1995,10,6226,1800,4426
1075,1995,11,6232,6200,32
1075,1995,12,9276,15283,-6007
1075,1996,1,7092,12091,-4999
1075,1996,2,8202,4091,4111
1075,1996,3,8018,4091,3927
1075,1996,4,6631,4091,2540
1075,1996,5,6226,9191,-2965
1075,1996,6,12003,8991,3012
1075,1996,7,6541,4091,2450
1075,1996,8,6226,10891,-4665
1075,1996,9,6224,5891,333
1075,1996,10,6328,6591,-263
1075,1996,11,6228,4891,1337
1075,1996,12,9297,6891,2406
1075,1997,1,6837,14691,-7854
1075,1997,2,11533,4091,7442
1075,1997,3,11858,6891,4967
1075,1997,4,9979,4091,5888
1075,1997,5,6486,5791,695
1075,1997,6,11617,23391,-11774
1075,1997,7,12564,5391,7173
1075,1997,8,7171,7891,-720
1075,1997,9,6969,8591,-1622
1075,1997,10,11465,4091,7374
1075,1997,11,6994,4091,2903
1075,1997,12,11271,7091,4180
1075,1998,1,10017,10491,-474
1075,1998,2,6322,4391,1931
1075,1998,3,6327,9391,-3064
1075,1998,4,6615,4691,1924
1075,1998,5,6324,4891,1433
1075,1998,6,20413,29191,-8778
1075,1998,7,9896,4091,5805
1075,1998,8,10221,4091,6130
1075,1998,9,6340,8791,-2451
1075,1998,10,7532,6191,1341
1075,1998,11,6334,8491,-2157
1075,1998,12,9393,5676,3717
1076,1994,10,200,0,200
1076,1994,11,19683,0,19683
1076,1994,12,18054,5800,12254
1076,1995,1,12111,11000,1111
1076,1995,2,12115,12400,-285
1076,1995,3,12133,14655,-2522
1076,1995,4,12116,13102,-986
1076,1995,5,12110,14302,-2192
1076,1995,6,18081,18402,-321
1076,1995,7,12100,12902,-802
1076,1995,8,12099,8502,3597
1076,1995,9,12097,12802,-705
1076,1995,10,12108,12002,106
1076,1995,11,12600,14902,-2302
1076,1995,12,18103,13102,5001
1076,1996,1,13584,30102,-16518
1076,1996,2,13256,7102,6154
1076,1996,3,12079,8602,3477
1076,1996,4,12093,8902,3191
1076,1996,5,12101,10002,2099
1076,1996,6,18112,14702,3410
1076,1996,7,12125,11702,423
1076,1996,8,12120,17302,-5182
1076,1996,9,12110,7702,4408
1076,1996,10,13923,10702,3221
1076,1996,11,12143,7402,4741
1076,1996,12,18155,14402,3753
1076,1997,1,13254,20402,-7148
1076,1997,2,12138,12302,-164
1076,1997,3,13045,9602,3443
1076,1997,4,12153,12402,-249
1076,1997,5,14253,14402,-149
1076,1997,6,18142,23502,-5360
1076,1997,7,18648,7802,10846
1076,1997,8,12181,8102,4079
1076,1997,9,12400,7102,5298
1076,1997,10,12218,8702,3516
1076,1997,11,12216,15902,-3686
1076,1997,12,18207,13402,4805
1076,1998,1,12200,25202,-13002
1076,1998,2,12180,9702,2478
1076,1998,3,12184,12002,182
1076,1998,4,12196,7902,4294
1076,1998,5,12208,9902,2306
1076,1998,6,18158,29602,-11444
1076,1998,7,14680,7602,7078
1076,1998,8,18926,7102,11824
1076,1998,9,17270,7102,10168
1076,1998,10,12285,13102,-817
1076,1998,11,12796,7102,5694
1076,1998,12,18303,13687,4616
1077,1993,3,2505,0,2505
1077,1993,4,14440,0,14440
1077,1993,5,46271,0,46271
1077,1993,6,1725,18915,-17190
1077,1993,7,5498,15315,-9817
1077,1993,8,1650,4515,-2865
1077,1993,9,1635,7065,-5430
1077,1993,10,1616,3515,-1899
1077,1993,11,2509,15,2494
1077,1993,12,2418,2215,203
1077,1994,1,2504,11515,-9011
1077,1994,2,3784,15,3769
1077,1994,3,1598,1115,483
1077,1994,4,1599,2515,-916
1077,1994,5,2598,15,2583
1077,1994,6,2208,15,2193
1077,1994,7,1615,2315,-700
1077,1994,8,1607,4865,-3258
1077,1994,9,61749,31115,30634
1077,1994,10,1710,17215,-15505
1077,1994,11,1651,9615,-7964
1077,1994,12,1625,5715,-4090
1077,1995,1,5675,14315,-8640
1077,1995,2,3179,15,3164
1077,1995,3,1590,415,1175
1077,1995,4,47232,19015,28217
1077,1995,5,1701,9815,-8114
1077,1995,6,4017,24315,-20298
1077,1995,7,7604,15,7589
1077,1995,8,1623,2215,-592
1077,1995,9,7230,2765,4465
1077,1995,10,22363,8415,13948
1077,1995,11,1690,6215,-4525
1077,1995,12,1674,6515,-4841
1077,1996,1,6464,17115,-10651
1077,1996,2,8728,3615,5113
1077,1996,3,2641,15,2626
1077,1996,4,4751,2165,2586
1077,1996,5,1658,1415,243
1077,1996,6,5443,16815,-11372
1077,1996,7,9031,15,9016
1077,1996,8,3255,2365,890
1077,1996,9,4360,15,4345
1077,1996,10,30975,2515,28460
1077,1996,11,1764,14115,-12351
1077,1996,12,1715,9765,-8050
1077,1997,1,1687,15015,-13328
1077,1997,2,5759,15,5744
1077,1997,3,4782,15,4767
1077,1997,4,1689,2715,-1026
1077,1997,5,1688,1215,473
1077,1997,6,1662,29715,-28053
1077,1997,7,12998,2015,10983
1077,1997,8,14721,2515,12206
1077,1997,9,1669,1015,654
1077,1997,10,4981,15,4966
1077,1997,11,43780,4165,39615
1077,1997,12,1811,20965,-19154
1077,1998,1,1733,24315,-22582
1077,1998,2,36495,15,36480
1077,1998,3,1803,15915,-14112
1077,1998,4,1758,8615,-6857
1077,1998,5,1739,5115,-3376
1077,1998,6,4595,18715,-14120
1077,1998,7,4784,15,4769
1077,1998,8,5204,15,5189
1077,1998,9,7735,2315,5420
1077,1998,10,3044,15,3029
1077,1998,11,3458,15,3443
1077,1998,12,38426,4900,33526
1078,1996,7,7524,0,7524
1078,1996,8,6725,0,6725
1078,1996,9,6725,0,6725
1078,1996,10,6789,3400,3389
1078,1996,11,6828,5215,1613
1078,1996,12,6819,9988,-3169
1078,1997,1,6796,14658,-7862
1078,1997,2,6793,3438,3355
1078,1997,3,6808,3438,3370
1078,1997,4,6821,3438,3383
1078,1997,5,6836,3438,3398
1078,1997,6,6833,12638,-5805
1078,1997,7,6826,3438,3388
1078,1997,8,6830,7998,-1168
1078,1997,9,6825,6878,-53
1078,1997,10,6831,7198,-367
1078,1997,11,6828,5038,1790
1078,1997,12,6837,4888,1949
1078,1998,1,6824,14338,-7514
1078,1998,2,6817,3438,3379
1078,1998,3,6831,3438,3393
1078,1998,4,6839,5438,1401
1078,1998,5,6842,6438,404
1078,1998,6,6832,20688,-13856
1078,1998,7,6795,3438,3357
1078,1998,8,6804,6038,766
1078,1998,9,6805,5918,887
1078,1998,10,6816,3438,3378
1078,1998,11,6830,3438,3392
1078,1998,12,6839,4873,1966
1079,1993,9,700,0,700
1079,1993,10,27079,1800,25279
1079,1993,11,27158,13500,13658
1079,1993,12,40721,28100,12621
1079,1994,1,27235,26500,735
1079,1994,2,27220,34007,-6787
1079,1994,3,27202,32905,-5703
1079,1994,4,27195,24907,2288
1079,1994,5,27194,32714,-5520
1079,1994,6,40707,38211,2496
1079,1994,7,27183,27407,-224
1079,1994,8,27135,43214,-16079
1079,1994,9,27116,26907,209
1079,1994,10,27122,25107,2015
1079,1994,11,27133,24807,2326
1079,1994,12,40642,42507,-1865
1079,1995,1,27118,33007,-5889
1079,1995,2,27116,24307,2809
1079,1995,3,27127,23207,3920
1079,1995,4,27131,27507,-376
1079,1995,5,27129,29490,-2361
1079,1995,6,40673,29707,10966
1079,1995,7,27158,29907,-2749
1079,1995,8,27094,45979,-18885
1079,1995,9,33747,19407,14340
1079,1995,10,27148,26807,341
1079,1995,11,27172,26707,465
1079,1995,12,41003,28005,12998
1079,1996,1,27165,45102,-17937
1079,1996,2,30045,30009,36
1079,1996,3,28768,23726,5042
1079,1996,4,27190,18728,8462
1079,1996,5,27225,23207,4018
1079,1996,6,44554,57117,-12563
1079,1996,7,27181,19807,7374
1079,1996,8,27171,30507,-3336
1079,1996,9,27174,29307,-2133
1079,1996,10,27181,20407,6774
1079,1996,11,27209,30447,-3238
1079,1996,12,40723,33807,6916
1079,1997,1,32892,44907,-12015
1079,1997,2,28461,28767,-306
1079,1997,3,27164,20207,6957
1079,1997,4,27193,27922,-729
1079,1997,5,27173,30941,-3768
1079,1997,6,40701,33588,7113
1079,1997,7,27215,18607,8608
1079,1997,8,27231,28507,-1276
1079,1997,9,27235,26107,1128
1079,1997,10,27219,34007,-6788
1079,1997,11,27219,18507,8712
1079,1997,12,42151,44698,-2547
1079,1998,1,37289,53907,-16618
1079,1998,2,30788,10407,20381
1079,1998,3,27262,16907,10355
1079,1998,4,27292,25107,2185
1079,1998,5,27298,26907,391
1079,1998,6,40825,39207,1618
1079,1998,7,27299,29807,-2508
1079,1998,8,27287,29107,-1820
1079,1998,9,27281,27107,174
1079,1998,10,27287,24007,3280
1079,1998,11,27290,31307,-4017
1079,1998,12,40843,25692,15151
1080,1993,12,700,0,700
1080,1994,1,25830,0,25830
1080,1994,2,24526,14100,10426
1080,1994,3,24566,18900,5666
1080,1994,4,24589,19700,4889
1080,1994,5,24639,27620,-2981
1080,1994,6,36855,68300,-31445
1080,1994,7,24509,10000,14509
1080,1994,8,24557,18920,5637
1080,1994,9,24592,17600,6992
1080,1994,10,24608,20600,4008
1080,1994,11,24616,24700,-84
1080,1994,12,36844,31240,5604
1080,1995,1,24620,40520,-15900
1080,1995,2,24580,25380,-800
1080,1995,3,24577,20300,4277
1080,1995,4,24596,23300,1296
1080,1995,5,24583,26640,-2057
1080,1995,6,36815,31600,5215
1080,1995,7,24600,25800,-1200
1080,1995,8,24593,29000,-4407
1080,1995,9,24588,20100,4488
1080,1995,10,24595,23300,1295
1080,1995,11,24607,20800,3807
1080,1995,12,36840,33060,3780
1080,1996,1,24577,49440,-24863
1080,1996,2,24537,17160,7377
1080,1996,3,24567,23240,1327
1080,1996,4,24574,16900,7674
1080,1996,5,24603,17400,7203
1080,1996,6,36782,49720,-12938
1080,1996,7,24572,19500,5072
1080,1996,8,24587,21300,3287
1080,1996,9,24618,19700,4918
1080,1996,10,24672,26600,-1928
1080,1996,11,24640,14680,9960
1080,1996,12,36890,22100,14790
1080,1997,1,24647,51860,-27213
1080,1997,2,24611,16700,7911
1080,1997,3,24613,25760,-1147
1080,1997,4,24634,24580,54
1080,1997,5,24632,28100,-3468
1080,1997,6,38208,35520,2688
1080,1997,7,24623,24000,623
1080,1997,8,24631,19600,5031
1080,1997,9,24654,24600,54
1080,1997,10,24642,23400,1242
1080,1997,11,24653,21200,3453
1080,1997,12,36904,25280,11624
1080,1998,1,24653,50180,-25527
1080,1998,2,24632,11700,12932
1080,1998,3,24682,13900,10782
1080,1998,4,24721,21900,2821
1080,1998,5,24727,24100,627
1080,1998,6,36869,56940,-20071
1080,1998,7,24632,21520,3112
1080,1998,8,24691,11900,12791
1080,1998,9,24706,21800,2906
1080,1998,10,24746,15900,8846
1080,1998,11,24759,21300,3459
1080,1998,12,37024,18085,18939
1081,1996,12,800,0,800
1081,1997,1,4512,0,4512
1081,1997,2,4512,0,4512
1081,1997,3,4512,0,4512
1081,1997,4,4512,0,4512
1081,1997,5,4515,15,4500
1081,1997,6,4614,2499,2115
1081,1997,7,4623,2499,2124
1081,1997,8,4627,5419,-792
1081,1997,9,4622,6099,-1477
1081,1997,10,4613,7199,-2586
1081,1997,11,4601,7799,-3198
1081,1997,12,4594,4799,-205
1081,1998,1,4583,9939,-5356
1081,1998,2,4571,4099,472
1081,1998,3,4577,2499,2078
1081,1998,4,4586,2499,2087
1081,1998,5,4595,2499,2096
1081,1998,6,4600,3599,1001
1081,1998,7,4608,2499,2109
1081,1998,8,4611,4599,12
1081,1998,9,4616,2499,2117
1081,1998,10,4622,3619,1003
1081,1998,11,4627,3199,1428
1081,1998,12,4630,4284,346
1082,1996,6,300,0,300
1082,1996,7,5190,0,5190
1082,1996,8,5190,0,5190
1082,1996,9,5190,0,5190
1082,1996,10,5259,1300,3959
1082,1996,11,5283,3704,1579
1082,1996,12,5267,11624,-6357
1082,1997,1,5245,8524,-3279
1082,1997,2,5241,4284,957
1082,1997,3,5250,2204,3046
1082,1997,4,5264,4264,1000
1082,1997,5,5273,2404,2869
1082,1997,6,5255,11704,-6449
1082,1997,7,5252,2204,3048
1082,1997,8,5265,2204,3061
1082,1997,9,5266,7204,-1938
1082,1997,10,5256,7704,-2448
1082,1997,11,5259,2204,3055
1082,1997,12,5264,12184,-6920
1082,1998,1,5243,3884,1359
1082,1998,2,5247,5904,-657
1082,1998,3,5246,2204,3042
1082,1998,4,5259,2204,3055
1082,1998,5,5272,2204,3068
1082,1998,6,5263,12044,-6781
1082,1998,7,5256,2204,3052
1082,1998,8,5269,2204,3065
1082,1998,9,5273,13904,-8631
1082,1998,10,5245,2204,3041
1082,1998,11,5250,5724,-474
1082,1998,12,5256,2189,3067
1083,1996,12,17838,0,17838
1083,1997,1,18819,0,18819
1083,1997,2,11754,7900,3854
1083,1997,3,11776,6000,5776
1083,1997,4,11776,14501,-2725
1083,1997,5,11745,18731,-6986
1083,1997,6,17512,31531,-14019
1083,1997,7,20401,16471,3930
1083,1997,8,13328,8631,4697
1083,1997,9,11713,15631,-3918
1083,1997,10,11703,11211,492
1083,1997,11,11711,10131,1580
1083,1997,12,17506,23991,-6485
1083,1998,1,12073,20771,-8698
1083,1998,2,11665,7131,4534
1083,1998,3,11674,12431,-757
1083,1998,4,12077,8231,3846
1083,1998,5,12693,8547,4146
1083,1998,6,23365,30787,-7422
1083,1998,7,11679,9927,1752
1083,1998,8,11787,8547,3240
1083,1998,9,11698,12547,-849
1083,1998,10,11692,14647,-2955
1083,1998,11,11674,16607,-4933
1083,1998,12,17472,10452,7020
1085,1997,9,13928,0,13928
1085,1997,10,13483,800,12683
1085,1997,11,13525,4300,9225
1085,1997,12,20265,8900,11365
1085,1998,1,13566,25515,-11949
1085,1998,2,13534,12452,1082
1085,1998,3,15852,10152,5700
1085,1998,4,13568,10852,2716
1085,1998,5,13579,11152,2427
1085,1998,6,20293,13652,6641
1085,1998,7,13610,13252,358
1085,1998,8,13579,23052,-9473
1085,1998,9,13572,13852,-280
1085,1998,10,13685,8552,5133
1085,1998,11,13602,9652,3950
1085,1998,12,20316,14737,5579
1086,1996,6,700,0,700
1086,1996,7,2904,0,2904
1086,1996,8,2904,0,2904
1086,1996,9,2904,0,2904
1086,1996,10,2904,0,2904
1086,1996,11,2949,575,2374
1086,1996,12,2967,2311,656
1086,1997,1,2964,5731,-2767
1086,1997,2,2960,1951,1009
1086,1997,3,2962,3061,-99
1086,1997,4,2963,1951,1012
1086,1997,5,2968,1951,1017
1086,1997,6,2972,1951,1021
1086,1997,7,2971,3361,-390
1086,1997,8,2975,1951,1024
1086,1997,9,2979,1951,1028
1086,1997,10,2983,1951,1032
1086,1997,11,2987,1951,1036
1086,1997,12,2990,2431,559
1086,1998,1,2979,7051,-4072
1086,1998,2,2977,1951,1026
1086,1998,3,2980,2431,549
1086,1998,4,2982,2761,221
1086,1998,5,2983,3061,-78
1086,1998,6,2984,1951,1033
1086,1998,7,2988,1951,1037
1086,1998,8,2993,1951,1042
1086,1998,9,2997,1951,1046
1086,1998,10,3001,1951,1050
1086,1998,11,3006,1951,1055
1086,1998,12,3009,2536,473
1087,1996,6,900,0,900
1087,1996,7,22394,0,22394
1087,1996,8,17978,11300,6678
1087,1996,9,18007,10200,7807
1087,1996,10,18035,15500,2535
1087,1996,11,18041,19115,-1074
1087,1996,12,26982,21815,5167
1087,1997,1,18061,36415,-18354
1087,1997,2,18028,12715,5313
1087,1997,3,18011,16315,1696
1087,1997,4,18019,12715,5304
1087,1997,5,18037,16215,1822
1087,1997,6,26975,32315,-5340
1087,1997,7,18030,14515,3515
1087,1997,8,18058,16315,1743
1087,1997,9,18041,18215,-174
1087,1997,10,18053,14915,3138
1087,1997,11,18049,21215,-3166
1087,1997,12,26985,23115,3870
1087,1998,1,18066,28715,-10649
1087,1998,2,18024,12015,6009
1087,1998,3,18054,9215,8839
1087,1998,4,18079,15515,2564
1087,1998,5,18091,18815,-724
1087,1998,6,27017,43715,-16698
1087,1998,7,18048,3715,14333
1087,1998,8,18109,11915,6194
1087,1998,9,18087,25215,-7128
1087,1998,10,18074,15215,2859
1087,1998,11,18083,16715,1368
1087,1998,12,26812,0,26812
1088,1993,12,500,0,500
1088,1994,1,5600,0,5600
1088,1994,2,5600,0,5600
1088,1994,3,5600,0,5600
1088,1994,4,5600,0,5600
1088,1994,5,5652,815,4837
1088,1994,6,5712,14397,-8685
1088,1994,7,5669,7607,-1938
1088,1994,8,5678,3047,2631
1088,1994,9,5687,3447,2240
1088,1994,10,5694,4847,847
1088,1994,11,5699,4347,1352
1088,1994,12,5704,3797,1907
1088,1995,1,5677,18567,-12890
1088,1995,2,5661,3047,2614
1088,1995,3,5664,5127,537
1088,1995,4,5675,3047,2628
1088,1995,5,5681,5767,-86
1088,1995,6,5685,3047,2638
1088,1995,7,5696,3047,2649
1088,1995,8,5707,3047,2660
1088,1995,9,5718,3047,2671
1088,1995,10,5724,4527,1197
1088,1995,11,5730,4147,1583
1088,1995,12,5735,4747,988
1088,1996,1,5723,18697,-12974
1088,1996,2,5690,5127,563
1088,1996,3,5690,4247,1443
1088,1996,4,5697,4887,810
1088,1996,5,5699,5927,-228
1088,1996,6,5701,3047,2654
1088,1996,7,5702,6647,-945
1088,1996,8,5709,3047,2662
1088,1996,9,5713,5147,566
1088,1996,10,5722,3047,2675
1088,1996,11,5722,5767,-45
1088,1996,12,5725,5397,328
1088,1997,1,5703,19127,-13424
1088,1997,2,5674,5767,-93
1088,1997,3,5678,3047,2631
1088,1997,4,5689,3047,2642
1088,1997,5,5700,3047,2653
1088,1997,6,5684,12247,-6563
1088,1997,7,5683,4747,936
1088,1997,8,5686,5747,-61
1088,1997,9,5685,7847,-2162
1088,1997,10,5675,9647,-3972
1088,1997,11,5661,3747,1914
1088,1997,12,5667,4437,1230
1088,1998,1,5668,5767,-99
1088,1998,2,5669,7247,-1578
1088,1998,3,5665,6647,-982
1088,1998,4,5663,3047,2616
1088,1998,5,5674,3047,2627
1088,1998,6,5684,3047,2637
1088,1998,7,5695,3047,2648
1088,1998,8,5704,5127,577
1088,1998,9,5706,6747,-1041
1088,1998,10,5704,3047,2657
1088,1998,11,5704,6807,-1103
1088,1998,12,5709,4332,1377
1089,1995,10,500,0,500
1089,1995,11,20171,0,20171
1089,1995,12,19977,9100,10877
1089,1996,1,13415,1800,11615
1089,1996,2,13432,11900,1532
1089,1996,3,13429,15177,-1748
1089,1996,4,13412,18233,-4821
1089,1996,5,13402,14133,-731
1089,1996,6,19998,28033,-8035
1089,1996,7,13366,14333,-967
1089,1996,8,13365,12533,832
1089,1996,9,13373,12133,1240
1089,1996,10,13372,13033,339
1089,1996,11,13374,12933,441
1089,1996,12,20027,12133,7894
1089,1997,1,13366,28533,-15167
1089,1997,2,13367,6733,6634
1089,1997,3,13389,8333,5056
1089,1997,4,13384,17533,-4149
1089,1997,5,13393,8233,5160
1089,1997,6,20008,20733,-725
1089,1997,7,13400,20833,-7433
1089,1997,8,13390,13833,-443
1089,1997,9,13372,23733,-10361
1089,1997,10,13343,10333,3010
1089,1997,11,13360,7733,5627
1089,1997,12,20024,15833,4191
1089,1998,1,13361,23233,-9872
1089,1998,2,13359,11633,1726
1089,1998,3,13353,16733,-3380
1089,1998,4,13346,7733,5613
1089,1998,5,13369,20133,-6764
1089,1998,6,19986,17433,2553
1089,1998,7,13349,20333,-6984
1089,1998,8,13333,3733,9600
1089,1998,9,13373,3733,9640
1089,1998,10,13385,29533,-16148
1089,1998,11,13345,3733,9612
1089,1998,12,19994,32018,-12024
1090,1996,10,1000,0,1000
1090,1996,11,15247,0,15247
1090,1996,12,9557,2900,6657
1090,1997,1,6421,2500,3921
1090,1997,2,6431,5800,631
1090,1997,3,6428,11332,-4904
1090,1997,4,7523,3332,4191
1090,1997,5,6437,3932,2505
1090,1997,6,9604,8532,1072
1090,1997,7,7754,5032,2722
1090,1997,8,6464,3432,3032
1090,1997,9,6471,6032,439
1090,1997,10,6467,7532,-1065
1090,1997,11,7778,3332,4446
1090,1997,12,9656,5532,4124
1090,1998,1,11687,24232,-12545
1090,1998,2,10870,3932,6938
1090,1998,3,9794,6232,3562
1090,1998,4,10206,7332,2874
1090,1998,5,8619,3332,5287
1090,1998,6,9681,11932,-2251
1090,1998,7,6515,7832,-1317
1090,1998,8,7633,3332,4301
1090,1998,9,6533,5332,1201
1090,1998,10,6521,16532,-10011
1090,1998,11,6502,3632,2870
1090,1998,12,9676,6817,2859
1091,1993,9,700,0,700
1091,1993,10,11500,0,11500
1091,1993,11,5200,0,5200
1091,1993,12,2100,0,2100
1091,1994,1,100,0,100
1091,1994,2,2600,0,2600
1091,1994,3,0,300,-300
1091,1994,4,3400,0,3400
1091,1994,6,1300,0,1300
1091,1994,7,0,2200,-2200
1091,1994,8,0,300,-300
1091,1994,9,0,1400,-1400
1091,1994,10,0,400,-400
1091,1994,11,3200,0,3200
1091,1994,12,1600,0,1600
1091,1995,1,0,1700,-1700
1091,1995,2,1800,0,1800
1091,1995,3,200,0,200
1091,1995,4,3000,0,3000
1091,1995,5,0,2300,-2300
1091,1995,6,600,0,600
1091,1995,7,3,3400,-3397
1091,1995,8,305,0,305
1091,1995,9,1305,0,1305
1091,1995,10,3005,0,3005
1091,1995,11,1505,0,1505
1091,1995,12,105,800,-695
1091,1996,1,1705,0,1705
1091,1996,2,4005,0,4005
1091,1996,3,605,0,605
1091,1996,4,3305,0,3305
1091,1996,5,705,0,705
1091,1996,6,105,2300,-2195
1091,1996,7,3605,0,3605
1091,1996,8,1505,0,1505
1091,1996,9,3405,0,3405
1091,1996,10,705,0,705
1091,1996,11,805,0,805
1091,1996,12,605,0,605
1091,1997,1,4305,0,4305
1091,1997,2,105,1900,-1795
1091,1997,3,305,0,305
1091,1997,4,105,1600,-1495
1091,1997,5,1205,0,1205
1091,1997,6,1505,0,1505
1091,1997,7,5805,0,5805
1091,1997,8,105,1200,-1095
1091,1997,9,3905,0,3905
1091,1997,10,3305,0,3305
1091,1997,11,3805,0,3805
1091,1997,12,2105,0,2105
1091,1998,1,1305,0,1305
1091,1998,2,3205,0,3205
1091,1998,3,3905,0,3905
1091,1998,4,805,0,805
1091,1998,5,105,800,-695
1091,1998,6,105,2500,-2395
1091,1998,7,105,1600,-1495
1091,1998,8,6905,0,6905
1091,1998,9,2905,0,2905
1091,1998,10,105,1500,-1395
1091,1998,11,1605,0,1605
1091,1998,12,5500,0,5500
1092,1995,6,900,0,900
1092,1995,7,19358,0,19358
1092,1995,8,12092,6400,5692
1092,1995,9,12138,200,11938
1092,1995,10,12164,6800,5364
1092,1995,11,12164,13379,-1215
1092,1995,12,18159,18779,-620
1092,1996,1,12117,25479,-13362
1092,1996,2,12121,7679,4442
1092,1996,3,12136,8779,3357
1092,1996,4,12141,11279,862
1092,1996,5,12127,20579,-8452
1092,1996,6,18114,25179,-7065
1092,1996,7,12095,10979,1116
1092,1996,8,12099,10379,1720
1092,1996,9,12097,13679,-1582
1092,1996,10,12097,14679,-2582
1092,1996,11,12088,11479,609
1092,1996,12,18091,15979,2112
1092,1997,1,12078,20379,-8301
1092,1997,2,12267,5679,6588
1092,1997,3,12079,15079,-3000
1092,1997,4,12077,12879,-802
1092,1997,5,12073,12779,-706
1092,1997,6,18083,12879,5204
1092,1997,7,12091,12979,-888
1092,1997,8,12079,14579,-2500
1092,1997,9,12073,15079,-3006
1092,1997,10,12064,11679,385
1092,1997,11,12060,15279,-3219
1092,1997,12,18068,6979,11089
1092,1998,1,12069,20079,-8010
1092,1998,2,12064,11379,685
1092,1998,3,12061,15779,-3718
1092,1998,4,12059,5679,6380
1092,1998,5,12070,16079,-4009
1092,1998,6,18051,17179,872
1092,1998,7,12061,12679,-618
1092,1998,8,12058,12479,-421
1092,1998,9,12054,13179,-1125
1092,1998,10,12062,8179,3883
1092,1998,11,12066,10579,1487
1092,1998,12,18077,16864,1213
1093,1996,1,1000,0,1000
1093,1996,2,48225,13000,35225
1093,1996,3,48326,32200,16126
1093,1996,4,48382,37400,10982
1093,1996,5,48367,62900,-14533
1093,1996,6,72427,78776,-6349
1093,1996,7,48331,53345,-5014
1093,1996,8,48297,63153,-14856
1093,1996,9,48260,44722,3538
1093,1996,10,48295,41966,6329
1093,1996,11,48309,54076,-5767
1093,1996,12,72339,83175,-10836
1093,1997,1,48249,40476,7773
1093,1997,2,48288,39276,9012
1093,1997,3,48261,62456,-14195
1093,1997,4,48257,36276,11981
1093,1997,5,48271,56900,-8629
1093,1997,6,72418,50876,21542
1093,1997,7,48314,52999,-4685
1093,1997,8,48319,55027,-6708
1093,1997,9,48349,28499,19850
1093,1997,10,48353,59353,-11000
1093,1997,11,48301,60501,-12200
1093,1997,12,72439,50355,22084
1093,1998,1,48282,81699,-33417
1093,1998,2,48314,20299,28015
1093,1998,3,48321,76093,-27772
1093,1998,4,48278,32153,16125
1093,1998,5,48331,33999,14332
1093,1998,6,72470,74899,-2429
1093,1998,7,48331,58286,-9955
1093,1998,8,48333,57299,-8966
1093,1998,9,48351,41399,6952
1093,1998,10,48374,46422,1952
1093,1998,11,48376,48599,-223
1093,1998,12,72416,67999,4417
1094,1996,7,1000,0,1000
1094,1996,8,6023,0,6023
1094,1996,9,6023,0,6023
1094,1996,10,6023,0,6023
1094,1996,11,6101,1600,4501
1094,1996,12,6134,2912,3222
1094,1997,1,6131,9610,-3479
1094,1997,2,6117,6670,-553
1094,1997,3,6112,9270,-3158
1094,1997,4,6118,2170,3948
1094,1997,5,6129,3670,2459
1094,1997,6,6096,16090,-9994
1094,1997,7,6092,6810,-718
1094,1997,8,6101,2170,3931
1094,1997,9,6117,2170,3947
1094,1997,10,6133,3530,2603
1094,1997,11,6132,5270,862
1094,1997,12,6133,8140,-2007
1094,1998,1,6115,12470,-6355
1094,1998,2,6112,2170,3942
1094,1998,3,6118,4910,1208
1094,1998,4,6118,6370,-252
1094,1998,5,6106,13950,-7844
1094,1998,6,6100,5170,930
1094,1998,7,6106,5070,1036
1094,1998,8,6108,2170,3938
1094,1998,9,6124,2730,3394
1094,1998,10,6139,2170,3969
1094,1998,11,6146,19470,-13324
1094,1998,12,6095,3715,2380
1095,1997,6,400,0,400
1095,1997,7,21314,0,21314
1095,1997,8,21185,10300,10885
1095,1997,9,21227,12400,8827
1095,1997,10,21247,20500,747
1095,1997,11,21268,27090,-5822
1095,1997,12,31813,24470,7343
1095,1998,1,21258,31830,-10572
1095,1998,2,21235,17990,3245
1095,1998,3,21257,16490,4767
1095,1998,4,21282,15930,5352
1095,1998,5,21290,25370,-4080
1095,1998,6,31835,25230,6605
1095,1998,7,21309,19090,2219
1095,1998,8,21292,24890,-3598
1095,1998,9,21282,22590,-1308
1095,1998,10,21277,22390,-1113
1095,1998,11,21252,28690,-7438
1095,1998,12,31802,26475,5327
1096,1997,3,6852,0,6852
1096,1997,4,6464,0,6464
1096,1997,5,6464,0,6464
1096,1997,6,6506,1200,5306
1096,1997,7,6549,5415,1134
1096,1997,8,6549,5803,746
1096,1997,9,6552,9803,-3251
1096,1997,10,6540,6703,-163
1096,1997,11,6540,3503,3037
1096,1997,12,6550,7903,-1353
1096,1998,1,6531,13263,-6732
1096,1998,2,6513,8303,-1790
1096,1998,3,6512,3503,3009
1096,1998,4,6516,8643,-2127
1096,1998,5,6515,3703,2812
1096,1998,6,6526,4303,2223
1096,1998,7,6531,6063,468
1096,1998,8,6538,3503,3035
1096,1998,9,6541,7103,-562
1096,1998,10,6541,6703,-162
1096,1998,11,6542,8403,-1861
1096,1998,12,6538,4588,1950
1097,1996,6,1000,0,1000
1097,1996,7,24164,0,24164
1097,1996,8,19150,8800,10350
1097,1996,9,19188,12400,6788
1097,1996,10,19213,14800,4413
1097,1996,11,19234,20885,-1651
1097,1996,12,28735,28040,695
1097,1997,1,19159,50140,-30981
1097,1997,2,20710,9140,11570
1097,1997,3,19153,12360,6793
1097,1997,4,19174,15540,3634
1097,1997,5,19183,18400,783
1097,1997,6,28695,39340,-10645
1097,1997,7,19153,12640,6513
1097,1997,8,19179,12840,6339
1097,1997,9,19201,14240,4961
1097,1997,10,19212,18940,272
1097,1997,11,19220,17660,1560
1097,1997,12,28750,22020,6730
1097,1998,1,19195,40740,-21545
1097,1998,2,25493,9140,16353
1097,1998,3,19248,18640,608
1097,1998,4,19238,21020,-1782
1097,1998,5,19239,10440,8799
1097,1998,6,46433,47700,-1267
1097,1998,7,20479,9140,11339
1097,1998,8,19606,15620,3986
1097,1998,9,19328,12240,7088
1097,1998,10,19350,16240,3110
1097,1998,11,19367,13140,6227
1097,1998,12,28915,19725,9190
1098,1993,12,600,0,600
1098,1994,1,5784,0,5784
1098,1994,2,5784,0,5784
1098,1994,3,5784,0,5784
1098,1994,4,5797,1000,4797
1098,1994,5,5887,9621,-3734
1098,1994,6,5861,11891,-6030
1098,1994,7,5850,1641,4209
1098,1994,8,5868,1641,4227
1098,1994,9,5885,1641,4244
1098,1994,10,5901,3541,2360
1098,1994,11,5905,8341,-2436
1098,1994,12,5899,4641,1258
1098,1995,1,5901,6641,-740
1098,1995,2,5901,4441,1460
1098,1995,3,5901,9541,-3640
1098,1995,4,5890,6141,-251
1098,1995,5,5888,7401,-1513
1098,1995,6,5850,15491,-9641
1098,1995,7,5846,4521,1325
1098,1995,8,5850,3161,2689
1098,1995,9,5860,3161,2699
1098,1995,10,5874,2641,3233
1098,1995,11,5888,4081,1807
1098,1995,12,5888,6791,-903
1098,1996,1,5879,6841,-962
1098,1996,2,5880,6041,-161
1098,1996,3,5879,6341,-462
1098,1996,4,5863,12841,-6978
1098,1996,5,5847,5161,686
1098,1996,6,5847,7391,-1544
1098,1996,7,5842,6841,-999
1098,1996,8,5849,1641,4208
1098,1996,9,5866,10241,-4375
1098,1996,10,5844,5261,583
1098,1996,11,5851,1641,4210
1098,1996,12,5842,11341,-5499
1098,1997,1,5845,1641,4204
1098,1997,2,5835,11641,-5806
1098,1997,3,5839,1641,4198
1098,1997,4,5856,1641,4215
1098,1997,5,5848,11841,-5993
1098,1997,6,5848,1641,4207
1098,1997,7,5866,1641,4225
1098,1997,8,5884,1641,4243
1098,1997,9,5893,5081,812
1098,1997,10,5905,1641,4264
1098,1997,11,5919,6361,-442
1098,1997,12,5919,2241,3678
1098,1998,1,5930,3891,2039
1098,1998,2,5946,2441,3505
1098,1998,3,5958,2841,3117
1098,1998,4,5971,3081,2890
1098,1998,5,5984,1641,4343
1098,1998,6,5991,13841,-7850
1098,1998,7,5969,1641,4328
1098,1998,8,5980,5081,899
1098,1998,9,5988,5081,907
1098,1998,10,5994,1641,4353
1098,1998,11,6012,1641,4371
1098,1998,12,6029,2476,3553
1100,1996,9,700,0,700
1100,1996,10,3239,0,3239
1100,1996,11,3239,0,3239
1100,1996,12,3239,0,3239
1100,1997,1,3239,0,3239
1100,1997,2,3283,3392,-109
1100,1997,3,3300,2174,1126
1100,1997,4,3303,3274,29
1100,1997,5,3304,2174,1130
1100,1997,6,3306,4074,-768
1100,1997,7,3305,2874,431
1100,1997,8,3300,6274,-2974
1100,1997,9,3295,2174,1121
1100,1997,10,3291,6564,-3273
1100,1997,11,3285,3074,211
1100,1997,12,3287,2174,1113
1100,1998,1,3289,3394,-105
1100,1998,2,3294,2174,1120
1100,1998,3,3296,2174,1122
1100,1998,4,3298,3404,-106
1100,1998,5,3296,3874,-578
1100,1998,6,3290,5674,-2384
1100,1998,7,3288,2174,1114
1100,1998,8,3293,2174,1119
1100,1998,9,3290,5074,-1784
1100,1998,10,3290,2174,1116
1100,1998,11,3297,2174,1123
1100,1998,12,3298,2489,809
1101,1997,9,400,0,400
1101,1997,10,21790,0,21790
1101,1997,11,21662,14900,6762
1101,1997,12,32478,20300,12178
1101,1998,1,21734,19900,1834
1101,1998,2,21741,20215,1526
1101,1998,3,21751,26668,-4917
1101,1998,4,21733,23668,-1935
1101,1998,5,21709,27748,-6039
1101,1998,6,32497,27468,5029
1101,1998,7,21717,24468,-2751
1101,1998,8,21701,25568,-3867
1101,1998,9,21688,23268,-1580
1101,1998,10,21671,28268,-6597
1101,1998,11,21655,24068,-2413
1101,1998,12,32478,8853,23625
1102,1996,2,700,0,700
1102,1996,3,12009,0,12009
1102,1996,4,8555,0,8555
1102,1996,5,7286,1500,5786
1102,1996,6,10897,9200,1697
1102,1996,7,7306,8115,-809
1102,1996,8,7301,10214,-2913
1102,1996,9,7295,7594,-299
1102,1996,10,7290,8274,-984
1102,1996,11,7295,4074,3221
1102,1996,12,10883,15434,-4551
1102,1997,1,7263,16394,-9131
1102,1997,2,9457,3574,5883
1102,1997,3,8680,3574,5106
1102,1997,4,7281,10774,-3493
1102,1997,5,7267,11274,-4007
1102,1997,6,10864,5974,4890
1102,1997,7,7287,4774,2513
1102,1997,8,7287,7374,-87
1102,1997,9,7291,5474,1817
1102,1997,10,7293,7474,-181
1102,1997,11,7299,4874,2425
1102,1997,12,12316,11374,942
1102,1998,1,13085,20694,-7609
1102,1998,2,7283,3874,3409
1102,1998,3,11211,3574,7637
1102,1998,4,7297,15354,-8057
1102,1998,5,7498,3574,3924
1102,1998,6,13323,3574,9749
1102,1998,7,7344,6734,610
1102,1998,8,7350,5874,1476
1102,1998,9,7352,9374,-2022
1102,1998,10,7351,4674,2677
1102,1998,11,9772,3574,6198
1102,1998,12,10989,5479,5510
1103,1995,7,21630,0,21630
1103,1995,8,23726,0,23726
1103,1995,9,21180,11700,9480
1103,1995,10,21215,13400,7815
1103,1995,11,21237,16715,4522
1103,1995,12,31748,25115,6633
1103,1996,1,21242,33515,-12273
1103,1996,2,21195,23415,-2220
1103,1996,3,21211,20715,496
1103,1996,4,21215,20115,1100
1103,1996,5,21227,17715,3512
1103,1996,6,31701,28615,3086
1103,1996,7,21225,23715,-2490
1103,1996,8,21237,19915,1322
1103,1996,9,21226,25415,-4189
1103,1996,10,21217,40015,-18798
1103,1996,11,21222,19815,1407
1103,1996,12,31712,30115,1597
1103,1997,1,21188,26915,-5727
1103,1997,2,21131,23415,-2284
1103,1997,3,21122,19315,1807
1103,1997,4,21154,21415,-261
1103,1997,5,21128,28415,-7287
1103,1997,6,31579,40315,-8736
1103,1997,7,21063,17115,3948
1103,1997,8,21078,24315,-3237
1103,1997,9,21066,18415,2651
1103,1997,10,21088,23515,-2427
1103,1997,11,21079,20715,364
1103,1997,12,31567,26815,4752
1103,1998,1,21097,28115,-7018
1103,1998,2,21056,22315,-1259
1103,1998,3,21050,22815,-1765
1103,1998,4,21064,20115,949
1103,1998,5,21050,19115,1935
1103,1998,6,31583,37815,-6232
1103,1998,7,21066,17115,3951
1103,1998,8,21047,19915,1132
1103,1998,9,21083,17315,3768
1103,1998,10,21066,21215,-149
1103,1998,11,21091,22515,-1424
1103,1998,12,31553,24100,7453
1104,1995,12,800,0,800
1104,1996,1,19857,0,19857
1104,1996,2,16212,4800,11412
1104,1996,3,16237,10700,5537
1104,1996,4,16258,11500,4758
1104,1996,5,16252,21055,-4803
1104,1996,6,24329,28255,-3926
1104,1996,7,16231,16055,176
1104,1996,8,16228,16155,73
1104,1996,9,16239,13055,3184
1104,1996,10,16261,11055,5206
1104,1996,11,16248,20155,-3907
1104,1996,12,24317,22455,1862
1104,1997,1,16264,25555,-9291
1104,1997,2,16237,8855,7382
1104,1997,3,16267,18555,-2288
1104,1997,4,16258,17055,-797
1104,1997,5,16259,17555,-1296
1104,1997,6,24285,27855,-3570
1104,1997,7,16229,15155,1074
1104,1997,8,16237,12955,3282
1104,1997,9,16245,17755,-1510
1104,1997,10,16242,15855,387
1104,1997,11,16246,11855,4391
1104,1997,12,24326,21655,2671
1104,1998,1,18145,29055,-10910
1104,1998,2,17429,11555,5874
1104,1998,3,16254,10855,5399
1104,1998,4,16262,18355,-2093
1104,1998,5,16260,16755,-495
1104,1998,6,24319,18755,5564
1104,1998,7,16284,15055,1229
1104,1998,8,16287,15855,432
1104,1998,9,16288,16155,133
1104,1998,10,16291,13655,2636
1104,1998,11,16302,12355,3947
1104,1998,12,24369,25840,-1471
1105,1994,9,9313,0,9313
1105,1994,10,14569,2000,12569
1105,1994,11,8874,3500,5374
1105,1994,12,13288,6900,6388
1105,1995,1,8918,17169,-8251
1105,1995,2,8896,10169,-1273
1105,1995,3,8984,9069,-85
1105,1995,4,8882,11269,-2387
1105,1995,5,8880,8169,711
1105,1995,6,13284,11769,1515
1105,1995,7,8888,9769,-881
1105,1995,8,8882,12569,-3687
1105,1995,9,8868,10369,-1501
1105,1995,10,8859,12269,-3410
1105,1995,11,8848,9169,-321
1105,1995,12,13242,14269,-1027
1105,1996,1,8941,8869,72
1105,1996,2,8845,5869,2976
1105,1996,3,8855,8169,686
1105,1996,4,8856,13469,-4613
1105,1996,5,8839,8269,570
1105,1996,6,13240,10769,2471
1105,1996,7,8850,9169,-319
1105,1996,8,8853,5869,2984
1105,1996,9,8860,8969,-109
1105,1996,10,8854,12669,-3815
1105,1996,11,8848,9269,-421
1105,1996,12,13236,14569,-1333
1105,1997,1,8834,9169,-335
1105,1997,2,8838,7369,1469
1105,1997,3,8845,6569,2276
1105,1997,4,8852,9969,-1117
1105,1997,5,8851,5869,2982
1105,1997,6,13247,14569,-1322
1105,1997,7,8848,9569,-721
1105,1997,8,8854,5869,2985
1105,1997,9,8865,8269,596
1105,1997,10,8869,5869,3000
1105,1997,11,8882,5869,3013
1105,1997,12,13294,8169,5125
1105,1998,1,8879,24469,-15590
1105,1998,2,8849,8169,680
1105,1998,3,8853,5869,2984
1105,1998,4,8866,5869,2997
1105,1998,5,8878,5869,3009
1105,1998,6,13293,5869,7424
1105,1998,7,8911,11869,-2958
1105,1998,8,8909,5869,3040
1105,1998,9,8920,7969,951
1105,1998,10,8926,5869,3057
1105,1998,11,8938,5869,3069
1105,1998,12,13348,8554,4794
1106,1993,8,800,0,800
1106,1993,9,23638,0,23638
1106,1993,10,102,400,-298
1106,1993,11,14656,6500,8156
1106,1993,12,134,3700,-3566
1106,1994,1,134,1800,-1666
1106,1994,2,22091,9800,12291
1106,1994,3,163,6900,-6737
1106,1994,4,17105,13900,3205
1106,1994,5,18725,7230,11495
1106,1994,6,9276,48885,-39609
1106,1994,7,12439,5430,7009
1106,1994,8,12055,16930,-4875
1106,1994,9,23931,5430,18501
1106,1994,10,3110,9230,-6120
1106,1994,11,12263,19079,-6816
1106,1994,12,7864,8130,-266
1106,1995,1,9631,27557,-17926
1106,1995,2,13502,58,13444
1106,1995,3,7436,13943,-6507
1106,1995,4,36994,8430,28564
1106,1995,5,59687,24889,34798
1106,1995,6,42339,59382,-17043
1106,1995,7,35697,13353,22344
1106,1995,8,71497,93155,-21658
1106,1995,9,100582,58753,41829
1106,1995,10,261,57039,-56778
1106,1995,11,131,9953,-9822
1106,1995,12,34064,24553,9511
1106,1996,1,52259,58453,-6194
1106,1996,2,16221,17053,-832
1106,1996,3,109718,40653,69065
1106,1996,4,304,46890,-46586
1106,1996,5,26516,43867,-17351
1106,1996,6,87144,89653,-2509
1106,1996,7,29851,32653,-2802
1106,1996,8,9047,8053,994
1106,1996,9,39900,24953,14947
1106,1996,10,143058,97053,46005
1106,1996,11,56216,49030,7186
1106,1996,12,41913,47130,-5217
1106,1997,1,12195,73030,-60835
1106,1997,2,20500,16430,4070
1106,1997,3,26947,14730,12217
1106,1997,4,55259,28830,26429
1106,1997,5,198,47430,-47232
1106,1997,6,1100,7330,-6230
1106,1997,7,37639,25030,12609
1106,1997,8,76870,12630,64240
1106,1997,9,16374,49716,-33342
1106,1997,10,64621,69374,-4753
1106,1997,11,52748,67928,-15180
1106,1997,12,59,50833,-50774
1106,1998,1,16100,15690,410
1106,1998,2,17404,9848,7556
1106,1998,3,14527,7130,7397
1106,1998,4,13639,11730,1909
1106,1998,5,6743,7630,-887
1106,1998,6,11214,31093,-19879
1106,1998,7,24428,11588,12840
1106,1998,8,12021,26171,-14150
1106,1998,9,19500,14360,5140
1106,1998,10,54938,13143,41795
1106,1998,11,44,37688,-37644
1106,1998,12,15403,12795,2608
1107,1993,9,7210,0,7210
1107,1993,10,6420,0,6420
1107,1993,11,6420,0,6420
1107,1993,12,6420,0,6420
1107,1994,1,6472,7921,-1449
1107,1994,2,6503,3261,3242
1107,1994,3,6513,4561,1952
1107,1994,4,6512,8161,-1649
1107,1994,5,6515,4561,1954
1107,1994,6,6517,7911,-1394
1107,1994,7,6523,2561,3962
1107,1994,8,6526,7161,-635
1107,1994,9,6530,4761,1769
1107,1994,10,6529,8081,-1552
1107,1994,11,6522,8061,-1539
1107,1994,12,6525,5141,1384
1107,1995,1,6507,19141,-12634
1107,1995,2,6484,1761,4723
1107,1995,3,6504,1761,4743
1107,1995,4,6524,2881,3643
1107,1995,5,6523,9901,-3378
1107,1995,6,6502,12361,-5859
1107,1995,7,6501,1761,4740
1107,1995,8,6518,7661,-1143
1107,1995,9,6514,4561,1953
1107,1995,10,6521,6061,460
1107,1995,11,6522,7461,-939
1107,1995,12,6511,11351,-4840
1107,1996,1,6470,15991,-9521
1107,1996,2,6461,1761,4700
1107,1996,3,6481,1761,4720
1107,1996,4,6494,6601,-107
1107,1996,5,6498,4361,2137
1107,1996,6,6504,6261,243
1107,1996,7,6504,6581,-77
1107,1996,8,6509,1861,4648
1107,1996,9,6523,5961,562
1107,1996,10,6522,8861,-2339
1107,1996,11,6515,6061,454
1107,1996,12,6519,4961,1558
1107,1997,1,6505,17471,-10966
1107,1997,2,6478,6721,-243
1107,1997,3,6479,4601,1878
1107,1997,4,6489,2861,3628
1107,1997,5,6501,4461,2040
1107,1997,6,6500,9711,-3211
1107,1997,7,6498,3601,2897
1107,1997,8,6508,4261,2247
1107,1997,9,6515,5361,1154
1107,1997,10,6512,9061,-2549
1107,1997,11,6507,8401,-1894
1107,1997,12,6497,7261,-764
1107,1998,1,6476,14061,-7585
1107,1998,2,6465,6501,-36
1107,1998,3,6473,1761,4712
1107,1998,4,6492,1761,4731
1107,1998,5,6512,1761,4751
1107,1998,6,6503,13011,-6508
1107,1998,7,6504,2321,4183
1107,1998,8,6515,5221,1294
1107,1998,9,6523,3561,2962
1107,1998,10,6528,6681,-153
1107,1998,11,6517,9901,-3384
1107,1998,12,6524,3196,3328
1108,1995,3,1000,0,1000
1108,1995,4,4730,0,4730
1108,1995,5,4730,0,4730
1108,1995,6,4730,0,4730
1108,1995,7,4730,0,4730
1108,1995,8,4803,1966,2837
1108,1995,9,4822,5341,-519
1108,1995,10,4829,3181,1648
1108,1995,11,4838,2381,2457
1108,1995,12,4837,5231,-394
1108,1996,1,4841,6131,-1290
1108,1996,2,4832,5021,-189
1108,1996,3,4840,2381,2459
1108,1996,4,4850,2381,2469
1108,1996,5,4860,2381,2479
1108,1996,6,4843,11841,-6998
1108,1996,7,4842,2381,2461
1108,1996,8,4852,2381,2471
1108,1996,9,4859,5181,-322
1108,1996,10,4861,2381,2480
1108,1996,11,4871,2381,2490
1108,1996,12,4880,2981,1899
1108,1997,1,4885,4181,704
1108,1997,2,4892,2381,2511
1108,1997,3,4903,2381,2522
1108,1997,4,4913,2381,2532
1108,1997,5,4923,3481,1442
1108,1997,6,4915,13991,-9076
1108,1997,7,4892,2381,2511
1108,1997,8,4901,3181,1720
1108,1997,9,4909,2581,2328
1108,1997,10,4918,3181,1737
1108,1997,11,4925,3281,1644
1108,1997,12,4931,3481,1450
1108,1998,1,4935,6081,-1146
1108,1998,2,4933,2881,2052
1108,1998,3,4942,2881,2061
1108,1998,4,4948,4381,567
1108,1998,5,4953,2381,2572
1108,1998,6,4948,9091,-4143
1108,1998,7,4947,2381,2566
1108,1998,8,4939,7581,-2642
1108,1998,9,4942,4541,401
1108,1998,10,4948,2381,2567
1108,1998,11,4958,2381,2577
1108,1998,12,4966,4366,600
1109,1994,10,600,0,600
1109,1994,11,18734,0,18734
1109,1994,12,26975,11000,15975
1109,1995,1,18072,13700,4372
1109,1995,2,18088,15400,2688
1109,1995,3,18097,17515,582
1109,1995,4,18135,23295,-5160
1109,1995,5,18082,13815,4267
1109,1995,6,27095,32875,-5780
1109,1995,7,18076,18075,1
1109,1995,8,18101,14715,3386
1109,1995,9,18092,13415,4677
1109,1995,10,18105,18875,-770
1109,1995,11,18106,15515,2591
1109,1995,12,27078,25935,1143
1109,1996,1,18132,23115,-4983
1109,1996,2,18103,14015,4088
1109,1996,3,18113,18515,-402
1109,1996,4,18119,18515,-396
1109,1996,5,18111,19295,-1184
1109,1996,6,27072,30355,-3283
1109,1996,7,18097,15115,2982
1109,1996,8,18134,18415,-281
1109,1996,9,18107,15915,2192
1109,1996,10,18122,13415,4707
1109,1996,11,18132,17615,517
1109,1996,12,27100,25435,1665
1109,1997,1,18130,27355,-9225
1109,1997,2,18107,15815,2292
1109,1997,3,18118,15315,2803
1109,1997,4,18121,18815,-694
1109,1997,5,18118,18815,-697
1109,1997,6,27080,26215,865
1109,1997,7,18117,19315,-1198
1109,1997,8,18100,26575,-8475
1109,1997,9,18085,16315,1770
1109,1997,10,18097,14615,3482
1109,1997,11,18104,17115,989
1109,1997,12,27082,25875,1207
1109,1998,1,18093,26315,-8222
1109,1998,2,18123,2315,15808
1109,1998,3,18140,22215,-4075
1109,1998,4,18177,17915,262
1109,1998,5,18179,22015,-3836
1109,1998,6,27104,14275,12829
1109,1998,7,18160,19415,-1255
1109,1998,8,18170,14115,4055
1109,1998,9,18163,22855,-4692
1109,1998,10,18147,20415,-2268
1109,1998,11,18154,15215,2939
1109,1998,12,27125,21160,5965
1110,1997,7,300,0,300
1110,1997,8,15996,0,15996
1110,1997,9,14943,5800,9143
1110,1997,10,14956,13700,1256
1110,1997,11,14957,14900,57
1110,1997,12,22381,23042,-661
1110,1998,1,14926,27142,-12216
1110,1998,2,14913,12742,2171
1110,1998,3,14938,7642,7296
1110,1998,4,14940,15842,-902
1110,1998,5,14937,15942,-1005
1110,1998,6,22369,19442,2927
1110,1998,7,14953,13642,1311
1110,1998,8,16976,10642,6334
1110,1998,9,16198,12542,3656
1110,1998,10,16334,5442,10892
1110,1998,11,15074,5542,9532
1110,1998,12,22542,12427,10115
1111,1996,2,400,0,400
1111,1996,3,20741,600,20141
1111,1996,4,20808,9800,11008
1111,1996,5,20851,11400,9451
1111,1996,6,31234,25000,6234
1111,1996,7,20898,19915,983
1111,1996,8,20902,22977,-2075
1111,1996,9,20895,21577,-682
1111,1996,10,20886,23777,-2891
1111,1996,11,20881,20077,804
1111,1996,12,31246,29157,2089
1111,1997,1,20870,31937,-11067
1111,1997,2,20882,6077,14805
1111,1997,3,20905,21477,-572
1111,1997,4,20947,20677,270
1111,1997,5,20948,25877,-4929
1111,1997,6,31253,19517,11736
1111,1997,7,20936,18277,2659
1111,1997,8,20928,23577,-2649
1111,1997,9,20925,20977,-52
1111,1997,10,20917,23477,-2560
1111,1997,11,20926,16977,3949
1111,1997,12,31301,27957,3344
1111,1998,1,20921,36157,-15236
1111,1998,2,20895,16177,4718
1111,1998,3,20907,18877,2030
1111,1998,4,20908,21077,-169
1111,1998,5,20900,23477,-2577
1111,1998,6,31247,62277,-31030
1111,1998,7,20821,3977,16844
1111,1998,8,20838,21077,-239
1111,1998,9,20839,21577,-738
1111,1998,10,20837,20077,760
1111,1998,11,20843,21177,-334
1111,1998,12,31216,20802,10414
1112,1995,2,19787,0,19787
1112,1995,3,18966,300,18666
1112,1995,4,19016,8200,10816
1112,1995,5,19044,13200,5844
1112,1995,6,28380,61555,-33175
1112,1995,7,20080,15,20065
1112,1995,8,19033,9635,9398
1112,1995,9,19067,9215,9852
1112,1995,10,19087,33815,-14728
1112,1995,11,19013,17415,1598
1112,1995,12,28439,26815,1624
1112,1996,1,19052,29615,-10563
1112,1996,2,18982,18715,267
1112,1996,3,19026,15715,3311
1112,1996,4,19003,20095,-1092
1112,1996,5,18994,15815,3179
1112,1996,6,28432,31255,-2823
1112,1996,7,18996,17115,1881
1112,1996,8,19026,17655,1371
1112,1996,9,19010,15915,3095
1112,1996,10,19022,16515,2507
1112,1996,11,19032,17015,2017
1112,1996,12,28510,23495,5015
1112,1997,1,19071,29615,-10544
1112,1997,2,19020,14415,4605
1112,1997,3,19041,19395,-354
1112,1997,4,19033,18615,418
1112,1997,5,19040,14215,4825
1112,1997,6,28438,48735,-20297
1112,1997,7,18988,5315,13673
1112,1997,8,19057,18815,242
1112,1997,9,19064,17015,2049
1112,1997,10,19042,15315,3727
1112,1997,11,19050,20095,-1045
1112,1997,12,28470,21815,6655
1112,1998,1,19077,31515,-12438
1112,1998,2,19038,11975,7063
1112,1998,3,19070,9115,9955
1112,1998,4,19102,14415,4687
1112,1998,5,19121,14715,4406
1112,1998,6,28875,47375,-18500
1112,1998,7,19086,3315,15771
1112,1998,8,19130,14415,4715
1112,1998,9,19150,16115,3035
1112,1998,10,19162,14615,4547
1112,1998,11,19172,18615,557
1112,1998,12,28601,29800,-1199
1113,1996,9,1100,0,1100
1113,1996,10,17191,0,17191
1113,1996,11,12060,0,12060
1113,1996,12,12842,3900,8942
1113,1997,1,8636,6300,2336
1113,1997,2,8647,11424,-2777
1113,1997,3,8638,8261,377
1113,1997,4,8638,9361,-723
1113,1997,5,8620,13121,-4501
1113,1997,6,13138,31821,-18683
1113,1997,7,16556,5661,10895
1113,1997,8,13089,10101,2988
1113,1997,9,8598,7261,1337
1113,1997,10,9609,5661,3948
1113,1997,11,12319,9981,2338
1113,1997,12,12873,8301,4572
1113,1998,1,8825,15741,-6916
1113,1998,2,8614,15101,-6487
1113,1998,3,12094,9261,2833
1113,1998,4,11614,5661,5953
1113,1998,5,10537,5661,4876
1113,1998,6,17669,18901,-1232
1113,1998,7,13654,8661,4993
1113,1998,8,10974,5661,5313
1113,1998,9,9688,8061,1627
1113,1998,10,8898,5661,3237
1113,1998,11,10315,5661,4654
1113,1998,12,12966,8846,4120
1114,1993,11,126044,29900,96144
1114,1993,12,83483,86730,-3247
1114,1994,1,20550,68844,-48294
1114,1994,2,157,10880,-10723
1114,1994,3,96325,83280,13045
1114,1994,4,92047,53143,38904
1114,1994,5,42841,41380,1461
1114,1994,6,143170,144580,-1410
1114,1994,7,248,35580,-35332
1114,1994,8,827,26528,-25701
1114,1994,9,3002,3380,-378
1114,1994,10,1085,5856,-4771
1114,1994,11,3582,3380,202
1114,1994,12,1878,3380,-1502
1114,1995,1,3878,3380,498
1114,1995,2,468,3380,-2912
1114,1995,3,45163,25202,19961
1114,1995,4,114,10680,-10566
1114,1995,5,90,4680,-4590
1114,1995,6,77,5780,-5703
1114,1995,7,2760,3380,-620
1114,1995,8,549,3380,-2831
1114,1995,9,1140,3380,-2240
1114,1995,10,38,3380,-3342
1114,1995,11,7438,3380,4058
1114,1995,12,4545,3380,1165
1114,1996,1,2342,3380,-1038
1114,1996,2,41,3380,-3339
1114,1996,3,7276,3380,3896
1114,1996,4,28206,3380,24826
1114,1996,5,67690,69654,-1964
1114,1996,6,137,13180,-13043
1114,1996,7,41344,36880,4464
1114,1996,8,99,10580,-10481
1114,1996,9,40729,25080,15649
1114,1996,10,9433,23480,-14047
1114,1996,11,46894,30280,16614
1114,1996,12,19831,32980,-13149
1114,1997,1,29157,30880,-1723
1114,1997,2,72,3380,-3308
1114,1997,3,8710,3380,5330
1114,1997,4,19045,15080,3965
1114,1997,5,97,3380,-3283
1114,1997,6,83,3380,-3297
1114,1997,7,70,3380,-3310
1114,1997,8,56,3380,-3324
1114,1997,9,25681,3380,22301
1114,1997,10,58397,59680,-1283
1114,1997,11,15525,11480,4045
1114,1997,12,35047,31863,3184
1114,1998,1,34727,41052,-6325
1114,1998,2,133,5480,-5347
1114,1998,3,35513,27636,7877
1114,1998,4,141,5780,-5639
1114,1998,5,101,5480,-5379
1114,1998,6,97,3380,-3283
1114,1998,7,48994,3380,45614
1114,1998,8,85103,116026,-30923
1114,1998,9,44154,43880,274
1114,1998,10,36232,42653,-6421
1114,1998,11,52455,25259,27196
1114,1998,12,90179,63433,26746
1115,1993,3,300,0,300
1115,1993,4,3440,0,3440
1115,1993,5,3440,0,3440
1115,1993,6,3440,0,3440
1115,1993,7,3440,0,3440
1115,1993,8,3483,795,2688
1115,1993,9,3513,3448,65
1115,1993,10,3514,2308,1206
1115,1993,11,3516,3028,488
1115,1993,12,3521,2668,853
1115,1994,1,3516,6838,-3322
1115,1994,2,3511,2308,1203
1115,1994,3,3511,3658,-147
1115,1994,4,3513,3478,35
1115,1994,5,3515,3358,157
1115,1994,6,3513,3838,-325
1115,1994,7,3515,2308,1207
1115,1994,8,3520,2308,1212
1115,1994,9,3524,3208,316
1115,1994,10,3521,3688,-167
1115,1994,11,3524,2808,716
1115,1994,12,3527,2928,599
1115,1995,1,3518,7768,-4250
1115,1995,2,3512,2788,724
1115,1995,3,3514,3548,-34
1115,1995,4,3515,2878,637
1115,1995,5,3514,4208,-694
1115,1995,6,3514,4618,-1104
1115,1995,7,3509,3058,451
1115,1995,8,3510,3238,272
1115,1995,9,3514,2308,1206
1115,1995,10,3519,2308,1211
1115,1995,11,3519,4108,-589
1115,1995,12,3520,2698,822
1115,1996,1,3516,8588,-5072
1115,1996,2,3503,2308,1195
1115,1996,3,3508,2408,1100
1115,1996,4,3513,2308,1205
1115,1996,5,3518,2308,1210
1115,1996,6,3506,7018,-3512
1115,1996,7,3506,3268,238
1115,1996,8,3500,5108,-1608
1115,1996,9,3502,2308,1194
1115,1996,10,3507,2848,659
1115,1996,11,3510,2908,602
1115,1996,12,3512,2878,634
1115,1997,1,3502,6178,-2676
1115,1997,2,3504,2308,1196
1115,1997,3,3505,3518,-13
1115,1997,4,3509,2308,1201
1115,1997,5,3514,2308,1206
1115,1997,6,3515,3418,97
1115,1997,7,3519,2308,1211
1115,1997,8,3524,2308,1216
1115,1997,9,3527,2638,889
1115,1997,10,3533,2308,1225
1115,1997,11,3538,2458,1080
1115,1997,12,3506,12218,-8712
1115,1998,1,3504,3538,-34
1115,1998,2,3506,2308,1198
1115,1998,3,3511,2308,1203
1115,1998,4,3516,2308,1208
1115,1998,5,3521,2308,1213
1115,1998,6,3521,5128,-1607
1115,1998,7,3519,2308,1211
1115,1998,8,3524,2308,1216
1115,1998,9,3529,2308,1221
1115,1998,10,3534,2308,1226
1115,1998,11,3539,2308,1231
1115,1998,12,3542,4303,-761
1116,1993,7,900,0,900
1116,1993,8,16960,0,16960
1116,1993,9,12222,1700,10522
1116,1993,10,12257,6900,5357
1116,1993,11,12269,12500,-231
1116,1993,12,18337,21461,-3124
1116,1994,1,12235,24941,-12706
1116,1994,2,18822,13621,5201
1116,1994,3,12242,9201,3041
1116,1994,4,12249,11301,948
1116,1994,5,12251,11801,450
1116,1994,6,18316,18441,-125
1116,1994,7,12245,12001,244
1116,1994,8,12247,13301,-1054
1116,1994,9,12240,17861,-5621
1116,1994,10,14232,9541,4691
1116,1994,11,12242,10801,1441
1116,1994,12,18319,15201,3118
1116,1995,1,12257,21961,-9704
1116,1995,2,12244,8801,3443
1116,1995,3,12239,8401,3838
1116,1995,4,12255,8701,3554
1116,1995,5,12262,11501,761
1116,1995,6,18338,22521,-4183
1116,1995,7,12278,9701,2577
1116,1995,8,14774,8101,6673
1116,1995,9,12278,13821,-1543
1116,1995,10,12578,12781,-203
1116,1995,11,12268,15501,-3233
1116,1995,12,21077,13141,7936
1116,1996,1,12281,23121,-10840
1116,1996,2,13162,15781,-2619
1116,1996,3,19758,13261,6497
1116,1996,4,12377,8101,4276
1116,1996,5,12281,14421,-2140
1116,1996,6,18388,9001,9387
1116,1996,7,12335,12301,34
1116,1996,8,12308,15641,-3333
1116,1996,9,12325,11001,1324
1116,1996,10,12300,13381,-1081
1116,1996,11,12310,8601,3709
1116,1996,12,18405,14761,3644
1116,1997,1,12347,24201,-11854
1116,1997,2,12314,8101,4213
1116,1997,3,12333,9601,2732
1116,1997,4,12415,13861,-1446
1116,1997,5,12315,11001,1314
1116,1997,6,27872,39381,-11509
1116,1997,7,14574,8101,6473
1116,1997,8,12317,12801,-484
1116,1997,9,12297,8701,3596
1116,1997,10,12310,11801,509
1116,1997,11,12330,11701,629
1116,1997,12,18406,14381,4025
1116,1998,1,13921,21861,-7940
1116,1998,2,13017,8101,4916
1116,1998,3,12917,12901,16
1116,1998,4,12314,15421,-3107
1116,1998,5,14405,10741,3664
1116,1998,6,18400,13201,5199
1116,1998,7,12335,13261,-926
1116,1998,8,12330,14201,-1871
1116,1998,9,12340,11201,1139
1116,1998,10,12340,18261,-5921
1116,1998,11,12306,12301,5
1116,1998,12,18416,9086,9330
1117,1996,8,400,0,400
1117,1996,9,5370,0,5370
1117,1996,10,5370,0,5370
1117,1996,11,5370,0,5370
1117,1996,12,5370,0,5370
1117,1997,1,5425,10540,-5115
1117,1997,2,5448,2730,2718
1117,1997,3,5460,2730,2730
1117,1997,4,5471,2730,2741
1117,1997,5,5483,5130,353
1117,1997,6,5453,15280,-9827
1117,1997,7,5443,2730,2713
1117,1997,8,5454,5710,-256
1117,1997,9,5453,2730,2723
1117,1997,10,5465,2730,2735
1117,1997,11,5471,6630,-1159
1117,1997,12,5465,6530,-1065
1117,1998,1,5440,13210,-7770
1117,1998,2,5434,2730,2704
1117,1998,3,5446,2730,2716
1117,1998,4,5457,4170,1287
1117,1998,5,5462,2730,2732
1117,1998,6,5452,11130,-5678
1117,1998,7,5447,5370,77
1117,1998,8,5450,2730,2720
1117,1998,9,5460,3530,1930
1117,1998,10,5454,8850,-3396
1117,1998,11,5451,5230,221
1117,1998,12,5455,3565,1890
1118,1993,7,7764,0,7764
1118,1993,8,18231,0,18231
1118,1993,9,8273,0,8273
1118,1993,10,7688,5400,2288
1118,1993,11,7685,10040,-2355
1118,1993,12,11447,17540,-6093
1118,1994,1,14639,21600,-6961
1118,1994,2,7637,5040,2597
1118,1994,3,10753,8480,2273
1118,1994,4,7658,9140,-1482
1118,1994,5,7751,5040,2711
1118,1994,6,11424,12760,-1336
1118,1994,7,7656,10440,-2784
1118,1994,8,7645,6640,1005
1118,1994,9,7648,7340,308
1118,1994,10,7647,10640,-2993
1118,1994,11,7638,6140,1498
1118,1994,12,11902,16880,-4978
1118,1995,1,7609,10180,-2571
1118,1995,2,7612,7040,572
1118,1995,3,7611,9900,-2289
1118,1995,4,7602,7880,-278
1118,1995,5,8406,5040,3366
1118,1995,6,11395,10720,675
1118,1995,7,7617,9240,-1623
1118,1995,8,7609,9640,-2031
1118,1995,9,7604,7800,-196
1118,1995,10,7601,8140,-539
1118,1995,11,7598,9040,-1442
1118,1995,12,11371,7440,3931
1118,1996,1,7604,8760,-1156
1118,1996,2,7608,5040,2568
1118,1996,3,7619,5040,2579
1118,1996,4,7629,5040,2589
1118,1996,5,7640,5040,2600
1118,1996,6,11419,10440,979
1118,1996,7,7655,5040,2615
1118,1996,8,7666,5040,2626
1118,1996,9,7636,25140,-17504
1118,1996,10,7604,5040,2564
1118,1996,11,7597,10920,-3323
1118,1996,12,11382,5040,6342
1118,1997,1,7614,11520,-3906
1118,1997,2,7612,5040,2572
1118,1997,3,7622,5040,2582
1118,1997,4,7631,9240,-1609
1118,1997,5,7625,5040,2585
1118,1997,6,11417,5040,6377
1118,1997,7,7656,7440,216
1118,1997,8,7660,7560,100
1118,1997,9,7664,5040,2624
1118,1997,10,7645,14880,-7235
1118,1997,11,7644,5040,2604
1118,1997,12,11424,9200,2224
1118,1998,1,7634,19080,-11446
1118,1998,2,7617,5040,2577
1118,1998,3,7625,5640,1985
1118,1998,4,7635,5040,2595
1118,1998,5,7646,5040,2606
1118,1998,6,11439,5040,6399
1118,1998,7,7683,5040,2643
1118,1998,8,7695,5040,2655
1118,1998,9,7698,9840,-2142
1118,1998,10,7697,5040,2657
1118,1998,11,7695,10320,-2625
1118,1998,12,11472,7105,4367
1120,1993,10,900,0,900
1120,1993,11,5428,0,5428
1120,1993,12,5428,0,5428
1120,1994,1,5428,0,5428
1120,1994,2,5428,0,5428
1120,1994,3,5521,3218,2303
1120,1994,4,5538,4318,1220
1120,1994,5,5539,5618,-79
1120,1994,6,5523,17898,-12375
1120,1994,7,5495,2718,2777
1120,1994,8,5505,5678,-173
1120,1994,9,5506,2718,2788
1120,1994,10,5511,4878,633
1120,1994,11,5515,6638,-1123
1120,1994,12,5514,3918,1596
1120,1995,1,5507,11868,-6361
1120,1995,2,5495,2718,2777
1120,1995,3,5507,2718,2789
1120,1995,4,5518,3618,1900
1120,1995,5,5526,3118,2408
1120,1995,6,5503,15718,-10215
1120,1995,7,5494,2718,2776
1120,1995,8,5503,6118,-615
1120,1995,9,5498,5818,-320
1120,1995,10,5497,6478,-981
1120,1995,11,5495,5318,177
1120,1995,12,5494,5918,-424
1120,1996,1,5485,7638,-2153
1120,1996,2,5487,2718,2769
1120,1996,3,5495,5718,-223
1120,1996,4,5491,8118,-2627
1120,1996,5,5484,4618,866
1120,1996,6,5491,2718,2773
1120,1996,7,5502,3198,2304
1120,1996,8,5499,10518,-5019
1120,1996,9,5491,2718,2773
1120,1996,10,5502,2718,2784
1120,1996,11,5501,8158,-2657
1120,1996,12,5502,3568,1934
1120,1997,1,5492,9198,-3706
1120,1997,2,5495,2718,2777
1120,1997,3,5507,2718,2789
1120,1997,4,5512,5758,-246
1120,1997,5,5513,6158,-645
1120,1997,6,5507,6418,-911
1120,1997,7,5510,6078,-568
1120,1997,8,5508,2718,2790
1120,1997,9,5515,4798,717
1120,1997,10,5523,2718,2805
1120,1997,11,5534,2718,2816
1120,1997,12,5544,3518,2026
1120,1998,1,5540,12558,-7018
1120,1998,2,5511,7358,-1847
1120,1998,3,5517,2718,2799
1120,1998,4,5529,2718,2811
1120,1998,5,5538,4078,1460
1120,1998,6,5512,15158,-9646
1120,1998,7,5499,6078,-579
1120,1998,8,5504,2718,2786
1120,1998,9,5516,2718,2798
1120,1998,10,5527,2718,2809
1120,1998,11,5539,2718,2821
1120,1998,12,5548,3553,1995
1121,1996,4,800,0,800
1121,1996,5,19719,0,19719
1121,1996,6,26940,9000,17940
1121,1996,7,18042,15900,2142
1121,1996,8,18057,13400,4657
1121,1996,9,18063,19415,-1352
1121,1996,10,18071,13715,4356
1121,1996,11,18071,21715,-3644
1121,1996,12,27046,19415,7631
1121,1997,1,18074,27515,-9441
1121,1997,2,18068,13415,4653
1121,1997,3,18080,16215,1865
1121,1997,4,18085,17215,870
1121,1997,5,18086,19115,-1029
1121,1997,6,27029,27815,-786
1121,1997,7,18080,17715,365
1121,1997,8,18082,17515,567
1121,1997,9,18086,16915,1171
1121,1997,10,18072,27015,-8943
1121,1997,11,18043,20215,-2172
1121,1997,12,26995,23515,3480
1121,1998,1,18025,34715,-16690
1121,1998,2,18021,9315,8706
1121,1998,3,18051,10215,7836
1121,1998,4,18092,7015,11077
1121,1998,5,18115,13715,4400
1121,1998,6,27081,45815,-18734
1121,1998,7,18084,8215,9869
1121,1998,8,18141,1615,16526
1121,1998,9,18175,15515,2660
1121,1998,10,18175,15215,2960
1121,1998,11,18188,14115,4073
1121,1998,12,27145,20300,6845
1122,1995,8,500,0,500
1122,1995,9,17634,0,17634
1122,1995,10,9682,1600,8082
1122,1995,11,9701,7000,2701
1122,1995,12,14514,8400,6114
1122,1996,1,9718,19015,-9297
1122,1996,2,9690,10915,-1225
1122,1996,3,9695,6815,2880
1122,1996,4,9700,8915,785
1122,1996,5,9703,10815,-1112
1122,1996,6,14456,25315,-10859
1122,1996,7,9683,5915,3768
1122,1996,8,9687,5215,4472
1122,1996,9,9691,7915,1776
1122,1996,10,9699,7915,1784
1122,1996,11,9712,6115,3597
1122,1996,12,14527,11215,3312
1122,1997,1,9694,27315,-17621
1122,1997,2,9675,3615,6060
1122,1997,3,9684,8815,869
1122,1997,4,9687,8915,772
1122,1997,5,9690,9015,675
1122,1997,6,14493,11415,3078
1122,1997,7,9688,14315,-4627
1122,1997,8,9681,21215,-11534
1122,1997,9,9665,7915,1750
1122,1997,10,9654,7815,1839
1122,1997,11,9655,10315,-660
1122,1997,12,14457,16315,-1858
1122,1998,1,9649,8515,1134
1122,1998,2,9650,515,9135
1122,1998,3,9680,17215,-7535
1122,1998,4,9653,15,9638
1122,1998,5,9693,15,9678
1122,1998,6,14513,18315,-3802
1122,1998,7,9704,27715,-18011
1122,1998,8,9642,15,9627
1122,1998,9,9673,18815,-9142
1122,1998,10,9644,15,9629
1122,1998,11,9672,20215,-10543
1122,1998,12,14430,14700,-270
1123,1993,11,16674,0,16674
1123,1993,12,30695,12100,18595
1123,1994,1,16378,11200,5178
1123,1994,2,16398,0,16398
1123,1994,3,16418,37067,-20649
1123,1994,4,16415,19527,-3112
1123,1994,5,16385,14627,1758
1123,1994,6,24522,21087,3435
1123,1994,7,16387,25107,-8720
1123,1994,8,16368,16127,241
1123,1994,9,16368,15827,541
1123,1994,10,16371,13947,2424
1123,1994,11,16381,14527,1854
1123,1994,12,24516,21167,3349
1123,1995,1,16367,25867,-9500
1123,1995,2,16352,17507,-1155
1123,1995,3,16350,16627,-277
1123,1995,4,16357,13627,2730
1123,1995,5,17361,14767,2594
1123,1995,6,24503,21807,2696
1123,1995,7,16385,17427,-1042
1123,1995,8,16384,14227,2157
1123,1995,9,16378,21727,-5349
1123,1995,10,16364,17927,-1563
1123,1995,11,16363,14027,2336
1123,1995,12,24497,21227,3270
1123,1996,1,16357,27087,-10730
1123,1996,2,16341,13427,2914
1123,1996,3,16355,12427,3928
1123,1996,4,16367,14527,1840
1123,1996,5,16368,18527,-2159
1123,1996,6,24495,17427,7068
1123,1996,7,16382,21027,-4645
1123,1996,8,16365,19127,-2762
1123,1996,9,16352,19427,-3075
1123,1996,10,16337,21467,-5130
1123,1996,11,16322,16687,-365
1123,1996,12,24452,21507,2945
1123,1997,1,16315,25347,-9032
1123,1997,2,16296,15827,469
1123,1997,3,16297,16427,-130
1123,1997,4,16312,16827,-515
1123,1997,5,16295,15527,768
1123,1997,6,24420,22207,2213
1123,1997,7,16306,16227,79
1123,1997,8,16296,20627,-4331
1123,1997,9,16307,9327,6980
1123,1997,10,16325,13327,2998
1123,1997,11,16327,17227,-900
1123,1997,12,24472,12807,11665
1123,1998,1,16326,35367,-19041
1123,1998,2,16311,10027,6284
1123,1998,3,16333,11647,4686
1123,1998,4,16340,17287,-947
1123,1998,5,16330,18827,-2497
1123,1998,6,24462,16227,8235
1123,1998,7,16338,24627,-8289
1123,1998,8,16325,16327,-2
1123,1998,9,16331,14327,2004
1123,1998,10,16342,13027,3315
1123,1998,11,16354,13927,2427
1123,1998,12,24467,23532,935
1124,1996,6,900,0,900
1124,1996,7,55257,0,55257
1124,1996,8,231,23600,-23369
1124,1996,9,104140,97715,6425
1124,1996,10,49648,40884,8764
1124,1996,11,97807,106849,-9042
1124,1996,12,31549,37884,-6335
1124,1997,1,8112,20684,-12572
1124,1997,2,61165,36550,24615
1124,1997,3,34976,25184,9792
1124,1997,4,19687,27184,-7497
1124,1997,5,20363,23184,-2821
1124,1997,6,71042,50655,20387
1124,1997,7,85826,95735,-9909
1124,1997,8,102258,117484,-15226
1124,1997,9,45966,40284,5682
1124,1997,10,57056,32284,24772
1124,1997,11,28431,51794,-23363
1124,1997,12,36776,30584,6192
1124,1998,1,138379,168084,-29705
1124,1998,2,14880,7818,7062
1124,1998,3,106059,63288,42771
1124,1998,4,89784,91984,-2200
1124,1998,5,34478,39084,-4606
1124,1998,6,44515,39340,5175
1124,1998,7,30934,41222,-10288
1124,1998,8,70629,50143,20486
1124,1998,9,98793,119271,-20478
1124,1998,10,85228,60811,24417
1124,1998,11,311,23284,-22973
1124,1998,12,54888,40568,14320
1125,1997,11,900,0,900
1125,1997,12,10500,0,10500
1125,1998,1,147100,110100,37000
1125,1998,2,13015,47997,-34982
1125,1998,3,84455,21496,62959
1125,1998,4,76191,98496,-22305
1125,1998,5,17692,37916,-20224
1125,1998,6,7997,18396,-10399
1125,1998,7,82205,26827,55378
1125,1998,8,132173,138719,-6546
1125,1998,9,40196,46996,-6800
1125,1998,10,16421,54953,-38532
1125,1998,11,59132,49750,9382
1125,1998,12,44443,34563,9880
1126,1993,3,1100,0,1100
1126,1993,4,11730,0,11730
1126,1993,5,7967,0,7967
1126,1993,6,6382,1800,4582
1126,1993,7,4299,2500,1799
1126,1993,8,4292,8406,-4114
1126,1993,9,6800,2806,3994
1126,1993,10,4299,10106,-5807
1126,1993,11,4270,7406,-3136
1126,1993,12,8778,3306,5472
1126,1994,1,4263,14906,-10643
1126,1994,2,12578,2806,9772
1126,1994,3,7900,5906,1994
1126,1994,4,7106,3506,3600
1126,1994,5,4305,4706,-401
1126,1994,6,6398,6506,-108
1126,1994,7,6317,5406,911
1126,1994,8,5011,2806,2205
1126,1994,9,4319,4406,-87
1126,1994,10,4318,7006,-2688
1126,1994,11,5809,2806,3003
1126,1994,12,6415,7506,-1091
1126,1995,1,7498,12806,-5308
1126,1995,2,12483,12206,277
1126,1995,3,4295,3206,1089
1126,1995,4,8101,2806,5295
1126,1995,5,4722,2806,1916
1126,1995,6,6410,9906,-3496
1126,1995,7,7017,2806,4211
1126,1995,8,5834,2806,3028
1126,1995,9,4745,2806,1939
1126,1995,10,4753,2806,1947
1126,1995,11,4561,2806,1755
1126,1995,12,6453,12106,-5653
1126,1996,1,10329,18506,-8177
1126,1996,2,11419,2806,8613
1126,1996,3,9753,2806,6947
1126,1996,4,4374,3806,568
1126,1996,5,4375,4306,69
1126,1996,6,10472,8606,1866
1126,1996,7,4385,3206,1179
1126,1996,8,4891,2806,2085
1126,1996,9,7104,2806,4298
1126,1996,10,4406,8606,-4200
1126,1996,11,4399,2806,1593
1126,1996,12,6496,7806,-1310
1126,1997,1,6982,16406,-9424
1126,1997,2,11867,7206,4661
1126,1997,3,7386,2806,4580
1126,1997,4,6200,5006,1194
1126,1997,5,4404,2806,1598
1126,1997,6,6800,8606,-1806
1126,1997,7,6708,2806,3902
1126,1997,8,4418,3106,1312
1126,1997,9,4415,6406,-1991
1126,1997,10,4411,4606,-195
1126,1997,11,4414,3206,1208
1126,1997,12,6503,11006,-4503
1126,1998,1,4367,16506,-12139
1126,1998,2,5955,2806,3149
1126,1998,3,10979,4106,6873
1126,1998,4,7600,2806,4794
1126,1998,5,4411,2906,1505
1126,1998,6,6428,36106,-29678
1126,1998,7,18332,4306,14026
1126,1998,8,11375,2806,8569
1126,1998,9,7098,2806,4292
1126,1998,10,4391,7606,-3215
1126,1998,11,4386,5306,-920
1126,1998,12,9496,4191,5305
1127,1993,1,600,0,600
1127,1993,2,25142,0,25142
1127,1993,3,23442,14800,8642
1127,1993,4,23478,15000,8478
1127,1993,5,23509,22000,1509
1127,1993,6,35232,36975,-1743
1127,1993,7,23534,28275,-4741
1127,1993,8,23523,23275,248
1127,1993,9,23525,19875,3650
1127,1993,10,23538,22075,1463
1127,1993,11,23541,28275,-4734
1127,1993,12,35217,25875,9342
1127,1994,1,23538,32275,-8737
1127,1994,2,23520,22475,1045
1127,1994,3,23519,23775,-256
1127,1994,4,23529,20175,3354
1127,1994,5,23542,20275,3267
1127,1994,6,35184,45775,-10591
1127,1994,7,23513,17775,5738
1127,1994,8,23530,21075,2455
1127,1994,9,23536,22775,761
1127,1994,10,23540,21675,1865
1127,1994,11,23548,20875,2673
1127,1994,12,35246,27275,7971
1127,1995,1,23568,36775,-13207
1127,1995,2,23534,20375,3159
1127,1995,3,23551,19975,3576
1127,1995,4,23558,23075,483
1127,1995,5,23557,24775,-1218
1127,1995,6,35199,39375,-4176
1127,1995,7,23538,21675,1863
1127,1995,8,23552,17775,5777
1127,1995,9,23559,24375,-816
1127,1995,10,23567,19475,4092
1127,1995,11,23568,25175,-1607
1127,1995,12,35251,28975,6276
1127,1996,1,23576,32275,-8699
1127,1996,2,23561,21075,2486
1127,1996,3,23570,20875,2695
1127,1996,4,23579,21175,2404
1127,1996,5,23587,21775,1812
1127,1996,6,35236,44575,-9339
1127,1996,7,23557,21775,1782
1127,1996,8,23552,24875,-1323
1127,1996,9,23548,24375,-827
1127,1996,10,23554,24075,-521
1127,1996,11,23545,23675,-130
1127,1996,12,35227,30075,5152
1127,1997,1,23538,35675,-12137
1127,1997,2,23536,22175,1361
1127,1997,3,23533,20075,3458
1127,1997,4,23541,23075,466
1127,1997,5,23546,21175,2371
1127,1997,6,35196,39975,-4779
1127,1997,7,23550,20175,3375
1127,1997,8,23599,7975,15624
1127,1997,9,23636,15675,7961
1127,1997,10,23655,19375,4280
1127,1997,11,23659,23375,284
1127,1997,12,35381,19475,15906
1127,1998,1,23672,45975,-22303
1127,1998,2,23673,7575,16098
1127,1998,3,23702,22575,1127
1127,1998,4,23714,20475,3239
1127,1998,5,23705,37475,-13770
1127,1998,6,35383,30875,4508
1127,1998,7,23718,22075,1643
1127,1998,8,23724,24075,-351
1127,1998,9,23720,26175,-2455
1127,1998,10,23710,22075,1635
1127,1998,11,23715,23775,-60
1127,1998,12,35226,67360,-32134
1128,1993,11,400,0,400
1128,1993,12,6189,0,6189
1128,1994,1,6189,0,6189
1128,1994,2,6189,0,6189
1128,1994,3,6189,0,6189
1128,1994,4,6266,2085,4181
1128,1994,5,6319,4385,1934
1128,1994,6,6315,8735,-2420
1128,1994,7,6319,3085,3234
1128,1994,8,6325,6985,-660
1128,1994,9,6324,5485,839
1128,1994,10,6328,7165,-837
1128,1994,11,6316,9205,-2889
1128,1994,12,6311,5525,786
1128,1995,1,6306,9525,-3219
1128,1995,2,6306,2885,3421
1128,1995,3,6317,4785,1532
1128,1995,4,6319,6585,-266
1128,1995,5,6318,8125,-1807
1128,1995,6,6303,10835,-4532
1128,1995,7,6302,2085,4217
1128,1995,8,6319,2085,4234
1128,1995,9,6336,4385,1951
1128,1995,10,6344,2885,3459
1128,1995,11,6341,8885,-2544
1128,1995,12,6345,3785,2560
1128,1996,1,6337,11605,-5268
1128,1996,2,6320,9265,-2945
1128,1996,3,6325,2805,3520
1128,1996,4,6338,3385,2953
1128,1996,5,6341,10705,-4364
1128,1996,6,6284,19035,-12751
1128,1996,7,6281,2085,4196
1128,1996,8,6298,2085,4213
1128,1996,9,6315,2085,4230
1128,1996,10,6333,2085,4248
1128,1996,11,6346,4585,1761
1128,1996,12,6346,8105,-1759
1128,1997,1,6323,13105,-6782
1128,1997,2,6315,5525,790
1128,1997,3,6324,3285,3039
1128,1997,4,6338,2085,4253
1128,1997,5,6356,2085,4271
1128,1997,6,6348,11785,-5437
1128,1997,7,6348,7525,-1177
1128,1997,8,6346,2085,4261
1128,1997,9,6359,7005,-646
1128,1997,10,6361,2085,4276
1128,1997,11,6378,3785,2593
1128,1997,12,6388,7185,-797
1128,1998,1,6362,12825,-6463
1128,1998,2,6358,4885,1473
1128,1998,3,6365,2085,4280
1128,1998,4,6382,3885,2497
1128,1998,5,6382,8745,-2363
1128,1998,6,6361,11685,-5324
1128,1998,7,6360,2085,4275
1128,1998,8,6378,2085,4293
1128,1998,9,6396,2085,4311
1128,1998,10,6414,2085,4329
1128,1998,11,6431,2565,3866
1128,1998,12,6440,5350,1090
1129,1995,3,25264,0,25264
1129,1995,4,24758,2700,22058
1129,1995,5,24820,13000,11820
1129,1995,6,37189,16700,20489
1129,1995,7,24885,58419,-33534
1129,1995,8,24830,27404,-2574
1129,1995,9,24798,29664,-4866
1129,1995,10,24799,20804,3995
1129,1995,11,24817,27404,-2587
1129,1995,12,37118,31004,6114
1129,1996,1,24770,34764,-9994
1129,1996,2,24779,23824,955
1129,1996,3,24790,19204,5586
1129,1996,4,24810,23104,1706
1129,1996,5,24812,26424,-1612
1129,1996,6,37112,65044,-27932
1129,1996,7,24700,12804,11896
1129,1996,8,24742,18904,5838
1129,1996,9,24755,28984,-4229
1129,1996,10,24748,18004,6744
1129,1996,11,24768,23304,1464
1129,1996,12,37083,32084,4999
1129,1997,1,24759,48364,-23605
1129,1997,2,24704,15804,8900
1129,1997,3,24740,19504,5236
1129,1997,4,24752,24304,448
1129,1997,5,24760,19204,5556
1129,1997,6,37055,48804,-11749
1129,1997,7,24738,15904,8834
1129,1997,8,24761,23204,1557
1129,1997,9,24771,20004,4767
1129,1997,10,24784,23504,1280
1129,1997,11,24791,24084,707
1129,1997,12,37106,32944,4162
1129,1998,1,24760,45584,-20824
1129,1998,2,24728,18304,6424
1129,1998,3,24759,17404,7355
1129,1998,4,24778,24744,34
1129,1998,5,24781,20904,3877
1129,1998,6,37049,39024,-1975
1129,1998,7,24778,22784,1994
1129,1998,8,24796,19764,5032
1129,1998,9,24810,21224,3586
1129,1998,10,24822,22704,2118
1129,1998,11,24827,23304,1523
1129,1998,12,37141,33029,4112
1130,1997,5,200,0,200
1130,1997,6,6588,0,6588
1130,1997,7,6588,0,6588
1130,1997,8,6588,0,6588
1130,1997,9,6588,0,6588
1130,1997,10,6671,2256,4415
1130,1997,11,6725,4456,2269
1130,1997,12,6735,5136,1599
1130,1998,1,6724,14276,-7552
1130,1998,2,6713,2256,4457
1130,1998,3,6730,6076,654
1130,1998,4,6734,2256,4478
1130,1998,5,6737,9536,-2799
1130,1998,6,6737,4656,2081
1130,1998,7,6734,8556,-1822
1130,1998,8,6743,2956,3787
1130,1998,9,6749,6956,-207
1130,1998,10,6749,5756,993
1130,1998,11,6747,7856,-1109
1130,1998,12,6748,6141,607
1132,1993,2,49244,0,49244
1132,1993,3,48415,11800,36615
1132,1993,4,48508,30800,17708
1132,1993,5,48376,97700,-49324
1132,1993,6,72370,73330,-960
1132,1993,7,48298,57622,-9324
1132,1993,8,48387,18524,29863
1132,1993,9,48482,23530,24952
1132,1993,10,48389,108230,-59841
1132,1993,11,48330,31430,16900
1132,1993,12,72470,84930,-12460
1132,1994,1,50404,70431,-20027
1132,1994,2,48201,20430,27771
1132,1994,3,48380,52137,-3757
1132,1994,4,48420,47720,700
1132,1994,5,48344,39330,9014
1132,1994,6,72524,106430,-33906
1132,1994,7,48292,32724,15568
1132,1994,8,48378,30630,17748
1132,1994,9,48381,51266,-2885
1132,1994,10,48395,44832,3563
1132,1994,11,48339,52346,-4007
1132,1994,12,72412,86222,-13810
1132,1995,1,48353,38330,10023
1132,1995,2,48334,38030,10304
1132,1995,3,48355,39330,9025
1132,1995,4,48465,68830,-20365
1132,1995,5,48318,30630,17688
1132,1995,6,72544,72951,-407
1132,1995,7,48456,46830,1626
1132,1995,8,48411,57230,-8819
1132,1995,9,48375,46672,1703
1132,1995,10,48399,41247,7152
1132,1995,11,48439,55430,-6991
1132,1995,12,72458,76538,-4080
1132,1996,1,48345,68630,-20285
1132,1996,2,48328,35218,13110
1132,1996,3,48321,44840,3481
1132,1996,4,48379,40630,7749
1132,1996,5,48367,37530,10837
1132,1996,6,72392,97794,-25402
1132,1996,7,48325,45492,2833
1132,1996,8,48329,33430,14899
1132,1996,9,48406,45119,3287
1132,1996,10,48403,53230,-4827
1132,1996,11,48375,38730,9645
1132,1996,12,72436,96203,-23767
1132,1997,1,48299,67330,-19031
1132,1997,2,48258,39258,9000
1132,1997,3,48303,26530,21773
1132,1997,4,48369,37030,11339
1132,1997,5,48418,44930,3488
1132,1997,6,72418,101830,-29412
1132,1997,7,48332,28730,19602
1132,1997,8,48380,53530,-5150
1132,1997,9,48302,66762,-18460
1132,1997,10,48283,44430,3853
1132,1997,11,48319,38197,10122
1132,1997,12,72400,62730,9670
1132,1998,1,48399,44730,3669
1132,1998,2,48454,21730,26724
1132,1998,3,48313,127396,-79083
1132,1998,4,50466,23194,27272
1132,1998,5,48346,24630,23716
1132,1998,6,72468,84332,-11864
1132,1998,7,48409,36548,11861
1132,1998,8,48396,45610,2786
1132,1998,9,48484,13930,34554
1132,1998,10,48529,53523,-4994
1132,1998,11,48522,34067,14455
1132,1998,12,72499,115761,-43262
1133,1993,11,5415,0,5415
1133,1993,12,4521,0,4521
1133,1994,1,4521,0,4521
1133,1994,2,4521,0,4521
1133,1994,3,4563,4598,-35
1133,1994,4,4582,3013,1569
1133,1994,5,4589,3013,1576
1133,1994,6,4564,12713,-8149
1133,1994,7,4560,3493,1067
1133,1994,8,4566,3013,1553
1133,1994,9,4572,3013,1559
1133,1994,10,4571,5493,-922
1133,1994,11,4575,3013,1562
1133,1994,12,4576,5733,-1157
1133,1995,1,4563,7313,-2750
1133,1995,2,4564,4113,451
1133,1995,3,4567,3013,1554
1133,1995,4,4568,4693,-125
1133,1995,5,4573,3013,1560
1133,1995,6,4574,7253,-2679
1133,1995,7,4563,7913,-3350
1133,1995,8,4553,4313,240
1133,1995,9,4555,3013,1542
1133,1995,10,4560,4513,47
1133,1995,11,4557,6613,-2056
1133,1995,12,4553,3013,1540
1133,1996,1,4560,3013,1547
1133,1996,2,4566,3013,1553
1133,1996,3,4567,6133,-1566
1133,1996,4,4560,5813,-1253
1133,1996,5,4561,3013,1548
1133,1996,6,4567,3013,1554
1133,1996,7,4561,9713,-5152
1133,1996,8,4552,3013,1539
1133,1996,9,4558,3013,1545
1133,1996,10,4561,4133,428
1133,1996,11,4566,3013,1553
1133,1996,12,4569,5313,-744
1133,1997,1,4564,6113,-1549
1133,1997,2,4563,3013,1550
1133,1997,3,4570,3013,1557
1133,1997,4,4576,3013,1563
1133,1997,5,4583,3013,1570
1133,1997,6,4577,7913,-3336
1133,1997,7,4563,7813,-3250
1133,1997,8,4562,3013,1549
1133,1997,9,4568,3013,1555
1133,1997,10,4574,7813,-3239
1133,1997,11,4561,3013,1548
1133,1997,12,4562,4893,-331
1133,1998,1,4566,3013,1553
1133,1998,2,4572,3013,1559
1133,1998,3,4569,6053,-1484
1133,1998,4,4572,3013,1559
1133,1998,5,4559,10113,-5554
1133,1998,6,4556,3013,1543
1133,1998,7,4562,3013,1549
1133,1998,8,4568,3013,1555
1133,1998,9,4571,6213,-1642
1133,1998,10,4568,3013,1555
1133,1998,11,4574,3013,1561
1133,1998,12,4580,3748,832
1134,1993,2,400,0,400
1134,1993,3,20228,0,20228
1134,1993,4,12077,4800,7277
1134,1993,5,12098,8100,3998
1134,1993,6,18111,10400,7711
1134,1993,7,12135,13388,-1253
1134,1993,8,12110,18495,-6385
1134,1993,9,12103,12295,-192
1134,1993,10,12091,15695,-3604
1134,1993,11,12095,9795,2300
1134,1993,12,18085,19895,-1810
1134,1994,1,12069,25795,-13726
1134,1994,2,16560,11395,5165
1134,1994,3,13479,7995,5484
1134,1994,4,16714,7995,8719
1134,1994,5,12107,15495,-3388
1134,1994,6,18103,19495,-1392
1134,1994,7,12098,11595,503
1134,1994,8,12091,12595,-504
1134,1994,9,12095,12695,-600
1134,1994,10,12097,11595,502
1134,1994,11,12088,12895,-807
1134,1994,12,18108,18595,-487
1134,1995,1,15171,24095,-8924
1134,1995,2,12061,9295,2766
1134,1995,3,12073,12695,-622
1134,1995,4,12079,9995,2084
1134,1995,5,12087,12395,-308
1134,1995,6,18083,17395,688
1134,1995,7,12080,13295,-1215
1134,1995,8,12082,10595,1487
1134,1995,9,12082,13395,-1313
1134,1995,10,12075,12095,-20
1134,1995,11,12080,12495,-415
1134,1995,12,18073,17295,778
1134,1996,1,12967,20295,-7328
1134,1996,2,14144,9995,4149
1134,1996,3,12069,9795,2274
1134,1996,4,12076,12195,-119
1134,1996,5,12074,13295,-1221
1134,1996,6,18058,19495,-1437
1134,1996,7,12053,12395,-342
1134,1996,8,12054,13095,-1041
1134,1996,9,12053,10795,1258
1134,1996,10,12056,15295,-3239
1134,1996,11,12045,13395,-1350
1134,1996,12,18036,15395,2641
1134,1997,1,12038,12895,-857
1134,1997,2,12048,12895,-847
1134,1997,3,12038,13495,-1457
1134,1997,4,12039,9095,2944
1134,1997,5,12052,12795,-743
1134,1997,6,18027,19195,-1168
1134,1997,7,12036,11695,341
1134,1997,8,12550,7995,4555
1134,1997,9,13568,7995,5573
1134,1997,10,12069,15895,-3826
1134,1997,11,12059,15095,-3036
1134,1997,12,18040,20795,-2755
1134,1998,1,12037,12595,-558
1134,1998,2,12038,11995,43
1134,1998,3,12036,12195,-159
1134,1998,4,12045,7995,4050
1134,1998,5,12038,17595,-5557
1134,1998,6,18042,11195,6847
1134,1998,7,12043,17995,-5952
1134,1998,8,12042,7995,4047
1134,1998,9,12057,8495,3562
1134,1998,10,12073,7995,4078
1134,1998,11,12090,7995,4095
1134,1998,12,18111,9280,8831
1135,1995,7,500,0,500
1135,1995,8,5106,0,5106
1135,1995,9,5106,0,5106
1135,1995,10,5106,0,5106
1135,1995,11,5106,0,5106
1135,1995,12,5159,6210,-1051
1135,1996,1,5186,9190,-4004
1135,1996,2,5180,1750,3430
1135,1996,3,5190,3950,1240
1135,1996,4,5200,1750,3450
1135,1996,5,5210,3650,1560
1135,1996,6,5212,5550,-338
1135,1996,7,5215,4050,1165
1135,1996,8,5215,9110,-3895
1135,1996,9,5203,4550,653
1135,1996,10,5204,4850,354
1135,1996,11,5206,4910,296
1135,1996,12,5215,2900,2315
1135,1997,1,5191,15070,-9879
1135,1997,2,5181,1750,3431
1135,1997,3,5196,3050,2146
1135,1997,4,5203,3750,1453
1135,1997,5,5214,2350,2864
1135,1997,6,5218,5950,-732
1135,1997,7,5213,6310,-1097
1135,1997,8,5215,1750,3465
1135,1997,9,5228,3670,1558
1135,1997,10,5228,6410,-1182
1135,1997,11,5231,1750,3481
1135,1997,12,5249,2200,3049
1135,1998,1,5253,8730,-3477
1135,1998,2,5240,4550,690
1135,1998,3,5246,1750,3496
1135,1998,4,5261,1750,3511
1135,1998,5,5276,1750,3526
1135,1998,6,5280,10470,-5190
1135,1998,7,5269,1750,3519
1135,1998,8,5282,3070,2212
1135,1998,9,5292,1850,3442
1135,1998,10,5305,4950,355
1135,1998,11,5298,8210,-2912
1135,1998,12,5299,2235,3064
1136,1993,8,31803,0,31803
1136,1993,9,31029,1200,29829
1136,1993,10,31114,16000,15114
1136,1993,11,31145,28100,3045
1136,1993,12,46591,40764,5827
1136,1994,1,31086,70848,-39762
1136,1994,2,31038,18548,12490
1136,1994,3,31058,28597,2461
1136,1994,4,31073,28548,2525
1136,1994,5,31089,26848,4241
1136,1994,6,46552,27948,18604
1136,1994,7,31087,51748,-20661
1136,1994,8,30992,64095,-33103
1136,1994,9,30978,19348,11630
1136,1994,10,31020,36248,-5228
1136,1994,11,31039,27446,3593
1136,1994,12,46495,41248,5247
1136,1995,1,31025,42248,-11223
1136,1995,2,31024,23548,7476
1136,1995,3,31055,28348,2707
1136,1995,4,31053,34548,-3495
1136,1995,5,30976,46359,-15383
1136,1995,6,46388,38948,7440
1136,1995,7,31015,25248,5767
1136,1995,8,31022,32042,-1020
1136,1995,9,31030,27048,3982
1136,1995,10,31036,42348,-11312
1136,1995,11,30988,38995,-8007
1136,1995,12,46409,30548,15861
1136,1996,1,30993,43248,-12255
1136,1996,2,30979,21748,9231
1136,1996,3,30973,38294,-7321
1136,1996,4,30961,34110,-3149
1136,1996,5,30964,30148,816
1136,1996,6,46373,48148,-1775
1136,1996,7,30962,26078,4884
1136,1996,8,30968,29405,1563
1136,1996,9,30973,30407,566
1136,1996,10,30985,26548,4437
1136,1996,11,30991,31031,-40
1136,1996,12,46425,49248,-2823
1136,1997,1,30951,40711,-9760
1136,1997,2,30949,23748,7201
1136,1997,3,30962,31789,-827
1136,1997,4,30963,31648,-685
1136,1997,5,30947,36369,-5422
1136,1997,6,46355,44040,2315
1136,1997,7,30933,36348,-5415
1136,1997,8,30913,33748,-2835
1136,1997,9,30921,23248,7673
1136,1997,10,30926,35148,-4222
1136,1997,11,30916,30748,168
1136,1997,12,46368,36148,10220
1136,1998,1,30934,37748,-6814
1136,1998,2,30915,34348,-3433
1136,1998,3,30912,31946,-1034
1136,1998,4,30910,29848,1062
1136,1998,5,30919,28248,2671
1136,1998,6,46341,41748,4593
1136,1998,7,30928,35048,-4120
1136,1998,8,30953,21142,9811
1136,1998,9,31020,9148,21872
1136,1998,10,31010,58434,-27424
1136,1998,11,30996,9148,21848
1136,1998,12,46503,23355,23148
1137,1995,12,900,0,900
1137,1996,1,3182,0,3182
1137,1996,2,3182,0,3182
1137,1996,3,3182,0,3182
1137,1996,4,3182,0,3182
1137,1996,5,3215,465,2750
1137,1996,6,3247,3396,-149
1137,1996,7,3252,2136,1116
1137,1996,8,3257,3276,-19
1137,1996,9,3256,3136,120
1137,1996,10,3254,2816,438
1137,1996,11,3258,2736,522
1137,1996,12,3250,6196,-2946
1137,1997,1,3240,5286,-2046
1137,1997,2,3239,3546,-307
1137,1997,3,3239,2136,1103
1137,1997,4,3244,2136,1108
1137,1997,5,3249,2136,1113
1137,1997,6,3252,3366,-114
1137,1997,7,3250,3456,-206
1137,1997,8,3250,4956,-1706
1137,1997,9,3245,2136,1109
1137,1997,10,3249,2136,1113
1137,1997,11,3254,2136,1118
1137,1997,12,3251,4056,-805
1137,1998,1,3248,6876,-3628
1137,1998,2,3238,3036,202
1137,1998,3,3241,2136,1105
1137,1998,4,3245,2136,1109
1137,1998,5,3250,2136,1114
1137,1998,6,3255,2136,1119
1137,1998,7,3256,3546,-290
1137,1998,8,3258,2136,1122
1137,1998,9,3260,4236,-976
1137,1998,10,3259,2136,1123
1137,1998,11,3263,2136,1127
1137,1998,12,3267,2811,456
1138,1997,4,1000,0,1000
1138,1997,5,9400,0,9400
1138,1997,6,4500,0,4500
1138,1997,7,9502,0,9502
1138,1997,8,101,3100,-2999
1138,1997,10,1801,0,1801
1138,1997,11,201,0,201
1138,1997,12,2201,0,2201
1138,1998,1,101,3800,-3699
1138,1998,2,101,2300,-2199
1138,1998,3,101,5600,-5499
1138,1998,7,101,2000,-1899
1138,1998,9,101,2000,-1899
1138,1998,10,4773,0,4773
1138,1998,11,17634,14800,2834
1139,1996,1,900,0,900
1139,1996,2,10300,0,10300
1139,1996,3,6700,0,6700
1139,1996,4,6400,0,6400
1139,1996,5,500,0,500
1139,1996,6,2700,0,2700
1139,1996,7,100,0,100
1139,1996,8,3500,0,3500
1139,1996,9,45249,21400,23849
1139,1996,10,229,8400,-8171
1139,1996,11,229,2700,-2471
1139,1996,12,229,1700,-1471
1139,1997,1,22579,1500,21079
1139,1997,2,62257,67100,-4843
1139,1997,3,102089,55766,46323
1139,1997,4,357,33466,-33109
1139,1997,5,90027,65905,24122
1139,1997,6,80010,83140,-3130
1139,1997,7,88699,86566,2133
1139,1997,8,59442,121287,-61845
1139,1997,9,9343,7266,2077
1139,1997,10,75795,18366,57429
1139,1997,11,168956,149866,19090
1139,1997,12,348,52066,-51718
1139,1998,1,151,34466,-34315
1139,1998,2,8413,7266,1147
1139,1998,3,101161,51420,49741
1139,1998,4,67932,78238,-10306
1139,1998,5,7181,36111,-28930
1139,1998,6,49302,7266,42036
1139,1998,7,233,35166,-34933
1139,1998,8,32004,23266,8738
1139,1998,9,72413,18566,53847
1139,1998,10,268,66389,-66121
1139,1998,11,173468,125366,48102
1139,1998,12,155734,155735,-1
1140,1997,11,4998,0,4998
1140,1997,12,14334,0,14334
1140,1998,1,5179,0,5179
1140,1998,2,4297,100,4197
1140,1998,3,4917,15,4902
1140,1998,4,4315,7305,-2990
1140,1998,5,4290,11745,-7455
1140,1998,6,9190,2805,6385
1140,1998,7,4712,2805,1907
1140,1998,8,4304,9365,-5061
1140,1998,9,9914,2805,7109
1140,1998,10,6835,2805,4030
1140,1998,11,9459,2805,6654
1140,1998,12,6457,8170,-1713
1141,1997,2,600,0,600
1141,1997,3,12299,0,12299
1141,1997,4,5940,0,5940
1141,1997,5,6366,0,6366
1141,1997,6,3385,600,2785
1141,1997,7,3391,4498,-1107
1141,1997,8,3374,9908,-6534
1141,1997,9,3357,5568,-2211
1141,1997,10,3350,4298,-948
1141,1997,11,3345,5468,-2123
1141,1997,12,4245,2438,1807
1141,1998,1,5051,4508,543
1141,1998,2,3753,2198,1555
1141,1998,3,3355,3198,157
1141,1998,4,3662,2198,1464
1141,1998,5,3352,6898,-3546
1141,1998,6,3350,2298,1052
1141,1998,7,4458,2198,2260
1141,1998,8,4166,2198,1968
1141,1998,9,3365,4548,-1183
1141,1998,10,3346,8898,-5552
1141,1998,11,3342,2998,344
1141,1998,12,3343,4193,-850
1142,1995,10,600,0,600
1142,1995,11,10937,0,10937
1142,1995,12,5374,0,5374
1142,1996,1,3694,0,3694
1142,1996,2,3202,0,3202
1142,1996,3,3211,1815,1396
1142,1996,4,3213,7492,-4279
1142,1996,5,3200,3912,-712
1142,1996,6,3189,7652,-4463
1142,1996,7,3185,2092,1093
1142,1996,8,3186,4302,-1116
1142,1996,9,3177,5292,-2115
1142,1996,10,3176,2192,984
1142,1996,11,3179,2492,687
1142,1996,12,5587,2602,2985
1142,1997,1,3173,8892,-5719
1142,1997,2,8979,2092,6887
1142,1997,3,5104,2632,2472
1142,1997,4,3200,5792,-2592
1142,1997,5,3899,3082,817
1142,1997,6,3197,6072,-2875
1142,1997,7,3183,5462,-2279
1142,1997,8,4485,2092,2393
1142,1997,9,5799,2092,3707
1142,1997,10,4711,2092,2619
1142,1997,11,5425,2092,3333
1142,1997,12,3218,6332,-3114
1142,1998,1,3208,6482,-3274
1142,1998,2,3202,2492,710
1142,1998,3,5114,2092,3022
1142,1998,4,3216,2992,224
1142,1998,5,4823,3472,1351
1142,1998,6,7926,6862,1064
1142,1998,7,4836,2092,2744
1142,1998,8,3226,8342,-5116
1142,1998,9,6331,2092,4239
1142,1998,10,3232,3892,-660
1142,1998,11,3233,2592,641
1142,1998,12,3226,6397,-3171
1144,1993,1,200,0,200
1144,1993,2,3375,0,3375
1144,1993,3,3375,0,3375
1144,1993,4,3375,0,3375
1144,1993,5,3375,0,3375
1144,1993,6,3404,6195,-2791
1144,1993,7,3423,2265,1158
1144,1993,8,3428,2265,1163
1144,1993,9,3433,2265,1168
1144,1993,10,3437,3585,-148
1144,1993,11,3436,3255,181
1144,1993,12,3436,3405,31
1144,1994,1,3432,5085,-1653
1144,1994,2,3431,2265,1166
1144,1994,3,3434,3585,-151
1144,1994,4,3433,3645,-212
1144,1994,5,3435,2265,1170
1144,1994,6,3441,2745,696
1144,1994,7,3442,2265,1177
1144,1994,8,3445,4245,-800
1144,1994,9,3444,2265,1179
1144,1994,10,3448,3075,373
1144,1994,11,3450,2265,1185
1144,1994,12,3453,4575,-1122
1144,1995,1,3447,5295,-1848
1144,1995,2,3442,3135,307
1144,1995,3,3444,2595,849
1144,1995,4,3449,2805,644
1144,1995,5,3450,2265,1185
1144,1995,6,3440,7485,-4045
1144,1995,7,3438,2265,1173
1144,1995,8,3443,2265,1178
1144,1995,9,3447,3195,252
1144,1995,10,3448,3285,163
1144,1995,11,3450,2265,1185
1144,1995,12,3452,4095,-643
1144,1996,1,3445,7005,-3560
1144,1996,2,3437,2265,1172
1144,1996,3,3441,2775,666
1144,1996,4,3444,3225,219
1144,1996,5,3446,2265,1181
1144,1996,6,3450,2265,1185
1144,1996,7,3448,5155,-1707
1144,1996,8,3443,4465,-1022
1144,1996,9,3443,3265,178
1144,1996,10,3445,2265,1180
1144,1996,11,3449,2265,1184
1144,1996,12,3450,5265,-1815
1144,1997,1,3443,5085,-1642
1144,1997,2,3440,2265,1175
1144,1997,3,3445,2265,1180
1144,1997,4,3450,2265,1185
1144,1997,5,3455,2265,1190
1144,1997,6,3459,2265,1194
1144,1997,7,3464,2265,1199
1144,1997,8,3469,4335,-866
1144,1997,9,3467,2265,1202
1144,1997,10,3471,2265,1206
1144,1997,11,3474,3585,-111
1144,1997,12,3473,3705,-232
1144,1998,1,3470,6945,-3475
1144,1998,2,3459,2265,1194
1144,1998,3,3464,2265,1199
1144,1998,4,3469,2265,1204
1144,1998,5,3474,2265,1209
1144,1998,6,3476,6645,-3169
1144,1998,7,3466,2265,1201
1144,1998,8,3469,3315,154
1144,1998,9,3471,3665,-194
1144,1998,10,3470,2565,905
1144,1998,11,3474,2265,1209
1144,1998,12,3478,4050,-572
1145,1993,7,3831,0,3831
1145,1993,8,2937,0,2937
1145,1993,9,2937,0,2937
1145,1993,10,2937,0,2937
1145,1993,11,2939,15,2924
1145,1993,12,2987,2262,725
1145,1994,1,2978,6762,-3784
1145,1994,2,2975,1962,1013
1145,1994,3,2979,2352,627
1145,1994,4,2982,1962,1020
1145,1994,5,2986,1962,1024
1145,1994,6,2988,2952,36
1145,1994,7,2988,3372,-384
1145,1994,8,2989,1962,1027
1145,1994,9,2993,1962,1031
1145,1994,10,2997,1962,1035
1145,1994,11,3002,1962,1040
1145,1994,12,3006,2172,834
1145,1995,1,2996,6972,-3976
1145,1995,2,2988,3012,-24
1145,1995,3,2987,3402,-415
1145,1995,4,2991,1962,1029
1145,1995,5,2993,2922,71
1145,1995,6,2992,6012,-3020
1145,1995,7,2983,1962,1021
1145,1995,8,2987,1962,1025
1145,1995,9,2991,1962,1029
1145,1995,10,2996,1962,1034
1145,1995,11,3000,1962,1038
1145,1995,12,3002,3012,-10
1145,1996,1,2990,6972,-3982
1145,1996,2,2988,1962,1026
1145,1996,3,2989,2802,187
1145,1996,4,2991,3132,-141
1145,1996,5,2991,3432,-441
1145,1996,6,2990,1962,1028
1145,1996,7,2993,2592,401
1145,1996,8,2996,1962,1034
1145,1996,9,3000,1962,1038
1145,1996,10,3005,1962,1043
1145,1996,11,3003,4262,-1259
1145,1996,12,2996,4722,-1726
1145,1997,1,2988,4902,-1914
1145,1997,2,2988,1962,1026
1145,1997,3,2993,1962,1031
1145,1997,4,2997,1962,1035
1145,1997,5,3001,1962,1039
1145,1997,6,3005,1962,1043
1145,1997,7,3010,1962,1048
1145,1997,8,3014,1962,1052
1145,1997,9,3016,2532,484
1145,1997,10,3020,1962,1058
1145,1997,11,3024,4722,-1698
1145,1997,12,3016,2532,484
1145,1998,1,3008,5772,-2764
1145,1998,2,3008,1962,1046
1145,1998,3,3012,1962,1050
1145,1998,4,3016,1962,1054
1145,1998,5,3021,1962,1059
1145,1998,6,3023,4392,-1369
1145,1998,7,3018,2862,156
1145,1998,8,3020,1962,1058
1145,1998,9,3024,1962,1062
1145,1998,10,3026,3102,-76
1145,1998,11,3028,1962,1066
1145,1998,12,3030,2817,213
1146,1993,9,1100,0,1100
1146,1993,10,22789,0,22789
1146,1993,11,21852,11900,9952
1146,1993,12,32759,21800,10959
1146,1994,1,21912,21700,212
1146,1994,2,21892,29696,-7804
1146,1994,3,21877,23336,-1459
1146,1994,4,21874,22436,-562
1146,1994,5,21875,21336,539
1146,1994,6,32740,49796,-17056
1146,1994,7,21837,11336,10501
1146,1994,8,21864,17236,4628
1146,1994,9,21884,17436,4448
1146,1994,10,21910,17736,4174
1146,1994,11,21939,13416,8523
1146,1994,12,32850,19896,12954
1146,1995,1,21942,47856,-25914
1146,1995,2,21929,8936,12993
1146,1995,3,21961,15636,6325
1146,1995,4,21987,15936,6051
1146,1995,5,21993,21436,557
1146,1995,6,32889,21256,11633
1146,1995,7,22020,30356,-8336
1146,1995,8,22007,22036,-29
1146,1995,9,22016,19436,2580
1146,1995,10,22013,24296,-2283
1146,1995,11,21971,30096,-8125
1146,1995,12,32886,40956,-8070
1146,1996,1,21977,33656,-11679
1146,1996,2,21933,14536,7397
1146,1996,3,21960,22596,-636
1146,1996,4,21958,17736,4222
1146,1996,5,21976,16336,5640
1146,1996,6,32882,27996,4886
1146,1996,7,22001,26296,-4295
1146,1996,8,21998,17236,4762
1146,1996,9,22013,22436,-423
1146,1996,10,22011,23036,-1025
1146,1996,11,22002,24136,-2134
1146,1996,12,32882,27196,5686
1146,1997,1,22010,33076,-11066
1146,1997,2,21973,17836,4137
1146,1997,3,21986,19976,2010
1146,1997,4,21996,20056,1940
1146,1997,5,22001,23436,-1435
1146,1997,6,34009,50596,-16587
1146,1997,7,21939,9736,12203
1146,1997,8,21984,13636,8348
1146,1997,9,22015,15336,6679
1146,1997,10,22039,18136,3903
1146,1997,11,22052,18936,3116
1146,1997,12,32955,22036,10919
1146,1998,1,22090,43336,-21246
1146,1998,2,22023,15236,6787
1146,1998,3,22052,17236,4816
1146,1998,4,22073,15836,6237
1146,1998,5,22094,18436,3658
1146,1998,6,33911,75356,-41445
1146,1998,7,32480,4836,27644
1146,1998,8,22074,5236,16838
1146,1998,9,22119,22336,-217
1146,1998,10,22137,13136,9001
1146,1998,11,35907,49436,-13529
1146,1998,12,54309,72681,-18372
1147,1993,4,400,0,400
1147,1993,5,24843,0,24843
1147,1993,6,34168,14800,19368
1147,1993,7,22859,21200,1659
1147,1993,8,22863,22200,663
1147,1993,9,22900,11615,11285
1147,1993,10,22938,14615,8323
1147,1993,11,22953,20715,2238
1147,1993,12,34330,22455,11875
1147,1994,1,22926,47935,-25009
1147,1994,2,22918,17315,5603
1147,1994,3,22932,21555,1377
1147,1994,4,22945,18015,4930
1147,1994,5,22939,23215,-276
1147,1994,6,34324,53175,-18851
1147,1994,7,22917,8315,14602
1147,1994,8,22940,18355,4585
1147,1994,9,22965,18115,4850
1147,1994,10,22943,24935,-1992
1147,1994,11,22969,20615,2354
1147,1994,12,34341,50815,-16474
1147,1995,1,22940,32415,-9475
1147,1995,2,22909,735,22174
1147,1995,3,22961,42155,-19194
1147,1995,4,22876,20115,2761
1147,1995,5,22887,23915,-1028
1147,1995,6,34239,42375,-8136
1147,1995,7,22850,22655,195
1147,1995,8,22850,21215,1635
1147,1995,9,22869,22895,-26
1147,1995,10,22858,20015,2843
1147,1995,11,22867,25875,-3008
1147,1995,12,34221,27055,7166
1147,1996,1,22870,46935,-24065
1147,1996,2,22792,14015,8777
1147,1996,3,22870,16275,6595
1147,1996,4,22848,23215,-367
1147,1996,5,22849,20315,2534
1147,1996,6,34196,30115,4081
1147,1996,7,22872,24015,-1143
1147,1996,8,22867,23915,-1048
1147,1996,9,22863,23415,-552
1147,1996,10,22897,23415,-518
1147,1996,11,22862,21215,1647
1147,1996,12,34251,32015,2236
1147,1997,1,22851,36815,-13964
1147,1997,2,22854,19815,3039
1147,1997,3,22835,20115,2720
1147,1997,4,22844,21015,1829
1147,1997,5,22854,24515,-1661
1147,1997,6,34183,46995,-12812
1147,1997,7,22791,20915,1876
1147,1997,8,22791,28315,-5524
1147,1997,9,22783,17215,5568
1147,1997,10,22800,20315,2485
1147,1997,11,22811,19915,2896
1147,1997,12,34190,32515,1675
1147,1998,1,22804,39715,-16911
1147,1998,2,22764,18615,4149
1147,1998,3,22784,16615,6169
1147,1998,4,22807,17815,4992
1147,1998,5,22824,21335,1489
1147,1998,6,37024,46895,-9871
1147,1998,7,22806,12915,9891
1147,1998,8,22830,22415,415
1147,1998,9,22840,16915,5925
1147,1998,10,22855,20215,2640
1147,1998,11,22858,23015,-157
1147,1998,12,34217,26400,7817
1149,1995,9,200,0,200
1149,1995,10,10500,0,10500
1149,1995,11,7600,0,7600
1149,1995,12,3600,0,3600
1149,1996,1,24917,0,24917
1149,1996,2,195,8200,-8005
1149,1996,3,195,5000,-4805
1149,1996,4,3416,3600,-184
1149,1996,5,140,4000,-3860
1149,1996,6,140,1500,-1360
1149,1996,7,2940,0,2940
1149,1996,8,440,0,440
1149,1996,9,3540,0,3540
1149,1996,10,241,400,-159
1149,1996,11,147,100,47
1149,1996,12,1347,0,1347
1149,1997,1,0,2300,-2300
1149,1997,2,14520,6100,8420
1149,1997,3,179,5200,-5021
1149,1997,4,179,500,-321
1149,1997,5,179,4400,-4221
1149,1997,6,179,1700,-1521
1149,1997,7,179,100,79
1149,1997,8,1679,0,1679
1149,1997,9,179,4800,-4621
1149,1997,10,179,1100,-921
1149,1997,11,33102,13600,19502
1149,1997,12,197,9700,-9503
1149,1998,1,197,3800,-3603
1149,1998,2,497,0,497
1149,1998,3,3197,0,3197
1149,1998,4,3197,0,3197
1149,1998,5,34374,17715,16659
1149,1998,6,23941,48315,-24374
1149,1998,7,2340,15,2325
1149,1998,8,149,2115,-1966
1149,1998,9,3943,2415,1528
1149,1998,10,147,2515,-2368
1149,1998,11,136,3315,-3179
1149,1998,12,0,2900,-2900
1150,1997,10,3007,0,3007
1150,1997,11,10436,0,10436
1150,1997,12,5168,0,5168
1150,1998,1,1976,2600,-624
1150,1998,2,1968,5615,-3647
1150,1998,3,1953,3515,-1562
1150,1998,4,2560,15,2545
1150,1998,5,1967,515,1452
1150,1998,6,1963,3115,-1152
1150,1998,7,2571,15,2556
1150,1998,8,1980,215,1765
1150,1998,9,2989,15,2974
1150,1998,10,5851,15,5836
1150,1998,11,39230,15,39215
1150,1998,12,2122,23000,-20878
1151,1995,6,300,0,300
1151,1995,7,25246,0,25246
1151,1995,8,24137,12600,11537
1151,1995,9,24177,18600,5577
1151,1995,10,24202,17300,6902
1151,1995,11,24225,21715,2510
1151,1995,12,36275,31378,4897
1151,1996,1,24221,45978,-21757
1151,1996,2,24189,16778,7411
1151,1996,3,24209,24478,-269
1151,1996,4,24211,20578,3633
1151,1996,5,24227,20478,3749
1151,1996,6,36253,44678,-8425
1151,1996,7,24205,20278,3927
1151,1996,8,24220,20078,4142
1151,1996,9,24233,19578,4655
1151,1996,10,24251,21578,2673
1151,1996,11,24257,22678,1579
1151,1996,12,36281,30378,5903
1151,1997,1,24241,42078,-17837
1151,1997,2,24247,6978,17269
1151,1997,3,24275,27078,-2803
1151,1997,4,24255,29478,-5223
1151,1997,5,24242,24878,-636
1151,1997,6,36297,17778,18519
1151,1997,7,24333,18178,6155
1151,1997,8,24340,28678,-4338
1151,1997,9,24322,22578,1744
1151,1997,10,24335,20878,3457
1151,1997,11,24349,20178,4171
1151,1997,12,36374,32578,3796
1151,1998,1,24348,34978,-10630
1151,1998,2,24356,13178,11178
1151,1998,3,24390,20578,3812
1151,1998,4,24394,21778,2616
1151,1998,5,24403,22578,1825
1151,1998,6,36400,32578,3822
1151,1998,7,24430,21278,3152
1151,1998,8,24434,24278,156
1151,1998,9,24445,20678,3767
1151,1998,10,24443,26378,-1935
1151,1998,11,24437,25778,-1341
1151,1998,12,36459,43463,-7004
1152,1993,4,800,0,800
1152,1993,5,3279,0,3279
1152,1993,6,3279,0,3279
1152,1993,7,3279,0,3279
1152,1993,8,3279,0,3279
1152,1993,9,3317,2201,1116
1152,1993,10,3344,2201,1143
1152,1993,11,3349,2201,1148
1152,1993,12,3354,2501,853
1152,1994,1,3354,4481,-1127
1152,1994,2,3352,2951,401
1152,1994,3,3356,2651,705
1152,1994,4,3357,2201,1156
1152,1994,5,3362,2201,1161
1152,1994,6,3367,2901,466
1152,1994,7,3362,5001,-1639
1152,1994,8,3361,3841,-480
1152,1994,9,3358,3221,137
1152,1994,10,3363,2401,962
1152,1994,11,3365,2201,1164
1152,1994,12,3371,2861,510
1152,1995,1,3366,5631,-2265
1152,1995,2,3362,2201,1161
1152,1995,3,3367,2201,1166
1152,1995,4,3371,2651,720
1152,1995,5,3369,5701,-2332
1152,1995,6,3350,9381,-6031
1152,1995,7,3341,2801,540
1152,1995,8,3342,2201,1141
1152,1995,9,3349,2501,848
1152,1995,10,3346,4901,-1555
1152,1995,11,3343,3501,-158
1152,1995,12,3340,5151,-1811
1152,1996,1,3333,3881,-548
1152,1996,2,3333,2801,532
1152,1996,3,3336,2201,1135
1152,1996,4,3340,2201,1139
1152,1996,5,3348,2471,877
1152,1996,6,3348,2201,1147
1152,1996,7,3353,2701,652
1152,1996,8,3354,4801,-1447
1152,1996,9,3348,4301,-953
1152,1996,10,3344,4201,-857
1152,1996,11,3341,3501,-160
1152,1996,12,3340,2921,419
1152,1997,1,3342,4091,-749
1152,1997,2,3339,3501,-162
1152,1997,3,3339,2201,1138
1152,1997,4,3341,4801,-1460
1152,1997,5,3338,2201,1137
1152,1997,6,3343,2201,1142
1152,1997,7,3347,2351,996
1152,1997,8,3346,6201,-2855
1152,1997,9,3339,2501,838
1152,1997,10,3338,5201,-1863
1152,1997,11,3335,2201,1134
1152,1997,12,3339,2591,748
1152,1998,1,3341,3731,-390
1152,1998,2,3336,5101,-1765
1152,1998,3,3333,2501,832
1152,1998,4,3337,2201,1136
1152,1998,5,3340,3131,209
1152,1998,6,3339,4181,-842
1152,1998,7,3339,2201,1138
1152,1998,8,3344,2201,1143
1152,1998,9,3348,2201,1147
1152,1998,10,3353,2201,1152
1152,1998,11,3358,2201,1157
1152,1998,12,3363,2576,787
1153,1993,12,200,0,200
1153,1994,1,16321,0,16321
1153,1994,2,12084,2400,9684
1153,1994,3,12123,7900,4223
1153,1994,4,12139,10000,2139
1153,1994,5,12165,13215,-1050
1153,1994,6,18162,19266,-1104
1153,1994,7,12148,13366,-1218
1153,1994,8,12143,11566,577
1153,1994,9,12145,10966,1179
1153,1994,10,12132,15766,-3634
1153,1994,11,12132,13266,-1134
1153,1994,12,18137,17266,871
1153,1995,1,14010,20166,-6156
1153,1995,2,12108,8566,3542
1153,1995,3,12121,12866,-745
1153,1995,4,12119,10966,1153
1153,1995,5,12109,15666,-3557
1153,1995,6,18114,23666,-5552
1153,1995,7,12090,6966,5124
1153,1995,8,12108,8966,3142
1153,1995,9,12119,9866,2253
1153,1995,10,12124,12566,-442
1153,1995,11,12125,12866,-741
1153,1995,12,18131,14566,3565
1153,1996,1,12310,23366,-11056
1153,1996,2,12088,11166,922
1153,1996,3,12093,11166,927
1153,1996,4,12100,9066,3034
1153,1996,5,12107,11766,341
1153,1996,6,18125,12966,5159
1153,1996,7,12122,13266,-1144
1153,1996,8,12114,15766,-3652
1153,1996,9,12103,14166,-2063
1153,1996,10,12098,12066,32
1153,1996,11,12107,8266,3841
1153,1996,12,18137,10266,7871
1153,1997,1,12113,25266,-13153
1153,1997,2,12106,5966,6140
1153,1997,3,12130,6966,5164
1153,1997,4,12126,16266,-4140
1153,1997,5,12128,9466,2662
1153,1997,6,18139,15666,2473
1153,1997,7,12158,5966,6192
1153,1997,8,12113,30466,-18353
1153,1997,9,12107,5966,6141
1153,1997,10,12132,7166,4966
1153,1997,11,12149,9666,2483
1153,1997,12,18183,9966,8217
1153,1998,1,12152,26766,-14614
1153,1998,2,12135,5966,6169
1153,1998,3,12162,5966,6196
1153,1998,4,12188,5966,6222
1153,1998,5,12214,5966,6248
1153,1998,6,18255,9366,8889
1153,1998,7,12151,50166,-38015
1153,1998,8,12118,5966,6152
1153,1998,9,12143,5966,6177
1153,1998,10,12162,8066,4096
1153,1998,11,12186,5966,6220
1153,1998,12,18232,7451,10781
1154,1997,8,400,0,400
1154,1997,9,104867,40000,64867
1154,1997,10,73943,97630,-23687
1154,1997,11,6951,10505,-3554
1154,1997,12,30237,26005,4232
1154,1998,1,43970,41905,2065
1154,1998,2,40764,26805,13959
1154,1998,3,98631,107905,-9274
1154,1998,4,42865,30905,11960
1154,1998,5,48584,59405,-10821
1154,1998,6,54091,25205,28886
1154,1998,7,41340,28405,12935
1154,1998,8,119774,161875,-42101
1154,1998,9,42922,34605,8317
1154,1998,10,80065,75505,4560
1154,1998,11,74386,81505,-7119
1154,1998,12,19379,22275,-2896
1155,1996,10,7078,0,7078
1155,1996,11,5988,0,5988
1155,1996,12,5988,0,5988
1155,1997,1,5988,0,5988
1155,1997,2,6041,3115,2926
1155,1997,3,6070,5975,95
1155,1997,4,6067,6775,-708
1155,1997,5,6071,5075,996
1155,1997,6,6060,8375,-2315
1155,1997,7,6064,6775,-711
1155,1997,8,6073,6075,-2
1155,1997,9,6074,3375,2699
1155,1997,10,6085,4475,1610
1155,1997,11,6092,2875,3217
1155,1997,12,6101,7955,-1854
1155,1998,1,6074,12965,-6891
1155,1998,2,6068,3375,2693
1155,1998,3,6078,7375,-1297
1155,1998,4,6072,6975,-903
1155,1998,5,6068,7175,-1107
1155,1998,6,6038,14125,-8087
1155,1998,7,6033,3315,2718
1155,1998,8,6046,2275,3771
1155,1998,9,6057,4775,1282
1155,1998,10,6057,10175,-4118
1155,1998,11,6038,10975,-4937
1155,1998,12,6027,2260,3767
1156,1997,12,30163,0,30163
1156,1998,1,20025,2900,17125
1156,1998,2,20079,8200,11879
1156,1998,3,20114,13400,6714
1156,1998,4,20133,16615,3518
1156,1998,5,20141,19015,1126
1156,1998,6,30069,35315,-5246
1156,1998,7,20134,15615,4519
1156,1998,8,20140,19915,225
1156,1998,9,20141,19815,326
1156,1998,10,20144,19115,1029
1156,1998,11,20165,13615,6550
1156,1998,12,30126,21600,8526
1157,1993,3,700,0,700
1157,1993,4,16800,0,16800
1157,1993,5,6866,0,6866
1157,1993,6,8488,2200,6288
1157,1993,7,5715,5700,15
1157,1993,8,5717,4615,1102
1157,1993,9,5721,6115,-394
1157,1993,10,5715,10315,-4600
1157,1993,11,5700,4915,785
1157,1993,12,8497,9115,-618
1157,1994,1,9480,13515,-4035
1157,1994,2,5689,1215,4474
1157,1994,3,5702,5615,87
1157,1994,4,5702,7615,-1913
1157,1994,5,5701,4615,1086
1157,1994,6,8498,4815,3683
1157,1994,7,5717,3815,1902
1157,1994,8,5726,3215,2511
1157,1994,9,5736,3715,2021
1157,1994,10,5732,11215,-5483
1157,1994,11,5717,6415,-698
1157,1994,12,8518,8415,103
1157,1995,1,5712,13515,-7803
1157,1995,2,5689,2815,2874
1157,1995,3,5701,2615,3086
1157,1995,4,5709,4915,794
1157,1995,5,5711,5815,-104
1157,1995,6,8507,7315,1192
1157,1995,7,5713,6715,-1002
1157,1995,8,5716,5715,1
1157,1995,9,5709,6615,-906
1157,1995,10,5700,10115,-4415
1157,1995,11,5690,5015,675
1157,1995,12,8484,11415,-2931
1157,1996,1,7674,12415,-4741
1157,1996,2,8183,15,8168
1157,1996,3,5703,2215,3488
1157,1996,4,5702,10315,-4613
1157,1996,5,5692,4615,1077
1157,1996,6,8503,3315,5188
1157,1996,7,5726,1815,3911
1157,1996,8,5726,8215,-2489
1157,1996,9,6441,15,6426
1157,1996,10,5757,2415,3342
1157,1996,11,5772,2115,3657
1157,1996,12,8577,6415,2162
1157,1997,1,5750,18615,-12865
1157,1997,2,5742,2115,3627
1157,1997,3,5759,1715,4044
1157,1997,4,5773,2515,3258
1157,1997,5,5775,6015,-240
1157,1997,6,8577,9515,-938
1157,1997,7,5765,8215,-2450
1157,1997,8,5764,4815,949
1157,1997,9,5765,5515,250
1157,1997,10,5778,2015,3763
1157,1997,11,5776,7415,-1639
1157,1997,12,8577,13715,-5138
1157,1998,1,5752,15415,-9663
1157,1998,2,5714,15,5699
1157,1998,3,5735,12315,-6580
1157,1998,4,5733,7415,-1682
1157,1998,5,5702,3515,2187
1157,1998,6,8505,6515,1990
1157,1998,7,5718,7115,-1397
1157,1998,8,5713,6915,-1202
1157,1998,9,5709,3715,1994
1157,1998,10,5715,7415,-1700
1157,1998,11,5705,11515,-5810
1157,1998,12,8491,1100,7391
1158,1994,4,6558,0,6558
1158,1994,5,6367,0,6367
1158,1994,6,6367,0,6367
1158,1994,7,6367,0,6367
1158,1994,8,6437,4015,2422
1158,1994,9,6473,4386,2087
1158,1994,10,6478,8446,-1968
1158,1994,11,6462,6806,-344
1158,1994,12,6467,3986,2481
1158,1995,1,6465,14396,-7931
1158,1995,2,6432,7146,-714
1158,1995,3,6442,2186,4256
1158,1995,4,6460,2186,4274
1158,1995,5,6472,6006,466
1158,1995,6,6462,9586,-3124
1158,1995,7,6464,5386,1078
1158,1995,8,6468,6486,-18
1158,1995,9,6466,8286,-1820
1158,1995,10,6462,3086,3376
1158,1995,11,6473,6586,-113
1158,1995,12,6470,7956,-1486
1158,1996,1,6446,14886,-8440
1158,1996,2,6435,2186,4249
1158,1996,3,6449,6246,203
1158,1996,4,6442,8186,-1744
1158,1996,5,6447,2186,4261
1158,1996,6,6442,9736,-3294
1158,1996,7,6448,5466,982
1158,1996,8,6451,3866,2585
1158,1996,9,6457,7066,-609
1158,1996,10,6463,2186,4277
1158,1996,11,6471,7186,-715
1158,1996,12,6471,5836,635
1158,1997,1,6451,10856,-4405
1158,1997,2,6461,2186,4275
1158,1997,3,6471,4986,1485
1158,1997,4,6485,2286,4199
1158,1997,5,6492,6166,326
1158,1997,6,6492,9066,-2574
1158,1997,7,6493,3546,2947
1158,1997,8,6506,2186,4320
1158,1997,9,6523,2186,4337
1158,1997,10,6539,3946,2593
1158,1997,11,6549,3386,3163
1158,1997,12,6551,8036,-1485
1158,1998,1,6522,16876,-10354
1158,1998,2,6497,6986,-489
1158,1998,3,6514,2186,4328
1158,1998,4,6523,6026,497
1158,1998,5,6532,2786,3746
1158,1998,6,6544,10986,-4442
1158,1998,7,6528,3086,3442
1158,1998,8,6545,2186,4359
1158,1998,9,6546,7786,-1240
1158,1998,10,6548,5186,1362
1158,1998,11,6537,11086,-4549
1158,1998,12,6514,11691,-5177
1159,1994,2,400,0,400
1159,1994,3,16823,0,16823
1159,1994,4,10967,3500,7467
1159,1994,5,10995,4700,6295
1159,1994,6,16456,11000,5456
1159,1994,7,11009,17485,-6476
1159,1994,8,10991,16885,-5894
1159,1994,9,10967,16125,-5158
1159,1994,10,14280,7085,7195
1159,1994,11,10995,8485,2510
1159,1994,12,16447,13305,3142
1159,1995,1,10975,25105,-14130
1159,1995,2,16177,9845,6332
1159,1995,3,12597,6485,6112
1159,1995,4,11001,15345,-4344
1159,1995,5,10998,7085,3913
1159,1995,6,16448,15445,1003
1159,1995,7,11013,6485,4528
1159,1995,8,11021,14365,-3344
1159,1995,9,11017,8445,2572
1159,1995,10,11020,11385,-365
1159,1995,11,11021,10485,536
1159,1995,12,16461,19245,-2784
1159,1996,1,17875,28285,-10410
1159,1996,2,12374,6485,5889
1159,1996,3,13089,12725,364
1159,1996,4,10999,9085,1914
1159,1996,5,11006,10985,21
1159,1996,6,16452,16205,247
1159,1996,7,11009,6785,4224
1159,1996,8,11025,8785,2240
1159,1996,9,11032,11485,-453
1159,1996,10,11026,15485,-4459
1159,1996,11,11005,15605,-4600
1159,1996,12,16444,13585,2859
1159,1997,1,11299,17285,-5986
1159,1997,2,14085,6485,7600
1159,1997,3,11009,11885,-876
1159,1997,4,11010,6685,4325
1159,1997,5,11026,8885,2141
1159,1997,6,16476,16645,-169
1159,1997,7,11237,6485,4752
1159,1997,8,11050,10885,165
1159,1997,9,11456,10565,891
1159,1997,10,11056,9485,1571
1159,1997,11,11061,11745,-684
1159,1997,12,16507,13845,2662
1159,1998,1,11043,36285,-25242
1159,1998,2,19082,6485,12597
1159,1998,3,11021,7085,3936
1159,1998,4,11035,8185,2850
1159,1998,5,11042,12885,-1843
1159,1998,6,20681,14965,5716
1159,1998,7,11058,11725,-667
1159,1998,8,11058,11745,-687
1159,1998,9,11050,11085,-35
1159,1998,10,11046,14605,-3559
1159,1998,11,11037,10085,952
1159,1998,12,16468,24110,-7642
1160,1996,7,1000,0,1000
1160,1996,8,28434,3500,24934
1160,1996,9,28535,15200,13335
1160,1996,10,28590,19100,9490
1160,1996,11,28627,21800,6827
1160,1996,12,42938,41088,1850
1160,1997,1,31006,56188,-25182
1160,1997,2,28624,15788,12836
1160,1997,3,28673,23888,4785
1160,1997,4,28692,22488,6204
1160,1997,5,28716,23488,5228
1160,1997,6,42976,45788,-2812
1160,1997,7,28722,23388,5334
1160,1997,8,28739,25688,3051
1160,1997,9,28750,25588,3162
1160,1997,10,28756,31388,-2632
1160,1997,11,28749,25688,3061
1160,1997,12,42957,50362,-7405
1160,1998,1,28730,62100,-33370
1160,1998,2,33194,26114,7080
1160,1998,3,28628,14688,13940
1160,1998,4,28634,51669,-23035
1160,1998,5,28612,6188,22424
1160,1998,6,50294,66174,-15880
1160,1998,7,28615,25759,2856
1160,1998,8,28617,32152,-3535
1160,1998,9,31198,26432,4766
1160,1998,10,28637,14288,14349
1160,1998,11,28645,28914,-269
1160,1998,12,42917,32358,10559
1161,1993,5,6537,0,6537
1161,1993,6,5948,0,5948
1161,1993,7,5948,0,5948
1161,1993,8,5948,0,5948
1161,1993,9,6004,3962,2042
1161,1993,10,6037,7362,-1325
1161,1993,11,6039,3962,2077
1161,1993,12,6035,8722,-2687
1161,1994,1,6012,12362,-6350
1161,1994,2,6009,3962,2047
1161,1994,3,6019,3962,2057
1161,1994,4,6013,6442,-429
1161,1994,5,6017,3962,2055
1161,1994,6,6015,8842,-2827
1161,1994,7,6013,3962,2051
1161,1994,8,6027,5482,545
1161,1994,9,6033,6042,-9
1161,1994,10,6022,6562,-540
1161,1994,11,6011,7322,-1311
1161,1994,12,6025,3962,2063
1161,1995,1,6006,12842,-6836
1161,1995,2,5986,9322,-3336
1161,1995,3,5992,3962,2030
1161,1995,4,5991,3962,2029
1161,1995,5,5999,3962,2037
1161,1995,6,6007,4442,1565
1161,1995,7,6014,3962,2052
1161,1995,8,6028,5362,666
1161,1995,9,6021,6282,-261
1161,1995,10,6024,3962,2062
1161,1995,11,6037,5462,575
1161,1995,12,6039,5862,177
1161,1996,1,6023,11162,-5139
1161,1996,2,6014,3962,2052
1161,1996,3,6027,4962,1065
1161,1996,4,6026,9962,-3936
1161,1996,5,6004,9462,-3458
1161,1996,6,5996,7362,-1366
1161,1996,7,5984,8362,-2378
1161,1996,8,5981,3962,2019
1161,1996,9,5985,8362,-2377
1161,1996,10,5976,6062,-86
1161,1996,11,5988,3962,2026
1161,1996,12,5984,5462,522
1161,1997,1,5985,6762,-777
1161,1997,2,5994,3962,2032
1161,1997,3,5984,9662,-3678
1161,1997,4,5979,3962,2017
1161,1997,5,5996,3962,2034
1161,1997,6,5986,9002,-3016
1161,1997,7,5992,3962,2030
1161,1997,8,6001,3962,2039
1161,1997,9,6009,3962,2047
1161,1997,10,6017,3962,2055
1161,1997,11,6026,3962,2064
1161,1997,12,6025,3962,2063
1161,1998,1,6022,10122,-4100
1161,1998,2,6025,3962,2063
1161,1998,3,6034,3962,2072
1161,1998,4,6043,3962,2081
1161,1998,5,6042,3962,2080
1161,1998,6,6060,3962,2098
1161,1998,7,6060,3962,2098
1161,1998,8,6068,3962,2106
1161,1998,9,6086,3962,2124
1161,1998,10,6095,3962,2133
1161,1998,11,6095,3962,2133
1161,1998,12,6110,7627,-1517
1164,1994,1,35207,0,35207
1164,1994,2,2137,6700,-4563
1164,1994,3,2120,5515,-3395
1164,1994,4,45712,26465,19247
1164,1994,5,2169,11965,-9796
1164,1994,6,4620,17115,-12495
1164,1994,7,2100,1815,285
1164,1994,8,2100,2315,-215
1164,1994,9,3704,1965,1739
1164,1994,10,2111,1465,646
1164,1994,11,2107,4115,-2008
1164,1994,12,2100,3415,-1315
1164,1995,1,4275,14365,-10090
1164,1995,2,8271,15,8256
1164,1995,3,5001,15,4986
1164,1995,4,3915,1515,2400
1164,1995,5,4822,3365,1457
1164,1995,6,2117,7065,-4948
1164,1995,7,20454,10315,10139
1164,1995,8,44537,9915,34622
1164,1995,9,2244,24865,-22621
1164,1995,10,2177,11515,-9338
1164,1995,11,2149,5715,-3566
1164,1995,12,2141,2865,-724
1164,1996,1,2100,18515,-16415
1164,1996,2,45621,15,45606
1164,1996,3,2217,16415,-14198
1164,1996,4,2178,7765,-5587
1164,1996,5,2177,2815,-638
1164,1996,6,2165,23815,-21650
1164,1996,7,35059,15,35044
1164,1996,8,2213,15615,-13402
1164,1996,9,2180,5715,-3535
1164,1996,10,2164,2915,-751
1164,1996,11,4451,4415,36
1164,1996,12,2156,7315,-5159
1164,1997,1,6401,16465,-10064
1164,1997,2,2399,15,2384
1164,1997,3,5510,15,5495
1164,1997,4,2131,315,1816
1164,1997,5,2135,2165,-30
1164,1997,6,6127,7415,-1288
1164,1997,7,2131,4815,-2684
1164,1997,8,4429,15,4414
1164,1997,9,2137,3815,-1678
1164,1997,10,17164,3915,13249
1164,1997,11,2178,8315,-6137
1164,1997,12,26734,6115,20619
1164,1998,1,2213,24915,-22702
1164,1998,2,2148,5615,-3467
1164,1998,3,2132,7015,-4883
1164,1998,4,2112,6515,-4403
1164,1998,5,2095,4115,-2020
1164,1998,6,2086,5015,-2929
1164,1998,7,2073,5215,-3142
1164,1998,8,8483,6515,1968
1164,1998,9,2074,15,2059
1164,1998,10,2083,15,2068
1164,1998,11,25517,15,25502
1164,1998,12,2151,27500,-25349
1165,1997,3,900,0,900
1165,1997,4,14745,0,14745
1165,1997,5,13499,6900,6599
1165,1997,6,20240,13000,7240
1165,1997,7,13550,11700,1850
1165,1997,8,13548,18215,-4667
1165,1997,9,13523,22185,-8662
1165,1997,10,13503,13885,-382
1165,1997,11,13491,18845,-5354
1165,1997,12,20202,16885,3317
1165,1998,1,13485,15725,-2240
1165,1998,2,13481,14285,-804
1165,1998,3,13486,10085,3401
1165,1998,4,13489,15585,-2096
1165,1998,5,13479,15945,-2466
1165,1998,6,20194,17585,2609
1165,1998,7,13478,16685,-3207
1165,1998,8,13482,8285,5197
1165,1998,9,13501,12125,1376
1165,1998,10,13508,19385,-5877
1165,1998,11,13485,8285,5200
1165,1998,12,20235,9230,11005
1166,1993,4,200,0,200
1166,1993,5,20862,0,20862
1166,1993,6,28056,13600,14456
1166,1993,7,18787,13400,5387
1166,1993,8,18806,15900,2906
1166,1993,9,18813,23111,-4298
1166,1993,10,18786,33953,-15167
1166,1993,11,18755,10012,8743
1166,1993,12,28109,24112,3997
1166,1994,1,18758,36812,-18054
1166,1994,2,18736,9117,9619
1166,1994,3,18764,16017,2747
1166,1994,4,18776,15417,3359
1166,1994,5,18785,17517,1268
1166,1994,6,28117,24717,3400
1166,1994,7,18797,20317,-1520
1166,1994,8,18789,20117,-1328
1166,1994,9,18781,20717,-1936
1166,1994,10,18772,21017,-2245
1166,1994,11,18773,16717,2056
1166,1994,12,28078,38017,-9939
1166,1995,1,18731,21017,-2286
1166,1995,2,18739,15017,3722
1166,1995,3,18751,15417,3334
1166,1995,4,18752,20217,-1465
1166,1995,5,18755,16517,2238
1166,1995,6,28069,29717,-1648
1166,1995,7,18765,14717,4048
1166,1995,8,18791,11017,7774
1166,1995,9,18818,13017,5801
1166,1995,10,18808,24364,-5556
1166,1995,11,18824,11017,7807
1166,1995,12,28149,31817,-3668
1166,1996,1,18781,33817,-15036
1166,1996,2,19390,7517,11873
1166,1996,3,18782,23570,-4788
1166,1996,4,18783,25107,-6324
1166,1996,5,18789,8617,10172
1166,1996,6,28102,41143,-13041
1166,1996,7,18754,20116,-1362
1166,1996,8,18769,9317,9452
1166,1996,9,18795,20117,-1322
1166,1996,10,18783,19150,-367
1166,1996,11,18773,15783,2990
1166,1996,12,29890,36981,-7091
1166,1997,1,23353,25217,-1864
1166,1997,2,18774,7517,11257
1166,1997,3,18809,25017,-6208
1166,1997,4,18795,16717,2078
1166,1997,5,18803,17217,1586
1166,1997,6,28146,24217,3929
1166,1997,7,18803,28143,-9340
1166,1997,8,18784,16417,2367
1166,1997,9,18792,19917,-1125
1166,1997,10,18789,15417,3372
1166,1997,11,18789,21317,-2528
1166,1997,12,28113,28217,-104
1166,1998,1,18732,34723,-15991
1166,1998,2,18721,13212,5509
1166,1998,3,18720,20910,-2190
1166,1998,4,18730,19406,-676
1166,1998,5,18728,15712,3016
1166,1998,6,28037,31512,-3475
1166,1998,7,18740,11912,6828
1166,1998,8,18750,18612,138
1166,1998,9,18761,12212,6549
1166,1998,10,18783,23012,-4229
1166,1998,11,18759,19212,-453
1166,1998,12,28106,13697,14409
1168,1994,11,10166,0,10166
1168,1994,12,23521,0,23521
1168,1995,1,9877,7500,2377
1168,1995,2,9894,5700,4194
1168,1995,3,9892,11773,-1881
1168,1995,4,9870,19513,-9643
1168,1995,5,9853,10013,-160
1168,1995,6,14718,14533,185
1168,1995,7,9849,16573,-6724
1168,1995,8,9838,11893,-2055
1168,1995,9,9931,9413,518
1168,1995,10,9834,6273,3561
1168,1995,11,9839,11253,-1414
1168,1995,12,14718,15853,-1135
1168,1996,1,9809,17773,-7964
1168,1996,2,9797,9413,384
1168,1996,3,9806,6573,3233
1168,1996,4,9817,10473,-656
1168,1996,5,9815,8273,1542
1168,1996,6,14694,16773,-2079
1168,1996,7,9805,10193,-388
1168,1996,8,9814,4673,5141
1168,1996,9,9831,8173,1658
1168,1996,10,9837,9173,664
1168,1996,11,9829,15413,-5584
1168,1996,12,14686,15453,-767
1168,1997,1,9781,16293,-6512
1168,1997,2,9789,5873,3916
1168,1997,3,9805,6673,3132
1168,1997,4,9816,10813,-997
1168,1997,5,9809,9473,336
1168,1997,6,14692,11713,2979
1168,1997,7,9817,12673,-2856
1168,1997,8,9801,13813,-4012
1168,1997,9,9792,9573,219
1168,1997,10,9785,10633,-848
1168,1997,11,9796,6073,3723
1168,1997,12,14679,13173,1506
1168,1998,1,9798,12833,-3035
1168,1998,2,9802,7413,2389
1168,1998,3,9804,11473,-1669
1168,1998,4,9800,9473,327
1168,1998,5,9805,7773,2032
1168,1998,6,14687,11073,3614
1168,1998,7,9825,9173,652
1168,1998,8,9822,14173,-4351
1168,1998,9,9801,11773,-1972
1168,1998,10,9796,9893,-97
1168,1998,11,9798,9713,85
1168,1998,12,14677,12018,2659
1169,1994,3,1000,0,1000
1169,1994,4,10400,0,10400
1169,1994,5,19058,800,18258
1169,1994,6,140017,107600,32417
1169,1994,7,153,31239,-31086
1169,1994,8,108,9639,-9531
1169,1994,9,5872,8439,-2567
1169,1994,10,53617,22939,30678
1169,1994,11,171,19339,-19168
1169,1994,12,1706,10539,-8833
1169,1995,1,39853,42639,-2786
1169,1995,2,5363,8439,-3076
1169,1995,3,11053,8439,2614
1169,1995,4,63381,23339,40042
1169,1995,5,37934,45937,-8003
1169,1995,6,3164,27161,-23997
1169,1995,7,117432,88202,29230
1169,1995,8,194,18539,-18345
1169,1995,9,50887,41217,9670
1169,1995,10,116431,91739,24692
1169,1995,11,63260,39239,24021
1169,1995,12,324,55107,-54783
1169,1996,1,1722,21339,-19617
1169,1996,2,12058,12365,-307
1169,1996,3,6476,8439,-1963
1169,1996,4,10675,8439,2236
1169,1996,5,6478,8439,-1961
1169,1996,6,10177,8439,1738
1169,1996,7,10485,8439,2046
1169,1996,8,8290,8439,-149
1169,1996,9,19613,8439,11174
1169,1996,10,41246,21339,19907
1169,1996,11,3074,33856,-30782
1169,1996,12,13003,8439,4564
1169,1997,1,110763,69839,40924
1169,1997,2,265,19039,-18774
1169,1997,3,29645,41297,-11652
1169,1997,4,29110,16339,12771
1169,1997,5,33043,32250,793
1169,1997,6,52834,15439,37395
1169,1997,7,304,28039,-27735
1169,1997,8,13723,20139,-6416
1169,1997,9,159,31799,-31640
1169,1997,10,99146,61739,37407
1169,1997,11,211,14639,-14428
1169,1997,12,57896,39170,18726
1169,1998,1,26259,64245,-37986
1169,1998,2,118435,36939,81496
1169,1998,3,50075,60239,-10164
1169,1998,4,35067,60866,-25799
1169,1998,5,24845,22139,2706
1169,1998,6,93676,125339,-31663
1169,1998,7,75912,13139,62773
1169,1998,8,328,36539,-36211
1169,1998,9,39179,24498,14681
1169,1998,10,186585,210666,-24081
1169,1998,11,79603,37939,41664
1169,1998,12,51185,55439,-4254
1170,1996,3,200,0,200
1170,1996,4,25915,0,25915
1170,1996,5,22909,14900,8009
1170,1996,6,34342,23400,10942
1170,1996,7,22982,20900,2082
1170,1996,8,23000,31272,-8272
1170,1996,9,22956,30272,-7316
1170,1996,10,22941,24872,-1931
1170,1996,11,22931,22472,459
1170,1996,12,34350,30072,4278
1170,1997,1,23191,38272,-15081
1170,1997,2,22902,15472,7430
1170,1997,3,22927,20072,2855
1170,1997,4,22921,27076,-4155
1170,1997,5,33378,35035,-1657
1170,1997,6,34346,21272,13074
1170,1997,7,28811,36400,-7589
1170,1997,8,24050,13072,10978
1170,1997,9,22988,15672,7316
1170,1997,10,22992,24188,-1196
1170,1997,11,23011,16472,6539
1170,1997,12,34401,43173,-8772
1170,1998,1,22945,43772,-20827
1170,1998,2,29135,13072,16063
1170,1998,3,24593,13072,11521
1170,1998,4,24021,19972,4049
1170,1998,5,27873,56462,-28589
1170,1998,6,36562,28672,7890
1170,1998,7,41821,41088,733
1170,1998,8,26279,13072,13207
1170,1998,9,23010,18972,4038
1170,1998,10,24081,31672,-7591
1170,1998,11,22999,17172,5827
1170,1998,12,34374,56215,-21841
1171,1997,12,800,0,800
1171,1998,1,20641,0,20641
1171,1998,2,16604,10200,6404
1171,1998,3,16635,7300,9335
1171,1998,4,16663,14000,2663
1171,1998,5,16675,22708,-6033
1171,1998,6,24912,41728,-16816
1171,1998,7,20311,7908,12403
1171,1998,8,16645,10208,6437
1171,1998,9,16662,16708,-46
1171,1998,10,16665,15108,1557
1171,1998,11,16662,16048,614
1171,1998,12,24959,10293,14666
1172,1997,10,300,0,300
1172,1997,11,32471,6800,25671
1172,1997,12,108,3900,-3792
1172,1998,1,108,6700,-6592
1172,1998,2,108,5300,-5192
1172,1998,3,1108,0,1108
1172,1998,4,50001,200,49801
1172,1998,5,255,25200,-24945
1172,1998,6,255,11500,-11245
1172,1998,7,255,6000,-5745
1172,1998,8,255,3700,-3445
1172,1998,10,9124,13200,-4076
1173,1996,9,400,0,400
1173,1996,10,3453,0,3453
1173,1996,11,3453,0,3453
1173,1996,12,3453,0,3453
1173,1997,1,3453,0,3453
1173,1997,2,3504,2827,677
1173,1997,3,3518,2317,1201
1173,1997,4,3522,2917,605
1173,1997,5,3524,3397,127
1173,1997,6,3521,7327,-3806
1173,1997,7,3507,3757,-250
1173,1997,8,3509,2317,1192
1173,1997,9,3514,2317,1197
1173,1997,10,3518,3757,-239
1173,1997,11,3519,2797,722
1173,1997,12,3521,2467,1054
1173,1998,1,3520,6457,-2937
1173,1998,2,3513,2717,796
1173,1998,3,3514,3697,-183
1173,1998,4,3516,2317,1199
1173,1998,5,3520,3777,-257
1173,1998,6,3515,4747,-1232
1173,1998,7,3515,2317,1198
1173,1998,8,3511,5817,-2306
1173,1998,9,3505,4517,-1012
1173,1998,10,3498,5317,-1819
1173,1998,11,3498,2317,1181
1173,1998,12,3496,5202,-1706
1174,1995,3,900,0,900
1174,1995,4,22039,0,22039
1174,1995,5,22018,10300,11718
1174,1995,6,33016,23500,9516
1174,1995,7,22087,22100,-13
1174,1995,8,22092,20855,1237
1174,1995,9,22102,20846,1256
1174,1995,10,22085,29006,-6921
1174,1995,11,22079,19346,2733
1174,1995,12,33048,29146,3902
1174,1996,1,22066,35506,-13440
1174,1996,2,22049,20346,1703
1174,1996,3,22055,19546,2509
1174,1996,4,22068,17646,4422
1174,1996,5,22088,23246,-1158
1174,1996,6,33081,9406,23675
1174,1996,7,22172,21966,206
1174,1996,8,22164,22846,-682
1174,1996,9,22161,23526,-1365
1174,1996,10,22163,20726,1437
1174,1996,11,22166,19246,2920
1174,1996,12,33157,19126,14031
1174,1997,1,22179,44006,-21827
1174,1997,2,22153,15246,6907
1174,1997,3,22180,17546,4634
1174,1997,4,22180,22806,-626
1174,1997,5,22194,17646,4548
1174,1997,6,33167,22966,10201
1174,1997,7,22244,20746,1498
1174,1997,8,22232,26666,-4434
1174,1997,9,22225,21146,1079
1174,1997,10,22245,16846,5399
1174,1997,11,22257,19146,3111
1174,1997,12,33238,23786,9452
1174,1998,1,22243,43346,-21103
1174,1998,2,22216,19946,2270
1174,1998,3,22233,18646,3587
1174,1998,4,22209,31426,-9217
1174,1998,5,22188,27006,-4818
1174,1998,6,33124,28186,4938
1174,1998,7,22206,21426,780
1174,1998,8,22188,23866,-1678
1174,1998,9,22190,22546,-356
1174,1998,10,22186,41546,-19360
1174,1998,11,22170,23946,-1776
1174,1998,12,33142,5691,27451
1176,1996,10,1100,0,1100
1176,1996,11,4556,0,4556
1176,1996,12,4556,0,4556
1176,1997,1,4556,0,4556
1176,1997,2,4556,0,4556
1176,1997,3,4559,15,4544
1176,1997,4,4660,3782,878
1176,1997,5,4664,3982,682
1176,1997,6,4659,7682,-3023
1176,1997,7,4636,10002,-5366
1176,1997,8,4623,7122,-2499
1176,1997,9,4623,2382,2241
1176,1997,10,4627,5282,-655
1176,1997,11,4620,7882,-3262
1176,1997,12,4610,5882,-1272
1176,1998,1,4608,3582,1026
1176,1998,2,4610,4982,-372
1176,1998,3,4606,6382,-1776
1176,1998,4,4602,4382,220
1176,1998,5,4607,2282,2325
1176,1998,6,4609,5982,-1373
1176,1998,7,4611,2282,2329
1176,1998,8,4621,2282,2339
1176,1998,9,4631,2282,2349
1176,1998,10,4640,2282,2358
1176,1998,11,4614,15062,-10448
1176,1998,12,4607,2267,2340
1177,1997,12,1100,0,1100
1177,1998,1,21201,0,21201
1177,1998,2,20672,10000,10672
1177,1998,3,20712,12900,7812
1177,1998,4,20740,15400,5340
1177,1998,5,20747,30156,-9409
1177,1998,6,30989,39235,-8246
1177,1998,7,20689,27555,-6866
1177,1998,8,20670,17855,2815
1177,1998,9,20677,24155,-3478
1177,1998,10,20656,20755,-99
1177,1998,11,20645,23255,-2610
1177,1998,12,30973,9720,21253
1178,1997,5,21499,0,21499
1178,1997,6,32988,0,32988
1178,1997,7,20793,11800,8993
1178,1997,8,20814,18100,2714
1178,1997,9,20828,17315,3513
1178,1997,10,20800,50254,-29454
1178,1997,11,20737,22154,-1417
1178,1997,12,31033,24354,6679
1178,1998,1,20720,30854,-10134
1178,1998,2,20726,13954,6772
1178,1998,3,20746,18854,1892
1178,1998,4,20761,17554,3207
1178,1998,5,20761,21954,-1193
1178,1998,6,31031,37154,-6123
1178,1998,7,20741,19654,1087
1178,1998,8,20733,24054,-3321
1178,1998,9,20727,22254,-1527
1178,1998,10,20718,24154,-3436
1178,1998,11,20702,23354,-2652
1178,1998,12,30998,8339,22659
1179,1993,1,700,0,700
1179,1993,2,4212,0,4212
1179,1993,3,4212,0,4212
1179,1993,4,4212,0,4212
1179,1993,5,4212,0,4212
1179,1993,6,4215,15,4200
1179,1993,7,4296,6583,-2287
1179,1993,8,4283,6663,-2380
1179,1993,9,4286,5623,-1337
1179,1993,10,4279,3863,416
1179,1993,11,4284,6503,-2219
1179,1993,12,4275,3523,752
1179,1994,1,4268,6263,-1995
1179,1994,2,4270,2823,1447
1179,1994,3,4276,2823,1453
1179,1994,4,4279,4103,176
1179,1994,5,4282,2823,1459
1179,1994,6,4283,6263,-1980
1179,1994,7,4280,2823,1457
1179,1994,8,4286,2823,1463
1179,1994,9,4292,2823,1469
1179,1994,10,4299,2823,1476
1179,1994,11,4304,4343,-39
1179,1994,12,4303,3073,1230
1179,1995,1,4286,11483,-7197
1179,1995,2,4279,2823,1456
1179,1995,3,4286,2823,1463
1179,1995,4,4292,2823,1469
1179,1995,5,4285,7783,-3498
1179,1995,6,4279,4423,-144
1179,1995,7,4283,2823,1460
1179,1995,8,4289,2823,1466
1179,1995,9,4284,7943,-3659
1179,1995,10,4277,3863,414
1179,1995,11,4281,2823,1458
1179,1995,12,4285,3473,812
1179,1996,1,4274,7543,-3269
1179,1996,2,4277,2823,1454
1179,1996,3,4283,2823,1460
1179,1996,4,4289,2823,1466
1179,1996,5,4295,2823,1472
1179,1996,6,4301,2823,1478
1179,1996,7,4307,2823,1484
1179,1996,8,4313,2823,1490
1179,1996,9,4319,2823,1496
1179,1996,10,4326,2823,1503
1179,1996,11,4319,7843,-3524
1179,1996,12,4316,3173,1143
1179,1997,1,4287,14393,-10106
1179,1997,2,4280,2823,1457
1179,1997,3,4286,2823,1463
1179,1997,4,4292,2823,1469
1179,1997,5,4292,4823,-531
1179,1997,6,4296,2823,1473
1179,1997,7,4291,6343,-2052
1179,1997,8,4293,2823,1470
1179,1997,9,4299,2823,1476
1179,1997,10,4301,6603,-2302
1179,1997,11,4296,2823,1473
1179,1997,12,4300,4023,277
1179,1998,1,4288,8503,-4215
1179,1998,2,4285,2823,1462
1179,1998,3,4291,3703,588
1179,1998,4,4293,3223,1070
1179,1998,5,4287,5663,-1376
1179,1998,6,4286,7943,-3657
1179,1998,7,4277,2823,1454
1179,1998,8,4283,2823,1460
1179,1998,9,4285,6823,-2538
1179,1998,10,4276,4723,-447
1179,1998,11,4276,3023,1253
1179,1998,12,4281,2808,1473
1180,1993,5,500,0,500
1180,1993,6,24554,0,24554
1180,1993,7,15320,10000,5320
1180,1993,8,15337,13000,2337
1180,1993,9,15345,13900,1445
1180,1993,10,15357,11795,3562
1180,1993,11,15364,14815,549
1180,1993,12,22991,20395,2596
1180,1994,1,15374,23535,-8161
1180,1994,2,15352,12515,2837
1180,1994,3,15359,13015,2344
1180,1994,4,15365,17255,-1890
1180,1994,5,15365,11415,3950
1180,1994,6,22956,29195,-6239
1180,1994,7,15351,13415,1936
1180,1994,8,15359,15275,84
1180,1994,9,15354,15615,-261
1180,1994,10,15365,11115,4250
1180,1994,11,15372,14815,557
1180,1994,12,22980,22435,545
1180,1995,1,15347,30255,-14908
1180,1995,2,15331,9615,5716
1180,1995,3,15344,12815,2529
1180,1995,4,15365,9515,5850
1180,1995,5,15380,14435,945
1180,1995,6,22949,51175,-28226
1180,1995,7,16812,15,16797
1180,1995,8,15346,10775,4571
1180,1995,9,15351,18655,-3304
1180,1995,10,15356,8715,6641
1180,1995,11,15371,12515,2856
1180,1995,12,23004,18415,4589
1180,1996,1,15388,26035,-10647
1180,1996,2,15396,1815,13581
1180,1996,3,15423,9915,5508
1180,1996,4,15426,18395,-2969
1180,1996,5,15430,10915,4515
1180,1996,6,23004,62535,-39531
1180,1996,7,19740,15,19725
1180,1996,8,15398,12715,2683
1180,1996,9,15378,13275,2103
1180,1996,10,15371,14115,1256
1180,1996,11,15376,13415,1961
1180,1996,12,23008,20635,2373
1180,1997,1,15422,22575,-7153
1180,1997,2,15365,10215,5150
1180,1997,3,15386,11315,4071
1180,1997,4,15401,17815,-2414
1180,1997,5,15414,16215,-801
1180,1997,6,22987,29875,-6888
1180,1997,7,15358,17775,-2417
1180,1997,8,15356,6915,8441
1180,1997,9,15388,10915,4473
1180,1997,10,15406,11915,3491
1180,1997,11,15417,15615,-198
1180,1997,12,23040,21315,1725
1180,1998,1,15435,31255,-15820
1180,1998,2,15363,9815,5548
1180,1998,3,15390,6015,9375
1180,1998,4,15426,8715,6711
1180,1998,5,15453,9915,5538
1180,1998,6,23096,38855,-15759
1180,1998,7,15420,2815,12605
1180,1998,8,15466,9395,6071
1180,1998,9,15487,11615,3872
1180,1998,10,15507,9315,6192
1180,1998,11,15528,12415,3113
1180,1998,12,23179,19180,3999
1181,1997,8,200,0,200
1181,1997,9,18536,0,18536
1181,1997,10,7195,0,7195
1181,1997,11,5917,3800,2117
1181,1997,12,8829,6200,2629
1181,1998,1,12491,26805,-14314
1181,1998,2,10789,3885,6904
1181,1998,3,8305,6765,1540
1181,1998,4,6215,3885,2330
1181,1998,5,5922,4985,937
1181,1998,6,8830,8985,-155
1181,1998,7,5909,11565,-5656
1181,1998,8,5890,9885,-3995
1181,1998,9,5882,6285,-403
1181,1998,10,5873,9485,-3612
1181,1998,11,5867,5485,382
1181,1998,12,8772,10490,-1718
1182,1997,2,700,0,700
1182,1997,3,20982,0,20982
1182,1997,4,16754,2700,14054
1182,1997,5,16791,10800,5991
1182,1997,6,25137,16500,8637
1182,1997,7,16841,15115,1726
1182,1997,8,16838,19515,-2677
1182,1997,9,16834,16215,619
1182,1997,10,16842,30385,-13543
1182,1997,11,16806,8215,8591
1182,1997,12,25080,47806,-22726
1182,1998,1,16710,32115,-15405
1182,1998,2,18519,15,18504
1182,1998,3,16761,8301,8460
1182,1998,4,16796,8315,8481
1182,1998,5,16817,12615,4202
1182,1998,6,25142,22715,2427
1182,1998,7,16830,16815,15
1182,1998,8,16833,16015,818
1182,1998,9,16833,20138,-3305
1182,1998,10,16793,38643,-21850
1182,1998,11,21105,15,21090
1182,1998,12,25158,24700,458
1183,1995,5,700,0,700
1183,1995,6,17549,0,17549
1183,1995,7,5371,0,5371
1183,1995,8,4498,1100,3398
1183,1995,9,4513,1900,2613
1183,1995,10,4517,8783,-4266
1183,1995,11,4485,9723,-5238
1183,1995,12,10895,8663,2232
1183,1996,1,7402,2943,4459
1183,1996,2,4508,2943,1565
1183,1996,3,4508,9043,-4535
1183,1996,4,5402,2943,2459
1183,1996,5,6607,9063,-2456
1183,1996,6,12722,2943,9779
1183,1996,7,5327,10083,-4756
1183,1996,8,6117,2943,3174
1183,1996,9,4529,4643,-114
1183,1996,10,4528,5543,-1015
1183,1996,11,4524,4943,-419
1183,1996,12,8821,6463,2358
1183,1997,1,4624,6183,-1559
1183,1997,2,8014,11463,-3449
1183,1997,3,4511,6143,-1632
1183,1997,4,6707,2943,3764
1183,1997,5,4520,5043,-523
1183,1997,6,6710,7943,-1233
1183,1997,7,4512,5443,-931
1183,1997,8,6111,2943,3168
1183,1997,9,4520,5943,-1423
1183,1997,10,4506,7603,-3097
1183,1997,11,7707,2943,4764
1183,1997,12,10123,6463,3660
1183,1998,1,4536,5183,-647
1183,1998,2,4636,2943,1693
1183,1998,3,4536,8643,-4107
1183,1998,4,4523,5543,-1020
1183,1998,5,6315,6663,-348
1183,1998,6,6710,12523,-5813
1183,1998,7,4490,6843,-2353
1183,1998,8,4485,3343,1142
1183,1998,9,4489,4143,346
1183,1998,10,4479,11103,-6624
1183,1998,11,4460,5243,-783
1183,1998,12,6653,8128,-1475
1184,1994,5,700,0,700
1184,1994,6,56833,16700,40133
1184,1994,7,38098,28400,9698
1184,1994,8,38115,10600,27515
1184,1994,9,38154,27300,10854
1184,1994,10,38122,56298,-18176
1184,1994,11,38126,42790,-4664
1184,1994,12,57084,23415,33669
1184,1995,1,38044,103315,-65271
1184,1995,2,38015,11883,26132
1184,1995,3,38018,56027,-18009
1184,1995,4,38041,24446,13595
1184,1995,5,38094,43215,-5121
1184,1995,6,56952,59993,-3041
1184,1995,7,38001,34415,3586
1184,1995,8,38024,44130,-6106
1184,1995,9,38015,41815,-3800
1184,1995,10,37968,30215,7753
1184,1995,11,38049,41015,-2966
1184,1995,12,56951,54117,2834
1184,1996,1,37998,59594,-21596
1184,1996,2,37983,23315,14668
1184,1996,3,38049,33320,4729
1184,1996,4,37992,31415,6577
1184,1996,5,38035,38855,-820
1184,1996,6,56904,65115,-8211
1184,1996,7,38016,47705,-9689
1184,1996,8,37951,45735,-7784
1184,1996,9,37919,27115,10804
1184,1996,10,37981,29271,8710
1184,1996,11,38032,36277,1755
1184,1996,12,56981,45778,11203
1184,1997,1,38032,71415,-33383
1184,1997,2,37915,37904,11
1184,1997,3,37977,23315,14662
1184,1997,4,37980,24515,13465
1184,1997,5,38037,51026,-12989
1184,1997,6,56895,39415,17480
1184,1997,7,38046,30615,7431
1184,1997,8,38065,37615,450
1184,1997,9,38059,45015,-6956
1184,1997,10,38027,49327,-11300
1184,1997,11,38008,40131,-2123
1184,1997,12,56909,64030,-7121
1184,1998,1,37950,49094,-11144
1184,1998,2,37933,27415,10518
1184,1998,3,37969,32315,5654
1184,1998,4,37995,27215,10780
1184,1998,5,38026,33415,4611
1184,1998,6,57004,48615,8389
1184,1998,7,38059,43215,-5156
1184,1998,8,38040,41115,-3075
1184,1998,9,38030,39715,-1685
1184,1998,10,38027,38315,-288
1184,1998,11,38026,38115,-89
1184,1998,12,57054,20075,36979
1185,1997,6,700,0,700
1185,1997,7,4246,0,4246
1185,1997,8,4246,0,4246
1185,1997,9,4246,0,4246
1185,1997,10,4246,0,4246
1185,1997,11,4302,6765,-2463
1185,1997,12,4308,4705,-397
1185,1998,1,4301,6845,-2544
1185,1998,2,4301,2845,1456
1185,1998,3,4308,2845,1463
1185,1998,4,4303,6845,-2542
1185,1998,5,4303,2845,1458
1185,1998,6,4309,2845,1464
1185,1998,7,4315,2845,1470
1185,1998,8,4321,2845,1476
1185,1998,9,4327,3325,1002
1185,1998,10,4332,2845,1487
1185,1998,11,4336,4685,-349
1185,1998,12,4332,4280,52
1186,1997,12,2004,0,2004
1186,1998,1,14638,0,14638
1186,1998,2,8284,15,8269
1186,1998,3,2906,1815,1091
1186,1998,4,3615,15,3600
1186,1998,5,33426,18615,14811
1186,1998,6,7344,26215,-18871
1186,1998,7,31478,13065,18413
1186,1998,8,2960,12165,-9205
1186,1998,9,2941,4315,-1374
1186,1998,10,4148,15,4133
1186,1998,11,2962,315,2647
1186,1998,12,2955,7950,-4995
1187,1996,7,1000,0,1000
1187,1996,8,6220,0,6220
1187,1996,9,6220,0,6220
1187,1996,10,6220,0,6220
1187,1996,11,6220,0,6220
1187,1996,12,6306,3253,3053
1187,1997,1,6310,18773,-12463
1187,1997,2,6298,4783,1515
1187,1997,3,6307,2303,4004
1187,1997,4,6323,2303,4020
1187,1997,5,6337,3903,2434
1187,1997,6,6343,6823,-480
1187,1997,7,6348,2303,4045
1187,1997,8,6364,3503,2861
1187,1997,9,6375,3703,2672
1187,1997,10,6373,10043,-3670
1187,1997,11,6365,7403,-1038
1187,1997,12,6367,3303,3064
1187,1998,1,6360,13713,-7353
1187,1998,2,6350,2303,4047
1187,1998,3,6367,2303,4064
1187,1998,4,6381,4003,2378
1187,1998,5,6383,11943,-5560
1187,1998,6,6365,8953,-2588
1187,1998,7,6359,2803,3556
1187,1998,8,6366,7143,-777
1187,1998,9,6357,9783,-3426
1187,1998,10,6342,9403,-3061
1187,1998,11,6334,6803,-469
1187,1998,12,6317,13488,-7171
1188,1996,7,800,0,800
1188,1996,8,13153,0,13153
1188,1996,9,8203,0,8203
1188,1996,10,6733,1300,5433
1188,1996,11,6751,3900,2851
1188,1996,12,10085,8336,1749
1188,1997,1,6732,26476,-19744
1188,1997,2,17910,4436,13474
1188,1997,3,10253,4436,5817
1188,1997,4,6971,4436,2535
1188,1997,5,6775,7836,-1061
1188,1997,6,10091,10936,-845
1188,1997,7,7876,4436,3440
1188,1997,8,6783,6736,47
1188,1997,9,6777,10676,-3899
1188,1997,10,6750,12996,-6246
1188,1997,11,8450,4436,4014
1188,1997,12,12580,9596,2984
1188,1998,1,6740,16676,-9936
1188,1998,2,7131,5756,1375
1188,1998,3,6733,6836,-103
1188,1998,4,6730,7836,-1106
1188,1998,5,6725,9476,-2751
1188,1998,6,15247,9716,5531
1188,1998,7,8651,4436,4215
1188,1998,8,8067,4436,3631
1188,1998,9,6774,5736,1038
1188,1998,10,6774,7436,-662
1188,1998,11,6761,11096,-4335
1188,1998,12,10088,4421,5667
1189,1993,3,600,0,600
1189,1993,4,3433,0,3433
1189,1993,5,3433,0,3433
1189,1993,6,3433,0,3433
1189,1993,7,3433,0,3433
1189,1993,8,3435,15,3420
1189,1993,9,3504,4703,-1199
1189,1993,10,3504,2303,1201
1189,1993,11,3507,2483,1024
1189,1993,12,3511,2993,518
1189,1994,1,3498,9353,-5855
1189,1994,2,3489,2303,1186
1189,1994,3,3496,2303,1193
1189,1994,4,3499,2303,1196
1189,1994,5,3505,2303,1202
1189,1994,6,3509,2303,1206
1189,1994,7,3512,3623,-111
1189,1994,8,3512,3533,-21
1189,1994,9,3512,3773,-261
1189,1994,10,3513,2303,1210
1189,1994,11,3520,2303,1217
1189,1994,12,3521,3053,468
1189,1995,1,3509,7763,-4254
1189,1995,2,3509,2303,1206
1189,1995,3,3512,2303,1209
1189,1995,4,3517,2303,1214
1189,1995,5,3523,2303,1220
1189,1995,6,3522,3983,-461
1189,1995,7,3525,2303,1222
1189,1995,8,3532,2303,1229
1189,1995,9,3537,2303,1234
1189,1995,10,3535,4883,-1348
1189,1995,11,3535,2303,1232
1189,1995,12,3540,2873,667
1189,1996,1,3531,6503,-2972
1189,1996,2,3530,2303,1227
1189,1996,3,3537,2303,1234
1189,1996,4,3541,2303,1238
1189,1996,5,3547,2303,1244
1189,1996,6,3550,6593,-3043
1189,1996,7,3535,3923,-388
1189,1996,8,3536,2303,1233
1189,1996,9,3541,2303,1238
1189,1996,10,3542,4043,-501
1189,1996,11,3542,3203,339
1189,1996,12,3546,2873,673
1189,1997,1,3538,8243,-4705
1189,1997,2,3530,2303,1227
1189,1997,3,3534,2303,1231
1189,1997,4,3539,2303,1236
1189,1997,5,3544,2603,941
1189,1997,6,3546,4883,-1337
1189,1997,7,3538,3623,-85
1189,1997,8,3542,2303,1239
1189,1997,9,3547,2303,1244
1189,1997,10,3554,2933,621
1189,1997,11,3554,2303,1251
1189,1997,12,3557,3173,384
1189,1998,1,3556,6053,-2497
1189,1998,2,3550,2303,1247
1189,1998,3,3556,2303,1253
1189,1998,4,3561,2303,1258
1189,1998,5,3568,3323,245
1189,1998,6,3543,9623,-6080
1189,1998,7,3542,2303,1239
1189,1998,8,3549,2303,1246
1189,1998,9,3552,2303,1249
1189,1998,10,3554,3533,21
1189,1998,11,3559,2303,1256
1189,1998,12,3559,3698,-139
1190,1996,9,500,0,500
1190,1996,10,19034,0,19034
1190,1996,11,12483,3600,8883
1190,1996,12,18701,12000,6701
1190,1997,1,12532,8900,3632
1190,1997,2,12538,14164,-1626
1190,1997,3,12502,22664,-10162
1190,1997,4,12491,13664,-1173
1190,1997,5,12473,17364,-4891
1190,1997,6,19637,32364,-12727
1190,1997,7,19654,8264,11390
1190,1997,8,16691,8264,8427
1190,1997,9,12505,10464,2041
1190,1997,10,12502,14464,-1962
1190,1997,11,12506,10364,2142
1190,1997,12,18714,12764,5950
1190,1998,1,12461,35264,-22803
1190,1998,2,12447,9864,2583
1190,1998,3,16275,8264,8011
1190,1998,4,12487,10864,1623
1190,1998,5,12501,8564,3937
1190,1998,6,18708,19364,-656
1190,1998,7,12490,19364,-6874
1190,1998,8,12477,14264,-1787
1190,1998,9,13263,13064,199
1190,1998,10,12466,15664,-3198
1190,1998,11,12452,15364,-2912
1190,1998,12,18643,9149,9494
1192,1996,5,11844,0,11844
1192,1996,6,24734,0,24734
1192,1996,7,11777,14400,-2623
1192,1996,8,11753,8500,3253
1192,1996,9,11765,13315,-1550
1192,1996,10,11768,9515,2253
1192,1996,11,11786,13015,-1229
1192,1996,12,17607,13715,3892
1192,1997,1,11791,11515,276
1192,1997,2,11780,15015,-3235
1192,1997,3,11786,13215,-1429
1192,1997,4,11763,8715,3048
1192,1997,5,11777,7215,4562
1192,1997,6,17603,21515,-3912
1192,1997,7,11779,9015,2764
1192,1997,8,11795,10215,1580
1192,1997,9,11795,12215,-420
1192,1997,10,11811,9215,2596
1192,1997,11,11806,9715,2091
1192,1997,12,17625,18415,-790
1192,1998,1,11811,15115,-3304
1192,1998,2,11795,12215,-420
1192,1998,3,11795,10815,980
1192,1998,4,11810,11115,695
1192,1998,5,11798,16215,-4417
1192,1998,6,17605,13615,3990
1192,1998,7,11798,11815,-17
1192,1998,8,11804,8215,3589
1192,1998,9,11821,7315,4506
1192,1998,10,11828,13815,-1987
1192,1998,11,11814,16815,-5001
1192,1998,12,17607,19400,-1793
1193,1994,1,14658,0,14658
1193,1994,2,21642,0,21642
1193,1994,3,14558,14500,58
1193,1994,4,14587,6300,8287
1193,1994,5,14590,15849,-1259
1193,1994,6,21791,21309,482
1193,1994,7,14587,15849,-1262
1193,1994,8,14579,16549,-1970
1193,1994,9,14570,18869,-4299
1193,1994,10,14561,14349,212
1193,1994,11,14557,15549,-992
1193,1994,12,21792,22109,-317
1193,1995,1,14560,25189,-10629
1193,1995,2,14513,16349,-1836
1193,1995,3,18040,15109,2931
1193,1995,4,14537,12849,1688
1193,1995,5,14546,15149,-603
1193,1995,6,26739,31669,-4930
1193,1995,7,14519,12349,2170
1193,1995,8,14528,11149,3379
1193,1995,9,14539,14649,-110
1193,1995,10,14530,15189,-659
1193,1995,11,14533,16909,-2376
1193,1995,12,21748,15609,6139
1193,1996,1,14532,19229,-4697
1193,1996,2,14525,16629,-2104
1193,1996,3,14520,15449,-929
1193,1996,4,14508,15989,-1481
1193,1996,5,14508,16049,-1541
1193,1996,6,21710,22169,-459
1193,1996,7,14504,11349,3155
1193,1996,8,14515,12149,2366
1193,1996,9,14520,14949,-429
1193,1996,10,14521,13149,1372
1193,1996,11,14524,13889,635
1193,1996,12,21746,18709,3037
1193,1997,1,14535,16349,-1814
1193,1997,2,14526,17049,-2523
1193,1997,3,14512,17049,-2537
1193,1997,4,14512,13669,843
1193,1997,5,14516,12749,1767
1193,1997,6,21730,20629,1101
1193,1997,7,14509,20369,-5860
1193,1997,8,14499,14249,250
1193,1997,9,14484,19769,-5285
1193,1997,10,14479,12849,1630
1193,1997,11,14480,15149,-669
1193,1997,12,21701,17289,4412
1193,1998,1,14488,17849,-3361
1193,1998,2,14480,15049,-569
1193,1998,3,14490,10449,4041
1193,1998,4,14499,16749,-2250
1193,1998,5,14489,13369,1120
1193,1998,6,21706,22069,-363
1193,1998,7,14500,10249,4251
1193,1998,8,14503,15449,-946
1193,1998,9,14487,19449,-4962
1193,1998,10,14482,13749,733
1193,1998,11,14493,10549,3944
1193,1998,12,21733,12734,8999
1194,1994,4,500,0,500
1194,1994,5,23587,0,23587
1194,1994,6,33340,15500,17840
1194,1994,7,22315,18700,3615
1194,1994,8,22322,21800,522
1194,1994,9,22379,22015,364
1194,1994,10,22374,24686,-2312
1194,1994,11,22330,19966,2364
1194,1994,12,33426,21106,12320
1194,1995,1,22342,35646,-13304
1194,1995,2,22342,11506,10836
1194,1995,3,22382,15686,6696
1194,1995,4,22381,28006,-5625
1194,1995,5,22377,18186,4191
1194,1995,6,33431,36286,-2855
1194,1995,7,22373,20286,2087
1194,1995,8,22373,22186,187
1194,1995,9,22377,20086,2291
1194,1995,10,22392,18786,3606
1194,1995,11,22392,26766,-4374
1194,1995,12,33486,23826,9660
1194,1996,1,22378,35986,-13608
1194,1996,2,22343,28146,-5803
1194,1996,3,22353,16386,5967
1194,1996,4,22362,20886,1476
1194,1996,5,22368,21186,1182
1194,1996,6,33442,35266,-1824
1194,1996,7,22350,27226,-4876
1194,1996,8,22351,19186,3165
1194,1996,9,22361,20346,2015
1194,1996,10,22362,40626,-18264
1194,1996,11,22351,25886,-3535
1194,1996,12,33426,31086,2340
1194,1997,1,22304,36026,-13722
1194,1997,2,22287,17086,5201
1194,1997,3,22304,22886,-582
1194,1997,4,22306,19386,2920
1194,1997,5,22317,18686,3631
1194,1997,6,34436,49586,-15150
1194,1997,7,22268,16486,5782
1194,1997,8,22291,15986,6305
1194,1997,9,22315,16986,5329
1194,1997,10,22332,22686,-354
1194,1997,11,22330,21086,1244
1194,1997,12,33410,34346,-936
1194,1998,1,22303,33946,-11643
1194,1998,2,22284,15586,6698
1194,1998,3,22310,21886,424
1194,1998,4,22310,18886,3424
1194,1998,5,22327,17086,5241
1194,1998,6,33423,29186,4237
1194,1998,7,22358,22086,272
1194,1998,8,22346,23426,-1080
1194,1998,9,22353,18966,3387
1194,1998,10,22371,16786,5585
1194,1998,11,22386,26486,-4100
1194,1998,12,33483,5371,28112
1195,1996,12,800,0,800
1195,1997,1,6223,0,6223
1195,1997,2,6223,0,6223
1195,1997,3,6223,0,6223
1195,1997,4,6223,0,6223
1195,1997,5,6254,3975,2279
1195,1997,6,6328,16158,-9830
1195,1997,7,6308,2358,3950
1195,1997,8,6324,2358,3966
1195,1997,9,6341,2358,3983
1195,1997,10,6358,2358,4000
1195,1997,11,6366,8118,-1752
1195,1997,12,6363,5628,735
1195,1998,1,6335,14208,-7873
1195,1998,2,6336,2358,3978
1195,1998,3,6353,2358,3995
1195,1998,4,6364,6358,6
1195,1998,5,6368,4958,1410
1195,1998,6,6369,15058,-8689
1195,1998,7,6340,2358,3982
1195,1998,8,6354,5718,636
1195,1998,9,6359,2358,4001
1195,1998,10,6364,8358,-1994
1195,1998,11,6357,9098,-2741
1195,1998,12,6355,2793,3562
1196,1996,1,800,0,800
1196,1996,2,17861,0,17861
1196,1996,3,40171,0,40171
1196,1996,4,245,18800,-18555
1196,1996,5,245,10600,-10355
1196,1996,6,245,5900,-5655
1196,1996,7,245,200,45
1196,1996,8,27848,11200,16648
1196,1996,9,170,10100,-9930
1196,1996,10,170,4200,-4030
1196,1996,11,13514,10200,3314
1196,1996,12,126,6600,-6474
1196,1997,1,71502,74860,-3358
1196,1997,2,44787,26367,18420
1196,1997,3,46874,27960,18914
1196,1997,4,178,21560,-21382
1196,1997,5,56495,26560,29935
1196,1997,6,200,24960,-24760
1196,1997,7,28313,16660,11653
1196,1997,8,130846,81460,49386
1196,1997,9,29422,80960,-51538
1196,1997,10,150,18660,-18510
1196,1997,11,52309,12460,39849
1196,1997,12,114260,81060,33200
1196,1998,1,82481,112160,-29679
1196,1998,2,53123,35360,17763
1196,1998,3,266,35360,-35094
1196,1998,4,6865,17560,-10695
1196,1998,5,71574,23860,47714
1196,1998,6,109728,117760,-8032
1196,1998,7,60211,71160,-10949
1196,1998,8,29693,51160,-21467
1196,1998,9,101503,84860,16643
1196,1998,10,172,34660,-34488
1196,1998,11,36396,16360,20036
1196,1998,12,43549,32345,11204
1197,1993,9,4886,0,4886
1197,1993,10,13931,0,13931
1197,1993,11,4964,0,4964
1197,1993,12,3972,0,3972
1197,1994,1,4088,4335,-247
1197,1994,2,3985,4397,-412
1197,1994,3,3980,6057,-2077
1197,1994,4,3979,2897,1082
1197,1994,5,3975,5167,-1192
1197,1994,6,3966,7167,-3201
1197,1994,7,6674,2597,4077
1197,1994,8,5889,2597,3292
1197,1994,9,3995,3197,798
1197,1994,10,3994,5537,-1543
1197,1994,11,3987,4997,-1010
1197,1994,12,7180,5457,1723
1197,1995,1,4286,7157,-2871
1197,1995,2,3985,2597,1388
1197,1995,3,4788,3397,1391
1197,1995,4,5595,3917,1678
1197,1995,5,4003,4997,-994
1197,1995,6,3995,4777,-782
1197,1995,7,4096,2597,1499
1197,1995,8,4001,5097,-1096
1197,1995,9,3997,3697,300
1197,1995,10,6700,4307,2393
1197,1995,11,4003,5977,-1974
1197,1995,12,3991,6717,-2726
1197,1996,1,4481,9227,-4746
1197,1996,2,4969,2807,2162
1197,1996,3,8583,2987,5596
1197,1996,4,4803,2597,2206
1197,1996,5,4007,6427,-2420
1197,1996,6,4995,4637,358
1197,1996,7,4001,3997,4
1197,1996,8,4000,4197,-197
1197,1996,9,7106,2597,4509
1197,1996,10,7325,3527,3798
1197,1996,11,4030,7467,-3437
1197,1996,12,4015,4887,-872
1197,1997,1,4005,7077,-3072
1197,1997,2,4001,4897,-896
1197,1997,3,6305,2597,3708
1197,1997,4,4817,4037,780
1197,1997,5,4015,5197,-1182
1197,1997,6,8622,4277,4345
1197,1997,7,8437,3677,4760
1197,1997,8,4050,3697,353
1197,1997,9,4054,2597,1457
1197,1997,10,4056,4397,-341
1197,1997,11,6163,2597,3566
1197,1997,12,4067,4597,-530
1197,1998,1,4060,8697,-4637
1197,1998,2,4048,3997,51
1197,1998,3,5054,2597,2457
1197,1998,4,4061,2897,1164
1197,1998,5,4968,2597,2371
1197,1998,6,4063,7097,-3034
1197,1998,7,4051,8197,-4146
1197,1998,8,4046,2697,1349
1197,1998,9,4649,3997,652
1197,1998,10,4049,4097,-48
1197,1998,11,8766,2597,6169
1197,1998,12,4067,7182,-3115
1198,1997,4,1100,0,1100
1198,1997,5,21764,0,21764
1198,1997,6,28359,14000,14359
1198,1997,7,18989,14500,4489
1198,1997,8,19015,10900,8115
1198,1997,9,19034,18915,119
1198,1997,10,19017,38079,-19062
1198,1997,11,18972,14428,4544
1198,1997,12,29566,32566,-3000
1198,1998,1,18974,13615,5359
1198,1998,2,18996,22415,-3419
1198,1998,3,18954,32661,-13707
1198,1998,4,18926,30624,-11698
1198,1998,5,21098,6911,14187
1198,1998,6,28382,8715,19667
1198,1998,7,19001,23194,-4193
1198,1998,8,19013,22344,-3331
1198,1998,9,25647,36430,-10783
1198,1998,10,27456,21582,5874
1198,1998,11,18983,9679,9304
1198,1998,12,29739,12900,16839
1199,1997,3,1000,0,1000
1199,1997,4,14495,0,14495
1199,1997,5,5440,0,5440
1199,1997,6,6398,0,6398
1199,1997,7,4183,2300,1883
1199,1997,8,4188,4725,-537
1199,1997,9,4184,5525,-1341
1199,1997,10,4485,2725,1760
1199,1997,11,4185,5525,-1340
1199,1997,12,6211,8425,-2214
1199,1998,1,12347,22125,-9778
1199,1998,2,10253,2725,7528
1199,1998,3,6173,2725,3448
1199,1998,4,8992,7045,1947
1199,1998,5,11209,2725,8484
1199,1998,6,12879,6805,6074
1199,1998,7,6958,4165,2793
1199,1998,8,8681,2725,5956
1199,1998,9,4588,2725,1863
1199,1998,10,4287,5325,-1038
1199,1998,11,4259,12525,-8266
1199,1998,12,6280,7890,-1610
1200,1993,5,23757,0,23757
1200,1993,6,35279,1300,33979
1200,1993,7,23650,14600,9050
1200,1993,8,23674,18700,4974
1200,1993,9,23674,25696,-2022
1200,1993,10,23652,31639,-7987
1200,1993,11,23626,26739,-3113
1200,1993,12,35337,29239,6098
1200,1994,1,23571,45539,-21968
1200,1994,2,23569,19339,4230
1200,1994,3,23592,19839,3753
1200,1994,4,23610,17739,5871
1200,1994,5,23625,20539,3086
1200,1994,6,35314,38739,-3425
1200,1994,7,23607,41039,-17432
1200,1994,8,23592,19939,3653
1200,1994,9,23604,23939,-335
1200,1994,10,23602,25239,-1637
1200,1994,11,23597,20439,3158
1200,1994,12,35330,31739,3591
1200,1995,1,23589,41539,-17950
1200,1995,2,23538,17139,6399
1200,1995,3,23575,21139,2436
1200,1995,4,23586,17939,5647
1200,1995,5,23605,22739,866
1200,1995,6,35302,41339,-6037
1200,1995,7,23583,20539,3044
1200,1995,8,23595,19439,4156
1200,1995,9,23610,21439,2171
1200,1995,10,23616,23339,277
1200,1995,11,23613,25839,-2226
1200,1995,12,35324,30839,4485
1200,1996,1,23601,31639,-8038
1200,1996,2,23580,26139,-2559
1200,1996,3,23578,22339,1239
1200,1996,4,23583,21839,1744
1200,1996,5,23575,24839,-1264
1200,1996,6,35281,35739,-458
1200,1996,7,23573,23739,-166
1200,1996,8,23574,23739,-165
1200,1996,9,23565,27739,-4174
1200,1996,10,23554,23239,315
1200,1996,11,23556,22239,1317
1200,1996,12,35274,30439,4835
1200,1997,1,23538,39039,-15501
1200,1997,2,23521,18539,4982
1200,1997,3,23537,21939,1598
1200,1997,4,23546,19939,3607
1200,1997,5,23558,21239,2319
1200,1997,6,35269,31039,4230
1200,1997,7,23573,25839,-2266
1200,1997,8,23566,23739,-173
1200,1997,9,23568,21839,1729
1200,1997,10,23569,24039,-470
1200,1997,11,23561,25539,-1978
1200,1997,12,35267,31539,3728
1200,1998,1,23548,34139,-10591
1200,1998,2,23528,22439,1089
1200,1998,3,23541,21139,2402
1200,1998,4,23534,25939,-2405
1200,1998,5,23528,24539,-1011
1200,1998,6,35210,40739,-5529
1200,1998,7,23497,24639,-1142
1200,1998,8,23459,34139,-10680
1200,1998,9,23446,23839,-393
1200,1998,10,23450,24139,-689
1200,1998,11,23493,7439,16054
1200,1998,12,35286,9824,25462
1201,1993,7,600,0,600
1201,1993,8,21410,0,21410
1201,1993,9,15181,8400,6781
1201,1993,10,15209,8800,6409
1201,1993,11,15233,11000,4233
1201,1993,12,22803,21015,1788
1201,1994,1,15223,30164,-14941
1201,1994,2,15195,12624,2571
1201,1994,3,15209,11324,3885
1201,1994,4,15208,15484,-276
1201,1994,5,15199,18984,-3785
1201,1994,6,22750,17884,4866
1201,1994,7,15222,14424,798
1201,1994,8,15218,17624,-2406
1201,1994,9,15217,12824,2393
1201,1994,10,15215,19404,-4189
1201,1994,11,15209,12424,2785
1201,1994,12,22757,21644,1113
1201,1995,1,15191,30364,-15173
1201,1995,2,21186,7724,13462
1201,1995,3,15212,18864,-3652
1201,1995,4,15199,15544,-345
1201,1995,5,15207,9924,5283
1201,1995,6,22790,8224,14566
1201,1995,7,15286,11864,3422
1201,1995,8,15283,17324,-2041
1201,1995,9,15289,11724,3565
1201,1995,10,15302,12624,2678
1201,1995,11,15298,17024,-1726
1201,1995,12,22844,19384,3460
1201,1996,1,15238,38064,-22826
1201,1996,2,15225,10824,4401
1201,1996,3,15235,14124,1111
1201,1996,4,15256,8724,6532
1201,1996,5,15275,11824,3451
1201,1996,6,22780,31104,-8324
1201,1996,7,15235,18264,-3029
1201,1996,8,15220,21644,-6424
1201,1996,9,16324,12884,3440
1201,1996,10,15221,13104,2117
1201,1996,11,15243,9324,5919
1201,1996,12,22809,16124,6685
1201,1997,1,15245,31664,-16419
1201,1997,2,15230,8024,7206
1201,1997,3,15261,8424,6837
1201,1997,4,15256,21084,-5828
1201,1997,5,15253,11924,3329
1201,1997,6,22826,11524,11302
1201,1997,7,15294,18224,-2930
1201,1997,8,15290,26024,-10734
1201,1997,9,15280,16064,-784
1201,1997,10,15269,9624,5645
1201,1997,11,15290,14224,1066
1201,1997,12,22841,19684,3157
1201,1998,1,20663,29484,-8821
1201,1998,2,15270,10924,4346
1201,1998,3,15290,10624,4666
1201,1998,4,15298,17404,-2106
1201,1998,5,15298,13724,1574
1201,1998,6,22808,29184,-6376
1201,1998,7,15278,12224,3054
1201,1998,8,15288,9764,5524
1201,1998,9,15804,10964,4840
1201,1998,10,16137,7724,8413
1201,1998,11,15353,16084,-731
1201,1998,12,22917,10429,12488
1203,1995,8,21684,0,21684
1203,1995,9,20768,1000,19768
1203,1995,10,20821,11500,9321
1203,1995,11,20850,15100,5750
1203,1995,12,31206,18180,13026
1203,1996,1,20829,51376,-30547
1203,1996,2,20804,11976,8828
1203,1996,3,20815,20076,739
1203,1996,4,20815,22076,-1261
1203,1996,5,20818,19676,1142
1203,1996,6,31122,28576,2546
1203,1996,7,20840,16376,4464
1203,1996,8,20850,19076,1774
1203,1996,9,20870,15076,5794
1203,1996,10,20890,16476,4414
1203,1996,11,20902,18376,2526
1203,1996,12,31250,40276,-9026
1203,1997,1,20901,28976,-8075
1203,1997,2,20882,5576,15306
1203,1997,3,20895,36676,-15781
1203,1997,4,20899,17676,3223
1203,1997,5,20896,18976,1920
1203,1997,6,31216,38476,-7260
1203,1997,7,20873,14976,5897
1203,1997,8,20871,15976,4895
1203,1997,9,20914,17476,3438
1203,1997,10,20922,22576,-1654
1203,1997,11,20918,19376,1542
1203,1997,12,31258,26476,4782
1203,1998,1,20922,28176,-7254
1203,1998,2,20914,16476,4438
1203,1998,3,20909,20976,-67
1203,1998,4,20937,11476,9461
1203,1998,5,20961,20176,785
1203,1998,6,31256,37876,-6620
1203,1998,7,20946,15876,5070
1203,1998,8,20963,17176,3787
1203,1998,9,20971,22776,-1805
1203,1998,10,20967,19176,1791
1203,1998,11,20977,16076,4901
1203,1998,12,31304,24161,7143
1204,1993,12,36359,0,36359
1204,1994,1,23834,5700,18134
1204,1994,2,23869,16800,7069
1204,1994,3,23901,16300,7601
1204,1994,4,23883,30661,-6778
1204,1994,5,23875,25961,-2086
1204,1994,6,35630,71201,-35571
1204,1994,7,23772,16361,7411
1204,1994,8,23810,21461,2349
1204,1994,9,23823,21761,2062
1204,1994,10,23828,28441,-4613
1204,1994,11,23808,18261,5547
1204,1994,12,35673,29661,6012
1204,1995,1,23846,30101,-6255
1204,1995,2,23826,23761,65
1204,1995,3,23826,23661,165
1204,1995,4,23822,27301,-3479
1204,1995,5,23811,21061,2750
1204,1995,6,35627,42421,-6794
1204,1995,7,23793,20161,3632
1204,1995,8,23806,21361,2445
1204,1995,9,23821,18961,4860
1204,1995,10,23820,24461,-641
1204,1995,11,23832,19961,3871
1204,1995,12,35689,28141,7548
1204,1996,1,23849,35041,-11192
1204,1996,2,23835,19461,4374
1204,1996,3,23847,21061,2786
1204,1996,4,23853,23801,52
1204,1996,5,23854,25001,-1147
1204,1996,6,35674,44301,-8627
1204,1996,7,23826,13561,10265
1204,1996,8,23862,16861,7001
1204,1996,9,23888,20161,3727
1204,1996,10,23885,29201,-5316
1204,1996,11,23877,19361,4516
1204,1996,12,35733,25641,10092
1204,1997,1,23906,32281,-8375
1204,1997,2,23910,16961,6949
1204,1997,3,23921,22581,1340
1204,1997,4,23926,20981,2945
1204,1997,5,23942,21561,2381
1204,1997,6,35977,54361,-18384
1204,1997,7,23888,18481,5407
1204,1997,8,23894,22601,1293
1204,1997,9,23897,25081,-1184
1204,1997,10,23908,15061,8847
1204,1997,11,23914,25921,-2007
1204,1997,12,35762,26881,8881
1204,1998,1,23935,31861,-7926
1204,1998,2,23922,20261,3661
1204,1998,3,23931,28061,-4130
1204,1998,4,23909,24881,-972
1204,1998,5,23908,24561,-653
1204,1998,6,35698,42841,-7143
1204,1998,7,23893,16661,7232
1204,1998,8,23897,25261,-1364
1204,1998,9,23900,21061,2839
1204,1998,10,23921,20561,3360
1204,1998,11,23932,18361,5571
1204,1998,12,35768,29746,6022
1205,1994,10,6355,0,6355
1205,1994,11,5265,0,5265
1205,1994,12,5265,0,5265
1205,1995,1,5265,0,5265
1205,1995,2,5269,15,5254
1205,1995,3,5355,4104,1251
1205,1995,4,5361,4284,1077
1205,1995,5,5360,5004,356
1205,1995,6,5370,3004,2366
1205,1995,7,5370,5324,46
1205,1995,8,5373,4504,869
1205,1995,9,5369,6604,-1235
1205,1995,10,5375,3504,1871
1205,1995,11,5366,8404,-3038
1205,1995,12,5366,5304,62
1205,1996,1,5346,12924,-7578
1205,1996,2,5342,4604,738
1205,1996,3,5342,3604,1738
1205,1996,4,5352,5704,-352
1205,1996,5,5351,3104,2247
1205,1996,6,5359,6504,-1145
1205,1996,7,5353,9204,-3851
1205,1996,8,5334,8604,-3270
1205,1996,9,5315,6444,-1129
1205,1996,10,5321,3004,2317
1205,1996,11,5328,6144,-816
1205,1996,12,5320,6454,-1134
1205,1997,1,5306,6844,-1538
1205,1997,2,5316,3004,2312
1205,1997,3,5325,5244,81
1205,1997,4,5319,7644,-2325
1205,1997,5,5316,3004,2312
1205,1997,6,5326,3004,2322
1205,1997,7,5336,3004,2332
1205,1997,8,5345,3004,2341
1205,1997,9,5355,3004,2351
1205,1997,10,5351,7564,-2213
1205,1997,11,5347,6924,-1577
1205,1997,12,5344,3854,1490
1205,1998,1,5341,10684,-5343
1205,1998,2,5334,3004,2330
1205,1998,3,5342,3004,2338
1205,1998,4,5332,11404,-6072
1205,1998,5,5325,5884,-559
1205,1998,6,5319,3644,1675
1205,1998,7,5331,3004,2327
1205,1998,8,5340,3644,1696
1205,1998,9,5348,3004,2344
1205,1998,10,5357,3004,2353
1205,1998,11,5367,3004,2363
1205,1998,12,5375,4139,1236
1206,1995,10,900,0,900
1206,1995,11,5383,0,5383
1206,1995,12,5383,0,5383
1206,1996,1,5383,0,5383
1206,1996,2,5420,900,4520
1206,1996,3,5488,3294,2194
1206,1996,4,5478,7574,-2096
1206,1996,5,5489,3294,2195
1206,1996,6,5481,9094,-3613
1206,1996,7,5468,5894,-426
1206,1996,8,5469,4394,1075
1206,1996,9,5467,8294,-2827
1206,1996,10,5459,5894,-435
1206,1996,11,5455,6594,-1139
1206,1996,12,5452,5794,-342
1206,1997,1,5450,5344,106
1206,1997,2,5457,3294,2163
1206,1997,3,5467,5614,-147
1206,1997,4,5458,6794,-1336
1206,1997,5,5453,6294,-841
1206,1997,6,5449,5894,-445
1206,1997,7,5442,7794,-2352
1206,1997,8,5442,4194,1248
1206,1997,9,5446,4494,952
1206,1997,10,5455,6094,-639
1206,1997,11,5454,5394,60
1206,1997,12,5446,7294,-1848
1206,1998,1,5441,4894,547
1206,1998,2,5449,5094,355
1206,1998,3,5456,3294,2162
1206,1998,4,5451,4994,457
1206,1998,5,5451,8954,-3503
1206,1998,6,5452,3294,2158
1206,1998,7,5452,3294,2158
1206,1998,8,5453,9394,-3941
1206,1998,9,5445,3294,2151
1206,1998,10,5454,3294,2160
1206,1998,11,5461,7134,-1673
1206,1998,12,5461,4429,1032
1207,1993,6,29425,0,29425
1207,1993,7,19264,2400,16864
1207,1993,8,19303,12500,6803
1207,1993,9,19322,15400,3922
1207,1993,10,19319,23367,-4048
1207,1993,11,19300,24627,-5327
1207,1993,12,28848,24407,4441
1207,1994,1,19278,36087,-16809
1207,1994,2,19256,15867,3389
1207,1994,3,19267,15467,3800
1207,1994,4,19274,18367,907
1207,1994,5,19280,17667,1613
1207,1994,6,28826,40187,-11361
1207,1994,7,19250,16987,2263
1207,1994,8,19261,13567,5694
1207,1994,9,19278,15767,3511
1207,1994,10,19286,26607,-7321
1207,1994,11,19283,21547,-2264
1207,1994,12,28836,23427,5409
1207,1995,1,19249,30707,-11458
1207,1995,2,19235,13367,5868
1207,1995,3,19257,16007,3250
1207,1995,4,19279,19067,212
1207,1995,5,19273,17267,2006
1207,1995,6,28841,43227,-14386
1207,1995,7,19223,12067,7156
1207,1995,8,19250,14967,4283
1207,1995,9,19265,18767,498
1207,1995,10,19269,14567,4702
1207,1995,11,19274,25707,-6433
1207,1995,12,28833,21147,7686
1207,1996,1,19284,25207,-5923
1207,1996,2,19262,22367,-3105
1207,1996,3,19256,13467,5789
1207,1996,4,19273,18867,406
1207,1996,5,19273,17667,1606
1207,1996,6,28829,36387,-7558
1207,1996,7,19252,18567,685
1207,1996,8,19255,15467,3788
1207,1996,9,19260,20747,-1487
1207,1996,10,19265,14367,4898
1207,1996,11,19277,19067,210
1207,1996,12,28835,27467,1368
1207,1997,1,19280,22807,-3527
1207,1997,2,19268,21767,-2499
1207,1997,3,19262,17907,1355
1207,1997,4,19261,21087,-1826
1207,1997,5,19257,17267,1990
1207,1997,6,28843,19547,9296
1207,1997,7,19300,18867,433
1207,1997,8,19296,20667,-1371
1207,1997,9,19293,19067,226
1207,1997,10,19294,18667,627
1207,1997,11,19302,19247,55
1207,1997,12,28847,26387,2460
1207,1998,1,19290,29067,-9777
1207,1998,2,19251,23967,-4716
1207,1998,3,19260,12367,6893
1207,1998,4,19272,18667,605
1207,1998,5,19278,17267,2011
1207,1998,6,28819,38967,-10148
1207,1998,7,19235,22267,-3032
1207,1998,8,19227,19567,-340
1207,1998,9,19220,22167,-2947
1207,1998,10,19201,24067,-4866
1207,1998,11,19208,16367,2841
1207,1998,12,28773,26932,1841
1208,1997,11,17885,0,17885
1208,1997,12,29810,0,29810
1208,1998,1,17066,6000,11066
1208,1998,2,17096,12200,4896
1208,1998,3,17106,16515,591
1208,1998,4,17089,18867,-1778
1208,1998,5,17075,21067,-3992
1208,1998,6,25463,48307,-22844
1208,1998,7,17006,7467,9539
1208,1998,8,17033,10967,6066
1208,1998,9,17043,15247,1796
1208,1998,10,17044,20707,-3663
1208,1998,11,17048,11267,5781
1208,1998,12,25503,14872,10631
1209,1997,10,900,0,900
1209,1997,11,5353,0,5353
1209,1997,12,5353,0,5353
1209,1998,1,5376,1300,4076
1209,1998,2,5423,1500,3923
1209,1998,3,5435,6283,-848
1209,1998,4,5433,5083,350
1209,1998,5,5425,9523,-4098
1209,1998,6,5413,7783,-2370
1209,1998,7,5409,5103,306
1209,1998,8,5413,3583,1830
1209,1998,9,5419,3583,1836
1209,1998,10,5427,3583,1844
1209,1998,11,5433,3983,1450
1209,1998,12,5438,6898,-1460
1210,1996,5,400,0,400
1210,1996,6,30428,4600,25828
1210,1996,7,20379,13500,6879
1210,1996,8,20402,17100,3302
1210,1996,9,20417,16700,3717
1210,1996,10,20433,16315,4118
1210,1996,11,20449,18415,2034
1210,1996,12,30616,22515,8101
1210,1997,1,20492,30915,-10423
1210,1997,2,20440,25115,-4675
1210,1997,3,20455,16815,3640
1210,1997,4,20441,18515,1926
1210,1997,5,20453,17015,3438
1210,1997,6,30593,44715,-14122
1210,1997,7,20416,14015,6401
1210,1997,8,20432,18415,2017
1210,1997,9,20443,17615,2828
1210,1997,10,20443,22715,-2272
1210,1997,11,20436,21315,-879
1210,1997,12,30581,24415,6166
1210,1998,1,20446,30415,-9969
1210,1998,2,20424,18515,1909
1210,1998,3,20438,20815,-377
1210,1998,4,20418,22815,-2397
1210,1998,5,20413,23315,-2902
1210,1998,6,30559,27615,2944
1210,1998,7,20417,19515,902
1210,1998,8,20429,17215,3214
1210,1998,9,20434,19615,819
1210,1998,10,20442,18115,2327
1210,1998,11,20436,23715,-3279
1210,1998,12,30570,27500,3070
1211,1996,8,7626,0,7626
1211,1996,9,18288,0,18288
1211,1996,10,10140,0,10140
1211,1996,11,6669,900,5769
1211,1996,12,9943,5087,4856
1211,1997,1,7050,23550,-16500
1211,1997,2,7035,4350,2685
1211,1997,3,8450,6750,1700
1211,1997,4,7156,4350,2806
1211,1997,5,6656,6750,-94
1211,1997,6,9904,22550,-12646
1211,1997,7,9119,4350,4769
1211,1997,8,6629,4750,1879
1211,1997,9,6637,4750,1887
1211,1997,10,6636,10950,-4314
1211,1997,11,10233,8250,1983
1211,1997,12,11498,6350,5148
1211,1998,1,14808,25450,-10642
1211,1998,2,6612,4350,2262
1211,1998,3,7406,11150,-3744
1211,1998,4,6606,4350,2256
1211,1998,5,9927,6250,3677
1211,1998,6,9864,17850,-7986
1211,1998,7,7995,6950,1045
1211,1998,8,6602,5450,1152
1211,1998,9,6606,7750,-1144
1211,1998,10,6592,10750,-4158
1211,1998,11,6585,5150,1435
1211,1998,12,9848,5535,4313
1212,1995,12,900,0,900
1212,1996,1,6896,0,6896
1212,1996,2,6896,0,6896
1212,1996,3,6896,0,6896
1212,1996,4,6896,0,6896
1212,1996,5,7007,6320,687
1212,1996,6,7019,8920,-1901
1212,1996,7,7011,11980,-4969
1212,1996,8,6991,9420,-2429
1212,1996,9,6978,9760,-2782
1212,1996,10,6969,8020,-1051
1212,1996,11,6964,10000,-3036
1212,1996,12,6951,8020,-1069
1212,1997,1,6954,6100,854
1212,1997,2,6961,4620,2341
1212,1997,3,6969,4620,2349
1212,1997,4,6964,10020,-3056
1212,1997,5,6951,9920,-2969
1212,1997,6,6945,7420,-475
1212,1997,7,6947,6720,227
1212,1997,8,6953,4920,2033
1212,1997,9,6949,8020,-1071
1212,1997,10,6948,6920,28
1212,1997,11,6952,6020,932
1212,1997,12,6946,8920,-1974
1212,1998,1,6957,5380,1577
1212,1998,2,6963,2820,4143
1212,1998,3,6991,2820,4171
1212,1998,4,6953,15920,-8967
1212,1998,5,6971,2820,4151
1212,1998,6,6954,12120,-5166
1212,1998,7,6957,2820,4137
1212,1998,8,6974,2820,4154
1212,1998,9,6976,6920,56
1212,1998,10,6993,5120,1873
1212,1998,11,6976,9120,-2144
1212,1998,12,6978,9425,-2447
1213,1996,5,5121,0,5121
1213,1996,6,4930,0,4930
1213,1996,7,4930,0,4930
1213,1996,8,4930,0,4930
1213,1996,9,4975,1015,3960
1213,1996,10,4998,6399,-1401
1213,1996,11,4980,9919,-4939
1213,1996,12,4978,4749,229
1213,1997,1,4974,7879,-2905
1213,1997,2,4966,4599,367
1213,1997,3,4977,2999,1978
1213,1997,4,4984,3879,1105
1213,1997,5,4990,2999,1991
1213,1997,6,4992,3879,1113
1213,1997,7,5003,2999,2004
1213,1997,8,4996,7599,-2603
1213,1997,9,4997,3559,1438
1213,1997,10,5006,2999,2007
1213,1997,11,5014,4099,915
1213,1997,12,5009,8649,-3640
1213,1998,1,4975,13109,-8134
1213,1998,2,4969,2999,1970
1213,1998,3,4978,2999,1979
1213,1998,4,4986,2999,1987
1213,1998,5,4994,2999,1995
1213,1998,6,5002,2999,2003
1213,1998,7,5009,5159,-150
1213,1998,8,5005,6439,-1434
1213,1998,9,5004,2999,2005
1213,1998,10,5004,4519,485
1213,1998,11,5014,2999,2015
1213,1998,12,5019,4084,935
1214,1997,1,500,0,500
1214,1997,2,18552,0,18552
1214,1997,3,16619,4900,11719
1214,1997,4,16654,13400,3254
1214,1997,5,16664,15900,764
1214,1997,6,24927,35784,-10857
1214,1997,7,16640,9784,6856
1214,1997,8,16655,16284,371
1214,1997,9,16672,12884,3788
1214,1997,10,16678,12784,3894
1214,1997,11,16697,17084,-387
1214,1997,12,24963,16984,7979
1214,1998,1,16731,17284,-553
1214,1998,2,16706,19184,-2478
1214,1998,3,16700,19984,-3284
1214,1998,4,16703,10284,6419
1214,1998,5,16719,16684,35
1214,1998,6,24953,34284,-9331
1214,1998,7,16687,12584,4103
1214,1998,8,16690,18084,-1394
1214,1998,9,16698,13184,3514
1214,1998,10,16707,15184,1523
1214,1998,11,16712,15884,828
1214,1998,12,24993,18469,6524
1215,1997,3,6192,0,6192
1215,1997,4,5299,0,5299
1215,1997,5,5299,0,5299
1215,1997,6,5299,0,5299
1215,1997,7,5344,2523,2821
1215,1997,8,5383,2923,2460
1215,1997,9,5389,7683,-2294
1215,1997,10,5383,7423,-2040
1215,1997,11,5374,7423,-2049
1215,1997,12,5359,8723,-3364
1215,1998,1,5336,9723,-4387
1215,1998,2,5334,2523,2811
1215,1998,3,5341,7043,-1702
1215,1998,4,5336,5723,-387
1215,1998,5,5335,3803,1532
1215,1998,6,5344,2523,2821
1215,1998,7,5356,2523,2833
1215,1998,8,5365,4363,1002
1215,1998,9,5372,2523,2849
1215,1998,10,5384,2523,2861
1215,1998,11,5395,3243,2152
1215,1998,12,5404,3258,2146
1216,1996,3,13640,0,13640
1216,1996,4,4781,0,4781
1216,1996,5,3601,600,3001
1216,1996,6,3613,2000,1613
1216,1996,7,3629,9764,-6135
1216,1996,8,3598,3264,334
1216,1996,9,3597,7864,-4267
1216,1996,10,3990,2364,1626
1216,1996,11,3594,5164,-1570
1216,1996,12,6283,2754,3529
1216,1997,1,4895,4644,251
1216,1997,2,5900,2364,3536
1216,1997,3,4921,2364,2557
1216,1997,4,3621,5364,-1743
1216,1997,5,3716,2364,1352
1216,1997,6,4920,4614,306
1216,1997,7,3621,4704,-1083
1216,1997,8,4020,3234,786
1216,1997,9,5427,3654,1773
1216,1997,10,3631,4964,-1333
1216,1997,11,4129,2574,1555
1216,1997,12,3634,3264,370
1216,1998,1,3631,4974,-1343
1216,1998,2,3622,8164,-4542
1216,1998,3,3598,8664,-5066
1216,1998,4,4287,2364,1923
1216,1998,5,3592,6264,-2672
1216,1998,6,6793,2364,4429
1216,1998,7,6205,2664,3541
1216,1998,8,3608,7574,-3966
1216,1998,9,3598,2864,734
1216,1998,10,5406,2364,3042
1216,1998,11,3612,3864,-252
1216,1998,12,3611,3219,392
1217,1993,10,200,0,200
1217,1993,11,3161,0,3161
1217,1993,12,3161,0,3161
1217,1994,1,3161,0,3161
1217,1994,2,3161,0,3161
1217,1994,3,3206,3052,154
1217,1994,4,3219,2122,1097
1217,1994,5,3223,2512,711
1217,1994,6,3219,4822,-1603
1217,1994,7,3219,2992,227
1217,1994,8,3221,2122,1099
1217,1994,9,3225,2122,1103
1217,1994,10,3227,2902,325
1217,1994,11,3226,3592,-366
1217,1994,12,3229,2722,507
1217,1995,1,3221,6592,-3371
1217,1995,2,3218,2122,1096
1217,1995,3,3222,2122,1100
1217,1995,4,3227,2122,1105
1217,1995,5,3231,2482,749
1217,1995,6,3227,4402,-1175
1217,1995,7,3229,2222,1007
1217,1995,8,3233,2522,711
1217,1995,9,3231,4522,-1291
1217,1995,10,3231,3112,119
1217,1995,11,3232,2122,1110
1217,1995,12,3236,2302,934
1217,1996,1,3230,7012,-3782
1217,1996,2,3224,2122,1102
1217,1996,3,3228,2512,716
1217,1996,4,3232,2122,1110
1217,1996,5,3237,2122,1115
1217,1996,6,3228,6172,-2944
1217,1996,7,3229,2122,1107
1217,1996,8,3231,2842,389
1217,1996,9,3235,2362,873
1217,1996,10,3238,2812,426
1217,1996,11,3238,3082,156
1217,1996,12,3240,2392,848
1217,1997,1,3234,8212,-4978
1217,1997,2,3224,2122,1102
1217,1997,3,3228,2122,1106
1217,1997,4,3233,2122,1111
1217,1997,5,3238,2122,1116
1217,1997,6,3239,3562,-323
1217,1997,7,3241,2122,1119
1217,1997,8,3240,4462,-1222
1217,1997,9,3240,2122,1118
1217,1997,10,3245,2122,1123
1217,1997,11,3246,3172,74
1217,1997,12,3247,2902,345
1217,1998,1,3243,5542,-2299
1217,1998,2,3240,3202,38
1217,1998,3,3242,2122,1120
1217,1998,4,3246,2122,1124
1217,1998,5,3251,2122,1129
1217,1998,6,3252,3442,-190
1217,1998,7,3254,2812,442
1217,1998,8,3256,2122,1134
1217,1998,9,3261,2122,1139
1217,1998,10,3263,3022,241
1217,1998,11,3267,2122,1145
1217,1998,12,3270,2617,653
1218,1996,12,49220,0,49220
1218,1997,1,32393,9800,22593
1218,1997,2,32457,21500,10957
1218,1997,3,32477,32600,-123
1218,1997,4,32470,53608,-21138
1218,1997,5,32416,21415,11001
1218,1997,6,48452,56615,-8163
1218,1997,7,32380,57256,-24876
1218,1997,8,33524,19916,13608
1218,1997,9,32404,11515,20889
1218,1997,10,32407,31824,583
1218,1997,11,32458,26215,6243
1218,1997,12,48582,38715,9867
1218,1998,1,32380,84815,-52435
1218,1998,2,32345,9615,22730
1218,1998,3,32415,21015,11400
1218,1998,4,32430,35915,-3485
1218,1998,5,32416,36815,-4399
1218,1998,6,48529,58515,-9986
1218,1998,7,32359,21915,10444
1218,1998,8,32402,43880,-11478
1218,1998,9,32330,27215,5115
1218,1998,10,32396,24215,8181
1218,1998,11,32411,32315,96
1218,1998,12,48469,40600,7869
1219,1996,6,1100,0,1100
1219,1996,7,14931,0,14931
1219,1996,8,10981,0,10981
1219,1996,9,6100,3200,2900
1219,1996,10,6110,3900,2210
1219,1996,11,6105,8301,-2196
1219,1996,12,9097,10081,-984
1219,1997,1,6065,21321,-15256
1219,1997,2,13668,5921,7747
1219,1997,3,11991,5561,6430
1219,1997,4,6314,4001,2313
1219,1997,5,6119,5301,818
1219,1997,6,9067,24221,-15154
1219,1997,7,7353,5081,2272
1219,1997,8,8267,4721,3546
1219,1997,9,9599,4001,5598
1219,1997,10,6103,11401,-5298
1219,1997,11,6881,6641,240
1219,1997,12,12256,12001,255
1219,1998,1,11752,14921,-3169
1219,1998,2,8766,4001,4765
1219,1998,3,6085,6401,-316
1219,1998,4,6094,9601,-3507
1219,1998,5,6068,8101,-2033
1219,1998,6,9955,9521,434
1219,1998,7,10076,4001,6075
1219,1998,8,6096,6801,-705
1219,1998,9,6084,4701,1383
1219,1998,10,6096,9201,-3105
1219,1998,11,6075,6601,-526
1219,1998,12,9071,5426,3645
1220,1995,7,900,0,900
1220,1995,8,5764,0,5764
1220,1995,9,5764,0,5764
1220,1995,10,5764,0,5764
1220,1995,11,5764,0,5764
1220,1995,12,5851,2785,3066
1220,1996,1,5862,15345,-9483
1220,1996,2,5847,2785,3062
1220,1996,3,5860,2785,3075
1220,1996,4,5868,4385,1483
1220,1996,5,5875,6545,-670
1220,1996,6,5868,5385,483
1220,1996,7,5878,2785,3093
1220,1996,8,5891,2785,3106
1220,1996,9,5884,8985,-3101
1220,1996,10,5886,4385,1501
1220,1996,11,5896,3185,2711
1220,1996,12,5901,5535,366
1220,1997,1,5891,12065,-6174
1220,1997,2,5884,2785,3099
1220,1997,3,5892,5185,707
1220,1997,4,5900,5185,715
1220,1997,5,5905,2785,3120
1220,1997,6,5914,5665,249
1220,1997,7,5917,2785,3132
1220,1997,8,5930,2785,3145
1220,1997,9,5943,2785,3158
1220,1997,10,5956,2785,3171
1220,1997,11,5959,9985,-4026
1220,1997,12,5942,6245,-303
1220,1998,1,5933,9985,-4052
1220,1998,2,5934,2785,3149
1220,1998,3,5944,5505,439
1220,1998,4,5947,3505,2442
1220,1998,5,5959,2785,3174
1220,1998,6,5972,2785,3187
1220,1998,7,5985,2785,3200
1220,1998,8,5989,5745,244
1220,1998,9,5999,2785,3214
1220,1998,10,6012,3185,2827
1220,1998,11,6024,2785,3239
1220,1998,12,6037,4570,1467
1221,1997,1,1000,0,1000
1221,1997,2,13000,0,13000
1221,1997,3,5800,0,5800
1221,1997,4,5100,0,5100
1221,1997,5,93274,30800,62474
1221,1997,6,50396,37400,12996
1221,1997,7,50847,91797,-40950
1221,1997,8,81176,60502,20674
1221,1997,9,110037,146675,-36638
1221,1997,10,169,27590,-27421
1221,1997,11,37898,22215,15683
1221,1997,12,41905,52947,-11042
1221,1998,1,6736,28216,-21480
1221,1998,2,39041,12124,26917
1221,1998,3,17664,14191,3473
1221,1998,4,44508,30223,14285
1221,1998,5,44027,52544,-8517
1221,1998,6,6243,36533,-30290
1221,1998,7,11553,9015,2538
1221,1998,8,30,2415,-2385
1221,1998,9,20463,19769,694
1221,1998,10,8419,2715,5704
1221,1998,11,87412,25215,62197
1221,1998,12,227,55532,-55305
1222,1993,1,700,0,700
1222,1993,2,6310,0,6310
1222,1993,3,6310,0,6310
1222,1993,4,6310,0,6310
1222,1993,5,6310,0,6310
1222,1993,6,6359,2815,3544
1222,1993,7,6436,7042,-606
1222,1993,8,6426,6922,-496
1222,1993,9,6420,9662,-3242
1222,1993,10,6412,6762,-350
1222,1993,11,6418,5442,976
1222,1993,12,6423,4792,1631
1222,1994,1,6434,2942,3492
1222,1994,2,6443,4942,1501
1222,1994,3,6448,5942,506
1222,1994,4,6448,6742,-294
1222,1994,5,6444,11002,-4558
1222,1994,6,6408,18942,-12534
1222,1994,7,6387,1742,4645
1222,1994,8,6406,1742,4664
1222,1994,9,6424,2442,3982
1222,1994,10,6442,1742,4700
1222,1994,11,6449,5062,1387
1222,1994,12,6461,4192,2269
1222,1995,1,6474,2442,4032
1222,1995,2,6470,10442,-3972
1222,1995,3,6472,3342,3130
1222,1995,4,6482,4342,2140
1222,1995,5,6488,5342,1146
1222,1995,6,6459,15112,-8653
1222,1995,7,6464,2742,3722
1222,1995,8,6477,3342,3135
1222,1995,9,6480,6042,438
1222,1995,10,6498,1742,4756
1222,1995,11,6495,10062,-3567
1222,1995,12,6491,5592,899
1222,1996,1,6489,6242,247
1222,1996,2,6498,3742,2756
1222,1996,3,6492,9042,-2550
1222,1996,4,6482,8842,-2360
1222,1996,5,6494,2642,3852
1222,1996,6,6457,21592,-15135
1222,1996,7,6451,1742,4709
1222,1996,8,6463,3442,3021
1222,1996,9,6466,6242,224
1222,1996,10,6464,14042,-7578
1222,1996,11,6451,6542,-91
1222,1996,12,6429,9132,-2703
1222,1997,1,6437,9342,-2905
1222,1997,2,6424,5262,1162
1222,1997,3,6432,3942,2490
1222,1997,4,6441,8542,-2101
1222,1997,5,6433,4142,2291
1222,1997,6,6423,13812,-7389
1222,1997,7,6413,1742,4671
1222,1997,8,6432,1742,4690
1222,1997,9,6451,4622,1829
1222,1997,10,6459,6642,-183
1222,1997,11,6454,6182,272
1222,1997,12,6450,6682,-232
1222,1998,1,6452,4622,1830
1222,1998,2,6463,3542,2921
1222,1998,3,6471,9342,-2871
1222,1998,4,6459,10602,-4143
1222,1998,5,6443,6242,201
1222,1998,6,6441,9392,-2951
1222,1998,7,6429,4882,1547
1222,1998,8,6437,5762,675
1222,1998,9,6438,6642,-204
1222,1998,10,6435,8042,-1607
1222,1998,11,6423,11342,-4919
1222,1998,12,6405,10177,-3772
1223,1996,8,13072,0,13072
1223,1996,9,15932,0,15932
1223,1996,10,12986,2500,10486
1223,1996,11,13018,7000,6018
1223,1996,12,19447,20913,-1466
1223,1997,1,12964,29976,-17012
1223,1997,2,12957,9376,3581
1223,1997,3,12973,9576,3397
1223,1997,4,12991,7076,5915
1223,1997,5,13001,12876,125
1223,1997,6,19431,21976,-2545
1223,1997,7,13006,7176,5830
1223,1997,8,13018,13376,-358
1223,1997,9,13020,10876,2144
1223,1997,10,13033,9876,3157
1223,1997,11,13037,14276,-1239
1223,1997,12,19462,13576,5886
1223,1998,1,13023,27176,-14153
1223,1998,2,13003,10976,2027
1223,1998,3,13018,8776,4242
1223,1998,4,13004,19176,-6172
1223,1998,5,13008,9276,3732
1223,1998,6,19400,25176,-5776
1223,1998,7,13001,8876,4125
1223,1998,8,13029,7076,5953
1223,1998,9,13042,8576,4466
1223,1998,10,13065,16076,-3011
1223,1998,11,13054,10276,2778
1223,1998,12,19485,12861,6624
1225,1993,12,900,0,900
1225,1994,1,18970,0,18970
1225,1994,2,18928,8400,10528
1225,1994,3,18957,14100,4857
1225,1994,4,18980,13300,5680
1225,1994,5,18988,25295,-6307
1225,1994,6,34327,48935,-14608
1225,1994,7,18931,8315,10616
1225,1994,8,18964,12615,6349
1225,1994,9,18982,15715,3267
1225,1994,10,18997,15515,3482
1225,1994,11,19001,19795,-794
1225,1994,12,28417,26635,1782
1225,1995,1,18955,41215,-22260
1225,1995,2,18964,4655,14309
1225,1995,3,18987,14115,4872
1225,1995,4,19002,20075,-1073
1225,1995,5,18998,15815,3183
1225,1995,6,28422,24715,3707
1225,1995,7,19012,20115,-1103
1225,1995,8,19019,16715,2304
1225,1995,9,19033,15615,3418
1225,1995,10,19015,26195,-7180
1225,1995,11,19053,5935,13118
1225,1995,12,28531,11975,16556
1225,1996,1,19090,37955,-18865
1225,1996,2,19087,8615,10472
1225,1996,3,19115,14675,4440
1225,1996,4,19128,15695,3433
1225,1996,5,19125,23675,-4550
1225,1996,6,28546,21595,6951
1225,1996,7,19139,34815,-15676
1225,1996,8,19135,22635,-3500
1225,1996,9,19078,18775,303
1225,1996,10,19059,15615,3444
1225,1996,11,19071,20415,-1344
1225,1996,12,28548,28655,-107
1225,1997,1,19099,28215,-9116
1225,1997,2,19029,14415,4614
1225,1997,3,19046,19415,-369
1225,1997,4,19046,15915,3131
1225,1997,5,19081,19015,66
1225,1997,6,28513,30215,-1702
1225,1997,7,19069,25535,-6466
1225,1997,8,19022,20315,-1293
1225,1997,9,19020,16815,2205
1225,1997,10,19027,19015,12
1225,1997,11,19051,18475,576
1225,1997,12,28505,21615,6890
1225,1998,1,19080,25695,-6615
1225,1998,2,19047,14115,4932
1225,1998,3,19051,19715,-664
1225,1998,4,19074,23435,-4361
1225,1998,5,19027,20215,-1188
1225,1998,6,28418,43055,-14637
1225,1998,7,18987,11115,7872
1225,1998,8,18993,20115,-1122
1225,1998,9,18995,16215,2780
1225,1998,10,18999,20215,-1216
1225,1998,11,19020,16815,2205
1225,1998,12,28494,7680,20814
1226,1996,10,400,0,400
1226,1996,11,13858,0,13858
1226,1996,12,8680,800,7880
1226,1997,1,5830,7000,-1170
1226,1997,2,5831,2900,2931
1226,1997,3,5843,9121,-3278
1226,1997,4,9026,9481,-455
1226,1997,5,6129,3841,2288
1226,1997,6,8712,9041,-329
1226,1997,7,5936,5161,775
1226,1997,8,5835,6741,-906
1226,1997,9,5832,6041,-209
1226,1997,10,5830,6641,-811
1226,1997,11,5818,11621,-5803
1226,1997,12,8669,12941,-4272
1226,1998,1,5787,6121,-334
1226,1998,2,5785,6721,-936
1226,1998,3,5785,3841,1944
1226,1998,4,5793,3841,1952
1226,1998,5,5788,9241,-3453
1226,1998,6,8662,5281,3381
1226,1998,7,5799,5521,278
1226,1998,8,5801,5401,400
1226,1998,9,5803,3841,1962
1226,1998,10,5811,3841,1970
1226,1998,11,5819,3841,1978
1226,1998,12,8687,11786,-3099
1227,1996,1,900,0,900
1227,1996,2,19959,0,19959
1227,1996,3,13508,7200,6308
1227,1996,4,13524,11000,2524
1227,1996,5,13537,10300,3237
1227,1996,6,20248,24180,-3932
1227,1996,7,13517,18251,-4734
1227,1996,8,13509,13571,-62
1227,1996,9,13500,16251,-2751
1227,1996,10,13505,12831,674
1227,1996,11,17725,8951,8774
1227,1996,12,23872,12631,11241
1227,1997,1,13578,16371,-2793
1227,1997,2,13556,17651,-4095
1227,1997,3,13554,13371,183
1227,1997,4,13542,16751,-3209
1227,1997,5,13534,15151,-1617
1227,1997,6,20448,36471,-16023
1227,1997,7,23111,8951,14160
1227,1997,8,17652,8951,8701
1227,1997,9,13572,15391,-1819
1227,1997,10,17179,8951,8228
1227,1997,11,15508,8951,6557
1227,1997,12,20342,13771,6571
1227,1998,1,13608,21931,-8323
1227,1998,2,13606,13751,-145
1227,1998,3,13596,16851,-3255
1227,1998,4,13583,16851,-3268
1227,1998,5,13559,21751,-8192
1227,1998,6,20276,10951,9325
1227,1998,7,13542,31351,-17809
1227,1998,8,13523,16351,-2828
1227,1998,9,13511,16851,-3340
1227,1998,10,14493,12451,2042
1227,1998,11,13505,13651,-146
1227,1998,12,20226,17636,2590
1228,1995,4,5510,0,5510
1228,1995,5,5119,0,5119
1228,1995,6,5119,0,5119
1228,1995,7,5119,0,5119
1228,1995,8,5122,15,5107
1228,1995,9,5212,1995,3217
1228,1995,10,5216,7555,-2339
1228,1995,11,5216,1995,3221
1228,1995,12,5226,3145,2081
1228,1996,1,5208,14935,-9727
1228,1996,2,5196,4155,1041
1228,1996,3,5201,2955,2246
1228,1996,4,5203,4155,1048
1228,1996,5,5212,5195,17
1228,1996,6,5215,1995,3220
1228,1996,7,5226,5115,111
1228,1996,8,5229,1995,3234
1228,1996,9,5243,1995,3248
1228,1996,10,5256,1995,3261
1228,1996,11,5269,5795,-526
1228,1996,12,5257,5455,-198
1228,1997,1,5243,10725,-5482
1228,1997,2,5243,1995,3248
1228,1997,3,5257,2995,2262
1228,1997,4,5267,1995,3272
1228,1997,5,5280,2495,2785
1228,1997,6,5288,6495,-1207
1228,1997,7,5285,5495,-210
1228,1997,8,5272,8155,-2883
1228,1997,9,5272,4295,977
1228,1997,10,5276,4395,881
1228,1997,11,5280,2995,2285
1228,1997,12,5286,6545,-1259
1228,1998,1,5253,15765,-10512
1228,1998,2,5220,8555,-3335
1228,1998,3,5228,1995,3233
1228,1998,4,5230,4955,275
1228,1998,5,5232,5275,-43
1228,1998,6,5211,15695,-10484
1228,1998,7,5193,4715,478
1228,1998,8,5200,1995,3205
1228,1998,9,5213,1995,3218
1228,1998,10,5227,1995,3232
1228,1998,11,5240,1995,3245
1228,1998,12,5251,3380,1871
1229,1997,12,23747,0,23747
1229,1998,1,15594,400,15194
1229,1998,2,15636,8300,7336
1229,1998,3,15672,6800,8872
1229,1998,4,15679,18820,-3141
1229,1998,5,15662,20420,-4758
1229,1998,6,23405,14520,8885
1229,1998,7,15677,21020,-5343
1229,1998,8,15645,26000,-10355
1229,1998,9,15623,16080,-457
1229,1998,10,15628,14120,1508
1229,1998,11,15615,21520,-5905
1229,1998,12,23356,16305,7051
1230,1997,5,700,0,700
1230,1997,6,96407,0,96407
1230,1997,7,404,31100,-30696
1230,1997,8,396,25100,-24704
1230,1997,9,79382,55915,23467
1230,1997,10,267,15515,-15248
1230,1997,11,41454,34484,6970
1230,1997,12,720,10506,-9786
1230,1998,1,46342,55015,-8673
1230,1998,2,38928,18115,20813
1230,1998,3,118819,131186,-12367
1230,1998,4,5960,17933,-11973
1230,1998,5,17278,21606,-4328
1230,1998,6,38809,13615,25194
1230,1998,7,30845,22115,8730
1230,1998,8,268,7415,-7147
1230,1998,9,12666,9615,3051
1230,1998,10,143126,130713,12413
1230,1998,11,87286,80415,6871
1230,1998,12,52133,32500,19633
1231,1994,1,1000,0,1000
1231,1994,2,18099,0,18099
1231,1994,3,17565,5600,11965
1231,1994,4,17606,10800,6806
1231,1994,5,17626,15500,2126
1231,1994,6,26357,35415,-9058
1231,1994,7,17608,16100,1508
1231,1994,8,17614,15300,2314
1231,1994,9,17625,14200,3425
1231,1994,10,17631,17700,-69
1231,1994,11,17621,24640,-7019
1231,1994,12,26347,20460,5887
1231,1995,1,17604,25360,-7756
1231,1995,2,17596,14800,2796
1231,1995,3,17610,14900,2710
1231,1995,4,17612,17900,-288
1231,1995,5,17611,17900,-289
1231,1995,6,26338,41860,-15522
1231,1995,7,17562,10800,6762
1231,1995,8,17609,14600,3009
1231,1995,9,17595,13380,4215
1231,1995,10,17622,9400,8222
1231,1995,11,17648,11500,6148
1231,1995,12,26413,17660,8753
1231,1996,1,17653,30920,-13267
1231,1996,2,17639,14900,2739
1231,1996,3,17651,15700,1951
1231,1996,4,17649,20940,-3291
1231,1996,5,17641,16060,1581
1231,1996,6,26407,14660,11747
1231,1996,7,17678,21100,-3422
1231,1996,8,17678,16300,1378
1231,1996,9,17675,18500,-825
1231,1996,10,17654,23760,-6106
1231,1996,11,17649,17800,-151
1231,1996,12,26386,24940,1446
1231,1997,1,17633,28680,-11047
1231,1997,2,17611,16800,811
1231,1997,3,17621,15200,2421
1231,1997,4,17609,24860,-7251
1231,1997,5,17601,15100,2501
1231,1997,6,26332,41740,-15408
1231,1997,7,17574,19500,-1926
1231,1997,8,17581,15900,1681
1231,1997,9,17577,21300,-3723
1231,1997,10,17559,19920,-2361
1231,1997,11,17559,16400,1159
1231,1997,12,26317,23500,2817
1231,1998,1,17574,12020,5554
1231,1998,2,17593,24800,-7207
1231,1998,3,17568,8060,9508
1231,1998,4,17614,3500,14114
1231,1998,5,17647,39960,-22313
1231,1998,6,26325,12860,13465
1231,1998,7,17619,9020,8599
1231,1998,8,17671,3500,14171
1231,1998,9,17679,56200,-38521
1231,1998,10,17570,3500,14070
1231,1998,11,17628,3500,14128
1231,1998,12,26440,7485,18955
1232,1996,7,26217,0,26217
1232,1996,8,109,500,-391
1232,1996,9,1709,0,1709
1232,1996,10,109,1100,-991
1232,1996,11,809,0,809
1232,1996,12,1409,0,1409
1232,1997,1,4109,0,4109
1232,1997,2,709,0,709
1232,1997,3,2309,0,2309
1232,1997,4,1509,0,1509
1232,1997,5,109,100,9
1232,1997,6,109,1300,-1191
1232,1997,7,110,5600,-5490
1232,1997,8,2728,0,2728
1232,1997,9,45174,24000,21174
1232,1997,10,17934,17600,334
1232,1997,11,228,4600,-4372
1232,1998,1,228,1600,-1372
1232,1998,2,228,100,128
1232,1998,3,228,1200,-972
1232,1998,4,228,400,-172
1232,1998,5,228,700,-472
1232,1998,6,228,4700,-4472
1232,1998,7,428,0,428
1232,1998,8,17481,8500,8981
1232,1998,9,218,4900,-4682
1232,1998,10,3684,8815,-5131
1232,1998,11,178,4715,-4537
1232,1998,12,154,4400,-4246
1233,1996,2,3702,0,3702
1233,1996,3,3405,0,3405
1233,1996,4,3405,0,3405
1233,1996,5,3405,0,3405
1233,1996,6,3434,2515,919
1233,1996,7,3455,2275,1180
1233,1996,8,3460,3075,385
1233,1996,9,3459,3325,134
1233,1996,10,3461,3475,-14
1233,1996,11,3462,2875,587
1233,1996,12,3461,3855,-394
1233,1997,1,3463,3075,388
1233,1997,2,3463,4375,-912
1233,1997,3,3460,2275,1185
1233,1997,4,3467,2475,992
1233,1997,5,3469,3175,294
1233,1997,6,3463,5575,-2112
1233,1997,7,3462,2275,1187
1233,1997,8,3467,3535,-68
1233,1997,9,3464,5345,-1881
1233,1997,10,3456,5245,-1789
1233,1997,11,3450,3895,-445
1233,1997,12,3449,3025,424
1233,1998,1,3451,2275,1176
1233,1998,2,3457,5095,-1638
1233,1998,3,3447,3565,-118
1233,1998,4,3448,3975,-527
1233,1998,5,3445,3875,-430
1233,1998,6,3442,3745,-303
1233,1998,7,3443,2275,1168
1233,1998,8,3447,3385,62
1233,1998,9,3445,5195,-1750
1233,1998,10,3441,2275,1166
1233,1998,11,3444,3775,-331
1233,1998,12,3444,2770,674
1234,1993,9,7509,0,7509
1234,1993,10,6421,0,6421
1234,1993,11,6421,0,6421
1234,1993,12,6421,0,6421
1234,1994,1,6473,9411,-2938
1234,1994,2,6499,2651,3848
1234,1994,3,6509,4951,1558
1234,1994,4,6521,2851,3670
1234,1994,5,6525,7351,-826
1234,1994,6,6506,16801,-10295
1234,1994,7,6489,4011,2478
1234,1994,8,6501,2251,4250
1234,1994,9,6518,3051,3467
1234,1994,10,6507,16031,-9524
1234,1994,11,6489,4171,2318
1234,1994,12,6503,2601,3902
1234,1995,1,6487,20631,-14144
1234,1995,2,6460,2251,4209
1234,1995,3,6476,3251,3225
1234,1995,4,6491,2851,3640
1234,1995,5,6493,7751,-1258
1234,1995,6,6452,19901,-13449
1234,1995,7,6445,2251,4194
1234,1995,8,6463,2251,4212
1234,1995,9,6480,2251,4229
1234,1995,10,6483,9071,-2588
1234,1995,11,6487,2651,3836
1234,1995,12,6490,7751,-1261
1234,1996,1,6469,14771,-8302
1234,1996,2,6462,4891,1571
1234,1996,3,6470,5851,619
1234,1996,4,6470,5871,599
1234,1996,5,6474,4151,2323
1234,1996,6,6481,6391,90
1234,1996,7,6482,7551,-1069
1234,1996,8,6471,11831,-5360
1234,1996,9,6455,6551,-96
1234,1996,10,6457,2251,4206
1234,1996,11,6468,11351,-4883
1234,1996,12,6454,3701,2753
1234,1997,1,6457,7611,-1154
1234,1997,2,6459,3291,3168
1234,1997,3,6466,11451,-4985
1234,1997,4,6453,2251,4202
1234,1997,5,6470,2251,4219
1234,1997,6,6487,5611,876
1234,1997,7,6478,14951,-8473
1234,1997,8,6450,7551,-1101
1234,1997,9,6451,2251,4200
1234,1997,10,6467,3531,2936
1234,1997,11,6478,4971,1507
1234,1997,12,6483,5661,822
1234,1998,1,6461,13541,-7080
1234,1998,2,6460,2251,4209
1234,1998,3,6479,2251,4228
1234,1998,4,6474,16851,-10377
1234,1998,5,6453,2251,4202
1234,1998,6,6460,8051,-1591
1234,1998,7,6464,2251,4213
1234,1998,8,6481,2251,4230
1234,1998,9,6469,17251,-10782
1234,1998,10,6454,2251,4203
1234,1998,11,6471,2251,4220
1234,1998,12,6488,2786,3702
1235,1993,11,500,0,500
1235,1993,12,4339,0,4339
1235,1994,1,4339,0,4339
1235,1994,2,4339,0,4339
1235,1994,3,4339,0,4339
1235,1994,4,4395,1064,3331
1235,1994,5,4434,2907,1527
1235,1994,6,4429,6207,-1778
1235,1994,7,4430,2907,1523
1235,1994,8,4430,4787,-357
1235,1994,9,4431,5707,-1276
1235,1994,10,4424,7447,-3023
1235,1994,11,4410,4987,-577
1235,1994,12,4412,4207,205
1235,1995,1,4402,8507,-4105
1235,1995,2,4398,3787,611
1235,1995,3,4400,3307,1093
1235,1995,4,4398,6507,-2109
1235,1995,5,4397,2907,1490
1235,1995,6,4405,2907,1498
1235,1995,7,4412,2907,1505
1235,1995,8,4415,2907,1508
1235,1995,9,4422,2907,1515
1235,1995,10,4427,5227,-800
1235,1995,11,4423,4907,-484
1235,1995,12,4412,5907,-1495
1235,1996,1,4408,8427,-4019
1235,1996,2,4399,3547,852
1235,1996,3,4403,2907,1496
1235,1996,4,4409,3307,1102
1235,1996,5,4417,2907,1510
1235,1996,6,4420,2907,1513
1235,1996,7,4426,2907,1519
1235,1996,8,4435,2907,1528
1235,1996,9,4439,2907,1532
1235,1996,10,4445,2907,1538
1235,1996,11,4452,2907,1545
1235,1996,12,4454,4317,137
1235,1997,1,4433,14337,-9904
1235,1997,2,4417,2907,1510
1235,1997,3,4424,2907,1517
1235,1997,4,4425,4507,-82
1235,1997,5,4428,3007,1421
1235,1997,6,4413,9207,-4794
1235,1997,7,4411,6107,-1696
1235,1997,8,4404,5067,-663
1235,1997,9,4408,2907,1501
1235,1997,10,4414,2907,1507
1235,1997,11,4420,2907,1513
1235,1997,12,4420,4357,63
1235,1998,1,4411,8507,-4096
1235,1998,2,4409,2907,1502
1235,1998,3,4416,2907,1509
1235,1998,4,4420,3307,1113
1235,1998,5,4424,2907,1517
1235,1998,6,4418,8657,-4239
1235,1998,7,4415,2907,1508
1235,1998,8,4418,3547,871
1235,1998,9,4422,10007,-5585
1235,1998,10,4402,2907,1495
1235,1998,11,4408,2907,1501
1235,1998,12,4412,4192,220
1236,1993,5,2606,0,2606
1236,1993,6,14239,0,14239
1236,1993,7,4881,0,4881
1236,1993,8,3298,0,3298
1236,1993,9,1704,1715,-11
1236,1993,10,1705,1215,490
1236,1993,11,1709,315,1394
1236,1993,12,16598,8915,7683
1236,1994,1,1724,10515,-8791
1236,1994,2,1708,15,1693
1236,1994,3,1711,4615,-2904
1236,1994,4,1809,15,1794
1236,1994,5,1709,4215,-2506
1236,1994,6,6788,8815,-2027
1236,1994,7,4493,15,4478
1236,1994,8,1708,3915,-2207
1236,1994,9,2100,1665,435
1236,1994,10,56111,28515,27596
1236,1994,11,1807,16465,-14658
1236,1994,12,1753,6815,-5062
1236,1995,1,5117,12165,-7048
1236,1995,2,1806,1565,241
1236,1995,3,1707,1115,592
1236,1995,4,1707,4365,-2658
1236,1995,5,1696,4165,-2469
1236,1995,6,1687,3015,-1328
1236,1995,7,1682,1115,567
1236,1995,8,2486,1065,1421
1236,1995,9,1689,2015,-326
1236,1995,10,1685,6015,-4330
1236,1995,11,20092,13165,6927
1236,1995,12,35673,3715,31958
1236,1996,1,1782,29565,-27783
1236,1996,2,1703,8415,-6712
1236,1996,3,1678,8115,-6437
1236,1996,4,1662,15,1647
1236,1996,5,1667,2765,-1098
1236,1996,6,1660,4015,-2355
1236,1996,7,1653,1915,-262
1236,1996,8,38777,15,38762
1236,1996,9,1763,26115,-24352
1236,1996,10,1685,14615,-12930
1236,1996,11,1659,15,1644
1236,1996,12,27749,24115,3634
1236,1997,1,1668,6865,-5197
1236,1997,2,1659,15,1644
1236,1997,3,21700,18415,3285
1236,1997,4,1680,15,1665
1236,1997,5,1686,765,921
1236,1997,6,1672,9215,-7543
1236,1997,7,12060,15,12045
1236,1997,8,1688,9715,-8027
1236,1997,9,1675,15,1660
1236,1997,10,1678,3115,-1437
1236,1997,11,1677,1115,562
1236,1997,12,2175,2815,-640
1236,1998,1,1666,4765,-3099
1236,1998,2,1660,2615,-955
1236,1998,3,3366,15,3351
1236,1998,4,1668,4215,-2547
1236,1998,5,1662,1415,247
1236,1998,6,3663,3415,248
1236,1998,7,1666,415,1251
1236,1998,8,18313,1315,16998
1236,1998,9,15616,12415,3201
1236,1998,10,1724,13315,-11591
1236,1998,11,1681,10915,-9234
1236,1998,12,1665,2400,-735
1237,1994,3,68952,0,68952
1237,1994,4,29995,38000,-8005
1237,1994,5,44586,18215,26371
1237,1994,6,45187,81697,-36510
1237,1994,7,54456,31715,22741
1237,1994,8,48488,57542,-9054
1237,1994,9,11903,41660,-29757
1237,1994,10,81402,25215,56187
1237,1994,11,110105,120115,-10010
1237,1994,12,144495,125615,18880
1237,1995,1,45254,132720,-87466
1237,1995,2,13131,16515,-3384
1237,1995,3,10028,14115,-4087
1237,1995,4,83483,7698,75785
1237,1995,5,332,26615,-26283
1237,1995,6,94285,109291,-15006
1237,1995,7,21433,4615,16818
1237,1995,8,67986,24915,43071
1237,1995,9,28302,39215,-10913
1237,1995,10,70613,85915,-15302
1237,1995,11,52920,40415,12505
1237,1995,12,112714,120123,-7409
1237,1996,1,189,54055,-53866
1237,1996,2,76909,33510,43399
1237,1996,3,63773,36330,27443
1237,1996,4,39417,23715,15702
1237,1996,5,25781,72170,-46389
1237,1996,6,41415,29315,12100
1237,1996,7,25802,33840,-8038
1237,1996,8,41010,52299,-11289
1237,1996,9,84813,68415,16398
1237,1996,10,32796,30815,1981
1237,1996,11,4144,36355,-32211
1237,1996,12,92279,57615,34664
1237,1997,1,32989,48715,-15726
1237,1997,2,253,7123,-6870
1237,1997,3,5529,15,5514
1237,1997,4,14739,26932,-12193
1237,1997,5,5101,15,5086
1237,1997,6,32151,12715,19436
1237,1997,7,301,5615,-5314
1237,1997,8,279,1515,-1236
1237,1997,9,4575,15,4560
1237,1997,10,293,215,78
1237,1997,11,3293,3315,-22
1237,1997,12,5173,20715,-15542
1237,1998,1,22084,40815,-18731
1237,1998,2,91996,54715,37281
1237,1998,3,24669,12115,12554
1237,1998,4,115999,143494,-27495
1237,1998,5,21988,24270,-2282
1237,1998,6,30931,38014,-7083
1237,1998,7,44048,19739,24309
1237,1998,8,2904,15,2889
1237,1998,9,16638,16015,623
1237,1998,10,58388,39357,19031
1237,1998,11,396,9015,-8619
1237,1998,12,9397,37810,-28413
1238,1995,10,600,0,600
1238,1995,11,6126,0,6126
1238,1995,12,6126,0,6126
1238,1996,1,6126,0,6126
1238,1996,2,6126,0,6126
1238,1996,3,6143,7135,-992
1238,1996,4,6227,5351,876
1238,1996,5,6241,2471,3770
1238,1996,6,6244,9821,-3577
1238,1996,7,6241,3571,2670
1238,1996,8,6247,7871,-1624
1238,1996,9,6244,4471,1773
1238,1996,10,6246,8571,-2325
1238,1996,11,6240,5471,769
1238,1996,12,6239,5771,468
1238,1997,1,6216,16721,-10505
1238,1997,2,6200,3311,2889
1238,1997,3,6217,2271,3946
1238,1997,4,6233,2771,3462
1238,1997,5,6246,3671,2575
1238,1997,6,6228,14721,-8493
1238,1997,7,6223,2271,3952
1238,1997,8,6237,3871,2366
1238,1997,9,6242,6031,211
1238,1997,10,6247,5871,376
1238,1997,11,6252,2271,3981
1238,1997,12,6258,6671,-413
1238,1998,1,6253,12321,-6068
1238,1998,2,6241,2271,3970
1238,1998,3,6257,4911,1346
1238,1998,4,6251,5871,380
1238,1998,5,6259,5951,308
1238,1998,6,6227,13771,-7544
1238,1998,7,6235,2271,3964
1238,1998,8,6251,2271,3980
1238,1998,9,6268,2271,3997
1238,1998,10,6279,4231,2048
1238,1998,11,6286,4971,1315
1238,1998,12,6296,2506,3790
1239,1993,4,900,0,900
1239,1993,5,6668,0,6668
1239,1993,6,6668,0,6668
1239,1993,7,6732,100,6632
1239,1993,8,6770,2100,4670
1239,1993,9,6764,10159,-3395
1239,1993,10,6762,6459,303
1239,1993,11,6767,5999,768
1239,1993,12,6770,6309,461
1239,1994,1,6767,7459,-692
1239,1994,2,6772,6479,293
1239,1994,3,6768,6659,109
1239,1994,4,6774,3759,3015
1239,1994,5,6787,3759,3028
1239,1994,6,6764,18089,-11325
1239,1994,7,6752,3759,2993
1239,1994,8,6765,3759,3006
1239,1994,9,6778,4359,2419
1239,1994,10,6779,6959,-180
1239,1994,11,6780,6359,421
1239,1994,12,6783,8099,-1316
1239,1995,1,6777,7209,-432
1239,1995,2,6781,3759,3022
1239,1995,3,6778,11759,-4981
1239,1995,4,6773,5159,1614
1239,1995,5,6771,7279,-508
1239,1995,6,6775,7589,-814
1239,1995,7,6769,8559,-1790
1239,1995,8,6765,6759,6
1239,1995,9,6766,3759,3007
1239,1995,10,6779,3759,3020
1239,1995,11,6787,10359,-3572
1239,1995,12,6775,5259,1516
1239,1996,1,6775,6659,116
1239,1996,2,6779,8759,-1980
1239,1996,3,6772,7059,-287
1239,1996,4,6772,5559,1213
1239,1996,5,6774,8559,-1785
1239,1996,6,6737,15709,-8972
1239,1996,7,6727,7619,-892
1239,1996,8,6727,5959,768
1239,1996,9,6731,5599,1132
1239,1996,10,6735,5659,1076
1239,1996,11,6739,5759,980
1239,1996,12,6735,10559,-3824
1239,1997,1,6725,6759,-34
1239,1997,2,6730,3759,2971
1239,1997,3,6742,3759,2983
1239,1997,4,6753,4639,2114
1239,1997,5,6763,3759,3004
1239,1997,6,6754,16059,-9305
1239,1997,7,6737,3759,2978
1239,1997,8,6734,11159,-4425
1239,1997,9,6725,6759,-34
1239,1997,10,6725,6459,266
1239,1997,11,6729,5059,1670
1239,1997,12,6732,6859,-127
1239,1998,1,6729,7259,-530
1239,1998,2,6727,7059,-332
1239,1998,3,6730,5659,1071
1239,1998,4,6726,8959,-2233
1239,1998,5,6725,5659,1066
1239,1998,6,6733,3759,2974
1239,1998,7,6733,9399,-2666
1239,1998,8,6735,3759,2976
1239,1998,9,6729,10059,-3330
1239,1998,10,6733,3759,2974
1239,1998,11,6745,3759,2986
1239,1998,12,6741,9794,-3053
1240,1997,9,800,0,800
1240,1997,10,16551,0,16551
1240,1997,11,10993,4600,6393
1240,1997,12,16480,6800,9680
1240,1998,1,11042,10700,342
1240,1998,2,11037,13568,-2531
1240,1998,3,11027,16768,-5741
1240,1998,4,11003,13368,-2365
1240,1998,5,10995,12468,-1473
1240,1998,6,16434,23368,-6934
1240,1998,7,10960,12568,-1608
1240,1998,8,10972,7068,3904
1240,1998,9,10987,7468,3519
1240,1998,10,10993,10168,825
1240,1998,11,10991,11668,-677
1240,1998,12,16450,13953,2497
1241,1996,7,5915,0,5915
1241,1996,8,15762,0,15762
1241,1996,9,5785,2800,2985
1241,1996,10,5797,3600,2197
1241,1996,11,5814,9211,-3397
1241,1996,12,8640,12891,-4251
1241,1997,1,10862,12451,-1589
1241,1997,2,8478,3811,4667
1241,1997,3,7097,3811,3286
1241,1997,4,5809,6811,-1002
1241,1997,5,5804,7011,-1207
1241,1997,6,9218,18851,-9633
1241,1997,7,5760,4911,849
1241,1997,8,5761,8211,-2450
1241,1997,9,5752,6511,-759
1241,1997,10,6151,3811,2340
1241,1997,11,5756,7911,-2155
1241,1997,12,9406,6851,2555
1241,1998,1,5753,7931,-2178
1241,1998,2,6254,3811,2443
1241,1998,3,5760,6611,-851
1241,1998,4,5758,5211,547
1241,1998,5,5758,7311,-1553
1241,1998,6,8604,10011,-1407
1241,1998,7,5749,3811,1938
1241,1998,8,5757,3811,1946
1241,1998,9,5766,3811,1955
1241,1998,10,5763,10611,-4848
1241,1998,11,5748,6811,-1063
1241,1998,12,8601,5636,2965
1242,1996,11,45281,0,45281
1242,1996,12,189,7300,-7111
1242,1997,1,36657,5800,30857
1242,1997,2,43093,19000,24093
1242,1997,3,61465,90500,-29035
1242,1997,4,11835,34244,-22409
1242,1997,5,7745,14744,-6999
1242,1997,6,16013,18244,-2231
1242,1997,7,13119,15044,-1925
1242,1997,8,14407,13844,563
1242,1997,9,33237,14700,18537
1242,1997,10,6682,14500,-7818
1242,1997,11,60320,40693,19627
1242,1997,12,5794,30411,-24617
1242,1998,1,58390,41443,16947
1242,1998,2,38753,28300,10453
1242,1998,3,43746,45363,-1617
1242,1998,4,73707,57700,16007
1242,1998,5,45667,26200,19467
1242,1998,6,13584,56200,-42616
1242,1998,7,18074,14500,3574
1242,1998,8,91482,59000,32482
1242,1998,9,132082,151657,-19575
1242,1998,10,258,16000,-15742
1242,1998,11,7111,17200,-10089
1242,1998,12,14064,27900,-13836
1243,1996,1,200,0,200
1243,1996,2,10900,0,10900
1243,1996,3,10400,0,10400
1243,1996,4,7200,0,7200
1243,1996,5,1300,0,1300
1243,1996,6,0,1500,-1500
1243,1996,8,21771,3400,18371
1243,1996,9,45217,12400,32817
1243,1996,10,331,27300,-26969
1243,1996,11,331,16100,-15769
1243,1996,12,331,6600,-6269
1243,1997,1,924,1900,-976
1243,1997,3,124,2300,-2176
1243,1997,4,11624,1600,10024
1243,1997,5,156,2900,-2744
1243,1997,6,9213,1000,8213
1243,1997,7,179,3600,-3421
1243,1997,8,1279,0,1279
1243,1997,9,3879,0,3879
1243,1997,10,2179,0,2179
1243,1997,12,3079,0,3079
1243,1998,1,879,0,879
1243,1998,2,179,500,-321
1243,1998,3,279,0,279
1243,1998,4,2479,0,2479
1243,1998,5,4079,0,4079
1243,1998,6,1379,0,1379
1243,1998,7,1879,0,1879
1243,1998,8,46248,22115,24133
1243,1998,9,352,5715,-5363
1243,1998,10,330,5415,-5085
1243,1998,11,308,6815,-6507
1243,1998,12,45204,2500,42704
1244,1996,5,900,0,900
1244,1996,6,13490,0,13490
1244,1996,7,5807,0,5807
1244,1996,8,7419,0,7419
1244,1996,9,6662,0,6662
1244,1996,10,5358,9172,-3814
1244,1996,11,5337,10480,-5143
1244,1996,12,7947,10140,-2193
1244,1997,1,6909,12260,-5351
1244,1997,2,8004,8060,-56
1244,1997,3,7711,10128,-2417
1244,1997,4,5291,5548,-257
1244,1997,5,5284,7248,-1964
1244,1997,6,10218,4248,5970
1244,1997,7,5292,9448,-4156
1244,1997,8,7991,5328,2663
1244,1997,9,5305,7348,-2043
1244,1997,10,5296,6248,-952
1244,1997,11,5293,4248,1045
1244,1997,12,7917,12448,-4531
1244,1998,1,5278,4248,1030
1244,1998,2,5883,4248,1635
1244,1998,3,5289,5948,-659
1244,1998,4,5286,4248,1038
1244,1998,5,5290,4248,1042
1244,1998,6,7917,6748,1169
1244,1998,7,5297,5448,-151
1244,1998,8,5296,7948,-2652
1244,1998,9,5287,5748,-461
1244,1998,10,5286,4248,1038
1244,1998,11,5290,4248,1042
1244,1998,12,7918,4233,3685
1245,1997,11,1100,0,1100
1245,1997,12,21616,0,21616
1245,1998,1,11088,2600,8488
1245,1998,2,11114,6000,5114
1245,1998,3,11121,11000,121
1245,1998,4,11105,17526,-6421
1245,1998,5,11093,12226,-1133
1245,1998,6,16587,13746,2841
1245,1998,7,11105,10526,579
1245,1998,8,11114,9426,1688
1245,1998,9,11134,4426,6708
1245,1998,10,11160,7646,3514
1245,1998,11,11175,4826,6349
1245,1998,12,16670,16471,199
1246,1994,8,1100,0,1100
1246,1994,9,6148,0,6148
1246,1994,10,6148,0,6148
1246,1994,11,6148,0,6148
1246,1994,12,6198,2300,3898
1246,1995,1,6242,11974,-5732
1246,1995,2,6226,5974,252
1246,1995,3,6230,3254,2976
1246,1995,4,6228,10634,-4406
1246,1995,5,6222,4354,1868
1246,1995,6,6219,8454,-2235
1246,1995,7,6212,9074,-2862
1246,1995,8,6199,8414,-2215
1246,1995,9,6196,5654,542
1246,1995,10,6195,7054,-859
1246,1995,11,6200,3254,2946
1246,1995,12,6213,3254,2959
1246,1996,1,6195,15294,-9099
1246,1996,2,6187,3254,2933
1246,1996,3,6199,3254,2945
1246,1996,4,6211,3254,2957
1246,1996,5,6193,14254,-8061
1246,1996,6,6190,3254,2936
1246,1996,7,6204,4454,1750
1246,1996,8,6209,5334,875
1246,1996,9,6213,3254,2959
1246,1996,10,6225,5174,1051
1246,1996,11,6229,5334,895
1246,1996,12,6234,3254,2980
1246,1997,1,6224,13254,-7030
1246,1997,2,6216,3254,2962
1246,1997,3,6229,3254,2975
1246,1997,4,6241,3254,2987
1246,1997,5,6254,3254,3000
1246,1997,6,6264,7404,-1140
1246,1997,7,6261,3254,3007
1246,1997,8,6269,6934,-665
1246,1997,9,6269,5414,855
1246,1997,10,6264,9014,-2750
1246,1997,11,6263,3254,3009
1246,1997,12,6276,3254,3022
1246,1998,1,6273,12454,-6181
1246,1998,2,6262,3254,3008
1246,1998,3,6267,6694,-427
1246,1998,4,6273,3254,3019
1246,1998,5,6276,9494,-3218
1246,1998,6,6269,6254,15
1246,1998,7,6274,4934,1340
1246,1998,8,6278,3254,3024
1246,1998,9,6287,5734,553
1246,1998,10,6287,6534,-247
1246,1998,11,6291,3254,3037
1246,1998,12,6304,3239,3065
1247,1993,6,300,0,300
1247,1993,7,10800,0,10800
1247,1993,8,6400,0,6400
1247,1993,9,5200,0,5200
1247,1993,10,900,0,900
1247,1993,11,1000,0,1000
1247,1994,1,50656,2600,48056
1247,1994,2,44573,23600,20973
1247,1994,3,89531,89215,316
1247,1994,4,37320,83086,-45766
1247,1994,5,37142,52415,-15273
1247,1994,6,16666,7215,9451
1247,1994,7,77782,56415,21367
1247,1994,8,24946,46468,-21522
1247,1994,9,74342,57415,16927
1247,1994,10,22281,68996,-46715
1247,1994,11,49429,19915,29514
1247,1994,12,148,11315,-11167
1247,1995,1,54019,68857,-14838
1247,1995,2,45756,26715,19041
1247,1995,3,25090,17215,7875
1247,1995,4,35680,44032,-8352
1247,1995,5,118682,110654,8028
1247,1995,6,28067,38792,-10725
1247,1995,7,39322,36811,2511
1247,1995,8,60368,37892,22476
1247,1995,9,211,23292,-23081
1247,1995,10,116733,46222,70511
1247,1995,11,86299,144152,-57853
1247,1995,12,64817,65395,-578
1247,1996,1,4785,38692,-33907
1247,1996,2,7754,2092,5662
1247,1996,3,7770,3892,3878
1247,1996,4,10881,14994,-4113
1247,1996,5,6276,2092,4184
1247,1996,6,14981,32543,-17562
1247,1996,7,12014,13515,-1501
1247,1996,8,8710,15,8695
1247,1996,9,28222,6192,22030
1247,1996,10,29331,2792,26539
1247,1996,11,203,31492,-31289
1247,1996,12,35246,9692,25554
1247,1997,1,148906,113092,35814
1247,1997,2,300,48892,-48592
1247,1997,3,66755,54805,11950
1247,1997,4,55600,15392,40208
1247,1997,5,21233,61892,-40659
1247,1997,6,26077,9892,16185
1247,1997,7,19754,24192,-4438
1247,1997,8,237,13292,-13055
1247,1997,9,49728,42323,7405
1247,1997,10,23296,6592,16704
1247,1997,11,64451,61792,2659
1247,1997,12,9358,21592,-12234
1247,1998,1,29756,66936,-37180
1247,1998,2,14251,2092,12159
1247,1998,3,67232,7992,59240
1247,1998,4,364,19392,-19028
1247,1998,5,24535,17292,7243
1247,1998,6,36220,90813,-54593
1247,1998,7,85951,50023,35928
1247,1998,8,67907,86933,-19026
1247,1998,9,63661,14692,48969
1247,1998,10,75752,132219,-56467
1247,1998,11,116553,73637,42916
1247,1998,12,29006,13677,15329
1248,1995,4,600,0,600
1248,1995,5,6372,0,6372
1248,1995,6,6372,0,6372
1248,1995,7,6372,0,6372
1248,1995,8,6372,0,6372
1248,1995,9,6412,3535,2877
1248,1995,10,6500,4691,1809
1248,1995,11,6504,8891,-2387
1248,1995,12,6494,6711,-217
1248,1996,1,6471,11991,-5520
1248,1996,2,6465,6711,-246
1248,1996,3,6474,3191,3283
1248,1996,4,6484,5891,593
1248,1996,5,6486,6191,295
1248,1996,6,6462,14571,-8109
1248,1996,7,6457,3191,3266
1248,1996,8,6466,6691,-225
1248,1996,9,6470,3191,3279
1248,1996,10,6477,6991,-514
1248,1996,11,6478,4991,1487
1248,1996,12,6486,4091,2395
1248,1997,1,6460,13991,-7531
1248,1997,2,6458,7111,-653
1248,1997,3,6461,4151,2310
1248,1997,4,6473,3191,3282
1248,1997,5,6482,5291,1191
1248,1997,6,6471,10641,-4170
1248,1997,7,6474,3191,3283
1248,1997,8,6487,3391,3096
1248,1997,9,6483,10551,-4068
1248,1997,10,6478,5591,887
1248,1997,11,6481,7451,-970
1248,1997,12,6470,8591,-2121
1248,1998,1,6456,12471,-6015
1248,1998,2,6448,3191,3257
1248,1998,3,6459,4871,1588
1248,1998,4,6466,4291,2175
1248,1998,5,6475,8011,-1536
1248,1998,6,6467,4691,1776
1248,1998,7,6472,5491,981
1248,1998,8,6467,8991,-2524
1248,1998,9,6459,12551,-6092
1248,1998,10,6447,3191,3256
1248,1998,11,6460,3191,3269
1248,1998,12,6474,3176,3298
1249,1995,3,400,0,400
1249,1995,4,13890,0,13890
1249,1995,5,7949,0,7949
1249,1995,6,3778,0,3778
1249,1995,7,3782,1300,2482
1249,1995,8,3809,3976,-167
1249,1995,9,3807,5012,-1205
1249,1995,10,4602,2472,2130
1249,1995,11,6014,2712,3302
1249,1995,12,3823,4272,-449
1249,1996,1,5311,8682,-3371
1249,1996,2,3810,2972,838
1249,1996,3,3812,4272,-460
1249,1996,4,3807,4352,-545
1249,1996,5,6207,5262,945
1249,1996,6,3807,11922,-8115
1249,1996,7,5079,2472,2607
1249,1996,8,8091,3702,4389
1249,1996,9,5811,2472,3339
1249,1996,10,3818,4702,-884
1249,1996,11,3816,3172,644
1249,1996,12,3813,7212,-3399
1249,1997,1,4798,7362,-2564
1249,1997,2,8303,2472,5831
1249,1997,3,3817,4172,-355
1249,1997,4,3817,2672,1145
1249,1997,5,3818,4972,-1154
1249,1997,6,3804,9202,-5398
1249,1997,7,8304,2472,5832
1249,1997,8,6625,2472,4153
1249,1997,9,3831,5072,-1241
1249,1997,10,5033,3012,2021
1249,1997,11,6242,3702,2540
1249,1997,12,7757,3252,4505
1249,1998,1,3859,6812,-2953
1249,1998,2,3859,2572,1287
1249,1998,3,3854,5442,-1588
1249,1998,4,7567,2472,5095
1249,1998,5,4581,2472,2109
1249,1998,6,11079,11412,-333
1249,1998,7,5686,3702,1984
1249,1998,8,6302,2472,3830
1249,1998,9,4608,3642,966
1249,1998,10,5720,2472,3248
1249,1998,11,3922,4212,-290
1249,1998,12,3922,3197,725
1250,1996,3,600,0,600
1250,1996,4,22843,2800,20043
1250,1996,5,22923,13400,9523
1250,1996,6,34379,23000,11379
1250,1996,7,23003,23900,-897
1250,1996,8,23013,27384,-4371
1250,1996,9,23015,25345,-2330
1250,1996,10,22994,33445,-10451
1250,1996,11,23857,23345,512
1250,1996,12,34398,30150,4248
1250,1997,1,22919,36250,-13331
1250,1997,2,22929,19450,3479
1250,1997,3,22936,23250,-314
1250,1997,4,22943,20050,2893
1250,1997,5,22951,22250,701
1250,1997,6,34388,35350,-962
1250,1997,7,22932,28150,-5218
1250,1997,8,22915,27812,-4897
1250,1997,9,22907,20950,1957
1250,1997,10,22927,13950,8977
1250,1997,11,22933,31350,-8417
1250,1997,12,34345,34750,-405
1250,1998,1,22928,13950,8978
1250,1998,2,22931,32150,-9219
1250,1998,3,22906,24950,-2044
1250,1998,4,22901,22750,151
1250,1998,5,22904,21150,1754
1250,1998,6,34354,26950,7404
1250,1998,7,22936,23750,-814
1250,1998,8,22929,24650,-1721
1250,1998,9,22930,20950,1980
1250,1998,10,22930,23950,-1020
1250,1998,11,22914,28473,-5559
1250,1998,12,34368,29335,5033
1251,1995,7,400,0,400
1251,1995,8,40302,0,40302
1251,1995,9,169,9400,-9231
1251,1995,10,169,4900,-4731
1251,1995,11,58279,2900,55379
1251,1995,12,342,31400,-31058
1251,1996,1,15500,45683,-30183
1251,1996,2,770,7900,-7130
1251,1996,3,5451,7900,-2449
1251,1996,4,10654,7900,2754
1251,1996,5,7056,7900,-844
1251,1996,6,3544,7900,-4356
1251,1996,7,5230,7900,-2670
1251,1996,8,41635,21400,20235
1251,1996,9,79,12600,-12521
1251,1996,10,26377,8000,18377
1251,1996,11,15136,23400,-8264
1251,1996,12,57973,26507,31466
1251,1997,1,112,39500,-39388
1251,1997,2,1151,7900,-6749
1251,1997,3,38,7900,-7862
1251,1997,4,6,30,-24
1251,1997,5,0,30,-30
1251,1997,6,10117,7900,2217
1251,1997,7,11023,7900,3123
1251,1997,8,11938,7900,4038
1251,1997,9,8446,7900,546
1251,1997,10,44441,32375,12066
1251,1997,11,779,7900,-7121
1251,1997,12,17203,13000,4203
1251,1998,1,27583,25300,2283
1251,1998,2,134523,112371,22152
1251,1998,3,156,25488,-25332
1251,1998,4,8182,7900,282
1251,1998,5,65580,45723,19857
1251,1998,6,30601,25542,5059
1251,1998,7,45555,34000,11555
1251,1998,8,71201,67000,4201
1251,1998,9,250,13500,-13250
1251,1998,10,89336,83751,5585
1251,1998,11,216,11700,-11484
1251,1998,12,79625,19122,60503
1252,1995,7,1000,0,1000
1252,1995,8,26414,0,26414
1252,1995,9,24811,15700,9111
1252,1995,10,24847,18500,6347
1252,1995,11,24866,26300,-1434
1252,1995,12,37218,25530,11688
1252,1996,1,24861,56958,-32097
1252,1996,2,24822,15130,9692
1252,1996,3,24823,27330,-2507
1252,1996,4,24845,17130,7715
1252,1996,5,24870,21430,3440
1252,1996,6,37227,33603,3624
1252,1996,7,24847,40030,-15183
1252,1996,8,24850,11630,13220
1252,1996,9,24880,19830,5050
1252,1996,10,24901,23730,1171
1252,1996,11,24862,32230,-7368
1252,1996,12,37215,28530,8685
1252,1997,1,24862,44330,-19468
1252,1997,2,24834,20931,3903
1252,1997,3,24826,31605,-6779
1252,1997,4,24829,14845,9984
1252,1997,5,24853,23545,1308
1252,1997,6,37192,38311,-1119
1252,1997,7,24856,20745,4111
1252,1997,8,24869,23701,1168
1252,1997,9,24847,33429,-8582
1252,1997,10,24810,32715,-7905
1252,1997,11,24838,22345,2493
1252,1997,12,37155,35465,1690
1252,1998,1,24800,27645,-2845
1252,1998,2,24840,8845,15995
1252,1998,3,24855,27845,-2990
1252,1998,4,24851,25845,-994
1252,1998,5,24852,22945,1907
1252,1998,6,37742,24627,13115
1252,1998,7,24908,29045,-4137
1252,1998,8,24927,12345,12582
1252,1998,9,24908,51273,-26365
1252,1998,10,27359,28885,-1526
1252,1998,11,25186,4145,21041
1252,1998,12,37298,29846,7452
1253,1997,4,700,0,700
1253,1997,5,21919,0,21919
1253,1997,6,26631,9600,17031
1253,1997,7,17826,17600,226
1253,1997,8,17840,12900,4940
1253,1997,9,17847,19110,-1263
1253,1997,10,17841,19510,-1669
1253,1997,11,17842,18410,-568
1253,1997,12,26694,18710,7984
1253,1998,1,17844,30510,-12666
1253,1998,2,25462,12610,12852
1253,1998,3,17880,16210,1670
1253,1998,4,17870,20610,-2740
1253,1998,5,17853,21710,-3857
1253,1998,6,27531,38010,-10479
1253,1998,7,22048,9210,12838
1253,1998,8,19894,9210,10684
1253,1998,9,17910,15910,2000
1253,1998,10,17931,12010,5921
1253,1998,11,17930,19310,-1380
1253,1998,12,26783,20395,6388
1254,1995,3,800,0,800
1254,1995,4,67846,23900,43946
1254,1995,5,211302,205015,6287
1254,1995,6,53723,32879,20844
1254,1995,7,47484,58637,-11153
1254,1995,8,233,31115,-30882
1254,1995,9,117,7682,-7565
1254,1995,10,19359,15,19344
1254,1995,11,22862,26815,-3953
1254,1995,12,41557,34702,6855
1254,1996,1,19805,42315,-22510
1254,1996,2,59481,3715,55766
1254,1996,3,33080,54215,-21135
1254,1996,4,109459,93715,15744
1254,1996,5,83567,93215,-9648
1254,1996,6,70562,83315,-12753
1254,1996,7,88647,75715,12932
1254,1996,8,58977,60115,-1138
1254,1996,9,61189,16115,45074
1254,1996,10,371,39215,-38844
1254,1996,11,45733,46615,-882
1254,1996,12,72835,72715,120
1254,1997,1,25684,43081,-17397
1254,1997,2,45642,15,45627
1254,1997,3,342,27036,-26694
1254,1997,4,284,9315,-9031
1254,1997,5,247,5615,-5368
1254,1997,6,29931,46662,-16731
1254,1997,7,13662,10515,3147
1254,1997,8,7165,10385,-3220
1254,1997,9,11852,25420,-13568
1254,1997,10,61327,22766,38561
1254,1997,11,240,33304,-33064
1254,1997,12,10117,12671,-2554
1254,1998,1,13610,14715,-1105
1254,1998,2,18856,15,18841
1254,1998,3,7350,20398,-13048
1254,1998,4,78526,15,78511
1254,1998,5,28475,60015,-31540
1254,1998,6,69607,79339,-9732
1254,1998,7,254,19825,-19571
1254,1998,8,10251,31237,-20986
1254,1998,9,64920,3915,61005
1254,1998,10,20036,60415,-40379
1254,1998,11,31578,13142,18436
1254,1998,12,65153,36500,28653
1255,1997,7,35362,0,35362
1255,1997,8,35194,22900,12294
1255,1997,9,35133,29200,5933
1255,1997,10,35158,33300,1858
1255,1997,11,35251,38815,-3564
1255,1997,12,52707,48415,4292
1255,1998,1,35145,63617,-28472
1255,1998,2,35130,31015,4115
1255,1998,3,35164,30915,4249
1255,1998,4,35085,33115,1970
1255,1998,5,35145,36926,-1781
1255,1998,6,52479,91421,-38942
1255,1998,7,35012,19320,15692
1255,1998,8,35047,30915,4132
1255,1998,9,35054,30915,4139
1255,1998,10,35081,44004,-8923
1255,1998,11,35042,34215,827
1255,1998,12,52602,14488,38114
1256,1994,4,700,0,700
1256,1994,5,21204,0,21204
1256,1994,6,23017,11300,11717
1256,1994,7,15416,12800,2616
1256,1994,8,15426,13600,1826
1256,1994,9,15437,19243,-3806
1256,1994,10,15419,20283,-4864
1256,1994,11,15415,12343,3072
1256,1994,12,23069,25803,-2734
1256,1995,1,17678,29383,-11705
1256,1995,2,17382,8443,8939
1256,1995,3,15401,13843,1558
1256,1995,4,15411,11343,4068
1256,1995,5,15411,16483,-1072
1256,1995,6,23044,27437,-4393
1256,1995,7,15397,16997,-1600
1256,1995,8,15397,11617,3780
1256,1995,9,15410,12517,2893
1256,1995,10,15401,21637,-6236
1256,1995,11,15417,9617,5800
1256,1995,12,23061,20777,2284
1256,1996,1,15381,31997,-16616
1256,1996,2,15367,11217,4150
1256,1996,3,15388,13117,2271
1256,1996,4,15394,13697,1697
1256,1996,5,15394,13517,1877
1256,1996,6,23036,19917,3119
1256,1996,7,15410,17317,-1907
1256,1996,8,15390,19157,-3767
1256,1996,9,15700,8617,7083
1256,1996,10,15408,16717,-1309
1256,1996,11,15419,14517,902
1256,1996,12,23040,25557,-2517
1256,1997,1,15370,26397,-11027
1256,1997,2,15375,8617,6758
1256,1997,3,15381,15057,324
1256,1997,4,15375,17397,-2022
1256,1997,5,15388,13897,1491
1256,1997,6,23072,8617,14455
1256,1997,7,15402,29137,-13735
1256,1997,8,15370,18017,-2647
1256,1997,9,15383,10537,4846
1256,1997,10,15409,8617,6792
1256,1997,11,15386,26677,-11291
1256,1997,12,23050,9737,13313
1256,1998,1,15406,33097,-17691
1256,1998,2,15371,8617,6754
1256,1998,3,15399,23017,-7618
1256,1998,4,15382,8617,6765
1256,1998,5,15401,8617,6784
1256,1998,6,23062,34603,-11541
1256,1998,7,15378,8143,7235
1256,1998,8,15402,14763,639
1256,1998,9,15400,13523,1877
1256,1998,10,15403,27243,-11840
1256,1998,11,15372,6643,8729
1256,1998,12,23061,10548,12513
1257,1995,10,500,0,500
1257,1995,11,19196,0,19196
1257,1995,12,28096,9000,19096
1257,1996,1,18811,15300,3511
1257,1996,2,18834,12400,6434
1257,1996,3,18897,23015,-4118
1257,1996,4,18835,14602,4233
1257,1996,5,18837,19602,-765
1257,1996,6,28162,41202,-13040
1257,1996,7,18805,12102,6703
1257,1996,8,18814,17002,1812
1257,1996,9,18796,24702,-5906
1257,1996,10,18800,16002,2798
1257,1996,11,18804,18602,202
1257,1996,12,28157,15902,12255
1257,1997,1,18819,35002,-16183
1257,1997,2,18802,13702,5100
1257,1997,3,18807,20502,-1695
1257,1997,4,18807,16902,1905
1257,1997,5,18809,18702,107
1257,1997,6,28149,43902,-15753
1257,1997,7,18766,10902,7864
1257,1997,8,18796,21302,-2506
1257,1997,9,18814,12102,6712
1257,1997,10,18847,19102,-255
1257,1997,11,18822,20702,-1880
1257,1997,12,28171,27702,469
1257,1998,1,18810,31302,-12492
1257,1998,2,18779,12202,6577
1257,1998,3,18807,12502,6305
1257,1998,4,18829,16902,1927
1257,1998,5,18832,20902,-2070
1257,1998,6,28137,23802,4335
1257,1998,7,18845,18402,443
1257,1998,8,18845,18002,843
1257,1998,9,18849,16202,2647
1257,1998,10,18855,20202,-1347
1257,1998,11,18844,23702,-4858
1257,1998,12,28181,7287,20894
1258,1996,9,3609,0,3609
1258,1996,10,2915,0,2915
1258,1996,11,2915,0,2915
1258,1996,12,2915,0,2915
1258,1997,1,2940,2355,585
1258,1997,2,2953,2458,495
1258,1997,3,2958,1948,1010
1258,1997,4,2962,1948,1014
1258,1997,5,2967,1948,1019
1258,1997,6,2971,1948,1023
1258,1997,7,2970,3808,-838
1258,1997,8,2972,1948,1024
1258,1997,9,2976,1948,1028
1258,1997,10,2980,1948,1032
1258,1997,11,2984,2548,436
1258,1997,12,2985,2428,557
1258,1998,1,2977,6568,-3591
1258,1998,2,2973,2248,725
1258,1998,3,2977,1948,1029
1258,1998,4,2976,6548,-3572
1258,1998,5,2963,4448,-1485
1258,1998,6,2957,3088,-131
1258,1998,7,2959,1948,1011
1258,1998,8,2963,2248,715
1258,1998,9,2966,2418,548
1258,1998,10,2968,2698,270
1258,1998,11,2970,1948,1022
1258,1998,12,2974,2083,891
1259,1997,4,15208,0,15208
1259,1997,5,17377,0,17377
1259,1997,6,22181,6200,15981
1259,1997,7,14874,14700,174
1259,1997,8,14868,17515,-2647
1259,1997,9,14838,21811,-6973
1259,1997,10,14821,16511,-1690
1259,1997,11,14806,20211,-5405
1259,1997,12,22142,19211,2931
1259,1998,1,14759,32411,-17652
1259,1998,2,14768,4111,10657
1259,1998,3,14776,16611,-1835
1259,1998,4,14766,15511,-745
1259,1998,5,14770,16011,-1241
1259,1998,6,22124,14411,7713
1259,1998,7,14779,19511,-4732
1259,1998,8,14787,12911,1876
1259,1998,9,14800,8811,5989
1259,1998,10,14792,19811,-5019
1259,1998,11,14806,9411,5395
1259,1998,12,22176,12496,9680
1260,1996,11,200,0,200
1260,1996,12,24508,0,24508
1260,1997,1,14026,5600,8426
1260,1997,2,14049,10800,3249
1260,1997,3,14059,12500,1559
1260,1997,4,14065,16509,-2444
1260,1997,5,14048,18129,-4081
1260,1997,6,20990,31429,-10439
1260,1997,7,14119,9009,5110
1260,1997,8,14019,14909,-890
1260,1997,9,14014,15609,-1595
1260,1997,10,14022,9409,4613
1260,1997,11,14023,15809,-1786
1260,1997,12,20976,21129,-153
1260,1998,1,13987,25369,-11382
1260,1998,2,13979,10489,3490
1260,1998,3,13991,11409,2582
1260,1998,4,14012,8109,5903
1260,1998,5,14037,8209,5828
1260,1998,6,21004,18609,2395
1260,1998,7,14031,21689,-7658
1260,1998,8,14008,19609,-5601
1260,1998,9,14030,8809,5221
1260,1998,10,14020,17209,-3189
1260,1998,11,16331,8289,8042
1260,1998,12,22753,8034,14719
1261,1995,3,1000,0,1000
1261,1995,4,23454,0,23454
1261,1995,5,23026,13900,9126
1261,1995,6,34528,20300,14228
1261,1995,7,23109,21100,2009
1261,1995,8,23103,29237,-6134
1261,1995,9,23081,26737,-3656
1261,1995,10,23072,26457,-3385
1261,1995,11,23076,21817,1259
1261,1995,12,34523,34677,-154
1261,1996,1,23032,41997,-18965
1261,1996,2,23001,17737,5264
1261,1996,3,23018,19137,3881
1261,1996,4,23021,24237,-1216
1261,1996,5,23020,22937,83
1261,1996,6,34455,46297,-11842
1261,1996,7,22982,19537,3445
1261,1996,8,23023,10337,12686
1261,1996,9,23048,18877,4171
1261,1996,10,23068,19037,4031
1261,1996,11,23088,17837,5251
1261,1996,12,34556,33737,819
1261,1997,1,23090,38597,-15507
1261,1997,2,24276,9237,15039
1261,1997,3,23121,14637,8484
1261,1997,4,23138,20837,2301
1261,1997,5,23142,22537,605
1261,1997,6,34603,27897,6706
1261,1997,7,23159,26937,-3778
1261,1997,8,23161,21037,2124
1261,1997,9,23135,29177,-6042
1261,1997,10,23118,26677,-3559
1261,1997,11,23115,26117,-3002
1261,1997,12,34619,16617,18002
1261,1998,1,23141,44317,-21176
1261,1998,2,23133,11037,12096
1261,1998,3,23164,17737,5427
1261,1998,4,23163,23017,146
1261,1998,5,23200,23037,163
1261,1998,6,34666,37677,-3011
1261,1998,7,23186,24137,-951
1261,1998,8,23182,21137,2045
1261,1998,9,23189,21137,2052
1261,1998,10,23197,20237,2960
1261,1998,11,23208,20837,2371
1261,1998,12,34726,11322,23404
1262,1997,1,400,0,400
1262,1997,2,6747,0,6747
1262,1997,3,6747,0,6747
1262,1997,4,6747,0,6747
1262,1997,5,6747,0,6747
1262,1997,6,6789,14615,-7826
1262,1997,7,6840,2836,4004
1262,1997,8,6856,2836,4020
1262,1997,9,6873,2836,4037
1262,1997,10,6873,10836,-3963
1262,1997,11,6859,9436,-2577
1262,1997,12,6842,8966,-2124
1262,1998,1,6834,10856,-4022
1262,1998,2,6836,2836,4000
1262,1998,3,6851,3936,2915
1262,1998,4,6863,3816,3047
1262,1998,5,6875,4336,2539
1262,1998,6,6887,12736,-5849
1262,1998,7,6865,2836,4029
1262,1998,8,6878,3476,3402
1262,1998,9,6895,7436,-541
1262,1998,10,6886,7756,-870
1262,1998,11,6886,4836,2050
1262,1998,12,6891,5371,1520
1263,1996,1,24015,0,24015
1263,1996,2,31794,400,31394
1263,1996,3,53178,29730,23448
1263,1996,4,32166,49830,-17664
1263,1996,5,89204,49830,39374
1263,1996,6,80626,104630,-24004
1263,1996,7,48674,34930,13744
1263,1996,8,63645,61930,1715
1263,1996,9,64301,72930,-8629
1263,1996,10,68091,97630,-29539
1263,1996,11,63902,16730,47172
1263,1996,12,11190,45330,-34140
1263,1997,1,117,41130,-41013
1263,1997,2,3108,30,3078
1263,1997,3,34342,30,34312
1263,1997,4,261,15330,-15069
1263,1997,5,84611,46630,37981
1263,1997,6,36835,46930,-10095
1263,1997,7,313,23130,-22817
1263,1997,8,5088,19230,-14142
1263,1997,9,4152,13284,-9132
1263,1997,10,9925,30,9895
1263,1997,11,21998,13430,8568
1263,1997,12,191,12830,-12639
1263,1998,1,2004,12630,-10626
1263,1998,2,31616,16230,15386
1263,1998,3,165,7230,-7065
1263,1998,4,138,1130,-992
1263,1998,5,10969,14662,-3693
1263,1998,6,10658,3330,7328
1263,1998,7,50067,39267,10800
1263,1998,8,193,6830,-6637
1263,1998,9,55120,35030,20090
1263,1998,10,63977,21630,42347
1263,1998,11,90021,138430,-48409
1263,1998,12,50496,31250,19246
1264,1997,2,900,0,900
1264,1997,3,22964,0,22964
1264,1997,4,16941,5400,11541
1264,1997,5,16978,11100,5878
1264,1997,6,25422,15100,10322
1264,1997,7,17034,23220,-6186
1264,1997,8,17012,20420,-3408
1264,1997,9,17005,16820,185
1264,1997,10,16988,24720,-7732
1264,1997,11,16966,19420,-2454
1264,1997,12,25389,21920,3469
1264,1998,1,16949,38280,-21331
1264,1998,2,16904,10020,6884
1264,1998,3,16938,8320,8618
1264,1998,4,16972,9320,7652
1264,1998,5,16991,13620,3371
1264,1998,6,25413,30600,-5187
1264,1998,7,16998,8220,8778
1264,1998,8,17016,14420,2596
1264,1998,9,17020,16220,800
1264,1998,10,17031,13720,3311
1264,1998,11,17045,13120,3925
1264,1998,12,25463,28705,-3242
1265,1996,2,300,0,300
1265,1996,3,6797,0,6797
1265,1996,4,6797,0,6797
1265,1996,5,6797,0,6797
1265,1996,6,6820,3700,3120
1265,1996,7,6907,2585,4322
1265,1996,8,6916,9345,-2429
1265,1996,9,6911,9545,-2634
1265,1996,10,6895,9485,-2590
1265,1996,11,6887,6785,102
1265,1996,12,6882,6885,-3
1265,1997,1,6886,6485,401
1265,1997,2,6890,5825,1065
1265,1997,3,6891,8185,-1294
1265,1997,4,6889,5985,904
1265,1997,5,6896,3785,3111
1265,1997,6,6886,13535,-6649
1265,1997,7,6878,5785,1093
1265,1997,8,6874,9885,-3011
1265,1997,9,6859,10685,-3826
1265,1997,10,6860,1885,4975
1265,1997,11,6881,3885,2996
1265,1997,12,6896,2935,3961
1265,1998,1,6908,3185,3723
1265,1998,2,6876,23485,-16609
1265,1998,3,6856,1885,4971
1265,1998,4,6877,1885,4992
1265,1998,5,6893,5165,1728
1265,1998,6,6884,11785,-4901
1265,1998,7,6889,2285,4604
1265,1998,8,6904,1885,5019
1265,1998,9,6924,2285,4639
1265,1998,10,6944,5805,1139
1265,1998,11,6955,1885,5070
1265,1998,12,6975,2220,4755
1266,1996,7,23633,0,23633
1266,1996,8,20771,12800,7971
1266,1996,9,20803,16600,4203
1266,1996,10,20821,18100,2721
1266,1996,11,20831,20815,16
1266,1996,12,31217,29886,1331
1266,1997,1,20811,38806,-17995
1266,1997,2,20791,13506,7285
1266,1997,3,20821,16226,4595
1266,1997,4,20829,18546,2283
1266,1997,5,20836,20106,730
1266,1997,6,34179,47386,-13207
1266,1997,7,20794,17546,3248
1266,1997,8,20808,16406,4402
1266,1997,9,20828,13606,7222
1266,1997,10,20850,21606,-756
1266,1997,11,20846,21606,-760
1266,1997,12,31192,30846,346
1266,1998,1,20806,38466,-17660
1266,1998,2,20780,11306,9474
1266,1998,3,20816,19366,1450
1266,1998,4,20802,28406,-7604
1266,1998,5,20797,10506,10291
1266,1998,6,35268,32706,2562
1266,1998,7,20843,14906,5937
1266,1998,8,20863,17306,3557
1266,1998,9,20859,22626,-1767
1266,1998,10,20870,16906,3964
1266,1998,11,20882,19206,1676
1266,1998,12,31239,28531,2708
1267,1996,8,19616,0,19616
1267,1996,9,23709,0,23709
1267,1996,10,19368,8700,10668
1267,1996,11,19401,12200,7201
1267,1996,12,29019,19646,9373
1267,1997,1,19393,38646,-19253
1267,1997,2,19355,21546,-2191
1267,1997,3,19353,18746,607
1267,1997,4,19357,19946,-589
1267,1997,5,19356,22486,-3130
1267,1997,6,28936,22906,6030
1267,1997,7,19355,37946,-18591
1267,1997,8,19326,26466,-7140
1267,1997,9,19303,21646,-2343
1267,1997,10,19300,15546,3754
1267,1997,11,19308,17446,1862
1267,1997,12,28899,25706,3193
1267,1998,1,19294,25646,-6352
1267,1998,2,19301,17946,1355
1267,1998,3,19300,21046,-1746
1267,1998,4,19298,18546,752
1267,1998,5,19299,20446,-1147
1267,1998,6,28896,23346,5550
1267,1998,7,19318,24046,-4728
1267,1998,8,19293,25846,-6553
1267,1998,9,19263,22246,-2983
1267,1998,10,19275,4846,14429
1267,1998,11,19295,34146,-14851
1267,1998,12,28873,5931,22942
1268,1993,7,800,0,800
1268,1993,8,12344,0,12344
1268,1993,9,6692,0,6692
1268,1993,10,4918,0,4918
1268,1993,11,3433,3100,333
1268,1993,12,3434,4835,-1401
1268,1994,1,3423,9415,-5992
1268,1994,2,6611,2235,4376
1268,1994,3,4425,3105,1320
1268,1994,4,3428,3935,-507
1268,1994,5,3425,4335,-910
1268,1994,6,4122,8295,-4173
1268,1994,7,5209,3195,2014
1268,1994,8,3413,3335,78
1268,1994,9,3418,3075,343
1268,1994,10,4419,2235,2184
1268,1994,11,3421,4735,-1314
1268,1994,12,4923,2565,2358
1268,1995,1,3422,8095,-4673
1268,1995,2,6217,3225,2992
1268,1995,3,3523,2235,1288
1268,1995,4,4631,2235,2396
1268,1995,5,3434,4845,-1411
1268,1995,6,4434,3675,759
1268,1995,7,3433,3635,-202
1268,1995,8,3438,4115,-677
1268,1995,9,3430,3135,295
1268,1995,10,3422,6835,-3413
1268,1995,11,3414,4925,-1511
1268,1995,12,3410,3925,-515
1268,1996,1,6012,6765,-753
1268,1996,2,3402,4735,-1333
1268,1996,3,3398,4005,-607
1268,1996,4,5607,2235,3372
1268,1996,5,6524,2235,4289
1268,1996,6,6029,6315,-286
1268,1996,7,7745,2235,5510
1268,1996,8,3452,3665,-213
1268,1996,9,5161,2235,2926
1268,1996,10,4169,2235,1934
1268,1996,11,4779,2505,2274
1268,1996,12,6795,3045,3750
1268,1997,1,3490,6395,-2905
1268,1997,2,3589,2235,1354
1268,1997,3,3692,3435,257
1268,1997,4,6905,2895,4010
1268,1997,5,3504,4335,-831
1268,1997,6,5613,3675,1938
1268,1997,7,3512,3335,177
1268,1997,8,6322,3645,2677
1268,1997,9,8043,2235,5808
1268,1997,10,3550,2735,815
1268,1997,11,3552,3235,317
1268,1997,12,3540,12695,-9155
1268,1998,1,3512,8385,-4873
1268,1998,2,3494,2235,1259
1268,1998,3,7099,3555,3544
1268,1998,4,3514,3035,479
1268,1998,5,3515,6835,-3320
1268,1998,6,3497,6225,-2728
1268,1998,7,5788,3465,2323
1268,1998,8,4300,2235,2065
1268,1998,9,3507,5895,-2388
1268,1998,10,3497,4435,-938
1268,1998,11,3489,9035,-5546
1268,1998,12,3471,2370,1101
1269,1994,3,400,0,400
1269,1994,4,19940,0,19940
1269,1994,5,12218,6400,5818
1269,1994,6,18309,9300,9009
1269,1994,7,12275,11900,375
1269,1994,8,12293,15655,-3362
1269,1994,9,12281,11554,727
1269,1994,10,12282,13654,-1372
1269,1994,11,12264,17374,-5110
1269,1994,12,18324,15034,3290
1269,1995,1,12234,27034,-14800
1269,1995,2,15106,7454,7652
1269,1995,3,15242,9494,5748
1269,1995,4,12260,13054,-794
1269,1995,5,12259,10854,1405
1269,1995,6,18327,18414,-87
1269,1995,7,12255,13334,-1079
1269,1995,8,12259,9954,2305
1269,1995,9,12259,15054,-2795
1269,1995,10,12254,10654,1600
1269,1995,11,12247,15774,-3527
1269,1995,12,18305,17694,611
1269,1996,1,12229,18054,-5825
1269,1996,2,12224,9054,3170
1269,1996,3,12238,9054,3184
1269,1996,4,12242,11654,588
1269,1996,5,12236,15234,-2998
1269,1996,6,18299,16834,1465
1269,1996,7,12227,16154,-3927
1269,1996,8,12218,12854,-636
1269,1996,9,12227,12554,-327
1269,1996,10,12214,18114,-5900
1269,1996,11,12803,7454,5349
1269,1996,12,18312,10414,7898
1269,1997,1,12226,25194,-12968
1269,1997,2,12196,9554,2642
1269,1997,3,13717,7454,6263
1269,1997,4,12226,12054,172
1269,1997,5,12248,10454,1794
1269,1997,6,18332,17654,678
1269,1997,7,12235,14934,-2699
1269,1997,8,12247,10554,1693
1269,1997,9,12247,16074,-3827
1269,1997,10,13333,7454,5879
1269,1997,11,12251,8354,3897
1269,1997,12,18365,8574,9791
1269,1998,1,12279,29174,-16895
1269,1998,2,17951,13334,4617
1269,1998,3,13058,8774,4284
1269,1998,4,12291,8454,3837
1269,1998,5,12308,8154,4154
1269,1998,6,18368,30154,-11786
1269,1998,7,15788,7454,8334
1269,1998,8,12293,13594,-1301
1269,1998,9,12304,8354,3950
1269,1998,10,12602,15974,-3372
1269,1998,11,12894,7454,5440
1269,1998,12,20386,11919,8467
1270,1996,6,19241,0,19241
1270,1996,7,14679,0,14679
1270,1996,8,12622,5400,7222
1270,1996,9,12646,7800,4846
1270,1996,10,12650,25500,-12850
1270,1996,11,12588,18462,-5874
1270,1996,12,18781,26521,-7740
1270,1997,1,16257,15262,995
1270,1997,2,14565,10862,3703
1270,1997,3,12566,10162,2404
1270,1997,4,12567,14562,-1995
1270,1997,5,12559,14562,-2003
1270,1997,6,18812,8262,10550
1270,1997,7,12601,11839,762
1270,1997,8,12587,22839,-10252
1270,1997,9,12574,13739,-1165
1270,1997,10,12569,12839,-270
1270,1997,11,12569,12139,430
1270,1997,12,18815,16239,2576
1270,1998,1,12560,17839,-5279
1270,1998,2,12558,12039,519
1270,1998,3,12560,13239,-679
1270,1998,4,12559,7339,5220
1270,1998,5,12565,18739,-6174
1270,1998,6,18799,11939,6860
1270,1998,7,12569,17518,-4949
1270,1998,8,12559,13139,-580
1270,1998,9,12557,10639,1918
1270,1998,10,12555,21639,-9084
1270,1998,11,12527,10139,2388
1270,1998,12,18789,6239,12550
1271,1996,6,1000,0,1000
1271,1996,7,12718,0,12718
1271,1996,8,11673,0,11673
1271,1996,9,6303,3600,2703
1271,1996,10,6308,6500,-192
1271,1996,11,6295,13043,-6748
1271,1996,12,9381,12003,-2622
1271,1997,1,8858,14343,-5485
1271,1997,2,9254,10023,-769
1271,1997,3,9156,4143,5013
1271,1997,4,6262,9143,-2881
1271,1997,5,10258,8583,1675
1271,1997,6,9365,6543,2822
1271,1997,7,6262,11283,-5021
1271,1997,8,7861,4143,3718
1271,1997,9,6873,4143,2730
1271,1997,10,6272,7943,-1671
1271,1997,11,6270,6343,-73
1271,1997,12,9356,13863,-4507
1271,1998,1,10051,11063,-1012
1271,1998,2,6354,4143,2211
1271,1998,3,7063,8463,-1400
1271,1998,4,11884,4863,7021
1271,1998,5,8492,4143,4349
1271,1998,6,9387,11443,-2056
1271,1998,7,6269,12443,-6174
1271,1998,8,6260,7743,-1483
1271,1998,9,8672,4143,4529
1271,1998,10,8086,7023,1063
1271,1998,11,6287,4343,1944
1271,1998,12,9376,12588,-3212
1272,1993,5,500,0,500
1272,1993,6,12300,0,12300
1272,1993,7,4500,0,4500
1272,1993,8,5200,0,5200
1272,1993,9,0,500,-500
1272,1993,10,44700,100,44600
1272,1993,11,277,20900,-20623
1272,1993,12,277,10900,-10623
1272,1994,1,277,4900,-4623
1272,1994,2,277,4400,-4123
1272,1994,3,277,1700,-1423
1272,1994,4,12449,1300,11149
1272,1994,5,150,7100,-6950
1272,1994,6,30682,16600,14082
1272,1994,7,180,6400,-6220
1272,1994,8,17603,12500,5103
1272,1994,9,23325,50012,-26687
1272,1994,10,6161,22287,-16126
1272,1994,11,15002,34,14968
1272,1994,12,8567,5130,3437
1272,1995,1,10439,28230,-17791
1272,1995,2,60550,30,60520
1272,1995,3,251,13430,-13179
1272,1995,4,655,24330,-23675
1272,1995,5,60959,11782,49177
1272,1995,6,78872,93908,-15036
1272,1995,7,197,18119,-17922
1272,1995,8,16452,1630,14822
1272,1995,9,227,9730,-9503
1272,1995,10,188,2930,-2742
1272,1995,11,56152,11530,44622
1272,1995,12,42398,29130,13268
1272,1996,1,285,51930,-51645
1272,1996,2,3080,10266,-7186
1272,1996,3,8453,18030,-9577
1272,1996,4,5427,9630,-4203
1272,1996,5,9262,32014,-22752
1272,1996,6,21123,30,21093
1272,1996,7,9209,30,9179
1272,1996,8,7347,30,7317
1272,1996,9,18346,30,18316
1272,1996,10,252,2630,-2378
1272,1996,11,39682,30,39652
1272,1996,12,265,48352,-48087
1272,1997,1,11078,35730,-24652
1272,1997,2,18271,34135,-15864
1272,1997,3,23941,12930,11011
1272,1997,4,20687,30,20657
1272,1997,5,8569,10230,-1661
1272,1997,6,10664,30,10634
1272,1997,7,43537,30,43507
1272,1997,8,387,11330,-10943
1272,1997,9,332,2930,-2598
1272,1997,10,331,3330,-2999
1272,1997,11,25055,15230,9825
1272,1997,12,359,4130,-3771
1272,1998,1,10499,23730,-13231
1272,1998,2,13589,10230,3359
1272,1998,3,5603,30,5573
1272,1998,4,1826,30,1796
1272,1998,5,8234,30,8204
1272,1998,6,4967,30,4937
1272,1998,7,1287,30,1257
1272,1998,8,392,1830,-1438
1272,1998,9,386,2030,-1644
1272,1998,10,26632,15930,10702
1272,1998,11,3823,30,3793
1272,1998,12,415,13500,-13085
1273,1994,3,500,0,500
1273,1994,4,22107,0,22107
1273,1994,5,20594,6900,13694
1273,1994,6,30891,19600,11291
1273,1994,7,20682,20800,-118
1273,1994,8,20724,22378,-1654
1273,1994,9,20718,21178,-460
1273,1994,10,20712,22778,-2066
1273,1994,11,20701,22038,-1337
1273,1994,12,30968,26478,4490
1273,1995,1,20678,43678,-23000
1273,1995,2,20633,11978,8655
1273,1995,3,20662,17478,3184
1273,1995,4,20660,20418,242
1273,1995,5,20664,19278,1386
1273,1995,6,30941,26178,4763
1273,1995,7,20693,20218,475
1273,1995,8,20667,25538,-4871
1273,1995,9,20669,19978,691
1273,1995,10,20672,21918,-1246
1273,1995,11,20662,18878,1784
1273,1995,12,30935,24818,6117
1273,1996,1,20675,41538,-20863
1273,1996,2,20619,12578,8041
1273,1996,3,20650,14178,6472
1273,1996,4,20661,19978,683
1273,1996,5,20668,18278,2390
1273,1996,6,30940,25078,5862
1273,1996,7,20732,23578,-2846
1273,1996,8,20676,22778,-2102
1273,1996,9,20668,21578,-910
1273,1996,10,20670,19378,1292
1273,1996,11,20664,22718,-2054
1273,1996,12,30914,28178,2736
1273,1997,1,20643,36398,-15755
1273,1997,2,20614,16278,4336
1273,1997,3,20639,15778,4861
1273,1997,4,20650,17878,2772
1273,1997,5,20642,23678,-3036
1273,1997,6,30849,50318,-19469
1273,1997,7,20596,8778,11818
1273,1997,8,20616,16698,3918
1273,1997,9,20663,7778,12885
1273,1997,10,20695,14858,5837
1273,1997,11,20735,13078,7657
1273,1997,12,31017,19138,11879
1273,1998,1,20739,38498,-17759
1273,1998,2,20719,18318,2401
1273,1998,3,20748,10678,10070
1273,1998,4,20786,15278,5508
1273,1998,5,20801,17678,3123
1273,1998,6,31067,34398,-3331
1273,1998,7,20804,12878,7926
1273,1998,8,20807,38278,-17471
1273,1998,9,20805,22678,-1873
1273,1998,10,20782,21178,-396
1273,1998,11,20777,24898,-4121
1273,1998,12,31041,6663,24378
1274,1996,8,400,0,400
1274,1996,9,120163,14200,105963
1274,1996,10,46062,83130,-37068
1274,1996,11,84775,87230,-2455
1274,1996,12,44598,81313,-36715
1274,1997,1,13945,38872,-24927
1274,1997,2,94031,30,94001
1274,1997,3,409,34530,-34121
1274,1997,4,194,47753,-47559
1274,1997,5,60551,12730,47821
1274,1997,6,27778,47852,-20074
1274,1997,7,152,16007,-15855
1274,1997,8,798,11730,-10932
1274,1997,9,6988,2730,4258
1274,1997,10,14085,17729,-3644
1274,1997,11,27731,9430,18301
1274,1997,12,39089,27030,12059
1274,1998,1,120,29630,-29510
1274,1998,2,8583,8654,-71
1274,1998,3,45129,30,45099
1274,1998,4,39928,55120,-15192
1274,1998,5,112436,83045,29391
1274,1998,6,232,45452,-45220
1274,1998,7,43041,61923,-18882
1274,1998,8,44281,34080,10201
1274,1998,9,81278,11620,69658
1274,1998,10,5632,26610,-20978
1274,1998,11,133872,113730,20142
1274,1998,12,89341,104204,-14863
1275,1996,6,300,0,300
1275,1996,7,5447,0,5447
1275,1996,8,5447,0,5447
1275,1996,9,5447,0,5447
1275,1996,10,5470,900,4570
1275,1996,11,5546,2018,3528
1275,1996,12,5557,5168,389
1275,1997,1,5543,12108,-6565
1275,1997,2,5531,4918,613
1275,1997,3,5538,1918,3620
1275,1997,4,5552,2818,2734
1275,1997,5,5552,6658,-1106
1275,1997,6,5518,17488,-11970
1275,1997,7,5510,1918,3592
1275,1997,8,5525,3678,1847
1275,1997,9,5532,2118,3414
1275,1997,10,5547,1918,3629
1275,1997,11,5550,5758,-208
1275,1997,12,5558,2918,2640
1275,1998,1,5566,4948,618
1275,1998,2,5572,3218,2354
1275,1998,3,5580,5058,522
1275,1998,4,5579,5518,61
1275,1998,5,5570,11898,-6328
1275,1998,6,5552,7168,-1616
1275,1998,7,5552,2418,3134
1275,1998,8,5566,1918,3648
1275,1998,9,5577,4018,1559
1275,1998,10,5566,12178,-6612
1275,1998,11,5549,6978,-1429
1275,1998,12,5536,9853,-4317
1276,1993,1,7197,0,7197
1276,1993,2,17458,0,17458
1276,1993,3,6891,2200,4691
1276,1993,4,6907,3300,3607
1276,1993,5,6909,7462,-553
1276,1993,6,10307,7131,3176
1276,1993,7,6891,17311,-10420
1276,1993,8,7792,4531,3261
1276,1993,9,6892,7231,-339
1276,1993,10,6898,4631,2267
1276,1993,11,6895,8311,-1416
1276,1993,12,10286,9431,855
1276,1994,1,6889,14011,-7122
1276,1994,2,8381,4531,3850
1276,1994,3,6891,5891,1000
1276,1994,4,6859,15331,-8472
1276,1994,5,10963,9691,1272
1276,1994,6,15081,4531,10550
1276,1994,7,6902,10531,-3629
1276,1994,8,6894,7331,-437
1276,1994,9,6894,6631,263
1276,1994,10,7090,7171,-81
1276,1994,11,8391,7291,1100
1276,1994,12,10297,6031,4266
1276,1995,1,13580,26691,-13111
1276,1995,2,8162,4531,3631
1276,1995,3,7365,8251,-886
1276,1995,4,9066,6811,2255
1276,1995,5,10077,8011,2066
1276,1995,6,10285,8831,1454
1276,1995,7,6980,13531,-6551
1276,1995,8,8973,4531,4442
1276,1995,9,6885,7531,-646
1276,1995,10,6881,7931,-1050
1276,1995,11,8382,4531,3851
1276,1995,12,10288,7111,3177
1276,1996,1,9587,17011,-7424
1276,1996,2,9784,4531,5253
1276,1996,3,7401,4531,2870
1276,1996,4,6911,5331,1580
1276,1996,5,6916,6731,185
1276,1996,6,10305,14591,-4286
1276,1996,7,8704,5851,2853
1276,1996,8,6911,5831,1080
1276,1996,9,6916,5631,1285
1276,1996,10,7023,4531,2492
1276,1996,11,6932,6431,501
1276,1996,12,10323,9731,592
1276,1997,1,7992,22931,-14939
1276,1997,2,11880,8011,3869
1276,1997,3,9497,4531,4966
1276,1997,4,6907,6831,76
1276,1997,5,6912,4631,2281
1276,1997,6,10309,10031,278
1276,1997,7,10115,9571,544
1276,1997,8,7717,8251,-534
1276,1997,9,8622,7771,851
1276,1997,10,6919,10711,-3792
1276,1997,11,7709,5851,1858
1276,1997,12,10302,10231,71
1276,1998,1,6854,23511,-16657
1276,1998,2,7852,4531,3321
1276,1998,3,10469,7411,3058
1276,1998,4,8780,4531,4249
1276,1998,5,6880,9231,-2351
1276,1998,6,10258,11651,-1393
1276,1998,7,6846,13911,-7065
1276,1998,8,6843,6211,632
1276,1998,9,6845,6031,814
1276,1998,10,6844,7331,-487
1276,1998,11,9461,4531,4930
1276,1998,12,10253,10016,237
1277,1993,6,1000,0,1000
1277,1993,7,6248,0,6248
1277,1993,8,6248,0,6248
1277,1993,9,6284,100,6184
1277,1993,10,6338,1800,4538
1277,1993,11,6353,4315,2038
1277,1993,12,6357,8190,-1833
1277,1994,1,6336,15050,-8714
1277,1994,2,6323,3190,3133
1277,1994,3,6336,3190,3146
1277,1994,4,6348,3690,2658
1277,1994,5,6357,4890,1467
1277,1994,6,6325,16890,-10565
1277,1994,7,6304,8550,-2246
1277,1994,8,6313,3190,3123
1277,1994,9,6326,3190,3136
1277,1994,10,6339,3190,3149
1277,1994,11,6350,5870,480
1277,1994,12,6352,4090,2262
1277,1995,1,6327,15220,-8893
1277,1995,2,6326,3190,3136
1277,1995,3,6339,3910,2429
1277,1995,4,6347,4190,2157
1277,1995,5,6348,5910,438
1277,1995,6,6329,11640,-5311
1277,1995,7,6338,3190,3148
1277,1995,8,6351,4190,2161
1277,1995,9,6357,5990,367
1277,1995,10,6362,3190,3172
1277,1995,11,6375,3190,3185
1277,1995,12,6373,7490,-1117
1277,1996,1,6358,13510,-7152
1277,1996,2,6353,3190,3163
1277,1996,3,6367,3190,3177
1277,1996,4,6363,8490,-2127
1277,1996,5,6363,4990,1373
1277,1996,6,6368,5290,1078
1277,1996,7,6366,7090,-724
1277,1996,8,6355,10490,-4135
1277,1996,9,6361,3190,3171
1277,1996,10,6374,3190,3184
1277,1996,11,6363,9590,-3227
1277,1996,12,6352,10440,-4088
1277,1997,1,6344,14870,-8526
1277,1997,2,6321,3190,3131
1277,1997,3,6327,7770,-1443
1277,1997,4,6330,6550,-220
1277,1997,5,6323,6310,13
1277,1997,6,6326,4390,1936
1277,1997,7,6335,3890,2445
1277,1997,8,6344,5190,1154
1277,1997,9,6347,7490,-1143
1277,1997,10,6339,9810,-3471
1277,1997,11,6330,3190,3140
1277,1997,12,6337,9990,-3653
1277,1998,1,6317,6710,-393
1277,1998,2,6326,3190,3136
1277,1998,3,6335,8470,-2135
1277,1998,4,6327,6490,-163
1277,1998,5,6324,9190,-2866
1277,1998,6,6317,3190,3127
1277,1998,7,6330,3190,3140
1277,1998,8,6335,10290,-3955
1277,1998,9,6325,4950,1375
1277,1998,10,6332,3290,3042
1277,1998,11,6336,8910,-2574
1277,1998,12,6324,9325,-3001
1279,1997,10,1000,0,1000
1279,1997,11,5381,0,5381
1279,1997,12,5381,0,5381
1279,1998,1,5427,900,4527
1279,1998,2,5463,500,4963
1279,1998,3,5469,5802,-333
1279,1998,4,5474,3602,1872
1279,1998,5,5479,4602,877
1279,1998,6,5461,15102,-9641
1279,1998,7,5445,3602,1843
1279,1998,8,5452,6482,-1030
1279,1998,9,5446,7042,-1596
1279,1998,10,5442,3602,1840
1279,1998,11,5446,6562,-1116
1279,1998,12,5444,4287,1157
1280,1995,5,5741,0,5741
1280,1995,6,5146,0,5146
1280,1995,7,5146,0,5146
1280,1995,8,5146,0,5146
1280,1995,9,5149,1515,3634
1280,1995,10,5232,4286,946
1280,1995,11,5237,4006,1231
1280,1995,12,5240,5406,-166
1280,1996,1,5238,6956,-1718
1280,1996,2,5234,4406,828
1280,1996,3,5236,7506,-2270
1280,1996,4,5222,7086,-1864
1280,1996,5,5220,4506,714
1280,1996,6,5203,10806,-5603
1280,1996,7,5195,6026,-831
1280,1996,8,5197,2506,2691
1280,1996,9,5205,6026,-821
1280,1996,10,5205,2506,2699
1280,1996,11,5206,6186,-980
1280,1996,12,5212,2756,2456
1280,1997,1,5204,8926,-3722
1280,1997,2,5207,2506,2701
1280,1997,3,5218,3066,2152
1280,1997,4,5225,4306,919
1280,1997,5,5229,3626,1603
1280,1997,6,5238,2506,2732
1280,1997,7,5248,3006,2242
1280,1997,8,5254,5986,-732
1280,1997,9,5255,5006,249
1280,1997,10,5255,3106,2149
1280,1997,11,5264,3706,1558
1280,1997,12,5271,3006,2265
1280,1998,1,5274,5056,218
1280,1998,2,5277,3546,1731
1280,1998,3,5284,5066,218
1280,1998,4,5290,2506,2784
1280,1998,5,5301,2506,2795
1280,1998,6,5307,6436,-1129
1280,1998,7,5304,3466,1838
1280,1998,8,5306,4826,480
1280,1998,9,5318,2506,2812
1280,1998,10,5329,2506,2823
1280,1998,11,5341,2506,2835
1280,1998,12,5349,3341,2008
1281,1997,4,1100,0,1100
1281,1997,5,21311,0,21311
1281,1997,6,21217,6100,15117
1281,1997,7,14212,14600,-388
1281,1997,8,14216,12500,1716
1281,1997,9,14229,10315,3914
1281,1997,10,14246,10315,3931
1281,1997,11,14270,7815,6455
1281,1997,12,21332,13215,8117
1281,1998,1,14285,27215,-12930
1281,1998,2,16896,4415,12481
1281,1998,3,14325,9115,5210
1281,1998,4,14337,12315,2022
1281,1998,5,14382,15215,-833
1281,1998,6,21390,14515,6875
1281,1998,7,14373,14515,-142
1281,1998,8,14386,7315,7071
1281,1998,9,14406,10215,4191
1281,1998,10,14426,9415,5011
1281,1998,11,14451,7915,6536
1281,1998,12,21508,16900,4608
1284,1997,7,1000,0,1000
1284,1997,8,9000,0,9000
1284,1997,9,6000,0,6000
1284,1997,10,5000,0,5000
1284,1997,11,29224,11000,18224
1284,1997,12,73930,57200,16730
1284,1998,1,45045,40815,4230
1284,1998,2,17574,31807,-14233
1284,1998,3,66706,46253,20453
1284,1998,4,67047,53272,13775
1284,1998,5,64707,78015,-13308
1284,1998,6,947,32515,-31568
1284,1998,7,44009,19315,24694
1284,1998,8,15753,28206,-12453
1284,1998,9,47149,32153,14996
1284,1998,10,64747,79315,-14568
1284,1998,11,6071,13012,-6941
1284,1998,12,153,10834,-10681
1285,1993,6,28938,0,28938
1285,1993,7,19211,800,18411
1285,1993,8,19262,9900,9362
1285,1993,9,19278,17800,1478
1285,1993,10,19262,25728,-6466
1285,1993,11,19247,22628,-3381
1285,1993,12,28795,32828,-4033
1285,1994,1,19239,28828,-9589
1285,1994,2,19215,7228,11987
1285,1994,3,19263,25828,-6565
1285,1994,4,19259,23628,-4369
1285,1994,5,19226,16728,2498
1285,1994,6,28753,40728,-11975
1285,1994,7,19196,14228,4968
1285,1994,8,19197,17928,1269
1285,1994,9,19201,18728,473
1285,1994,10,19190,19228,-38
1285,1994,11,19201,18028,1173
1285,1994,12,28754,23028,5726
1285,1995,1,19204,29228,-10024
1285,1995,2,19184,16028,3156
1285,1995,3,19217,15428,3789
1285,1995,4,19214,20428,-1214
1285,1995,5,19222,19628,-406
1285,1995,6,28758,25828,2930
1285,1995,7,19220,21328,-2108
1285,1995,8,19202,23128,-3926
1285,1995,9,19188,20728,-1540
1285,1995,10,19177,20828,-1651
1285,1995,11,19169,19428,-259
1285,1995,12,28711,26828,1883
1285,1996,1,19157,25028,-5871
1285,1996,2,19164,18128,1036
1285,1996,3,19158,18928,230
1285,1996,4,19164,15528,3636
1285,1996,5,19176,17428,1748
1285,1996,6,28713,28328,385
1285,1996,7,19186,19528,-342
1285,1996,8,19179,21328,-2149
1285,1996,9,19168,20928,-1760
1285,1996,10,19168,14728,4440
1285,1996,11,19174,19828,-654
1285,1996,12,28700,32028,-3328
1285,1997,1,19139,28228,-9089
1285,1997,2,19130,14328,4802
1285,1997,3,19151,14728,4423
1285,1997,4,19162,17428,1734
1285,1997,5,19177,14228,4949
1285,1997,6,28717,25128,3589
1285,1997,7,19188,23928,-4740
1285,1997,8,19171,21828,-2657
1285,1997,9,19153,23728,-4575
1285,1997,10,19196,18628,568
1285,1997,11,19162,15128,4034
1285,1997,12,28725,19128,9597
1285,1998,1,19189,24628,-5439
1285,1998,2,19204,17228,1976
1285,1998,3,19184,20928,-1744
1285,1998,4,19180,19628,-448
1285,1998,5,19175,19528,-353
1285,1998,6,28734,20228,8506
1285,1998,7,19202,23228,-4026
1285,1998,8,19207,22328,-3121
1285,1998,9,19205,18028,1177
1285,1998,10,19210,18228,982
1285,1998,11,19200,22928,-3728
1285,1998,12,28732,19313,9419
1286,1993,11,27307,0,27307
1286,1993,12,11951,6000,5951
1286,1994,1,138443,98200,40243
1286,1994,2,59537,87400,-27863
1286,1994,3,100334,106000,-5666
1286,1994,4,7983,29476,-21493
1286,1994,5,52540,8600,43940
1286,1994,6,50980,87200,-36220
1286,1994,7,99546,65700,33846
1286,1994,8,43147,19600,23547
1286,1994,9,287,41457,-41170
1286,1994,10,154,12900,-12746
1286,1994,11,92601,30900,61701
1286,1994,12,30408,79900,-49492
1286,1995,1,70786,63500,7286
1286,1995,2,85320,39700,45620
1286,1995,3,128109,120252,7857
1286,1995,4,29603,75400,-45797
1286,1995,5,30323,45201,-14878
1286,1995,6,24304,13864,10440
1286,1995,7,99465,109300,-9835
1286,1995,8,144,13009,-12865
1286,1995,9,101650,66100,35550
1286,1995,10,38030,25539,12491
1286,1995,11,52845,78000,-25155
1286,1995,12,44656,53206,-8550
1286,1996,1,88832,41479,47353
1286,1996,2,65377,124800,-59423
1286,1996,3,45764,15300,30464
1286,1996,4,90345,56658,33687
1286,1996,5,304,42946,-42642
1286,1996,6,179,15300,-15121
1286,1996,7,48015,25556,22459
1286,1996,8,18097,17300,797
1286,1996,9,88857,66674,22183
1286,1996,10,58386,31399,26987
1286,1996,11,50325,76600,-26275
1286,1996,12,126033,143326,-17293
1286,1997,1,84669,82900,1769
1286,1997,2,6508,25669,-19161
1286,1997,3,28520,21300,7220
1286,1997,4,37191,8600,28591
1286,1997,5,47557,75587,-28030
1286,1997,6,194,13669,-13475
1286,1997,7,9324,26458,-17134
1286,1997,8,18340,8600,9740
1286,1997,9,65178,22760,42418
1286,1997,10,277,28758,-28481
1286,1997,11,50779,57024,-6245
1286,1997,12,13265,25207,-11942
1286,1998,1,65816,30800,35016
1286,1998,2,56347,14900,41447
1286,1998,3,65276,100535,-35259
1286,1998,4,34578,12100,22478
1286,1998,5,50126,54409,-4283
1286,1998,6,65392,79185,-13793
1286,1998,7,129210,118600,10610
1286,1998,8,95086,91900,3186
1286,1998,9,14434,16300,-1866
1286,1998,10,75415,72834,2581
1286,1998,11,119155,152405,-33250
1286,1998,12,99501,103322,-3821
1287,1995,3,21719,0,21719
1287,1995,4,21204,900,20304
1287,1995,5,21268,7100,14168
1287,1995,6,31856,15700,16156
1287,1995,7,21312,32857,-11545
1287,1995,8,21253,45045,-23792
1287,1995,9,21225,22459,-1234
1287,1995,10,21236,15482,5754
1287,1995,11,21258,21082,176
1287,1995,12,31763,34055,-2292
1287,1996,1,27183,40982,-13799
1287,1996,2,21695,9782,11913
1287,1996,3,21239,19982,1257
1287,1996,4,21245,18282,2963
1287,1996,5,21618,31347,-9729
1287,1996,6,35542,37599,-2057
1287,1996,7,21207,16782,4425
1287,1996,8,21227,13682,7545
1287,1996,9,21244,19982,1262
1287,1996,10,21258,18882,2376
1287,1996,11,21233,25482,-4249
1287,1996,12,31741,38182,-6441
1287,1997,1,26666,37382,-10716
1287,1997,2,23388,11582,11806
1287,1997,3,21221,27282,-6061
1287,1997,4,25506,15405,10101
1287,1997,5,21254,10082,11172
1287,1997,6,31816,27123,4693
1287,1997,7,21299,23782,-2483
1287,1997,8,26241,34565,-8324
1287,1997,9,21250,33773,-12523
1287,1997,10,22421,16982,5439
1287,1997,11,23246,24482,-1236
1287,1997,12,31784,18628,13156
1287,1998,1,23525,49475,-25950
1287,1998,2,31205,9782,21423
1287,1998,3,24081,9782,14299
1287,1998,4,21323,15782,5541
1287,1998,5,21346,15782,5564
1287,1998,6,31901,28082,3819
1287,1998,7,21319,35578,-14259
1287,1998,8,21310,39143,-17833
1287,1998,9,26375,9782,16593
1287,1998,10,21315,26782,-5467
1287,1998,11,21256,33295,-12039
1287,1998,12,31802,21867,9935
1288,1993,11,600,0,600
1288,1993,12,6059,0,6059
1288,1994,1,6059,0,6059
1288,1994,2,6059,0,6059
1288,1994,3,6075,400,5675
1288,1994,4,6167,5763,404
1288,1994,5,6169,5563,606
1288,1994,6,6171,4763,1408
1288,1994,7,6180,8883,-2703
1288,1994,8,6153,8483,-2330
1288,1994,9,6158,3163,2995
1288,1994,10,6170,3363,2807
1288,1994,11,6174,9503,-3329
1288,1994,12,6165,8323,-2158
1288,1995,1,6146,14153,-8007
1288,1995,2,6126,2963,3163
1288,1995,3,6136,8243,-2107
1288,1995,4,6121,6843,-722
1288,1995,5,6124,5163,961
1288,1995,6,6130,3763,2367
1288,1995,7,6138,5263,875
1288,1995,8,6136,9143,-3007
1288,1995,9,6127,6583,-456
1288,1995,10,6130,3263,2867
1288,1995,11,6140,4063,2077
1288,1995,12,6141,9063,-2922
1288,1996,1,6123,9843,-3720
1288,1996,2,6120,4363,1757
1288,1996,3,6121,7663,-1542
1288,1996,4,6116,6363,-247
1288,1996,5,6117,6023,94
1288,1996,6,6118,5363,755
1288,1996,7,6115,7663,-1548
1288,1996,8,6120,2963,3157
1288,1996,9,6139,3663,2476
1288,1996,10,6140,4263,1877
1288,1996,11,6139,7763,-1624
1288,1996,12,6140,5713,427
1288,1997,1,6121,11343,-5222
1288,1997,2,6124,3863,2261
1288,1997,3,6111,11363,-5252
1288,1997,4,6098,8263,-2165
1288,1997,5,6103,2963,3140
1288,1997,6,6100,9063,-2963
1288,1997,7,6103,2963,3140
1288,1997,8,6106,7163,-1057
1288,1997,9,6112,2963,3149
1288,1997,10,6125,2963,3162
1288,1997,11,6132,5963,169
1288,1997,12,6132,6313,-181
1288,1998,1,6120,9103,-2983
1288,1998,2,6125,2963,3162
1288,1998,3,6128,7263,-1135
1288,1998,4,6120,8203,-2083
1288,1998,5,6124,4363,1761
1288,1998,6,6132,4303,1829
1288,1998,7,6140,2963,3177
1288,1998,8,6144,6963,-819
1288,1998,9,6134,8963,-2829
1288,1998,10,6133,4963,1170
1288,1998,11,6143,2963,3180
1288,1998,12,6156,3548,2608
1289,1996,7,23899,0,23899
1289,1996,8,23496,500,22996
1289,1996,9,23575,6700,16875
1289,1996,10,23630,13700,9930
1289,1996,11,23655,20755,2900
1289,1996,12,35311,30045,5266
1289,1997,1,23554,61725,-38171
1289,1997,2,23553,9265,14288
1289,1997,3,23602,14665,8937
1289,1997,4,23632,17365,6267
1289,1997,5,23652,19865,3787
1289,1997,6,35322,66005,-30683
1289,1997,7,27382,6965,20417
1289,1997,8,23621,32725,-9104
1289,1997,9,23618,17965,5653
1289,1997,10,23640,22065,1575
1289,1997,11,23646,20865,2781
1289,1997,12,35346,31205,4141
1289,1998,1,23626,39185,-15559
1289,1998,2,23608,18165,5443
1289,1998,3,23632,19365,4267
1289,1998,4,23647,23065,582
1289,1998,5,23651,16965,6686
1289,1998,6,35270,52165,-16895
1289,1998,7,23610,12465,11145
1289,1998,8,23648,22665,983
1289,1998,9,23646,26785,-3139
1289,1998,10,23639,19465,4174
1289,1998,11,23645,32325,-8680
1289,1998,12,35322,10150,25172
1291,1994,7,5439,0,5439
1291,1994,8,4844,0,4844
1291,1994,9,4844,0,4844
1291,1994,10,4844,0,4844
1291,1994,11,4902,350,4552
1291,1994,12,4930,4833,97
1291,1995,1,4907,16903,-11996
1291,1995,2,4884,1683,3201
1291,1995,3,4890,5203,-313
1291,1995,4,4896,1683,3213
1291,1995,5,4908,2243,2665
1291,1995,6,4920,6083,-1163
1291,1995,7,4916,1683,3233
1291,1995,8,4917,4883,34
1291,1995,9,4929,1783,3146
1291,1995,10,4942,1983,2959
1291,1995,11,4946,8423,-3477
1291,1995,12,4936,5233,-297
1291,1996,1,4922,13073,-8151
1291,1996,2,4905,1683,3222
1291,1996,3,4915,2563,2352
1291,1996,4,4924,5083,-159
1291,1996,5,4926,3083,1843
1291,1996,6,4898,12683,-7785
1291,1996,7,4903,1683,3220
1291,1996,8,4911,5123,-212
1291,1996,9,4915,1683,3232
1291,1996,10,4924,4583,341
1291,1996,11,4925,4883,42
1291,1996,12,4924,5983,-1059
1291,1997,1,4901,13223,-8322
1291,1997,2,4890,2083,2807
1291,1997,3,4886,8643,-3757
1291,1997,4,4887,1683,3204
1291,1997,5,4900,1683,3217
1291,1997,6,4902,8083,-3181
1291,1997,7,4893,5583,-690
1291,1997,8,4883,7463,-2580
1291,1997,9,4880,4683,197
1291,1997,10,4880,5183,-303
1291,1997,11,4881,3363,1518
1291,1997,12,4890,2883,2007
1291,1998,1,4884,7693,-2809
1291,1998,2,4885,3283,1602
1291,1998,3,4891,3783,1108
1291,1998,4,4895,3783,1112
1291,1998,5,4893,6683,-1790
1291,1998,6,4890,4583,307
1291,1998,7,4895,2883,2012
1291,1998,8,4893,6883,-1990
1291,1998,9,4898,1683,3215
1291,1998,10,4902,4483,419
1291,1998,11,4909,3283,1626
1291,1998,12,4917,3688,1229
1292,1994,9,13017,0,13017
1292,1994,10,17883,0,17883
1292,1994,11,12032,4400,7632
1292,1994,12,18017,6300,11717
1292,1995,1,12075,29235,-17160
1292,1995,2,12046,6706,5340
1292,1995,3,12042,9546,2496
1292,1995,4,12035,17786,-5751
1292,1995,5,12040,14546,-2506
1292,1995,6,17989,14386,3603
1292,1995,7,12053,10146,1907
1292,1995,8,12060,12546,-486
1292,1995,9,12057,12446,-389
1292,1995,10,12051,13926,-1875
1292,1995,11,12050,7246,4804
1292,1995,12,18020,14066,3954
1292,1996,1,12060,19726,-7666
1292,1996,2,12052,7746,4306
1292,1996,3,12069,10846,1223
1292,1996,4,12067,18526,-6459
1292,1996,5,12051,4846,7205
1292,1996,6,18015,21066,-3051
1292,1996,7,12064,9246,2818
1292,1996,8,12070,11366,704
1292,1996,9,12077,9246,2831
1292,1996,10,12079,15226,-3147
1292,1996,11,12062,16926,-4864
1292,1996,12,18010,10226,7784
1292,1997,1,12069,18006,-5937
1292,1997,2,13543,12106,1437
1292,1997,3,12067,9446,2621
1292,1997,4,12079,8346,3733
1292,1997,5,12087,12746,-659
1292,1997,6,19197,26386,-7189
1292,1997,7,12062,7546,4516
1292,1997,8,12076,10006,2070
1292,1997,9,12084,9546,2538
1292,1997,10,12096,8506,3590
1292,1997,11,12110,9046,3064
1292,1997,12,18064,16866,1198
1292,1998,1,12121,21666,-9545
1292,1998,2,12087,8706,3381
1292,1998,3,12109,5546,6563
1292,1998,4,12134,6246,5888
1292,1998,5,12147,11546,601
1292,1998,6,18071,56806,-38735
1292,1998,7,23808,3346,20462
1292,1998,8,14498,3346,11152
1292,1998,9,12130,6906,5224
1292,1998,10,13461,5026,8435
1292,1998,11,12175,11986,189
1292,1998,12,21021,14531,6490
1293,1996,9,23844,0,23844
1293,1996,10,25348,0,25348
1293,1996,11,23221,11200,12021
1293,1996,12,34774,19000,15774
1293,1997,1,23297,52915,-29618
1293,1997,2,23267,6699,16568
1293,1997,3,23235,23199,36
1293,1997,4,23218,23099,119
1293,1997,5,23232,41799,-18567
1293,1997,6,34721,38899,-4178
1293,1997,7,23221,18599,4622
1293,1997,8,23218,24599,-1381
1293,1997,9,23211,24099,-888
1293,1997,10,23206,22999,207
1293,1997,11,23187,30099,-6912
1293,1997,12,34691,32599,2092
1293,1998,1,23151,34199,-11048
1293,1998,2,23137,21299,1838
1293,1998,3,23146,23399,-253
1293,1998,4,23143,23899,-756
1293,1998,5,23137,25399,-2262
1293,1998,6,34641,30099,4542
1293,1998,7,23140,26699,-3559
1293,1998,8,23109,27899,-4790
1293,1998,9,23101,26799,-3698
1293,1998,10,23088,24799,-1711
1293,1998,11,23083,21199,1884
1293,1998,12,34632,5284,29348
1294,1994,11,300,0,300
1294,1994,12,23470,0,23470
1294,1995,1,14540,8800,5740
1294,1995,2,14560,11400,3160
1294,1995,3,14572,13700,872
1294,1995,4,14577,12215,2362
1294,1995,5,14603,13996,607
1294,1995,6,21827,29136,-7309
1294,1995,7,14569,11176,3393
1294,1995,8,14585,14796,-211
1294,1995,9,14584,13696,888
1294,1995,10,14586,15396,-810
1294,1995,11,14584,13296,1288
1294,1995,12,21792,23956,-2164
1294,1996,1,14548,24416,-9868
1294,1996,2,14538,11896,2642
1294,1996,3,14544,13776,768
1294,1996,4,14547,16796,-2249
1294,1996,5,14543,11896,2647
1294,1996,6,21773,17916,3857
1294,1996,7,14557,19096,-4539
1294,1996,8,14546,13396,1150
1294,1996,9,14548,13996,552
1294,1996,10,14543,17596,-3053
1294,1996,11,14533,18896,-4363
1294,1996,12,21738,19856,1882
1294,1997,1,14507,19656,-5149
1294,1997,2,14500,14796,-296
1294,1997,3,14499,15996,-1497
1294,1997,4,14519,3596,10923
1294,1997,5,14512,24636,-10124
1294,1997,6,21715,21976,-261
1294,1997,7,14521,3596,10925
1294,1997,8,14567,3596,10971
1294,1997,9,14568,22096,-7528
1294,1997,10,14581,3596,10985
1294,1997,11,14552,29336,-14784
1294,1997,12,21793,5836,15957
1294,1998,1,14565,28796,-14231
1294,1998,2,14570,3596,10974
1294,1998,3,14618,3596,11022
1294,1998,4,14575,35856,-21281
1294,1998,5,14575,3596,10979
1294,1998,6,21803,19596,2207
1294,1998,7,14627,6116,8511
1294,1998,8,14665,3596,11069
1294,1998,9,14571,45296,-30725
1294,1998,10,14583,3596,10987
1294,1998,11,14628,3596,11032
1294,1998,12,21886,13501,8385
1295,1994,10,600,0,600
1295,1994,11,16191,0,16191
1295,1994,12,8949,0,8949
1295,1995,1,5689,5300,389
1295,1995,2,5690,5900,-210
1295,1995,3,5692,2715,2977
1295,1995,4,5709,3397,2312
1295,1995,5,5716,6697,-981
1295,1995,6,8496,9597,-1101
1295,1995,7,5705,10297,-4592
1295,1995,8,5685,8497,-2812
1295,1995,9,5678,3997,1681
1295,1995,10,5678,7297,-1619
1295,1995,11,5674,7297,-1623
1295,1995,12,8464,8997,-533
1295,1996,1,8756,12697,-3941
1295,1996,2,5652,4897,755
1295,1996,3,5757,3297,2460
1295,1996,4,5661,7697,-2036
1295,1996,5,7362,3297,4065
1295,1996,6,8473,4197,4276
1295,1996,7,5683,9197,-3514
1295,1996,8,5675,5497,178
1295,1996,9,5673,6597,-924
1295,1996,10,5669,6697,-1028
1295,1996,11,5670,3897,1773
1295,1996,12,8468,7997,471
1295,1997,1,6163,11197,-5034
1295,1997,2,5653,5997,-344
1295,1997,3,5649,8997,-3348
1295,1997,4,5640,5197,443
1295,1997,5,5638,6997,-1359
1295,1997,6,9742,3297,6445
1295,1997,7,5660,6097,-437
1295,1997,8,5654,7697,-2043
1295,1997,9,5652,5097,555
1295,1997,10,5644,9297,-3653
1295,1997,11,5641,4097,1544
1295,1997,12,8441,6197,2244
1295,1998,1,5638,10097,-4459
1295,1998,2,5641,3297,2344
1295,1998,3,5650,4897,753
1295,1998,4,5654,3297,2357
1295,1998,5,5636,11797,-6161
1295,1998,6,8437,3297,5140
1295,1998,7,5859,3297,2562
1295,1998,8,5654,9597,-3943
1295,1998,9,6856,3297,3559
1295,1998,10,5653,7697,-2044
1295,1998,11,5658,3497,2161
1295,1998,12,8450,10082,-1632
1296,1996,12,5834,0,5834
1296,1997,1,5044,0,5044
1296,1997,2,5044,0,5044
1296,1997,3,5080,300,4780
1296,1997,4,5106,5315,-209
1296,1997,5,5094,11122,-6028
1296,1997,6,5088,3422,1666
1296,1997,7,5094,5722,-628
1296,1997,8,5091,7022,-1931
1296,1997,9,5082,8022,-2940
1296,1997,10,5073,1622,3451
1296,1997,11,5083,3942,1141
1296,1997,12,5087,7692,-2605
1296,1998,1,5077,4182,895
1296,1998,2,5082,3942,1140
1296,1998,3,5089,1622,3467
1296,1998,4,5098,2822,2276
1296,1998,5,5113,1622,3491
1296,1998,6,5102,10332,-5230
1296,1998,7,5106,1622,3484
1296,1998,8,5120,1622,3498
1296,1998,9,5135,1622,3513
1296,1998,10,5148,4662,486
1296,1998,11,5151,1622,3529
1296,1998,12,5161,3277,1884
1297,1993,7,400,0,400
1297,1993,8,22930,0,22930
1297,1993,9,20617,10500,10117
1297,1993,10,20655,15500,5155
1297,1993,11,20676,15600,5076
1297,1993,12,31013,27044,3969
1297,1994,1,20681,38364,-17683
1297,1994,2,20679,13504,7175
1297,1994,3,20701,19204,1497
1297,1994,4,20710,18104,2606
1297,1994,5,20716,21604,-888
1297,1994,6,30987,47764,-16777
1297,1994,7,20654,11004,9650
1297,1994,8,20684,17004,3680
1297,1994,9,20700,16704,3996
1297,1994,10,20702,23524,-2822
1297,1994,11,20701,19524,1177
1297,1994,12,30985,25004,5981
1297,1995,1,20664,34144,-13480
1297,1995,2,20684,11804,8880
1297,1995,3,20713,16604,4109
1297,1995,4,20714,20744,-30
1297,1995,5,20721,21284,-563
1297,1995,6,30977,30184,793
1297,1995,7,20719,21104,-385
1297,1995,8,20717,20504,213
1297,1995,9,20713,20904,-191
1297,1995,10,20715,20004,711
1297,1995,11,20711,21004,-293
1297,1995,12,30983,31504,-521
1297,1996,1,20683,38844,-18161
1297,1996,2,20654,12804,7850
1297,1996,3,20672,18784,1888
1297,1996,4,20687,15404,5283
1297,1996,5,20704,17304,3400
1297,1996,6,30988,24204,6784
1297,1996,7,20722,25104,-4382
1297,1996,8,20705,23944,-3239
1297,1996,9,20690,23124,-2434
1297,1996,10,20698,17604,3094
1297,1996,11,20704,19204,1500
1297,1996,12,30984,30224,760
1297,1997,1,20669,39544,-18875
1297,1997,2,20648,20564,84
1297,1997,3,20675,12504,8171
1297,1997,4,20666,19204,1462
1297,1997,5,20672,20264,408
1297,1997,6,30962,21204,9758
1297,1997,7,20706,22604,-1898
1297,1997,8,20724,13804,6920
1297,1997,9,20744,20244,500
1297,1997,10,20752,14504,6248
1297,1997,11,20779,14404,6375
1297,1997,12,31070,22184,8886
1297,1998,1,20777,43644,-22867
1297,1998,2,21978,6204,15774
1297,1998,3,20814,15184,5630
1297,1998,4,20823,18724,2099
1297,1998,5,20840,18644,2196
1297,1998,6,31113,46664,-15551
1297,1998,7,20811,16104,4707
1297,1998,8,20832,20804,28
1297,1998,9,20832,18204,2628
1297,1998,10,20831,17584,3247
1297,1998,11,20857,13204,7653
1297,1998,12,31180,7469,23711
1298,1996,1,400,0,400
1298,1996,2,20779,0,20779
1298,1996,3,12545,5500,7045
1298,1996,4,12575,5400,7175
1298,1996,5,12596,10700,1896
1298,1996,6,18829,16215,2614
1298,1996,7,12602,20237,-7635
1298,1996,8,12581,14037,-1456
1298,1996,9,12567,17037,-4470
1298,1996,10,12563,10137,2426
1298,1996,11,12560,15137,-2577
1298,1996,12,18787,14437,4350
1298,1997,1,12553,19237,-6684
1298,1997,2,12553,9437,3116
1298,1997,3,12555,14637,-2082
1298,1997,4,12547,15837,-3290
1298,1997,5,12543,9737,2806
1298,1997,6,18779,16437,2342
1298,1997,7,12565,12637,-72
1298,1997,8,12871,10137,2734
1298,1997,9,12572,10437,2135
1298,1997,10,12588,7537,5051
1298,1997,11,12608,7637,4971
1298,1997,12,18844,16837,2007
1298,1998,1,12575,27737,-15162
1298,1998,2,12558,12137,421
1298,1998,3,12568,9837,2731
1298,1998,4,12567,14237,-1670
1298,1998,5,12571,10537,2034
1298,1998,6,18791,34037,-15246
1298,1998,7,14034,5837,8197
1298,1998,8,12554,8937,3617
1298,1998,9,12574,7137,5437
1298,1998,10,12586,11637,949
1298,1998,11,12600,7337,5263
1298,1998,12,18834,18022,812
1299,1993,6,200,0,200
1299,1993,7,12332,0,12332
1299,1993,8,9480,0,9480
1299,1993,9,4007,2600,1407
1299,1993,10,4014,2000,2014
1299,1993,11,4421,4033,388
1299,1993,12,4022,6403,-2381
1299,1994,1,4012,3823,189
1299,1994,2,6220,2623,3597
1299,1994,3,4031,4513,-482
1299,1994,4,4025,4723,-698
1299,1994,5,4021,5853,-1832
1299,1994,6,5815,6523,-708
1299,1994,7,5819,2623,3196
1299,1994,8,4028,3723,305
1299,1994,9,4027,3583,444
1299,1994,10,4026,5723,-1697
1299,1994,11,4024,3003,1021
1299,1994,12,4018,6903,-2885
1299,1995,1,4014,5223,-1209
1299,1995,2,4005,5223,-1218
1299,1995,3,4003,4823,-820
1299,1995,4,4404,2623,1781
1299,1995,5,4001,6623,-2622
1299,1995,6,3996,3723,273
1299,1995,7,3990,5963,-1973
1299,1995,8,4394,2623,1771
1299,1995,9,4501,3133,1368
1299,1995,10,4001,4223,-222
1299,1995,11,4000,3923,77
1299,1995,12,3987,8273,-4286
1299,1996,1,3979,6133,-2154
1299,1996,2,3985,2623,1362
1299,1996,3,3978,6423,-2445
1299,1996,4,3973,2623,1350
1299,1996,5,3977,3493,484
1299,1996,6,3972,5723,-1751
1299,1996,7,3973,3313,660
1299,1996,8,3975,3103,872
1299,1996,9,3980,2623,1357
1299,1996,10,3993,2623,1370
1299,1996,11,3981,8023,-4042
1299,1996,12,3973,3043,930
1299,1997,1,3978,2623,1355
1299,1997,2,3983,2623,1360
1299,1997,3,3989,2623,1366
1299,1997,4,3994,2623,1371
1299,1997,5,4007,2623,1384
1299,1997,6,4000,7543,-3543
1299,1997,7,3991,2623,1368
1299,1997,8,3993,3643,350
1299,1997,9,4004,2833,1171
1299,1997,10,3997,5833,-1836
1299,1997,11,3998,3823,175
1299,1997,12,3998,2863,1135
1299,1998,1,4008,3643,365
1299,1998,2,4003,2623,1380
1299,1998,3,4008,2623,1385
1299,1998,4,4014,4033,-19
1299,1998,5,4020,2623,1397
1299,1998,6,3997,9793,-5796
1299,1998,7,4003,2623,1380
1299,1998,8,4008,2623,1385
1299,1998,9,4006,2623,1383
1299,1998,10,4019,2623,1396
1299,1998,11,4016,3283,733
1299,1998,12,4017,4048,-31
1301,1994,9,600,0,600
1301,1994,10,36929,0,36929
1301,1994,11,156,6600,-6444
1301,1994,12,156,2900,-2744
1301,1995,1,156,3400,-3244
1301,1995,2,156,900,-744
1301,1995,3,156,3000,-2844
1301,1995,4,156,2200,-2044
1301,1995,5,2056,0,2056
1301,1995,6,156,2500,-2344
1301,1995,7,13659,1000,12659
1301,1995,8,132,8600,-8468
1301,1995,9,132,6100,-5968
1301,1995,10,132,2000,-1868
1301,1995,11,48532,0,48532
1301,1995,12,266,24300,-24034
1301,1996,1,266,12200,-11934
1301,1996,2,266,6200,-5934
1301,1996,3,266,4300,-4034
1301,1996,4,266,4100,-3834
1301,1996,5,466,0,466
1301,1996,6,9971,6300,3671
1301,1996,7,27777,20315,7462
1301,1996,8,107,5115,-5008
1301,1996,9,82,3415,-3333
1301,1996,10,72,1415,-1343
1301,1996,11,67,1365,-1298
1301,1996,12,61,515,-454
1301,1997,1,0,15,-15
1301,1997,2,25309,1615,23694
1301,1997,3,44226,13765,30461
1301,1997,4,281,30815,-30534
1301,1997,5,156,15515,-15359
1301,1997,6,93,7515,-7422
1301,1997,7,63,15,48
1301,1997,8,62,1215,-1153
1301,1997,9,58,15,43
1301,1997,10,0,15,-15
1301,1997,11,118,15,103
1301,1997,12,58,15,43
1301,1998,1,0,15,-15
1301,1998,2,122,15,107
1301,1998,3,0,15,-15
1301,1998,4,118,15,103
1301,1998,5,0,15,-15
1301,1998,6,118,15,103
1301,1998,7,58,15,43
1301,1998,8,0,15,-15
1301,1998,9,118,15,103
1301,1998,10,0,15,-15
1301,1998,11,20989,18215,2774
1301,1998,12,11299,11850,-551
1302,1993,11,800,0,800
1302,1993,12,6090,0,6090
1302,1994,1,6090,0,6090
1302,1994,2,6090,0,6090
1302,1994,3,6090,0,6090
1302,1994,4,6134,2815,3319
1302,1994,5,6211,5839,372
1302,1994,6,6192,21389,-15197
1302,1994,7,6153,3939,2214
1302,1994,8,6162,3939,2223
1302,1994,9,6165,6739,-574
1302,1994,10,6169,3939,2230
1302,1994,11,6170,7619,-1449
1302,1994,12,6170,5039,1131
1302,1995,1,6150,12899,-6749
1302,1995,2,6145,5539,606
1302,1995,3,6151,3939,2212
1302,1995,4,6160,3939,2221
1302,1995,5,6170,3939,2231
1302,1995,6,6179,3939,2240
1302,1995,7,6188,3939,2249
1302,1995,8,6198,3939,2259
1302,1995,9,6203,7999,-1796
1302,1995,10,6197,5259,938
1302,1995,11,6200,4899,1301
1302,1995,12,6205,5289,916
1302,1996,1,6164,19529,-13365
1302,1996,2,6157,3939,2218
1302,1996,3,6166,3939,2227
1302,1996,4,6173,4419,1754
1302,1996,5,6183,3939,2244
1302,1996,6,6187,6239,-52
1302,1996,7,6192,3939,2253
1302,1996,8,6195,6099,96
1302,1996,9,6195,7219,-1024
1302,1996,10,6190,6259,-69
1302,1996,11,6197,3939,2258
1302,1996,12,6205,4239,1966
1302,1997,1,6192,17829,-11637
1302,1997,2,6165,3939,2226
1302,1997,3,6172,6739,-567
1302,1997,4,6172,4419,1753
1302,1997,5,6180,3939,2241
1302,1997,6,6187,6259,-72
1302,1997,7,6185,5379,806
1302,1997,8,6191,5299,892
1302,1997,9,6196,3939,2257
1302,1997,10,6205,3939,2266
1302,1997,11,6214,3939,2275
1302,1997,12,6223,4489,1734
1302,1998,1,6204,14269,-8065
1302,1998,2,6197,3939,2258
1302,1998,3,6207,3939,2268
1302,1998,4,6216,3939,2277
1302,1998,5,6225,3939,2286
1302,1998,6,6208,14339,-8131
1302,1998,7,6201,3939,2262
1302,1998,8,6210,3939,2271
1302,1998,9,6220,3939,2281
1302,1998,10,6229,3939,2290
1302,1998,11,6238,4639,1599
1302,1998,12,6235,7134,-899
1303,1997,9,1100,0,1100
1303,1997,10,11723,0,11723
1303,1997,11,11586,0,11586
1303,1997,12,8216,4600,3616
1303,1998,1,5535,500,5035
1303,1998,2,5545,7316,-1771
1303,1998,3,5541,6316,-775
1303,1998,4,5531,4716,815
1303,1998,5,5544,5216,328
1303,1998,6,14666,8416,6250
1303,1998,7,5550,9216,-3666
1303,1998,8,5550,7216,-1666
1303,1998,9,5844,3616,2228
1303,1998,10,7860,3616,4244
1303,1998,11,5564,5616,-52
1303,1998,12,8275,7401,874
1304,1996,4,400,0,400
1304,1996,5,18907,0,18907
1304,1996,6,80,500,-420
1304,1996,7,80,300,-220
1304,1996,8,1380,0,1380
1304,1996,9,80,2100,-2020
1304,1996,10,80,500,-420
1304,1996,11,2080,0,2080
1304,1996,12,1280,0,1280
1304,1997,1,77527,6500,71027
1304,1997,2,45421,71715,-26294
1304,1997,3,34306,35698,-1392
1304,1997,4,33544,34715,-1171
1304,1997,5,59881,68815,-8934
1304,1997,6,12050,15615,-3565
1304,1997,7,35485,47176,-11691
1304,1997,8,129595,113610,15985
1304,1997,9,81305,58422,22883
1304,1997,10,82647,70843,11804
1304,1997,11,33994,32015,1979
1304,1997,12,30272,58515,-28243
1304,1998,1,160,37262,-37102
1304,1998,2,309,15,294
1304,1998,3,47405,39247,8158
1304,1998,4,2626,11715,-9089
1304,1998,5,1606,15,1591
1304,1998,6,14337,2315,12022
1304,1998,7,127,16486,-16359
1304,1998,8,2495,15,2480
1304,1998,9,3905,15,3890
1304,1998,10,7416,10688,-3272
1304,1998,11,6708,15,6693
1304,1998,12,3916,13200,-9284
1305,1993,8,400,0,400
1305,1993,9,17857,0,17857
1305,1993,10,10325,800,9525
1305,1993,11,10360,5600,4760
1305,1993,12,15498,11500,3998
1305,1994,1,10389,15815,-5426
1305,1994,2,10372,7115,3257
1305,1994,3,10383,9615,768
1305,1994,4,10391,8815,1576
1305,1994,5,10406,10815,-409
1305,1994,6,15508,19815,-4307
1305,1994,7,10375,8215,2160
1305,1994,8,10391,10715,-324
1305,1994,9,10380,13215,-2835
1305,1994,10,10373,7515,2858
1305,1994,11,10386,6715,3671
1305,1994,12,15536,10315,5221
1305,1995,1,10414,19815,-9401
1305,1995,2,10388,8515,1873
1305,1995,3,10389,8315,2074
1305,1995,4,10404,8615,1789
1305,1995,5,10400,11015,-615
1305,1995,6,15524,15915,-391
1305,1995,7,10402,10715,-313
1305,1995,8,10406,5915,4491
1305,1995,9,10415,10115,300
1305,1995,10,10421,8015,2406
1305,1995,11,10425,10715,-290
1305,1995,12,15547,13815,1732
1305,1996,1,10418,22715,-12297
1305,1996,2,10399,3515,6884
1305,1996,3,10415,7915,2500
1305,1996,4,10428,7115,3313
1305,1996,5,10438,11815,-1377
1305,1996,6,15552,14515,1037
1305,1996,7,11249,8315,2934
1305,1996,8,10474,7215,3259
1305,1996,9,11692,15,11677
1305,1996,10,10531,2115,8416
1305,1996,11,10536,11715,-1179
1305,1996,12,15679,8615,7064
1305,1997,1,10550,17515,-6965
1305,1997,2,10554,4215,6339
1305,1997,3,10564,9715,849
1305,1997,4,10570,8715,1855
1305,1997,5,10581,7815,2766
1305,1997,6,15674,37215,-21541
1305,1997,7,12733,15,12718
1305,1997,8,10558,6915,3643
1305,1997,9,10548,12115,-1567
1305,1997,10,10563,6915,3648
1305,1997,11,10599,915,9684
1305,1997,12,15763,5215,10548
1305,1998,1,11907,27615,-15708
1305,1998,2,10589,15,10574
1305,1998,3,10637,9415,1222
1305,1998,4,10653,9315,1338
1305,1998,5,10666,11215,-549
1305,1998,6,15763,15115,648
1305,1998,7,10660,7015,3645
1305,1998,8,10668,8015,2653
1305,1998,9,10673,1315,9358
1305,1998,10,10729,19015,-8286
1305,1998,11,25199,37115,-11916
1305,1998,12,15759,1500,14259
1306,1995,3,600,0,600
1306,1995,4,21780,0,21780
1306,1995,5,17154,9000,8154
1306,1995,6,25715,16400,9315
1306,1995,7,17212,19000,-1788
1306,1995,8,17216,25168,-7952
1306,1995,9,17195,18668,-1473
1306,1995,10,17179,19068,-1889
1306,1995,11,17194,18068,-874
1306,1995,12,25727,20168,5559
1306,1996,1,17186,25068,-7882
1306,1996,2,17176,13168,4008
1306,1996,3,17185,16468,717
1306,1996,4,17188,15768,1420
1306,1996,5,17186,20668,-3482
1306,1996,6,25704,38468,-12764
1306,1996,7,17140,10068,7072
1306,1996,8,17160,14068,3092
1306,1996,9,17168,14368,2800
1306,1996,10,17164,20668,-3504
1306,1996,11,17161,16768,393
1306,1996,12,25702,22068,3634
1306,1997,1,17150,25668,-8518
1306,1997,2,17132,19768,-2636
1306,1997,3,17131,15668,1463
1306,1997,4,17133,16968,165
1306,1997,5,17146,12668,4478
1306,1997,6,25683,24968,715
1306,1997,7,17153,19468,-2315
1306,1997,8,17149,14968,2181
1306,1997,9,17155,15368,1787
1306,1997,10,17167,14068,3099
1306,1997,11,17194,14268,2926
1306,1997,12,25735,22168,3567
1306,1998,1,19586,27868,-8282
1306,1998,2,19690,11968,7722
1306,1998,3,17197,18768,-1571
1306,1998,4,17215,8768,8447
1306,1998,5,17213,20268,-3055
1306,1998,6,25743,23068,2675
1306,1998,7,17194,23168,-5974
1306,1998,8,17193,18068,-875
1306,1998,9,17174,22368,-5194
1306,1998,10,17166,18468,-1302
1306,1998,11,17173,14468,2705
1306,1998,12,25732,15553,10179
1307,1994,12,7938,0,7938
1307,1995,1,13512,0,13512
1307,1995,2,5147,0,5147
1307,1995,3,5269,0,5269
1307,1995,4,5080,6295,-1215
1307,1995,5,5075,3412,1663
1307,1995,6,7543,23712,-16169
1307,1995,7,8827,3312,5515
1307,1995,8,7345,3312,4033
1307,1995,9,7061,3312,3749
1307,1995,10,6848,9592,-2744
1307,1995,11,10832,14472,-3640
1307,1995,12,12419,7312,5107
1307,1996,1,15241,18872,-3631
1307,1996,2,10153,8232,1921
1307,1996,3,5060,3712,1348
1307,1996,4,5955,7152,-1197
1307,1996,5,6942,8832,-1890
1307,1996,6,7530,5712,1818
1307,1996,7,5055,9392,-4337
1307,1996,8,5242,3312,1930
1307,1996,9,5046,8312,-3266
1307,1996,10,6838,3312,3526
1307,1996,11,7454,3312,4142
1307,1996,12,10731,10312,419
1307,1997,1,10329,19392,-9063
1307,1997,2,9136,3312,5824
1307,1997,3,5047,10952,-5905
1307,1997,4,5132,3312,1820
1307,1997,5,7926,9072,-1146
1307,1997,6,7513,3412,4101
1307,1997,7,5044,9212,-4168
1307,1997,8,5029,6612,-1583
1307,1997,9,5021,7512,-2491
1307,1997,10,5007,8292,-3285
1307,1997,11,6706,3312,3394
1307,1997,12,7488,8212,-724
1307,1998,1,5003,6992,-1989
1307,1998,2,5006,3312,1694
1307,1998,3,5012,3912,1100
1307,1998,4,5014,5212,-198
1307,1998,5,5017,3312,1705
1307,1998,6,7496,6512,984
1307,1998,7,5629,3312,2317
1307,1998,8,5029,8732,-3703
1307,1998,9,5018,6812,-1794
1307,1998,10,5014,3512,1502
1307,1998,11,5005,10112,-5107
1307,1998,12,7478,6997,481
1308,1996,9,400,0,400
1308,1996,10,5119,0,5119
1308,1996,11,5119,0,5119
1308,1996,12,5119,0,5119
1308,1997,1,5119,0,5119
1308,1997,2,5123,15,5108
1308,1997,3,5232,3221,2011
1308,1997,4,5240,3221,2019
1308,1997,5,5236,6341,-1105
1308,1997,6,5230,6721,-1491
1308,1997,7,5238,3221,2017
1308,1997,8,5247,3221,2026
1308,1997,9,5255,3221,2034
1308,1997,10,5250,6341,-1091
1308,1997,11,5259,3221,2038
1308,1997,12,5261,4471,790
1308,1998,1,5236,17351,-12115
1308,1998,2,5214,6501,-1287
1308,1998,3,5215,3221,1994
1308,1998,4,5223,3221,2002
1308,1998,5,5231,3221,2010
1308,1998,6,5216,12021,-6805
1308,1998,7,5211,3221,1990
1308,1998,8,5220,3221,1999
1308,1998,9,5224,3861,1363
1308,1998,10,5234,3221,2013
1308,1998,11,5242,3221,2021
1308,1998,12,5247,3506,1741
1309,1995,4,1000,0,1000
1309,1995,5,39609,6200,33409
1309,1995,6,59503,32500,27003
1309,1995,7,39793,36900,2893
1309,1995,8,39736,63100,-23364
1309,1995,9,39712,36014,3698
1309,1995,10,39706,44612,-4906
1309,1995,11,39677,56649,-16972
1309,1995,12,59447,42910,16537
1309,1996,1,39724,40214,-490
1309,1996,2,39754,18314,21440
1309,1996,3,39815,28814,11001
1309,1996,4,39849,33014,6835
1309,1996,5,39859,45214,-5355
1309,1996,6,59674,33314,26360
1309,1996,7,39903,62314,-22411
1309,1996,8,39828,66198,-26370
1309,1996,9,39771,34114,5657
1309,1996,10,39792,30514,9278
1309,1996,11,39821,33814,6007
1309,1996,12,59661,36114,23547
1309,1997,1,39734,101196,-61462
1309,1997,2,39723,20714,19009
1309,1997,3,39768,33514,6254
1309,1997,4,39705,56185,-16480
1309,1997,5,39730,32014,7716
1309,1997,6,59567,37014,22553
1309,1997,7,39785,65290,-25505
1309,1997,8,39745,33414,6331
1309,1997,9,39754,39614,140
1309,1997,10,39753,66514,-26761
1309,1997,11,39682,41638,-1956
1309,1997,12,59510,55714,3796
1309,1998,1,39692,37514,2178
1309,1998,2,39726,52614,-12888
1309,1998,3,39744,16122,23622
1309,1998,4,39762,53514,-13752
1309,1998,5,39681,39515,166
1309,1998,6,59520,30494,29026
1309,1998,7,39765,73614,-33849
1309,1998,8,39675,44614,-4939
1309,1998,9,39666,18793,20873
1309,1998,10,39730,53014,-13284
1309,1998,11,39707,10214,29493
1309,1998,12,59476,84505,-25029
1310,1996,2,1100,0,1100
1310,1996,3,18240,0,18240
1310,1996,4,6806,300,6506
1310,1996,5,6825,6400,425
1310,1996,6,10191,6200,3991
1310,1996,7,6843,9515,-2672
1310,1996,8,6832,8815,-1983
1310,1996,9,6820,8915,-2095
1310,1996,10,6816,8515,-1699
1310,1996,11,6810,7115,-305
1310,1996,12,10172,9015,1157
1310,1997,1,6796,15315,-8519
1310,1997,2,7890,1515,6375
1310,1997,3,6804,5915,889
1310,1997,4,6805,12315,-5510
1310,1997,5,6799,3015,3784
1310,1997,6,10162,8615,1547
1310,1997,7,6809,8115,-1306
1310,1997,8,6801,6315,486
1310,1997,9,6798,8515,-1717
1310,1997,10,6793,7515,-722
1310,1997,11,6796,4915,1881
1310,1997,12,10173,3715,6458
1310,1998,1,6790,19815,-13025
1310,1998,2,6786,615,6171
1310,1998,3,6799,6315,484
1310,1998,4,6796,7515,-719
1310,1998,5,6796,6915,-119
1310,1998,6,10153,15615,-5462
1310,1998,7,6774,15,6759
1310,1998,8,6802,15,6787
1310,1998,9,6797,16015,-9218
1310,1998,10,6804,1615,5189
1310,1998,11,6814,15,6799
1310,1998,12,10174,22900,-12726
1311,1996,1,14894,0,14894
1311,1996,2,18067,0,18067
1311,1996,3,14505,6600,7905
1311,1996,4,14516,12700,1816
1311,1996,5,14492,24462,-9970
1311,1996,6,21667,16642,5025
1311,1996,7,14465,30442,-15977
1311,1996,8,14445,18142,-3697
1311,1996,9,14430,15842,-1412
1311,1996,10,14425,11542,2883
1311,1996,11,14418,20582,-6164
1311,1996,12,21586,22762,-1176
1311,1997,1,14395,14442,-47
1311,1997,2,15904,11022,4882
1311,1997,3,14425,15922,-1497
1311,1997,4,15014,12102,2912
1311,1997,5,14432,12042,2390
1311,1997,6,21539,38462,-16923
1311,1997,7,17575,9342,8233
1311,1997,8,14405,11942,2463
1311,1997,9,14410,17242,-2832
1311,1997,10,14398,13422,976
1311,1997,11,14407,11242,3165
1311,1997,12,21602,23942,-2340
1311,1998,1,14398,17002,-2604
1311,1998,2,14402,9442,4960
1311,1998,3,14416,15142,-726
1311,1998,4,14417,11642,2775
1311,1998,5,14428,11642,2786
1311,1998,6,21618,23782,-2164
1311,1998,7,14422,16482,-2060
1311,1998,8,14411,17942,-3531
1311,1998,9,14408,10942,3466
1311,1998,10,14412,16442,-2030
1311,1998,11,14408,13602,806
1311,1998,12,21600,19127,2473
1312,1994,10,400,0,400
1312,1994,11,5735,0,5735
1312,1994,12,5735,0,5735
1312,1995,1,5735,0,5735
1312,1995,2,5735,0,5735
1312,1995,3,5802,1215,4587
1312,1995,4,5849,7405,-1556
1312,1995,5,5838,8065,-2227
1312,1995,6,5834,7305,-1471
1312,1995,7,5829,6405,-576
1312,1995,8,5825,6885,-1060
1312,1995,9,5829,3705,2124
1312,1995,10,5829,7145,-1316
1312,1995,11,5838,1705,4133
1312,1995,12,5853,2755,3098
1312,1996,1,5846,10345,-4499
1312,1996,2,5849,1705,4144
1312,1996,3,5860,3605,2255
1312,1996,4,5869,4365,1504
1312,1996,5,5880,2205,3675
1312,1996,6,5891,3505,2386
1312,1996,7,5886,8705,-2819
1312,1996,8,5883,5205,678
1312,1996,9,5872,8905,-3033
1312,1996,10,5858,10885,-5027
1312,1996,11,5853,6605,-752
1312,1996,12,5849,4955,894
1312,1997,1,5836,11765,-5929
1312,1997,2,5831,5885,-54
1312,1997,3,5835,3005,2830
1312,1997,4,5832,7245,-1413
1312,1997,5,5837,4005,1832
1312,1997,6,5841,5005,836
1312,1997,7,5838,11205,-5367
1312,1997,8,5833,7305,-1472
1312,1997,9,5827,7205,-1378
1312,1997,10,5821,6605,-784
1312,1997,11,5816,8805,-2989
1312,1997,12,5806,3005,2801
1312,1998,1,5799,8425,-2626
1312,1998,2,5807,1705,4102
1312,1998,3,5818,4585,1233
1312,1998,4,5829,2105,3724
1312,1998,5,5845,1705,4140
1312,1998,6,5850,19705,-13855
1312,1998,7,5804,1705,4099
1312,1998,8,5821,1705,4116
1312,1998,9,5824,5625,199
1312,1998,10,5839,1705,4134
1312,1998,11,5856,1705,4151
1312,1998,12,5866,5120,746
1313,1997,10,12402,0,12402
1313,1997,11,69267,29300,39967
1313,1997,12,142527,134715,7812
1313,1998,1,3624,44115,-40491
1313,1998,2,100927,81415,19512
1313,1998,3,71797,55084,16713
1313,1998,4,39658,39315,343
1313,1998,5,8410,24415,-16005
1313,1998,6,26315,29015,-2700
1313,1998,7,29893,28623,1270
1313,1998,8,89331,68915,20416
1313,1998,9,92221,99815,-7594
1313,1998,10,50615,50115,500
1313,1998,11,134478,146815,-12337
1313,1998,12,28713,26700,2013
1314,1993,12,25689,0,25689
1314,1994,1,16825,1800,15025
1314,1994,2,16867,7300,9567
1314,1994,3,16895,10700,6195
1314,1994,4,16874,24504,-7630
1314,1994,5,16860,19504,-2644
1314,1994,6,25220,21244,3976
1314,1994,7,16863,31904,-15041
1314,1994,8,16840,15804,1036
1314,1994,9,16843,16204,639
1314,1994,10,16840,22064,-5224
1314,1994,11,16824,13304,3520
1314,1994,12,25191,23344,1847
1314,1995,1,16841,19704,-2863
1314,1995,2,16831,19704,-2873
1314,1995,3,16819,17904,-1085
1314,1995,4,16814,19104,-2290
1314,1995,5,16805,16504,301
1314,1995,6,25149,27024,-1875
1314,1995,7,16795,18404,-1609
1314,1995,8,16791,14204,2587
1314,1995,9,16800,15304,1496
1314,1995,10,16803,20004,-3201
1314,1995,11,16775,20224,-3449
1314,1995,12,25132,18124,7008
1314,1996,1,16802,17204,-402
1314,1996,2,16805,13404,3401
1314,1996,3,16807,16924,-117
1314,1996,4,16814,17504,-690
1314,1996,5,16814,14204,2610
1314,1996,6,25172,21604,3568
1314,1996,7,16831,18704,-1873
1314,1996,8,16821,23484,-6663
1314,1996,9,16804,12604,4200
1314,1996,10,16814,16604,210
1314,1996,11,16820,13404,3416
1314,1996,12,25160,26744,-1584
1314,1997,1,16822,16304,518
1314,1997,2,16821,16604,217
1314,1997,3,16826,15304,1522
1314,1997,4,16832,15304,1528
1314,1997,5,16834,20664,-3830
1314,1997,6,25190,12244,12946
1314,1997,7,16887,11804,5083
1314,1997,8,16890,17004,-114
1314,1997,9,16894,14704,2190
1314,1997,10,16898,16504,394
1314,1997,11,16906,14844,2062
1314,1997,12,25251,22824,2427
1314,1998,1,16914,17304,-390
1314,1998,2,16911,17824,-913
1314,1998,3,16914,15404,1510
1314,1998,4,16915,17204,-289
1314,1998,5,16912,19744,-2832
1314,1998,6,25252,19304,5948
1314,1998,7,16930,15204,1726
1314,1998,8,16921,20204,-3283
1314,1998,9,16949,13004,3945
1314,1998,10,16952,17304,-352
1314,1998,11,16910,23304,-6394
1314,1998,12,25215,33689,-8474
1315,1995,4,900,0,900
1315,1995,5,16744,0,16744
1315,1995,6,14210,2200,12010
1315,1995,7,9535,7800,1735
1315,1995,8,9548,5400,4148
1315,1995,9,9569,11287,-1718
1315,1995,10,9562,10287,-725
1315,1995,11,9546,11687,-2141
1315,1995,12,14254,12427,1827
1315,1996,1,9512,22047,-12535
1315,1996,2,9505,6587,2918
1315,1996,3,12623,7367,5256
1315,1996,4,9536,7587,1949
1315,1996,5,9735,14327,-4592
1315,1996,6,14222,15827,-1605
1315,1996,7,10826,6287,4539
1315,1996,8,9540,6387,3153
1315,1996,9,9539,11287,-1748
1315,1996,10,9534,10287,-753
1315,1996,11,11348,7007,4341
1315,1996,12,14258,14967,-709
1315,1997,1,9524,26427,-16903
1315,1997,2,14004,6287,7717
1315,1997,3,12023,10967,1056
1315,1997,4,9517,8687,830
1315,1997,5,9528,6287,3241
1315,1997,6,14244,14467,-223
1315,1997,7,9533,9187,346
1315,1997,8,15365,6287,9078
1315,1997,9,11991,6287,5704
1315,1997,10,9605,6487,3118
1315,1997,11,9602,14467,-4865
1315,1997,12,14299,11607,2692
1315,1998,1,17764,30847,-13083
1315,1998,2,9552,6287,3265
1315,1998,3,13282,6287,6995
1315,1998,4,9594,7287,2307
1315,1998,5,9575,22787,-13212
1315,1998,6,14252,20807,-6555
1315,1998,7,9520,10067,-547
1315,1998,8,9514,11947,-2433
1315,1998,9,9498,13167,-3669
1315,1998,10,9491,11887,-2396
1315,1998,11,9483,8887,596
1315,1998,12,14204,10232,3972
1316,1996,12,300,0,300
1316,1997,1,2973,0,2973
1316,1997,2,2973,0,2973
1316,1997,3,2973,0,2973
1316,1997,4,2973,0,2973
1316,1997,5,3014,1997,1017
1316,1997,6,3032,1997,1035
1316,1997,7,3036,1997,1039
1316,1997,8,3038,3377,-339
1316,1997,9,3039,1997,1042
1316,1997,10,3043,1997,1046
1316,1997,11,3047,2687,360
1316,1997,12,3047,3527,-480
1316,1998,1,3034,6857,-3823
1316,1998,2,3031,1997,1034
1316,1998,3,3037,1997,1040
1316,1998,4,3039,3047,-8
1316,1998,5,3039,2597,442
1316,1998,6,3036,4697,-1661
1316,1998,7,3034,1997,1037
1316,1998,8,3039,1997,1042
1316,1998,9,3043,1997,1046
1316,1998,10,3043,3377,-334
1316,1998,11,3046,1997,1049
1316,1998,12,3050,2462,588
1317,1994,2,1100,0,1100
1317,1994,3,6732,0,6732
1317,1994,4,6732,0,6732
1317,1994,5,6732,0,6732
1317,1994,6,6782,200,6582
1317,1994,7,6849,6415,434
1317,1994,8,6856,5508,1348
1317,1994,9,6853,9408,-2555
1317,1994,10,6853,4308,2545
1317,1994,11,6849,10008,-3159
1317,1994,12,6841,10788,-3947
1317,1995,1,6803,15188,-8385
1317,1995,2,6800,3508,3292
1317,1995,3,6814,3508,3306
1317,1995,4,6825,4708,2117
1317,1995,5,6833,5308,1525
1317,1995,6,6837,5908,929
1317,1995,7,6839,6608,231
1317,1995,8,6845,4308,2537
1317,1995,9,6835,10468,-3633
1317,1995,10,6843,3508,3335
1317,1995,11,6857,5708,1149
1317,1995,12,6860,4708,2152
1317,1996,1,6850,13408,-6558
1317,1996,2,6843,3508,3335
1317,1996,3,6857,3508,3349
1317,1996,4,6866,4808,2058
1317,1996,5,6880,3508,3372
1317,1996,6,6879,10108,-3229
1317,1996,7,6860,9408,-2548
1317,1996,8,6868,4628,2240
1317,1996,9,6876,4208,2668
1317,1996,10,6884,5208,1676
1317,1996,11,6875,10008,-3133
1317,1996,12,6870,7708,-838
1317,1997,1,6843,16188,-9345
1317,1997,2,6841,3508,3333
1317,1997,3,6855,3508,3347
1317,1997,4,6866,4208,2658
1317,1997,5,6880,3508,3372
1317,1997,6,6859,19258,-12399
1317,1997,7,6842,3508,3334
1317,1997,8,6850,6228,622
1317,1997,9,6859,3508,3351
1317,1997,10,6873,3708,3165
1317,1997,11,6885,6808,77
1317,1997,12,6881,7358,-477
1317,1998,1,6857,16098,-9241
1317,1998,2,6834,6548,286
1317,1998,3,6846,3508,3338
1317,1998,4,6860,3508,3352
1317,1998,5,6874,3508,3366
1317,1998,6,6869,19798,-12929
1317,1998,7,6825,7268,-443
1317,1998,8,6832,3508,3324
1317,1998,9,6840,11008,-4168
1317,1998,10,6823,8808,-1985
1317,1998,11,6816,7808,-992
1317,1998,12,6814,4693,2121
1318,1997,12,200,0,200
1318,1998,1,10300,0,10300
1318,1998,2,6100,0,6100
1318,1998,3,16721,6900,9821
1318,1998,4,24567,11100,13467
1318,1998,5,166,10900,-10734
1318,1998,6,166,2200,-2034
1318,1998,7,266,0,266
1318,1998,8,43682,25415,18267
1318,1998,9,37243,58019,-20776
1318,1998,10,7866,18367,-10501
1318,1998,11,11044,13213,-2169
1318,1998,12,47841,25852,21989
1319,1997,8,1000,0,1000
1319,1997,9,13600,0,13600
1319,1997,10,6700,0,6700
1319,1997,11,34728,5100,29628
1319,1997,12,7007,9700,-2693
1319,1998,1,22225,9200,13025
1319,1998,2,254,13300,-13046
1319,1998,3,254,7500,-7246
1319,1998,4,34955,17331,17624
1319,1998,5,123485,79940,43545
1319,1998,6,52430,99631,-47201
1319,1998,7,170,20431,-20261
1319,1998,8,3631,8531,-4900
1319,1998,9,48638,18131,30507
1319,1998,10,35242,33331,1911
1319,1998,11,34759,23631,11128
1319,1998,12,188,34331,-34143
1320,1996,11,1000,0,1000
1320,1996,12,25685,0,25685
1320,1997,1,13620,3900,9720
1320,1997,2,13650,9300,4350
1320,1997,3,13667,9700,3967
1320,1997,4,13676,13415,261
1320,1997,5,13680,14628,-948
1320,1997,6,20392,42228,-21836
1320,1997,7,13598,9528,4070
1320,1997,8,13608,12228,1380
1320,1997,9,13610,13528,82
1320,1997,10,13610,13028,582
1320,1997,11,13605,15928,-2323
1320,1997,12,20354,18728,1626
1320,1998,1,13567,27928,-14361
1320,1998,2,13551,11928,1623
1320,1998,3,13553,14128,-575
1320,1998,4,13565,8528,5037
1320,1998,5,13577,11928,1649
1320,1998,6,20332,22128,-1796
1320,1998,7,13569,13928,-359
1320,1998,8,13565,14428,-863
1320,1998,9,13586,17728,-4142
1320,1998,10,13571,5528,8043
1320,1998,11,13604,5528,8076
1320,1998,12,20384,11813,8571
1321,1997,3,200,0,200
1321,1997,4,13635,0,13635
1321,1997,5,5687,0,5687
1321,1997,6,6124,300,5824
1321,1997,7,4132,2300,1832
1321,1997,8,4130,8058,-3928
1321,1997,9,6929,2698,4231
1321,1997,10,4138,6598,-2460
1321,1997,11,4128,6398,-2270
1321,1997,12,6140,6218,-78
1321,1998,1,9395,18778,-9383
1321,1998,2,10492,2698,7794
1321,1998,3,7421,2698,4723
1321,1998,4,4636,5458,-822
1321,1998,5,5935,2698,3237
1321,1998,6,7243,13498,-6255
1321,1998,7,4116,4998,-882
1321,1998,8,4116,2998,1118
1321,1998,9,4121,2698,1423
1321,1998,10,4126,3398,728
1321,1998,11,10024,11698,-1674
1321,1998,12,6138,3803,2335
1322,1993,7,4651,0,4651
1322,1993,8,4454,0,4454
1322,1993,9,4454,0,4454
1322,1993,10,4454,0,4454
1322,1993,11,4503,2931,1572
1322,1993,12,4520,3931,589
1322,1994,1,4503,12371,-7868
1322,1994,2,4492,2931,1561
1322,1994,3,4491,5331,-840
1322,1994,4,4495,2931,1564
1322,1994,5,4501,2931,1570
1322,1994,6,4491,9481,-4990
1322,1994,7,4487,2931,1556
1322,1994,8,4494,2931,1563
1322,1994,9,4500,2931,1569
1322,1994,10,4498,6211,-1713
1322,1994,11,4502,3411,1091
1322,1994,12,4504,3781,723
1322,1995,1,4491,8291,-3800
1322,1995,2,4491,2931,1560
1322,1995,3,4498,2931,1567
1322,1995,4,4504,2931,1573
1322,1995,5,4507,4931,-424
1322,1995,6,4508,3651,857
1322,1995,7,4513,2931,1582
1322,1995,8,4517,4531,-14
1322,1995,9,4519,2931,1588
1322,1995,10,4526,2931,1595
1322,1995,11,4532,2931,1601
1322,1995,12,4537,5351,-814
1322,1996,1,4503,12661,-8158
1322,1996,2,4501,2931,1570
1322,1996,3,4508,2931,1577
1322,1996,4,4514,2931,1583
1322,1996,5,4521,2931,1590
1322,1996,6,4511,9441,-4930
1322,1996,7,4505,4051,454
1322,1996,8,4501,5571,-1070
1322,1996,9,4500,4451,49
1322,1996,10,4505,2931,1574
1322,1996,11,4511,2931,1580
1322,1996,12,4515,3731,784
1322,1997,1,4508,9011,-4503
1322,1997,2,4502,2931,1571
1322,1997,3,4508,3651,857
1322,1997,4,4512,2931,1581
1322,1997,5,4519,2931,1588
1322,1997,6,4519,4931,-412
1322,1997,7,4523,2931,1592
1322,1997,8,4529,3411,1118
1322,1997,9,4535,2931,1604
1322,1997,10,4540,3731,809
1322,1997,11,4545,2931,1614
1322,1997,12,4549,3831,718
1322,1998,1,4516,14981,-10465
1322,1998,2,4510,2931,1579
1322,1998,3,4517,2931,1586
1322,1998,4,4524,2931,1593
1322,1998,5,4529,5651,-1122
1322,1998,6,4513,8111,-3598
1322,1998,7,4510,2931,1579
1322,1998,8,4517,2931,1586
1322,1998,9,4523,2931,1592
1322,1998,10,4526,6691,-2165
1322,1998,11,4521,2931,1590
1322,1998,12,4527,3216,1311
1323,1996,5,600,0,600
1323,1996,6,31585,4200,27385
1323,1996,7,21155,13100,8055
1323,1996,8,21188,14100,7088
1323,1996,9,21210,17900,3310
1323,1996,10,21220,20215,1005
1323,1996,11,21220,28055,-6835
1323,1996,12,31716,30195,1521
1323,1997,1,21177,34435,-13258
1323,1997,2,21861,13335,8526
1323,1997,3,21202,18735,2467
1323,1997,4,21214,16135,5079
1323,1997,5,21214,21735,-521
1323,1997,6,31705,43995,-12290
1323,1997,7,21178,13835,7343
1323,1997,8,21189,21335,-146
1323,1997,9,21212,11235,9977
1323,1997,10,21251,12235,9016
1323,1997,11,21263,20635,628
1323,1997,12,31811,19075,12736
1323,1998,1,21275,31995,-10720
1323,1998,2,21274,17615,3659
1323,1998,3,21317,10935,10382
1323,1998,4,21339,17235,4104
1323,1998,5,21336,24135,-2799
1323,1998,6,31817,47975,-16158
1323,1998,7,21288,13135,8153
1323,1998,8,21308,17515,3793
1323,1998,9,21284,28375,-7091
1323,1998,10,21277,22035,-758
1323,1998,11,21277,22435,-1158
1323,1998,12,31820,19020,12800
1324,1996,11,18615,0,18615
1324,1996,12,31262,0,31262
1324,1997,1,18492,9000,9492
1324,1997,2,18503,17300,1203
1324,1997,3,18513,16595,1918
1324,1997,4,18481,26636,-8155
1324,1997,5,18473,19296,-823
1324,1997,6,27627,19976,7651
1324,1997,7,18480,25236,-6756
1324,1997,8,18470,19636,-1166
1324,1997,9,18471,18536,-65
1324,1997,10,18481,30136,-11655
1324,1997,11,18470,20456,-1986
1324,1997,12,27605,21456,6149
1324,1998,1,18489,19236,-747
1324,1998,2,18486,17236,1250
1324,1998,3,18493,17936,557
1324,1998,4,18496,15536,2960
1324,1998,5,18504,17136,1368
1324,1998,6,27665,21236,6429
1324,1998,7,18534,17836,698
1324,1998,8,18532,22136,-3604
1324,1998,9,18520,17336,1184
1324,1998,10,18516,24256,-5740
1324,1998,11,18486,21036,-2550
1324,1998,12,27643,12101,15542
1325,1996,8,3503,0,3503
1325,1996,9,3208,0,3208
1325,1996,10,3208,0,3208
1325,1996,11,3208,0,3208
1325,1996,12,3239,2143,1096
1325,1997,1,3251,5293,-2042
1325,1997,2,3247,2143,1104
1325,1997,3,3252,2143,1109
1325,1997,4,3257,2143,1114
1325,1997,5,3261,2143,1118
1325,1997,6,3260,4663,-1403
1325,1997,7,3259,2923,336
1325,1997,8,3260,3103,157
1325,1997,9,3262,2143,1119
1325,1997,10,3267,2143,1124
1325,1997,11,3272,2143,1129
1325,1997,12,3274,3343,-69
1325,1998,1,3273,3283,-10
1325,1998,2,3276,2143,1133
1325,1998,3,3281,2143,1138
1325,1998,4,3281,4453,-1172
1325,1998,5,3277,3253,24
1325,1998,6,3273,5593,-2320
1325,1998,7,3270,3133,137
1325,1998,8,3271,2143,1128
1325,1998,9,3276,2143,1133
1325,1998,10,3281,2143,1138
1325,1998,11,3285,3313,-28
1325,1998,12,3285,2818,467
1326,1996,11,800,0,800
1326,1996,12,17299,0,17299
1326,1997,1,6158,0,6158
1326,1997,2,4672,2600,2072
1326,1997,3,4672,5600,-928
1326,1997,4,4661,9992,-5331
1326,1997,5,10261,5938,4323
1326,1997,6,8668,3058,5610
1326,1997,7,4679,8498,-3819
1326,1997,8,4667,7658,-2991
1326,1997,9,6273,3058,3215
1326,1997,10,4676,4658,18
1326,1997,11,4668,7058,-2390
1326,1997,12,7947,16578,-8631
1326,1998,1,5924,8578,-2654
1326,1998,2,8838,3058,5780
1326,1998,3,4646,3858,788
1326,1998,4,4650,3458,1192
1326,1998,5,4632,12038,-7406
1326,1998,6,10321,6778,3543
1326,1998,7,4629,7778,-3149
1326,1998,8,4627,3058,1569
1326,1998,9,4633,3058,1575
1326,1998,10,4638,3778,860
1326,1998,11,4644,3058,1586
1326,1998,12,6930,8083,-1153
1327,1994,8,400,0,400
1327,1994,9,12614,0,12614
1327,1994,10,7163,0,7163
1327,1994,11,17087,8900,8187
1327,1994,12,1516,2615,-1099
1327,1995,1,1490,14565,-13075
1327,1995,2,19850,6015,13835
1327,1995,3,1511,5615,-4104
1327,1995,4,3396,3715,-319
1327,1995,5,2097,2415,-318
1327,1995,6,1497,1615,-118
1327,1995,7,1493,3515,-2022
1327,1995,8,1488,1415,73
1327,1995,9,1486,2915,-1429
1327,1995,10,26778,11415,15363
1327,1995,11,1540,4815,-3275
1327,1995,12,1526,4515,-2989
1327,1996,1,46093,13565,32528
1327,1996,2,1616,22715,-21099
1327,1996,3,1540,14465,-12925
1327,1996,4,1504,7015,-5511
1327,1996,5,1489,2315,-826
1327,1996,6,2387,2265,122
1327,1996,7,1891,1465,426
1327,1996,8,1794,15,1779
1327,1996,9,1601,15,1586
1327,1996,10,1506,215,1291
1327,1996,11,51432,515,50917
1327,1996,12,1643,29015,-27372
1327,1997,1,45114,44915,199
1327,1997,2,1585,12215,-10630
1327,1997,3,1549,7815,-6266
1327,1997,4,1523,6915,-5392
1327,1997,5,1917,1315,602
1327,1997,6,3908,8815,-4907
1327,1997,7,4001,1865,2136
1327,1997,8,1507,915,592
1327,1997,9,3816,15,3801
1327,1997,10,8386,15,8371
1327,1997,11,1548,5815,-4267
1327,1997,12,1530,6665,-5135
1327,1998,1,1491,14915,-13424
1327,1998,2,5974,15,5959
1327,1998,3,1489,815,674
1327,1998,4,1694,15,1679
1327,1998,5,1497,1515,-18
1327,1998,6,1487,6015,-4528
1327,1998,7,1476,2265,-789
1327,1998,8,6867,4915,1952
1327,1998,9,14992,4915,10077
1327,1998,10,1495,13715,-12220
1327,1998,11,1474,15,1459
1327,1998,12,1479,1900,-421
1328,1996,5,33706,0,33706
1328,1996,6,49025,5700,43325
1328,1996,7,32844,24700,8144
1328,1996,8,32873,26200,6673
1328,1996,9,32854,62775,-29921
1328,1996,10,32755,56509,-23754
1328,1996,11,32677,46016,-13339
1328,1996,12,48930,29815,19115
1328,1997,1,32688,52883,-20195
1328,1997,2,32626,25686,6940
1328,1997,3,32698,31981,717
1328,1997,4,32684,28929,3755
1328,1997,5,32656,26815,5841
1328,1997,6,48974,40563,8411
1328,1997,7,32733,45483,-12750
1328,1997,8,32657,23015,9642
1328,1997,9,32696,25215,7481
1328,1997,10,32729,24115,8614
1328,1997,11,32758,31615,1143
1328,1997,12,49844,83097,-33253
1328,1998,1,39961,37215,2746
1328,1998,2,32647,27515,5132
1328,1998,3,32660,35915,-3255
1328,1998,4,32658,20415,12243
1328,1998,5,32697,39915,-7218
1328,1998,6,48938,25215,23723
1328,1998,7,32764,30815,1949
1328,1998,8,32823,30515,2308
1328,1998,9,32784,29615,3169
1328,1998,10,32795,30815,1980
1328,1998,11,32803,39750,-6947
1328,1998,12,49057,52863,-3806
1329,1996,9,500,0,500
1329,1996,10,16798,0,16798
1329,1996,11,11851,3900,7951
1329,1996,12,17762,11200,6562
1329,1997,1,11896,10800,1096
1329,1997,2,11894,14964,-3070
1329,1997,3,11870,17136,-5266
1329,1997,4,11855,16364,-4509
1329,1997,5,11847,12164,-317
1329,1997,6,17740,16264,1476
1329,1997,7,11848,13164,-1316
1329,1997,8,11845,12664,-819
1329,1997,9,11843,12324,-481
1329,1997,10,11827,17024,-5197
1329,1997,11,11814,13924,-2110
1329,1997,12,17706,14024,3682
1329,1998,1,11827,11724,103
1329,1998,2,15143,10424,4719
1329,1998,3,11847,12224,-377
1329,1998,4,11838,14624,-2786
1329,1998,5,11829,13624,-1795
1329,1998,6,17722,14024,3698
1329,1998,7,11827,16824,-4997
1329,1998,8,11809,15124,-3315
1329,1998,9,11804,13564,-1760
1329,1998,10,11801,11364,437
1329,1998,11,19134,10764,8370
1329,1998,12,21247,12449,8798
1330,1996,10,900,0,900
1330,1996,11,40203,12200,28003
1330,1996,12,120,5000,-4880
1330,1997,1,120,3200,-3080
1330,1997,2,68334,37900,30434
1330,1997,3,68435,62115,6320
1330,1997,4,48647,69915,-21268
1330,1997,5,11494,16715,-5221
1330,1997,6,106768,42115,64653
1330,1997,7,47585,94415,-46830
1330,1997,8,237130,212253,24877
1330,1997,9,109592,135920,-26328
1330,1997,10,116724,92415,24309
1330,1997,11,208,45127,-44919
1330,1997,12,97,12615,-12518
1330,1998,1,38968,32615,6353
1330,1998,2,54313,14715,39598
1330,1998,3,201,27015,-26814
1330,1998,4,114,11715,-11601
1330,1998,5,3180,8115,-4935
1330,1998,6,8072,7415,657
1330,1998,7,35503,22655,12848
1330,1998,8,20654,29415,-8761
1330,1998,9,75,7415,-7340
1330,1998,10,961,7715,-6754
1330,1998,11,30,7615,-7585
1330,1998,12,42433,16400,26033
1331,1995,1,11424,0,11424
1331,1995,2,19593,0,19593
1331,1995,3,10936,5000,5936
1331,1995,4,10953,7700,3253
1331,1995,5,10970,6415,4555
1331,1995,6,16361,16531,-170
1331,1995,7,10950,16331,-5381
1331,1995,8,10943,18331,-7388
1331,1995,9,10939,7831,3108
1331,1995,10,10935,18431,-7496
1331,1995,11,10918,11231,-313
1331,1995,12,16320,12031,4289
1331,1996,1,10882,20331,-9449
1331,1996,2,10898,6031,4867
1331,1996,3,10915,12231,-1316
1331,1996,4,10907,14310,-3403
1331,1996,5,10897,8431,2466
1331,1996,6,16313,15231,1082
1331,1996,7,10910,10131,779
1331,1996,8,10911,14220,-3309
1331,1996,9,10899,9431,1468
1331,1996,10,10907,7131,3776
1331,1996,11,10917,10431,486
1331,1996,12,16312,18431,-2119
1331,1997,1,10906,16431,-5525
1331,1997,2,10887,10631,256
1331,1997,3,10886,12931,-2045
1331,1997,4,10881,9431,1450
1331,1997,5,10879,15631,-4752
1331,1997,6,16275,10931,5344
1331,1997,7,10877,14631,-3754
1331,1997,8,10868,12431,-1563
1331,1997,9,10874,4431,6443
1331,1997,10,10876,18631,-7755
1331,1997,11,10868,4431,6437
1331,1997,12,16279,18731,-2452
1331,1998,1,10861,15831,-4970
1331,1998,2,10848,12131,-1283
1331,1998,3,10859,4431,6428
1331,1998,4,10885,4431,6454
1331,1998,5,10880,20631,-9751
1331,1998,6,16282,4431,11851
1331,1998,7,10921,4431,6490
1331,1998,8,10928,15531,-4603
1331,1998,9,10928,4431,6497
1331,1998,10,10956,4431,6525
1331,1998,11,10982,4431,6551
1331,1998,12,16314,46316,-30002
1332,1993,3,300,0,300
1332,1993,4,22356,1300,21056
1332,1993,5,22435,12200,10235
1332,1993,6,33651,18900,14751
1332,1993,7,22528,21800,728
1332,1993,8,22528,24215,-1687
1332,1993,9,22541,22870,-329
1332,1993,10,22511,28690,-6179
1332,1993,11,22508,19630,2878
1332,1993,12,33696,35990,-2294
1332,1994,1,22482,44350,-21868
1332,1994,2,22444,6970,15474
1332,1994,3,22496,16970,5526
1332,1994,4,22513,19170,3343
1332,1994,5,22528,18770,3758
1332,1994,6,33723,25770,7953
1332,1994,7,22559,24650,-2091
1332,1994,8,22552,24770,-2218
1332,1994,9,22540,26830,-4290
1332,1994,10,22536,18170,4366
1332,1994,11,22550,19370,3180
1332,1994,12,33735,29570,4165
1332,1995,1,22533,44650,-22117
1332,1995,2,28832,4770,24062
1332,1995,3,22584,21370,1214
1332,1995,4,22583,23430,-847
1332,1995,5,22578,23370,-792
1332,1995,6,33734,44250,-10516
1332,1995,7,22569,7270,15299
1332,1995,8,22614,13670,8944
1332,1995,9,22650,13170,9480
1332,1995,10,22670,20270,2400
1332,1995,11,22679,19670,3009
1332,1995,12,33879,25390,8489
1332,1996,1,22672,53510,-30838
1332,1996,2,22629,7970,14659
1332,1996,3,22665,17990,4675
1332,1996,4,22677,18470,4207
1332,1996,5,22680,23170,-490
1332,1996,6,33862,46430,-12568
1332,1996,7,22661,13970,8691
1332,1996,8,22660,22570,90
1332,1996,9,22657,23370,-713
1332,1996,10,22649,23530,-881
1332,1996,11,22655,24990,-2335
1332,1996,12,33844,21710,12134
1332,1997,1,22649,38930,-16281
1332,1997,2,22651,14270,8381
1332,1997,3,22682,16170,6512
1332,1997,4,22700,18570,4130
1332,1997,5,22707,21670,1037
1332,1997,6,33792,57070,-23278
1332,1997,7,22662,7570,15092
1332,1997,8,22696,31770,-9074
1332,1997,9,22696,24390,-1694
1332,1997,10,22689,20570,2119
1332,1997,11,22686,23490,-804
1332,1997,12,33867,29690,4177
1332,1998,1,22678,25770,-3092
1332,1998,2,22695,18070,4625
1332,1998,3,22714,22970,-256
1332,1998,4,22713,19070,3643
1332,1998,5,22720,18810,3910
1332,1998,6,33834,39450,-5616
1332,1998,7,22718,18170,4548
1332,1998,8,22734,19870,2864
1332,1998,9,22742,21870,872
1332,1998,10,22742,24970,-2228
1332,1998,11,22735,19970,2765
1332,1998,12,33909,32755,1154
1333,1994,9,300,0,300
1333,1994,10,14769,0,14769
1333,1994,11,9829,1500,8329
1333,1994,12,14745,7500,7245
1333,1995,1,9892,7200,2692
1333,1995,2,9911,10115,-204
1333,1995,3,9906,12223,-2317
1333,1995,4,9896,12023,-2127
1333,1995,5,9887,11023,-1136
1333,1995,6,14774,12523,2251
1333,1995,7,9877,16223,-6346
1333,1995,8,9866,9323,543
1333,1995,9,9868,9123,745
1333,1995,10,9871,9723,148
1333,1995,11,9974,6523,3451
1333,1995,12,14771,16023,-1252
1333,1996,1,12259,17823,-5564
1333,1996,2,9857,8923,934
1333,1996,3,9862,8323,1539
1333,1996,4,9864,11523,-1659
1333,1996,5,9858,10323,-465
1333,1996,6,14736,12623,2113
1333,1996,7,9862,11823,-1961
1333,1996,8,9859,8623,1236
1333,1996,9,9859,11123,-1264
1333,1996,10,9848,15223,-5375
1333,1996,11,9820,13723,-3903
1333,1996,12,14708,12523,2185
1333,1997,1,9821,9923,-102
1333,1997,2,9825,9823,2
1333,1997,3,9824,10423,-599
1333,1997,4,9825,8523,1302
1333,1997,5,9827,11023,-1196
1333,1997,6,15724,6523,9201
1333,1997,7,9866,7523,2343
1333,1997,8,9878,6823,3055
1333,1997,9,10290,6523,3767
1333,1997,10,9897,9823,74
1333,1997,11,10807,6523,4284
1333,1997,12,17200,17923,-723
1333,1998,1,9881,20623,-10742
1333,1998,2,9872,6623,3249
1333,1998,3,9877,10523,-646
1333,1998,4,9875,9823,52
1333,1998,5,11288,6523,4765
1333,1998,6,14776,13423,1353
1333,1998,7,9880,17023,-7143
1333,1998,8,9867,15123,-5256
1333,1998,9,9850,12523,-2673
1333,1998,10,10950,6523,4427
1333,1998,11,9846,13223,-3377
1333,1998,12,14742,9908,4834
1334,1993,5,300,0,300
1334,1993,6,14677,0,14677
1334,1993,7,5904,0,5904
1334,1993,8,6331,0,6331
1334,1993,9,5748,2900,2848
1334,1993,10,5744,11035,-5291
1334,1993,11,5736,3515,2221
1334,1993,12,8549,10995,-2446
1334,1994,1,5712,12375,-6663
1334,1994,2,5718,215,5503
1334,1994,3,5735,1915,3820
1334,1994,4,5747,3415,2332
1334,1994,5,5746,7115,-1369
1334,1994,6,8575,9815,-1240
1334,1994,7,5740,10475,-4735
1334,1994,8,7644,15,7629
1334,1994,9,5764,1515,4249
1334,1994,10,5770,4995,775
1334,1994,11,5765,8695,-2930
1334,1994,12,8576,8055,521
1334,1995,1,5724,18875,-13151
1334,1995,2,6521,2055,4466
1334,1995,3,5728,6115,-387
1334,1995,4,5739,1115,4624
1334,1995,5,5754,2415,3339
1334,1995,6,8545,23155,-14610
1334,1995,7,5708,3415,2293
1334,1995,8,6225,15,6210
1334,1995,9,5746,1115,4631
1334,1995,10,5754,10815,-5061
1334,1995,11,5731,5115,616
1334,1995,12,8555,6515,2040
1334,1996,1,6827,15015,-8188
1334,1996,2,5708,1415,4293
1334,1996,3,5724,6615,-891
1334,1996,4,5731,5815,-84
1334,1996,5,5721,4015,1706
1334,1996,6,10221,17135,-6914
1334,1996,7,5705,2435,3270
1334,1996,8,5715,1515,4200
1334,1996,9,5731,4115,1616
1334,1996,10,5736,5815,-79
1334,1996,11,5737,4315,1422
1334,1996,12,8572,5955,2617
1334,1997,1,10243,17055,-6812
1334,1997,2,5725,8875,-3150
1334,1997,3,5714,2915,2799
1334,1997,4,5727,1615,4112
1334,1997,5,5745,615,5130
1334,1997,6,8578,5015,3563
1334,1997,7,5776,5315,461
1334,1997,8,5777,5615,162
1334,1997,9,5775,7515,-1740
1334,1997,10,5776,6435,-659
1334,1997,11,5763,8315,-2552
1334,1997,12,8569,13635,-5066
1334,1998,1,7429,13935,-6506
1334,1998,2,5919,15,5904
1334,1998,3,5736,3975,1761
1334,1998,4,5747,2115,3632
1334,1998,5,5747,10955,-5208
1334,1998,6,8545,9015,-470
1334,1998,7,5730,6115,-385
1334,1998,8,6731,5895,836
1334,1998,9,5733,9215,-3482
1334,1998,10,5720,5635,85
1334,1998,11,5713,8215,-2502
1334,1998,12,8519,9300,-781
1335,1995,9,200,0,200
1335,1995,10,17902,0,17902
1335,1995,11,14968,3500,11468
1335,1995,12,22451,13300,9151
1335,1996,1,15037,14400,637
1335,1996,2,15037,20882,-5845
1335,1996,3,15023,14866,157
1335,1996,4,15024,13626,1398
1335,1996,5,15036,10426,4610
1335,1996,6,22854,36026,-13172
1335,1996,7,16993,11586,5407
1335,1996,8,15016,14206,810
1335,1996,9,15013,15066,-53
1335,1996,10,15030,7826,7204
1335,1996,11,15051,16526,-1475
1335,1996,12,22501,20366,2135
1335,1997,1,15031,22026,-6995
1335,1997,2,17241,6426,10815
1335,1997,3,15080,18126,-3046
1335,1997,4,15046,15626,-580
1335,1997,5,15037,18126,-3089
1335,1997,6,22498,10926,11572
1335,1997,7,15074,16526,-1452
1335,1997,8,15063,17926,-2863
1335,1997,9,15050,16926,-1876
1335,1997,10,15048,15826,-778
1335,1997,11,15035,18526,-3491
1335,1997,12,22482,16286,6196
1335,1998,1,15051,16326,-1275
1335,1998,2,15051,14126,925
1335,1998,3,15050,16726,-1676
1335,1998,4,15047,14726,321
1335,1998,5,15047,15126,-79
1335,1998,6,22484,25386,-2902
1335,1998,7,15027,17126,-2099
1335,1998,8,15025,14726,299
1335,1998,9,15013,18426,-3413
1335,1998,10,15015,16266,-1251
1335,1998,11,15026,8826,6200
1335,1998,12,22487,14711,7776
1336,1997,2,300,0,300
1336,1997,3,20615,0,20615
1336,1997,4,17196,8400,8796
1336,1997,5,17229,15300,1929
1336,1997,6,25793,17400,8393
1336,1997,7,17282,23941,-6659
1336,1997,8,17258,25241,-7983
1336,1997,9,17228,14241,2987
1336,1997,10,17237,16541,696
1336,1997,11,17239,19141,-1902
1336,1997,12,25807,22141,3666
1336,1998,1,17225,26241,-9016
1336,1998,2,17213,12241,4972
1336,1998,3,17231,15641,1590
1336,1998,4,17238,15041,2197
1336,1998,5,17245,17941,-696
1336,1998,6,27756,36141,-8385
1336,1998,7,17212,11441,5771
1336,1998,8,17229,16441,788
1336,1998,9,17232,22141,-4909
1336,1998,10,17209,19041,-1832
1336,1998,11,17206,14141,3065
1336,1998,12,25781,26826,-1045
1337,1993,9,5415,0,5415
1337,1993,10,14166,0,14166
1337,1993,11,4978,1200,3778
1337,1993,12,7442,3800,3642
1337,1994,1,7699,12079,-4380
1337,1994,2,4995,4079,916
1337,1994,3,7399,3279,4120
1337,1994,4,5316,3279,2037
1337,1994,5,5023,7979,-2956
1337,1994,6,12542,19479,-6937
1337,1994,7,8185,3279,4906
1337,1994,8,5804,3279,2525
1337,1994,9,5013,4379,634
1337,1994,10,5014,7779,-2765
1337,1994,11,6807,3279,3528
1337,1994,12,7473,6779,694
1337,1995,1,14189,19379,-5190
1337,1995,2,5001,3479,1522
1337,1995,3,5006,4479,527
1337,1995,4,5008,5579,-571
1337,1995,5,9104,6379,2725
1337,1995,6,11442,15379,-3937
1337,1995,7,6304,3279,3025
1337,1995,8,8614,6779,1835
1337,1995,9,7626,3279,4347
1337,1995,10,5035,5879,-844
1337,1995,11,5532,5379,153
1337,1995,12,7687,6179,1508
1337,1996,1,6925,18679,-11754
1337,1996,2,9298,7479,1819
1337,1996,3,11814,3279,8535
1337,1996,4,8243,3279,4964
1337,1996,5,6561,3279,3282
1337,1996,6,8097,14279,-6182
1337,1996,7,5039,6679,-1640
1337,1996,8,5740,3879,1861
1337,1996,9,6949,6779,170
1337,1996,10,6551,3279,3272
1337,1996,11,5863,3279,2584
1337,1996,12,7730,3879,3851
1337,1997,1,5053,22579,-17526
1337,1997,2,13937,3279,10658
1337,1997,3,10773,3279,7494
1337,1997,4,5987,5179,808
1337,1997,5,7797,5079,2718
1337,1997,6,12033,18679,-6646
1337,1997,7,6781,3279,3502
1337,1997,8,7789,8079,-290
1337,1997,9,5088,4079,1009
1337,1997,10,7402,3279,4123
1337,1997,11,5112,3379,1733
1337,1997,12,9881,4479,5402
1337,1998,1,8119,22779,-14660
1337,1998,2,11202,3279,7923
1337,1998,3,10932,3279,7653
1337,1998,4,7152,3279,3873
1337,1998,5,5161,3579,1582
1337,1998,6,7556,28079,-20523
1337,1998,7,8294,3279,5015
1337,1998,8,6394,10279,-3885
1337,1998,9,17411,11479,5932
1337,1998,10,12539,3279,9260
1337,1998,11,8263,3279,4984
1337,1998,12,7924,4964,2960
1338,1993,1,38416,0,38416
1338,1993,2,160,5200,-5040
1338,1993,3,160,2400,-2240
1338,1993,4,88660,55000,33660
1338,1993,5,8004,20515,-12511
1338,1993,6,12284,37714,-25430
1338,1993,7,35259,27397,7862
1338,1993,8,120,8014,-7894
1338,1993,9,4694,10114,-5420
1338,1993,10,12541,8361,4180
1338,1993,11,40538,19514,21024
1338,1993,12,71135,80105,-8970
1338,1994,1,22070,38014,-15944
1338,1994,2,10043,5614,4429
1338,1994,3,29665,28089,1576
1338,1994,4,87366,50029,37337
1338,1994,5,150477,124114,26363
1338,1994,6,42678,66114,-23436
1338,1994,7,93937,107276,-13339
1338,1994,8,103425,70279,33146
1338,1994,9,204,45483,-45279
1338,1994,10,125,16114,-15989
1338,1994,11,85,7914,-7829
1338,1994,12,2066,5614,-3548
1338,1995,1,51394,45260,6134
1338,1995,2,71,5614,-5543
1338,1995,3,64506,13414,51092
1338,1995,4,55207,36214,18993
1338,1995,5,38771,67523,-28752
1338,1995,6,71742,63996,7746
1338,1995,7,7673,25570,-17897
1338,1995,8,14901,24960,-10059
1338,1995,9,47432,30592,16840
1338,1995,10,45279,26351,18928
1338,1995,11,265,23014,-22749
1338,1995,12,169,17214,-17045
1338,1996,1,7689,16114,-8425
1338,1996,2,14904,11314,3590
1338,1996,3,9196,5914,3282
1338,1996,4,1712,5614,-3902
1338,1996,5,43950,31080,12870
1338,1996,6,1927,13714,-11787
1338,1996,7,3803,5614,-1811
1338,1996,8,5995,9514,-3519
1338,1996,9,44583,16514,28069
1338,1996,10,68484,10814,57670
1338,1996,11,98184,106814,-8630
1338,1996,12,40265,60935,-20670
1338,1997,1,22865,48214,-25349
1338,1997,2,49342,29314,20028
1338,1997,3,34052,30814,3238
1338,1997,4,16583,27514,-10931
1338,1997,5,22401,31214,-8813
1338,1997,6,26867,5614,21253
1338,1997,7,272,21378,-21106
1338,1997,8,219,6114,-5895
1338,1997,9,11445,12914,-1469
1338,1997,10,2894,5614,-2720
1338,1997,11,7982,27222,-19240
1338,1997,12,16317,16414,-97
1338,1998,1,47330,35514,11816
1338,1998,2,14778,5614,9164
1338,1998,3,84909,42439,42470
1338,1998,4,51717,77014,-25297
1338,1998,5,27594,24491,3103
1338,1998,6,1409,28114,-26705
1338,1998,7,82409,13670,68739
1338,1998,8,366,48707,-48341
1338,1998,9,35403,31863,3540
1338,1998,10,99528,77987,21541
1338,1998,11,102362,96114,6248
1338,1998,12,99127,84899,14228
1339,1997,7,900,0,900
1339,1997,8,11900,0,11900
1339,1997,9,3300,0,3300
1339,1997,10,34113,1100,33013
1339,1997,11,204,18400,-18196
1339,1997,12,204,10400,-10196
1339,1998,1,27877,4500,23377
1339,1998,2,19341,17600,1741
1339,1998,3,19139,21300,-2161
1339,1998,4,181,18600,-18419
1339,1998,5,35721,8515,27206
1339,1998,6,65200,35515,29685
1339,1998,7,335,56115,-55780
1339,1998,8,106,12015,-11909
1339,1998,9,89027,54515,34512
1339,1998,10,201,21415,-21214
1339,1998,11,70610,64001,6609
1339,1998,12,25741,25965,-224
1340,1997,10,1000,0,1000
1340,1997,11,14453,0,14453
1340,1997,12,8714,0,8714
1340,1998,1,4046,1600,2446
1340,1998,2,4053,6600,-2547
1340,1998,3,4047,5643,-1596
1340,1998,4,4042,3925,117
1340,1998,5,4043,2725,1318
1340,1998,6,4041,6635,-2594
1340,1998,7,4038,4425,-387
1340,1998,8,4030,8325,-4295
1340,1998,9,4016,4225,-209
1340,1998,10,4016,4535,-519
1340,1998,11,7420,2425,4995
1340,1998,12,5840,3220,2620
1341,1995,11,1100,0,1100
1341,1995,12,3147,0,3147
1341,1996,1,3147,0,3147
1341,1996,2,3147,0,3147
1341,1996,3,3147,0,3147
1341,1996,4,3158,915,2243
1341,1996,5,3216,2473,743
1341,1996,6,3218,2773,445
1341,1996,7,3221,2833,388
1341,1996,8,3222,3193,29
1341,1996,9,3221,3223,-2
1341,1996,10,3223,2113,1110
1341,1996,11,3228,2113,1115
1341,1996,12,3226,3823,-597
1341,1997,1,3222,6223,-3001
1341,1997,2,3217,2113,1104
1341,1997,3,3222,2113,1109
1341,1997,4,3222,4243,-1021
1341,1997,5,3218,3313,-95
1341,1997,6,3219,4513,-1294
1341,1997,7,3216,2113,1103
1341,1997,8,3219,3073,146
1341,1997,9,3222,2113,1109
1341,1997,10,3226,2113,1113
1341,1997,11,3231,2113,1118
1341,1997,12,3232,4033,-801
1341,1998,1,3218,7693,-4475
1341,1998,2,3213,2113,1100
1341,1998,3,3218,2113,1105
1341,1998,4,3222,2533,689
1341,1998,5,3222,3463,-241
1341,1998,6,3220,5653,-2433
1341,1998,7,3214,2113,1101
1341,1998,8,3219,2113,1106
1341,1998,9,3223,2113,1110
1341,1998,10,3228,2113,1115
1341,1998,11,3227,6703,-3476
1341,1998,12,3218,2098,1120
1342,1997,10,18300,0,18300
1342,1997,11,58919,600,58319
1342,1997,12,56641,47780,8861
1342,1998,1,5647,50108,-44461
1342,1998,2,19557,21608,-2051
1342,1998,3,121,20067,-19946
1342,1998,4,14888,7208,7680
1342,1998,5,5901,9738,-3837
1342,1998,6,6095,7208,-1113
1342,1998,7,41142,22908,18234
1342,1998,8,48009,20615,27394
1342,1998,9,29128,29108,20
1342,1998,10,43694,40605,3089
1342,1998,11,34691,35708,-1017
1342,1998,12,178,32493,-32315
1344,1995,7,200,0,200
1344,1995,8,11900,0,11900
1344,1995,9,25781,8200,17581
1344,1995,10,123,3500,-3377
1344,1995,11,119808,83300,36508
1344,1995,12,57938,62595,-4657
1344,1996,1,113257,94300,18957
1344,1996,2,25323,50526,-25203
1344,1996,3,47742,60929,-13187
1344,1996,4,16931,36400,-19469
1344,1996,5,31984,3800,28184
1344,1996,6,22431,20700,1731
1344,1996,7,105232,102455,2777
1344,1996,8,214,19500,-19286
1344,1996,9,35695,22600,13095
1344,1996,10,30611,43100,-12489
1344,1996,11,79670,18061,61609
1344,1996,12,105071,137436,-32365
1344,1997,1,70120,76000,-5880
1344,1997,2,54311,24600,29711
1344,1997,3,62257,52200,10057
1344,1997,4,115775,164200,-48425
1344,1997,5,197,20700,-20503
1344,1997,6,120825,76300,44525
1344,1997,7,78662,76700,1962
1344,1997,8,49504,44300,5204
1344,1997,9,190,50300,-50110
1344,1997,10,105684,33500,72184
1344,1997,11,49467,44300,5167
1344,1997,12,27523,54000,-26477
1344,1998,1,147,64500,-64353
1344,1998,2,43617,100,43517
1344,1998,3,10542,29700,-19158
1344,1998,4,163,19100,-18937
1344,1998,5,11573,16900,-5327
1344,1998,6,40725,32000,8725
1344,1998,7,22714,27000,-4286
1344,1998,8,0,100,-100
1344,1998,9,167,100,67
1344,1998,10,40226,33000,7226
1344,1998,11,112,100,12
1344,1998,12,0,1800,-1800
1345,1993,10,200,0,200
1345,1993,11,23767,0,23767
1345,1993,12,34371,15700,18671
1345,1994,1,23003,21800,1203
1345,1994,2,23013,19200,3813
1345,1994,3,23018,24915,-1897
1345,1994,4,23023,22077,946
1345,1994,5,23023,24057,-1034
1345,1994,6,34403,49037,-14634
1345,1994,7,22968,17957,5011
1345,1994,8,22982,20057,2925
1345,1994,9,22991,24217,-1226
1345,1994,10,23007,22797,210
1345,1994,11,23015,8797,14218
1345,1994,12,34491,18957,15534
1345,1995,1,23077,47597,-24520
1345,1995,2,23024,11657,11367
1345,1995,3,23072,13457,9615
1345,1995,4,23095,19057,4038
1345,1995,5,23095,27717,-4622
1345,1995,6,34507,28037,6470
1345,1995,7,23110,21857,1253
1345,1995,8,23098,30157,-7059
1345,1995,9,23082,21957,1125
1345,1995,10,23082,24957,-1875
1345,1995,11,23084,20857,2227
1345,1995,12,34525,28457,6068
1345,1996,1,23087,46197,-23110
1345,1996,2,23051,10057,12994
1345,1996,3,23085,15857,7228
1345,1996,4,23104,18957,4147
1345,1996,5,23116,22757,359
1345,1996,6,34505,43717,-9212
1345,1996,7,23089,19557,3532
1345,1996,8,23096,20057,3039
1345,1996,9,23116,19557,3559
1345,1996,10,23131,19557,3574
1345,1996,11,23141,21057,2084
1345,1996,12,34570,30157,4413
1345,1997,1,23090,53257,-30167
1345,1997,2,23081,8757,14324
1345,1997,3,23111,17957,5154
1345,1997,4,23124,22957,167
1345,1997,5,23121,40657,-17536
1345,1997,6,34548,43237,-8689
1345,1997,7,23060,19357,3703
1345,1997,8,23066,20857,2209
1345,1997,9,23067,24957,-1890
1345,1997,10,23066,28357,-5291
1345,1997,11,23046,24057,-1011
1345,1997,12,34476,27057,7419
1345,1998,1,23027,43057,-20030
1345,1998,2,22985,22457,528
1345,1998,3,22975,23257,-282
1345,1998,4,22974,24157,-1183
1345,1998,5,22984,18557,4427
1345,1998,6,34411,41897,-7486
1345,1998,7,22963,24757,-1794
1345,1998,8,22955,19957,2998
1345,1998,9,22960,27457,-4497
1345,1998,10,22947,21457,1490
1345,1998,11,22945,26257,-3312
1345,1998,12,34400,4142,30258
1346,1997,7,17014,0,17014
1346,1997,8,6274,0,6274
1346,1997,9,3299,0,3299
1346,1997,10,3211,4000,-789
1346,1997,11,4012,1607,2405
1346,1997,12,3216,7522,-4306
1346,1998,1,3198,6282,-3084
1346,1998,2,3191,2882,309
1346,1998,3,3189,6952,-3763
1346,1998,4,3176,3332,-156
1346,1998,5,3176,3282,-106
1346,1998,6,3172,8882,-5710
1346,1998,7,3152,2082,1070
1346,1998,8,3157,2082,1075
1346,1998,9,3161,2082,1079
1346,1998,10,3163,2922,241
1346,1998,11,3162,4922,-1760
1346,1998,12,3158,3327,-169
1347,1996,11,500,0,500
1347,1996,12,3100,0,3100
1347,1997,1,3100,0,3100
1347,1997,2,3100,0,3100
1347,1997,3,3113,1000,2113
1347,1997,4,3153,2081,1072
1347,1997,5,3153,5581,-2428
1347,1997,6,3147,2081,1066
1347,1997,7,3152,2081,1071
1347,1997,8,3156,2081,1075
1347,1997,9,3159,4491,-1332
1347,1997,10,3155,2081,1074
1347,1997,11,3157,3131,26
1347,1997,12,3155,4581,-1426
1347,1998,1,3152,2891,261
1347,1998,2,3155,2081,1074
1347,1998,3,3157,3581,-424
1347,1998,4,3156,2981,175
1347,1998,5,3158,3101,57
1347,1998,6,3151,5881,-2730
1347,1998,7,3146,2581,565
1347,1998,8,3149,2081,1068
1347,1998,9,3154,2181,973
1347,1998,10,3150,5381,-2231
1347,1998,11,3148,2081,1067
1347,1998,12,3153,2066,1087
1348,1997,11,300,0,300
1348,1997,12,19597,0,19597
1348,1998,1,10204,1100,9104
1348,1998,2,10242,600,9642
1348,1998,3,10251,12100,-1849
1348,1998,4,10251,10332,-81
1348,1998,5,10243,15509,-5266
1348,1998,6,15294,8329,6965
1348,1998,7,10259,8849,1410
1348,1998,8,10675,9869,806
1348,1998,9,11182,5549,5633
1348,1998,10,10493,8789,1704
1348,1998,11,10298,8749,1549
1348,1998,12,15359,12554,2805
1349,1996,3,7252,0,7252
1349,1996,4,6559,0,6559
1349,1996,5,6559,0,6559
1349,1996,6,6619,900,5719
1349,1996,7,6638,6628,10
1349,1996,8,6633,8428,-1795
1349,1996,9,6631,6768,-137
1349,1996,10,6638,8428,-1790
1349,1996,11,6630,7308,-678
1349,1996,12,6610,10838,-4228
1349,1997,1,6592,10908,-4316
1349,1997,2,6589,6948,-359
1349,1997,3,6591,4228,2363
1349,1997,4,6599,9428,-2829
1349,1997,5,6584,5748,836
1349,1997,6,6591,7028,-437
1349,1997,7,6591,4028,2563
1349,1997,8,6598,8728,-2130
1349,1997,9,6592,3828,2764
1349,1997,10,6598,11728,-5130
1349,1997,11,6582,3828,2754
1349,1997,12,6589,8878,-2289
1349,1998,1,6582,4768,1814
1349,1998,2,6592,3928,2664
1349,1998,3,6599,8128,-1529
1349,1998,4,6593,7428,-835
1349,1998,5,6588,8728,-2140
1349,1998,6,6582,6028,554
1349,1998,7,6586,3828,2758
1349,1998,8,6590,9728,-3138
1349,1998,9,6585,3828,2757
1349,1998,10,6594,5228,1366
1349,1998,11,6602,3828,2774
1349,1998,12,6605,8673,-2068
1350,1996,8,1000,0,1000
1350,1996,9,24877,1100,23777
1350,1996,10,2203,0,2203
1350,1996,11,103,200,-97
1350,1996,12,32130,12900,19230
1350,1997,1,29732,22400,7332
1350,1997,2,222,10800,-10578
1350,1997,3,222,9000,-8778
1350,1997,4,20737,14500,6237
1350,1997,5,167,6000,-5833
1350,1997,6,467,0,467
1350,1997,7,48019,830,47189
1350,1997,8,255,56577,-56322
1350,1997,9,6892,10398,-3506
1350,1997,10,59358,10398,48960
1350,1997,11,236,28798,-28562
1350,1997,12,7999,32172,-24173
1350,1998,1,72824,71294,1530
1350,1998,2,10577,10398,179
1350,1998,3,18338,10398,7940
1350,1998,4,23841,18688,5153
1350,1998,5,17484,24098,-6614
1350,1998,6,84364,79736,4628
1350,1998,7,7390,12098,-4708
1350,1998,8,11513,10398,1115
1350,1998,9,108217,39798,68419
1350,1998,10,18675,46680,-28005
1350,1998,11,40771,59498,-18727
1350,1998,12,37290,32168,5122
1351,1996,3,300,0,300
1351,1996,4,3341,0,3341
1351,1996,5,3341,0,3341
1351,1996,6,3341,0,3341
1351,1996,7,3341,0,3341
1351,1996,8,3378,2872,506
1351,1996,9,3403,2242,1161
1351,1996,10,3408,2242,1166
1351,1996,11,3413,2242,1171
1351,1996,12,3415,3832,-417
1351,1997,1,3416,2242,1174
1351,1997,2,3420,2242,1178
1351,1997,3,3423,3322,101
1351,1997,4,3425,3502,-77
1351,1997,5,3426,2242,1184
1351,1997,6,3415,8302,-4887
1351,1997,7,3410,2242,1168
1351,1997,8,3414,2842,572
1351,1997,9,3417,2242,1175
1351,1997,10,3422,2242,1180
1351,1997,11,3427,2242,1185
1351,1997,12,3437,2602,835
1351,1998,1,3436,2242,1194
1351,1998,2,3440,2242,1198
1351,1998,3,3445,3472,-27
1351,1998,4,3445,2242,1203
1351,1998,5,3450,2242,1208
1351,1998,6,3453,3382,71
1351,1998,7,3453,3532,-79
1351,1998,8,3455,2342,1113
1351,1998,9,3458,3292,166
1351,1998,10,3460,3172,288
1351,1998,11,3462,2242,1220
1351,1998,12,3465,3877,-412
1352,1994,9,500,0,500
1352,1994,10,26032,0,26032
1352,1994,11,24925,13100,11825
1352,1994,12,37378,23100,14278
1352,1995,1,25016,26800,-1784
1352,1995,2,25027,30069,-5042
1352,1995,3,25026,26519,-1493
1352,1995,4,25011,27379,-2368
1352,1995,5,25014,21919,3095
1352,1995,6,37418,46879,-9461
1352,1995,7,24994,16319,8675
1352,1995,8,25005,25299,-294
1352,1995,9,25022,19419,5603
1352,1995,10,25041,21119,3922
1352,1995,11,25049,24819,230
1352,1995,12,37472,31599,5873
1352,1996,1,25047,34859,-9812
1352,1996,2,25032,23719,1313
1352,1996,3,25037,25219,-182
1352,1996,4,25026,27819,-2793
1352,1996,5,25007,27879,-2872
1352,1996,6,37392,45719,-8327
1352,1996,7,24990,19059,5931
1352,1996,8,25003,22099,2904
1352,1996,9,25012,22139,2873
1352,1996,10,25009,26639,-1630
1352,1996,11,25012,22819,2193
1352,1996,12,37423,37799,-376
1352,1997,1,24984,38039,-13055
1352,1997,2,24966,20259,4707
1352,1997,3,24980,24019,961
1352,1997,4,24982,24119,863
1352,1997,5,24982,25319,-337
1352,1997,6,37396,39039,-1643
1352,1997,7,24961,31359,-6398
1352,1997,8,24960,22759,2201
1352,1997,9,24987,13719,11268
1352,1997,10,25006,22019,2987
1352,1997,11,25013,22919,2094
1352,1997,12,37464,22739,14725
1352,1998,1,25052,35739,-10687
1352,1998,2,25040,21719,3321
1352,1998,3,25048,23919,1129
1352,1998,4,25057,22119,2938
1352,1998,5,25071,22659,2412
1352,1998,6,37479,58899,-21420
1352,1998,7,25015,15319,9696
1352,1998,8,25022,24319,703
1352,1998,9,25029,23119,1910
1352,1998,10,25019,29719,-4700
1352,1998,11,25022,21719,3303
1352,1998,12,37455,29844,7611
1353,1994,4,700,0,700
1353,1994,5,17563,0,17563
1353,1994,6,24302,9700,14602
1353,1994,7,16277,13700,2577
1353,1994,8,16285,15400,885
1353,1994,9,16292,14615,1677
1353,1994,10,16288,21312,-5024
1353,1994,11,16271,18312,-2041
1353,1994,12,24349,19912,4437
1353,1995,1,16279,18312,-2033
1353,1995,2,16271,17512,-1241
1353,1995,3,16274,15312,962
1353,1995,4,16277,14812,1465
1353,1995,5,16285,14112,2173
1353,1995,6,24361,24612,-251
1353,1995,7,16291,14312,1979
1353,1995,8,16288,18512,-2224
1353,1995,9,17206,9012,8194
1353,1995,10,16322,17312,-990
1353,1995,11,16317,14212,2105
1353,1995,12,24414,14512,9902
1353,1996,1,16345,19112,-2767
1353,1996,2,16350,14812,1538
1353,1996,3,16336,23612,-7276
1353,1996,4,16320,16912,-592
1353,1996,5,16330,12912,3418
1353,1996,6,24417,16812,7605
1353,1996,7,16343,22912,-6569
1353,1996,8,16327,18312,-1985
1353,1996,9,16313,19112,-2799
1353,1996,10,16301,20912,-4611
1353,1996,11,16287,17112,-825
1353,1996,12,24372,21612,2760
1353,1997,1,16295,16712,-417
1353,1997,2,16265,24012,-7747
1353,1997,3,16257,20912,-4655
1353,1997,4,16255,13712,2543
1353,1997,5,16265,14812,1453
1353,1997,6,24344,16912,7432
1353,1997,7,16275,20412,-4137
1353,1997,8,16261,19312,-3051
1353,1997,9,16253,18012,-1759
1353,1997,10,16248,19112,-2864
1353,1997,11,16240,16212,28
1353,1997,12,24326,27812,-3486
1353,1998,1,16247,20212,-3965
1353,1998,2,16246,7312,8934
1353,1998,3,16236,26812,-10576
1353,1998,4,16240,16812,-572
1353,1998,5,16250,17112,-862
1353,1998,6,24318,18012,6306
1353,1998,7,16248,24412,-8164
1353,1998,8,16221,16912,-691
1353,1998,9,16221,8912,7309
1353,1998,10,16243,23712,-7469
1353,1998,11,16222,7312,8910
1353,1998,12,24342,9497,14845
1354,1997,6,1000,0,1000
1354,1997,7,4620,0,4620
1354,1997,8,4620,0,4620
1354,1997,9,4620,0,4620
1354,1997,10,4649,2700,1949
1354,1997,11,4693,3895,798
1354,1997,12,4697,4095,602
1354,1998,1,4687,8595,-3908
1354,1998,2,4680,5295,-615
1354,1998,3,4681,5755,-1074
1354,1998,4,4673,5495,-822
1354,1998,5,4674,3095,1579
1354,1998,6,4680,4595,85
1354,1998,7,4681,3095,1586
1354,1998,8,4688,3095,1593
1354,1998,9,4703,3095,1608
1354,1998,10,4694,5655,-961
1354,1998,11,4694,4935,-241
1354,1998,12,4682,8580,-3898
1355,1997,8,1100,0,1100
1355,1997,9,19592,0,19592
1355,1997,10,19051,10700,8351
1355,1997,11,19079,13700,5379
1355,1997,12,28584,19500,9084
1355,1998,1,19093,42081,-22988
1355,1998,2,19062,8701,10361
1355,1998,3,19087,16241,2846
1355,1998,4,19103,13921,5182
1355,1998,5,19131,11521,7610
1355,1998,6,28617,35641,-7024
1355,1998,7,19120,16321,2799
1355,1998,8,19132,16721,2411
1355,1998,9,19139,17521,1618
1355,1998,10,19129,22421,-3292
1355,1998,11,19139,14441,4698
1355,1998,12,28651,18086,10565
1356,1997,2,5128,0,5128
1356,1997,3,16077,0,16077
1356,1997,4,6320,0,6320
1356,1997,5,4231,4300,-69
1356,1997,6,7992,13115,-5123
1356,1997,7,6425,3515,2910
1356,1997,8,4235,6015,-1780
1356,1997,9,4222,2915,1307
1356,1997,10,5122,15,5107
1356,1997,11,4242,3415,827
1356,1997,12,6311,7915,-1604
1356,1998,1,8908,19415,-10507
1356,1998,2,4196,915,3281
1356,1998,3,4206,7615,-3409
1356,1998,4,4197,2215,1982
1356,1998,5,6106,15,6091
1356,1998,6,9958,25615,-15657
1356,1998,7,6264,4215,2049
1356,1998,8,7473,4415,3058
1356,1998,9,4185,2315,1870
1356,1998,10,4189,6615,-2426
1356,1998,11,4175,9615,-5440
1356,1998,12,6223,1900,4323
1357,1995,11,900,0,900
1357,1995,12,12056,0,12056
1357,1996,1,8604,0,8604
1357,1996,2,6936,0,6936
1357,1996,3,3552,4600,-1048
1357,1996,4,3550,3675,-125
1357,1996,5,4853,2875,1978
1357,1996,6,4546,8035,-3489
1357,1996,7,5249,2305,2944
1357,1996,8,3558,2305,1253
1357,1996,9,3561,3345,216
1357,1996,10,3562,3305,257
1357,1996,11,6572,2305,4267
1357,1996,12,3577,4825,-1248
1357,1997,1,7077,6325,752
1357,1997,2,3681,2305,1376
1357,1997,3,5892,2305,3587
1357,1997,4,3702,2305,1397
1357,1997,5,4510,2305,2205
1357,1997,6,3608,8145,-4537
1357,1997,7,3591,4705,-1114
1357,1997,8,7103,2575,4528
1357,1997,9,4313,3055,1258
1357,1997,10,3607,5865,-2258
1357,1997,11,3603,4205,-602
1357,1997,12,6213,2635,3578
1357,1998,1,3607,8835,-5228
1357,1998,2,6404,3715,2689
1357,1998,3,4613,2305,2308
1357,1998,4,3719,2305,1414
1357,1998,5,3616,5655,-2039
1357,1998,6,5907,7345,-1438
1357,1998,7,4309,3595,714
1357,1998,8,7727,2305,5422
1357,1998,9,5844,2305,3539
1357,1998,10,7461,3565,3896
1357,1998,11,4972,2305,2667
1357,1998,12,7692,2530,5162
1358,1996,4,500,0,500
1358,1996,5,12790,0,12790
1358,1996,6,10176,0,10176
1358,1996,7,4567,5100,-533
1358,1996,8,4565,4600,-35
1358,1996,9,4567,3895,672
1358,1996,10,4571,4895,-324
1358,1996,11,4566,5295,-729
1358,1996,12,7407,8495,-1088
1358,1997,1,8241,14395,-6154
1358,1997,2,5539,2995,2544
1358,1997,3,4847,7595,-2748
1358,1997,4,7142,2995,4147
1358,1997,5,5653,8595,-2942
1358,1997,6,10791,2995,7796
1358,1997,7,8879,5695,3184
1358,1997,8,9700,2995,6705
1358,1997,9,5417,2995,2422
1358,1997,10,8442,2995,5447
1358,1997,11,8157,4395,3762
1358,1997,12,7402,5395,2007
1358,1998,1,6753,18495,-11742
1358,1998,2,9137,2995,6142
1358,1998,3,8560,2995,5565
1358,1998,4,4668,4495,173
1358,1998,5,7983,3695,4288
1358,1998,6,6870,25695,-18825
1358,1998,7,12737,2995,9742
1358,1998,8,4653,3595,1058
1358,1998,9,4657,4795,-138
1358,1998,10,4649,6195,-1546
1358,1998,11,4643,6695,-2052
1358,1998,12,10777,12080,-1303
1359,1993,12,600,0,600
1359,1994,1,20803,0,20803
1359,1994,3,889,0,889
1359,1994,4,3489,0,3489
1359,1994,5,90,2200,-2110
1359,1994,6,99,1800,-1701
1359,1994,7,399,0,399
1359,1994,8,3099,0,3099
1359,1994,9,1399,0,1399
1359,1994,10,99,900,-801
1359,1994,11,99,2300,-2201
1359,1994,12,2199,0,2199
1359,1995,1,99,2100,-2001
1359,1995,2,99,1300,-1201
1359,1995,3,1399,0,1399
1359,1995,4,99,2400,-2301
1359,1995,5,99,200,-101
1359,1995,6,99,700,-601
1359,1995,7,599,0,599
1359,1995,8,599,0,599
1359,1995,9,99,800,-701
1359,1995,10,2999,0,2999
1359,1995,11,99,500,-401
1359,1995,12,799,0,799
1359,1996,1,99,200,-101
1359,1996,2,2299,0,2299
1359,1996,3,2799,0,2799
1359,1996,4,99,1800,-1701
1359,1996,5,99,800,-701
1359,1996,6,99,2700,-2601
1359,1996,7,99,400,-301
1359,1996,8,2999,0,2999
1359,1996,9,499,0,499
1359,1996,10,2099,0,2099
1359,1996,11,1299,0,1299
1359,1996,12,1799,0,1799
1359,1997,1,2699,0,2699
1359,1997,2,199,0,199
1359,1997,3,1199,0,1199
1359,1997,4,1899,0,1899
1359,1997,5,99,1300,-1201
1359,1997,6,99,600,-501
1359,1997,7,99,1800,-1701
1359,1997,8,99,1100,-1001
1359,1997,9,99,1000,-901
1359,1997,10,4699,0,4699
1359,1997,11,3499,0,3499
1359,1997,12,99,2600,-2501
1359,1998,1,2299,0,2299
1359,1998,2,2199,0,2199
1359,1998,3,4399,0,4399
1359,1998,4,99,100,-1
1359,1998,5,2199,0,2199
1359,1998,6,199,0,199
1359,1998,7,6099,0,6099
1359,1998,8,4299,0,4299
1359,1998,9,1999,0,1999
1359,1998,10,3299,0,3299
1359,1998,11,99,900,-801
1359,1998,12,5600,0,5600
1360,1994,8,1904,0,1904
1360,1994,9,13133,0,13133
1360,1994,10,8180,0,8180
1360,1994,11,1297,1200,97
1360,1994,12,1295,3015,-1720
1360,1995,1,6871,12315,-5444
1360,1995,2,7981,15,7966
1360,1995,3,4808,1815,2993
1360,1995,4,5225,1515,3710
1360,1995,5,46336,3165,43171
1360,1995,6,48875,45015,3860
1360,1995,7,1473,23615,-22142
1360,1995,8,1406,14715,-13309
1360,1995,9,1367,6415,-5048
1360,1995,10,1350,3315,-1965
1360,1995,11,1345,2415,-1070
1360,1995,12,1339,2615,-1276
1360,1996,1,1816,11015,-9199
1360,1996,2,6614,15,6599
1360,1996,3,3536,15,3521
1360,1996,4,2545,1315,1230
1360,1996,5,3153,515,2638
1360,1996,6,11123,20115,-8992
1360,1996,7,5130,715,4415
1360,1996,8,1340,2415,-1075
1360,1996,9,3042,15,3027
1360,1996,10,45042,15,45027
1360,1996,11,1487,22615,-21128
1360,1996,12,1382,23215,-21833
1360,1997,1,3844,10115,-6271
1360,1997,2,1331,15,1316
1360,1997,3,3643,1115,2528
1360,1997,4,1346,1715,-369
1360,1997,5,2244,1815,429
1360,1997,6,12589,21115,-8526
1360,1997,7,18010,515,17495
1360,1997,8,2181,3815,-1634
1360,1997,9,3877,1815,2062
1360,1997,10,5186,2215,2971
1360,1997,11,11240,15,11225
1360,1997,12,3648,715,2933
1360,1998,1,2427,10515,-8088
1360,1998,2,1424,115,1309
1360,1998,3,1429,615,814
1360,1998,4,45554,22515,23039
1360,1998,5,1515,14915,-13400
1360,1998,6,7814,23915,-16101
1360,1998,7,5010,15,4995
1360,1998,8,2829,15,2814
1360,1998,9,1438,915,523
1360,1998,10,24239,9915,14324
1360,1998,11,1491,7415,-5924
1360,1998,12,1470,4500,-3030
1361,1996,12,1100,0,1100
1361,1997,1,21075,1600,19475
1361,1997,2,21136,8500,12636
1361,1997,3,21170,13600,7570
1361,1997,4,21187,18300,2887
1361,1997,5,21175,27010,-5835
1361,1997,6,31675,47970,-16295
1361,1997,7,21110,23390,-2280
1361,1997,8,21138,7810,13328
1361,1997,9,21170,14710,6460
1361,1997,10,21194,16970,4224
1361,1997,11,21193,21110,83
1361,1997,12,31738,23270,8468
1361,1998,1,21190,35410,-14220
1361,1998,2,21193,14110,7083
1361,1998,3,21204,19610,1594
1361,1998,4,21198,23690,-2492
1361,1998,5,21191,23170,-1979
1361,1998,6,31732,35170,-3438
1361,1998,7,21179,19010,2169
1361,1998,8,21193,30110,-8917
1361,1998,9,21179,18310,2869
1361,1998,10,21210,21710,-500
1361,1998,11,21184,25310,-4126
1361,1998,12,31714,11235,20479
1362,1996,12,1000,0,1000
1362,1997,1,34606,5100,29506
1362,1997,2,31143,17300,13843
1362,1997,3,16298,18200,-1902
1362,1997,4,176,8500,-8324
1362,1997,5,176,6300,-6124
1362,1997,6,176,2700,-2524
1362,1997,7,176,1500,-1324
1362,1997,8,176,4600,-4424
1362,1997,9,176,1300,-1124
1362,1997,10,1576,0,1576
1362,1997,11,176,100,76
1362,1997,12,176,2700,-2524
1362,1998,1,44767,2315,42452
1362,1998,2,28591,30415,-1824
1362,1998,3,231,29715,-29484
1362,1998,4,120,3115,-2995
1362,1998,5,1408,15,1393
1362,1998,6,110,6115,-6005
1362,1998,7,41127,7115,34012
1362,1998,8,97703,95915,1788
1362,1998,9,235,20615,-20380
1362,1998,10,68559,22615,45944
1362,1998,11,340,28815,-28475
1362,1998,12,33283,26400,6883
1363,1997,3,1000,0,1000
1363,1997,4,26852,0,26852
1363,1997,5,23446,13900,9546
1363,1997,6,35148,22900,12248
1363,1997,7,23518,26800,-3282
1363,1997,8,23539,24903,-1364
1363,1997,9,23540,19903,3637
1363,1997,10,23544,25603,-2059
1363,1997,11,23540,22903,637
1363,1997,12,35224,33883,1341
1363,1998,1,23531,29383,-5852
1363,1998,2,23519,23203,316
1363,1998,3,23527,20903,2624
1363,1998,4,23523,25103,-1580
1363,1998,5,23521,24183,-662
1363,1998,6,35143,47743,-12600
1363,1998,7,23482,16103,7379
1363,1998,8,23487,28623,-5136
1363,1998,9,23473,23283,190
1363,1998,10,23482,19503,3979
1363,1998,11,23473,29303,-5830
1363,1998,12,35132,34728,404
1365,1996,3,300,0,300
1365,1996,4,13504,0,13504
1365,1996,5,7948,0,7948
1365,1996,6,3570,200,3370
1365,1996,7,3580,1900,1680
1365,1996,8,4393,15,4378
1365,1996,9,4706,2659,2047
1365,1996,10,3608,3629,-21
1365,1996,11,6018,2329,3689
1365,1996,12,3618,5469,-1851
1365,1997,1,5010,8839,-3829
1365,1997,2,8016,2329,5687
1365,1997,3,4830,2329,2501
1365,1997,4,3626,5689,-2063
1365,1997,5,3630,2329,1301
1365,1997,6,4828,5599,-771
1365,1997,7,7645,2329,5316
1365,1997,8,6662,3709,2953
1365,1997,9,3654,5729,-2075
1365,1997,10,4860,2569,2291
1365,1997,11,4769,2329,2440
1365,1997,12,3670,4919,-1249
1365,1998,1,4764,6619,-1855
1365,1998,2,5769,2329,3440
1365,1998,3,3663,6429,-2766
1365,1998,4,4267,2329,1938
1365,1998,5,6281,2329,3952
1365,1998,6,7093,8509,-1416
1365,1998,7,4983,3679,1304
1365,1998,8,8203,2329,5874
1365,1998,9,5718,2869,2849
1365,1998,10,6724,3559,3165
1365,1998,11,8940,2329,6611
1365,1998,12,3765,2494,1271
1366,1993,2,900,0,900
1366,1993,3,12837,0,12837
1366,1993,4,10692,0,10692
1366,1993,5,7732,3400,4332
1366,1993,6,11562,7500,4062
1366,1993,7,7767,10199,-2432
1366,1993,8,7750,12799,-5049
1366,1993,9,7737,8439,-702
1366,1993,10,8237,5099,3138
1366,1993,11,7743,9899,-2156
1366,1993,12,11561,8799,2762
1366,1994,1,9326,19379,-10053
1366,1994,2,11918,5099,6819
1366,1994,3,7738,7199,539
1366,1994,4,7738,6999,739
1366,1994,5,7736,9199,-1463
1366,1994,6,11549,11939,-390
1366,1994,7,9539,5099,4440
1366,1994,8,7756,5599,2157
1366,1994,9,7751,11399,-3648
1366,1994,10,7737,9879,-2142
1366,1994,11,7729,12399,-4670
1366,1994,12,11544,6779,4765
1366,1995,1,8110,17699,-9589
1366,1995,2,11107,5099,6008
1366,1995,3,10222,10019,203
1366,1995,4,8527,5099,3428
1366,1995,5,11428,12779,-1351
1366,1995,6,11549,9899,1650
1366,1995,7,7732,8699,-967
1366,1995,8,8138,5099,3039
1366,1995,9,7749,7899,-150
1366,1995,10,7740,8819,-1079
1366,1995,11,7740,6599,1141
1366,1995,12,11554,14039,-2485
1366,1996,1,8015,19139,-11124
1366,1996,2,10502,5099,5403
1366,1996,3,7710,6699,1011
1366,1996,4,7712,8199,-487
1366,1996,5,7708,12239,-4531
1366,1996,6,11512,9119,2393
1366,1996,7,8308,8459,-151
1366,1996,8,7704,7099,605
1366,1996,9,7709,6699,1010
1366,1996,10,7712,6299,1413
1366,1996,11,7720,6299,1421
1366,1996,12,11541,11179,362
1366,1997,1,8317,13379,-5062
1366,1997,2,10720,5099,5621
1366,1997,3,7729,10399,-2670
1366,1997,4,14045,5099,8946
1366,1997,5,9658,10139,-481
1366,1997,6,11580,6099,5481
1366,1997,7,7754,12199,-4445
1366,1997,8,7753,7699,54
1366,1997,9,7943,14219,-6276
1366,1997,10,11049,6099,4950
1366,1997,11,9441,9299,142
1366,1997,12,11567,11339,228
1366,1998,1,11943,17099,-5156
1366,1998,2,8024,8819,-795
1366,1998,3,7727,5799,1928
1366,1998,4,14032,9059,4973
1366,1998,5,7755,7999,-244
1366,1998,6,11579,12499,-920
1366,1998,7,7745,10899,-3154
1366,1998,8,8038,5099,2939
1366,1998,9,7748,7699,49
1366,1998,10,7743,13519,-5776
1366,1998,11,7718,13579,-5861
1366,1998,12,11526,5084,6442
1367,1996,8,800,0,800
1367,1996,9,17349,0,17349
1367,1996,10,12107,5200,6907
1367,1996,11,12131,7500,4631
1367,1996,12,18151,18200,-49
1367,1997,1,12129,23911,-11782
1367,1997,2,12110,7928,4182
1367,1997,3,12114,12748,-634
1367,1997,4,12109,13048,-939
1367,1997,5,12116,10228,1888
1367,1997,6,18145,14448,3697
1367,1997,7,12133,13128,-995
1367,1997,8,12127,13228,-1101
1367,1997,9,12123,12728,-605
1367,1997,10,12125,10628,1497
1367,1997,11,12135,8828,3307
1367,1997,12,18150,19628,-1478
1367,1998,1,12103,24548,-12445
1367,1998,2,12098,6028,6070
1367,1998,3,12512,9908,2604
1367,1998,4,12124,10128,1996
1367,1998,5,12144,7628,4516
1367,1998,6,18167,13828,4339
1367,1998,7,12141,20788,-8647
1367,1998,8,12130,10528,1602
1367,1998,9,12127,14328,-2201
1367,1998,10,12114,14428,-2314
1367,1998,11,12106,13528,-1422
1367,1998,12,18132,14393,3739
1368,1996,12,39702,0,39702
1368,1997,1,165,9100,-8935
1368,1997,2,49842,6300,43542
1368,1997,3,59331,99331,-40000
1368,1997,4,28206,40292,-12086
1368,1997,5,1083,4454,-3371
1368,1997,6,15053,4454,10599
1368,1997,7,18583,9054,9529
1368,1997,8,41436,39214,2222
1368,1997,9,135,19654,-19519
1368,1997,10,46234,20454,25780
1368,1997,11,20894,38260,-17366
1368,1997,12,58142,18054,40088
1368,1998,1,132,49554,-49422
1368,1998,2,7562,4854,2708
1368,1998,3,76,8154,-8078
1368,1998,4,1456,4454,-2998
1368,1998,5,38,4954,-4916
1368,1998,6,5534,4454,1080
1368,1998,7,7844,4454,3390
1368,1998,8,5953,4454,1499
1368,1998,9,4656,4454,202
1368,1998,10,6061,4454,1607
1368,1998,11,4463,4454,9
1368,1998,12,1756,4439,-2683
1369,1996,3,400,0,400
1369,1996,4,19640,0,19640
1369,1996,5,11707,5100,6607
1369,1996,6,17547,7100,10447
1369,1996,7,11774,8700,3074
1369,1996,8,11783,11115,668
1369,1996,9,11783,12658,-875
1369,1996,10,11783,10558,1225
1369,1996,11,11789,10058,1731
1369,1996,12,17606,20558,-2952
1369,1997,1,12347,32518,-20171
1369,1997,2,14909,8838,6071
1369,1997,3,15622,18318,-2696
1369,1997,4,17818,12438,5380
1369,1997,5,12542,7758,4784
1369,1997,6,17571,14998,2573
1369,1997,7,11765,10858,907
1369,1997,8,12365,10998,1367
1369,1997,9,11775,9858,1917
1369,1997,10,11782,12698,-916
1369,1997,11,11981,9078,2903
1369,1997,12,17617,9658,7959
1369,1998,1,18671,33958,-15287
1369,1998,2,19448,10158,9290
1369,1998,3,11803,8358,3445
1369,1998,4,11808,11858,-50
1369,1998,5,11788,17958,-6170
1369,1998,6,17539,38058,-20519
1369,1998,7,16908,7758,9150
1369,1998,8,16660,7758,8902
1369,1998,9,15895,7758,8137
1369,1998,10,11917,7758,4159
1369,1998,11,14542,7758,6784
1369,1998,12,17647,21123,-3476
1370,1996,9,600,0,600
1370,1996,10,5800,0,5800
1370,1996,11,5800,0,5800
1370,1996,12,5800,0,5800
1370,1997,1,5800,0,5800
1370,1997,2,5885,2575,3310
1370,1997,3,5919,5067,852
1370,1997,4,5928,3367,2561
1370,1997,5,5938,3567,2371
1370,1997,6,5908,13367,-7459
1370,1997,7,5917,4267,1650
1370,1997,8,5926,1867,4059
1370,1997,9,5943,1867,4076
1370,1997,10,5949,6967,-1018
1370,1997,11,5954,3167,2787
1370,1997,12,5956,8767,-2811
1370,1998,1,5939,13557,-7618
1370,1998,2,5919,3867,2052
1370,1998,3,5932,2427,3505
1370,1998,4,5947,1867,4080
1370,1998,5,5959,4467,1492
1370,1998,6,5943,10767,-4824
1370,1998,7,5948,2667,3281
1370,1998,8,5952,4907,1045
1370,1998,9,5968,1867,4101
1370,1998,10,5985,1867,4118
1370,1998,11,5985,8867,-2882
1370,1998,12,5975,8802,-2827
1371,1994,4,400,0,400
1371,1994,5,4611,0,4611
1371,1994,6,4611,0,4611
1371,1994,7,4611,0,4611
1371,1994,8,4611,0,4611
1371,1994,9,4668,3089,1579
1371,1994,10,4698,4689,9
1371,1994,11,4700,3089,1611
1371,1994,12,4706,3889,817
1371,1995,1,4705,5879,-1174
1371,1995,2,4706,3089,1617
1371,1995,3,4708,4929,-221
1371,1995,4,4711,3789,922
1371,1995,5,4712,5329,-617
1371,1995,6,4693,12309,-7616
1371,1995,7,4681,3089,1592
1371,1995,8,4682,5249,-567
1371,1995,9,4684,3729,955
1371,1995,10,4689,3089,1600
1371,1995,11,4696,3089,1607
1371,1995,12,4700,4549,151
1371,1996,1,4693,6759,-2066
1371,1996,2,4691,4369,322
1371,1996,3,4696,3089,1607
1371,1996,4,4702,6609,-1907
1371,1996,5,4693,3729,964
1371,1996,6,4699,3089,1610
1371,1996,7,4695,10249,-5554
1371,1996,8,4682,3089,1593
1371,1996,9,4682,5569,-887
1371,1996,10,4685,3089,1596
1371,1996,11,4692,3089,1603
1371,1996,12,4697,3389,1308
1371,1997,1,4694,7889,-3195
1371,1997,2,4681,6369,-1688
1371,1997,3,4683,3089,1594
1371,1997,4,4689,4769,-80
1371,1997,5,4689,3089,1600
1371,1997,6,4692,4889,-197
1371,1997,7,4695,3089,1606
1371,1997,8,4702,3089,1613
1371,1997,9,4704,5009,-305
1371,1997,10,4706,5169,-463
1371,1997,11,4705,3089,1616
1371,1997,12,4710,4259,451
1371,1998,1,4711,6189,-1478
1371,1998,2,4707,3089,1618
1371,1998,3,4700,8289,-3589
1371,1998,4,4699,3189,1510
1371,1998,5,4703,4129,574
1371,1998,6,4694,9109,-4415
1371,1998,7,4689,3089,1600
1371,1998,8,4695,3569,1126
1371,1998,9,4701,3089,1612
1371,1998,10,4707,3089,1618
1371,1998,11,4711,4449,262
1371,1998,12,4715,3324,1391
1372,1993,3,300,0,300
1372,1993,4,14531,0,14531
1372,1993,5,30525,9000,21525
1372,1993,6,1141,5900,-4759
1372,1993,7,2930,3415,-485
1372,1993,8,22112,3815,18297
1372,1993,9,2986,11515,-8529
1372,1993,10,2958,8815,-5857
1372,1993,11,2935,7315,-4380
1372,1993,12,2921,6715,-3794
1372,1994,1,1307,7965,-6658
1372,1994,2,5295,15,5280
1372,1994,3,43506,23715,19791
1372,1994,4,1163,12015,-10852
1372,1994,5,1135,4715,-3580
1372,1994,6,1120,7215,-6095
1372,1994,7,5013,15,4998
1372,1994,8,2923,2815,108
1372,1994,9,2927,1515,1412
1372,1994,10,47605,1715,45890
1372,1994,11,3061,26965,-23904
1372,1994,12,2990,17565,-14575
1372,1995,1,1127,13165,-12038
1372,1995,2,3418,15,3403
1372,1995,3,1121,3015,-1894
1372,1995,4,4025,15,4010
1372,1995,5,28803,2565,26238
1372,1995,6,1187,36015,-34828
1372,1995,7,4103,1615,2488
1372,1995,8,26105,15,26090
1372,1995,9,1185,9515,-8330
1372,1995,10,1178,2615,-1437
1372,1995,11,1169,4665,-3496
1372,1995,12,2059,2315,-256
1372,1996,1,15584,13765,1819
1372,1996,2,2968,3865,-897
1372,1996,3,2967,5015,-2048
1372,1996,4,2959,3115,-156
1372,1996,5,2958,3615,-657
1372,1996,6,8726,13515,-4789
1372,1996,7,7739,15,7724
1372,1996,8,3667,1265,2402
1372,1996,9,4979,365,4614
1372,1996,10,2996,1865,1131
1372,1996,11,38222,21815,16407
1372,1996,12,3053,16065,-13012
1372,1997,1,44286,39115,5171
1372,1997,2,1227,7415,-6188
1372,1997,3,1201,7315,-6114
1372,1997,4,1178,3715,-2537
1372,1997,5,1170,1665,-495
1372,1997,6,1154,21215,-20061
1372,1997,7,7894,15,7879
1372,1997,8,5121,1765,3356
1372,1997,9,1131,1215,-84
1372,1997,10,1733,365,1368
1372,1997,11,29654,15,29639
1372,1997,12,1236,15565,-14329
1372,1998,1,2977,17065,-14088
1372,1998,2,2939,5265,-2326
1372,1998,3,2925,7015,-4090
1372,1998,4,2913,3715,-802
1372,1998,5,46101,7015,39086
1372,1998,6,47886,66315,-18429
1372,1998,7,2998,21115,-18117
1372,1998,8,2905,10265,-7360
1372,1998,9,2894,15,2879
1372,1998,10,2906,15,2891
1372,1998,11,2899,8715,-5816
1372,1998,12,2891,2550,341
1373,1993,6,500,0,500
1373,1993,7,2962,0,2962
1373,1993,8,2962,0,2962
1373,1993,9,2962,0,2962
1373,1993,10,2962,0,2962
1373,1993,11,2964,15,2949
1373,1993,12,3025,3159,-134
1373,1994,1,3026,2709,317
1373,1994,2,3029,1989,1040
1373,1994,3,3033,1989,1044
1373,1994,4,3038,1989,1049
1373,1994,5,3042,1989,1053
1373,1994,6,3031,6129,-3098
1373,1994,7,3033,1989,1044
1373,1994,8,3038,1989,1049
1373,1994,9,3041,2769,272
1373,1994,10,3040,2979,61
1373,1994,11,3041,2859,182
1373,1994,12,3040,3399,-359
1373,1995,1,3042,2349,693
1373,1995,2,3045,1989,1056
1373,1995,3,3050,1989,1061
1373,1995,4,3050,3089,-39
1373,1995,5,3049,3489,-440
1373,1995,6,3044,7779,-4735
1373,1995,7,3032,2289,743
1373,1995,8,3036,1989,1047
1373,1995,9,3035,3369,-334
1373,1995,10,3039,1989,1050
1373,1995,11,3043,1989,1054
1373,1995,12,3047,2409,638
1373,1996,1,3050,3249,-199
1373,1996,2,3049,1989,1060
1373,1996,3,3053,2199,854
1373,1996,4,3057,2259,798
1373,1996,5,3060,1989,1071
1373,1996,6,3050,8379,-5329
1373,1996,7,3043,1989,1054
1373,1996,8,3045,4189,-1144
1373,1996,9,3041,3189,-148
1373,1996,10,3040,2989,51
1373,1996,11,3040,3689,-649
1373,1996,12,3037,3799,-762
1373,1997,1,3034,2649,385
1373,1997,2,3036,2689,347
1373,1997,3,3039,1989,1050
1373,1997,4,3036,6459,-3423
1373,1997,5,3029,1989,1040
1373,1997,6,3029,4489,-1460
1373,1997,7,3027,1989,1038
1373,1997,8,3027,4289,-1262
1373,1997,9,3026,1989,1037
1373,1997,10,3028,2889,139
1373,1997,11,3030,1989,1041
1373,1997,12,3033,2649,384
1373,1998,1,3034,2709,325
1373,1998,2,3037,1989,1048
1373,1998,3,3039,3789,-750
1373,1998,4,3039,1989,1050
1373,1998,5,3041,3189,-148
1373,1998,6,3039,4309,-1270
1373,1998,7,3036,2529,507
1373,1998,8,3032,5189,-2157
1373,1998,9,3030,1989,1041
1373,1998,10,3034,1989,1045
1373,1998,11,3038,1989,1049
1373,1998,12,3031,6474,-3443
1374,1996,9,700,0,700
1374,1996,10,48673,13400,35273
1374,1996,11,48806,33800,15006
1374,1996,12,73255,70400,2855
1374,1997,1,48877,46900,1977
1374,1997,2,48860,71816,-22956
1374,1997,3,48862,43974,4888
1374,1997,4,48890,42609,6281
1374,1997,5,48926,39515,9411
1374,1997,6,73273,78364,-5091
1374,1997,7,48868,47715,1153
1374,1997,8,48857,44715,4142
1374,1997,9,48909,53532,-4623
1374,1997,10,48836,68058,-19222
1374,1997,11,48843,29822,19021
1374,1997,12,73215,88790,-15575
1374,1998,1,48826,40822,8004
1374,1998,2,48868,35765,13103
1374,1998,3,48929,45522,3407
1374,1998,4,48868,72441,-23573
1374,1998,5,48859,37122,11737
1374,1998,6,76417,107848,-31431
1374,1998,7,48754,32723,16031
1374,1998,8,48834,31822,17012
1374,1998,9,48828,75096,-26268
1374,1998,10,48778,36422,12356
1374,1998,11,48806,48360,446
1374,1998,12,73194,70015,3179
1375,1994,4,800,0,800
1375,1994,5,23407,0,23407
1375,1994,6,30548,13900,16648
1375,1994,7,20461,19900,561
1375,1994,8,20468,15500,4968
1375,1994,9,20510,22545,-2035
1375,1994,10,20502,24845,-4343
1375,1994,11,20484,21945,-1461
1375,1994,12,30654,22045,8609
1375,1995,1,20493,28745,-8252
1375,1995,2,20481,18845,1636
1375,1995,3,20477,21345,-868
1375,1995,4,20482,19845,637
1375,1995,5,20485,19745,740
1375,1995,6,30630,28145,2485
1375,1995,7,20488,23745,-3257
1375,1995,8,20482,20745,-263
1375,1995,9,20480,19034,1446
1375,1995,10,20479,22734,-2255
1375,1995,11,20473,20534,-61
1375,1995,12,30645,22834,7811
1375,1996,1,20480,32134,-11654
1375,1996,2,20459,17434,3025
1375,1996,3,20471,17834,2637
1375,1996,4,20475,20734,-259
1375,1996,5,20479,17934,2545
1375,1996,6,30614,35334,-4720
1375,1996,7,20473,20034,439
1375,1996,8,20472,16834,3638
1375,1996,9,20485,17534,2951
1375,1996,10,20489,20234,255
1375,1996,11,20495,19734,761
1375,1996,12,30665,31034,-369
1375,1997,1,20469,29234,-8765
1375,1997,2,20449,20434,15
1375,1997,3,20448,22134,-1686
1375,1997,4,20449,18634,1815
1375,1997,5,20460,17134,3326
1375,1997,6,30627,34434,-3807
1375,1997,7,20456,17934,2522
1375,1997,8,20464,19734,730
1375,1997,9,20497,19145,1352
1375,1997,10,20474,19245,1229
1375,1997,11,20457,27145,-6688
1375,1997,12,30614,24645,5969
1375,1998,1,20691,17445,3246
1375,1998,2,20510,11445,9065
1375,1998,3,20498,26245,-5747
1375,1998,4,20520,11345,9175
1375,1998,5,20523,27345,-6822
1375,1998,6,34301,17545,16756
1375,1998,7,20594,13745,6849
1375,1998,8,20592,20645,-53
1375,1998,9,20610,17845,2765
1375,1998,10,20598,23745,-3147
1375,1998,11,20602,19945,657
1375,1998,12,30784,20930,9854
1376,1995,9,700,0,700
1376,1995,10,4097,0,4097
1376,1995,11,4097,0,4097
1376,1995,12,4097,0,4097
1376,1996,1,4097,0,4097
1376,1996,2,4150,2746,1404
1376,1996,3,4178,2746,1432
1376,1996,4,4176,6186,-2010
1376,1996,5,4176,2746,1430
1376,1996,6,4182,2746,1436
1376,1996,7,4188,2746,1442
1376,1996,8,4194,2746,1448
1376,1996,9,4200,2746,1454
1376,1996,10,4206,2746,1460
1376,1996,11,4212,2746,1466
1376,1996,12,4216,4096,120
1376,1997,1,4203,12666,-8463
1376,1997,2,4183,2746,1437
1376,1997,3,4189,2746,1443
1376,1997,4,4195,2746,1449
1376,1997,5,4190,6506,-2316
1376,1997,6,4173,11086,-6913
1376,1997,7,4163,2746,1417
1376,1997,8,4168,4746,-578
1376,1997,9,4166,2746,1420
1376,1997,10,4172,2746,1426
1376,1997,11,4178,2746,1432
1376,1997,12,4177,5616,-1439
1376,1998,1,4163,8346,-4183
1376,1998,2,4160,2746,1414
1376,1998,3,4166,2746,1420
1376,1998,4,4168,4666,-498
1376,1998,5,4170,2746,1424
1376,1998,6,4176,2746,1430
1376,1998,7,4174,6266,-2092
1376,1998,8,4173,2746,1427
1376,1998,9,4179,2746,1433
1376,1998,10,4185,2746,1439
1376,1998,11,4191,2746,1445
1376,1998,12,4195,4091,104
1377,1996,9,300,0,300
1377,1996,10,3432,0,3432
1377,1996,11,3432,0,3432
1377,1996,12,3432,0,3432
1377,1997,1,3432,0,3432
1377,1997,2,3466,2287,1179
1377,1997,3,3498,3517,-19
1377,1997,4,3498,2287,1211
1377,1997,5,3503,3067,436
1377,1997,6,3492,7837,-4345
1377,1997,7,3486,3097,389
1377,1997,8,3489,2287,1202
1377,1997,9,3493,2287,1206
1377,1997,10,3499,2287,1212
1377,1997,11,3503,2467,1036
1377,1997,12,3507,2647,860
1377,1998,1,3499,7117,-3618
1377,1998,2,3496,2947,549
1377,1998,3,3499,2287,1212
1377,1998,4,3500,4167,-667
1377,1998,5,3499,4427,-928
1377,1998,6,3497,3257,240
1377,1998,7,3495,3787,-292
1377,1998,8,3489,6087,-2598
1377,1998,9,3482,3987,-505
1377,1998,10,3484,2287,1197
1377,1998,11,3489,2287,1202
1377,1998,12,3495,2662,833
1378,1993,3,25584,0,25584
1378,1993,4,25188,0,25188
1378,1993,5,24659,13300,11359
1378,1993,6,36929,19500,17429
1378,1993,7,24741,28296,-3555
1378,1993,8,24687,53789,-29102
1378,1993,9,24659,29589,-4930
1378,1993,10,24633,24789,-156
1378,1993,11,24623,24189,434
1378,1993,12,36869,29789,7080
1378,1994,1,24636,29989,-5353
1378,1994,2,24637,25189,-552
1378,1994,3,24636,25589,-953
1378,1994,4,24635,21689,2946
1378,1994,5,24643,24289,354
1378,1994,6,36881,29389,7492
1378,1994,7,24670,27789,-3119
1378,1994,8,24658,23689,969
1378,1994,9,24652,26589,-1937
1378,1994,10,24652,23189,1463
1378,1994,11,24653,26589,-1936
1378,1994,12,36871,30889,5982
1378,1995,1,24653,31289,-6636
1378,1995,2,24640,21989,2651
1378,1995,3,24655,23289,1366
1378,1995,4,24660,23889,771
1378,1995,5,24663,23289,1374
1378,1995,6,36900,28389,8511
1378,1995,7,24698,27089,-2391
1378,1995,8,24679,26889,-2210
1378,1995,9,24673,23689,984
1378,1995,10,24666,28189,-3523
1378,1995,11,24661,24989,-328
1378,1995,12,36880,35589,1291
1378,1996,1,24634,33689,-9055
1378,1996,2,24631,22589,2042
1378,1996,3,24646,17689,6957
1378,1996,4,24664,22489,2175
1378,1996,5,24677,19789,4888
1378,1996,6,36910,33789,3121
1378,1996,7,24688,29289,-4601
1378,1996,8,24663,29089,-4426
1378,1996,9,24667,20189,4478
1378,1996,10,24678,22189,2489
1378,1996,11,24677,27489,-2812
1378,1996,12,36951,32289,4662
1378,1997,1,24692,25989,-1297
1378,1997,2,24700,15989,8711
1378,1997,3,24704,31289,-6585
1378,1997,4,24720,12889,11831
1378,1997,5,24763,15489,9274
1378,1997,6,37029,19889,17140
1378,1997,7,24845,25489,-644
1378,1997,8,24841,24089,752
1378,1997,9,24835,26089,-1254
1378,1997,10,24840,27389,-2549
1378,1997,11,24816,29789,-4973
1378,1997,12,37022,31789,5233
1378,1998,1,24774,41189,-16415
1378,1998,2,24758,21189,3569
1378,1998,3,24774,26589,-1815
1378,1998,4,24782,18289,6493
1378,1998,5,24798,20989,3809
1378,1998,6,37048,25789,11259
1378,1998,7,24843,25389,-546
1378,1998,8,24832,30689,-5857
1378,1998,9,24798,29389,-4591
1378,1998,10,24782,28689,-3907
1378,1998,11,24762,29289,-4527
1378,1998,12,36995,27174,9821
1379,1997,10,16564,0,16564
1379,1997,11,10500,2400,8100
1379,1997,12,15750,7300,8450
1379,1998,1,10568,8600,1968
1379,1998,2,10576,11215,-639
1379,1998,3,12472,13568,-1096
1379,1998,4,10579,7168,3411
1379,1998,5,10592,10568,24
1379,1998,6,15823,7968,7855
1379,1998,7,10613,11568,-955
1379,1998,8,10618,12768,-2150
1379,1998,9,10609,13468,-2859
1379,1998,10,10598,10668,-70
1379,1998,11,10600,7568,3032
1379,1998,12,15841,9653,6188
1380,1996,2,1100,0,1100
1380,1996,3,23882,1900,21982
1380,1996,4,23961,12000,11961
1380,1996,5,24001,18200,5801
1380,1996,6,35959,23800,12159
1380,1996,7,24078,28044,-3966
1380,1996,8,24064,29444,-5380
1380,1996,9,24043,24244,-201
1380,1996,10,24050,21144,2906
1380,1996,11,24039,30644,-6605
1380,1996,12,35973,31344,4629
1380,1997,1,24025,35044,-11019
1380,1997,2,24003,21844,2159
1380,1997,3,24008,23544,464
1380,1997,4,24009,23244,765
1380,1997,5,24013,23844,169
1380,1997,6,35962,27944,8018
1380,1997,7,24036,26244,-2208
1380,1997,8,24038,21544,2494
1380,1997,9,24044,22444,1600
1380,1997,10,24052,21744,2308
1380,1997,11,24055,23744,311
1380,1997,12,35980,39744,-3764
1380,1998,1,24022,38744,-14722
1380,1998,2,23968,30244,-6276
1380,1998,3,23966,19244,4722
1380,1998,4,23965,25344,-1379
1380,1998,5,23981,23644,337
1380,1998,6,35915,29844,6071
1380,1998,7,23991,26744,-2753
1380,1998,8,23972,25844,-1872
1380,1998,9,26425,9944,16481
1380,1998,10,24075,13844,10231
1380,1998,11,24089,21744,2345
1380,1998,12,36064,26029,10035
1381,1993,11,5076,0,5076
1381,1993,12,4079,0,4079
1381,1994,1,4079,0,4079
1381,1994,2,4079,0,4079
1381,1994,3,4081,15,4066
1381,1994,4,4152,2720,1432
1381,1994,5,4151,6060,-1909
1381,1994,6,4150,3920,230
1381,1994,7,4151,2720,1431
1381,1994,8,4157,2720,1437
1381,1994,9,4163,2720,1443
1381,1994,10,4168,3420,748
1381,1994,11,4172,2720,1452
1381,1994,12,4171,10160,-5989
1381,1995,1,4129,11560,-7431
1381,1995,2,4122,2720,1402
1381,1995,3,4128,2720,1408
1381,1995,4,4134,2720,1414
1381,1995,5,4140,2720,1420
1381,1995,6,4141,7670,-3529
1381,1995,7,4131,2720,1411
1381,1995,8,4137,2720,1417
1381,1995,9,4142,2720,1422
1381,1995,10,4145,6080,-1935
1381,1995,11,4140,2720,1420
1381,1995,12,4143,4020,123
1381,1996,1,4129,10220,-6091
1381,1996,2,4121,2720,1401
1381,1996,3,4127,2720,1407
1381,1996,4,4133,2720,1413
1381,1996,5,4138,4720,-582
1381,1996,6,4136,2720,1416
1381,1996,7,4142,2720,1422
1381,1996,8,4136,6640,-2504
1381,1996,9,4134,5760,-1626
1381,1996,10,4129,3320,809
1381,1996,11,4133,3320,813
1381,1996,12,4135,3220,915
1381,1997,1,4127,8220,-4093
1381,1997,2,4124,2720,1404
1381,1997,3,4130,2720,1410
1381,1997,4,4124,7720,-3596
1381,1997,5,4114,5320,-1206
1381,1997,6,4115,2720,1395
1381,1997,7,4121,2720,1401
1381,1997,8,4121,4920,-799
1381,1997,9,4123,3440,683
1381,1997,10,4126,2720,1406
1381,1997,11,4132,2720,1412
1381,1997,12,4137,3220,917
1381,1998,1,4127,8080,-3953
1381,1998,2,4125,2720,1405
1381,1998,3,4131,2720,1411
1381,1998,4,4137,2720,1417
1381,1998,5,4143,2720,1423
1381,1998,6,4144,4720,-576
1381,1998,7,4146,2720,1426
1381,1998,8,4152,2720,1432
1381,1998,9,4158,2720,1438
1381,1998,10,4151,6640,-2489
1381,1998,11,4153,2720,1433
1381,1998,12,4151,7625,-3474
1382,1993,8,3899,0,3899
1382,1993,9,3105,0,3105
1382,1993,10,3105,0,3105
1382,1993,11,3105,0,3105
1382,1993,12,3128,1095,2033
1382,1994,1,3146,5674,-2528
1382,1994,2,3144,2974,170
1382,1994,3,3144,2254,890
1382,1994,4,3149,2074,1075
1382,1994,5,3154,2074,1080
1382,1994,6,3158,2074,1084
1382,1994,7,3163,2074,1089
1382,1994,8,3165,3094,71
1382,1994,9,3167,3094,73
1382,1994,10,3168,2074,1094
1382,1994,11,3170,3244,-74
1382,1994,12,3171,2524,647
1382,1995,1,3168,6484,-3316
1382,1995,2,3161,2074,1087
1382,1995,3,3165,2074,1091
1382,1995,4,3170,2074,1096
1382,1995,5,3174,2074,1100
1382,1995,6,3167,5644,-2477
1382,1995,7,3169,2074,1095
1382,1995,8,3173,2074,1099
1382,1995,9,3178,2074,1104
1382,1995,10,3180,3574,-394
1382,1995,11,3180,2474,706
1382,1995,12,3183,2794,389
1382,1996,1,3180,5014,-1834
1382,1996,2,3177,2074,1103
1382,1996,3,3180,3274,-94
1382,1996,4,3182,2074,1108
1382,1996,5,3186,2404,782
1382,1996,6,3184,5154,-1970
1382,1996,7,3181,2254,927
1382,1996,8,3185,2074,1111
1382,1996,9,3182,5524,-2342
1382,1996,10,3180,2074,1106
1382,1996,11,3183,3034,149
1382,1996,12,3181,3214,-33
1382,1997,1,3171,8504,-5333
1382,1997,2,3162,2074,1088
1382,1997,3,3167,2174,993
1382,1997,4,3170,2704,466
1382,1997,5,3173,2074,1099
1382,1997,6,3177,2074,1103
1382,1997,7,3182,2074,1108
1382,1997,8,3187,2074,1113
1382,1997,9,3181,5774,-2593
1382,1997,10,3177,3174,3
1382,1997,11,3171,5074,-1903
1382,1997,12,3169,3194,-25
1382,1998,1,3164,4474,-1310
1382,1998,2,3165,2374,791
1382,1998,3,3168,3064,104
1382,1998,4,3170,2074,1096
1382,1998,5,3175,2074,1101
1382,1998,6,3177,4894,-1717
1382,1998,7,3172,2074,1098
1382,1998,8,3174,3094,80
1382,1998,9,3177,2074,1103
1382,1998,10,3181,2074,1107
1382,1998,11,3186,2074,1112
1382,1998,12,3190,2419,771
1383,1996,4,1000,0,1000
1383,1996,5,6909,0,6909
1383,1996,6,6909,0,6909
1383,1996,7,6909,0,6909
1383,1996,8,6981,300,6681
1383,1996,9,7032,6388,644
1383,1996,10,7042,4388,2654
1383,1996,11,7056,2888,4168
1383,1996,12,7055,9338,-2283
1383,1997,1,7036,12738,-5702
1383,1997,2,7048,2188,4860
1383,1997,3,7065,3068,3997
1383,1997,4,7067,6368,699
1383,1997,5,7074,6508,566
1383,1997,6,7062,13438,-6376
1383,1997,7,7055,2788,4267
1383,1997,8,7073,2688,4385
1383,1997,9,7099,3388,3711
1383,1997,10,7107,7188,-81
1383,1997,11,7100,6588,512
1383,1997,12,7098,10508,-3410
1383,1998,1,7068,14978,-7910
1383,1998,2,7058,4908,2150
1383,1998,3,7067,3388,3679
1383,1998,4,7066,10948,-3882
1383,1998,5,7077,2188,4889
1383,1998,6,7060,13028,-5968
1383,1998,7,7070,3188,3882
1383,1998,8,7072,5088,1984
1383,1998,9,7062,13388,-6326
1383,1998,10,7056,6588,468
1383,1998,11,7039,10188,-3149
1383,1998,12,7044,5323,1721
1384,1996,3,800,0,800
1384,1996,4,31382,3200,28182
1384,1996,5,31498,15200,16298
1384,1996,6,47248,31100,16148
1384,1996,7,31623,29300,2323
1384,1996,8,31632,30130,1502
1384,1996,9,31650,38330,-6680
1384,1996,10,31611,30730,881
1384,1996,11,31627,30830,797
1384,1996,12,47282,67130,-19848
1384,1997,1,36532,63319,-26787
1384,1997,2,31450,8930,22520
1384,1997,3,31541,29130,2411
1384,1997,4,31550,28130,3420
1384,1997,5,31551,24030,7521
1384,1997,6,47256,62630,-15374
1384,1997,7,31532,28003,3529
1384,1997,8,31534,24230,7304
1384,1997,9,31547,38182,-6635
1384,1997,10,31520,33776,-2256
1384,1997,11,31527,25030,6497
1384,1997,12,47189,56215,-9026
1384,1998,1,31491,46730,-15239
1384,1998,2,31477,13230,18247
1384,1998,3,31531,32335,-804
1384,1998,4,31538,19230,12308
1384,1998,5,31582,23030,8552
1384,1998,6,47264,58330,-11066
1384,1998,7,31582,18930,12652
1384,1998,8,31613,28830,2783
1384,1998,9,31625,28930,2695
1384,1998,10,31615,39030,-7415
1384,1998,11,31665,3730,27935
1384,1998,12,47389,77800,-30411
1385,1997,5,18400,0,18400
1385,1997,6,29781,0,29781
1385,1997,7,17579,6500,11079
1385,1997,8,17614,10500,7114
1385,1997,9,17604,26049,-8445
1385,1997,10,17593,17549,44
1385,1997,11,17576,22909,-5333
1385,1997,12,26277,17649,8628
1385,1998,1,17582,30069,-12487
1385,1998,2,17568,12649,4919
1385,1998,3,17581,15349,2232
1385,1998,4,17595,13649,3946
1385,1998,5,17588,22969,-5381
1385,1998,6,26287,13849,12438
1385,1998,7,17647,19949,-2302
1385,1998,8,17615,25129,-7514
1385,1998,9,17599,24369,-6770
1385,1998,10,17572,16969,603
1385,1998,11,17576,13449,4127
1385,1998,12,26295,11914,14381
1387,1997,1,16402,0,16402
1387,1997,3,3468,0,3468
1387,1997,4,2368,0,2368
1387,1997,5,7570,0,7570
1387,1997,6,1524,0,1524
1387,1997,7,124,3800,-3676
1387,1997,8,124,200,-76
1387,1997,10,224,0,224
1387,1997,11,1124,0,1124
1387,1997,12,2724,0,2724
1387,1998,1,124,2100,-1976
1387,1998,2,5924,0,5924
1387,1998,3,3724,0,3724
1387,1998,4,2424,0,2424
1387,1998,5,524,0,524
1387,1998,6,1124,0,1124
1387,1998,8,424,0,424
1387,1998,9,124,400,-276
1387,1998,10,424,0,424
1387,1998,11,3224,0,3224
1387,1998,12,1700,0,1700
1388,1994,5,21985,0,21985
1388,1994,6,33118,0,33118
1388,1994,7,21463,34400,-12937
1388,1994,8,21396,19100,2296
1388,1994,9,21453,22015,-562
1388,1994,10,21403,21815,-412
1388,1994,11,21402,18515,2887
1388,1994,12,32036,27715,4321
1388,1995,1,21429,24215,-2786
1388,1995,2,21419,22615,-1196
1388,1995,3,21415,20215,1200
1388,1995,4,21460,20515,945
1388,1995,5,21422,23815,-2393
1388,1995,6,32041,30515,1526
1388,1995,7,21418,23815,-2397
1388,1995,8,21407,23815,-2408
1388,1995,9,21399,22115,-716
1388,1995,10,21396,22215,-819
1388,1995,11,21418,22515,-1097
1388,1995,12,32008,25515,6493
1388,1996,1,21414,22015,-601
1388,1996,2,21413,21115,298
1388,1996,3,21442,23315,-1873
1388,1996,4,21399,26415,-5016
1388,1996,5,21388,19415,1973
1388,1996,6,32009,28815,3194
1388,1996,7,21402,24215,-2813
1388,1996,8,21386,27815,-6429
1388,1996,9,21375,17515,3860
1388,1996,10,21387,19415,1972
1388,1996,11,21392,21115,277
1388,1996,12,32032,34115,-2083
1388,1997,1,21386,20515,871
1388,1997,2,21385,22815,-1430
1388,1997,3,21378,22915,-1537
1388,1997,4,21367,25415,-4048
1388,1997,5,21354,26415,-5061
1388,1997,6,31950,35615,-3665
1388,1997,7,21330,21415,-85
1388,1997,8,21323,20615,708
1388,1997,9,21321,22315,-994
1388,1997,10,21316,24115,-2799
1388,1997,11,21313,19515,1798
1388,1997,12,31929,34015,-2086
1388,1998,1,21296,25015,-3719
1388,1998,2,21290,21515,-225
1388,1998,3,21288,22115,-827
1388,1998,4,21332,4915,16417
1388,1998,5,21318,34315,-12997
1388,1998,6,31903,34615,-2712
1388,1998,7,21293,15,21278
1388,1998,8,21404,4115,17289
1388,1998,9,21405,36715,-15310
1388,1998,10,21391,4415,16976
1388,1998,11,21399,40915,-19516
1388,1998,12,32052,6800,25252
1389,1997,8,31366,0,31366
1389,1997,9,98909,73815,25094
1389,1997,10,22555,49291,-26736
1389,1997,11,39020,16391,22629
1389,1997,12,67734,38791,28943
1389,1998,1,143,67191,-67048
1389,1998,2,86697,15197,71500
1389,1998,3,87567,80415,7152
1389,1998,4,13226,84901,-71675
1389,1998,5,37127,35212,1915
1389,1998,6,29376,13791,15585
1389,1998,7,20337,32891,-12554
1389,1998,8,5390,14291,-8901
1389,1998,9,16638,11619,5019
1389,1998,10,62966,40519,22447
1389,1998,11,55509,47519,7990
1389,1998,12,25005,14604,10401
1390,1996,12,400,0,400
1390,1997,1,18646,0,18646
1390,1997,2,10818,5500,5318
1390,1997,3,10840,8000,2840
1390,1997,4,10852,8200,2652
1390,1997,5,10872,16473,-5601
1390,1997,6,16201,21693,-5492
1390,1997,7,14919,12333,2586
1390,1997,8,11729,10533,1196
1390,1997,9,11444,11013,431
1390,1997,10,10846,12873,-2027
1390,1997,11,10839,10673,166
1390,1997,12,16221,15193,1028
1390,1998,1,13523,18573,-5050
1390,1998,2,11727,7173,4554
1390,1998,3,14244,7173,7071
1390,1998,4,10863,12273,-1410
1390,1998,5,10867,7973,2894
1390,1998,6,20993,31573,-10580
1390,1998,7,13533,12213,1320
1390,1998,8,12240,7173,5067
1390,1998,9,10856,9373,1483
1390,1998,10,10861,10273,588
1390,1998,11,10867,7973,2894
1390,1998,12,16245,14078,2167
1391,1996,12,600,0,600
1391,1997,1,17080,0,17080
1391,1997,2,16236,8500,7736
1391,1997,3,16270,7000,9270
1391,1997,4,16305,9800,6505
1391,1997,5,16340,17428,-1088
1391,1997,6,24409,23308,1101
1391,1997,7,16338,16668,-330
1391,1997,8,16325,22588,-6263
1391,1997,9,16316,12068,4248
1391,1997,10,16321,18368,-2047
1391,1997,11,16315,16168,147
1391,1997,12,24392,31408,-7016
1391,1998,1,16274,20748,-4474
1391,1998,2,16281,8968,7313
1391,1998,3,16303,13768,2535
1391,1998,4,16310,15068,1242
1391,1998,5,16315,20208,-3893
1391,1998,6,24385,19368,5017
1391,1998,7,16303,24528,-8225
1391,1998,8,16269,21588,-5319
1391,1998,9,16263,12968,3295
1391,1998,10,16273,15168,1105
1391,1998,11,16289,9768,6521
1391,1998,12,24397,16573,7824
1392,1993,4,700,0,700
1392,1993,5,25093,0,25093
1392,1993,6,34886,16100,18786
1392,1993,7,23366,20700,2666
1392,1993,8,23374,24700,-1326
1392,1993,9,23373,19815,3558
1392,1993,10,23404,32212,-8808
1392,1993,11,23379,25212,-1833
1392,1993,12,34985,29612,5373
1392,1994,1,23388,26412,-3024
1392,1994,2,23376,24512,-1136
1392,1994,3,23378,21312,2066
1392,1994,4,23368,26312,-2944
1392,1994,5,23375,20012,3363
1392,1994,6,34926,43412,-8486
1392,1994,7,23352,18712,4640
1392,1994,8,23364,22612,752
1392,1994,9,23368,21312,2056
1392,1994,10,23377,21212,2165
1392,1994,11,23378,25412,-2034
1392,1994,12,34982,31012,3970
1392,1995,1,23385,23612,-227
1392,1995,2,23375,25812,-2437
1392,1995,3,23382,20512,2870
1392,1995,4,23389,22712,677
1392,1995,5,23378,28112,-4734
1392,1995,6,34971,34512,459
1392,1995,7,23366,25012,-1646
1392,1995,8,23359,23612,-253
1392,1995,9,23359,22412,947
1392,1995,10,23354,25612,-2258
1392,1995,11,23357,20212,3145
1392,1995,12,34980,25712,9268
1392,1996,1,23398,23612,-214
1392,1996,2,23384,27512,-4128
1392,1996,3,23383,22012,1371
1392,1996,4,23378,26612,-3234
1392,1996,5,23378,20112,3266
1392,1996,6,34932,44112,-9180
1392,1996,7,23366,15212,8154
1392,1996,8,23378,22412,966
1392,1996,9,23424,20912,2512
1392,1996,10,23435,18012,5423
1392,1996,11,23457,7512,15945
1392,1996,12,35125,16112,19013
1392,1997,1,23549,23912,-363
1392,1997,2,23532,28212,-4680
1392,1997,3,23547,19412,4135
1392,1997,4,23558,21612,1946
1392,1997,5,23563,20412,3151
1392,1997,6,35120,56612,-21492
1392,1997,7,23518,11012,12506
1392,1997,8,23551,16612,6939
1392,1997,9,23558,24712,-1154
1392,1997,10,23577,16112,7465
1392,1997,11,23612,15112,8500
1392,1997,12,35057,81512,-46455
1392,1998,1,33599,15112,18487
1392,1998,2,23551,7912,15639
1392,1998,3,23592,16712,6880
1392,1998,4,23620,15712,7908
1392,1998,5,23623,26612,-2989
1392,1998,6,35126,63612,-28486
1392,1998,7,24648,16612,8036
1392,1998,8,23582,16512,7070
1392,1998,9,23608,24912,-1304
1392,1998,10,23600,24012,-412
1392,1998,11,23600,18812,4788
1392,1998,12,35128,67597,-32469
1393,1996,11,600,0,600
1393,1996,12,15840,0,15840
1393,1997,1,7959,100,7859
1393,1997,2,7987,3200,4787
1393,1997,3,8002,7400,602
1393,1997,4,8004,8315,-311
1393,1997,5,7994,10949,-2955
1393,1997,6,11947,6169,5778
1393,1997,7,8015,10269,-2254
1393,1997,8,8007,8469,-462
1393,1997,9,11215,5269,5946
1393,1997,10,9638,5269,4369
1393,1997,11,12142,10069,2073
1393,1997,12,11995,11889,106
1393,1998,1,8059,7069,990
1393,1998,2,8061,7969,92
1393,1998,3,8062,7969,93
1393,1998,4,8063,7169,894
1393,1998,5,8057,9629,-1572
1393,1998,6,16971,29109,-12138
1393,1998,7,9398,9109,289
1393,1998,8,11222,5269,5953
1393,1998,9,8028,10269,-2241
1393,1998,10,8015,11869,-3854
1393,1998,11,8007,8169,-162
1393,1998,12,11958,10134,1824
1394,1994,12,600,0,600
1394,1995,1,6341,0,6341
1394,1995,2,6341,0,6341
1394,1995,3,6341,0,6341
1394,1995,4,6341,0,6341
1394,1995,5,6411,3621,2790
1394,1995,6,6455,15565,-9110
1394,1995,7,6434,2115,4319
1394,1995,8,6452,2755,3697
1394,1995,9,6463,3875,2588
1394,1995,10,6478,4275,2203
1394,1995,11,6488,2115,4373
1394,1995,12,6500,6865,-365
1394,1996,1,6495,7165,-670
1394,1996,2,6489,7855,-1366
1394,1996,3,6494,3515,2979
1394,1996,4,6504,4915,1589
1394,1996,5,6507,7115,-608
1394,1996,6,6472,16565,-10093
1394,1996,7,6470,2115,4355
1394,1996,8,6488,2115,4373
1394,1996,9,6501,5015,1486
1394,1996,10,6481,12795,-6314
1394,1996,11,6485,2515,3970
1394,1996,12,6495,6595,-100
1394,1997,1,6487,10565,-4078
1394,1997,2,6473,7415,-942
1394,1997,3,6482,2115,4367
1394,1997,4,6495,7655,-1160
1394,1997,5,6485,6415,70
1394,1997,6,6482,15565,-9083
1394,1997,7,6457,2115,4342
1394,1997,8,6475,2115,4360
1394,1997,9,6492,2755,3737
1394,1997,10,6509,2115,4394
1394,1997,11,6527,2115,4412
1394,1997,12,6537,6325,212
1394,1998,1,6531,9505,-2974
1394,1998,2,6533,2115,4418
1394,1998,3,6552,2115,4437
1394,1998,4,6570,2115,4455
1394,1998,5,6586,3115,3471
1394,1998,6,6566,16155,-9589
1394,1998,7,6559,5555,1004
1394,1998,8,6567,2115,4452
1394,1998,9,6586,2115,4471
1394,1998,10,6595,5715,880
1394,1998,11,6602,5955,647
1394,1998,12,6609,2800,3809
1395,1995,11,300,0,300
1395,1995,12,15047,0,15047
1395,1996,1,5221,200,5021
1395,1996,2,5238,2300,2938
1395,1996,3,5248,3800,1448
1395,1996,4,5253,4715,538
1395,1996,5,5251,7747,-2496
1395,1996,6,7814,7447,367
1395,1996,7,5346,5847,-501
1395,1996,8,5239,9347,-4108
1395,1996,9,5229,3947,1282
1395,1996,10,7528,7547,-19
1395,1996,11,6138,3447,2691
1395,1996,12,7825,5847,1978
1395,1997,1,9331,15347,-6016
1395,1997,2,11040,8247,2793
1395,1997,3,7647,3447,4200
1395,1997,4,7761,3947,3814
1395,1997,5,7457,7547,-90
1395,1997,6,21523,22447,-924
1395,1997,7,10771,7047,3724
1395,1997,8,6689,3447,3242
1395,1997,9,10900,6847,4053
1395,1997,10,6117,3447,2670
1395,1997,11,5323,4447,876
1395,1997,12,7890,9447,-1557
1395,1998,1,5294,17547,-12253
1395,1998,2,10483,5347,5136
1395,1998,3,7399,3447,3952
1395,1998,4,11628,3447,8181
1395,1998,5,5331,7247,-1916
1395,1998,6,8992,10947,-1955
1395,1998,7,6330,3447,2883
1395,1998,8,6843,3447,3396
1395,1998,9,5338,7247,-1909
1395,1998,10,6146,3447,2699
1395,1998,11,5343,7847,-2504
1395,1998,12,11028,6332,4696
1396,1996,6,400,0,400
1396,1996,7,10900,0,10900
1396,1996,8,64439,28600,35839
1396,1996,9,63640,74500,-10860
1396,1996,10,21348,13415,7933
1396,1996,11,65464,55506,9958
1396,1996,12,47749,50606,-2857
1396,1997,1,144581,112922,31659
1396,1997,2,109265,102622,6643
1396,1997,3,329,36522,-36193
1396,1997,4,62734,55422,7312
1396,1997,5,46438,51922,-5484
1396,1997,6,41272,44422,-3150
1396,1997,7,62544,41522,21022
1396,1997,8,224,26222,-25998
1396,1997,9,32670,26322,6348
1396,1997,10,80690,75522,5168
1396,1997,11,41220,37224,3996
1396,1997,12,78337,44562,33775
1396,1998,1,43529,114360,-70831
1396,1998,2,27125,14722,12403
1396,1998,3,19930,18576,1354
1396,1998,4,42518,14722,27796
1396,1998,5,52806,36322,16484
1396,1998,6,11817,37222,-25405
1396,1998,7,11743,42702,-30959
1396,1998,8,19223,14722,4501
1396,1998,9,19831,23722,-3891
1396,1998,10,22433,14722,7711
1396,1998,11,31490,14722,16768
1396,1998,12,19759,38569,-18810
1397,1993,3,700,0,700
1397,1993,4,22010,0,22010
1397,1993,5,17388,7000,10388
1397,1993,6,26072,14800,11272
1397,1993,7,17457,20700,-3243
1397,1993,8,17453,15215,2238
1397,1993,9,17459,20334,-2875
1397,1993,10,17450,18834,-1384
1397,1993,11,17420,24594,-7174
1397,1993,12,26061,24394,1667
1397,1994,1,17391,30834,-13443
1397,1994,2,17366,20414,-3048
1397,1994,3,17873,8334,9539
1397,1994,4,17400,13734,3666
1397,1994,5,17408,17334,74
1397,1994,6,26041,37454,-11413
1397,1994,7,18783,8334,10449
1397,1994,8,17403,16534,869
1397,1994,9,17426,14234,3192
1397,1994,10,17426,14034,3392
1397,1994,11,18756,8334,10422
1397,1994,12,26136,16754,9382
1397,1995,1,17461,42714,-25253
1397,1995,2,21237,8334,12903
1397,1995,3,17473,12534,4939
1397,1995,4,17471,21174,-3703
1397,1995,5,17463,18294,-831
1397,1995,6,26132,14974,11158
1397,1995,7,17497,24394,-6897
1397,1995,8,17483,13834,3649
1397,1995,9,17495,14034,3461
1397,1995,10,17494,18934,-1440
1397,1995,11,17485,17994,-509
1397,1995,12,26143,18314,7829
1397,1996,1,17451,46234,-28783
1397,1996,2,18140,8334,9806
1397,1996,3,17450,14334,3116
1397,1996,4,17475,13634,3841
1397,1996,5,17476,14434,3042
1397,1996,6,26095,61614,-35519
1397,1996,7,22381,8334,14047
1397,1996,8,17404,13134,4270
1397,1996,9,17415,15334,2081
1397,1996,10,17424,14834,2590
1397,1996,11,17439,16634,805
1397,1996,12,26081,33454,-7373
1397,1997,1,17994,33074,-15080
1397,1997,2,17374,10834,6540
1397,1997,3,17596,12734,4862
1397,1997,4,17405,19334,-1929
1397,1997,5,17405,15034,2371
1397,1997,6,26083,19334,6749
1397,1997,7,17442,22274,-4832
1397,1997,8,17428,19634,-2206
1397,1997,9,17420,14834,2586
1397,1997,10,17430,16334,1096
1397,1997,11,17433,17134,299
1397,1997,12,26084,26234,-150
1397,1998,1,17400,23234,-5834
1397,1998,2,17411,12034,5377
1397,1998,3,17409,18594,-1185
1397,1998,4,17426,14634,2792
1397,1998,5,17426,16134,1292
1397,1998,6,26073,25474,599
1397,1998,7,17443,17834,-391
1397,1998,8,17433,22394,-4961
1397,1998,9,17415,18634,-1219
1397,1998,10,17395,20834,-3439
1397,1998,11,17396,17034,362
1397,1998,12,26069,10219,15850
1398,1994,8,1000,0,1000
1398,1994,9,13400,0,13400
1398,1994,10,6900,0,6900
1398,1994,11,3900,0,3900
1398,1994,12,2300,0,2300
1398,1995,1,0,100,-100
1398,1995,3,300,0,300
1398,1995,4,200,0,200
1398,1995,5,0,800,-800
1398,1995,6,0,2600,-2600
1398,1995,7,2300,0,2300
1398,1995,8,100,0,100
1398,1995,9,0,1000,-1000
1398,1995,10,2200,0,2200
1398,1995,11,0,3400,-3400
1398,1995,12,1300,0,1300
1398,1996,1,0,2000,-2000
1398,1996,2,200,0,200
1398,1996,3,200,0,200
1398,1996,4,600,0,600
1398,1996,5,5000,0,5000
1398,1996,6,1700,0,1700
1398,1996,7,2000,0,2000
1398,1996,8,2900,0,2900
1398,1996,9,0,1500,-1500
1398,1996,10,0,1100,-1100
1398,1996,11,700,0,700
1398,1996,12,0,600,-600
1398,1997,1,1600,0,1600
1398,1997,2,1500,0,1500
1398,1997,3,1900,0,1900
1398,1997,4,0,500,-500
1398,1997,5,0,300,-300
1398,1997,6,0,300,-300
1398,1997,7,0,600,-600
1398,1997,8,1200,0,1200
1398,1997,9,1600,0,1600
1398,1997,10,3606,0,3606
1398,1997,11,1683,0,1683
1398,1997,12,2783,0,2783
1398,1998,1,0,2400,-2400
1398,1998,2,385,800,-415
1398,1998,3,183,4200,-4017
1398,1998,4,183,4800,-4617
1398,1998,5,283,0,283
1398,1998,6,183,1200,-1017
1398,1998,7,183,300,-117
1398,1998,8,1183,0,1183
1398,1998,9,183,6300,-6117
1398,1998,10,783,0,783
1398,1998,11,183,1000,-817
1398,1998,12,1000,0,1000
1399,1996,5,800,0,800
1399,1996,6,19116,0,19116
1399,1996,7,8920,0,8920
1399,1996,8,8852,3600,5252
1399,1996,9,8871,4800,4071
1399,1996,10,8884,8844,40
1399,1996,11,8869,13429,-4560
1399,1996,12,13212,23949,-10737
1399,1997,1,11588,15789,-4201
1399,1997,2,10497,11229,-732
1399,1997,3,10696,10149,547
1399,1997,4,14714,7149,7565
1399,1997,5,11841,5829,6012
1399,1997,6,13230,8329,4901
1399,1997,7,8876,12029,-3153
1399,1997,8,12175,5829,6346
1399,1997,9,8887,8029,858
1399,1997,10,8894,7029,1865
1399,1997,11,8884,13229,-4345
1399,1997,12,13233,13889,-656
1399,1998,1,8849,21189,-12340
1399,1998,2,9132,5829,3303
1399,1998,3,8845,6229,2616
1399,1998,4,11244,12429,-1185
1399,1998,5,12563,5829,6734
1399,1998,6,15751,18509,-2758
1399,1998,7,9770,5829,3941
1399,1998,8,8877,7729,1148
1399,1998,9,8882,7429,1453
1399,1998,10,8873,11729,-2856
1399,1998,11,8857,12029,-3172
1399,1998,12,13220,10834,2386
1401,1993,8,300,0,300
1401,1993,9,6850,0,6850
1401,1993,10,6850,0,6850
1401,1993,11,6911,500,6411
1401,1993,12,6956,2700,4256
1401,1994,1,6946,13788,-6842
1401,1994,2,6932,4238,2694
1401,1994,3,6944,4278,2666
1401,1994,4,6958,3078,3880
1401,1994,5,6972,3878,3094
1401,1994,6,6950,16028,-9078
1401,1994,7,6949,4798,2151
1401,1994,8,6956,3678,3278
1401,1994,9,6972,2878,4094
1401,1994,10,6987,3978,3009
1401,1994,11,6984,11178,-4194
1401,1994,12,6973,6568,405
1401,1995,1,6969,13648,-6679
1401,1995,2,6957,2478,4479
1401,1995,3,6977,5858,1119
1401,1995,4,6978,4178,2800
1401,1995,5,6994,2778,4216
1401,1995,6,6985,11878,-4893
1401,1995,7,6991,2778,4213
1401,1995,8,6992,8378,-1386
1401,1995,9,6982,7898,-916
1401,1995,10,6989,8478,-1489
1401,1995,11,6991,6478,513
1401,1995,12,6992,3478,3514
1401,1996,1,6991,14288,-7297
1401,1996,2,6969,6158,811
1401,1996,3,6981,2478,4503
1401,1996,4,6999,4078,2921
1401,1996,5,7010,5978,1032
1401,1996,6,7012,8928,-1916
1401,1996,7,7008,2478,4530
1401,1996,8,7026,3878,3148
1401,1996,9,7035,8078,-1043
1401,1996,10,7030,8878,-1848
1401,1996,11,7019,8278,-1259
1401,1996,12,7015,7838,-823
1401,1997,1,6987,14528,-7541
1401,1997,2,6985,3918,3067
1401,1997,3,6999,3678,3321
1401,1997,4,7008,6558,450
1401,1997,5,7016,2478,4538
1401,1997,6,7006,16978,-9972
1401,1997,7,6985,6078,907
1401,1997,8,6997,2478,4519
1401,1997,9,7011,4238,2773
1401,1997,10,7023,4978,2045
1401,1997,11,7031,4978,2053
1401,1997,12,7039,4488,2551
1401,1998,1,7031,14938,-7907
1401,1998,2,7014,6878,136
1401,1998,3,7021,3078,3943
1401,1998,4,7029,8998,-1969
1401,1998,5,7017,9998,-2981
1401,1998,6,6974,15448,-8474
1401,1998,7,6982,2478,4504
1401,1998,8,7000,2478,4522
1401,1998,9,7004,9278,-2274
1401,1998,10,6993,9318,-2325
1401,1998,11,7000,2478,4522
1401,1998,12,7016,3863,3153
1402,1993,3,400,0,400
1402,1993,4,15719,0,15719
1402,1993,5,9082,100,8982
1402,1993,6,13620,6600,7020
1402,1993,7,9138,10000,-862
1402,1993,8,9136,10540,-1404
1402,1993,9,9137,10154,-1017
1402,1993,10,9136,8154,982
1402,1993,11,9136,10254,-1118
1402,1993,12,13643,13214,429
1402,1994,1,9816,15714,-5898
1402,1994,2,9617,5154,4463
1402,1994,3,9125,12234,-3109
1402,1994,4,9102,11774,-2672
1402,1994,5,9709,7434,2275
1402,1994,6,13626,11454,2172
1402,1994,7,9120,10254,-1134
1402,1994,8,9115,10354,-1239
1402,1994,9,9111,9354,-243
1402,1994,10,9112,10614,-1502
1402,1994,11,9104,12234,-3130
1402,1994,12,13600,11474,2126
1402,1995,1,9378,16434,-7056
1402,1995,2,9073,7054,2019
1402,1995,3,9083,6554,2529
1402,1995,4,9095,6634,2461
1402,1995,5,9101,7754,1347
1402,1995,6,13616,10374,3242
1402,1995,7,9116,9254,-138
1402,1995,8,9110,11654,-2544
1402,1995,9,9103,9654,-551
1402,1995,10,9102,9254,-152
1402,1995,11,9094,11554,-2460
1402,1995,12,13587,16954,-3367
1402,1996,1,9066,12454,-3388
1402,1996,2,9474,5154,4320
1402,1996,3,9072,11654,-2582
1402,1996,4,9883,5154,4729
1402,1996,5,9093,7354,1739
1402,1996,6,13620,6054,7566
1402,1996,7,9126,9054,72
1402,1996,8,9130,7754,1376
1402,1996,9,9129,9554,-425
1402,1996,10,9127,9654,-527
1402,1996,11,9122,10554,-1432
1402,1996,12,13642,8134,5508
1402,1997,1,9115,22814,-13699
1402,1997,2,12706,9474,3232
1402,1997,3,13930,5154,8776
1402,1997,4,9433,10794,-1361
1402,1997,5,12034,12354,-320
1402,1997,6,16840,16274,566
1402,1997,7,12457,5154,7303
1402,1997,8,10079,5154,4925
1402,1997,9,9190,6954,2236
1402,1997,10,9188,12454,-3266
1402,1997,11,9183,13794,-4611
1402,1997,12,13684,11714,1970
1402,1998,1,9167,16534,-7367
1402,1998,2,9149,5454,3695
1402,1998,3,9152,14174,-5022
1402,1998,4,9142,11854,-2712
1402,1998,5,9131,8754,377
1402,1998,6,13646,14554,-908
1402,1998,7,9129,6954,2175
1402,1998,8,9138,6254,2884
1402,1998,9,9135,14234,-5099
1402,1998,10,9125,11254,-2129
1402,1998,11,9118,8654,464
1402,1998,12,13612,15659,-2047
1403,1995,11,16582,0,16582
1403,1995,12,26346,0,26346
1403,1996,1,15729,24200,-8471
1403,1996,2,15687,0,15687
1403,1996,3,15733,24815,-9082
1403,1996,4,15727,22435,-6708
1403,1996,5,15696,20415,-4719
1403,1996,6,23469,16835,6634
1403,1996,7,15706,17435,-1729
1403,1996,8,15696,15935,-239
1403,1996,9,15701,10135,5566
1403,1996,10,15717,13995,1722
1403,1996,11,15706,16095,-389
1403,1996,12,23498,21475,2023
1403,1997,1,15695,28275,-12580
1403,1997,2,15683,12135,3548
1403,1997,3,15695,14815,880
1403,1997,4,15700,13935,1765
1403,1997,5,15706,15035,671
1403,1997,6,23467,26535,-3068
1403,1997,7,15691,18935,-3244
1403,1997,8,15677,18035,-2358
1403,1997,9,15667,17635,-1968
1403,1997,10,15652,24375,-8723
1403,1997,11,15616,12455,3161
1403,1997,12,23420,20435,2985
1403,1998,1,15632,18015,-2383
1403,1998,2,15635,17835,-2200
1403,1998,3,15610,20675,-5065
1403,1998,4,15618,9135,6483
1403,1998,5,15624,13575,2049
1403,1998,6,23396,28035,-4639
1403,1998,7,15622,16235,-613
1403,1998,8,15623,14035,1588
1403,1998,9,15619,19035,-3416
1403,1998,10,15602,15735,-133
1403,1998,11,15610,15535,75
1403,1998,12,23403,14240,9163
1404,1993,9,400,0,400
1404,1993,10,132926,84200,48726
1404,1993,11,60200,65095,-4895
1404,1993,12,140,17562,-17422
1404,1994,1,5785,11795,-6010
1404,1994,2,28022,22290,5732
1404,1994,3,16950,21947,-4997
1404,1994,4,4379,6995,-2616
1404,1994,5,6471,6995,-524
1404,1994,6,9675,6995,2680
1404,1994,7,5680,6995,-1315
1404,1994,8,5074,6995,-1921
1404,1994,9,47831,20395,27436
1404,1994,10,34031,49279,-15248
1404,1994,11,5118,6995,-1877
1404,1994,12,5711,6995,-1284
1404,1995,1,20132,27695,-7563
1404,1995,2,7580,6995,585
1404,1995,3,10687,6995,3692
1404,1995,4,8399,6995,1404
1404,1995,5,32110,6995,25115
1404,1995,6,180,11695,-11515
1404,1995,7,744,6995,-6251
1404,1995,8,7432,12695,-5263
1404,1995,9,6814,6995,-181
1404,1995,10,4205,6995,-2790
1404,1995,11,8305,6995,1310
1404,1995,12,12686,20795,-8109
1404,1996,1,13286,10595,2691
1404,1996,2,31538,19334,12204
1404,1996,3,10546,10253,293
1404,1996,4,35750,6995,28755
1404,1996,5,229,9295,-9066
1404,1996,6,1133,32888,-31755
1404,1996,7,20900,6995,13905
1404,1996,8,64201,34295,29906
1404,1996,9,150,37390,-37240
1404,1996,10,22341,6995,15346
1404,1996,11,5777,6995,-1218
1404,1996,12,6643,19895,-13252
1404,1997,1,70709,61295,9414
1404,1997,2,145997,130195,15802
1404,1997,3,15971,11697,4274
1404,1997,4,37636,18695,18941
1404,1997,5,63641,72895,-9254
1404,1997,6,45515,71952,-26437
1404,1997,7,106856,57895,48961
1404,1997,8,303,25395,-25092
1404,1997,9,112007,100895,11112
1404,1997,10,62038,41195,20843
1404,1997,11,43432,56595,-13163
1404,1997,12,26651,43447,-16796
1404,1998,1,76680,48695,27985
1404,1998,2,27448,26495,953
1404,1998,3,24665,27895,-3230
1404,1998,4,13736,24395,-10659
1404,1998,5,21341,6995,14346
1404,1998,6,28227,27695,532
1404,1998,7,68584,70895,-2311
1404,1998,8,16757,15995,762
1404,1998,9,49521,35795,13726
1404,1998,10,40148,64495,-24347
1404,1998,11,22847,6995,15852
1404,1998,12,46227,87665,-41438
1405,1996,6,3994,0,3994
1405,1996,7,14747,0,14747
1405,1996,8,6782,0,6782
1405,1996,9,3690,2800,890
1405,1996,10,4398,2244,2154
1405,1996,11,3687,7402,-3715
1405,1996,12,4190,3902,288
1405,1997,1,7089,4232,2857
1405,1997,2,3702,2402,1300
1405,1997,3,5610,2402,3208
1405,1997,4,6418,4532,1886
1405,1997,5,3735,4802,-1067
1405,1997,6,7513,11192,-3679
1405,1997,7,5208,2942,2266
1405,1997,8,3724,2702,1022
1405,1997,9,5425,4442,983
1405,1997,10,7129,2402,4727
1405,1997,11,4246,2402,1844
1405,1997,12,3751,3552,199
1405,1998,1,5952,4232,1720
1405,1998,2,3755,7442,-3687
1405,1998,3,3743,6802,-3059
1405,1998,4,3728,8202,-4474
1405,1998,5,6122,2402,3720
1405,1998,6,7011,9452,-2441
1405,1998,7,5822,2612,3210
1405,1998,8,3731,4402,-671
1405,1998,9,3734,2802,932
1405,1998,10,3738,2702,1036
1405,1998,11,4243,2402,1841
1405,1998,12,3745,3327,418
1406,1994,3,4357,0,4357
1406,1994,4,4159,0,4159
1406,1994,5,4159,0,4159
1406,1994,6,4159,0,4159
1406,1994,7,4210,2775,1435
1406,1994,8,4218,4695,-477
1406,1994,9,4219,3415,804
1406,1994,10,4225,2775,1450
1406,1994,11,4220,8135,-3915
1406,1994,12,4204,6815,-2611
1406,1995,1,4203,2775,1428
1406,1995,2,4209,2775,1434
1406,1995,3,4209,4775,-566
1406,1995,4,4212,2775,1437
1406,1995,5,4218,2775,1443
1406,1995,6,4226,2775,1451
1406,1995,7,4232,2775,1457
1406,1995,8,4238,3255,983
1406,1995,9,4242,2775,1467
1406,1995,10,4246,6915,-2669
1406,1995,11,4237,2775,1462
1406,1995,12,4238,3925,313
1406,1996,1,4243,2775,1468
1406,1996,2,4249,2775,1474
1406,1996,3,4256,2775,1481
1406,1996,4,4261,2775,1486
1406,1996,5,4264,5655,-1391
1406,1996,6,4231,15475,-11244
1406,1996,7,4214,2775,1439
1406,1996,8,4217,5815,-1598
1406,1996,9,4214,2775,1439
1406,1996,10,4221,2775,1446
1406,1996,11,4227,2775,1452
1406,1996,12,4231,4175,56
1406,1997,1,4233,2775,1458
1406,1997,2,4237,4135,102
1406,1997,3,4231,5975,-1744
1406,1997,4,4233,2775,1458
1406,1997,5,4239,2775,1464
1406,1997,6,4232,9075,-4843
1406,1997,7,4218,4695,-477
1406,1997,8,4221,2775,1446
1406,1997,9,4228,2775,1453
1406,1997,10,4229,4475,-246
1406,1997,11,4228,4775,-547
1406,1997,12,4230,3575,655
1406,1998,1,4231,5215,-984
1406,1998,2,4226,3635,591
1406,1998,3,4219,7875,-3656
1406,1998,4,4217,3655,562
1406,1998,5,4210,5575,-1365
1406,1998,6,4208,4175,33
1406,1998,7,4213,2775,1438
1406,1998,8,4217,3475,742
1406,1998,9,4221,3475,746
1406,1998,10,4208,8275,-4067
1406,1998,11,4204,3475,729
1406,1998,12,4211,3610,601
1407,1997,4,29145,0,29145
1407,1997,5,42555,900,41655
1407,1997,6,109212,83782,25430
1407,1997,7,279,51182,-50903
1407,1997,8,98838,64515,34323
1407,1997,9,48698,38382,10316
1407,1997,10,87769,83482,4287
1407,1997,11,81283,86282,-4999
1407,1997,12,33879,41482,-7603
1407,1998,1,144498,146235,-1737
1407,1998,2,271,26310,-26039
1407,1998,3,36232,35663,569
1407,1998,4,91865,81550,10315
1407,1998,5,70116,49976,20140
1407,1998,6,33030,27710,5320
1407,1998,7,125199,109463,15736
1407,1998,8,28482,49823,-21341
1407,1998,9,1004,20210,-19206
1407,1998,10,103247,83334,19913
1407,1998,11,299,35080,-34781
1407,1998,12,165788,142156,23632
1408,1996,9,37178,0,37178
1408,1996,10,37109,9300,27809
1408,1996,11,37192,21000,16192
1408,1996,12,55722,62700,-6978
1408,1997,1,37233,42415,-5182
1408,1997,2,37192,27115,10077
1408,1997,3,37222,33391,3831
1408,1997,4,37243,30415,6828
1408,1997,5,37255,36615,640
1408,1997,6,55643,57448,-1805
1408,1997,7,37249,39815,-2566
1408,1997,8,37258,29515,7743
1408,1997,9,37215,39415,-2200
1408,1997,10,37284,28315,8969
1408,1997,11,37307,33815,3492
1408,1997,12,55793,98115,-42322
1408,1998,1,37083,75707,-38624
1408,1998,2,36981,15,36966
1408,1998,3,37130,54115,-16985
1408,1998,4,37060,23815,13245
1408,1998,5,37176,43603,-6427
1408,1998,6,55562,37515,18047
1408,1998,7,37170,41821,-4651
1408,1998,8,37177,39865,-2688
1408,1998,9,37137,26015,11122
1408,1998,10,37189,36252,937
1408,1998,11,37158,47747,-10589
1408,1998,12,55665,25785,29880
1410,1993,9,21348,0,21348
1410,1993,10,23744,0,23744
1410,1993,11,21007,11000,10007
1410,1993,12,31464,14400,17064
1410,1994,1,21070,32531,-11461
1410,1994,2,21043,25231,-4188
1410,1994,3,21040,17831,3209
1410,1994,4,21049,19131,1918
1410,1994,5,21047,22931,-1884
1410,1994,6,31449,37031,-5582
1410,1994,7,21029,18231,2798
1410,1994,8,21037,19331,1706
1410,1994,9,21050,16831,4219
1410,1994,10,21057,20931,126
1410,1994,11,21042,22831,-1789
1410,1994,12,31462,24331,7131
1410,1995,1,21022,33931,-12909
1410,1995,2,21036,16831,4205
1410,1995,3,21034,18431,2603
1410,1995,4,21061,18231,2830
1410,1995,5,21067,20831,236
1410,1995,6,31410,47831,-16421
1410,1995,7,21019,13331,7688
1410,1995,8,21051,12831,8220
1410,1995,9,21074,17031,4043
1410,1995,10,21084,37031,-15947
1410,1995,11,21053,17531,3522
1410,1995,12,31479,26431,5048
1410,1996,1,21065,27931,-6866
1410,1996,2,21056,19131,1925
1410,1996,3,21064,19831,1233
1410,1996,4,21066,22931,-1865
1410,1996,5,21041,23331,-2290
1410,1996,6,31457,47831,-16374
1410,1996,7,20984,8331,12653
1410,1996,8,21033,14831,6202
1410,1996,9,21053,20131,922
1410,1996,10,21057,18931,2126
1410,1996,11,21066,16431,4635
1410,1996,12,31497,25531,5966
1410,1997,1,21083,31731,-10648
1410,1997,2,21061,18131,2930
1410,1997,3,21077,17231,3846
1410,1997,4,21089,21131,-42
1410,1997,5,21095,13831,7264
1410,1997,6,31513,41431,-9918
1410,1997,7,21082,14031,7051
1410,1997,8,21102,18431,2671
1410,1997,9,21106,21631,-525
1410,1997,10,21104,24231,-3127
1410,1997,11,21097,18731,2366
1410,1997,12,31517,24331,7186
1410,1998,1,21118,22931,-1813
1410,1998,2,21127,16031,5096
1410,1998,3,21142,21431,-289
1410,1998,4,21141,20131,1010
1410,1998,5,21135,25231,-4096
1410,1998,6,31506,37731,-6225
1410,1998,7,21095,22131,-1036
1410,1998,8,21093,19631,1462
1410,1998,9,21109,14031,7078
1410,1998,10,21130,19831,1299
1410,1998,11,21130,23731,-2601
1410,1998,12,31542,24016,7526
1411,1993,7,600,0,600
1411,1993,8,18224,0,18224
1411,1993,9,13770,5000,8770
1411,1993,10,13800,7000,6800
1411,1993,11,13814,11400,2414
1411,1993,12,20649,28989,-8340
1411,1994,1,13762,27089,-13327
1411,1994,2,17767,8489,9278
1411,1994,3,13758,17389,-3631
1411,1994,4,16192,5189,11003
1411,1994,5,13820,7989,5831
1411,1994,6,20660,20289,371
1411,1994,7,13834,14289,-455
1411,1994,8,13813,15689,-1876
1411,1994,9,13841,6389,7452
1411,1994,10,13860,9889,3971
1411,1994,11,13853,19289,-5436
1411,1994,12,20704,18189,2515
1411,1995,1,13834,24089,-10255
1411,1995,2,13826,5189,8637
1411,1995,3,13861,15789,-1928
1411,1995,4,13858,10889,2969
1411,1995,5,13870,12489,1381
1411,1995,6,20704,24389,-3685
1411,1995,7,13855,10189,3666
1411,1995,8,13868,12889,979
1411,1995,9,13873,10889,2984
1411,1995,10,13886,10289,3597
1411,1995,11,13896,13689,207
1411,1995,12,20743,16889,3854
1411,1996,1,13899,24789,-10890
1411,1996,2,13871,9389,4482
1411,1996,3,13890,9489,4401
1411,1996,4,13905,11789,2116
1411,1996,5,13915,10889,3026
1411,1996,6,20760,27689,-6929
1411,1996,7,13887,14189,-302
1411,1996,8,13898,8889,5009
1411,1996,9,13908,15489,-1581
1411,1996,10,13910,9689,4221
1411,1996,11,13927,9789,4138
1411,1996,12,20783,15889,4894
1411,1997,1,13944,20489,-6545
1411,1997,2,13936,9689,4247
1411,1997,3,13955,14689,-734
1411,1997,4,13951,9389,4562
1411,1997,5,13961,14989,-1028
1411,1997,6,20794,23389,-2595
1411,1997,7,13951,11289,2662
1411,1997,8,13962,10889,3073
1411,1997,9,13977,13089,888
1411,1997,10,13978,10389,3589
1411,1997,11,13996,10189,3807
1411,1997,12,20849,18689,2160
1411,1998,1,13960,30489,-16529
1411,1998,2,13951,8789,5162
1411,1998,3,13966,11689,2277
1411,1998,4,13986,6789,7197
1411,1998,5,14012,8889,5123
1411,1998,6,24230,32589,-8359
1411,1998,7,15108,11289,3819
1411,1998,8,16539,9189,7350
1411,1998,9,14045,11189,2856
1411,1998,10,14049,11289,2760
1411,1998,11,14044,18189,-4145
1411,1998,12,20890,13474,7416
1412,1993,5,1000,0,1000
1412,1993,6,21474,500,20974
1412,1993,7,14392,7700,6692
1412,1993,8,14423,6700,7723
1412,1993,9,14439,13900,539
1412,1993,10,14451,14098,353
1412,1993,11,14455,13734,721
1412,1993,12,21607,21114,493
1412,1994,1,14429,31134,-16705
1412,1994,2,14400,8914,5486
1412,1994,3,14422,10134,4288
1412,1994,4,14435,11434,3001
1412,1994,5,14439,15034,-595
1412,1994,6,21589,29474,-7885
1412,1994,7,14410,11834,2576
1412,1994,8,14427,9434,4993
1412,1994,9,14431,15754,-1323
1412,1994,10,14447,15634,-1187
1412,1994,11,14418,15134,-716
1412,1994,12,21574,20514,1060
1412,1995,1,14380,30834,-16454
1412,1995,2,14364,10974,3390
1412,1995,3,14379,10534,3845
1412,1995,4,14394,10534,3860
1412,1995,5,14389,18214,-3825
1412,1995,6,21538,20174,1364
1412,1995,7,14379,20214,-5835
1412,1995,8,16705,3834,12871
1412,1995,9,14424,11234,3190
1412,1995,10,14422,15634,-1212
1412,1995,11,14419,15034,-615
1412,1995,12,21573,17234,4339
1412,1996,1,14390,35774,-21384
1412,1996,2,14384,3834,10550
1412,1996,3,14389,15034,-645
1412,1996,4,14394,12934,1460
1412,1996,5,14399,13974,425
1412,1996,6,21584,8634,12950
1412,1996,7,14436,29034,-14598
1412,1996,8,14412,17774,-3362
1412,1996,9,14409,13034,1375
1412,1996,10,14415,11534,2881
1412,1996,11,14425,16234,-1809
1412,1996,12,21583,18894,2689
1412,1997,1,14384,27214,-12830
1412,1997,2,14376,10034,4342
1412,1997,3,14385,13714,671
1412,1997,4,14395,14534,-139
1412,1997,5,14390,14634,-244
1412,1997,6,21549,23734,-2185
1412,1997,7,14381,14034,347
1412,1997,8,14385,9934,4451
1412,1997,9,14397,16034,-1637
1412,1997,10,14390,15134,-744
1412,1997,11,14386,15734,-1348
1412,1997,12,21541,21814,-273
1412,1998,1,14371,13194,1177
1412,1998,2,14385,13834,551
1412,1998,3,14380,17254,-2874
1412,1998,4,14381,8934,5447
1412,1998,5,14397,13734,663
1412,1998,6,21530,25354,-3824
1412,1998,7,14384,12534,1850
1412,1998,8,14385,15734,-1349
1412,1998,9,14374,18434,-4060
1412,1998,10,14380,7074,7306
1412,1998,11,14382,19934,-5552
1412,1998,12,21549,6379,15170
1413,1995,6,1100,0,1100
1413,1995,7,20134,0,20134
1413,1995,8,14297,500,13797
1413,1995,9,14332,7100,7232
1413,1995,10,14352,10300,4052
1413,1995,11,14353,15428,-1075
1413,1995,12,21443,22228,-785
1413,1996,1,14340,23028,-8688
1413,1996,2,14323,12328,1995
1413,1996,3,14330,11828,2502
1413,1996,4,14319,20128,-5809
1413,1996,5,14310,15328,-1018
1413,1996,6,21388,34228,-12840
1413,1996,7,14268,17128,-2860
1413,1996,8,14270,8928,5342
1413,1996,9,14287,17428,-3141
1413,1996,10,14274,14928,-654
1413,1996,11,14267,18128,-3861
1413,1996,12,21351,18928,2423
1413,1997,1,14250,17328,-3078
1413,1997,2,14252,14228,24
1413,1997,3,14252,12228,2024
1413,1997,4,14254,16328,-2074
1413,1997,5,14249,11828,2421
1413,1997,6,21360,15228,6132
1413,1997,7,14281,14928,-647
1413,1997,8,14276,16828,-2552
1413,1997,9,14250,20128,-5878
1413,1997,10,14238,11828,2410
1413,1997,11,14247,18128,-3881
1413,1997,12,21349,8028,13321
1413,1998,1,14258,26328,-12070
1413,1998,2,14248,6128,8120
1413,1998,3,14267,19828,-5561
1413,1998,4,14259,6128,8131
1413,1998,5,14278,17628,-3350
1413,1998,6,21362,27028,-5666
1413,1998,7,14256,6128,8128
1413,1998,8,14269,20528,-6259
1413,1998,9,14250,10528,3722
1413,1998,10,14252,21528,-7276
1413,1998,11,14245,8528,5717
1413,1998,12,21374,7913,13461
1414,1995,1,600,0,600
1414,1995,2,20184,0,20184
1414,1995,3,15948,6600,9348
1414,1995,4,15982,9400,6582
1414,1995,5,16000,14300,1700
1414,1995,6,23930,29069,-5139
1414,1995,7,15980,19749,-3769
1414,1995,8,15968,18849,-2881
1414,1995,9,15966,14449,1517
1414,1995,10,15951,20989,-5038
1414,1995,11,15944,17049,-1105
1414,1995,12,23883,19489,4394
1414,1996,1,15936,29069,-13133
1414,1996,2,15914,12349,3565
1414,1996,3,15920,15549,371
1414,1996,4,15925,16009,-84
1414,1996,5,15923,14849,1074
1414,1996,6,23863,18849,5014
1414,1996,7,15942,16749,-807
1414,1996,8,15941,15649,292
1414,1996,9,15944,18649,-2705
1414,1996,10,15933,17069,-1136
1414,1996,11,15924,15749,175
1414,1996,12,23835,28929,-5094
1414,1997,1,15888,20409,-4521
1414,1997,2,17598,14069,3529
1414,1997,3,15900,15749,151
1414,1997,4,15893,17849,-1956
1414,1997,5,15899,13949,1950
1414,1997,6,26181,9149,17032
1414,1997,7,15966,19869,-3903
1414,1997,8,15943,21269,-5326
1414,1997,9,15939,14049,1890
1414,1997,10,15934,17869,-1935
1414,1997,11,15947,11649,4298
1414,1997,12,23915,12169,11746
1414,1998,1,15956,32329,-16373
1414,1998,2,15952,9149,6803
1414,1998,3,15966,13949,2017
1414,1998,4,15947,19989,-4042
1414,1998,5,15966,19249,-3283
1414,1998,6,23906,14149,9757
1414,1998,7,15996,19649,-3653
1414,1998,8,15980,16849,-869
1414,1998,9,15971,16109,-138
1414,1998,10,15978,11949,4029
1414,1998,11,15991,18049,-2058
1414,1998,12,23918,15414,8504
1416,1993,7,43964,0,43964
1416,1993,8,183,9600,-9417
1416,1993,9,42768,5400,37368
1416,1993,10,41265,37800,3465
1416,1993,11,151649,128630,23019
1416,1993,12,32148,101530,-69382
1416,1994,1,35480,38530,-3050
1416,1994,2,108,2530,-2422
1416,1994,3,1899,30,1869
1416,1994,4,38408,30,38378
1416,1994,5,263,19430,-19167
1416,1994,6,50140,23230,26910
1416,1994,7,212,32230,-32018
1416,1994,8,164,3830,-3666
1416,1994,9,46538,3230,43308
1416,1994,10,300,27930,-27630
1416,1994,11,10580,9430,1150
1416,1994,12,123,27110,-26987
1416,1995,1,3844,30371,-26527
1416,1995,2,16002,39,15963
1416,1995,3,38352,4830,33522
1416,1995,4,154,39386,-39232
1416,1995,5,9605,20032,-10427
1416,1995,6,56244,32,56212
1416,1995,7,51904,16130,35774
1416,1995,8,99072,133080,-34008
1416,1995,9,23245,27630,-4385
1416,1995,10,12085,32236,-20151
1416,1995,11,3833,8730,-4897
1416,1995,12,26090,14830,11260
1416,1996,1,32851,34230,-1379
1416,1996,2,90370,27530,62840
1416,1996,3,39412,72130,-32718
1416,1996,4,41035,41830,-795
1416,1996,5,114884,111530,3354
1416,1996,6,61063,41261,19802
1416,1996,7,64125,86630,-22505
1416,1996,8,52080,85830,-33750
1416,1996,9,136475,59030,77445
1416,1996,10,410,47930,-47520
1416,1996,11,76426,87330,-10904
1416,1996,12,30053,25130,4923
1416,1997,1,132,47214,-47082
1416,1997,2,4342,30,4312
1416,1997,3,5550,16138,-10588
1416,1997,4,7016,30,6986
1416,1997,5,5645,30,5615
1416,1997,6,1958,8681,-6723
1416,1997,7,39,730,-691
1416,1997,8,1636,30,1606
1416,1997,9,42,2630,-2588
1416,1997,10,27,3430,-3403
1416,1997,11,17,1730,-1713
1416,1997,12,10,3000,-2990
1416,1998,1,43247,25036,18211
1416,1998,2,49443,8730,40713
1416,1998,3,196,48930,-48734
1416,1998,4,133239,49616,83623
1416,1998,5,21419,55630,-34211
1416,1998,6,29726,59530,-29804
1416,1998,7,17173,31930,-14757
1416,1998,8,10801,20930,-10129
1416,1998,9,131405,32930,98475
1416,1998,10,18917,75430,-56513
1416,1998,11,25983,42930,-16947
1416,1998,12,0,37000,-37000
1417,1994,12,200,0,200
1417,1995,1,25877,0,25877
1417,1995,2,24361,11400,12961
1417,1995,3,24399,20900,3499
1417,1995,4,24409,23700,709
1417,1995,5,24427,28709,-4282
1417,1995,6,36514,40509,-3995
1417,1995,7,24400,22209,2191
1417,1995,8,24399,20909,3490
1417,1995,9,24425,22609,1816
1417,1995,10,24411,25009,-598
1417,1995,11,24434,21209,3225
1417,1995,12,36565,34109,2456
1417,1996,1,24426,39009,-14583
1417,1996,2,24376,23009,1367
1417,1996,3,24414,14609,9805
1417,1996,4,24407,29709,-5302
1417,1996,5,24409,18209,6200
1417,1996,6,36541,48309,-11768
1417,1996,7,24391,17209,7182
1417,1996,8,24421,17509,6912
1417,1996,9,24440,22809,1631
1417,1996,10,24455,18809,5646
1417,1996,11,24477,19809,4668
1417,1996,12,36614,30909,5705
1417,1997,1,24459,52009,-27550
1417,1997,2,32069,7409,24660
1417,1997,3,24479,29209,-4730
1417,1997,4,24492,23309,1183
1417,1997,5,24500,21409,3091
1417,1997,6,36634,36409,225
1417,1997,7,24541,9409,15132
1417,1997,8,24574,18909,5665
1417,1997,9,24574,26309,-1735
1417,1997,10,24580,22009,2571
1417,1997,11,24595,20609,3986
1417,1997,12,36734,30409,6325
1417,1998,1,24575,42409,-17834
1417,1998,2,24584,14009,10575
1417,1998,3,24625,15209,9416
1417,1998,4,24631,25309,-678
1417,1998,5,24643,23809,834
1417,1998,6,36717,51109,-14392
1417,1998,7,24596,17509,7087
1417,1998,8,24608,38709,-14101
1417,1998,9,24578,25209,-631
1417,1998,10,24603,19609,4994
1417,1998,11,24592,24509,83
1417,1998,12,36745,13594,23151
1418,1997,2,11371,0,11371
1418,1997,3,17837,0,17837
1418,1997,4,10588,1400,9188
1418,1997,5,10608,8700,1908
1418,1997,6,15838,14115,1723
1418,1997,7,10608,12274,-1666
1418,1997,8,10597,12974,-2377
1418,1997,9,10594,10274,320
1418,1997,10,10599,9474,1125
1418,1997,11,10609,9234,1375
1418,1997,12,15845,12154,3691
1418,1998,1,10583,25214,-14631
1418,1998,2,10559,9974,585
1418,1998,3,13791,6774,7017
1418,1998,4,10593,9474,1119
1418,1998,5,10591,11474,-883
1418,1998,6,15821,18914,-3093
1418,1998,7,10568,13374,-2806
1418,1998,8,10567,10494,73
1418,1998,9,10546,16914,-6368
1418,1998,10,10539,10774,-235
1418,1998,11,10537,10974,-437
1418,1998,12,15779,9259,6520
1419,1993,12,400,0,400
1419,1994,1,6051,0,6051
1419,1994,2,6051,0,6051
1419,1994,3,6051,0,6051
1419,1994,4,6082,2400,3682
1419,1994,5,6146,4215,1931
1419,1994,6,6144,10920,-4776
1419,1994,7,6127,7720,-1593
1419,1994,8,6132,3620,2512
1419,1994,9,6138,5860,278
1419,1994,10,6145,3320,2825
1419,1994,11,6156,3320,2836
1419,1994,12,6168,4820,1348
1419,1995,1,6162,12250,-6088
1419,1995,2,6145,4520,1625
1419,1995,3,6152,5120,1032
1419,1995,4,6151,7540,-1389
1419,1995,5,6153,3720,2433
1419,1995,6,6154,7620,-1466
1419,1995,7,6153,5320,833
1419,1995,8,6151,8000,-1849
1419,1995,9,6145,6960,-815
1419,1995,10,6150,3320,2830
1419,1995,11,6153,6520,-367
1419,1995,12,6151,5900,251
1419,1996,1,6125,16970,-10845
1419,1996,2,6116,3320,2796
1419,1996,3,6128,3320,2808
1419,1996,4,6139,3320,2819
1419,1996,5,6137,8080,-1943
1419,1996,6,6137,5400,737
1419,1996,7,6146,3320,2826
1419,1996,8,6158,3320,2838
1419,1996,9,6166,4020,2146
1419,1996,10,6172,5280,892
1419,1996,11,6170,7020,-850
1419,1996,12,6169,6120,49
1419,1997,1,6153,17340,-11187
1419,1997,2,6131,3960,2171
1419,1997,3,6141,3320,2821
1419,1997,4,6147,5160,987
1419,1997,5,6157,3320,2837
1419,1997,6,6145,11120,-4975
1419,1997,7,6135,7560,-1425
1419,1997,8,6124,9700,-3576
1419,1997,9,6126,3320,2806
1419,1997,10,6135,4020,2115
1419,1997,11,6128,9320,-3192
1419,1997,12,6117,8670,-2553
1419,1998,1,6113,7000,-887
1419,1998,2,6119,3320,2799
1419,1998,3,6130,4360,1770
1419,1998,4,6138,3320,2818
1419,1998,5,6143,5240,903
1419,1998,6,6148,9700,-3552
1419,1998,7,6139,3320,2819
1419,1998,8,6149,3720,2429
1419,1998,9,6160,3320,2840
1419,1998,10,6170,4760,1410
1419,1998,11,6170,5400,770
1419,1998,12,6180,4055,2125
1420,1995,6,6116,0,6116
1420,1995,7,5227,0,5227
1420,1995,8,5227,0,5227
1420,1995,9,5227,0,5227
1420,1995,10,5230,15,5215
1420,1995,11,5313,4109,1204
1420,1995,12,5315,7049,-1734
1420,1996,1,5290,14849,-9559
1420,1996,2,5277,3489,1788
1420,1996,3,5288,1809,3479
1420,1996,4,5303,1809,3494
1420,1996,5,5314,4649,665
1420,1996,6,5309,6209,-900
1420,1996,7,5316,1809,3507
1420,1996,8,5328,3009,2319
1420,1996,9,5340,7809,-2469
1420,1996,10,5329,5309,20
1420,1996,11,5325,11289,-5964
1420,1996,12,5305,1809,3496
1420,1997,1,5301,13219,-7918
1420,1997,2,5286,3729,1557
1420,1997,3,5296,3929,1367
1420,1997,4,5299,2209,3090
1420,1997,5,5312,1909,3403
1420,1997,6,5321,10859,-5538
1420,1997,7,5303,1809,3494
1420,1997,8,5316,5249,67
1420,1997,9,5310,8289,-2979
1420,1997,10,5301,6009,-708
1420,1997,11,5302,1809,3493
1420,1997,12,5317,1809,3508
1420,1998,1,5308,13329,-8021
1420,1998,2,5297,1809,3488
1420,1998,3,5309,2609,2700
1420,1998,4,5323,1809,3514
1420,1998,5,5335,4989,346
1420,1998,6,5332,11959,-6627
1420,1998,7,5312,1809,3503
1420,1998,8,5326,1809,3517
1420,1998,9,5341,1809,3532
1420,1998,10,5351,5329,22
1420,1998,11,5355,1809,3546
1420,1998,12,5370,1794,3576
1421,1994,10,3607,0,3607
1421,1994,11,10537,0,10537
1421,1994,12,7575,1515,6060
1421,1995,1,6898,8315,-1417
1421,1995,2,7492,15,7477
1421,1995,3,2609,3165,-556
1421,1995,4,2601,4415,-1814
1421,1995,5,4009,15,3994
1421,1995,6,3022,15,3007
1421,1995,7,49520,4415,45105
1421,1995,8,2756,41315,-38559
1421,1995,9,2693,9615,-6922
1421,1995,10,2652,5815,-3163
1421,1995,11,2617,5215,-2598
1421,1995,12,10157,3565,6592
1421,1996,1,3814,9715,-5901
1421,1996,2,1305,2715,-1410
1421,1996,3,1300,1315,-15
1421,1996,4,2502,515,1987
1421,1996,5,1308,815,493
1421,1996,6,5806,4415,1391
1421,1996,7,1316,15,1301
1421,1996,8,1320,2815,-1495
1421,1996,9,1416,15,1401
1421,1996,10,54191,28465,25726
1421,1996,11,1411,15215,-13804
1421,1996,12,1368,3365,-1997
1421,1997,1,2646,18765,-16119
1421,1997,2,6804,15,6789
1421,1997,3,10035,665,9370
1421,1997,4,6772,15,6757
1421,1997,5,2692,1915,777
1421,1997,6,43397,26515,16882
1421,1997,7,1448,11665,-10217
1421,1997,8,19483,17415,2068
1421,1997,9,1417,8315,-6898
1421,1997,10,1398,2615,-1217
1421,1997,11,1397,515,882
1421,1997,12,1397,3065,-1668
1421,1998,1,5487,7165,-1678
1421,1998,2,2684,2765,-81
1421,1998,3,2687,915,1772
1421,1998,4,2694,1015,1679
1421,1998,5,9344,7215,2129
1421,1998,6,14480,27315,-12835
1421,1998,7,10475,365,10110
1421,1998,8,7408,1465,5943
1421,1998,9,2825,15,2810
1421,1998,10,2730,4265,-1535
1421,1998,11,2716,6065,-3349
1421,1998,12,37071,23000,14071
1422,1993,4,400,0,400
1422,1993,5,5842,0,5842
1422,1993,6,5842,0,5842
1422,1993,7,5842,0,5842
1422,1993,8,5842,0,5842
1422,1993,9,5928,3170,2758
1422,1993,10,5954,6570,-616
1422,1993,11,5954,6490,-536
1422,1993,12,5947,7910,-1963
1422,1994,1,5927,16730,-10803
1422,1994,2,5903,2670,3233
1422,1994,3,5917,2670,3247
1422,1994,4,5930,2670,3260
1422,1994,5,5944,2670,3274
1422,1994,6,5938,16310,-10372
1422,1994,7,5915,2670,3245
1422,1994,8,5928,2670,3258
1422,1994,9,5941,2670,3271
1422,1994,10,5952,6390,-438
1422,1994,11,5948,5150,798
1422,1994,12,5946,8070,-2124
1422,1995,1,5922,13500,-7578
1422,1995,2,5915,4190,1725
1422,1995,3,5923,2670,3253
1422,1995,4,5933,4590,1343
1422,1995,5,5941,3230,2711
1422,1995,6,5946,8420,-2474
1422,1995,7,5942,5970,-28
1422,1995,8,5938,6230,-292
1422,1995,9,5941,4050,1891
1422,1995,10,5949,3170,2779
1422,1995,11,5960,4570,1390
1422,1995,12,5963,5970,-7
1422,1996,1,5948,14980,-9032
1422,1996,2,5915,9070,-3155
1422,1996,3,5916,2670,3246
1422,1996,4,5927,4870,1057
1422,1996,5,5932,4070,1862
1422,1996,6,5936,7470,-1534
1422,1996,7,5927,9750,-3823
1422,1996,8,5919,2870,3049
1422,1996,9,5931,3070,2861
1422,1996,10,5944,2670,3274
1422,1996,11,5957,2670,3287
1422,1996,12,5961,9670,-3709
1422,1997,1,5931,14910,-8979
1422,1997,2,5909,6190,-281
1422,1997,3,5906,6510,-604
1422,1997,4,5914,2670,3244
1422,1997,5,5928,2670,3258
1422,1997,6,5930,6870,-940
1422,1997,7,5937,2670,3267
1422,1997,8,5949,3370,2579
1422,1997,9,5951,7910,-1959
1422,1997,10,5953,2670,3283
1422,1997,11,5964,4990,974
1422,1997,12,5970,3070,2900
1422,1998,1,5968,13750,-7782
1422,1998,2,5950,2670,3280
1422,1998,3,5964,5070,894
1422,1998,4,5966,4670,1296
1422,1998,5,5972,4110,1862
1422,1998,6,5966,7920,-1954
1422,1998,7,5972,2970,3002
1422,1998,8,5985,2670,3315
1422,1998,9,5996,3770,2226
1422,1998,10,6003,4670,1333
1422,1998,11,6008,4770,1238
1422,1998,12,6006,8685,-2679
1423,1995,9,900,0,900
1423,1995,10,12537,0,12537
1423,1995,11,9392,0,9392
1423,1995,12,8231,1900,6331
1423,1996,1,5543,2200,3343
1423,1996,2,5554,4389,1165
1423,1996,3,5536,14102,-8566
1423,1996,4,5517,5422,95
1423,1996,5,6013,7102,-1089
1423,1996,6,8213,14002,-5789
1423,1996,7,5595,3622,1973
1423,1996,8,5492,6522,-1030
1423,1996,9,5485,7322,-1837
1423,1996,10,5486,5022,464
1423,1996,11,5487,5422,65
1423,1996,12,8200,9502,-1302
1423,1997,1,5490,4522,968
1423,1997,2,5492,3622,1870
1423,1997,3,5473,10822,-5349
1423,1997,4,5478,3622,1856
1423,1997,5,5485,3622,1863
1423,1997,6,8199,14582,-6383
1423,1997,7,5466,3622,1844
1423,1997,8,5474,3622,1852
1423,1997,9,5481,6982,-1501
1423,1997,10,5475,3622,1853
1423,1997,11,5480,8422,-2942
1423,1997,12,8181,7142,1039
1423,1998,1,5473,6422,-949
1423,1998,2,5470,5022,448
1423,1998,3,6073,3622,2451
1423,1998,4,5473,9582,-4109
1423,1998,5,5466,3822,1644
1423,1998,6,8183,7222,961
1423,1998,7,5470,7182,-1712
1423,1998,8,5470,3622,1848
1423,1998,9,5474,6522,-1048
1423,1998,10,5473,3622,1851
1423,1998,11,5473,9122,-3649
1423,1998,12,8177,5207,2970
1424,1997,5,600,0,600
1424,1997,6,26458,0,26458
1424,1997,7,17674,6400,11274
1424,1997,8,17703,16500,1203
1424,1997,9,17707,17400,307
1424,1997,10,17702,24339,-6637
1424,1997,11,17670,25019,-7349
1424,1997,12,26441,22259,4182
1424,1998,1,17651,31919,-14268
1424,1998,2,17617,14839,2778
1424,1998,3,17622,19139,-1517
1424,1998,4,17617,19559,-1942
1424,1998,5,17601,21339,-3738
1424,1998,6,26375,22639,3736
1424,1998,7,17615,14539,3076
1424,1998,8,17611,20639,-3028
1424,1998,9,17621,17339,282
1424,1998,10,17632,13639,3993
1424,1998,11,17621,18939,-1318
1424,1998,12,26406,23044,3362
1425,1993,7,7028,0,7028
1425,1993,8,15084,0,15084
1425,1993,9,6517,0,6517
1425,1993,10,6233,3200,3033
1425,1993,11,6233,7884,-1651
1425,1993,12,9278,10684,-1406
1425,1994,1,6481,21284,-14803
1425,1994,2,12593,4084,8509
1425,1994,3,7511,4084,3427
1425,1994,4,6215,5984,231
1425,1994,5,6218,5484,734
1425,1994,6,9274,17784,-8510
1425,1994,7,13403,7984,5419
1425,1994,8,10208,6184,4024
1425,1994,9,6224,4284,1940
1425,1994,10,6229,9084,-2855
1425,1994,11,6219,7084,-865
1425,1994,12,9280,8984,296
1425,1995,1,12206,21984,-9778
1425,1995,2,8978,4084,4894
1425,1995,3,8199,4084,4115
1425,1995,4,6214,4384,1830
1425,1995,5,7823,5384,2439
1425,1995,6,16144,23184,-7040
1425,1995,7,10006,4084,5922
1425,1995,8,8729,5684,3045
1425,1995,9,6240,4284,1956
1425,1995,10,6244,7784,-1540
1425,1995,11,6241,4884,1357
1425,1995,12,9308,7484,1824
1425,1996,1,14638,17084,-2446
1425,1996,2,11850,8184,3666
1425,1996,3,6360,4084,2276
1425,1996,4,8372,4084,4288
1425,1996,5,6283,6684,-401
1425,1996,6,21514,27984,-6470
1425,1996,7,6860,4084,2776
1425,1996,8,9574,6484,3090
1425,1996,9,9689,4084,5605
1425,1996,10,7905,5684,2221
1425,1996,11,6616,4084,2532
1425,1996,12,9373,10684,-1311
1425,1997,1,6895,20484,-13589
1425,1997,2,15082,4084,10998
1425,1997,3,9115,4084,5031
1425,1997,4,7633,4084,3549
1425,1997,5,6339,6684,-345
1425,1997,6,9385,36684,-27299
1425,1997,7,17956,4084,13872
1425,1997,8,13304,4084,9220
1425,1997,9,10345,4084,6261
1425,1997,10,6337,10584,-4247
1425,1997,11,6313,14184,-7871
1425,1997,12,9358,8084,1274
1425,1998,1,6281,21284,-15003
1425,1998,2,10959,4084,6875
1425,1998,3,6573,4084,2489
1425,1998,4,14364,17684,-3320
1425,1998,5,11484,5384,6100
1425,1998,6,10718,32084,-21366
1425,1998,7,21151,4084,17067
1425,1998,8,8686,4084,4602
1425,1998,9,8803,6684,2119
1425,1998,10,6508,4084,2424
1425,1998,11,6308,9184,-2876
1425,1998,12,10669,5469,5200
1426,1995,10,200,0,200
1426,1995,11,4022,0,4022
1426,1995,12,4022,0,4022
1426,1996,1,4022,0,4022
1426,1996,2,4022,0,4022
1426,1996,3,4075,3416,659
1426,1996,4,4097,6136,-2039
1426,1996,5,4092,2696,1396
1426,1996,6,4083,7496,-3413
1426,1996,7,4080,2696,1384
1426,1996,8,4081,4296,-215
1426,1996,9,4076,5496,-1420
1426,1996,10,4079,2696,1383
1426,1996,11,4085,2696,1389
1426,1996,12,4087,3796,291
1426,1997,1,4079,6856,-2777
1426,1997,2,4080,2696,1384
1426,1997,3,4086,2696,1390
1426,1997,4,4091,2696,1395
1426,1997,5,4097,2696,1401
1426,1997,6,4101,3416,685
1426,1997,7,4106,2696,1410
1426,1997,8,4111,4056,55
1426,1997,9,4112,2696,1416
1426,1997,10,4118,3976,142
1426,1997,11,4118,2696,1422
1426,1997,12,4123,3296,827
1426,1998,1,4113,10936,-6823
1426,1998,2,4099,2696,1403
1426,1998,3,4105,2696,1409
1426,1998,4,4107,5176,-1069
1426,1998,5,4107,2696,1411
1426,1998,6,4112,2696,1416
1426,1998,7,4118,2696,1422
1426,1998,8,4124,2696,1428
1426,1998,9,4118,9496,-5378
1426,1998,10,4108,2696,1412
1426,1998,11,4113,2696,1417
1426,1998,12,4118,3431,687
1427,1995,10,1000,0,1000
1427,1995,11,19807,0,19807
1427,1995,12,18333,6600,11733
1427,1996,1,14020,0,14020
1427,1996,2,12341,9400,2941
1427,1996,3,12333,15761,-3428
1427,1996,4,12327,13461,-1134
1427,1996,5,12319,14361,-2042
1427,1996,6,18324,34781,-16457
1427,1996,7,15581,6061,9520
1427,1996,8,12299,8961,3338
1427,1996,9,12316,8061,4255
1427,1996,10,12319,13221,-902
1427,1996,11,12324,10061,2263
1427,1996,12,18410,23161,-4751
1427,1997,1,13303,18541,-5238
1427,1997,2,12302,6061,6241
1427,1997,3,12305,16941,-4636
1427,1997,4,12310,12581,-271
1427,1997,5,12308,8661,3647
1427,1997,6,19845,26861,-7016
1427,1997,7,12294,7061,5233
1427,1997,8,14108,9421,4687
1427,1997,9,12332,12361,-29
1427,1997,10,12331,12061,270
1427,1997,11,12725,10021,2704
1427,1997,12,18426,15181,3245
1427,1998,1,12324,19881,-7557
1427,1998,2,12327,8061,4266
1427,1998,3,12334,14941,-2607
1427,1998,4,12333,10261,2072
1427,1998,5,12344,7461,4883
1427,1998,6,19395,25421,-6026
1427,1998,7,15243,6061,9182
1427,1998,8,12371,12161,210
1427,1998,9,12376,10801,1575
1427,1998,10,12380,9961,2419
1427,1998,11,12388,11161,1227
1427,1998,12,18465,23466,-5001
1429,1993,7,1100,0,1100
1429,1993,8,3250,0,3250
1429,1993,9,3250,0,3250
1429,1993,10,3250,0,3250
1429,1993,11,3250,0,3250
1429,1993,12,3313,2181,1132
1429,1994,1,3314,5601,-2287
1429,1994,2,3315,2181,1134
1429,1994,3,3313,2181,1132
1429,1994,4,3325,2181,1144
1429,1994,5,3318,3381,-63
1429,1994,6,3320,2901,419
1429,1994,7,3327,2721,606
1429,1994,8,3326,2181,1145
1429,1994,9,3331,2181,1150
1429,1994,10,3343,2181,1162
1429,1994,11,3342,3381,-39
1429,1994,12,3348,2181,1167
1429,1995,1,3336,7521,-4185
1429,1995,2,3331,2361,970
1429,1995,3,3332,2181,1151
1429,1995,4,3332,4341,-1009
1429,1995,5,3331,2571,760
1429,1995,6,3335,2181,1154
1429,1995,7,3342,3581,-239
1429,1995,8,3347,2181,1166
1429,1995,9,3344,2281,1063
1429,1995,10,3356,2181,1175
1429,1995,11,3361,2181,1180
1429,1995,12,3360,3081,279
1429,1996,1,3347,7411,-4064
1429,1996,2,3341,2731,610
1429,1996,3,3347,2681,666
1429,1996,4,3355,2181,1174
1429,1996,5,3360,2181,1179
1429,1996,6,3348,6801,-3453
1429,1996,7,3343,2181,1162
1429,1996,8,3355,2181,1174
1429,1996,9,3354,2511,843
1429,1996,10,3356,2181,1175
1429,1996,11,3365,3351,14
1429,1996,12,3367,2511,856
1429,1997,1,3350,8151,-4801
1429,1997,2,3351,2181,1170
1429,1997,3,3357,2181,1176
1429,1997,4,3354,2181,1173
1429,1997,5,3366,2181,1185
1429,1997,6,3347,6801,-3454
1429,1997,7,3357,2181,1176
1429,1997,8,3354,2181,1173
1429,1997,9,3358,2571,787
1429,1997,10,3363,2751,612
1429,1997,11,3371,2361,1010
1429,1997,12,3363,3621,-258
1429,1998,1,3359,7701,-4342
1429,1998,2,3357,2181,1176
1429,1998,3,3359,2811,548
1429,1998,4,3363,2331,1032
1429,1998,5,3360,2691,669
1429,1998,6,3361,4941,-1580
1429,1998,7,3364,2181,1183
1429,1998,8,3369,2181,1188
1429,1998,9,3374,2181,1193
1429,1998,10,3371,2181,1190
1429,1998,11,3371,5031,-1660
1429,1998,12,3377,2166,1211
1430,1997,2,800,0,800
1430,1997,3,13000,0,13000
1430,1997,4,3800,0,3800
1430,1997,5,2000,0,2000
1430,1997,6,1500,0,1500
1430,1997,7,500,0,500
1430,1997,8,1300,0,1300
1430,1997,9,0,3900,-3900
1430,1997,10,0,6000,-6000
1430,1997,11,0,1100,-1100
1430,1998,1,0,1900,-1900
1430,1998,2,1000,0,1000
1431,1996,6,2204,0,2204
1431,1996,7,11535,0,11535
1431,1996,8,5168,15,5153
1431,1996,9,24463,15,24448
1431,1996,10,2155,9665,-7510
1431,1996,11,2137,7915,-5778
1431,1996,12,2106,7615,-5509
1431,1997,1,2085,9315,-7230
1431,1997,2,2066,3365,-1299
1431,1997,3,48967,6515,42452
1431,1997,4,2199,19515,-17316
1431,1997,5,2134,14815,-12681
1431,1997,6,2085,10715,-8630
1431,1997,7,2076,5215,-3139
1431,1997,8,2056,5115,-3059
1431,1997,9,2060,15,2045
1431,1997,10,2059,4415,-2356
1431,1997,11,2059,15,2044
1431,1997,12,2058,4215,-2157
1431,1998,1,2958,2915,43
1431,1998,2,2056,1615,441
1431,1998,3,2059,915,1144
1431,1998,4,2060,3215,-1155
1431,1998,5,42448,3515,38933
1431,1998,6,2150,39315,-37165
1431,1998,7,2063,6315,-4252
1431,1998,8,3260,15,3245
1431,1998,9,38901,17715,21186
1431,1998,10,2144,12115,-9971
1431,1998,11,2109,3815,-1706
1431,1998,12,2088,5800,-3712
1432,1997,7,1000,0,1000
1432,1997,8,32729,3500,29229
1432,1997,9,32821,20600,12221
1432,1997,10,32859,27400,5459
1432,1997,11,32876,30400,2476
1432,1997,12,49256,53834,-4578
1432,1998,1,32848,44905,-12057
1432,1998,2,32822,38005,-5183
1432,1998,3,32814,41605,-8791
1432,1998,4,32775,29505,3270
1432,1998,5,32786,30305,2481
1432,1998,6,49191,51605,-2414
1432,1998,7,32775,34905,-2130
1432,1998,8,32776,29005,3771
1432,1998,9,32785,30805,1980
1432,1998,10,32776,38605,-5829
1432,1998,11,32768,34005,-1237
1432,1998,12,49123,46290,2833
1434,1997,8,5061,0,5061
1434,1997,9,4868,0,4868
1434,1997,10,4868,0,4868
1434,1997,11,4868,0,4868
1434,1997,12,4871,15,4856
1434,1998,1,4924,13909,-8985
1434,1998,2,4913,5309,-396
1434,1998,3,4915,3229,1686
1434,1998,4,4922,3229,1693
1434,1998,5,4917,6669,-1752
1434,1998,6,4917,5069,-152
1434,1998,7,4911,6029,-1118
1434,1998,8,4912,4829,83
1434,1998,9,4916,3229,1687
1434,1998,10,4922,3429,1493
1434,1998,11,4930,3229,1701
1434,1998,12,4936,3314,1622
1435,1996,12,34077,6200,27877
1435,1997,1,22222,10300,11922
1435,1997,2,22268,0,22268
1435,1997,3,22354,37600,-15246
1435,1997,4,22375,23564,-1189
1435,1997,5,22345,25804,-3459
1435,1997,6,33362,54604,-21242
1435,1997,7,22266,10964,11302
1435,1997,8,22306,21564,742
1435,1997,9,22280,21344,936
1435,1997,10,22284,24484,-2200
1435,1997,11,22261,25904,-3643
1435,1997,12,33380,31924,1456
1435,1998,1,22238,29744,-7506
1435,1998,2,22226,23804,-1578
1435,1998,3,22250,25804,-3554
1435,1998,4,22214,20364,1850
1435,1998,5,22247,15164,7083
1435,1998,6,37124,44284,-7160
1435,1998,7,22237,14684,7553
1435,1998,8,22266,21664,602
1435,1998,9,22268,20464,1804
1435,1998,10,22259,18164,4095
1435,1998,11,22267,24064,-1797
1435,1998,12,33367,9869,23498
1436,1994,12,7508,0,7508
1436,1995,1,13729,0,13729
1436,1995,2,8168,0,8168
1436,1995,3,4994,0,4994
1436,1995,4,4798,5315,-517
1436,1995,5,4790,6919,-2129
1436,1995,6,7124,4319,2805
1436,1995,7,4790,7119,-2329
1436,1995,8,4787,5319,-532
1436,1995,9,5685,6619,-934
1436,1995,10,6394,3119,3275
1436,1995,11,5604,3119,2485
1436,1995,12,7144,5419,1725
1436,1996,1,8084,16119,-8035
1436,1996,2,4787,3119,1668
1436,1996,3,4893,4719,174
1436,1996,4,4795,4319,476
1436,1996,5,4796,5719,-923
1436,1996,6,7329,3119,4210
1436,1996,7,4806,6419,-1613
1436,1996,8,7092,7619,-527
1436,1996,9,4786,7219,-2433
1436,1996,10,5192,3119,2073
1436,1996,11,7901,4719,3182
1436,1996,12,7135,11219,-4084
1436,1997,1,10065,15519,-5454
1436,1997,2,10077,3119,6958
1436,1997,3,10407,3119,7288
1436,1997,4,4831,5119,-288
1436,1997,5,4828,6519,-1691
1436,1997,6,8461,3119,5342
1436,1997,7,6448,3119,3329
1436,1997,8,4850,10019,-5169
1436,1997,9,4834,6819,-1985
1436,1997,10,7824,6419,1405
1436,1997,11,4831,9219,-4388
1436,1997,12,7145,6819,326
1436,1998,1,7995,13919,-5924
1436,1998,2,5791,5819,-28
1436,1998,3,10189,7819,2370
1436,1998,4,5004,3119,1885
1436,1998,5,10010,8819,1191
1436,1998,6,12060,3119,8941
1436,1998,7,4847,6619,-1772
1436,1998,8,4846,3319,1527
1436,1998,9,5053,3119,1934
1436,1998,10,7165,3119,4046
1436,1998,11,4867,8019,-3152
1436,1998,12,7191,5904,1287
1437,1995,1,1000,0,1000
1437,1995,2,11490,0,11490
1437,1995,3,9834,0,9834
1437,1995,4,3356,1100,2256
1437,1995,5,3364,1900,1464
1437,1995,6,3369,2476,893
1437,1995,7,3367,4836,-1469
1437,1995,8,3362,3976,-614
1437,1995,9,3361,4276,-915
1437,1995,10,4866,2686,2180
1437,1995,11,3366,4236,-870
1437,1995,12,3358,5216,-1858
1437,1996,1,3854,5626,-1772
1437,1996,2,6863,2776,4087
1437,1996,3,4173,2176,1997
1437,1996,4,4882,2656,2226
1437,1996,5,3374,6276,-2902
1437,1996,6,3348,13376,-10028
1437,1996,7,3835,2176,1659
1437,1996,8,3336,3376,-40
1437,1996,9,5246,2176,3070
1437,1996,10,3345,4886,-1541
1437,1996,11,3338,5076,-1738
1437,1996,12,3318,8476,-5158
1437,1997,1,3316,2176,1140
1437,1997,2,3322,2176,1146
1437,1997,3,3321,4076,-755
1437,1997,4,3323,2176,1147
1437,1997,5,3326,2956,370
1437,1997,6,3322,4756,-1434
1437,1997,7,3324,2176,1148
1437,1997,8,3327,2176,1151
1437,1997,9,3332,2176,1156
1437,1997,10,3337,2176,1161
1437,1997,11,3343,2176,1167
1437,1997,12,3342,5386,-2044
1437,1998,1,3338,4306,-968
1437,1998,2,3335,2176,1159
1437,1998,3,3337,3616,-279
1437,1998,4,3338,2176,1162
1437,1998,5,3341,2626,715
1437,1998,6,3338,4876,-1538
1437,1998,7,3339,3016,323
1437,1998,8,3340,3376,-36
1437,1998,9,3340,2176,1164
1437,1998,10,3344,2776,568
1437,1998,11,3347,2176,1171
1437,1998,12,3350,2941,409
1438,1997,9,600,0,600
1438,1997,10,22179,0,22179
1438,1997,11,57176,22100,35076
1438,1997,12,80852,66530,14322
1438,1998,1,44785,46850,-2065
1438,1998,2,8333,29025,-20692
1438,1998,3,118,23932,-23814
1438,1998,4,25701,12430,13271
1438,1998,5,150,12784,-12634
1438,1998,6,49961,30,49931
1438,1998,7,307,25669,-25362
1438,1998,8,177,21750,-21573
1438,1998,9,9220,11730,-2510
1438,1998,10,11816,10517,1299
1438,1998,11,6022,6104,-82
1438,1998,12,19495,4800,14695
1439,1996,1,700,0,700
1439,1996,2,3183,0,3183
1439,1996,3,3183,0,3183
1439,1996,4,3183,0,3183
1439,1996,5,3183,0,3183
1439,1996,6,3221,2137,1084
1439,1996,7,3246,2137,1109
1439,1996,8,3251,2137,1114
1439,1996,9,3254,2587,667
1439,1996,10,3257,3067,190
1439,1996,11,3257,3457,-200
1439,1996,12,3257,2707,550
1439,1997,1,3245,8407,-5162
1439,1997,2,3239,2437,802
1439,1997,3,3240,3637,-397
1439,1997,4,3240,2717,523
1439,1997,5,3240,3497,-257
1439,1997,6,3242,2137,1105
1439,1997,7,3247,2137,1110
1439,1997,8,3251,2137,1114
1439,1997,9,3250,5617,-2367
1439,1997,10,3242,4767,-1525
1439,1997,11,3239,2137,1102
1439,1997,12,3239,4347,-1108
1439,1998,1,3237,3377,-140
1439,1998,2,3239,2137,1102
1439,1998,3,3243,2237,1006
1439,1998,4,3248,2137,1111
1439,1998,5,3252,2137,1115
1439,1998,6,3252,4567,-1315
1439,1998,7,3249,3247,2
1439,1998,8,3251,2707,544
1439,1998,9,3252,3277,-25
1439,1998,10,3253,2137,1116
1439,1998,11,3258,2137,1121
1439,1998,12,3262,2302,960
1440,1993,9,500,0,500
1440,1993,10,15820,0,15820
1440,1993,11,5974,0,5974
1440,1993,12,4998,0,4998
1440,1994,1,3314,1800,1514
1440,1994,2,3317,5171,-1854
1440,1994,3,3308,4947,-1639
1440,1994,4,3705,2147,1558
1440,1994,5,3307,4947,-1640
1440,1994,6,5975,11687,-5712
1440,1994,7,3882,2147,1735
1440,1994,8,5192,2147,3045
1440,1994,9,5101,3407,1694
1440,1994,10,3809,2477,1332
1440,1994,11,3311,3047,264
1440,1994,12,3311,3057,254
1440,1995,1,5301,9077,-3776
1440,1995,2,4502,2147,2355
1440,1995,3,3307,3247,60
1440,1995,4,3302,4647,-1345
1440,1995,5,3303,2747,556
1440,1995,6,6491,9557,-3066
1440,1995,7,4396,2147,2249
1440,1995,8,4506,2147,2359
1440,1995,9,5314,3977,1337
1440,1995,10,5120,3107,2013
1440,1995,11,3325,2547,778
1440,1995,12,3323,4957,-1634
1440,1996,1,3292,12337,-9045
1440,1996,2,3279,3847,-568
1440,1996,3,4586,2417,2169
1440,1996,4,3793,2147,1646
1440,1996,5,3290,4947,-1657
1440,1996,6,3275,7587,-4312
1440,1996,7,4979,2147,2832
1440,1996,8,3280,3287,-7
1440,1996,9,3279,3547,-268
1440,1996,10,3282,2447,835
1440,1996,11,3276,5147,-1871
1440,1996,12,3268,4937,-1669
1440,1997,1,5572,7277,-1705
1440,1997,2,3258,3847,-589
1440,1997,3,3254,4447,-1193
1440,1997,4,4058,2897,1161
1440,1997,5,6774,2147,4627
1440,1997,6,4378,4727,-349
1440,1997,7,3276,3627,-351
1440,1997,8,3266,5897,-2631
1440,1997,9,3259,4347,-1088
1440,1997,10,5168,4447,721
1440,1997,11,3265,4887,-1622
1440,1997,12,3558,3617,-59
1440,1998,1,3253,5277,-2024
1440,1998,2,3250,2147,1103
1440,1998,3,3255,2147,1108
1440,1998,4,3260,2147,1113
1440,1998,5,3264,3107,157
1440,1998,6,3265,2147,1118
1440,1998,7,3269,2147,1122
1440,1998,8,3274,2147,1127
1440,1998,9,3278,3557,-279
1440,1998,10,3277,2147,1130
1440,1998,11,3282,2147,1135
1440,1998,12,3280,4082,-802
1441,1994,10,500,0,500
1441,1994,11,6354,0,6354
1441,1994,12,6354,0,6354
1441,1995,1,6354,0,6354
1441,1995,2,6381,200,6181
1441,1995,3,6475,2740,3735
1441,1995,4,6484,8940,-2456
1441,1995,5,6483,5340,1143
1441,1995,6,6472,11090,-4618
1441,1995,7,6461,6360,101
1441,1995,8,6468,5040,1428
1441,1995,9,6475,4340,2135
1441,1995,10,6481,5640,841
1441,1995,11,6485,5440,1045
1441,1995,12,6478,8690,-2212
1441,1996,1,6459,12950,-6491
1441,1996,2,6452,5340,1112
1441,1996,3,6445,7380,-935
1441,1996,4,6450,5840,610
1441,1996,5,6456,2740,3716
1441,1996,6,6463,12050,-5587
1441,1996,7,6449,2440,4009
1441,1996,8,6463,5040,1423
1441,1996,9,6465,6440,25
1441,1996,10,6460,6940,-480
1441,1996,11,6453,8840,-2387
1441,1996,12,6453,8010,-1557
1441,1997,1,6437,13360,-6923
1441,1997,2,6422,3040,3382
1441,1997,3,6432,4740,1692
1441,1997,4,6436,6840,-404
1441,1997,5,6438,5140,1298
1441,1997,6,6436,7860,-1424
1441,1997,7,6442,3140,3302
1441,1997,8,6454,4120,2334
1441,1997,9,6464,3040,3424
1441,1997,10,6456,10900,-4444
1441,1997,11,6451,5460,991
1441,1997,12,6453,6620,-167
1441,1998,1,6430,15080,-8650
1441,1998,2,6429,2440,3989
1441,1998,3,6443,5480,963
1441,1998,4,6458,2440,4018
1441,1998,5,6466,2540,3926
1441,1998,6,6473,6040,433
1441,1998,7,6476,6040,436
1441,1998,8,6491,3960,2531
1441,1998,9,6489,5240,1249
1441,1998,10,6501,4040,2461
1441,1998,11,6520,2440,4080
1441,1998,12,6537,2925,3612
1442,1993,5,300,0,300
1442,1993,6,27482,500,26982
1442,1993,7,18422,11300,7122
1442,1993,8,18445,16500,1945
1442,1993,9,18453,16700,1753
1442,1993,10,18477,20965,-2488
1442,1993,11,18471,17665,806
1442,1993,12,27641,24785,2856
1442,1994,1,18466,29225,-10759
1442,1994,2,18452,16165,2287
1442,1994,3,18464,15785,2679
1442,1994,4,18459,18565,-106
1442,1994,5,18471,16265,2206
1442,1994,6,27643,29265,-1622
1442,1994,7,18466,21505,-3039
1442,1994,8,18449,15965,2484
1442,1994,9,18459,15565,2894
1442,1994,10,18463,21485,-3022
1442,1994,11,18444,20345,-1901
1442,1994,12,27621,23885,3736
1442,1995,1,18430,32745,-14315
1442,1995,2,18421,8465,9956
1442,1995,3,18439,17905,534
1442,1995,4,18448,16705,1743
1442,1995,5,18464,13965,4499
1442,1995,6,27630,25105,2525
1442,1995,7,18474,20465,-1991
1442,1995,8,18452,23485,-5033
1442,1995,9,18445,17565,880
1442,1995,10,18450,18045,405
1442,1995,11,18456,15165,3291
1442,1995,12,27627,24225,3402
1442,1996,1,18453,30445,-11992
1442,1996,2,18435,13865,4570
1442,1996,3,18427,26305,-7878
1442,1996,4,18426,12365,6061
1442,1996,5,18441,15665,2776
1442,1996,6,27595,28285,-690
1442,1996,7,18438,21945,-3507
1442,1996,8,18436,16825,1611
1442,1996,9,18444,14465,3979
1442,1996,10,18474,16365,2109
1442,1996,11,18456,21465,-3009
1442,1996,12,27639,20545,7094
1442,1997,1,18444,31445,-13001
1442,1997,2,18425,16525,1900
1442,1997,3,18448,12065,6383
1442,1997,4,18466,20265,-1799
1442,1997,5,18438,25345,-6907
1442,1997,6,27631,14065,13566
1442,1997,7,18484,35065,-16581
1442,1997,8,18410,26505,-8095
1442,1997,9,18428,18165,263
1442,1997,10,18426,20165,-1739
1442,1997,11,18406,5965,12441
1442,1997,12,27619,36665,-9046
1442,1998,1,18400,17605,795
1442,1998,2,18422,5965,12457
1442,1998,3,18495,5965,12530
1442,1998,4,18507,42365,-23858
1442,1998,5,18428,5965,12463
1442,1998,6,27654,38465,-10811
1442,1998,7,18429,10045,8384
1442,1998,8,18489,5965,12524
1442,1998,9,18487,45365,-26878
1442,1998,10,18420,10405,8015
1442,1998,11,18439,7165,11274
1442,1998,12,27663,9470,18193
1443,1997,9,700,0,700
1443,1997,10,22049,0,22049
1443,1997,11,19936,9700,10236
1443,1997,12,29896,19700,10196
1443,1998,1,20013,20700,-687
1443,1998,2,20009,22315,-2306
1443,1998,3,20025,21520,-1495
1443,1998,4,20020,19220,800
1443,1998,5,20017,22820,-2803
1443,1998,6,29927,27820,2107
1443,1998,7,20012,25820,-5808
1443,1998,8,19981,20320,-339
1443,1998,9,19992,16920,3072
1443,1998,10,20001,19920,81
1443,1998,11,20004,17120,2884
1443,1998,12,29950,26605,3345
1444,1996,6,700,0,700
1444,1996,7,14570,0,14570
1444,1996,8,6215,0,6215
1444,1996,9,7444,0,7444
1444,1996,10,3163,700,2463
1444,1996,11,3161,5839,-2678
1444,1996,12,3159,2289,870
1444,1997,1,3152,8539,-5387
1444,1997,2,5246,2549,2697
1444,1997,3,3148,3739,-591
1444,1997,4,3149,2539,610
1444,1997,5,3152,2239,913
1444,1997,6,3945,6599,-2654
1444,1997,7,3948,2039,1909
1444,1997,8,3149,3739,-590
1444,1997,9,3145,4239,-1094
1444,1997,10,3949,3779,170
1444,1997,11,6659,2309,4350
1444,1997,12,5775,2219,3556
1444,1998,1,3161,9499,-6338
1444,1998,2,8173,2039,6134
1444,1998,3,6288,3059,3229
1444,1998,4,3294,2039,1255
1444,1998,5,4203,2039,2164
1444,1998,6,8422,4649,3773
1444,1998,7,5830,2039,3791
1444,1998,8,5544,3419,2125
1444,1998,9,4051,2909,1142
1444,1998,10,6162,2909,3253
1444,1998,11,4973,2039,2934
1444,1998,12,4481,3314,1167
1445,1996,3,900,0,900
1445,1996,4,13318,0,13318
1445,1996,5,7161,0,7161
1445,1996,6,10283,3800,6483
1445,1996,7,6906,5000,1906
1445,1996,8,6911,7378,-467
1445,1996,9,6899,13339,-6440
1445,1996,10,6887,5639,1248
1445,1996,11,6881,9839,-2958
1445,1996,12,10274,11359,-1085
1445,1997,1,9463,15459,-5996
1445,1997,2,11066,4539,6527
1445,1997,3,10695,4539,6156
1445,1997,4,6904,5339,1565
1445,1997,5,7414,4539,2875
1445,1997,6,10312,12299,-1987
1445,1997,7,7006,7779,-773
1445,1997,8,6907,6439,468
1445,1997,9,6893,10619,-3726
1445,1997,10,6885,10599,-3714
1445,1997,11,8991,4539,4452
1445,1997,12,10297,8259,2038
1445,1998,1,8097,18219,-10122
1445,1998,2,11385,4539,6846
1445,1998,3,6890,6639,251
1445,1998,4,7400,4539,2861
1445,1998,5,6896,8639,-1743
1445,1998,6,10289,9639,650
1445,1998,7,6877,12439,-5562
1445,1998,8,6855,13839,-6984
1445,1998,9,6851,5139,1712
1445,1998,10,6859,4839,2020
1445,1998,11,6865,5539,1326
1445,1998,12,10252,14024,-3772
1446,1995,1,1100,0,1100
1446,1995,2,19189,0,19189
1446,1995,3,17953,9000,8953
1446,1995,4,17985,11900,6085
1446,1995,5,18011,12200,5811
1446,1995,6,26965,37092,-10127
1446,1995,7,17999,15692,2307
1446,1995,8,18012,13392,4620
1446,1995,9,18011,23792,-5781
1446,1995,10,18013,10392,7621
1446,1995,11,18030,18992,-962
1446,1995,12,26969,21892,5077
1446,1996,1,18023,28992,-10969
1446,1996,2,18005,13492,4513
1446,1996,3,18016,17692,324
1446,1996,4,18023,19192,-1169
1446,1996,5,18025,11792,6233
1446,1996,6,26970,28792,-1822
1446,1996,7,18040,12692,5348
1446,1996,8,18069,14692,3377
1446,1996,9,18038,25992,-7954
1446,1996,10,18028,17792,236
1446,1996,11,18039,14792,3247
1446,1996,12,26982,26292,690
1446,1997,1,18038,20392,-2354
1446,1997,2,18073,5992,12081
1446,1997,3,18086,18992,-906
1446,1997,4,18116,7192,10924
1446,1997,5,18142,13392,4750
1446,1997,6,27113,20792,6321
1446,1997,7,18165,20292,-2127
1446,1997,8,18175,14592,3583
1446,1997,9,18183,16492,1691
1446,1997,10,18179,20092,-1913
1446,1997,11,18172,19692,-1520
1446,1997,12,27123,19892,7231
1446,1998,1,18128,41192,-23064
1446,1998,2,18138,7592,10546
1446,1998,3,18156,15592,2564
1446,1998,4,18173,13792,4381
1446,1998,5,18184,15792,2392
1446,1998,6,27110,29692,-2582
1446,1998,7,18174,32392,-14218
1446,1998,8,18151,17892,259
1446,1998,9,18147,18292,-145
1446,1998,10,18152,10192,7960
1446,1998,11,18182,17592,590
1446,1998,12,27141,5777,21364
1447,1997,2,300,0,300
1447,1997,3,16330,0,16330
1447,1997,4,12590,3100,9490
1447,1997,5,12622,8800,3822
1447,1997,6,18895,12900,5995
1447,1997,7,12655,16810,-4155
1447,1997,8,12637,17110,-4473
1447,1997,9,13532,10310,3222
1447,1997,10,12643,10510,2133
1447,1997,11,12646,15710,-3064
1447,1997,12,19074,27753,-8679
1447,1998,1,13205,10310,2895
1447,1998,2,12614,13510,-896
1447,1998,3,12611,15056,-2445
1447,1998,4,15908,10310,5598
1447,1998,5,12617,18259,-5642
1447,1998,6,18870,12810,6060
1447,1998,7,12617,14410,-1793
1447,1998,8,13321,10310,3011
1447,1998,9,12615,16326,-3711
1447,1998,10,12614,11210,1404
1447,1998,11,14026,10310,3716
1447,1998,12,18877,28495,-9618
1448,1995,10,1100,0,1100
1448,1995,11,10100,0,10100
1448,1995,12,7600,0,7600
1448,1996,1,100,0,100
1448,1996,2,4200,0,4200
1448,1996,3,500,0,500
1448,1996,4,1800,0,1800
1448,1996,5,0,2600,-2600
1448,1996,6,2100,0,2100
1448,1996,7,0,5100,-5100
1448,1996,8,0,3600,-3600
1448,1996,9,0,1200,-1200
1448,1996,10,3603,0,3603
1448,1996,11,878,0,878
1448,1996,12,78,2400,-2322
1448,1997,1,0,1200,-1200
1448,1997,2,164,400,-236
1448,1997,3,1878,0,1878
1448,1997,4,78,1600,-1522
1448,1997,5,78,4300,-4222
1448,1997,6,78,900,-822
1448,1997,8,578,0,578
1448,1997,9,3378,0,3378
1448,1997,10,1278,0,1278
1448,1997,11,78,1900,-1822
1448,1997,12,4778,0,4778
1448,1998,1,78,2000,-1922
1448,1998,2,778,0,778
1448,1998,3,3078,0,3078
1448,1998,4,78,500,-422
1448,1998,5,2778,0,2778
1448,1998,6,978,0,978
1448,1998,7,78,900,-822
1448,1998,8,78,1500,-1422
1448,1998,9,4278,0,4278
1448,1998,10,78,1600,-1522
1448,1998,11,0,200,-200
1449,1993,8,800,0,800
1449,1993,9,12022,0,12022
1449,1993,10,8572,0,8572
1449,1993,11,4804,500,4304
1449,1993,12,7176,3900,3276
1449,1994,1,5122,13735,-8613
1449,1994,2,6303,3155,3148
1449,1994,3,7010,7555,-545
1449,1994,4,8703,7155,1548
1449,1994,5,4815,6055,-1240
1449,1994,6,7174,4555,2619
1449,1994,7,4807,9055,-4248
1449,1994,8,4802,7155,-2353
1449,1994,9,9799,6655,3144
1449,1994,10,5611,3155,2456
1449,1994,11,8215,7455,760
1449,1994,12,7177,6555,622
1449,1995,1,7409,13255,-5846
1449,1995,2,7606,3155,4451
1449,1995,3,5822,3155,2667
1449,1995,4,5532,4355,1177
1449,1995,5,9839,5455,4384
1449,1995,6,7211,9055,-1844
1449,1995,7,8239,7755,484
1449,1995,8,6552,3155,3397
1449,1995,9,7564,4855,2709
1449,1995,10,4872,4055,817
1449,1995,11,4868,6655,-1787
1449,1995,12,7224,6055,1169
1449,1996,1,6155,16255,-10100
1449,1996,2,11637,8155,3482
1449,1996,3,6549,5155,1394
1449,1996,4,4848,4755,93
1449,1996,5,9064,3155,5909
1449,1996,6,10333,8255,2078
1449,1996,7,6591,3155,3436
1449,1996,8,4899,3555,1344
1449,1996,9,4901,5855,-954
1449,1996,10,7209,3155,4054
1449,1996,11,4910,7855,-2945
1449,1996,12,7257,7055,202
1449,1997,1,7592,14955,-7363
1449,1997,2,11799,3155,8644
1449,1997,3,4905,5455,-550
1449,1997,4,7418,3155,4263
1449,1997,5,6615,10855,-4240
1449,1997,6,7261,31855,-24594
1449,1997,7,20855,6255,14600
1449,1997,8,8480,3155,5325
1449,1997,9,4880,6555,-1675
1449,1997,10,10502,3155,7347
1449,1997,11,4911,3955,956
1449,1997,12,7258,11455,-4197
1449,1998,1,4861,16355,-11494
1449,1998,2,7857,5355,2502
1449,1998,3,9477,3155,6322
1449,1998,4,11304,7655,3649
1449,1998,5,7409,5455,1954
1449,1998,6,7220,27155,-19935
1449,1998,7,20858,5855,15003
1449,1998,8,9692,3155,6537
1449,1998,9,8714,4655,4059
1449,1998,10,11022,12055,-1033
1449,1998,11,7431,3155,4276
1449,1998,12,7307,4840,2467
1450,1996,4,6914,0,6914
1450,1996,5,6525,0,6525
1450,1996,6,6525,0,6525
1450,1996,7,6525,0,6525
1450,1996,8,6528,15,6513
1450,1996,9,6632,5518,1114
1450,1996,10,6630,7198,-568
1450,1996,11,6645,3118,3527
1450,1996,12,6646,6718,-72
1450,1997,1,6640,10318,-3678
1450,1997,2,6643,3118,3525
1450,1997,3,6659,3118,3541
1450,1997,4,6669,4558,2111
1450,1997,5,6652,13098,-6446
1450,1997,6,6624,11768,-5144
1450,1997,7,6634,3118,3516
1450,1997,8,6648,3118,3530
1450,1997,9,6663,4018,2645
1450,1997,10,6672,8518,-1846
1450,1997,11,6665,6218,447
1450,1997,12,6666,4218,2448
1450,1998,1,6661,10658,-3997
1450,1998,2,6660,6418,242
1450,1998,3,6663,3518,3145
1450,1998,4,6675,4218,2457
1450,1998,5,6683,8218,-1535
1450,1998,6,6669,8518,-1849
1450,1998,7,6671,3718,2953
1450,1998,8,6683,3918,2765
1450,1998,9,6695,3118,3577
1450,1998,10,6705,8518,-1813
1450,1998,11,6703,3118,3585
1450,1998,12,6711,4403,2308
1451,1993,6,1000,0,1000
1451,1993,7,6490,0,6490
1451,1993,8,6490,0,6490
1451,1993,9,6490,0,6490
1451,1993,10,6523,2200,4323
1451,1993,11,6599,2315,4284
1451,1993,12,6609,6219,390
1451,1994,1,6587,15399,-8812
1451,1994,2,6582,4149,2433
1451,1994,3,6592,4349,2243
1451,1994,4,6595,6069,526
1451,1994,5,6599,8949,-2350
1451,1994,6,6594,4949,1645
1451,1994,7,6588,7849,-1261
1451,1994,8,6593,6509,84
1451,1994,9,6582,7589,-1007
1451,1994,10,6593,3749,2844
1451,1994,11,6590,7349,-759
1451,1994,12,6600,4549,2051
1451,1995,1,6589,17009,-10420
1451,1995,2,6554,6709,-155
1451,1995,3,6566,3749,2817
1451,1995,4,6577,3749,2828
1451,1995,5,6588,4149,2439
1451,1995,6,6597,4709,1888
1451,1995,7,6607,3749,2858
1451,1995,8,6614,5649,965
1451,1995,9,6620,4849,1771
1451,1995,10,6626,5049,1577
1451,1995,11,6634,5429,1205
1451,1995,12,6633,6479,154
1451,1996,1,6617,15969,-9352
1451,1996,2,6603,3749,2854
1451,1996,3,6615,3749,2866
1451,1996,4,6611,8269,-1658
1451,1996,5,6608,6949,-341
1451,1996,6,6590,13129,-6539
1451,1996,7,6584,5349,1235
1451,1996,8,6592,4349,2243
1451,1996,9,6606,3749,2857
1451,1996,10,6610,5349,1261
1451,1996,11,6596,13109,-6513
1451,1996,12,6579,8449,-1870
1451,1997,1,6559,11729,-5170
1451,1997,2,6558,5349,1209
1451,1997,3,6570,5989,581
1451,1997,4,6558,7849,-1291
1451,1997,5,6568,5349,1219
1451,1997,6,6565,5449,1116
1451,1997,7,6570,5349,1221
1451,1997,8,6578,4449,2129
1451,1997,9,6563,11849,-5286
1451,1997,10,6568,6669,-101
1451,1997,11,6568,7349,-781
1451,1997,12,6561,5649,912
1451,1998,1,6556,7269,-713
1451,1998,2,6566,3749,2817
1451,1998,3,6578,3749,2829
1451,1998,4,6587,12249,-5662
1451,1998,5,6566,3749,2817
1451,1998,6,6572,10279,-3707
1451,1998,7,6562,3749,2813
1451,1998,8,6562,11029,-4467
1451,1998,9,6555,3749,2806
1451,1998,10,6567,3749,2818
1451,1998,11,6575,7449,-874
1451,1998,12,6574,4084,2490
1452,1995,9,500,0,500
1452,1995,10,22793,0,22793
1452,1995,11,20064,9200,10864
1452,1995,12,30080,19600,10480
1452,1996,1,20126,21000,-874
1452,1996,2,20129,18315,1814
1452,1996,3,20132,21415,-1283
1452,1996,4,20130,19015,1115
1452,1996,5,20138,23115,-2977
1452,1996,6,30080,34815,-4735
1452,1996,7,20124,11215,8909
1452,1996,8,20144,17415,2729
1452,1996,9,20153,18315,1838
1452,1996,10,20155,21915,-1760
1452,1996,11,20152,20315,-163
1452,1996,12,30154,19815,10339
1452,1997,1,20181,30615,-10434
1452,1997,2,20193,5315,14878
1452,1997,3,20192,25715,-5523
1452,1997,4,20245,25215,-4970
1452,1997,5,20164,20315,-151
1452,1997,6,30186,37515,-7329
1452,1997,7,20171,8715,11456
1452,1997,8,20209,11615,8594
1452,1997,9,20234,14915,5319
1452,1997,10,20234,22415,-2181
1452,1997,11,20235,18615,1620
1452,1997,12,30207,28715,1492
1452,1998,1,20202,37415,-17213
1452,1998,2,20197,11715,8482
1452,1998,3,20230,13115,7115
1452,1998,4,20259,12815,7444
1452,1998,5,20276,17315,2961
1452,1998,6,30273,34915,-4642
1452,1998,7,20276,14915,5361
1452,1998,8,20281,36815,-16534
1452,1998,9,20214,15315,4899
1452,1998,10,20233,21815,-1582
1452,1998,11,20228,14915,5313
1452,1998,12,30293,1400,28893
1453,1993,9,600,0,600
1453,1993,10,77814,26100,51714
1453,1993,11,217,11600,-11383
1453,1993,12,217,6400,-6183
1453,1994,1,52466,39694,12772
1453,1994,2,2542,26240,-23698
1453,1994,3,128604,108277,20327
1453,1994,4,38719,42676,-3957
1453,1994,5,92705,76250,16455
1453,1994,6,44924,62577,-17653
1453,1994,7,2442,16873,-14431
1453,1994,8,45791,17950,27841
1453,1994,9,85851,85050,801
1453,1994,10,37163,17350,19813
1453,1994,11,236,45950,-45714
1453,1994,12,29647,9850,19797
1453,1995,1,158843,154994,3849
1453,1995,2,128051,93656,34395
1453,1995,3,57076,61057,-3981
1453,1995,4,10794,37650,-26856
1453,1995,5,91972,61450,30522
1453,1995,6,67550,50083,17467
1453,1995,7,36100,98257,-62157
1453,1995,8,124,18250,-18126
1453,1995,9,64941,29193,35748
1453,1995,10,95020,63032,31988
1453,1995,11,84820,72050,12770
1453,1995,12,26395,102905,-76510
1453,1996,1,141125,64850,76275
1453,1996,2,68625,109050,-40425
1453,1996,3,43294,53150,-9856
1453,1996,4,15207,35050,-19843
1453,1996,5,55467,42040,13427
1453,1996,6,138,21850,-21712
1453,1996,7,12501,8450,4051
1453,1996,8,111771,49419,62352
1453,1996,9,19798,38350,-18552
1453,1996,10,46746,39250,7496
1453,1996,11,120566,101150,19416
1453,1996,12,32729,54150,-21421
1453,1997,1,36288,87650,-51362
1453,1997,2,114274,83750,30524
1453,1997,3,78993,68350,10643
1453,1997,4,36150,30350,5800
1453,1997,5,8383,53701,-45318
1453,1997,6,21952,10550,11402
1453,1997,7,89356,32750,56606
1453,1997,8,91012,104850,-13838
1453,1997,9,72209,86950,-14741
1453,1997,10,34620,38127,-3507
1453,1997,11,44225,69775,-25550
1453,1997,12,30021,37450,-7429
1453,1998,1,86,15150,-15064
1453,1998,2,35705,6850,28855
1453,1998,3,23903,29969,-6066
1453,1998,4,36678,25623,11055
1453,1998,5,135,27150,-27015
1453,1998,6,30458,6850,23608
1453,1998,7,45983,51450,-5467
1453,1998,8,158,16250,-16092
1453,1998,9,95,6850,-6755
1453,1998,10,26017,6850,19167
1453,1998,11,142,11550,-11408
1453,1998,12,21283,6820,14463
1454,1997,7,300,0,300
1454,1997,8,12300,0,12300
1454,1997,9,8900,0,8900
1454,1997,10,600,0,600
1454,1997,11,800,0,800
1454,1997,12,5400,0,5400
1454,1998,1,2900,0,2900
1454,1998,2,3700,0,3700
1454,1998,3,1100,0,1100
1454,1998,4,700,0,700
1454,1998,5,1800,0,1800
1454,1998,6,0,2300,-2300
1454,1998,7,0,900,-900
1454,1998,8,400,0,400
1454,1998,9,200,0,200
1454,1998,10,0,1700,-1700
1454,1998,11,1000,0,1000
1455,1996,1,7340,0,7340
1455,1996,2,15793,0,15793
1455,1996,3,9241,0,9241
1455,1996,4,6464,2800,3664
1455,1996,5,6477,3615,2862
1455,1996,6,9624,27035,-17411
1455,1996,7,13048,5595,7453
1455,1996,8,6440,3215,3225
1455,1996,9,6454,2515,3939
1455,1996,10,6469,9055,-2586
1455,1996,11,6460,3615,2845
1455,1996,12,9633,12855,-3222
1455,1997,1,6448,19495,-13047
1455,1997,2,6704,5295,1409
1455,1997,3,6408,7915,-1507
1455,1997,4,6403,4415,1988
1455,1997,5,8610,10695,-2085
1455,1997,6,17019,30580,-13561
1455,1997,7,12452,4695,7757
1455,1997,8,7269,9855,-2586
1455,1997,9,10277,15,10262
1455,1997,10,6412,4115,2297
1455,1997,11,6413,11615,-5202
1455,1997,12,9568,10835,-1267
1455,1998,1,6358,16075,-9717
1455,1998,2,6351,6415,-64
1455,1998,3,6353,4315,2038
1455,1998,4,6357,8995,-2638
1455,1998,5,6354,2515,3839
1455,1998,6,9516,13375,-3859
1455,1998,7,6347,11015,-4668
1455,1998,8,6333,5695,638
1455,1998,9,6328,8215,-1887
1455,1998,10,6332,1415,4917
1455,1998,11,6350,3115,3235
1455,1998,12,9517,9880,-363
1456,1996,4,35351,0,35351
1456,1996,5,13960,3700,10260
1456,1996,6,77683,36815,40868
1456,1996,7,32026,61815,-29789
1456,1996,8,29963,15415,14548
1456,1996,9,168137,182115,-13978
1456,1996,10,118541,75615,42926
1456,1996,11,412,35715,-35303
1456,1996,12,31483,25815,5668
1456,1997,1,19816,44698,-24882
1456,1997,2,60629,33115,27514
1456,1997,3,6988,24715,-17727
1456,1997,4,61014,28187,32827
1456,1997,5,132181,151513,-19332
1456,1997,6,75147,81515,-6368
1456,1997,7,178617,180521,-1904
1456,1997,8,79433,37448,41985
1456,1997,9,106766,155325,-48559
1456,1997,10,57435,39237,18198
1456,1997,11,60397,80815,-20418
1456,1997,12,333,12215,-11882
1456,1998,1,67950,30074,37876
1456,1998,2,88152,77730,10422
1456,1998,3,23916,36515,-12599
1456,1998,4,35679,46502,-10823
1456,1998,5,257,29831,-29574
1456,1998,6,27911,49379,-21468
1456,1998,7,51155,34916,16239
1456,1998,8,128300,108415,19885
1456,1998,9,104293,113822,-9529
1456,1998,10,83290,67956,15334
1456,1998,11,24155,35215,-11060
1456,1998,12,44120,3300,40820
1458,1994,1,17336,0,17336
1458,1994,2,21916,0,21916
1458,1994,3,16774,9200,7574
1458,1994,4,16796,12900,3896
1458,1994,5,16814,14815,1999
1458,1994,6,25113,21774,3339
1458,1994,7,16818,18674,-1856
1458,1994,8,16817,29674,-12857
1458,1994,9,16820,16974,-154
1458,1994,10,16812,21774,-4962
1458,1994,11,16771,17774,-1003
1458,1994,12,25079,19774,5305
1458,1995,1,16761,31874,-15113
1458,1995,2,16720,13474,3246
1458,1995,3,16736,13374,3362
1458,1995,4,16725,19774,-3049
1458,1995,5,16738,12374,4364
1458,1995,6,25069,23774,1295
1458,1995,7,16760,17574,-814
1458,1995,8,16754,18374,-1620
1458,1995,9,16749,15474,1275
1458,1995,10,16752,16574,178
1458,1995,11,16754,14274,2480
1458,1995,12,25071,21774,3297
1458,1996,1,16740,29574,-12834
1458,1996,2,16718,17874,-1156
1458,1996,3,16707,17174,-467
1458,1996,4,16713,16674,39
1458,1996,5,16717,12074,4643
1458,1996,6,25016,24674,342
1458,1996,7,16730,16774,-44
1458,1996,8,16731,14474,2257
1458,1996,9,16735,16174,561
1458,1996,10,16735,15574,1161
1458,1996,11,16739,16874,-135
1458,1996,12,25038,26074,-1036
1458,1997,1,16701,26774,-10073
1458,1997,2,16688,16774,-86
1458,1997,3,16698,14274,2424
1458,1997,4,16704,15174,1530
1458,1997,5,16709,15974,735
1458,1997,6,25019,20074,4945
1458,1997,7,16731,15874,857
1458,1997,8,16729,17174,-445
1458,1997,9,16727,16674,53
1458,1997,10,16730,15374,1356
1458,1997,11,16741,18574,-1833
1458,1997,12,25069,23574,1495
1458,1998,1,16731,18474,-1743
1458,1998,2,16720,15774,946
1458,1998,3,16758,19274,-2516
1458,1998,4,16723,13574,3149
1458,1998,5,16740,11474,5266
1458,1998,6,25059,31274,-6215
1458,1998,7,16731,13174,3557
1458,1998,8,16730,18974,-2244
1458,1998,9,16726,16874,-148
1458,1998,10,16761,3874,12887
1458,1998,11,16741,31174,-14433
1458,1998,12,25022,23859,1163
1459,1997,3,900,0,900
1459,1997,4,3186,0,3186
1459,1997,5,3186,0,3186
1459,1997,6,3186,0,3186
1459,1997,7,3186,0,3186
1459,1997,8,3230,2139,1091
1459,1997,9,3254,2139,1115
1459,1997,10,3253,3069,184
1459,1997,11,3256,2139,1117
1459,1997,12,3255,7669,-4414
1459,1998,1,3239,4449,-1210
1459,1998,2,3237,2139,1098
1459,1998,3,3242,3339,-97
1459,1998,4,3242,2139,1103
1459,1998,5,3240,5439,-2199
1459,1998,6,3235,3139,96
1459,1998,7,3235,4039,-804
1459,1998,8,3235,2139,1096
1459,1998,9,3239,2139,1100
1459,1998,10,3243,2139,1104
1459,1998,11,3247,2139,1108
1459,1998,12,3251,3084,167
1460,1996,11,300,0,300
1460,1996,12,5298,0,5298
1460,1997,1,5298,0,5298
1460,1997,2,5298,0,5298
1460,1997,3,5298,0,5298
1460,1997,4,5355,5352,3
1460,1997,5,5392,3432,1960
1460,1997,6,5395,5732,-337
1460,1997,7,5385,9192,-3807
1460,1997,8,5374,7272,-1898
1460,1997,9,5375,3432,1943
1460,1997,10,5384,3432,1952
1460,1997,11,5392,3432,1960
1460,1997,12,5399,4082,1317
1460,1998,1,5383,13992,-8609
1460,1998,2,5368,5432,-64
1460,1998,3,5369,3432,1937
1460,1998,4,5377,3432,1945
1460,1998,5,5381,5352,29
1460,1998,6,5382,6582,-1200
1460,1998,7,5380,3432,1948
1460,1998,8,5388,3432,1956
1460,1998,9,5396,3432,1964
1460,1998,10,5399,5672,-273
1460,1998,11,5403,3432,1971
1460,1998,12,5412,3667,1745
1461,1996,4,43073,0,43073
1461,1996,5,42430,9400,33030
1461,1996,6,63659,42300,21359
1461,1996,7,42622,80000,-37378
1461,1996,8,42574,11415,31159
1461,1996,9,42537,35520,7017
1461,1996,10,42521,57637,-15116
1461,1996,11,42487,39276,3211
1461,1996,12,63518,96620,-33102
1461,1997,1,47116,77041,-29925
1461,1997,2,51917,33887,18030
1461,1997,3,42618,8720,33898
1461,1997,4,42482,36425,6057
1461,1997,5,42517,29320,13197
1461,1997,6,63593,81520,-17927
1461,1997,7,42507,49020,-6513
1461,1997,8,42466,64428,-21962
1461,1997,9,42445,25520,16925
1461,1997,10,42511,37820,4691
1461,1997,11,42527,40320,2207
1461,1997,12,63612,81574,-17962
1461,1998,1,42360,54286,-11926
1461,1998,2,42381,23320,19061
1461,1998,3,42469,34820,7649
1461,1998,4,42518,34820,7698
1461,1998,5,42435,64720,-22285
1461,1998,6,63473,65720,-2247
1461,1998,7,42452,26320,16132
1461,1998,8,42466,43320,-854
1461,1998,9,42499,38620,3879
1461,1998,10,42514,38620,3894
1461,1998,11,42435,61374,-18939
1461,1998,12,63591,20405,43186
1463,1996,9,1000,0,1000
1463,1996,10,10046,0,10046
1463,1996,11,9691,0,9691
1463,1996,12,3421,4300,-879
1463,1997,1,3421,1700,1721
1463,1997,2,5431,15,5416
1463,1997,3,3446,7539,-4093
1463,1997,4,5135,3619,1516
1463,1997,5,3433,9589,-6156
1463,1997,6,3899,9079,-5180
1463,1997,7,8500,2239,6261
1463,1997,8,6424,2239,4185
1463,1997,9,3737,2239,1498
1463,1997,10,5346,2239,3107
1463,1997,11,5358,2599,2759
1463,1997,12,5965,3889,2076
1463,1998,1,3467,5819,-2352
1463,1998,2,4565,3259,1306
1463,1998,3,3472,2239,1233
1463,1998,4,3477,2239,1238
1463,1998,5,3469,8839,-5370
1463,1998,6,3448,8229,-4781
1463,1998,7,5844,2839,3005
1463,1998,8,3445,5639,-2194
1463,1998,9,3442,2539,903
1463,1998,10,10055,4309,5746
1463,1998,11,6678,2239,4439
1463,1998,12,3487,2614,873
1464,1996,10,300,0,300
1464,1996,11,37068,10000,27068
1464,1996,12,114,3900,-3786
1464,1997,1,127657,86500,41157
1464,1997,2,14885,32415,-17530
1464,1997,3,106443,109415,-2972
1464,1997,4,24835,14974,9861
1464,1997,5,112372,91335,21037
1464,1997,6,84025,80515,3510
1464,1997,7,48881,31315,17566
1464,1997,8,15519,77915,-62396
1464,1997,9,11426,23963,-12537
1464,1997,10,69788,48465,21323
1464,1997,11,10144,19115,-8971
1464,1997,12,28997,26798,2199
1464,1998,1,120295,57015,63280
1464,1998,2,102227,98115,4112
1464,1998,3,96734,93915,2819
1464,1998,4,436,38515,-38079
1464,1998,5,13925,28615,-14690
1464,1998,6,67920,21995,45925
1464,1998,7,271,49269,-48998
1464,1998,8,83466,30056,53410
1464,1998,9,136904,144015,-7111
1464,1998,10,84061,83315,746
1464,1998,11,44797,36315,8482
1464,1998,12,301,63715,-63414
1465,1995,6,3491,0,3491
1465,1995,7,13831,0,13831
1465,1995,8,8275,0,8275
1465,1995,9,3294,1300,1994
1465,1995,10,3304,1315,1989
1465,1995,11,3293,6137,-2844
1465,1995,12,3281,5917,-2636
1465,1996,1,3771,9397,-5626
1465,1996,2,3254,3837,-583
1465,1996,3,3244,6037,-2793
1465,1996,4,3240,3937,-697
1465,1996,5,3241,2937,304
1465,1996,6,7757,3487,4270
1465,1996,7,4065,2137,1928
1465,1996,8,3264,5937,-2673
1465,1996,9,3260,3637,-377
1465,1996,10,3258,3237,21
1465,1996,11,3358,2137,1221
1465,1996,12,4163,2947,1216
1465,1997,1,3257,7257,-4000
1465,1997,2,3250,8637,-5387
1465,1997,3,3430,2137,1293
1465,1997,4,5936,2137,3799
1465,1997,5,3250,3037,213
1465,1997,6,3251,2837,414
1465,1997,7,3251,4837,-1586
1465,1997,8,5048,2137,2911
1465,1997,9,6461,2137,4324
1465,1997,10,7080,2857,4223
1465,1997,11,3294,2537,757
1465,1997,12,3293,3437,-144
1465,1998,1,9790,7207,2583
1465,1998,2,5109,2137,2972
1465,1998,3,6321,3187,3134
1465,1998,4,4231,3397,834
1465,1998,5,3332,5537,-2205
1465,1998,6,9713,9727,-14
1465,1998,7,4428,2137,2291
1465,1998,8,9345,2137,7208
1465,1998,9,3360,6437,-3077
1465,1998,10,3344,8427,-5083
1465,1998,11,3326,5637,-2311
1465,1998,12,3321,2722,599
1466,1997,3,800,0,800
1466,1997,4,11300,0,11300
1466,1997,5,4500,0,4500
1466,1997,6,11356,3100,8256
1466,1997,7,1504,0,1504
1466,1997,8,1804,0,1804
1466,1997,9,34488,0,34488
1466,1997,10,261,18700,-18439
1466,1997,11,261,7600,-7339
1466,1997,12,261,4600,-4339
1466,1998,1,261,700,-439
1466,1998,2,261,1600,-1339
1466,1998,3,261,5700,-5439
1466,1998,4,261,1200,-939
1466,1998,5,261,1900,-1639
1466,1998,6,261,1700,-1439
1466,1998,7,261,2100,-1839
1466,1998,8,261,6200,-5939
1466,1998,9,2661,0,2661
1466,1998,10,1861,0,1861
1466,1998,11,100,0,100
1467,1994,4,800,0,800
1467,1994,5,20812,0,20812
1467,1994,6,29497,14000,15497
1467,1994,7,19753,17800,1953
1467,1994,8,19761,17900,1861
1467,1994,9,19791,21229,-1438
1467,1994,10,19789,19029,760
1467,1994,11,19788,19829,-41
1467,1994,12,29614,25629,3985
1467,1995,1,19795,24729,-4934
1467,1995,2,19779,21529,-1750
1467,1995,3,19778,17929,1849
1467,1995,4,19786,16829,2957
1467,1995,5,19795,18829,966
1467,1995,6,29616,25829,3787
1467,1995,7,19804,26329,-6525
1467,1995,8,19784,18729,1055
1467,1995,9,19789,17829,1960
1467,1995,10,19790,21529,-1739
1467,1995,11,19784,21829,-2045
1467,1995,12,29599,25229,4370
1467,1996,1,19795,19029,766
1467,1996,2,19795,19329,466
1467,1996,3,19791,23029,-3238
1467,1996,4,19784,18729,1055
1467,1996,5,19794,15929,3865
1467,1996,6,29623,22429,7194
1467,1996,7,19829,21229,-1400
1467,1996,8,19819,24329,-4510
1467,1996,9,19808,17429,2379
1467,1996,10,19814,18829,985
1467,1996,11,19816,19329,487
1467,1996,12,29642,20829,8813
1467,1997,1,19844,22329,-2485
1467,1997,2,19867,22229,-2362
1467,1997,3,19832,19829,3
1467,1997,4,19829,20729,-900
1467,1997,5,19842,17529,2313
1467,1997,6,29656,21929,7727
1467,1997,7,19872,17829,2043
1467,1997,8,19861,24629,-4768
1467,1997,9,19846,26129,-6283
1467,1997,10,19820,28029,-8209
1467,1997,11,19832,8429,11403
1467,1997,12,29676,20129,9547
1467,1998,1,19881,20529,-648
1467,1998,2,19883,18829,1054
1467,1998,3,19884,20029,-145
1467,1998,4,19874,20529,-655
1467,1998,5,19888,17629,2259
1467,1998,6,29715,22129,7586
1467,1998,7,19899,26829,-6930
1467,1998,8,19886,21829,-1943
1467,1998,9,19870,24329,-4459
1467,1998,10,19871,17929,1942
1467,1998,11,19878,18429,1449
1467,1998,12,29715,20514,9201
1468,1993,10,500,0,500
1468,1993,11,3224,0,3224
1468,1993,12,3224,0,3224
1468,1994,1,3224,0,3224
1468,1994,2,3224,0,3224
1468,1994,3,3273,2164,1109
1468,1994,4,3286,3094,192
1468,1994,5,3287,2914,373
1468,1994,6,3285,4864,-1579
1468,1994,7,3284,2164,1120
1468,1994,8,3289,2164,1125
1468,1994,9,3293,2164,1129
1468,1994,10,3295,3334,-39
1468,1994,11,3298,2374,924
1468,1994,12,3300,3574,-274
1468,1995,1,3290,7174,-3884
1468,1995,2,3283,3514,-231
1468,1995,3,3282,3304,-22
1468,1995,4,3283,2164,1119
1468,1995,5,3288,2164,1124
1468,1995,6,3272,8014,-4742
1468,1995,7,3273,2164,1109
1468,1995,8,3277,2164,1113
1468,1995,9,3282,2314,968
1468,1995,10,3286,2164,1122
1468,1995,11,3290,2884,406
1468,1995,12,3291,2914,377
1468,1996,1,3284,5404,-2120
1468,1996,2,3285,2164,1121
1468,1996,3,3289,3334,-45
1468,1996,4,3288,3184,104
1468,1996,5,3290,2164,1126
1468,1996,6,3295,2164,1131
1468,1996,7,3298,2584,714
1468,1996,8,3302,2164,1138
1468,1996,9,3307,2164,1143
1468,1996,10,3311,3334,-23
1468,1996,11,3312,2164,1148
1468,1996,12,3312,4234,-922
1468,1997,1,3307,6664,-3357
1468,1997,2,3298,2164,1134
1468,1997,3,3303,2164,1139
1468,1997,4,3306,3244,62
1468,1997,5,3306,2734,572
1468,1997,6,3302,5254,-1952
1468,1997,7,3302,2164,1138
1468,1997,8,3307,2164,1143
1468,1997,9,3312,2164,1148
1468,1997,10,3316,3364,-48
1468,1997,11,3316,2164,1152
1468,1997,12,3321,2824,497
1468,1998,1,3313,7744,-4431
1468,1998,2,3304,2164,1140
1468,1998,3,3309,2164,1145
1468,1998,4,3308,3994,-686
1468,1998,5,3311,2614,697
1468,1998,6,3314,3304,10
1468,1998,7,3314,2164,1150
1468,1998,8,3318,2314,1004
1468,1998,9,3323,2164,1159
1468,1998,10,3327,2164,1163
1468,1998,11,3332,2434,898
1468,1998,12,3336,2449,887
1469,1995,12,1000,0,1000
1469,1996,1,6228,0,6228
1469,1996,2,6228,0,6228
1469,1996,3,6228,0,6228
1469,1996,4,6286,2900,3386
1469,1996,5,6323,7409,-1086
1469,1996,6,6325,9989,-3664
1469,1996,7,6312,3589,2723
1469,1996,8,6319,5289,1030
1469,1996,9,6322,6309,13
1469,1996,10,6328,6489,-161
1469,1996,11,6316,7589,-1273
1469,1996,12,6304,10369,-4065
1469,1997,1,6294,10069,-3775
1469,1997,2,6288,5949,339
1469,1997,3,6291,3589,2702
1469,1997,4,6302,3589,2713
1469,1997,5,6313,3589,2724
1469,1997,6,6324,3589,2735
1469,1997,7,6330,6629,-299
1469,1997,8,6335,3589,2746
1469,1997,9,6346,5429,917
1469,1997,10,6350,3589,2761
1469,1997,11,6356,6989,-633
1469,1997,12,6356,4539,1817
1469,1998,1,6354,11669,-5315
1469,1998,2,6344,3589,2755
1469,1998,3,6355,3589,2766
1469,1998,4,6367,3589,2778
1469,1998,5,6374,7369,-995
1469,1998,6,6364,7439,-1075
1469,1998,7,6370,3589,2781
1469,1998,8,6382,7929,-1547
1469,1998,9,6375,5889,486
1469,1998,10,6378,7989,-1611
1469,1998,11,6369,8389,-2020
1469,1998,12,6361,4174,2187
1470,1994,2,1100,0,1100
1470,1994,3,19787,0,19787
1470,1994,4,12544,3100,9444
1470,1994,5,12562,10800,1762
1470,1994,6,18796,12900,5896
1470,1994,7,12581,15675,-3094
1470,1994,8,12570,15275,-2705
1470,1994,9,12576,9675,2901
1470,1994,10,12584,10875,1709
1470,1994,11,12592,10675,1917
1470,1994,12,18835,10675,8160
1470,1995,1,12596,26875,-14279
1470,1995,2,14287,8375,5912
1470,1995,3,12609,7475,5134
1470,1995,4,12613,13175,-562
1470,1995,5,12615,11675,940
1470,1995,6,21493,29875,-8382
1470,1995,7,12600,9875,2725
1470,1995,8,12613,5975,6638
1470,1995,9,12621,12275,346
1470,1995,10,12628,10375,2253
1470,1995,11,12622,15975,-3353
1470,1995,12,18847,14875,3972
1470,1996,1,12602,27775,-15173
1470,1996,2,12589,4075,8514
1470,1996,3,12611,15675,-3064
1470,1996,4,12605,12875,-270
1470,1996,5,12609,12575,34
1470,1996,6,20911,28875,-7964
1470,1996,7,12577,5475,7102
1470,1996,8,12602,16575,-3973
1470,1996,9,12589,6275,6314
1470,1996,10,12610,13875,-1265
1470,1996,11,12605,15375,-2770
1470,1996,12,18826,17275,1551
1470,1997,1,12592,19075,-6483
1470,1997,2,12573,10375,2198
1470,1997,3,12580,13775,-1195
1470,1997,4,12577,10775,1802
1470,1997,5,12583,15275,-2692
1470,1997,6,18778,22975,-4197
1470,1997,7,12558,7775,4783
1470,1997,8,12574,9875,2699
1470,1997,9,12583,11475,1108
1470,1997,10,12578,18275,-5697
1470,1997,11,12557,14875,-2318
1470,1997,12,18772,20775,-2003
1470,1998,1,12528,20275,-7747
1470,1998,2,12516,7375,5141
1470,1998,3,12534,11075,1459
1470,1998,4,12536,12675,-139
1470,1998,5,12543,8675,3868
1470,1998,6,18787,11975,6812
1470,1998,7,12578,13175,-597
1470,1998,8,12579,10575,2004
1470,1998,9,12590,9775,2815
1470,1998,10,12602,8475,4127
1470,1998,11,12617,9175,3442
1470,1998,12,18873,7260,11613
1471,1996,7,1000,0,1000
1471,1996,8,19429,0,19429
1471,1996,9,18697,8800,9897
1471,1996,10,18732,13200,5532
1471,1996,11,18743,19600,-857
1471,1996,12,28054,31026,-2972
1471,1997,1,18697,34126,-15429
1471,1997,2,18684,15626,3058
1471,1997,3,18694,18026,668
1471,1997,4,18688,22426,-3738
1471,1997,5,18673,20126,-1453
1471,1997,6,27983,28126,-143
1471,1997,7,18663,21826,-3163
1471,1997,8,18655,18726,-71
1471,1997,9,18679,8026,10653
1471,1997,10,18674,28626,-9952
1471,1997,11,18682,8026,10656
1471,1997,12,27985,35026,-7041
1471,1998,1,18646,27826,-9180
1471,1998,2,18624,20726,-2102
1471,1998,3,18639,12126,6513
1471,1998,4,18677,8026,10651
1471,1998,5,18645,36626,-17981
1471,1998,6,27972,8026,19946
1471,1998,7,18651,35926,-17275
1471,1998,8,18658,8026,10632
1471,1998,9,18691,11626,7065
1471,1998,10,18730,12426,6304
1471,1998,11,18757,8026,10731
1471,1998,12,28122,10111,18011
1472,1995,7,900,0,900
1472,1995,8,17787,0,17787
1472,1995,9,8944,1900,7044
1472,1995,10,8974,2000,6974
1472,1995,11,8989,9500,-511
1472,1995,12,13426,11397,2029
1472,1996,1,8993,11617,-2624
1472,1996,2,8988,8817,171
1472,1996,3,8983,11617,-2634
1472,1996,4,11277,12877,-1600
1472,1996,5,8966,11057,-2091
1472,1996,6,13400,9357,4043
1472,1996,7,8975,10217,-1242
1472,1996,8,8969,10577,-1608
1472,1996,9,8973,5917,3056
1472,1996,10,9287,5917,3370
1472,1996,11,8993,8617,376
1472,1996,12,13411,18277,-4866
1472,1997,1,8964,12317,-3353
1472,1997,2,8955,10717,-1762
1472,1997,3,11869,5917,5952
1472,1997,4,8981,7477,1504
1472,1997,5,8977,11017,-2040
1472,1997,6,13419,8317,5102
1472,1997,7,8998,8817,181
1472,1997,8,8997,12877,-3880
1472,1997,9,10094,5917,4177
1472,1997,10,8990,14237,-5247
1472,1997,11,8969,11617,-2648
1472,1997,12,13396,13717,-321
1472,1998,1,8962,9717,-755
1472,1998,2,8955,11217,-2262
1472,1998,3,8944,11417,-2473
1472,1998,4,10738,11797,-1059
1472,1998,5,8941,7717,1224
1472,1998,6,13384,8417,4967
1472,1998,7,8951,12717,-3766
1472,1998,8,8937,12017,-3080
1472,1998,9,8929,10397,-1468
1472,1998,10,11043,5917,5126
1472,1998,11,11466,5917,5549
1472,1998,12,13399,11982,1417
1473,1996,4,600,0,600
1473,1996,5,2976,0,2976
1473,1996,6,2976,0,2976
1473,1996,7,2976,0,2976
1473,1996,8,2976,0,2976
1473,1996,9,3017,1425,1592
1473,1996,10,3038,1999,1039
1473,1996,11,3042,1999,1043
1473,1996,12,3044,2629,415
1473,1997,1,3037,6799,-3762
1473,1997,2,3033,1999,1034
1473,1997,3,3035,2449,586
1473,1997,4,3039,1999,1040
1473,1997,5,3041,3409,-368
1473,1997,6,3039,3889,-850
1473,1997,7,3039,1999,1040
1473,1997,8,3043,1999,1044
1473,1997,9,3047,1999,1048
1473,1997,10,3052,1999,1053
1473,1997,11,3056,1999,1057
1473,1997,12,3058,2809,249
1473,1998,1,3050,6259,-3209
1473,1998,2,3048,1999,1049
1473,1998,3,3052,1999,1053
1473,1998,4,3057,1999,1058
1473,1998,5,3061,2239,822
1473,1998,6,3047,8809,-5762
1473,1998,7,3040,2329,711
1473,1998,8,3044,1999,1045
1473,1998,9,3048,1999,1049
1473,1998,10,3052,1999,1053
1473,1998,11,3057,1999,1058
1473,1998,12,3058,2554,504
1474,1996,9,900,0,900
1474,1996,10,4043,0,4043
1474,1996,11,4043,0,4043
1474,1996,12,4043,0,4043
1474,1997,1,4043,0,4043
1474,1997,2,4106,2710,1396
1474,1997,3,4125,2710,1415
1474,1997,4,4125,4470,-345
1474,1997,5,4128,3510,618
1474,1997,6,4125,5010,-885
1474,1997,7,4128,2710,1418
1474,1997,8,4133,5030,-897
1474,1997,9,4130,5350,-1220
1474,1997,10,4125,2710,1415
1474,1997,11,4124,4630,-506
1474,1997,12,4129,3010,1119
1474,1998,1,4115,11670,-7555
1474,1998,2,4111,2710,1401
1474,1998,3,4108,2710,1398
1474,1998,4,4114,2710,1404
1474,1998,5,4129,2710,1419
1474,1998,6,4120,4230,-110
1474,1998,7,4125,2710,1415
1474,1998,8,4131,2710,1421
1474,1998,9,4127,6790,-2663
1474,1998,10,4121,4110,11
1474,1998,11,4135,2710,1425
1474,1998,12,4133,3445,688
1475,1993,6,200,0,200
1475,1993,7,23007,0,23007
1475,1993,8,20676,9300,11376
1475,1993,9,20709,15200,5509
1475,1993,10,20726,17400,3326
1475,1993,11,20722,38930,-18208
1475,1993,12,30964,23030,7934
1475,1994,1,20626,54821,-34195
1475,1994,2,23919,33,23886
1475,1994,3,20651,22296,-1645
1475,1994,4,20666,18130,2536
1475,1994,5,20648,25495,-4847
1475,1994,6,31527,25230,6297
1475,1994,7,20692,20130,562
1475,1994,8,20682,21038,-356
1475,1994,9,20682,18512,2170
1475,1994,10,20651,33308,-12657
1475,1994,11,20629,19730,899
1475,1994,12,30932,32519,-1587
1475,1995,1,22587,37834,-15247
1475,1995,2,37077,5132,31945
1475,1995,3,20676,31981,-11305
1475,1995,4,20706,6130,14576
1475,1995,5,20754,24730,-3976
1475,1995,6,36684,56701,-20017
1475,1995,7,25965,33083,-7118
1475,1995,8,29971,30,29941
1475,1995,9,20744,25877,-5133
1475,1995,10,21255,29801,-8546
1475,1995,11,24765,14430,10335
1475,1995,12,31965,36074,-4109
1475,1996,1,31936,41240,-9304
1475,1996,2,31502,27267,4235
1475,1996,3,22161,17730,4431
1475,1996,4,20692,11130,9562
1475,1996,5,20695,21801,-1106
1475,1996,6,30988,29963,1025
1475,1996,7,20683,28501,-7818
1475,1996,8,20675,18569,2106
1475,1996,9,20687,19430,1257
1475,1996,10,20680,22716,-2036
1475,1996,11,20697,14430,6267
1475,1996,12,31045,20830,10215
1475,1997,1,37054,71341,-34287
1475,1997,2,30102,19336,10766
1475,1997,3,28538,24962,3576
1475,1997,4,20664,6630,14034
1475,1997,5,20731,23930,-3199
1475,1997,6,47883,61176,-13293
1475,1997,7,20660,4230,16430
1475,1997,8,27075,38837,-11762
1475,1997,9,23266,24330,-1064
1475,1997,10,25967,36697,-10730
1475,1997,11,24220,31165,-6945
1475,1997,12,30931,5430,25501
1475,1998,1,30620,63370,-32750
1475,1998,2,30690,31566,-876
1475,1998,3,32902,36,32866
1475,1998,4,20688,30281,-9593
1475,1998,5,20675,2630,18045
1475,1998,6,30973,53150,-22177
1475,1998,7,30549,22589,7960
1475,1998,8,20692,6268,14424
1475,1998,9,20734,16611,4123
1475,1998,10,20730,30381,-9651
1475,1998,11,20722,9030,11692
1475,1998,12,31019,41800,-10781
1476,1993,4,200,0,200
1476,1993,5,6411,0,6411
1476,1993,6,6411,0,6411
1476,1993,7,6411,0,6411
1476,1993,8,6438,1200,5238
1476,1993,9,6519,5482,1037
1476,1993,10,6528,3982,2546
1476,1993,11,6533,8382,-1849
1476,1993,12,6521,12262,-5741
1476,1994,1,6470,14512,-8042
1476,1994,2,6474,3482,2992
1476,1994,3,6486,3482,3004
1476,1994,4,6497,5082,1415
1476,1994,5,6504,3782,2722
1476,1994,6,6515,12582,-6067
1476,1994,7,6480,6602,-122
1476,1994,8,6487,5642,845
1476,1994,9,6500,3582,2918
1476,1994,10,6506,3682,2824
1476,1994,11,6514,5582,932
1476,1994,12,6516,6132,384
1476,1995,1,6497,15932,-9435
1476,1995,2,6485,4882,1603
1476,1995,3,6484,6782,-298
1476,1995,4,6479,7742,-1263
1476,1995,5,6483,6462,21
1476,1995,6,6484,3482,3002
1476,1995,7,6488,7062,-574
1476,1995,8,6489,5682,807
1476,1995,9,6494,6182,312
1476,1995,10,6495,4982,1513
1476,1995,11,6489,8222,-1733
1476,1995,12,6485,9732,-3247
1476,1996,1,6473,8102,-1629
1476,1996,2,6477,5722,755
1476,1996,3,6470,7982,-1512
1476,1996,4,6470,5482,988
1476,1996,5,6478,3482,2996
1476,1996,6,6481,6682,-201
1476,1996,7,6476,8482,-2006
1476,1996,8,6470,7382,-912
1476,1996,9,6465,7282,-817
1476,1996,10,6466,6082,384
1476,1996,11,6475,7082,-607
1476,1996,12,6460,7282,-822
1476,1997,1,6468,4442,2026
1476,1997,2,6478,3482,2996
1476,1997,3,6482,6202,280
1476,1997,4,6491,3482,3009
1476,1997,5,6504,3482,3022
1476,1997,6,6490,14382,-7892
1476,1997,7,6484,3482,3002
1476,1997,8,6496,3482,3014
1476,1997,9,6494,11082,-4588
1476,1997,10,6501,3482,3019
1476,1997,11,6479,11082,-4603
1476,1997,12,6482,8382,-1900
1476,1998,1,6471,5442,1029
1476,1998,2,6475,4682,1793
1476,1998,3,6487,6582,-95
1476,1998,4,6496,8562,-2066
1476,1998,5,6489,3482,3007
1476,1998,6,6481,6482,-1
1476,1998,7,6492,5882,610
1476,1998,8,6488,10182,-3694
1476,1998,9,6481,7342,-861
1476,1998,10,6482,3882,2600
1476,1998,11,6482,5282,1200
1476,1998,12,6496,6017,479
1477,1993,2,3861,0,3861
1477,1993,3,3164,0,3164
1477,1993,4,3164,0,3164
1477,1993,5,3164,0,3164
1477,1993,6,3166,15,3151
1477,1993,7,3223,2115,1108
1477,1993,8,3228,2115,1113
1477,1993,9,3229,3225,4
1477,1993,10,3233,2115,1118
1477,1993,11,3235,3405,-170
1477,1993,12,3236,2325,911
1477,1994,1,3232,4785,-1553
1477,1994,2,3234,2115,1119
1477,1994,3,3235,3415,-180
1477,1994,4,3238,2115,1123
1477,1994,5,3241,2215,1026
1477,1994,6,3247,2115,1132
1477,1994,7,3238,5745,-2507
1477,1994,8,3241,2115,1126
1477,1994,9,3239,4575,-1336
1477,1994,10,3240,5115,-1875
1477,1994,11,3223,4695,-1472
1477,1994,12,3225,5095,-1870
1477,1995,1,3209,6985,-3776
1477,1995,2,3202,3115,87
1477,1995,3,3203,2115,1088
1477,1995,4,3207,2115,1092
1477,1995,5,3209,4955,-1746
1477,1995,6,3204,3115,89
1477,1995,7,3205,2115,1090
1477,1995,8,3208,4415,-1207
1477,1995,9,3204,2115,1089
1477,1995,10,3209,2115,1094
1477,1995,11,3213,2115,1098
1477,1995,12,3217,2805,412
1477,1996,1,3212,4845,-1633
1477,1996,2,3213,2115,1098
1477,1996,3,3216,2385,831
1477,1996,4,3216,3885,-669
1477,1996,5,3218,2115,1103
1477,1996,6,3222,2115,1107
1477,1996,7,3224,3555,-331
1477,1996,8,3225,2115,1110
1477,1996,9,3230,2115,1115
1477,1996,10,3233,3105,128
1477,1996,11,3228,5475,-2247
1477,1996,12,3225,2295,930
1477,1997,1,3222,5655,-2433
1477,1997,2,3219,3135,84
1477,1997,3,3220,2115,1105
1477,1997,4,3224,2115,1109
1477,1997,5,3229,2115,1114
1477,1997,6,3233,2115,1118
1477,1997,7,3238,2115,1123
1477,1997,8,3243,2115,1128
1477,1997,9,3247,2115,1132
1477,1997,10,3251,2295,956
1477,1997,11,3256,3495,-239
1477,1997,12,3253,2895,358
1477,1998,1,3247,5145,-1898
1477,1998,2,3248,2115,1133
1477,1998,3,3235,9415,-6180
1477,1998,4,3216,6415,-3199
1477,1998,5,3214,2115,1099
1477,1998,6,3218,2115,1103
1477,1998,7,3222,3465,-243
1477,1998,8,3222,2115,1107
1477,1998,9,3226,2115,1111
1477,1998,10,3231,2115,1116
1477,1998,11,3235,2115,1120
1477,1998,12,3240,2640,600
1478,1996,10,900,0,900
1478,1996,11,15424,0,15424
1478,1996,12,47699,21100,26599
1478,1997,1,179,6500,-6321
1478,1997,2,179,5200,-5021
1478,1997,3,78073,63415,14658
1478,1997,4,3934,23046,-19112
1478,1997,5,10112,11946,-1834
1478,1997,6,91499,58420,33079
1478,1997,7,37378,30246,7132
1478,1997,8,260,15646,-15386
1478,1997,9,13805,16246,-2441
1478,1997,10,111433,91946,19487
1478,1997,11,67606,63546,4060
1478,1997,12,12267,28246,-15979
1478,1998,1,11725,38518,-26793
1478,1998,2,13420,11946,1474
1478,1998,3,16993,18660,-1667
1478,1998,4,19996,16746,3250
1478,1998,5,20341,11946,8395
1478,1998,6,20867,17669,3198
1478,1998,7,36826,31352,5474
1478,1998,8,50226,49320,906
1478,1998,9,68342,11946,56396
1478,1998,10,39246,78646,-39400
1478,1998,11,11675,11946,-271
1478,1998,12,39179,23031,16148
1479,1995,4,3958,0,3958
1479,1995,5,12905,0,12905
1479,1995,6,4429,0,4429
1479,1995,7,4147,0,4147
1479,1995,8,3346,5047,-1701
1479,1995,9,5255,2177,3078
1479,1995,10,3357,6477,-3120
1479,1995,11,4846,2177,2669
1479,1995,12,3356,3847,-491
1479,1996,1,7946,7217,729
1479,1996,2,5058,2177,2881
1479,1996,3,3367,4637,-1270
1479,1996,4,3364,3477,-113
1479,1996,5,3363,3877,-514
1479,1996,6,5752,6107,-355
1479,1996,7,4559,3077,1482
1479,1996,8,4968,2177,2791
1479,1996,9,3377,3477,-100
1479,1996,10,3373,6727,-3354
1479,1996,11,4165,2177,1988
1479,1996,12,3369,4537,-1168
1479,1997,1,3759,8267,-4508
1479,1997,2,4749,3287,1462
1479,1997,3,3350,6377,-3027
1479,1997,4,3339,5557,-2218
1479,1997,5,3333,2177,1156
1479,1997,6,3337,4307,-970
1479,1997,7,3329,5677,-2348
1479,1997,8,3317,6197,-2880
1479,1997,9,4814,2177,2637
1479,1997,10,3321,2877,444
1479,1997,11,3320,4777,-1457
1479,1997,12,3314,4647,-1333
1479,1998,1,5813,4967,846
1479,1998,2,3314,2877,437
1479,1998,3,3317,2577,740
1479,1998,4,4623,2177,2446
1479,1998,5,3324,5777,-2453
1479,1998,6,4912,7337,-2425
1479,1998,7,3307,3877,-570
1479,1998,8,3300,5617,-2317
1479,1998,9,3297,2757,540
1479,1998,10,3300,2177,1123
1479,1998,11,3305,2177,1128
1479,1998,12,3308,3632,-324
1480,1996,7,800,0,800
1480,1996,8,9800,0,9800
1480,1996,9,4500,0,4500
1480,1996,10,15274,400,14874
1480,1996,12,125,2100,-1975
1480,1997,1,14140,7200,6940
1480,1997,2,144,6800,-6656
1480,1997,3,101564,81730,19834
1480,1997,4,79492,72830,6662
1480,1997,5,77502,92430,-14928
1480,1997,6,163,8730,-8567
1480,1997,7,69851,44130,25721
1480,1997,8,222,22930,-22708
1480,1997,9,53133,31772,21361
1480,1997,10,80633,75130,5503
1480,1997,11,28692,29630,-938
1480,1997,12,48502,50930,-2428
1480,1998,1,37749,70858,-33109
1480,1998,2,42561,3455,39106
1480,1998,3,41937,63855,-21918
1480,1998,4,21092,28364,-7272
1480,1998,5,3430,12357,-8927
1480,1998,6,2706,3455,-749
1480,1998,7,77607,31895,45712
1480,1998,8,59744,78155,-18411
1480,1998,9,82741,50824,31917
1480,1998,10,102081,121555,-19474
1480,1998,11,238,20355,-20117
1480,1998,12,150,15025,-14875
1481,1993,1,1000,0,1000
1481,1993,2,3098,0,3098
1481,1993,3,3098,0,3098
1481,1993,4,3098,0,3098
1481,1993,5,3098,0,3098
1481,1993,6,3125,4305,-1180
1481,1993,7,3152,2080,1072
1481,1993,8,3156,2080,1076
1481,1993,9,3160,2500,660
1481,1993,10,3163,2710,453
1481,1993,11,3165,2080,1085
1481,1993,12,3167,3490,-323
1481,1994,1,3157,6250,-3093
1481,1994,2,3155,2080,1075
1481,1994,3,3158,3430,-272
1481,1994,4,3159,2080,1079
1481,1994,5,3163,2080,1083
1481,1994,6,3158,4090,-932
1481,1994,7,3159,4360,-1201
1481,1994,8,3159,2080,1079
1481,1994,9,3163,2080,1083
1481,1994,10,3168,2080,1088
1481,1994,11,3172,2080,1092
1481,1994,12,3176,2680,496
1481,1995,1,3172,5140,-1968
1481,1995,2,3171,2080,1091
1481,1995,3,3175,2080,1095
1481,1995,4,3180,2080,1100
1481,1995,5,3180,3460,-280
1481,1995,6,3183,2080,1103
1481,1995,7,3186,3250,-64
1481,1995,8,3185,2290,895
1481,1995,9,3191,2080,1111
1481,1995,10,3189,3740,-551
1481,1995,11,3193,2080,1113
1481,1995,12,3198,2290,908
1481,1996,1,3189,7070,-3881
1481,1996,2,3169,6030,-2861
1481,1996,3,3174,2080,1094
1481,1996,4,3178,2080,1098
1481,1996,5,3183,2080,1103
1481,1996,6,3182,6040,-2858
1481,1996,7,3174,2680,494
1481,1996,8,3177,2080,1097
1481,1996,9,3181,3040,141
1481,1996,10,3178,3340,-162
1481,1996,11,3182,2080,1102
1481,1996,12,3182,2940,242
1481,1997,1,3171,8290,-5119
1481,1997,2,3165,2440,725
1481,1997,3,3169,2080,1089
1481,1997,4,3173,3070,103
1481,1997,5,3166,3460,-294
1481,1997,6,3172,2080,1092
1481,1997,7,3177,2080,1097
1481,1997,8,3181,2080,1101
1481,1997,9,3186,2080,1106
1481,1997,10,3190,2080,1110
1481,1997,11,3195,2080,1115
1481,1997,12,3195,3550,-355
1481,1998,1,3180,7450,-4270
1481,1998,2,3180,2080,1100
1481,1998,3,3184,3490,-306
1481,1998,4,3183,2080,1103
1481,1998,5,3188,2080,1108
1481,1998,6,3177,6970,-3793
1481,1998,7,3174,3340,-166
1481,1998,8,3176,2080,1096
1481,1998,9,3180,2080,1100
1481,1998,10,3179,3040,139
1481,1998,11,3180,5080,-1900
1481,1998,12,3172,2785,387
1482,1996,12,500,0,500
1482,1997,1,24460,0,24460
1482,1997,2,23215,12800,10415
1482,1997,3,23240,17800,5440
1482,1997,4,23244,23600,-356
1482,1997,5,23227,29003,-5776
1482,1997,6,34767,46003,-11236
1482,1997,7,23210,14803,8407
1482,1997,8,23778,4803,18975
1482,1997,9,23318,15403,7915
1482,1997,10,23324,24403,-1079
1482,1997,11,23329,20403,2926
1482,1997,12,34887,33703,1184
1482,1998,1,23291,37403,-14112
1482,1998,2,23277,22703,574
1482,1998,3,23304,16103,7201
1482,1998,4,23313,22103,1210
1482,1998,5,23304,26303,-2999
1482,1998,6,34849,36803,-1954
1482,1998,7,23309,32903,-9594
1482,1998,8,23301,21003,2298
1482,1998,9,23308,22003,1305
1482,1998,10,23315,19503,3812
1482,1998,11,23328,22703,625
1482,1998,12,34908,6688,28220
1483,1996,1,7414,0,7414
1483,1996,2,12857,0,12857
1483,1996,3,8802,0,8802
1483,1996,4,7131,800,6331
1483,1996,5,7146,5615,1531
1483,1996,6,10633,12778,-2145
1483,1996,7,7122,15238,-8116
1483,1996,8,7100,7478,-378
1483,1996,9,8713,4678,4035
1483,1996,10,7109,11758,-4649
1483,1996,11,7090,9378,-2288
1483,1996,12,10596,7798,2798
1483,1997,1,7084,15998,-8914
1483,1997,2,9074,8758,316
1483,1997,3,7673,4678,2995
1483,1997,4,7077,6778,299
1483,1997,5,7988,4678,3310
1483,1997,6,10593,9418,1175
1483,1997,7,7605,10438,-2833
1483,1997,8,15107,4678,10429
1483,1997,9,7335,4678,2657
1483,1997,10,9947,4678,5269
1483,1997,11,7161,9638,-2477
1483,1997,12,10960,8998,1962
1483,1998,1,15131,31278,-16147
1483,1998,2,15199,5278,9921
1483,1998,3,7941,4678,3263
1483,1998,4,9054,4678,4376
1483,1998,5,7171,7478,-307
1483,1998,6,24019,37278,-13259
1483,1998,7,16322,4678,11644
1483,1998,8,13468,6598,6870
1483,1998,9,12997,4678,8319
1483,1998,10,9930,4678,5252
1483,1998,11,7343,8398,-1055
1483,1998,12,10738,11703,-965
1484,1996,9,200,0,200
1484,1996,10,6612,0,6612
1484,1996,11,6612,0,6612
1484,1996,12,6612,0,6612
1484,1997,1,6612,0,6612
1484,1997,2,6691,3209,3482
1484,1997,3,6739,9555,-2816
1484,1997,4,6725,7075,-350
1484,1997,5,6732,5255,1477
1484,1997,6,6733,12905,-6172
1484,1997,7,6714,5155,1559
1484,1997,8,6713,7575,-862
1484,1997,9,6710,7855,-1145
1484,1997,10,6713,3155,3558
1484,1997,11,6723,5955,768
1484,1997,12,6727,7205,-478
1484,1998,1,6711,13105,-6394
1484,1998,2,6701,6275,426
1484,1998,3,6705,3155,3550
1484,1998,4,6719,3155,3564
1484,1998,5,6734,3155,3579
1484,1998,6,6736,6655,81
1484,1998,7,6749,3155,3594
1484,1998,8,6750,10075,-3325
1484,1998,9,6744,5455,1289
1484,1998,10,6737,10615,-3878
1484,1998,11,6739,3155,3584
1484,1998,12,6753,4340,2413
1485,1993,10,24505,0,24505
1485,1993,11,24908,0,24908
1485,1993,12,35418,11600,23818
1485,1994,1,23727,48600,-24873
1485,1994,2,23672,9500,14172
1485,1994,3,23669,27200,-3531
1485,1994,4,23662,25000,-1338
1485,1994,5,23646,39600,-15954
1485,1994,6,35354,43600,-8246
1485,1994,7,23611,19800,3811
1485,1994,8,23624,21600,2024
1485,1994,9,23632,22700,932
1485,1994,10,23633,24300,-667
1485,1994,11,23631,21800,1831
1485,1994,12,35380,28900,6480
1485,1995,1,23634,32700,-9066
1485,1995,2,23627,19100,4527
1485,1995,3,23638,22000,1638
1485,1995,4,23650,23000,650
1485,1995,5,23652,21300,2352
1485,1995,6,35320,46400,-11080
1485,1995,7,23619,16100,7519
1485,1995,8,23633,26000,-2367
1485,1995,9,23636,17800,5836
1485,1995,10,23655,21300,2355
1485,1995,11,23663,22700,963
1485,1995,12,35408,27500,7908
1485,1996,1,23666,45300,-21634
1485,1996,2,23607,21300,2307
1485,1996,3,23626,15300,8326
1485,1996,4,23652,21000,2652
1485,1996,5,23665,18800,4865
1485,1996,6,35383,34400,983
1485,1996,7,23692,16300,7392
1485,1996,8,23715,19200,4515
1485,1996,9,23725,23400,325
1485,1996,10,23730,20700,3030
1485,1996,11,23743,20400,3343
1485,1996,12,35494,29100,6394
1485,1997,1,23768,29600,-5832
1485,1997,2,23752,24000,-248
1485,1997,3,23768,15300,8468
1485,1997,4,23792,19700,4092
1485,1997,5,23803,22300,1503
1485,1997,6,35476,49200,-13724
1485,1997,7,23774,11900,11874
1485,1997,8,23810,16800,7010
1485,1997,9,33164,50300,-17136
1485,1997,10,23778,13200,10578
1485,1997,11,23827,10100,13727
1485,1997,12,35554,38100,-2546
1485,1998,1,23832,29400,-5568
1485,1998,2,23840,12900,10940
1485,1998,3,39667,60900,-21233
1485,1998,4,27027,6300,20727
1485,1998,5,30126,35900,-5774
1485,1998,6,40116,65400,-25284
1485,1998,7,35001,9600,25401
1485,1998,8,48292,57100,-8808
1485,1998,9,27056,6300,20756
1485,1998,10,49811,69900,-20089
1485,1998,11,33783,6300,27483
1485,1998,12,61297,69885,-8588
1486,1996,1,400,0,400
1486,1996,2,23562,0,23562
1486,1996,3,23537,10400,13137
1486,1996,4,23617,17200,6417
1486,1996,5,23620,22600,1020
1486,1996,6,35334,30250,5084
1486,1996,7,23616,20733,2883
1486,1996,8,23623,23533,90
1486,1996,9,23619,24033,-414
1486,1996,10,23617,24333,-716
1486,1996,11,23609,25233,-1624
1486,1996,12,35336,26233,9103
1486,1997,1,23619,29733,-6114
1486,1997,2,23598,26933,-3335
1486,1997,3,23606,23333,273
1486,1997,4,23600,25333,-1733
1486,1997,5,23605,24533,-928
1486,1997,6,35292,32833,2459
1486,1997,7,23595,26133,-2538
1486,1997,8,23581,25733,-2152
1486,1997,9,23585,20833,2752
1486,1997,10,23605,19933,3672
1486,1997,11,23606,22633,973
1486,1997,12,35341,24133,11208
1486,1998,1,23636,31033,-7397
1486,1998,2,23638,19533,4105
1486,1998,3,23656,18633,5023
1486,1998,4,23656,28633,-4977
1486,1998,5,23637,26233,-2596
1486,1998,6,35366,43333,-7967
1486,1998,7,23610,19233,4377
1486,1998,8,23618,24433,-815
1486,1998,9,23616,23333,283
1486,1998,10,23582,39533,-15951
1486,1998,11,23594,22533,1061
1486,1998,12,35342,8618,26724
1487,1993,9,4416,0,4416
1487,1993,10,3324,0,3324
1487,1993,11,3324,0,3324
1487,1993,12,3324,0,3324
1487,1994,1,3340,2025,1315
1487,1994,2,3374,2219,1155
1487,1994,3,3379,2219,1160
1487,1994,4,3384,2219,1165
1487,1994,5,3389,2219,1170
1487,1994,6,3391,3569,-178
1487,1994,7,3392,3569,-177
1487,1994,8,3392,2219,1173
1487,1994,9,3395,3479,-84
1487,1994,10,3394,3179,215
1487,1994,11,3397,2219,1178
1487,1994,12,3402,2639,763
1487,1995,1,3397,5369,-1972
1487,1995,2,3397,2219,1178
1487,1995,3,3402,2219,1183
1487,1995,4,3407,2219,1188
1487,1995,5,3408,3569,-161
1487,1995,6,3411,2219,1192
1487,1995,7,3416,2219,1197
1487,1995,8,3417,4019,-602
1487,1995,9,3419,4719,-1300
1487,1995,10,3417,5699,-2282
1487,1995,11,3401,3689,-288
1487,1995,12,3402,3669,-267
1487,1996,1,3392,5619,-2227
1487,1996,2,3392,2219,1173
1487,1996,3,3397,2219,1178
1487,1996,4,3400,2679,721
1487,1996,5,3400,4319,-919
1487,1996,6,3397,5289,-1892
1487,1996,7,3390,5629,-2239
1487,1996,8,3383,2459,924
1487,1996,9,3387,2819,568
1487,1996,10,3390,2219,1171
1487,1996,11,3394,2219,1175
1487,1996,12,3398,2759,639
1487,1997,1,3393,6359,-2966
1487,1997,2,3385,3839,-454
1487,1997,3,3389,2489,900
1487,1997,4,3388,2609,779
1487,1997,5,3394,2219,1175
1487,1997,6,3399,2519,880
1487,1997,7,3403,2219,1184
1487,1997,8,3406,3019,387
1487,1997,9,3409,2219,1190
1487,1997,10,3414,2219,1195
1487,1997,11,3419,2219,1200
1487,1997,12,3423,2669,754
1487,1998,1,3415,5399,-1984
1487,1998,2,3419,2219,1200
1487,1998,3,3420,3299,121
1487,1998,4,3422,4859,-1437
1487,1998,5,3414,4419,-1005
1487,1998,6,3411,3419,-8
1487,1998,7,3413,3149,264
1487,1998,8,3413,3869,-456
1487,1998,9,3412,3269,143
1487,1998,10,3413,2459,954
1487,1998,11,3417,2219,1198
1487,1998,12,3422,2654,768
1488,1997,4,700,0,700
1488,1997,5,13343,0,13343
1488,1997,6,16620,3600,13020
1488,1997,7,11151,7900,3251
1488,1997,8,11163,10900,263
1488,1997,9,11172,16665,-5493
1488,1997,10,11159,17695,-6536
1488,1997,11,11126,10695,431
1488,1997,12,16658,14495,2163
1488,1998,1,11109,19595,-8486
1488,1998,2,11095,10395,700
1488,1998,3,11106,7695,3411
1488,1998,4,11115,10395,720
1488,1998,5,11116,11695,-579
1488,1998,6,18744,14295,4449
1488,1998,7,11138,7895,3243
1488,1998,8,11152,7895,3257
1488,1998,9,11160,12195,-1035
1488,1998,10,11155,11995,-840
1488,1998,11,11147,13395,-2248
1488,1998,12,16695,8780,7915
1490,1996,7,47412,0,47412
1490,1996,8,25734,24600,1134
1490,1996,9,143162,115215,27947
1490,1996,10,238692,234757,3935
1490,1996,11,79354,102815,-23461
1490,1996,12,7391,22115,-14724
1490,1997,1,63533,46415,17118
1490,1997,2,204,23402,-23198
1490,1997,3,46953,27315,19638
1490,1997,4,54898,38979,15919
1490,1997,5,257,27929,-27672
1490,1997,6,35931,47121,-11190
1490,1997,7,136,5815,-5679
1490,1997,8,30401,9715,20686
1490,1997,9,36270,33615,2655
1490,1997,10,25908,29315,-3407
1490,1997,11,171,19580,-19409
1490,1997,12,113,9815,-9702
1490,1998,1,31300,20115,11185
1490,1998,2,40542,15085,25457
1490,1998,3,36377,55215,-18838
1490,1998,4,147,10615,-10468
1490,1998,5,20555,2415,18140
1490,1998,6,179,6515,-6336
1490,1998,7,16789,11461,5328
1490,1998,8,174,9815,-9641
1490,1998,9,134,10015,-9881
1490,1998,10,93,7015,-6922
1490,1998,11,25357,16115,9242
1490,1998,12,71889,23100,48789
1491,1997,6,21204,0,21204
1491,1997,7,13552,1900,11652
1491,1997,8,13590,6200,7390
1491,1997,9,13615,8400,5215
1491,1997,10,13642,6415,7227
1491,1997,11,13643,17781,-4138
1491,1997,12,20365,13901,6464
1491,1998,1,13629,32001,-18372
1491,1998,2,17712,6981,10731
1491,1998,3,13628,14781,-1153
1491,1998,4,13638,8981,4657
1491,1998,5,13651,13581,70
1491,1998,6,20337,51161,-30824
1491,1998,7,27467,10581,16886
1491,1998,8,17113,7581,9532
1491,1998,9,13630,14761,-1131
1491,1998,10,13621,19161,-5540
1491,1998,11,15621,6981,8640
1491,1998,12,20362,17466,2896
1492,1996,10,800,0,800
1492,1996,11,4733,0,4733
1492,1996,12,4733,0,4733
1492,1997,1,4733,0,4733
1492,1997,2,4733,0,4733
1492,1997,3,4789,1561,3228
1492,1997,4,4827,5561,-734
1492,1997,5,4813,10701,-5888
1492,1997,6,4796,8461,-3665
1492,1997,7,4794,1561,3233
1492,1997,8,4799,4961,-162
1492,1997,9,4798,6521,-1723
1492,1997,10,4799,1561,3238
1492,1997,11,4799,7821,-3022
1492,1997,12,4788,6801,-2013
1492,1998,1,4790,3941,849
1492,1998,2,4795,1561,3234
1492,1998,3,4809,1561,3248
1492,1998,4,4822,1561,3261
1492,1998,5,4836,1561,3275
1492,1998,6,4816,15321,-10505
1492,1998,7,4806,1561,3245
1492,1998,8,4819,1561,3258
1492,1998,9,4832,1561,3271
1492,1998,10,4846,1561,3285
1492,1998,11,4856,3641,1215
1492,1998,12,4856,5496,-640
1493,1993,1,5222,0,5222
1493,1993,2,5031,0,5031
1493,1993,3,5031,0,5031
1493,1993,4,5031,0,5031
1493,1993,5,5033,15,5018
1493,1993,6,5086,15080,-9994
1493,1993,7,5080,2330,2750
1493,1993,8,5086,4650,436
1493,1993,9,5083,5690,-607
1493,1993,10,5090,2330,2760
1493,1993,11,5102,2330,2772
1493,1993,12,5112,3430,1682
1493,1994,1,5095,10760,-5665
1493,1994,2,5096,2330,2766
1493,1994,3,5108,2330,2778
1493,1994,4,5110,5770,-660
1493,1994,5,5115,3370,1745
1493,1994,6,5123,12530,-7407
1493,1994,7,5093,2330,2763
1493,1994,8,5105,2330,2775
1493,1994,9,5115,4010,1105
1493,1994,10,5121,5930,-809
1493,1994,11,5117,4330,787
1493,1994,12,5118,6330,-1212
1493,1995,1,5111,5080,31
1493,1995,2,5115,7230,-2115
1493,1995,3,5107,2530,2577
1493,1995,4,5116,7230,-2114
1493,1995,5,5092,9430,-4338
1493,1995,6,5091,2330,2761
1493,1995,7,5100,5630,-530
1493,1995,8,5097,5870,-773
1493,1995,9,5095,4690,405
1493,1995,10,5098,2330,2768
1493,1995,11,5108,4030,1078
1493,1995,12,5109,5730,-621
1493,1996,1,5105,8800,-3695
1493,1996,2,5093,5430,-337
1493,1996,3,5089,7290,-2201
1493,1996,4,5083,4130,953
1493,1996,5,5084,6930,-1846
1493,1996,6,5074,7330,-2256
1493,1996,7,5067,6430,-1363
1493,1996,8,5067,2330,2737
1493,1996,9,5078,2330,2748
1493,1996,10,5082,6830,-1748
1493,1996,11,5075,6230,-1155
1493,1996,12,5076,2930,2146
1493,1997,1,5080,4490,590
1493,1997,2,5077,8430,-3353
1493,1997,3,5074,2330,2744
1493,1997,4,5073,9030,-3957
1493,1997,5,5069,2330,2739
1493,1997,6,5069,8030,-2961
1493,1997,7,5068,2330,2738
1493,1997,8,5068,7630,-2562
1493,1997,9,5069,2330,2739
1493,1997,10,5078,3770,1308
1493,1997,11,5074,7230,-2156
1493,1997,12,5076,3130,1946
1493,1998,1,5076,6430,-1354
1493,1998,2,5075,4890,185
1493,1998,3,5067,7330,-2263
1493,1998,4,5070,2330,2740
1493,1998,5,5081,2330,2751
1493,1998,6,5090,4410,680
1493,1998,7,5094,3030,2064
1493,1998,8,5088,8130,-3042
1493,1998,9,5087,3830,1257
1493,1998,10,5089,4830,259
1493,1998,11,5088,7290,-2202
1493,1998,12,5078,5665,-587
1494,1997,10,24629,0,24629
1494,1997,11,24831,0,24831
1494,1997,12,35769,11600,24169
1494,1998,1,23984,20400,3584
1494,1998,2,23995,22215,1780
1494,1998,3,24002,22415,1587
1494,1998,4,24002,27415,-3413
1494,1998,5,23985,28915,-4930
1494,1998,6,35830,35915,-85
1494,1998,7,23966,25415,-1449
1494,1998,8,23964,25615,-1651
1494,1998,9,23962,21915,2047
1494,1998,10,23964,24715,-751
1494,1998,11,23967,21915,2052
1494,1998,12,35798,28500,7298
1495,1993,11,24708,0,24708
1495,1993,12,38819,21700,17119
1495,1994,1,24494,21100,3394
1495,1994,2,24507,0,24507
1495,1994,3,24595,48744,-24149
1495,1994,4,24597,23544,1053
1495,1994,5,24573,28284,-3711
1495,1994,6,36752,31144,5608
1495,1994,7,24572,29264,-4692
1495,1994,8,24556,24244,312
1495,1994,9,24557,23844,713
1495,1994,10,24558,24004,554
1495,1994,11,24559,23844,715
1495,1994,12,36747,36924,-177
1495,1995,1,24551,31204,-6653
1495,1995,2,24533,20844,3689
1495,1995,3,24548,26284,-1736
1495,1995,4,24526,26644,-2118
1495,1995,5,24531,20744,3787
1495,1995,6,36745,27964,8781
1495,1995,7,24577,24444,133
1495,1995,8,24572,26644,-2072
1495,1995,9,24569,22384,2185
1495,1995,10,24575,22164,2411
1495,1995,11,24583,22544,2039
1495,1995,12,36775,29644,7131
1495,1996,1,24597,35124,-10527
1495,1996,2,24574,21844,2730
1495,1996,3,24576,26784,-2208
1495,1996,4,24569,25344,-775
1495,1996,5,24566,24744,-178
1495,1996,6,36743,34344,2399
1495,1996,7,24578,28044,-3466
1495,1996,8,24555,24444,111
1495,1996,9,24543,29444,-4901
1495,1996,10,24535,24844,-309
1495,1996,11,24532,22944,1588
1495,1996,12,36722,35944,778
1495,1997,1,24542,37344,-12802
1495,1997,2,24479,25144,-665
1495,1997,3,24483,23644,839
1495,1997,4,24478,26444,-1966
1495,1997,5,24523,22944,1579
1495,1997,6,36663,29344,7319
1495,1997,7,24499,27744,-3245
1495,1997,8,24484,27344,-2860
1495,1997,9,24460,30444,-5984
1495,1997,10,24446,30444,-5998
1495,1997,11,24419,26144,-1725
1495,1997,12,36588,39144,-2556
1495,1998,1,24411,24844,-433
1495,1998,2,24403,23944,459
1495,1998,3,24404,24944,-540
1495,1998,4,24411,21044,3367
1495,1998,5,24409,26144,-1735
1495,1998,6,36584,31344,5240
1495,1998,7,24414,31644,-7230
1495,1998,8,24387,27944,-3557
1495,1998,9,24386,23944,442
1495,1998,10,24383,25444,-1061
1495,1998,11,24382,24344,38
1495,1998,12,36581,31029,5552
1496,1995,2,15169,0,15169
1496,1995,3,17942,0,17942
1496,1995,4,14895,3900,10995
1496,1995,5,14925,9600,5325
1496,1995,6,22280,33209,-10929
1496,1995,7,14882,14940,-58
1496,1995,8,14867,17340,-2473
1496,1995,9,14872,13140,1732
1496,1995,10,14858,18140,-3282
1496,1995,11,14866,15540,-674
1496,1995,12,22253,11540,10713
1496,1996,1,14885,27140,-12255
1496,1996,2,14888,7140,7748
1496,1996,3,14890,21140,-6250
1496,1996,4,14888,13840,1048
1496,1996,5,14891,13740,1151
1496,1996,6,22268,19540,2728
1496,1996,7,14905,18240,-3335
1496,1996,8,14890,15940,-1050
1496,1996,9,14885,17440,-2555
1496,1996,10,14874,11640,3234
1496,1996,11,14886,17140,-2254
1496,1996,12,22262,16040,6222
1496,1997,1,14883,24440,-9557
1496,1997,2,14864,14340,524
1496,1997,3,14869,10540,4329
1496,1997,4,14884,14240,644
1496,1997,5,14884,16440,-1556
1496,1997,6,22256,20240,2016
1496,1997,7,14887,13840,1047
1496,1997,8,14884,17840,-2956
1496,1997,9,14868,18240,-3372
1496,1997,10,14864,13340,1524
1496,1997,11,14876,8640,6236
1496,1997,12,22270,20340,1930
1496,1998,1,14895,24940,-10045
1496,1998,2,14857,14140,717
1496,1998,3,14839,21540,-6701
1496,1998,4,14831,16340,-1509
1496,1998,5,14823,17040,-2217
1496,1998,6,22879,23340,-461
1496,1998,7,14820,11640,3180
1496,1998,8,14804,19640,-4836
1496,1998,9,14811,12040,2771
1496,1998,10,14811,19040,-4229
1496,1998,11,14804,11740,3064
1496,1998,12,22212,7125,15087
1497,1993,7,1000,0,1000
1497,1993,8,15424,0,15424
1497,1993,9,8675,400,8275
1497,1993,10,8702,3600,5102
1497,1993,11,8712,8100,612
1497,1993,12,13003,16415,-3412
1497,1994,1,14207,17439,-3232
1497,1994,2,8688,8039,649
1497,1994,3,8691,7839,852
1497,1994,4,8697,6939,1758
1497,1994,5,8700,8839,-139
1497,1994,6,13006,9739,3267
1497,1994,7,8712,9039,-327
1497,1994,8,8701,11939,-3238
1497,1994,9,9300,8139,1161
1497,1994,10,8702,8639,63
1497,1994,11,8700,9939,-1239
1497,1994,12,13005,8439,4566
1497,1995,1,10618,11839,-1221
1497,1995,2,8706,9839,-1133
1497,1995,3,8712,6839,1873
1497,1995,4,8720,6839,1881
1497,1995,5,10222,10039,183
1497,1995,6,13017,13239,-222
1497,1995,7,8725,7339,1386
1497,1995,8,8713,12439,-3726
1497,1995,9,8712,9439,-727
1497,1995,10,8701,13139,-4438
1497,1995,11,8682,10639,-1957
1497,1995,12,12979,10739,2240
1497,1996,1,8688,9139,-451
1497,1996,2,8667,14339,-5672
1497,1996,3,8669,7239,1430
1497,1996,4,8660,11539,-2879
1497,1996,5,8651,10539,-1888
1497,1996,6,12966,13139,-173
1497,1996,7,8659,8839,-180
1497,1996,8,8657,10139,-1482
1497,1996,9,8652,5739,2913
1497,1996,10,8656,9039,-383
1497,1996,11,8660,8339,321
1497,1996,12,12968,6539,6429
1497,1997,1,8688,10539,-1851
1497,1997,2,8683,5739,2944
1497,1997,3,8695,5739,2956
1497,1997,4,8692,10639,-1947
1497,1997,5,8691,8439,252
1497,1997,6,12982,13239,-257
1497,1997,7,8699,5739,2960
1497,1997,8,8692,23739,-15047
1497,1997,9,8649,5739,2910
1497,1997,10,8661,5739,2922
1497,1997,11,8670,7139,1531
1497,1997,12,12985,7539,5446
1497,1998,1,8667,15639,-6972
1497,1998,2,8672,5739,2933
1497,1998,3,8685,5739,2946
1497,1998,4,8697,5739,2958
1497,1998,5,8709,5739,2970
1497,1998,6,13010,24439,-11429
1497,1998,7,8671,7939,732
1497,1998,8,8677,5739,2938
1497,1998,9,8678,9339,-661
1497,1998,10,8686,5739,2947
1497,1998,11,8698,5739,2959
1497,1998,12,13016,7524,5492
1498,1997,2,600,0,600
1498,1997,3,8500,0,8500
1498,1997,4,35695,0,35695
1498,1997,5,372,7800,-7428
1498,1997,6,46511,5900,40611
1498,1997,7,642,31500,-30858
1498,1997,8,12868,14100,-1232
1498,1997,9,25481,15600,9881
1498,1997,10,453,15100,-14647
1498,1997,11,391,12700,-12309
1498,1997,12,340,8100,-7760
1498,1998,1,40696,48755,-8059
1498,1998,2,78,9209,-9131
1498,1998,3,85548,15782,69766
1498,1998,4,37069,48391,-11322
1498,1998,5,54812,63068,-8256
1498,1998,6,39013,90150,-51137
1498,1998,7,75340,7854,67486
1498,1998,8,83013,103030,-20017
1498,1998,9,22311,29330,-7019
1498,1998,10,45665,45530,135
1498,1998,11,330,11293,-10963
1498,1998,12,47880,11575,36305
1499,1993,11,1000,0,1000
1499,1993,12,17560,0,17560
1499,1994,1,5581,100,5481
1499,1994,2,5602,200,5402
1499,1994,3,5623,4800,823
1499,1994,4,6628,7761,-1133
1499,1994,5,5626,5181,445
1499,1994,6,10572,11361,-789
1499,1994,7,6025,3681,2344
1499,1994,8,5631,7581,-1950
1499,1994,9,5625,5681,-56
1499,1994,10,5625,5081,544
1499,1994,11,5626,6181,-555
1499,1994,12,10678,10081,597
1499,1995,1,13202,25961,-12759
1499,1995,2,10982,3681,7301
1499,1995,3,9611,3681,5930
1499,1995,4,5630,4481,1149
1499,1995,5,5633,5681,-48
1499,1995,6,17357,24321,-6964
1499,1995,7,9596,10881,-1285
1499,1995,8,12210,5601,6609
1499,1995,9,6029,3681,2348
1499,1995,10,5637,4181,1456
1499,1995,11,5844,3681,2163
1499,1995,12,8396,14021,-5625
1499,1996,1,9213,13641,-4428
1499,1996,2,6212,3681,2531
1499,1996,3,6121,5121,1000
1499,1996,4,6027,3681,2346
1499,1996,5,8427,9561,-1134
1499,1996,6,8367,11581,-3214
1499,1996,7,6419,3681,2738
1499,1996,8,7834,3681,4153
1499,1996,9,5646,3781,1865
1499,1996,10,5637,10781,-5144
1499,1996,11,6229,7881,-1652
1499,1996,12,8978,8001,977
1499,1997,1,10908,24201,-13293
1499,1997,2,11992,3681,8311
1499,1997,3,9418,3681,5737
1499,1997,4,9534,7401,2133
1499,1997,5,6152,3681,2471
1499,1997,6,8374,17881,-9507
1499,1997,7,11429,3681,7748
1499,1997,8,7150,3681,3469
1499,1997,9,5655,5281,374
1499,1997,10,6564,3681,2883
1499,1997,11,5670,4481,1189
1499,1997,12,10536,6081,4455
1499,1998,1,8259,26081,-17822
1499,1998,2,18961,3681,15280
1499,1998,3,12594,8481,4113
1499,1998,4,12516,8601,3915
1499,1998,5,15639,7761,7878
1499,1998,6,11983,24841,-12858
1499,1998,7,15326,5361,9965
1499,1998,8,8534,10761,-2227
1499,1998,9,10946,3681,7265
1499,1998,10,5753,5881,-128
1499,1998,11,8367,3681,4686
1499,1998,12,8530,9146,-616
1500,1996,10,24638,0,24638
1500,1996,11,22158,9300,12858
1500,1996,12,33241,19800,13441
1500,1997,1,22266,21600,666
1500,1997,2,22317,20234,2083
1500,1997,3,22325,25734,-3409
1500,1997,4,22311,22134,177
1500,1997,5,22307,21534,773
1500,1997,6,33338,34834,-1496
1500,1997,7,22306,20334,1972
1500,1997,8,22311,21734,577
1500,1997,9,22311,22534,-223
1500,1997,10,22307,24134,-1827
1500,1997,11,22300,20034,2266
1500,1997,12,33360,27134,6226
1500,1998,1,22320,43834,-21514
1500,1998,2,22249,15434,6815
1500,1998,3,22279,16134,6145
1500,1998,4,22304,13634,8670
1500,1998,5,22329,23934,-1605
1500,1998,6,33352,34834,-1482
1500,1998,7,22318,21634,684
1500,1998,8,22325,16734,5591
1500,1998,9,22336,24334,-1998
1500,1998,10,22328,25934,-3606
1500,1998,11,22317,19234,3083
1500,1998,12,33368,35019,-1651
1501,1996,8,500,0,500
1501,1996,9,5813,0,5813
1501,1996,10,5813,0,5813
1501,1996,11,5864,1200,4664
1501,1996,12,5898,1100,4798
1501,1997,1,5879,15127,-9248
1501,1997,2,5875,3207,2668
1501,1997,3,5869,8727,-2858
1501,1997,4,5861,7307,-1446
1501,1997,5,5867,2307,3560
1501,1997,6,5859,10407,-4548
1501,1997,7,5863,2307,3556
1501,1997,8,5875,4627,1248
1501,1997,9,5882,2307,3575
1501,1997,10,5878,9507,-3629
1501,1997,11,5882,2307,3575
1501,1997,12,5898,2607,3291
1501,1998,1,5900,9187,-3287
1501,1998,2,5897,2307,3590
1501,1998,3,5912,2307,3605
1501,1998,4,5927,2307,3620
1501,1998,5,5931,7027,-1096
1501,1998,6,5934,5257,677
1501,1998,7,5878,18907,-13029
1501,1998,8,5884,4387,1497
1501,1998,9,5884,6147,-263
1501,1998,10,5891,2307,3584
1501,1998,11,5906,2307,3599
1501,1998,12,5922,3392,2530
1502,1996,10,64459,0,64459
1502,1996,11,268,21100,-20832
1502,1996,12,19317,24400,-5083
1502,1997,1,0,8300,-8300
1502,1997,2,178,0,178
1502,1997,3,159,4700,-4541
1502,1997,4,108,1900,-1792
1502,1997,6,108,2100,-1992
1502,1997,7,2708,0,2708
1502,1997,8,3208,0,3208
1502,1997,9,908,0,908
1502,1997,10,108,1800,-1692
1502,1997,11,108,2700,-2592
1502,1997,12,108,1200,-1092
1502,1998,1,31777,16100,15677
1502,1998,2,14339,16915,-2576
1502,1998,3,131104,122953,8151
1502,1998,4,60867,59642,1225
1502,1998,5,177,15353,-15176
1502,1998,6,94277,81461,12816
1502,1998,7,44903,59212,-14309
1502,1998,8,112,8153,-8041
1502,1998,9,2282,7353,-5071
1502,1998,10,39073,15353,23720
1502,1998,11,50001,38652,11349
1502,1998,12,179,15738,-15559
1503,1996,4,300,0,300
1503,1996,5,4757,0,4757
1503,1996,6,4757,0,4757
1503,1996,7,4757,0,4757
1503,1996,8,4757,0,4757
1503,1996,9,4815,3186,1629
1503,1996,10,4849,3186,1663
1503,1996,11,4854,4706,148
1503,1996,12,4856,3686,1170
1503,1997,1,4824,16146,-11322
1503,1997,2,4814,3186,1628
1503,1997,3,4821,3186,1635
1503,1997,4,4828,3186,1642
1503,1997,5,4835,3186,1649
1503,1997,6,4835,6236,-1401
1503,1997,7,4836,3186,1650
1503,1997,8,4839,4546,293
1503,1997,9,4835,6546,-1711
1503,1997,10,4836,3186,1650
1503,1997,11,4843,3186,1657
1503,1997,12,4845,5146,-301
1503,1998,1,4828,10946,-6118
1503,1998,2,4823,3186,1637
1503,1998,3,4823,5906,-1083
1503,1998,4,4826,3186,1640
1503,1998,5,4828,4706,122
1503,1998,6,4822,7036,-2214
1503,1998,7,4824,3186,1638
1503,1998,8,4831,3186,1645
1503,1998,9,4837,3186,1651
1503,1998,10,4844,3186,1658
1503,1998,11,4851,3186,1665
1503,1998,12,4851,6671,-1820
1504,1996,8,300,0,300
1504,1996,9,24158,1900,22258
1504,1996,10,24244,12900,11344
1504,1996,11,24284,20300,3984
1504,1996,12,36373,29600,6773
1504,1997,1,24334,36521,-12187
1504,1997,2,24298,25921,-1623
1504,1997,3,24292,27421,-3129
1504,1997,4,24291,28421,-4130
1504,1997,5,24277,21921,2356
1504,1997,6,36364,28921,7443
1504,1997,7,24294,29521,-5227
1504,1997,8,24278,23521,757
1504,1997,9,24278,24521,-243
1504,1997,10,24271,27821,-3550
1504,1997,11,24257,25721,-1464
1504,1997,12,36352,31721,4631
1504,1998,1,24251,38621,-14370
1504,1998,2,24212,22221,1991
1504,1998,3,24218,25921,-1703
1504,1998,4,24222,18621,5601
1504,1998,5,24230,26321,-2091
1504,1998,6,36302,34521,1781
1504,1998,7,24227,26021,-1794
1504,1998,8,24229,20021,4208
1504,1998,9,24230,29321,-5091
1504,1998,10,24213,24721,-508
1504,1998,11,24222,23421,801
1504,1998,12,36299,33306,2993
1505,1993,4,400,0,400
1505,1993,5,14941,0,14941
1505,1993,6,13909,3900,10009
1505,1993,7,9331,6800,2531
1505,1993,8,9344,5000,4344
1505,1993,9,9357,8815,542
1505,1993,10,9360,8415,945
1505,1993,11,9358,14615,-5257
1505,1993,12,13962,11115,2847
1505,1994,1,9349,12315,-2966
1505,1994,2,9344,7115,2229
1505,1994,3,9355,5915,3440
1505,1994,4,9360,11415,-2055
1505,1994,5,9360,6415,2945
1505,1994,6,17548,28615,-11067
1505,1994,7,9330,4815,4515
1505,1994,8,9339,10715,-1376
1505,1994,9,9335,8815,520
1505,1994,10,9337,9115,222
1505,1994,11,9343,6815,2528
1505,1994,12,13962,15015,-1053
1505,1995,1,9366,9415,-49
1505,1995,2,9351,5915,3436
1505,1995,3,9356,9815,-459
1505,1995,4,9360,16915,-7555
1505,1995,5,9317,12115,-2798
1505,1995,6,16144,7315,8829
1505,1995,7,9356,6515,2841
1505,1995,8,9361,9115,246
1505,1995,9,9355,13515,-4160
1505,1995,10,9348,7815,1533
1505,1995,11,9356,6915,2441
1505,1995,12,13983,9515,4468
1505,1996,1,9372,12115,-2743
1505,1996,2,9371,7715,1656
1505,1996,3,9367,9615,-248
1505,1996,4,9357,11915,-2558
1505,1996,5,9346,13315,-3969
1505,1996,6,13926,36615,-22689
1505,1996,7,11982,15,11967
1505,1996,8,9313,4615,4698
1505,1996,9,9320,10015,-695
1505,1996,10,9323,7315,2008
1505,1996,11,9332,6915,2417
1505,1996,12,13933,13615,318
1505,1997,1,9324,14315,-4991
1505,1997,2,9310,12015,-2705
1505,1997,3,9296,12815,-3519
1505,1997,4,9295,7415,1880
1505,1997,5,9292,11815,-2523
1505,1997,6,13915,7315,6600
1505,1997,7,9306,22515,-13209
1505,1997,8,9273,12815,-3542
1505,1997,9,9245,10015,-770
1505,1997,10,9255,16503,-7248
1505,1997,11,9222,6038,3184
1505,1997,12,13862,11415,2447
1505,1998,1,9242,16106,-6864
1505,1998,2,9222,11141,-1919
1505,1998,3,9222,10360,-1138
1505,1998,4,9222,14677,-5455
1505,1998,5,9222,11729,-2507
1505,1998,6,13833,11746,2087
1505,1998,7,9222,5823,3399
1505,1998,8,9222,14107,-4885
1505,1998,9,9222,7040,2182
1505,1998,10,9222,9625,-403
1505,1998,11,9222,9429,-207
1505,1998,12,13833,10421,3412
1506,1997,10,500,0,500
1506,1997,11,17121,0,17121
1506,1997,12,7874,4300,3574
1506,1998,1,5294,0,5294
1506,1998,2,5313,3300,2013
1506,1998,3,5321,7615,-2294
1506,1998,4,5287,23615,-18328
1506,1998,5,6857,15,6842
1506,1998,6,15591,7715,7876
1506,1998,7,5782,11615,-5833
1506,1998,8,8078,8015,63
1506,1998,9,8078,9915,-1837
1506,1998,10,5267,5915,-648
1506,1998,11,5254,9815,-4561
1506,1998,12,7809,0,7809
1507,1993,8,22150,0,22150
1507,1993,9,24951,0,24951
1507,1993,10,21500,12400,9100
1507,1993,11,21521,17300,4221
1507,1993,12,32173,52094,-19921
1507,1994,1,21486,25774,-4288
1507,1994,2,21472,6634,14838
1507,1994,3,21490,35254,-13764
1507,1994,4,21489,18034,3455
1507,1994,5,21482,25134,-3652
1507,1994,6,37594,53354,-15760
1507,1994,7,21409,11334,10075
1507,1994,8,21446,19734,1712
1507,1994,9,21452,20034,1418
1507,1994,10,21456,19374,2082
1507,1994,11,21464,20534,930
1507,1994,12,32133,25554,6579
1507,1995,1,21473,30974,-9501
1507,1995,2,21455,20034,1421
1507,1995,3,21458,20274,1184
1507,1995,4,21464,21234,230
1507,1995,5,21452,25074,-3622
1507,1995,6,32104,27714,4390
1507,1995,7,21464,22134,-670
1507,1995,8,21458,23034,-1576
1507,1995,9,21443,24914,-3471
1507,1995,10,21441,18334,3107
1507,1995,11,21448,21874,-426
1507,1995,12,32108,27694,4414
1507,1996,1,21446,29014,-7568
1507,1996,2,21438,16434,5004
1507,1996,3,21453,20434,1019
1507,1996,4,21450,24794,-3344
1507,1996,5,21446,17834,3612
1507,1996,6,37924,50154,-12230
1507,1996,7,21418,12434,8984
1507,1996,8,21441,19034,2407
1507,1996,9,21443,22434,-991
1507,1996,10,21442,23854,-2412
1507,1996,11,21440,16434,5006
1507,1996,12,32092,32134,-42
1507,1997,1,21426,33854,-12428
1507,1997,2,21404,16014,5390
1507,1997,3,21419,23394,-1975
1507,1997,4,21423,15434,5989
1507,1997,5,21440,18734,2706
1507,1997,6,32110,23534,8576
1507,1997,7,21487,18034,3453
1507,1997,8,21500,18034,3466
1507,1997,9,21506,20534,972
1507,1997,10,21509,20534,975
1507,1997,11,21514,20574,940
1507,1997,12,32179,24294,7885
1507,1998,1,21526,35094,-13568
1507,1998,2,21513,12234,9279
1507,1998,3,21530,20334,1196
1507,1998,4,21538,19354,2184
1507,1998,5,21550,17934,3616
1507,1998,6,32085,68474,-36389
1507,1998,7,22351,6634,15717
1507,1998,8,21486,15894,5592
1507,1998,9,21493,22614,-1121
1507,1998,10,21478,23334,-1856
1507,1998,11,21515,9834,11681
1507,1998,12,32224,16719,15505
1508,1996,1,500,0,500
1508,1996,2,10000,0,10000
1508,1996,3,5200,0,5200
1508,1996,4,5400,0,5400
1508,1996,5,2800,0,2800
1508,1996,6,1200,0,1200
1508,1996,7,0,900,-900
1508,1996,8,0,1000,-1000
1508,1996,9,43370,21400,21970
1508,1996,10,188,10600,-10412
1508,1996,11,82656,22700,59956
1508,1996,12,89790,124615,-34825
1508,1997,1,143,38962,-38819
1508,1997,2,16256,14082,2174
1508,1997,3,41942,8982,32960
1508,1997,4,85685,77882,7803
1508,1997,5,10460,24682,-14222
1508,1997,6,125066,131846,-6780
1508,1997,7,22297,32082,-9785
1508,1997,8,63748,48342,15406
1508,1997,9,142,24182,-24040
1508,1997,10,15633,21882,-6249
1508,1997,11,20851,8982,11869
1508,1997,12,83,15982,-15899
1508,1998,1,58,8982,-8924
1508,1998,2,22,15,7
1508,1998,3,0,15,-15
1508,1998,4,45,15,30
1508,1998,5,95291,14415,80876
1508,1998,6,94046,77732,16314
1508,1998,7,17157,61682,-44525
1508,1998,8,77382,85682,-8300
1508,1998,9,39557,51582,-12025
1508,1998,10,58869,25882,32987
1508,1998,11,37301,38082,-781
1508,1998,12,173,38067,-37894
1509,1994,5,600,0,600
1509,1994,6,24828,0,24828
1509,1994,7,14302,9900,4402
1509,1994,8,14321,9800,4521
1509,1994,9,14330,14400,-70
1509,1994,10,14330,17478,-3148
1509,1994,11,14313,17478,-3165
1509,1994,12,21400,24018,-2618
1509,1995,1,14287,22218,-7931
1509,1995,2,14275,9298,4977
1509,1995,3,14291,11378,2913
1509,1995,4,14291,16778,-2487
1509,1995,5,14282,16078,-1796
1509,1995,6,21383,19538,1845
1509,1995,7,14274,17978,-3704
1509,1995,8,14292,12878,1414
1509,1995,9,14259,22578,-8319
1509,1995,10,14247,13578,669
1509,1995,11,14249,14278,-29
1509,1995,12,21351,21218,133
1509,1996,1,14247,14278,-31
1509,1996,2,14261,8678,5583
1509,1996,3,14242,22678,-8436
1509,1996,4,14260,7278,6982
1509,1996,5,14265,13758,507
1509,1996,6,21383,12978,8405
1509,1996,7,14300,17078,-2778
1509,1996,8,14272,21238,-6966
1509,1996,9,14264,12178,2086
1509,1996,10,14282,7278,7004
1509,1996,11,14272,25578,-11306
1509,1996,12,21376,8558,12818
1509,1997,1,14291,20118,-5827
1509,1997,2,14292,7278,7014
1509,1997,3,14282,22258,-7976
1509,1997,4,14282,13478,804
1509,1997,5,14299,7278,7021
1509,1997,6,21409,22038,-629
1509,1997,7,14296,18478,-4182
1509,1997,8,14299,22778,-8479
1509,1997,9,14278,7278,7000
1509,1997,10,14292,18778,-4486
1509,1997,11,14272,18338,-4066
1509,1997,12,21372,18498,2874
1509,1998,1,14265,14958,-693
1509,1998,2,14276,13978,298
1509,1998,3,14265,15258,-993
1509,1998,4,14265,11718,2547
1509,1998,5,14270,18778,-4508
1509,1998,6,21364,19738,1626
1509,1998,7,14259,14778,-519
1509,1998,8,14257,13258,999
1509,1998,9,14261,12678,1583
1509,1998,10,14263,17078,-2815
1509,1998,11,14257,14378,-121
1509,1998,12,21362,17663,3699
1510,1996,3,21457,0,21457
1510,1996,4,23048,0,23048
1510,1996,5,20916,9900,11016
1510,1996,6,31324,16400,14924
1510,1996,7,20999,20515,484
1510,1996,8,20965,30500,-9535
1510,1996,9,20926,30100,-9174
1510,1996,10,20911,26020,-5109
1510,1996,11,20895,19900,995
1510,1996,12,31267,21880,9387
1510,1997,1,20911,27820,-6909
1510,1997,2,20903,22940,-2037
1510,1997,3,20886,22920,-2034
1510,1997,4,20882,26580,-5698
1510,1997,5,20870,19600,1270
1510,1997,6,31242,58120,-26878
1510,1997,7,22896,10000,12896
1510,1997,8,20837,12400,8437
1510,1997,9,20826,23260,-2434
1510,1997,10,20859,13400,7459
1510,1997,11,20865,22200,-1335
1510,1997,12,31234,40220,-8986
1510,1998,1,20834,26280,-5446
1510,1998,2,20827,11440,9387
1510,1998,3,20862,19700,1162
1510,1998,4,20879,22400,-1521
1510,1998,5,20873,16900,3973
1510,1998,6,31198,40300,-9102
1510,1998,7,20851,17500,3351
1510,1998,8,20863,19100,1763
1510,1998,9,20866,25400,-4534
1510,1998,10,20839,22260,-1421
1510,1998,11,20836,27020,-6184
1510,1998,12,31189,15745,15444
1511,1994,3,1000,0,1000
1511,1994,4,9400,0,9400
1511,1994,5,8400,0,8400
1511,1994,6,1500,0,1500
1511,1994,7,200,0,200
1511,1994,8,400,0,400
1511,1994,9,73285,16600,56685
1511,1994,10,323,25100,-24777
1511,1994,11,323,13700,-13377
1511,1994,12,323,10800,-10477
1511,1995,1,124958,104300,20658
1511,1995,2,76960,42799,34161
1511,1995,3,71137,69808,1329
1511,1995,4,36786,42490,-5704
1511,1995,5,76025,102400,-26375
1511,1995,6,63264,65185,-1921
1511,1995,7,177,21100,-20923
1511,1995,8,85,16170,-16085
1511,1995,9,72351,44547,27804
1511,1995,10,44743,18830,25913
1511,1995,11,43639,81939,-38300
1511,1995,12,37387,26500,10887
1511,1996,1,66861,42295,24566
1511,1996,2,93172,51966,41206
1511,1996,3,63636,91845,-28209
1511,1996,4,15542,54175,-38633
1511,1996,5,18831,18486,345
1511,1996,6,562,17745,-17183
1511,1996,7,48254,31743,16511
1511,1996,8,57020,39800,17220
1511,1996,9,35402,32000,3402
1511,1996,10,87534,87591,-57
1511,1996,11,81770,91469,-9699
1511,1996,12,44779,38000,6779
1511,1997,1,23768,68000,-44232
1511,1997,2,63636,30500,33136
1511,1997,3,186,16000,-15814
1511,1997,4,40443,10462,29981
1511,1997,5,124214,143200,-18986
1511,1997,6,79322,50500,28822
1511,1997,7,50722,67800,-17078
1511,1997,8,24500,38900,-14400
1511,1997,9,79058,68500,10558
1511,1997,10,70825,85638,-14813
1511,1997,11,117832,77551,40281
1511,1997,12,239,48547,-48308
1511,1998,1,5860,25100,-19240
1511,1998,2,48385,29100,19285
1511,1998,3,102,18600,-18498
1511,1998,4,79160,35136,44024
1511,1998,5,27383,39400,-12017
1511,1998,6,110,24480,-24370
1511,1998,7,79573,22300,57273
1511,1998,8,27967,54900,-26933
1511,1998,9,29657,33800,-4143
1511,1998,10,45512,46487,-975
1511,1998,11,100,33283,-33183
1511,1998,12,138548,50500,88048
1512,1994,1,900,0,900
1512,1994,2,17719,0,17719
1512,1994,3,14270,2900,11370
1512,1994,4,14303,8000,6303
1512,1994,5,14309,14300,9
1512,1994,6,21373,26637,-5264
1512,1994,7,14269,20237,-5968
1512,1994,8,14379,10517,3862
1512,1994,9,14286,12537,1749
1512,1994,10,14293,12637,1656
1512,1994,11,14303,11937,2366
1512,1994,12,21408,14237,7171
1512,1995,1,14285,41277,-26992
1512,1995,2,20862,8837,12025
1512,1995,3,14290,8937,5353
1512,1995,4,14298,13137,1161
1512,1995,5,14308,11537,2771
1512,1995,6,21407,17497,3910
1512,1995,7,14311,19137,-4826
1512,1995,8,14307,19437,-5130
1512,1995,9,14289,18717,-4428
1512,1995,10,14279,14597,-318
1512,1995,11,14279,12137,2142
1512,1995,12,21385,20137,1248
1512,1996,1,17764,28877,-11113
1512,1996,2,15648,8837,6811
1512,1996,3,14263,17877,-3614
1512,1996,4,14260,9737,4523
1512,1996,5,14275,15337,-1062
1512,1996,6,21372,14637,6735
1512,1996,7,14296,18037,-3741
1512,1996,8,14284,12237,2047
1512,1996,9,14287,14077,210
1512,1996,10,14589,14117,472
1512,1996,11,14295,11837,2458
1512,1996,12,21398,18737,2661
1512,1997,1,14884,27437,-12553
1512,1997,2,14265,10537,3728
1512,1997,3,15584,14357,1227
1512,1997,4,18782,13517,5265
1512,1997,5,15812,8837,6975
1512,1997,6,21426,16097,5329
1512,1997,7,14355,12537,1818
1512,1997,8,14363,12237,2126
1512,1997,9,14369,13737,632
1512,1997,10,14366,16617,-2251
1512,1997,11,14360,14337,23
1512,1997,12,21453,18437,3016
1512,1998,1,14341,26277,-11936
1512,1998,2,14430,11237,3193
1512,1998,3,15148,8837,6311
1512,1998,4,14361,14357,4
1512,1998,5,14355,15437,-1082
1512,1998,6,21455,15037,6418
1512,1998,7,14378,16437,-2059
1512,1998,8,14376,13677,699
1512,1998,9,14377,13877,500
1512,1998,10,14369,17437,-3068
1512,1998,11,14359,16237,-1878
1512,1998,12,21443,21582,-139
1513,1993,8,500,0,500
1513,1993,9,19849,0,19849
1513,1993,10,15325,3500,11825
1513,1993,11,15365,10400,4965
1513,1993,12,22996,19000,3996
1513,1994,1,15396,22852,-7456
1513,1994,2,15372,20864,-5492
1513,1994,3,15349,13164,2185
1513,1994,4,15365,13864,1501
1513,1994,5,15369,15264,105
1513,1994,6,22962,24364,-1402
1513,1994,7,15359,16864,-1505
1513,1994,8,15365,10264,5101
1513,1994,9,15375,15664,-289
1513,1994,10,15377,14964,413
1513,1994,11,15382,12064,3318
1513,1994,12,23012,22564,448
1513,1995,1,15373,24164,-8791
1513,1995,2,15371,9664,5707
1513,1995,3,15381,13264,2117
1513,1995,4,15389,13764,1625
1513,1995,5,15397,13264,2133
1513,1995,6,23020,22564,456
1513,1995,7,15412,13064,2348
1513,1995,8,15400,24964,-9564
1513,1995,9,15374,14164,1210
1513,1995,10,15369,17364,-1995
1513,1995,11,15369,15364,5
1513,1995,12,22983,22064,919
1513,1996,1,15353,22964,-7611
1513,1996,2,21565,12164,9401
1513,1996,3,15372,16264,-892
1513,1996,4,15794,7564,8230
1513,1996,5,15418,10464,4954
1513,1996,6,23051,26464,-3413
1513,1996,7,15424,11264,4160
1513,1996,8,15427,14864,563
1513,1996,9,15432,14564,868
1513,1996,10,15445,11064,4381
1513,1996,11,15445,16764,-1319
1513,1996,12,23059,22264,795
1513,1997,1,15420,27464,-12044
1513,1997,2,15398,16364,-966
1513,1997,3,15397,14164,1233
1513,1997,4,15399,14964,435
1513,1997,5,15416,10764,4652
1513,1997,6,23039,24264,-1225
1513,1997,7,15434,8764,6670
1513,1997,8,15450,12464,2986
1513,1997,9,15457,14164,1293
1513,1997,10,15467,17764,-2297
1513,1997,11,15472,12664,2808
1513,1997,12,23121,18064,5057
1513,1998,1,15489,22464,-6975
1513,1998,2,15479,16664,-1185
1513,1998,3,15484,14064,1420
1513,1998,4,15477,11864,3613
1513,1998,5,15494,9764,5730
1513,1998,6,23133,19464,3669
1513,1998,7,15530,17364,-1834
1513,1998,8,15522,16564,-1042
1513,1998,9,15518,12164,3354
1513,1998,10,15524,13064,2460
1513,1998,11,15524,18564,-3040
1513,1998,12,23163,9449,13714
1514,1997,7,6852,0,6852
1514,1997,8,5959,0,5959
1514,1997,9,5959,0,5959
1514,1997,10,5959,0,5959
1514,1997,11,5970,3055,2915
1514,1997,12,6047,5876,171
1514,1998,1,6050,6596,-546
1514,1998,2,6047,8596,-2549
1514,1998,3,6036,7236,-1200
1514,1998,4,6033,5896,137
1514,1998,5,6034,5096,938
1514,1998,6,6036,6996,-960
1514,1998,7,6033,5196,837
1514,1998,8,6034,6036,-2
1514,1998,9,6038,3796,2242
1514,1998,10,6047,3796,2251
1514,1998,11,6040,12036,-5996
1514,1998,12,6018,8231,-2213
1515,1993,6,400,0,400
1515,1993,7,27413,3100,24313
1515,1993,8,27488,13000,14488
1515,1993,9,27531,19200,8331
1515,1993,10,27552,23900,3652
1515,1993,11,27544,35336,-7792
1515,1993,12,41218,36534,4684
1515,1994,1,27505,53734,-26229
1515,1994,2,31929,5234,26695
1515,1994,3,27540,30834,-3294
1515,1994,4,27554,27034,520
1515,1994,5,27529,34191,-6662
1515,1994,6,41287,9934,31353
1515,1994,7,27622,38134,-10512
1515,1994,8,27600,28434,-834
1515,1994,9,27616,21034,6582
1515,1994,10,27634,23634,4000
1515,1994,11,27617,35134,-7517
1515,1994,12,41297,35734,5563
1515,1995,1,27570,46934,-19364
1515,1995,2,27587,18733,8854
1515,1995,3,27570,43857,-16287
1515,1995,4,27582,9434,18148
1515,1995,5,27628,22234,5394
1515,1995,6,41351,20034,21317
1515,1995,7,27617,66780,-39163
1515,1995,8,32042,47543,-15501
1515,1995,9,27547,10234,17313
1515,1995,10,27619,18734,8885
1515,1995,11,27573,41256,-13683
1515,1995,12,41280,39182,2098
1515,1996,1,35339,46284,-10945
1515,1996,2,27741,16634,11107
1515,1996,3,27593,23434,4159
1515,1996,4,27563,30180,-2617
1515,1996,5,27602,22734,4868
1515,1996,6,41330,32434,8896
1515,1996,7,27650,30434,-2784
1515,1996,8,27634,34634,-7000
1515,1996,9,27552,35525,-7973
1515,1996,10,27551,24134,3417
1515,1996,11,27586,23534,4052
1515,1996,12,41283,42150,-867
1515,1997,1,27545,50134,-22589
1515,1997,2,31677,23775,7902
1515,1997,3,27560,11534,16026
1515,1997,4,27561,34060,-6499
1515,1997,5,27582,20334,7248
1515,1997,6,41231,47543,-6312
1515,1997,7,27578,35134,-7556
1515,1997,8,27540,22367,5173
1515,1997,9,27546,24534,3012
1515,1997,10,27582,19808,7774
1515,1997,11,27582,50043,-22461
1515,1997,12,41231,22234,18997
1515,1998,1,27541,46274,-18733
1515,1998,2,27530,13734,13796
1515,1998,3,27530,36844,-9314
1515,1998,4,27551,12434,15117
1515,1998,5,27540,40173,-12633
1515,1998,6,41251,32730,8521
1515,1998,7,27581,19349,8232
1515,1998,8,27595,26206,1389
1515,1998,9,27610,30334,-2724
1515,1998,10,27595,33034,-5439
1515,1998,11,27532,39059,-11527
1515,1998,12,41212,46210,-4998
1516,1993,10,500,0,500
1516,1993,11,3416,0,3416
1516,1993,12,3416,0,3416
1516,1994,1,3416,0,3416
1516,1994,2,3416,0,3416
1516,1994,3,3461,2922,539
1516,1994,4,3479,3582,-103
1516,1994,5,3480,2682,798
1516,1994,6,3481,3072,409
1516,1994,7,3485,2292,1193
1516,1994,8,3489,2742,747
1516,1994,9,3493,2292,1201
1516,1994,10,3498,2292,1206
1516,1994,11,3503,2292,1211
1516,1994,12,3508,2292,1216
1516,1995,1,3511,4452,-941
1516,1995,2,3509,4512,-1003
1516,1995,3,3507,2292,1215
1516,1995,4,3510,2292,1218
1516,1995,5,3515,2292,1223
1516,1995,6,3506,8202,-4696
1516,1995,7,3501,2292,1209
1516,1995,8,3506,2292,1214
1516,1995,9,3507,3912,-405
1516,1995,10,3509,2292,1217
1516,1995,11,3514,2292,1222
1516,1995,12,3518,3762,-244
1516,1996,1,3518,2862,656
1516,1996,2,3521,2292,1229
1516,1996,3,3524,3462,62
1516,1996,4,3526,3252,274
1516,1996,5,3528,2292,1236
1516,1996,6,3531,3282,249
1516,1996,7,3534,2292,1242
1516,1996,8,3535,3492,43
1516,1996,9,3538,3042,496
1516,1996,10,3535,4482,-947
1516,1996,11,3537,2292,1245
1516,1996,12,3542,2292,1250
1516,1997,1,3544,3822,-278
1516,1997,2,3546,2292,1254
1516,1997,3,3549,3372,177
1516,1997,4,3552,2292,1260
1516,1997,5,3557,2292,1265
1516,1997,6,3548,10152,-6604
1516,1997,7,3535,2292,1243
1516,1997,8,3536,4572,-1036
1516,1997,9,3534,3552,-18
1516,1997,10,3535,2772,763
1516,1997,11,3538,2292,1246
1516,1997,12,3544,2292,1252
1516,1998,1,3547,3162,385
1516,1998,2,3550,2292,1258
1516,1998,3,3554,2982,572
1516,1998,4,3557,2442,1115
1516,1998,5,3560,3492,68
1516,1998,6,3559,4152,-593
1516,1998,7,3557,3612,-55
1516,1998,8,3560,2292,1268
1516,1998,9,3562,3522,40
1516,1998,10,3565,2982,583
1516,1998,11,3567,2292,1275
1516,1998,12,3572,2277,1295
1517,1996,8,700,0,700
1517,1996,9,4569,0,4569
1517,1996,10,4569,0,4569
1517,1996,11,4569,0,4569
1517,1996,12,4569,0,4569
1517,1997,1,4623,9475,-4852
1517,1997,2,4634,6136,-1502
1517,1997,3,4628,2616,2012
1517,1997,4,4636,2616,2020
1517,1997,5,4645,2616,2029
1517,1997,6,4653,2616,2037
1517,1997,7,4656,4876,-220
1517,1997,8,4658,6256,-1598
1517,1997,9,4654,2616,2038
1517,1997,10,4663,2616,2047
1517,1997,11,4671,2616,2055
1517,1997,12,4671,7936,-3265
1517,1998,1,4643,12226,-7583
1517,1998,2,4634,2616,2018
1517,1998,3,4643,2616,2027
1517,1998,4,4649,3096,1553
1517,1998,5,4658,2616,2042
1517,1998,6,4666,2616,2050
1517,1998,7,4668,6196,-1528
1517,1998,8,4657,7316,-2659
1517,1998,9,4646,7016,-2370
1517,1998,10,4644,3816,828
1517,1998,11,4638,8216,-3578
1517,1998,12,4634,3201,1433
1518,1993,4,200,0,200
1518,1993,5,19918,0,19918
1518,1993,6,26041,9400,16641
1518,1993,7,17444,15600,1844
1518,1993,8,17452,15100,2352
1518,1993,9,17461,15915,1546
1518,1993,10,17464,18015,-551
1518,1993,11,17467,15115,2352
1518,1993,12,26134,25615,519
1518,1994,1,17461,28115,-10654
1518,1994,2,17447,16415,1032
1518,1994,3,17441,14115,3326
1518,1994,4,17453,15115,2338
1518,1994,5,17459,17115,344
1518,1994,6,26095,31315,-5220
1518,1994,7,17446,13515,3931
1518,1994,8,17464,13115,4349
1518,1994,9,17486,16315,1171
1518,1994,10,17468,20715,-3247
1518,1994,11,17475,12915,4560
1518,1994,12,26142,20715,5427
1518,1995,1,17490,35615,-18125
1518,1995,2,17458,9915,7543
1518,1995,3,17474,12515,4959
1518,1995,4,17482,17415,67
1518,1995,5,17488,17515,-27
1518,1995,6,26135,48615,-22480
1518,1995,7,17437,615,16822
1518,1995,8,17488,7515,9973
1518,1995,9,17500,18115,-615
1518,1995,10,17510,13015,4495
1518,1995,11,17571,13215,4356
1518,1995,12,26189,22415,3774
1518,1996,1,17546,20815,-3269
1518,1996,2,17572,6215,11357
1518,1996,3,17592,15115,2477
1518,1996,4,17591,17215,376
1518,1996,5,17613,11815,5798
1518,1996,6,26307,15515,10792
1518,1996,7,17656,21115,-3459
1518,1996,8,17661,13815,3846
1518,1996,9,17678,14915,2763
1518,1996,10,17682,18315,-633
1518,1996,11,17655,18215,-560
1518,1996,12,26348,33815,-7467
1518,1997,1,17672,27515,-9843
1518,1997,2,17601,15,17586
1518,1997,3,17682,29615,-11933
1518,1997,4,17641,17715,-74
1518,1997,5,17621,16615,1006
1518,1997,6,26269,32115,-5846
1518,1997,7,17603,10015,7588
1518,1997,8,17635,11815,5820
1518,1997,9,17693,17715,-22
1518,1997,10,17656,17015,641
1518,1997,11,17659,15615,2044
1518,1997,12,26371,27715,-1344
1518,1998,1,17669,29615,-11946
1518,1998,2,17644,14415,3229
1518,1998,3,17626,14115,3511
1518,1998,4,17671,16415,1256
1518,1998,5,17647,13515,4132
1518,1998,6,26316,35415,-9099
1518,1998,7,17626,14115,3511
1518,1998,8,17640,14415,3225
1518,1998,9,17655,12615,5040
1518,1998,10,17668,19415,-1747
1518,1998,11,17680,19815,-2135
1518,1998,12,26380,1400,24980
1519,1995,6,700,0,700
1519,1995,7,24451,0,24451
1519,1995,8,23451,0,23451
1519,1995,9,21111,12800,8311
1519,1995,10,21149,11600,9549
1519,1995,11,21176,16915,4261
1519,1995,12,31622,28558,3064
1519,1996,1,21151,44098,-22947
1519,1996,2,21112,13058,8054
1519,1996,3,21147,13858,7289
1519,1996,4,21157,19958,1199
1519,1996,5,21162,23798,-2636
1519,1996,6,31593,29858,1735
1519,1996,7,21154,21558,-404
1519,1996,8,21161,19698,1463
1519,1996,9,21169,17758,3411
1519,1996,10,21180,18958,2222
1519,1996,11,21192,17758,3434
1519,1996,12,31662,22998,8664
1519,1997,1,21173,51978,-30805
1519,1997,2,21123,12758,8365
1519,1997,3,21164,13558,7606
1519,1997,4,21178,18558,2620
1519,1997,5,21192,17758,3434
1519,1997,6,31635,33858,-2223
1519,1997,7,21203,15758,5445
1519,1997,8,21218,18158,3060
1519,1997,9,21227,19458,1769
1519,1997,10,21235,33158,-11923
1519,1997,11,21228,19458,1770
1519,1997,12,31688,27858,3830
1519,1998,1,21212,38178,-16966
1519,1998,2,21167,13758,7409
1519,1998,3,21223,14858,6365
1519,1998,4,21238,19958,1280
1519,1998,5,21242,19358,1884
1519,1998,6,31672,37278,-5606
1519,1998,7,21226,16458,4768
1519,1998,8,21233,24958,-3725
1519,1998,9,21215,21358,-143
1519,1998,10,21223,20058,1165
1519,1998,11,21223,23158,-1935
1519,1998,12,31680,28543,3137
1520,1995,8,300,0,300
1520,1995,9,6005,0,6005
1520,1995,10,6005,0,6005
1520,1995,11,6005,0,6005
1520,1995,12,6088,700,5388
1520,1996,1,6099,10638,-4539
1520,1996,2,6095,2958,3137
1520,1996,3,6090,8558,-2468
1520,1996,4,6097,3458,2639
1520,1996,5,6098,6358,-260
1520,1996,6,6101,5058,1043
1520,1996,7,6101,6258,-157
1520,1996,8,6111,4598,1513
1520,1996,9,6112,4958,1154
1520,1996,10,6123,3858,2265
1520,1996,11,6132,6058,74
1520,1996,12,6124,7058,-934
1520,1997,1,6116,12398,-6282
1520,1997,2,6102,2958,3144
1520,1997,3,6116,2958,3158
1520,1997,4,6127,5278,849
1520,1997,5,6122,9398,-3276
1520,1997,6,6118,3658,2460
1520,1997,7,6128,5458,670
1520,1997,8,6130,6078,52
1520,1997,9,6132,2958,3174
1520,1997,10,6143,5358,785
1520,1997,11,6147,3958,2189
1520,1997,12,6151,7458,-1307
1520,1998,1,6119,12718,-6599
1520,1998,2,6124,2958,3166
1520,1998,3,6127,6958,-831
1520,1998,4,6133,3558,2575
1520,1998,5,6145,2958,3187
1520,1998,6,6155,5858,297
1520,1998,7,6148,6238,-90
1520,1998,8,6157,3798,2359
1520,1998,9,6167,4258,1909
1520,1998,10,6170,6958,-788
1520,1998,11,6169,5258,911
1520,1998,12,6175,4643,1532
1521,1996,4,5457,0,5457
1521,1996,5,4560,0,4560
1521,1996,6,4560,0,4560
1521,1996,7,4560,0,4560
1521,1996,8,4611,3039,1572
1521,1996,9,4612,8199,-3587
1521,1996,10,4608,8939,-4331
1521,1996,11,4595,5839,-1244
1521,1996,12,4592,4439,153
1521,1997,1,4598,3759,839
1521,1997,2,4594,4139,455
1521,1997,3,4596,3039,1557
1521,1997,4,4601,7339,-2738
1521,1997,5,4591,3839,752
1521,1997,6,4594,3039,1555
1521,1997,7,4600,3519,1081
1521,1997,8,4605,3039,1566
1521,1997,9,4612,3039,1573
1521,1997,10,4617,3759,858
1521,1997,11,4622,3039,1583
1521,1997,12,4627,3489,1138
1521,1998,1,4615,12719,-8104
1521,1998,2,4599,3039,1560
1521,1998,3,4606,3039,1567
1521,1998,4,4601,6479,-1878
1521,1998,5,4601,6879,-2278
1521,1998,6,4595,3039,1556
1521,1998,7,4602,3039,1563
1521,1998,8,4608,3039,1569
1521,1998,9,4613,6799,-2186
1521,1998,10,4605,3039,1566
1521,1998,11,4609,3919,690
1521,1998,12,4612,4124,488
1522,1997,8,1804,0,1804
1522,1997,9,14241,0,14241
1522,1997,10,11387,0,11387
1522,1997,11,4515,0,4515
1522,1997,12,4533,2515,2018
1522,1998,1,16156,15815,341
1522,1998,2,1143,415,728
1522,1998,3,1146,2615,-1469
1522,1998,4,1140,615,525
1522,1998,5,5344,15,5329
1522,1998,6,16036,21715,-5679
1522,1998,7,7044,15,7029
1522,1998,8,10677,15,10662
1522,1998,9,3316,15,3301
1522,1998,10,33861,18115,15746
1522,1998,11,1288,9265,-7977
1522,1998,12,1256,2800,-1544
1523,1997,11,200,0,200
1523,1997,12,11400,0,11400
1523,1998,1,42448,0,42448
1523,1998,2,225,18400,-18175
1523,1998,3,101433,85600,15833
1523,1998,4,91057,46717,44340
1523,1998,5,36123,86727,-50604
1523,1998,6,98638,123127,-24489
1523,1998,7,11823,11627,196
1523,1998,8,12495,12927,-432
1523,1998,9,30580,11627,18953
1523,1998,10,63004,34927,28077
1523,1998,11,234,22227,-21993
1523,1998,12,12872,37558,-24686
1524,1997,2,1100,0,1100
1524,1997,3,4222,0,4222
1524,1997,4,4222,0,4222
1524,1997,5,4222,0,4222
1524,1997,6,4243,4400,-157
1524,1997,7,4284,1015,3269
1524,1997,8,4289,6200,-1911
1524,1997,9,4288,2820,1468
1524,1997,10,4291,4720,-429
1524,1997,11,4291,3520,771
1524,1997,12,4293,3920,373
1524,1998,1,4282,7570,-3288
1524,1998,2,4283,2720,1563
1524,1998,3,4279,5120,-841
1524,1998,4,4284,6480,-2196
1524,1998,5,4278,2720,1558
1524,1998,6,4284,2720,1564
1524,1998,7,4290,2720,1570
1524,1998,8,4297,2720,1577
1524,1998,9,4304,2720,1584
1524,1998,10,4307,5040,-733
1524,1998,11,4307,6000,-1693
1524,1998,12,4305,3255,1050
1525,1996,9,4956,0,4956
1525,1996,10,4662,0,4662
1525,1996,11,4662,0,4662
1525,1996,12,4662,0,4662
1525,1997,1,4696,6600,-1904
1525,1997,2,4720,2600,2120
1525,1997,3,4728,2520,2208
1525,1997,4,4727,6380,-1653
1525,1997,5,4731,2540,2191
1525,1997,6,4725,8840,-4115
1525,1997,7,4722,1640,3082
1525,1997,8,4729,5540,-811
1525,1997,9,4731,5740,-1009
1525,1997,10,4726,6140,-1414
1525,1997,11,4717,7380,-2663
1525,1997,12,4710,3040,1670
1525,1998,1,4711,8120,-3409
1525,1998,2,4703,1640,3063
1525,1998,3,4714,5940,-1226
1525,1998,4,4708,8140,-3432
1525,1998,5,4697,1640,3057
1525,1998,6,4705,3940,765
1525,1998,7,4713,1640,3073
1525,1998,8,4725,1640,3085
1525,1998,9,4727,8060,-3333
1525,1998,10,4722,4040,682
1525,1998,11,4721,8040,-3319
1525,1998,12,4713,1925,2788
1526,1995,1,200,0,200
1526,1995,2,15869,0,15869
1526,1995,3,10730,0,10730
1526,1995,4,6768,1400,5368
1526,1995,5,6789,2600,4189
1526,1995,6,10129,7715,2414
1526,1995,7,6809,9748,-2939
1526,1995,8,6798,8348,-1550
1526,1995,9,6794,6948,-154
1526,1995,10,6793,6948,-155
1526,1995,11,6791,7748,-957
1526,1995,12,10117,8068,2049
1526,1996,1,10087,9008,1079
1526,1996,2,6792,11928,-5136
1526,1996,3,11083,6128,4955
1526,1996,4,6799,7248,-449
1526,1996,5,9008,4448,4560
1526,1996,6,10145,8948,1197
1526,1996,7,6820,7448,-628
1526,1996,8,6808,10288,-3480
1526,1996,9,9115,4448,4667
1526,1996,10,6826,5448,1378
1526,1996,11,7134,4448,2686
1526,1996,12,12252,11848,404
1526,1997,1,6830,8268,-1438
1526,1997,2,6837,5048,1789
1526,1997,3,6829,14248,-7419
1526,1997,4,7819,4448,3371
1526,1997,5,6817,11908,-5091
1526,1997,6,13437,7848,5589
1526,1997,7,6826,6548,278
1526,1997,8,10435,7348,3087
1526,1997,9,9653,4448,5205
1526,1997,10,9374,4448,4926
1526,1997,11,6881,5848,1033
1526,1997,12,10215,6848,3367
1526,1998,1,6886,12548,-5662
1526,1998,2,8773,8048,725
1526,1998,3,13205,4448,8757
1526,1998,4,9308,11528,-2220
1526,1998,5,12233,4448,7785
1526,1998,6,13285,4448,8837
1526,1998,7,6961,9548,-2587
1526,1998,8,7852,11048,-3196
1526,1998,9,6951,5448,1503
1526,1998,10,6960,4848,2112
1526,1998,11,6951,9748,-2797
1526,1998,12,13596,7133,6463
1527,1993,11,84701,0,84701
1527,1993,12,37907,29400,8507
1527,1994,1,67316,61400,5916
1527,1994,2,11811,77279,-65468
1527,1994,3,78332,43100,35232
1527,1994,4,240,22800,-22560
1527,1994,5,151,18744,-18593
1527,1994,6,15583,30400,-14817
1527,1994,7,9962,6400,3562
1527,1994,8,11854,18022,-6168
1527,1994,9,65439,44350,21089
1527,1994,10,111,7700,-7589
1527,1994,11,10887,17100,-6213
1527,1994,12,44850,6757,38093
1527,1995,1,95,59034,-58939
1527,1995,2,12111,4670,7441
1527,1995,3,32680,100,32580
1527,1995,4,130,8657,-8527
1527,1995,5,36033,16894,19139
1527,1995,6,88,43680,-43592
1527,1995,7,41563,24945,16618
1527,1995,8,19445,4657,14788
1527,1995,9,13894,12361,1533
1527,1995,10,30874,33204,-2330
1527,1995,11,15011,20620,-5609
1527,1995,12,9147,32383,-23236
1527,1996,1,49425,52969,-3544
1527,1996,2,60031,20094,39937
1527,1996,3,147,10457,-10310
1527,1996,4,103,10855,-10752
1527,1996,5,58310,24757,33553
1527,1996,6,159,38954,-38795
1527,1996,7,36311,4657,31654
1527,1996,8,7910,21257,-13347
1527,1996,9,93893,37007,56886
1527,1996,10,73462,89257,-15795
1527,1996,11,40333,36557,3776
1527,1996,12,58162,87790,-29628
1527,1997,1,8391,50260,-41869
1527,1997,2,33749,21087,12662
1527,1997,3,49958,38400,11558
1527,1997,4,60886,37857,23029
1527,1997,5,73514,37857,35657
1527,1997,6,101745,150390,-48645
1527,1997,7,77011,81241,-4230
1527,1997,8,48743,53598,-4855
1527,1997,9,38790,28675,10115
1527,1997,10,19991,28207,-8216
1527,1997,11,30584,21552,9032
1527,1997,12,3962,8800,-4838
1527,1998,1,15755,48273,-32518
1527,1998,2,12925,4500,8425
1527,1998,3,12660,8627,4033
1527,1998,4,10881,3900,6981
1527,1998,5,6502,9500,-2998
1527,1998,6,11085,22600,-11515
1527,1998,7,9647,11062,-1415
1527,1998,8,9040,9912,-872
1527,1998,9,8335,100,8235
1527,1998,10,10571,14900,-4329
1527,1998,11,10754,9000,1754
1527,1998,12,60890,44365,16525
1528,1996,6,27676,0,27676
1528,1996,7,18225,3200,15025
1528,1996,8,18274,8800,9474
1528,1996,9,18301,14000,4301
1528,1996,10,18311,20615,-2304
1528,1996,11,18246,30355,-12109
1528,1996,12,27295,22315,4980
1528,1997,1,18215,36895,-18680
1528,1997,2,18895,11915,6980
1528,1997,3,18195,24515,-6320
1528,1997,4,18189,16715,1474
1528,1997,5,18182,21795,-3613
1528,1997,6,27246,15715,11531
1528,1997,7,18216,22435,-4219
1528,1997,8,18172,25636,-7464
1528,1997,9,18168,19196,-1028
1528,1997,10,18168,18896,-728
1528,1997,11,18194,15396,2798
1528,1997,12,27256,24916,2340
1528,1998,1,19389,23176,-3787
1528,1998,2,18195,17296,899
1528,1998,3,18190,16996,1194
1528,1998,4,20500,12796,7704
1528,1998,5,18225,15596,2629
1528,1998,6,33146,42616,-9470
1528,1998,7,21107,13596,7511
1528,1998,8,18241,15096,3145
1528,1998,9,18250,12896,5354
1528,1998,10,18271,16196,2075
1528,1998,11,18276,15396,2880
1528,1998,12,27354,14281,13073
1529,1996,4,600,0,600
1529,1996,5,12106,0,12106
1529,1996,6,4655,0,4655
1529,1996,7,5975,0,5975
1529,1996,8,3996,4000,-4
1529,1996,9,3997,5584,-1587
1529,1996,10,3987,7674,-3687
1529,1996,11,5875,4294,1581
1529,1996,12,5084,3484,1600
1529,1997,1,3983,6644,-2661
1529,1997,2,3978,5314,-1336
1529,1997,3,3975,3514,461
1529,1997,4,3974,6114,-2140
1529,1997,5,5569,3484,2085
1529,1997,6,3976,3414,562
1529,1997,7,3975,6414,-2439
1529,1997,8,3968,3714,254
1529,1997,9,4772,2614,2158
1529,1997,10,3979,4554,-575
1529,1997,11,3971,4964,-993
1529,1997,12,6978,2824,4154
1529,1998,1,8695,4474,4221
1529,1998,2,4003,5214,-1211
1529,1998,3,4003,2614,1389
1529,1998,4,4003,4774,-771
1529,1998,5,4005,3114,891
1529,1998,6,7208,5614,1594
1529,1998,7,4012,4314,-302
1529,1998,8,3998,10084,-6086
1529,1998,9,3977,8114,-4137
1529,1998,10,3963,6414,-2451
1529,1998,11,6668,2614,4054
1529,1998,12,3973,4749,-776
1530,1995,5,900,0,900
1530,1995,6,5550,0,5550
1530,1995,7,5550,0,5550
1530,1995,8,5550,0,5550
1530,1995,9,5550,0,5550
1530,1995,10,5610,3715,1895
1530,1995,11,5657,5715,-58
1530,1995,12,5657,4465,1192
1530,1996,1,5660,6515,-855
1530,1996,2,5659,4415,1244
1530,1996,3,5656,7555,-1899
1530,1996,4,5657,3715,1942
1530,1996,5,5659,8115,-2456
1530,1996,6,5649,7215,-1566
1530,1996,7,5646,5215,431
1530,1996,8,5643,7915,-2272
1530,1996,9,5634,7615,-1981
1530,1996,10,5625,6995,-1370
1530,1996,11,5621,7255,-1634
1530,1996,12,5612,6495,-883
1530,1997,1,5615,4315,1300
1530,1997,2,5617,5515,102
1530,1997,3,5618,5615,3
1530,1997,4,5613,7815,-2202
1530,1997,5,5604,7715,-2111
1530,1997,6,5600,5215,385
1530,1997,7,5601,5815,-214
1530,1997,8,5605,3715,1890
1530,1997,9,5594,11315,-5721
1530,1997,10,5589,3715,1874
1530,1997,11,5596,3715,1881
1530,1997,12,5604,4215,1389
1530,1998,1,5610,3715,1895
1530,1998,2,5617,3715,1902
1530,1998,3,5626,3715,1911
1530,1998,4,5633,3715,1918
1530,1998,5,5642,3715,1927
1530,1998,6,5628,12515,-6887
1530,1998,7,5621,3715,1906
1530,1998,8,5621,7555,-1934
1530,1998,9,5618,5715,-97
1530,1998,10,5620,3715,1905
1530,1998,11,5623,6195,-572
1530,1998,12,5625,4800,825
1532,1996,9,700,0,700
1532,1996,10,17949,0,17949
1532,1996,11,12616,0,12616
1532,1996,12,18016,11800,6216
1532,1997,1,12077,9400,2677
1532,1997,2,12082,12215,-133
1532,1997,3,12080,15418,-3338
1532,1997,4,12075,11718,357
1532,1997,5,12072,13598,-1526
1532,1997,6,29495,36718,-7223
1532,1997,7,14453,7918,6535
1532,1997,8,16083,11758,4325
1532,1997,9,12796,7918,4878
1532,1997,10,12808,10798,2010
1532,1997,11,12915,11878,1037
1532,1997,12,18079,19538,-1459
1532,1998,1,23588,32678,-9090
1532,1998,2,23712,7918,15794
1532,1998,3,13350,7918,5432
1532,1998,4,14051,15718,-1667
1532,1998,5,14469,7918,6551
1532,1998,6,18142,54338,-36196
1532,1998,7,30979,13318,17661
1532,1998,8,26254,7918,18336
1532,1998,9,17104,7918,9186
1532,1998,10,16039,7918,8121
1532,1998,11,15572,7918,7654
1532,1998,12,18253,13983,4270
1534,1993,5,900,0,900
1534,1993,6,23042,0,23042
1534,1993,7,15055,5000,10055
1534,1993,8,15089,11400,3689
1534,1993,9,15098,16300,-1202
1534,1993,10,15100,11315,3785
1534,1993,11,15107,20321,-5214
1534,1993,12,22574,20921,1653
1534,1994,1,15070,32261,-17191
1534,1994,2,15032,12021,3011
1534,1994,3,15045,13961,1084
1534,1994,4,15048,12821,2227
1534,1994,5,15055,14321,734
1534,1994,6,22526,31081,-8555
1534,1994,7,16032,9621,6411
1534,1994,8,15055,10821,4234
1534,1994,9,15064,14521,543
1534,1994,10,15064,19121,-4057
1534,1994,11,15051,13621,1430
1534,1994,12,22535,19121,3414
1534,1995,1,22028,36701,-14673
1534,1995,2,15015,10621,4394
1534,1995,3,15032,11821,3211
1534,1995,4,15038,14721,317
1534,1995,5,15028,21101,-6073
1534,1995,6,22511,16261,6250
1534,1995,7,15051,15821,-770
1534,1995,8,15740,14061,1679
1534,1995,9,16359,9621,6738
1534,1995,10,15057,19761,-4704
1534,1995,11,15054,13021,2033
1534,1995,12,22549,14521,8028
1534,1996,1,15028,37501,-22473
1534,1996,2,17719,9621,8098
1534,1996,3,15032,14021,1011
1534,1996,4,15039,13201,1838
1534,1996,5,15037,16881,-1844
1534,1996,6,22532,12321,10211
1534,1996,7,15065,18421,-3356
1534,1996,8,15063,14421,642
1534,1996,9,15078,10221,4857
1534,1996,10,15087,14021,1066
1534,1996,11,15094,13021,2073
1534,1996,12,22584,15181,7403
1534,1997,1,15073,30981,-15908
1534,1997,2,15070,11921,3149
1534,1997,3,15091,9721,5370
1534,1997,4,15314,9621,5693
1534,1997,5,15121,14921,200
1534,1997,6,22593,40541,-17948
1534,1997,7,16768,10341,6427
1534,1997,8,19990,12861,7129
1534,1997,9,15117,14241,876
1534,1997,10,18416,12141,6275
1534,1997,11,15148,14121,1027
1534,1997,12,22633,20801,1832
1534,1998,1,21310,34141,-12831
1534,1998,2,15106,10521,4585
1534,1998,3,15121,18941,-3820
1534,1998,4,15107,16921,-1814
1534,1998,5,15100,14921,179
1534,1998,6,22585,32241,-9656
1534,1998,7,15163,9621,5542
1534,1998,8,15086,10221,4865
1534,1998,9,15103,12921,2182
1534,1998,10,15114,11221,3893
1534,1998,11,17327,17061,266
1534,1998,12,22624,9606,13018
1535,1993,3,200,0,200
1535,1993,4,11656,0,11656
1535,1993,5,7899,0,7899
1535,1993,6,6898,0,6898
1535,1993,7,4251,2200,2051
1535,1993,8,4249,8755,-4506
1535,1993,9,4238,3872,366
1535,1993,10,5630,6972,-1342
1535,1993,11,5138,2772,2366
1535,1993,12,6308,8892,-2584
1535,1994,1,5311,15012,-9701
1535,1994,2,10308,3972,6336
1535,1994,3,7611,8052,-441
1535,1994,4,4420,2772,1648
1535,1994,5,7134,2772,4362
1535,1994,6,6312,11872,-5560
1535,1994,7,8131,2772,5359
1535,1994,8,4946,2772,2174
1535,1994,9,4747,4812,-65
1535,1994,10,6551,8412,-1861
1535,1994,11,7052,2772,4280
1535,1994,12,10734,7092,3642
1535,1995,1,9547,19092,-9545
1535,1995,2,7647,2772,4875
1535,1995,3,6061,6732,-671
1535,1995,4,9069,2772,6297
1535,1995,5,4279,3272,1007
1535,1995,6,8153,6012,2141
1535,1995,7,4288,7092,-2804
1535,1995,8,4279,3472,807
1535,1995,9,5279,8172,-2893
1535,1995,10,6680,2772,3908
1535,1995,11,10107,2772,7335
1535,1995,12,7091,5332,1759
1535,1996,1,5648,34492,-28844
1535,1996,2,19755,2772,16983
1535,1996,3,12002,2772,9230
1535,1996,4,10034,2772,7262
1535,1996,5,4341,4172,169
1535,1996,6,7116,9852,-2736
1535,1996,7,8135,8532,-397
1535,1996,8,6536,5292,1244
1535,1996,9,4340,2972,1368
1535,1996,10,4345,3672,673
1535,1996,11,4347,4572,-225
1535,1996,12,9014,4692,4322
1535,1997,1,9524,17252,-7728
1535,1997,2,4732,2772,1960
1535,1997,3,6241,2772,3469
1535,1997,4,7256,2772,4484
1535,1997,5,10767,9212,1555
1535,1997,6,13816,15252,-1436
1535,1997,7,11373,5772,5601
1535,1997,8,4396,3372,1024
1535,1997,9,8304,2772,5532
1535,1997,10,7210,7812,-602
1535,1997,11,8225,2772,5453
1535,1997,12,6516,5572,944
1535,1998,1,4428,25092,-20664
1535,1998,2,12570,2772,9798
1535,1998,3,5403,2772,2631
1535,1998,4,4397,7872,-3475
1535,1998,5,6000,2772,3228
1535,1998,6,11243,24992,-13749
1535,1998,7,10367,2772,7595
1535,1998,8,5276,7572,-2296
1535,1998,9,4374,3372,1002
1535,1998,10,4379,2972,1407
1535,1998,11,6881,8412,-1531
1535,1998,12,6437,7077,-640
1536,1993,1,300,0,300
1536,1993,2,25740,0,25740
1536,1993,3,25734,11900,13834
1536,1993,4,25782,19700,6082
1536,1993,5,25802,23900,1902
1536,1993,6,39552,66932,-27380
1536,1993,7,25720,18134,7586
1536,1993,8,25744,22634,3110
1536,1993,9,25759,20634,5125
1536,1993,10,25774,24234,1540
1536,1993,11,25780,24034,1746
1536,1993,12,38612,31734,6878
1536,1994,1,25729,49034,-23305
1536,1994,2,25728,17634,8094
1536,1994,3,25752,24234,1518
1536,1994,4,25735,34293,-8558
1536,1994,5,25731,19434,6297
1536,1994,6,38559,32834,5725
1536,1994,7,25748,38410,-12662
1536,1994,8,25723,20634,5089
1536,1994,9,25735,22185,3550
1536,1994,10,25751,23534,2217
1536,1994,11,25743,29738,-3995
1536,1994,12,38532,43760,-5228
1536,1995,1,25721,29434,-3713
1536,1995,2,37258,13234,24024
1536,1995,3,25771,49582,-23811
1536,1995,4,25731,17034,8697
1536,1995,5,25752,19234,6518
1536,1995,6,44486,47734,-3248
1536,1995,7,32074,34609,-2535
1536,1995,8,28667,32890,-4223
1536,1995,9,30564,13234,17330
1536,1995,10,25807,19034,6773
1536,1995,11,25818,32734,-6916
1536,1995,12,45413,35291,10122
1536,1996,1,25778,58534,-32756
1536,1996,2,36055,13234,22821
1536,1996,3,25762,35800,-10038
1536,1996,4,30294,13234,17060
1536,1996,5,25798,44670,-18872
1536,1996,6,47711,48761,-1050
1536,1996,7,38806,13234,25572
1536,1996,8,30331,33499,-3168
1536,1996,9,26055,52703,-26648
1536,1996,10,41574,25746,15828
1536,1996,11,36658,41535,-4877
1536,1996,12,47109,30069,17040
1536,1997,1,38942,56334,-17392
1536,1997,2,25744,38900,-13156
1536,1997,3,40243,33481,6762
1536,1997,4,35194,13234,21960
1536,1997,5,25835,24417,1418
1536,1997,6,53170,66634,-13464
1536,1997,7,26803,20231,6572
1536,1997,8,26723,28197,-1474
1536,1997,9,25831,14634,11197
1536,1997,10,35594,65482,-29888
1536,1997,11,37563,25234,12329
1536,1997,12,38622,22315,16307
1536,1998,1,28508,45934,-17426
1536,1998,2,25898,13234,12664
1536,1998,3,25852,14234,11618
1536,1998,4,25892,25034,858
1536,1998,5,25900,18334,7566
1536,1998,6,38701,43599,-4898
1536,1998,7,25896,26434,-538
1536,1998,8,25903,22434,3469
1536,1998,9,37350,52295,-14945
1536,1998,10,25854,21034,4820
1536,1998,11,29753,25295,4458
1536,1998,12,38685,32950,5735
1537,1997,6,200,0,200
1537,1997,7,21440,0,21440
1537,1997,8,11183,3300,7883
1537,1997,9,11224,1000,10224
1537,1997,10,11263,2100,9163
1537,1997,11,11277,8915,2362
1537,1997,12,16815,17515,-700
1537,1998,1,11223,31195,-19972
1537,1998,2,11220,5175,6045
1537,1998,3,11240,4815,6425
1537,1998,4,11251,9315,1936
1537,1998,5,11265,7715,3550
1537,1998,6,16750,47235,-30485
1537,1998,7,23408,15,23393
1537,1998,8,11240,2715,8525
1537,1998,9,11274,8115,3159
1537,1998,10,11289,5015,6274
1537,1998,11,11327,12795,-1468
1537,1998,12,16858,4000,12858
1538,1996,9,53297,0,53297
1538,1996,10,31135,20300,10835
1538,1996,11,61843,89682,-27839
1538,1996,12,94957,50337,44620
1538,1997,1,115918,119444,-3526
1538,1997,2,31262,38450,-7188
1538,1997,3,217,36103,-35886
1538,1997,4,39701,21403,18298
1538,1997,5,222612,178803,43809
1538,1997,6,57403,109241,-51838
1538,1997,7,39118,23673,15445
1538,1997,8,43847,55871,-12024
1538,1997,9,142,26203,-26061
1538,1997,10,90,10303,-10213
1538,1997,11,31823,10303,21520
1538,1997,12,199737,129103,70634
1538,1998,1,30723,66234,-35511
1538,1998,2,24513,42303,-17790
1538,1998,3,122080,88503,33577
1538,1998,4,43006,92003,-48997
1538,1998,5,162583,107603,54980
1538,1998,6,77071,79803,-2732
1538,1998,7,111453,107403,4050
1538,1998,8,37089,90303,-53214
1538,1998,9,57899,47503,10396
1538,1998,10,74883,73508,1375
1538,1998,11,132,30303,-30171
1538,1998,12,26294,10288,16006
1539,1993,1,600,0,600
1539,1993,2,55788,0,55788
1539,1993,3,234,13400,-13166
1539,1993,4,32584,10200,22384
1539,1993,5,42049,48856,-6807
1539,1993,6,11583,35700,-24117
1539,1993,7,28829,27900,929
1539,1993,8,102,21900,-21798
1539,1993,9,9254,23701,-14447
1539,1993,10,11502,106,11396
1539,1993,11,13318,14823,-1505
1539,1993,12,13721,14724,-1003
1539,1994,1,91502,54477,37025
1539,1994,2,10882,35696,-24814
1539,1994,3,13298,28067,-14769
1539,1994,4,21803,17700,4103
1539,1994,5,79130,49149,29981
1539,1994,6,21016,37306,-16290
1539,1994,7,6342,25900,-19558
1539,1994,8,11621,11500,121
1539,1994,9,40391,16300,24091
1539,1994,10,18089,30800,-12711
1539,1994,11,43727,45950,-2223
1539,1994,12,10458,16200,-5742
1539,1995,1,11738,7200,4538
1539,1995,2,12218,14613,-2395
1539,1995,3,14223,13416,807
1539,1995,4,12831,12003,828
1539,1995,5,44280,17900,26380
1539,1995,6,120,15400,-15280
1539,1995,7,6745,23700,-16955
1539,1995,8,15031,15100,-69
1539,1995,9,9729,6500,3229
1539,1995,10,47546,24205,23341
1539,1995,11,5191,24187,-18996
1539,1995,12,13466,14100,-634
1539,1996,1,22208,8200,14008
1539,1996,2,53859,28200,25659
1539,1996,3,44276,57100,-12824
1539,1996,4,42305,33000,9305
1539,1996,5,151,26700,-26549
1539,1996,6,6689,12363,-5674
1539,1996,7,14546,15300,-754
1539,1996,8,92535,48326,44209
1539,1996,9,43577,45956,-2379
1539,1996,10,39296,74372,-35076
1539,1996,11,6587,15700,-9113
1539,1996,12,37384,40448,-3064
1539,1997,1,14442,16200,-1758
1539,1997,2,13033,21400,-8367
1539,1997,3,13722,6200,7522
1539,1997,4,12233,13000,-767
1539,1997,5,12331,12600,-269
1539,1997,6,12123,16300,-4177
1539,1997,7,12909,20109,-7200
1539,1997,8,14214,5612,8602
1539,1997,9,11529,15500,-3971
1539,1997,10,1,13684,-13683
1539,1997,11,14700,7224,7476
1539,1997,12,14104,14324,-220
1539,1998,1,105607,58342,47265
1539,1998,2,83063,84400,-1337
1539,1998,3,70265,43900,26365
1539,1998,4,48679,37080,11599
1539,1998,5,71580,85500,-13920
1539,1998,6,9041,47900,-38859
1539,1998,7,12699,28600,-15901
1539,1998,8,6871,24560,-17689
1539,1998,9,10211,5153,5058
1539,1998,10,0,7030,-7030
1539,1998,11,40069,21439,18630
1539,1998,12,33965,32380,1585
1540,1995,3,500,0,500
1540,1995,4,23355,1100,22255
1540,1995,5,23447,9300,14147
1540,1995,6,35179,21600,13579
1540,1995,7,23556,21900,1656
1540,1995,8,23588,28055,-4467
1540,1995,9,23564,28312,-4748
1540,1995,10,23547,23912,-365
1540,1995,11,23543,25012,-1469
1540,1995,12,35236,28212,7024
1540,1996,1,23545,28112,-4567
1540,1996,2,23544,23712,-168
1540,1996,3,23545,22812,733
1540,1996,4,23547,26512,-2965
1540,1996,5,23540,22312,1228
1540,1996,6,35199,44212,-9013
1540,1996,7,23505,19412,4093
1540,1996,8,23518,23612,-94
1540,1996,9,23511,25212,-1701
1540,1996,10,23489,31612,-8123
1540,1996,11,23471,23212,259
1540,1996,12,35161,28512,6649
1540,1997,1,23482,28712,-5230
1540,1997,2,23476,20612,2864
1540,1997,3,23483,24012,-529
1540,1997,4,23486,20212,3274
1540,1997,5,23490,31312,-7822
1540,1997,6,35162,23312,11850
1540,1997,7,23519,20012,3507
1540,1997,8,23529,20312,3217
1540,1997,9,23538,21612,1926
1540,1997,10,23549,20412,3137
1540,1997,11,23589,12712,10877
1540,1997,12,35319,16712,18607
1540,1998,1,23655,31212,-7557
1540,1998,2,23653,19512,4141
1540,1998,3,23673,20812,2861
1540,1998,4,23692,19712,3980
1540,1998,5,23697,24212,-515
1540,1998,6,35368,30712,4656
1540,1998,7,23711,25812,-2101
1540,1998,8,23710,22512,1198
1540,1998,9,23712,23212,500
1540,1998,10,23719,17512,6207
1540,1998,11,23725,25212,-1487
1540,1998,12,35413,27997,7416
1541,1996,10,900,0,900
1541,1996,11,12025,0,12025
1541,1996,12,5264,0,5264
1541,1997,1,2380,0,2380
1541,1997,2,2188,1265,923
1541,1997,3,5099,915,4184
1541,1997,4,3913,1665,2248
1541,1997,5,48841,4615,44226
1541,1997,6,2314,43615,-41301
1541,1997,7,620,4415,-3795
1541,1997,8,601,5815,-5214
1541,1997,9,585,3415,-2830
1541,1997,10,3425,1515,1910
1541,1997,11,585,1315,-730
1541,1997,12,4992,1815,3177
1541,1998,1,2878,9615,-6737
1541,1998,2,5880,15,5865
1541,1998,3,2699,15,2684
1541,1998,4,4811,2465,2346
1541,1998,5,4623,15,4608
1541,1998,6,88040,19615,68425
1541,1998,7,2423,40465,-38042
1541,1998,8,2315,19515,-17200
1541,1998,9,2261,12515,-10254
1541,1998,10,2232,7565,-5333
1541,1998,11,2200,8315,-6115
1541,1998,12,2188,8800,-6612
1542,1996,4,1000,0,1000
1542,1996,5,6984,0,6984
1542,1996,6,6984,0,6984
1542,1996,7,7006,1400,5606
1542,1996,8,7071,5700,1371
1542,1996,9,7077,5915,1162
1542,1996,10,7087,8070,-983
1542,1996,11,7086,5570,1516
1542,1996,12,7096,3070,4026
1542,1997,1,7092,13070,-5978
1542,1997,2,7081,7510,-429
1542,1997,3,7080,9170,-2090
1542,1997,4,7071,6770,301
1542,1997,5,7059,11450,-4391
1542,1997,6,7050,8470,-1420
1542,1997,7,7045,8170,-1125
1542,1997,8,7040,7870,-830
1542,1997,9,7047,2670,4377
1542,1997,10,7050,9970,-2920
1542,1997,11,7052,3630,3422
1542,1997,12,7067,2670,4397
1542,1998,1,7074,9390,-2316
1542,1998,2,7048,14770,-7722
1542,1998,3,7043,2670,4373
1542,1998,4,7061,2670,4391
1542,1998,5,7080,2670,4410
1542,1998,6,7089,7930,-841
1542,1998,7,7093,3070,4023
1542,1998,8,7100,5870,1230
1542,1998,9,7106,6030,1076
1542,1998,10,7065,23570,-16505
1542,1998,11,7052,2670,4382
1542,1998,12,7070,2655,4415
1543,1996,4,1603,0,1603
1543,1996,5,14542,0,14542
1543,1996,6,5069,8515,-3446
1543,1996,7,6267,15,6252
1543,1996,8,4589,15,4574
1543,1996,9,6810,1515,5295
1543,1996,10,22201,15,22186
1543,1996,11,2492,11015,-8523
1543,1996,12,23772,16215,7557
1543,1997,1,2471,18215,-15744
1543,1997,2,5656,15,5641
1543,1997,3,7583,15,7568
1543,1997,4,2498,2015,483
1543,1997,5,2498,3415,-917
1543,1997,6,2462,30615,-28153
1543,1997,7,13312,15,13297
1543,1997,8,8050,315,7735
1543,1997,9,20942,2615,18327
1543,1997,10,2521,11815,-9294
1543,1997,11,2483,10515,-8032
1543,1997,12,27829,24365,3464
1543,1998,1,2448,18715,-16267
1543,1998,2,2415,2815,-400
1543,1998,3,2409,4615,-2206
1543,1998,4,2381,8915,-6534
1543,1998,5,10968,8965,2003
1543,1998,6,2380,6565,-4185
1543,1998,7,2371,2065,306
1543,1998,8,2375,15,2360
1543,1998,9,2385,15,2370
1543,1998,10,2395,15,2380
1543,1998,11,42839,43315,-476
1543,1998,12,2395,2800,-405
1544,1993,7,1100,0,1100
1544,1993,8,21107,0,21107
1544,1993,9,19077,6000,13077
1544,1993,10,19106,15700,3406
1544,1993,11,19117,16900,2217
1544,1993,12,28601,31290,-2689
1544,1994,1,19075,42010,-22935
1544,1994,2,19041,9830,9211
1544,1994,3,19075,11830,7245
1544,1994,4,19092,17930,1162
1544,1994,5,19094,16930,2164
1544,1994,6,28547,46750,-18203
1544,1994,7,19048,10230,8818
1544,1994,8,19066,17570,1496
1544,1994,9,21201,9730,11471
1544,1994,10,19131,13230,5901
1544,1994,11,19141,17630,1511
1544,1994,12,28641,21810,6831
1544,1995,1,19100,51810,-32710
1544,1995,2,24669,13930,10739
1544,1995,3,20213,9730,10483
1544,1995,4,19127,23290,-4163
1544,1995,5,19127,12630,6497
1544,1995,6,28578,39310,-10732
1544,1995,7,19921,9730,10191
1544,1995,8,19146,14350,4796
1544,1995,9,19143,22950,-3807
1544,1995,10,19149,18090,1059
1544,1995,11,19122,21730,-2608
1544,1995,12,28649,26390,2259
1544,1996,1,20133,35330,-15197
1544,1996,2,19101,16430,2671
1544,1996,3,19105,18410,695
1544,1996,4,19113,15130,3983
1544,1996,5,19130,14130,5000
1544,1996,6,30828,35970,-5142
1544,1996,7,19123,16710,2413
1544,1996,8,19136,16830,2306
1544,1996,9,19143,20730,-1587
1544,1996,10,19137,18030,1107
1544,1996,11,19127,24970,-5843
1544,1996,12,28616,23110,5506
1544,1997,1,19110,27110,-8000
1544,1997,2,19111,11130,7981
1544,1997,3,19141,15930,3211
1544,1997,4,19138,21830,-2692
1544,1997,5,19137,17310,1827
1544,1997,6,28607,33150,-4543
1544,1997,7,19131,14530,4601
1544,1997,8,19148,15230,3918
1544,1997,9,19158,19730,-572
1544,1997,10,19154,20330,-1176
1544,1997,11,19137,26710,-7573
1544,1997,12,28608,29850,-1242
1544,1998,1,19087,37210,-18123
1544,1998,2,19051,9830,9221
1544,1998,3,19083,14230,4853
1544,1998,4,19106,12330,6776
1544,1998,5,19122,16990,2132
1544,1998,6,28614,26710,1904
1544,1998,7,19135,20230,-1095
1544,1998,8,19132,18730,402
1544,1998,9,19128,20830,-1702
1544,1998,10,19124,19330,-206
1544,1998,11,19130,15430,3700
1544,1998,12,28628,25275,3353
1545,1993,3,200,0,200
1545,1993,4,14000,0,14000
1545,1993,5,31954,0,31954
1545,1993,6,192,11000,-10808
1545,1993,7,192,7100,-6908
1545,1993,8,76950,2000,74950
1545,1993,9,96148,109715,-13567
1545,1993,10,225,55941,-55716
1545,1993,11,19573,19052,521
1545,1993,12,102,13552,-13450
1545,1994,1,79,3852,-3773
1545,1994,2,5879,3752,2127
1545,1994,3,4283,3752,531
1545,1994,4,4887,3752,1135
1545,1994,5,15972,3752,12220
1545,1994,6,119,8352,-8233
1545,1994,7,48698,28052,20646
1545,1994,8,21249,19752,1497
1545,1994,9,186,9352,-9166
1545,1994,10,6728,17552,-10824
1545,1994,11,20337,12752,7585
1545,1994,12,130,5652,-5522
1545,1995,1,2207,11252,-9045
1545,1995,2,7075,3752,3323
1545,1995,3,74041,41899,32142
1545,1995,4,214,13752,-13538
1545,1995,5,32669,28695,3974
1545,1995,6,94394,75252,19142
1545,1995,7,26422,36252,-9830
1545,1995,8,212,9552,-9340
1545,1995,9,44342,42273,2069
1545,1995,10,44455,38436,6019
1545,1995,11,2074,24332,-22258
1545,1995,12,30962,23652,7310
1545,1996,1,4824,19352,-14528
1545,1996,2,4095,3752,343
1545,1996,3,7200,3752,3448
1545,1996,4,6816,3752,3064
1545,1996,5,2621,3752,-1131
1545,1996,6,5423,3752,1671
1545,1996,7,7622,16052,-8430
1545,1996,8,7101,3752,3349
1545,1996,9,6311,3752,2559
1545,1996,10,31957,15252,16705
1545,1996,11,175,6052,-5877
1545,1996,12,2639,10652,-8013
1545,1997,1,67214,14552,52662
1545,1997,2,38915,28052,10863
1545,1997,3,35154,38852,-3698
1545,1997,4,40355,38252,2103
1545,1997,5,57122,86952,-29830
1545,1997,6,225,26652,-26427
1545,1997,7,24026,3752,20274
1545,1997,8,59657,17552,42105
1545,1997,9,91437,104952,-13515
1545,1997,10,20918,41252,-20334
1545,1997,11,30599,26952,3647
1545,1997,12,195,30952,-30757
1545,1998,1,21987,29252,-7265
1545,1998,2,105486,39252,66234
1545,1998,3,71906,69052,2854
1545,1998,4,41096,95752,-54656
1545,1998,5,31091,27147,3944
1545,1998,6,134,23105,-22971
1545,1998,7,47280,47372,-92
1545,1998,8,18406,17552,854
1545,1998,9,85,8752,-8667
1545,1998,10,64,3752,-3688
1545,1998,11,14082,3752,10330
1545,1998,12,38766,3737,35029
1546,1996,11,800,0,800
1546,1996,12,16348,0,16348
1546,1997,1,7962,1600,6362
1546,1997,2,7980,6300,1680
1546,1997,3,7988,6000,1988
1546,1997,4,7995,9088,-1093
1546,1997,5,7995,14788,-6793
1546,1997,6,11911,10288,1623
1546,1997,7,7967,11688,-3721
1546,1997,8,7953,8588,-635
1546,1997,9,7951,8188,-237
1546,1997,10,7946,9888,-1942
1546,1997,11,7937,9988,-2051
1546,1997,12,11883,9488,2395
1546,1998,1,7939,10088,-2149
1546,1998,2,9045,4188,4857
1546,1998,3,7949,10688,-2739
1546,1998,4,7948,5688,2260
1546,1998,5,7955,6488,1467
1546,1998,6,11901,15488,-3587
1546,1998,7,7939,9288,-1349
1546,1998,8,7932,9488,-1556
1546,1998,9,7940,4188,3752
1546,1998,10,7944,12088,-4144
1546,1998,11,7918,11288,-3370
1546,1998,12,11862,9273,2589
1547,1993,9,700,0,700
1547,1993,10,23051,0,23051
1547,1993,11,23017,13400,9617
1547,1993,12,34513,21400,13113
1547,1994,1,23112,13300,9812
1547,1994,2,23144,16215,6929
1547,1994,3,23125,36135,-13010
1547,1994,4,23127,13615,9512
1547,1994,5,23154,18715,4439
1547,1994,6,34619,29155,5464
1547,1994,7,23189,21215,1974
1547,1994,8,23195,22115,1080
1547,1994,9,23197,23015,182
1547,1994,10,23175,25975,-2800
1547,1994,11,23186,24115,-929
1547,1994,12,34635,23375,11260
1547,1995,1,23137,46435,-23298
1547,1995,2,23137,23095,42
1547,1995,3,23145,17615,5530
1547,1995,4,23163,19715,3448
1547,1995,5,23169,22815,354
1547,1995,6,34649,21915,12734
1547,1995,7,23214,26815,-3601
1547,1995,8,23194,28415,-5221
1547,1995,9,23178,33435,-10257
1547,1995,10,23153,19215,3938
1547,1995,11,23159,23515,-356
1547,1995,12,34620,19515,15105
1547,1996,1,23104,50535,-27431
1547,1996,2,23120,17415,5705
1547,1996,3,23138,19715,3423
1547,1996,4,23152,21215,1937
1547,1996,5,23164,36815,-13651
1547,1996,6,34524,51255,-16731
1547,1996,7,23026,20315,2711
1547,1996,8,23078,19315,3763
1547,1996,9,23091,26015,-2924
1547,1996,10,23041,20615,2426
1547,1996,11,23049,24315,-1266
1547,1996,12,34551,31415,3136
1547,1997,1,23061,37055,-13994
1547,1997,2,23002,17115,5887
1547,1997,3,23026,17915,5111
1547,1997,4,23043,24315,-1272
1547,1997,5,23075,22315,760
1547,1997,6,34491,31715,2776
1547,1997,7,23080,25815,-2735
1547,1997,8,23064,28915,-5851
1547,1997,9,23019,20615,2404
1547,1997,10,23034,27015,-3981
1547,1997,11,23008,24215,-1207
1547,1997,12,34488,40115,-5627
1547,1998,1,22990,23455,-465
1547,1998,2,22982,15,22967
1547,1998,3,23044,45315,-22271
1547,1998,4,22985,15,22970
1547,1998,5,23123,4815,18308
1547,1998,6,34552,75655,-41103
1547,1998,7,22985,15,22970
1547,1998,8,23032,48615,-25583
1547,1998,9,22974,15,22959
1547,1998,10,23069,15,23054
1547,1998,11,23074,68215,-45141
1547,1998,12,34452,5500,28952
1548,1995,1,800,0,800
1548,1995,2,3159,0,3159
1548,1995,3,3159,0,3159
1548,1995,4,3159,0,3159
1548,1995,5,3159,0,3159
1548,1995,6,3197,2121,1076
1548,1995,7,3222,2121,1101
1548,1995,8,3227,2121,1106
1548,1995,9,3232,2121,1111
1548,1995,10,3232,3591,-359
1548,1995,11,3235,2121,1114
1548,1995,12,3243,2631,612
1548,1996,1,3240,3321,-81
1548,1996,2,3241,2121,1120
1548,1996,3,3245,2651,594
1548,1996,4,3246,3501,-255
1548,1996,5,3245,4021,-776
1548,1996,6,3236,8781,-5545
1548,1996,7,3219,3521,-302
1548,1996,8,3215,5021,-1806
1548,1996,9,3212,2121,1091
1548,1996,10,3217,2121,1096
1548,1996,11,3221,2121,1100
1548,1996,12,3216,7021,-3805
1548,1997,1,3210,2121,1089
1548,1997,2,3214,2121,1093
1548,1997,3,3219,2451,768
1548,1997,4,3213,6391,-3178
1548,1997,5,3209,2121,1088
1548,1997,6,3213,2601,612
1548,1997,7,3210,4921,-1711
1548,1997,8,3209,2121,1088
1548,1997,9,3213,2421,792
1548,1997,10,3217,2121,1096
1548,1997,11,3221,2121,1100
1548,1997,12,3225,3321,-96
1548,1998,1,3225,2121,1104
1548,1998,2,3230,2121,1109
1548,1998,3,3230,4161,-931
1548,1998,4,3231,2121,1110
1548,1998,5,3235,2121,1114
1548,1998,6,3230,5271,-2041
1548,1998,7,3231,2121,1110
1548,1998,8,3236,2121,1115
1548,1998,9,3240,2121,1119
1548,1998,10,3243,3171,72
1548,1998,11,3245,2361,884
1548,1998,12,3249,2286,963
1549,1996,11,500,0,500
1549,1996,12,21780,0,21780
1549,1997,1,14401,7800,6601
1549,1997,2,14425,9800,4625
1549,1997,3,14444,10000,4444
1549,1997,4,14468,14667,-199
1549,1997,5,14457,21267,-6810
1549,1997,6,21566,32667,-11101
1549,1997,7,14404,7467,6937
1549,1997,8,14431,8267,6164
1549,1997,9,14452,9967,4485
1549,1997,10,14470,10367,4103
1549,1997,11,14474,16167,-1693
1549,1997,12,21629,20167,1462
1549,1998,1,14442,27267,-12825
1549,1998,2,14434,8467,5967
1549,1998,3,14447,14667,-220
1549,1998,4,14443,18467,-4024
1549,1998,5,14436,11367,3069
1549,1998,6,21602,21067,535
1549,1998,7,14449,12567,1882
1549,1998,8,14465,7967,6498
1549,1998,9,14481,13567,914
1549,1998,10,14489,10367,4122
1549,1998,11,14515,10667,3848
1549,1998,12,21664,22752,-1088
1550,1996,4,500,0,500
1550,1996,5,15120,0,15120
1550,1996,6,11918,400,11518
1550,1996,7,8001,6300,1701
1550,1996,8,7999,9800,-1801
1550,1996,9,7996,8423,-427
1550,1996,10,7994,9283,-1289
1550,1996,11,7988,8923,-935
1550,1996,12,11927,13103,-1176
1550,1997,1,7976,16943,-8967
1550,1997,2,12268,4723,7545
1550,1997,3,7962,15183,-7221
1550,1997,4,8457,4723,3734
1550,1997,5,8874,4723,4151
1550,1997,6,11910,16983,-5073
1550,1997,7,7966,5623,2343
1550,1997,8,8575,7003,1572
1550,1997,9,7968,11323,-3355
1550,1997,10,7958,13203,-5245
1550,1997,11,10560,4723,5837
1550,1997,12,11917,11383,534
1550,1998,1,8360,13243,-4883
1550,1998,2,11770,4723,7047
1550,1998,3,8388,4723,3665
1550,1998,4,7994,7623,371
1550,1998,5,7998,6223,1775
1550,1998,6,11934,16063,-4129
1550,1998,7,10402,4723,5679
1550,1998,8,8015,5223,2792
1550,1998,9,8025,5823,2202
1550,1998,10,8030,7023,1007
1550,1998,11,8029,9743,-1714
1550,1998,12,11975,8488,3487
1551,1997,6,1100,0,1100
1551,1997,7,6647,0,6647
1551,1997,8,6647,0,6647
1551,1997,9,6647,0,6647
1551,1997,10,6647,0,6647
1551,1997,11,6733,6418,315
1551,1997,12,6776,4028,2748
1551,1998,1,6766,12048,-5282
1551,1998,2,6755,7138,-383
1551,1998,3,6750,8378,-1628
1551,1998,4,6741,10378,-3637
1551,1998,5,6725,10198,-3473
1551,1998,6,6701,11428,-4727
1551,1998,7,6706,3078,3628
1551,1998,8,6713,6838,-125
1551,1998,9,6721,3078,3643
1551,1998,10,6736,3078,3658
1551,1998,11,6738,7578,-840
1551,1998,12,6747,3463,3284
1552,1994,1,25141,0,25141
1552,1994,2,24736,1600,23136
1552,1994,3,24798,13500,11298
1552,1994,4,24840,15000,9840
1552,1994,5,24856,23215,1641
1552,1994,6,37169,26278,10891
1552,1994,7,24867,59078,-34211
1552,1994,8,24816,24478,338
1552,1994,9,24816,26278,-1462
1552,1994,10,24809,26578,-1769
1552,1994,11,24796,23978,818
1552,1994,12,37109,31578,5531
1552,1995,1,24791,34478,-9687
1552,1995,2,24786,22178,2608
1552,1995,3,24790,26678,-1888
1552,1995,4,24790,18678,6112
1552,1995,5,24812,23178,1634
1552,1995,6,37132,28878,8254
1552,1995,7,24847,27878,-3031
1552,1995,8,24836,23278,1558
1552,1995,9,24839,24678,161
1552,1995,10,24836,27178,-2342
1552,1995,11,24826,25178,-352
1552,1995,12,37139,28278,8861
1552,1996,1,24833,41578,-16745
1552,1996,2,24787,21178,3609
1552,1996,3,24806,22678,2128
1552,1996,4,24810,25378,-568
1552,1996,5,24809,23578,1231
1552,1996,6,37119,30978,6141
1552,1996,7,24834,25478,-644
1552,1996,8,24828,25578,-750
1552,1996,9,24824,24778,46
1552,1996,10,24821,26078,-1257
1552,1996,11,24819,23278,1541
1552,1996,12,37128,31378,5750
1552,1997,1,24813,31378,-6565
1552,1997,2,24824,20878,3946
1552,1997,3,24842,23578,1264
1552,1997,4,24848,20578,4270
1552,1997,5,24853,25378,-525
1552,1997,6,37163,27378,9785
1552,1997,7,24884,27078,-2194
1552,1997,8,24864,30578,-5714
1552,1997,9,24848,26278,-1430
1552,1997,10,24833,28978,-4145
1552,1997,11,24814,29378,-4564
1552,1997,12,37098,34978,2120
1552,1998,1,24769,39178,-14409
1552,1998,2,24759,21378,3381
1552,1998,3,24768,24978,-210
1552,1998,4,24778,19978,4800
1552,1998,5,24790,22978,1812
1552,1998,6,37096,28878,8218
1552,1998,7,24823,24878,-55
1552,1998,8,24810,28078,-3268
1552,1998,9,24803,25578,-775
1552,1998,10,24810,21878,2932
1552,1998,11,24820,22278,2542
1552,1998,12,37133,30163,6970
1553,1996,12,1000,0,1000
1553,1997,1,9717,0,9717
1553,1997,2,8958,0,8958
1553,1997,3,2285,0,2285
1553,1997,4,1493,400,1093
1553,1997,5,23306,1515,21791
1553,1997,6,1887,22915,-21028
1553,1997,7,37388,20015,17373
1553,1997,8,1553,11815,-10262
1553,1997,9,1522,4715,-3193
1553,1997,10,1511,3515,-2004
1553,1997,11,2311,15,2296
1553,1997,12,1511,4015,-2504
1553,1998,1,1495,7315,-5820
1553,1998,2,1479,2615,-1136
1553,1998,3,4085,515,3570
1553,1998,4,1487,3715,-2228
1553,1998,5,1486,3415,-1929
1553,1998,6,1464,6115,-4651
1553,1998,7,3262,15,3247
1553,1998,8,50036,27515,22521
1553,1998,9,1533,15715,-14182
1553,1998,10,1487,9315,-7828
1553,1998,11,30955,18115,12840
1553,1998,12,1500,9850,-8350
1554,1994,11,300,0,300
1554,1994,12,26685,2000,24685
1554,1995,1,17878,8700,9178
1554,1995,2,17906,12700,5206
1554,1995,3,17923,14600,3323
1554,1995,4,17935,16555,1380
1554,1995,5,17930,21466,-3536
1554,1995,6,26798,38866,-12068
1554,1995,7,17880,14666,3214
1554,1995,8,17895,16046,1849
1554,1995,9,19924,12326,7598
1554,1995,10,17951,7066,10885
1554,1995,11,17961,19566,-1605
1554,1995,12,26846,21786,5060
1554,1996,1,17941,44186,-26245
1554,1996,2,18503,6566,11937
1554,1996,3,17941,10766,7175
1554,1996,4,17968,11566,6402
1554,1996,5,17983,15966,2017
1554,1996,6,26871,34186,-7315
1554,1996,7,17982,9386,8596
1554,1996,8,17999,15946,2053
1554,1996,9,18002,16666,1336
1554,1996,10,17984,20986,-3002
1554,1996,11,17988,19846,-1858
1554,1996,12,26884,19446,7438
1554,1997,1,17973,31026,-13053
1554,1997,2,17944,18286,-342
1554,1997,3,17956,21066,-3110
1554,1997,4,17966,10866,7100
1554,1997,5,17980,16266,1714
1554,1997,6,26875,50946,-24071
1554,1997,7,18316,6566,11750
1554,1997,8,17950,18266,-316
1554,1997,9,17962,20166,-2204
1554,1997,10,17970,18366,-396
1554,1997,11,17933,24846,-6913
1554,1997,12,26808,25466,1342
1554,1998,1,17905,23066,-5161
1554,1998,2,17903,13766,4137
1554,1998,3,17922,10666,7256
1554,1998,4,17942,16566,1376
1554,1998,5,17947,18746,-799
1554,1998,6,26813,30526,-3713
1554,1998,7,17927,19966,-2039
1554,1998,8,17923,16466,1457
1554,1998,9,17923,19566,-1643
1554,1998,10,17921,15966,1955
1554,1998,11,17916,17426,490
1554,1998,12,26832,8951,17881
1555,1996,11,1100,0,1100
1555,1996,12,6260,0,6260
1555,1997,1,6260,0,6260
1555,1997,2,6260,0,6260
1555,1997,3,6260,0,6260
1555,1997,4,6352,3695,2657
1555,1997,5,6390,5038,1352
1555,1997,6,6389,7178,-789
1555,1997,7,6392,3278,3114
1555,1997,8,6404,4238,2166
1555,1997,9,6414,3278,3136
1555,1997,10,6428,3278,3150
1555,1997,11,6438,5438,1000
1555,1997,12,6440,4478,1962
1555,1998,1,6438,7538,-1100
1555,1998,2,6433,7118,-685
1555,1998,3,6441,5438,1003
1555,1998,4,6450,3278,3172
1555,1998,5,6463,3278,3185
1555,1998,6,6457,10678,-4221
1555,1998,7,6449,6238,211
1555,1998,8,6452,4978,1474
1555,1998,9,6465,3278,3187
1555,1998,10,6461,8878,-2417
1555,1998,11,6468,7778,-1310
1555,1998,12,6465,5663,802
1556,1996,9,600,0,600
1556,1996,10,5955,0,5955
1556,1996,11,5955,0,5955
1556,1996,12,5955,0,5955
1556,1997,1,5955,0,5955
1556,1997,2,6027,1852,4175
1556,1997,3,6083,2852,3231
1556,1997,4,6086,7072,-986
1556,1997,5,6090,3652,2438
1556,1997,6,6071,13252,-7181
1556,1997,7,6075,1852,4223
1556,1997,8,6092,1852,4240
1556,1997,9,6110,1852,4258
1556,1997,10,6125,3452,2673
1556,1997,11,6133,4652,1481
1556,1997,12,6145,3152,2993
1556,1998,1,6135,13532,-7397
1556,1998,2,6123,4152,1971
1556,1998,3,6135,2452,3683
1556,1998,4,6152,2152,4000
1556,1998,5,6158,5452,706
1556,1998,6,6160,8452,-2292
1556,1998,7,6160,1852,4308
1556,1998,8,6178,1852,4326
1556,1998,9,6164,14832,-8668
1556,1998,10,6160,1852,4308
1556,1998,11,6178,1852,4326
1556,1998,12,6188,5697,491
1557,1996,12,700,0,700
1557,1997,1,6015,0,6015
1557,1997,2,6015,0,6015
1557,1997,3,6015,0,6015
1557,1997,4,6079,400,5679
1557,1997,5,6126,2468,3658
1557,1997,6,6123,15558,-9435
1557,1997,7,6103,2268,3835
1557,1997,8,6113,5388,725
1557,1997,9,6122,2268,3854
1557,1997,10,6138,2268,3870
1557,1997,11,6146,5548,598
1557,1997,12,6147,7028,-881
1557,1998,1,6143,13658,-7515
1557,1998,2,6121,2268,3853
1557,1998,3,6129,5948,181
1557,1998,4,6137,2828,3309
1557,1998,5,6146,4988,1158
1557,1998,6,6132,11268,-5136
1557,1998,7,6135,2268,3867
1557,1998,8,6152,2268,3884
1557,1998,9,6167,2268,3899
1557,1998,10,6184,2268,3916
1557,1998,11,6200,2268,3932
1557,1998,12,6214,4193,2021
1558,1996,10,600,0,600
1558,1996,11,13823,0,13823
1558,1996,12,9188,3100,6088
1558,1997,1,6156,0,6156
1558,1997,2,6183,4700,1483
1558,1997,3,6176,11162,-4986
1558,1997,4,6157,9662,-3505
1558,1997,5,6161,4662,1499
1558,1997,6,9168,18862,-9694
1558,1997,7,7333,4062,3271
1558,1997,8,9655,4062,5593
1558,1997,9,6154,11862,-5708
1558,1997,10,8740,6562,2178
1558,1997,11,10845,7962,2883
1558,1997,12,9203,6162,3041
1558,1998,1,7652,15962,-8310
1558,1998,2,6137,7062,-925
1558,1998,3,6134,4062,2072
1558,1998,4,6142,4962,1180
1558,1998,5,6147,5162,985
1558,1998,6,9189,8762,427
1558,1998,7,6152,5362,790
1558,1998,8,6149,9062,-2913
1558,1998,9,7545,4062,3483
1558,1998,10,7560,4062,3498
1558,1998,11,6368,6262,106
1558,1998,12,9216,8147,1069
1559,1994,10,23599,0,23599
1559,1994,11,25502,0,25502
1559,1994,12,34519,9700,24819
1559,1995,1,23132,22500,632
1559,1995,2,23106,33619,-10513
1559,1995,3,23082,26819,-3737
1559,1995,4,23074,24519,-1445
1559,1995,5,23050,29399,-6349
1559,1995,6,34491,39639,-5148
1559,1995,7,23044,17219,5825
1559,1995,8,23052,22219,833
1559,1995,9,23063,20019,3044
1559,1995,10,23066,25659,-2593
1559,1995,11,23060,21419,1641
1559,1995,12,34508,26199,8309
1559,1996,1,22971,63019,-40048
1559,1996,2,22962,8019,14943
1559,1996,3,23018,26619,-3601
1559,1996,4,23007,20919,2088
1559,1996,5,23014,24439,-1425
1559,1996,6,34399,36119,-1720
1559,1996,7,22999,20659,2340
1559,1996,8,23008,18619,4389
1559,1996,9,23028,21959,1069
1559,1996,10,23027,22419,608
1559,1996,11,23030,19419,3611
1559,1996,12,34496,31419,3077
1559,1997,1,23029,38419,-15390
1559,1997,2,22993,17419,5574
1559,1997,3,23022,20919,2103
1559,1997,4,23023,20219,2804
1559,1997,5,23034,20919,2115
1559,1997,6,40993,55659,-14666
1559,1997,7,22988,13319,9669
1559,1997,8,23020,19019,4001
1559,1997,9,23030,23419,-389
1559,1997,10,23021,28519,-5498
1559,1997,11,23008,20119,2889
1559,1997,12,34448,27919,6529
1559,1998,1,23019,34919,-11900
1559,1998,2,22995,19219,3776
1559,1998,3,23012,20119,2893
1559,1998,4,23020,22019,1001
1559,1998,5,23018,25519,-2501
1559,1998,6,34447,24919,9528
1559,1998,7,23047,23819,-772
1559,1998,8,23050,26019,-2969
1559,1998,9,23038,18519,4519
1559,1998,10,23062,20759,2303
1559,1998,11,23058,21419,1639
1559,1998,12,34481,37204,-2723
1560,1997,4,1000,0,1000
1560,1997,5,16743,0,16743
1560,1997,6,15011,0,15011
1560,1997,7,7742,5400,2342
1560,1997,8,7746,7500,246
1560,1997,9,7738,12184,-4446
1560,1997,10,7723,10528,-2805
1560,1997,11,7718,6828,890
1560,1997,12,11534,8128,3406
1560,1998,1,7721,14928,-7207
1560,1998,2,9318,4828,4490
1560,1998,3,7731,5228,2503
1560,1998,4,7743,4428,3315
1560,1998,5,7749,9528,-1779
1560,1998,6,11547,10528,1019
1560,1998,7,7756,6028,1728
1560,1998,8,7728,14528,-6800
1560,1998,9,7718,12728,-5010
1560,1998,10,8824,4028,4796
1560,1998,11,9038,4028,5010
1560,1998,12,15474,7313,8161
1561,1995,4,5944,0,5944
1561,1995,5,5352,0,5352
1561,1995,6,5352,0,5352
1561,1995,7,5352,0,5352
1561,1995,8,5406,1866,3540
1561,1995,9,5443,1990,3453
1561,1995,10,5457,2890,2567
1561,1995,11,5466,4790,676
1561,1995,12,5462,4690,772
1561,1996,1,5448,14790,-9342
1561,1996,2,5431,4950,481
1561,1996,3,5437,1990,3447
1561,1996,4,5451,1990,3461
1561,1996,5,5466,1990,3476
1561,1996,6,5471,8190,-2719
1561,1996,7,5469,1990,3479
1561,1996,8,5483,1990,3493
1561,1996,9,5498,1990,3508
1561,1996,10,5500,5110,390
1561,1996,11,5506,4310,1196
1561,1996,12,5516,4190,1326
1561,1997,1,5516,9850,-4334
1561,1997,2,5506,1990,3516
1561,1997,3,5517,3590,1927
1561,1997,4,5529,1990,3539
1561,1997,5,5542,3090,2452
1561,1997,6,5540,11570,-6030
1561,1997,7,5525,3110,2415
1561,1997,8,5534,4690,844
1561,1997,9,5539,3590,1949
1561,1997,10,5541,6790,-1249
1561,1997,11,5544,2590,2954
1561,1997,12,5542,13660,-8118
1561,1998,1,5501,11590,-6089
1561,1998,2,5483,5910,-427
1561,1998,3,5496,1990,3506
1561,1998,4,5492,11130,-5638
1561,1998,5,5487,1990,3497
1561,1998,6,5480,12440,-6960
1561,1998,7,5472,2470,3002
1561,1998,8,5485,1990,3495
1561,1998,9,5499,1990,3509
1561,1998,10,5491,9110,-3619
1561,1998,11,5498,1990,3508
1561,1998,12,5512,2625,2887
1562,1995,8,600,0,600
1562,1995,9,2900,0,2900
1562,1995,10,2900,0,2900
1562,1995,11,2900,0,2900
1562,1995,12,2900,0,2900
1562,1996,1,2939,2998,-59
1562,1996,2,2959,1948,1011
1562,1996,3,2964,1948,1016
1562,1996,4,2962,1948,1014
1562,1996,5,2972,1948,1024
1562,1996,6,2974,3298,-324
1562,1996,7,2969,1948,1021
1562,1996,8,2979,1948,1031
1562,1996,9,2978,1948,1030
1562,1996,10,2988,1948,1040
1562,1996,11,2984,2578,406
1562,1996,12,2988,2818,170
1562,1997,1,2984,5488,-2504
1562,1997,2,2976,2698,278
1562,1997,3,2985,1948,1037
1562,1997,4,2984,1948,1036
1562,1997,5,2994,1948,1046
1562,1997,6,2988,5098,-2110
1562,1997,7,2983,3058,-75
1562,1997,8,2983,2188,795
1562,1997,9,2985,2548,437
1562,1997,10,2992,2698,294
1562,1997,11,2990,1948,1042
1562,1997,12,2992,4108,-1116
1562,1998,1,2982,5338,-2356
1562,1998,2,2985,1948,1037
1562,1998,3,2984,1948,1036
1562,1998,4,2988,1948,1040
1562,1998,5,2989,3778,-789
1562,1998,6,2981,9118,-6137
1562,1998,7,2963,1948,1015
1562,1998,8,2965,3208,-243
1562,1998,9,2972,1948,1024
1562,1998,10,2976,1948,1028
1562,1998,11,2975,1948,1027
1562,1998,12,2981,2323,658
1563,1996,8,900,0,900
1563,1996,9,11300,0,11300
1563,1996,10,4400,0,4400
1563,1996,11,700,0,700
1563,1996,12,700,0,700
1563,1997,1,0,2700,-2700
1563,1997,2,0,2700,-2700
1563,1997,3,0,200,-200
1563,1997,4,0,2100,-2100
1563,1997,6,3700,0,3700
1563,1997,7,0,100,-100
1563,1997,8,0,3900,-3900
1564,1996,3,4811,0,4811
1564,1996,4,11343,0,11343
1564,1996,5,5177,15,5162
1564,1996,6,4197,15,4182
1564,1996,7,33309,3065,30244
1564,1996,8,4009,13315,-9306
1564,1996,9,3977,10415,-6438
1564,1996,10,3958,11615,-7657
1564,1996,11,4442,15,4427
1564,1996,12,16343,10715,5628
1564,1997,1,5833,21765,-15932
1564,1997,2,17964,6115,11849
1564,1997,3,3966,4315,-349
1564,1997,4,3964,2115,1849
1564,1997,5,3971,6015,-2044
1564,1997,6,11411,24015,-12604
1564,1997,7,3910,2915,995
1564,1997,8,9040,3315,5725
1564,1997,9,3937,3115,822
1564,1997,10,3937,7915,-3978
1564,1997,11,3922,4915,-993
1564,1997,12,3918,3565,353
1564,1998,1,7401,14115,-6714
1564,1998,2,8598,915,7683
1564,1998,3,3923,5515,-1592
1564,1998,4,3920,815,3105
1564,1998,5,3924,8815,-4891
1564,1998,6,24104,12015,12089
1564,1998,7,3959,4315,-356
1564,1998,8,3954,5465,-1511
1564,1998,9,3947,5715,-1768
1564,1998,10,3941,5315,-1374
1564,1998,11,23613,9015,14598
1564,1998,12,3985,11950,-7965
1565,1993,10,200,0,200
1565,1993,11,13656,0,13656
1565,1993,12,9524,0,9524
1565,1994,1,5140,0,5140
1565,1994,2,4748,6600,-1852
1565,1994,3,4747,4110,637
1565,1994,4,4749,3903,846
1565,1994,5,4750,5403,-653
1565,1994,6,11835,17663,-5828
1565,1994,7,6516,12223,-5707
1565,1994,8,7209,3103,4106
1565,1994,9,7724,5143,2581
1565,1994,10,6235,3103,3132
1565,1994,11,4743,3503,1240
1565,1994,12,7068,6323,745
1565,1995,1,8131,14383,-6252
1565,1995,2,4724,5943,-1219
1565,1995,3,11818,9823,1995
1565,1995,4,10644,3103,7541
1565,1995,5,4759,3903,856
1565,1995,6,7079,6403,676
1565,1995,7,4762,6803,-2041
1565,1995,8,4757,3703,1054
1565,1995,9,5450,7663,-2213
1565,1995,10,9769,3103,6666
1565,1995,11,6687,3103,3584
1565,1995,12,7118,6383,735
1565,1996,1,4746,30163,-25417
1565,1996,2,15128,3103,12025
1565,1996,3,11465,3103,8362
1565,1996,4,11301,3103,8198
1565,1996,5,8412,7183,1229
1565,1996,6,7128,8923,-1795
1565,1996,7,6716,3943,2773
1565,1996,8,4821,3203,1618
1565,1996,9,4812,9183,-4371
1565,1996,10,8713,6343,2370
1565,1996,11,4817,4003,814
1565,1996,12,7134,8223,-1089
1565,1997,1,7900,20943,-13043
1565,1997,2,11285,3103,8182
1565,1997,3,11420,3103,8317
1565,1997,4,7843,3103,4740
1565,1997,5,4842,6303,-1461
1565,1997,6,7161,5603,1558
1565,1997,7,5448,4703,745
1565,1997,8,8034,10423,-2389
1565,1997,9,6246,3103,3143
1565,1997,10,4858,3403,1455
1565,1997,11,4861,8243,-3382
1565,1997,12,8754,12303,-3549
1565,1998,1,20046,34623,-14577
1565,1998,2,17166,8023,9143
1565,1998,3,8315,3103,5212
1565,1998,4,4833,5203,-370
1565,1998,5,4830,5903,-1073
1565,1998,6,11202,18463,-7261
1565,1998,7,4787,7943,-3156
1565,1998,8,4784,3303,1481
1565,1998,9,4787,7563,-2776
1565,1998,10,4769,9123,-4354
1565,1998,11,4760,3303,1457
1565,1998,12,7078,6608,470
1566,1993,7,15219,0,15219
1566,1993,8,21498,0,21498
1566,1993,9,14859,4100,10759
1566,1993,10,14891,9300,5591
1566,1993,11,14906,12515,2391
1566,1993,12,22223,24804,-2581
1566,1994,1,14849,35784,-20935
1566,1994,2,14809,11924,2885
1566,1994,3,14826,11124,3702
1566,1994,4,14823,16124,-1301
1566,1994,5,14822,15124,-302
1566,1994,6,22172,17024,5148
1566,1994,7,14831,18124,-3293
1566,1994,8,14815,26444,-11629
1566,1994,9,14788,17924,-3136
1566,1994,10,14790,13824,966
1566,1994,11,14793,11744,3049
1566,1994,12,22156,19684,2472
1566,1995,1,20365,30444,-10079
1566,1995,2,14774,12004,2770
1566,1995,3,14788,11224,3564
1566,1995,4,14801,10424,4377
1566,1995,5,14815,17344,-2529
1566,1995,6,22156,22844,-688
1566,1995,7,14797,15704,-907
1566,1995,8,14798,14224,574
1566,1995,9,14802,12224,2578
1566,1995,10,14805,22824,-8019
1566,1995,11,14779,11824,2955
1566,1995,12,22133,19764,2369
1566,1996,1,17379,30404,-13025
1566,1996,2,14749,8524,6225
1566,1996,3,14770,13824,946
1566,1996,4,14770,12724,2046
1566,1996,5,14783,12324,2459
1566,1996,6,22139,21324,815
1566,1996,7,14792,15024,-232
1566,1996,8,14791,14524,267
1566,1996,9,14794,13124,1670
1566,1996,10,14798,14524,274
1566,1996,11,14791,16304,-1513
1566,1996,12,22145,15984,6161
1566,1997,1,14792,31624,-16832
1566,1997,2,17262,8124,9138
1566,1997,3,14787,13624,1163
1566,1997,4,14788,14524,264
1566,1997,5,14795,11044,3751
1566,1997,6,22152,19624,2528
1566,1997,7,14817,13724,1093
1566,1997,8,14816,15824,-1008
1566,1997,9,14825,9724,5101
1566,1997,10,14829,14584,245
1566,1997,11,14850,12624,2226
1566,1997,12,22199,28664,-6465
1566,1998,1,22603,32444,-9841
1566,1998,2,19704,8124,11580
1566,1998,3,14819,14184,635
1566,1998,4,18452,8124,10328
1566,1998,5,14884,8724,6160
1566,1998,6,22220,58984,-36764
1566,1998,7,23683,8124,15559
1566,1998,8,17631,8124,9507
1566,1998,9,14849,12524,2325
1566,1998,10,14852,14164,688
1566,1998,11,14856,13824,1032
1566,1998,12,22198,21229,969
1567,1997,8,800,0,800
1567,1997,9,25340,0,25340
1567,1997,10,21823,10400,11423
1567,1997,11,21859,16900,4959
1567,1997,12,32741,20500,12241
1567,1998,1,21893,37730,-15837
1567,1998,2,21873,19650,2223
1567,1998,3,21881,21150,731
1567,1998,4,21890,17650,4240
1567,1998,5,21906,18070,3836
1567,1998,6,32717,43650,-10933
1567,1998,7,21887,13350,8537
1567,1998,8,21897,24910,-3013
1567,1998,9,21915,10750,11165
1567,1998,10,21940,19150,2790
1567,1998,11,21947,20050,1897
1567,1998,12,32835,18315,14520
1568,1995,7,300,0,300
1568,1995,8,20481,0,20481
1568,1995,9,14050,300,13750
1568,1995,10,14094,5800,8294
1568,1995,11,14127,6200,7927
1568,1995,12,21112,19934,1178
1568,1996,1,14117,26611,-12494
1568,1996,2,14111,9991,4120
1568,1996,3,14131,9591,4540
1568,1996,4,14147,10191,3956
1568,1996,5,14142,14391,-249
1568,1996,6,21093,33811,-12718
1568,1996,7,14110,6891,7219
1568,1996,8,14141,9791,4350
1568,1996,9,14132,17191,-3059
1568,1996,10,14142,11191,2951
1568,1996,11,14136,13691,445
1568,1996,12,21123,12691,8432
1568,1997,1,14112,37591,-23479
1568,1997,2,14088,9091,4997
1568,1997,3,14101,11991,2110
1568,1997,4,14118,12591,1527
1568,1997,5,14119,14291,-172
1568,1997,6,21095,16611,4484
1568,1997,7,14133,12291,1842
1568,1997,8,14149,12891,1258
1568,1997,9,14139,17691,-3552
1568,1997,10,14126,13791,335
1568,1997,11,14146,13231,915
1568,1997,12,21121,21991,-870
1568,1998,1,14146,18591,-4445
1568,1998,2,14142,5491,8651
1568,1998,3,14156,17291,-3135
1568,1998,4,14154,15371,-1217
1568,1998,5,14149,11991,2158
1568,1998,6,21109,29271,-8162
1568,1998,7,14135,10091,4044
1568,1998,8,14149,11991,2158
1568,1998,9,14135,17431,-3296
1568,1998,10,14133,13991,142
1568,1998,11,14134,12891,1243
1568,1998,12,21124,6876,14248
1570,1994,3,200,0,200
1570,1994,4,4298,0,4298
1570,1994,5,4298,0,4298
1570,1994,6,4298,0,4298
1570,1994,7,4298,0,4298
1570,1994,8,4357,5580,-1223
1570,1994,9,4369,2880,1489
1570,1994,10,4375,2880,1495
1570,1994,11,4381,2880,1501
1570,1994,12,4380,6170,-1790
1570,1995,1,4371,10080,-5709
1570,1995,2,4356,2880,1476
1570,1995,3,4363,2880,1483
1570,1995,4,4369,2880,1489
1570,1995,5,4373,5920,-1547
1570,1995,6,4368,2880,1488
1570,1995,7,4375,2880,1495
1570,1995,8,4381,2880,1501
1570,1995,9,4382,5200,-818
1570,1995,10,4384,2880,1504
1570,1995,11,4390,2880,1510
1570,1995,12,4396,3230,1166
1570,1996,1,4384,14220,-9836
1570,1996,2,4358,4080,278
1570,1996,3,4360,4640,-280
1570,1996,4,4360,2880,1480
1570,1996,5,4366,2880,1486
1570,1996,6,4372,4800,-428
1570,1996,7,4371,2880,1491
1570,1996,8,4377,2880,1497
1570,1996,9,4383,2880,1503
1570,1996,10,4384,5600,-1216
1570,1996,11,4384,2880,1504
1570,1996,12,4389,4180,209
1570,1997,1,4375,11600,-7225
1570,1997,2,4361,2880,1481
1570,1997,3,4367,2880,1487
1570,1997,4,4368,5600,-1232
1570,1997,5,4368,2880,1488
1570,1997,6,4374,2880,1494
1570,1997,7,4379,4400,-21
1570,1997,8,4380,2880,1500
1570,1997,9,4387,2880,1507
1570,1997,10,4392,5840,-1448
1570,1997,11,4387,2880,1507
1570,1997,12,4392,3230,1162
1570,1998,1,4377,12230,-7853
1570,1998,2,4365,2880,1485
1570,1998,3,4371,2880,1491
1570,1998,4,4373,6640,-2267
1570,1998,5,4368,2880,1488
1570,1998,6,4370,4480,-110
1570,1998,7,4373,2880,1493
1570,1998,8,4379,4080,299
1570,1998,9,4381,2880,1501
1570,1998,10,4382,5360,-978
1570,1998,11,4380,5040,-660
1570,1998,12,4380,3115,1265
1571,1996,7,200,0,200
1571,1996,8,16210,0,16210
1571,1996,9,14375,3800,10575
1571,1996,10,14415,11200,3215
1571,1996,11,14425,16000,-1575
1571,1996,12,21588,28847,-7259
1571,1997,1,14367,21867,-7500
1571,1997,2,14400,13307,1093
1571,1997,3,14405,13207,1198
1571,1997,4,14402,17707,-3305
1571,1997,5,14371,16107,-1736
1571,1997,6,21557,19307,2250
1571,1997,7,14370,16827,-2457
1571,1997,8,14397,7707,6690
1571,1997,9,14383,19507,-5124
1571,1997,10,14377,7707,6670
1571,1997,11,14392,11067,3325
1571,1997,12,21561,30667,-9106
1571,1998,1,14385,13827,558
1571,1998,2,14381,8307,6074
1571,1998,3,14435,7707,6728
1571,1998,4,14436,7707,6729
1571,1998,5,14464,7707,6757
1571,1998,6,21604,46607,-25003
1571,1998,7,14415,7707,6708
1571,1998,8,14414,10467,3947
1571,1998,9,14419,11307,3112
1571,1998,10,14472,7707,6765
1571,1998,11,14473,7707,6766
1571,1998,12,21671,10732,10939
1572,1997,10,500,0,500
1572,1997,11,17727,0,17727
1572,1997,12,21100,5600,15500
1572,1998,1,14146,10200,3946
1572,1998,2,14162,10400,3762
1572,1998,3,14183,6615,7568
1572,1998,4,14207,14211,-4
1572,1998,5,14205,15211,-1006
1572,1998,6,21207,20611,596
1572,1998,7,14199,17111,-2912
1572,1998,8,14176,22011,-7835
1572,1998,9,14147,21291,-7144
1572,1998,10,14120,18011,-3891
1572,1998,11,14097,17971,-3874
1572,1998,12,21102,18256,2846
1573,1997,12,1000,0,1000
1573,1998,1,5492,0,5492
1573,1998,2,5492,0,5492
1573,1998,3,5499,1100,4399
1573,1998,4,5562,1400,4162
1573,1998,5,5582,4953,629
1573,1998,6,5552,15383,-9831
1573,1998,7,5545,3653,1892
1573,1998,8,5550,6053,-503
1573,1998,9,5550,3653,1897
1573,1998,10,5558,3653,1905
1573,1998,11,5563,7653,-2090
1573,1998,12,5554,7038,-1484
1574,1997,5,1000,0,1000
1574,1997,6,4058,0,4058
1574,1997,7,4058,0,4058
1574,1997,8,4058,0,4058
1574,1997,9,4058,0,4058
1574,1997,10,4077,915,3162
1574,1997,11,4147,2405,1742
1574,1997,12,4147,4985,-838
1574,1998,1,4132,12495,-8363
1574,1998,2,4113,3045,1068
1574,1998,3,4120,2405,1715
1574,1998,4,4123,3925,198
1574,1998,5,4128,2405,1723
1574,1998,6,4135,2405,1730
1574,1998,7,4143,2405,1738
1574,1998,8,4150,2405,1745
1574,1998,9,4157,2405,1752
1574,1998,10,4165,2405,1760
1574,1998,11,4172,2405,1767
1574,1998,12,4177,3390,787
1575,1993,2,900,0,900
1575,1993,3,5448,0,5448
1575,1993,4,5448,0,5448
1575,1993,5,5448,0,5448
1575,1993,6,5448,0,5448
1575,1993,7,5522,3013,2509
1575,1993,8,5559,4313,1246
1575,1993,9,5561,7493,-1932
1575,1993,10,5555,5633,-78
1575,1993,11,5554,6313,-759
1575,1993,12,5553,3313,2240
1575,1994,1,5536,16853,-11317
1575,1994,2,5516,3013,2503
1575,1994,3,5527,3013,2514
1575,1994,4,5537,3013,2524
1575,1994,5,5545,5213,332
1575,1994,6,5532,10213,-4681
1575,1994,7,5531,3013,2518
1575,1994,8,5537,4693,844
1575,1994,9,5539,5613,-74
1575,1994,10,5542,3713,1829
1575,1994,11,5550,3113,2437
1575,1994,12,5556,5713,-157
1575,1995,1,5528,16553,-11025
1575,1995,2,5514,3013,2501
1575,1995,3,5515,6933,-1418
1575,1995,4,5513,5293,220
1575,1995,5,5519,3013,2506
1575,1995,6,5527,5013,514
1575,1995,7,5516,7573,-2057
1575,1995,8,5523,3013,2510
1575,1995,9,5530,4693,837
1575,1995,10,5531,6653,-1122
1575,1995,11,5531,3613,1918
1575,1995,12,5534,6163,-629
1575,1996,1,5516,11323,-5807
1575,1996,2,5513,3013,2500
1575,1996,3,5514,6533,-1019
1575,1996,4,5518,4393,1125
1575,1996,5,5520,4613,907
1575,1996,6,5528,3013,2515
1575,1996,7,5536,3813,1723
1575,1996,8,5541,6493,-952
1575,1996,9,5525,9593,-4068
1575,1996,10,5518,5213,305
1575,1996,11,5512,7913,-2401
1575,1996,12,5507,6113,-606
1575,1997,1,5509,5113,396
1575,1997,2,5514,3013,2501
1575,1997,3,5499,11613,-6114
1575,1997,4,5499,3013,2486
1575,1997,5,5501,6813,-1312
1575,1997,6,5504,3013,2491
1575,1997,7,5515,3013,2502
1575,1997,8,5525,3013,2512
1575,1997,9,5532,5093,439
1575,1997,10,5519,9013,-3494
1575,1997,11,5523,3013,2510
1575,1997,12,5532,3863,1669
1575,1998,1,5524,11053,-5529
1575,1998,2,5516,3013,2503
1575,1998,3,5525,3893,1632
1575,1998,4,5533,3413,2120
1575,1998,5,5543,3013,2530
1575,1998,6,5545,5813,-268
1575,1998,7,5552,3013,2539
1575,1998,8,5562,3013,2549
1575,1998,9,5573,3013,2560
1575,1998,10,5584,3013,2571
1575,1998,11,5588,5413,175
1575,1998,12,5591,5158,433
1576,1996,8,1000,0,1000
1576,1996,9,106456,33300,73156
1576,1996,10,49685,36746,12939
1576,1996,11,48640,41046,7594
1576,1996,12,78567,92911,-14344
1576,1997,1,140,61346,-61206
1576,1997,2,31409,11846,19563
1576,1997,3,12016,16846,-4830
1576,1997,4,38274,15646,22628
1576,1997,5,78,43492,-43414
1576,1997,6,5334,11846,-6512
1576,1997,7,9319,11846,-2527
1576,1997,8,24314,11846,12468
1576,1997,9,22282,11846,10436
1576,1997,10,15261,11846,3415
1576,1997,11,6025,11846,-5821
1576,1997,12,58952,13946,45006
1576,1998,1,15868,59816,-43948
1576,1998,2,10106,11846,-1740
1576,1998,3,11399,11846,-447
1576,1998,4,10497,11846,-1349
1576,1998,5,10491,11846,-1355
1576,1998,6,14087,11846,2241
1576,1998,7,46571,27346,19225
1576,1998,8,4041,21146,-17105
1576,1998,9,30869,18046,12823
1576,1998,10,647,11846,-11199
1576,1998,11,12611,11846,765
1576,1998,12,69,13916,-13847
1577,1996,10,200,0,200
1577,1996,11,13672,0,13672
1577,1996,12,4810,0,4810
1577,1997,1,3928,100,3828
1577,1997,2,3942,600,3342
1577,1997,3,3951,3375,576
1577,1997,4,3954,3375,579
1577,1997,5,4459,2575,1884
1577,1997,6,5245,10285,-5040
1577,1997,7,3936,6075,-2139
1577,1997,8,3934,3375,559
1577,1997,9,3933,5165,-1232
1577,1997,10,3925,5315,-1390
1577,1997,11,7838,2575,5263
1577,1997,12,3942,5225,-1283
1577,1998,1,8548,8725,-177
1577,1998,2,6952,2575,4377
1577,1998,3,4663,2575,2088
1577,1998,4,7280,2575,4705
1577,1998,5,6695,3505,3190
1577,1998,6,6893,9055,-2162
1577,1998,7,4694,3145,1549
1577,1998,8,7610,3265,4345
1577,1998,9,5122,2575,2547
1577,1998,10,5032,2575,2457
1577,1998,11,4038,3105,933
1577,1998,12,4039,4180,-141
1578,1994,12,4743,0,4743
1578,1995,1,4148,0,4148
1578,1995,2,4148,0,4148
1578,1995,3,4148,0,4148
1578,1995,4,4161,1055,3106
1578,1995,5,4220,1840,2380
1578,1995,6,4230,1840,2390
1578,1995,7,4236,3360,876
1578,1995,8,4244,1840,2404
1578,1995,9,4239,8080,-3841
1578,1995,10,4238,1840,2398
1578,1995,11,4236,4880,-644
1578,1995,12,4239,3190,1049
1578,1996,1,4228,13040,-8812
1578,1996,2,4212,1840,2372
1578,1996,3,4209,10400,-6191
1578,1996,4,4196,1840,2356
1578,1996,5,4206,1840,2366
1578,1996,6,4216,1840,2376
1578,1996,7,4226,1840,2386
1578,1996,8,4236,1840,2396
1578,1996,9,4246,1840,2406
1578,1996,10,4256,1840,2416
1578,1996,11,4266,1840,2426
1578,1996,12,4274,2440,1834
1578,1997,1,4263,11120,-6857
1578,1997,2,4255,1840,2415
1578,1997,3,4265,1840,2425
1578,1997,4,4275,1840,2435
1578,1997,5,4285,1840,2445
1578,1997,6,4284,4720,-436
1578,1997,7,4291,2320,1971
1578,1997,8,4281,8560,-4279
1578,1997,9,4284,1840,2444
1578,1997,10,4294,1840,2454
1578,1997,11,4298,4720,-422
1578,1997,12,4302,2290,2012
1578,1998,1,4297,9280,-4983
1578,1998,2,4290,1840,2450
1578,1998,3,4300,1840,2460
1578,1998,4,4303,4880,-577
1578,1998,5,4302,3280,1022
1578,1998,6,4308,2560,1748
1578,1998,7,4311,5280,-969
1578,1998,8,4315,1840,2475
1578,1998,9,4323,2320,2003
1578,1998,10,4327,4960,-633
1578,1998,11,4331,1840,2491
1578,1998,12,4339,2925,1414
1579,1994,8,12254,0,12254
1579,1994,9,20325,0,20325
1579,1994,10,11773,5900,5873
1579,1994,11,11799,5400,6399
1579,1994,12,17643,10895,6748
1579,1995,1,11784,27972,-16188
1579,1995,2,11766,9932,1834
1579,1995,3,11781,12472,-691
1579,1995,4,11776,10232,1544
1579,1995,5,11796,5892,5904
1579,1995,6,17618,24912,-7294
1579,1995,7,11791,5392,6399
1579,1995,8,11789,12672,-883
1579,1995,9,11802,9792,2010
1579,1995,10,11805,11992,-187
1579,1995,11,11813,8492,3321
1579,1995,12,17629,14992,2637
1579,1996,1,15167,39832,-24665
1579,1996,2,11748,3392,8356
1579,1996,3,11777,11552,225
1579,1996,4,11785,10292,1493
1579,1996,5,11801,7892,3909
1579,1996,6,17630,12192,5438
1579,1996,7,11822,15852,-4030
1579,1996,8,11806,10492,1314
1579,1996,9,11813,11992,-179
1579,1996,10,11813,9792,2021
1579,1996,11,11818,14292,-2474
1579,1996,12,17617,15192,2425
1579,1997,1,11783,27292,-15509
1579,1997,2,13654,7952,5702
1579,1997,3,11783,5392,6391
1579,1997,4,11807,8192,3615
1579,1997,5,11821,8992,2829
1579,1997,6,17652,14692,2960
1579,1997,7,11837,11792,45
1579,1997,8,11829,15212,-3383
1579,1997,9,11828,9492,2336
1579,1997,10,11835,15672,-3837
1579,1997,11,11824,7092,4732
1579,1997,12,17645,19092,-1447
1579,1998,1,20767,33752,-12985
1579,1998,2,11786,4192,7594
1579,1998,3,11815,6892,4923
1579,1998,4,13142,3392,9750
1579,1998,5,11871,8592,3279
1579,1998,6,17667,51692,-34025
1579,1998,7,20768,3392,17376
1579,1998,8,14029,3392,10637
1579,1998,9,11863,6192,5671
1579,1998,10,11884,7492,4392
1579,1998,11,11896,10392,1504
1579,1998,12,17739,4477,13262
1580,1996,1,400,0,400
1580,1996,2,51344,0,51344
1580,1996,3,215,15500,-15285
1580,1996,4,34778,22500,12278
1580,1996,5,153016,117815,35201
1580,1996,6,34392,78539,-44147
1580,1996,7,142,12515,-12373
1580,1996,8,35381,40219,-4838
1580,1996,9,11076,7015,4061
1580,1996,10,159274,119415,39859
1580,1996,11,27042,36915,-9873
1580,1996,12,134,29015,-28881
1580,1997,1,54877,43886,10991
1580,1997,2,10198,18815,-8617
1580,1997,3,73572,10615,62957
1580,1997,4,61826,93715,-31889
1580,1997,5,92,46000,-45908
1580,1997,6,25714,6815,18899
1580,1997,7,2087,14215,-12128
1580,1997,8,56883,28215,28668
1580,1997,9,68794,51315,17479
1580,1997,10,275,21415,-21140
1580,1997,11,30989,28515,2474
1580,1997,12,82302,82809,-507
1580,1998,1,3533,21909,-18376
1580,1998,2,16021,10709,5312
1580,1998,3,46844,33009,13835
1580,1998,4,4581,16509,-11928
1580,1998,5,33419,23216,10203
1580,1998,6,44917,42109,2808
1580,1998,7,200,11909,-11709
1580,1998,8,654,8109,-7455
1580,1998,9,5327,8109,-2782
1580,1998,10,5014,8109,-3095
1580,1998,11,26355,18985,7370
1580,1998,12,33747,34591,-844
1581,1995,10,9560,0,9560
1581,1995,11,19422,0,19422
1581,1995,12,14110,0,14110
1581,1996,1,8815,9300,-485
1581,1996,2,8816,8015,801
1581,1996,3,8811,10273,-1462
1581,1996,4,8803,11273,-2470
1581,1996,5,8795,13233,-4438
1581,1996,6,13102,10733,2369
1581,1996,7,9099,5773,3326
1581,1996,8,8806,7873,933
1581,1996,9,8803,11153,-2350
1581,1996,10,11614,5773,5841
1581,1996,11,12928,10573,2355
1581,1996,12,13767,8813,4954
1581,1997,1,8819,23033,-14214
1581,1997,2,14508,9973,4535
1581,1997,3,15137,5773,9364
1581,1997,4,11661,8533,3128
1581,1997,5,10878,5773,5105
1581,1997,6,13205,14453,-1248
1581,1997,7,8883,7673,1210
1581,1997,8,10190,9173,1017
1581,1997,9,8894,11513,-2619
1581,1997,10,10892,10373,519
1581,1997,11,10190,5773,4417
1581,1997,12,13237,9173,4064
1581,1998,1,21369,31813,-10444
1581,1998,2,10482,5773,4709
1581,1998,3,11402,5773,5629
1581,1998,4,10825,5773,5052
1581,1998,5,10046,5773,4273
1581,1998,6,29973,53133,-23160
1581,1998,7,16171,5773,10398
1581,1998,8,12413,5773,6640
1581,1998,9,10738,6473,4265
1581,1998,10,11357,5773,5584
1581,1998,11,8974,11073,-2099
1581,1998,12,13282,10558,2724
1582,1996,5,6496,0,6496
1582,1996,6,6000,0,6000
1582,1996,7,6000,0,6000
1582,1996,8,6000,0,6000
1582,1996,9,6064,1932,4132
1582,1996,10,6103,3932,2171
1582,1996,11,6111,6832,-721
1582,1996,12,6106,4872,1234
1582,1997,1,6100,11002,-4902
1582,1997,2,6092,6432,-340
1582,1997,3,6093,2932,3161
1582,1997,4,6102,7492,-1390
1582,1997,5,6099,3932,2167
1582,1997,6,6099,9982,-3883
1582,1997,7,6088,4172,1916
1582,1997,8,6102,1932,4170
1582,1997,9,6117,3332,2785
1582,1997,10,6118,12212,-6094
1582,1997,11,6100,5732,368
1582,1997,12,6096,9232,-3136
1582,1998,1,6059,16392,-10333
1582,1998,2,6046,5492,554
1582,1998,3,6049,6052,-3
1582,1998,4,6047,6332,-285
1582,1998,5,6042,8432,-2390
1582,1998,6,6041,1932,4109
1582,1998,7,6042,11072,-5030
1582,1998,8,6030,6532,-502
1582,1998,9,6032,3732,2300
1582,1998,10,6040,6652,-612
1582,1998,11,6034,4812,1222
1582,1998,12,6048,1917,4131
1583,1994,11,70377,0,70377
1583,1994,12,36506,33100,3406
1583,1995,1,10172,70968,-60796
1583,1995,2,10248,18360,-8112
1583,1995,3,11122,100,11022
1583,1995,4,7159,10700,-3541
1583,1995,5,10657,8200,2457
1583,1995,6,12655,16708,-4053
1583,1995,7,9748,8334,1414
1583,1995,8,9142,12707,-3565
1583,1995,9,7153,5000,2153
1583,1995,10,8941,12600,-3659
1583,1995,11,6830,100,6730
1583,1995,12,3042,10500,-7458
1583,1996,1,24901,34114,-9213
1583,1996,2,24123,6909,17214
1583,1996,3,27,16292,-16265
1583,1996,4,38721,112,38609
1583,1996,5,36945,22500,14445
1583,1996,6,29485,74612,-45127
1583,1996,7,49706,15400,34306
1583,1996,8,41027,42600,-1573
1583,1996,9,59470,62080,-2610
1583,1996,10,69571,48194,21377
1583,1996,11,64338,96641,-32303
1583,1996,12,50228,17294,32934
1583,1997,1,55,57094,-57039
1583,1997,2,9407,10294,-887
1583,1997,3,7801,7632,169
1583,1997,4,5802,5377,425
1583,1997,5,56636,100,56536
1583,1997,6,42274,78992,-36718
1583,1997,7,130049,111112,18937
1583,1997,8,27103,30494,-3391
1583,1997,9,24749,26694,-1945
1583,1997,10,36642,29523,7119
1583,1997,11,39626,46064,-6438
1583,1997,12,24166,33994,-9828
1583,1998,1,7550,26495,-18945
1583,1998,2,24,100,-76
1583,1998,3,63606,38094,25512
1583,1998,4,102124,95079,7045
1583,1998,5,76298,62497,13801
1583,1998,6,40074,77116,-37042
1583,1998,7,104968,28194,76774
1583,1998,8,79883,101994,-22111
1583,1998,9,115815,125994,-10179
1583,1998,10,173302,162394,10908
1583,1998,11,75370,45643,29727
1583,1998,12,319,33740,-33421
1584,1993,5,600,0,600
1584,1993,6,2975,0,2975
1584,1993,7,2975,0,2975
1584,1993,8,2975,0,2975
1584,1993,9,2975,0,2975
1584,1993,10,3015,2268,747
1584,1993,11,3033,1998,1035
1584,1993,12,3036,2658,378
1584,1994,1,3039,2148,891
1584,1994,2,3043,1998,1045
1584,1994,3,3047,1998,1049
1584,1994,4,3051,1998,1053
1584,1994,5,3056,1998,1058
1584,1994,6,3036,10698,-7662
1584,1994,7,3028,1998,1030
1584,1994,8,3032,3348,-316
1584,1994,9,3030,2688,342
1584,1994,10,3033,1998,1035
1584,1994,11,3037,1998,1039
1584,1994,12,3041,2388,653
1584,1995,1,3044,1998,1046
1584,1995,2,3046,2928,118
1584,1995,3,3045,3378,-333
1584,1995,4,3047,1998,1049
1584,1995,5,3052,1998,1054
1584,1995,6,3045,5778,-2733
1584,1995,7,3045,1998,1047
1584,1995,8,3049,1998,1051
1584,1995,9,3053,1998,1055
1584,1995,10,3058,1998,1060
1584,1995,11,3062,1998,1064
1584,1995,12,3066,2508,558
1584,1996,1,3069,1998,1071
1584,1996,2,3071,2898,173
1584,1996,3,3072,2718,354
1584,1996,4,3075,1998,1077
1584,1996,5,3080,1998,1082
1584,1996,6,3085,6988,-3903
1584,1996,7,3068,1998,1070
1584,1996,8,3073,1998,1075
1584,1996,9,3078,2148,930
1584,1996,10,3081,1998,1083
1584,1996,11,3084,2568,516
1584,1996,12,3087,2808,279
1584,1997,1,3089,1998,1091
1584,1997,2,3093,1998,1095
1584,1997,3,3098,1998,1100
1584,1997,4,3102,1998,1104
1584,1997,5,3107,1998,1109
1584,1997,6,3096,10098,-7002
1584,1997,7,3082,1998,1084
1584,1997,8,3086,1998,1088
1584,1997,9,3091,1998,1093
1584,1997,10,3090,4848,-1758
1584,1997,11,3088,1998,1090
1584,1997,12,3091,2808,283
1584,1998,1,3094,1998,1096
1584,1998,2,3097,2958,139
1584,1998,3,3097,2808,289
1584,1998,4,3100,1998,1102
1584,1998,5,3104,1998,1106
1584,1998,6,3095,7218,-4123
1584,1998,7,3089,3168,-79
1584,1998,8,3091,1998,1093
1584,1998,9,3095,1998,1097
1584,1998,10,3099,3138,-39
1584,1998,11,3100,1998,1102
1584,1998,12,3103,2733,370
1585,1996,2,1000,0,1000
1585,1996,3,13400,0,13400
1585,1996,4,8600,0,8600
1585,1996,5,0,900,-900
1585,1996,6,1100,0,1100
1585,1996,7,200,0,200
1585,1996,8,100,0,100
1585,1996,9,1600,0,1600
1585,1996,11,11019,0,11019
1585,1996,12,31600,6600,25000
1585,1997,1,254,16000,-15746
1585,1997,2,254,10500,-10246
1585,1997,3,254,6300,-6046
1585,1997,4,254,1200,-946
1585,1997,5,254,3300,-3046
1585,1997,6,2454,0,2454
1585,1997,7,254,1300,-1046
1585,1997,8,254,700,-446
1585,1997,9,254,1000,-746
1585,1997,10,254,2300,-2046
1585,1997,11,16587,0,16587
1585,1997,12,23301,19500,3801
1585,1998,1,36858,8815,28043
1585,1998,2,296,18415,-18119
1585,1998,3,222,11415,-11193
1585,1998,4,176,6515,-6339
1585,1998,5,150,2315,-2165
1585,1998,6,140,5615,-5475
1585,1998,7,3118,15,3103
1585,1998,8,12066,2065,10001
1585,1998,9,160,6865,-6705
1585,1998,10,138,2965,-2827
1585,1998,11,132,1015,-883
1585,1998,12,3328,4100,-772
1586,1996,10,17179,0,17179
1586,1996,11,20560,0,20560
1586,1996,12,25603,7100,18503
1586,1997,1,17175,27500,-10325
1586,1997,2,17153,3615,13538
1586,1997,3,17154,20719,-3565
1586,1997,4,17151,17319,-168
1586,1997,5,17148,26819,-9671
1586,1997,6,33799,50319,-16520
1586,1997,7,17775,13439,4336
1586,1997,8,17100,10219,6881
1586,1997,9,17126,16819,307
1586,1997,10,17127,12419,4708
1586,1997,11,17144,18219,-1075
1586,1997,12,25622,21839,3783
1586,1998,1,17120,29939,-12819
1586,1998,2,17105,11719,5386
1586,1998,3,17126,14919,2207
1586,1998,4,17135,13219,3916
1586,1998,5,17145,17599,-454
1586,1998,6,25587,30579,-4992
1586,1998,7,17117,17299,-182
1586,1998,8,17125,13919,3206
1586,1998,9,17133,18119,-986
1586,1998,10,17137,10519,6618
1586,1998,11,17160,13219,3941
1586,1998,12,25673,7264,18409
1587,1996,12,22787,0,22787
1587,1997,1,15353,0,15353
1587,1997,2,14601,4700,9901
1587,1997,3,14628,11300,3328
1587,1997,4,14629,21047,-6418
1587,1997,5,14616,11115,3501
1587,1997,6,24799,31215,-6416
1587,1997,7,14600,16615,-2015
1587,1997,8,14597,10415,4182
1587,1997,9,14609,12615,1994
1587,1997,10,14599,21015,-6416
1587,1997,11,14591,20382,-5791
1587,1997,12,21796,16615,5181
1587,1998,1,14525,33415,-18890
1587,1998,2,14514,6315,8199
1587,1998,3,14539,14615,-76
1587,1998,4,14543,12815,1728
1587,1998,5,14548,15,14533
1587,1998,6,21814,23315,-1501
1587,1998,7,14568,33115,-18547
1587,1998,8,14525,15,14510
1587,1998,9,14568,21015,-6447
1587,1998,10,14553,18050,-3497
1587,1998,11,14538,15915,-1377
1587,1998,12,21772,7500,14272
1588,1993,12,1000,0,1000
1588,1994,1,11803,0,11803
1588,1994,2,8443,0,8443
1588,1994,3,3757,2400,1357
1588,1994,4,4271,0,4271
1588,1994,5,3771,6058,-2287
1588,1994,6,3758,10858,-7100
1588,1994,7,4044,2458,1586
1588,1994,8,5155,2458,2697
1588,1994,9,7073,2458,4615
1588,1994,10,3771,5558,-1787
1588,1994,11,5581,2458,3123
1588,1994,12,3781,5468,-1687
1588,1995,1,4376,5338,-962
1588,1995,2,4880,2458,2422
1588,1995,3,3777,6258,-2481
1588,1995,4,5382,2458,2924
1588,1995,5,3783,5398,-1615
1588,1995,6,4477,9718,-5241
1588,1995,7,9178,3658,5520
1588,1995,8,6893,2458,4435
1588,1995,9,3788,6978,-3190
1588,1995,10,3777,5458,-1681
1588,1995,11,3779,3578,201
1588,1995,12,3776,6528,-2752
1588,1996,1,5361,5488,-127
1588,1996,2,3765,5158,-1393
1588,1996,3,5560,2458,3102
1588,1996,4,3771,7758,-3987
1588,1996,5,4256,2458,1798
1588,1996,6,3750,8888,-5138
1588,1996,7,4239,3838,401
1588,1996,8,6946,2458,4488
1588,1996,9,5763,2458,3305
1588,1996,10,3773,5758,-1985
1588,1996,11,3766,3558,208
1588,1996,12,4771,3088,1683
1588,1997,1,6873,6388,485
1588,1997,2,3776,3258,518
1588,1997,3,3775,7058,-3283
1588,1997,4,3764,3658,106
1588,1997,5,3763,5458,-1695
1588,1997,6,3749,9608,-5859
1588,1997,7,3733,3258,475
1588,1997,8,3737,3238,499
1588,1997,9,3731,7358,-3627
1588,1997,10,7028,2458,4570
1588,1997,11,5445,2458,2987
1588,1997,12,3753,4098,-345
1588,1998,1,4152,3478,674
1588,1998,2,3753,3958,-205
1588,1998,3,3750,5158,-1408
1588,1998,4,3741,6958,-3217
1588,1998,5,3727,7458,-3731
1588,1998,6,3718,3558,160
1588,1998,7,3717,3998,-281
1588,1998,8,3719,2458,1261
1588,1998,9,4626,3358,1268
1588,1998,10,3722,6058,-2336
1588,1998,11,3719,2458,1261
1588,1998,12,3724,2653,1071
1589,1993,8,500,0,500
1589,1993,9,14100,0,14100
1589,1993,10,3900,0,3900
1589,1993,11,1600,0,1600
1589,1993,12,2300,0,2300
1589,1994,1,0,400,-400
1589,1994,2,0,1300,-1300
1589,1994,3,400,0,400
1589,1994,4,1300,0,1300
1589,1994,5,0,800,-800
1589,1994,6,1400,0,1400
1589,1994,7,1600,0,1600
1589,1994,8,0,1300,-1300
1589,1994,9,0,800,-800
1589,1994,10,1803,300,1503
1589,1994,11,100,2100,-2000
1589,1994,12,1800,0,1800
1589,1995,1,3200,0,3200
1589,1995,2,1011,0,1011
1589,1995,3,600,0,600
1589,1995,4,100,100,0
1589,1995,5,100,800,-700
1589,1995,6,100,1600,-1500
1589,1995,7,600,0,600
1589,1995,8,100,1200,-1100
1589,1995,9,2200,0,2200
1589,1995,10,4100,0,4100
1589,1995,11,100,1700,-1600
1589,1995,12,100,100,0
1589,1996,1,100,2400,-2300
1589,1996,2,800,0,800
1589,1996,3,100,2400,-2300
1589,1996,4,100,4700,-4600
1589,1996,5,100,3400,-3300
1589,1996,6,700,0,700
1589,1996,7,100,2000,-1900
1589,1996,8,100,3200,-3100
1589,1996,9,1600,0,1600
1589,1996,10,1800,0,1800
1589,1996,12,800,0,800
1589,1997,1,100,1400,-1300
1589,1997,2,100,3500,-3400
1589,1997,3,2500,0,2500
1589,1997,4,800,0,800
1589,1997,5,1900,0,1900
1589,1997,6,100,600,-500
1589,1997,7,100,2700,-2600
1589,1997,8,2500,0,2500
1589,1997,9,100,1000,-900
1589,1997,12,1800,0,1800
1589,1998,1,100,3600,-3500
1589,1998,2,100,1900,-1800
1589,1998,3,100,2700,-2600
1589,1998,8,100,300,-200
1589,1998,9,0,500,-500
1590,1995,4,12058,0,12058
1590,1995,5,16022,0,16022
1590,1995,6,17450,800,16650
1590,1995,7,11706,11500,206
1590,1995,8,11687,18813,-7126
1590,1995,9,11666,19905,-8239
1590,1995,10,12060,8165,3895
1590,1995,11,11659,12065,-406
1590,1995,12,17448,10285,7163
1590,1996,1,11660,24045,-12385
1590,1996,2,12755,7565,5190
1590,1996,3,11668,9065,2603
1590,1996,4,11669,11665,4
1590,1996,5,11663,18985,-7322
1590,1996,6,23871,26925,-3054
1590,1996,7,11630,10645,985
1590,1996,8,11645,7665,3980
1590,1996,9,11642,15805,-4163
1590,1996,10,11744,7565,4179
1590,1996,11,11658,11525,133
1590,1996,12,17437,10965,6472
1590,1997,1,20558,27965,-7407
1590,1997,2,14759,7565,7194
1590,1997,3,14776,12005,2771
1590,1997,4,11698,9765,1933
1590,1997,5,11707,8365,3342
1590,1997,6,17492,17065,427
1590,1997,7,11708,15665,-3957
1590,1997,8,11701,12465,-764
1590,1997,9,11696,16345,-4649
1590,1997,10,11678,12465,-787
1590,1997,11,13955,20645,-6690
1590,1997,12,17420,16725,695
1590,1998,1,12914,25005,-12091
1590,1998,2,13301,10565,2736
1590,1998,3,11613,9665,1948
1590,1998,4,11622,9165,2457
1590,1998,5,12933,10085,2848
1590,1998,6,17419,11065,6354
1590,1998,7,11662,14365,-2703
1590,1998,8,11649,17265,-5616
1590,1998,9,11638,7665,3973
1590,1998,10,11635,13205,-1570
1590,1998,11,11645,8665,2980
1590,1998,12,17425,14630,2795
1591,1996,1,600,0,600
1591,1996,2,15500,0,15500
1591,1996,3,5000,0,5000
1591,1996,4,1500,0,1500
1591,1996,5,1500,0,1500
1591,1996,6,1500,0,1500
1591,1996,7,1700,0,1700
1591,1996,8,0,3000,-3000
1591,1996,9,2000,0,2000
1591,1996,10,2400,0,2400
1591,1996,11,4300,0,4300
1591,1996,12,46999,0,46999
1591,1997,1,33938,25400,8538
1591,1997,2,368,30600,-30232
1591,1997,3,9583,11700,-2117
1591,1997,4,233,11600,-11367
1591,1997,5,233,500,-267
1591,1997,6,733,0,733
1591,1997,7,21102,0,21102
1591,1997,8,276,9000,-8724
1591,1997,9,12166,8874,3292
1591,1997,10,1688,20399,-18711
1591,1997,11,7355,7874,-519
1591,1997,12,13835,20174,-6339
1591,1998,1,78304,58085,20219
1591,1998,2,96684,81774,14910
1591,1998,3,83837,86855,-3018
1591,1998,4,107169,98483,8686
1591,1998,5,59010,53474,5536
1591,1998,6,313,20274,-19961
1591,1998,7,91595,77674,13921
1591,1998,8,8525,39504,-30979
1591,1998,9,22231,14674,7557
1591,1998,10,109447,96972,12475
1591,1998,11,38517,28674,9843
1591,1998,12,8286,14759,-6473
1592,1994,8,400,0,400
1592,1994,9,4604,0,4604
1592,1994,10,4604,0,4604
1592,1994,11,4604,0,4604
1592,1994,12,4604,0,4604
1592,1995,1,4655,3775,880
1592,1995,2,4691,1852,2839
1592,1995,3,4703,1852,2851
1592,1995,4,4713,2852,1861
1592,1995,5,4718,3552,1166
1592,1995,6,4726,2552,2174
1592,1995,7,4731,4992,-261
1592,1995,8,4736,3452,1284
1592,1995,9,4740,2052,2688
1592,1995,10,4749,2892,1857
1592,1995,11,4756,3292,1464
1592,1995,12,4757,5502,-745
1592,1996,1,4745,11012,-6267
1592,1996,2,4732,3212,1520
1592,1996,3,4743,1852,2891
1592,1996,4,4755,1852,2903
1592,1996,5,4758,4812,-54
1592,1996,6,4764,5292,-528
1592,1996,7,4765,1852,2913
1592,1996,8,4773,2892,1881
1592,1996,9,4784,1852,2932
1592,1996,10,4797,1852,2945
1592,1996,11,4809,1852,2957
1592,1996,12,4820,2302,2518
1592,1997,1,4813,10732,-5919
1592,1997,2,4806,1852,2954
1592,1997,3,4819,1852,2967
1592,1997,4,4831,1852,2979
1592,1997,5,4844,1852,2992
1592,1997,6,4845,4972,-127
1592,1997,7,4838,7032,-2194
1592,1997,8,4846,1852,2994
1592,1997,9,4857,2332,2525
1592,1997,10,4869,1852,3017
1592,1997,11,4882,1852,3030
1592,1997,12,4893,3252,1641
1592,1998,1,4883,11452,-6569
1592,1998,2,4873,1852,3021
1592,1998,3,4882,5532,-650
1592,1998,4,4883,1852,3031
1592,1998,5,4896,1952,2944
1592,1998,6,4908,1852,3056
1592,1998,7,4908,6912,-2004
1592,1998,8,4909,3772,1137
1592,1998,9,4916,1852,3064
1592,1998,10,4929,1852,3077
1592,1998,11,4942,1852,3090
1592,1998,12,4953,2337,2616
1593,1996,8,500,0,500
1593,1996,9,3130,0,3130
1593,1996,10,3130,0,3130
1593,1996,11,3130,0,3130
1593,1996,12,3130,0,3130
1593,1997,1,3168,2415,753
1593,1997,2,3185,4621,-1436
1593,1997,3,3185,2101,1084
1593,1997,4,3186,3361,-175
1593,1997,5,3188,2101,1087
1593,1997,6,3190,4441,-1251
1593,1997,7,3186,2971,215
1593,1997,8,3189,2101,1088
1593,1997,9,3193,2101,1092
1593,1997,10,3192,4111,-919
1593,1997,11,3194,2101,1093
1593,1997,12,3198,3061,137
1593,1998,1,3188,5971,-2783
1593,1998,2,3187,2101,1086
1593,1998,3,3192,2101,1091
1593,1998,4,3196,2101,1095
1593,1998,5,3201,2101,1100
1593,1998,6,3205,2101,1104
1593,1998,7,3208,2371,837
1593,1998,8,3213,2101,1112
1593,1998,9,3218,2101,1117
1593,1998,10,3223,2101,1122
1593,1998,11,3227,2101,1126
1593,1998,12,3231,2986,245
1594,1997,4,18738,0,18738
1594,1997,5,21725,0,21725
1594,1997,6,27515,2900,24615
1594,1997,7,18461,16600,1861
1594,1997,8,18462,19746,-1284
1594,1997,9,18447,21642,-3195
1594,1997,10,18434,21542,-3108
1594,1997,11,18440,15142,3298
1594,1997,12,27561,19342,8219
1594,1998,1,18451,39842,-21391
1594,1998,2,18426,6242,12184
1594,1998,3,18431,21242,-2811
1594,1998,4,18402,24142,-5740
1594,1998,5,18415,21742,-3327
1594,1998,6,27509,28742,-1233
1594,1998,7,18408,20442,-2034
1594,1998,8,18409,19542,-1133
1594,1998,9,18391,22642,-4251
1594,1998,10,18383,23342,-4959
1594,1998,11,18361,23842,-5481
1594,1998,12,27458,8827,18631
1596,1997,10,6071,0,6071
1596,1997,11,4980,0,4980
1596,1997,12,4980,0,4980
1596,1998,1,4980,0,4980
1596,1998,2,4983,15,4968
1596,1998,3,5061,4518,543
1596,1998,4,5064,3798,1266
1596,1998,5,5053,11558,-6505
1596,1998,6,5044,3318,1726
1596,1998,7,5048,4438,610
1596,1998,8,5056,3318,1738
1596,1998,9,5060,4438,622
1596,1998,10,5064,3318,1746
1596,1998,11,5071,3318,1753
1596,1998,12,5073,7343,-2270
1597,1995,7,7628,0,7628
1597,1995,8,6733,0,6733
1597,1995,9,6733,0,6733
1597,1995,10,6800,800,6000
1597,1995,11,6814,9691,-2877
1597,1995,12,6807,8621,-1814
1597,1996,1,6790,14651,-7861
1597,1996,2,6772,2391,4381
1597,1996,3,6790,7091,-301
1597,1996,4,6789,4091,2698
1597,1996,5,6795,9171,-2376
1597,1996,6,6771,10491,-3720
1597,1996,7,6776,7531,-755
1597,1996,8,6769,6591,178
1597,1996,9,6770,6091,679
1597,1996,10,6772,6891,-119
1597,1996,11,6772,4671,2101
1597,1996,12,6782,5241,1541
1597,1997,1,6778,12131,-5353
1597,1997,2,6764,7431,-667
1597,1997,3,6765,2391,4374
1597,1997,4,6783,2391,4392
1597,1997,5,6799,3751,3048
1597,1997,6,6796,9941,-3145
1597,1997,7,6804,3751,3053
1597,1997,8,6814,2391,4423
1597,1997,9,6832,2391,4441
1597,1997,10,6848,4291,2557
1597,1997,11,6856,5891,965
1597,1997,12,6862,4941,1921
1597,1998,1,6857,13681,-6824
1597,1998,2,6838,6731,107
1597,1998,3,6841,4891,1950
1597,1998,4,6846,6231,615
1597,1998,5,6843,9791,-2948
1597,1998,6,6828,14741,-7913
1597,1998,7,6810,3031,3779
1597,1998,8,6826,2391,4435
1597,1998,9,6844,2391,4453
1597,1998,10,6860,3991,2869
1597,1998,11,6861,11591,-4730
1597,1998,12,6844,9636,-2792
1598,1997,4,44769,0,44769
1598,1997,5,29830,26900,2930
1598,1997,6,24981,14200,10781
1598,1997,7,243,18900,-18657
1598,1997,8,243,6400,-6157
1598,1997,9,1143,0,1143
1598,1997,10,243,3900,-3657
1598,1997,11,27362,0,27362
1598,1997,12,243,11100,-10857
1598,1998,1,17302,23215,-5913
1598,1998,2,17070,33337,-16267
1598,1998,3,79955,27537,52418
1598,1998,4,135828,112195,23633
1598,1998,5,78188,83937,-5749
1598,1998,6,25376,84015,-58639
1598,1998,7,47320,27437,19883
1598,1998,8,112858,114637,-1779
1598,1998,9,30980,38210,-7230
1598,1998,10,87550,32737,54813
1598,1998,11,290,51186,-50896
1598,1998,12,115798,113843,1955
1599,1995,11,1100,0,1100
1599,1995,12,37470,5400,32070
1599,1996,1,25075,17700,7375
1599,1996,2,25163,20800,4363
1599,1996,3,25125,24600,525
1599,1996,4,25104,28652,-3548
1599,1996,5,25089,25256,-167
1599,1996,6,37604,37816,-212
1599,1996,7,25128,12256,12872
1599,1996,8,25146,21756,3390
1599,1996,9,25137,28236,-3099
1599,1996,10,25134,25316,-182
1599,1996,11,25137,23556,1581
1599,1996,12,37623,29216,8407
1599,1997,1,25132,46556,-21424
1599,1997,2,25095,23716,1379
1599,1997,3,25105,24076,1029
1599,1997,4,25107,26696,-1589
1599,1997,5,25110,18756,6354
1599,1997,6,37623,27056,10567
1599,1997,7,25163,25136,27
1599,1997,8,25174,37356,-12182
1599,1997,9,25178,21356,3822
1599,1997,10,25192,20956,4236
1599,1997,11,25201,24976,225
1599,1997,12,37693,32976,4717
1599,1998,1,25183,35816,-10633
1599,1998,2,25183,22056,3127
1599,1998,3,25194,27156,-1962
1599,1998,4,25164,28016,-2852
1599,1998,5,25171,26356,-1185
1599,1998,6,37633,42376,-4743
1599,1998,7,25144,25756,-612
1599,1998,8,25118,25936,-818
1599,1998,9,25142,15656,9486
1599,1998,10,25174,23356,1818
1599,1998,11,25174,23456,1718
1599,1998,12,37690,9501,28189
1600,1996,9,600,0,600
1600,1996,10,6757,0,6757
1600,1996,11,6757,0,6757
1600,1996,12,6757,0,6757
1600,1997,1,6823,4200,2623
1600,1997,2,6856,7049,-193
1600,1997,3,6861,5249,1612
1600,1997,4,6859,8149,-1290
1600,1997,5,6859,6249,610
1600,1997,6,6838,16549,-9711
1600,1997,7,6830,3249,3581
1600,1997,8,6838,5549,1289
1600,1997,9,6839,6849,-10
1600,1997,10,6831,10629,-3798
1600,1997,11,6825,5849,976
1600,1997,12,6814,10609,-3795
1600,1998,1,6804,8449,-1645
1600,1998,2,6802,7449,-647
1600,1998,3,6803,6049,754
1600,1998,4,6816,3249,3567
1600,1998,5,6830,8449,-1619
1600,1998,6,6823,6209,614
1600,1998,7,6827,3249,3578
1600,1998,8,6821,9149,-2328
1600,1998,9,6832,3249,3583
1600,1998,10,6847,3249,3598
1600,1998,11,6862,3249,3613
1600,1998,12,6876,3684,3192
1601,1993,2,500,0,500
1601,1993,3,4042,0,4042
1601,1993,4,4042,0,4042
1601,1993,5,4042,0,4042
1601,1993,6,4042,0,4042
1601,1993,7,4103,2709,1394
1601,1993,8,4122,2709,1413
1601,1993,9,4128,2809,1319
1601,1993,10,4121,6609,-2488
1601,1993,11,4123,2709,1414
1601,1993,12,4134,3659,475
1601,1994,1,4116,10029,-5913
1601,1994,2,4114,2709,1405
1601,1994,3,4112,2709,1403
1601,1994,4,4126,2709,1417
1601,1994,5,4124,2709,1415
1601,1994,6,4130,2709,1421
1601,1994,7,4136,2709,1427
1601,1994,8,4142,2709,1433
1601,1994,9,4134,8229,-4095
1601,1994,10,4139,2709,1430
1601,1994,11,4136,2709,1427
1601,1994,12,4138,4199,-61
1601,1995,1,4106,13419,-9313
1601,1995,2,4106,3669,437
1601,1995,3,4105,2709,1396
1601,1995,4,4119,2709,1410
1601,1995,5,4117,2709,1408
1601,1995,6,4122,3269,853
1601,1995,7,4126,2709,1417
1601,1995,8,4141,2709,1432
1601,1995,9,4146,2709,1437
1601,1995,10,4143,4389,-246
1601,1995,11,4141,4869,-728
1601,1995,12,4137,3759,378
1601,1996,1,4112,12189,-8077
1601,1996,2,4107,2709,1398
1601,1996,3,4113,2709,1404
1601,1996,4,4119,2709,1410
1601,1996,5,4125,2709,1416
1601,1996,6,4131,2709,1422
1601,1996,7,4140,3989,151
1601,1996,8,4134,3669,465
1601,1996,9,4147,3509,638
1601,1996,10,4144,6549,-2405
1601,1996,11,4132,2709,1423
1601,1996,12,4136,3609,527
1601,1997,1,4118,10859,-6741
1601,1997,2,4111,2709,1402
1601,1997,3,4126,2709,1417
1601,1997,4,4123,2709,1414
1601,1997,5,4129,2709,1420
1601,1997,6,4143,2709,1434
1601,1997,7,4141,5109,-968
1601,1997,8,4133,7109,-2976
1601,1997,9,4133,2709,1424
1601,1997,10,4139,2709,1430
1601,1997,11,4144,2709,1435
1601,1997,12,4141,3909,232
1601,1998,1,4128,10009,-5881
1601,1998,2,4118,2709,1409
1601,1998,3,4133,2709,1424
1601,1998,4,4130,2709,1421
1601,1998,5,4136,2709,1427
1601,1998,6,4141,2709,1432
1601,1998,7,4128,10229,-6101
1601,1998,8,4122,2709,1413
1601,1998,9,4130,6389,-2259
1601,1998,10,4118,2709,1409
1601,1998,11,4133,2709,1424
1601,1998,12,4128,6774,-2646
1602,1993,9,600,0,600
1602,1993,10,4944,0,4944
1602,1993,11,4944,0,4944
1602,1993,12,4944,0,4944
1602,1994,1,4944,0,4944
1602,1994,2,4993,3748,1245
1602,1994,3,5040,2548,2492
1602,1994,4,5048,3748,1300
1602,1994,5,5051,5048,3
1602,1994,6,5049,6798,-1749
1602,1994,7,5050,2048,3002
1602,1994,8,5053,8528,-3475
1602,1994,9,5046,3808,1238
1602,1994,10,5052,5388,-336
1602,1994,11,5047,4048,999
1602,1994,12,5048,5148,-100
1602,1995,1,5035,16148,-11113
1602,1995,2,5001,5648,-647
1602,1995,3,5006,2048,2958
1602,1995,4,5015,5248,-233
1602,1995,5,5017,2048,2969
1602,1995,6,5000,12648,-7648
1602,1995,7,4998,2048,2950
1602,1995,8,5010,2048,2962
1602,1995,9,5023,2848,2175
1602,1995,10,5032,2048,2984
1602,1995,11,5043,3548,1495
1602,1995,12,5047,5018,29
1602,1996,1,5032,12918,-7886
1602,1996,2,5017,2048,2969
1602,1996,3,5030,2048,2982
1602,1996,4,5042,2048,2994
1602,1996,5,5054,2048,3006
1602,1996,6,5031,17458,-12427
1602,1996,7,5012,5408,-396
1602,1996,8,5013,2048,2965
1602,1996,9,5019,5408,-389
1602,1996,10,5015,6688,-1673
1602,1996,11,5017,2048,2969
1602,1996,12,5033,2938,2095
1602,1997,1,5018,11028,-6010
1602,1997,2,5012,2048,2964
1602,1997,3,5025,2048,2977
1602,1997,4,5038,2048,2990
1602,1997,5,5048,4608,440
1602,1997,6,5045,5598,-553
1602,1997,7,5050,2048,3002
1602,1997,8,5060,4448,612
1602,1997,9,5063,5008,55
1602,1997,10,5065,2048,3017
1602,1997,11,5076,3748,1328
1602,1997,12,5080,5898,-818
1602,1998,1,5054,15218,-10164
1602,1998,2,5035,2528,2507
1602,1998,3,5047,2048,2999
1602,1998,4,5059,2608,2451
1602,1998,5,5070,2048,3022
1602,1998,6,5075,6498,-1423
1602,1998,7,5076,2048,3028
1602,1998,8,5089,2048,3041
1602,1998,9,5096,6828,-1732
1602,1998,10,5090,5408,-318
1602,1998,11,5089,4948,141
1602,1998,12,5081,7323,-2242
1603,1993,5,8535,0,8535
1603,1993,6,19506,0,19506
1603,1993,7,7744,1900,5844
1603,1993,8,7765,3000,4765
1603,1993,9,7769,11315,-3546
1603,1993,10,7732,19681,-11949
1603,1993,11,8613,9461,-848
1603,1993,12,15215,12101,3114
1603,1994,1,10528,12161,-1633
1603,1994,2,9709,10139,-430
1603,1994,3,10105,11219,-1114
1603,1994,4,11308,10139,1169
1603,1994,5,9093,13979,-4886
1603,1994,6,17410,12179,5231
1603,1994,7,11415,10139,1276
1603,1994,8,11922,10139,1783
1603,1994,9,9721,10139,-418
1603,1994,10,12919,11459,1460
1603,1994,11,9418,11099,-1681
1603,1994,12,15422,12219,3203
1603,1995,1,12225,11699,526
1603,1995,2,12724,12761,-37
1603,1995,3,9633,10861,-1228
1603,1995,4,7711,11861,-4150
1603,1995,5,10519,8861,1658
1603,1995,6,13534,17901,-4367
1603,1995,7,11701,14361,-2660
1603,1995,8,19486,11341,8145
1603,1995,9,17707,25841,-8134
1603,1995,10,9701,3561,6140
1603,1995,11,13412,9561,3851
1603,1995,12,14437,10841,3596
1603,1996,1,12547,9561,2986
1603,1996,2,9860,15041,-5181
1603,1996,3,13749,12761,988
1603,1996,4,16328,18121,-1793
1603,1996,5,13739,7461,6278
1603,1996,6,14274,9961,4313
1603,1996,7,8662,11761,-3099
1603,1996,8,7755,9361,-1606
1603,1996,9,11141,11961,-820
1603,1996,10,11859,8261,3598
1603,1996,11,11783,8561,3222
1603,1996,12,11594,13181,-1587
1603,1997,1,10374,20701,-10327
1603,1997,2,12834,7641,5193
1603,1997,3,12030,15041,-3011
1603,1997,4,12130,15561,-3431
1603,1997,5,10231,8461,1770
1603,1997,6,16926,21581,-4655
1603,1997,7,15722,10861,4861
1603,1997,8,11549,8061,3488
1603,1997,9,9352,7761,1591
1603,1997,10,14546,20901,-6355
1603,1997,11,13942,7761,6181
1603,1997,12,11959,11741,218
1603,1998,1,14442,16081,-1639
1603,1998,2,16055,10061,5994
1603,1998,3,11373,9961,1412
1603,1998,4,7768,16161,-8393
1603,1998,5,18061,8001,10060
1603,1998,6,12978,22761,-9783
1603,1998,7,14443,12441,2002
1603,1998,8,11349,9761,1588
1603,1998,9,16579,8461,8118
1603,1998,10,16608,10161,6447
1603,1998,11,14731,11421,3310
1603,1998,12,21260,12186,9074
1604,1993,12,900,0,900
1604,1994,1,22889,0,22889
1604,1994,2,17858,6900,10958
1604,1994,3,17884,15900,1984
1604,1994,4,17891,16200,1691
1604,1994,5,17898,16615,1283
1604,1994,6,26741,34903,-8162
1604,1994,7,17868,17003,865
1604,1994,8,17887,14523,3364
1604,1994,9,17907,7803,10104
1604,1994,10,17928,15783,2145
1604,1994,11,17913,24703,-6790
1604,1994,12,26794,15863,10931
1604,1995,1,17909,30623,-12714
1604,1995,2,17891,17123,768
1604,1995,3,17905,15203,2702
1604,1995,4,17913,16303,1610
1604,1995,5,17922,16663,1259
1604,1995,6,26811,16703,10108
1604,1995,7,17950,22603,-4653
1604,1995,8,17938,19903,-1965
1604,1995,9,17929,20003,-2074
1604,1995,10,17933,15403,2530
1604,1995,11,17932,19803,-1871
1604,1995,12,26811,20903,5908
1604,1996,1,17907,31063,-13156
1604,1996,2,17901,17243,658
1604,1996,3,17878,21563,-3685
1604,1996,4,17895,14203,3692
1604,1996,5,17893,23803,-5910
1604,1996,6,26716,40163,-13447
1604,1996,7,17842,11623,6219
1604,1996,8,17859,12903,4956
1604,1996,9,17877,13803,4074
1604,1996,10,17890,24163,-6273
1604,1996,11,17888,13403,4485
1604,1996,12,26797,24343,2454
1604,1997,1,17868,32003,-14135
1604,1997,2,17855,15103,2752
1604,1997,3,17867,16303,1564
1604,1997,4,17870,18443,-573
1604,1997,5,17870,16203,1667
1604,1997,6,26720,36123,-9403
1604,1997,7,17838,13003,4835
1604,1997,8,17843,19003,-1160
1604,1997,9,17851,12503,5348
1604,1997,10,17870,17503,367
1604,1997,11,17874,13003,4871
1604,1997,12,26772,26723,49
1604,1998,1,17862,25903,-8041
1604,1998,2,17853,15723,2130
1604,1998,3,17836,21943,-4107
1604,1998,4,17850,14103,3747
1604,1998,5,17858,19543,-1685
1604,1998,6,26737,25943,794
1604,1998,7,17861,13503,4358
1604,1998,8,17866,18123,-257
1604,1998,9,17868,14543,3325
1604,1998,10,17896,9903,7993
1604,1998,11,17920,14903,3017
1604,1998,12,26826,10288,16538
1605,1993,12,41478,0,41478
1605,1994,1,81938,57500,24438
1605,1994,2,23637,20000,3637
1605,1994,3,54197,66715,-12518
1605,1994,4,69398,39168,30230
1605,1994,5,295,30668,-30373
1605,1994,6,50744,23168,27576
1605,1994,7,50502,44268,6234
1605,1994,8,294,34968,-34674
1605,1994,9,83737,51233,32504
1605,1994,10,64280,57468,6812
1605,1994,11,31917,58025,-26108
1605,1994,12,42978,30268,12710
1605,1995,1,59643,105268,-45625
1605,1995,2,84905,67668,17237
1605,1995,3,188,12668,-12480
1605,1995,4,78081,34568,43513
1605,1995,5,29978,31668,-1690
1605,1995,6,6127,26768,-20641
1605,1995,7,84684,41368,43316
1605,1995,8,309,40468,-40159
1605,1995,9,68977,44724,24253
1605,1995,10,115965,113968,1997
1605,1995,11,55972,64068,-8096
1605,1995,12,26823,28768,-1945
1605,1996,1,75409,102568,-27159
1605,1996,2,38834,31362,7472
1605,1996,3,108795,104613,4182
1605,1996,4,181,37312,-37131
1605,1996,5,51368,3368,48000
1605,1996,6,66075,57568,8507
1605,1996,7,219,48668,-48449
1605,1996,8,30146,21368,8778
1605,1996,9,27283,13768,13515
1605,1996,10,100214,125591,-25377
1605,1996,11,40798,24868,15930
1605,1996,12,29494,35979,-6485
1605,1997,1,20225,14277,5948
1605,1997,2,61754,72519,-10765
1605,1997,3,57844,37268,20576
1605,1997,4,82628,63168,19460
1605,1997,5,301,26168,-25867
1605,1997,6,12224,24404,-12180
1605,1997,7,24343,19068,5275
1605,1997,8,24141,17368,6773
1605,1997,9,46143,33268,12875
1605,1997,10,39021,43934,-4913
1605,1997,11,83048,72768,10280
1605,1997,12,89691,50968,38723
1605,1998,1,18560,65968,-47408
1605,1998,2,7939,23468,-15529
1605,1998,3,43624,37568,6056
1605,1998,4,163196,145358,17838
1605,1998,5,22518,50006,-27488
1605,1998,6,81903,71268,10635
1605,1998,7,184,26062,-25878
1605,1998,8,28699,20068,8631
1605,1998,9,119331,51898,67433
1605,1998,10,41550,90668,-49118
1605,1998,11,95267,53042,42225
1605,1998,12,98764,146063,-47299
1606,1996,3,40988,0,40988
1606,1996,4,1260,5400,-4140
1606,1996,5,1245,5400,-4155
1606,1996,6,6929,1815,5114
1606,1996,7,2435,8115,-5680
1606,1996,8,2434,3015,-581
1606,1996,9,3136,965,2171
1606,1996,10,2443,815,1628
1606,1996,11,2852,1665,1187
1606,1996,12,2450,2515,-65
1606,1997,1,12813,19865,-7052
1606,1997,2,1223,15,1208
1606,1997,3,2930,2265,665
1606,1997,4,34095,15,34080
1606,1997,5,24794,34315,-9521
1606,1997,6,7484,20715,-13231
1606,1997,7,2778,15,2763
1606,1997,8,1286,2515,-1229
1606,1997,9,3085,15,3070
1606,1997,10,1697,565,1132
1606,1997,11,2802,15,2787
1606,1997,12,1712,3565,-1853
1606,1998,1,10074,15565,-5491
1606,1998,2,7982,3115,4867
1606,1998,3,1301,2115,-814
1606,1998,4,20940,6915,14025
1606,1998,5,1351,8115,-6764
1606,1998,6,17412,39165,-21753
1606,1998,7,8145,15,8130
1606,1998,8,1272,1215,57
1606,1998,9,5477,915,4562
1606,1998,10,1793,15,1778
1606,1998,11,36589,4015,32574
1606,1998,12,1429,2800,-1371
1607,1996,4,800,0,800
1607,1996,5,23330,1800,21530
1607,1996,6,35064,17200,17864
1607,1996,7,23468,19300,4168
1607,1996,8,23486,19300,4186
1607,1996,9,23493,27473,-3980
1607,1996,10,23482,24773,-1291
1607,1996,11,23498,25673,-2175
1607,1996,12,35143,30853,4290
1607,1997,1,23480,35153,-11673
1607,1997,2,23440,20773,2667
1607,1997,3,23453,21373,2080
1607,1997,4,23457,22673,784
1607,1997,5,23457,24173,-716
1607,1997,6,35132,32993,2139
1607,1997,7,23504,25693,-2189
1607,1997,8,23442,28473,-5031
1607,1997,9,23422,28373,-4951
1607,1997,10,23414,23573,-159
1607,1997,11,23420,21773,1647
1607,1997,12,35094,33973,1121
1607,1998,1,23414,31473,-8059
1607,1998,2,23390,25473,-2083
1607,1998,3,23383,23973,-590
1607,1998,4,23397,18773,4624
1607,1998,5,23392,29113,-5721
1607,1998,6,35045,29273,5772
1607,1998,7,23404,26013,-2609
1607,1998,8,23386,28253,-4867
1607,1998,9,23388,19573,3815
1607,1998,10,23404,22133,1271
1607,1998,11,23398,23373,25
1607,1998,12,35043,35798,-755
1608,1997,10,5752,0,5752
1608,1997,11,5162,0,5162
1608,1997,12,5162,0,5162
1608,1998,1,5162,0,5162
1608,1998,2,5165,15,5150
1608,1998,3,5248,4440,808
1608,1998,4,5245,9580,-4335
1608,1998,5,5226,10220,-4994
1608,1998,6,5207,7500,-2293
1608,1998,7,5204,6000,-796
1608,1998,8,5203,3920,1283
1608,1998,9,5209,3440,1769
1608,1998,10,5216,3440,1776
1608,1998,11,5224,3440,1784
1608,1998,12,5226,4775,451
1609,1996,7,3937,0,3937
1609,1996,8,3042,0,3042
1609,1996,9,3042,0,3042
1609,1996,10,3042,0,3042
1609,1996,11,3044,15,3029
1609,1996,12,3089,5542,-2453
1609,1997,1,3079,3892,-813
1609,1997,2,3082,2032,1050
1609,1997,3,3087,2032,1055
1609,1997,4,3091,2032,1059
1609,1997,5,3096,2032,1064
1609,1997,6,3094,3802,-708
1609,1997,7,3097,2032,1065
1609,1997,8,3101,2032,1069
1609,1997,9,3105,2572,533
1609,1997,10,3108,2032,1076
1609,1997,11,3113,2032,1081
1609,1997,12,3113,3922,-809
1609,1998,1,3108,5512,-2404
1609,1998,2,3103,2392,711
1609,1998,3,3107,2032,1075
1609,1998,4,3106,3172,-66
1609,1998,5,3110,2782,328
1609,1998,6,3112,2032,1080
1609,1998,7,3117,2032,1085
1609,1998,8,3120,2732,388
1609,1998,9,3123,2032,1091
1609,1998,10,3127,2032,1095
1609,1998,11,3132,2032,1100
1609,1998,12,3135,3607,-472
1610,1993,5,500,0,500
1610,1993,6,36619,8800,27819
1610,1993,7,24513,14300,10213
1610,1993,8,24546,19000,5546
1610,1993,9,24563,21500,3063
1610,1993,10,24571,26473,-1902
1610,1993,11,24558,27973,-3415
1610,1993,12,36751,32773,3978
1610,1994,1,24549,36653,-12104
1610,1994,2,24526,19573,4953
1610,1994,3,24547,21273,3274
1610,1994,4,24554,25973,-1419
1610,1994,5,24547,24453,94
1610,1994,6,36742,59173,-22431
1610,1994,7,24504,10873,13631
1610,1994,8,24521,20073,4448
1610,1994,9,24571,8473,16098
1610,1994,10,24607,19173,5434
1610,1994,11,24623,22833,1790
1610,1994,12,36857,18973,17884
1610,1995,1,24666,35833,-11167
1610,1995,2,24646,28773,-4127
1610,1995,3,24643,20993,3650
1610,1995,4,24669,17073,7596
1610,1995,5,24666,27813,-3147
1610,1995,6,36858,45713,-8855
1610,1995,7,24658,14473,10185
1610,1995,8,24692,17273,7419
1610,1995,9,24712,21073,3639
1610,1995,10,24713,25873,-1160
1610,1995,11,24716,23273,1443
1610,1995,12,36939,27173,9766
1610,1996,1,24687,46513,-21826
1610,1996,2,24701,12973,11728
1610,1996,3,24710,27233,-2523
1610,1996,4,24719,21373,3346
1610,1996,5,24722,39773,-15051
1610,1996,6,36911,38353,-1442
1610,1996,7,24708,21373,3335
1610,1996,8,24709,21173,3536
1610,1996,9,24722,21773,2949
1610,1996,10,24732,22653,2079
1610,1996,11,24741,20273,4468
1610,1996,12,36883,51093,-14210
1610,1997,1,24670,24233,437
1610,1997,2,24704,12273,12431
1610,1997,3,24752,21473,3279
1610,1997,4,24762,22053,2709
1610,1997,5,24776,19273,5503
1610,1997,6,61111,93973,-32862
1610,1997,7,32372,9753,22619
1610,1997,8,24760,11773,12987
1610,1997,9,41363,69933,-28570
1610,1997,10,30001,12393,17608
1610,1997,11,24768,10373,14395
1610,1997,12,45615,62493,-16878
1610,1998,1,28138,21393,6745
1610,1998,2,24780,12573,12207
1610,1998,3,30988,28273,2715
1610,1998,4,42216,63673,-21457
1610,1998,5,26966,6273,20693
1610,1998,6,54128,71693,-17565
1610,1998,7,31186,6273,24913
1610,1998,8,33913,36213,-2300
1610,1998,9,36000,39473,-3473
1610,1998,10,46146,59973,-13827
1610,1998,11,30299,12153,18146
1610,1998,12,60878,69098,-8220
1611,1996,2,500,0,500
1611,1996,3,18563,0,18563
1611,1996,4,11816,2800,9016
1611,1996,5,11831,11000,831
1611,1996,6,17700,13600,4100
1611,1996,7,11845,13918,-2073
1611,1996,8,11857,6921,4936
1611,1996,9,11872,8321,3551
1611,1996,10,11878,11121,757
1611,1996,11,11891,7721,4170
1611,1996,12,17762,19721,-1959
1611,1997,1,11981,13021,-1040
1611,1997,2,11874,16921,-5047
1611,1997,3,13695,3821,9874
1611,1997,4,11901,15221,-3320
1611,1997,5,11907,6321,5586
1611,1997,6,17778,37221,-19443
1611,1997,7,13258,5921,7337
1611,1997,8,11867,10921,946
1611,1997,9,12595,3821,8774
1611,1997,10,11911,9921,1990
1611,1997,11,11916,9621,2295
1611,1997,12,17801,11421,6380
1611,1998,1,12944,15921,-2977
1611,1998,2,11945,10221,1724
1611,1998,3,13373,3821,9552
1611,1998,4,11988,9121,2867
1611,1998,5,11998,17521,-5523
1611,1998,6,17837,24021,-6184
1611,1998,7,11957,9121,2836
1611,1998,8,11979,11321,658
1611,1998,9,11981,12621,-640
1611,1998,10,11977,12921,-944
1611,1998,11,11972,15421,-3449
1611,1998,12,17823,10606,7217
1612,1996,2,400,0,400
1612,1996,3,23433,0,23433
1612,1996,4,21290,14000,7290
1612,1996,5,21317,15500,5817
1612,1996,6,31928,26000,5928
1612,1996,7,21347,22415,-1068
1612,1996,8,21342,22615,-1273
1612,1996,9,21335,23015,-1680
1612,1996,10,21337,20115,1222
1612,1996,11,21332,23415,-2083
1612,1996,12,31937,27615,4322
1612,1997,1,21333,31515,-10182
1612,1997,2,21316,18115,3201
1612,1997,3,21320,21015,305
1612,1997,4,21315,22815,-1500
1612,1997,5,21308,23115,-1807
1612,1997,6,31861,47915,-16054
1612,1997,7,21262,14815,6447
1612,1997,8,21341,19315,2026
1612,1997,9,21324,7615,13709
1612,1997,10,21354,18015,3339
1612,1997,11,21347,19315,2032
1612,1997,12,31997,16515,15482
1612,1998,1,21347,46515,-25168
1612,1998,2,21333,14115,7218
1612,1998,3,21369,14115,7254
1612,1998,4,21384,18415,2969
1612,1998,5,21383,22115,-732
1612,1998,6,31967,44115,-12148
1612,1998,7,21347,40515,-19168
1612,1998,8,21343,22915,-1572
1612,1998,9,21294,24215,-2921
1612,1998,10,21234,19215,2019
1612,1998,11,21240,23815,-2575
1612,1998,12,31883,800,31083
1613,1995,9,600,0,600
1613,1995,10,6359,0,6359
1613,1995,11,6359,0,6359
1613,1995,12,6359,0,6359
1613,1996,1,6427,2100,4327
1613,1996,2,6448,11243,-4795
1613,1996,3,6427,10743,-4316
1613,1996,4,6419,7543,-1124
1613,1996,5,6411,8443,-2032
1613,1996,6,6414,4743,1671
1613,1996,7,6411,8043,-1632
1613,1996,8,6397,10543,-4146
1613,1996,9,6391,6943,-552
1613,1996,10,6392,6143,249
1613,1996,11,6397,3643,2754
1613,1996,12,6407,4193,2214
1613,1997,1,6413,6603,-190
1613,1997,2,6416,3643,2773
1613,1997,3,6397,14143,-7746
1613,1997,4,6396,3643,2753
1613,1997,5,6407,3643,2764
1613,1997,6,6414,6693,-279
1613,1997,7,6418,3643,2775
1613,1997,8,6429,3643,2786
1613,1997,9,6441,3643,2798
1613,1997,10,6453,3643,2810
1613,1997,11,6464,3643,2821
1613,1997,12,6474,6643,-169
1613,1998,1,6454,17703,-11249
1613,1998,2,6428,3643,2785
1613,1998,3,6440,3643,2797
1613,1998,4,6446,6923,-477
1613,1998,5,6450,3643,2807
1613,1998,6,6449,11433,-4984
1613,1998,7,6440,3643,2797
1613,1998,8,6452,3643,2809
1613,1998,9,6464,3643,2821
1613,1998,10,6476,3643,2833
1613,1998,11,6487,3643,2844
1613,1998,12,6502,4278,2224
1614,1996,5,25586,0,25586
1614,1996,6,39037,0,39037
1614,1996,7,25494,18800,6694
1614,1996,8,25523,18300,7223
1614,1996,9,25451,56242,-30791
1614,1996,10,25435,15878,9557
1614,1996,11,25458,21278,4180
1614,1996,12,38052,50020,-11968
1614,1997,1,25380,37278,-11898
1614,1997,2,26427,5778,20649
1614,1997,3,25438,43283,-17845
1614,1997,4,25436,5978,19458
1614,1997,5,25424,36720,-11296
1614,1997,6,38093,21878,16215
1614,1997,7,25495,33678,-8183
1614,1997,8,30237,51123,-20886
1614,1997,9,25403,14878,10525
1614,1997,10,25422,21782,3640
1614,1997,11,26128,31917,-5789
1614,1997,12,38057,30788,7269
1614,1998,1,32309,43993,-11684
1614,1998,2,26901,17478,9423
1614,1998,3,25459,12078,13381
1614,1998,4,25500,21178,4322
1614,1998,5,25502,36178,-10676
1614,1998,6,38099,27678,10421
1614,1998,7,25479,32395,-6916
1614,1998,8,25495,17478,8017
1614,1998,9,25521,26683,-1162
1614,1998,10,25520,19478,6042
1614,1998,11,25541,21078,4463
1614,1998,12,38213,11163,27050
1615,1997,10,900,0,900
1615,1997,11,6626,0,6626
1615,1997,12,6626,0,6626
1615,1998,1,6626,0,6626
1615,1998,2,6667,4600,2067
1615,1998,3,6722,9319,-2597
1615,1998,4,6712,7039,-327
1615,1998,5,6696,13559,-6863
1615,1998,6,6686,4639,2047
1615,1998,7,6691,7139,-448
1615,1998,8,6689,6619,70
1615,1998,9,6685,7939,-1254
1615,1998,10,6687,4939,1748
1615,1998,11,6681,10239,-3558
1615,1998,12,6677,6104,573
1616,1997,2,5079,0,5079
1616,1997,3,9815,0,9815
1616,1997,4,10959,0,10959
1616,1997,5,4076,2500,1576
1616,1997,6,4047,15617,-11570
1616,1997,7,5940,3617,2323
1616,1997,8,4041,3677,364
1616,1997,9,5050,2657,2393
1616,1997,10,4157,2657,1500
1616,1997,11,4057,4857,-800
1616,1997,12,4053,5187,-1134
1616,1998,1,4032,11107,-7075
1616,1998,2,4024,3257,767
1616,1998,3,4027,3457,570
1616,1998,4,4030,3197,833
1616,1998,5,4032,2657,1375
1616,1998,6,4032,5457,-1425
1616,1998,7,6241,2657,3584
1616,1998,8,5654,3257,2397
1616,1998,9,7157,2657,4500
1616,1998,10,4075,3057,1018
1616,1998,11,4077,4867,-790
1616,1998,12,4079,2822,1257
1617,1993,6,6677,0,6677
1617,1993,7,5981,0,5981
1617,1993,8,5981,0,5981
1617,1993,9,5981,0,5981
1617,1993,10,6053,2551,3502
1617,1993,11,6079,4311,1768
1617,1993,12,6089,5051,1038
1617,1994,1,6070,13571,-7501
1617,1994,2,6059,5951,108
1617,1994,3,6064,4271,1793
1617,1994,4,6072,2951,3121
1617,1994,5,6085,3351,2734
1617,1994,6,6071,13451,-7380
1617,1994,7,6054,6791,-737
1617,1994,8,6060,5051,1009
1617,1994,9,6065,4051,2014
1617,1994,10,6074,3651,2423
1617,1994,11,6083,3651,2432
1617,1994,12,6090,7051,-961
1617,1995,1,6078,14531,-8453
1617,1995,2,6056,1551,4505
1617,1995,3,6074,2851,3223
1617,1995,4,6081,8151,-2070
1617,1995,5,6071,8551,-2480
1617,1995,6,6057,13441,-7384
1617,1995,7,6036,3451,2585
1617,1995,8,6039,6411,-372
1617,1995,9,6045,3551,2494
1617,1995,10,6051,7131,-1080
1617,1995,11,6049,4451,1598
1617,1995,12,6055,3641,2414
1617,1996,1,6038,15271,-9233
1617,1996,2,6031,4831,1200
1617,1996,3,6024,5871,153
1617,1996,4,6034,3151,2883
1617,1996,5,6037,7551,-1514
1617,1996,6,6034,6081,-47
1617,1996,7,6042,1951,4091
1617,1996,8,6048,6551,-503
1617,1996,9,6050,4651,1399
1617,1996,10,6048,7451,-1403
1617,1996,11,6044,6651,-607
1617,1996,12,6030,11151,-5121
1617,1997,1,6027,7011,-984
1617,1997,2,6016,6151,-135
1617,1997,3,6016,6151,-135
1617,1997,4,6012,7251,-1239
1617,1997,5,6010,6251,-241
1617,1997,6,6018,2831,3187
1617,1997,7,6013,9151,-3138
1617,1997,8,6008,6051,-43
1617,1997,9,6022,1551,4471
1617,1997,10,6009,11251,-5242
1617,1997,11,6018,1551,4467
1617,1997,12,6008,10251,-4243
1617,1998,1,6013,4351,1662
1617,1998,2,6003,8551,-2548
1617,1998,3,6015,1551,4464
1617,1998,4,6002,11151,-5149
1617,1998,5,6012,1551,4461
1617,1998,6,6031,1551,4480
1617,1998,7,6009,13451,-7442
1617,1998,8,6018,1551,4467
1617,1998,9,6037,1551,4486
1617,1998,10,6055,1551,4504
1617,1998,11,6074,1551,4523
1617,1998,12,6033,18886,-12853
1618,1996,12,900,0,900
1618,1997,1,16689,0,16689
1618,1997,2,7542,0,7542
1618,1997,3,3660,2600,1060
1618,1997,4,3669,500,3169
1618,1997,5,3677,3535,142
1618,1997,6,3661,8400,-4739
1618,1997,7,3648,6490,-2842
1618,1997,8,5252,2280,2972
1618,1997,9,3653,5580,-1927
1618,1997,10,3644,4720,-1076
1618,1997,11,3648,2380,1268
1618,1997,12,4152,2730,1422
1618,1998,1,7860,8790,-930
1618,1998,2,7365,2280,5085
1618,1998,3,3669,5580,-1911
1618,1998,4,3661,5570,-1909
1618,1998,5,3661,5780,-2119
1618,1998,6,3744,9690,-5946
1618,1998,7,9842,2730,7112
1618,1998,8,3647,4870,-1223
1618,1998,9,8566,2280,6286
1618,1998,10,4278,2430,1848
1618,1998,11,10306,2280,8026
1618,1998,12,8732,2925,5807
1619,1997,2,500,0,500
1619,1997,3,13641,0,13641
1619,1997,4,6094,0,6094
1619,1997,5,4917,1300,3617
1619,1997,6,7348,3700,3648
1619,1997,7,4943,5815,-872
1619,1997,8,5341,6835,-1494
1619,1997,9,8243,3235,5008
1619,1997,10,4959,3535,1424
1619,1997,11,5664,8395,-2731
1619,1997,12,11866,9475,2391
1619,1998,1,9349,16195,-6846
1619,1998,2,12941,4915,8026
1619,1998,3,6970,4555,2415
1619,1998,4,4977,4435,542
1619,1998,5,4970,7815,-2845
1619,1998,6,8686,4915,3771
1619,1998,7,4975,11355,-6380
1619,1998,8,10464,8995,1469
1619,1998,9,14383,3235,11148
1619,1998,10,5010,3535,1475
1619,1998,11,6620,3235,3385
1619,1998,12,7440,11080,-3640
1620,1995,6,700,0,700
1620,1995,7,6082,0,6082
1620,1995,8,6082,0,6082
1620,1995,9,6082,0,6082
1620,1995,10,6082,0,6082
1620,1995,11,6176,5246,930
1620,1995,12,6191,6106,85
1620,1996,1,6168,16686,-10518
1620,1996,2,6161,1946,4215
1620,1996,3,6179,1946,4233
1620,1996,4,6188,4586,1602
1620,1996,5,6203,1946,4257
1620,1996,6,6172,16516,-10344
1620,1996,7,6178,1946,4232
1620,1996,8,6193,3626,2567
1620,1996,9,6206,4746,1460
1620,1996,10,6210,8846,-2636
1620,1996,11,6201,3346,2855
1620,1996,12,6211,7796,-1585
1620,1997,1,6163,18576,-12413
1620,1997,2,6154,1946,4208
1620,1997,3,6168,4266,1902
1620,1997,4,6172,7706,-1534
1620,1997,5,6174,1946,4228
1620,1997,6,6164,14926,-8762
1620,1997,7,6155,1946,4209
1620,1997,8,6172,1946,4226
1620,1997,9,6190,1946,4244
1620,1997,10,6207,1946,4261
1620,1997,11,6225,1946,4279
1620,1997,12,6242,2796,3446
1620,1998,1,6221,16056,-9835
1620,1998,2,6216,1946,4270
1620,1998,3,6234,1946,4288
1620,1998,4,6252,1946,4306
1620,1998,5,6248,12666,-6418
1620,1998,6,6202,13996,-7794
1620,1998,7,6210,2446,3764
1620,1998,8,6217,7646,-1429
1620,1998,9,6218,3046,3172
1620,1998,10,6233,1946,4287
1620,1998,11,6251,1946,4305
1620,1998,12,6260,4821,1439
1621,1993,12,25612,0,25612
1621,1994,1,16006,9200,6806
1621,1994,2,16033,0,16033
1621,1994,3,16092,22500,-6408
1621,1994,4,16073,16315,-242
1621,1994,5,16090,22002,-5912
1621,1994,6,23989,33902,-9913
1621,1994,7,16022,13902,2120
1621,1994,8,16035,11802,4233
1621,1994,9,16049,16302,-253
1621,1994,10,16036,16002,34
1621,1994,11,16049,13902,2147
1621,1994,12,24021,19902,4119
1621,1995,1,16043,25502,-9459
1621,1995,2,16027,17002,-975
1621,1995,3,16030,14702,1328
1621,1995,4,16037,12302,3735
1621,1995,5,16024,20902,-4878
1621,1995,6,23971,29602,-5631
1621,1995,7,16008,11702,4306
1621,1995,8,16018,17802,-1784
1621,1995,9,16020,10502,5518
1621,1995,10,16038,13802,2236
1621,1995,11,16046,14802,1244
1621,1995,12,24012,21202,2810
1621,1996,1,16043,27002,-10959
1621,1996,2,16014,11602,4412
1621,1996,3,16034,14402,1632
1621,1996,4,16035,19302,-3267
1621,1996,5,16026,14602,1424
1621,1996,6,23987,24202,-215
1621,1996,7,16326,12102,4224
1621,1996,8,16049,13402,2647
1621,1996,9,16063,11902,4161
1621,1996,10,16078,12802,3276
1621,1996,11,16086,18002,-1916
1621,1996,12,24038,22102,1936
1621,1997,1,16049,27902,-11853
1621,1997,2,16050,8402,7648
1621,1997,3,16062,19702,-3640
1621,1997,4,16051,12602,3449
1621,1997,5,16076,11202,4874
1621,1997,6,24022,34102,-10080
1621,1997,7,16055,10702,5353
1621,1997,8,16072,12902,3170
1621,1997,9,16597,7902,8695
1621,1997,10,16117,13202,2915
1621,1997,11,16121,15402,719
1621,1997,12,24102,13802,10300
1621,1998,1,16139,23902,-7763
1621,1998,2,16125,16802,-677
1621,1998,3,16127,16802,-675
1621,1998,4,16136,12202,3934
1621,1998,5,16138,16902,-764
1621,1998,6,24028,49302,-25274
1621,1998,7,20671,7902,12769
1621,1998,8,16084,18402,-2318
1621,1998,9,16074,15702,372
1621,1998,10,16078,16902,-824
1621,1998,11,16084,11702,4382
1621,1998,12,24068,14787,9281
1622,1996,4,900,0,900
1622,1996,5,13216,0,13216
1622,1996,6,7695,800,6895
1622,1996,7,6082,0,6082
1622,1996,8,5198,2500,2698
1622,1996,9,5192,8800,-3608
1622,1996,10,5184,6400,-1216
1622,1996,11,7696,3400,4296
1622,1996,12,7746,6580,1166
1622,1997,1,5189,12700,-7511
1622,1997,2,5172,8520,-3348
1622,1997,3,5158,6600,-1442
1622,1997,4,5160,3500,1660
1622,1997,5,5164,4300,864
1622,1997,6,10807,9960,847
1622,1997,7,8185,3400,4785
1622,1997,8,7604,3400,4204
1622,1997,9,11607,22360,-10753
1622,1997,10,14803,3400,11403
1622,1997,11,11237,3400,7837
1622,1997,12,10000,6920,3080
1622,1998,1,5217,23400,-18183
1622,1998,2,9200,3400,5800
1622,1998,3,9813,8080,1733
1622,1998,4,6822,3400,3422
1622,1998,5,9647,3400,6247
1622,1998,6,7762,23540,-15778
1622,1998,7,14219,3400,10819
1622,1998,8,9235,3400,5835
1622,1998,9,5257,7000,-1743
1622,1998,10,6852,3400,3452
1622,1998,11,6038,13360,-7322
1622,1998,12,7779,10525,-2746
1623,1996,2,25580,0,25580
1623,1996,3,25387,0,25387
1623,1996,4,24930,17200,7730
1623,1996,5,24955,19400,5555
1623,1996,6,37253,54995,-17742
1623,1996,7,24914,18175,6739
1623,1996,8,24914,28995,-4081
1623,1996,9,24913,21475,3438
1623,1996,10,24931,34475,-9544
1623,1996,11,24915,23475,1440
1623,1996,12,37294,39855,-2561
1623,1997,1,24844,43555,-18711
1623,1997,2,24818,24115,703
1623,1997,3,24835,18075,6760
1623,1997,4,24861,22975,1886
1623,1997,5,24868,21975,2893
1623,1997,6,37175,51755,-14580
1623,1997,7,24820,17475,7345
1623,1997,8,24838,24875,-37
1623,1997,9,24842,26175,-1333
1623,1997,10,24839,21775,3064
1623,1997,11,24850,23175,1675
1623,1997,12,37223,38415,-1192
1623,1998,1,24821,36075,-11254
1623,1998,2,24801,24575,226
1623,1998,3,24804,24375,429
1623,1998,4,24803,25975,-1172
1623,1998,5,24797,26495,-1698
1623,1998,6,37162,33375,3787
1623,1998,7,24802,26335,-1533
1623,1998,8,24799,22075,2724
1623,1998,9,24786,30895,-6109
1623,1998,10,24777,25735,-958
1623,1998,11,24777,22675,2102
1623,1998,12,37184,11240,25944
1624,1996,4,500,0,500
1624,1996,5,6086,0,6086
1624,1996,6,6086,0,6086
1624,1996,7,6086,0,6086
1624,1996,8,6125,1000,5125
1624,1996,9,6199,2552,3647
1624,1996,10,6211,6492,-281
1624,1996,11,6208,5352,856
1624,1996,12,6204,9152,-2948
1624,1997,1,6186,10232,-4046
1624,1997,2,6176,5912,264
1624,1997,3,6186,3552,2634
1624,1997,4,6189,6472,-283
1624,1997,5,6184,9352,-3168
1624,1997,6,6145,14102,-7957
1624,1997,7,6152,2152,4000
1624,1997,8,6164,4252,1912
1624,1997,9,6177,2152,4025
1624,1997,10,6187,5052,1135
1624,1997,11,6177,13032,-6855
1624,1997,12,6164,5102,1062
1624,1998,1,6155,9192,-3037
1624,1998,2,6152,6072,80
1624,1998,3,6156,5032,1124
1624,1998,4,6166,2152,4014
1624,1998,5,6183,2152,4031
1624,1998,6,6188,6702,-514
1624,1998,7,6187,6132,55
1624,1998,8,6177,9152,-2975
1624,1998,9,6177,4752,1425
1624,1998,10,6166,14092,-7926
1624,1998,11,6158,2152,4006
1624,1998,12,6155,9337,-3182
1625,1995,1,800,0,800
1625,1995,2,19634,0,19634
1625,1995,3,12298,2400,9898
1625,1995,4,12327,8800,3527
1625,1995,5,12335,12300,35
1625,1995,6,18443,17780,663
1625,1995,7,12343,11428,915
1625,1995,8,12331,17228,-4897
1625,1995,9,12316,16028,-3712
1625,1995,10,12308,11628,680
1625,1995,11,12315,9728,2587
1625,1995,12,18431,19408,-977
1625,1996,1,12289,27088,-14799
1625,1996,2,13677,4128,9549
1625,1996,3,12290,13228,-938
1625,1996,4,12287,12828,-541
1625,1996,5,12286,12868,-582
1625,1996,6,18396,16728,1668
1625,1996,7,12299,8528,3771
1625,1996,8,12297,13928,-1631
1625,1996,9,12306,8528,3778
1625,1996,10,12311,12128,183
1625,1996,11,12308,13148,-840
1625,1996,12,18405,20308,-1903
1625,1997,1,12267,23528,-11261
1625,1997,2,12277,4128,8149
1625,1997,3,12281,13428,-1147
1625,1997,4,12276,13988,-1712
1625,1997,5,12279,10228,2051
1625,1997,6,18391,26128,-7737
1625,1997,7,12276,4328,7948
1625,1997,8,12290,10988,1302
1625,1997,9,12303,7128,5175
1625,1997,10,12301,20208,-7907
1625,1997,11,12280,10528,1752
1625,1997,12,18394,12428,5966
1625,1998,1,12273,27188,-14915
1625,1998,2,12272,4128,8144
1625,1998,3,12299,7368,4931
1625,1998,4,12273,19028,-6755
1625,1998,5,12300,4128,8172
1625,1998,6,18405,24128,-5723
1625,1998,7,12301,19268,-6967
1625,1998,8,12281,4128,8153
1625,1998,9,12310,7128,5182
1625,1998,10,12336,4128,8208
1625,1998,11,12343,35008,-22665
1625,1998,12,18381,7313,11068
1626,1994,3,1100,0,1100
1626,1994,4,23835,0,23835
1626,1994,5,19901,11000,8901
1626,1994,6,29836,17200,12636
1626,1994,7,19964,21700,-1736
1626,1994,8,19969,17415,2554
1626,1994,9,20008,28235,-8227
1626,1994,10,19947,16915,3032
1626,1994,11,19909,42275,-22366
1626,1994,12,31432,1515,29917
1626,1995,1,19958,50015,-30057
1626,1995,2,21716,15,21701
1626,1995,3,19925,35717,-15792
1626,1995,4,19933,1715,18218
1626,1995,5,19986,10115,9871
1626,1995,6,29871,30915,-1044
1626,1995,7,20013,13515,6498
1626,1995,8,20032,16115,3917
1626,1995,9,20047,16615,3432
1626,1995,10,20044,23386,-3342
1626,1995,11,20039,19615,424
1626,1995,12,29962,20015,9947
1626,1996,1,19966,67115,-47149
1626,1996,2,21644,15,21629
1626,1996,3,19993,15294,4699
1626,1996,4,20010,14315,5695
1626,1996,5,20025,17415,2610
1626,1996,6,29920,60676,-30756
1626,1996,7,19946,3715,16231
1626,1996,8,19995,26815,-6820
1626,1996,9,19960,34515,-14555
1626,1996,10,19880,14715,5165
1626,1996,11,19901,18815,1086
1626,1996,12,29806,38008,-8202
1626,1997,1,19879,27615,-7736
1626,1997,2,19840,13315,6525
1626,1997,3,19878,23615,-3737
1626,1997,4,19851,16015,3836
1626,1997,5,19865,20615,-750
1626,1997,6,29764,24499,5265
1626,1997,7,19878,29015,-9137
1626,1997,8,19849,15,19834
1626,1997,9,19913,38015,-18102
1626,1997,10,19871,8415,11456
1626,1997,11,19889,32115,-12226
1626,1997,12,29820,6915,22905
1626,1998,1,19931,34215,-14284
1626,1998,2,19888,15,19873
1626,1998,3,19951,50715,-30764
1626,1998,4,19842,15,19827
1626,1998,5,19925,15,19910
1626,1998,6,29860,56215,-26355
1626,1998,7,19933,5715,14218
1626,1998,8,19918,44415,-24497
1626,1998,9,19859,3015,16844
1626,1998,10,19925,15,19910
1626,1998,11,19951,51815,-31864
1626,1998,12,29844,7500,22344
1627,1994,1,1000,0,1000
1627,1994,2,15573,0,15573
1627,1994,3,8830,0,8830
1627,1994,4,7462,1900,5562
1627,1994,5,7482,4400,3082
1627,1994,6,11166,9415,1751
1627,1994,7,7491,10915,-3424
1627,1994,8,7478,10015,-2537
1627,1994,9,7471,10215,-2744
1627,1994,10,7466,4615,2851
1627,1994,11,7472,12235,-4763
1627,1994,12,11145,7335,3810
1627,1995,1,7456,13535,-6079
1627,1995,2,7445,9075,-1630
1627,1995,3,7451,815,6636
1627,1995,4,7467,6315,1152
1627,1995,5,7475,4815,2660
1627,1995,6,11146,17835,-6689
1627,1995,7,7459,4515,2944
1627,1995,8,7466,7695,-229
1627,1995,9,7469,5695,1774
1627,1995,10,7470,7715,-245
1627,1995,11,7472,6615,857
1627,1995,12,11147,11595,-448
1627,1996,1,7430,23055,-15625
1627,1996,2,12840,2295,10545
1627,1996,3,7462,7755,-293
1627,1996,4,9572,1575,7997
1627,1996,5,7487,5355,2132
1627,1996,6,11176,7315,3861
1627,1996,7,7504,8515,-1011
1627,1996,8,7507,5815,1692
1627,1996,9,7505,9115,-1610
1627,1996,10,7506,6415,1091
1627,1996,11,7502,9215,-1713
1627,1996,12,11195,4395,6800
1627,1997,1,7505,14195,-6690
1627,1997,2,7513,3115,4398
1627,1997,3,7739,735,7004
1627,1997,4,7555,5015,2540
1627,1997,5,7557,7715,-158
1627,1997,6,11182,37835,-26653
1627,1997,7,14389,15,14374
1627,1997,8,7514,4895,2619
1627,1997,9,7520,6295,1225
1627,1997,10,7525,11415,-3890
1627,1997,11,7507,3015,4492
1627,1997,12,11214,13895,-2681
1627,1998,1,7515,13075,-5560
1627,1998,2,7499,5715,1784
1627,1998,3,7497,7415,82
1627,1998,4,7499,9835,-2336
1627,1998,5,7491,8275,-784
1627,1998,6,11163,9215,1948
1627,1998,7,7495,2715,4780
1627,1998,8,7512,6915,597
1627,1998,9,7513,9615,-2102
1627,1998,10,7505,8915,-1410
1627,1998,11,7497,10615,-3118
1627,1998,12,11159,12900,-1741
1628,1993,1,4989,0,4989
1628,1993,2,4297,0,4297
1628,1993,3,4297,0,4297
1628,1993,4,4297,0,4297
1628,1993,5,4299,15,4284
1628,1993,6,4351,12365,-8014
1628,1993,7,4339,2865,1474
1628,1993,8,4345,2865,1480
1628,1993,9,4351,2865,1486
1628,1993,10,4357,2865,1492
1628,1993,11,4359,4705,-346
1628,1993,12,4361,4065,296
1628,1994,1,4349,9965,-5616
1628,1994,2,4340,2865,1475
1628,1994,3,4339,6145,-1806
1628,1994,4,4338,2865,1473
1628,1994,5,4345,2865,1480
1628,1994,6,4350,5745,-1395
1628,1994,7,4345,2865,1480
1628,1994,8,4351,2865,1486
1628,1994,9,4357,4385,-28
1628,1994,10,4357,2865,1492
1628,1994,11,4363,2865,1498
1628,1994,12,4357,5645,-1288
1628,1995,1,4342,11025,-6683
1628,1995,2,4336,2865,1471
1628,1995,3,4342,2865,1477
1628,1995,4,4348,2865,1483
1628,1995,5,4355,2865,1490
1628,1995,6,4353,6815,-2462
1628,1995,7,4350,3505,845
1628,1995,8,4354,2865,1489
1628,1995,9,4360,4225,135
1628,1995,10,4357,6785,-2428
1628,1995,11,4349,5585,-1236
1628,1995,12,4344,3565,779
1628,1996,1,4343,5665,-1322
1628,1996,2,4343,4465,-122
1628,1996,3,4343,2865,1478
1628,1996,4,4349,2865,1484
1628,1996,5,4355,2865,1490
1628,1996,6,4354,6915,-2561
1628,1996,7,4346,4625,-279
1628,1996,8,4349,2865,1484
1628,1996,9,4355,5025,-670
1628,1996,10,4352,2865,1487
1628,1996,11,4358,2865,1493
1628,1996,12,4359,3865,494
1628,1997,1,4349,9645,-5296
1628,1997,2,4344,2865,1479
1628,1997,3,4351,2865,1486
1628,1997,4,4357,2865,1492
1628,1997,5,4359,3265,1094
1628,1997,6,4367,2865,1502
1628,1997,7,4374,2865,1509
1628,1997,8,4380,2865,1515
1628,1997,9,4377,6945,-2568
1628,1997,10,4375,2865,1510
1628,1997,11,4382,2865,1517
1628,1997,12,4377,10855,-6478
1628,1998,1,4350,7675,-3325
1628,1998,2,4347,2865,1482
1628,1998,3,4353,2865,1488
1628,1998,4,4356,5025,-669
1628,1998,5,4356,2865,1491
1628,1998,6,4360,5905,-1545
1628,1998,7,4355,3985,370
1628,1998,8,4354,4385,-31
1628,1998,9,4357,2865,1492
1628,1998,10,4363,2865,1498
1628,1998,11,4369,2865,1504
1628,1998,12,4369,8170,-3801
1629,1995,11,6285,0,6285
1629,1995,12,5290,0,5290
1629,1996,1,5290,0,5290
1629,1996,2,5290,0,5290
1629,1996,3,5348,4352,996
1629,1996,4,5367,4552,815
1629,1996,5,5359,8192,-2833
1629,1996,6,5329,13702,-8373
1629,1996,7,5323,3152,2171
1629,1996,8,5333,3152,2181
1629,1996,9,5342,3152,2190
1629,1996,10,5350,3652,1698
1629,1996,11,5357,4252,1105
1629,1996,12,5350,7632,-2282
1629,1997,1,5333,10752,-5419
1629,1997,2,5327,5232,95
1629,1997,3,5320,6672,-1352
1629,1997,4,5325,3152,2173
1629,1997,5,5334,3152,2182
1629,1997,6,5333,6992,-1659
1629,1997,7,5327,6192,-865
1629,1997,8,5333,3152,2181
1629,1997,9,5340,7312,-1972
1629,1997,10,5332,3952,1380
1629,1997,11,5339,3152,2187
1629,1997,12,5345,4352,993
1629,1998,1,5327,11472,-6145
1629,1998,2,5326,3152,2174
1629,1998,3,5336,4192,1144
1629,1998,4,5332,6272,-940
1629,1998,5,5335,5712,-377
1629,1998,6,5335,3152,2183
1629,1998,7,5344,3152,2192
1629,1998,8,5353,3152,2201
1629,1998,9,5361,3792,1569
1629,1998,10,5369,3152,2217
1629,1998,11,5378,3152,2226
1629,1998,12,5387,3487,1900
1630,1993,7,900,0,900
1630,1993,8,5862,0,5862
1630,1993,9,5862,0,5862
1630,1993,10,5862,0,5862
1630,1993,11,5881,2200,3681
1630,1993,12,5956,4505,1451
1630,1994,1,5952,13250,-7298
1630,1994,2,5936,3610,2326
1630,1994,3,5946,3610,2336
1630,1994,4,5954,4410,1544
1630,1994,5,5962,3610,2352
1630,1994,6,5970,5410,560
1630,1994,7,5972,5710,262
1630,1994,8,5968,9590,-3622
1630,1994,9,5960,3610,2350
1630,1994,10,5965,6810,-845
1630,1994,11,5966,4210,1756
1630,1994,12,5962,9220,-3258
1630,1995,1,5939,10010,-4071
1630,1995,2,5943,3610,2333
1630,1995,3,5945,6650,-705
1630,1995,4,5948,4710,1238
1630,1995,5,5937,9450,-3513
1630,1995,6,5940,3610,2330
1630,1995,7,5950,4010,1940
1630,1995,8,5952,7870,-1918
1630,1995,9,5943,6890,-947
1630,1995,10,5945,4010,1935
1630,1995,11,5952,4610,1342
1630,1995,12,5946,8670,-2724
1630,1996,1,5927,11400,-5473
1630,1996,2,5920,6010,-90
1630,1996,3,5918,6710,-792
1630,1996,4,5916,6110,-194
1630,1996,5,5921,4410,1511
1630,1996,6,5927,3610,2317
1630,1996,7,5928,6910,-982
1630,1996,8,5932,8010,-2078
1630,1996,9,5923,4410,1513
1630,1996,10,5930,3610,2320
1630,1996,11,5940,5210,730
1630,1996,12,5943,4360,1583
1630,1997,1,5927,10800,-4873
1630,1997,2,5929,3610,2319
1630,1997,3,5926,7990,-2064
1630,1997,4,5930,3610,2320
1630,1997,5,5940,3610,2330
1630,1997,6,5939,6110,-171
1630,1997,7,5949,3610,2339
1630,1997,8,5943,8510,-2567
1630,1997,9,5922,10210,-4288
1630,1997,10,5919,6010,-91
1630,1997,11,5926,3810,2116
1630,1997,12,5938,3610,2328
1630,1998,1,5928,9860,-3932
1630,1998,2,5924,4910,1014
1630,1998,3,5935,3610,2325
1630,1998,4,5945,3610,2335
1630,1998,5,5955,3610,2345
1630,1998,6,5936,11110,-5174
1630,1998,7,5943,3610,2333
1630,1998,8,5952,3610,2342
1630,1998,9,5955,5850,105
1630,1998,10,5959,4170,1789
1630,1998,11,5970,3610,2360
1630,1998,12,5970,5925,45
1631,1996,9,400,0,400
1631,1996,10,4115,0,4115
1631,1996,11,4115,0,4115
1631,1996,12,4115,0,4115
1631,1997,1,4115,0,4115
1631,1997,2,4156,3958,198
1631,1997,3,4185,4838,-653
1631,1997,4,4186,3458,728
1631,1997,5,4181,6278,-2097
1631,1997,6,4179,4758,-579
1631,1997,7,4176,5558,-1382
1631,1997,8,4170,5558,-1388
1631,1997,9,4167,2758,1409
1631,1997,10,4173,3398,775
1631,1997,11,4176,2758,1418
1631,1997,12,4180,3608,572
1631,1998,1,4178,7158,-2980
1631,1998,2,4172,2758,1414
1631,1998,3,4178,3958,220
1631,1998,4,4181,2758,1423
1631,1998,5,4185,2758,1427
1631,1998,6,4191,2758,1433
1631,1998,7,4197,2758,1439
1631,1998,8,4203,2758,1445
1631,1998,9,4204,6358,-2154
1631,1998,10,4200,2758,1442
1631,1998,11,4206,2758,1448
1631,1998,12,4209,4143,66
1632,1996,1,33431,0,33431
1632,1996,2,64860,15600,49260
1632,1996,3,68863,50030,18833
1632,1996,4,82693,100330,-17637
1632,1996,5,54902,84330,-29428
1632,1996,6,93568,47930,45638
1632,1996,7,54309,55767,-1458
1632,1996,8,57638,66130,-8492
1632,1996,9,80085,79230,855
1632,1996,10,50021,74030,-24009
1632,1996,11,83709,80930,2779
1632,1996,12,85339,79648,5691
1632,1997,1,143,52949,-52806
1632,1997,2,3894,30,3864
1632,1997,3,109258,78930,30328
1632,1997,4,93292,72630,20662
1632,1997,5,43697,28330,15367
1632,1997,6,23871,31030,-7159
1632,1997,7,19746,36992,-17246
1632,1997,8,50439,24930,25509
1632,1997,9,386,29130,-28744
1632,1997,10,29040,19030,10010
1632,1997,11,51945,24130,27815
1632,1997,12,112151,117747,-5596
1632,1998,1,66738,136930,-70192
1632,1998,2,7113,30,7083
1632,1998,3,37033,30,37003
1632,1998,4,293,14330,-14037
1632,1998,5,48374,13730,34644
1632,1998,6,35346,27030,8316
1632,1998,7,63036,106830,-43794
1632,1998,8,308,6830,-6522
1632,1998,9,29880,18130,11750
1632,1998,10,62491,57730,4761
1632,1998,11,76274,73381,2893
1632,1998,12,245,27300,-27055
1633,1995,2,200,0,200
1633,1995,3,5153,0,5153
1633,1995,4,5153,0,5153
1633,1995,5,5153,0,5153
1633,1995,6,5153,0,5153
1633,1995,7,5157,15,5142
1633,1995,8,5263,7160,-1897
1633,1995,9,5260,2160,3100
1633,1995,10,5273,2260,3013
1633,1995,11,5281,5260,21
1633,1995,12,5283,3800,1483
1633,1996,1,5268,15070,-9802
1633,1996,2,5251,2160,3091
1633,1996,3,5264,2160,3104
1633,1996,4,5277,2160,3117
1633,1996,5,5290,2160,3130
1633,1996,6,5275,13310,-8035
1633,1996,7,5267,4400,867
1633,1996,8,5273,2260,3013
1633,1996,9,5282,3680,1602
1633,1996,10,5291,2860,2431
1633,1996,11,5302,2160,3142
1633,1996,12,5314,3460,1854
1633,1997,1,5303,16240,-10937
1633,1997,2,5285,2160,3125
1633,1997,3,5291,2160,3131
1633,1997,4,5298,4260,1038
1633,1997,5,5308,2160,3148
1633,1997,6,5298,16310,-11012
1633,1997,7,5271,3520,1751
1633,1997,8,5282,2160,3122
1633,1997,9,5295,2160,3135
1633,1997,10,5308,2160,3148
1633,1997,11,5309,6760,-1451
1633,1997,12,5312,4350,962
1633,1998,1,5293,12210,-6917
1633,1998,2,5290,2160,3130
1633,1998,3,5287,10260,-4973
1633,1998,4,5278,3920,1358
1633,1998,5,5288,2160,3128
1633,1998,6,5284,12910,-7626
1633,1998,7,5269,2160,3109
1633,1998,8,5271,6360,-1089
1633,1998,9,5264,7260,-1996
1633,1998,10,5248,10360,-5112
1633,1998,11,5234,7620,-2386
1633,1998,12,5224,6625,-1401
1634,1994,6,22830,0,22830
1634,1994,7,16486,0,16486
1634,1994,8,15028,9200,5828
1634,1994,9,15053,8700,6353
1634,1994,10,15076,10415,4661
1634,1994,11,15091,12215,2876
1634,1994,12,22509,35715,-13206
1634,1995,1,15064,20615,-5551
1634,1995,2,15036,3215,11821
1634,1995,3,15073,23615,-8542
1634,1995,4,15033,14215,818
1634,1995,5,15036,14515,521
1634,1995,6,22472,27415,-4943
1634,1995,7,15037,17715,-2678
1634,1995,8,15019,17115,-2096
1634,1995,9,15018,14615,403
1634,1995,10,15001,11315,3686
1634,1995,11,15014,15815,-801
1634,1995,12,22469,17015,5454
1634,1996,1,15026,22315,-7289
1634,1996,2,15023,12415,2608
1634,1996,3,15037,11115,3922
1634,1996,4,15032,12915,2117
1634,1996,5,15059,14215,844
1634,1996,6,22455,29015,-6560
1634,1996,7,15027,5315,9712
1634,1996,8,15059,12415,2644
1634,1996,9,15080,13415,1665
1634,1996,10,15077,12515,2562
1634,1996,11,15089,11615,3474
1634,1996,12,22525,21515,1010
1634,1997,1,15081,26315,-11234
1634,1997,2,15070,10215,4855
1634,1997,3,15085,14115,970
1634,1997,4,15089,12515,2574
1634,1997,5,15092,13815,1277
1634,1997,6,22524,23415,-891
1634,1997,7,15099,10915,4184
1634,1997,8,15110,14915,195
1634,1997,9,15117,11215,3902
1634,1997,10,15125,15215,-90
1634,1997,11,15121,16715,-1594
1634,1997,12,22554,18915,3639
1634,1998,1,15131,21615,-6484
1634,1998,2,15139,115,15024
1634,1998,3,15163,17515,-2352
1634,1998,4,15183,21115,-5932
1634,1998,5,15128,17115,-1987
1634,1998,6,24755,21315,3440
1634,1998,7,15148,11315,3833
1634,1998,8,15178,5615,9563
1634,1998,9,15202,12015,3187
1634,1998,10,15220,8615,6605
1634,1998,11,15229,19315,-4086
1634,1998,12,22670,11400,11270
1635,1993,12,900,0,900
1635,1994,1,22581,0,22581
1635,1994,2,18168,10300,7868
1635,1994,3,18201,12200,6001
1635,1994,4,18225,14700,3525
1635,1994,5,18238,17615,623
1635,1994,6,27250,41498,-14248
1635,1994,7,18208,11398,6810
1635,1994,8,18233,14798,3435
1635,1994,9,18235,20378,-2143
1635,1994,10,18227,22098,-3871
1635,1994,11,18218,15998,2220
1635,1994,12,27266,23258,4008
1635,1995,1,18197,35598,-17401
1635,1995,2,18175,10798,7377
1635,1995,3,18199,19618,-1419
1635,1995,4,18198,12998,5200
1635,1995,5,18215,16798,1417
1635,1995,6,27262,24158,3104
1635,1995,7,18230,17418,812
1635,1995,8,18231,19498,-1267
1635,1995,9,18225,18798,-573
1635,1995,10,18227,15998,2229
1635,1995,11,18230,18598,-368
1635,1995,12,27260,28258,-998
1635,1996,1,18182,36638,-18456
1635,1996,2,18165,7498,10667
1635,1996,3,18207,9298,8909
1635,1996,4,18234,14538,3696
1635,1996,5,18246,15998,2248
1635,1996,6,27250,33858,-6608
1635,1996,7,18225,16398,1827
1635,1996,8,18217,18558,-341
1635,1996,9,18234,13798,4436
1635,1996,10,18241,18698,-457
1635,1996,11,18261,8898,9363
1635,1996,12,27344,15098,12246
1635,1997,1,18298,34458,-16160
1635,1997,2,18276,9778,8498
1635,1997,3,18317,9898,8419
1635,1997,4,18333,15538,2795
1635,1997,5,18338,19098,-760
1635,1997,6,37627,48418,-10791
1635,1997,7,18307,11898,6409
1635,1997,8,18316,17198,1118
1635,1997,9,18314,19398,-1084
1635,1997,10,18310,20758,-2448
1635,1997,11,18300,18998,-698
1635,1997,12,27353,23558,3795
1635,1998,1,18276,31438,-13162
1635,1998,2,18257,19298,-1041
1635,1998,3,18243,21338,-3095
1635,1998,4,18237,20978,-2741
1635,1998,5,18214,25138,-6924
1635,1998,6,27245,22398,4847
1635,1998,7,18199,26298,-8099
1635,1998,8,18225,8818,9407
1635,1998,9,18210,24298,-6088
1635,1998,10,18242,5698,12544
1635,1998,11,18207,34398,-16191
1635,1998,12,27275,9523,17752
1636,1997,4,900,0,900
1636,1997,5,23815,0,23815
1636,1997,6,35153,1300,33853
1636,1997,7,23563,20500,3063
1636,1997,8,23583,18200,5383
1636,1997,9,23579,27699,-4120
1636,1997,10,23553,31959,-8406
1636,1997,11,23534,22219,1315
1636,1997,12,35252,19639,15613
1636,1998,1,23559,36699,-13140
1636,1998,2,23575,17179,6396
1636,1998,3,23588,23959,-371
1636,1998,4,23589,20579,3010
1636,1998,5,23596,22859,737
1636,1998,6,35299,19979,15320
1636,1998,7,23643,33639,-9996
1636,1998,8,23624,41679,-18055
1636,1998,9,23590,25179,-1589
1636,1998,10,23581,23579,2
1636,1998,11,23580,23579,1
1636,1998,12,35267,12324,22943
1637,1993,1,6234,0,6234
1637,1993,2,5744,0,5744
1637,1993,3,5744,0,5744
1637,1993,4,5744,0,5744
1637,1993,5,5747,15,5732
1637,1993,6,5815,13298,-7483
1637,1993,7,5806,6638,-832
1637,1993,8,5799,7038,-1239
1637,1993,9,5804,3358,2446
1637,1993,10,5814,3358,2456
1637,1993,11,5824,3358,2466
1637,1993,12,5823,6408,-585
1637,1994,1,5821,11348,-5527
1637,1994,2,5809,3358,2451
1637,1994,3,5819,5998,-179
1637,1994,4,5816,4338,1478
1637,1994,5,5820,4758,1062
1637,1994,6,5821,14078,-8257
1637,1994,7,5795,3358,2437
1637,1994,8,5805,6558,-753
1637,1994,9,5800,6078,-278
1637,1994,10,5791,6398,-607
1637,1994,11,5798,3358,2440
1637,1994,12,5807,3758,2049
1637,1995,1,5796,12478,-6682
1637,1995,2,5788,3358,2430
1637,1995,3,5799,3358,2441
1637,1995,4,5809,3458,2351
1637,1995,5,5815,4398,1417
1637,1995,6,5815,8318,-2503
1637,1995,7,5814,3358,2456
1637,1995,8,5820,4718,1102
1637,1995,9,5828,4398,1430
1637,1995,10,5833,5458,375
1637,1995,11,5836,3358,2478
1637,1995,12,5843,7508,-1665
1637,1996,1,5804,16108,-10304
1637,1996,2,5796,3758,2038
1637,1996,3,5800,6878,-1078
1637,1996,4,5789,7838,-2049
1637,1996,5,5792,3358,2434
1637,1996,6,5790,9968,-4178
1637,1996,7,5785,3358,2427
1637,1996,8,5795,3358,2437
1637,1996,9,5805,3358,2447
1637,1996,10,5815,3358,2457
1637,1996,11,5825,3358,2467
1637,1996,12,5831,5408,423
1637,1997,1,5803,17838,-12035
1637,1997,2,5786,3358,2428
1637,1997,3,5797,3358,2439
1637,1997,4,5807,3358,2449
1637,1997,5,5815,6158,-343
1637,1997,6,5803,8908,-3105
1637,1997,7,5803,3918,1885
1637,1997,8,5811,3358,2453
1637,1997,9,5814,6158,-344
1637,1997,10,5819,3358,2461
1637,1997,11,5829,3358,2471
1637,1997,12,5840,3608,2232
1637,1998,1,5825,16858,-11033
1637,1998,2,5802,3358,2444
1637,1998,3,5813,3358,2455
1637,1998,4,5823,3358,2465
1637,1998,5,5829,4958,871
1637,1998,6,5813,13108,-7295
1637,1998,7,5806,3358,2448
1637,1998,8,5816,3358,2458
1637,1998,9,5826,3358,2468
1637,1998,10,5837,3358,2479
1637,1998,11,5847,3358,2489
1637,1998,12,5856,4643,1213
1638,1996,11,53781,0,53781
1638,1996,12,38505,33600,4905
1638,1997,1,244,19800,-19556
1638,1997,2,244,8200,-7956
1638,1997,3,744,0,744
1638,1997,4,46044,0,46044
1638,1997,5,324,18800,-18476
1638,1997,6,324,14500,-14176
1638,1997,7,324,3500,-3176
1638,1997,8,324,500,-176
1638,1997,9,43053,30,43023
1638,1997,10,261,31879,-31618
1638,1997,11,181,15079,-14898
1638,1997,12,4820,20179,-15359
1638,1998,1,12903,12279,624
1638,1998,2,13803,12455,1348
1638,1998,3,15213,12455,2758
1638,1998,4,16716,17255,-539
1638,1998,5,20425,19655,770
1638,1998,6,16729,12455,4274
1638,1998,7,37838,25055,12783
1638,1998,8,9980,12455,-2475
1638,1998,9,14260,22207,-7947
1638,1998,10,18863,12455,6408
1638,1998,11,10365,12455,-2090
1638,1998,12,13026,25025,-11999
1640,1995,9,20904,0,20904
1640,1995,10,24200,13200,11000
1640,1995,11,20271,15700,4571
1640,1995,12,30361,19100,11261
1640,1996,1,20348,30058,-9710
1640,1996,2,20329,17598,2731
1640,1996,3,20339,21598,-1259
1640,1996,4,20334,24778,-4444
1640,1996,5,20314,20498,-184
1640,1996,6,30404,24898,5506
1640,1996,7,20341,23778,-3437
1640,1996,8,20317,21498,-1181
1640,1996,9,20309,23098,-2789
1640,1996,10,20301,17698,2603
1640,1996,11,20313,28758,-8445
1640,1996,12,30371,24478,5893
1640,1997,1,20291,28898,-8607
1640,1997,2,20259,16078,4181
1640,1997,3,20279,15918,4361
1640,1997,4,20299,16798,3501
1640,1997,5,20312,17998,2314
1640,1997,6,30408,22698,7710
1640,1997,7,20345,22498,-2153
1640,1997,8,20343,16498,3845
1640,1997,9,20344,24538,-4194
1640,1997,10,20335,19618,717
1640,1997,11,20327,25458,-5131
1640,1997,12,30404,22038,8366
1640,1998,1,20347,26318,-5971
1640,1998,2,20324,17898,2426
1640,1998,3,20344,13998,6346
1640,1998,4,20356,20458,-102
1640,1998,5,20352,22698,-2346
1640,1998,6,30417,35718,-5301
1640,1998,7,20324,19698,626
1640,1998,8,20325,19498,827
1640,1998,9,20321,21698,-1377
1640,1998,10,20310,23898,-3588
1640,1998,11,20302,21698,-1396
1640,1998,12,30433,9423,21010
1641,1996,4,24222,0,24222
1641,1996,5,43966,7500,36466
1641,1996,6,107491,90515,16976
1641,1996,7,298,33064,-32766
1641,1996,8,35531,35064,467
1641,1996,9,120751,67363,53388
1641,1996,10,45211,92750,-47539
1641,1996,11,72858,54364,18494
1641,1996,12,66749,38364,28385
1641,1997,1,49188,123604,-74416
1641,1997,2,70898,50893,20005
1641,1997,3,74360,47664,26696
1641,1997,4,36149,35764,385
1641,1997,5,208,36264,-36056
1641,1997,6,58776,13864,44912
1641,1997,7,10502,43343,-32841
1641,1997,8,153170,149653,3517
1641,1997,9,143,25664,-25521
1641,1997,10,37570,33676,3894
1641,1997,11,87,9264,-9177
1641,1997,12,49,9264,-9215
1641,1998,1,152137,88064,64073
1641,1998,2,20587,60264,-39677
1641,1998,3,36860,20664,16196
1641,1998,4,128871,116164,12707
1641,1998,5,42235,45864,-3629
1641,1998,6,27474,37164,-9690
1641,1998,7,79360,35064,44296
1641,1998,8,128073,146064,-17991
1641,1998,9,91165,63264,27901
1641,1998,10,35131,86764,-51633
1641,1998,11,56503,56264,239
1641,1998,12,32234,28949,3285
1642,1995,5,1000,0,1000
1642,1995,6,6432,0,6432
1642,1995,7,6432,0,6432
1642,1995,8,6451,400,6051
1642,1995,9,6518,3700,2818
1642,1995,10,6526,7015,-489
1642,1995,11,6526,11112,-4586
1642,1995,12,6511,4912,1599
1642,1996,1,6499,12202,-5703
1642,1996,2,6490,6092,398
1642,1996,3,6499,3612,2887
1642,1996,4,6506,5292,1214
1642,1996,5,6512,6612,-100
1642,1996,6,6510,7212,-702
1642,1996,7,6510,5012,1498
1642,1996,8,6519,3612,2907
1642,1996,9,6520,11992,-5472
1642,1996,10,6508,3612,2896
1642,1996,11,6517,5112,1405
1642,1996,12,6522,4862,1660
1642,1997,1,6515,11052,-4537
1642,1997,2,6511,4252,2259
1642,1997,3,6511,7372,-861
1642,1997,4,6520,3612,2908
1642,1997,5,6519,9412,-2893
1642,1997,6,6512,5932,580
1642,1997,7,6516,6112,404
1642,1997,8,6523,4332,2191
1642,1997,9,6517,10012,-3495
1642,1997,10,6518,3812,2706
1642,1997,11,6508,13332,-6824
1642,1997,12,6493,7212,-719
1642,1998,1,6491,6412,79
1642,1998,2,6495,4612,1883
1642,1998,3,6497,7212,-715
1642,1998,4,6486,9812,-3326
1642,1998,5,6489,3612,2877
1642,1998,6,6497,5532,965
1642,1998,7,6505,3612,2893
1642,1998,8,6517,8412,-1895
1642,1998,9,6506,6092,414
1642,1998,10,6511,3612,2899
1642,1998,11,6499,10912,-4413
1642,1998,12,6494,7097,-603
1644,1993,5,400,0,400
1644,1993,6,23937,0,23937
1644,1993,7,15434,7100,8334
1644,1993,8,15461,9800,5661
1644,1993,9,15519,13400,2119
1644,1993,10,15471,19888,-4417
1644,1993,11,15485,7488,7997
1644,1993,12,23175,15308,7867
1644,1994,1,15480,32008,-16528
1644,1994,2,15473,9888,5585
1644,1994,3,15477,16088,-611
1644,1994,4,15495,9588,5907
1644,1994,5,15486,18668,-3182
1644,1994,6,23053,48068,-25015
1644,1994,7,18735,5148,13587
1644,1994,8,15473,5988,9485
1644,1994,9,15490,11988,3502
1644,1994,10,15492,28288,-12796
1644,1994,11,15487,16088,-601
1644,1994,12,23120,21308,1812
1644,1995,1,15456,28888,-13432
1644,1995,2,15426,8988,6438
1644,1995,3,15451,13608,1843
1644,1995,4,15459,12288,3171
1644,1995,5,15471,14388,1083
1644,1995,6,23152,17988,5164
1644,1995,7,15494,16268,-774
1644,1995,8,15485,18968,-3483
1644,1995,9,15470,13768,1702
1644,1995,10,15481,14788,693
1644,1995,11,15479,20488,-5009
1644,1995,12,23133,22268,865
1644,1996,1,15405,27908,-12503
1644,1996,2,15418,7888,7530
1644,1996,3,15447,10188,5259
1644,1996,4,15460,18648,-3188
1644,1996,5,15452,12488,2964
1644,1996,6,23139,15388,7751
1644,1996,7,15490,16488,-998
1644,1996,8,15489,13288,2201
1644,1996,9,15496,14088,1408
1644,1996,10,15489,23168,-7679
1644,1996,11,15477,8688,6789
1644,1996,12,23157,22468,689
1644,1997,1,15472,31428,-15956
1644,1997,2,15446,5688,9758
1644,1997,3,15468,15568,-100
1644,1997,4,15477,10988,4489
1644,1997,5,15484,16988,-1504
1644,1997,6,23136,27708,-4572
1644,1997,7,15460,15348,112
1644,1997,8,15455,17888,-2433
1644,1997,9,15450,13988,1462
1644,1997,10,15461,11788,3673
1644,1997,11,15462,17748,-2286
1644,1997,12,23127,19248,3879
1644,1998,1,15924,32308,-16384
1644,1998,2,16818,9228,7590
1644,1998,3,15446,11748,3698
1644,1998,4,15456,13128,2328
1644,1998,5,15461,14828,633
1644,1998,6,23137,28348,-5211
1644,1998,7,15453,9688,5765
1644,1998,8,15466,13288,2178
1644,1998,9,15473,13388,2085
1644,1998,10,15474,17008,-1534
1644,1998,11,15481,11288,4193
1644,1998,12,23147,21373,1774
1645,1996,10,300,0,300
1645,1996,11,19160,0,19160
1645,1996,12,20534,8500,12034
1645,1997,1,13752,12000,1752
1645,1997,2,13758,12700,1058
1645,1997,3,13756,18593,-4837
1645,1997,4,13743,14793,-1050
1645,1997,5,13835,19293,-5458
1645,1997,6,20546,12893,7653
1645,1997,7,13739,19433,-5694
1645,1997,8,14912,19773,-4861
1645,1997,9,13737,9993,3744
1645,1997,10,13942,10413,3529
1645,1997,11,14569,9093,5476
1645,1997,12,23491,13973,9518
1645,1998,1,13759,31173,-17414
1645,1998,2,24662,9093,15569
1645,1998,3,13797,9493,4304
1645,1998,4,13805,12893,912
1645,1998,5,13817,18893,-5076
1645,1998,6,20590,26333,-5743
1645,1998,7,13762,16773,-3011
1645,1998,8,13744,16513,-2769
1645,1998,9,18350,13773,4577
1645,1998,10,13784,12593,1191
1645,1998,11,13765,12493,1272
1645,1998,12,23128,13078,10050
1646,1996,5,600,0,600
1646,1996,6,57838,18100,39738
1646,1996,7,164733,151730,13003
1646,1996,8,40031,37102,2929
1646,1996,9,669,28305,-27636
1646,1996,10,9640,9202,438
1646,1996,11,133006,104202,28804
1646,1996,12,108462,68826,39636
1646,1997,1,78149,88772,-10623
1646,1997,2,312,43402,-43090
1646,1997,3,27436,8202,19234
1646,1997,4,42241,12302,29939
1646,1997,5,55075,46273,8802
1646,1997,6,42528,106902,-64374
1646,1997,7,8934,18102,-9168
1646,1997,8,43004,29129,13875
1646,1997,9,104156,95096,9060
1646,1997,10,9834,37875,-28041
1646,1997,11,12196,8202,3994
1646,1997,12,21848,8202,13646
1646,1998,1,45669,37002,8667
1646,1998,2,74779,20824,53955
1646,1998,3,55657,58596,-2939
1646,1998,4,79055,114022,-34967
1646,1998,5,89146,86902,2244
1646,1998,6,55879,49127,6752
1646,1998,7,31400,61701,-30301
1646,1998,8,103656,40102,63554
1646,1998,9,68202,83402,-15200
1646,1998,10,347,24602,-24255
1646,1998,11,70591,68202,2389
1646,1998,12,44995,28723,16272
1647,1997,7,900,0,900
1647,1997,8,13381,0,13381
1647,1997,9,10528,0,10528
1647,1997,10,8867,0,8867
1647,1997,11,5589,1000,4589
1647,1997,12,8306,10638,-2332
1647,1998,1,5565,21238,-15673
1647,1998,2,5527,3738,1789
1647,1998,3,5526,6238,-712
1647,1998,4,6435,3638,2797
1647,1998,5,5538,5238,300
1647,1998,6,10878,5638,5240
1647,1998,7,6659,8438,-1779
1647,1998,8,11877,8538,3339
1647,1998,9,8081,3638,4443
1647,1998,10,5577,9038,-3461
1647,1998,11,10894,3638,7256
1647,1998,12,8323,8823,-500
1648,1997,8,1804,0,1804
1648,1997,9,11335,0,11335
1648,1997,10,60682,15,60667
1648,1997,11,1246,25415,-24169
1648,1997,12,1164,14265,-13101
1648,1998,1,5412,20115,-14703
1648,1998,2,2191,1565,626
1648,1998,3,2299,15,2284
1648,1998,4,2808,15,2793
1648,1998,5,1112,1715,-603
1648,1998,6,18470,12215,6255
1648,1998,7,1130,4715,-3585
1648,1998,8,1123,1015,108
1648,1998,9,1121,2315,-1194
1648,1998,10,1107,5815,-4708
1648,1998,11,1097,2115,-1018
1648,1998,12,1091,2900,-1809
1649,1993,1,700,0,700
1649,1993,2,11000,0,11000
1649,1993,3,5500,0,5500
1649,1993,4,3500,0,3500
1649,1993,5,14925,3600,11325
1649,1993,6,133,4400,-4267
1649,1993,7,133,4000,-3867
1649,1993,8,18363,10700,7663
1649,1993,9,131,4200,-4069
1649,1993,10,131,3700,-3569
1649,1993,11,2731,0,2731
1649,1993,12,131,1200,-1069
1649,1994,1,131,100,31
1649,1994,2,1931,0,1931
1649,1994,3,131,1300,-1169
1649,1994,4,431,0,431
1649,1994,5,34232,1100,33132
1649,1994,6,249,18000,-17751
1649,1994,7,48688,32500,16188
1649,1994,8,242,15800,-15558
1649,1994,9,242,6500,-6258
1649,1994,10,242,3800,-3558
1649,1994,11,242,1500,-1258
1649,1994,12,242,5100,-4858
1649,1995,1,242,300,-58
1649,1995,2,10666,8015,2651
1649,1995,3,5729,1515,4214
1649,1995,4,139,3815,-3676
1649,1995,5,124,4415,-4291
1649,1995,6,106,3915,-3809
1649,1995,7,90,2915,-2825
1649,1995,8,179,15,164
1649,1995,9,1180,15,1165
1649,1995,10,84,2615,-2531
1649,1995,11,3068,4215,-1147
1649,1995,12,269,15,254
1649,1996,1,70,1015,-945
1649,1996,2,66,2815,-2749
1649,1996,3,2055,15,2040
1649,1996,4,63,915,-852
1649,1996,5,0,15,-15
1649,1996,6,28711,415,28296
1649,1996,7,175,15715,-15540
1649,1996,8,111,13115,-13004
1649,1996,9,58,15,43
1649,1996,10,0,15,-15
1649,1996,11,45495,15,45480
1649,1996,12,151,27715,-27564
1649,1997,1,92,16215,-16123
1649,1997,2,66,15,51
1649,1997,3,0,15,-15
1649,1997,4,134,15,119
1649,1997,5,0,15,-15
1649,1997,6,134,15,119
1649,1997,7,66,15,51
1649,1997,8,48514,15,48499
1649,1997,9,47985,38415,9570
1649,1997,10,303,39415,-39112
1649,1997,11,143,20215,-20072
1649,1997,12,62,15,47
1649,1998,1,0,15,-15
1649,1998,2,130,15,115
1649,1998,3,0,15,-15
1649,1998,4,126,15,111
1649,1998,5,0,15,-15
1649,1998,6,126,15,111
1649,1998,7,62,15,47
1649,1998,8,0,15,-15
1649,1998,9,41561,31215,10346
1649,1998,10,0,15,-15
1649,1998,11,213,10715,-10502
1649,1998,12,22866,18600,4266
1650,1997,12,24806,0,24806
1650,1998,1,16573,0,16573
1650,1998,2,16013,8200,7813
1650,1998,3,16044,8800,7244
1650,1998,4,16047,32974,-16927
1650,1998,5,15974,18464,-2490
1650,1998,6,23906,15864,8042
1650,1998,7,15920,44918,-28998
1650,1998,8,24825,12764,12061
1650,1998,9,17751,12764,4987
1650,1998,10,18775,12764,6011
1650,1998,11,15970,34432,-18462
1650,1998,12,34176,21449,12727
1651,1997,1,24496,0,24496
1651,1997,2,102,2300,-2198
1651,1997,3,1702,0,1702
1651,1997,4,2802,0,2802
1651,1997,5,3502,0,3502
1651,1997,6,2602,0,2602
1651,1997,7,1902,0,1902
1651,1997,8,5602,0,5602
1651,1997,9,702,0,702
1651,1997,10,17578,0,17578
1651,1997,11,244,6000,-5756
1651,1997,12,244,1500,-1256
1651,1998,1,40236,2900,37336
1651,1998,2,5765,21215,-15450
1651,1998,3,84762,113535,-28773
1651,1998,4,26467,11915,14552
1651,1998,5,13538,17148,-3610
1651,1998,6,96577,79115,17462
1651,1998,7,73980,61915,12065
1651,1998,8,353,18315,-17962
1651,1998,9,77276,70915,6361
1651,1998,10,305,10515,-10210
1651,1998,11,257,13515,-13258
1651,1998,12,46788,18600,28188
1652,1993,5,300,0,300
1652,1993,6,6226,0,6226
1652,1993,7,6226,0,6226
1652,1993,8,6226,0,6226
1652,1993,9,6226,0,6226
1652,1993,10,6280,4915,1365
1652,1993,11,6337,6837,-500
1652,1993,12,6331,8697,-2366
1652,1994,1,6312,14697,-8385
1652,1994,2,6297,3437,2860
1652,1994,3,6309,3437,2872
1652,1994,4,6320,5677,643
1652,1994,5,6318,7917,-1599
1652,1994,6,6300,12787,-6487
1652,1994,7,6290,3437,2853
1652,1994,8,6302,3437,2865
1652,1994,9,6314,3437,2877
1652,1994,10,6325,5277,1048
1652,1994,11,6327,4237,2090
1652,1994,12,6332,4837,1495
1652,1995,1,6321,13897,-7576
1652,1995,2,6307,4557,1750
1652,1995,3,6321,3437,2884
1652,1995,4,6332,3437,2895
1652,1995,5,6345,3437,2908
1652,1995,6,6338,15897,-9559
1652,1995,7,6308,5677,631
1652,1995,8,6319,3437,2882
1652,1995,9,6321,5937,384
1652,1995,10,6332,6077,255
1652,1995,11,6331,7037,-706
1652,1995,12,6330,3687,2643
1652,1996,1,6314,15627,-9313
1652,1996,2,6303,3437,2866
1652,1996,3,6315,3437,2878
1652,1996,4,6327,3437,2890
1652,1996,5,6330,5637,693
1652,1996,6,6322,16947,-10625
1652,1996,7,6297,3437,2860
1652,1996,8,6303,4637,1666
1652,1996,9,6302,7237,-935
1652,1996,10,6307,8037,-1730
1652,1996,11,6311,4337,1974
1652,1996,12,6313,7937,-1624
1652,1997,1,6289,10817,-4528
1652,1997,2,6287,5137,1150
1652,1997,3,6291,7337,-1046
1652,1997,4,6288,3437,2851
1652,1997,5,6299,5137,1162
1652,1997,6,6304,3437,2867
1652,1997,7,6315,5217,1098
1652,1997,8,6320,4737,1583
1652,1997,9,6322,9937,-3615
1652,1997,10,6312,3437,2875
1652,1997,11,6317,11337,-5020
1652,1997,12,6298,4337,1961
1652,1998,1,6292,9567,-3275
1652,1998,2,6297,3437,2860
1652,1998,3,6309,3437,2872
1652,1998,4,6315,4957,1358
1652,1998,5,6327,3437,2890
1652,1998,6,6339,3437,2902
1652,1998,7,6351,3437,2914
1652,1998,8,6337,23037,-16700
1652,1998,9,6293,3437,2856
1652,1998,10,6305,3437,2868
1652,1998,11,6309,6717,-408
1652,1998,12,6315,3822,2493
1653,1994,9,700,0,700
1653,1994,10,24268,3000,21268
1653,1994,11,24348,9800,14548
1653,1994,12,36521,23700,12821
1653,1995,1,24436,24100,336
1653,1995,2,24437,23915,522
1653,1995,3,24444,28571,-4127
1653,1995,4,24428,26571,-2143
1653,1995,5,24418,31591,-7173
1653,1995,6,36531,26971,9560
1653,1995,7,24430,24771,-341
1653,1995,8,24412,28431,-4019
1653,1995,9,24406,25071,-665
1653,1995,10,24404,24471,-67
1653,1995,11,24448,22471,1977
1653,1995,12,36531,32591,3940
1653,1996,1,24420,27911,-3491
1653,1996,2,24428,15571,8857
1653,1996,3,24459,19811,4648
1653,1996,4,24469,21371,3098
1653,1996,5,24480,22271,2209
1653,1996,6,36620,42611,-5991
1653,1996,7,24450,27791,-3341
1653,1996,8,24458,17571,6887
1653,1996,9,24477,19671,4806
1653,1996,10,24469,29311,-4842
1653,1996,11,24464,25371,-907
1653,1996,12,36593,31351,5242
1653,1997,1,24481,34071,-9590
1653,1997,2,24461,15771,8690
1653,1997,3,24473,27091,-2618
1653,1997,4,24484,16871,7613
1653,1997,5,24497,22951,1546
1653,1997,6,36620,42731,-6111
1653,1997,7,24486,21971,2515
1653,1997,8,24515,14671,9844
1653,1997,9,24530,23151,1379
1653,1997,10,24535,22271,2264
1653,1997,11,24539,23771,768
1653,1997,12,36668,26431,10237
1653,1998,1,24529,65351,-40822
1653,1998,2,24479,10071,14408
1653,1998,3,24494,18171,6323
1653,1998,4,24512,20371,4141
1653,1998,5,24515,44571,-20056
1653,1998,6,36644,34211,2433
1653,1998,7,24509,28871,-4362
1653,1998,8,24488,26371,-1883
1653,1998,9,24479,26871,-2392
1653,1998,10,24466,28371,-3905
1653,1998,11,24451,23671,780
1653,1998,12,36596,7856,28740
1654,1996,8,19313,0,19313
1654,1996,9,18790,300,18490
1654,1996,10,18832,11600,7232
1654,1996,11,18864,11100,7764
1654,1996,12,28228,21115,7113
1654,1997,1,18780,57457,-38677
1654,1997,2,18795,615,18180
1654,1997,3,18809,24628,-5819
1654,1997,4,18832,5815,13017
1654,1997,5,18778,45876,-27098
1654,1997,6,36145,17415,18730
1654,1997,7,26575,35589,-9014
1654,1997,8,26974,20204,6770
1654,1997,9,27978,31903,-3925
1654,1997,10,18793,3415,15378
1654,1997,11,18855,8415,10440
1654,1997,12,28286,18215,10071
1654,1998,1,31960,59115,-27155
1654,1998,2,18830,2315,16515
1654,1998,3,18923,15141,3782
1654,1998,4,18909,19715,-806
1654,1998,5,18930,19381,-451
1654,1998,6,28297,24915,3382
1654,1998,7,18934,19594,-660
1654,1998,8,18919,12515,6404
1654,1998,9,18933,24130,-5197
1654,1998,10,18933,4715,14218
1654,1998,11,18980,16015,2965
1654,1998,12,28203,68300,-40097
1655,1996,4,600,0,600
1655,1996,5,21358,0,21358
1655,1996,6,25494,8200,17294
1655,1996,7,17079,13800,3279
1655,1996,8,17073,21500,-4427
1655,1996,9,17058,21019,-3961
1655,1996,10,17053,20719,-3666
1655,1996,11,17027,20879,-3852
1655,1996,12,25484,22539,2945
1655,1997,1,17007,30299,-13292
1655,1997,2,16989,13419,3570
1655,1997,3,16998,14419,2579
1655,1997,4,16998,18819,-1821
1655,1997,5,16999,19019,-2020
1655,1997,6,25450,22719,2731
1655,1997,7,16996,18119,-1123
1655,1997,8,16990,19079,-2089
1655,1997,9,16991,17619,-628
1655,1997,10,16993,14619,2374
1655,1997,11,17020,9719,7301
1655,1997,12,25833,11839,13994
1655,1998,1,17057,28959,-11902
1655,1998,2,17043,14999,2044
1655,1998,3,17051,14419,2632
1655,1998,4,17066,13419,3647
1655,1998,5,17063,21179,-4116
1655,1998,6,25543,14119,11424
1655,1998,7,17076,24559,-7483
1655,1998,8,17062,17479,-417
1655,1998,9,17082,12319,4763
1655,1998,10,17095,19259,-2164
1655,1998,11,17108,9019,8089
1655,1998,12,25584,18564,7020
1656,1997,2,24287,0,24287
1656,1997,3,25896,0,25896
1656,1997,4,23959,14700,9259
1656,1997,5,23981,21000,2981
1656,1997,6,35873,32615,3258
1656,1997,7,23935,58214,-34279
1656,1997,8,23829,32128,-8299
1656,1997,9,28242,20828,7414
1656,1997,10,23872,17328,6544
1656,1997,11,25703,26928,-1225
1656,1997,12,35781,29528,6253
1656,1998,1,23884,41228,-17344
1656,1998,2,24048,14628,9420
1656,1998,3,23876,19728,4148
1656,1998,4,23906,24728,-822
1656,1998,5,23886,37128,-13242
1656,1998,6,35723,25928,9795
1656,1998,7,23870,28128,-4258
1656,1998,8,23865,22528,1337
1656,1998,9,24072,23211,861
1656,1998,10,23871,18128,5743
1656,1998,11,31160,36482,-5322
1656,1998,12,35771,22467,13304
1657,1997,11,3545,0,3545
1657,1997,12,3250,0,3250
1657,1998,1,3250,0,3250
1657,1998,2,3250,0,3250
1657,1998,3,3279,2171,1108
1657,1998,4,3298,2171,1127
1657,1998,5,3302,2681,621
1657,1998,6,3305,2171,1134
1657,1998,7,3310,2171,1139
1657,1998,8,3314,2681,633
1657,1998,9,3317,2171,1146
1657,1998,10,3322,2501,821
1657,1998,11,3325,2171,1154
1657,1998,12,3330,2516,814
1658,1993,5,800,0,800
1658,1993,6,3184,0,3184
1658,1993,7,3184,0,3184
1658,1993,8,3184,0,3184
1658,1993,9,3184,0,3184
1658,1993,10,3227,2925,302
1658,1993,11,3246,2137,1109
1658,1993,12,3249,2857,392
1658,1994,1,3243,6277,-3034
1658,1994,2,3240,2137,1103
1658,1994,3,3241,3757,-516
1658,1994,4,3242,2137,1105
1658,1994,5,3246,2497,749
1658,1994,6,3245,3397,-152
1658,1994,7,3249,2137,1112
1658,1994,8,3251,3037,214
1658,1994,9,3255,2137,1118
1658,1994,10,3259,2137,1122
1658,1994,11,3264,2137,1127
1658,1994,12,3267,3067,200
1658,1995,1,3259,6157,-2898
1658,1995,2,3257,3577,-320
1658,1995,3,3256,2137,1119
1658,1995,4,3258,3547,-289
1658,1995,5,3260,2137,1123
1658,1995,6,3259,7957,-4698
1658,1995,7,3245,2137,1108
1658,1995,8,3249,2137,1112
1658,1995,9,3251,3037,214
1658,1995,10,3254,2347,907
1658,1995,11,3258,2137,1121
1658,1995,12,3260,3427,-167
1658,1996,1,3245,7087,-3842
1658,1996,2,3246,2137,1109
1658,1996,3,3251,2137,1114
1658,1996,4,3255,2137,1118
1658,1996,5,3260,2137,1123
1658,1996,6,3265,2137,1128
1658,1996,7,3269,2707,562
1658,1996,8,3272,2137,1135
1658,1996,9,3273,3457,-184
1658,1996,10,3276,2137,1139
1658,1996,11,3280,2137,1143
1658,1996,12,3284,2437,847
1658,1997,1,3275,8557,-5282
1658,1997,2,3266,2137,1129
1658,1997,3,3271,2137,1134
1658,1997,4,3276,2137,1139
1658,1997,5,3281,2137,1144
1658,1997,6,3260,9277,-6017
1658,1997,7,3260,2137,1123
1658,1997,8,3265,2137,1128
1658,1997,9,3269,2137,1132
1658,1997,10,3274,2137,1137
1658,1997,11,3274,4747,-1473
1658,1997,12,3271,2587,684
1658,1998,1,3269,6127,-2858
1658,1998,2,3263,2137,1126
1658,1998,3,3268,2137,1131
1658,1998,4,3273,2137,1136
1658,1998,5,3272,3517,-245
1658,1998,6,3273,4687,-1414
1658,1998,7,3270,2137,1133
1658,1998,8,3275,2137,1138
1658,1998,9,3279,2617,662
1658,1998,10,3281,3577,-296
1658,1998,11,3281,2137,1144
1658,1998,12,3285,2632,653
1659,1996,12,400,0,400
1659,1997,1,5887,0,5887
1659,1997,2,5887,0,5887
1659,1997,3,5887,0,5887
1659,1997,4,5887,0,5887
1659,1997,5,5912,6215,-303
1659,1997,6,5980,14171,-8191
1659,1997,7,5961,2821,3140
1659,1997,8,5974,2821,3153
1659,1997,9,5987,2821,3166
1659,1997,10,5997,6501,-504
1659,1997,11,5998,2821,3177
1659,1997,12,6010,3221,2789
1659,1998,1,6002,11731,-5729
1659,1998,2,5998,2821,3177
1659,1998,3,6012,2821,3191
1659,1998,4,6022,5021,1001
1659,1998,5,6022,6581,-559
1659,1998,6,6007,10171,-4164
1659,1998,7,6010,2821,3189
1659,1998,8,6023,2821,3202
1659,1998,9,6035,3621,2414
1659,1998,10,6042,4821,1221
1659,1998,11,6051,3301,2750
1659,1998,12,6047,13076,-7029
1660,1995,9,38734,0,38734
1660,1995,10,17778,7100,10678
1660,1995,11,205,14500,-14295
1660,1995,12,5638,6700,-1062
1660,1996,1,44657,29000,15657
1660,1996,2,206,14500,-14294
1660,1996,3,17476,16515,961
1660,1996,4,114,23769,-23655
1660,1996,5,43568,15,43553
1660,1996,6,232,17315,-17083
1660,1996,7,129,23006,-22877
1660,1996,8,47316,25815,21501
1660,1996,9,1878,35815,-33937
1660,1996,10,3818,2901,917
1660,1996,11,3120,15,3105
1660,1996,12,3029,5715,-2686
1660,1997,1,50552,27515,23037
1660,1997,2,45466,10715,34751
1660,1997,3,10305,24815,-14510
1660,1997,4,52153,24415,27738
1660,1997,5,49763,27815,21948
1660,1997,6,64572,91615,-27043
1660,1997,7,23901,35515,-11614
1660,1997,8,43796,26215,17581
1660,1997,9,50987,82715,-31728
1660,1997,10,37024,8215,28809
1660,1997,11,72508,48715,23793
1660,1997,12,384,43015,-42631
1660,1998,1,43295,59615,-16320
1660,1998,2,63107,8715,54392
1660,1998,3,384,33415,-33031
1660,1998,4,29853,40515,-10662
1660,1998,5,29655,57115,-27460
1660,1998,6,30455,26315,4140
1660,1998,7,142930,61915,81015
1660,1998,8,84135,132215,-48080
1660,1998,9,54204,27515,26689
1660,1998,10,352,37015,-36663
1660,1998,11,48675,34215,14460
1660,1998,12,72918,29840,43078
1662,1997,8,22173,0,22173
1662,1997,9,22064,200,21864
1662,1997,10,22126,11300,10826
1662,1997,11,22163,14100,8063
1662,1997,12,33170,19415,13755
1662,1998,1,22163,43641,-21478
1662,1998,2,22132,20541,1591
1662,1998,3,22141,22141,0
1662,1998,4,22134,23341,-1207
1662,1998,5,22145,18541,3604
1662,1998,6,33144,20641,12503
1662,1998,7,22203,20341,1862
1662,1998,8,22183,27141,-4958
1662,1998,9,22172,26241,-4069
1662,1998,10,22159,25141,-2982
1662,1998,11,22126,28341,-6215
1662,1998,12,33077,31726,1351
1663,1996,11,6686,0,6686
1663,1996,12,6394,0,6394
1663,1997,1,6394,0,6394
1663,1997,2,6394,0,6394
1663,1997,3,6433,3135,3298
1663,1997,4,6489,5055,1434
1663,1997,5,6496,4955,1541
1663,1997,6,6490,12705,-6215
1663,1997,7,6484,2655,3829
1663,1997,8,6499,5795,704
1663,1997,9,6503,4255,2248
1663,1997,10,6512,2655,3857
1663,1997,11,6527,5155,1372
1663,1997,12,6523,6915,-392
1663,1998,1,6530,4555,1975
1663,1998,2,6540,2655,3885
1663,1998,3,6550,8275,-1725
1663,1998,4,6548,3835,2713
1663,1998,5,6560,3455,3105
1663,1998,6,6568,13305,-6737
1663,1998,7,6545,5155,1390
1663,1998,8,6552,2655,3897
1663,1998,9,6568,3055,3513
1663,1998,10,6578,6415,163
1663,1998,11,6579,5215,1364
1663,1998,12,6586,3390,3196
1664,1993,11,500,0,500
1664,1993,12,33053,5800,27253
1664,1994,1,22134,11400,10734
1664,1994,2,22160,19300,2860
1664,1994,3,22176,17200,4976
1664,1994,4,22181,23815,-1634
1664,1994,5,22181,26669,-4488
1664,1994,6,33178,30469,2709
1664,1994,7,22167,30769,-8602
1664,1994,8,22156,16869,5287
1664,1994,9,22162,22069,93
1664,1994,10,22159,22869,-710
1664,1994,11,22159,21669,490
1664,1994,12,33177,28269,4908
1664,1995,1,22131,36969,-14838
1664,1995,2,22159,7269,14890
1664,1995,3,22180,21969,211
1664,1995,4,22227,22869,-642
1664,1995,5,22224,24969,-2745
1664,1995,6,36095,23569,12526
1664,1995,7,22219,20469,1750
1664,1995,8,22214,24469,-2255
1664,1995,9,22207,21869,338
1664,1995,10,22214,20069,2145
1664,1995,11,22188,31069,-8881
1664,1995,12,33205,28269,4936
1664,1996,1,22136,43269,-21133
1664,1996,2,22155,9069,13086
1664,1996,3,22164,22569,-405
1664,1996,4,22172,19969,2203
1664,1996,5,22190,19569,2621
1664,1996,6,33202,46669,-13467
1664,1996,7,22141,19269,2872
1664,1996,8,22156,34069,-11913
1664,1996,9,22131,26669,-4538
1664,1996,10,22126,22869,-743
1664,1996,11,22123,19769,2354
1664,1996,12,33156,31669,1487
1664,1997,1,22111,15769,6342
1664,1997,2,22161,27669,-5508
1664,1997,3,22137,28169,-6032
1664,1997,4,22112,25469,-3357
1664,1997,5,22101,7869,14232
1664,1997,6,33155,40669,-7514
1664,1997,7,22135,5469,16666
1664,1997,8,22177,39569,-17392
1664,1997,9,22131,5469,16662
1664,1997,10,22170,38669,-16499
1664,1997,11,22112,25169,-3057
1664,1997,12,33123,31569,1554
1664,1998,1,22092,23369,-1277
1664,1998,2,22118,5469,16649
1664,1998,3,22189,5469,16720
1664,1998,4,22194,56469,-34275
1664,1998,5,22116,5469,16647
1664,1998,6,33155,50869,-17714
1664,1998,7,22111,5469,16642
1664,1998,8,22180,5469,16711
1664,1998,9,22178,52169,-29991
1664,1998,10,22122,6469,15653
1664,1998,11,22189,5469,16720
1664,1998,12,33185,65754,-32569
1665,1997,4,800,0,800
1665,1997,5,6531,0,6531
1665,1997,6,6531,0,6531
1665,1997,7,6531,0,6531
1665,1997,8,6587,4900,1687
1665,1997,9,6624,6215,409
1665,1997,10,6625,7453,-828
1665,1997,11,6619,7293,-674
1665,1997,12,6610,9693,-3083
1665,1998,1,6616,2793,3823
1665,1998,2,6614,8953,-2339
1665,1998,3,6615,5573,1042
1665,1998,4,6616,5693,923
1665,1998,5,6634,1593,5041
1665,1998,6,6628,15243,-8615
1665,1998,7,6619,1593,5026
1665,1998,8,6640,1593,5047
1665,1998,9,6658,2093,4565
1665,1998,10,6680,1593,5087
1665,1998,11,6672,12333,-5661
1665,1998,12,6664,5378,1286
1666,1993,10,500,0,500
1666,1993,11,6157,0,6157
1666,1993,12,6157,0,6157
1666,1994,1,6157,0,6157
1666,1994,2,6164,2600,3564
1666,1994,3,6261,4815,1446
1666,1994,4,6268,4579,1689
1666,1994,5,6275,4179,2096
1666,1994,6,6263,12629,-6366
1666,1994,7,6252,5619,633
1666,1994,8,6260,3079,3181
1666,1994,9,6273,2879,3394
1666,1994,10,6277,8359,-2082
1666,1994,11,6278,3079,3199
1666,1994,12,6281,9859,-3578
1666,1995,1,6263,8979,-2716
1666,1995,2,6265,5219,1046
1666,1995,3,6268,4379,1889
1666,1995,4,6274,6579,-305
1666,1995,5,6273,5779,494
1666,1995,6,6247,14579,-8332
1666,1995,7,6245,2179,4066
1666,1995,8,6260,3859,2401
1666,1995,9,6267,5079,1188
1666,1995,10,6276,2179,4097
1666,1995,11,6287,5879,408
1666,1995,12,6288,6009,279
1666,1996,1,6273,12339,-6066
1666,1996,2,6271,2179,4092
1666,1996,3,6288,2179,4109
1666,1996,4,6294,5459,835
1666,1996,5,6308,2179,4129
1666,1996,6,6288,16979,-10691
1666,1996,7,6272,5299,973
1666,1996,8,6285,2179,4106
1666,1996,9,6302,2179,4123
1666,1996,10,6314,4279,2035
1666,1996,11,6317,4659,1658
1666,1996,12,6331,2779,3552
1666,1997,1,6310,17939,-11629
1666,1997,2,6300,2179,4121
1666,1997,3,6310,5379,931
1666,1997,4,6320,2959,3361
1666,1997,5,6324,6279,45
1666,1997,6,6330,9679,-3349
1666,1997,7,6316,4179,2137
1666,1997,8,6311,9439,-3128
1666,1997,9,6313,3539,2774
1666,1997,10,6328,3299,3029
1666,1997,11,6336,3679,2657
1666,1997,12,6339,6129,210
1666,1998,1,6319,19559,-13240
1666,1998,2,6297,2179,4118
1666,1998,3,6315,2179,4136
1666,1998,4,6316,9379,-3063
1666,1998,5,6319,2179,4140
1666,1998,6,6314,16069,-9755
1666,1998,7,6295,2179,4116
1666,1998,8,6313,2179,4134
1666,1998,9,6328,3539,2789
1666,1998,10,6335,4819,1516
1666,1998,11,6347,2179,4168
1666,1998,12,6359,3214,3145
1667,1996,8,200,0,200
1667,1996,9,12662,0,12662
1667,1996,10,8808,0,8808
1667,1996,11,4635,600,4035
1667,1996,12,6925,1300,5625
1667,1997,1,4661,15855,-11194
1667,1997,2,7437,15,7422
1667,1997,3,6566,15,6551
1667,1997,4,4672,8015,-3343
1667,1997,5,4663,5415,-752
1667,1997,6,6931,10655,-3724
1667,1997,7,4651,2915,1736
1667,1997,8,4653,5175,-522
1667,1997,9,4645,6915,-2270
1667,1997,10,4645,3415,1230
1667,1997,11,4642,6375,-1733
1667,1997,12,6919,2795,4124
1667,1998,1,5901,23295,-17394
1667,1998,2,6692,4215,2477
1667,1998,3,4605,915,3690
1667,1998,4,4612,4015,597
1667,1998,5,5916,4335,1581
1667,1998,6,6885,7915,-1030
1667,1998,7,4613,5415,-802
1667,1998,8,4612,4215,397
1667,1998,9,4617,3015,1602
1667,1998,10,4630,915,3715
1667,1998,11,4623,9115,-4492
1667,1998,12,6879,8300,-1421
1668,1997,3,5126,0,5126
1668,1997,4,4934,0,4934
1668,1997,5,4934,0,4934
1668,1997,6,4934,0,4934
1668,1997,7,4937,15,4922
1668,1997,8,5014,4390,624
1668,1997,9,5001,8890,-3889
1668,1997,10,4997,5290,-293
1668,1997,11,4992,6290,-1298
1668,1997,12,4993,5190,-197
1668,1998,1,4990,7590,-2600
1668,1998,2,4989,3290,1699
1668,1998,3,4970,9790,-4820
1668,1998,4,4964,5890,-926
1668,1998,5,4972,3290,1682
1668,1998,6,4974,5930,-956
1668,1998,7,4975,3290,1685
1668,1998,8,4982,3290,1692
1668,1998,9,4989,3290,1699
1668,1998,10,4996,3290,1706
1668,1998,11,4998,12690,-7692
1668,1998,12,4971,3675,1296
1669,1996,9,700,0,700
1669,1996,10,15471,0,15471
1669,1996,11,8419,3600,4819
1669,1996,12,12615,5100,7515
1669,1997,1,8467,5900,2567
1669,1997,2,8469,11177,-2708
1669,1997,3,8461,10277,-1816
1669,1997,4,8451,11497,-3046
1669,1997,5,8448,5977,2471
1669,1997,6,12622,14437,-1815
1669,1997,7,8448,7177,1271
1669,1997,8,9142,15657,-6515
1669,1997,9,8426,7717,709
1669,1997,10,8423,9777,-1354
1669,1997,11,8416,9977,-1561
1669,1997,12,12584,14597,-2013
1669,1998,1,8398,11537,-3139
1669,1998,2,8399,5577,2822
1669,1998,3,8400,9537,-1137
1669,1998,4,8402,7277,1125
1669,1998,5,8404,7977,427
1669,1998,6,12576,12777,-201
1669,1998,7,8403,8677,-274
1669,1998,8,8419,7977,442
1669,1998,9,8392,12577,-4185
1669,1998,10,8377,11877,-3500
1669,1998,11,8378,6877,1501
1669,1998,12,12559,10062,2497
1670,1996,1,4602,0,4602
1670,1996,2,4107,0,4107
1670,1996,3,4107,0,4107
1670,1996,4,4107,0,4107
1670,1996,5,4146,4527,-381
1670,1996,6,4160,4969,-809
1670,1996,7,4158,3469,689
1670,1996,8,4161,4769,-608
1670,1996,9,4157,3169,988
1670,1996,10,4162,3929,233
1670,1996,11,4164,2569,1595
1670,1996,12,4168,3569,599
1670,1997,1,4172,6419,-2247
1670,1997,2,4164,2569,1595
1670,1997,3,4170,2569,1601
1670,1997,4,4177,2569,1608
1670,1997,5,4180,3609,571
1670,1997,6,4156,12969,-8813
1670,1997,7,4149,2569,1580
1670,1997,8,4156,4969,-813
1670,1997,9,4152,2569,1583
1670,1997,10,4159,2569,1590
1670,1997,11,4166,2569,1597
1670,1997,12,4161,6609,-2448
1670,1998,1,4160,7369,-3209
1670,1998,2,4148,2569,1579
1670,1998,3,4155,2569,1586
1670,1998,4,4157,5609,-1452
1670,1998,5,4156,2569,1587
1670,1998,6,4160,3449,711
1670,1998,7,4165,2569,1596
1670,1998,8,4172,2569,1603
1670,1998,9,4178,2569,1609
1670,1998,10,4185,2569,1616
1670,1998,11,4192,2569,1623
1670,1998,12,4194,5364,-1170
1671,1993,5,7692,0,7692
1671,1993,6,6599,0,6599
1671,1993,7,6599,0,6599
1671,1993,8,6662,300,6362
1671,1993,9,6681,11424,-4743
1671,1993,10,6672,3584,3088
1671,1993,11,6686,3024,3662
1671,1993,12,6694,6824,-130
1671,1994,1,6699,8224,-1525
1671,1994,2,6694,3024,3670
1671,1994,3,6674,15684,-9010
1671,1994,4,6673,4784,1889
1671,1994,5,6680,6724,-44
1671,1994,6,6680,3024,3656
1671,1994,7,6693,7124,-431
1671,1994,8,6684,9524,-2840
1671,1994,9,6681,3224,3457
1671,1994,10,6694,4824,1870
1671,1994,11,6699,9924,-3225
1671,1994,12,6684,9774,-3090
1671,1995,1,6670,7544,-874
1671,1995,2,6672,4724,1948
1671,1995,3,6678,7024,-346
1671,1995,4,6676,7624,-948
1671,1995,5,6673,6124,549
1671,1995,6,6675,6724,-49
1671,1995,7,6672,8184,-1512
1671,1995,8,6662,6144,518
1671,1995,9,6670,6224,446
1671,1995,10,6671,6624,47
1671,1995,11,6675,3824,2851
1671,1995,12,6681,6774,-93
1671,1996,1,6686,3824,2862
1671,1996,2,6694,5824,870
1671,1996,3,6699,5324,1375
1671,1996,4,6700,7464,-764
1671,1996,5,6697,7624,-927
1671,1996,6,6701,3024,3677
1671,1996,7,6707,7924,-1217
1671,1996,8,6698,9524,-2826
1671,1996,9,6688,8424,-1736
1671,1996,10,6680,8784,-2104
1671,1996,11,6677,5824,853
1671,1996,12,6677,7684,-1007
1671,1997,1,6678,6064,614
1671,1997,2,6685,3024,3661
1671,1997,3,6695,5324,1371
1671,1997,4,6700,11384,-4684
1671,1997,5,6674,7824,-1150
1671,1997,6,6669,7824,-1155
1671,1997,7,6676,6224,452
1671,1997,8,6673,4824,1849
1671,1997,9,6682,4224,2458
1671,1997,10,6678,9324,-2646
1671,1997,11,6676,6944,-268
1671,1997,12,6674,6524,150
1671,1998,1,6677,5724,953
1671,1998,2,6670,9324,-2654
1671,1998,3,6676,3424,3252
1671,1998,4,6676,7904,-1228
1671,1998,5,6659,11624,-4965
1671,1998,6,6663,4284,2379
1671,1998,7,6660,7524,-864
1671,1998,8,6661,6324,337
1671,1998,9,6662,6324,338
1671,1998,10,6658,7924,-1266
1671,1998,11,6656,6824,-168
1671,1998,12,6650,7809,-1159
1672,1996,5,19734,0,19734
1672,1996,6,30483,0,30483
1672,1996,7,19105,14700,4405
1672,1996,8,19126,13700,5426
1672,1996,9,19129,21913,-2784
1672,1996,10,19126,18213,913
1672,1996,11,19135,19913,-778
1672,1996,12,28571,23813,4758
1672,1997,1,19102,29013,-9911
1672,1997,2,19116,13213,5903
1672,1997,3,19142,17013,2129
1672,1997,4,19139,21713,-2574
1672,1997,5,19120,22413,-3293
1672,1997,6,28552,23813,4739
1672,1997,7,19145,21013,-1868
1672,1997,8,19081,39913,-20832
1672,1997,9,19100,13113,5987
1672,1997,10,19118,17013,2105
1672,1997,11,19108,24013,-4905
1672,1997,12,28545,28513,32
1672,1998,1,19049,29213,-10164
1672,1998,2,19047,10513,8534
1672,1998,3,19074,18013,1061
1672,1998,4,19078,16513,2565
1672,1998,5,19087,19013,74
1672,1998,6,28502,37213,-8711
1672,1998,7,19054,11113,7941
1672,1998,8,19076,22513,-3437
1672,1998,9,19061,22413,-3352
1672,1998,10,19041,21513,-2472
1672,1998,11,19035,23013,-3978
1672,1998,12,28493,9898,18595
1673,1993,12,900,0,900
1673,1994,1,4408,0,4408
1673,1994,2,4408,0,4408
1673,1994,3,4408,0,4408
1673,1994,4,4408,0,4408
1673,1994,5,4411,15,4396
1673,1994,6,4494,9622,-5128
1673,1994,7,4489,2462,2027
1673,1994,8,4490,6622,-2132
1673,1994,9,4479,5022,-543
1673,1994,10,4486,2462,2024
1673,1994,11,4487,6222,-1735
1673,1994,12,4484,3412,1072
1673,1995,1,4473,9662,-5189
1673,1995,2,4468,3022,1446
1673,1995,3,4471,5902,-1431
1673,1995,4,4470,2462,2008
1673,1995,5,4472,6142,-1670
1673,1995,6,4472,2462,2010
1673,1995,7,4480,2462,2018
1673,1995,8,4489,2762,1727
1673,1995,9,4495,3662,833
1673,1995,10,4498,4682,-184
1673,1995,11,4498,4362,136
1673,1995,12,4494,7312,-2818
1673,1996,1,4465,9882,-5417
1673,1996,2,4465,2462,2003
1673,1996,3,4471,5762,-1291
1673,1996,4,4467,2462,2005
1673,1996,5,4472,7162,-2690
1673,1996,6,4465,2462,2003
1673,1996,7,4471,3742,729
1673,1996,8,4472,5762,-1290
1673,1996,9,4471,2462,2009
1673,1996,10,4476,5062,-586
1673,1996,11,4471,6402,-1931
1673,1996,12,4468,3512,956
1673,1997,1,4468,5322,-854
1673,1997,2,4469,2462,2007
1673,1997,3,4474,4862,-388
1673,1997,4,4475,2462,2013
1673,1997,5,4475,4702,-227
1673,1997,6,4479,4962,-483
1673,1997,7,4475,5962,-1487
1673,1997,8,4473,3062,1411
1673,1997,9,4476,4562,-86
1673,1997,10,4476,4762,-286
1673,1997,11,4472,5862,-1390
1673,1997,12,4472,2912,1560
1673,1998,1,4467,6302,-1835
1673,1998,2,4469,3562,907
1673,1998,3,4470,4142,328
1673,1998,4,4474,3662,812
1673,1998,5,4479,3882,597
1673,1998,6,4479,3862,617
1673,1998,7,4480,4762,-282
1673,1998,8,4474,6562,-2088
1673,1998,9,4463,7022,-2559
1673,1998,10,4464,2462,2002
1673,1998,11,4472,2462,2010
1673,1998,12,4467,7547,-3080
1674,1995,9,800,0,800
1674,1995,10,11736,0,11736
1674,1995,11,6274,0,6274
1674,1995,12,9561,0,9561
1674,1996,1,5834,2200,3634
1674,1996,2,5834,8419,-2585
1674,1996,3,5825,8019,-2194
1674,1996,4,5824,4519,1305
1674,1996,5,5826,10359,-4533
1674,1996,6,11473,21419,-9946
1674,1996,7,13393,3819,9574
1674,1996,8,10525,3819,6706
1674,1996,9,5839,4119,1720
1674,1996,10,5831,13359,-7528
1674,1996,11,6917,7539,-622
1674,1996,12,13173,10619,2554
1674,1997,1,13710,17539,-3829
1674,1997,2,15220,9699,5521
1674,1997,3,11842,7659,4183
1674,1997,4,9048,8139,909
1674,1997,5,9664,3819,5845
1674,1997,6,9410,13899,-4489
1674,1997,7,7061,3819,3242
1674,1997,8,9182,3819,5363
1674,1997,9,6493,4779,1714
1674,1997,10,5894,6499,-605
1674,1997,11,5897,3819,2078
1674,1997,12,8756,9759,-1003
1674,1998,1,7460,25619,-18159
1674,1998,2,15256,3819,11437
1674,1998,3,12392,5739,6653
1674,1998,4,7106,3819,3287
1674,1998,5,5905,6919,-1014
1674,1998,6,8753,34799,-26046
1674,1998,7,24839,6579,18260
1674,1998,8,6078,3819,2259
1674,1998,9,9673,8739,934
1674,1998,10,5891,3819,2072
1674,1998,11,5899,5619,280
1674,1998,12,8757,7004,1753
1675,1993,2,5441,0,5441
1675,1993,3,4350,0,4350
1675,1993,4,4350,0,4350
1675,1993,5,4350,0,4350
1675,1993,6,4352,15,4337
1675,1993,7,4428,2140,2288
1675,1993,8,4438,2140,2298
1675,1993,9,4447,3340,1107
1675,1993,10,4446,7700,-3254
1675,1993,11,4430,5000,-570
1675,1993,12,4435,4590,-155
1675,1994,1,4412,12300,-7888
1675,1994,2,4402,2140,2262
1675,1994,3,4412,2140,2272
1675,1994,4,4421,2540,1881
1675,1994,5,4429,2440,1989
1675,1994,6,4430,11040,-6610
1675,1994,7,4410,2140,2270
1675,1994,8,4419,2140,2279
1675,1994,9,4429,2140,2289
1675,1994,10,4424,7500,-3076
1675,1994,11,4425,2140,2285
1675,1994,12,4434,3090,1344
1675,1995,1,4422,12380,-7958
1675,1995,2,4407,2140,2267
1675,1995,3,4417,2140,2277
1675,1995,4,4426,2140,2286
1675,1995,5,4420,5740,-1320
1675,1995,6,4420,4860,-440
1675,1995,7,4428,2140,2288
1675,1995,8,4438,2140,2298
1675,1995,9,4437,4540,-103
1675,1995,10,4447,2140,2307
1675,1995,11,4456,2140,2316
1675,1995,12,4460,7740,-3280
1675,1996,1,4417,16770,-12353
1675,1996,2,4395,3500,895
1675,1996,3,4404,2140,2264
1675,1996,4,4412,4860,-448
1675,1996,5,4412,2140,2272
1675,1996,6,4421,2700,1721
1675,1996,7,4418,4780,-362
1675,1996,8,4427,2140,2287
1675,1996,9,4435,4380,55
1675,1996,10,4436,2140,2296
1675,1996,11,4446,2140,2306
1675,1996,12,4454,3040,1414
1675,1997,1,4425,16660,-12235
1675,1997,2,4410,2140,2270
1675,1997,3,4420,2140,2280
1675,1997,4,4429,2140,2289
1675,1997,5,4438,2140,2298
1675,1997,6,4416,15640,-11224
1675,1997,7,4401,2140,2261
1675,1997,8,4407,3420,987
1675,1997,9,4414,2140,2274
1675,1997,10,4423,5420,-997
1675,1997,11,4420,2140,2280
1675,1997,12,4423,4330,93
1675,1998,1,4411,9940,-5529
1675,1998,2,4406,2140,2266
1675,1998,3,4416,2140,2276
1675,1998,4,4425,2140,2285
1675,1998,5,4420,5900,-1480
1675,1998,6,4404,9920,-5516
1675,1998,7,4405,2140,2265
1675,1998,8,4414,2140,2274
1675,1998,9,4421,3660,761
1675,1998,10,4427,2140,2287
1675,1998,11,4422,5500,-1078
1675,1998,12,4421,5455,-1034
1677,1997,1,10072,0,10072
1677,1997,2,15427,0,15427
1677,1997,3,9068,2800,6268
1677,1997,4,9094,2400,6694
1677,1997,5,9096,11945,-2849
1677,1997,6,13553,17585,-4032
1677,1997,7,9077,9685,-608
1677,1997,8,9096,6245,2851
1677,1997,9,9078,16745,-7667
1677,1997,10,9071,7845,1226
1677,1997,11,9078,6945,2133
1677,1997,12,13548,13785,-237
1677,1998,1,9040,22445,-13405
1677,1998,2,12033,6385,5648
1677,1998,3,12267,5545,6722
1677,1998,4,9082,6945,2137
1677,1998,5,9074,7745,1329
1677,1998,6,13512,30285,-16773
1677,1998,7,13525,10465,3060
1677,1998,8,9630,7645,1985
1677,1998,9,9053,9345,-292
1677,1998,10,9750,5545,4205
1677,1998,11,9052,13545,-4493
1677,1998,12,13526,8410,5116
1678,1993,2,200,0,200
1678,1993,3,23141,200,22941
1678,1993,4,23225,12100,11125
1678,1993,5,23267,15900,7367
1678,1993,6,34859,25400,9459
1678,1993,7,23327,24315,-988
1678,1993,8,23344,26645,-3301
1678,1993,9,23333,23045,288
1678,1993,10,23330,25645,-2315
1678,1993,11,23323,22845,478
1678,1993,12,34899,32445,2454
1678,1994,1,23307,36145,-12838
1678,1994,2,23287,16945,6342
1678,1994,3,23310,21045,2265
1678,1994,4,23315,22745,570
1678,1994,5,23314,24045,-731
1678,1994,6,34879,30645,4234
1678,1994,7,23327,23245,82
1678,1994,8,23310,32145,-8835
1678,1994,9,23287,22045,1242
1678,1994,10,23292,21445,1847
1678,1994,11,23303,21245,2058
1678,1994,12,34889,27745,7144
1678,1995,1,23309,38845,-15536
1678,1995,2,23281,17045,6236
1678,1995,3,23300,22045,1255
1678,1995,4,23291,25245,-1954
1678,1995,5,23285,24545,-1260
1678,1995,6,34858,27845,7013
1678,1995,7,23316,21645,1671
1678,1995,8,23322,20945,2377
1678,1995,9,23340,17045,6295
1678,1995,10,23368,16745,6623
1678,1995,11,23389,18645,4744
1678,1995,12,34990,21845,13145
1678,1996,1,23418,41045,-17627
1678,1996,2,23380,21745,1635
1678,1996,3,23385,22145,1240
1678,1996,4,23382,27345,-3963
1678,1996,5,23384,18845,4539
1678,1996,6,34957,35745,-788
1678,1996,7,23352,31745,-8393
1678,1996,8,23364,18645,4719
1678,1996,9,23374,21845,1529
1678,1996,10,23365,27045,-3680
1678,1996,11,23352,25745,-2393
1678,1996,12,34927,29345,5582
1678,1997,1,23325,37845,-14520
1678,1997,2,23328,18345,4983
1678,1997,3,23333,23245,88
1678,1997,4,23331,24645,-1314
1678,1997,5,23332,21845,1487
1678,1997,6,34916,40545,-5629
1678,1997,7,23307,42345,-19038
1678,1997,8,23284,23745,-461
1678,1997,9,23278,24945,-1667
1678,1997,10,23272,22845,427
1678,1997,11,23270,27145,-3875
1678,1997,12,34841,28245,6596
1678,1998,1,23267,30545,-7278
1678,1998,2,23247,22445,802
1678,1998,3,23257,17645,5612
1678,1998,4,23277,21945,1332
1678,1998,5,23279,29545,-6266
1678,1998,6,34835,28845,5990
1678,1998,7,23274,30045,-6771
1678,1998,8,23246,22145,1101
1678,1998,9,23254,17945,5309
1678,1998,10,23269,21245,2024
1678,1998,11,23281,18745,4536
1678,1998,12,34904,6030,28874
1679,1996,9,14612,0,14612
1679,1996,10,13566,1600,11966
1679,1996,11,14526,0,14526
1679,1996,12,20409,8300,12109
1679,1997,1,13663,24202,-10539
1679,1997,2,13660,9902,3758
1679,1997,3,13647,19382,-5735
1679,1997,4,13640,16002,-2362
1679,1997,5,13647,8402,5245
1679,1997,6,20416,11002,9414
1679,1997,7,13676,17102,-3426
1679,1997,8,13681,15802,-2121
1679,1997,9,13684,12902,782
1679,1997,10,13675,16682,-3007
1679,1997,11,13669,16702,-3033
1679,1997,12,20407,20362,45
1679,1998,1,14046,17222,-3176
1679,1998,2,13643,12202,1441
1679,1998,3,13651,10602,3049
1679,1998,4,13660,17902,-4242
1679,1998,5,13643,11842,1801
1679,1998,6,20395,20302,93
1679,1998,7,13644,17962,-4318
1679,1998,8,13632,11302,2330
1679,1998,9,13642,11202,2440
1679,1998,10,13658,13102,556
1679,1998,11,13656,8202,5454
1679,1998,12,20418,17667,2751
1680,1993,12,29503,0,29503
1680,1994,1,19580,4300,15280
1680,1994,2,19622,12300,7322
1680,1994,3,19655,11900,7755
1680,1994,4,19675,16715,2960
1680,1994,5,19668,20170,-502
1680,1994,6,29371,44670,-15299
1680,1994,7,19624,12670,6954
1680,1994,8,19644,14770,4874
1680,1994,9,19653,17270,2383
1680,1994,10,19644,22670,-3026
1680,1994,11,19627,24770,-5143
1680,1994,12,29359,17770,11589
1680,1995,1,19623,34370,-14747
1680,1995,2,19601,20470,-869
1680,1995,3,19635,12270,7365
1680,1995,4,19619,23170,-3551
1680,1995,5,19616,19970,-354
1680,1995,6,29332,25170,4162
1680,1995,7,19627,21170,-1543
1680,1995,8,19620,21470,-1850
1680,1995,9,19600,26470,-6870
1680,1995,10,19594,31270,-11676
1680,1995,11,19590,19570,20
1680,1995,12,29322,23670,5652
1680,1996,1,19574,28970,-9396
1680,1996,2,19578,12570,7008
1680,1996,3,19603,18070,1533
1680,1996,4,19611,19370,241
1680,1996,5,19610,19870,-260
1680,1996,6,29320,31270,-1950
1680,1996,7,19600,18970,630
1680,1996,8,19603,16070,3533
1680,1996,9,19614,19470,144
1680,1996,10,19615,17570,2045
1680,1996,11,19624,16470,3154
1680,1996,12,29354,23270,6084
1680,1997,1,19622,35170,-15548
1680,1997,2,19594,16870,2724
1680,1997,3,19610,14370,5240
1680,1997,4,19626,18670,956
1680,1997,5,19627,20870,-1243
1680,1997,6,29322,37770,-8448
1680,1997,7,19590,15870,3720
1680,1997,8,19609,13170,6439
1680,1997,9,19624,21270,-1646
1680,1997,10,19618,21070,-1452
1680,1997,11,19621,15670,3951
1680,1997,12,29345,26970,2375
1680,1998,1,19615,25570,-5955
1680,1998,2,19617,14070,5547
1680,1998,3,19638,16670,2968
1680,1998,4,19643,19870,-227
1680,1998,5,19639,21570,-1931
1680,1998,6,29324,30670,-1346
1680,1998,7,19619,24170,-4551
1680,1998,8,19606,19170,436
1680,1998,9,19606,15670,3936
1680,1998,10,19622,19470,152
1680,1998,11,19636,13070,6566
1680,1998,12,29388,12955,16433
1681,1997,7,23784,0,23784
1681,1997,8,24284,0,24284
1681,1997,9,22846,12900,9946
1681,1997,10,22871,19100,3771
1681,1997,11,22868,26971,-4103
1681,1997,12,34186,26403,7783
1681,1998,1,22841,40403,-17562
1681,1998,2,22799,27403,-4604
1681,1998,3,22795,22803,-8
1681,1998,4,22792,23403,-611
1681,1998,5,22786,23903,-1117
1681,1998,6,34129,22003,12126
1681,1998,7,22813,30603,-7790
1681,1998,8,22807,22403,404
1681,1998,9,22804,23503,-699
1681,1998,10,22812,20303,2509
1681,1998,11,22804,25603,-2799
1681,1998,12,34146,23988,10158
1682,1995,12,900,0,900
1682,1996,1,12420,0,12420
1682,1996,2,4562,0,4562
1682,1996,3,2278,0,2278
1682,1996,4,1784,1900,-116
1682,1996,5,2587,15,2572
1682,1996,6,1791,3615,-1824
1682,1996,7,2190,315,1875
1682,1996,8,1898,15,1883
1682,1996,9,4109,465,3644
1682,1996,10,18971,4515,14456
1682,1996,11,1854,13015,-11161
1682,1996,12,26721,17815,8906
1682,1997,1,2332,16115,-13783
1682,1997,2,4419,15,4404
1682,1997,3,1823,6865,-5042
1682,1997,4,4222,15,4207
1682,1997,5,1822,3215,-1393
1682,1997,6,42826,15,42811
1682,1997,7,28842,21215,7627
1682,1997,8,1962,28615,-26653
1682,1997,9,1896,13715,-11819
1682,1997,10,1867,4065,-2198
1682,1997,11,1860,2015,-155
1682,1997,12,5564,3965,1599
1682,1998,1,3362,6615,-3253
1682,1998,2,1854,1115,739
1682,1998,3,1853,2715,-862
1682,1998,4,3259,15,3244
1682,1998,5,22055,1215,20840
1682,1998,6,5605,20415,-14810
1682,1998,7,1888,3115,-1227
1682,1998,8,6019,1565,4454
1682,1998,9,1892,7515,-5623
1682,1998,10,1876,3615,-1739
1682,1998,11,1873,2215,-342
1682,1998,12,1864,4500,-2636
1683,1996,11,11069,0,11069
1683,1996,12,22118,1300,20818
1683,1997,1,10267,8000,2267
1683,1997,2,10276,0,10276
1683,1997,3,10304,20602,-10298
1683,1997,4,10295,9141,1154
1683,1997,5,10300,11401,-1101
1683,1997,6,20095,33581,-13486
1683,1997,7,12138,4941,7197
1683,1997,8,10266,7941,2325
1683,1997,9,10262,9881,381
1683,1997,10,10276,9441,835
1683,1997,11,10281,10641,-360
1683,1997,12,15354,14081,1273
1683,1998,1,13630,29381,-15751
1683,1998,2,11821,4941,6880
1683,1998,3,10247,12121,-1874
1683,1998,4,11133,11901,-768
1683,1998,5,10236,9341,895
1683,1998,6,17679,23021,-5342
1683,1998,7,10207,8141,2066
1683,1998,8,14622,9741,4881
1683,1998,9,12653,4941,7712
1683,1998,10,10271,12241,-1970
1683,1998,11,10269,6941,3328
1683,1998,12,15355,9246,6109
1684,1993,7,200,0,200
1684,1993,9,12200,0,12200
1684,1993,10,5500,0,5500
1684,1993,11,50885,18800,32085
1684,1993,12,23144,11600,11544
1684,1994,1,255,17200,-16945
1684,1994,2,94009,59130,34879
1684,1994,3,55006,80123,-25117
1684,1994,4,225,12930,-12705
1684,1994,5,133,11769,-11636
1684,1994,6,83669,21730,61939
1684,1994,7,16685,32930,-16245
1684,1994,8,108088,113630,-5542
1684,1994,9,44448,36330,8118
1684,1994,10,29430,25330,4100
1684,1994,11,41425,29730,11695
1684,1994,12,33420,33630,-210
1684,1995,1,181,63030,-62849
1684,1995,2,129,30,99
1684,1995,3,129,230,-101
1684,1995,4,1429,30,1399
1684,1995,5,134,2030,-1896
1684,1995,6,18640,7530,11110
1684,1995,7,170,8930,-8760
1684,1995,8,71626,28930,42696
1684,1995,9,310,19630,-19320
1684,1995,10,223,19930,-19707
1684,1995,11,42486,25130,17356
1684,1995,12,188,20643,-20455
1684,1996,1,43118,41630,1488
1684,1996,2,29564,16630,12934
1684,1996,3,39478,25230,14248
1684,1996,4,255,14230,-13975
1684,1996,5,4439,15930,-11491
1684,1996,6,351,30,321
1684,1996,7,45339,26230,19109
1684,1996,8,230,14830,-14600
1684,1996,9,70004,22977,47027
1684,1996,10,302,36630,-36328
1684,1996,11,52207,34430,17777
1684,1996,12,49708,68930,-19222
1684,1997,1,5154,26430,-21276
1684,1997,2,7321,30,7291
1684,1997,3,39026,19830,19196
1684,1997,4,229,8430,-8201
1684,1997,5,195,3830,-3635
1684,1997,6,1180,30,1150
1684,1997,7,8080,10530,-2450
1684,1997,8,4075,30,4045
1684,1997,9,21710,10230,11480
1684,1997,10,238,4030,-3792
1684,1997,11,222,3830,-3608
1684,1997,12,5091,15630,-10539
1684,1998,1,83122,51891,31231
1684,1998,2,5708,31734,-26026
1684,1998,3,4467,12698,-8231
1684,1998,4,2938,10830,-7892
1684,1998,5,92885,48130,44755
1684,1998,6,231,40571,-40340
1684,1998,7,63308,11060,52248
1684,1998,8,350,25430,-25080
1684,1998,9,114344,82902,31442
1684,1998,10,76884,97930,-21046
1684,1998,11,446,30530,-30084
1684,1998,12,32168,34300,-2132
1685,1995,12,25458,0,25458
1685,1996,1,30328,1600,28728
1685,1996,2,225,16600,-16375
1685,1996,3,89229,51700,37529
1685,1996,4,314,27000,-26686
1685,1996,5,314,17400,-17086
1685,1996,6,314,7700,-7386
1685,1996,7,314,7100,-6786
1685,1996,8,314,200,114
1685,1996,9,29211,11483,17728
1685,1996,10,71904,72610,-706
1685,1996,11,35544,14683,20861
1685,1996,12,138,33283,-33145
1685,1997,1,6956,11783,-4827
1685,1997,2,25409,7983,17426
1685,1997,3,91,18483,-18392
1685,1997,4,41486,7983,33503
1685,1997,5,27876,30583,-2707
1685,1997,6,115,27883,-27768
1685,1997,7,40,14483,-14443
1685,1997,8,39429,22083,17346
1685,1997,9,55,13383,-13328
1685,1997,10,45963,7983,37980
1685,1997,11,20613,29683,-9070
1685,1997,12,76,27483,-27407
1685,1998,1,46,7983,-7937
1685,1998,2,14,15,-1
1685,1998,3,0,15,-15
1685,1998,4,28,15,13
1685,1998,5,0,15,-15
1685,1998,6,53230,38283,14947
1685,1998,7,37674,28583,9091
1685,1998,8,30689,25583,5106
1685,1998,9,128,14383,-14255
1685,1998,10,74,7983,-7909
1685,1998,11,22318,17983,4335
1685,1998,12,0,7968,-7968
1686,1993,11,900,0,900
1686,1993,12,13631,0,13631
1686,1994,1,8814,0,8814
1686,1994,2,4240,800,3440
1686,1994,3,4248,4000,248
1686,1994,4,4250,4747,-497
1686,1994,5,4241,10312,-6071
1686,1994,6,8003,2772,5231
1686,1994,7,6051,6012,39
1686,1994,8,4245,3872,373
1686,1994,9,4951,2772,2179
1686,1994,10,4256,3472,784
1686,1994,11,4247,7812,-3565
1686,1994,12,8013,6892,1121
1686,1995,1,4632,14892,-10260
1686,1995,2,9222,2772,6450
1686,1995,3,5639,2772,2867
1686,1995,4,6152,2772,3380
1686,1995,5,4257,5192,-935
1686,1995,6,7128,18452,-11324
1686,1995,7,7519,3372,4147
1686,1995,8,5030,2772,2258
1686,1995,9,6744,2772,3972
1686,1995,10,7162,2772,4390
1686,1995,11,8383,3372,5011
1686,1995,12,7156,8052,-896
1686,1996,1,5360,22452,-17092
1686,1996,2,10537,2772,7765
1686,1996,3,7761,2772,4989
1686,1996,4,7480,2772,4708
1686,1996,5,5193,2772,2421
1686,1996,6,6363,5972,391
1686,1996,7,4297,3972,325
1686,1996,8,4299,5092,-793
1686,1996,9,5701,4452,1249
1686,1996,10,5601,5292,309
1686,1996,11,4301,4172,129
1686,1996,12,6362,9472,-3110
1686,1997,1,16458,24332,-7874
1686,1997,2,4260,2772,1488
1686,1997,3,11590,2772,8818
1686,1997,4,8918,2772,6146
1686,1997,5,10338,2772,7566
1686,1997,6,11273,21972,-10699
1686,1997,7,5816,2772,3044
1686,1997,8,4326,6252,-1926
1686,1997,9,7721,2772,4949
1686,1997,10,5739,3612,2127
1686,1997,11,4347,7372,-3025
1686,1997,12,6398,8232,-1834
1686,1998,1,8091,17812,-9721
1686,1998,2,10283,5892,4391
1686,1998,3,4306,2772,1534
1686,1998,4,4312,3072,1240
1686,1998,5,4316,5172,-856
1686,1998,6,8156,13172,-5016
1686,1998,7,5594,2772,2822
1686,1998,8,7198,5652,1546
1686,1998,9,5706,7092,-1386
1686,1998,10,4705,4812,-107
1686,1998,11,7809,2772,5037
1686,1998,12,6395,4677,1718
1687,1997,4,200,0,200
1687,1997,5,4260,0,4260
1687,1997,6,4260,0,4260
1687,1997,7,4260,0,4260
1687,1997,8,4291,2800,1491
1687,1997,9,4319,4915,-596
1687,1997,10,4313,7115,-2802
1687,1997,11,4315,1515,2800
1687,1997,12,4324,2065,2259
1687,1998,1,4309,13735,-9426
1687,1998,2,4297,2515,1782
1687,1998,3,4299,2335,1964
1687,1998,4,4311,1715,2596
1687,1998,5,4323,1815,2508
1687,1998,6,4290,16115,-11825
1687,1998,7,4283,1715,2568
1687,1998,8,4296,1215,3081
1687,1998,9,4305,1515,2790
1687,1998,10,4309,5555,-1246
1687,1998,11,4313,1815,2498
1687,1998,12,4322,2100,2222
1688,1993,2,800,0,800
1688,1993,3,5439,0,5439
1688,1993,4,5439,0,5439
1688,1993,5,5439,0,5439
1688,1993,6,5439,0,5439
1688,1993,7,5460,2695,2765
1688,1993,8,5553,4364,1189
1688,1993,9,5550,5644,-94
1688,1993,10,5551,4744,807
1688,1993,11,5558,6264,-706
1688,1993,12,5558,3864,1694
1688,1994,1,5560,8004,-2444
1688,1994,2,5553,4864,689
1688,1994,3,5553,7144,-1591
1688,1994,4,5549,5364,185
1688,1994,5,5549,5864,-315
1688,1994,6,5537,10174,-4637
1688,1994,7,5530,4264,1266
1688,1994,8,5538,2364,3174
1688,1994,9,5543,7464,-1921
1688,1994,10,5534,7824,-2290
1688,1994,11,5527,6544,-1017
1688,1994,12,5522,5844,-322
1688,1995,1,5527,2864,2663
1688,1995,2,5532,5964,-432
1688,1995,3,5534,3764,1770
1688,1995,4,5535,10284,-4749
1688,1995,5,5525,2264,3261
1688,1995,6,5530,6564,-1034
1688,1995,7,5521,6204,-683
1688,1995,8,5522,5964,-442
1688,1995,9,5528,2664,2864
1688,1995,10,5532,6844,-1312
1688,1995,11,5528,5464,64
1688,1995,12,5532,3764,1768
1688,1996,1,5533,6704,-1171
1688,1996,2,5537,2564,2973
1688,1996,3,5541,5864,-323
1688,1996,4,5533,8264,-2731
1688,1996,5,5527,6264,-737
1688,1996,6,5509,12294,-6785
1688,1996,7,5504,3464,2040
1688,1996,8,5515,2264,3251
1688,1996,9,5520,4584,936
1688,1996,10,5530,4504,1026
1688,1996,11,5530,4164,1366
1688,1996,12,5535,4364,1171
1688,1997,1,5518,13724,-8206
1688,1997,2,5512,2264,3248
1688,1997,3,5514,9384,-3870
1688,1997,4,5508,5944,-436
1688,1997,5,5508,2264,3244
1688,1997,6,5519,2864,2655
1688,1997,7,5528,3364,2164
1688,1997,8,5538,3144,2394
1688,1997,9,5543,4764,779
1688,1997,10,5544,5264,280
1688,1997,11,5532,9264,-3732
1688,1997,12,5520,8464,-2944
1688,1998,1,5508,8404,-2896
1688,1998,2,5503,5764,-261
1688,1998,3,5514,2264,3250
1688,1998,4,5527,2264,3263
1688,1998,5,5540,2564,2976
1688,1998,6,5539,8544,-3005
1688,1998,7,5536,4164,1372
1688,1998,8,5546,2824,2722
1688,1998,9,5552,4504,1048
1688,1998,10,5562,2264,3298
1688,1998,11,5572,3624,1948
1688,1998,12,5582,4449,1133
1689,1993,9,700,0,700
1689,1993,10,5058,0,5058
1689,1993,11,5058,0,5058
1689,1993,12,5058,0,5058
1689,1994,1,5058,0,5058
1689,1994,2,5126,2143,2983
1689,1994,3,5161,5363,-202
1689,1994,4,5165,2143,3022
1689,1994,5,5176,3443,1733
1689,1994,6,5183,9093,-3910
1689,1994,7,5164,6763,-1599
1689,1994,8,5155,5423,-268
1689,1994,9,5157,5963,-806
1689,1994,10,5158,2843,2315
1689,1994,11,5165,3743,1422
1689,1994,12,5162,10343,-5181
1689,1995,1,5124,11903,-6779
1689,1995,2,5123,2143,2980
1689,1995,3,5133,3603,1530
1689,1995,4,5142,2863,2279
1689,1995,5,5151,3543,1608
1689,1995,6,5145,9343,-4198
1689,1995,7,5141,2143,2998
1689,1995,8,5148,8323,-3175
1689,1995,9,5138,5543,-405
1689,1995,10,5135,6643,-1508
1689,1995,11,5131,3343,1788
1689,1995,12,5136,6013,-877
1689,1996,1,5122,9903,-4781
1689,1996,2,5116,2143,2973
1689,1996,3,5124,7143,-2019
1689,1996,4,5117,4543,574
1689,1996,5,5117,6943,-1826
1689,1996,6,5113,3443,1670
1689,1996,7,5118,4543,575
1689,1996,8,5124,2143,2981
1689,1996,9,5132,4743,389
1689,1996,10,5126,8363,-3237
1689,1996,11,5122,3843,1279
1689,1996,12,5121,6593,-1472
1689,1997,1,5112,7243,-2131
1689,1997,2,5114,2143,2971
1689,1997,3,5127,2143,2984
1689,1997,4,5135,4463,672
1689,1997,5,5139,3823,1316
1689,1997,6,5139,5593,-454
1689,1997,7,5128,11543,-6415
1689,1997,8,5119,2143,2976
1689,1997,9,5119,8043,-2924
1689,1997,10,5119,2143,2976
1689,1997,11,5128,3343,1785
1689,1997,12,5131,5423,-292
1689,1998,1,5125,6793,-1668
1689,1998,2,5116,8043,-2927
1689,1998,3,5118,2143,2975
1689,1998,4,5124,4623,501
1689,1998,5,5132,2143,2989
1689,1998,6,5140,4893,247
1689,1998,7,5131,8043,-2912
1689,1998,8,5124,5643,-519
1689,1998,9,5115,8043,-2928
1689,1998,10,5118,2543,2575
1689,1998,11,5123,6343,-1220
1689,1998,12,5113,6128,-1015
1690,1995,10,7260,0,7260
1690,1995,11,6766,0,6766
1690,1995,12,6766,0,6766
1690,1996,1,6766,0,6766
1690,1996,2,6836,7526,-690
1690,1996,3,6857,4726,2131
1690,1996,4,6867,4626,2241
1690,1996,5,6876,4526,2350
1690,1996,6,6845,20376,-13531
1690,1996,7,6829,4126,2703
1690,1996,8,6840,3326,3514
1690,1996,9,6854,3326,3528
1690,1996,10,6863,6726,137
1690,1996,11,6869,6926,-57
1690,1996,12,6870,9696,-2826
1690,1997,1,6831,17696,-10865
1690,1997,2,6812,3426,3386
1690,1997,3,6826,3326,3500
1690,1997,4,6833,8726,-1893
1690,1997,5,6831,8226,-1395
1690,1997,6,6819,10526,-3707
1690,1997,7,6810,5726,1084
1690,1997,8,6817,4526,2291
1690,1997,9,6824,6766,58
1690,1997,10,6824,5726,1098
1690,1997,11,6827,7626,-799
1690,1997,12,6822,8676,-1854
1690,1998,1,6802,10606,-3804
1690,1998,2,6803,3326,3477
1690,1998,3,6818,3326,3492
1690,1998,4,6832,3326,3506
1690,1998,5,6847,3326,3521
1690,1998,6,6827,15976,-9149
1690,1998,7,6823,3326,3497
1690,1998,8,6832,6126,706
1690,1998,9,6838,5726,1112
1690,1998,10,6845,3326,3519
1690,1998,11,6858,5406,1452
1690,1998,12,6865,4011,2854
1691,1995,11,3310,0,3310
1691,1995,12,2915,0,2915
1691,1996,1,2915,0,2915
1691,1996,2,2915,0,2915
1691,1996,3,2916,15,2901
1691,1996,4,2966,1949,1017
1691,1996,5,2969,2489,480
1691,1996,6,2969,2909,60
1691,1996,7,2972,2849,123
1691,1996,8,2971,3149,-178
1691,1996,9,2972,1949,1023
1691,1996,10,2976,1949,1027
1691,1996,11,2980,1949,1031
1691,1996,12,2984,2669,315
1691,1997,1,2970,8159,-5189
1691,1997,2,2964,1949,1015
1691,1997,3,2968,2909,59
1691,1997,4,2968,3659,-691
1691,1997,5,2966,2489,477
1691,1997,6,2968,1949,1019
1691,1997,7,2972,1949,1023
1691,1997,8,2976,1949,1027
1691,1997,9,2981,1949,1032
1691,1997,10,2985,1949,1036
1691,1997,11,2989,1949,1040
1691,1997,12,2993,2819,174
1691,1998,1,2981,7679,-4698
1691,1998,2,2974,3029,-55
1691,1998,3,2974,1949,1025
1691,1998,4,2974,2909,65
1691,1998,5,2979,2669,310
1691,1998,6,2977,2549,428
1691,1998,7,2982,1949,1033
1691,1998,8,2986,1949,1037
1691,1998,9,2990,1949,1041
1691,1998,10,2995,1949,1046
1691,1998,11,2995,2909,86
1691,1998,12,2999,2114,885
1692,1995,3,500,0,500
1692,1995,4,40691,7500,33191
1692,1995,5,140,5600,-5460
1692,1995,6,42909,25700,17209
1692,1995,7,189,9000,-8811
1692,1995,8,189,6500,-6311
1692,1995,9,189,3600,-3411
1692,1995,10,189,3700,-3511
1692,1995,11,50788,25800,24988
1692,1995,12,197,26600,-26403
1692,1996,1,26173,29115,-2942
1692,1996,2,3174,7715,-4541
1692,1996,3,55905,10115,45790
1692,1996,4,214,30315,-30101
1692,1996,5,107,13715,-13608
1692,1996,6,68,7915,-7847
1692,1996,7,48519,15515,33004
1692,1996,8,142,27215,-27073
1692,1996,9,1861,15,1846
1692,1996,10,24976,22815,2161
1692,1996,11,76,11715,-11639
1692,1996,12,76763,54590,22173
1692,1997,1,29901,38085,-8184
1692,1997,2,28105,22615,5490
1692,1997,3,41561,26681,14880
1692,1997,4,112,31615,-31503
1692,1997,5,63834,43813,20021
1692,1997,6,64718,46415,18303
1692,1997,7,15100,29315,-14215
1692,1997,8,122,14815,-14693
1692,1997,9,47066,25015,22051
1692,1997,10,21028,22415,-1387
1692,1997,11,46189,29115,17074
1692,1997,12,44494,28506,15988
1692,1998,1,165,51015,-50850
1692,1998,2,6077,21715,-15638
1692,1998,3,4827,15,4812
1692,1998,4,10555,7215,3340
1692,1998,5,59,10015,-9956
1692,1998,6,8620,15,8605
1692,1998,7,10355,10215,140
1692,1998,8,54,10615,-10561
1692,1998,9,11,15,-4
1692,1998,10,9612,7415,2197
1692,1998,11,20,15,5
1692,1998,12,13500,0,13500
1693,1997,4,1100,0,1100
1693,1997,5,8900,0,8900
1693,1997,6,44963,17200,27763
1693,1997,7,157,8600,-8443
1693,1997,8,157,4800,-4643
1693,1997,9,57067,30500,26567
1693,1997,10,39049,36900,2149
1693,1997,11,36382,42955,-6573
1693,1997,12,31419,44086,-12667
1693,1998,1,1277,21449,-20172
1693,1998,2,57,11376,-11319
1693,1998,3,89783,12800,76983
1693,1998,4,46125,67631,-21506
1693,1998,5,219,22076,-21857
1693,1998,6,49204,54147,-4943
1693,1998,7,44904,41576,3328
1693,1998,8,123,15776,-15653
1693,1998,9,33840,23276,10564
1693,1998,10,19047,13487,5560
1693,1998,11,66264,35817,30447
1693,1998,12,26891,49053,-22162
1694,1993,8,500,0,500
1694,1993,9,13000,0,13000
1694,1993,10,48387,19800,28587
1694,1993,11,118617,67500,51117
1694,1993,12,388,33200,-32812
1694,1994,1,388,16500,-16112
1694,1994,2,25981,31310,-5329
1694,1994,3,29411,12641,16770
1694,1994,4,82166,115449,-33283
1694,1994,5,117096,72030,45066
1694,1994,6,49587,47017,2570
1694,1994,7,81057,93877,-12820
1694,1994,8,24094,25630,-1536
1694,1994,9,78882,32030,46852
1694,1994,10,43071,75130,-32059
1694,1994,11,36670,51030,-14360
1694,1994,12,202,23619,-23417
1694,1995,1,87427,50630,36797
1694,1995,2,59185,59030,155
1694,1995,3,57355,25230,32125
1694,1995,4,43946,88430,-44484
1694,1995,5,109556,61930,47626
1694,1995,6,32685,76830,-44145
1694,1995,7,70598,34530,36068
1694,1995,8,144867,131530,13337
1694,1995,9,52189,87430,-35241
1694,1995,10,22812,27430,-4618
1694,1995,11,241,25889,-25648
1694,1995,12,64707,20830,43877
1694,1996,1,228,49930,-49702
1694,1996,2,5161,30,5131
1694,1996,3,829,36279,-35450
1694,1996,4,64351,30,64321
1694,1996,5,240,31189,-30949
1694,1996,6,15247,26973,-11726
1694,1996,7,16204,15516,688
1694,1996,8,25876,35630,-9754
1694,1996,9,20962,14932,6030
1694,1996,10,5411,30,5381
1694,1996,11,11706,21156,-9450
1694,1996,12,75613,26030,49583
1694,1997,1,20994,67223,-46229
1694,1997,2,51738,25530,26208
1694,1997,3,43002,31934,11068
1694,1997,4,56572,56530,42
1694,1997,5,70117,74830,-4713
1694,1997,6,23421,29158,-5737
1694,1997,7,21774,18530,3244
1694,1997,8,115,36914,-36799
1694,1997,9,81667,32230,49437
1694,1997,10,6276,28270,-21994
1694,1997,11,190,8730,-8540
1694,1997,12,148,8130,-7982
1694,1998,1,125432,49130,76302
1694,1998,2,11483,42830,-31347
1694,1998,3,26815,43330,-16515
1694,1998,4,101140,55330,45810
1694,1998,5,86643,111830,-25187
1694,1998,6,19893,74965,-55072
1694,1998,7,95,6430,-6335
1694,1998,8,1569,30,1539
1694,1998,9,71803,26630,45173
1694,1998,10,5951,36430,-30479
1694,1998,11,26038,15530,10508
1694,1998,12,46,35300,-35254
1695,1993,1,12071,0,12071
1695,1993,2,7550,0,7550
1695,1993,3,5250,0,5250
1695,1993,4,550,0,550
1695,1993,5,950,0,950
1695,1993,6,50,1100,-1050
1695,1993,7,50,400,-350
1695,1993,8,352,100,252
1695,1993,9,105,2900,-2795
1695,1993,10,1205,0,1205
1695,1993,11,705,0,705
1695,1993,12,105,600,-495
1695,1994,1,134058,110415,23643
1695,1994,2,30731,34473,-3742
1695,1994,3,132056,128373,3683
1695,1994,4,48253,26473,21780
1695,1994,5,29604,41173,-11569
1695,1994,6,92512,56252,36260
1695,1994,7,64225,115573,-51348
1695,1994,8,75690,33706,41984
1695,1994,9,11900,41073,-29173
1695,1994,10,51015,52818,-1803
1695,1994,11,69112,87273,-18161
1695,1994,12,59573,32373,27200
1695,1995,1,38604,49473,-10869
1695,1995,2,701,14673,-13972
1695,1995,3,68810,14673,54137
1695,1995,4,110816,169766,-58950
1695,1995,5,51850,25873,25977
1695,1995,6,2329,14673,-12344
1695,1995,7,5481,14673,-9192
1695,1995,8,13052,14673,-1621
1695,1995,9,101089,78373,22716
1695,1995,10,17788,22854,-5066
1695,1995,11,35407,48839,-13432
1695,1995,12,34980,14673,20307
1695,1996,1,33153,60613,-27460
1695,1996,2,52484,14673,37811
1695,1996,3,89583,77906,11677
1695,1996,4,27284,42573,-15289
1695,1996,5,5601,33498,-27897
1695,1996,6,16563,25190,-8627
1695,1996,7,57718,22373,35345
1695,1996,8,6337,37451,-31114
1695,1996,9,21329,28639,-7310
1695,1996,10,34054,14673,19381
1695,1996,11,15494,14673,821
1695,1996,12,72863,30873,41990
1695,1997,1,460,45273,-44813
1695,1997,2,22776,36424,-13648
1695,1997,3,115857,76698,39159
1695,1997,4,26078,20873,5205
1695,1997,5,27172,14673,12499
1695,1997,6,23250,50973,-27723
1695,1997,7,55918,16773,39145
1695,1997,8,82478,102768,-20290
1695,1997,9,81438,78673,2765
1695,1997,10,46092,72173,-26081
1695,1997,11,36555,29722,6833
1695,1997,12,80748,41673,39075
1695,1998,1,13835,47373,-33538
1695,1998,2,60706,23673,37033
1695,1998,3,131642,139573,-7931
1695,1998,4,99021,97673,1348
1695,1998,5,158804,177173,-18369
1695,1998,6,79882,75073,4809
1695,1998,7,109330,103873,5457
1695,1998,8,43364,32173,11191
1695,1998,9,18028,14673,3355
1695,1998,10,103774,106651,-2877
1695,1998,11,20437,14673,5764
1695,1998,12,19248,20358,-1110
1696,1995,6,3849,0,3849
1696,1995,7,3255,0,3255
1696,1995,8,3255,0,3255
1696,1995,9,3255,0,3255
1696,1995,10,3272,705,2567
1696,1995,11,3309,2504,805
1696,1995,12,3310,2414,896
1696,1996,1,3304,7694,-4390
1696,1996,2,3298,2174,1124
1696,1996,3,3298,2974,324
1696,1996,4,3304,2174,1130
1696,1996,5,3308,2774,534
1696,1996,6,3308,6134,-2826
1696,1996,7,3299,2174,1125
1696,1996,8,3301,3464,-163
1696,1996,9,3303,2174,1129
1696,1996,10,3307,2984,323
1696,1996,11,3309,2174,1135
1696,1996,12,3313,2804,509
1696,1997,1,3303,7334,-4031
1696,1997,2,3299,2174,1125
1696,1997,3,3304,2474,830
1696,1997,4,3307,2174,1133
1696,1997,5,3311,2504,807
1696,1997,6,3315,2174,1141
1696,1997,7,3319,3104,215
1696,1997,8,3321,2174,1147
1696,1997,9,3326,2174,1152
1696,1997,10,3330,2474,856
1696,1997,11,3333,3524,-191
1696,1997,12,3333,2894,439
1696,1998,1,3315,8984,-5669
1696,1998,2,3311,2174,1137
1696,1998,3,3316,2174,1142
1696,1998,4,3321,2174,1147
1696,1998,5,3323,3524,-201
1696,1998,6,3325,2174,1151
1696,1998,7,3323,4394,-1071
1696,1998,8,3325,2174,1151
1696,1998,9,3330,2174,1156
1696,1998,10,3331,2924,407
1696,1998,11,3331,3044,287
1696,1998,12,3334,2639,695
1697,1997,5,800,0,800
1697,1997,6,3332,0,3332
1697,1997,7,3332,0,3332
1697,1997,8,3332,0,3332
1697,1997,9,3332,0,3332
1697,1997,10,3334,15,3319
1697,1997,11,3407,2236,1171
1697,1997,12,3410,2986,424
1697,1998,1,3403,6856,-3453
1697,1998,2,3399,2236,1163
1697,1998,3,3404,2236,1168
1697,1998,4,3409,2476,933
1697,1998,5,3413,2236,1177
1697,1998,6,3412,6036,-2624
1697,1998,7,3407,2236,1171
1697,1998,8,3405,4436,-1031
1697,1998,9,3408,2236,1172
1697,1998,10,3413,2236,1177
1697,1998,11,3417,2236,1181
1697,1998,12,3405,7541,-4136
1698,1996,3,800,0,800
1698,1996,4,19277,200,19077
1698,1996,5,19347,4800,14547
1698,1996,6,29017,16200,12817
1698,1996,7,19430,17000,2430
1698,1996,8,19418,29600,-10182
1698,1996,9,19372,28520,-9148
1698,1996,10,19373,14900,4473
1698,1996,11,19381,23760,-4379
1698,1996,12,29016,17900,11116
1698,1997,1,19383,31480,-12097
1698,1997,2,19373,13600,5773
1698,1997,3,19387,16600,2787
1698,1997,4,19403,16200,3203
1698,1997,5,19411,17800,1611
1698,1997,6,29031,28160,871
1698,1997,7,19407,21300,-1893
1698,1997,8,19409,23920,-4511
1698,1997,9,19399,15200,4199
1698,1997,10,19426,14700,4726
1698,1997,11,19403,27880,-8477
1698,1997,12,29035,20300,8735
1698,1998,1,19411,29980,-10569
1698,1998,2,23722,13600,10122
1698,1998,3,19423,18800,623
1698,1998,4,20857,13600,7257
1698,1998,5,19461,19280,181
1698,1998,6,29104,23320,5784
1698,1998,7,19477,22600,-3123
1698,1998,8,19446,33400,-13954
1698,1998,9,19441,19100,341
1698,1998,10,19427,20940,-1513
1698,1998,11,19420,19300,120
1698,1998,12,29063,16145,12918
1699,1993,1,800,0,800
1699,1993,2,5224,0,5224
1699,1993,3,5224,0,5224
1699,1993,4,5224,0,5224
1699,1993,5,5224,0,5224
1699,1993,6,5309,5017,292
1699,1993,7,5325,3497,1828
1699,1993,8,5332,3497,1835
1699,1993,9,5325,11257,-5932
1699,1993,10,5319,4497,822
1699,1993,11,5317,3997,1320
1699,1993,12,5322,5397,-75
1699,1994,1,5291,14227,-8936
1699,1994,2,5287,3497,1790
1699,1994,3,5294,3497,1797
1699,1994,4,5297,5177,120
1699,1994,5,5302,3497,1805
1699,1994,6,5300,6397,-1097
1699,1994,7,5300,4997,303
1699,1994,8,5295,6617,-1322
1699,1994,9,5291,6217,-926
1699,1994,10,5297,3497,1800
1699,1994,11,5303,3997,1306
1699,1994,12,5292,9397,-4105
1699,1995,1,5285,5897,-612
1699,1995,2,5290,3497,1793
1699,1995,3,5297,3497,1800
1699,1995,4,5304,3697,1607
1699,1995,5,5312,3497,1815
1699,1995,6,5313,5097,216
1699,1995,7,5312,5597,-285
1699,1995,8,5299,9497,-4198
1699,1995,9,5296,5337,-41
1699,1995,10,5290,7597,-2307
1699,1995,11,5292,3497,1795
1699,1995,12,5295,4847,448
1699,1996,1,5287,7457,-2170
1699,1996,2,5291,7297,-2006
1699,1996,3,5283,4897,386
1699,1996,4,5284,5097,187
1699,1996,5,5286,3497,1789
1699,1996,6,5274,9047,-3773
1699,1996,7,5277,3497,1780
1699,1996,8,5285,3497,1788
1699,1996,9,5284,5817,-533
1699,1996,10,5290,3497,1793
1699,1996,11,5297,3497,1800
1699,1996,12,5299,7987,-2688
1699,1997,1,5289,5337,-48
1699,1997,2,5292,4377,915
1699,1997,3,5297,3497,1800
1699,1997,4,5299,7017,-1718
1699,1997,5,5297,4937,360
1699,1997,6,5299,3497,1802
1699,1997,7,5306,3497,1809
1699,1997,8,5306,5497,-191
1699,1997,9,5312,3897,1415
1699,1997,10,5318,3497,1821
1699,1997,11,5324,4777,547
1699,1997,12,5326,4247,1079
1699,1998,1,5300,14927,-9627
1699,1998,2,5293,3497,1796
1699,1998,3,5300,3497,1803
1699,1998,4,5307,3497,1810
1699,1998,5,5315,3497,1818
1699,1998,6,5313,8047,-2734
1699,1998,7,5311,3497,1814
1699,1998,8,5316,4137,1179
1699,1998,9,5323,3497,1826
1699,1998,10,5329,4697,632
1699,1998,11,5330,4537,793
1699,1998,12,5336,4482,854
1700,1995,11,900,0,900
1700,1995,12,34471,7800,26671
1700,1996,1,23071,17700,5371
1700,1996,2,23097,15800,7297
1700,1996,3,23121,19400,3721
1700,1996,4,23150,22175,975
1700,1996,5,23150,21480,1670
1700,1996,6,34605,53260,-18655
1700,1996,7,23095,13380,9715
1700,1996,8,23121,19580,3541
1700,1996,9,23138,20880,2258
1700,1996,10,23148,17380,5768
1700,1996,11,23150,25080,-1930
1700,1996,12,34649,25080,9569
1700,1997,1,23153,34400,-11247
1700,1997,2,23134,23480,-346
1700,1997,3,23143,21280,1863
1700,1997,4,23142,23780,-638
1700,1997,5,23138,24180,-1042
1700,1997,6,34616,31680,2936
1700,1997,7,23175,28420,-5245
1700,1997,8,23151,13680,9471
1700,1997,9,23173,18380,4793
1700,1997,10,23163,28660,-5497
1700,1997,11,23177,15380,7797
1700,1997,12,34691,23080,11611
1700,1998,1,23192,39640,-16448
1700,1998,2,23163,23180,-17
1700,1998,3,23188,16080,7108
1700,1998,4,23205,19680,3525
1700,1998,5,23224,18380,4844
1700,1998,6,34721,39000,-4279
1700,1998,7,23222,19580,3642
1700,1998,8,23235,21780,1455
1700,1998,9,23244,18980,4264
1700,1998,10,23241,25380,-2139
1700,1998,11,23260,16780,6480
1700,1998,12,34782,20565,14217
1701,1993,8,28240,0,28240
1701,1993,9,59786,3100,56686
1701,1993,10,60119,85386,-25267
1701,1993,11,21026,58424,-37398
1701,1993,12,1676,7586,-5910
1701,1994,1,67141,12386,54755
1701,1994,2,54398,61023,-6625
1701,1994,3,55807,56180,-373
1701,1994,4,36455,34677,1778
1701,1994,5,28299,43186,-14887
1701,1994,6,47055,23095,23960
1701,1994,7,75037,81686,-6649
1701,1994,8,61875,31086,30789
1701,1994,9,11676,67123,-55447
1701,1994,10,52941,19586,33355
1701,1994,11,40842,55958,-15116
1701,1994,12,159111,151986,7125
1701,1995,1,26334,70379,-44045
1701,1995,2,76,10186,-10110
1701,1995,3,641,7586,-6945
1701,1995,4,42235,7586,34649
1701,1995,5,34465,21886,12579
1701,1995,6,40545,25886,14659
1701,1995,7,20513,55486,-34973
1701,1995,8,140,14886,-14746
1701,1995,9,981,7586,-6605
1701,1995,10,54,7586,-7532
1701,1995,11,7325,15,7310
1701,1995,12,53,7586,-7533
1701,1996,1,84708,53315,31393
1701,1996,2,30219,30386,-167
1701,1996,3,59169,41086,18083
1701,1996,4,32378,39986,-7608
1701,1996,5,15114,27386,-12272
1701,1996,6,121,16186,-16065
1701,1996,7,2673,7586,-4913
1701,1996,8,41608,26986,14622
1701,1996,9,56215,37586,18629
1701,1996,10,34615,44009,-9394
1701,1996,11,147,7886,-7739
1701,1996,12,4000,10286,-6286
1701,1997,1,92160,71886,20274
1701,1997,2,36141,32686,3455
1701,1997,3,78133,38886,39247
1701,1997,4,33306,73930,-40624
1701,1997,5,26001,15386,10615
1701,1997,6,19882,35986,-16104
1701,1997,7,74698,39086,35612
1701,1997,8,9373,42744,-33371
1701,1997,9,89862,37371,52491
1701,1997,10,32745,60242,-27497
1701,1997,11,62670,94638,-31968
1701,1997,12,108783,108358,425
1701,1998,1,96,18086,-17990
1701,1998,2,73,7586,-7513
1701,1998,3,41,7586,-7545
1701,1998,4,28972,4115,24857
1701,1998,5,3705,7586,-3881
1701,1998,6,17354,16886,468
1701,1998,7,16702,7586,9116
1701,1998,8,4724,12386,-7662
1701,1998,9,7204,7586,-382
1701,1998,10,8105,7586,519
1701,1998,11,6903,7586,-683
1701,1998,12,0,7571,-7571
1702,1995,2,500,0,500
1702,1995,3,14240,0,14240
1702,1995,4,11600,0,11600
1702,1995,5,8245,5700,2545
1702,1995,6,12324,6900,5424
1702,1995,7,8277,7715,562
1702,1995,8,8270,13604,-5334
1702,1995,9,8258,11804,-3546
1702,1995,10,8250,6604,1646
1702,1995,11,8241,12804,-4563
1702,1995,12,12313,10704,1609
1702,1996,1,8223,18404,-10181
1702,1996,2,8504,4704,3800
1702,1996,3,9321,4704,4617
1702,1996,4,8219,12104,-3885
1702,1996,5,9124,4704,4420
1702,1996,6,12311,10504,1807
1702,1996,7,8249,4704,3545
1702,1996,8,8257,8804,-547
1702,1996,9,8254,8804,-550
1702,1996,10,8255,6904,1351
1702,1996,11,8257,8204,53
1702,1996,12,12329,14404,-2075
1702,1997,1,13535,15604,-2069
1702,1997,2,12641,8704,3937
1702,1997,3,8248,14704,-6456
1702,1997,4,8234,6104,2130
1702,1997,5,8242,6604,1638
1702,1997,6,12312,16504,-4192
1702,1997,7,10636,6504,4132
1702,1997,8,8246,7604,642
1702,1997,9,8240,12004,-3764
1702,1997,10,11948,4704,7244
1702,1997,11,8259,8804,-545
1702,1997,12,12337,8504,3833
1702,1998,1,13954,20104,-6150
1702,1998,2,11057,4704,6353
1702,1998,3,8268,10204,-1936
1702,1998,4,8251,12404,-4153
1702,1998,5,8257,5104,3153
1702,1998,6,12336,24404,-12068
1702,1998,7,8220,6704,1516
1702,1998,8,12337,8004,4333
1702,1998,9,9046,4704,4342
1702,1998,10,8241,11204,-2963
1702,1998,11,8229,11804,-3575
1702,1998,12,12407,7389,5018
1703,1997,11,6362,0,6362
1703,1997,12,5667,0,5667
1703,1998,1,5667,0,5667
1703,1998,2,5667,0,5667
1703,1998,3,5671,15,5656
1703,1998,4,5755,8589,-2834
1703,1998,5,5757,6469,-712
1703,1998,6,5734,10419,-4685
1703,1998,7,5735,3569,2166
1703,1998,8,5743,4169,1574
1703,1998,9,5750,4969,781
1703,1998,10,5747,7169,-1422
1703,1998,11,5747,3769,1978
1703,1998,12,5746,7824,-2078
1704,1995,9,300,0,300
1704,1995,10,6923,0,6923
1704,1995,11,6923,0,6923
1704,1995,12,6951,2200,4751
1704,1996,1,7005,4900,2105
1704,1996,2,7020,4200,2820
1704,1996,3,7020,10100,-3080
1704,1996,4,7011,10220,-3209
1704,1996,5,7002,6100,902
1704,1996,6,6996,11000,-4004
1704,1996,7,6990,5700,1290
1704,1996,8,6990,8400,-1410
1704,1996,9,6987,6700,287
1704,1996,10,6995,3300,3695
1704,1996,11,7000,8420,-1420
1704,1996,12,7001,5630,1371
1704,1997,1,7006,5250,1756
1704,1997,2,7012,5500,1512
1704,1997,3,7010,9400,-2390
1704,1997,4,7011,4300,2711
1704,1997,5,7015,7500,-485
1704,1997,6,7006,12010,-5004
1704,1997,7,6996,7920,-924
1704,1997,8,6991,6940,51
1704,1997,9,6992,5740,1252
1704,1997,10,6988,9000,-2012
1704,1997,11,6988,5800,1188
1704,1997,12,6997,4350,2647
1704,1998,1,7005,5250,1755
1704,1998,2,7001,9100,-2099
1704,1998,3,7010,3300,3710
1704,1998,4,7023,5260,1763
1704,1998,5,7017,8300,-1283
1704,1998,6,6996,15330,-8334
1704,1998,7,6985,5900,1085
1704,1998,8,6977,9600,-2623
1704,1998,9,6986,3300,3686
1704,1998,10,6994,6600,394
1704,1998,11,6997,5800,1197
1704,1998,12,7002,5835,1167
1705,1993,9,400,0,400
1705,1993,10,20184,0,20184
1705,1993,11,15145,5500,9645
1705,1993,12,22699,15500,7199
1705,1994,1,15190,16200,-1010
1705,1994,2,15181,17917,-2736
1705,1994,3,15182,16357,-1175
1705,1994,4,15182,11817,3365
1705,1994,5,15190,16257,-1067
1705,1994,6,32053,48077,-16024
1705,1994,7,15141,5517,9624
1705,1994,8,15157,14617,540
1705,1994,9,15157,15617,-460
1705,1994,10,15164,12817,2347
1705,1994,11,15158,18117,-2959
1705,1994,12,22685,20097,2588
1705,1995,1,15157,18177,-3020
1705,1995,2,15183,5917,9266
1705,1995,3,15183,18117,-2934
1705,1995,4,15169,21417,-6248
1705,1995,5,15146,21157,-6011
1705,1995,6,22700,6417,16283
1705,1995,7,15188,19777,-4589
1705,1995,8,15193,10517,4676
1705,1995,9,15194,16017,-823
1705,1995,10,15193,15217,-24
1705,1995,11,15194,15017,177
1705,1995,12,22743,14577,8166
1705,1996,1,15217,20077,-4860
1705,1996,2,15201,17217,-2016
1705,1996,3,15189,18217,-3028
1705,1996,4,15180,17417,-2237
1705,1996,5,15174,16017,-843
1705,1996,6,22722,13617,9105
1705,1996,7,15186,33877,-18691
1705,1996,8,15171,15817,-646
1705,1996,9,15152,11817,3335
1705,1996,10,15164,14217,947
1705,1996,11,15167,14817,350
1705,1996,12,22702,24317,-1615
1705,1997,1,15160,14417,743
1705,1997,2,15162,16717,-1555
1705,1997,3,15150,18897,-3747
1705,1997,4,15142,13777,1365
1705,1997,5,15146,15017,129
1705,1997,6,22678,25017,-2339
1705,1997,7,15131,18457,-3326
1705,1997,8,15121,14417,704
1705,1997,9,15119,18117,-2998
1705,1997,10,15112,9237,5875
1705,1997,11,15143,5517,9626
1705,1997,12,22682,35137,-12455
1705,1998,1,15132,5517,9615
1705,1998,2,15170,5517,9653
1705,1998,3,15212,5517,9695
1705,1998,4,15208,40317,-25109
1705,1998,5,15147,5517,9630
1705,1998,6,22717,12877,9840
1705,1998,7,15228,5517,9711
1705,1998,8,15247,17397,-2150
1705,1998,9,15201,40517,-25316
1705,1998,10,15152,6597,8555
1705,1998,11,15193,6957,8236
1705,1998,12,22766,8222,14544
1706,1995,1,3797,0,3797
1706,1995,2,13637,0,13637
1706,1995,3,4371,0,4371
1706,1995,4,5993,0,5993
1706,1995,5,3209,1245,1964
1706,1995,6,3185,11653,-8468
1706,1995,7,6588,2073,4515
1706,1995,8,3190,5273,-2083
1706,1995,9,4493,2073,2420
1706,1995,10,5204,2073,3131
1706,1995,11,3512,2073,1439
1706,1995,12,6508,5453,1055
1706,1996,1,8116,5493,2623
1706,1996,2,3233,2173,1060
1706,1996,3,3233,4333,-1100
1706,1996,4,4133,2073,2060
1706,1996,5,3238,5803,-2565
1706,1996,6,3228,5003,-1775
1706,1996,7,3623,2073,1550
1706,1996,8,4931,2073,2858
1706,1996,9,5240,2793,2447
1706,1996,10,5053,2073,2980
1706,1996,11,3264,2673,591
1706,1996,12,7468,2823,4645
1706,1997,1,5575,6723,-1148
1706,1997,2,3276,4273,-997
1706,1997,3,7180,2073,5107
1706,1997,4,4399,2073,2326
1706,1997,5,3304,5773,-2469
1706,1997,6,4085,6693,-2608
1706,1997,7,6388,2583,3805
1706,1997,8,4203,2343,1860
1706,1997,9,4912,2073,2839
1706,1997,10,5124,2613,2511
1706,1997,11,5736,2073,3663
1706,1997,12,4146,2823,1323
1706,1998,1,3335,10793,-7458
1706,1998,2,4323,2073,2250
1706,1998,3,4928,4353,575
1706,1998,4,4635,2073,2562
1706,1998,5,3340,4173,-833
1706,1998,6,3330,10623,-7293
1706,1998,7,3510,2073,1437
1706,1998,8,3309,5073,-1764
1706,1998,9,3302,4973,-1671
1706,1998,10,3401,2493,908
1706,1998,11,3304,2473,831
1706,1998,12,3307,2298,1009
1707,1997,1,1000,0,1000
1707,1997,2,17616,0,17616
1707,1997,3,12067,3400,8667
1707,1997,4,12092,8100,3992
1707,1997,5,12099,12000,99
1707,1997,6,18037,35645,-17608
1707,1997,7,12028,12045,-17
1707,1997,8,12025,13445,-1420
1707,1997,9,12018,14345,-2327
1707,1997,10,12017,11445,572
1707,1997,11,12010,14745,-2735
1707,1997,12,17993,17545,448
1707,1998,1,12012,11445,567
1707,1998,2,12014,13745,-1731
1707,1998,3,12006,11345,661
1707,1998,4,12003,13645,-1642
1707,1998,5,11994,14145,-2151
1707,1998,6,17994,7845,10149
1707,1998,7,12018,20745,-8727
1707,1998,8,12001,7845,4156
1707,1998,9,12018,7845,4173
1707,1998,10,12036,7845,4191
1707,1998,11,12053,7845,4208
1707,1998,12,18056,17130,926
1708,1994,11,700,0,700
1708,1994,12,21866,0,21866
1708,1995,1,14529,6300,8229
1708,1995,2,14553,12600,1953
1708,1995,3,14561,12500,2061
1708,1995,4,14570,19973,-5403
1708,1995,5,14554,16973,-2419
1708,1995,6,21766,18873,2893
1708,1995,7,14556,14773,-217
1708,1995,8,14552,15873,-1321
1708,1995,9,14551,14173,378
1708,1995,10,14543,18273,-3730
1708,1995,11,14542,11473,3069
1708,1995,12,21762,21473,289
1708,1996,1,14529,28673,-14144
1708,1996,2,15503,11273,4230
1708,1996,3,14513,11973,2540
1708,1996,4,14532,11873,2659
1708,1996,5,14543,12073,2470
1708,1996,6,21749,21873,-124
1708,1996,7,14520,20773,-6253
1708,1996,8,14512,13273,1239
1708,1996,9,14510,15273,-763
1708,1996,10,14500,17673,-3173
1708,1996,11,14496,16373,-1877
1708,1996,12,21702,23273,-1571
1708,1997,1,14492,13473,1019
1708,1997,2,14497,12673,1824
1708,1997,3,14476,23273,-8797
1708,1997,4,14477,7873,6604
1708,1997,5,14493,11873,2620
1708,1997,6,21735,12573,9162
1708,1997,7,14551,7873,6678
1708,1997,8,14579,7873,6706
1708,1997,9,14542,29973,-15431
1708,1997,10,14545,7873,6672
1708,1997,11,14524,23773,-9249
1708,1997,12,21759,9773,11986
1708,1998,1,14501,31873,-17372
1708,1998,2,14509,7873,6636
1708,1998,3,14525,11773,2752
1708,1998,4,14540,10673,3867
1708,1998,5,14516,24173,-9657
1708,1998,6,21758,7873,13885
1708,1998,7,14582,7873,6709
1708,1998,8,14541,31873,-17332
1708,1998,9,14536,9173,5363
1708,1998,10,14560,7873,6687
1708,1998,11,14584,32973,-18389
1708,1998,12,21743,8458,13285
1709,1996,4,400,0,400
1709,1996,5,22196,0,22196
1709,1996,6,27218,11300,15918
1709,1996,7,18235,13900,4335
1709,1996,8,18247,18500,-253
1709,1996,9,18248,17015,1233
1709,1996,10,18264,17642,622
1709,1996,11,18264,18542,-278
1709,1996,12,27311,21302,6009
1709,1997,1,18246,33482,-15236
1709,1997,2,18235,10142,8093
1709,1997,3,18269,12142,6127
1709,1997,4,18290,13942,4348
1709,1997,5,18301,17242,1059
1709,1997,6,27313,41622,-14309
1709,1997,7,18253,11742,6511
1709,1997,8,18273,17242,1031
1709,1997,9,18286,12042,6244
1709,1997,10,18290,21442,-3152
1709,1997,11,18292,14442,3850
1709,1997,12,27376,24242,3134
1709,1998,1,18299,26022,-7723
1709,1998,2,18301,6342,11959
1709,1998,3,18325,18742,-417
1709,1998,4,18338,11042,7296
1709,1998,5,18355,17942,413
1709,1998,6,27333,56502,-29169
1709,1998,7,18571,3242,15329
1709,1998,8,18319,8942,9377
1709,1998,9,18337,16242,2095
1709,1998,10,18341,17542,799
1709,1998,11,18349,15842,2507
1709,1998,12,27408,22287,5121
1710,1997,5,900,0,900
1710,1997,6,6885,0,6885
1710,1997,7,6885,0,6885
1710,1997,8,6885,0,6885
1710,1997,9,6919,1100,5819
1710,1997,10,7001,5215,1786
1710,1997,11,7021,2086,4935
1710,1997,12,7033,7636,-603
1710,1998,1,7023,11986,-4963
1710,1998,2,7014,4006,3008
1710,1998,3,7031,2086,4945
1710,1998,4,7045,6386,659
1710,1998,5,7047,8326,-1279
1710,1998,6,7028,14466,-7438
1710,1998,7,7016,2786,4230
1710,1998,8,7033,3286,3747
1710,1998,9,7050,2286,4764
1710,1998,10,7070,2186,4884
1710,1998,11,7082,7706,-624
1710,1998,12,7087,2571,4516
1711,1996,1,4008,0,4008
1711,1996,2,11648,0,11648
1711,1996,3,5277,0,5277
1711,1996,4,5399,0,5399
1711,1996,5,3905,3856,49
1711,1996,6,6295,9474,-3179
1711,1996,7,3886,5544,-1658
1711,1996,8,5395,2544,2851
1711,1996,9,3898,3644,254
1711,1996,10,4404,5344,-940
1711,1996,11,3897,5844,-1947
1711,1996,12,3888,4284,-396
1711,1997,1,6889,3714,3175
1711,1997,2,3902,3844,58
1711,1997,3,3898,5974,-2076
1711,1997,4,3893,6144,-2251
1711,1997,5,3884,3644,240
1711,1997,6,3871,7654,-3783
1711,1997,7,3868,4064,-196
1711,1997,8,4069,2544,1525
1711,1997,9,3874,4144,-270
1711,1997,10,7575,3714,3861
1711,1997,11,3888,4144,-256
1711,1997,12,4487,3924,563
1711,1998,1,6390,3954,2436
1711,1998,2,3895,6574,-2679
1711,1998,3,4791,2544,2247
1711,1998,4,6001,2544,3457
1711,1998,5,4511,3654,857
1711,1998,6,7708,10704,-2996
1711,1998,7,6408,2544,3864
1711,1998,8,3919,3844,75
1711,1998,9,3918,4844,-926
1711,1998,10,3908,8444,-4536
1711,1998,11,4399,2544,1855
1711,1998,12,3902,3789,113
1712,1996,11,200,0,200
1712,1996,12,6104,0,6104
1712,1997,1,6104,0,6104
1712,1997,2,6104,0,6104
1712,1997,3,6104,0,6104
1712,1997,4,6198,4941,1257
1712,1997,5,6223,5641,582
1712,1997,6,6205,15631,-9426
1712,1997,7,6185,5081,1104
1712,1997,8,6195,1641,4554
1712,1997,9,6212,3021,3191
1712,1997,10,6223,4041,2182
1712,1997,11,6232,4141,2091
1712,1997,12,6244,2041,4203
1712,1998,1,6239,20571,-14332
1712,1998,2,6202,1641,4561
1712,1998,3,6221,1641,4580
1712,1998,4,6236,4601,1635
1712,1998,5,6247,5321,926
1712,1998,6,6204,17841,-11637
1712,1998,7,6203,1641,4562
1712,1998,8,6222,1641,4581
1712,1998,9,6241,1641,4600
1712,1998,10,6257,3041,3216
1712,1998,11,6266,4201,2065
1712,1998,12,6273,5386,887
1713,1993,3,1403,0,1403
1713,1993,4,11730,0,11730
1713,1993,5,6770,0,6770
1713,1993,6,4692,0,4692
1713,1993,7,3201,1215,1986
1713,1993,8,811,1215,-404
1713,1993,9,72310,36715,35595
1713,1993,10,950,18415,-17465
1713,1993,11,881,8415,-7534
1713,1993,12,852,6215,-5363
1713,1994,1,4309,16665,-12356
1713,1994,2,2380,15,2365
1713,1994,3,94514,61815,32699
1713,1994,4,918,13315,-12397
1713,1994,5,864,10865,-10001
1713,1994,6,822,7415,-6593
1713,1994,7,2104,1365,739
1713,1994,8,3507,2165,1342
1713,1994,9,812,1415,-603
1713,1994,10,808,3215,-2407
1713,1994,11,2804,15,2789
1713,1994,12,806,4215,-3409
1713,1995,1,5871,11165,-5294
1713,1995,2,2879,15,2864
1713,1995,3,787,1015,-228
1713,1995,4,887,665,222
1713,1995,5,48720,22915,25805
1713,1995,6,836,26015,-25179
1713,1995,7,787,2915,-2128
1713,1995,8,778,2515,-1737
1713,1995,9,36035,2015,34020
1713,1995,10,885,18565,-17680
1713,1995,11,827,9115,-8288
1713,1995,12,787,11415,-10628
1713,1996,1,1559,2665,-1106
1713,1996,2,755,2515,-1760
1713,1996,3,2756,15,2741
1713,1996,4,761,1115,-354
1713,1996,5,31572,2215,29357
1713,1996,6,839,27565,-26726
1713,1996,7,767,2815,-2048
1713,1996,8,763,15,748
1713,1996,9,759,3615,-2856
1713,1996,10,754,15,739
1713,1996,11,757,15,742
1713,1996,12,760,615,145
1713,1997,1,761,265,496
1713,1997,2,34113,15,34098
1713,1997,3,836,28715,-27879
1713,1997,4,788,15,773
1713,1997,5,791,15,776
1713,1997,6,795,265,530
1713,1997,7,796,2115,-1319
1713,1997,8,791,15,776
1713,1997,9,793,2265,-1472
1713,1997,10,788,15,773
1713,1997,11,791,15,776
1713,1997,12,12014,6615,5399
1713,1998,1,769,13565,-12796
1713,1998,2,763,15,748
1713,1998,3,26779,20215,6564
1713,1998,4,789,3215,-2426
1713,1998,5,777,3515,-2738
1713,1998,6,768,2515,-1747
1713,1998,7,12837,15,12822
1713,1998,8,791,13315,-12524
1713,1998,9,766,15,751
1713,1998,10,769,15,754
1713,1998,11,772,15,757
1713,1998,12,770,2300,-1530
1714,1994,9,900,0,900
1714,1994,10,4951,0,4951
1714,1994,11,4951,0,4951
1714,1994,12,4951,0,4951
1714,1995,1,4951,0,4951
1714,1995,2,5029,3543,1486
1714,1995,3,5050,3543,1507
1714,1995,4,5049,5543,-494
1714,1995,5,5045,6943,-1898
1714,1995,6,5030,8363,-3333
1714,1995,7,5028,5123,-95
1714,1995,8,5032,3523,1509
1714,1995,9,5031,5763,-732
1714,1995,10,5034,4043,991
1714,1995,11,5037,7803,-2766
1714,1995,12,5028,3643,1385
1714,1996,1,5019,9283,-4264
1714,1996,2,5015,3043,1972
1714,1996,3,5022,4323,699
1714,1996,4,5026,3043,1983
1714,1996,5,5032,4083,949
1714,1996,6,5034,5043,-9
1714,1996,7,5038,3043,1995
1714,1996,8,5043,5283,-240
1714,1996,9,5040,6083,-1043
1714,1996,10,5036,5123,-87
1714,1996,11,5040,3743,1297
1714,1996,12,5038,6243,-1205
1714,1997,1,5024,9523,-4499
1714,1997,2,5022,3043,1979
1714,1997,3,5030,3343,1687
1714,1997,4,5037,3043,1994
1714,1997,5,5041,6483,-1442
1714,1997,6,5040,3043,1997
1714,1997,7,5048,4003,1045
1714,1997,8,5043,6403,-1360
1714,1997,9,5047,3043,2004
1714,1997,10,5055,3043,2012
1714,1997,11,5063,3343,1720
1714,1997,12,5067,7673,-2606
1714,1998,1,5045,13523,-8478
1714,1998,2,5024,3043,1981
1714,1998,3,5032,3043,1989
1714,1998,4,5039,4323,716
1714,1998,5,5043,3043,2000
1714,1998,6,5052,3043,2009
1714,1998,7,5055,6723,-1668
1714,1998,8,5053,3043,2010
1714,1998,9,5061,3043,2018
1714,1998,10,5070,3043,2027
1714,1998,11,5078,3043,2035
1714,1998,12,5078,6068,-990
1715,1996,5,600,0,600
1715,1996,6,48126,11300,36826
1715,1996,7,86279,55400,30879
1715,1996,8,80562,55515,25047
1715,1996,9,18592,31718,-13126
1715,1996,10,5868,45323,-39455
1715,1996,11,33630,25115,8515
1715,1996,12,91711,54672,37039
1715,1997,1,47774,123715,-75941
1715,1997,2,7244,15,7229
1715,1997,3,4474,15,4459
1715,1997,4,2292,15,2277
1715,1997,5,18752,15415,3337
1715,1997,6,44880,40915,3965
1715,1997,7,124,15156,-15032
1715,1997,8,7956,18996,-11040
1715,1997,9,89104,68376,20728
1715,1997,10,185230,127154,58076
1715,1997,11,27422,57315,-29893
1715,1997,12,180,24984,-24804
1715,1998,1,47888,62615,-14727
1715,1998,2,11167,4815,6352
1715,1998,3,13179,17626,-4447
1715,1998,4,6865,11415,-4550
1715,1998,5,10041,19505,-9464
1715,1998,6,17515,15,17500
1715,1998,7,9085,15,9070
1715,1998,8,11890,30273,-18383
1715,1998,9,14952,12015,2937
1715,1998,10,6933,17221,-10288
1715,1998,11,11712,13815,-2103
1715,1998,12,13407,13180,227
1716,1996,5,15877,0,15877
1716,1996,6,26840,0,26840
1716,1996,7,14923,20900,-5977
1716,1996,8,14881,15700,-819
1716,1996,9,14902,15307,-405
1716,1996,10,14891,18182,-3291
1716,1996,11,14889,15822,-933
1716,1996,12,22251,23422,-1171
1716,1997,1,14851,30262,-15411
1716,1997,2,14815,14722,93
1716,1997,3,14816,14122,694
1716,1997,4,14820,12622,2198
1716,1997,5,14825,17022,-2197
1716,1997,6,22204,13622,8582
1716,1997,7,14844,20162,-5318
1716,1997,8,14827,16322,-1495
1716,1997,9,14820,16222,-1402
1716,1997,10,14814,15122,-308
1716,1997,11,14814,13422,1392
1716,1997,12,22205,13722,8483
1716,1998,1,14850,22342,-7492
1716,1998,2,14823,12822,2001
1716,1998,3,14829,15822,-993
1716,1998,4,14821,18222,-3401
1716,1998,5,14812,8582,6230
1716,1998,6,22201,26482,-4281
1716,1998,7,14832,4622,10210
1716,1998,8,14838,27222,-12384
1716,1998,9,14819,5822,8997
1716,1998,10,14851,7622,7229
1716,1998,11,14841,31622,-16781
1716,1998,12,22207,4607,17600
1717,1997,12,7477,0,7477
1717,1998,1,6589,0,6589
1717,1998,2,6589,0,6589
1717,1998,3,6589,0,6589
1717,1998,4,6646,6175,471
1717,1998,5,6647,18315,-11668
1717,1998,6,6640,9415,-2775
1717,1998,7,6622,4355,2267
1717,1998,8,6633,2515,4118
1717,1998,9,6645,14215,-7570
1717,1998,10,6619,2515,4104
1717,1998,11,6636,2515,4121
1717,1998,12,6652,3050,3602
1718,1997,9,300,0,300
1718,1997,10,43973,6700,37273
1718,1997,11,44113,21100,23013
1718,1997,12,66167,68500,-2333
1718,1998,1,44188,31600,12588
1718,1998,2,44174,67215,-23041
1718,1998,3,44154,36871,7283
1718,1998,4,44186,40171,4015
1718,1998,5,44215,40371,3844
1718,1998,6,66187,66571,-384
1718,1998,7,44204,40571,3633
1718,1998,8,44229,37571,6658
1718,1998,9,44227,45349,-1122
1718,1998,10,44208,48649,-4441
1718,1998,11,44220,41649,2571
1718,1998,12,66284,23734,42550
1719,1993,9,4768,0,4768
1719,1993,10,4172,0,4172
1719,1993,11,4172,0,4172
1719,1993,12,4172,0,4172
1719,1994,1,4203,5733,-1530
1719,1994,2,4221,2783,1438
1719,1994,3,4227,2783,1444
1719,1994,4,4233,2783,1450
1719,1994,5,4239,2783,1456
1719,1994,6,4233,9383,-5150
1719,1994,7,4224,2783,1441
1719,1994,8,4225,6703,-2478
1719,1994,9,4219,3903,316
1719,1994,10,4214,5663,-1449
1719,1994,11,4208,5583,-1375
1719,1994,12,4209,2783,1426
1719,1995,1,4212,4433,-221
1719,1995,2,4213,3263,950
1719,1995,3,4218,2783,1435
1719,1995,4,4224,2783,1441
1719,1995,5,4230,2783,1447
1719,1995,6,4236,2783,1453
1719,1995,7,4242,2783,1459
1719,1995,8,4247,4223,24
1719,1995,9,4236,7743,-3507
1719,1995,10,4234,2783,1451
1719,1995,11,4230,6543,-2313
1719,1995,12,4230,2783,1447
1719,1996,1,4234,3783,451
1719,1996,2,4238,2783,1455
1719,1996,3,4244,2783,1461
1719,1996,4,4250,2783,1467
1719,1996,5,4256,2783,1473
1719,1996,6,4246,9113,-4867
1719,1996,7,4240,4383,-143
1719,1996,8,4241,2783,1458
1719,1996,9,4247,3343,904
1719,1996,10,4251,2783,1468
1719,1996,11,4257,2783,1474
1719,1996,12,4263,2783,1480
1719,1997,1,4268,4403,-135
1719,1997,2,4268,2783,1485
1719,1997,3,4266,6943,-2677
1719,1997,4,4264,2783,1481
1719,1997,5,4267,4943,-676
1719,1997,6,4260,6333,-2073
1719,1997,7,4253,6383,-2130
1719,1997,8,4249,2783,1466
1719,1997,9,4247,6063,-1816
1719,1997,10,4248,2783,1465
1719,1997,11,4254,2783,1471
1719,1997,12,4259,3983,276
1719,1998,1,4247,9543,-5296
1719,1998,2,4238,2783,1455
1719,1998,3,4245,2783,1462
1719,1998,4,4251,2783,1468
1719,1998,5,4257,2783,1474
1719,1998,6,4256,10633,-6377
1719,1998,7,4233,4223,10
1719,1998,8,4230,5103,-873
1719,1998,9,4231,3343,888
1719,1998,10,4236,2783,1453
1719,1998,11,4242,2783,1459
1719,1998,12,4248,2768,1480
1720,1995,5,300,0,300
1720,1995,6,10400,0,10400
1720,1995,7,5000,0,5000
1720,1995,8,3100,0,3100
1720,1995,9,1000,0,1000
1720,1995,10,1700,0,1700
1720,1995,11,900,0,900
1720,1995,12,0,2700,-2700
1720,1996,1,0,100,-100
1720,1996,2,0,200,-200
1720,1996,3,0,300,-300
1720,1996,4,0,200,-200
1720,1996,5,0,3300,-3300
1720,1996,6,0,1400,-1400
1720,1996,8,0,2300,-2300
1720,1996,9,0,500,-500
1721,1993,3,1100,0,1100
1721,1993,4,9400,0,9400
1721,1993,5,4300,0,4300
1721,1993,6,3000,0,3000
1721,1993,7,3200,0,3200
1721,1993,8,100,0,100
1721,1993,9,0,400,-400
1721,1993,10,900,0,900
1721,1993,11,400,0,400
1721,1993,12,2200,0,2200
1721,1994,1,2200,0,2200
1721,1994,2,0,3400,-3400
1721,1994,3,0,200,-200
1721,1994,4,0,1800,-1800
1721,1994,5,0,900,-900
1721,1994,6,100,0,100
1721,1994,7,400,0,400
1721,1994,8,0,300,-300
1721,1994,9,3100,0,3100
1721,1994,10,0,900,-900
1721,1994,11,500,0,500
1721,1994,12,0,2600,-2600
1721,1995,1,400,0,400
1721,1995,2,1800,0,1800
1721,1995,3,0,2400,-2400
1721,1995,4,900,0,900
1721,1995,5,700,0,700
1721,1995,6,0,2000,-2000
1721,1995,7,0,700,-700
1721,1995,8,0,2400,-2400
1721,1995,9,0,100,-100
1721,1995,10,3700,0,3700
1721,1995,11,1100,0,1100
1721,1995,12,0,600,-600
1721,1996,1,1200,0,1200
1721,1996,2,0,400,-400
1721,1996,3,0,200,-200
1721,1996,4,0,2700,-2700
1721,1996,5,0,300,-300
1721,1996,6,0,400,-400
1721,1996,7,600,0,600
1721,1996,8,0,2900,-2900
1721,1996,9,2200,0,2200
1721,1996,10,2400,0,2400
1721,1996,11,100,0,100
1721,1996,12,1200,0,1200
1721,1997,1,0,500,-500
1721,1997,2,0,2800,-2800
1721,1997,3,600,0,600
1721,1997,4,0,1100,-1100
1721,1997,5,1200,0,1200
1721,1997,6,0,4700,-4700
1721,1997,7,0,1600,-1600
1721,1997,8,1400,0,1400
1721,1997,9,400,0,400
1721,1997,10,100,0,100
1721,1997,11,0,2400,-2400
1721,1997,12,100,0,100
1721,1998,1,0,2500,-2500
1721,1998,2,3000,0,3000
1721,1998,3,3100,0,3100
1721,1998,4,200,0,200
1721,1998,5,2600,0,2600
1721,1998,6,6200,0,6200
1721,1998,7,2600,0,2600
1721,1998,8,100,0,100
1721,1998,9,6700,0,6700
1721,1998,10,5900,0,5900
1721,1998,11,0,1500,-1500
1722,1996,3,21911,0,21911
1722,1996,4,23605,0,23605
1722,1996,5,21275,8700,12575
1722,1996,6,31866,14100,17766
1722,1996,7,21356,25415,-4059
1722,1996,8,21321,27187,-5866
1722,1996,9,21311,24487,-3176
1722,1996,10,21294,25587,-4293
1722,1996,11,21287,21887,-600
1722,1996,12,31833,26467,5366
1722,1997,1,21272,45627,-24355
1722,1997,2,21230,14247,6983
1722,1997,3,21248,17387,3861
1722,1997,4,21251,25187,-3936
1722,1997,5,21252,15787,5465
1722,1997,6,31782,25727,6055
1722,1997,7,21280,25187,-3907
1722,1997,8,21277,18087,3190
1722,1997,9,21294,16887,4407
1722,1997,10,21299,21287,12
1722,1997,11,21300,21827,-527
1722,1997,12,31817,48587,-16770
1722,1998,1,21219,36987,-15768
1722,1998,2,21206,5207,15999
1722,1998,3,21252,25047,-3795
1722,1998,4,21261,14887,6374
1722,1998,5,21285,19987,1298
1722,1998,6,31768,46247,-14479
1722,1998,7,21230,16087,5143
1722,1998,8,21249,16287,4962
1722,1998,9,21268,18287,2981
1722,1998,10,21265,22827,-1562
1722,1998,11,21267,23247,-1980
1722,1998,12,31814,9112,22702
1723,1997,11,23234,0,23234
1723,1997,12,34036,2400,31636
1723,1998,1,22799,16900,5899
1723,1998,2,22811,20400,2411
1723,1998,3,22803,26695,-3892
1723,1998,4,22787,26695,-3908
1723,1998,5,22779,26095,-3316
1723,1998,6,34054,33275,779
1723,1998,7,22788,19095,3693
1723,1998,8,22801,31395,-8594
1723,1998,9,22806,21895,911
1723,1998,10,22801,26495,-3694
1723,1998,11,22786,21995,791
1723,1998,12,34100,13360,20740
1724,1997,6,7710,0,7710
1724,1997,7,6624,0,6624
1724,1997,8,6624,0,6624
1724,1997,9,6662,3900,2762
1724,1997,10,6700,2815,3885
1724,1997,11,6713,3019,3694
1724,1997,12,6712,7969,-1257
1724,1998,1,6710,9569,-2859
1724,1998,2,6711,3019,3692
1724,1998,3,6715,8019,-1304
1724,1998,4,6719,3819,2900
1724,1998,5,6725,6639,86
1724,1998,6,6702,21819,-15117
1724,1998,7,6677,1619,5058
1724,1998,8,6686,5719,967
1724,1998,9,6698,7859,-1161
1724,1998,10,6686,13219,-6533
1724,1998,11,6668,6219,449
1724,1998,12,6671,2704,3967
1725,1995,7,49115,0,49115
1725,1995,8,48173,14400,33773
1725,1995,9,48267,30100,18167
1725,1995,10,48297,112600,-64303
1725,1995,11,48062,49608,-1546
1725,1995,12,72096,78137,-6041
1725,1996,1,48026,58700,-10674
1725,1996,2,48022,24987,23035
1725,1996,3,48163,34700,13463
1725,1996,4,48184,46350,1834
1725,1996,5,48153,51473,-3320
1725,1996,6,72128,64800,7328
1725,1996,7,48152,57225,-9073
1725,1996,8,48140,58488,-10348
1725,1996,9,48138,40944,7194
1725,1996,10,48090,34600,13490
1725,1996,11,48154,43459,4695
1725,1996,12,72152,82694,-10542
1725,1997,1,48166,73400,-25234
1725,1997,2,48022,24700,23322
1725,1997,3,48107,43800,4307
1725,1997,4,48125,36700,11425
1725,1997,5,48202,54000,-5798
1725,1997,6,72105,88300,-16195
1725,1997,7,48083,37400,10683
1725,1997,8,48117,55800,-7683
1725,1997,9,48104,32700,15404
1725,1997,10,48205,50500,-2295
1725,1997,11,48186,53700,-5514
1725,1997,12,72044,87300,-15256
1725,1998,1,48093,65163,-17070
1725,1998,2,48014,27200,20814
1725,1998,3,48097,47905,192
1725,1998,4,48137,44422,3715
1725,1998,5,48094,72405,-24311
1725,1998,6,71963,56000,15963
1725,1998,7,48074,33500,14574
1725,1998,8,48115,45635,2480
1725,1998,9,48099,76299,-28200
1725,1998,10,48044,27800,20244
1725,1998,11,48073,65112,-17039
1725,1998,12,71986,79478,-7492
1726,1993,1,15005,0,15005
1726,1993,2,20077,0,20077
1726,1993,3,14141,3200,10941
1726,1993,4,14164,11600,2564
1726,1993,5,14177,10815,3362
1726,1993,6,21097,58564,-37467
1726,1993,7,21270,6724,14546
1726,1993,8,14092,12824,1268
1726,1993,9,14098,13024,1074
1726,1993,10,14108,16304,-2196
1726,1993,11,14103,10424,3679
1726,1993,12,21113,17384,3729
1726,1994,1,17395,34644,-17249
1726,1994,2,14062,6724,7338
1726,1994,3,14092,12124,1968
1726,1994,4,14100,11324,2776
1726,1994,5,14109,16324,-2215
1726,1994,6,25257,32164,-6907
1726,1994,7,14072,13924,148
1726,1994,8,14074,10124,3950
1726,1994,9,14089,10124,3965
1726,1994,10,14103,13024,1079
1726,1994,11,14103,16824,-2721
1726,1994,12,21089,16864,4225
1726,1995,1,14766,25764,-10998
1726,1995,2,14066,12524,1542
1726,1995,3,14078,8824,5254
1726,1995,4,14091,18324,-4233
1726,1995,5,14077,13124,953
1726,1995,6,21078,15124,5954
1726,1995,7,14098,22844,-8746
1726,1995,8,14070,11524,2546
1726,1995,9,14079,12024,2055
1726,1995,10,14085,13224,861
1726,1995,11,14089,12724,1365
1726,1995,12,21082,20684,398
1726,1996,1,15849,30364,-14515
1726,1996,2,14040,9424,4616
1726,1996,3,14045,17604,-3559
1726,1996,4,14046,8724,5322
1726,1996,5,14050,14564,-514
1726,1996,6,21044,21044,0
1726,1996,7,14055,13264,791
1726,1996,8,15958,12004,3954
1726,1996,9,14073,13724,349
1726,1996,10,14080,11024,3056
1726,1996,11,14085,14124,-39
1726,1996,12,21089,21204,-115
1726,1997,1,18280,29884,-11604
1726,1997,2,18264,6724,11540
1726,1997,3,14102,11524,2578
1726,1997,4,14112,7024,7088
1726,1997,5,14135,9724,4411
1726,1997,6,21133,20624,509
1726,1997,7,14131,18024,-3893
1726,1997,8,14114,17524,-3410
1726,1997,9,14099,17224,-3125
1726,1997,10,14101,12624,1477
1726,1997,11,14093,17844,-3751
1726,1997,12,21078,17344,3734
1726,1998,1,14055,31484,-17429
1726,1998,2,14050,6724,7326
1726,1998,3,14077,10084,3993
1726,1998,4,14098,6724,7374
1726,1998,5,14079,21824,-7745
1726,1998,6,21054,19024,2030
1726,1998,7,14098,10684,3414
1726,1998,8,14119,6724,7395
1726,1998,9,14076,27024,-12948
1726,1998,10,14096,6724,7372
1726,1998,11,14059,29764,-15705
1726,1998,12,21062,6709,14353
1727,1997,10,1000,0,1000
1727,1997,11,24784,0,24784
1727,1997,12,37350,1500,35850
1727,1998,1,25049,21700,3349
1727,1998,2,25047,27700,-2653
1727,1998,3,25019,35305,-10286
1727,1998,4,24996,27325,-2329
1727,1998,5,24991,25625,-634
1727,1998,6,37400,30825,6575
1727,1998,7,24990,34625,-9635
1727,1998,8,24962,30325,-5363
1727,1998,9,24945,28885,-3940
1727,1998,10,24935,26325,-1390
1727,1998,11,24927,27125,-2198
1727,1998,12,37343,28450,8893
1728,1995,6,1000,0,1000
1728,1995,7,16983,0,16983
1728,1995,8,8544,2400,6144
1728,1995,9,8564,6600,1964
1728,1995,10,8570,7800,770
1728,1995,11,8576,8669,-93
1728,1995,12,12822,9269,3553
1728,1996,1,8562,22909,-14347
1728,1996,2,12833,13249,-416
1728,1996,3,9036,4969,4067
1728,1996,4,8547,7269,1278
1728,1996,5,8550,11089,-2539
1728,1996,6,16261,18569,-2308
1728,1996,7,8534,6169,2365
1728,1996,8,8533,12509,-3976
1728,1996,9,8522,10249,-1727
1728,1996,10,8513,9569,-1056
1728,1996,11,8508,9269,-761
1728,1996,12,12741,11569,1172
1728,1997,1,8515,9529,-1014
1728,1997,2,8515,4969,3546
1728,1997,3,8529,7969,560
1728,1997,4,8533,7129,1404
1728,1997,5,8539,4969,3570
1728,1997,6,12750,22569,-9819
1728,1997,7,8513,4969,3544
1728,1997,8,8500,15369,-6869
1728,1997,9,8499,4969,3530
1728,1997,10,8494,12669,-4175
1728,1997,11,8496,4969,3527
1728,1997,12,12733,13369,-636
1728,1998,1,8497,10169,-1672
1728,1998,2,8909,4969,3940
1728,1998,3,8510,8969,-459
1728,1998,4,8500,11569,-3069
1728,1998,5,10310,6649,3661
1728,1998,6,12755,9469,3286
1728,1998,7,8529,7769,760
1728,1998,8,10550,4969,5581
1728,1998,9,12580,4969,7611
1728,1998,10,10604,4969,5635
1728,1998,11,13036,4969,8067
1728,1998,12,12879,11534,1345
1729,1997,9,10765,0,10765
1729,1997,10,15525,0,15525
1729,1997,11,12680,0,12680
1729,1997,12,14927,9400,5527
1729,1998,1,10002,17475,-7473
1729,1998,2,9983,9269,714
1729,1998,3,9988,9569,419
1729,1998,4,9980,11769,-1789
1729,1998,5,9982,9169,813
1729,1998,6,16003,21649,-5646
1729,1998,7,15289,6569,8720
1729,1998,8,9993,10269,-276
1729,1998,9,9985,12169,-2184
1729,1998,10,9985,9569,416
1729,1998,11,9977,12369,-2392
1729,1998,12,15318,10554,4764
1730,1993,1,900,0,900
1730,1993,2,6689,0,6689
1730,1993,3,6689,0,6689
1730,1993,4,6752,400,6352
1730,1993,5,6795,200,6595
1730,1993,6,6783,15593,-8810
1730,1993,7,6779,1993,4786
1730,1993,8,6790,5793,997
1730,1993,9,6789,8073,-1284
1730,1993,10,6801,2493,4308
1730,1993,11,6809,6653,156
1730,1993,12,6808,5743,1065
1730,1994,1,6811,7343,-532
1730,1994,2,6809,7393,-584
1730,1994,3,6812,4493,2319
1730,1994,4,6817,6353,464
1730,1994,5,6813,9853,-3040
1730,1994,6,6807,13443,-6636
1730,1994,7,6779,10233,-3454
1730,1994,8,6773,1993,4780
1730,1994,9,6793,1993,4800
1730,1994,10,6813,6993,-180
1730,1994,11,6819,2693,4126
1730,1994,12,6831,7593,-762
1730,1995,1,6822,9293,-2471
1730,1995,2,6809,5993,816
1730,1995,3,6819,6793,26
1730,1995,4,6820,4453,2367
1730,1995,5,6828,3493,3335
1730,1995,6,6828,13543,-6715
1730,1995,7,6813,4793,2020
1730,1995,8,6820,5793,1027
1730,1995,9,6826,6493,333
1730,1995,10,6830,4413,2417
1730,1995,11,6837,5833,1004
1730,1995,12,6839,5393,1446
1730,1996,1,6836,10033,-3197
1730,1996,2,6833,3993,2840
1730,1996,3,6847,1993,4854
1730,1996,4,6858,6833,25
1730,1996,5,6864,4493,2371
1730,1996,6,6853,12593,-5740
1730,1996,7,6853,1993,4860
1730,1996,8,6873,1993,4880
1730,1996,9,6885,8613,-1728
1730,1996,10,6886,1993,4893
1730,1996,11,6897,7253,-356
1730,1996,12,6891,9343,-2452
1730,1997,1,6888,5593,1295
1730,1997,2,6886,9913,-3027
1730,1997,3,6880,5913,967
1730,1997,4,6882,7093,-211
1730,1997,5,6886,4193,2693
1730,1997,6,6866,20543,-13677
1730,1997,7,6842,5113,1729
1730,1997,8,6848,4953,1895
1730,1997,9,6859,1993,4866
1730,1997,10,6879,1993,4886
1730,1997,11,6894,4093,2801
1730,1997,12,6901,6293,608
1730,1998,1,6913,2843,4070
1730,1998,2,6919,8413,-1494
1730,1998,3,6922,2633,4289
1730,1998,4,6941,1993,4948
1730,1998,5,6962,1993,4969
1730,1998,6,6937,16843,-9906
1730,1998,7,6931,5693,1238
1730,1998,8,6940,4293,2647
1730,1998,9,6952,5613,1339
1730,1998,10,6951,6233,718
1730,1998,11,6957,5293,1664
1730,1998,12,6964,5728,1236
1731,1993,1,200,0,200
1731,1993,2,4758,0,4758
1731,1993,3,4758,0,4758
1731,1993,4,4758,0,4758
1731,1993,5,4758,0,4758
1731,1993,6,4795,11516,-6721
1731,1993,7,4815,3286,1529
1731,1993,8,4822,2646,2176
1731,1993,9,4831,3446,1385
1731,1993,10,4837,3446,1391
1731,1993,11,4826,8886,-4060
1731,1993,12,4823,3646,1177
1731,1994,1,4820,8506,-3686
1731,1994,2,4813,4406,407
1731,1994,3,4817,2646,2171
1731,1994,4,4826,2646,2180
1731,1994,5,4833,5286,-453
1731,1994,6,4833,2646,2187
1731,1994,7,4842,2646,2196
1731,1994,8,4841,6646,-1805
1731,1994,9,4843,2646,2197
1731,1994,10,4853,2646,2207
1731,1994,11,4862,2646,2216
1731,1994,12,4870,3746,1124
1731,1995,1,4854,14286,-9432
1731,1995,2,4836,2646,2190
1731,1995,3,4846,2646,2200
1731,1995,4,4847,6166,-1319
1731,1995,5,4849,2646,2203
1731,1995,6,4836,11296,-6460
1731,1995,7,4831,2646,2185
1731,1995,8,4840,2646,2194
1731,1995,9,4849,2646,2203
1731,1995,10,4856,4886,-30
1731,1995,11,4858,2646,2212
1731,1995,12,4865,3996,869
1731,1996,1,4839,16266,-11427
1731,1996,2,4823,2646,2177
1731,1996,3,4833,2646,2187
1731,1996,4,4839,5846,-1007
1731,1996,5,4837,2646,2191
1731,1996,6,4840,5926,-1086
1731,1996,7,4842,2646,2196
1731,1996,8,4848,5126,-278
1731,1996,9,4846,4726,120
1731,1996,10,4850,2646,2204
1731,1996,11,4859,2646,2213
1731,1996,12,4867,3946,921
1731,1997,1,4853,15446,-10593
1731,1997,2,4824,4966,-142
1731,1997,3,4827,4086,741
1731,1997,4,4829,3366,1463
1731,1997,5,4837,3046,1791
1731,1997,6,4844,2646,2198
1731,1997,7,4853,2646,2207
1731,1997,8,4862,2646,2216
1731,1997,9,4871,2646,2225
1731,1997,10,4881,2646,2235
1731,1997,11,4890,2646,2244
1731,1997,12,4888,10936,-6048
1731,1998,1,4847,13806,-8959
1731,1998,2,4836,2646,2190
1731,1998,3,4846,2646,2200
1731,1998,4,4854,3526,1328
1731,1998,5,4860,2646,2214
1731,1998,6,4857,8346,-3489
1731,1998,7,4851,6566,-1715
1731,1998,8,4844,4486,358
1731,1998,9,4849,2646,2203
1731,1998,10,4858,2646,2212
1731,1998,11,4866,3046,1820
1731,1998,12,4876,2881,1995
1732,1996,2,400,0,400
1732,1996,3,23389,0,23389
1732,1996,4,22274,8400,13874
1732,1996,5,22316,18800,3516
1732,1996,6,33420,22700,10720
1732,1996,7,22372,21015,1357
1732,1996,8,22378,29965,-7587
1732,1996,9,22359,22565,-206
1732,1996,10,22345,29065,-6720
1732,1996,11,22327,22965,-638
1732,1996,12,33424,28265,5159
1732,1997,1,22336,26565,-4229
1732,1997,2,22320,25565,-3245
1732,1997,3,22319,20265,2054
1732,1997,4,22329,19465,2864
1732,1997,5,22334,22565,-231
1732,1997,6,33410,42265,-8855
1732,1997,7,22307,17065,5242
1732,1997,8,22330,16465,5865
1732,1997,9,22357,15665,6692
1732,1997,10,22373,19165,3208
1732,1997,11,22369,24865,-2496
1732,1997,12,33474,23865,9609
1732,1998,1,22388,25865,-3477
1732,1998,2,22428,19965,2463
1732,1998,3,22411,18965,3446
1732,1998,4,22410,23465,-1055
1732,1998,5,22410,22765,-355
1732,1998,6,33507,35465,-1958
1732,1998,7,22441,13965,8476
1732,1998,8,22877,8065,14812
1732,1998,9,22517,13765,8752
1732,1998,10,22546,16065,6481
1732,1998,11,22574,15865,6709
1732,1998,12,33542,72750,-39208
1733,1996,4,900,0,900
1733,1996,5,10700,0,10700
1733,1996,6,53191,0,53191
1733,1996,7,270,18200,-17930
1733,1996,8,270,14500,-14230
1733,1996,9,270,8800,-8530
1733,1996,10,270,6200,-5930
1733,1996,11,270,5500,-5230
1733,1996,12,270,1400,-1130
1733,1997,1,80261,36600,43661
1733,1997,2,230,20700,-20470
1733,1997,3,47634,11015,36619
1733,1997,4,233,29423,-29190
1733,1997,5,172535,168862,3673
1733,1997,6,206,29988,-29782
1733,1997,7,97670,59423,38247
1733,1997,8,38967,42919,-3952
1733,1997,9,84078,61655,22423
1733,1997,10,213,47489,-47276
1733,1997,11,62970,11723,51247
1733,1997,12,41571,46523,-4952
1733,1998,1,43193,49901,-6708
1733,1998,2,29113,35159,-6046
1733,1998,3,184,21923,-21739
1733,1998,4,51268,48423,2845
1733,1998,5,59036,14823,44213
1733,1998,6,12130,53619,-41489
1733,1998,7,9723,24923,-15200
1733,1998,8,11098,16523,-5425
1733,1998,9,66984,45523,21461
1733,1998,10,123,20023,-19900
1733,1998,11,58,14023,-13965
1733,1998,12,17131,5808,11323
1734,1997,4,24780,0,24780
1734,1997,5,25887,0,25887
1734,1997,6,35845,12000,23845
1734,1997,7,24031,21600,2431
1734,1997,8,23997,41566,-17569
1734,1997,9,23965,27386,-3421
1734,1997,10,23930,26586,-2656
1734,1997,11,23945,21346,2599
1734,1997,12,35830,28646,7184
1734,1998,1,23878,51386,-27508
1734,1998,2,23886,13846,10040
1734,1998,3,23934,13246,10688
1734,1998,4,23964,19546,4418
1734,1998,5,23968,26246,-2278
1734,1998,6,35849,32386,3463
1734,1998,7,23976,22746,1230
1734,1998,8,23981,22846,1135
1734,1998,9,23985,23046,939
1734,1998,10,23983,25246,-1263
1734,1998,11,23981,24046,-65
1734,1998,12,35844,28031,7813
1735,1996,12,1100,0,1100
1735,1997,1,14400,0,14400
1735,1997,2,4700,0,4700
1735,1997,3,3800,0,3800
1735,1997,4,0,2400,-2400
1735,1997,5,0,2600,-2600
1735,1997,6,0,2400,-2400
1735,1997,7,800,0,800
1735,1997,8,2,3400,-3398
1735,1997,10,58,2300,-2242
1735,1997,11,58,300,-242
1735,1998,1,1058,0,1058
1735,1998,2,58,2200,-2142
1735,1998,3,0,900,-900
1736,1997,2,900,0,900
1736,1997,3,6075,0,6075
1736,1997,4,6075,0,6075
1736,1997,5,6075,0,6075
1736,1997,6,6075,0,6075
1736,1997,7,6176,6881,-705
1736,1997,8,6198,3681,2517
1736,1997,9,6208,3681,2527
1736,1997,10,6206,3681,2525
1736,1997,11,6229,3681,2548
1736,1997,12,6234,5691,543
1736,1998,1,6212,16481,-10269
1736,1998,2,6199,3681,2518
1736,1998,3,6210,3681,2529
1736,1998,4,6208,3681,2527
1736,1998,5,6231,3681,2550
1736,1998,6,6182,17531,-11349
1736,1998,7,6194,3681,2513
1736,1998,8,6184,7521,-1337
1736,1998,9,6183,6401,-218
1736,1998,10,6177,6321,-144
1736,1998,11,6177,9521,-3344
1736,1998,12,6170,3966,2204
1737,1996,2,600,0,600
1737,1996,3,16493,0,16493
1737,1996,4,12354,3400,8954
1737,1996,5,12370,10500,1870
1737,1996,6,18532,3200,15332
1737,1996,7,12432,12935,-503
1737,1996,8,12415,14627,-2212
1737,1996,9,12410,12867,-457
1737,1996,10,12420,9647,2773
1737,1996,11,12423,12147,276
1737,1996,12,18563,13387,5176
1737,1997,1,12438,14547,-2109
1737,1997,2,12427,14547,-2120
1737,1997,3,12437,9347,3090
1737,1997,4,12441,11847,594
1737,1997,5,12448,10747,1701
1737,1997,6,18589,21687,-3098
1737,1997,7,12442,15407,-2965
1737,1997,8,12413,18287,-5874
1737,1997,9,12397,12647,-250
1737,1997,10,12399,11747,652
1737,1997,11,12396,13547,-1151
1737,1997,12,18539,12787,5752
1737,1998,1,12414,13747,-1333
1737,1998,2,12411,12847,-436
1737,1998,3,12415,11347,1068
1737,1998,4,12405,15447,-3042
1737,1998,5,12407,11347,1060
1737,1998,6,18487,37767,-19280
1737,1998,7,17768,5447,12321
1737,1998,8,12385,16447,-4062
1737,1998,9,12384,8847,3537
1737,1998,10,12394,11827,567
1737,1998,11,12398,11207,1191
1737,1998,12,18544,8152,10392
1738,1996,8,3398,0,3398
1738,1996,9,2999,0,2999
1738,1996,10,2999,0,2999
1738,1996,11,2999,0,2999
1738,1996,12,3033,2343,690
1738,1997,1,3051,3873,-822
1738,1997,2,3051,2013,1038
1738,1997,3,3055,2013,1042
1738,1997,4,3060,2013,1047
1738,1997,5,3054,5513,-2459
1738,1997,6,3048,4313,-1265
1738,1997,7,3047,3363,-316
1738,1997,8,3047,2013,1034
1738,1997,9,3051,2013,1038
1738,1997,10,3054,2943,111
1738,1997,11,3056,2843,213
1738,1997,12,3056,2463,593
1738,1998,1,3055,4533,-1478
1738,1998,2,3053,2813,240
1738,1998,3,3053,4813,-1760
1738,1998,4,3047,2013,1034
1738,1998,5,3051,2813,238
1738,1998,6,3052,2013,1039
1738,1998,7,3057,2013,1044
1738,1998,8,3061,2013,1048
1738,1998,9,3061,7813,-4752
1738,1998,10,3046,2013,1033
1738,1998,11,3049,3013,36
1738,1998,12,3050,1998,1052
1739,1996,7,22101,0,22101
1739,1996,8,23698,0,23698
1739,1996,9,21561,9500,12061
1739,1996,10,21589,17100,4489
1739,1996,11,21597,21015,582
1739,1996,12,32273,27594,4679
1739,1997,1,21543,37394,-15851
1739,1997,2,21520,25894,-4374
1739,1997,3,21533,17394,4139
1739,1997,4,21505,29994,-8489
1739,1997,5,21486,24894,-3408
1739,1997,6,32173,33394,-1221
1739,1997,7,21492,19994,1498
1739,1997,8,21490,20794,696
1739,1997,9,21494,20394,1100
1739,1997,10,21498,33394,-11896
1739,1997,11,21505,18494,3011
1739,1997,12,32197,28794,3403
1739,1998,1,21498,29294,-7796
1739,1998,2,21484,23094,-1610
1739,1998,3,21478,24194,-2716
1739,1998,4,21463,23594,-2131
1739,1998,5,21457,17794,3663
1739,1998,6,32167,26294,5873
1739,1998,7,21494,20294,1200
1739,1998,8,21492,25394,-3902
1739,1998,9,21477,29094,-7617
1739,1998,10,21452,15994,5458
1739,1998,11,21470,21194,276
1739,1998,12,32175,12779,19396
1740,1997,3,600,0,600
1740,1997,4,4070,0,4070
1740,1997,5,4070,0,4070
1740,1997,6,4070,0,4070
1740,1997,7,4070,0,4070
1740,1997,8,4119,6235,-2116
1740,1997,9,4133,6408,-2275
1740,1997,10,4126,2728,1398
1740,1997,11,4132,2728,1404
1740,1997,12,4137,3578,559
1740,1998,1,4125,7328,-3203
1740,1998,2,4127,2728,1399
1740,1998,3,4133,2728,1405
1740,1998,4,4138,2728,1410
1740,1998,5,4130,7808,-3678
1740,1998,6,4129,2728,1401
1740,1998,7,4135,2728,1407
1740,1998,8,4135,4408,-273
1740,1998,9,4139,2728,1411
1740,1998,10,4141,3728,413
1740,1998,11,4139,7288,-3149
1740,1998,12,4130,3863,267
1741,1995,5,1100,0,1100
1741,1995,6,4785,0,4785
1741,1995,7,4785,0,4785
1741,1995,8,4785,0,4785
1741,1995,9,4785,0,4785
1741,1995,10,4855,2381,2474
1741,1995,11,4882,4181,701
1741,1995,12,4883,4891,-8
1741,1996,1,4863,14591,-9728
1741,1996,2,4849,2381,2468
1741,1996,3,4860,2381,2479
1741,1996,4,4860,5821,-961
1741,1996,5,4866,2381,2485
1741,1996,6,4849,11631,-6782
1741,1996,7,4848,2381,2467
1741,1996,8,4858,2381,2477
1741,1996,9,4869,2381,2488
1741,1996,10,4879,2381,2498
1741,1996,11,4886,3901,985
1741,1996,12,4893,2731,2162
1741,1997,1,4886,11281,-6395
1741,1997,2,4876,2381,2495
1741,1997,3,4885,3021,1864
1741,1997,4,4894,2381,2513
1741,1997,5,4905,2381,2524
1741,1997,6,4894,14781,-9887
1741,1997,7,4867,4781,86
1741,1997,8,4874,2381,2493
1741,1997,9,4884,2381,2503
1741,1997,10,4885,5741,-856
1741,1997,11,4891,2381,2510
1741,1997,12,4899,3531,1368
1741,1998,1,4876,14481,-9605
1741,1998,2,4867,2381,2486
1741,1998,3,4867,6061,-1194
1741,1998,4,4864,5421,-557
1741,1998,5,4870,2381,2489
1741,1998,6,4880,3741,1139
1741,1998,7,4885,2381,2504
1741,1998,8,4896,2381,2515
1741,1998,9,4906,2381,2525
1741,1998,10,4917,2381,2536
1741,1998,11,4927,2381,2546
1741,1998,12,4930,6386,-1456
1742,1995,10,800,0,800
1742,1995,11,23800,0,23800
1742,1995,12,35287,18100,17187
1742,1996,1,23597,22000,1597
1742,1996,2,23638,12000,11638
1742,1996,3,23587,45762,-22175
1742,1996,4,23590,14322,9268
1742,1996,5,23651,10742,12909
1742,1996,6,35302,65022,-29720
1742,1996,7,27285,9482,17803
1742,1996,8,23648,9242,14406
1742,1996,9,23684,19742,3942
1742,1996,10,23683,20942,2741
1742,1996,11,23691,21842,1849
1742,1996,12,35435,49822,-14387
1742,1997,1,23654,36122,-12468
1742,1997,2,23648,3842,19806
1742,1997,3,23673,42962,-19289
1742,1997,4,23645,21862,1783
1742,1997,5,23655,21642,2013
1742,1997,6,35398,30962,4436
1742,1997,7,23678,24142,-464
1742,1997,8,23671,28142,-4471
1742,1997,9,23653,25842,-2189
1742,1997,10,23641,28622,-4981
1742,1997,11,23623,20642,2981
1742,1997,12,35374,34142,1232
1742,1998,1,23617,44282,-20665
1742,1998,2,23557,15042,8515
1742,1998,3,23594,26342,-2748
1742,1998,4,23576,20642,2934
1742,1998,5,23571,29662,-6091
1742,1998,6,35311,34602,709
1742,1998,7,23572,19742,3830
1742,1998,8,23571,24242,-671
1742,1998,9,23562,26582,-3020
1742,1998,10,23564,22242,1322
1742,1998,11,23567,22842,725
1742,1998,12,35296,29707,5589
1743,1993,6,5073,0,5073
1743,1993,7,4281,0,4281
1743,1993,8,4281,0,4281
1743,1993,9,4281,0,4281
1743,1993,10,4302,2975,1327
1743,1993,11,4345,2294,2051
1743,1993,12,4350,3494,856
1743,1994,1,4357,4194,163
1743,1994,2,4350,4774,-424
1743,1994,3,4356,2294,2062
1743,1994,4,4365,3494,871
1743,1994,5,4363,4614,-251
1743,1994,6,4358,5574,-1216
1743,1994,7,4362,2294,2068
1743,1994,8,4369,2854,1515
1743,1994,9,4377,2794,1583
1743,1994,10,4384,2794,1590
1743,1994,11,4389,4694,-305
1743,1994,12,4385,4844,-459
1743,1995,1,4381,5754,-1373
1743,1995,2,4380,3014,1366
1743,1995,3,4384,5654,-1270
1743,1995,4,4373,6274,-1901
1743,1995,5,4372,3994,378
1743,1995,6,4373,5254,-881
1743,1995,7,4370,4374,-4
1743,1995,8,4372,2294,2078
1743,1995,9,4377,4794,-417
1743,1995,10,4379,2294,2085
1743,1995,11,4386,2794,1592
1743,1995,12,4390,4494,-104
1743,1996,1,4388,5494,-1106
1743,1996,2,4388,2294,2094
1743,1996,3,4394,3174,1220
1743,1996,4,4402,2494,1908
1743,1996,5,4405,4534,-129
1743,1996,6,4407,3094,1313
1743,1996,7,4405,7694,-3289
1743,1996,8,4392,6554,-2162
1743,1996,9,4386,5294,-908
1743,1996,10,4381,5494,-1113
1743,1996,11,4379,4394,-15
1743,1996,12,4382,3394,988
1743,1997,1,4386,3494,892
1743,1997,2,4391,2294,2097
1743,1997,3,4400,2294,2106
1743,1997,4,4408,2294,2114
1743,1997,5,4415,3734,681
1743,1997,6,4408,6934,-2526
1743,1997,7,4409,2294,2115
1743,1997,8,4418,2294,2124
1743,1997,9,4427,2294,2133
1743,1997,10,4430,4134,296
1743,1997,11,4422,7294,-2872
1743,1997,12,4417,5044,-627
1743,1998,1,4412,5494,-1082
1743,1998,2,4417,2294,2123
1743,1998,3,4420,4614,-194
1743,1998,4,4425,2294,2131
1743,1998,5,4434,2294,2140
1743,1998,6,4435,5734,-1299
1743,1998,7,4437,2294,2143
1743,1998,8,4446,2294,2152
1743,1998,9,4455,3494,961
1743,1998,10,4459,3254,1205
1743,1998,11,4464,2294,2170
1743,1998,12,4468,5959,-1491
1744,1996,2,6267,0,6267
1744,1996,3,5674,0,5674
1744,1996,4,5674,0,5674
1744,1996,5,5674,0,5674
1744,1996,6,5722,15715,-9993
1744,1996,7,5711,3332,2379
1744,1996,8,5721,3332,2389
1744,1996,9,5730,4452,1278
1744,1996,10,5736,3332,2404
1744,1996,11,5741,7252,-1511
1744,1996,12,5739,3782,1957
1744,1997,1,5711,14332,-8621
1744,1997,2,5711,3332,2379
1744,1997,3,5722,3332,2390
1744,1997,4,5732,3332,2400
1744,1997,5,5740,4452,1288
1744,1997,6,5738,5732,6
1744,1997,7,5747,3332,2415
1744,1997,8,5744,7172,-1428
1744,1997,9,5751,3332,2419
1744,1997,10,5761,3332,2429
1744,1997,11,5771,3332,2439
1744,1997,12,5772,6872,-1100
1744,1998,1,5749,17582,-11833
1744,1998,2,5727,3332,2395
1744,1998,3,5735,4772,963
1744,1998,4,5741,3332,2409
1744,1998,5,5751,3332,2419
1744,1998,6,5740,13632,-7892
1744,1998,7,5728,3332,2396
1744,1998,8,5730,6452,-722
1744,1998,9,5735,3332,2403
1744,1998,10,5745,3332,2413
1744,1998,11,5753,4132,1621
1744,1998,12,5750,7377,-1627
1745,1996,10,500,0,500
1745,1996,11,15000,0,15000
1745,1996,12,6800,0,6800
1745,1997,1,25896,8500,17396
1745,1997,2,165,4200,-4035
1745,1997,3,165,4500,-4335
1745,1997,4,20503,13400,7103
1745,1997,5,9168,7500,1668
1745,1997,6,100839,88315,12524
1745,1997,7,36763,22515,14248
1745,1997,8,52317,21215,31102
1745,1997,9,404,29715,-29311
1745,1997,10,35582,25815,9767
1745,1997,11,58399,49415,8984
1745,1997,12,45066,86115,-41049
1745,1998,1,69683,88066,-18383
1745,1998,2,48042,12615,35427
1745,1998,3,27642,11915,15727
1745,1998,4,35473,65415,-29942
1745,1998,5,101754,92915,8839
1745,1998,6,114187,62415,51772
1745,1998,7,24640,37915,-13275
1745,1998,8,27171,28015,-844
1745,1998,9,48286,94415,-46129
1745,1998,10,23274,24115,-841
1745,1998,11,69137,23754,45383
1745,1998,12,382,32200,-31818
1746,1997,3,1100,0,1100
1746,1997,4,19216,800,18416
1746,1997,5,19272,8300,10972
1746,1997,6,28903,16400,12503
1746,1997,7,19342,17800,1542
1746,1997,8,19351,19015,336
1746,1997,9,19364,13715,5649
1746,1997,10,19382,15515,3867
1746,1997,11,19407,13115,6292
1746,1997,12,29020,21415,7605
1746,1998,1,19409,39115,-19706
1746,1998,2,25150,15,25135
1746,1998,3,19478,16315,3163
1746,1998,4,19547,13215,6332
1746,1998,5,19509,18215,1294
1746,1998,6,29106,34615,-5509
1746,1998,7,19542,4215,15327
1746,1998,8,19571,13915,5656
1746,1998,9,19569,20915,-1346
1746,1998,10,19567,20415,-848
1746,1998,11,19574,16915,2659
1746,1998,12,29089,75500,-46411
1747,1997,8,600,0,600
1747,1997,9,2984,0,2984
1747,1997,10,2984,0,2984
1747,1997,11,2984,0,2984
1747,1997,12,2984,0,2984
1747,1998,1,3021,2875,146
1747,1998,2,3039,2004,1035
1747,1998,3,3040,2904,136
1747,1998,4,3041,2934,107
1747,1998,5,3044,2004,1040
1747,1998,6,3046,2904,142
1747,1998,7,3049,2004,1045
1747,1998,8,3054,2004,1050
1747,1998,9,3058,2004,1054
1747,1998,10,3062,2334,728
1747,1998,11,3065,2004,1061
1747,1998,12,3069,1989,1080
1749,1995,10,1000,0,1000
1749,1995,11,45695,12000,33695
1749,1995,12,68633,38500,30133
1749,1996,1,45810,69100,-23290
1749,1996,2,45822,30500,15322
1749,1996,3,45873,40693,5180
1749,1996,4,45826,69454,-23628
1749,1996,5,45812,34885,10927
1749,1996,6,68651,67893,758
1749,1996,7,45833,41893,3940
1749,1996,8,45832,48193,-2361
1749,1996,9,45832,43393,2439
1749,1996,10,45776,66827,-21051
1749,1996,11,45781,35893,9888
1749,1996,12,68551,82593,-14042
1749,1997,1,45748,51793,-6045
1749,1997,2,46819,30225,16594
1749,1997,3,45792,40493,5299
1749,1997,4,45795,47497,-1702
1749,1997,5,45817,41893,3924
1749,1997,6,68769,29493,39276
1749,1997,7,45994,39093,6901
1749,1997,8,45822,113693,-67871
1749,1997,9,48360,9693,38667
1749,1997,10,45939,29993,15946
1749,1997,11,45992,31893,14099
1749,1997,12,68722,92693,-23971
1749,1998,1,45874,74193,-28319
1749,1998,2,45900,14263,31637
1749,1998,3,45895,50785,-4890
1749,1998,4,45930,45051,879
1749,1998,5,45972,47393,-1421
1749,1998,6,68811,67893,918
1749,1998,7,47944,72525,-24581
1749,1998,8,45874,35275,10599
1749,1998,9,45928,35947,9981
1749,1998,10,45935,45283,652
1749,1998,11,45891,49593,-3702
1749,1998,12,68748,59817,8931
1750,1993,1,1100,0,1100
1750,1993,2,24877,2500,22377
1750,1993,3,24971,10100,14871
1750,1993,4,25028,17400,7628
1750,1993,5,25056,22900,2156
1750,1993,6,37546,36243,1303
1750,1993,7,25095,28360,-3265
1750,1993,8,25078,29460,-4382
1750,1993,9,25062,26160,-1098
1750,1993,10,25055,27060,-2005
1750,1993,11,25050,23060,1990
1750,1993,12,37510,33360,4150
1750,1994,1,25029,42560,-17531
1750,1994,2,25008,17060,7948
1750,1994,3,25040,19760,5280
1750,1994,4,25048,24260,788
1750,1994,5,25060,22460,2600
1750,1994,6,37516,34660,2856
1750,1994,7,25073,31260,-6187
1750,1994,8,25049,24760,289
1750,1994,9,25053,22260,2793
1750,1994,10,25061,23860,1201
1750,1994,11,25048,35460,-10412
1750,1994,12,37473,30760,6713
1750,1995,1,25015,36060,-11045
1750,1995,2,25004,23160,1844
1750,1995,3,25019,19560,5459
1750,1995,4,25032,23360,1672
1750,1995,5,25040,24760,280
1750,1995,6,37451,38560,-1109
1750,1995,7,25040,20460,4580
1750,1995,8,25052,22660,2392
1750,1995,9,25050,28160,-3110
1750,1995,10,25050,21560,3490
1750,1995,11,25057,23960,1097
1750,1995,12,37511,31060,6451
1750,1996,1,25051,37660,-12609
1750,1996,2,27078,11460,15618
1750,1996,3,25087,29660,-4573
1750,1996,4,25101,16160,8941
1750,1996,5,25141,14660,10481
1750,1996,6,37622,36460,1162
1750,1996,7,25167,22660,2507
1750,1996,8,25164,25760,-596
1750,1996,9,25176,21060,4116
1750,1996,10,25188,22660,2528
1750,1996,11,25189,26860,-1671
1750,1996,12,37649,27160,10489
1750,1997,1,25183,40360,-15177
1750,1997,2,25181,19060,6121
1750,1997,3,25193,22260,2933
1750,1997,4,25218,19660,5558
1750,1997,5,25234,21860,3374
1750,1997,6,37657,40660,-3003
1750,1997,7,25241,20060,5181
1750,1997,8,25243,27260,-2017
1750,1997,9,25259,18260,6999
1750,1997,10,25273,23160,2113
1750,1997,11,25270,24760,510
1750,1997,12,48957,89960,-41003
1750,1998,1,30106,28260,1846
1750,1998,2,25161,9560,15601
1750,1998,3,25215,18960,6255
1750,1998,4,25252,21460,3792
1750,1998,5,25266,22560,2706
1750,1998,6,55427,74160,-18733
1750,1998,7,25903,9560,16343
1750,1998,8,25259,16160,9099
1750,1998,9,50841,74460,-23619
1750,1998,10,26110,9560,16550
1750,1998,11,25274,14760,10514
1750,1998,12,37668,51045,-13377
1751,1996,10,4337,0,4337
1751,1996,11,13448,0,13448
1751,1996,12,8095,0,8095
1751,1997,1,6603,11415,-4812
1751,1997,2,8803,15,8788
1751,1997,3,4836,15,4821
1751,1997,4,1741,3315,-1574
1751,1997,5,1736,2615,-879
1751,1997,6,26758,9915,16843
1751,1997,7,1790,12765,-10975
1751,1997,8,1775,4815,-3040
1751,1997,9,1744,7965,-6221
1751,1997,10,1718,6415,-4697
1751,1997,11,29649,16915,12734
1751,1997,12,1750,8215,-6465
1751,1998,1,2514,6115,-3601
1751,1998,2,6401,5665,736
1751,1998,3,3316,15,3301
1751,1998,4,1930,1065,865
1751,1998,5,1732,1715,17
1751,1998,6,16889,19515,-2626
1751,1998,7,1722,215,1507
1751,1998,8,1723,4865,-3142
1751,1998,9,4018,465,3553
1751,1998,10,10653,15,10638
1751,1998,11,1769,4915,-3146
1751,1998,12,1758,2500,-742
1752,1996,5,18246,0,18246
1752,1996,6,29999,0,29999
1752,1996,7,17308,14800,2508
1752,1996,8,17321,13900,3421
1752,1996,9,17339,12415,4924
1752,1996,10,17353,15315,2038
1752,1996,11,17357,16815,542
1752,1996,12,25912,16975,8937
1752,1997,1,17350,31475,-14125
1752,1997,2,17354,9515,7839
1752,1997,3,17371,16515,856
1752,1997,4,17380,14515,2865
1752,1997,5,17378,20315,-2937
1752,1997,6,25875,27315,-1440
1752,1997,7,17361,19515,-2154
1752,1997,8,17318,44195,-26877
1752,1997,9,17272,17735,-463
1752,1997,10,17281,13315,3966
1752,1997,11,17261,13515,3746
1752,1997,12,25863,22035,3828
1752,1998,1,17309,19915,-2606
1752,1998,2,17302,19055,-1753
1752,1998,3,17274,15415,1859
1752,1998,4,17313,14715,2598
1752,1998,5,17294,12515,4779
1752,1998,6,25859,36935,-11076
1752,1998,7,17283,12315,4968
1752,1998,8,17289,13915,3374
1752,1998,9,17301,16415,886
1752,1998,10,17302,18415,-1113
1752,1998,11,17300,16115,1185
1752,1998,12,25906,4640,21266
1753,1997,6,900,0,900
1753,1997,7,13000,0,13000
1753,1997,8,9900,0,9900
1753,1997,9,54603,5400,49203
1753,1997,10,303,21700,-21397
1753,1997,11,303,7000,-6697
1753,1997,12,303,5300,-4997
1753,1998,1,46696,25500,21196
1753,1998,2,254,14000,-13746
1753,1998,3,254,300,-46
1753,1998,4,254,1600,-1346
1753,1998,5,1054,0,1054
1753,1998,6,4754,0,4754
1753,1998,7,40376,0,40376
1753,1998,8,383,21600,-21217
1753,1998,9,383,10000,-9617
1753,1998,10,383,3800,-3417
1753,1998,11,383,4900,-4517
1753,1998,12,0,4500,-4500
1754,1996,12,71284,20400,50884
1754,1997,1,40839,32800,8039
1754,1997,3,109239,109915,-676
1754,1997,4,45116,41049,4067
1754,1997,5,26548,44615,-18067
1754,1997,6,74027,54215,19812
1754,1997,7,121998,125115,-3117
1754,1997,8,129993,116115,13878
1754,1997,9,72564,75515,-2951
1754,1997,10,33616,54435,-20819
1754,1997,11,47200,30215,16985
1754,1997,12,72488,64815,7673
1754,1998,1,5100,44715,-39615
1754,1998,2,44071,21315,22756
1754,1998,3,77726,64565,13161
1754,1998,4,42551,15115,27436
1754,1998,5,409,28215,-27806
1754,1998,6,1837,30571,-28734
1754,1998,7,15416,17415,-1999
1754,1998,8,66644,40815,25829
1754,1998,9,7444,8715,-1271
1754,1998,10,44733,32815,11918
1754,1998,11,8466,15015,-6549
1754,1998,12,43920,55632,-11712
1756,1995,10,900,0,900
1756,1995,11,23011,0,23011
1756,1995,12,27699,13100,14599
1756,1996,1,18554,16000,2554
1756,1996,2,18561,19100,-539
1756,1996,3,18561,16515,2046
1756,1996,4,18587,23322,-4735
1756,1996,5,18576,12222,6354
1756,1996,6,27781,33622,-5841
1756,1996,7,18576,13022,5554
1756,1996,8,18594,15822,2772
1756,1996,9,18608,13322,5286
1756,1996,10,18623,18122,501
1756,1996,11,18620,19922,-1302
1756,1996,12,27818,26722,1096
1756,1997,1,18614,24422,-5808
1756,1997,2,18600,15822,2778
1756,1997,3,18614,14022,4592
1756,1997,4,18638,12022,6616
1756,1997,5,18650,20322,-1672
1756,1997,6,27854,29622,-1768
1756,1997,7,18636,19122,-486
1756,1997,8,18632,19422,-790
1756,1997,9,18628,19122,-494
1756,1997,10,18615,26022,-7407
1756,1997,11,18588,21322,-2734
1756,1997,12,27793,23422,4371
1756,1998,1,18592,20122,-1530
1756,1998,2,18598,14122,4476
1756,1998,3,18619,16122,2497
1756,1998,4,18616,19422,-806
1756,1998,5,18630,13722,4908
1756,1998,6,27834,29022,-1188
1756,1998,7,18639,15922,2717
1756,1998,8,18674,20822,-2148
1756,1998,9,18660,8022,10638
1756,1998,10,18683,15322,3361
1756,1998,11,18684,18422,262
1756,1998,12,27905,21007,6898
1757,1995,3,200,0,200
1757,1995,4,44127,7300,36827
1757,1995,5,44268,28400,15868
1757,1995,6,66433,69300,-2867
1757,1995,7,44317,35100,9217
1757,1995,8,44349,46615,-2266
1757,1995,9,44346,37115,7231
1757,1995,10,44445,60515,-16070
1757,1995,11,44371,36215,8156
1757,1995,12,66378,92215,-25837
1757,1996,1,44288,50015,-5727
1757,1996,2,44232,30715,13517
1757,1996,3,44278,31815,12463
1757,1996,4,44329,33215,11114
1757,1996,5,44369,37515,6854
1757,1996,6,66463,72415,-5952
1757,1996,7,44297,68015,-23718
1757,1996,8,44331,28015,16316
1757,1996,9,44342,40615,3727
1757,1996,10,44339,50315,-5976
1757,1996,11,44341,48500,-4159
1757,1996,12,66413,64615,1798
1757,1997,1,44299,66715,-22416
1757,1997,2,44259,25715,18544
1757,1997,3,44316,34615,9701
1757,1997,4,44345,44915,-570
1757,1997,5,44386,34615,9771
1757,1997,6,66366,105315,-38949
1757,1997,7,44261,31815,12446
1757,1997,8,44325,27915,16410
1757,1997,9,44361,33215,11146
1757,1997,10,44320,70870,-26550
1757,1997,11,44323,28644,15679
1757,1997,12,66378,74054,-7676
1757,1998,1,44268,67996,-23728
1757,1998,2,44226,42242,1984
1757,1998,3,44277,20215,24062
1757,1998,4,44299,57875,-13576
1757,1998,5,44322,20715,23607
1757,1998,6,66387,74115,-7728
1757,1998,7,44292,59318,-15026
1757,1998,8,44321,38476,5845
1757,1998,9,44387,10615,33772
1757,1998,10,44474,27803,16671
1757,1998,11,44478,56427,-11949
1757,1998,12,66447,103764,-37317
1758,1996,7,700,0,700
1758,1996,8,26349,0,26349
1758,1996,9,22533,3800,18733
1758,1996,10,22591,9800,12791
1758,1996,11,22622,16300,6322
1758,1996,12,33823,30399,3424
1758,1997,1,22470,73871,-51401
1758,1997,2,32110,9754,22356
1758,1997,3,23537,19549,3988
1758,1997,4,22551,19922,2629
1758,1997,5,22558,23217,-659
1758,1997,6,33734,32254,1480
1758,1997,7,22556,23054,-498
1758,1997,8,22569,17454,5115
1758,1997,9,22611,11954,10657
1758,1997,10,22627,27312,-4685
1758,1997,11,22643,18654,3989
1758,1997,12,33869,31322,2547
1758,1998,1,43839,61054,-17215
1758,1998,2,41700,44641,-2941
1758,1998,3,28389,9754,18635
1758,1998,4,24265,9754,14511
1758,1998,5,22695,23292,-597
1758,1998,6,59117,108551,-49434
1758,1998,7,40720,17465,23255
1758,1998,8,29781,22354,7427
1758,1998,9,24526,19054,5472
1758,1998,10,22918,23814,-896
1758,1998,11,22650,17454,5196
1758,1998,12,33888,17839,16049
1759,1996,1,300,0,300
1759,1996,2,14701,0,14701
1759,1996,3,10059,1200,8859
1759,1996,4,10089,8300,1789
1759,1996,5,10093,11500,-1407
1759,1996,6,15085,14775,310
1759,1996,7,10092,15097,-5005
1759,1996,8,10078,8997,1081
1759,1996,9,10075,14837,-4762
1759,1996,10,10061,13177,-3116
1759,1996,11,10051,8237,1814
1759,1996,12,15065,9437,5628
1759,1997,1,11858,19457,-7599
1759,1997,2,10053,5937,4116
1759,1997,3,10060,13437,-3377
1759,1997,4,10048,11137,-1089
1759,1997,5,10046,9437,609
1759,1997,6,15040,16837,-1797
1759,1997,7,10051,3737,6314
1759,1997,8,10054,14437,-4383
1759,1997,9,10042,11737,-1695
1759,1997,10,10052,3737,6315
1759,1997,11,10078,3737,6341
1759,1997,12,15068,23437,-8369
1759,1998,1,10052,11177,-1125
1759,1998,2,10064,3737,6327
1759,1998,3,10091,3737,6354
1759,1998,4,10069,24537,-14468
1759,1998,5,10055,5177,4878
1759,1998,6,15074,9377,5697
1759,1998,7,10093,6017,4076
1759,1998,8,10119,3737,6382
1759,1998,9,10145,3737,6408
1759,1998,10,10171,5537,4634
1759,1998,11,10191,3737,6454
1759,1998,12,15226,3722,11504
1760,1995,11,600,0,600
1760,1995,12,4871,0,4871
1760,1996,1,4871,0,4871
1760,1996,2,4871,0,4871
1760,1996,3,4871,0,4871
1760,1996,4,4950,1724,3226
1760,1996,5,4979,2124,2855
1760,1996,6,4966,10514,-5548
1760,1996,7,4967,2364,2603
1760,1996,8,4980,1724,3256
1760,1996,9,4993,1724,3269
1760,1996,10,5006,2604,2402
1760,1996,11,5013,4684,329
1760,1996,12,5018,1974,3044
1760,1997,1,5010,11594,-6584
1760,1997,2,5003,1724,3279
1760,1997,3,5010,4524,486
1760,1997,4,5016,2924,2092
1760,1997,5,5028,1724,3304
1760,1997,6,5041,3324,1717
1760,1997,7,5049,1724,3325
1760,1997,8,5045,6764,-1719
1760,1997,9,5050,5564,-514
1760,1997,10,5053,1724,3329
1760,1997,11,5067,1724,3343
1760,1997,12,5079,2324,2755
1760,1998,1,5063,14604,-9541
1760,1998,2,5052,1724,3328
1760,1998,3,5059,3804,1255
1760,1998,4,5066,3524,1542
1760,1998,5,5078,1724,3354
1760,1998,6,5086,15024,-9938
1760,1998,7,5050,1724,3326
1760,1998,8,5052,5524,-472
1760,1998,9,5061,1724,3337
1760,1998,10,5068,4924,144
1760,1998,11,5076,1724,3352
1760,1998,12,5087,3309,1778
1761,1993,8,700,0,700
1761,1993,9,15742,0,15742
1761,1993,10,10201,3300,6901
1761,1993,11,10228,4300,5928
1761,1993,12,15316,8800,6516
1761,1994,1,15141,32184,-17043
1761,1994,2,14005,13964,41
1761,1994,3,10713,9216,1497
1761,1994,4,10219,7964,2255
1761,1994,5,10227,8864,1363
1761,1994,6,21173,23170,-1997
1761,1994,7,10628,6764,3864
1761,1994,8,10236,10664,-428
1761,1994,9,10224,13531,-3307
1761,1994,10,10226,7364,2862
1761,1994,11,10236,8564,1672
1761,1994,12,15301,18764,-3463
1761,1995,1,10217,13864,-3647
1761,1995,2,10216,6764,3452
1761,1995,3,10224,10364,-140
1761,1995,4,11533,6764,4769
1761,1995,5,10240,11564,-1324
1761,1995,6,15311,11664,3647
1761,1995,7,10251,10564,-313
1761,1995,8,10252,9364,888
1761,1995,9,10445,19364,-8919
1761,1995,10,13842,9764,4078
1761,1995,11,10242,6764,3478
1761,1995,12,15326,9464,5862
1761,1996,1,18507,36444,-17937
1761,1996,2,10607,6764,3843
1761,1996,3,11024,6764,4260
1761,1996,4,10231,9864,367
1761,1996,5,10941,9065,1876
1761,1996,6,15309,16502,-1193
1761,1996,7,12552,6764,5788
1761,1996,8,10265,8464,1801
1761,1996,9,10268,10364,-96
1761,1996,10,11456,15164,-3708
1761,1996,11,10235,16064,-5829
1761,1996,12,15308,11942,3366
1761,1997,1,14407,25364,-10957
1761,1997,2,22852,6764,16088
1761,1997,3,10447,21530,-11083
1761,1997,4,19462,6764,12698
1761,1997,5,12089,6764,5325
1761,1997,6,16715,36164,-19449
1761,1997,7,21747,20264,1483
1761,1997,8,16752,6764,9988
1761,1997,9,11949,20264,-8315
1761,1997,10,14625,15982,-1357
1761,1997,11,17656,6764,10892
1761,1997,12,27041,27897,-856
1761,1998,1,16038,19064,-3026
1761,1998,2,10208,22333,-12125
1761,1998,3,21139,6764,14375
1761,1998,4,19533,17473,2060
1761,1998,5,13561,12363,1198
1761,1998,6,15352,11464,3888
1761,1998,7,10290,14364,-4074
1761,1998,8,19525,27887,-8362
1761,1998,9,12536,15500,-2964
1761,1998,10,18133,6764,11369
1761,1998,11,11343,18013,-6670
1761,1998,12,15324,6749,8575
1762,1993,12,600,0,600
1762,1994,1,30195,0,30195
1762,1994,2,19083,1300,17783
1762,1994,3,19097,23600,-4503
1762,1994,4,19120,8500,10620
1762,1994,5,19139,22815,-3676
1762,1994,6,28566,51452,-22886
1762,1994,7,21843,16372,5471
1762,1994,8,22273,15752,6521
1762,1994,9,19071,16492,2579
1762,1994,10,19083,17492,1591
1762,1994,11,19095,18332,763
1762,1994,12,28561,22752,5809
1762,1995,1,19042,53172,-34130
1762,1995,2,23724,6192,17532
1762,1995,3,19056,20152,-1096
1762,1995,4,20373,12292,8081
1762,1995,5,19066,22065,-2999
1762,1995,6,28462,49545,-21083
1762,1995,7,28727,13085,15642
1762,1995,8,21566,13085,8481
1762,1995,9,19075,22685,-3610
1762,1995,10,19054,19185,-131
1762,1995,11,19061,17185,1876
1762,1995,12,28544,30105,-1561
1762,1996,1,19061,26685,-7624
1762,1996,2,19029,24245,-5216
1762,1996,3,19022,18485,537
1762,1996,4,19008,22605,-3597
1762,1996,5,19006,18525,481
1762,1996,6,28489,21785,6704
1762,1996,7,19035,24185,-5150
1762,1996,8,19014,19485,-471
1762,1996,9,19012,19285,-273
1762,1996,10,19009,21185,-2176
1762,1996,11,19000,19885,-885
1762,1996,12,28468,28885,-417
1762,1997,1,18993,16085,2908
1762,1997,2,19006,18585,421
1762,1997,3,19010,17485,1525
1762,1997,4,19008,21365,-2357
1762,1997,5,19006,16485,2521
1762,1997,6,28489,22785,5704
1762,1997,7,19038,20245,-1207
1762,1997,8,19027,21485,-2458
1762,1997,9,19013,23685,-4672
1762,1997,10,19009,13085,5924
1762,1997,11,19013,26185,-7172
1762,1997,12,28460,27785,675
1762,1998,1,18999,17285,1714
1762,1998,2,19012,13085,5927
1762,1998,3,19016,25145,-6129
1762,1998,4,19001,18885,116
1762,1998,5,18996,21692,-2696
1762,1998,6,28459,23592,4867
1762,1998,7,19022,13432,5590
1762,1998,8,19018,28892,-9874
1762,1998,9,19020,6192,12828
1762,1998,10,19046,15292,3754
1762,1998,11,19078,12492,6586
1762,1998,12,28511,43477,-14966
1763,1996,3,23454,0,23454
1763,1996,4,25858,0,25858
1763,1996,5,23014,14100,8914
1763,1996,6,34468,17100,17368
1763,1996,7,23090,26415,-3325
1763,1996,8,23051,30900,-7849
1763,1996,9,23035,29240,-6205
1763,1996,10,23022,21900,1122
1763,1996,11,23008,24340,-1332
1763,1996,12,34442,44980,-10538
1763,1997,1,22980,29700,-6720
1763,1997,2,22997,10900,12097
1763,1997,3,23019,29200,-6181
1763,1997,4,23029,28220,-5191
1763,1997,5,22999,21300,1699
1763,1997,6,34363,44500,-10137
1763,1997,7,22963,19400,3563
1763,1997,8,22975,21800,1175
1763,1997,9,22976,25800,-2824
1763,1997,10,22963,27240,-4277
1763,1997,11,22948,20400,2548
1763,1997,12,34373,25700,8673
1763,1998,1,22954,38680,-15726
1763,1998,2,22923,16040,6883
1763,1998,3,22956,18600,4356
1763,1998,4,22974,19600,3374
1763,1998,5,22984,23500,-516
1763,1998,6,34403,26700,7703
1763,1998,7,23003,28440,-5437
1763,1998,8,22982,24860,-1878
1763,1998,9,22962,26540,-3578
1763,1998,10,22961,23900,-939
1763,1998,11,22960,20600,2360
1763,1998,12,34411,9285,25126
1764,1997,9,12488,0,12488
1764,1997,10,20165,0,20165
1764,1997,11,11702,5900,5802
1764,1997,12,17516,6800,10716
1764,1998,1,11704,35885,-24181
1764,1998,2,11661,9185,2476
1764,1998,3,11783,5285,6498
1764,1998,4,11724,5785,5939
1764,1998,5,11746,6785,4961
1764,1998,6,17503,19085,-1582
1764,1998,7,12226,13785,-1559
1764,1998,8,11757,5785,5972
1764,1998,9,11765,13185,-1420
1764,1998,10,11759,9585,2174
1764,1998,11,11767,11485,282
1764,1998,12,17561,6370,11191
1765,1996,7,400,0,400
1765,1996,8,5242,0,5242
1765,1996,9,5242,0,5242
1765,1996,10,5242,0,5242
1765,1996,11,5279,900,4379
1765,1996,12,5329,6126,-797
1765,1997,1,5303,12826,-7523
1765,1997,2,5301,2026,3275
1765,1997,3,5316,2026,3290
1765,1997,4,5321,6226,-905
1765,1997,5,5314,7606,-2292
1765,1997,6,5304,7626,-2322
1765,1997,7,5306,2026,3280
1765,1997,8,5315,4226,1089
1765,1997,9,5318,4726,592
1765,1997,10,5314,7326,-2012
1765,1997,11,5305,7666,-2361
1765,1997,12,5296,7526,-2230
1765,1998,1,5292,5066,226
1765,1998,2,5295,4026,1269
1765,1998,3,5306,2026,3280
1765,1998,4,5319,2026,3293
1765,1998,5,5313,8826,-3513
1765,1998,6,5311,7326,-2015
1765,1998,7,5310,2026,3284
1765,1998,8,5322,2726,2596
1765,1998,9,5316,9026,-3710
1765,1998,10,5316,3966,1350
1765,1998,11,5315,5466,-151
1765,1998,12,5323,2861,2462
1766,1994,9,20158,0,20158
1766,1994,10,21146,0,21146
1766,1994,11,19807,8900,10907
1766,1994,12,29672,12500,17172
1766,1995,1,19866,50595,-30729
1766,1995,2,19793,7150,12643
1766,1995,3,19796,26130,-6334
1766,1995,4,19795,15350,4445
1766,1995,5,19796,28750,-8954
1766,1995,6,29625,27170,2455
1766,1995,7,19810,22550,-2740
1766,1995,8,19797,20950,-1153
1766,1995,9,19784,21250,-1466
1766,1995,10,19782,18630,1152
1766,1995,11,19789,18750,1039
1766,1995,12,29605,28690,915
1766,1996,1,19732,35330,-15598
1766,1996,2,19732,14650,5082
1766,1996,3,19750,20150,-400
1766,1996,4,19749,16950,2799
1766,1996,5,19751,23050,-3299
1766,1996,6,29558,25650,3908
1766,1996,7,19752,29591,-9839
1766,1996,8,19719,17251,2468
1766,1996,9,19725,19451,274
1766,1996,10,19720,27691,-7971
1766,1996,11,19695,16551,3144
1766,1996,12,29525,23651,5874
1766,1997,1,19704,27551,-7847
1766,1997,2,19698,15251,4447
1766,1997,3,19709,21851,-2142
1766,1997,4,19703,18951,752
1766,1997,5,19709,17351,2358
1766,1997,6,29506,32171,-2665
1766,1997,7,19705,17851,1854
1766,1997,8,19696,26671,-6975
1766,1997,9,19689,13251,6438
1766,1997,10,19711,15751,3960
1766,1997,11,19722,17651,2071
1766,1997,12,29532,29551,-19
1766,1998,1,19702,31231,-11529
1766,1998,2,19693,12051,7642
1766,1998,3,19711,19751,-40
1766,1998,4,19704,22151,-2447
1766,1998,5,19698,20151,-453
1766,1998,6,29494,29671,-177
1766,1998,7,19695,24891,-5196
1766,1998,8,19701,15851,3850
1766,1998,9,22024,7351,14673
1766,1998,10,19745,19631,114
1766,1998,11,19753,16551,3202
1766,1998,12,29582,22836,6746
1767,1993,10,1100,0,1100
1767,1993,11,21022,0,21022
1767,1993,12,29046,14100,14946
1767,1994,1,19442,17700,1742
1767,1994,2,19449,17900,1549
1767,1994,3,19469,22144,-2675
1767,1994,4,19460,20244,-784
1767,1994,5,19464,16044,3420
1767,1994,6,29117,49204,-20087
1767,1994,7,19403,11244,8159
1767,1994,8,19433,12944,6489
1767,1994,9,19447,17944,1503
1767,1994,10,19454,17544,1910
1767,1994,11,19455,21704,-2249
1767,1994,12,29108,26564,2544
1767,1995,1,19434,26064,-6630
1767,1995,2,19435,16144,3291
1767,1995,3,19450,18844,606
1767,1995,4,19454,15444,4010
1767,1995,5,19460,19444,16
1767,1995,6,29127,22644,6483
1767,1995,7,19477,24244,-4767
1767,1995,8,19456,21844,-2388
1767,1995,9,19433,26944,-7511
1767,1995,10,19429,16344,3085
1767,1995,11,19422,26584,-7162
1767,1995,12,29087,19484,9603
1767,1996,1,19441,20904,-1463
1767,1996,2,19436,19444,-8
1767,1996,3,19437,18744,693
1767,1996,4,19435,20544,-1109
1767,1996,5,19427,21444,-2017
1767,1996,6,29102,21644,7458
1767,1996,7,19437,27144,-7707
1767,1996,8,19470,6544,12926
1767,1996,9,19511,10144,9367
1767,1996,10,19543,12144,7399
1767,1996,11,19568,13844,5724
1767,1996,12,29257,18104,11153
1767,1997,1,19572,30664,-11092
1767,1997,2,19579,17644,1935
1767,1997,3,19580,19444,136
1767,1997,4,19574,21444,-1870
1767,1997,5,19552,25344,-5792
1767,1997,6,29070,65844,-36774
1767,1997,7,21151,11944,9207
1767,1997,8,19462,19784,-322
1767,1997,9,19471,16444,3027
1767,1997,10,19482,16784,2698
1767,1997,11,19494,14244,5250
1767,1997,12,29187,26224,2963
1767,1998,1,19519,24984,-5465
1767,1998,2,19499,20404,-905
1767,1998,3,19492,22204,-2712
1767,1998,4,19487,17144,2343
1767,1998,5,19494,20044,-550
1767,1998,6,29667,45484,-15817
1767,1998,7,19432,9344,10088
1767,1998,8,19468,14844,4624
1767,1998,9,19481,18844,637
1767,1998,10,19490,12744,6746
1767,1998,11,19512,17844,1668
1767,1998,12,29177,30749,-1572
1768,1993,12,1100,0,1100
1768,1994,1,17180,0,17180
1768,1994,2,11535,5000,6535
1768,1994,3,11560,5800,5760
1768,1994,4,11583,6600,4983
1768,1994,5,11595,12555,-960
1768,1994,6,17304,22995,-5691
1768,1994,7,11585,6335,5250
1768,1994,8,11594,12035,-441
1768,1994,9,11592,9815,1777
1768,1994,10,11604,7615,3989
1768,1994,11,11613,13195,-1582
1768,1994,12,17333,17895,-562
1768,1995,1,11587,34895,-23308
1768,1995,2,15543,615,14928
1768,1995,3,11581,6215,5366
1768,1995,4,11601,7315,4286
1768,1995,5,11613,9815,1798
1768,1995,6,17298,43315,-26017
1768,1995,7,16650,15,16635
1768,1995,8,11595,10055,1540
1768,1995,9,11601,5115,6486
1768,1995,10,11620,8215,3405
1768,1995,11,11629,9815,1814
1768,1995,12,17352,20915,-3563
1768,1996,1,11577,29855,-18278
1768,1996,2,11778,15,11763
1768,1996,3,11610,4915,6695
1768,1996,4,11628,8115,3513
1768,1996,5,11631,11715,-84
1768,1996,6,17298,35055,-17757
1768,1996,7,11593,915,10678
1768,1996,8,11625,4815,6810
1768,1996,9,11670,10615,1055
1768,1996,10,11641,9615,2026
1768,1996,11,11657,11515,142
1768,1996,12,17404,7435,9969
1768,1997,1,11647,25715,-14068
1768,1997,2,11648,9195,2453
1768,1997,3,11665,3715,7950
1768,1997,4,11682,8115,3567
1768,1997,5,11683,15475,-3792
1768,1997,6,17382,42655,-25273
1768,1997,7,13612,15,13597
1768,1997,8,11650,10315,1335
1768,1997,9,11625,10515,1110
1768,1997,10,11656,11055,601
1768,1997,11,11632,9515,2117
1768,1997,12,17373,13695,3678
1768,1998,1,17160,31375,-14215
1768,1998,2,11599,2515,9084
1768,1998,3,11634,10915,719
1768,1998,4,11637,11215,422
1768,1998,5,11640,9115,2525
1768,1998,6,17398,20795,-3397
1768,1998,7,11638,6615,5023
1768,1998,8,11674,12075,-401
1768,1998,9,11652,13915,-2263
1768,1998,10,11659,9315,2344
1768,1998,11,11654,10915,739
1768,1998,12,17381,16920,461
1769,1995,1,200,0,200
1769,1995,2,14478,0,14478
1769,1995,3,5633,0,5633
1769,1995,4,5053,2900,2153
1769,1995,5,5061,4000,1061
1769,1995,6,13223,22255,-9032
1769,1995,7,5032,515,4517
1769,1995,8,5052,115,4937
1769,1995,9,5076,4315,761
1769,1995,10,5073,2515,2558
1769,1995,11,5081,4515,566
1769,1995,12,7568,8215,-647
1769,1996,1,10667,11855,-1188
1769,1996,2,5075,6395,-1320
1769,1996,3,5178,15,5163
1769,1996,4,5097,1715,3382
1769,1996,5,5110,4275,835
1769,1996,6,11357,20655,-9298
1769,1996,7,7587,2775,4812
1769,1996,8,5094,3015,2079
1769,1996,9,5105,2115,2990
1769,1996,10,5107,7555,-2448
1769,1996,11,5100,5215,-115
1769,1996,12,7591,4995,2596
1769,1997,1,5093,12255,-7162
1769,1997,2,5076,7555,-2479
1769,1997,3,5080,1115,3965
1769,1997,4,5091,3415,1676
1769,1997,5,5089,7215,-2126
1769,1997,6,7538,17795,-10257
1769,1997,7,5037,9115,-4078
1769,1997,8,5036,1015,4021
1769,1997,9,5038,6615,-1577
1769,1997,10,5032,6435,-1403
1769,1997,11,5024,6815,-1791
1769,1997,12,7515,4815,2700
1769,1998,1,5025,9815,-4790
1769,1998,2,5028,4015,1013
1769,1998,3,5015,6635,-1620
1769,1998,4,5024,615,4409
1769,1998,5,5035,8595,-3560
1769,1998,6,7496,11915,-4419
1769,1998,7,4993,6215,-1222
1769,1998,8,9019,15,9004
1769,1998,9,5037,2315,2722
1769,1998,10,5046,2915,2131
1769,1998,11,5043,6615,-1572
1769,1998,12,7531,7340,191
1770,1994,2,22079,0,22079
1770,1994,3,21145,8700,12445
1770,1994,4,21206,5400,15806
1770,1994,5,21247,14200,7047
1770,1994,6,31794,22115,9679
1770,1994,7,21270,27366,-6096
1770,1994,8,21268,19366,1902
1770,1994,9,21252,26166,-4914
1770,1994,10,21260,17466,3794
1770,1994,11,21260,21066,194
1770,1994,12,31804,22466,9338
1770,1995,1,21237,47766,-26529
1770,1995,2,21211,14566,6645
1770,1995,3,21242,16166,5076
1770,1995,4,21251,17266,3985
1770,1995,5,21255,20966,289
1770,1995,6,31754,42066,-10312
1770,1995,7,21236,14566,6670
1770,1995,8,21255,17066,4189
1770,1995,9,21261,24466,-3205
1770,1995,10,21251,29466,-8215
1770,1995,11,21272,18966,2306
1770,1995,12,31805,25666,6139
1770,1996,1,21265,33066,-11801
1770,1996,2,21233,18566,2667
1770,1996,3,21254,17766,3488
1770,1996,4,21267,20966,301
1770,1996,5,21270,15466,5804
1770,1996,6,31809,38966,-7157
1770,1996,7,21250,19066,2184
1770,1996,8,21257,14266,6991
1770,1996,9,21296,19966,1330
1770,1996,10,21291,19066,2225
1770,1996,11,21308,20966,342
1770,1996,12,31832,28366,3466
1770,1997,1,21296,31766,-10470
1770,1997,2,21282,16966,4316
1770,1997,3,21302,15966,5336
1770,1997,4,21314,24466,-3152
1770,1997,5,21294,26966,-5672
1770,1997,6,31748,31366,382
1770,1997,7,21287,15966,5321
1770,1997,8,21299,21866,-567
1770,1997,9,21295,22966,-1671
1770,1997,10,21292,18866,2426
1770,1997,11,21298,20766,532
1770,1997,12,31828,26666,5162
1770,1998,1,21292,33566,-12274
1770,1998,2,21268,20366,902
1770,1998,3,21261,28266,-7005
1770,1998,4,21238,23266,-2028
1770,1998,5,21234,20666,568
1770,1998,6,31736,37966,-6230
1770,1998,7,21199,25066,-3867
1770,1998,8,21180,29066,-7886
1770,1998,9,21165,16366,4799
1770,1998,10,21181,18066,3115
1770,1998,11,21185,16566,4619
1770,1998,12,31727,26151,5576
1771,1993,3,500,0,500
1771,1993,4,13987,0,13987
1771,1993,5,7344,0,7344
1771,1993,6,6961,3200,3761
1771,1993,7,4687,2100,2587
1771,1993,8,4688,18167,-13479
1771,1993,9,9642,6667,2975
1771,1993,10,7666,3067,4599
1771,1993,11,4674,4967,-293
1771,1993,12,7269,5467,1802
1771,1994,1,5869,12467,-6598
1771,1994,2,7959,3067,4892
1771,1994,3,5179,6467,-1288
1771,1994,4,6272,3067,3205
1771,1994,5,4685,5367,-682
1771,1994,6,11377,10867,510
1771,1994,7,5584,3067,2517
1771,1994,8,5092,3567,1525
1771,1994,9,4694,7567,-2873
1771,1994,10,4689,3967,722
1771,1994,11,4690,4567,123
1771,1994,12,10886,6567,4319
1771,1995,1,4685,21967,-17282
1771,1995,2,12450,7967,4483
1771,1995,3,6859,3067,3792
1771,1995,4,7178,6567,611
1771,1995,5,7987,3067,4920
1771,1995,6,6972,18367,-11395
1771,1995,7,13668,3067,10601
1771,1995,8,7698,3067,4631
1771,1995,9,6311,4367,1944
1771,1995,10,5922,3067,2855
1771,1995,11,4721,6867,-2146
1771,1995,12,7001,10867,-3866
1771,1996,1,5973,19067,-13094
1771,1996,2,9058,3067,5991
1771,1996,3,4672,4567,105
1771,1996,4,6577,3067,3510
1771,1996,5,4698,4367,331
1771,1996,6,7283,5167,2116
1771,1996,7,4687,8167,-3480
1771,1996,8,4688,4967,-279
1771,1996,9,6898,3067,3831
1771,1996,10,6513,3067,3446
1771,1996,11,4815,3067,1748
1771,1996,12,9318,4967,4351
1771,1997,1,4706,16067,-11361
1771,1997,2,8711,3567,5144
1771,1997,3,8533,3067,5466
1771,1997,4,4730,4967,-237
1771,1997,5,4844,3067,1777
1771,1997,6,7025,19167,-12142
1771,1997,7,4785,7067,-2282
1771,1997,8,11196,6567,4629
1771,1997,9,4706,5367,-661
1771,1997,10,4690,6367,-1677
1771,1997,11,4688,7167,-2479
1771,1997,12,6960,10367,-3407
1771,1998,1,14169,13467,702
1771,1998,2,4666,6767,-2101
1771,1998,3,5872,3067,2805
1771,1998,4,9285,3067,6218
1771,1998,5,8317,3267,5050
1771,1998,6,6986,13467,-6481
1771,1998,7,8489,5867,2622
1771,1998,8,6404,3067,3337
1771,1998,9,4723,4367,356
1771,1998,10,4712,8567,-3855
1771,1998,11,4698,9667,-4969
1771,1998,12,6967,9152,-2185
1772,1995,2,1100,0,1100
1772,1995,3,48250,11100,37150
1772,1995,4,48383,30300,18083
1772,1995,5,48450,37200,11250
1772,1995,6,72611,84900,-12289
1772,1995,7,48437,61643,-13206
1772,1995,8,48411,50533,-2122
1772,1995,9,48405,47254,1151
1772,1995,10,48407,44924,3483
1772,1995,11,48445,41671,6774
1772,1995,12,72499,94865,-22366
1772,1996,1,48383,46338,2045
1772,1996,2,48411,28044,20367
1772,1996,3,48477,48898,-421
1772,1996,4,48452,37857,10595
1772,1996,5,48429,85945,-37516
1772,1996,6,72472,62168,10304
1772,1996,7,48356,54284,-5928
1772,1996,8,51642,50327,1315
1772,1996,9,48385,30357,18028
1772,1996,10,48485,40857,7628
1772,1996,11,48427,57257,-8830
1772,1996,12,72459,87286,-14827
1772,1997,1,48394,34457,13937
1772,1997,2,48423,39157,9266
1772,1997,3,48474,43157,5317
1772,1997,4,48479,44157,4322
1772,1997,5,48469,50657,-2188
1772,1997,6,72534,94978,-22444
1772,1997,7,48428,34257,14171
1772,1997,8,48445,60557,-12112
1772,1997,9,56705,17657,39048
1772,1997,10,48478,71157,-22679
1772,1997,11,50467,17657,32810
1772,1997,12,72748,59157,13591
1772,1998,1,48501,106157,-57656
1772,1998,2,56551,17657,38894
1772,1998,3,48584,55857,-7273
1772,1998,4,48526,53857,-5331
1772,1998,5,48552,49719,-1167
1772,1998,6,72672,56157,16515
1772,1998,7,48566,54057,-5491
1772,1998,8,48510,68257,-19747
1772,1998,9,48460,67999,-19539
1772,1998,10,59677,37529,22148
1772,1998,11,50158,27234,22924
1772,1998,12,72694,85227,-12533
1773,1993,4,300,0,300
1773,1993,5,4316,0,4316
1773,1993,6,4316,0,4316
1773,1993,7,4316,0,4316
1773,1993,8,4316,0,4316
1773,1993,9,4319,15,4304
1773,1993,10,4411,2892,1519
1773,1993,11,4417,2892,1525
1773,1993,12,4417,5052,-635
1773,1994,1,4393,13182,-8789
1773,1994,2,4381,3692,689
1773,1994,3,4387,2892,1495
1773,1994,4,4383,6252,-1869
1773,1994,5,4385,2892,1493
1773,1994,6,4380,7852,-3472
1773,1994,7,4377,2892,1485
1773,1994,8,4383,2892,1491
1773,1994,9,4389,2892,1497
1773,1994,10,4394,3932,462
1773,1994,11,4398,2892,1506
1773,1994,12,4404,2892,1512
1773,1995,1,4384,12782,-8398
1773,1995,2,4375,2892,1483
1773,1995,3,4381,2892,1489
1773,1995,4,4387,2892,1495
1773,1995,5,4392,3292,1100
1773,1995,6,4398,2892,1506
1773,1995,7,4405,2892,1513
1773,1995,8,4403,5392,-989
1773,1995,9,4398,9692,-5294
1773,1995,10,4375,5992,-1617
1773,1995,11,4374,3992,382
1773,1995,12,4375,4192,183
1773,1996,1,4374,5132,-758
1773,1996,2,4375,3292,1083
1773,1996,3,4374,5292,-918
1773,1996,4,4377,2892,1485
1773,1996,5,4373,6592,-2219
1773,1996,6,4371,3692,679
1773,1996,7,4377,2892,1485
1773,1996,8,4374,6192,-1818
1773,1996,9,4375,3792,583
1773,1996,10,4378,2892,1486
1773,1996,11,4384,2892,1492
1773,1996,12,4389,5132,-743
1773,1997,1,4379,6472,-2093
1773,1997,2,4377,5692,-1315
1773,1997,3,4373,2892,1481
1773,1997,4,4379,2892,1487
1773,1997,5,4385,2892,1493
1773,1997,6,4389,6492,-2103
1773,1997,7,4381,5692,-1311
1773,1997,8,4377,2892,1485
1773,1997,9,4381,5192,-811
1773,1997,10,4377,5392,-1015
1773,1997,11,4375,2892,1483
1773,1997,12,4382,2892,1490
1773,1998,1,4381,5532,-1151
1773,1998,2,4383,2892,1491
1773,1998,3,4384,7592,-3208
1773,1998,4,4376,2892,1484
1773,1998,5,4382,2892,1490
1773,1998,6,4387,3292,1095
1773,1998,7,4390,4692,-302
1773,1998,8,4388,6652,-2264
1773,1998,9,4382,2892,1490
1773,1998,10,4387,3192,1195
1773,1998,11,4386,6692,-2306
1773,1998,12,4383,2877,1506
1774,1996,9,3564,0,3564
1774,1996,10,3270,0,3270
1774,1996,11,3270,0,3270
1774,1996,12,3270,0,3270
1774,1997,1,3300,2775,525
1774,1997,2,3315,3745,-430
1774,1997,3,3314,2185,1129
1774,1997,4,3314,2905,409
1774,1997,5,3320,2185,1135
1774,1997,6,3325,2185,1140
1774,1997,7,3326,2845,481
1774,1997,8,3332,2185,1147
1774,1997,9,3337,2185,1152
1774,1997,10,3331,5485,-2154
1774,1997,11,3332,2185,1147
1774,1997,12,3335,3095,240
1774,1998,1,3325,8425,-5100
1774,1998,2,3317,2185,1132
1774,1998,3,3314,3685,-371
1774,1998,4,3320,2185,1135
1774,1998,5,3319,3265,54
1774,1998,6,3322,2395,927
1774,1998,7,3325,3625,-300
1774,1998,8,3324,4675,-1351
1774,1998,9,3322,2485,837
1774,1998,10,3325,2185,1140
1774,1998,11,3330,2185,1145
1774,1998,12,3329,3880,-551
1775,1993,2,900,0,900
1775,1993,3,6932,0,6932
1775,1993,4,6932,0,6932
1775,1993,5,6932,0,6932
1775,1993,6,6947,2200,4747
1775,1993,7,7043,6015,1028
1775,1993,8,7053,6878,175
1775,1993,9,7060,4958,2102
1775,1993,10,7065,9458,-2393
1775,1993,11,7050,9858,-2808
1775,1993,12,7046,5808,1238
1775,1994,1,7036,12438,-5402
1775,1994,2,7029,4858,2171
1775,1994,3,7040,3958,3082
1775,1994,4,7051,5398,1653
1775,1994,5,7055,7658,-603
1775,1994,6,7053,6658,395
1775,1994,7,7055,5958,1097
1775,1994,8,7053,9198,-2145
1775,1994,9,7051,5558,1493
1775,1994,10,7059,4258,2801
1775,1994,11,7060,10358,-3298
1775,1994,12,7053,7058,-5
1775,1995,1,7037,17278,-10241
1775,1995,2,7017,2358,4659
1775,1995,3,7036,2358,4678
1775,1995,4,7053,3758,3295
1775,1995,5,7064,5258,1806
1775,1995,6,7066,7958,-892
1775,1995,7,7057,10558,-3501
1775,1995,8,7048,5658,1390
1775,1995,9,7056,6218,838
1775,1995,10,7040,15158,-8118
1775,1995,11,7029,4458,2571
1775,1995,12,7044,6008,1036
1775,1996,1,7017,12518,-5501
1775,1996,2,7005,11118,-4113
1775,1996,3,6994,7798,-804
1775,1996,4,7005,2358,4647
1775,1996,5,7012,8958,-1946
1775,1996,6,7006,5958,1048
1775,1996,7,7010,6058,952
1775,1996,8,7008,8058,-1050
1775,1996,9,6999,9258,-2259
1775,1996,10,6990,8958,-1968
1775,1996,11,6995,5038,1957
1775,1996,12,7000,6578,422
1775,1997,1,6998,8118,-1120
1775,1997,2,7007,2358,4649
1775,1997,3,7006,9138,-2132
1775,1997,4,6995,8978,-1983
1775,1997,5,6991,7958,-967
1775,1997,6,7005,2358,4647
1775,1997,7,7025,2358,4667
1775,1997,8,7022,8758,-1736
1775,1997,9,7014,8858,-1844
1775,1997,10,7018,5358,1660
1775,1997,11,7028,4558,2470
1775,1997,12,7030,7758,-728
1775,1998,1,7007,15198,-8191
1775,1998,2,6995,7118,-123
1775,1998,3,7001,4258,2743
1775,1998,4,7019,2358,4661
1775,1998,5,7035,3398,3637
1775,1998,6,7021,11858,-4837
1775,1998,7,7034,2358,4676
1775,1998,8,7053,2358,4695
1775,1998,9,7067,22258,-15191
1775,1998,10,7004,5158,1846
1775,1998,11,7014,3478,3536
1775,1998,12,7019,5963,1056
1776,1997,7,400,0,400
1776,1997,8,18384,0,18384
1776,1997,9,13754,5300,8454
1776,1997,10,13792,3400,10392
1776,1997,11,13829,9700,4129
1776,1997,12,20716,20015,701
1776,1998,1,13827,26825,-12998
1776,1998,2,13812,11225,2587
1776,1998,3,13825,9925,3900
1776,1998,4,13834,13525,309
1776,1998,5,13836,12325,1511
1776,1998,6,20696,15825,4871
1776,1998,7,13860,13725,135
1776,1998,8,13857,15725,-1868
1776,1998,9,13852,13225,627
1776,1998,10,13848,15325,-1477
1776,1998,11,13848,12925,923
1776,1998,12,20693,21910,-1217
1777,1996,10,1000,0,1000
1777,1996,11,24803,0,24803
1777,1996,12,33504,13900,19604
1777,1997,1,22420,20200,2220
1777,1997,2,22426,21000,1426
1777,1997,3,22428,24530,-2102
1777,1997,4,22422,22930,-508
1777,1997,5,22413,27230,-4817
1777,1997,6,33475,46930,-13455
1777,1997,7,22383,10430,11953
1777,1997,8,22447,6230,16217
1777,1997,9,22491,12730,9761
1777,1997,10,22514,20230,2284
1777,1997,11,22530,16630,5900
1777,1997,12,33674,30130,3544
1777,1998,1,22539,38630,-16091
1777,1998,2,22512,13330,9182
1777,1998,3,22518,23230,-712
1777,1998,4,22514,23730,-1216
1777,1998,5,22490,29030,-6540
1777,1998,6,33604,42730,-9126
1777,1998,7,22432,28230,-5798
1777,1998,8,22435,33430,-10995
1777,1998,9,22432,19130,3302
1777,1998,10,22449,16530,5919
1777,1998,11,22470,19530,2940
1777,1998,12,33636,5315,28321
1778,1995,2,900,0,900
1778,1995,3,18255,0,18255
1778,1995,4,15730,4500,11230
1778,1995,5,15770,13100,2670
1778,1995,6,23607,15000,8607
1778,1995,7,15813,17815,-2002
1778,1995,8,15816,21327,-5511
1778,1995,9,15810,12647,3163
1778,1995,10,15821,13747,2074
1778,1995,11,15815,19307,-3492
1778,1995,12,23649,20347,3302
1778,1996,1,15799,24887,-9088
1778,1996,2,15792,10847,4945
1778,1996,3,15792,18107,-2315
1778,1996,4,15801,11747,4054
1778,1996,5,15808,17647,-1839
1778,1996,6,23615,24167,-552
1778,1996,7,15803,13747,2056
1778,1996,8,15808,15447,361
1778,1996,9,15809,14447,1362
1778,1996,10,15816,13747,2069
1778,1996,11,15820,15447,373
1778,1996,12,23658,19527,4131
1778,1997,1,15820,27427,-11607
1778,1997,2,15807,7187,8620
1778,1997,3,15820,15847,-27
1778,1997,4,15833,11647,4186
1778,1997,5,15842,15247,595
1778,1997,6,23646,27247,-3601
1778,1997,7,15827,15807,20
1778,1997,8,15838,11147,4691
1778,1997,9,15839,17047,-1208
1778,1997,10,15829,17727,-1898
1778,1997,11,15833,13947,1886
1778,1997,12,23678,17427,6251
1778,1998,1,15811,39147,-23336
1778,1998,2,27331,3447,23884
1778,1998,3,15861,18187,-2326
1778,1998,4,15887,11547,4340
1778,1998,5,15877,13247,2630
1778,1998,6,23669,34267,-10598
1778,1998,7,15859,7947,7912
1778,1998,8,15873,16247,-374
1778,1998,9,15876,11847,4029
1778,1998,10,15884,18147,-2263
1778,1998,11,15904,5347,10557
1778,1998,12,23754,16232,7522
1779,1993,8,1000,0,1000
1779,1993,9,23882,500,23382
1779,1993,10,23955,12100,11855
1779,1993,11,23993,16900,7093
1779,1993,12,35945,25400,10545
1779,1994,1,24010,45799,-21789
1779,1994,2,23977,19429,4548
1779,1994,3,23988,21129,2859
1779,1994,4,24007,19629,4378
1779,1994,5,24033,26829,-2796
1779,1994,6,35923,47229,-11306
1779,1994,7,23978,15429,8549
1779,1994,8,23996,20829,3167
1779,1994,9,24021,16029,7992
1779,1994,10,24052,16329,7723
1779,1994,11,24083,16029,8054
1779,1994,12,36051,21629,14422
1779,1995,1,24100,46729,-22629
1779,1995,2,24060,24129,-69
1779,1995,3,24081,16429,7652
1779,1995,4,24110,16729,7381
1779,1995,5,24124,21729,2395
1779,1995,6,36048,36429,-381
1779,1995,7,24129,22029,2100
1779,1995,8,24144,20129,4015
1779,1995,9,24146,27429,-3283
1779,1995,10,24153,18429,5724
1779,1995,11,24146,26829,-2683
1779,1995,12,36084,25729,10355
1779,1996,1,24151,43129,-18978
1779,1996,2,24130,18029,6101
1779,1996,3,24124,25529,-1405
1779,1996,4,24130,23629,501
1779,1996,5,24145,37729,-13584
1779,1996,6,36105,35229,876
1779,1996,7,24127,24329,-202
1779,1996,8,24138,22729,1409
1779,1996,9,24143,24729,-586
1779,1996,10,24141,19329,4812
1779,1996,11,24155,23629,526
1779,1996,12,36097,27929,8168
1779,1997,1,24161,33229,-9068
1779,1997,2,24154,21729,2425
1779,1997,3,24155,24029,126
1779,1997,4,24165,21629,2536
1779,1997,5,24172,24129,43
1779,1997,6,36074,43829,-7755
1779,1997,7,24143,17129,7014
1779,1997,8,24153,25829,-1676
1779,1997,9,24160,18929,5231
1779,1997,10,24180,19929,4251
1779,1997,11,24197,19429,4768
1779,1997,12,36116,34929,1187
1779,1998,1,24191,27329,-3138
1779,1998,2,24208,17629,6579
1779,1998,3,41997,65629,-23632
1779,1998,4,24151,7029,17122
1779,1998,5,24216,11929,12287
1779,1998,6,36133,42129,-5996
1779,1998,7,24225,19329,4896
1779,1998,8,24244,20629,3615
1779,1998,9,24222,28229,-4007
1779,1998,10,28171,40529,-12358
1779,1998,11,24197,16129,8068
1779,1998,12,42971,54714,-11743
1780,1993,4,25993,0,25993
1780,1993,5,25197,200,24997
1780,1993,6,37795,14100,23695
1780,1993,7,25314,48500,-23186
1780,1993,8,25274,27144,-1870
1780,1993,9,25264,29344,-4080
1780,1993,10,25246,26144,-898
1780,1993,11,25242,24544,698
1780,1993,12,37779,33264,4515
1780,1994,1,25230,35564,-10334
1780,1994,2,25221,19344,5877
1780,1994,3,25243,25444,-201
1780,1994,4,25242,23544,1698
1780,1994,5,25246,25644,-398
1780,1994,6,37747,40464,-2717
1780,1994,7,25233,22844,2389
1780,1994,8,25236,22444,2792
1780,1994,9,25251,22644,2607
1780,1994,10,25259,24144,1115
1780,1994,11,25262,25044,218
1780,1994,12,37787,33484,4303
1780,1995,1,25225,46604,-21379
1780,1995,2,25195,18324,6871
1780,1995,3,25229,16144,9085
1780,1995,4,25250,27104,-1854
1780,1995,5,25245,24544,701
1780,1995,6,37690,45804,-8114
1780,1995,7,25222,18344,6878
1780,1995,8,25247,19244,6003
1780,1995,9,25266,22244,3022
1780,1995,10,25265,29784,-4519
1780,1995,11,25258,23764,1494
1780,1995,12,37788,29844,7944
1780,1996,1,25255,36304,-11049
1780,1996,2,25251,19744,5507
1780,1996,3,25276,18944,6332
1780,1996,4,25290,25544,-254
1780,1996,5,25295,20944,4351
1780,1996,6,37786,62964,-25178
1780,1996,7,25231,9844,15387
1780,1996,8,25273,19044,6229
1780,1996,9,25284,24304,980
1780,1996,10,25301,18744,6557
1780,1996,11,25311,24544,767
1780,1996,12,37853,31044,6809
1780,1997,1,25304,45524,-20220
1780,1997,2,25291,11344,13947
1780,1997,3,25322,21844,3478
1780,1997,4,25330,26084,-754
1780,1997,5,25337,20044,5293
1780,1997,6,43735,78264,-34529
1780,1997,7,29371,5444,23927
1780,1997,8,25332,13044,12288
1780,1997,9,25363,20544,4819
1780,1997,10,25386,19944,5442
1780,1997,11,25393,21944,3449
1780,1997,12,37863,56404,-18541
1780,1998,1,25299,35744,-10445
1780,1998,2,25316,14644,10672
1780,1998,3,25349,19344,6005
1780,1998,4,25378,15544,9834
1780,1998,5,25390,23944,1446
1780,1998,6,37838,58264,-20426
1780,1998,7,25355,12444,12911
1780,1998,8,26333,8544,17789
1780,1998,9,25379,42744,-17365
1780,1998,10,31949,7844,24105
1780,1998,11,25335,60244,-34909
1780,1998,12,52191,33629,18562
1781,1996,6,400,0,400
1781,1996,7,10914,0,10914
1781,1996,8,3752,0,3752
1781,1996,9,2466,0,2466
1781,1996,10,4179,0,4179
1781,1996,11,1992,1015,977
1781,1996,12,8595,3515,5080
1781,1997,1,1981,17565,-15584
1781,1997,2,3356,865,2491
1781,1997,3,1964,115,1849
1781,1997,4,3574,815,2759
1781,1997,5,6187,2615,3572
1781,1997,6,39958,8515,31443
1781,1997,7,2098,16815,-14717
1781,1997,8,15882,14415,1467
1781,1997,9,2059,9065,-7006
1781,1997,10,2026,9415,-7389
1781,1997,11,2011,1815,196
1781,1997,12,3915,2115,1800
1781,1998,1,5693,14215,-8522
1781,1998,2,49641,1265,48376
1781,1998,3,2147,19815,-17668
1781,1998,4,2094,9815,-7721
1781,1998,5,2075,4115,-2040
1781,1998,6,9906,32065,-22159
1781,1998,7,10403,15,10388
1781,1998,8,4430,15,4415
1781,1998,9,2042,1165,877
1781,1998,10,8227,8415,-188
1781,1998,11,2042,2415,-373
1781,1998,12,2037,5600,-3563
1782,1993,5,700,0,700
1782,1993,6,6542,0,6542
1782,1993,7,6542,0,6542
1782,1993,8,6542,0,6542
1782,1993,9,6542,0,6542
1782,1993,10,6630,3746,2884
1782,1993,11,6662,7766,-1104
1782,1993,12,6656,7946,-1290
1782,1994,1,6642,12566,-5924
1782,1994,2,6640,3246,3394
1782,1994,3,6645,8126,-1481
1782,1994,4,6649,4206,2443
1782,1994,5,6659,3946,2713
1782,1994,6,6660,14746,-8086
1782,1994,7,6636,3246,3390
1782,1994,8,6651,3246,3405
1782,1994,9,6658,5846,812
1782,1994,10,6663,5146,1517
1782,1994,11,6665,6646,19
1782,1994,12,6649,11786,-5137
1782,1995,1,6631,12846,-6215
1782,1995,2,6616,7166,-550
1782,1995,3,6625,3246,3379
1782,1995,4,6639,3246,3393
1782,1995,5,6651,4366,2285
1782,1995,6,6658,4946,1712
1782,1995,7,6660,6926,-266
1782,1995,8,6668,3746,2922
1782,1995,9,6680,3246,3434
1782,1995,10,6689,7966,-1277
1782,1995,11,6689,3246,3443
1782,1995,12,6690,8736,-2046
1782,1996,1,6676,12766,-6090
1782,1996,2,6669,3246,3423
1782,1996,3,6684,3246,3438
1782,1996,4,6697,5526,1171
1782,1996,5,6699,5006,1693
1782,1996,6,6704,8996,-2292
1782,1996,7,6698,4366,2332
1782,1996,8,6710,3246,3464
1782,1996,9,6721,5006,1715
1782,1996,10,6732,3246,3486
1782,1996,11,6728,13006,-6278
1782,1996,12,6719,3846,2873
1782,1997,1,6721,10686,-3965
1782,1997,2,6711,5006,1705
1782,1997,3,6714,6286,428
1782,1997,4,6722,5886,836
1782,1997,5,6727,3246,3481
1782,1997,6,6731,6996,-265
1782,1997,7,6735,5966,769
1782,1997,8,6743,3246,3497
1782,1997,9,6758,3246,3512
1782,1997,10,6772,3246,3526
1782,1997,11,6787,3246,3541
1782,1997,12,6801,3696,3105
1782,1998,1,6804,8606,-1802
1782,1998,2,6806,3246,3560
1782,1998,3,6822,3246,3576
1782,1998,4,6826,7006,-180
1782,1998,5,6835,4366,2469
1782,1998,6,6830,11086,-4256
1782,1998,7,6828,4446,2382
1782,1998,8,6838,3246,3592
1782,1998,9,6852,3246,3606
1782,1998,10,6867,3246,3621
1782,1998,11,6877,5046,1831
1782,1998,12,6875,7801,-926
1783,1997,9,900,0,900
1783,1997,10,13847,0,13847
1783,1997,11,10396,0,10396
1783,1997,12,13631,7400,6231
1783,1998,1,9130,10900,-1770
1783,1998,2,9111,16258,-7147
1783,1998,3,9084,14318,-5234
1783,1998,4,10386,8658,1728
1783,1998,5,9593,8298,1295
1783,1998,6,13597,13898,-301
1783,1998,7,9098,6718,2380
1783,1998,8,9102,8918,184
1783,1998,9,9107,8418,689
1783,1998,10,9111,7918,1193
1783,1998,11,12529,8058,4471
1783,1998,12,18876,7443,11433
1784,1993,5,7103,0,7103
1784,1993,6,6716,0,6716
1784,1993,7,6716,0,6716
1784,1993,8,6762,800,5962
1784,1993,9,6810,2275,4535
1784,1993,10,6813,7100,-287
1784,1993,11,6818,4800,2018
1784,1993,12,6820,7200,-380
1784,1994,1,6769,24100,-17331
1784,1994,2,6759,3320,3439
1784,1994,3,6775,1800,4975
1784,1994,4,6795,1800,4995
1784,1994,5,6810,4200,2610
1784,1994,6,6793,16320,-9527
1784,1994,7,6788,1800,4988
1784,1994,8,6806,5200,1606
1784,1994,9,6815,6200,615
1784,1994,10,6824,6700,124
1784,1994,11,6817,6100,717
1784,1994,12,6819,4940,1879
1784,1995,1,6782,16810,-10028
1784,1995,2,6786,1800,4986
1784,1995,3,6799,5720,1079
1784,1995,4,6811,3200,3611
1784,1995,5,6824,8100,-1276
1784,1995,6,6805,8250,-1445
1784,1995,7,6815,2800,4015
1784,1995,8,6827,8200,-1373
1784,1995,9,6820,9600,-2780
1784,1995,10,6810,7600,-790
1784,1995,11,6808,5000,1808
1784,1995,12,6815,5600,1215
1784,1996,1,6796,18910,-12114
1784,1996,2,6773,1800,4973
1784,1996,3,6790,3400,3390
1784,1996,4,6800,8600,-1800
1784,1996,5,6793,7400,-607
1784,1996,6,6784,8600,-1816
1784,1996,7,6780,9560,-2780
1784,1996,8,6774,4800,1974
1784,1996,9,6772,10760,-3988
1784,1996,10,6764,6920,-156
1784,1996,11,6754,10100,-3346
1784,1996,12,6755,3880,2875
1784,1997,1,6747,10680,-3933
1784,1997,2,6743,5600,1143
1784,1997,3,6756,4440,2316
1784,1997,4,6768,2440,4328
1784,1997,5,6762,12400,-5638
1784,1997,6,6759,1800,4959
1784,1997,7,6761,10600,-3839
1784,1997,8,6764,1800,4964
1784,1997,9,6760,12300,-5540
1784,1997,10,6762,1800,4962
1784,1997,11,6782,1800,4982
1784,1997,12,6796,4520,2276
1784,1998,1,6791,12480,-5689
1784,1998,2,6788,1800,4988
1784,1998,3,6809,1800,5009
1784,1998,4,6829,2920,3909
1784,1998,5,6846,1800,5046
1784,1998,6,6835,12110,-5275
1784,1998,7,6837,4840,1997
1784,1998,8,6853,1800,5053
1784,1998,9,6804,29800,-22996
1784,1998,10,6778,1800,4978
1784,1998,11,6799,1800,4999
1784,1998,12,6819,4905,1914
1785,1996,10,1100,0,1100
1785,1996,11,4892,0,4892
1785,1996,12,4892,0,4892
1785,1997,1,4892,0,4892
1785,1997,2,4913,300,4613
1785,1997,3,4980,2115,2865
1785,1997,4,4996,2437,2559
1785,1997,5,5002,5837,-835
1785,1997,6,4980,11037,-6057
1785,1997,7,4976,3337,1639
1785,1997,8,4983,3037,1946
1785,1997,9,4988,5137,-149
1785,1997,10,4988,3017,1971
1785,1997,11,4997,4237,760
1785,1997,12,4999,3687,1312
1785,1998,1,4979,14887,-9908
1785,1998,2,4968,1737,3231
1785,1998,3,4982,1737,3245
1785,1998,4,4991,4037,954
1785,1998,5,4987,5417,-430
1785,1998,6,4990,6537,-1547
1785,1998,7,4991,1737,3254
1785,1998,8,4998,4457,541
1785,1998,9,5007,1737,3270
1785,1998,10,5020,1737,3283
1785,1998,11,5034,1737,3297
1785,1998,12,5045,2472,2573
1786,1993,5,1000,0,1000
1786,1993,6,26834,3700,23134
1786,1993,7,17987,6600,11387
1786,1993,8,18026,14600,3426
1786,1993,9,18035,18400,-365
1786,1993,10,18039,14215,3824
1786,1993,11,18057,23233,-5176
1786,1993,12,26980,26853,127
1786,1994,1,18018,28293,-10275
1786,1994,2,18003,16133,1870
1786,1994,3,18011,16533,1478
1786,1994,4,18013,21113,-3100
1786,1994,5,18007,14133,3874
1786,1994,6,26979,18833,8146
1786,1994,7,18044,21233,-3189
1786,1994,8,18033,19333,-1300
1786,1994,9,18028,18333,-305
1786,1994,10,18027,17933,94
1786,1994,11,18026,21933,-3907
1786,1994,12,26972,17833,9139
1786,1995,1,18001,41573,-23572
1786,1995,2,18269,8833,9436
1786,1995,3,18004,10933,7071
1786,1995,4,18028,13133,4895
1786,1995,5,18039,17233,806
1786,1995,6,26987,26353,634
1786,1995,7,18049,15333,2716
1786,1995,8,18045,21253,-3208
1786,1995,9,18048,14033,4015
1786,1995,10,18064,14433,3631
1786,1995,11,18071,16593,1478
1786,1995,12,27027,24353,2674
1786,1996,1,18071,25613,-7542
1786,1996,2,18066,13033,5033
1786,1996,3,18085,14233,3852
1786,1996,4,18108,18953,-845
1786,1996,5,18082,18833,-751
1786,1996,6,30473,20633,9840
1786,1996,7,18139,14693,3446
1786,1996,8,18129,19633,-1504
1786,1996,9,18132,16533,1599
1786,1996,10,18117,22733,-4616
1786,1996,11,18128,13933,4195
1786,1996,12,27108,16453,10655
1786,1997,1,18123,46853,-28730
1786,1997,2,23201,8833,14368
1786,1997,3,18134,12533,5601
1786,1997,4,18158,12233,5925
1786,1997,5,18181,12733,5448
1786,1997,6,27141,63153,-36012
1786,1997,7,26393,8833,17560
1786,1997,8,21450,8833,12617
1786,1997,9,18186,10433,7753
1786,1997,10,18211,20433,-2222
1786,1997,11,18214,17533,681
1786,1997,12,27166,26533,633
1786,1998,1,18179,33913,-15734
1786,1998,2,18153,12733,5420
1786,1998,3,18175,16133,2042
1786,1998,4,18182,21033,-2851
1786,1998,5,18170,17133,1037
1786,1998,6,32054,42913,-10859
1786,1998,7,25011,19273,5738
1786,1998,8,19657,8833,10824
1786,1998,9,18194,17333,861
1786,1998,10,18190,23033,-4843
1786,1998,11,18176,17133,1043
1786,1998,12,27126,17518,9608
1787,1993,3,1100,0,1100
1787,1993,4,9900,0,9900
1787,1993,5,5800,0,5800
1787,1993,6,3300,0,3300
1787,1993,7,42322,16600,25722
1787,1993,8,191,12400,-12209
1787,1993,9,191,3300,-3109
1787,1993,10,191,800,-609
1787,1993,11,191,4800,-4609
1787,1993,12,191,900,-709
1787,1994,1,68081,35400,32681
1787,1994,2,42318,16230,26088
1787,1994,3,41007,44063,-3056
1787,1994,4,66103,92963,-26860
1787,1994,5,17973,34263,-16290
1787,1994,6,121245,98663,22582
1787,1994,7,80859,32430,48429
1787,1994,8,87226,139130,-51904
1787,1994,9,184750,166430,18320
1787,1994,10,10108,52230,-42122
1787,1994,11,36470,3930,32540
1787,1994,12,194,38230,-38036
1787,1995,1,33559,34344,-785
1787,1995,2,36195,24030,12165
1787,1995,3,115607,77158,38449
1787,1995,4,7678,57570,-49892
1787,1995,5,88939,10930,78009
1787,1995,6,36830,82730,-45900
1787,1995,7,50385,28130,22255
1787,1995,8,69344,120380,-51036
1787,1995,9,59407,14730,44677
1787,1995,10,10455,56496,-46041
1787,1995,11,491,15930,-15439
1787,1995,12,2532,9130,-6598
1787,1996,1,54848,12430,42418
1787,1996,2,24978,41952,-16974
1787,1996,3,103,15930,-15827
1787,1996,4,25092,11130,13962
1787,1996,5,5784,17330,-11546
1787,1996,6,19339,10430,8909
1787,1996,7,129199,84830,44369
1787,1996,8,45956,44573,1383
1787,1996,9,66485,66970,-485
1787,1996,10,153,48730,-48577
1787,1996,11,26508,34220,-7712
1787,1996,12,73544,44830,28714
1787,1997,1,142,37230,-37088
1787,1997,2,31,4730,-4699
1787,1997,3,12,3730,-3718
1787,1997,4,0,39,-39
1787,1997,5,0,30,-30
1787,1997,6,34494,23041,11453
1787,1997,7,43,3930,-3887
1787,1997,8,27,4530,-4503
1787,1997,9,106613,28230,78383
1787,1997,10,235,40930,-40695
1787,1997,11,125,29433,-29308
1787,1997,12,43,3330,-3287
1787,1998,1,29,4930,-4901
1787,1998,2,9,30,-21
1787,1998,3,0,30,-30
1787,1998,4,18,30,-12
1787,1998,5,0,30,-30
1787,1998,6,18,30,-12
1787,1998,7,45831,30,45801
1787,1998,8,117,32636,-32519
1787,1998,9,22725,19030,3695
1787,1998,10,46,17730,-17684
1787,1998,11,43651,26130,17521
1787,1998,12,68,14000,-13932
1788,1994,1,2606,0,2606
1788,1994,2,11633,0,11633
1788,1994,3,5772,0,5772
1788,1994,4,4192,0,4192
1788,1994,5,1599,2415,-816
1788,1994,6,1885,8515,-6630
1788,1994,7,2475,15,2460
1788,1994,8,3487,15,3472
1788,1994,9,10301,15,10286
1788,1994,10,20053,18165,1888
1788,1994,11,1664,9515,-7851
1788,1994,12,2124,3765,-1641
1788,1995,1,3192,9015,-5823
1788,1995,2,4282,1715,2567
1788,1995,3,1591,3615,-2024
1788,1995,4,1584,1215,369
1788,1995,5,3186,15,3171
1788,1995,6,7591,12815,-5224
1788,1995,7,2678,915,1763
1788,1995,8,1584,1515,69
1788,1995,9,1582,4315,-2733
1788,1995,10,1572,2715,-1143
1788,1995,11,33996,17315,16681
1788,1995,12,1628,13515,-11887
1788,1996,1,18218,24615,-6397
1788,1996,2,1561,1315,246
1788,1996,3,1562,15,1547
1788,1996,4,1569,15,1554
1788,1996,5,1573,3515,-1942
1788,1996,6,1565,2165,-600
1788,1996,7,1564,15,1549
1788,1996,8,1572,815,757
1788,1996,9,1574,1415,159
1788,1996,10,1574,15,1559
1788,1996,11,37959,1115,36844
1788,1996,12,1678,31815,-30137
1788,1997,1,1567,13765,-12198
1788,1997,2,1558,15,1543
1788,1997,3,1564,15,1549
1788,1997,4,1571,15,1556
1788,1997,5,1577,15,1562
1788,1997,6,1584,15,1569
1788,1997,7,18268,2065,16203
1788,1997,8,1658,865,793
1788,1997,9,8918,33615,-24697
1788,1997,10,1558,15,1543
1788,1997,11,1564,2065,-501
1788,1997,12,1562,15,1547
1788,1998,1,1564,2615,-1051
1788,1998,2,1564,15,1549
1788,1998,3,1570,15,1555
1788,1998,4,1575,2115,-540
1788,1998,5,1575,315,1260
1788,1998,6,1580,15,1565
1788,1998,7,1586,15,1571
1788,1998,8,1593,15,1578
1788,1998,9,1599,15,1584
1788,1998,10,32642,15,32627
1788,1998,11,1740,1915,-175
1788,1998,12,1742,500,1242
1789,1993,10,400,0,400
1789,1993,11,12800,0,12800
1789,1993,12,7800,0,7800
1789,1994,1,1400,0,1400
1789,1994,2,1300,0,1300
1789,1994,3,0,300,-300
1789,1994,4,0,600,-600
1789,1994,5,300,0,300
1789,1994,6,2900,0,2900
1789,1994,7,0,300,-300
1789,1994,8,1400,0,1400
1789,1994,9,0,500,-500
1789,1994,11,0,1300,-1300
1789,1994,12,1900,0,1900
1789,1995,1,0,2000,-2000
1789,1995,2,2500,0,2500
1789,1995,3,400,0,400
1789,1995,4,0,2000,-2000
1789,1995,5,3300,0,3300
1789,1995,6,0,1100,-1100
1789,1995,7,1700,0,1700
1789,1995,8,1300,0,1300
1789,1995,9,600,0,600
1789,1995,10,1500,0,1500
1789,1995,11,0,3300,-3300
1789,1995,12,0,600,-600
1789,1996,1,4600,0,4600
1789,1996,2,1000,0,1000
1789,1996,3,1500,0,1500
1789,1996,4,800,0,800
1789,1996,5,0,900,-900
1789,1996,6,0,2000,-2000
1789,1996,7,2900,0,2900
1789,1996,8,0,1200,-1200
1789,1996,9,100,0,100
1789,1996,10,2100,0,2100
1789,1996,11,4500,0,4500
1789,1996,12,5100,0,5100
1789,1997,1,300,0,300
1789,1997,2,2000,0,2000
1789,1997,3,3300,0,3300
1789,1997,4,0,100,-100
1789,1997,5,0,500,-500
1789,1997,6,2100,0,2100
1789,1997,7,5500,0,5500
1789,1997,8,3500,0,3500
1789,1997,9,500,0,500
1789,1997,10,3400,0,3400
1789,1997,11,3800,0,3800
1789,1997,12,210,900,-690
1789,1998,1,0,3400,-3400
1789,1998,2,328,0,328
1789,1998,3,295,5000,-4705
1789,1998,4,264,5500,-5236
1789,1998,5,264,700,-436
1789,1998,6,564,0,564
1789,1998,7,1364,0,1364
1789,1998,8,264,3500,-3236
1789,1998,9,764,0,764
1789,1998,10,1364,0,1364
1789,1998,11,264,5100,-4836
1789,1998,12,0,500,-500
1790,1997,9,12032,0,12032
1790,1997,10,18703,0,18703
1790,1997,11,11959,0,11959
1790,1997,12,17305,6000,11305
1790,1998,1,11595,24446,-12851
1790,1998,2,11575,9146,2429
1790,1998,3,11581,10546,1035
1790,1998,4,11575,14746,-3171
1790,1998,5,11559,14746,-3187
1790,1998,6,17275,12426,4849
1790,1998,7,11572,13766,-2194
1790,1998,8,11551,14226,-2675
1790,1998,9,11565,8346,3219
1790,1998,10,11584,6546,5038
1790,1998,11,11594,10046,1548
1790,1998,12,17297,13971,3326
1791,1996,2,13393,0,13393
1791,1996,3,19269,0,19269
1791,1996,4,13210,5700,7510
1791,1996,5,13234,7900,5334
1791,1996,6,19770,19571,199
1791,1996,7,13198,25391,-12193
1791,1996,8,13206,12771,435
1791,1996,9,13204,12871,333
1791,1996,10,13206,10071,3135
1791,1996,11,13218,10271,2947
1791,1996,12,19756,20511,-755
1791,1997,1,14309,20931,-6622
1791,1997,2,13200,7571,5629
1791,1997,3,13223,10271,2952
1791,1997,4,13234,12571,663
1791,1997,5,13933,17411,-3478
1791,1997,6,19749,18111,1638
1791,1997,7,13229,10931,2298
1791,1997,8,13235,15071,-1836
1791,1997,9,13227,14071,-844
1791,1997,10,13228,9571,3657
1791,1997,11,13239,12971,268
1791,1997,12,19780,14691,5089
1791,1998,1,13252,28111,-14859
1791,1998,2,14305,6971,7334
1791,1998,3,13224,15511,-2287
1791,1998,4,13220,15671,-2451
1791,1998,5,13208,13971,-763
1791,1998,6,19743,15071,4672
1791,1998,7,13218,19531,-6313
1791,1998,8,13198,11971,1227
1791,1998,9,13203,16271,-3068
1791,1998,10,13176,20271,-7095
1791,1998,11,13153,15871,-2718
1791,1998,12,19683,18116,1567
1792,1993,12,1000,0,1000
1792,1994,1,6151,0,6151
1792,1994,2,6151,0,6151
1792,1994,3,6151,0,6151
1792,1994,4,6202,2700,3502
1792,1994,5,6257,2927,3330
1792,1994,6,6248,18977,-12729
1792,1994,7,6219,1727,4492
1792,1994,8,6243,1727,4516
1792,1994,9,6258,2607,3651
1792,1994,10,6265,4527,1738
1792,1994,11,6268,6127,141
1792,1994,12,6270,5197,1073
1792,1995,1,6256,15447,-9191
1792,1995,2,6247,2727,3520
1792,1995,3,6259,5047,1212
1792,1995,4,6250,7067,-817
1792,1995,5,6262,1727,4535
1792,1995,6,6243,20977,-14734
1792,1995,7,6220,1727,4493
1792,1995,8,6237,2327,3910
1792,1995,9,6252,4427,1825
1792,1995,10,6255,4807,1448
1792,1995,11,6260,4727,1533
1792,1995,12,6257,9277,-3020
1792,1996,1,6230,16067,-9837
1792,1996,2,6221,1727,4494
1792,1996,3,6235,3427,2808
1792,1996,4,6251,1927,4324
1792,1996,5,6258,7627,-1369
1792,1996,6,6227,15437,-9210
1792,1996,7,6230,1727,4503
1792,1996,8,6234,5727,507
1792,1996,9,6231,9127,-2896
1792,1996,10,6219,10587,-4368
1792,1996,11,6214,6507,-293
1792,1996,12,6215,1727,4488
1792,1997,1,6221,8957,-2736
1792,1997,2,6225,1727,4498
1792,1997,3,6238,10127,-3889
1792,1997,4,6228,1727,4501
1792,1997,5,6238,3407,2831
1792,1997,6,6236,10407,-4171
1792,1997,7,6236,11327,-5091
1792,1997,8,6216,1727,4489
1792,1997,9,6231,6827,-596
1792,1997,10,6223,5487,736
1792,1997,11,6238,2207,4031
1792,1997,12,6240,12377,-6137
1792,1998,1,6222,6687,-465
1792,1998,2,6227,2847,3380
1792,1998,3,6232,11827,-5595
1792,1998,4,6219,1727,4492
1792,1998,5,6238,1727,4511
1792,1998,6,6238,14327,-8089
1792,1998,7,6223,1727,4496
1792,1998,8,6234,4207,2027
1792,1998,9,6250,1727,4523
1792,1998,10,6258,4047,2211
1792,1998,11,6277,1727,4550
1792,1998,12,6279,5482,797
1793,1995,6,18899,0,18899
1793,1995,7,14651,0,14651
1793,1995,8,12597,3600,8997
1793,1995,9,12624,7800,4824
1793,1995,10,12632,12415,217
1793,1995,11,12598,20497,-7899
1793,1995,12,18824,14297,4527
1793,1996,1,12578,26497,-13919
1793,1996,2,12555,11097,1458
1793,1996,3,12551,15097,-2546
1793,1996,4,12562,8597,3965
1793,1996,5,12572,10597,1975
1793,1996,6,18764,32697,-13933
1793,1996,7,12529,8497,4032
1793,1996,8,12542,9697,2845
1793,1996,9,12549,10997,1552
1793,1996,10,12560,9697,2863
1793,1996,11,12562,12897,-335
1793,1996,12,18788,26797,-8009
1793,1997,1,12535,16297,-3762
1793,1997,2,12537,5197,7340
1793,1997,3,12545,14697,-2152
1793,1997,4,12559,9397,3162
1793,1997,5,12578,9897,2681
1793,1997,6,18792,22097,-3305
1793,1997,7,12569,7297,5272
1793,1997,8,12590,8397,4193
1793,1997,9,12606,10597,2009
1793,1997,10,12613,12897,-284
1793,1997,11,12611,12297,314
1793,1997,12,18825,15297,3528
1793,1998,1,12701,16797,-4096
1793,1998,2,12613,6797,5816
1793,1998,3,12621,15597,-2976
1793,1998,4,12625,6497,6128
1793,1998,5,12646,12397,249
1793,1998,6,18832,23897,-5065
1793,1998,7,12613,11697,916
1793,1998,8,12607,22597,-9990
1793,1998,9,12588,9897,2691
1793,1998,10,12599,9997,2602
1793,1998,11,12601,14497,-1896
1793,1998,12,18839,5682,13157
1794,1997,7,1000,0,1000
1794,1997,8,15827,0,15827
1794,1997,9,7582,1800,5782
1794,1997,10,7604,3200,4404
1794,1997,11,7618,6600,1018
1794,1997,12,11387,10187,1200
1794,1998,1,11282,26177,-14895
1794,1998,2,8068,6577,1491
1794,1998,3,7573,8717,-1144
1794,1998,4,7572,6417,1155
1794,1998,5,7569,10817,-3248
1794,1998,6,11329,5017,6312
1794,1998,7,7581,10817,-3236
1794,1998,8,7563,12717,-5154
1794,1998,9,7557,5017,2540
1794,1998,10,7561,7657,-96
1794,1998,11,7567,5017,2550
1794,1998,12,11338,6282,5056
1795,1997,8,500,0,500
1795,1997,9,22906,0,22906
1795,1997,10,19483,9500,9983
1795,1997,11,19519,13400,6119
1795,1997,12,29230,23100,6130
1795,1998,1,19566,26105,-6539
1795,1998,2,19543,20565,-1022
1795,1998,3,19547,18265,1282
1795,1998,4,19542,26445,-6903
1795,1998,5,19521,18565,956
1795,1998,6,29234,19665,9569
1795,1998,7,19565,18125,1440
1795,1998,8,19568,19525,43
1795,1998,9,19567,17965,1602
1795,1998,10,19576,17405,2171
1795,1998,11,19583,19565,18
1795,1998,12,29295,20170,9125
1796,1995,10,400,0,400
1796,1995,11,20061,800,19261
1796,1995,12,30175,14200,15975
1796,1996,1,20213,7600,12613
1796,1996,2,20230,12100,8130
1796,1996,3,20242,21052,-810
1796,1996,4,20237,24112,-3875
1796,1996,5,20232,17352,2880
1796,1996,6,30272,33552,-3280
1796,1996,7,20225,19492,733
1796,1996,8,20232,19892,340
1796,1996,9,20235,17352,2883
1796,1996,10,20248,16952,3296
1796,1996,11,20222,25592,-5370
1796,1996,12,30236,28032,2204
1796,1997,1,20204,30992,-10788
1796,1997,2,20210,17112,3098
1796,1997,3,20221,14952,5269
1796,1997,4,20201,25472,-5271
1796,1997,5,20218,19392,826
1796,1997,6,30230,29692,538
1796,1997,7,20219,19332,887
1796,1997,8,20228,15952,4276
1796,1997,9,20230,20312,-82
1796,1997,10,20239,18252,1987
1796,1997,11,20242,20452,-210
1796,1997,12,30257,22032,8225
1796,1998,1,20156,58112,-37956
1796,1998,2,20152,8572,11580
1796,1998,3,20185,12752,7433
1796,1998,4,20209,15352,4857
1796,1998,5,20220,35352,-15132
1796,1998,6,30219,37432,-7213
1796,1998,7,20152,25152,-5000
1796,1998,8,20139,20152,-13
1796,1998,9,20139,18252,1887
1796,1998,10,20139,15912,4227
1796,1998,11,20161,19052,1109
1796,1998,12,30197,6557,23640
1797,1994,8,20990,0,20990
1797,1994,9,15223,8400,6823
1797,1994,10,15252,10800,4452
1797,1994,11,15270,12000,3270
1797,1994,12,22892,23885,-993
1797,1995,1,15282,22645,-7363
1797,1995,2,15278,12965,2313
1797,1995,3,15285,11265,4020
1797,1995,4,15302,16265,-963
1797,1995,5,15293,13045,2248
1797,1995,6,30565,49465,-18900
1797,1995,7,16030,7865,8165
1797,1995,8,15266,7965,7301
1797,1995,9,15296,8165,7131
1797,1995,10,15318,15725,-407
1797,1995,11,15319,13665,1654
1797,1995,12,22910,20505,2405
1797,1996,1,15305,18865,-3560
1797,1996,2,15322,9065,6257
1797,1996,3,15344,12665,2679
1797,1996,4,15354,13265,2089
1797,1996,5,15358,16585,-1227
1797,1996,6,22945,19865,3080
1797,1996,7,15355,23525,-8170
1797,1996,8,15341,10965,4376
1797,1996,9,15351,19405,-4054
1797,1996,10,15337,13365,1972
1797,1996,11,15342,16525,-1183
1797,1996,12,22920,19525,3395
1797,1997,1,15328,20505,-5177
1797,1997,2,15336,9565,5771
1797,1997,3,15358,12365,2993
1797,1997,4,15368,11865,3503
1797,1997,5,15380,13065,2315
1797,1997,6,22908,61225,-38317
1797,1997,7,25766,7865,17901
1797,1997,8,17821,7865,9956
1797,1997,9,15860,7865,7995
1797,1997,10,15382,11965,3417
1797,1997,11,15396,10965,4431
1797,1997,12,22977,29505,-6528
1797,1998,1,15373,23265,-7892
1797,1998,2,15368,10165,5203
1797,1998,3,15382,9465,5917
1797,1998,4,15385,15725,-340
1797,1998,5,15385,15665,-280
1797,1998,6,23000,23065,-65
1797,1998,7,15406,14265,1141
1797,1998,8,15372,20865,-5493
1797,1998,9,15361,16565,-1204
1797,1998,10,15349,17465,-2116
1797,1998,11,15357,12265,3092
1797,1998,12,22948,18850,4098
1798,1997,11,800,0,800
1798,1997,12,31747,3800,27947
1798,1998,1,21280,13500,7780
1798,1998,2,21310,14600,6710
1798,1998,3,21337,16900,4437
1798,1998,4,21355,17915,3440
1798,1998,5,21387,22920,-1533
1798,1998,6,31960,63400,-31440
1798,1998,7,28465,8620,19845
1798,1998,8,21339,11920,9419
1798,1998,9,21374,15520,5854
1798,1998,10,21393,20620,773
1798,1998,11,21394,18620,2774
1798,1998,12,32001,28145,3856
1799,1996,9,5703,0,5703
1799,1996,10,5104,0,5104
1799,1996,11,5104,0,5104
1799,1996,12,5104,0,5104
1799,1997,1,5151,13105,-7954
1799,1997,2,5162,2529,2633
1799,1997,3,5173,3569,1604
1799,1997,4,5180,2529,2651
1799,1997,5,5188,3569,1619
1799,1997,6,5186,10779,-5593
1799,1997,7,5175,2529,2646
1799,1997,8,5185,6289,-1104
1799,1997,9,5181,2529,2652
1799,1997,10,5192,2529,2663
1799,1997,11,5203,2529,2674
1799,1997,12,5206,6959,-1753
1799,1998,1,5182,13309,-8127
1799,1998,2,5173,2529,2644
1799,1998,3,5184,2529,2655
1799,1998,4,5195,2529,2666
1799,1998,5,5206,2529,2677
1799,1998,6,5207,13379,-8172
1799,1998,7,5183,2529,2654
1799,1998,8,5186,4529,657
1799,1998,9,5197,2529,2668
1799,1998,10,5200,5649,-449
1799,1998,11,5206,2529,2677
1799,1998,12,5211,6044,-833
1800,1996,3,400,0,400
1800,1996,4,19823,0,19823
1800,1996,5,19482,9700,9782
1800,1996,6,29214,18100,11114
1800,1996,7,19538,21800,-2262
1800,1996,8,19534,20961,-1427
1800,1996,9,19528,20461,-933
1800,1996,10,19521,24001,-4480
1800,1996,11,19495,25921,-6426
1800,1996,12,29186,24081,5105
1800,1997,1,19473,31821,-12348
1800,1997,2,19463,17161,2302
1800,1997,3,19464,18061,1403
1800,1997,4,19476,16361,3115
1800,1997,5,19484,17861,1623
1800,1997,6,29207,20461,8746
1800,1997,7,19527,19461,66
1800,1997,8,19532,16761,2771
1800,1997,9,19534,19861,-327
1800,1997,10,19539,17961,1578
1800,1997,11,19536,20761,-1225
1800,1997,12,29250,23841,5409
1800,1998,1,19530,33661,-14131
1800,1998,2,19503,18061,1442
1800,1998,3,19502,20261,-759
1800,1998,4,19520,13761,5759
1800,1998,5,19535,16461,3074
1800,1998,6,29266,16861,12405
1800,1998,7,19576,23461,-3885
1800,1998,8,19565,32621,-13056
1800,1998,9,19555,16461,3094
1800,1998,10,19556,21081,-1525
1800,1998,11,19560,16661,2899
1800,1998,12,29297,7546,21751
1801,1993,2,19675,0,19675
1801,1993,3,48809,0,48809
1801,1993,4,85996,82784,3212
1801,1993,5,36010,51357,-15347
1801,1993,6,10233,39170,-28937
1801,1993,7,67800,36625,31175
1801,1993,8,49178,34867,14311
1801,1993,9,42777,68964,-26187
1801,1993,10,137,24367,-24230
1801,1993,11,76172,35767,40405
1801,1993,12,41729,62415,-20686
1801,1994,1,32557,42967,-10410
1801,1994,2,1364,23367,-22003
1801,1994,3,81232,13167,68065
1801,1994,4,214,45467,-45253
1801,1994,5,44674,38367,6307
1801,1994,6,7170,19367,-12197
1801,1994,7,1780,13167,-11387
1801,1994,8,39462,31767,7695
1801,1994,9,28841,13167,15674
1801,1994,10,63478,24367,39111
1801,1994,11,25253,59461,-34208
1801,1994,12,6649,24216,-17567
1801,1995,1,77146,80067,-2921
1801,1995,2,5289,13167,-7878
1801,1995,3,81276,57615,23661
1801,1995,4,27052,46015,-18963
1801,1995,5,164956,84237,80719
1801,1995,6,81948,114071,-32123
1801,1995,7,203,34567,-34364
1801,1995,8,25847,26467,-620
1801,1995,9,42287,24067,18220
1801,1995,10,2651,20667,-18016
1801,1995,11,33744,31473,2271
1801,1995,12,16069,26367,-10298
1801,1996,1,15863,19467,-3604
1801,1996,2,12869,13167,-298
1801,1996,3,26305,13167,13138
1801,1996,4,4911,13167,-8256
1801,1996,5,12080,13167,-1087
1801,1996,6,44467,38667,5800
1801,1996,7,13177,20257,-7080
1801,1996,8,14285,12457,1828
1801,1996,9,17388,15057,2331
1801,1996,10,42962,21657,21305
1801,1996,11,174,15057,-14883
1801,1996,12,49005,31857,17148
1801,1997,1,5845,36757,-30912
1801,1997,2,13961,13357,604
1801,1997,3,12665,14657,-1992
1801,1997,4,12959,12057,902
1801,1997,5,10957,13757,-2800
1801,1997,6,14759,12157,2602
1801,1997,7,17371,11657,5714
1801,1997,8,18784,20176,-1392
1801,1997,9,18995,12557,6438
1801,1997,10,13210,17372,-4162
1801,1997,11,16301,14548,1753
1801,1997,12,15709,17357,-1648
1801,1998,1,17613,12157,5456
1801,1998,2,30701,19157,11544
1801,1998,3,10163,11557,-1394
1801,1998,4,53359,32987,20372
1801,1998,5,126549,83157,43392
1801,1998,6,36034,48957,-12923
1801,1998,7,25705,58350,-32645
1801,1998,8,41465,12557,28908
1801,1998,9,55703,57291,-1588
1801,1998,10,45962,40257,5705
1801,1998,11,110025,117857,-7832
1801,1998,12,74790,67342,7448
1802,1995,3,5641,0,5641
1802,1995,4,4850,0,4850
1802,1995,5,4850,0,4850
1802,1995,6,4850,0,4850
1802,1995,7,4853,15,4838
1802,1995,8,4936,2523,2413
1802,1995,9,4946,2523,2423
1802,1995,10,4948,5483,-535
1802,1995,11,4946,4843,103
1802,1995,12,4952,4603,349
1802,1996,1,4941,6303,-1362
1802,1996,2,4950,2523,2427
1802,1996,3,4959,4203,756
1802,1996,4,4963,2523,2440
1802,1996,5,4969,3923,1046
1802,1996,6,4967,6273,-1306
1802,1996,7,4965,4823,142
1802,1996,8,4964,5423,-459
1802,1996,9,4971,5023,-52
1802,1996,10,4973,4423,550
1802,1996,11,4972,5223,-251
1802,1996,12,4961,7973,-3012
1802,1997,1,4949,7963,-3014
1802,1997,2,4946,2523,2423
1802,1997,3,4954,3323,1631
1802,1997,4,4963,2723,2240
1802,1997,5,4972,4223,749
1802,1997,6,4965,8673,-3708
1802,1997,7,4956,8023,-3067
1802,1997,8,4946,4323,623
1802,1997,9,4948,4723,225
1802,1997,10,4951,2623,2328
1802,1997,11,4951,5483,-532
1802,1997,12,4957,4023,934
1802,1998,1,4941,10463,-5522
1802,1998,2,4934,6563,-1629
1802,1998,3,4931,3823,1108
1802,1998,4,4932,6523,-1591
1802,1998,5,4930,2523,2407
1802,1998,6,4935,6523,-1588
1802,1998,7,4925,5323,-398
1802,1998,8,4932,2523,2409
1802,1998,9,4934,7223,-2289
1802,1998,10,4923,9083,-4160
1802,1998,11,4912,3723,1189
1802,1998,12,4904,11108,-6204
1803,1995,7,400,0,400
1803,1995,8,12062,0,12062
1803,1995,9,9812,0,9812
1803,1995,10,3550,500,3050
1803,1995,11,3562,200,3362
1803,1995,12,4577,3128,1449
1803,1996,1,6577,6308,269
1803,1996,2,4282,4448,-166
1803,1996,3,9592,2318,7274
1803,1996,4,7218,2318,4900
1803,1996,5,4335,2318,2017
1803,1996,6,6127,10118,-3991
1803,1996,7,3627,2818,809
1803,1996,8,4832,2618,2214
1803,1996,9,6042,2318,3724
1803,1996,10,6857,3698,3159
1803,1996,11,5470,2318,3152
1803,1996,12,4580,3308,1272
1803,1997,1,3674,6728,-3054
1803,1997,2,3672,3518,154
1803,1997,3,3665,8118,-4453
1803,1997,4,6159,3118,3041
1803,1997,5,3663,5618,-1955
1803,1997,6,4445,8948,-4503
1803,1997,7,3636,4618,-982
1803,1997,8,6543,2318,4225
1803,1997,9,3657,3018,639
1803,1997,10,4557,3118,1439
1803,1997,11,3660,3518,142
1803,1997,12,6868,3418,3450
1803,1998,1,3670,6118,-2448
1803,1998,2,6575,2318,4257
1803,1998,3,7294,2718,4576
1803,1998,4,3703,3018,685
1803,1998,5,3701,5818,-2117
1803,1998,6,5990,8798,-2808
1803,1998,7,11507,2918,8589
1803,1998,8,3721,4318,-597
1803,1998,9,6931,2818,4113
1803,1998,10,9955,2318,7637
1803,1998,11,3769,3018,751
1803,1998,12,3770,4503,-733
1804,1993,9,1100,0,1100
1804,1993,10,75527,7900,67627
1804,1993,11,51836,90194,-38358
1804,1993,12,35749,25330,10419
1804,1994,1,124,21930,-21806
1804,1994,2,87402,40030,47372
1804,1994,3,267,35814,-35547
1804,1994,4,36765,35818,947
1804,1994,5,1517,11585,-10068
1804,1994,6,28921,12030,16891
1804,1994,7,3041,15231,-12190
1804,1994,8,35629,930,34699
1804,1994,9,218,20168,-19950
1804,1994,10,11531,24937,-13406
1804,1994,11,115,2630,-2515
1804,1994,12,12917,5930,6987
1804,1995,1,713,10230,-9517
1804,1995,2,34155,34403,-248
1804,1995,3,3595,2730,865
1804,1995,4,3697,30,3667
1804,1995,5,112,1230,-1118
1804,1995,6,4508,30,4478
1804,1995,7,40938,4730,36208
1804,1995,8,225,27113,-26888
1804,1995,9,12338,23963,-11625
1804,1995,10,40640,23730,16910
1804,1995,11,3955,15857,-11902
1804,1995,12,8327,11800,-3473
1804,1996,1,93404,64530,28874
1804,1996,2,52437,24530,27907
1804,1996,3,40435,59030,-18595
1804,1996,4,104197,76830,27367
1804,1996,5,26366,55433,-29067
1804,1996,6,13420,30781,-17361
1804,1996,7,5607,2730,2877
1804,1996,8,46345,49072,-2727
1804,1996,9,40191,55021,-14830
1804,1996,10,61904,17683,44221
1804,1996,11,72609,81030,-8421
1804,1996,12,45105,26789,18316
1804,1997,1,58293,96885,-38592
1804,1997,2,36923,30,36893
1804,1997,3,61034,51130,9904
1804,1997,4,31169,23430,7739
1804,1997,5,43201,66387,-23186
1804,1997,6,306,41950,-41644
1804,1997,7,97307,84818,12489
1804,1997,8,389,4430,-4041
1804,1997,9,75883,43930,31953
1804,1997,10,19279,18230,1049
1804,1997,11,47808,34958,12850
1804,1997,12,65938,94770,-28832
1804,1998,1,18633,48687,-30054
1804,1998,2,141,30,111
1804,1998,3,2641,2630,11
1804,1998,4,5870,3330,2540
1804,1998,5,48893,31230,17663
1804,1998,6,39480,33330,6150
1804,1998,7,50265,54830,-4565
1804,1998,8,229,16930,-16701
1804,1998,9,161,7730,-7569
1804,1998,10,130,2530,-2400
1804,1998,11,139120,104330,34790
1804,1998,12,7196,14700,-7504
1805,1993,2,1100,0,1100
1805,1993,3,9500,0,9500
1805,1993,4,8700,0,8700
1805,1993,5,300,0,300
1805,1993,6,2300,0,2300
1805,1993,7,2800,0,2800
1805,1993,8,25445,15100,10345
1805,1993,9,146,3600,-3454
1805,1993,10,146,1700,-1554
1805,1993,11,15064,12200,2864
1805,1993,12,137,6500,-6363
1805,1994,1,1537,0,1537
1805,1994,2,137,200,-63
1805,1994,3,21255,12200,9055
1805,1994,4,154,6800,-6646
1805,1994,5,5588,6900,-1312
1805,1994,6,121,1000,-879
1805,1994,7,121,400,-279
1805,1994,9,91638,64315,27323
1805,1994,10,27748,28925,-1177
1805,1994,11,211,14525,-14314
1805,1994,12,151,11025,-10874
1805,1995,1,5896,9425,-3529
1805,1995,2,7410,3125,4285
1805,1995,3,2923,3125,-202
1805,1995,4,39263,10325,28938
1805,1995,5,197,19095,-18898
1805,1995,6,29259,28510,749
1805,1995,7,116593,100736,15857
1805,1995,8,22011,32325,-10314
1805,1995,9,18673,19625,-952
1805,1995,10,6335,30816,-24481
1805,1995,11,151812,92113,59699
1805,1995,12,20622,22425,-1803
1805,1996,1,78209,78327,-118
1805,1996,2,257,48116,-47859
1805,1996,3,55219,3125,52094
1805,1996,4,49910,64966,-15056
1805,1996,5,258,10625,-10367
1805,1996,6,34266,64219,-29953
1805,1996,7,77075,15525,61550
1805,1996,8,317,20525,-20208
1805,1996,9,22264,6925,15339
1805,1996,10,15871,10725,5146
1805,1996,11,12130,11425,705
1805,1996,12,35512,40252,-4740
1805,1997,1,40534,63125,-22591
1805,1997,2,5751,10304,-4553
1805,1997,3,35777,3125,32652
1805,1997,4,61747,88125,-26378
1805,1997,5,81563,108577,-27014
1805,1997,6,26661,9699,16962
1805,1997,7,10843,3125,7718
1805,1997,8,81385,43838,37547
1805,1997,9,95172,115325,-20153
1805,1997,10,69566,48125,21441
1805,1997,11,49761,44101,5660
1805,1997,12,29499,42306,-12807
1805,1998,1,5867,64325,-58458
1805,1998,2,25366,25104,262
1805,1998,3,92398,55350,37048
1805,1998,4,10999,26995,-15996
1805,1998,5,59697,19925,39772
1805,1998,6,18427,33963,-15536
1805,1998,7,32240,3125,29115
1805,1998,8,410,12625,-12215
1805,1998,9,354,16825,-16471
1805,1998,10,29835,3125,26710
1805,1998,11,395,14525,-14130
1805,1998,12,356,8610,-8254
1806,1993,1,400,0,400
1806,1993,2,5029,0,5029
1806,1993,3,5029,0,5029
1806,1993,4,5029,0,5029
1806,1993,5,5029,0,5029
1806,1993,6,5089,5867,-778
1806,1993,7,5117,4167,950
1806,1993,8,5122,2567,2555
1806,1993,9,5131,3067,2064
1806,1993,10,5135,5467,-332
1806,1993,11,5137,3767,1370
1806,1993,12,5144,4907,237
1806,1994,1,5117,18107,-12990
1806,1994,2,5092,2567,2525
1806,1994,3,5103,2567,2536
1806,1994,4,5113,2567,2546
1806,1994,5,5124,2567,2557
1806,1994,6,5116,9067,-3951
1806,1994,7,5118,2567,2551
1806,1994,8,5122,5367,-245
1806,1994,9,5119,6407,-1288
1806,1994,10,5118,5847,-729
1806,1994,11,5119,2567,2552
1806,1994,12,5128,4417,711
1806,1995,1,5104,13617,-8513
1806,1995,2,5097,2567,2530
1806,1995,3,5108,2567,2541
1806,1995,4,5113,6487,-1374
1806,1995,5,5113,2567,2546
1806,1995,6,5111,7117,-2006
1806,1995,7,5108,5607,-499
1806,1995,8,5109,6407,-1298
1806,1995,9,5107,2567,2540
1806,1995,10,5118,2567,2551
1806,1995,11,5124,6167,-1043
1806,1995,12,5123,2917,2206
1806,1996,1,5107,12567,-7460
1806,1996,2,5098,6487,-1389
1806,1996,3,5096,2567,2529
1806,1996,4,5103,4487,616
1806,1996,5,5109,2567,2542
1806,1996,6,5119,4487,632
1806,1996,7,5122,2567,2555
1806,1996,8,5127,5127,0
1806,1996,9,5129,4807,322
1806,1996,10,5134,2567,2567
1806,1996,11,5145,2567,2578
1806,1996,12,5156,3667,1489
1806,1997,1,5146,15447,-10301
1806,1997,2,5118,2567,2551
1806,1997,3,5126,4247,879
1806,1997,4,5133,2567,2566
1806,1997,5,5143,2567,2576
1806,1997,6,5143,16297,-11154
1806,1997,7,5108,2567,2541
1806,1997,8,5118,2567,2551
1806,1997,9,5128,2567,2561
1806,1997,10,5125,8567,-3442
1806,1997,11,5125,2567,2558
1806,1997,12,5136,3767,1369
1806,1998,1,5115,13767,-8652
1806,1998,2,5104,2567,2537
1806,1998,3,5115,2567,2548
1806,1998,4,5126,2567,2559
1806,1998,5,5136,2567,2569
1806,1998,6,5134,12017,-6883
1806,1998,7,5117,3927,1190
1806,1998,8,5123,2567,2556
1806,1998,9,5132,6727,-1595
1806,1998,10,5127,2667,2460
1806,1998,11,5126,10107,-4981
1806,1998,12,5107,7752,-2645
1807,1997,10,200,0,200
1807,1997,11,20900,0,20900
1807,1997,12,30497,16400,14097
1807,1998,1,20421,10000,10421
1807,1998,2,20458,12400,8058
1807,1998,3,20451,29815,-9364
1807,1998,4,20445,15246,5199
1807,1998,5,20458,18946,1512
1807,1998,6,30532,54866,-24334
1807,1998,7,20388,8346,12042
1807,1998,8,20431,10646,9785
1807,1998,9,20441,20246,195
1807,1998,10,20453,16746,3707
1807,1998,11,20452,21046,-594
1807,1998,12,30608,23931,6677
1808,1997,5,400,0,400
1808,1997,6,15800,0,15800
1808,1997,7,10500,0,10500
1808,1997,8,6500,0,6500
1808,1997,9,19400,4400,15000
1808,1997,10,200,1500,-1300
1808,1997,11,15858,0,15858
1808,1997,12,261,4600,-4339
1808,1998,1,56896,37415,19481
1808,1998,2,34921,57915,-22994
1808,1998,3,2610,9415,-6805
1808,1998,4,91050,59515,31535
1808,1998,5,50857,68815,-17958
1808,1998,6,89048,56215,32833
1808,1998,7,18543,23715,-5172
1808,1998,8,63746,99236,-35490
1808,1998,9,4858,40458,-35600
1808,1998,10,145813,91636,54177
1808,1998,11,681,8048,-7367
1808,1998,12,9285,26461,-17176
1809,1993,11,200,0,200
1809,1993,12,30160,1200,28960
1809,1994,1,20201,11200,9001
1809,1994,2,20228,15200,5028
1809,1994,3,20232,21200,-968
1809,1994,4,20207,35330,-15123
1809,1994,5,20171,23842,-3671
1809,1994,6,30218,23342,6876
1809,1994,7,20187,22242,-2055
1809,1994,8,20157,29242,-9085
1809,1994,9,20132,24442,-4310
1809,1994,10,20123,21442,-1319
1809,1994,11,20124,19342,782
1809,1994,12,30168,25642,4526
1809,1995,1,20127,25042,-4915
1809,1995,2,22855,13342,9513
1809,1995,3,20145,25142,-4997
1809,1995,4,20132,22642,-2510
1809,1995,5,20126,22342,-2216
1809,1995,6,32812,15442,17370
1809,1995,7,20178,32094,-11916
1809,1995,8,20163,14442,5721
1809,1995,9,20190,13642,6548
1809,1995,10,20182,25307,-5125
1809,1995,11,20162,23442,-3280
1809,1995,12,31631,21742,9889
1809,1996,1,27277,33069,-5792
1809,1996,2,20128,35238,-15110
1809,1996,3,31970,13342,18628
1809,1996,4,20214,17042,3172
1809,1996,5,24585,27613,-3028
1809,1996,6,32620,36142,-3522
1809,1996,7,20200,14442,5758
1809,1996,8,26952,37339,-10387
1809,1996,9,22582,13342,9240
1809,1996,10,21979,25028,-3049
1809,1996,11,20205,15442,4763
1809,1996,12,30251,32642,-2391
1809,1997,1,25770,27742,-1972
1809,1997,2,20187,27979,-7792
1809,1997,3,20257,20000,257
1809,1997,4,20174,16042,4132
1809,1997,5,20193,14042,6151
1809,1997,6,30265,33742,-3477
1809,1997,7,24685,31231,-6546
1809,1997,8,24182,13342,10840
1809,1997,9,23226,13342,9884
1809,1997,10,28395,34443,-6048
1809,1997,11,30514,35248,-4734
1809,1997,12,33250,28608,4642
1809,1998,1,31014,45442,-14428
1809,1998,2,27488,13342,14146
1809,1998,3,20536,13342,7194
1809,1998,4,20263,15242,5021
1809,1998,5,20247,29642,-9395
1809,1998,6,37287,32289,4998
1809,1998,7,24559,27230,-2671
1809,1998,8,27571,13342,14229
1809,1998,9,25426,17491,7935
1809,1998,10,20342,16742,3600
1809,1998,11,20353,18842,1511
1809,1998,12,30363,36112,-5749
1810,1995,9,18545,0,18545
1810,1995,10,21931,0,21931
1810,1995,11,17893,7700,10193
1810,1995,12,26786,16800,9986
1810,1996,1,17904,49040,-31136
1810,1996,2,17851,5940,11911
1810,1996,3,17875,27440,-9565
1810,1996,4,17860,17940,-80
1810,1996,5,17870,22240,-4370
1810,1996,6,26704,27640,-936
1810,1996,7,17836,14940,2896
1810,1996,8,17853,18840,-987
1810,1996,9,17841,16840,1001
1810,1996,10,17843,19340,-1497
1810,1996,11,17851,11840,6011
1810,1996,12,26726,21540,5186
1810,1997,1,17855,30940,-13085
1810,1997,2,17831,11340,6491
1810,1997,3,17857,15740,2117
1810,1997,4,17873,17240,633
1810,1997,5,17875,16840,1035
1810,1997,6,26685,35540,-8855
1810,1997,7,17835,16340,1495
1810,1997,8,17844,16840,1004
1810,1997,9,17841,15440,2401
1810,1997,10,17852,13240,4612
1810,1997,11,17872,17440,432
1810,1997,12,26743,17440,9303
1810,1998,1,17884,25240,-7356
1810,1998,2,17880,15540,2340
1810,1998,3,17891,17440,451
1810,1998,4,17887,16640,1247
1810,1998,5,17893,18040,-147
1810,1998,6,26715,36740,-10025
1810,1998,7,17855,15040,2815
1810,1998,8,17856,19140,-1284
1810,1998,9,17841,24140,-6299
1810,1998,10,17819,19440,-1621
1810,1998,11,17804,22740,-4936
1810,1998,12,26657,24425,2232
1811,1993,9,300,0,300
1811,1993,10,23975,1600,22375
1811,1993,11,24055,12900,11155
1811,1993,12,36082,20400,15682
1811,1994,1,24152,23200,952
1811,1994,2,24156,23115,1041
1811,1994,3,24162,29866,-5704
1811,1994,4,24111,41046,-16935
1811,1994,5,24073,29066,-4993
1811,1994,6,36052,27766,8286
1811,1994,7,24082,23757,325
1811,1994,8,24086,21957,2129
1811,1994,9,24096,20557,3539
1811,1994,10,24099,26557,-2458
1811,1994,11,24094,24994,-900
1811,1994,12,36070,32057,4013
1811,1995,1,24063,37675,-13612
1811,1995,2,24066,17257,6809
1811,1995,3,24061,34457,-10396
1811,1995,4,24051,15657,8394
1811,1995,5,24071,22557,1514
1811,1995,6,36036,45111,-9075
1811,1995,7,24056,19957,4099
1811,1995,8,32163,29245,2918
1811,1995,9,26190,22949,3241
1811,1995,10,24063,33535,-9472
1811,1995,11,24057,15357,8700
1811,1995,12,36087,22557,13530
1811,1996,1,24117,27057,-2940
1811,1996,2,24095,29174,-5079
1811,1996,3,24098,21857,2241
1811,1996,4,24106,22457,1649
1811,1996,5,28085,35686,-7601
1811,1996,6,36095,17957,18138
1811,1996,7,24087,44331,-20244
1811,1996,8,24996,14957,10039
1811,1996,9,24084,30957,-6873
1811,1996,10,30489,28856,1633
1811,1996,11,24103,22057,2046
1811,1996,12,36063,48922,-12859
1811,1997,1,27778,14957,12821
1811,1997,2,24088,24383,-295
1811,1997,3,24085,26555,-2470
1811,1997,4,24108,15257,8851
1811,1997,5,24075,40961,-16886
1811,1997,6,41763,30013,11750
1811,1997,7,26632,14957,11675
1811,1997,8,24159,29557,-5398
1811,1997,9,24751,14957,9794
1811,1997,10,29184,43672,-14488
1811,1997,11,26394,29676,-3282
1811,1997,12,48475,48605,-130
1811,1998,1,25917,14957,10960
1811,1998,2,24160,20857,3303
1811,1998,3,31133,33448,-2315
1811,1998,4,24154,20141,4013
1811,1998,5,24181,18257,5924
1811,1998,6,36199,29357,6842
1811,1998,7,24229,27557,-3328
1811,1998,8,24214,26757,-2543
1811,1998,9,24180,40357,-16177
1811,1998,10,24138,21657,2481
1811,1998,11,26735,21857,4878
1811,1998,12,36164,27842,8322
1812,1996,10,1000,0,1000
1812,1996,11,3454,0,3454
1812,1996,12,3454,0,3454
1812,1997,1,3454,0,3454
1812,1997,2,3454,0,3454
1812,1997,3,3507,4377,-870
1812,1997,4,3516,3127,389
1812,1997,5,3515,4027,-512
1812,1997,6,3517,2527,990
1812,1997,7,3523,3117,406
1812,1997,8,3524,3547,-23
1812,1997,9,3523,2317,1206
1812,1997,10,3525,2317,1208
1812,1997,11,3533,2317,1216
1812,1997,12,3536,3517,19
1812,1998,1,3523,8507,-4984
1812,1998,2,3514,2317,1197
1812,1998,3,3522,2317,1205
1812,1998,4,3525,2497,1028
1812,1998,5,3529,2317,1212
1812,1998,6,3528,8467,-4939
1812,1998,7,3513,3517,-4
1812,1998,8,3516,2317,1199
1812,1998,9,3518,2317,1201
1812,1998,10,3523,3577,-54
1812,1998,11,3525,2317,1208
1812,1998,12,3522,5182,-1660
1813,1994,2,14296,0,14296
1813,1994,3,52593,21300,31293
1813,1994,4,49750,12400,37350
1813,1994,5,102282,98615,3667
1813,1994,6,40897,67777,-26880
1813,1994,7,83024,72063,10961
1813,1994,8,46322,76777,-30455
1813,1994,9,69481,68568,913
1813,1994,10,95876,42477,53399
1813,1994,11,48547,74806,-26259
1813,1994,12,19470,41146,-21676
1813,1995,1,140438,98077,42361
1813,1995,2,36955,31977,4978
1813,1995,3,66730,51677,15053
1813,1995,4,47808,99977,-52169
1813,1995,5,36659,32377,4282
1813,1995,6,19323,18477,846
1813,1995,7,63542,36377,27165
1813,1995,8,91067,126977,-35910
1813,1995,9,180,12877,-12697
1813,1995,10,22333,8937,13396
1813,1995,11,52762,28277,24485
1813,1995,12,5375,40977,-35602
1813,1996,1,103157,39077,64080
1813,1996,2,306,43777,-43471
1813,1996,3,94859,62577,32282
1813,1996,4,98799,109577,-10778
1813,1996,5,41876,68577,-26701
1813,1996,6,224,13577,-13353
1813,1996,7,2356,15677,-13321
1813,1996,8,47205,20777,26428
1813,1996,9,33938,29577,4361
1813,1996,10,233,13407,-13174
1813,1996,11,52033,23677,28356
1813,1996,12,45418,63477,-18059
1813,1997,1,228,6577,-6349
1813,1997,2,62942,40577,22365
1813,1997,3,95781,103477,-7696
1813,1997,4,142208,117040,25168
1813,1997,5,6375,30468,-24093
1813,1997,6,84367,64589,19778
1813,1997,7,82816,106568,-23752
1813,1997,8,41213,36732,4481
1813,1997,9,6631,23788,-17157
1813,1997,10,10799,11177,-378
1813,1997,11,71332,52677,18655
1813,1997,12,108343,93091,15252
1813,1998,1,51487,59477,-7990
1813,1998,2,61146,45777,15369
1813,1998,3,354,15277,-14923
1813,1998,4,78255,51229,27026
1813,1998,5,86606,100548,-13942
1813,1998,6,11597,46277,-34680
1813,1998,7,90445,34677,55768
1813,1998,8,98388,121752,-23364
1813,1998,9,65403,52477,12926
1813,1998,10,72630,62377,10253
1813,1998,11,422,17077,-16655
1813,1998,12,31466,35985,-4519
1814,1997,9,1100,0,1100
1814,1997,10,5921,0,5921
1814,1997,11,5921,0,5921
1814,1997,12,5945,1100,4845
1814,1998,1,6003,500,5503
1814,1998,2,6026,3050,2976
1814,1998,3,6033,5570,463
1814,1998,4,6035,5990,45
1814,1998,5,6041,3050,2991
1814,1998,6,6033,10000,-3967
1814,1998,7,6034,4650,1384
1814,1998,8,6037,5950,87
1814,1998,9,6043,3050,2993
1814,1998,10,6055,3050,3005
1814,1998,11,6066,4090,1976
1814,1998,12,6075,3835,2240
1815,1993,4,500,0,500
1815,1993,5,23452,0,23452
1815,1993,6,26985,12900,14085
1815,1993,7,18066,16200,1866
1815,1993,8,18072,17100,972
1815,1993,9,18074,21211,-3137
1815,1993,10,18071,17711,360
1815,1993,11,18057,22411,-4354
1815,1993,12,27026,20411,6615
1815,1994,1,18061,26811,-8750
1815,1994,2,18032,22211,-4179
1815,1994,3,18016,22511,-4495
1815,1994,4,18014,15311,2703
1815,1994,5,18020,16611,1409
1815,1994,6,26975,26611,364
1815,1994,7,18017,20111,-2094
1815,1994,8,18012,18111,-99
1815,1994,9,17998,23611,-5613
1815,1994,10,17999,15411,2588
1815,1994,11,20131,9911,10220
1815,1994,12,27009,27111,-102
1815,1995,1,18012,30811,-12799
1815,1995,2,18715,9911,8804
1815,1995,3,18042,13211,4831
1815,1995,4,18051,16311,1740
1815,1995,5,18058,16411,1647
1815,1995,6,27031,43111,-16080
1815,1995,7,18014,11111,6903
1815,1995,8,18033,14011,4022
1815,1995,9,18044,16011,2033
1815,1995,10,18050,16311,1739
1815,1995,11,18045,27311,-9266
1815,1995,12,27004,14411,12593
1815,1996,1,18019,36211,-18192
1815,1996,2,18013,10911,7102
1815,1996,3,18023,18811,-788
1815,1996,4,18018,18011,7
1815,1996,5,18030,18111,-81
1815,1996,6,27019,21211,5808
1815,1996,7,18063,20711,-2648
1815,1996,8,18051,16711,1340
1815,1996,9,18058,16011,2047
1815,1996,10,18063,17511,552
1815,1996,11,18064,22611,-4547
1815,1996,12,27021,26011,1010
1815,1997,1,18024,31011,-12987
1815,1997,2,17996,18811,-815
1815,1997,3,17994,14911,3083
1815,1997,4,18008,14111,3897
1815,1997,5,18019,18211,-192
1815,1997,6,26975,29711,-2736
1815,1997,7,18008,15711,2297
1815,1997,8,18015,16911,1104
1815,1997,9,18021,15911,2110
1815,1997,10,18026,17411,615
1815,1997,11,18023,20211,-2188
1815,1997,12,26999,17011,9988
1815,1998,1,18012,33811,-15799
1815,1998,2,17998,14611,3387
1815,1998,3,17997,21211,-3214
1815,1998,4,18000,14711,3289
1815,1998,5,18012,15811,2201
1815,1998,6,26987,21911,5076
1815,1998,7,18044,14111,3933
1815,1998,8,18051,18011,40
1815,1998,9,18047,20211,-2164
1815,1998,10,18036,22711,-4675
1815,1998,11,18025,16711,1314
1815,1998,12,27015,11996,15019
1816,1993,10,5250,0,5250
1816,1993,11,4258,0,4258
1816,1993,12,4258,0,4258
1816,1994,1,4258,0,4258
1816,1994,2,4260,15,4245
1816,1994,3,4331,4839,-508
1816,1994,4,4330,2839,1491
1816,1994,5,4337,2839,1498
1816,1994,6,4337,4139,198
1816,1994,7,4335,6319,-1984
1816,1994,8,4336,2839,1497
1816,1994,9,4334,4759,-425
1816,1994,10,4340,2839,1501
1816,1994,11,4346,2839,1507
1816,1994,12,4346,7019,-2673
1816,1995,1,4317,15489,-11172
1816,1995,2,4295,2839,1456
1816,1995,3,4299,5639,-1340
1816,1995,4,4295,2839,1456
1816,1995,5,4301,2839,1462
1816,1995,6,4301,6599,-2298
1816,1995,7,4298,2839,1459
1816,1995,8,4304,2839,1465
1816,1995,9,4310,2839,1471
1816,1995,10,4315,4679,-364
1816,1995,11,4314,2839,1475
1816,1995,12,4311,5669,-1358
1816,1996,1,4305,7899,-3594
1816,1996,2,4300,2839,1461
1816,1996,3,4302,3719,583
1816,1996,4,4308,2839,1469
1816,1996,5,4304,5719,-1415
1816,1996,6,4308,2839,1469
1816,1996,7,4307,6439,-2132
1816,1996,8,4306,2839,1467
1816,1996,9,4312,2839,1473
1816,1996,10,4318,2839,1479
1816,1996,11,4315,8359,-4044
1816,1996,12,4306,3239,1067
1816,1997,1,4301,6659,-2358
1816,1997,2,4301,2839,1462
1816,1997,3,4308,2839,1469
1816,1997,4,4314,2839,1475
1816,1997,5,4311,6519,-2208
1816,1997,6,4310,2839,1471
1816,1997,7,4316,5079,-763
1816,1997,8,4313,2839,1474
1816,1997,9,4319,2839,1480
1816,1997,10,4326,2839,1487
1816,1997,11,4326,4799,-473
1816,1997,12,4323,4589,-266
1816,1998,1,4309,9929,-5620
1816,1998,2,4305,2839,1466
1816,1998,3,4311,2839,1472
1816,1998,4,4309,6219,-1910
1816,1998,5,4304,5139,-835
1816,1998,6,4303,3839,464
1816,1998,7,4307,2839,1468
1816,1998,8,4305,6239,-1934
1816,1998,9,4305,2839,1466
1816,1998,10,4308,3559,749
1816,1998,11,4310,4679,-369
1816,1998,12,4312,3174,1138
1817,1996,12,700,0,700
1817,1997,1,20515,0,20515
1817,1997,2,20277,10500,9777
1817,1997,3,20317,10500,9817
1817,1997,4,20340,18500,1840
1817,1997,5,20334,25346,-5012
1817,1997,6,30429,31246,-817
1817,1997,7,20331,15846,4485
1817,1997,8,20326,26846,-6520
1817,1997,9,20329,13646,6683
1817,1997,10,20346,20246,100
1817,1997,11,20350,16746,3604
1817,1997,12,30466,20746,9720
1817,1998,1,20365,31346,-10981
1817,1998,2,20350,20546,-196
1817,1998,3,20356,18046,2310
1817,1998,4,20364,19446,918
1817,1998,5,20357,23346,-2989
1817,1998,6,30412,36146,-5734
1817,1998,7,20337,16446,3891
1817,1998,8,20352,19046,1306
1817,1998,9,20372,11046,9326
1817,1998,10,20396,16746,3650
1817,1998,11,20394,19546,848
1817,1998,12,30508,27731,2777
1818,1997,2,300,0,300
1818,1997,3,20664,0,20664
1818,1997,4,16747,3100,13647
1818,1997,5,16798,11800,4998
1818,1997,6,25149,14000,11149
1818,1997,7,16896,15215,1681
1818,1997,8,16872,13615,3257
1818,1997,9,16887,13715,3172
1818,1997,10,16897,15415,1482
1818,1997,11,16898,19615,-2717
1818,1997,12,25251,25335,-84
1818,1998,1,16890,26955,-10065
1818,1998,2,16858,23475,-6617
1818,1998,3,16821,15815,1006
1818,1998,4,16830,20335,-3505
1818,1998,5,16811,15915,896
1818,1998,6,25143,25095,48
1818,1998,7,16812,17715,-903
1818,1998,8,16806,18715,-1909
1818,1998,9,16801,17215,-414
1818,1998,10,16803,15215,1588
1818,1998,11,16810,15955,855
1818,1998,12,25140,25060,80
1819,1996,10,700,0,700
1819,1996,11,38871,4900,33971
1819,1996,12,65829,30600,35229
1819,1997,1,291,27100,-26809
1819,1997,2,19153,10200,8953
1819,1997,3,216,13300,-13084
1819,1997,4,216,3600,-3384
1819,1997,5,216,4700,-4484
1819,1997,6,10513,9566,947
1819,1997,7,33135,12885,20250
1819,1997,8,167,25159,-24992
1819,1997,9,6284,14385,-8101
1819,1997,10,13367,13685,-318
1819,1997,11,11770,10485,1285
1819,1997,12,11765,13785,-2020
1819,1998,1,57820,26776,31044
1819,1998,2,105880,52576,53304
1819,1998,3,36332,51376,-15044
1819,1998,4,89317,81676,7641
1819,1998,5,255,53776,-53521
1819,1998,6,57366,20776,36590
1819,1998,7,39382,50697,-11315
1819,1998,8,23651,37876,-14225
1819,1998,9,131,29576,-29445
1819,1998,10,116468,56676,59792
1819,1998,11,41931,40076,1855
1819,1998,12,60273,39746,20527
1820,1994,4,500,0,500
1820,1994,5,17996,0,17996
1820,1994,6,25254,10900,14354
1820,1994,7,16916,10900,6016
1820,1994,8,16933,16500,433
1820,1994,9,16932,18015,-1083
1820,1994,10,16937,20109,-3172
1820,1994,11,16927,18769,-1842
1820,1994,12,25318,24769,549
1820,1995,1,16902,21489,-4587
1820,1995,2,16913,11109,5804
1820,1995,3,16920,22109,-5189
1820,1995,4,16914,12309,4605
1820,1995,5,16918,18589,-1671
1820,1995,6,25318,21309,4009
1820,1995,7,16936,15309,1627
1820,1995,8,16934,18409,-1475
1820,1995,9,16927,19269,-2342
1820,1995,10,16924,15409,1515
1820,1995,11,16930,15009,1921
1820,1995,12,25321,29429,-4108
1820,1996,1,16882,34189,-17307
1820,1996,2,16865,8509,8356
1820,1996,3,16889,12509,4380
1820,1996,4,16896,16409,487
1820,1996,5,16904,14629,2275
1820,1996,6,25304,23709,1595
1820,1996,7,16893,22989,-6096
1820,1996,8,16883,17309,-426
1820,1996,9,20020,7809,12211
1820,1996,10,16946,12509,4437
1820,1996,11,16947,17009,-62
1820,1996,12,25354,20009,5345
1820,1997,1,16955,20449,-3494
1820,1997,2,16938,21009,-4071
1820,1997,3,16944,15209,1735
1820,1997,4,16936,19569,-2633
1820,1997,5,16936,15809,1127
1820,1997,6,25340,19109,6231
1820,1997,7,16959,17809,-850
1820,1997,8,16946,20409,-3463
1820,1997,9,16938,18509,-1571
1820,1997,10,16922,25149,-8227
1820,1997,11,16904,17249,-345
1820,1997,12,25310,18269,7041
1820,1998,1,16903,39169,-22266
1820,1998,2,16885,7809,9076
1820,1998,3,16876,16809,67
1820,1998,4,16875,16909,-34
1820,1998,5,16864,23909,-7045
1820,1998,6,25296,24209,1087
1820,1998,7,16898,19049,-2151
1820,1998,8,16872,17209,-337
1820,1998,9,16871,15389,1482
1820,1998,10,16874,21109,-4235
1820,1998,11,16852,17149,-297
1820,1998,12,25267,11474,13793
1821,1995,4,20942,0,20942
1821,1995,5,20527,600,19927
1821,1995,6,30802,10000,20802
1821,1995,7,20639,19900,739
1821,1995,8,20623,28100,-7477
1821,1995,9,20576,28500,-7924
1821,1995,10,20558,29440,-8882
1821,1995,11,20545,20400,145
1821,1995,12,30756,24480,6276
1821,1996,1,20556,25980,-5424
1821,1996,2,20546,21400,-854
1821,1996,3,20550,18700,1850
1821,1996,4,20549,21800,-1251
1821,1996,5,20555,31800,-11245
1821,1996,6,30737,29700,1037
1821,1996,7,20545,24040,-3495
1821,1996,8,20506,23400,-2894
1821,1996,9,20494,22140,-1646
1821,1996,10,20487,19900,587
1821,1996,11,20490,18500,1990
1821,1996,12,30709,23400,7309
1821,1997,1,20519,24100,-3581
1821,1997,2,20507,21080,-573
1821,1997,3,20510,18600,1910
1821,1997,4,20516,20200,316
1821,1997,5,20517,20300,217
1821,1997,6,30695,35780,-5085
1821,1997,7,20498,17700,2798
1821,1997,8,20507,18700,1807
1821,1997,9,20510,21320,-810
1821,1997,10,20510,28540,-8030
1821,1997,11,20481,14000,6481
1821,1997,12,30707,35580,-4873
1821,1998,1,20464,26660,-6196
1821,1998,2,20460,14920,5540
1821,1998,3,20470,25100,-4630
1821,1998,4,20454,21800,-1346
1821,1998,5,20466,9400,11066
1821,1998,6,30692,32200,-1508
1821,1998,7,20476,27480,-7004
1821,1998,8,20456,21300,-844
1821,1998,9,20450,21500,-1050
1821,1998,10,20449,19900,549
1821,1998,11,20445,22100,-1655
1821,1998,12,30678,14065,16613
1822,1993,5,6128,0,6128
1822,1993,6,5236,0,5236
1822,1993,7,5236,0,5236
1822,1993,8,5236,0,5236
1822,1993,9,5285,2011,3274
1822,1993,10,5311,6491,-1180
1822,1993,11,5318,2011,3307
1822,1993,12,5331,5511,-180
1822,1994,1,5314,8411,-3097
1822,1994,2,5310,5291,19
1822,1994,3,5319,2011,3308
1822,1994,4,5332,5611,-279
1822,1994,5,5330,4811,519
1822,1994,6,5315,15691,-10376
1822,1994,7,5290,2011,3279
1822,1994,8,5304,2011,3293
1822,1994,9,5316,3611,1705
1822,1994,10,5324,3111,2213
1822,1994,11,5331,6311,-980
1822,1994,12,5327,4761,566
1822,1995,1,5321,9171,-3850
1822,1995,2,5313,5411,-98
1822,1995,3,5305,8331,-3026
1822,1995,4,5303,2011,3292
1822,1995,5,5315,3111,2204
1822,1995,6,5292,14441,-9149
1822,1995,7,5284,3931,1353
1822,1995,8,5293,2011,3282
1822,1995,9,5307,2011,3296
1822,1995,10,5314,7991,-2677
1822,1995,11,5309,2011,3298
1822,1995,12,5317,6061,-744
1822,1996,1,5303,10251,-4948
1822,1996,2,5289,5771,-482
1822,1996,3,5297,2011,3286
1822,1996,4,5305,5211,94
1822,1996,5,5309,3311,1998
1822,1996,6,5300,9611,-4311
1822,1996,7,5301,2011,3290
1822,1996,8,5308,4571,737
1822,1996,9,5316,2971,2345
1822,1996,10,5319,7131,-1812
1822,1996,11,5320,2571,2749
1822,1996,12,5330,3011,2319
1822,1997,1,5309,12891,-7582
1822,1997,2,5308,3051,2257
1822,1997,3,5319,2011,3308
1822,1997,4,5332,2011,3321
1822,1997,5,5346,2011,3335
1822,1997,6,5336,10861,-5525
1822,1997,7,5337,2011,3326
1822,1997,8,5351,2011,3340
1822,1997,9,5364,2011,3353
1822,1997,10,5378,2011,3367
1822,1997,11,5389,5051,338
1822,1997,12,5391,4171,1220
1822,1998,1,5377,11531,-6154
1822,1998,2,5372,2011,3361
1822,1998,3,5376,7531,-2155
1822,1998,4,5373,4171,1202
1822,1998,5,5383,2011,3372
1822,1998,6,5382,17391,-12009
1822,1998,7,5347,2011,3336
1822,1998,8,5355,4971,384
1822,1998,9,5362,2011,3351
1822,1998,10,5366,8011,-2645
1822,1998,11,5364,2011,3353
1822,1998,12,5378,2546,2832
1823,1996,9,1000,0,1000
1823,1996,10,4941,0,4941
1823,1996,11,4941,0,4941
1823,1996,12,4941,0,4941
1823,1997,1,4941,0,4941
1823,1997,2,5024,3262,1762
1823,1997,3,5043,4862,181
1823,1997,4,5037,8042,-3005
1823,1997,5,5030,6162,-1132
1823,1997,6,5023,7862,-2839
1823,1997,7,5015,3562,1453
1823,1997,8,5017,7362,-2345
1823,1997,9,5012,4682,330
1823,1997,10,5013,7562,-2549
1823,1997,11,5006,4362,644
1823,1997,12,5006,4462,544
1823,1998,1,5003,5962,-959
1823,1998,2,4997,7382,-2385
1823,1998,3,4994,2362,2632
1823,1998,4,5005,2362,2643
1823,1998,5,5020,3402,1618
1823,1998,6,5031,2362,2669
1823,1998,7,5017,12662,-7645
1823,1998,8,5010,2362,2648
1823,1998,9,5006,5482,-476
1823,1998,10,5011,2362,2649
1823,1998,11,5018,3882,1136
1823,1998,12,5032,3197,1835
1824,1994,1,300,0,300
1824,1994,2,24111,2300,21811
1824,1994,3,24183,12100,12083
1824,1994,4,24221,18400,5821
1824,1994,5,24248,17300,6948
1824,1994,6,36340,32694,3646
1824,1994,7,24276,31749,-7473
1824,1994,8,24251,28769,-4518
1824,1994,9,24240,23749,491
1824,1994,10,24235,29949,-5714
1824,1994,11,24217,24449,-232
1824,1994,12,36260,31229,5031
1824,1995,1,24203,36969,-12766
1824,1995,2,24193,19129,5064
1824,1995,3,24211,20949,3262
1824,1995,4,24218,22749,1469
1824,1995,5,24216,25209,-993
1824,1995,6,36274,28249,8025
1824,1995,7,24222,30629,-6407
1824,1995,8,24214,26049,-1835
1824,1995,9,24212,21289,2923
1824,1995,10,24229,21649,2580
1824,1995,11,24265,12649,11616
1824,1995,12,36354,22609,13745
1824,1996,1,24288,38769,-14481
1824,1996,2,24283,22269,2014
1824,1996,3,24284,22849,1435
1824,1996,4,24297,21129,3168
1824,1996,5,24297,23649,648
1824,1996,6,36378,20549,15829
1824,1996,7,24342,34069,-9727
1824,1996,8,24294,31349,-7055
1824,1996,9,24268,30929,-6661
1824,1996,10,24272,21549,2723
1824,1996,11,24263,27589,-3326
1824,1996,12,36342,24069,12273
1824,1997,1,24231,48189,-23958
1824,1997,2,24266,9849,14417
1824,1997,3,24290,18849,5441
1824,1997,4,24303,21449,2854
1824,1997,5,24313,36629,-12316
1824,1997,6,36391,31049,5342
1824,1997,7,24315,30649,-6334
1824,1997,8,24301,23349,952
1824,1997,9,24304,22649,1655
1824,1997,10,24311,20549,3762
1824,1997,11,24321,28069,-3748
1824,1997,12,36365,31289,5076
1824,1998,1,24305,31769,-7464
1824,1998,2,24288,25549,-1261
1824,1998,3,24289,23609,680
1824,1998,4,24296,19949,4347
1824,1998,5,24314,19449,4865
1824,1998,6,36396,28849,7547
1824,1998,7,24348,28849,-4501
1824,1998,8,24339,23749,590
1824,1998,9,24335,23489,846
1824,1998,10,24346,21249,3097
1824,1998,11,24357,21649,2708
1824,1998,12,36424,30674,5750
1825,1995,12,13353,0,13353
1825,1996,1,13038,0,13038
1825,1996,2,8667,3100,5567
1825,1996,3,8680,6200,2480
1825,1996,4,8677,10828,-2151
1825,1996,5,8674,9128,-454
1825,1996,6,12945,16728,-3783
1825,1996,7,8664,6728,1936
1825,1996,8,8677,7528,1149
1825,1996,9,9185,7028,2157
1825,1996,10,8693,8828,-135
1825,1996,11,8693,8628,65
1825,1996,12,12971,10928,2043
1825,1997,1,11284,17228,-5944
1825,1997,2,8677,6828,1849
1825,1997,3,9286,4128,5158
1825,1997,4,9193,9628,-435
1825,1997,5,8704,8628,76
1825,1997,6,18026,29328,-11302
1825,1997,7,9060,4128,4932
1825,1997,8,8680,4528,4152
1825,1997,9,9088,7828,1260
1825,1997,10,8700,6228,2472
1825,1997,11,8700,9228,-528
1825,1997,12,12986,6928,6058
1825,1998,1,13408,22528,-9120
1825,1998,2,13903,4128,9775
1825,1998,3,8732,10128,-1396
1825,1998,4,10125,6828,3297
1825,1998,5,8742,6428,2314
1825,1998,6,13029,13028,1
1825,1998,7,8750,10928,-2178
1825,1998,8,8744,4928,3816
1825,1998,9,8758,7928,830
1825,1998,10,8761,6528,2233
1825,1998,11,8760,10128,-1368
1825,1998,12,13045,6013,7032
1826,1994,5,600,0,600
1826,1994,6,29070,4000,25070
1826,1994,7,19475,11400,8075
1826,1994,8,19509,11500,8009
1826,1994,9,19536,15300,4236
1826,1994,10,19549,25636,-6087
1826,1994,11,19531,23356,-3825
1826,1994,12,29219,27276,1943
1826,1995,1,19504,34356,-14852
1826,1995,2,19470,14236,5234
1826,1995,3,19495,13236,6259
1826,1995,4,19506,20336,-830
1826,1995,5,19512,15536,3976
1826,1995,6,29210,30976,-1766
1826,1995,7,19512,19336,176
1826,1995,8,19507,22256,-2749
1826,1995,9,19510,14636,4874
1826,1995,10,19520,19236,284
1826,1995,11,19517,20236,-719
1826,1995,12,29211,24616,4595
1826,1996,1,19512,36816,-17304
1826,1996,2,19482,11536,7946
1826,1996,3,19509,14036,5473
1826,1996,4,19527,19756,-229
1826,1996,5,19524,19876,-352
1826,1996,6,29152,48836,-19684
1826,1996,7,19452,12936,6516
1826,1996,8,19474,15436,4038
1826,1996,9,19485,20956,-1471
1826,1996,10,19485,15836,3649
1826,1996,11,19495,20216,-721
1826,1996,12,29204,20416,8788
1826,1997,1,23438,25776,-2338
1826,1997,2,27973,9936,18037
1826,1997,3,19586,22236,-2650
1826,1997,4,19602,12136,7466
1826,1997,5,19608,19636,-28
1826,1997,6,29245,60456,-31211
1826,1997,7,25530,9936,15594
1826,1997,8,19564,13236,6328
1826,1997,9,19571,19236,335
1826,1997,10,19560,23636,-4076
1826,1997,11,19551,20236,-685
1826,1997,12,29249,22436,6813
1826,1998,1,19553,39396,-19843
1826,1998,2,19514,11636,7878
1826,1998,3,19548,13736,5812
1826,1998,4,19543,22936,-3393
1826,1998,5,19525,33536,-14011
1826,1998,6,29174,32076,-2902
1826,1998,7,19488,14736,4752
1826,1998,8,19504,22436,-2932
1826,1998,9,19492,19436,56
1826,1998,10,19499,16836,2663
1826,1998,11,19501,19236,265
1826,1998,12,29214,14401,14813
1827,1993,9,5166,0,5166
1827,1993,10,4775,0,4775
1827,1993,11,4775,0,4775
1827,1993,12,4775,0,4775
1827,1994,1,4809,6865,-2056
1827,1994,2,4831,2582,2249
1827,1994,3,4841,2582,2259
1827,1994,4,4850,2582,2268
1827,1994,5,4860,2582,2278
1827,1994,6,4864,6032,-1168
1827,1994,7,4864,3622,1242
1827,1994,8,4866,3782,1084
1827,1994,9,4874,2582,2292
1827,1994,10,4862,7662,-2800
1827,1994,11,4866,4982,-116
1827,1994,12,4868,4482,386
1827,1995,1,4852,16452,-11600
1827,1995,2,4824,2582,2242
1827,1995,3,4834,2582,2252
1827,1995,4,4843,2582,2261
1827,1995,5,4851,3062,1789
1827,1995,6,4850,6782,-1932
1827,1995,7,4852,2582,2270
1827,1995,8,4849,9542,-4693
1827,1995,9,4842,2582,2260
1827,1995,10,4851,2582,2269
1827,1995,11,4860,2582,2278
1827,1995,12,4868,3332,1536
1827,1996,1,4833,16162,-11329
1827,1996,2,4829,2582,2247
1827,1996,3,4828,6422,-1594
1827,1996,4,4832,2582,2250
1827,1996,5,4841,2582,2259
1827,1996,6,4850,2582,2268
1827,1996,7,4850,7142,-2292
1827,1996,8,4850,2582,2268
1827,1996,9,4858,6102,-1244
1827,1996,10,4854,2582,2272
1827,1996,11,4864,2582,2282
1827,1996,12,4873,2932,1941
1827,1997,1,4863,12612,-7749
1827,1997,2,4849,2582,2267
1827,1997,3,4853,4262,591
1827,1997,4,4861,2582,2279
1827,1997,5,4870,2582,2288
1827,1997,6,4850,13582,-8732
1827,1997,7,4835,5622,-787
1827,1997,8,4840,2582,2258
1827,1997,9,4849,2582,2267
1827,1997,10,4852,5062,-210
1827,1997,11,4857,2582,2275
1827,1997,12,4846,9252,-4406
1827,1998,1,4832,8822,-3990
1827,1998,2,4831,2582,2249
1827,1998,3,4840,4742,98
1827,1998,4,4837,4262,575
1827,1998,5,4842,4822,20
1827,1998,6,4844,2582,2262
1827,1998,7,4853,2582,2271
1827,1998,8,4860,4662,198
1827,1998,9,4863,2582,2281
1827,1998,10,4873,2582,2291
1827,1998,11,4875,5062,-187
1827,1998,12,4880,3017,1863
1828,1994,9,1000,0,1000
1828,1994,10,13400,0,13400
1828,1994,11,114836,87100,27736
1828,1994,12,175,8900,-8725
1828,1995,1,6759,10400,-3641
1828,1995,2,123,5700,-5577
1828,1995,3,141638,101278,40360
1828,1995,4,81947,104611,-22664
1828,1995,5,90747,78115,12632
1828,1995,6,84620,84615,5
1828,1995,7,10905,26715,-15810
1828,1995,8,43155,29618,13537
1828,1995,9,31322,31515,-193
1828,1995,10,45537,37305,8232
1828,1995,11,134283,118815,15468
1828,1995,12,53193,71015,-17822
1828,1996,1,30272,14315,15957
1828,1996,2,259,25715,-25456
1828,1996,3,165,13972,-13807
1828,1996,4,56196,40447,15749
1828,1996,5,168,24815,-24647
1828,1996,6,3991,7315,-3324
1828,1996,7,111952,51290,60662
1828,1996,8,255,56374,-56119
1828,1996,9,26623,7315,19308
1828,1996,10,37802,13915,23887
1828,1996,11,11955,21715,-9760
1828,1996,12,156,30532,-30376
1828,1997,1,107001,58873,48128
1828,1997,2,56438,32815,23623
1828,1997,3,331,39515,-39184
1828,1997,4,61585,47847,13738
1828,1997,5,104961,96515,8446
1828,1997,6,7188,34915,-27727
1828,1997,7,49204,81451,-32247
1828,1997,8,70945,7315,63630
1828,1997,9,271,35215,-34944
1828,1997,10,163,20415,-20252
1828,1997,11,23162,24715,-1553
1828,1997,12,44149,41906,2243
1828,1998,1,113591,45515,68076
1828,1998,2,97670,153015,-55345
1828,1998,3,85380,92790,-7410
1828,1998,4,59655,18615,41040
1828,1998,5,219,38515,-38296
1828,1998,6,83833,39015,44818
1828,1998,7,23162,60915,-37753
1828,1998,8,62911,44815,18096
1828,1998,9,92005,73115,18890
1828,1998,10,201,46215,-46014
1828,1998,11,8789,24215,-15426
1828,1998,12,47078,7300,39778
1829,1993,2,900,0,900
1829,1993,3,14135,0,14135
1829,1993,4,9596,0,9596
1829,1993,5,7533,3600,3933
1829,1993,6,11263,10100,1163
1829,1993,7,7560,10539,-2979
1829,1993,8,7557,4199,3358
1829,1993,9,7560,10419,-2859
1829,1993,10,7545,14319,-6774
1829,1993,11,12016,9699,2317
1829,1993,12,11261,7379,3882
1829,1994,1,14026,22179,-8153
1829,1994,2,7520,4499,3021
1829,1994,3,8530,3699,4831
1829,1994,4,7548,11399,-3851
1829,1994,5,9628,6579,3049
1829,1994,6,11261,10799,462
1829,1994,7,7545,8359,-814
1829,1994,8,7542,5299,2243
1829,1994,9,7548,9599,-2051
1829,1994,10,7541,6299,1242
1829,1994,11,7542,10299,-2757
1829,1994,12,11248,14939,-3691
1829,1995,1,10500,15819,-5319
1829,1995,2,7499,4299,3200
1829,1995,3,7511,5599,1912
1829,1995,4,7513,8799,-1286
1829,1995,5,7503,11899,-4396
1829,1995,6,11209,10599,610
1829,1995,7,7489,10699,-3210
1829,1995,8,7481,7699,-218
1829,1995,9,7487,5259,2228
1829,1995,10,7496,3699,3797
1829,1995,11,7498,9299,-1801
1829,1995,12,11205,13359,-2154
1829,1996,1,7487,7419,68
1829,1996,2,7495,3699,3796
1829,1996,3,7487,13399,-5912
1829,1996,4,7495,3699,3796
1829,1996,5,7502,3699,3803
1829,1996,6,11242,3699,7543
1829,1996,7,7559,3699,3860
1829,1996,8,7553,10179,-2626
1829,1996,9,7563,3699,3864
1829,1996,10,7570,3699,3871
1829,1996,11,7582,5979,1603
1829,1996,12,11322,5619,5703
1829,1997,1,7511,34999,-27488
1829,1997,2,7501,3699,3802
1829,1997,3,7508,7179,329
1829,1997,4,7507,8379,-872
1829,1997,5,7514,7419,95
1829,1997,6,11239,5139,6100
1829,1997,7,7535,9459,-1924
1829,1997,8,7527,7779,-252
1829,1997,9,7509,12199,-4690
1829,1997,10,7522,3699,3823
1829,1997,11,7519,10699,-3180
1829,1997,12,11234,5779,5455
1829,1998,1,7515,14299,-6784
1829,1998,2,7508,4299,3209
1829,1998,3,7514,8859,-1345
1829,1998,4,7513,6579,934
1829,1998,5,7530,3699,3831
1829,1998,6,11238,12399,-1161
1829,1998,7,7541,3699,3842
1829,1998,8,7557,3699,3858
1829,1998,9,7572,3699,3873
1829,1998,10,7580,7779,-199
1829,1998,11,7571,22099,-14528
1829,1998,12,11251,4484,6767
1830,1993,2,1000,0,1000
1830,1993,3,19298,0,19298
1830,1993,4,11647,3600,8047
1830,1993,5,11667,7900,3767
1830,1993,6,17457,12300,5157
1830,1993,7,11677,21087,-9410
1830,1993,8,11653,11807,-154
1830,1993,9,11631,18767,-7136
1830,1993,10,11608,19327,-7719
1830,1993,11,13113,7707,5406
1830,1993,12,17398,15447,1951
1830,1994,1,14718,20987,-6269
1830,1994,2,17232,7707,9525
1830,1994,3,11627,14607,-2980
1830,1994,4,13546,7707,5839
1830,1994,5,11655,10007,1648
1830,1994,6,17428,21167,-3739
1830,1994,7,11646,10107,1539
1830,1994,8,11647,11607,40
1830,1994,9,11648,12827,-1179
1830,1994,10,11653,14107,-2454
1830,1994,11,11643,10507,1136
1830,1994,12,17435,13727,3708
1830,1995,1,16624,24107,-7483
1830,1995,2,11632,10607,1025
1830,1995,3,11637,11607,30
1830,1995,4,11635,13107,-1472
1830,1995,5,11627,14687,-3060
1830,1995,6,17395,13127,4268
1830,1995,7,11632,12807,-1175
1830,1995,8,11627,12007,-380
1830,1995,9,11623,15407,-3784
1830,1995,10,11613,7707,3906
1830,1995,11,11615,13467,-1852
1830,1995,12,17397,21007,-3610
1830,1996,1,11596,11187,409
1830,1996,2,11607,7707,3900
1830,1996,3,11624,7707,3917
1830,1996,4,11627,19107,-7480
1830,1996,5,11609,7707,3902
1830,1996,6,17413,7707,9706
1830,1996,7,11658,11547,111
1830,1996,8,11666,7707,3959
1830,1996,9,11682,7707,3975
1830,1996,10,11657,33907,-22250
1830,1996,11,11606,7707,3899
1830,1996,12,17395,12347,5048
1830,1997,1,11625,18627,-7002
1830,1997,2,11614,7707,3907
1830,1997,3,11630,7707,3923
1830,1997,4,11646,7707,3939
1830,1997,5,11663,7707,3956
1830,1997,6,17467,7707,9760
1830,1997,7,11709,11067,642
1830,1997,8,11661,36007,-24346
1830,1997,9,11606,12387,-781
1830,1997,10,11617,7707,3910
1830,1997,11,11631,11787,-156
1830,1997,12,17417,11707,5710
1830,1998,1,11628,21627,-9999
1830,1998,2,11615,7707,3908
1830,1998,3,11628,13467,-1839
1830,1998,4,11623,7707,3916
1830,1998,5,11640,7707,3933
1830,1998,6,17440,12267,5173
1830,1998,7,11675,17187,-5512
1830,1998,8,11642,11547,95
1830,1998,9,11640,12507,-867
1830,1998,10,11651,7707,3944
1830,1998,11,11667,7707,3960
1830,1998,12,17470,10252,7218
1831,1993,9,600,0,600
1831,1993,10,6480,0,6480
1831,1993,11,6480,0,6480
1831,1993,12,6480,0,6480
1831,1994,1,6480,0,6480
1831,1994,2,6547,5962,585
1831,1994,3,6597,9122,-2525
1831,1994,4,6591,3462,3129
1831,1994,5,6595,10202,-3607
1831,1994,6,6577,13862,-7285
1831,1994,7,6557,4462,2095
1831,1994,8,6558,7262,-704
1831,1994,9,6567,2062,4505
1831,1994,10,6583,3362,3221
1831,1994,11,6596,3562,3034
1831,1994,12,6603,6112,491
1831,1995,1,6592,12962,-6370
1831,1995,2,6584,5942,642
1831,1995,3,6588,3162,3426
1831,1995,4,6597,5262,1335
1831,1995,5,6598,7062,-464
1831,1995,6,6586,12212,-5626
1831,1995,7,6584,3022,3562
1831,1995,8,6586,7682,-1096
1831,1995,9,6589,4662,1927
1831,1995,10,6597,5162,1435
1831,1995,11,6606,3762,2844
1831,1995,12,6609,6612,-3
1831,1996,1,6596,13132,-6536
1831,1996,2,6593,2062,4531
1831,1996,3,6611,2962,3649
1831,1996,4,6619,5462,1157
1831,1996,5,6620,6762,-142
1831,1996,6,6610,22242,-15632
1831,1996,7,6560,6462,98
1831,1996,8,6566,2062,4504
1831,1996,9,6585,2562,4023
1831,1996,10,6595,5262,1333
1831,1996,11,6591,9182,-2591
1831,1996,12,6585,6612,-27
1831,1997,1,6564,13722,-7158
1831,1997,2,6566,2062,4504
1831,1997,3,6585,2062,4523
1831,1997,4,6605,2162,4443
1831,1997,5,6592,11502,-4910
1831,1997,6,6586,17562,-10976
1831,1997,7,6554,3562,2992
1831,1997,8,6563,4762,1801
1831,1997,9,6575,4462,2113
1831,1997,10,6583,6662,-79
1831,1997,11,6583,4762,1821
1831,1997,12,6584,7352,-768
1831,1998,1,6575,9912,-3337
1831,1998,2,6573,4962,1611
1831,1998,3,6579,6162,417
1831,1998,4,6575,10442,-3867
1831,1998,5,6565,4262,2303
1831,1998,6,6573,7162,-589
1831,1998,7,6571,5162,1409
1831,1998,8,6575,7062,-487
1831,1998,9,6574,5862,712
1831,1998,10,6577,5362,1215
1831,1998,11,6581,5662,919
1831,1998,12,6583,6267,316
1832,1996,4,21876,0,21876
1832,1996,5,25175,9900,15275
1832,1996,6,31239,18300,12939
1832,1996,7,20930,20100,830
1832,1996,8,20931,23615,-2684
1832,1996,9,20937,24743,-3806
1832,1996,10,20908,26560,-5652
1832,1996,11,20873,27843,-6970
1832,1996,12,31250,26043,5207
1832,1997,1,24321,37989,-13668
1832,1997,2,20835,13843,6992
1832,1997,3,20851,28673,-7822
1832,1997,4,20833,13643,7190
1832,1997,5,22532,21660,872
1832,1997,6,31245,23243,8002
1832,1997,7,20878,31679,-10801
1832,1997,8,20835,21673,-838
1832,1997,9,20850,13143,7707
1832,1997,10,20883,13443,7440
1832,1997,11,20906,19043,1863
1832,1997,12,31249,31992,-743
1832,1998,1,31431,50004,-18573
1832,1998,2,22332,25801,-3469
1832,1998,3,24623,15943,8680
1832,1998,4,20862,14485,6377
1832,1998,5,20863,21443,-580
1832,1998,6,31219,32643,-1424
1832,1998,7,20874,16443,4431
1832,1998,8,20851,37445,-16594
1832,1998,9,20827,13043,7784
1832,1998,10,20850,17832,3018
1832,1998,11,20853,22951,-2098
1832,1998,12,31257,9928,21329
1833,1997,11,900,0,900
1833,1997,12,6646,0,6646
1833,1998,1,6646,0,6646
1833,1998,2,6646,0,6646
1833,1998,3,6707,1000,5707
1833,1998,4,6769,1689,5080
1833,1998,5,6791,1689,5102
1833,1998,6,6800,6589,211
1833,1998,7,6811,3389,3422
1833,1998,8,6799,12289,-5490
1833,1998,9,6801,3389,3412
1833,1998,10,6789,13009,-6220
1833,1998,11,6787,4489,2298
1833,1998,12,6794,5174,1620
1834,1993,8,18979,0,18979
1834,1993,9,19057,0,19057
1834,1993,10,18413,7000,11413
1834,1993,11,18443,12700,5743
1834,1993,12,27592,35435,-7843
1834,1994,1,18383,39779,-21396
1834,1994,2,18354,10499,7855
1834,1994,3,18355,20939,-2584
1834,1994,4,18382,17599,783
1834,1994,5,18363,17139,1224
1834,1994,6,27487,28719,-1232
1834,1994,7,18381,17199,1182
1834,1994,8,18385,15599,2786
1834,1994,9,18385,20879,-2494
1834,1994,10,18378,15079,3299
1834,1994,11,18399,15599,2800
1834,1994,12,27540,26159,1381
1834,1995,1,19450,33539,-14089
1834,1995,2,18360,9799,8561
1834,1995,3,18392,16099,2293
1834,1995,4,18399,18899,-500
1834,1995,5,18398,14679,3719
1834,1995,6,27521,32159,-4638
1834,1995,7,18393,16499,1894
1834,1995,8,18391,17899,492
1834,1995,9,18402,15499,2903
1834,1995,10,18385,21399,-3014
1834,1995,11,18403,13999,4404
1834,1995,12,27534,24379,3155
1834,1996,1,18397,26739,-8342
1834,1996,2,18401,12099,6302
1834,1996,3,18414,20199,-1785
1834,1996,4,18415,14399,4016
1834,1996,5,18423,20759,-2336
1834,1996,6,27504,35639,-8135
1834,1996,7,18388,13799,4589
1834,1996,8,18400,18839,-439
1834,1996,9,18400,15699,2701
1834,1996,10,18418,12699,5719
1834,1996,11,18434,15799,2635
1834,1996,12,27554,25759,1795
1834,1997,1,23131,32579,-9448
1834,1997,2,18405,17059,1346
1834,1997,3,18434,8699,9735
1834,1997,4,18460,14939,3521
1834,1997,5,18472,15699,2773
1834,1997,6,27539,55959,-28420
1834,1997,7,23697,8099,15598
1834,1997,8,19451,8099,11352
1834,1997,9,18467,21179,-2712
1834,1997,10,18468,13599,4869
1834,1997,11,18480,16099,2381
1834,1997,12,27603,23739,3864
1834,1998,1,18451,35939,-17488
1834,1998,2,22768,8099,14669
1834,1998,3,18462,28339,-9877
1834,1998,4,18475,13699,4776
1834,1998,5,18458,22879,-4421
1834,1998,6,27589,33719,-6130
1834,1998,7,20156,8099,12057
1834,1998,8,18492,11099,7393
1834,1998,9,18500,17199,1301
1834,1998,10,18516,13999,4517
1834,1998,11,18515,18719,-204
1834,1998,12,27653,21704,5949
1835,1994,12,800,0,800
1835,1995,1,19281,0,19281
1835,1995,2,16053,4300,11753
1835,1995,3,16095,10400,5695
1835,1995,4,16114,15000,1114
1835,1995,5,16133,18084,-1951
1835,1995,6,24093,25884,-1791
1835,1995,7,16117,15284,833
1835,1995,8,16119,15684,435
1835,1995,9,16124,14984,1140
1835,1995,10,16128,15384,744
1835,1995,11,16135,12384,3751
1835,1995,12,24138,21884,2254
1835,1996,1,16125,26384,-10259
1835,1996,2,16117,11684,4433
1835,1996,3,16136,11984,4152
1835,1996,4,16144,16184,-40
1835,1996,5,16148,14184,1964
1835,1996,6,24139,46484,-22345
1835,1996,7,19484,7384,12100
1835,1996,8,16123,8984,7139
1835,1996,9,16147,11084,5063
1835,1996,10,16160,14484,1676
1835,1996,11,16172,15584,588
1835,1996,12,24162,18184,5978
1835,1997,1,16170,24284,-8114
1835,1997,2,16158,14584,1574
1835,1997,3,16161,16384,-223
1835,1997,4,16165,14184,1981
1835,1997,5,16174,13884,2290
1835,1997,6,24184,31784,-7600
1835,1997,7,16162,9784,6378
1835,1997,8,16175,14484,1691
1835,1997,9,16184,14184,2000
1835,1997,10,16172,20084,-3912
1835,1997,11,16171,15784,387
1835,1997,12,24154,24984,-830
1835,1998,1,24490,18584,5906
1835,1998,2,16216,8284,7932
1835,1998,3,16214,19684,-3470
1835,1998,4,20838,11584,9254
1835,1998,5,16973,8784,8189
1835,1998,6,24276,39984,-15708
1835,1998,7,17749,7384,10365
1835,1998,8,16272,15284,988
1835,1998,9,16278,11584,4694
1835,1998,10,16300,10684,5616
1835,1998,11,16311,14684,1627
1835,1998,12,24311,18469,5842
1836,1996,2,900,0,900
1836,1996,3,17884,0,17884
1836,1996,4,17754,3400,14354
1836,1996,5,17793,12600,5193
1836,1996,6,26643,19000,7643
1836,1996,7,17827,23266,-5439
1836,1996,8,17796,24566,-6770
1836,1996,9,17763,27166,-9403
1836,1996,10,17751,16066,1685
1836,1996,11,17748,20266,-2518
1836,1996,12,26587,20066,6521
1836,1997,1,19764,28466,-8702
1836,1997,2,21470,8366,13104
1836,1997,3,17789,17966,-177
1836,1997,4,17810,10266,7544
1836,1997,5,17824,18766,-942
1836,1997,6,26630,45766,-19136
1836,1997,7,20670,10566,10104
1836,1997,8,17780,16666,1114
1836,1997,9,17787,16366,1421
1836,1997,10,17792,18166,-374
1836,1997,11,17776,19166,-1390
1836,1997,12,26617,23466,3151
1836,1998,1,17735,38566,-20831
1836,1998,2,18134,8366,9768
1836,1998,3,17773,9266,8507
1836,1998,4,17775,23366,-5591
1836,1998,5,17778,11666,6112
1836,1998,6,26618,19166,7452
1836,1998,7,17822,17166,656
1836,1998,8,17813,19666,-1853
1836,1998,9,17819,15366,2453
1836,1998,10,17826,18466,-640
1836,1998,11,17821,15766,2055
1836,1998,12,26654,20451,6203
1837,1993,6,300,0,300
1837,1993,7,22459,1400,21059
1837,1993,8,22541,9200,13341
1837,1993,9,22589,15200,7389
1837,1993,10,22614,20400,2214
1837,1993,11,22637,23102,-465
1837,1993,12,33871,30262,3609
1837,1994,1,22632,37082,-14450
1837,1994,2,22591,20002,2589
1837,1994,3,22607,18502,4105
1837,1994,4,22616,25562,-2946
1837,1994,5,22611,18002,4609
1837,1994,6,33848,31862,1986
1837,1994,7,22627,23002,-375
1837,1994,8,22618,27622,-5004
1837,1994,9,22612,17602,5010
1837,1994,10,22625,21802,823
1837,1994,11,22623,23602,-979
1837,1994,12,33859,26542,7317
1837,1995,1,22635,36842,-14207
1837,1995,2,22604,15002,7602
1837,1995,3,22630,19302,3328
1837,1995,4,22616,28182,-5566
1837,1995,5,22623,17502,5121
1837,1995,6,33856,39662,-5806
1837,1995,7,22615,21362,1253
1837,1995,8,22649,16302,6347
1837,1995,9,22642,20502,2140
1837,1995,10,22642,24902,-2260
1837,1995,11,22661,13102,9559
1837,1995,12,33941,19942,13999
1837,1996,1,22725,31462,-8737
1837,1996,2,22702,21042,1660
1837,1996,3,22706,22942,-236
1837,1996,4,22711,19502,3209
1837,1996,5,22719,21502,1217
1837,1996,6,33900,46982,-13082
1837,1996,7,22695,12002,10693
1837,1996,8,22713,29022,-6309
1837,1996,9,22695,18502,4193
1837,1996,10,22716,17302,5414
1837,1996,11,22728,21102,1626
1837,1996,12,33962,23042,10920
1837,1997,1,22731,43842,-21111
1837,1997,2,22692,21202,1490
1837,1997,3,22708,17402,5306
1837,1997,4,22701,21982,719
1837,1997,5,22732,17802,4930
1837,1997,6,33949,33682,267
1837,1997,7,22748,19802,2946
1837,1997,8,22746,25542,-2796
1837,1997,9,22743,21902,841
1837,1997,10,22744,39202,-16458
1837,1997,11,22732,19822,2910
1837,1997,12,33970,25642,8328
1837,1998,1,22721,37002,-14281
1837,1998,2,22697,16162,6535
1837,1998,3,22726,19502,3224
1837,1998,4,22723,23622,-899
1837,1998,5,22732,22702,30
1837,1998,6,33933,33442,491
1837,1998,7,22735,16502,6233
1837,1998,8,22755,20882,1873
1837,1998,9,22765,18502,4263
1837,1998,10,22769,26022,-3253
1837,1998,11,22767,18602,4165
1837,1998,12,34016,33947,69
1838,1994,5,400,0,400
1838,1994,6,12500,0,12500
1838,1994,7,5000,0,5000
1838,1994,8,1400,0,1400
1838,1994,9,4200,0,4200
1838,1994,10,4200,0,4200
1838,1994,11,0,1800,-1800
1838,1994,12,1600,0,1600
1838,1995,1,1600,0,1600
1838,1995,2,1900,0,1900
1838,1995,3,0,2200,-2200
1838,1995,4,23337,12600,10737
1838,1995,5,26280,5900,20380
1838,1995,6,249,13000,-12751
1838,1995,7,40494,28100,12394
1838,1995,8,247,13500,-13253
1838,1995,9,66267,26215,40052
1838,1995,10,30912,67655,-36743
1838,1995,11,1693,8955,-7262
1838,1995,12,60634,38755,21879
1838,1996,1,230,17855,-17625
1838,1996,2,1579,8955,-7376
1838,1996,3,8447,20003,-11556
1838,1996,4,18009,17655,354
1838,1996,5,13911,23587,-9676
1838,1996,6,17289,12425,4864
1838,1996,7,16589,14955,1634
1838,1996,8,12613,8955,3658
1838,1996,9,83334,22455,60879
1838,1996,10,295,29055,-28760
1838,1996,11,24762,39055,-14293
1838,1996,12,7186,11055,-3869
1838,1997,1,6068,8955,-2887
1838,1997,2,11144,19064,-7920
1838,1997,3,12021,13755,-1734
1838,1997,4,70977,51081,19896
1838,1997,5,74415,61955,12460
1838,1997,6,36306,34693,1613
1838,1997,7,28867,14355,14512
1838,1997,8,266,18755,-18489
1838,1997,9,191,18255,-18064
1838,1997,10,1450,8955,-7505
1838,1997,11,22779,23055,-276
1838,1997,12,13706,29655,-15949
1838,1998,1,57332,8955,48377
1838,1998,2,10593,43335,-32742
1838,1998,3,20842,9755,11087
1838,1998,4,130,17555,-17425
1838,1998,5,58082,24176,33906
1838,1998,6,34906,39418,-4512
1838,1998,7,37542,23655,13887
1838,1998,8,117342,127997,-10655
1838,1998,9,21356,45164,-23808
1838,1998,10,106336,48081,58255
1838,1998,11,72949,87757,-14808
1838,1998,12,24285,45540,-21255
1839,1997,6,600,0,600
1839,1997,7,16261,0,16261
1839,1997,8,13625,1900,11725
1839,1997,9,13659,12300,1359
1839,1997,10,13666,11500,2166
1839,1997,11,13680,8715,4965
1839,1997,12,20469,20508,-39
1839,1998,1,13698,11908,1790
1839,1998,2,13724,11408,2316
1839,1998,3,13720,14408,-688
1839,1998,4,13718,13008,710
1839,1998,5,13718,15308,-1590
1839,1998,6,20489,23908,-3419
1839,1998,7,13704,9908,3796
1839,1998,8,13715,11808,1907
1839,1998,9,13731,7708,6023
1839,1998,10,13750,10408,3342
1839,1998,11,13766,9108,4658
1839,1998,12,20585,4093,16492
1840,1997,1,900,0,900
1840,1997,2,14524,0,14524
1840,1997,3,9482,0,9482
1840,1997,4,8913,6200,2713
1840,1997,5,8924,6700,2224
1840,1997,6,13639,25415,-11776
1840,1997,7,8882,8015,867
1840,1997,8,8891,5115,3776
1840,1997,9,8902,9215,-313
1840,1997,10,8911,6915,1996
1840,1997,11,8906,9515,-609
1840,1997,12,13326,13915,-589
1840,1998,1,8891,16515,-7624
1840,1998,2,8873,7415,1458
1840,1998,3,8883,11315,-2432
1840,1998,4,8870,6815,2055
1840,1998,5,8879,7015,1864
1840,1998,6,13283,15715,-2432
1840,1998,7,8883,6115,2768
1840,1998,8,8882,10215,-1333
1840,1998,9,8893,2615,6278
1840,1998,10,8902,13015,-4113
1840,1998,11,8894,15815,-6921
1840,1998,12,13308,500,12808
1841,1997,6,300,0,300
1841,1997,7,17898,0,17898
1841,1997,8,4838,0,4838
1841,1997,9,8167,0,8167
1841,1997,10,5494,0,5494
1841,1997,11,4799,5615,-816
1841,1997,12,7128,5394,1734
1841,1998,1,14789,17994,-3205
1841,1998,2,4794,3214,1580
1841,1998,3,4801,3214,1587
1841,1998,4,10125,3114,7011
1841,1998,5,7045,3114,3931
1841,1998,6,7286,3114,4172
1841,1998,7,4861,6214,-1353
1841,1998,8,4840,14094,-9254
1841,1998,9,4817,6014,-1197
1841,1998,10,5924,4674,1250
1841,1998,11,4927,3114,1813
1841,1998,12,8965,7259,1706
1843,1993,1,1000,0,1000
1843,1993,2,17632,0,17632
1843,1993,3,21666,8600,13066
1843,1993,4,17765,12200,5565
1843,1993,5,17788,15600,2188
1843,1993,6,26649,26809,-160
1843,1993,7,17810,22809,-4999
1843,1993,8,19350,33741,-14391
1843,1993,9,17736,9948,7788
1843,1993,10,17767,13448,4319
1843,1993,11,17758,27182,-9424
1843,1993,12,26556,26048,508
1843,1994,1,17733,20148,-2415
1843,1994,2,17738,10948,6790
1843,1994,3,17740,22648,-4908
1843,1994,4,24115,24348,-233
1843,1994,5,18237,15948,2289
1843,1994,6,26569,21974,4595
1843,1994,7,19939,26420,-6481
1843,1994,8,17744,13548,4196
1843,1994,9,17761,13148,4613
1843,1994,10,17769,28084,-10315
1843,1994,11,17741,10748,6993
1843,1994,12,26579,28294,-1715
1843,1995,1,19038,24648,-5610
1843,1995,2,17731,16948,783
1843,1995,3,17741,11748,5993
1843,1995,4,17761,14548,3213
1843,1995,5,17757,25848,-8091
1843,1995,6,26553,24048,2505
1843,1995,7,17748,16348,1400
1843,1995,8,17752,16748,1004
1843,1995,9,17755,17048,707
1843,1995,10,17764,13948,3816
1843,1995,11,17772,17248,524
1843,1995,12,26611,22348,4263
1843,1996,1,19237,36348,-17111
1843,1996,2,17734,10648,7086
1843,1996,3,17758,13148,4610
1843,1996,4,17771,15748,2023
1843,1996,5,17772,18548,-776
1843,1996,6,26627,24248,2379
1843,1996,7,17762,25786,-8024
1843,1996,8,17725,28030,-10305
1843,1996,9,17714,18309,-595
1843,1996,10,17710,15909,1801
1843,1996,11,17706,19209,-1503
1843,1996,12,26545,18709,7836
1843,1997,1,17708,30609,-12901
1843,1997,2,17700,12409,5291
1843,1997,3,17719,14109,3610
1843,1997,4,17739,11909,5830
1843,1997,5,17757,15009,2748
1843,1997,6,26599,20309,6290
1843,1997,7,17780,19109,-1329
1843,1997,8,17781,16409,1372
1843,1997,9,22327,10809,11518
1843,1997,10,17867,12709,5158
1843,1997,11,17852,17609,243
1843,1997,12,26682,27409,-727
1843,1998,1,17753,48709,-30956
1843,1998,2,23562,12309,11253
1843,1998,3,19904,9209,10695
1843,1998,4,17823,14809,3014
1843,1998,5,17847,11109,6738
1843,1998,6,26698,34953,-8255
1843,1998,7,17845,11009,6836
1843,1998,8,17851,16909,942
1843,1998,9,17844,17915,-71
1843,1998,10,17816,36909,-19093
1843,1998,11,17786,20564,-2778
1843,1998,12,26583,24899,1684
1844,1993,1,3755,0,3755
1844,1993,2,3258,0,3258
1844,1993,3,3258,0,3258
1844,1993,4,3258,0,3258
1844,1993,5,3291,3586,-295
1844,1993,6,3300,2326,974
1844,1993,7,3303,3226,77
1844,1993,8,3305,2176,1129
1844,1993,9,3309,2746,563
1844,1993,10,3312,2176,1136
1844,1993,11,3315,2596,719
1844,1993,12,3320,2536,784
1844,1994,1,3321,3436,-115
1844,1994,2,3322,2176,1146
1844,1994,3,3327,2176,1151
1844,1994,4,3332,2176,1156
1844,1994,5,3333,3556,-223
1844,1994,6,3334,5806,-2472
1844,1994,7,3326,2176,1150
1844,1994,8,3330,2176,1154
1844,1994,9,3334,2566,768
1844,1994,10,3338,2176,1162
1844,1994,11,3343,2176,1167
1844,1994,12,3346,3106,240
1844,1995,1,3348,3556,-208
1844,1995,2,3348,2176,1172
1844,1995,3,3353,2176,1177
1844,1995,4,3358,2176,1182
1844,1995,5,3363,2176,1187
1844,1995,6,3360,5536,-2176
1844,1995,7,3358,2176,1182
1844,1995,8,3363,2536,827
1844,1995,9,3367,2176,1191
1844,1995,10,3372,2176,1196
1844,1995,11,3377,2176,1201
1844,1995,12,3378,4006,-628
1844,1996,1,3374,4336,-962
1844,1996,2,3371,3526,-155
1844,1996,3,3374,2176,1198
1844,1996,4,3379,2176,1203
1844,1996,5,3384,2176,1208
1844,1996,6,3387,9016,-5629
1844,1996,7,3366,2176,1190
1844,1996,8,3370,2176,1194
1844,1996,9,3375,2176,1199
1844,1996,10,3380,2176,1204
1844,1996,11,3383,3136,247
1844,1996,12,3383,4006,-623
1844,1997,1,3383,3166,217
1844,1997,2,3384,2416,968
1844,1997,3,3388,2176,1212
1844,1997,4,3393,2176,1217
1844,1997,5,3398,2176,1222
1844,1997,6,3383,8116,-4733
1844,1997,7,3383,2176,1207
1844,1997,8,3388,2176,1212
1844,1997,9,3393,2176,1217
1844,1997,10,3398,3166,232
1844,1997,11,3399,2176,1223
1844,1997,12,3402,2836,566
1844,1998,1,3406,3436,-30
1844,1998,2,3406,2176,1230
1844,1998,3,3411,2176,1235
1844,1998,4,3416,3016,400
1844,1998,5,3419,2176,1243
1844,1998,6,3410,8056,-4646
1844,1998,7,3403,2176,1227
1844,1998,8,3408,2446,962
1844,1998,9,3412,2176,1236
1844,1998,10,3416,2686,730
1844,1998,11,3420,2176,1244
1844,1998,12,3423,3991,-568
1845,1997,8,800,0,800
1845,1997,9,33635,5100,28535
1845,1997,10,37987,0,37987
1845,1997,11,23577,15300,8277
1845,1997,12,314,21100,-20786
1845,1998,1,314,9100,-8786
1845,1998,2,24494,19100,5394
1845,1998,3,47893,32964,14929
1845,1998,4,218,25152,-24934
1845,1998,5,96925,50760,46165
1845,1998,6,6098,61757,-55659
1845,1998,7,36774,46711,-9937
1845,1998,8,64675,18052,46623
1845,1998,9,78773,49334,29439
1845,1998,10,40723,79552,-38829
1845,1998,11,19100,25552,-6452
1845,1998,12,5857,31931,-26074
1846,1995,6,1000,0,1000
1846,1995,7,3093,0,3093
1846,1995,8,3093,0,3093
1846,1995,9,3093,0,3093
1846,1995,10,3093,0,3093
1846,1995,11,3135,2077,1058
1846,1995,12,3148,5467,-2319
1846,1996,1,3146,2767,379
1846,1996,2,3148,2257,891
1846,1996,3,3152,2077,1075
1846,1996,4,3156,3007,149
1846,1996,5,3157,2077,1080
1846,1996,6,3157,4177,-1020
1846,1996,7,3156,3067,89
1846,1996,8,3158,2077,1081
1846,1996,9,3162,2257,905
1846,1996,10,3166,2077,1089
1846,1996,11,3170,2077,1093
1846,1996,12,3174,2437,737
1846,1997,1,3176,2887,289
1846,1997,2,3178,3517,-339
1846,1997,3,3177,2287,890
1846,1997,4,3181,2077,1104
1846,1997,5,3186,2077,1109
1846,1997,6,3183,11107,-7924
1846,1997,7,3158,2077,1081
1846,1997,8,3160,2797,363
1846,1997,9,3163,2077,1086
1846,1997,10,3168,2077,1091
1846,1997,11,3173,2077,1096
1846,1997,12,3173,4177,-1004
1846,1998,1,3166,6217,-3051
1846,1998,2,3160,2077,1083
1846,1998,3,3165,2077,1088
1846,1998,4,3169,2077,1092
1846,1998,5,3174,2077,1097
1846,1998,6,3178,2077,1101
1846,1998,7,3183,2077,1106
1846,1998,8,3187,2077,1110
1846,1998,9,3192,2077,1115
1846,1998,10,3193,3337,-144
1846,1998,11,3196,2077,1119
1846,1998,12,3199,2842,357
1847,1996,4,6799,0,6799
1847,1996,5,5707,0,5707
1847,1996,6,5707,0,5707
1847,1996,7,5707,0,5707
1847,1996,8,5769,2430,3339
1847,1996,9,5800,3750,2050
1847,1996,10,5809,4690,1119
1847,1996,11,5810,6230,-420
1847,1996,12,5814,2800,3014
1847,1997,1,5800,13590,-7790
1847,1997,2,5793,1830,3963
1847,1997,3,5810,1830,3980
1847,1997,4,5826,1830,3996
1847,1997,5,5843,1830,4013
1847,1997,6,5818,17670,-11852
1847,1997,7,5809,2950,2859
1847,1997,8,5822,1830,3992
1847,1997,9,5831,5510,321
1847,1997,10,5840,1830,4010
1847,1997,11,5857,1830,4027
1847,1997,12,5873,3080,2793
1847,1998,1,5858,13630,-7772
1847,1998,2,5852,1830,4022
1847,1998,3,5870,1830,4040
1847,1998,4,5886,1830,4056
1847,1998,5,5903,1830,4073
1847,1998,6,5905,8680,-2775
1847,1998,7,5910,2390,3520
1847,1998,8,5919,5130,789
1847,1998,9,5921,5890,31
1847,1998,10,5913,8750,-2837
1847,1998,11,5910,7130,-1220
1847,1998,12,5901,6095,-194
1848,1994,8,6232,0,6232
1848,1994,9,13282,0,13282
1848,1994,10,7718,0,7718
1848,1994,11,5335,2000,3335
1848,1994,12,7947,10768,-2821
1848,1995,1,6714,15388,-8674
1848,1995,2,5294,3488,1806
1848,1995,3,5506,4208,1298
1848,1995,4,5293,8488,-3195
1848,1995,5,5298,6488,-1190
1848,1995,6,7904,5788,2116
1848,1995,7,5296,8788,-3492
1848,1995,8,5276,7548,-2272
1848,1995,9,6673,7568,-895
1848,1995,10,5269,5088,181
1848,1995,11,6171,3488,2683
1848,1995,12,9389,6208,3181
1848,1996,1,5281,10948,-5667
1848,1996,2,6571,4448,2123
1848,1996,3,5277,6488,-1211
1848,1996,4,7777,3488,4289
1848,1996,5,5289,6888,-1599
1848,1996,6,7895,5788,2107
1848,1996,7,5290,7788,-2498
1848,1996,8,5281,6088,-807
1848,1996,9,5276,7188,-1912
1848,1996,10,5267,8188,-2921
1848,1996,11,5261,3488,1773
1848,1996,12,7972,7208,764
1848,1997,1,5258,8648,-3390
1848,1997,2,5257,3488,1769
1848,1997,3,5264,3488,1776
1848,1997,4,5272,3488,1784
1848,1997,5,5279,3488,1791
1848,1997,6,7888,7448,440
1848,1997,7,5278,7928,-2650
1848,1997,8,5277,3488,1789
1848,1997,9,5285,3488,1797
1848,1997,10,5279,10188,-4909
1848,1997,11,5272,3488,1784
1848,1997,12,7885,7008,877
1848,1998,1,5275,7448,-2173
1848,1998,2,5273,3488,1785
1848,1998,3,5281,3488,1793
1848,1998,4,5281,7448,-2167
1848,1998,5,5279,3488,1791
1848,1998,6,7898,3488,4410
1848,1998,7,5305,3488,1817
1848,1998,8,5312,3488,1824
1848,1998,9,5314,6608,-1294
1848,1998,10,5315,3488,1827
1848,1998,11,5322,3488,1834
1848,1998,12,7939,7793,146
1851,1993,5,1000,0,1000
1851,1993,6,16876,0,16876
1851,1993,7,7020,0,7020
1851,1993,8,6342,4500,1842
1851,1993,9,6348,5900,448
1851,1993,10,6356,3915,2441
1851,1993,11,6351,10964,-4613
1851,1993,12,9460,13664,-4204
1851,1994,1,11609,19964,-8355
1851,1994,2,9000,3664,5336
1851,1994,3,10024,3664,6360
1851,1994,4,6341,5564,777
1851,1994,5,6344,5364,980
1851,1994,6,9460,21064,-11604
1851,1994,7,10812,3664,7148
1851,1994,8,8126,6964,1162
1851,1994,9,6335,4764,1571
1851,1994,10,9631,10464,-833
1851,1994,11,6330,8464,-2134
1851,1994,12,13164,4964,8200
1851,1995,1,6342,15864,-9522
1851,1995,2,12730,7564,5166
1851,1995,3,6344,5164,1180
1851,1995,4,6352,3964,2388
1851,1995,5,6357,5364,993
1851,1995,6,12237,20064,-7827
1851,1995,7,6331,4764,1567
1851,1995,8,7544,3664,3880
1851,1995,9,6356,6764,-408
1851,1995,10,9340,13264,-3924
1851,1995,11,11654,3664,7990
1851,1995,12,9488,8264,1224
1851,1996,1,6333,21464,-15131
1851,1996,2,9121,3664,5457
1851,1996,3,9843,4864,4979
1851,1996,4,6343,8164,-1821
1851,1996,5,6346,4764,1582
1851,1996,6,9470,7664,1806
1851,1996,7,6362,4164,2198
1851,1996,8,6356,11264,-4908
1851,1996,9,6351,3764,2587
1851,1996,10,6346,8864,-2518
1851,1996,11,6853,3664,3189
1851,1996,12,11496,4764,6732
1851,1997,1,6954,21264,-14310
1851,1997,2,11242,8664,2578
1851,1997,3,14369,3664,10705
1851,1997,4,6389,3664,2725
1851,1997,5,7704,3664,4040
1851,1997,6,10008,17664,-7656
1851,1997,7,10096,6664,3432
1851,1997,8,6400,5664,736
1851,1997,9,11386,12864,-1478
1851,1997,10,9597,3664,5933
1851,1997,11,7921,3664,4257
1851,1997,12,11062,4864,6198
1851,1998,1,12233,15964,-3731
1851,1998,2,8549,3664,4885
1851,1998,3,8470,3664,4806
1851,1998,4,6487,5664,823
1851,1998,5,6492,3664,2828
1851,1998,6,15263,30164,-14901
1851,1998,7,9046,3664,5382
1851,1998,8,6462,5664,798
1851,1998,9,6464,5364,1100
1851,1998,10,6470,5164,1306
1851,1998,11,6471,8664,-2193
1851,1998,12,9574,18049,-8475
1852,1993,7,3709,0,3709
1852,1993,8,14355,0,14355
1852,1993,9,5289,0,5289
1852,1993,10,3402,1100,2302
1852,1993,11,3405,3635,-230
1852,1993,12,3406,3054,352
1852,1994,1,4607,5404,-797
1852,1994,2,3406,2214,1192
1852,1994,3,3406,3814,-408
1852,1994,4,3399,4964,-1565
1852,1994,5,3402,3694,-292
1852,1994,6,3401,3164,237
1852,1994,7,3402,4314,-912
1852,1994,8,4799,2214,2585
1852,1994,9,3408,5114,-1706
1852,1994,10,3402,3914,-512
1852,1994,11,4701,2214,2487
1852,1994,12,3408,5164,-1756
1852,1995,1,3393,5754,-2361
1852,1995,2,3391,6414,-3023
1852,1995,3,3379,4814,-1435
1852,1995,4,3373,4414,-1041
1852,1995,5,4269,2694,1575
1852,1995,6,6278,3054,3224
1852,1995,7,3388,4614,-1226
1852,1995,8,3378,4904,-1526
1852,1995,9,3371,7794,-4423
1852,1995,10,3358,4014,-656
1852,1995,11,3357,2514,843
1852,1995,12,3358,4334,-976
1852,1996,1,3353,5014,-1661
1852,1996,2,3348,3814,-466
1852,1996,3,3347,2814,533
1852,1996,4,3350,2214,1136
1852,1996,5,3355,2214,1141
1852,1996,6,3360,2214,1146
1852,1996,7,3364,2214,1150
1852,1996,8,3359,6804,-3445
1852,1996,9,3350,4514,-1164
1852,1996,10,3350,2214,1136
1852,1996,11,3354,2214,1140
1852,1996,12,3358,2514,844
1852,1997,1,3359,4284,-925
1852,1997,2,3358,2694,664
1852,1997,3,3361,2214,1147
1852,1997,4,3366,2214,1152
1852,1997,5,3371,2604,767
1852,1997,6,3374,2214,1160
1852,1997,7,3379,2574,805
1852,1997,8,3382,2214,1168
1852,1997,9,3387,2214,1173
1852,1997,10,3389,3324,65
1852,1997,11,3392,2214,1178
1852,1997,12,3396,2754,642
1852,1998,1,3388,6414,-3026
1852,1998,2,3387,2214,1173
1852,1998,3,3392,2214,1178
1852,1998,4,3396,2214,1182
1852,1998,5,3401,2214,1187
1852,1998,6,3404,3054,350
1852,1998,7,3406,2964,442
1852,1998,8,3409,2214,1195
1852,1998,9,3414,2214,1200
1852,1998,10,3419,2214,1205
1852,1998,11,3424,2214,1210
1852,1998,12,3427,2679,748
1853,1997,1,800,0,800
1853,1997,2,15805,0,15805
1853,1997,3,10274,0,10274
1853,1997,4,24698,11115,13583
1853,1997,5,1270,1215,55
1853,1997,6,6459,12715,-6256
1853,1997,7,4847,15,4832
1853,1997,8,1254,5115,-3861
1853,1997,9,26246,16415,9831
1853,1997,10,1285,6215,-4930
1853,1997,11,1264,6115,-4851
1853,1997,12,1241,8965,-7724
1853,1998,1,1210,10815,-9605
1853,1998,2,17548,5815,11733
1853,1998,3,1219,7415,-6196
1853,1998,4,29308,16765,12543
1853,1998,5,1246,5815,-4569
1853,1998,6,1227,5315,-4088
1853,1998,7,1213,2315,-1102
1853,1998,8,1912,15,1897
1853,1998,9,1218,615,603
1853,1998,10,2619,4315,-1696
1853,1998,11,3418,15,3403
1853,1998,12,5232,2500,2732
1854,1997,2,18098,0,18098
1854,1997,3,21787,0,21787
1854,1997,4,18043,6600,11443
1854,1997,5,18080,9700,8380
1854,1997,6,26991,47663,-20672
1854,1997,7,18030,10163,7867
1854,1997,8,18045,30363,-12318
1854,1997,9,18023,17363,660
1854,1997,10,18037,14763,3274
1854,1997,11,18033,19463,-1430
1854,1997,12,26971,18463,8508
1854,1998,1,18038,27063,-9025
1854,1998,2,18026,11863,6163
1854,1998,3,18048,20263,-2215
1854,1998,4,18042,15063,2979
1854,1998,5,18054,13963,4091
1854,1998,6,26989,33563,-6574
1854,1998,7,18043,13063,4980
1854,1998,8,18036,24563,-6527
1854,1998,9,18034,12763,5271
1854,1998,10,18052,17163,889
1854,1998,11,18052,19163,-1111
1854,1998,12,26979,30448,-3469
1855,1996,10,400,0,400
1855,1996,11,5172,0,5172
1855,1996,12,5172,0,5172
1855,1997,1,5172,0,5172
1855,1997,2,5172,0,5172
1855,1997,3,5191,2615,2576
1855,1997,4,5276,2912,2364
1855,1997,5,5285,4112,1173
1855,1997,6,5268,9312,-4044
1855,1997,7,5273,3612,1661
1855,1997,8,5280,3912,1368
1855,1997,9,5279,4112,1167
1855,1997,10,5281,4912,369
1855,1997,11,5288,4672,616
1855,1997,12,5288,3962,1326
1855,1998,1,5278,13232,-7954
1855,1998,2,5268,2912,2356
1855,1998,3,5278,2912,2366
1855,1998,4,5286,4112,1174
1855,1998,5,5292,2912,2380
1855,1998,6,5295,16662,-11367
1855,1998,7,5255,2912,2343
1855,1998,8,5265,2912,2353
1855,1998,9,5274,2912,2362
1855,1998,10,5279,5952,-673
1855,1998,11,5278,4432,846
1855,1998,12,5285,3947,1338
1856,1994,6,800,0,800
1856,1994,7,3261,0,3261
1856,1994,8,3261,0,3261
1856,1994,9,3261,0,3261
1856,1994,10,3261,0,3261
1856,1994,11,3300,1464,1836
1856,1994,12,3329,3449,-120
1856,1995,1,3327,3569,-242
1856,1995,2,3329,2189,1140
1856,1995,3,3334,2189,1145
1856,1995,4,3337,3899,-562
1856,1995,5,3337,2189,1148
1856,1995,6,3338,3539,-201
1856,1995,7,3336,4199,-863
1856,1995,8,3337,2189,1148
1856,1995,9,3342,2189,1153
1856,1995,10,3346,2189,1157
1856,1995,11,3351,2189,1162
1856,1995,12,3354,2699,655
1856,1996,1,3359,3989,-630
1856,1996,2,3356,2189,1167
1856,1996,3,3361,2189,1172
1856,1996,4,3366,2189,1177
1856,1996,5,3371,2189,1182
1856,1996,6,3357,8789,-5432
1856,1996,7,3352,3449,-97
1856,1996,8,3353,2189,1164
1856,1996,9,3357,2189,1168
1856,1996,10,3362,2189,1173
1856,1996,11,3367,3389,-22
1856,1996,12,3366,2999,367
1856,1997,1,3362,4199,-837
1856,1997,2,3365,2189,1176
1856,1997,3,3370,2189,1181
1856,1997,4,3374,2999,375
1856,1997,5,3371,3659,-288
1856,1997,6,3363,5879,-2516
1856,1997,7,3364,2189,1175
1856,1997,8,3369,2189,1180
1856,1997,9,3374,2189,1185
1856,1997,10,3377,2819,558
1856,1997,11,3379,3629,-250
1856,1997,12,3379,2669,710
1856,1998,1,3382,4829,-1447
1856,1998,2,3377,2189,1188
1856,1998,3,3380,3299,81
1856,1998,4,3382,2189,1193
1856,1998,5,3387,2189,1198
1856,1998,6,3381,8579,-5198
1856,1998,7,3370,2369,1001
1856,1998,8,3371,3449,-78
1856,1998,9,3374,2189,1185
1856,1998,10,3379,2189,1190
1856,1998,11,3384,2189,1195
1856,1998,12,3388,2474,914
1857,1997,8,1100,0,1100
1857,1997,9,15294,0,15294
1857,1997,10,6941,1700,5241
1857,1997,11,6962,2100,4862
1857,1997,12,10408,8100,2308
1857,1998,1,10581,13469,-2888
1857,1998,2,10185,4589,5596
1857,1998,3,9391,9269,122
1857,1998,4,12698,9509,3189
1857,1998,5,9521,4589,4932
1857,1998,6,10470,7689,2781
1857,1998,7,7031,11089,-4058
1857,1998,8,9937,4589,5348
1857,1998,9,7153,4589,2564
1857,1998,10,9570,4589,4981
1857,1998,11,7079,6089,990
1857,1998,12,10530,5374,5156
1858,1995,2,900,0,900
1858,1995,3,6648,0,6648
1858,1995,4,6648,0,6648
1858,1995,5,6648,0,6648
1858,1995,6,6697,200,6497
1858,1995,7,6768,4879,1889
1858,1995,8,6769,8279,-1510
1858,1995,9,6747,13699,-6952
1858,1995,10,6742,4279,2463
1858,1995,11,6741,9279,-2538
1858,1995,12,6738,6129,609
1858,1996,1,6725,14469,-7744
1858,1996,2,6712,4339,2373
1858,1996,3,6723,3779,2944
1858,1996,4,6735,3779,2956
1858,1996,5,6747,3779,2968
1858,1996,6,6749,8759,-2010
1858,1996,7,6751,3779,2972
1858,1996,8,6764,3779,2985
1858,1996,9,6772,7059,-287
1858,1996,10,6774,5459,1315
1858,1996,11,6767,8379,-1612
1858,1996,12,6762,7879,-1117
1858,1997,1,6738,14669,-7931
1858,1997,2,6732,5219,1513
1858,1997,3,6742,3779,2963
1858,1997,4,6754,3779,2975
1858,1997,5,6767,3979,2788
1858,1997,6,6736,18029,-11293
1858,1997,7,6731,3779,2952
1858,1997,8,6738,6179,559
1858,1997,9,6730,8419,-1689
1858,1997,10,6739,3779,2960
1858,1997,11,6748,7059,-311
1858,1997,12,6747,4929,1818
1858,1998,1,6746,11439,-4693
1858,1998,2,6737,3779,2958
1858,1998,3,6750,3779,2971
1858,1998,4,6762,7379,-617
1858,1998,5,6760,3779,2981
1858,1998,6,6744,13229,-6485
1858,1998,7,6744,5859,885
1858,1998,8,6737,7399,-662
1858,1998,9,6735,8339,-1604
1858,1998,10,6739,3879,2860
1858,1998,11,6751,4679,2072
1858,1998,12,6752,7094,-342
1859,1996,2,7971,0,7971
1859,1996,3,6881,0,6881
1859,1996,4,6881,0,6881
1859,1996,5,6940,800,6140
1859,1996,6,6952,17765,-10813
1859,1996,7,6931,3341,3590
1859,1996,8,6940,9041,-2101
1859,1996,9,6937,4341,2596
1859,1996,10,6947,6041,906
1859,1996,11,6941,9601,-2660
1859,1996,12,6937,7391,-454
1859,1997,1,6922,12601,-5679
1859,1997,2,6915,2841,4074
1859,1997,3,6930,6941,-11
1859,1997,4,6931,4241,2690
1859,1997,5,6943,3141,3802
1859,1997,6,6938,13801,-6863
1859,1997,7,6916,9161,-2245
1859,1997,8,6921,3881,3040
1859,1997,9,6932,4241,2691
1859,1997,10,6943,4441,2502
1859,1997,11,6938,11021,-4083
1859,1997,12,6933,6391,542
1859,1998,1,6920,12781,-5861
1859,1998,2,6915,3241,3674
1859,1998,3,6926,7541,-615
1859,1998,4,6923,7541,-618
1859,1998,5,6917,9541,-2624
1859,1998,6,6910,6141,769
1859,1998,7,6913,5081,1832
1859,1998,8,6913,10261,-3348
1859,1998,9,6910,4041,2869
1859,1998,10,6911,7461,-550
1859,1998,11,6916,5801,1115
1859,1998,12,6926,2826,4100
1860,1997,1,3864,0,3864
1860,1997,2,3271,0,3271
1860,1997,3,3271,0,3271
1860,1997,4,3271,0,3271
1860,1997,5,3284,1365,1919
1860,1997,6,3323,2185,1138
1860,1997,7,3327,2185,1142
1860,1997,8,3332,2185,1147
1860,1997,9,3337,2185,1152
1860,1997,10,3336,3145,191
1860,1997,11,3342,2185,1157
1860,1997,12,3346,3475,-129
1860,1998,1,3328,8185,-4857
1860,1998,2,3325,3625,-300
1860,1998,3,3325,2185,1140
1860,1998,4,3330,2185,1145
1860,1998,5,3335,2185,1150
1860,1998,6,3334,7465,-4131
1860,1998,7,3322,2395,927
1860,1998,8,3326,2185,1141
1860,1998,9,3331,2185,1146
1860,1998,10,3334,3415,-81
1860,1998,11,3335,2185,1150
1860,1998,12,3339,2620,719
1861,1993,7,15863,0,15863
1861,1993,8,20745,6500,14245
1861,1993,9,15434,10500,4934
1861,1993,10,15455,12600,2855
1861,1993,11,15506,14608,898
1861,1993,12,23175,23328,-153
1861,1994,1,15486,21148,-5662
1861,1994,2,15486,10808,4678
1861,1994,3,15504,14608,896
1861,1994,4,15506,16308,-802
1861,1994,5,15502,16508,-1006
1861,1994,6,23175,20408,2767
1861,1994,7,15509,15008,501
1861,1994,8,15508,16508,-1000
1861,1994,9,15505,14008,1497
1861,1994,10,15507,15988,-481
1861,1994,11,15507,14408,1099
1861,1994,12,23167,23008,159
1861,1995,1,15508,15808,-300
1861,1995,2,15510,13808,1702
1861,1995,3,15520,11568,3952
1861,1995,4,15531,15908,-377
1861,1995,5,15530,14308,1222
1861,1995,6,23209,19708,3501
1861,1995,7,15550,12708,2842
1861,1995,8,15557,15668,-111
1861,1995,9,15557,14308,1249
1861,1995,10,15550,18908,-3358
1861,1995,11,15538,15528,10
1861,1995,12,23223,16908,6315
1861,1996,1,15540,21328,-5788
1861,1996,2,15550,12008,3542
1861,1996,3,15563,13108,2455
1861,1996,4,15567,16008,-441
1861,1996,5,15556,19488,-3932
1861,1996,6,23159,52168,-29009
1861,1996,7,16644,9348,7296
1861,1996,8,15476,6308,9168
1861,1996,9,15500,12208,3292
1861,1996,10,15513,12508,3005
1861,1996,11,15525,12008,3517
1861,1996,12,23197,24408,-1211
1861,1997,1,15521,17048,-1527
1861,1997,2,15532,9408,6124
1861,1997,3,15546,16328,-782
1861,1997,4,15549,11608,3941
1861,1997,5,15544,19408,-3864
1861,1997,6,23205,24288,-1083
1861,1997,7,15539,13108,2431
1861,1997,8,15555,10908,4647
1861,1997,9,15544,20768,-5224
1861,1997,10,15544,13788,1756
1861,1997,11,15566,11988,3578
1861,1997,12,23245,17528,5717
1861,1998,1,15566,18628,-3062
1861,1998,2,15587,13848,1739
1861,1998,3,15595,9108,6487
1861,1998,4,15600,18668,-3068
1861,1998,5,15610,8408,7202
1861,1998,6,23181,53988,-30807
1861,1998,7,19744,3108,16636
1861,1998,8,21803,8748,13055
1861,1998,9,15626,10888,4738
1861,1998,10,15655,10768,4887
1861,1998,11,15669,9808,5861
1861,1998,12,23336,22793,543
1862,1995,4,500,0,500
1862,1995,5,39689,5500,34189
1862,1995,6,59618,34500,25118
1862,1995,7,39865,37000,2865
1862,1995,8,39877,37300,2577
1862,1995,9,39882,43030,-3148
1862,1995,10,39844,51967,-12123
1862,1995,11,39816,51030,-11214
1862,1995,12,59638,42830,16808
1862,1996,1,39811,69135,-29324
1862,1996,2,39782,19130,20652
1862,1996,3,39849,28430,11419
1862,1996,4,39838,51630,-11792
1862,1996,5,39791,51073,-11282
1862,1996,6,59629,38130,21499
1862,1996,7,39842,50389,-10547
1862,1996,8,39871,27330,12541
1862,1996,9,39914,24236,15678
1862,1996,10,39948,30445,9503
1862,1996,11,39935,73223,-33288
1862,1996,12,59666,49733,9933
1862,1997,1,39854,66162,-26308
1862,1997,2,39792,45068,-5276
1862,1997,3,46445,11432,35013
1862,1997,4,39856,85742,-45886
1862,1997,5,48797,18032,30765
1862,1997,6,64415,74092,-9677
1862,1997,7,39858,23232,16626
1862,1997,8,39900,41058,-1158
1862,1997,9,39876,48567,-8691
1862,1997,10,39857,33813,6044
1862,1997,11,39894,33432,6462
1862,1997,12,60440,68732,-8292
1862,1998,1,39831,38932,899
1862,1998,2,39840,42871,-3031
1862,1998,3,39886,37713,2173
1862,1998,4,39883,31832,8051
1862,1998,5,39908,36735,3173
1862,1998,6,62964,82932,-19968
1862,1998,7,39856,26532,13324
1862,1998,8,39867,36776,3091
1862,1998,9,39910,47309,-7399
1862,1998,10,39882,33032,6850
1862,1998,11,39901,44658,-4757
1862,1998,12,59737,36784,22953
1863,1997,4,8129,0,8129
1863,1997,5,14581,0,14581
1863,1997,6,10700,0,10700
1863,1997,7,7143,3700,3443
1863,1997,8,7174,6111,1063
1863,1997,9,7160,13303,-6143
1863,1997,10,7139,8903,-1764
1863,1997,11,7134,5483,1651
1863,1997,12,10651,9183,1468
1863,1998,1,17188,28243,-11055
1863,1998,2,13505,4683,8822
1863,1998,3,14928,9603,5325
1863,1998,4,8164,4683,3481
1863,1998,5,10080,4683,5397
1863,1998,6,14065,17643,-3578
1863,1998,7,9867,9483,384
1863,1998,8,11391,4683,6708
1863,1998,9,12320,4683,7637
1863,1998,10,7236,11703,-4467
1863,1998,11,8119,8643,-524
1863,1998,12,10734,5948,4786
1865,1994,5,7082,0,7082
1865,1994,6,6285,0,6285
1865,1994,7,6285,0,6285
1865,1994,8,6285,0,6285
1865,1994,9,6349,9770,-3421
1865,1994,10,6366,3830,2536
1865,1994,11,6369,7110,-741
1865,1994,12,6371,5030,1341
1865,1995,1,6347,12590,-6243
1865,1995,2,6359,2430,3929
1865,1995,3,6369,1930,4439
1865,1995,4,6384,5850,534
1865,1995,5,6390,2030,4360
1865,1995,6,6397,8570,-2173
1865,1995,7,6398,4230,2168
1865,1995,8,6404,7930,-1526
1865,1995,9,6400,3930,2470
1865,1995,10,6407,8130,-1723
1865,1995,11,6408,4430,1978
1865,1995,12,6408,7980,-1572
1865,1996,1,6371,20210,-13839
1865,1996,2,6355,1930,4425
1865,1996,3,6370,3630,2740
1865,1996,4,6380,4630,1750
1865,1996,5,6384,7030,-646
1865,1996,6,6343,12830,-6487
1865,1996,7,6362,1930,4432
1865,1996,8,6362,10590,-4228
1865,1996,9,6359,3130,3229
1865,1996,10,6365,6330,35
1865,1996,11,6372,3130,3242
1865,1996,12,6380,3380,3000
1865,1997,1,6385,10560,-4175
1865,1997,2,6378,1930,4448
1865,1997,3,6392,4530,1862
1865,1997,4,6399,5030,1369
1865,1997,5,6401,7030,-629
1865,1997,6,6387,9180,-2793
1865,1997,7,6396,1930,4466
1865,1997,8,6389,8410,-2021
1865,1997,9,6400,6630,-230
1865,1997,10,6405,3230,3175
1865,1997,11,6424,5290,1134
1865,1997,12,6416,5730,686
1865,1998,1,6384,16390,-10006
1865,1998,2,6381,3310,3071
1865,1998,3,6389,6130,259
1865,1998,4,6386,7330,-944
1865,1998,5,6374,12050,-5676
1865,1998,6,6357,9380,-3023
1865,1998,7,6345,6330,15
1865,1998,8,6350,5030,1320
1865,1998,9,6339,10430,-4091
1865,1998,10,6345,1930,4415
1865,1998,11,6338,10130,-3792
1865,1998,12,6348,3315,3033
1866,1997,11,300,0,300
1866,1997,12,23055,0,23055
1866,1998,1,14250,7900,6350
1866,1998,2,14276,7900,6376
1866,1998,3,14286,15500,-1214
1866,1998,4,14281,16655,-2374
1866,1998,5,14267,21486,-7219
1866,1998,6,21337,28006,-6669
1866,1998,7,17846,7366,10480
1866,1998,8,14282,7166,7116
1866,1998,9,14293,10706,3587
1866,1998,10,14303,14506,-203
1866,1998,11,14319,10946,3373
1866,1998,12,21405,17251,4154
1867,1995,11,800,0,800
1867,1995,12,37459,10000,27459
1867,1996,1,25072,14900,10172
1867,1996,2,25101,20300,4801
1867,1996,3,25115,22700,2415
1867,1996,4,25130,21715,3415
1867,1996,5,25143,21615,3528
1867,1996,6,37597,56715,-19118
1867,1996,7,25088,18015,7073
1867,1996,8,25118,18315,6803
1867,1996,9,25165,13115,12050
1867,1996,10,25196,18515,6681
1867,1996,11,25223,18815,6408
1867,1996,12,37724,29115,8609
1867,1997,1,25197,49115,-23918
1867,1997,2,25182,19915,5267
1867,1997,3,25205,19715,5490
1867,1997,4,25217,23415,1802
1867,1997,5,25223,24015,1208
1867,1997,6,37697,50715,-13018
1867,1997,7,25184,23815,1369
1867,1997,8,25203,15715,9488
1867,1997,9,25203,23715,1488
1867,1997,10,25233,23515,1718
1867,1997,11,25241,20615,4626
1867,1997,12,37750,26315,11435
1867,1998,1,25206,50915,-25709
1867,1998,2,25208,17815,7393
1867,1998,3,25224,23315,1909
1867,1998,4,25222,26915,-1693
1867,1998,5,25204,33415,-8211
1867,1998,6,37682,29715,7967
1867,1998,7,25235,19315,5920
1867,1998,8,25250,52515,-27265
1867,1998,9,25238,23115,2123
1867,1998,10,25226,22715,2511
1867,1998,11,25148,23815,1333
1867,1998,12,37646,4100,33546
1868,1997,11,300,0,300
1868,1997,12,14400,0,14400
1868,1998,1,7000,0,7000
1868,1998,2,26369,13100,13269
1868,1998,3,146,5500,-5354
1868,1998,4,146,900,-754
1868,1998,5,146,1700,-1554
1868,1998,6,846,0,846
1868,1998,7,29008,14300,14708
1868,1998,8,178,9500,-9322
1868,1998,9,178,4300,-4122
1868,1998,10,178,400,-222
1868,1998,11,200,0,200
1869,1996,6,500,0,500
1869,1996,7,24723,600,24123
1869,1996,8,24799,12100,12699
1869,1996,9,24844,15300,9544
1869,1996,10,24864,23000,1864
1869,1996,11,24862,27915,-3053
1869,1996,12,37193,36115,1078
1869,1997,1,24865,27215,-2350
1869,1997,2,24883,12415,12468
1869,1997,3,24885,30315,-5430
1869,1997,4,24912,12515,12397
1869,1997,5,24948,18915,6033
1869,1997,6,37285,48615,-11330
1869,1997,7,24933,14215,10718
1869,1997,8,24973,15315,9658
1869,1997,9,24986,28115,-3129
1869,1997,10,25004,16815,8189
1869,1997,11,25011,24215,796
1869,1997,12,37387,25415,11972
1869,1998,1,24984,48515,-23531
1869,1998,2,24978,21269,3709
1869,1998,3,24985,26269,-1284
1869,1998,4,24992,20069,4923
1869,1998,5,25011,20469,4542
1869,1998,6,37363,40369,-3006
1869,1998,7,25007,23869,1138
1869,1998,8,25013,23569,1444
1869,1998,9,25027,20369,4658
1869,1998,10,25027,27369,-2342
1869,1998,11,25030,23969,1061
1869,1998,12,37355,32254,5101
1870,1994,6,700,0,700
1870,1994,7,24056,0,24056
1870,1994,8,21547,10900,10647
1870,1994,9,21587,15500,6087
1870,1994,10,21608,19600,2008
1870,1994,11,21616,19415,2201
1870,1994,12,32360,33315,-955
1870,1995,1,21646,22475,-829
1870,1995,2,21623,16415,5208
1870,1995,3,21637,22315,-678
1870,1995,4,21636,20915,721
1870,1995,5,21639,22135,-496
1870,1995,6,32398,28555,3843
1870,1995,7,21647,24315,-2668
1870,1995,8,21636,24015,-2379
1870,1995,9,21630,22015,-385
1870,1995,10,21624,23915,-2291
1870,1995,11,21618,22015,-397
1870,1995,12,32371,30755,1616
1870,1996,1,21621,23215,-1594
1870,1996,2,21615,25095,-3480
1870,1996,3,21615,21955,-340
1870,1996,4,21602,21215,387
1870,1996,5,21615,16115,5500
1870,1996,6,32353,27915,4438
1870,1996,7,21637,24715,-3078
1870,1996,8,21622,25115,-3493
1870,1996,9,21607,25315,-3708
1870,1996,10,21595,23715,-2120
1870,1996,11,21597,22195,-598
1870,1996,12,32326,30635,1691
1870,1997,1,21658,18515,3143
1870,1997,2,21634,14795,6839
1870,1997,3,21630,24215,-2585
1870,1997,4,21686,26015,-4329
1870,1997,5,21586,29615,-8029
1870,1997,6,32359,9315,23044
1870,1997,7,21682,20835,847
1870,1997,8,21661,24935,-3274
1870,1997,9,21675,16815,4860
1870,1997,10,21687,19515,2172
1870,1997,11,21696,19415,2281
1870,1997,12,32448,26515,5933
1870,1998,1,21713,25615,-3902
1870,1998,2,21702,23515,-1813
1870,1998,3,21695,23215,-1520
1870,1998,4,21676,27715,-6039
1870,1998,5,21657,25215,-3558
1870,1998,6,32398,23915,8483
1870,1998,7,21685,22715,-1030
1870,1998,8,21663,28615,-6952
1870,1998,9,21654,22015,-361
1870,1998,10,21647,23615,-1968
1870,1998,11,21630,27795,-6165
1870,1998,12,32348,20600,11748
1871,1994,5,23291,0,23291
1871,1994,6,35733,0,35733
1871,1994,7,23300,14900,8400
1871,1994,8,23321,20600,2721
1871,1994,9,23280,44023,-20743
1871,1994,10,23271,10715,12556
1871,1994,11,23219,39904,-16685
1871,1994,12,34766,17215,17551
1871,1995,1,23200,55129,-31929
1871,1995,2,23158,28511,-5353
1871,1995,3,23174,27393,-4219
1871,1995,4,23150,13412,9738
1871,1995,5,23188,18877,4311
1871,1995,6,34752,13126,21626
1871,1995,7,23279,26120,-2841
1871,1995,8,23242,44337,-21095
1871,1995,9,23200,11515,11685
1871,1995,10,23238,16015,7223
1871,1995,11,23238,38421,-15183
1871,1995,12,34707,41846,-7139
1871,1996,1,23166,33215,-10049
1871,1996,2,23119,10015,13104
1871,1996,3,23209,25415,-2206
1871,1996,4,23174,16315,6859
1871,1996,5,23195,28915,-5720
1871,1996,6,34733,29915,4818
1871,1996,7,23192,29855,-6663
1871,1996,8,23161,19115,4046
1871,1996,9,23176,21215,1961
1871,1996,10,23175,31854,-8679
1871,1996,11,23152,16615,6537
1871,1996,12,34735,26060,8675
1871,1997,1,23179,35915,-12736
1871,1997,2,23189,12915,10274
1871,1997,3,23203,18915,4288
1871,1997,4,23225,29515,-6290
1871,1997,5,23194,19715,3479
1871,1997,6,34731,26915,7816
1871,1997,7,23231,29015,-5784
1871,1997,8,23213,26115,-2902
1871,1997,9,23201,23415,-214
1871,1997,10,23193,29779,-6586
1871,1997,11,23179,18715,4464
1871,1997,12,34706,42353,-7647
1871,1998,1,23160,28515,-5355
1871,1998,2,23154,12615,10539
1871,1998,3,23187,19115,4072
1871,1998,4,23180,33134,-9954
1871,1998,5,23158,21715,1443
1871,1998,6,34696,35142,-446
1871,1998,7,23170,17415,5755
1871,1998,8,23183,28515,-5332
1871,1998,9,23162,22715,447
1871,1998,10,23163,23115,48
1871,1998,11,23151,29743,-6592
1871,1998,12,34664,31400,3264
1872,1997,9,700,0,700
1872,1997,10,20524,0,20524
1872,1997,11,12887,4200,8687
1872,1997,12,19315,10500,8815
1872,1998,1,12940,13600,-660
1872,1998,2,12927,23821,-10894
1872,1998,3,12883,19178,-6295
1872,1998,4,13490,6038,7452
1872,1998,5,12917,7138,5779
1872,1998,6,19342,8838,10504
1872,1998,7,12971,13378,-407
1872,1998,8,12982,6638,6344
1872,1998,9,12983,16238,-3255
1872,1998,10,12975,13858,-883
1872,1998,11,12972,14218,-1246
1872,1998,12,26503,10503,16000
1874,1993,3,400,0,400
1874,1993,4,3151,0,3151
1874,1993,5,3151,0,3151
1874,1993,6,3151,0,3151
1874,1993,7,3151,0,3151
1874,1993,8,3153,15,3138
1874,1993,9,3221,2115,1106
1874,1993,10,3226,2325,901
1874,1993,11,3230,2115,1115
1874,1993,12,3234,2965,269
1874,1994,1,3227,5565,-2338
1874,1994,2,3225,2475,750
1874,1994,3,3229,2115,1114
1874,1994,4,3233,2115,1118
1874,1994,5,3238,2625,613
1874,1994,6,3240,2895,345
1874,1994,7,3238,3465,-227
1874,1994,8,3241,2115,1126
1874,1994,9,3246,2115,1131
1874,1994,10,3250,2115,1135
1874,1994,11,3255,2115,1140
1874,1994,12,3259,2445,814
1874,1995,1,3251,6585,-3334
1874,1995,2,3249,2115,1134
1874,1995,3,3254,2115,1139
1874,1995,4,3259,2115,1144
1874,1995,5,3264,2115,1149
1874,1995,6,3268,2115,1153
1874,1995,7,3273,2115,1158
1874,1995,8,3273,3045,228
1874,1995,9,3276,2805,471
1874,1995,10,3278,3215,63
1874,1995,11,3279,2815,464
1874,1995,12,3281,3105,176
1874,1996,1,3280,5205,-1925
1874,1996,2,3275,2115,1160
1874,1996,3,3275,3705,-430
1874,1996,4,3278,2115,1163
1874,1996,5,3283,3225,58
1874,1996,6,3279,3045,234
1874,1996,7,3284,2115,1169
1874,1996,8,3289,2115,1174
1874,1996,9,3290,3015,275
1874,1996,10,3292,2515,777
1874,1996,11,3292,3285,7
1874,1996,12,3298,2715,583
1874,1997,1,3288,6415,-3127
1874,1997,2,3281,3215,66
1874,1997,3,3285,3165,120
1874,1997,4,3285,2415,870
1874,1997,5,3289,3435,-146
1874,1997,6,3291,2115,1176
1874,1997,7,3296,2115,1181
1874,1997,8,3301,2115,1186
1874,1997,9,3298,3815,-517
1874,1997,10,3291,5115,-1824
1874,1997,11,3290,3115,175
1874,1997,12,3289,5355,-2066
1874,1998,1,3280,5805,-2525
1874,1998,2,3268,3705,-437
1874,1998,3,3266,4415,-1149
1874,1998,4,3270,2115,1155
1874,1998,5,3274,2565,709
1874,1998,6,3277,4215,-938
1874,1998,7,3265,4935,-1670
1874,1998,8,3267,2115,1152
1874,1998,9,3270,5115,-1845
1874,1998,10,3263,2915,348
1874,1998,11,3265,2115,1150
1874,1998,12,3269,2880,389
1875,1993,8,1000,0,1000
1875,1993,9,4641,0,4641
1875,1993,10,4641,0,4641
1875,1993,11,4641,0,4641
1875,1993,12,4641,0,4641
1875,1994,1,4698,8335,-3637
1875,1994,2,4712,3109,1603
1875,1994,3,4717,6629,-1912
1875,1994,4,4711,3109,1602
1875,1994,5,4717,3109,1608
1875,1994,6,4724,6509,-1785
1875,1994,7,4711,5269,-558
1875,1994,8,4714,3109,1605
1875,1994,9,4721,3109,1612
1875,1994,10,4713,8789,-4076
1875,1994,11,4711,3109,1602
1875,1994,12,4716,4359,357
1875,1995,1,4701,8549,-3848
1875,1995,2,4703,3109,1594
1875,1995,3,4709,3109,1600
1875,1995,4,4716,3109,1607
1875,1995,5,4716,5749,-1033
1875,1995,6,4718,3109,1609
1875,1995,7,4725,3109,1616
1875,1995,8,4728,4309,419
1875,1995,9,4727,4449,278
1875,1995,10,4735,3109,1626
1875,1995,11,4740,3509,1231
1875,1995,12,4746,3709,1037
1875,1996,1,4731,13049,-8318
1875,1996,2,4716,3109,1607
1875,1996,3,4723,3109,1614
1875,1996,4,4713,8309,-3596
1875,1996,5,4714,3109,1605
1875,1996,6,4707,8259,-3552
1875,1996,7,4706,3109,1597
1875,1996,8,4713,3109,1604
1875,1996,9,4719,3109,1610
1875,1996,10,4722,3909,813
1875,1996,11,4718,5909,-1191
1875,1996,12,4707,8749,-4042
1875,1997,1,4703,4869,-166
1875,1997,2,4707,3109,1598
1875,1997,3,4714,3109,1605
1875,1997,4,4705,7009,-2304
1875,1997,5,4703,4809,-106
1875,1997,6,4710,3109,1601
1875,1997,7,4699,7709,-3010
1875,1997,8,4704,4709,-5
1875,1997,9,4704,3109,1595
1875,1997,10,4709,3829,880
1875,1997,11,4714,3109,1605
1875,1997,12,4711,7429,-2718
1875,1998,1,4706,4949,-243
1875,1998,2,4708,3109,1599
1875,1998,3,4715,3109,1606
1875,1998,4,4722,3109,1613
1875,1998,5,4723,5269,-546
1875,1998,6,4722,4549,173
1875,1998,7,4716,5749,-1033
1875,1998,8,4722,3109,1613
1875,1998,9,4729,3109,1620
1875,1998,10,4736,3109,1627
1875,1998,11,4739,6109,-1370
1875,1998,12,4736,3444,1292
1876,1997,9,900,0,900
1876,1997,10,24735,0,24735
1876,1997,11,18121,5900,12221
1876,1997,12,27171,14200,12971
1876,1998,1,18216,12400,5816
1876,1998,2,18235,21944,-3709
1876,1998,3,18229,23327,-5098
1876,1998,4,18199,19767,-1568
1876,1998,5,18207,16467,1740
1876,1998,6,38332,62567,-24235
1876,1998,7,18123,10367,7756
1876,1998,8,19470,10767,8703
1876,1998,9,18179,15977,2202
1876,1998,10,18183,17977,206
1876,1998,11,18184,17877,307
1876,1998,12,27216,21262,5954
1877,1993,12,700,0,700
1877,1994,1,6485,0,6485
1877,1994,2,6485,0,6485
1877,1994,3,6485,0,6485
1877,1994,4,6547,3300,3247
1877,1994,5,6592,3013,3579
1877,1994,6,6591,8242,-1651
1877,1994,7,6597,5402,1195
1877,1994,8,6590,8122,-1532
1877,1994,9,6596,6962,-366
1877,1994,10,6601,2142,4459
1877,1994,11,6618,2342,4276
1877,1994,12,6619,8132,-1513
1877,1995,1,6607,15632,-9025
1877,1995,2,6594,1842,4752
1877,1995,3,6614,1842,4772
1877,1995,4,6625,4542,2083
1877,1995,5,6638,3042,3596
1877,1995,6,6635,13622,-6987
1877,1995,7,6626,2822,3804
1877,1995,8,6633,5242,1391
1877,1995,9,6643,3702,2941
1877,1995,10,6649,5842,807
1877,1995,11,6655,5042,1613
1877,1995,12,6649,8242,-1593
1877,1996,1,6630,18772,-12142
1877,1996,2,6610,3142,3468
1877,1996,3,6622,4082,2540
1877,1996,4,6631,4442,2189
1877,1996,5,6636,8042,-1406
1877,1996,6,6637,10842,-4205
1877,1996,7,6625,1842,4783
1877,1996,8,6632,6802,-170
1877,1996,9,6642,6342,300
1877,1996,10,6643,7142,-499
1877,1996,11,6640,8542,-1902
1877,1996,12,6634,4042,2592
1877,1997,1,6619,14192,-7573
1877,1997,2,6613,2842,3771
1877,1997,3,6626,9242,-2616
1877,1997,4,6617,4242,2375
1877,1997,5,6629,2442,4187
1877,1997,6,6634,16272,-9638
1877,1997,7,6606,2042,4564
1877,1997,8,6620,6542,78
1877,1997,9,6620,6342,278
1877,1997,10,6622,5642,980
1877,1997,11,6625,5262,1363
1877,1997,12,6632,4192,2440
1877,1998,1,6626,12792,-6166
1877,1998,2,6616,3942,2674
1877,1998,3,6626,5742,884
1877,1998,4,6623,5522,1101
1877,1998,5,6636,4042,2594
1877,1998,6,6645,13042,-6397
1877,1998,7,6621,3042,3579
1877,1998,8,6634,4082,2552
1877,1998,9,6649,1842,4807
1877,1998,10,6661,5942,719
1877,1998,11,6670,2342,4328
1877,1998,12,6685,4577,2108
1878,1994,9,43232,0,43232
1878,1994,10,180,7500,-7320
1878,1994,11,32761,7200,25561
1878,1994,12,255,17200,-16945
1878,1995,1,255,8300,-8045
1878,1995,2,255,4900,-4645
1878,1995,3,255,5600,-5345
1878,1995,4,255,1200,-945
1878,1995,5,15888,30,15858
1878,1995,6,39730,61816,-22086
1878,1995,7,30682,9330,21352
1878,1995,8,20404,8030,12374
1878,1995,9,99,47860,-47761
1878,1995,10,8423,30,8393
1878,1995,11,5759,9482,-3723
1878,1995,12,6943,5730,1213
1878,1996,1,40214,46281,-6067
1878,1996,2,30441,5730,24711
1878,1996,3,14386,25817,-11431
1878,1996,4,71509,32550,38959
1878,1996,5,6266,15130,-8864
1878,1996,6,49958,52965,-3007
1878,1996,7,95,39555,-39460
1878,1996,8,26777,30618,-3841
1878,1996,9,15331,6836,8495
1878,1996,10,107296,80313,26983
1878,1996,11,8733,16117,-7384
1878,1996,12,35410,31505,3905
1878,1997,1,107241,96748,10493
1878,1997,2,19685,10530,9155
1878,1997,3,219,27730,-27511
1878,1997,4,79766,42030,37736
1878,1997,5,259,25630,-25371
1878,1997,6,25993,43530,-17537
1878,1997,7,71625,40130,31495
1878,1997,8,44934,56730,-11796
1878,1997,9,166,17330,-17164
1878,1997,10,88,12830,-12742
1878,1997,11,37,9953,-9916
1878,1997,12,79808,25630,54178
1878,1998,1,130,49430,-49300
1878,1998,2,22,3130,-3108
1878,1998,3,9,6800,-6791
1878,1998,4,43393,25630,17763
1878,1998,5,45,10430,-10385
1878,1998,6,11,2230,-2219
1878,1998,7,2,2400,-2398
1878,1998,8,2,3100,-3098
1878,1998,9,2,3500,-3498
1878,1998,10,2,1100,-1098
1878,1998,11,34744,16530,18214
1878,1998,12,9676,16300,-6624
1879,1994,5,4049,0,4049
1879,1994,6,3056,0,3056
1879,1994,7,3056,0,3056
1879,1994,8,3056,0,3056
1879,1994,9,3058,15,3043
1879,1994,10,3109,2041,1068
1879,1994,11,3112,3271,-159
1879,1994,12,3113,2521,592
1879,1995,1,3107,8311,-5204
1879,1995,2,3093,2041,1052
1879,1995,3,3098,2041,1057
1879,1995,4,3101,2731,370
1879,1995,5,3104,2041,1063
1879,1995,6,3107,2521,586
1879,1995,7,3106,4091,-985
1879,1995,8,3101,4241,-1140
1879,1995,9,3095,4641,-1546
1879,1995,10,3096,2041,1055
1879,1995,11,3097,3041,56
1879,1995,12,3096,3571,-475
1879,1996,1,3094,3891,-797
1879,1996,2,3095,2041,1054
1879,1996,3,3099,2041,1058
1879,1996,4,3101,2841,260
1879,1996,5,3104,2041,1063
1879,1996,6,3101,5871,-2770
1879,1996,7,3096,3841,-745
1879,1996,8,3094,3241,-147
1879,1996,9,3093,2741,352
1879,1996,10,3095,2541,554
1879,1996,11,3097,2041,1056
1879,1996,12,3099,4201,-1102
1879,1997,1,3096,3331,-235
1879,1997,2,3096,2041,1055
1879,1997,3,3098,3931,-833
1879,1997,4,3097,2041,1056
1879,1997,5,3101,2041,1060
1879,1997,6,3106,2041,1065
1879,1997,7,3108,4291,-1183
1879,1997,8,3104,2921,183
1879,1997,9,3106,2041,1065
1879,1997,10,3110,2041,1069
1879,1997,11,3107,7851,-4744
1879,1997,12,3095,2041,1054
1879,1998,1,3097,3391,-294
1879,1998,2,3098,2041,1057
1879,1998,3,3102,2041,1061
1879,1998,4,3107,2041,1066
1879,1998,5,3106,6011,-2905
1879,1998,6,3097,3741,-644
1879,1998,7,3096,2041,1055
1879,1998,8,3101,2041,1060
1879,1998,9,3103,3141,-38
1879,1998,10,3104,2701,403
1879,1998,11,3106,2041,1065
1879,1998,12,3108,3376,-268
1880,1994,2,500,0,500
1880,1994,3,10610,0,10610
1880,1994,4,5452,0,5452
1880,1994,5,4374,15,4359
1880,1994,6,3691,1115,2576
1880,1994,7,1899,2315,-416
1880,1994,8,33125,2815,30310
1880,1994,9,51365,12815,38550
1880,1994,10,2142,35815,-33673
1880,1994,11,2027,15615,-13588
1880,1994,12,1977,9215,-7238
1880,1995,1,1932,14915,-12983
1880,1995,2,1904,915,989
1880,1995,3,1904,2565,-661
1880,1995,4,11395,15,11380
1880,1995,5,1949,3415,-1466
1880,1995,6,7921,14815,-6894
1880,1995,7,1918,515,1403
1880,1995,8,1925,115,1810
1880,1995,9,1931,1615,316
1880,1995,10,1923,5965,-4042
1880,1995,11,21990,8815,13175
1880,1995,12,1957,6915,-4958
1880,1996,1,13547,18965,-5418
1880,1996,2,1923,2615,-692
1880,1996,3,35651,515,35136
1880,1996,4,2033,18315,-16282
1880,1996,5,1987,8465,-6478
1880,1996,6,3223,25115,-21892
1880,1996,7,2886,815,2071
1880,1996,8,4901,15,4886
1880,1996,9,1910,1915,-5
1880,1996,10,1909,2815,-906
1880,1996,11,1905,2765,-860
1880,1996,12,3305,2615,690
1880,1997,1,4404,7965,-3561
1880,1997,2,4699,15,4684
1880,1997,3,41609,15,41594
1880,1997,4,2045,18315,-16270
1880,1997,5,1997,9915,-7918
1880,1997,6,1934,19715,-17781
1880,1997,7,2711,1465,1246
1880,1997,8,4413,6015,-1602
1880,1997,9,1904,5065,-3161
1880,1997,10,1897,115,1782
1880,1997,11,2406,15,2391
1880,1997,12,2812,2215,597
1880,1998,1,39776,8615,31161
1880,1998,2,9571,21415,-11844
1880,1998,3,1971,11615,-9644
1880,1998,4,1941,7715,-5774
1880,1998,5,1920,6415,-4495
1880,1998,6,3994,7515,-3521
1880,1998,7,1894,2465,-571
1880,1998,8,1897,115,1782
1880,1998,9,2605,15,2590
1880,1998,10,1914,615,1299
1880,1998,11,1918,1115,803
1880,1998,12,4625,2450,2175
1881,1997,8,1100,0,1100
1881,1997,9,13360,0,13360
1881,1997,10,8604,2300,6304
1881,1997,11,8629,2900,5729
1881,1997,12,12907,12200,707
1881,1998,1,8629,17235,-8606
1881,1998,2,8609,7601,1008
1881,1998,3,8597,14601,-6004
1881,1998,4,8583,9601,-1018
1881,1998,5,8579,9601,-1022
1881,1998,6,12859,5701,7158
1881,1998,7,8611,6901,1710
1881,1998,8,8614,8201,413
1881,1998,9,8713,9421,-708
1881,1998,10,8609,9401,-792
1881,1998,11,8610,7501,1109
1881,1998,12,12894,6586,6308
1882,1993,12,300,0,300
1882,1994,1,13277,0,13277
1882,1994,2,9125,0,9125
1882,1994,3,5957,500,5457
1882,1994,4,5971,6500,-529
1882,1994,5,5973,4115,1858
1882,1994,6,8887,14718,-5831
1882,1994,7,5956,5218,738
1882,1994,8,6950,9018,-2068
1882,1994,9,5949,8118,-2169
1882,1994,10,5943,4118,1825
1882,1994,11,5945,6818,-873
1882,1994,12,9280,4718,4562
1882,1995,1,5957,8118,-2161
1882,1995,2,5950,7918,-1968
1882,1995,3,5943,6718,-775
1882,1995,4,5939,7518,-1579
1882,1995,5,5938,4518,1420
1882,1995,6,10053,15818,-5765
1882,1995,7,5917,7318,-1401
1882,1995,8,6116,3918,2198
1882,1995,9,6225,3918,2307
1882,1995,10,5927,6418,-491
1882,1995,11,5925,6518,-593
1882,1995,12,8853,10218,-1365
1882,1996,1,10035,5718,4317
1882,1996,2,5937,5318,619
1882,1996,3,5932,8018,-2086
1882,1996,4,5931,5418,513
1882,1996,5,5932,5918,14
1882,1996,6,8873,3918,4955
1882,1996,7,5938,10018,-4080
1882,1996,8,5931,7118,-1187
1882,1996,9,5917,9118,-3201
1882,1996,10,5923,3918,2005
1882,1996,11,6131,3918,2213
1882,1996,12,8865,6418,2447
1882,1997,1,5918,13618,-7700
1882,1997,2,5910,5918,-8
1882,1997,3,5918,3918,2000
1882,1997,4,5926,3918,2008
1882,1997,5,5935,3918,2017
1882,1997,6,8856,13318,-4462
1882,1997,7,5920,5818,102
1882,1997,8,5925,3918,2007
1882,1997,9,5919,7618,-1699
1882,1997,10,5926,3918,2008
1882,1997,11,5933,10818,-4885
1882,1997,12,8846,8118,728
1882,1998,1,5917,5018,899
1882,1998,2,5920,6918,-998
1882,1998,3,6116,3918,2198
1882,1998,4,5925,3918,2007
1882,1998,5,5934,3918,2016
1882,1998,6,8873,12918,-4045
1882,1998,7,5923,8818,-2895
1882,1998,8,5913,3918,1995
1882,1998,9,5919,6918,-999
1882,1998,10,5917,3918,1999
1882,1998,11,5925,3918,2007
1882,1998,12,8861,12703,-3842
1884,1996,12,800,0,800
1884,1997,1,12533,0,12533
1884,1997,2,9778,4500,5278
1884,1997,3,9798,6100,3698
1884,1997,4,9815,5200,4615
1884,1997,5,9830,9015,815
1884,1997,6,14677,28015,-13338
1884,1997,7,9785,3915,5870
1884,1997,8,9804,7715,2089
1884,1997,9,9818,4515,5303
1884,1997,10,9835,8015,1820
1884,1997,11,9843,10515,-672
1884,1997,12,14702,17615,-2913
1884,1998,1,9824,10115,-291
1884,1998,2,9829,6715,3114
1884,1998,3,9838,8715,1123
1884,1998,4,9841,9715,126
1884,1998,5,9832,18015,-8183
1884,1998,6,14670,15215,-545
1884,1998,7,9809,7715,2094
1884,1998,8,9809,11915,-2106
1884,1998,9,9798,12815,-3017
1884,1998,10,9786,12715,-2929
1884,1998,11,9778,10615,-837
1884,1998,12,14642,12400,2242
1885,1996,8,3107,0,3107
1885,1996,9,11438,0,11438
1885,1996,10,6674,15,6659
1885,1996,11,46985,1715,45270
1885,1996,12,2738,20315,-17577
1885,1997,1,11469,22815,-11346
1885,1997,2,2632,10365,-7733
1885,1997,3,2622,3215,-593
1885,1997,4,2612,6415,-3803
1885,1997,5,2609,715,1894
1885,1997,6,2589,14315,-11726
1885,1997,7,5174,1465,3709
1885,1997,8,26898,13265,13633
1885,1997,9,2632,4965,-2333
1885,1997,10,2627,2315,312
1885,1997,11,2624,4715,-2091
1885,1997,12,2615,4615,-2000
1885,1998,1,39823,11465,28358
1885,1998,2,2675,18265,-15590
1885,1998,3,2653,7315,-4662
1885,1998,4,2644,3265,-621
1885,1998,5,2637,5215,-2578
1885,1998,6,2629,3215,-586
1885,1998,7,2597,10215,-7618
1885,1998,8,2589,6715,-4126
1885,1998,9,51625,1315,50310
1885,1998,10,2734,30315,-27581
1885,1998,11,2626,18715,-16089
1885,1998,12,2586,11700,-9114
1886,1996,3,27847,0,27847
1886,1996,4,27257,1100,26157
1886,1996,5,27328,16300,11028
1886,1996,6,40931,22100,18831
1886,1996,7,27402,36315,-8913
1886,1996,8,27286,76016,-48730
1886,1996,9,27197,20626,6571
1886,1996,10,27229,31926,-4697
1886,1996,11,27238,25826,1412
1886,1996,12,40766,48039,-7273
1886,1997,1,27209,20726,6483
1886,1997,2,27236,24526,2710
1886,1997,3,27217,33576,-6359
1886,1997,4,27220,25426,1794
1886,1997,5,27220,26026,1194
1886,1997,6,40777,40326,451
1886,1997,7,27230,28026,-796
1886,1997,8,27222,31026,-3804
1886,1997,9,27195,30026,-2831
1886,1997,10,27196,24526,2670
1886,1997,11,27198,24626,2572
1886,1997,12,40786,30826,9960
1886,1998,1,27183,42911,-15728
1886,1998,2,27184,25564,1620
1886,1998,3,27203,20126,7077
1886,1998,4,27224,27126,98
1886,1998,5,27217,30594,-3377
1886,1998,6,40771,34526,6245
1886,1998,7,27186,34801,-7615
1886,1998,8,27195,29626,-2431
1886,1998,9,27187,26626,561
1886,1998,10,27181,31526,-4345
1886,1998,11,27196,8726,18470
1886,1998,12,40806,28408,12398
1887,1993,5,9338,0,9338
1887,1993,6,18308,0,18308
1887,1993,7,8550,300,8250
1887,1993,8,8574,4000,4574
1887,1993,9,8566,13823,-5257
1887,1993,10,8557,9323,-766
1887,1993,11,8553,9723,-1170
1887,1993,12,12761,12123,638
1887,1994,1,8522,20223,-11701
1887,1994,2,9816,5623,4193
1887,1994,3,9433,5623,3810
1887,1994,4,8535,9623,-1088
1887,1994,5,8539,9123,-584
1887,1994,6,12754,6823,5931
1887,1994,7,8556,8623,-67
1887,1994,8,8556,8323,233
1887,1994,9,8559,7523,1036
1887,1994,10,8549,13423,-4874
1887,1994,11,8545,11423,-2878
1887,1994,12,12742,13023,-281
1887,1995,1,11111,16023,-4912
1887,1995,2,11512,10223,1289
1887,1995,3,8519,7223,1296
1887,1995,4,8524,6223,2301
1887,1995,5,8533,7723,810
1887,1995,6,12753,10023,2730
1887,1995,7,8547,9023,-476
1887,1995,8,8537,10223,-1686
1887,1995,9,8539,5723,2816
1887,1995,10,8550,6723,1827
1887,1995,11,8557,7923,634
1887,1995,12,12770,11723,1047
1887,1996,1,13738,28923,-15185
1887,1996,2,12306,5623,6683
1887,1996,3,8730,5623,3107
1887,1996,4,10445,5623,4822
1887,1996,5,8558,9923,-1365
1887,1996,6,12766,11923,843
1887,1996,7,8554,10523,-1969
1887,1996,8,8545,13023,-4478
1887,1996,9,8523,13823,-5300
1887,1996,10,8506,8823,-317
1887,1996,11,8506,7823,683
1887,1996,12,12727,9723,3004
1887,1997,1,10607,14723,-4116
1887,1997,2,9398,10223,-825
1887,1997,3,8504,5823,2681
1887,1997,4,9918,6123,3795
1887,1997,5,8531,6123,2408
1887,1997,6,12746,12123,623
1887,1997,7,8537,9023,-486
1887,1997,8,9945,5623,4322
1887,1997,9,9862,5623,4239
1887,1997,10,8563,11823,-3260
1887,1997,11,8554,9523,-969
1887,1997,12,12760,13923,-1163
1887,1998,1,8529,20823,-12294
1887,1998,2,8494,9023,-529
1887,1998,3,8488,11123,-2635
1887,1998,4,8490,5623,2867
1887,1998,5,8483,12823,-4340
1887,1998,6,12700,5623,7077
1887,1998,7,8491,13823,-5332
1887,1998,8,8475,11823,-3348
1887,1998,9,8476,5623,2853
1887,1998,10,8488,5623,2865
1887,1998,11,8500,5623,2877
1887,1998,12,12714,11108,1606
1888,1996,10,300,0,300
1888,1996,11,28918,3500,25418
1888,1996,12,43534,24700,18834
1888,1997,1,29209,29100,109
1888,1997,2,29225,24000,5225
1888,1997,3,29279,39967,-10688
1888,1997,4,29242,34767,-5525
1888,1997,5,29159,54793,-25634
1888,1997,6,43476,37767,5709
1888,1997,7,28949,31269,-2320
1888,1997,8,28990,25267,3723
1888,1997,9,29044,22267,6777
1888,1997,10,29082,25947,3135
1888,1997,11,29098,27747,1351
1888,1997,12,43572,41147,2425
1888,1998,1,29005,60269,-31264
1888,1998,2,29419,16863,12556
1888,1998,3,28980,25147,3833
1888,1998,4,29008,25547,3461
1888,1998,5,29022,28236,786
1888,1998,6,43495,57273,-13778
1888,1998,7,28964,21647,7317
1888,1998,8,28979,26867,2112
1888,1998,9,28969,29067,-98
1888,1998,10,29685,37886,-8201
1888,1998,11,35846,41392,-5546
1888,1998,12,43315,46725,-3410
1889,1995,2,800,0,800
1889,1995,3,5841,0,5841
1889,1995,4,5841,0,5841
1889,1995,5,5841,0,5841
1889,1995,6,5841,0,5841
1889,1995,7,5933,6993,-1060
1889,1995,8,5948,3913,2035
1889,1995,9,5952,3313,2639
1889,1995,10,5967,4013,1954
1889,1995,11,5960,8573,-2613
1889,1995,12,5958,6363,-405
1889,1996,1,5935,15193,-9258
1889,1996,2,5920,3313,2607
1889,1996,3,5931,3313,2618
1889,1996,4,5941,5073,868
1889,1996,5,5945,3313,2632
1889,1996,6,5930,12763,-6833
1889,1996,7,5928,3313,2615
1889,1996,8,5935,5393,542
1889,1996,9,5942,4113,1829
1889,1996,10,5948,3313,2635
1889,1996,11,5959,3313,2646
1889,1996,12,5969,5063,906
1889,1997,1,5967,11203,-5236
1889,1997,2,5950,4273,1677
1889,1997,3,5959,3313,2646
1889,1997,4,5968,5233,735
1889,1997,5,5973,3313,2660
1889,1997,6,5976,7663,-1687
1889,1997,7,5971,7633,-1662
1889,1997,8,5970,3313,2657
1889,1997,9,5981,3313,2668
1889,1997,10,5988,6913,-925
1889,1997,11,5986,4913,1073
1889,1997,12,5986,6933,-947
1889,1998,1,5973,13353,-7380
1889,1998,2,5958,3313,2645
1889,1998,3,5969,3313,2656
1889,1998,4,5980,3313,2667
1889,1998,5,5991,5393,598
1889,1998,6,5981,9563,-3582
1889,1998,7,5978,3793,2185
1889,1998,8,5984,6033,-49
1889,1998,9,5987,3313,2674
1889,1998,10,5994,5873,121
1889,1998,11,5999,3313,2686
1889,1998,12,6009,3848,2161
1890,1997,7,600,0,600
1890,1997,8,33776,3200,30576
1890,1997,9,33871,23200,10671
1890,1997,10,33907,28000,5907
1890,1997,11,33924,31800,2124
1890,1997,12,50801,46830,3971
1890,1998,1,33870,82420,-48550
1890,1998,2,33777,18130,15647
1890,1998,3,33822,55203,-21381
1890,1998,4,33755,17432,16323
1890,1998,5,33791,42327,-8536
1890,1998,6,50658,30530,20128
1890,1998,7,33821,53862,-20041
1890,1998,8,33767,35468,-1701
1890,1998,9,33772,23130,10642
1890,1998,10,33813,27730,6083
1890,1998,11,33802,43330,-9528
1890,1998,12,50640,58649,-8009
1891,1993,4,800,0,800
1891,1993,5,15705,0,15705
1891,1993,6,7647,0,7647
1891,1993,7,5673,0,5673
1891,1993,8,3883,2900,983
1891,1993,9,3885,3654,231
1891,1993,10,3876,7089,-3213
1891,1993,11,3869,4619,-750
1891,1993,12,3872,2849,1023
1891,1994,1,3862,8789,-4927
1891,1994,2,3855,3369,486
1891,1994,3,3855,3619,236
1891,1994,4,3959,3149,810
1891,1994,5,5566,4169,1397
1891,1994,6,4570,5099,-529
1891,1994,7,3858,4919,-1061
1891,1994,8,3858,4719,-861
1891,1994,9,7070,2519,4551
1891,1994,10,3868,5249,-1381
1891,1994,11,6079,2519,3560
1891,1994,12,3877,8759,-4882
1891,1995,1,6857,8849,-1992
1891,1995,2,3857,2849,1008
1891,1995,3,7273,3789,3484
1891,1995,4,6978,2519,4459
1891,1995,5,3895,4919,-1024
1891,1995,6,8177,8549,-372
1891,1995,7,3889,4219,-330
1891,1995,8,7187,3299,3888
1891,1995,9,6305,2519,3786
1891,1995,10,5121,2519,2602
1891,1995,11,5231,2519,2712
1891,1995,12,3937,6349,-2412
1891,1996,1,6725,7019,-294
1891,1996,2,5532,2519,3013
1891,1996,3,5540,3869,1671
1891,1996,4,7253,2519,4734
1891,1996,5,3967,5119,-1152
1891,1996,6,9962,8249,1713
1891,1996,7,3970,3719,251
1891,1996,8,4768,4559,209
1891,1996,9,5075,2519,2556
1891,1996,10,6788,2519,4269
1891,1996,11,5604,2519,3085
1891,1996,12,4010,4849,-839
1891,1997,1,7302,9239,-1937
1891,1997,2,4603,2519,2084
1891,1997,3,6716,2519,4197
1891,1997,4,7434,2519,4915
1891,1997,5,5151,2519,2632
1891,1997,6,6443,10499,-4056
1891,1997,7,4041,3519,522
1891,1997,8,6950,2759,4191
1891,1997,9,4563,2519,2044
1891,1997,10,4067,4029,38
1891,1997,11,4068,3719,349
1891,1997,12,4061,8169,-4108
1891,1998,1,4036,11009,-6973
1891,1998,2,8833,3449,5384
1891,1998,3,6851,3839,3012
1891,1998,4,8370,2519,5851
1891,1998,5,4075,6219,-2144
1891,1998,6,7674,5699,1975
1891,1998,7,4079,4889,-810
1891,1998,8,4079,2819,1260
1891,1998,9,5589,2519,3070
1891,1998,10,5000,2519,2481
1891,1998,11,6011,2519,3492
1891,1998,12,4422,2924,1498
1892,1993,7,900,0,900
1892,1993,8,4622,0,4622
1892,1993,9,4622,0,4622
1892,1993,10,4622,0,4622
1892,1993,11,4622,0,4622
1892,1993,12,4680,4663,17
1892,1994,1,4682,11953,-7271
1892,1994,2,4679,2413,2266
1892,1994,3,4688,2413,2275
1892,1994,4,4698,2413,2285
1892,1994,5,4701,7293,-2592
1892,1994,6,4689,5053,-364
1892,1994,7,4695,2413,2282
1892,1994,8,4705,2413,2292
1892,1994,9,4714,2893,1821
1892,1994,10,4722,2413,2309
1892,1994,11,4731,3053,1678
1892,1994,12,4737,3013,1724
1892,1995,1,4717,13463,-8746
1892,1995,2,4709,2413,2296
1892,1995,3,4718,2413,2305
1892,1995,4,4728,2413,2315
1892,1995,5,4738,2413,2325
1892,1995,6,4730,18253,-13523
1892,1995,7,4691,2413,2278
1892,1995,8,4694,5693,-999
1892,1995,9,4696,2413,2283
1892,1995,10,4706,2413,2293
1892,1995,11,4715,4313,402
1892,1995,12,4717,3013,1704
1892,1996,1,4713,13443,-8730
1892,1996,2,4687,2413,2274
1892,1996,3,4697,3113,1584
1892,1996,4,4702,7013,-2311
1892,1996,5,4688,5773,-1085
1892,1996,6,4686,4013,673
1892,1996,7,4690,5113,-423
1892,1996,8,4688,4913,-225
1892,1996,9,4689,2413,2276
1892,1996,10,4699,2413,2286
1892,1996,11,4707,3513,1194
1892,1996,12,4704,6333,-1629
1892,1997,1,4690,8193,-3503
1892,1997,2,4689,4713,-24
1892,1997,3,4690,4013,677
1892,1997,4,4690,5293,-603
1892,1997,5,4690,3913,777
1892,1997,6,4691,5113,-422
1892,1997,7,4689,4773,-84
1892,1997,8,4692,3213,1479
1892,1997,9,4694,5313,-619
1892,1997,10,4688,7213,-2525
1892,1997,11,4686,2413,2273
1892,1997,12,4690,5863,-1173
1892,1998,1,4686,4333,353
1892,1998,2,4691,2413,2278
1892,1998,3,4701,2413,2288
1892,1998,4,4708,3773,935
1892,1998,5,4714,2413,2301
1892,1998,6,4706,8883,-4177
1892,1998,7,4706,2413,2293
1892,1998,8,4707,8653,-3946
1892,1998,9,4699,2413,2286
1892,1998,10,4709,2413,2296
1892,1998,11,4718,2413,2305
1892,1998,12,4719,5448,-729
1893,1996,7,900,0,900
1893,1996,8,55020,0,55020
1893,1996,9,13767,24900,-11133
1893,1996,10,119875,75715,44160
1893,1996,11,67900,77904,-10004
1893,1996,12,236,36504,-36268
1893,1997,1,132,21304,-21172
1893,1997,2,133762,84804,48958
1893,1997,3,40533,24504,16029
1893,1997,4,8083,37104,-29021
1893,1997,5,151841,166861,-15020
1893,1997,6,39976,24358,15618
1893,1997,7,25308,25304,4
1893,1997,8,157,30504,-30347
1893,1997,9,17199,12004,5195
1893,1997,10,64590,15304,49286
1893,1997,11,103600,90204,13396
1893,1997,12,128362,133204,-4842
1893,1998,1,120824,181704,-60880
1893,1998,2,124,6304,-6180
1893,1998,3,56371,6304,50067
1893,1998,4,199,39104,-38905
1893,1998,5,145,6304,-6159
1893,1998,6,41266,6304,34962
1893,1998,7,10315,46304,-35989
1893,1998,8,22313,6304,16009
1893,1998,9,16185,37239,-21054
1893,1998,10,93,6304,-6211
1893,1998,11,81798,8404,73394
1893,1998,12,201,53589,-53388
1894,1996,8,1100,0,1100
1894,1996,9,24017,0,24017
1894,1996,10,24016,14400,9616
1894,1996,11,24053,18300,5753
1894,1996,12,36034,26300,9734
1894,1997,1,24140,29715,-5575
1894,1997,2,24122,25715,-1593
1894,1997,3,24106,22615,1491
1894,1997,4,24092,23015,1077
1894,1997,5,24131,24215,-84
1894,1997,6,36059,36915,-856
1894,1997,7,24094,24415,-321
1894,1997,8,24119,20815,3304
1894,1997,9,24108,20715,3393
1894,1997,10,24116,25815,-1699
1894,1997,11,24110,25015,-905
1894,1997,12,36106,30615,5491
1894,1998,1,24135,35715,-11580
1894,1998,2,24093,15515,8578
1894,1998,3,24127,17315,6812
1894,1998,4,24147,23515,632
1894,1998,5,24143,27515,-3372
1894,1998,6,36091,38915,-2824
1894,1998,7,24124,23115,1009
1894,1998,8,24120,29715,-5595
1894,1998,9,24111,20315,3796
1894,1998,10,24113,27115,-3002
1894,1998,11,24116,19215,4901
1894,1998,12,36083,35200,883
1895,1996,7,18565,0,18565
1895,1996,8,18642,0,18642
1895,1996,9,18094,8800,9294
1895,1996,10,18128,10600,7528
1895,1996,11,18077,43106,-25029
1895,1996,12,27043,11825,15218
1895,1997,1,18062,38184,-20122
1895,1997,2,18037,9225,8812
1895,1997,3,18051,22432,-4381
1895,1997,4,18055,15525,2530
1895,1997,5,18061,17125,936
1895,1997,6,27047,16625,10422
1895,1997,7,18040,39447,-21407
1895,1997,8,18026,14725,3301
1895,1997,9,18034,16425,1609
1895,1997,10,18047,14425,3622
1895,1997,11,18046,24525,-6479
1895,1997,12,26986,29934,-2948
1895,1998,1,18000,18325,-325
1895,1998,2,18013,11425,6588
1895,1998,3,18048,14725,3323
1895,1998,4,18033,21380,-3347
1895,1998,5,18034,14425,3609
1895,1998,6,27041,15425,11616
1895,1998,7,18057,22525,-4468
1895,1998,8,18089,26125,-8036
1895,1998,9,18066,13825,4241
1895,1998,10,18097,13925,4172
1895,1998,11,18096,18525,-429
1895,1998,12,27062,13910,13152
1896,1993,10,600,0,600
1896,1993,11,28033,1900,26133
1896,1993,12,61684,10800,50884
1896,1994,1,20453,38315,-17862
1896,1994,2,163,28978,-28815
1896,1994,3,94,11478,-11384
1896,1994,4,855,9478,-8623
1896,1994,5,7239,9478,-2239
1896,1994,6,6327,9478,-3151
1896,1994,7,9222,9478,-256
1896,1994,8,22029,9478,12551
1896,1994,9,7474,9478,-2004
1896,1994,10,39968,21378,18590
1896,1994,11,3109,11578,-8469
1896,1994,12,6707,9478,-2771
1896,1995,1,22820,23278,-458
1896,1995,2,57621,29778,27843
1896,1995,3,64443,58978,5465
1896,1995,4,76880,81828,-4948
1896,1995,5,204,16778,-16574
1896,1995,6,5811,12398,-6587
1896,1995,7,119327,104009,15318
1896,1995,8,41001,32278,8723
1896,1995,9,1062,20578,-19516
1896,1995,10,5331,9478,-4147
1896,1995,11,6214,9478,-3264
1896,1995,12,56519,33678,22841
1896,1996,1,28316,52578,-24262
1896,1996,2,51439,9478,41961
1896,1996,3,68021,77978,-9957
1896,1996,4,17235,33208,-15973
1896,1996,5,40574,41018,-444
1896,1996,6,92684,70278,22406
1896,1996,7,76119,70833,5286
1896,1996,8,113637,94578,19059
1896,1996,9,107736,83478,24258
1896,1996,10,49926,90378,-40452
1896,1996,11,96741,94373,2368
1896,1996,12,52733,100478,-47745
1896,1997,1,31582,37078,-5496
1896,1997,2,50523,9478,41045
1896,1997,3,45421,53278,-7857
1896,1997,4,183,16478,-16295
1896,1997,5,55844,12178,43666
1896,1997,6,34008,35578,-1570
1896,1997,7,40927,31078,9849
1896,1997,8,21457,46478,-25021
1896,1997,9,201,25778,-25577
1896,1997,10,55006,32278,22728
1896,1997,11,28241,18378,9863
1896,1997,12,46807,48948,-2141
1896,1998,1,2038,44376,-42338
1896,1998,2,13312,9478,3834
1896,1998,3,13524,16078,-2554
1896,1998,4,12916,9478,3438
1896,1998,5,14324,14878,-554
1896,1998,6,13012,15621,-2609
1896,1998,7,20130,9478,10652
1896,1998,8,11758,9478,2280
1896,1998,9,5850,9478,-3628
1896,1998,10,9546,9478,68
1896,1998,11,6136,9478,-3342
1896,1998,12,5909,13363,-7454
1897,1996,3,31862,0,31862
1897,1996,4,78108,31100,47008
1897,1996,5,328,30300,-29972
1897,1996,6,82242,23694,58548
1897,1996,7,290,51724,-51434
1897,1996,8,63939,27324,36615
1897,1996,9,49470,47724,1746
1897,1996,10,48183,93496,-45313
1897,1996,11,66760,58278,8482
1897,1996,12,24476,38824,-14348
1897,1997,1,187898,184340,3558
1897,1997,2,40450,37724,2726
1897,1997,3,77770,101896,-24126
1897,1997,4,38385,24024,14361
1897,1997,5,19387,21224,-1837
1897,1997,6,8600,23885,-15285
1897,1997,7,96416,64828,31588
1897,1997,8,53376,52720,656
1897,1997,9,176,25624,-25448
1897,1997,10,89995,35824,54171
1897,1997,11,153325,147924,5401
1897,1997,12,37642,88124,-50482
1897,1998,1,64531,48224,16307
1897,1998,2,25383,53303,-27920
1897,1998,3,16965,10924,6041
1897,1998,4,55843,35324,20519
1897,1998,5,88793,87224,1569
1897,1998,6,38662,39367,-705
1897,1998,7,145,27471,-27326
1897,1998,8,80,10924,-10844
1897,1998,9,169384,103024,66360
1897,1998,10,25839,57098,-31259
1897,1998,11,38794,49924,-11130
1897,1998,12,124,15624,-15500
1898,1993,4,11304,0,11304
1898,1993,5,17371,2900,14471
1898,1993,6,15507,9200,6307
1898,1993,7,10401,7000,3401
1898,1993,8,10413,11715,-1302
1898,1993,9,10409,8815,1594
1898,1993,10,10422,11315,-893
1898,1993,11,10411,11515,-1104
1898,1993,12,15553,11515,4038
1898,1994,1,12788,25216,-12428
1898,1994,2,12257,16701,-4444
1898,1994,3,10359,2215,8144
1898,1994,4,10389,8315,2074
1898,1994,5,10399,6415,3984
1898,1994,6,15549,10615,4934
1898,1994,7,10429,14415,-3986
1898,1994,8,11604,22539,-10935
1898,1994,9,10370,11764,-1394
1898,1994,10,10371,4815,5556
1898,1994,11,11268,19079,-7811
1898,1994,12,15499,12115,3384
1898,1995,1,10365,13715,-3350
1898,1995,2,10365,3215,7150
1898,1995,3,10387,8615,1772
1898,1995,4,10392,13298,-2906
1898,1995,5,10388,11245,-857
1898,1995,6,15513,14869,644
1898,1995,7,10379,17415,-7036
1898,1995,8,10360,7215,3145
1898,1995,9,10376,3215,7161
1898,1995,10,10402,10624,-222
1898,1995,11,10396,11006,-610
1898,1995,12,15527,12915,2612
1898,1996,1,10380,19115,-8735
1898,1996,2,10378,3715,6663
1898,1996,3,10388,11815,-1427
1898,1996,4,10368,17466,-7098
1898,1996,5,10352,11915,-1563
1898,1996,6,15483,15115,368
1898,1996,7,10346,12022,-1676
1898,1996,8,10346,9415,931
1898,1996,9,10343,12015,-1672
1898,1996,10,10336,11915,-1579
1898,1996,11,10335,9715,620
1898,1996,12,15475,13315,2160
1898,1997,1,10348,9715,633
1898,1997,2,10350,9615,735
1898,1997,3,10346,11915,-1569
1898,1997,4,10337,12615,-2278
1898,1997,5,10337,9415,922
1898,1997,6,15484,11315,4169
1898,1997,7,10362,8115,2247
1898,1997,8,10359,11915,-1556
1898,1997,9,10390,14615,-4225
1898,1997,10,10374,9215,1159
1898,1997,11,10361,5615,4746
1898,1997,12,15527,10515,5012
1898,1998,1,10363,17515,-7152
1898,1998,2,10364,7715,2649
1898,1998,3,10368,10015,353
1898,1998,4,10375,8315,2060
1898,1998,5,10389,4815,5574
1898,1998,6,15554,9015,6539
1898,1998,7,10394,26815,-16421
1898,1998,8,10360,15,10345
1898,1998,9,10386,14915,-4529
1898,1998,10,10378,13815,-3437
1898,1998,11,10372,9015,1357
1898,1998,12,15499,18851,-3352
1899,1996,11,5440,0,5440
1899,1996,12,4645,0,4645
1899,1997,1,4645,0,4645
1899,1997,2,4645,0,4645
1899,1997,3,4690,6616,-1926
1899,1997,4,4700,3096,1604
1899,1997,5,4699,6056,-1357
1899,1997,6,4701,3096,1605
1899,1997,7,4703,5336,-633
1899,1997,8,4702,5656,-954
1899,1997,9,4701,3096,1605
1899,1997,10,4707,3096,1611
1899,1997,11,4714,3096,1618
1899,1997,12,4719,3996,723
1899,1998,1,4711,10376,-5665
1899,1998,2,4700,3096,1604
1899,1998,3,4707,3096,1611
1899,1998,4,4714,3096,1618
1899,1998,5,4703,12296,-7593
1899,1998,6,4686,4796,-110
1899,1998,7,4681,5416,-735
1899,1998,8,4683,5176,-493
1899,1998,9,4683,3096,1587
1899,1998,10,4690,3096,1594
1899,1998,11,4696,3096,1600
1899,1998,12,4702,4331,371
1900,1996,7,1000,0,1000
1900,1996,8,24350,2600,21750
1900,1996,9,24437,12300,12137
1900,1996,10,24484,16500,7984
1900,1996,11,24512,22000,2512
1900,1996,12,36733,34329,2404
1900,1997,1,24556,33009,-8453
1900,1997,2,24523,20829,3694
1900,1997,3,24538,22929,1609
1900,1997,4,24539,27029,-2490
1900,1997,5,24526,28329,-3803
1900,1997,6,36704,30189,6515
1900,1997,7,24535,30489,-5954
1900,1997,8,24525,21169,3356
1900,1997,9,24528,21929,2599
1900,1997,10,24537,22929,1608
1900,1997,11,24554,24649,-95
1900,1997,12,36730,28029,8701
1900,1998,1,24568,29829,-5261
1900,1998,2,24559,19229,5330
1900,1998,3,24584,26829,-2245
1900,1998,4,24559,27329,-2770
1900,1998,5,24550,25529,-979
1900,1998,6,36729,31329,5400
1900,1998,7,24562,27329,-2767
1900,1998,8,24549,27809,-3260
1900,1998,9,24536,26729,-2193
1900,1998,10,24537,27829,-3292
1900,1998,11,24516,23029,1487
1900,1998,12,36715,32514,4201
1901,1995,12,28281,100,28181
1901,1996,1,18176,12100,6076
1901,1996,2,18200,15300,2900
1901,1996,3,18212,16900,1312
1901,1996,4,18272,20270,-1998
1901,1996,5,18243,19070,-827
1901,1996,6,27304,30770,-3466
1901,1996,7,18224,17870,354
1901,1996,8,18223,19170,-947
1901,1996,9,18220,16970,1250
1901,1996,10,18225,22590,-4365
1901,1996,11,18200,29470,-11270
1901,1996,12,27228,23090,4138
1901,1997,1,18156,24770,-6614
1901,1997,2,18164,14570,3594
1901,1997,3,18179,15570,2609
1901,1997,4,18188,16970,1218
1901,1997,5,18171,20510,-2339
1901,1997,6,27209,24630,2579
1901,1997,7,18177,16370,1807
1901,1997,8,18185,15070,3115
1901,1997,9,18193,17870,323
1901,1997,10,18200,21770,-3570
1901,1997,11,18185,18010,175
1901,1997,12,27209,28290,-1081
1901,1998,1,18150,24370,-6220
1901,1998,2,18159,16570,1589
1901,1998,3,18164,18870,-706
1901,1998,4,18162,17370,792
1901,1998,5,18142,22210,-4068
1901,1998,6,27207,20830,6377
1901,1998,7,18157,19070,-913
1901,1998,8,18156,17770,386
1901,1998,9,18156,18150,6
1901,1998,10,18173,13170,5003
1901,1998,11,18173,18770,-597
1901,1998,12,27200,31335,-4135
1902,1993,7,200,0,200
1902,1993,8,18176,0,18176
1902,1993,9,11329,4100,7229
1902,1993,10,11356,5800,5556
1902,1993,11,11372,9000,2372
1902,1993,12,16993,22130,-5137
1902,1994,1,11344,18787,-7443
1902,1994,2,11548,3155,8393
1902,1994,3,11368,7630,3738
1902,1994,4,11374,11630,-256
1902,1994,5,11401,11530,-129
1902,1994,6,17022,4930,12092
1902,1994,7,15589,34547,-18958
1902,1994,8,11960,15911,-3951
1902,1994,9,11857,6330,5527
1902,1994,10,14569,6930,7639
1902,1994,11,11394,8018,3376
1902,1994,12,17023,15830,1193
1902,1995,1,11359,29430,-18071
1902,1995,2,12255,30,12225
1902,1995,3,11393,10230,1163
1902,1995,4,11394,6730,4664
1902,1995,5,11394,12431,-1037
1902,1995,6,17040,8530,8510
1902,1995,7,11421,16930,-5509
1902,1995,8,11417,8230,3187
1902,1995,9,11384,20030,-8646
1902,1995,10,11397,7130,4267
1902,1995,11,11411,14823,-3412
1902,1995,12,17029,12630,4399
1902,1996,1,11364,27630,-16266
1902,1996,2,11358,5930,5428
1902,1996,3,11379,5130,6249
1902,1996,4,11391,22730,-11339
1902,1996,5,11355,6030,5325
1902,1996,6,17000,9930,7070
1902,1996,7,11397,22230,-10833
1902,1996,8,11376,15588,-4212
1902,1996,9,11331,7630,3701
1902,1996,10,11344,14930,-3586
1902,1996,11,11331,11330,1
1902,1996,12,16950,16630,320
1902,1997,1,11342,18530,-7188
1902,1997,2,11302,10630,672
1902,1997,3,11306,30,11276
1902,1997,4,11351,18730,-7379
1902,1997,5,11322,9130,2192
1902,1997,6,16948,17530,-582
1902,1997,7,11330,18230,-6900
1902,1997,8,11300,30,11270
1902,1997,9,11371,14130,-2759
1902,1997,10,11331,12930,-1599
1902,1997,11,11328,30,11298
1902,1997,12,16991,30931,-13940
1902,1998,1,11326,8130,3196
1902,1998,2,11335,8130,3205
1902,1998,3,11343,30,11313
1902,1998,4,11390,9930,1460
1902,1998,5,11395,12630,-1235
1902,1998,6,16977,39330,-22353
1902,1998,7,11298,30,11268
1902,1998,8,11345,30,11315
1902,1998,9,11390,11426,-36
1902,1998,10,11392,30,11362
1902,1998,11,11459,2730,8729
1902,1998,12,17114,8400,8714
1903,1996,7,5109,0,5109
1903,1996,8,14960,0,14960
1903,1996,9,7800,0,7800
1903,1996,10,4623,0,4623
1903,1996,11,4135,1975,2160
1903,1996,12,4127,7063,-2936
1903,1997,1,6211,8853,-2642
1903,1997,2,4120,2153,1967
1903,1997,3,4120,4823,-703
1903,1997,4,5329,2153,3176
1903,1997,5,6546,3353,3193
1903,1997,6,6630,11063,-4433
1903,1997,7,4233,2153,2080
1903,1997,8,4242,2153,2089
1903,1997,9,4150,3843,307
1903,1997,10,4150,5253,-1103
1903,1997,11,4147,2253,1894
1903,1997,12,8157,3023,5134
1903,1998,1,4162,8453,-4291
1903,1998,2,4559,2153,2406
1903,1998,3,6263,4073,2190
1903,1998,4,4177,3453,724
1903,1998,5,4179,4053,126
1903,1998,6,4171,4953,-782
1903,1998,7,4378,2153,2225
1903,1998,8,6389,2153,4236
1903,1998,9,7906,2693,5213
1903,1998,10,4225,3253,972
1903,1998,11,7634,2153,5481
1903,1998,12,4250,3338,912
1904,1996,5,500,0,500
1904,1996,6,18767,0,18767
1904,1996,7,8847,1700,7147
1904,1996,8,8864,8300,564
1904,1996,9,8876,4100,4776
1904,1996,10,8881,11535,-2654
1904,1996,11,8863,13950,-5087
1904,1996,12,13240,10550,2690
1904,1997,1,8859,11970,-3111
1904,1997,2,8844,11250,-2406
1904,1997,3,8832,15290,-6458
1904,1997,4,13734,5850,7884
1904,1997,5,8854,6930,1924
1904,1997,6,13238,11350,1888
1904,1997,7,8864,8350,514
1904,1997,8,9173,5850,3323
1904,1997,9,8879,8150,729
1904,1997,10,9977,11370,-1393
1904,1997,11,9686,5850,3836
1904,1997,12,13290,6350,6940
1904,1998,1,10025,19450,-9425
1904,1998,2,14104,8730,5374
1904,1998,3,8911,6450,2461
1904,1998,4,8921,5850,3071
1904,1998,5,8932,6650,2282
1904,1998,6,13296,17830,-4534
1904,1998,7,8912,10470,-1558
1904,1998,8,8913,10270,-1357
1904,1998,9,8911,6250,2661
1904,1998,10,8918,7250,1668
1904,1998,11,8901,16950,-8049
1904,1998,12,14491,5835,8656
1905,1996,5,400,0,400
1905,1996,6,24606,0,24606
1905,1996,7,15233,7700,7533
1905,1996,8,15266,7300,7966
1905,1996,9,15294,11500,3794
1905,1996,10,15314,14615,699
1905,1996,11,15316,18518,-3202
1905,1996,12,22878,24178,-1300
1905,1997,1,15263,29878,-14615
1905,1997,2,15246,11278,3968
1905,1997,3,15260,12818,2442
1905,1997,4,15274,10018,5256
1905,1997,5,15285,11098,4187
1905,1997,6,22881,19518,3363
1905,1997,7,15318,15318,0
1905,1997,8,15313,17518,-2205
1905,1997,9,15302,17518,-2216
1905,1997,10,15285,21878,-6593
1905,1997,11,15267,19978,-4711
1905,1997,12,22819,21958,861
1905,1998,1,15228,28278,-13050
1905,1998,2,15210,8818,6392
1905,1998,3,15228,17598,-2370
1905,1998,4,15220,12218,3002
1905,1998,5,15229,14018,1211
1905,1998,6,22809,17218,5591
1905,1998,7,15240,23738,-8498
1905,1998,8,15220,13818,1402
1905,1998,9,15213,18218,-3005
1905,1998,10,15214,17178,-1964
1905,1998,11,15198,15618,-420
1905,1998,12,22767,20963,1804
1906,1996,8,66430,21600,44830
1906,1996,9,23027,21600,1427
1906,1996,10,193,8600,-8407
1906,1996,11,193,6100,-5907
1906,1996,12,49982,26200,23782
1906,1997,1,11282,41428,-30146
1906,1997,2,4390,7528,-3138
1906,1997,3,9272,9128,144
1906,1997,4,90049,46528,43521
1906,1997,5,72516,77628,-5112
1906,1997,6,195,26606,-26411
1906,1997,7,70892,40228,30664
1906,1997,8,45279,47028,-1749
1906,1997,9,6647,18428,-11781
1906,1997,10,112113,97901,14212
1906,1997,11,56644,52701,3943
1906,1997,12,7601,31395,-23794
1906,1998,1,10239,34001,-23762
1906,1998,2,17687,9401,8286
1906,1998,3,20885,9401,11484
1906,1998,4,52266,26286,25980
1906,1998,5,8116,33188,-25072
1906,1998,6,18038,22601,-4563
1906,1998,7,25634,9401,16233
1906,1998,8,29183,23962,5221
1906,1998,9,27292,34540,-7248
1906,1998,10,16658,30870,-14212
1906,1998,11,30879,25509,5370
1906,1998,12,17791,22808,-5017
1907,1997,3,700,0,700
1907,1997,4,21887,0,21887
1907,1997,5,18368,10200,8168
1907,1997,6,27537,17800,9737
1907,1997,7,18435,17000,1435
1907,1997,8,18468,16709,1759
1907,1997,9,18459,18090,369
1907,1997,10,18445,21550,-3105
1907,1997,11,18445,19190,-745
1907,1997,12,27586,28950,-1364
1907,1998,1,18399,22810,-4411
1907,1998,2,18430,10490,7940
1907,1998,3,18455,19550,-1095
1907,1998,4,18453,13070,5383
1907,1998,5,18477,13910,4567
1907,1998,6,27639,20490,7149
1907,1998,7,18511,20890,-2379
1907,1998,8,18502,19390,-888
1907,1998,9,18488,24090,-5602
1907,1998,10,18474,19490,-1016
1907,1998,11,18477,15610,2867
1907,1998,12,27645,11655,15990
1908,1994,9,7099,0,7099
1908,1994,10,6412,0,6412
1908,1994,11,6412,0,6412
1908,1994,12,6412,0,6412
1908,1995,1,6458,5615,843
1908,1995,2,6493,5809,684
1908,1995,3,6504,4089,2415
1908,1995,4,6507,6009,498
1908,1995,5,6513,4409,2104
1908,1995,6,6500,9759,-3259
1908,1995,7,6502,6509,-7
1908,1995,8,6505,6869,-364
1908,1995,9,6494,8389,-1895
1908,1995,10,6503,3609,2894
1908,1995,11,6515,3609,2906
1908,1995,12,6514,7159,-645
1908,1996,1,6491,16989,-10498
1908,1996,2,6469,5609,860
1908,1996,3,6484,3609,2875
1908,1996,4,6489,5849,640
1908,1996,5,6493,4009,2484
1908,1996,6,6485,11009,-4524
1908,1996,7,6490,3609,2881
1908,1996,8,6483,8009,-1526
1908,1996,9,6481,6609,-128
1908,1996,10,6484,5709,775
1908,1996,11,6485,7829,-1344
1908,1996,12,6479,7349,-870
1908,1997,1,6471,11849,-5378
1908,1997,2,6466,3609,2857
1908,1997,3,6470,5109,1361
1908,1997,4,6483,9209,-2726
1908,1997,5,6470,7309,-839
1908,1997,6,6468,6309,159
1908,1997,7,6468,6809,-341
1908,1997,8,6468,3609,2859
1908,1997,9,6478,6769,-291
1908,1997,10,6478,5229,1249
1908,1997,11,6479,9509,-3030
1908,1997,12,6458,11459,-5001
1908,1998,1,6445,6569,-124
1908,1998,2,6448,4809,1639
1908,1998,3,6456,3609,2847
1908,1998,4,6468,3609,2859
1908,1998,5,6469,15069,-8600
1908,1998,6,6444,3609,2835
1908,1998,7,6456,3609,2847
1908,1998,8,6468,3609,2859
1908,1998,9,6472,4889,1583
1908,1998,10,6467,16149,-9682
1908,1998,11,6445,3609,2836
1908,1998,12,6451,4194,2257
1909,1993,1,800,0,800
1909,1993,2,3191,0,3191
1909,1993,3,3191,0,3191
1909,1993,4,3191,0,3191
1909,1993,5,3191,0,3191
1909,1993,6,3230,3132,98
1909,1993,7,3254,2142,1112
1909,1993,8,3259,2532,727
1909,1993,9,3262,2142,1120
1909,1993,10,3266,2142,1124
1909,1993,11,3271,2142,1129
1909,1993,12,3276,2802,474
1909,1994,1,3272,5892,-2620
1909,1994,2,3266,2142,1124
1909,1994,3,3268,2562,706
1909,1994,4,3268,4962,-1694
1909,1994,5,3268,2142,1126
1909,1994,6,3272,2142,1130
1909,1994,7,3277,2142,1135
1909,1994,8,3279,2142,1137
1909,1994,9,3286,2142,1144
1909,1994,10,3292,2622,670
1909,1994,11,3294,2142,1152
1909,1994,12,3289,5192,-1903
1909,1995,1,3285,4872,-1587
1909,1995,2,3281,2142,1139
1909,1995,3,3291,2342,949
1909,1995,4,3287,3742,-455
1909,1995,5,3290,3252,38
1909,1995,6,3276,8812,-5536
1909,1995,7,3267,2142,1125
1909,1995,8,3272,2142,1130
1909,1995,9,3277,2142,1135
1909,1995,10,3278,4442,-1164
1909,1995,11,3274,2532,742
1909,1995,12,3280,2622,658
1909,1996,1,3271,6892,-3621
1909,1996,2,3264,3142,122
1909,1996,3,3267,2842,425
1909,1996,4,3267,3042,225
1909,1996,5,3268,5592,-2324
1909,1996,6,3257,3132,125
1909,1996,7,3259,2142,1117
1909,1996,8,3263,2952,311
1909,1996,9,3265,2142,1123
1909,1996,10,3267,3742,-475
1909,1996,11,3266,3042,224
1909,1996,12,3269,2882,387
1909,1997,1,3262,6552,-3290
1909,1997,2,3252,4842,-1590
1909,1997,3,3248,2942,306
1909,1997,4,3253,2142,1111
1909,1997,5,3255,2142,1113
1909,1997,6,3254,5742,-2488
1909,1997,7,3249,2842,407
1909,1997,8,3251,2142,1109
1909,1997,9,3255,2142,1113
1909,1997,10,3260,2142,1118
1909,1997,11,3265,4002,-737
1909,1997,12,3260,2872,388
1909,1998,1,3260,4682,-1422
1909,1998,2,3257,2142,1115
1909,1998,3,3256,4942,-1686
1909,1998,4,3256,2532,724
1909,1998,5,3252,4942,-1690
1909,1998,6,3250,2142,1108
1909,1998,7,3255,2142,1113
1909,1998,8,3259,3142,117
1909,1998,9,3249,7842,-4593
1909,1998,10,3243,2142,1101
1909,1998,11,3247,2142,1105
1909,1998,12,3252,2127,1125
1910,1996,9,800,0,800
1910,1996,10,23253,0,23253
1910,1996,11,20035,1000,19035
1910,1996,12,30065,6500,23565
1910,1997,1,20163,15300,4863
1910,1997,2,20152,24402,-4250
1910,1997,3,20146,21002,-856
1910,1997,4,20139,26922,-6783
1910,1997,5,20145,12002,8143
1910,1997,6,30059,47822,-17763
1910,1997,7,20335,3922,16413
1910,1997,8,20163,14522,5641
1910,1997,9,20203,10202,10001
1910,1997,10,20232,28602,-8370
1910,1997,11,20238,22502,-2264
1910,1997,12,30186,26182,4004
1910,1998,1,20202,30242,-10040
1910,1998,2,20196,20202,-6
1910,1998,3,20196,18302,1894
1910,1998,4,20204,15302,4902
1910,1998,5,20223,14302,5921
1910,1998,6,46413,75062,-28649
1910,1998,7,20132,4602,15530
1910,1998,8,20193,10302,9891
1910,1998,9,20228,17602,2626
1910,1998,10,20227,24602,-4375
1910,1998,11,20211,16302,3909
1910,1998,12,30197,10987,19210
1911,1994,8,1100,0,1100
1911,1994,9,20817,0,20817
1911,1994,10,16392,6100,10292
1911,1994,11,16422,14000,2422
1911,1994,12,24584,16500,8084
1911,1995,1,16455,23235,-6780
1911,1995,2,16439,13315,3124
1911,1995,3,16451,13715,2736
1911,1995,4,16457,20195,-3738
1911,1995,5,16447,14015,2432
1911,1995,6,24581,59155,-34574
1911,1995,7,19745,2535,17210
1911,1995,8,16405,4715,11690
1911,1995,9,16450,10875,5575
1911,1995,10,16449,22115,-5666
1911,1995,11,16440,14415,2025
1911,1995,12,24595,19335,5260
1911,1996,1,16443,26495,-10052
1911,1996,2,16426,13775,2651
1911,1996,3,16445,9615,6830
1911,1996,4,16452,18015,-1563
1911,1996,5,16448,17515,-1067
1911,1996,6,24571,65276,-40705
1911,1996,7,18228,622,17606
1911,1996,8,16895,4335,12560
1911,1996,9,16431,6775,9656
1911,1996,10,16471,5715,10756
1911,1996,11,16490,14815,1675
1911,1996,12,24652,22935,1717
1911,1997,1,16458,37535,-21077
1911,1997,2,16441,5415,11026
1911,1997,3,16451,19355,-2904
1911,1997,4,16462,10515,5947
1911,1997,5,16470,16415,55
1911,1997,6,24547,55955,-31408
1911,1997,7,16382,1415,14967
1911,1997,8,16422,9335,7087
1911,1997,9,16434,15995,439
1911,1997,10,16449,10615,5834
1911,1997,11,16461,15215,1246
1911,1997,12,24608,23835,773
1911,1998,1,16419,28155,-11736
1911,1998,2,16428,12015,4413
1911,1998,3,16424,23395,-6971
1911,1998,4,16414,13315,3099
1911,1998,5,16427,13515,2912
1911,1998,6,24585,46355,-21770
1911,1998,7,16371,17315,-944
1911,1998,8,16336,15015,1321
1911,1998,9,16362,19975,-3613
1911,1998,10,16327,13315,3012
1911,1998,11,16339,14115,2224
1911,1998,12,24542,6880,17662
1912,1993,8,1000,0,1000
1912,1993,9,6338,0,6338
1912,1993,10,6338,0,6338
1912,1993,11,6338,0,6338
1912,1993,12,6338,0,6338
1912,1994,1,6382,19617,-13235
1912,1994,2,6398,4527,1871
1912,1994,3,6403,7167,-764
1912,1994,4,6406,3247,3159
1912,1994,5,6419,3247,3172
1912,1994,6,6428,13907,-7479
1912,1994,7,6401,3247,3154
1912,1994,8,6414,3247,3167
1912,1994,9,6427,3847,2580
1912,1994,10,6438,3247,3191
1912,1994,11,6437,8547,-2110
1912,1994,12,6438,6417,21
1912,1995,1,6419,16447,-10028
1912,1995,2,6400,5167,1233
1912,1995,3,6406,3247,3159
1912,1995,4,6411,7087,-676
1912,1995,5,6417,3247,3170
1912,1995,6,6426,5397,1029
1912,1995,7,6425,6607,-182
1912,1995,8,6433,3247,3186
1912,1995,9,6442,7967,-1525
1912,1995,10,6433,6127,306
1912,1995,11,6441,6187,254
1912,1995,12,6441,4897,1544
1912,1996,1,6435,13707,-7272
1912,1996,2,6413,5887,526
1912,1996,3,6421,3247,3174
1912,1996,4,6431,5407,1024
1912,1996,5,6438,3247,3191
1912,1996,6,6450,4847,1603
1912,1996,7,6456,7087,-631
1912,1996,8,6454,5647,807
1912,1996,9,6447,10767,-4320
1912,1996,10,6440,3247,3193
1912,1996,11,6449,5727,722
1912,1996,12,6455,3997,2458
1912,1997,1,6426,19347,-12921
1912,1997,2,6413,3247,3166
1912,1997,3,6426,3247,3179
1912,1997,4,6431,6127,304
1912,1997,5,6439,4527,1912
1912,1997,6,6441,12547,-6106
1912,1997,7,6423,3247,3176
1912,1997,8,6436,3247,3189
1912,1997,9,6447,4127,2320
1912,1997,10,6458,5647,811
1912,1997,11,6462,3247,3215
1912,1997,12,6458,12457,-5999
1912,1998,1,6424,14907,-8483
1912,1998,2,6415,3247,3168
1912,1998,3,6428,3247,3181
1912,1998,4,6441,3727,2714
1912,1998,5,6453,3247,3206
1912,1998,6,6462,8817,-2355
1912,1998,7,6456,3247,3209
1912,1998,8,6469,3247,3222
1912,1998,9,6479,6847,-368
1912,1998,10,6481,3247,3234
1912,1998,11,6494,3247,3247
1912,1998,12,6506,4262,2244
1913,1996,6,4233,0,4233
1913,1996,7,12376,0,12376
1913,1996,8,7211,0,7211
1913,1996,9,5536,0,5536
1913,1996,10,7565,15,7550
1913,1996,11,4073,4128,-55
1913,1996,12,4076,3528,548
1913,1997,1,5573,5898,-325
1913,1997,2,4071,4828,-757
1913,1997,3,4978,2628,2350
1913,1997,4,4076,5428,-1352
1913,1997,5,4069,5458,-1389
1913,1997,6,4864,9108,-4244
1913,1997,7,10969,4068,6901
1913,1997,8,4084,3528,556
1913,1997,9,4087,2928,1159
1913,1997,10,4892,2628,2264
1913,1997,11,5698,3708,1990
1913,1997,12,7811,2928,4883
1913,1998,1,6429,3858,2571
1913,1998,2,10343,2628,7715
1913,1998,3,8475,2628,5847
1913,1998,4,4194,4798,-604
1913,1998,5,4192,5928,-1736
1913,1998,6,4464,10458,-5994
1913,1998,7,4160,5328,-1168
1913,1998,8,4758,2628,2130
1913,1998,9,4164,4328,-164
1913,1998,10,9971,2628,7343
1913,1998,11,6395,3588,2807
1913,1998,12,4206,3273,933
1914,1995,1,700,0,700
1914,1995,2,13916,0,13916
1914,1995,3,8372,0,8372
1914,1995,4,5100,3400,1700
1914,1995,5,5107,3500,1607
1914,1995,6,7618,4015,3603
1914,1995,7,5124,8250,-3126
1914,1995,8,5108,5990,-882
1914,1995,9,5514,3350,2164
1914,1995,10,5117,7150,-2033
1914,1995,11,5705,6230,-525
1914,1995,12,9319,5590,3729
1914,1996,1,11790,26550,-14760
1914,1996,2,11176,3350,7826
1914,1996,3,7002,3350,3652
1914,1996,4,5715,3350,2365
1914,1996,5,5721,5630,91
1914,1996,6,7629,4950,2679
1914,1996,7,5127,7690,-2563
1914,1996,8,10622,7550,3072
1914,1996,9,8132,6830,1302
1914,1996,10,9347,5510,3837
1914,1996,11,8665,5750,2915
1914,1996,12,7672,7350,322
1914,1997,1,8045,18050,-10005
1914,1997,2,7532,4550,2982
1914,1997,3,6143,4050,2093
1914,1997,4,5852,3350,2502
1914,1997,5,6565,3350,3215
1914,1997,6,10975,11990,-1015
1914,1997,7,13994,3350,10644
1914,1997,8,10931,3350,7581
1914,1997,9,8455,3350,5105
1914,1997,10,8878,3350,5528
1914,1997,11,5270,13110,-7840
1914,1997,12,12951,11030,1921
1914,1998,1,8319,33710,-25391
1914,1998,2,18402,3350,15052
1914,1998,3,8833,3350,5483
1914,1998,4,10261,3350,6911
1914,1998,5,11996,3350,8646
1914,1998,6,7798,34170,-26372
1914,1998,7,22245,7150,15095
1914,1998,8,17703,4450,13253
1914,1998,9,7412,11590,-4178
1914,1998,10,13015,7550,5465
1914,1998,11,6125,3350,2775
1914,1998,12,7829,7835,-6
1915,1997,4,900,0,900
1915,1997,5,17135,0,17135
1915,1997,6,14022,10000,4022
1915,1997,7,9390,6600,2790
1915,1997,8,9393,10000,-607
1915,1997,9,9382,13067,-3685
1915,1997,10,9367,16949,-7582
1915,1997,11,9347,9509,-162
1915,1997,12,14005,9409,4596
1915,1998,1,9361,13329,-3968
1915,1998,2,9357,6809,2548
1915,1998,3,9337,17709,-8372
1915,1998,4,9333,6209,3124
1915,1998,5,14461,6209,8252
1915,1998,6,14024,16969,-2945
1915,1998,7,9357,9309,48
1915,1998,8,12168,8609,3559
1915,1998,9,9374,8409,965
1915,1998,10,9387,6209,3178
1915,1998,11,9372,13569,-4197
1915,1998,12,14027,10394,3633
1916,1996,2,300,0,300
1916,1996,3,16538,0,16538
1916,1996,4,8792,0,8792
1916,1996,5,6520,1900,4620
1916,1996,6,9736,7800,1936
1916,1996,7,6539,5915,624
1916,1996,8,6542,6084,458
1916,1996,9,6534,9384,-2850
1916,1996,10,6522,11284,-4762
1916,1996,11,7517,4284,3233
1916,1996,12,9728,8584,1144
1916,1997,1,6519,8684,-2165
1916,1997,2,8118,8084,34
1916,1997,3,6517,6884,-367
1916,1997,4,6506,10084,-3578
1916,1997,5,7209,4784,2425
1916,1997,6,9697,17084,-7387
1916,1997,7,6484,8884,-2400
1916,1997,8,9485,4284,5201
1916,1997,9,6481,9584,-3103
1916,1997,10,6482,5984,498
1916,1997,11,9796,4284,5512
1916,1997,12,10721,5784,4937
1916,1998,1,6521,6884,-363
1916,1998,2,10337,4984,5353
1916,1998,3,10042,10384,-342
1916,1998,4,8755,4284,4471
1916,1998,5,10177,4984,5193
1916,1998,6,14282,14984,-702
1916,1998,7,9592,5684,3908
1916,1998,8,7204,4284,2920
1916,1998,9,7918,4284,3634
1916,1998,10,6624,6084,540
1916,1998,11,6832,4284,2548
1916,1998,12,12856,6569,6287
1917,1995,12,1000,0,1000
1917,1996,1,4415,0,4415
1917,1996,2,4415,0,4415
1917,1996,3,4415,0,4415
1917,1996,4,4415,0,4415
1917,1996,5,4469,2958,1511
1917,1996,6,4495,7358,-2863
1917,1996,7,4487,4958,-471
1917,1996,8,4489,2958,1531
1917,1996,9,4494,3958,536
1917,1996,10,4498,4318,180
1917,1996,11,4498,3558,940
1917,1996,12,4497,4958,-461
1917,1997,1,4475,11218,-6743
1917,1997,2,4471,3758,713
1917,1997,3,4475,2958,1517
1917,1997,4,4477,5058,-581
1917,1997,5,4476,4458,18
1917,1997,6,4475,4758,-283
1917,1997,7,4478,2958,1520
1917,1997,8,4479,5058,-579
1917,1997,9,4476,6558,-2082
1917,1997,10,4471,4258,213
1917,1997,11,4474,2958,1516
1917,1997,12,4478,4208,270
1917,1998,1,4477,5198,-721
1917,1998,2,4478,2958,1520
1917,1998,3,4476,6318,-1842
1917,1998,4,4477,2958,1519
1917,1998,5,4483,2958,1525
1917,1998,6,4485,5658,-1173
1917,1998,7,4485,2958,1527
1917,1998,8,4491,2958,1533
1917,1998,9,4498,2958,1540
1917,1998,10,4504,2958,1546
1917,1998,11,4509,5858,-1349
1917,1998,12,4504,3693,811
1918,1994,4,7164,0,7164
1918,1994,5,14913,0,14913
1918,1994,6,12140,0,12140
1918,1994,7,6494,4600,1894
1918,1994,8,6497,10546,-4049
1918,1994,9,6486,7086,-600
1918,1994,10,6470,9546,-3076
1918,1994,11,6479,4346,2133
1918,1994,12,9661,6706,2955
1918,1995,1,6447,26786,-20339
1918,1995,2,13331,4246,9085
1918,1995,3,8249,11686,-3437
1918,1995,4,8836,4246,4590
1918,1995,5,6440,8366,-1926
1918,1995,6,9612,11686,-2074
1918,1995,7,6732,7006,-274
1918,1995,8,8436,4246,4190
1918,1995,9,6453,6346,107
1918,1995,10,6452,7146,-694
1918,1995,11,6443,5646,797
1918,1995,12,9623,10246,-623
1918,1996,1,6415,16966,-10551
1918,1996,2,6412,7246,-834
1918,1996,3,6399,6546,-147
1918,1996,4,6399,4246,2153
1918,1996,5,6416,6046,370
1918,1996,6,9597,6446,3151
1918,1996,7,6429,7246,-817
1918,1996,8,6421,8806,-2385
1918,1996,9,6415,5246,1169
1918,1996,10,6411,7746,-1335
1918,1996,11,6412,7246,-834
1918,1996,12,9575,10746,-1171
1918,1997,1,6398,5946,452
1918,1997,2,6400,6046,354
1918,1997,3,6402,4946,1456
1918,1997,4,7616,5566,2050
1918,1997,5,6422,7286,-864
1918,1997,6,9589,8646,943
1918,1997,7,6417,9246,-2829
1918,1997,8,6402,7146,-744
1918,1997,9,6399,6546,-147
1918,1997,10,6412,4246,2166
1918,1997,11,6420,4246,2174
1918,1997,12,9598,9886,-288
1918,1998,1,6410,9986,-3576
1918,1998,2,6403,4246,2157
1918,1998,3,6405,8746,-2341
1918,1998,4,6412,4246,2166
1918,1998,5,6407,8946,-2539
1918,1998,6,9582,4246,5336
1918,1998,7,6423,4246,2177
1918,1998,8,6416,12346,-5930
1918,1998,9,6408,4246,2162
1918,1998,10,6426,4246,2180
1918,1998,11,6416,8086,-1670
1918,1998,12,9605,5191,4414
1919,1994,12,36837,0,36837
1919,1995,1,24158,5200,18958
1919,1995,2,24213,11800,12413
1919,1995,3,24228,22400,1828
1919,1995,4,24231,24417,-186
1919,1995,5,24223,25102,-879
1919,1995,6,36224,62182,-25958
1919,1995,7,24157,12502,11655
1919,1995,8,24199,29502,-5303
1919,1995,9,24209,21102,3107
1919,1995,10,24220,21502,2718
1919,1995,11,24229,26202,-1973
1919,1995,12,36217,31882,4335
1919,1996,1,24161,42082,-17921
1919,1996,2,24165,12082,12083
1919,1996,3,24215,15302,8913
1919,1996,4,24248,22102,2146
1919,1996,5,24256,20102,4154
1919,1996,6,36270,37522,-1252
1919,1996,7,24262,25802,-1540
1919,1996,8,24257,20502,3755
1919,1996,9,24272,20802,3470
1919,1996,10,24283,22802,1481
1919,1996,11,24284,26202,-1918
1919,1996,12,36305,28602,7703
1919,1997,1,24272,38482,-14210
1919,1997,2,24257,16502,7755
1919,1997,3,24286,20302,3984
1919,1997,4,24299,22002,2297
1919,1997,5,24311,19702,4609
1919,1997,6,36316,56402,-20086
1919,1997,7,24262,7202,17060
1919,1997,8,24315,17902,6413
1919,1997,9,24336,21102,3234
1919,1997,10,24338,27722,-3384
1919,1997,11,24339,17402,6937
1919,1997,12,38855,49802,-10947
1919,1998,1,25500,23202,2298
1919,1998,2,24338,13702,10636
1919,1998,3,24379,16962,7417
1919,1998,4,38237,43102,-4865
1919,1998,5,29947,28502,1445
1919,1998,6,55942,74282,-18340
1919,1998,7,29950,4902,25048
1919,1998,8,46873,69202,-22329
1919,1998,9,24549,4902,19647
1919,1998,10,26365,27902,-1537
1919,1998,11,30563,29902,661
1919,1998,12,40658,35387,5271
1920,1996,4,6072,0,6072
1920,1996,5,17528,0,17528
1920,1996,6,11964,0,11964
1920,1996,7,5514,1800,3714
1920,1996,8,5526,3115,2411
1920,1996,9,5515,9885,-4370
1920,1996,10,6418,3585,2833
1920,1996,11,5517,7185,-1668
1920,1996,12,8196,8625,-429
1920,1997,1,5491,13885,-8394
1920,1997,2,12503,3585,8918
1920,1997,3,7426,3585,3841
1920,1997,4,5630,7065,-1435
1920,1997,5,5529,4185,1344
1920,1997,6,12581,23265,-10684
1920,1997,7,8199,3585,4614
1920,1997,8,9217,3585,5632
1920,1997,9,5531,8765,-3234
1920,1997,10,9713,6585,3128
1920,1997,11,5833,4305,1528
1920,1997,12,11619,7265,4354
1920,1998,1,11542,18945,-7403
1920,1998,2,5527,6285,-758
1920,1998,3,7209,11865,-4656
1920,1998,4,7706,3585,4121
1920,1998,5,10917,6225,4692
1920,1998,6,24103,33185,-9082
1920,1998,7,15010,3585,11425
1920,1998,8,13053,7065,5988
1920,1998,9,8170,9105,-935
1920,1998,10,7174,3585,3589
1920,1998,11,8190,3585,4605
1920,1998,12,10794,4530,6264
1921,1997,6,900,0,900
1921,1997,7,10358,0,10358
1921,1997,8,4801,0,4801
1921,1997,9,3719,1500,2219
1921,1997,10,3727,2700,1027
1921,1997,11,3732,5048,-1316
1921,1997,12,5430,3258,2172
1921,1998,1,3731,7508,-3777
1921,1998,2,3723,5748,-2025
1921,1998,3,3714,2448,1266
1921,1998,4,3715,6448,-2733
1921,1998,5,3705,3948,-243
1921,1998,6,3707,2448,1259
1921,1998,7,3712,2448,1264
1921,1998,8,3717,2448,1269
1921,1998,9,3723,2448,1275
1921,1998,10,3725,3588,137
1921,1998,11,3728,2448,1280
1921,1998,12,3732,4593,-861
1922,1996,2,800,0,800
1922,1996,3,21542,0,21542
1922,1996,4,16798,7200,9598
1922,1996,5,16824,11700,5124
1922,1996,6,25200,15200,10000
1922,1996,7,16866,18415,-1549
1922,1996,8,16883,11515,5368
1922,1996,9,16921,6715,10206
1922,1996,10,16957,8815,8142
1922,1996,11,16968,14395,2573
1922,1996,12,25347,18055,7292
1922,1997,1,16977,32475,-15498
1922,1997,2,16965,9415,7550
1922,1997,3,16993,10615,6378
1922,1997,4,17010,13215,3795
1922,1997,5,17022,14615,2407
1922,1997,6,25282,54815,-29533
1922,1997,7,18262,15,18247
1922,1997,8,17020,4635,12385
1922,1997,9,17053,9515,7538
1922,1997,10,17092,20215,-3123
1922,1997,11,37589,64915,-27326
1922,1997,12,31532,9815,21717
1922,1998,1,17235,22135,-4900
1922,1998,2,17007,2415,14592
1922,1998,3,35326,61995,-26669
1922,1998,4,17558,15,17543
1922,1998,5,17061,10855,6206
1922,1998,6,38126,54615,-16489
1922,1998,7,16990,5515,11475
1922,1998,8,17033,14015,3018
1922,1998,9,17051,12415,4636
1922,1998,10,17064,15315,1749
1922,1998,11,17068,21715,-4647
1922,1998,12,25344,61600,-36256
1924,1996,5,300,0,300
1924,1996,6,5266,0,5266
1924,1996,7,5266,0,5266
1924,1996,8,5266,0,5266
1924,1996,9,5266,0,5266
1924,1996,10,5286,2415,2871
1924,1996,11,5375,1977,3398
1924,1996,12,5387,3277,2110
1924,1997,1,5396,4227,1169
1924,1997,2,5402,1977,3425
1924,1997,3,5417,1977,3440
1924,1997,4,5422,5177,245
1924,1997,5,5427,4217,1210
1924,1997,6,5429,15627,-10198
1924,1997,7,5382,5817,-435
1924,1997,8,5393,2617,2776
1924,1997,9,5404,1977,3427
1924,1997,10,5417,2537,2880
1924,1997,11,5431,1977,3454
1924,1997,12,5444,2877,2567
1924,1998,1,5452,6577,-1125
1924,1998,2,5451,1977,3474
1924,1998,3,5466,1977,3489
1924,1998,4,5468,5817,-349
1924,1998,5,5479,1977,3502
1924,1998,6,5475,8527,-3052
1924,1998,7,5480,2457,3023
1924,1998,8,5493,1977,3516
1924,1998,9,5507,1977,3530
1924,1998,10,5520,2177,3343
1924,1998,11,5536,1977,3559
1924,1998,12,5548,2262,3286
1925,1993,8,6462,0,6462
1925,1993,9,5866,0,5866
1925,1993,10,5866,0,5866
1925,1993,11,5866,0,5866
1925,1993,12,5929,7655,-1726
1925,1994,1,5933,6525,-592
1925,1994,2,5934,3875,2059
1925,1994,3,5943,4975,968
1925,1994,4,5947,6275,-328
1925,1994,5,5949,6275,-326
1925,1994,6,5918,14525,-8607
1925,1994,7,5909,3875,2034
1925,1994,8,5917,3875,2042
1925,1994,9,5919,7475,-1556
1925,1994,10,5916,6355,-439
1925,1994,11,5917,6915,-998
1925,1994,12,5911,6545,-634
1925,1995,1,5902,7825,-1923
1925,1995,2,5902,3875,2027
1925,1995,3,5911,3875,2036
1925,1995,4,5918,4515,1403
1925,1995,5,5920,6675,-755
1925,1995,6,5922,3875,2047
1925,1995,7,5930,3875,2055
1925,1995,8,5939,3875,2064
1925,1995,9,5949,4355,1594
1925,1995,10,5953,4475,1478
1925,1995,11,5960,3875,2085
1925,1995,12,5957,9145,-3188
1925,1996,1,5947,9515,-3568
1925,1996,2,5941,3875,2066
1925,1996,3,5949,4435,1514
1925,1996,4,5955,3875,2080
1925,1996,5,5964,3975,1989
1925,1996,6,5962,8625,-2663
1925,1996,7,5956,6595,-639
1925,1996,8,5959,3875,2084
1925,1996,9,5966,6675,-709
1925,1996,10,5962,6275,-313
1925,1996,11,5963,3875,2088
1925,1996,12,5970,4775,1195
1925,1997,1,5968,7775,-1807
1925,1997,2,5969,3875,2094
1925,1997,3,5978,3875,2103
1925,1997,4,5986,3875,2111
1925,1997,5,5996,5155,841
1925,1997,6,5983,15175,-9192
1925,1997,7,5960,3875,2085
1925,1997,8,5957,10195,-4238
1925,1997,9,5948,7315,-1367
1925,1997,10,5939,6595,-656
1925,1997,11,5942,3875,2067
1925,1997,12,5950,4375,1575
1925,1998,1,5950,7175,-1225
1925,1998,2,5945,8675,-2730
1925,1998,3,5943,4675,1268
1925,1998,4,5946,3875,2071
1925,1998,5,5954,3875,2079
1925,1998,6,5953,9325,-3372
1925,1998,7,5949,3875,2074
1925,1998,8,5958,7335,-1377
1925,1998,9,5951,3875,2076
1925,1998,10,5954,6915,-961
1925,1998,11,5956,4355,1601
1925,1998,12,5962,5110,852
1926,1993,1,5221,0,5221
1926,1993,2,13062,0,13062
1926,1993,3,8506,0,8506
1926,1993,4,4629,400,4229
1926,1993,5,4636,4715,-79
1926,1993,6,6890,5219,1671
1926,1993,7,4622,10959,-6337
1926,1993,8,4605,6919,-2314
1926,1993,9,5712,3019,2693
1926,1993,10,6307,9139,-2832
1926,1993,11,4604,4019,585
1926,1993,12,6864,5379,1485
1926,1994,1,10966,19699,-8733
1926,1994,2,4580,3019,1561
1926,1994,3,6594,3019,3575
1926,1994,4,6909,3019,3890
1926,1994,5,4612,5319,-707
1926,1994,6,6875,4919,1956
1926,1994,7,4610,7839,-3229
1926,1994,8,4609,5519,-910
1926,1994,9,6106,3019,3087
1926,1994,10,4616,7719,-3103
1926,1994,11,4606,3019,1587
1926,1994,12,6861,7539,-678
1926,1995,1,8287,14419,-6132
1926,1995,2,10874,8659,2215
1926,1995,3,4593,3619,974
1926,1995,4,6882,8059,-1177
1926,1995,5,4591,3919,672
1926,1995,6,6848,6579,269
1926,1995,7,4595,4219,376
1926,1995,8,5388,8419,-3031
1926,1995,9,8189,3019,5170
1926,1995,10,4604,4519,85
1926,1995,11,5908,3019,2889
1926,1995,12,6972,6379,593
1926,1996,1,6296,15979,-9683
1926,1996,2,5381,3019,2362
1926,1996,3,6794,3019,3775
1926,1996,4,6691,11539,-4848
1926,1996,5,5776,6379,-603
1926,1996,6,6841,4219,2622
1926,1996,7,5392,4219,1173
1926,1996,8,4591,6479,-1888
1926,1996,9,7396,3019,4377
1926,1996,10,4598,7419,-2821
1926,1996,11,4590,6199,-1609
1926,1996,12,6841,10579,-3738
1926,1997,1,5770,7819,-2049
1926,1997,2,5067,3019,2048
1926,1997,3,4572,4119,453
1926,1997,4,4575,3619,956
1926,1997,5,4571,7319,-2748
1926,1997,6,7831,3019,4812
1926,1997,7,4585,4619,-34
1926,1997,8,4578,7319,-2741
1926,1997,9,4576,7719,-3143
1926,1997,10,4564,5019,-455
1926,1997,11,4562,3019,1543
1926,1997,12,6829,3019,3810
1926,1998,1,4566,9139,-4573
1926,1998,2,4565,3019,1546
1926,1998,3,4572,3019,1553
1926,1998,4,4578,3019,1559
1926,1998,5,4584,3019,1565
1926,1998,6,6851,3019,3832
1926,1998,7,4598,11539,-6941
1926,1998,8,4578,3019,1559
1926,1998,9,4584,3019,1565
1926,1998,10,4589,5419,-830
1926,1998,11,4587,3019,1568
1926,1998,12,6846,5724,1122
1927,1995,8,4035,0,4035
1927,1995,9,3442,0,3442
1927,1995,10,3442,0,3442
1927,1995,11,3442,0,3442
1927,1995,12,3472,705,2767
1927,1996,1,3491,6228,-2737
1927,1996,2,3488,2298,1190
1927,1996,3,3492,2598,894
1927,1996,4,3497,2298,1199
1927,1996,5,3496,3528,-32
1927,1996,6,3498,4518,-1020
1927,1996,7,3497,2298,1199
1927,1996,8,3502,2298,1204
1927,1996,9,3507,2298,1209
1927,1996,10,3508,3648,-140
1927,1996,11,3512,2298,1214
1927,1996,12,3516,2508,1008
1927,1997,1,3509,6198,-2689
1927,1997,2,3509,2298,1211
1927,1997,3,3515,2298,1217
1927,1997,4,3520,2298,1222
1927,1997,5,3525,2298,1227
1927,1997,6,3529,4038,-509
1927,1997,7,3528,2298,1230
1927,1997,8,3533,2298,1235
1927,1997,9,3534,2598,936
1927,1997,10,3542,2298,1244
1927,1997,11,3541,4938,-1397
1927,1997,12,3540,3078,462
1927,1998,1,3531,8238,-4707
1927,1998,2,3523,2298,1225
1927,1998,3,3528,2298,1230
1927,1998,4,3533,2298,1235
1927,1998,5,3538,2928,610
1927,1998,6,3528,12108,-8580
1927,1998,7,3502,3708,-206
1927,1998,8,3504,2298,1206
1927,1998,9,3509,2298,1211
1927,1998,10,3514,2298,1216
1927,1998,11,3519,2298,1221
1927,1998,12,3523,2943,580
1928,1997,3,14442,0,14442
1928,1997,4,15203,0,15203
1928,1997,5,14060,11800,2260
1928,1997,6,20991,20200,791
1928,1997,7,14041,14215,-174
1928,1997,8,14065,13915,150
1928,1997,9,14066,13015,1051
1928,1997,10,14069,17015,-2946
1928,1997,11,14044,15973,-1929
1928,1997,12,20984,30754,-9770
1928,1998,1,26359,31515,-5156
1928,1998,2,21675,16415,5260
1928,1998,3,29581,28098,1483
1928,1998,4,17907,31840,-13933
1928,1998,5,17447,15,17432
1928,1998,6,20985,11815,9170
1928,1998,7,14049,10815,3234
1928,1998,8,17351,21532,-4181
1928,1998,9,14056,8915,5141
1928,1998,10,14073,15115,-1042
1928,1998,11,14072,12115,1957
1928,1998,12,21034,25618,-4584
1929,1997,7,4473,0,4473
1929,1997,8,16926,0,16926
1929,1997,9,9676,0,9676
1929,1997,10,6307,0,6307
1929,1997,11,5531,15,5516
1929,1997,12,4042,2702,1340
1929,1998,1,4439,9302,-4863
1929,1998,2,8241,2042,6199
1929,1998,3,9270,2972,6298
1929,1998,4,7792,2822,4970
1929,1998,5,4097,3442,655
1929,1998,6,4083,10712,-6629
1929,1998,7,4277,5442,-1165
1929,1998,8,4076,4442,-366
1929,1998,9,4070,2142,1928
1929,1998,10,4077,5842,-1765
1929,1998,11,4071,2242,1829
1929,1998,12,7179,3527,3652
1930,1993,6,1100,0,1100
1930,1993,7,6520,0,6520
1930,1993,8,6520,0,6520
1930,1993,9,6520,0,6520
1930,1993,10,6542,3400,3142
1930,1993,11,6625,615,6010
1930,1993,12,6640,11048,-4408
1930,1994,1,6612,13678,-7066
1930,1994,2,6606,3238,3368
1930,1994,3,6613,7158,-545
1930,1994,4,6618,3538,3080
1930,1994,5,6629,4518,2111
1930,1994,6,6633,9338,-2705
1930,1994,7,6626,6138,488
1930,1994,8,6630,3238,3392
1930,1994,9,6636,8838,-2202
1930,1994,10,6630,6238,392
1930,1994,11,6632,6338,294
1930,1994,12,6631,8138,-1507
1930,1995,1,6599,16988,-10389
1930,1995,2,6588,3238,3350
1930,1995,3,6602,3238,3364
1930,1995,4,6609,6018,591
1930,1995,5,6619,3238,3381
1930,1995,6,6618,8938,-2320
1930,1995,7,6623,3238,3385
1930,1995,8,6620,13538,-6918
1930,1995,9,6600,7158,-558
1930,1995,10,6606,3238,3368
1930,1995,11,6618,4038,2580
1930,1995,12,6625,6168,457
1930,1996,1,6609,12558,-5949
1930,1996,2,6604,4198,2406
1930,1996,3,6616,4998,1618
1930,1996,4,6619,4518,2101
1930,1996,5,6628,5038,1590
1930,1996,6,6611,14208,-7597
1930,1996,7,6603,5078,1525
1930,1996,8,6611,8658,-2047
1930,1996,9,6606,3238,3368
1930,1996,10,6613,6758,-145
1930,1996,11,6609,6338,271
1930,1996,12,6616,4238,2378
1930,1997,1,6595,15498,-8903
1930,1997,2,6585,5378,1207
1930,1997,3,6598,3238,3360
1930,1997,4,6600,6738,-138
1930,1997,5,6600,6438,162
1930,1997,6,6603,8248,-1645
1930,1997,7,6604,3338,3266
1930,1997,8,6615,4038,2577
1930,1997,9,6619,6038,581
1930,1997,10,6611,9338,-2727
1930,1997,11,6607,6938,-331
1930,1997,12,6614,4438,2176
1930,1998,1,6596,14618,-8022
1930,1998,2,6594,3238,3356
1930,1998,3,6604,6358,246
1930,1998,4,6604,4358,2246
1930,1998,5,6618,3238,3380
1930,1998,6,6620,8618,-1998
1930,1998,7,6624,3238,3386
1930,1998,8,6630,6918,-288
1930,1998,9,6635,6438,197
1930,1998,10,6637,3238,3399
1930,1998,11,6651,3238,3413
1930,1998,12,6664,4673,1991
1931,1993,11,1100,0,1100
1931,1993,12,16925,0,16925
1931,1994,1,9421,1300,8121
1931,1994,2,9446,7400,2046
1931,1994,3,9453,9000,453
1931,1994,4,9466,8538,928
1931,1994,5,9458,12538,-3080
1931,1994,6,14128,11638,2490
1931,1994,7,9457,11138,-1681
1931,1994,8,9452,9238,214
1931,1994,9,9451,10638,-1187
1931,1994,10,9452,6638,2814
1931,1994,11,9455,11538,-2083
1931,1994,12,14128,12118,2010
1931,1995,1,13025,24238,-11213
1931,1995,2,12718,9358,3360
1931,1995,3,9431,6538,2893
1931,1995,4,9433,10838,-1405
1931,1995,5,12143,8998,3145
1931,1995,6,14118,26678,-12560
1931,1995,7,12806,6238,6568
1931,1995,8,11029,6238,4791
1931,1995,9,9431,12338,-2907
1931,1995,10,9431,7238,2193
1931,1995,11,9417,13658,-4241
1931,1995,12,14085,12938,1147
1931,1996,1,9413,16318,-6905
1931,1996,2,9501,6238,3263
1931,1996,3,9409,8338,1071
1931,1996,4,9405,13118,-3713
1931,1996,5,9899,10798,-899
1931,1996,6,16388,6238,10150
1931,1996,7,11443,6238,5205
1931,1996,8,9457,8438,1019
1931,1996,9,9464,7238,2226
1931,1996,10,9461,12378,-2917
1931,1996,11,9454,9698,-244
1931,1996,12,17949,10398,7551
1931,1997,1,10759,20438,-9679
1931,1997,2,13265,6238,7027
1931,1997,3,12493,6238,6255
1931,1997,4,9504,7338,2166
1931,1997,5,9506,9338,168
1931,1997,6,17127,29278,-12151
1931,1997,7,9453,10138,-685
1931,1997,8,9425,18538,-9113
1931,1997,9,9418,8538,880
1931,1997,10,9413,11038,-1625
1931,1997,11,9416,8138,1278
1931,1997,12,14080,15758,-1678
1931,1998,1,9403,12598,-3195
1931,1998,2,9409,6238,3171
1931,1998,3,9399,12438,-3039
1931,1998,4,10511,6238,4273
1931,1998,5,9417,14638,-5221
1931,1998,6,14081,9238,4843
1931,1998,7,9423,15938,-6515
1931,1998,8,9398,6438,2960
1931,1998,9,9406,8778,628
1931,1998,10,9407,11158,-1751
1931,1998,11,9403,11438,-2035
1931,1998,12,14074,10183,3891
1932,1996,4,13360,0,13360
1932,1996,5,15923,0,15923
1932,1996,6,19242,6200,13042
1932,1996,7,12902,11100,1802
1932,1996,8,19848,54164,-34316
1932,1996,9,17463,12615,4848
1932,1996,10,12784,6715,6069
1932,1996,11,13779,22514,-8735
1932,1996,12,27951,34674,-6723
1932,1997,1,17436,19816,-2380
1932,1997,2,20232,19033,1199
1932,1997,3,12743,915,11828
1932,1997,4,12807,10383,2424
1932,1997,5,12796,13715,-919
1932,1997,6,21746,23495,-1749
1932,1997,7,14499,8742,5757
1932,1997,8,12814,8615,4199
1932,1997,9,12811,31051,-18240
1932,1997,10,17542,19134,-1592
1932,1997,11,12778,4437,8341
1932,1997,12,19179,16943,2236
1932,1998,1,12752,30717,-17965
1932,1998,2,12723,9527,3196
1932,1998,3,12734,6415,6319
1932,1998,4,12754,12215,539
1932,1998,5,12768,11815,953
1932,1998,6,19152,13515,5637
1932,1998,7,12791,7315,5476
1932,1998,8,12801,16315,-3514
1932,1998,9,12780,20637,-7857
1932,1998,10,12754,15815,-3061
1932,1998,11,12739,16915,-4176
1932,1998,12,19090,21000,-1910
1933,1997,4,6823,0,6823
1933,1997,5,5734,0,5734
1933,1997,6,5734,0,5734
1933,1997,7,5734,0,5734
1933,1997,8,5789,7779,-1990
1933,1997,9,5804,6699,-895
1933,1997,10,5808,3819,1989
1933,1997,11,5807,3819,1988
1933,1997,12,5822,4819,1003
1933,1998,1,5790,17189,-11399
1933,1998,2,5780,3819,1961
1933,1998,3,5780,3819,1961
1933,1998,4,5788,3819,1969
1933,1998,5,5797,7339,-1542
1933,1998,6,5799,3819,1980
1933,1998,7,5791,8139,-2348
1933,1998,8,5789,3819,1970
1933,1998,9,5794,4859,935
1933,1998,10,5791,10379,-4588
1933,1998,11,5779,4939,840
1933,1998,12,5783,7974,-2191
1934,1994,10,11316,0,11316
1934,1994,11,16578,0,16578
1934,1994,12,16627,3900,12727
1934,1995,1,11160,8400,2760
1934,1995,2,11149,17037,-5888
1934,1995,3,11127,24077,-12950
1934,1995,4,11091,9737,1354
1934,1995,5,12397,10697,1700
1934,1995,6,16590,15017,1573
1934,1995,7,11110,11617,-507
1934,1995,8,11707,12377,-670
1934,1995,9,11111,9637,1474
1934,1995,10,11116,10837,279
1934,1995,11,11118,8837,2281
1934,1995,12,16622,17377,-755
1934,1996,1,14298,22417,-8119
1934,1996,2,13882,11177,2705
1934,1996,3,13795,10817,2978
1934,1996,4,14708,10817,3891
1934,1996,5,11126,11197,-71
1934,1996,6,16627,23777,-7150
1934,1996,7,14804,7337,7467
1934,1996,8,14835,7337,7498
1934,1996,9,11764,7337,4427
1934,1996,10,11175,13137,-1962
1934,1996,11,11172,8537,2635
1934,1996,12,16687,11437,5250
1934,1997,1,15677,31777,-16100
1934,1997,2,21351,7337,14014
1934,1997,3,14297,11417,2880
1934,1997,4,14113,7337,6776
1934,1997,5,12727,11897,830
1934,1997,6,29678,42497,-12819
1934,1997,7,22504,7337,15167
1934,1997,8,11249,7837,3412
1934,1997,9,11263,7937,3326
1934,1997,10,11270,11157,113
1934,1997,11,11278,7537,3741
1934,1997,12,21391,17377,4014
1934,1998,1,15191,24577,-9386
1934,1998,2,17182,7337,9845
1934,1998,3,12715,7337,5378
1934,1998,4,11316,18197,-6881
1934,1998,5,11300,9857,1443
1934,1998,6,16769,31697,-14928
1934,1998,7,19166,7937,11229
1934,1998,8,18512,7337,11175
1934,1998,9,11843,7337,4506
1934,1998,10,11357,8937,2420
1934,1998,11,12583,7337,5246
1934,1998,12,25031,45742,-20711
1935,1996,8,1100,0,1100
1935,1996,9,49959,15400,34559
1935,1996,10,50071,30200,19871
1935,1996,11,50130,40200,9930
1935,1996,12,75115,90500,-15385
1935,1997,1,50107,56415,-6308
1935,1997,2,50120,38115,12005
1935,1997,3,50084,63524,-13440
1935,1997,4,50080,47873,2207
1935,1997,5,50105,43415,6690
1935,1997,6,74983,92215,-17232
1935,1997,7,50060,34323,15737
1935,1997,8,50047,70512,-20465
1935,1997,9,50034,37515,12519
1935,1997,10,50073,46683,3390
1935,1997,11,50069,51336,-1267
1935,1997,12,74980,91415,-16435
1935,1998,1,49994,54815,-4821
1935,1998,2,50012,37215,12797
1935,1998,3,50044,43415,6629
1935,1998,4,50061,46515,3546
1935,1998,5,50061,61615,-11554
1935,1998,6,75099,80315,-5216
1935,1998,7,50163,43515,6648
1935,1998,8,50029,15,50014
1935,1998,9,50212,71326,-21114
1935,1998,10,50189,36615,13574
1935,1998,11,50232,40415,9817
1935,1998,12,75084,118250,-43166
1936,1995,7,500,0,500
1936,1995,8,3212,0,3212
1936,1995,9,3212,0,3212
1936,1995,10,3212,0,3212
1936,1995,11,3212,0,3212
1936,1995,12,3255,2156,1099
1936,1996,1,3267,5456,-2189
1936,1996,2,3266,2156,1110
1936,1996,3,3271,2156,1115
1936,1996,4,3276,2156,1120
1936,1996,5,3279,3776,-497
1936,1996,6,3276,3536,-260
1936,1996,7,3277,2156,1121
1936,1996,8,3282,2156,1126
1936,1996,9,3286,2156,1130
1936,1996,10,3291,2156,1135
1936,1996,11,3295,2946,349
1936,1996,12,3296,2796,500
1936,1997,1,3281,8006,-4725
1936,1997,2,3280,2156,1124
1936,1997,3,3284,2156,1128
1936,1997,4,3288,2456,832
1936,1997,5,3292,2156,1136
1936,1997,6,3284,6566,-3282
1936,1997,7,3283,2156,1127
1936,1997,8,3288,2816,472
1936,1997,9,3290,2156,1134
1936,1997,10,3291,4616,-1325
1936,1997,11,3289,2156,1133
1936,1997,12,3294,2576,718
1936,1998,1,3292,6776,-3484
1936,1998,2,3282,2156,1126
1936,1998,3,3284,3386,-102
1936,1998,4,3287,2156,1131
1936,1998,5,3290,2726,564
1936,1998,6,3292,3356,-64
1936,1998,7,3293,2156,1137
1936,1998,8,3298,2156,1142
1936,1998,9,3300,3206,94
1936,1998,10,3302,2636,666
1936,1998,11,3306,2156,1150
1936,1998,12,3310,2411,899
1937,1993,5,1100,0,1100
1937,1993,6,4896,0,4896
1937,1993,7,4896,0,4896
1937,1993,8,4896,0,4896
1937,1993,9,4896,0,4896
1937,1993,10,4948,4348,600
1937,1993,11,4989,2948,2041
1937,1993,12,4998,3298,1700
1937,1994,1,4987,13838,-8851
1937,1994,2,4967,3428,1539
1937,1994,3,4968,5828,-860
1937,1994,4,4971,2948,2023
1937,1994,5,4978,3988,990
1937,1994,6,4970,9308,-4338
1937,1994,7,4966,3148,1818
1937,1994,8,4973,2948,2025
1937,1994,9,4982,4088,894
1937,1994,10,4984,4948,36
1937,1994,11,4985,2948,2037
1937,1994,12,4992,4048,944
1937,1995,1,4978,13918,-8940
1937,1995,2,4960,2948,2012
1937,1995,3,4964,5908,-944
1937,1995,4,4965,2948,2017
1937,1995,5,4971,4088,883
1937,1995,6,4976,3748,1228
1937,1995,7,4982,2948,2034
1937,1995,8,4990,2948,2042
1937,1995,9,4992,5948,-956
1937,1995,10,4988,6148,-1160
1937,1995,11,4981,9268,-4287
1937,1995,12,4967,6218,-1251
1937,1996,1,4960,5748,-788
1937,1996,2,4963,2948,2015
1937,1996,3,4972,2948,2024
1937,1996,4,4979,3828,1151
1937,1996,5,4978,5088,-110
1937,1996,6,4982,6748,-1766
1937,1996,7,4977,3668,1309
1937,1996,8,4983,2948,2035
1937,1996,9,4991,2948,2043
1937,1996,10,4999,3448,1551
1937,1996,11,5000,6628,-1628
1937,1996,12,4997,6928,-1931
1937,1997,1,4966,12358,-7392
1937,1997,2,4960,2948,2012
1937,1997,3,4968,2948,2020
1937,1997,4,4974,4468,506
1937,1997,5,4979,2948,2031
1937,1997,6,4972,11278,-6306
1937,1997,7,4961,2948,2013
1937,1997,8,4969,2948,2021
1937,1997,9,4976,3828,1148
1937,1997,10,4982,2948,2034
1937,1997,11,4990,5268,-278
1937,1997,12,4988,4348,640
1937,1998,1,4977,11828,-6851
1937,1998,2,4963,2948,2015
1937,1998,3,4968,6148,-1180
1937,1998,4,4963,6248,-1285
1937,1998,5,4959,4748,211
1937,1998,6,4961,3448,1513
1937,1998,7,4967,4148,819
1937,1998,8,4965,7248,-2283
1937,1998,9,4958,5348,-390
1937,1998,10,4960,3908,1052
1937,1998,11,4965,2948,2017
1937,1998,12,4968,5833,-865
1938,1994,6,600,0,600
1938,1994,7,24171,2500,21671
1938,1994,8,24257,10500,13757
1938,1994,9,24307,17700,6607
1938,1994,10,24329,22300,2029
1938,1994,11,24356,25461,-1105
1938,1994,12,36451,33501,2950
1938,1995,1,24357,37461,-13104
1938,1995,2,24314,21161,3153
1938,1995,3,24327,21761,2566
1938,1995,4,24337,22961,1376
1938,1995,5,24337,24361,-24
1938,1995,6,36413,34421,1992
1938,1995,7,24348,21061,3287
1938,1995,8,24350,25101,-751
1938,1995,9,24350,23661,689
1938,1995,10,24348,26061,-1713
1938,1995,11,24348,21161,3187
1938,1995,12,36442,35041,1401
1938,1996,1,24360,38921,-14561
1938,1996,2,24312,17061,7251
1938,1996,3,24322,26881,-2559
1938,1996,4,24325,20161,4164
1938,1996,5,24338,22061,2277
1938,1996,6,36385,57261,-20876
1938,1996,7,24281,12561,11720
1938,1996,8,24316,17661,6655
1938,1996,9,24315,29061,-4746
1938,1996,10,24314,21761,2553
1938,1996,11,24321,28121,-3800
1938,1996,12,36423,29521,6902
1938,1997,1,24320,33901,-9581
1938,1997,2,24299,22561,1738
1938,1997,3,24311,27521,-3210
1938,1997,4,24286,24561,-275
1938,1997,5,24303,18061,6242
1938,1997,6,36382,40301,-3919
1938,1997,7,24304,25381,-1077
1938,1997,8,24300,21761,2539
1938,1997,9,24319,19461,4858
1938,1997,10,24324,24061,263
1938,1997,11,24319,31401,-7082
1938,1997,12,36399,28641,7758
1938,1998,1,24309,39161,-14852
1938,1998,2,24326,10581,13745
1938,1998,3,24314,26661,-2347
1938,1998,4,24305,28361,-4056
1938,1998,5,24299,23561,738
1938,1998,6,36358,44881,-8523
1938,1998,7,25934,6661,19273
1938,1998,8,24375,15861,8514
1938,1998,9,24359,30221,-5862
1938,1998,10,24376,18661,5715
1938,1998,11,24399,18861,5538
1938,1998,12,36513,28926,7587
1939,1996,4,400,0,400
1939,1996,5,49748,14700,35048
1939,1996,6,74702,70700,4002
1939,1996,7,49883,31900,17983
1939,1996,8,49937,43600,6337
1939,1996,9,49956,64030,-14074
1939,1996,10,49915,49229,686
1939,1996,11,49932,43813,6119
1939,1996,12,74766,88013,-13247
1939,1997,1,49840,73013,-23173
1939,1997,2,49811,42086,7725
1939,1997,3,49862,32813,17049
1939,1997,4,49886,52416,-2530
1939,1997,5,49874,58613,-8739
1939,1997,6,74700,80198,-5498
1939,1997,7,49842,37913,11929
1939,1997,8,49872,49178,694
1939,1997,9,49852,46613,3239
1939,1997,10,49969,69470,-19501
1939,1997,11,49850,34396,15454
1939,1997,12,74847,17713,57134
1939,1998,1,49991,80813,-30822
1939,1998,2,49984,49739,245
1939,1998,3,50015,28713,21302
1939,1998,4,50039,70369,-20330
1939,1998,5,50008,31785,18223
1939,1998,6,74891,77713,-2822
1939,1998,7,50045,47813,2232
1939,1998,8,50058,46618,3440
1939,1998,9,50042,45125,4917
1939,1998,10,50077,42495,7582
1939,1998,11,50091,66613,-16522
1939,1998,12,74902,75967,-1065
1940,1993,12,700,0,700
1940,1994,1,4660,0,4660
1940,1994,2,4660,0,4660
1940,1994,3,4660,0,4660
1940,1994,4,4660,0,4660
1940,1994,5,4730,3121,1609
1940,1994,6,4735,10621,-5886
1940,1994,7,4724,4881,-157
1940,1994,8,4727,3121,1606
1940,1994,9,4734,3121,1613
1940,1994,10,4740,3681,1059
1940,1994,11,4743,4321,422
1940,1994,12,4744,4271,473
1940,1995,1,4722,12141,-7419
1940,1995,2,4718,3121,1597
1940,1995,3,4725,3121,1604
1940,1995,4,4729,4241,488
1940,1995,5,4733,3121,1612
1940,1995,6,4732,6821,-2089
1940,1995,7,4727,5221,-494
1940,1995,8,4722,6121,-1399
1940,1995,9,4717,5521,-804
1940,1995,10,4720,3121,1599
1940,1995,11,4717,6621,-1904
1940,1995,12,4712,5621,-909
1940,1996,1,4711,4421,290
1940,1996,2,4716,3121,1595
1940,1996,3,4716,5421,-705
1940,1996,4,4712,5821,-1109
1940,1996,5,4715,3121,1594
1940,1996,6,4712,6421,-1709
1940,1996,7,4715,3121,1594
1940,1996,8,4721,3121,1600
1940,1996,9,4728,3121,1607
1940,1996,10,4722,6961,-2239
1940,1996,11,4725,3121,1604
1940,1996,12,4730,3921,809
1940,1997,1,4723,7601,-2878
1940,1997,2,4723,3121,1602
1940,1997,3,4730,3121,1609
1940,1997,4,4733,4641,92
1940,1997,5,4737,3121,1616
1940,1997,6,4742,6721,-1979
1940,1997,7,4731,6721,-1990
1940,1997,8,4727,3121,1606
1940,1997,9,4727,5361,-634
1940,1997,10,4731,3121,1610
1940,1997,11,4737,3121,1616
1940,1997,12,4750,4911,-161
1940,1998,1,4719,10641,-5922
1940,1998,2,4719,3121,1598
1940,1998,3,4725,3121,1604
1940,1998,4,4732,3121,1611
1940,1998,5,4739,3121,1618
1940,1998,6,4738,8721,-3983
1940,1998,7,4729,3121,1608
1940,1998,8,4735,3121,1614
1940,1998,9,4741,3761,980
1940,1998,10,4743,4721,22
1940,1998,11,4746,3121,1625
1940,1998,12,4747,7626,-2879
1941,1993,11,200,0,200
1941,1993,12,24830,2500,22330
1941,1994,1,16639,5600,11039
1941,1994,2,16662,15200,1462
1941,1994,3,16677,11400,5277
1941,1994,4,16690,15215,1475
1941,1994,5,16696,15315,1381
1941,1994,6,24963,28095,-3132
1941,1994,7,16684,24375,-7691
1941,1994,8,16683,7715,8968
1941,1994,9,16710,9215,7495
1941,1994,10,16732,12815,3917
1941,1994,11,16732,19315,-2583
1941,1994,12,25009,16515,8494
1941,1995,1,16750,21915,-5165
1941,1995,2,16723,18575,-1852
1941,1995,3,16719,19895,-3176
1941,1995,4,16719,17415,-696
1941,1995,5,16713,15195,1518
1941,1995,6,24999,18915,6084
1941,1995,7,16738,20815,-4077
1941,1995,8,16728,18315,-1587
1941,1995,9,16723,17715,-992
1941,1995,10,16721,16615,106
1941,1995,11,16713,20215,-3502
1941,1995,12,24988,16715,8273
1941,1996,1,16703,26275,-9572
1941,1996,2,16706,14915,1791
1941,1996,3,16677,19835,-3158
1941,1996,4,16678,20395,-3717
1941,1996,5,16678,17515,-837
1941,1996,6,24930,40015,-15085
1941,1996,7,16616,15,16601
1941,1996,8,16669,37215,-20546
1941,1996,9,16628,5055,11573
1941,1996,10,16643,25715,-9072
1941,1996,11,16648,4215,12433
1941,1996,12,24965,33215,-8250
1941,1997,1,16627,15,16612
1941,1997,2,16688,34615,-17927
1941,1997,3,16615,24815,-8200
1941,1997,4,16587,15,16572
1941,1997,5,16646,31115,-14469
1941,1997,6,24856,15,24841
1941,1997,7,16680,41215,-24535
1941,1997,8,16596,15,16581
1941,1997,9,16647,35915,-19268
1941,1997,10,16609,1575,15034
1941,1997,11,16681,4335,12346
1941,1997,12,24935,44615,-19680
1941,1998,1,16652,1815,14837
1941,1998,2,16653,38315,-21662
1941,1998,3,16588,15,16573
1941,1998,4,16657,15,16642
1941,1998,5,16705,47115,-30410
1941,1998,6,24900,4095,20805
1941,1998,7,16654,38415,-21761
1941,1998,8,16595,15,16580
1941,1998,9,16667,4935,11732
1941,1998,10,16733,5535,11198
1941,1998,11,16703,54615,-37912
1941,1998,12,24779,0,24779
1943,1996,11,300,0,300
1943,1996,12,25032,0,25032
1943,1997,1,16725,2700,14025
1943,1997,2,16856,11300,5556
1943,1997,3,16878,12500,4378
1943,1997,4,16910,25752,-8842
1943,1997,5,16878,16472,406
1943,1997,6,25244,24572,672
1943,1997,7,16877,20532,-3655
1943,1997,8,16860,21372,-4512
1943,1997,9,16845,15572,1273
1943,1997,10,16859,10372,6487
1943,1997,11,16872,20712,-3840
1943,1997,12,25222,25092,130
1943,1998,1,19637,25912,-6275
1943,1998,2,21226,19132,2094
1943,1998,3,16846,14972,1874
1943,1998,4,16849,17492,-643
1943,1998,5,16852,14172,2680
1943,1998,6,25234,14372,10862
1943,1998,7,16908,13972,2936
1943,1998,8,16918,14572,2346
1943,1998,9,16923,17172,-249
1943,1998,10,16912,21872,-4960
1943,1998,11,16898,18172,-1274
1943,1998,12,25244,26757,-1513
1944,1993,2,700,0,700
1944,1993,3,21033,0,21033
1944,1993,4,18098,6800,11298
1944,1993,5,18133,11900,6233
1944,1993,6,27156,18600,8556
1944,1993,7,18168,26775,-8607
1944,1993,8,18138,20456,-2318
1944,1993,9,18165,19856,-1691
1944,1993,10,18155,18016,139
1944,1993,11,18147,10556,7591
1944,1993,12,27171,20476,6695
1944,1994,1,18143,38836,-20693
1944,1994,2,22045,6756,15289
1944,1994,3,18171,14956,3215
1944,1994,4,18187,13556,4631
1944,1994,5,18182,21636,-3454
1944,1994,6,27132,38836,-11704
1944,1994,7,18151,10556,7595
1944,1994,8,18160,17456,704
1944,1994,9,18148,21196,-3048
1944,1994,10,18149,19856,-1707
1944,1994,11,18157,12956,5201
1944,1994,12,27159,23356,3803
1944,1995,1,18148,45416,-27268
1944,1995,2,18601,6756,11845
1944,1995,3,18122,15356,2766
1944,1995,4,18127,17156,971
1944,1995,5,18139,14856,3283
1944,1995,6,27167,15356,11811
1944,1995,7,18182,20856,-2674
1944,1995,8,18161,36056,-17895
1944,1995,9,18144,17756,388
1944,1995,10,18145,16756,1389
1944,1995,11,18149,19356,-1207
1944,1995,12,27153,24556,2597
1944,1996,1,18106,34596,-16490
1944,1996,2,18086,12056,6030
1944,1996,3,18112,12456,5656
1944,1996,4,18133,15956,2177
1944,1996,5,18139,18456,-317
1944,1996,6,27107,25476,1631
1944,1996,7,18146,14956,3190
1944,1996,8,18153,19956,-1803
1944,1996,9,18142,19656,-1514
1944,1996,10,18120,24856,-6736
1944,1996,11,18109,15856,2253
1944,1996,12,27127,20156,6971
1944,1997,1,18096,29836,-11740
1944,1997,2,18107,15656,2451
1944,1997,3,18119,10356,7763
1944,1997,4,18142,16856,1286
1944,1997,5,18150,14556,3594
1944,1997,6,27118,32816,-5698
1944,1997,7,18137,16356,1781
1944,1997,8,18145,14756,3389
1944,1997,9,18159,14856,3303
1944,1997,10,18171,15756,2415
1944,1997,11,18164,25476,-7312
1944,1997,12,27155,23296,3859
1944,1998,1,18337,32696,-14359
1944,1998,2,18112,10856,7256
1944,1998,3,18142,12156,5986
1944,1998,4,18160,14156,4004
1944,1998,5,18179,13956,4223
1944,1998,6,27178,32116,-4938
1944,1998,7,18176,13456,4720
1944,1998,8,18188,19196,-1008
1944,1998,9,18182,16356,1826
1944,1998,10,18182,24096,-5914
1944,1998,11,18172,13956,4216
1944,1998,12,27193,19141,8052
1945,1995,11,700,0,700
1945,1995,12,26221,0,26221
1945,1996,1,16845,3600,13245
1945,1996,2,16885,8300,8585
1945,1996,3,16899,15300,1599
1945,1996,4,16919,11115,5804
1945,1996,5,16925,17015,-90
1945,1996,6,25281,27735,-2454
1945,1996,7,16917,16335,582
1945,1996,8,16929,13015,3914
1945,1996,9,16907,20815,-3908
1945,1996,10,16929,13215,3714
1945,1996,11,16931,17315,-384
1945,1996,12,25303,19135,6168
1945,1997,1,16884,37995,-21111
1945,1997,2,16902,5715,11187
1945,1997,3,16929,12415,4514
1945,1997,4,16937,15815,1122
1945,1997,5,16941,16115,826
1945,1997,6,25200,62515,-37315
1945,1997,7,18141,9135,9006
1945,1997,8,16827,8815,8012
1945,1997,9,16858,15115,1743
1945,1997,10,16864,19115,-2251
1945,1997,11,16884,21535,-4651
1945,1997,12,25235,19195,6040
1945,1998,1,16864,24335,-7471
1945,1998,2,16831,15315,1516
1945,1998,3,16837,14615,2222
1945,1998,4,16846,15615,1231
1945,1998,5,16849,19315,-2466
1945,1998,6,25226,22915,2311
1945,1998,7,16865,17635,-770
1945,1998,8,16841,23355,-6514
1945,1998,9,16821,14215,2606
1945,1998,10,16836,22895,-6059
1945,1998,11,16809,12815,3994
1945,1998,12,25197,4640,20557
1946,1997,9,600,0,600
1946,1997,10,22548,0,22548
1946,1997,11,18708,12700,6008
1946,1997,12,28046,16000,12046
1946,1998,1,18772,17400,1372
1946,1998,2,18778,24608,-5830
1946,1998,3,18744,23248,-4504
1946,1998,4,18737,18628,109
1946,1998,5,18736,17708,1028
1946,1998,6,28085,21308,6777
1946,1998,7,18791,24708,-5917
1946,1998,8,18719,27748,-9029
1946,1998,9,18712,16808,1904
1946,1998,10,18691,27908,-9217
1946,1998,11,22014,7608,14406
1946,1998,12,28071,15573,12498
1947,1993,11,900,0,900
1947,1993,12,6860,0,6860
1947,1994,1,6860,0,6860
1947,1994,2,6860,0,6860
1947,1994,3,6934,900,6034
1947,1994,4,6975,6863,112
1947,1994,5,6969,9743,-2774
1947,1994,6,6958,9063,-2105
1947,1994,7,6956,6763,193
1947,1994,8,6962,6123,839
1947,1994,9,6969,5403,1566
1947,1994,10,6967,7063,-96
1947,1994,11,6962,8663,-1701
1947,1994,12,6960,7713,-753
1947,1995,1,6943,15733,-8790
1947,1995,2,6927,3463,3464
1947,1995,3,6942,3463,3479
1947,1995,4,6952,6263,689
1947,1995,5,6954,6423,531
1947,1995,6,6961,3463,3498
1947,1995,7,6976,3463,3513
1947,1995,8,6991,3463,3528
1947,1995,9,7004,5163,1841
1947,1995,10,7013,3463,3550
1947,1995,11,7021,6763,258
1947,1995,12,7022,7303,-281
1947,1996,1,7012,14513,-7501
1947,1996,2,6996,3463,3533
1947,1996,3,7008,6423,585
1947,1996,4,7013,3463,3550
1947,1996,5,7026,5223,1803
1947,1996,6,7021,17643,-10622
1947,1996,7,6991,3463,3528
1947,1996,8,7006,3463,3543
1947,1996,9,7020,3463,3557
1947,1996,10,7021,13543,-6522
1947,1996,11,7005,5223,1782
1947,1996,12,7014,4913,2101
1947,1997,1,7006,15243,-8237
1947,1997,2,6989,3463,3526
1947,1997,3,7004,3463,3541
1947,1997,4,7017,4663,2354
1947,1997,5,7029,3463,3566
1947,1997,6,7008,23743,-16735
1947,1997,7,6972,6023,949
1947,1997,8,6978,3463,3515
1947,1997,9,6992,3463,3529
1947,1997,10,7007,3463,3544
1947,1997,11,7019,4863,2156
1947,1997,12,7032,4663,2369
1947,1998,1,7027,16693,-9666
1947,1998,2,6999,3463,3536
1947,1998,3,7012,7463,-451
1947,1998,4,7012,3463,3549
1947,1998,5,7027,3463,3564
1947,1998,6,7038,5313,1725
1947,1998,7,7049,3463,3586
1947,1998,8,7064,3463,3601
1947,1998,9,7073,6423,650
1947,1998,10,7083,4423,2660
1947,1998,11,7092,3463,3629
1947,1998,12,7102,5748,1354
1948,1996,4,35031,0,35031
1948,1996,5,157963,143915,14048
1948,1996,6,131,25215,-25084
1948,1996,7,5118,8815,-3697
1948,1996,8,18884,7315,11569
1948,1996,9,60868,42815,18053
1948,1996,10,75015,54315,20700
1948,1996,11,8321,47132,-38811
1948,1996,12,97,11815,-11718
1948,1997,1,1865,8815,-6950
1948,1997,2,36787,12492,24295
1948,1997,3,117,14215,-14098
1948,1997,4,94974,51315,43659
1948,1997,5,23852,51309,-27457
1948,1997,6,20131,17915,2216
1948,1997,7,122365,61615,60750
1948,1997,8,36769,80015,-43246
1948,1997,9,215,28262,-28047
1948,1997,10,56026,48839,7187
1948,1997,11,33903,34935,-1032
1948,1997,12,24929,22615,2314
1948,1998,1,8217,17215,-8998
1948,1998,2,20660,7315,13345
1948,1998,3,40798,25515,15283
1948,1998,4,50996,32615,18381
1948,1998,5,96816,98129,-1313
1948,1998,6,11325,49615,-38290
1948,1998,7,27834,9746,18088
1948,1998,8,132811,104608,28203
1948,1998,9,49659,86115,-36456
1948,1998,10,80720,28546,52174
1948,1998,11,99714,89715,9999
1948,1998,12,44288,77900,-33612
1949,1994,5,12380,0,12380
1949,1994,6,24487,0,24487
1949,1994,7,12013,6800,5213
1949,1994,8,12032,7700,4332
1949,1994,9,12014,20490,-8476
1949,1994,10,11988,20640,-8652
1949,1994,11,11983,8840,3143
1949,1994,12,17941,15180,2761
1949,1995,1,16657,33020,-16363
1949,1995,2,14934,9700,5234
1949,1995,3,14950,13180,1770
1949,1995,4,11953,12140,-187
1949,1995,5,11953,13980,-2027
1949,1995,6,17910,9940,7970
1949,1995,7,11987,11540,447
1949,1995,8,12002,13340,-1338
1949,1995,9,11982,13040,-1058
1949,1995,10,11993,10740,1253
1949,1995,11,11990,11840,150
1949,1995,12,17909,14640,3269
1949,1996,1,16367,23420,-7053
1949,1996,2,11979,10340,1639
1949,1996,3,11970,18360,-6390
1949,1996,4,11943,13240,-1297
1949,1996,5,12646,7540,5106
1949,1996,6,17913,10340,7573
1949,1996,7,12005,10040,1965
1949,1996,8,12008,12640,-632
1949,1996,9,11997,13760,-1763
1949,1996,10,11990,11240,750
1949,1996,11,11983,16560,-4577
1949,1996,12,17898,18040,-142
1949,1997,1,16646,25060,-8414
1949,1997,2,15650,7540,8110
1949,1997,3,13069,13660,-591
1949,1997,4,13274,8500,4774
1949,1997,5,11990,10340,1650
1949,1997,6,17902,26340,-8438
1949,1997,7,12975,7540,5435
1949,1997,8,11991,8840,3151
1949,1997,9,11989,15380,-3391
1949,1997,10,11983,9640,2343
1949,1997,11,11990,10940,1050
1949,1997,12,17927,15020,2907
1949,1998,1,11982,25240,-13258
1949,1998,2,15568,7540,8028
1949,1998,3,11973,13180,-1207
1949,1998,4,13288,11980,1308
1949,1998,5,11988,9140,2848
1949,1998,6,17917,16620,1297
1949,1998,7,11999,11440,559
1949,1998,8,11999,11840,159
1949,1998,9,12029,7940,4089
1949,1998,10,12046,8240,3806
1949,1998,11,12013,17940,-5927
1949,1998,12,17939,17865,74
1950,1997,8,17594,0,17594
1950,1997,9,12831,7500,5331
1950,1997,10,12853,11500,1353
1950,1997,11,12858,12700,158
1950,1997,12,19264,17518,1746
1950,1998,1,12854,21878,-9024
1950,1998,2,12834,14278,-1444
1950,1998,3,12837,9758,3079
1950,1998,4,12849,11058,1791
1950,1998,5,12872,10058,2814
1950,1998,6,19259,22498,-3239
1950,1998,7,12855,9658,3197
1950,1998,8,12882,8258,4624
1950,1998,9,12894,16998,-4104
1950,1998,10,12867,12158,709
1950,1998,11,12869,12558,311
1950,1998,12,19262,10943,8319
1951,1997,8,21368,0,21368
1951,1997,9,26370,0,26370
1951,1997,10,20652,4300,16352
1951,1997,11,20698,12000,8698
1951,1997,12,30934,25696,5238
1951,1998,1,20673,48573,-27900
1951,1998,2,20642,9433,11209
1951,1998,3,20664,17233,3431
1951,1998,4,20662,21833,-1171
1951,1998,5,20668,18733,1935
1951,1998,6,30864,46153,-15289
1951,1998,7,20642,11333,9309
1951,1998,8,20653,18133,2520
1951,1998,9,20660,22153,-1493
1951,1998,10,20668,30833,-10165
1951,1998,11,20655,22813,-2158
1951,1998,12,30871,8758,22113
1952,1993,11,1000,0,1000
1952,1993,12,23483,0,23483
1952,1994,1,15486,9500,5986
1952,1994,2,15508,12000,3508
1952,1994,3,15522,13300,2222
1952,1994,4,15530,16715,-1185
1952,1994,5,15552,15955,-403
1952,1994,6,23209,29015,-5806
1952,1994,7,15518,11695,3823
1952,1994,8,15518,12815,2703
1952,1994,9,15528,14215,1313
1952,1994,10,15530,17515,-1985
1952,1994,11,15524,17455,-1931
1952,1994,12,23226,19295,3931
1952,1995,1,15525,29455,-13930
1952,1995,2,15496,7855,7641
1952,1995,3,15516,18135,-2619
1952,1995,4,15495,15915,-420
1952,1995,5,15495,14215,1280
1952,1995,6,23165,35235,-12070
1952,1995,7,15460,7415,8045
1952,1995,8,15488,11715,3773
1952,1995,9,15498,15415,83
1952,1995,10,15496,16615,-1119
1952,1995,11,15490,17215,-1725
1952,1995,12,23185,27815,-4630
1952,1996,1,15451,28595,-13144
1952,1996,2,15433,4815,10618
1952,1996,3,15466,10515,4951
1952,1996,4,15486,12735,2751
1952,1996,5,15490,14315,1175
1952,1996,6,23190,21015,2175
1952,1996,7,15500,16455,-955
1952,1996,8,15495,16715,-1220
1952,1996,9,15514,6415,9099
1952,1996,10,15536,13215,2321
1952,1996,11,15545,13515,2030
1952,1996,12,23243,19135,4108
1952,1997,1,15487,44255,-28768
1952,1997,2,15472,3415,12057
1952,1997,3,15492,16735,-1243
1952,1997,4,15506,8715,6791
1952,1997,5,15522,14315,1207
1952,1997,6,23197,24615,-1418
1952,1997,7,15521,19535,-4014
1952,1997,8,15511,11415,4096
1952,1997,9,15537,7215,8322
1952,1997,10,15550,18355,-2805
1952,1997,11,15547,12815,2732
1952,1997,12,23237,20575,2662
1952,1998,1,15523,29755,-14232
1952,1998,2,15516,9915,5601
1952,1998,3,15533,12815,2718
1952,1998,4,15547,11515,4032
1952,1998,5,15565,12955,2610
1952,1998,6,23214,49555,-26341
1952,1998,7,16094,15,16079
1952,1998,8,15553,3015,12538
1952,1998,9,15553,16115,-562
1952,1998,10,15578,16615,-1037
1952,1998,11,15569,15015,554
1952,1998,12,23262,22260,1002
1953,1997,5,600,0,600
1953,1997,6,27773,0,27773
1953,1997,7,118,2700,-2582
1953,1997,8,118,900,-782
1953,1997,9,118,1300,-1182
1953,1997,10,1018,0,1018
1953,1997,11,17189,10700,6489
1953,1997,12,130,3800,-3670
1953,1998,1,179432,157630,21802
1953,1998,2,77367,41240,36127
1953,1998,3,130641,144930,-14289
1953,1998,4,241,25579,-25338
1953,1998,5,191,4630,-4439
1953,1998,6,74449,54730,19719
1953,1998,7,67601,75530,-7929
1953,1998,8,164147,130851,33296
1953,1998,9,13546,33347,-19801
1953,1998,10,86434,67930,18504
1953,1998,11,104268,91430,12838
1953,1998,12,272,44500,-44228
1954,1996,6,4223,0,4223
1954,1996,7,3229,0,3229
1954,1996,8,3229,0,3229
1954,1996,9,3229,0,3229
1954,1996,10,3230,15,3215
1954,1996,11,3286,2155,1131
1954,1996,12,3285,4105,-820
1954,1997,1,3281,6835,-3554
1954,1997,2,3272,2155,1117
1954,1997,3,3275,2655,620
1954,1997,4,3274,3755,-481
1954,1997,5,3277,2155,1122
1954,1997,6,3280,6045,-2765
1954,1997,7,3267,3535,-268
1954,1997,8,3269,2355,914
1954,1997,9,3273,2355,918
1954,1997,10,3275,3555,-280
1954,1997,11,3276,2155,1121
1954,1997,12,3279,2455,824
1954,1998,1,3274,7045,-3771
1954,1998,2,3267,2605,662
1954,1998,3,3271,2155,1116
1954,1998,4,3275,2155,1120
1954,1998,5,3280,2155,1125
1954,1998,6,3272,6565,-3293
1954,1998,7,3271,2155,1116
1954,1998,8,3276,2155,1121
1954,1998,9,3280,2155,1125
1954,1998,10,3285,2155,1130
1954,1998,11,3289,2305,984
1954,1998,12,3292,2680,612
1955,1995,1,600,0,600
1955,1995,2,2946,0,2946
1955,1995,3,2946,0,2946
1955,1995,4,2946,0,2946
1955,1995,5,2946,0,2946
1955,1995,6,2990,3059,-69
1955,1995,7,2999,2909,90
1955,1995,8,3001,2219,782
1955,1995,9,3001,3449,-448
1955,1995,10,3003,1979,1024
1955,1995,11,3007,1979,1028
1955,1995,12,3011,2699,312
1955,1996,1,3006,5519,-2513
1955,1996,2,3002,1979,1023
1955,1996,3,3004,2669,335
1955,1996,4,3005,3809,-804
1955,1996,5,3002,2779,223
1955,1996,6,3000,3629,-629
1955,1996,7,3002,1979,1023
1955,1996,8,3007,1979,1028
1955,1996,9,3011,1979,1032
1955,1996,10,3015,1979,1036
1955,1996,11,3019,2379,640
1955,1996,12,3021,3529,-508
1955,1997,1,3008,8689,-5681
1955,1997,2,2996,2779,217
1955,1997,3,2997,1979,1018
1955,1997,4,3001,2279,722
1955,1997,5,3005,1979,1026
1955,1997,6,3002,4109,-1107
1955,1997,7,3004,1979,1025
1955,1997,8,3004,5679,-2675
1955,1997,9,2997,1979,1018
1955,1997,10,2999,3679,-680
1955,1997,11,2999,1979,1020
1955,1997,12,3003,1979,1024
1955,1998,1,3003,3449,-446
1955,1998,2,3005,1979,1026
1955,1998,3,3009,1979,1030
1955,1998,4,3014,1979,1035
1955,1998,5,3018,1979,1039
1955,1998,6,3013,6839,-3826
1955,1998,7,3006,1979,1027
1955,1998,8,3011,1979,1032
1955,1998,9,3015,1979,1036
1955,1998,10,3019,1979,1040
1955,1998,11,3023,1979,1044
1955,1998,12,3025,3704,-679
1956,1997,5,300,0,300
1956,1997,6,20144,0,20144
1956,1997,7,11512,0,11512
1956,1997,8,7152,2200,4952
1956,1997,9,7170,4300,2870
1956,1997,10,7182,6489,693
1956,1997,11,7187,5089,2098
1956,1997,12,10699,11269,-570
1956,1998,1,12864,28529,-15665
1956,1998,2,18047,6129,11918
1956,1998,3,13083,7449,5634
1956,1998,4,7199,6289,910
1956,1998,5,7907,4689,3218
1956,1998,6,13602,17489,-3887
1956,1998,7,7804,5529,2275
1956,1998,8,8415,4689,3726
1956,1998,9,7216,10389,-3173
1956,1998,10,7211,8389,-1178
1956,1998,11,7207,5589,1618
1956,1998,12,10716,12354,-1638
1957,1996,9,800,0,800
1957,1996,10,14961,0,14961
1957,1996,11,4806,0,4806
1957,1996,12,4626,0,4626
1957,1997,1,3841,1200,2641
1957,1997,2,3851,2602,1249
1957,1997,3,3856,2802,1054
1957,1997,4,3853,6612,-2759
1957,1997,5,4851,2502,2349
1957,1997,6,3851,12512,-8661
1957,1997,7,5827,2502,3325
1957,1997,8,3834,4492,-658
1957,1997,9,5538,2502,3036
1957,1997,10,4246,4272,-26
1957,1997,11,5653,2502,3151
1957,1997,12,4867,2772,2095
1957,1998,1,6970,6912,58
1957,1998,2,4574,2502,2072
1957,1998,3,4482,2502,1980
1957,1998,4,3880,4202,-322
1957,1998,5,7592,4032,3560
1957,1998,6,3891,6452,-2561
1957,1998,7,3886,4202,-316
1957,1998,8,3874,7502,-3628
1957,1998,9,3853,8792,-4939
1957,1998,10,3853,3602,251
1957,1998,11,3851,4242,-391
1957,1998,12,3841,5587,-1746
1958,1994,10,600,0,600
1958,1994,11,5338,0,5338
1958,1994,12,5338,0,5338
1958,1995,1,5338,0,5338
1958,1995,2,5338,0,5338
1958,1995,3,5370,1215,4155
1958,1995,4,5454,2949,2505
1958,1995,5,5461,5649,-188
1958,1995,6,5428,13199,-7771
1958,1995,7,5431,2949,2482
1958,1995,8,5442,2949,2493
1958,1995,9,5452,3049,2403
1958,1995,10,5462,2949,2513
1958,1995,11,5472,3349,2123
1958,1995,12,5476,6049,-573
1958,1996,1,5471,7349,-1878
1958,1996,2,5469,4069,1400
1958,1996,3,5477,2949,2528
1958,1996,4,5482,5829,-347
1958,1996,5,5486,2949,2537
1958,1996,6,5478,19829,-14351
1958,1996,7,5437,2949,2488
1958,1996,8,5447,2949,2498
1958,1996,9,5456,4069,1387
1958,1996,10,5463,2949,2514
1958,1996,11,5473,2949,2524
1958,1996,12,5478,6699,-1221
1958,1997,1,5468,5899,-431
1958,1997,2,5472,6309,-837
1958,1997,3,5473,2949,2524
1958,1997,4,5484,2949,2535
1958,1997,5,5494,2949,2545
1958,1997,6,5470,14999,-9529
1958,1997,7,5462,4629,833
1958,1997,8,5469,2949,2520
1958,1997,9,5472,6309,-837
1958,1997,10,5476,2949,2527
1958,1997,11,5486,2949,2537
1958,1997,12,5489,7059,-1570
1958,1998,1,5479,6339,-860
1958,1998,2,5486,2949,2537
1958,1998,3,5495,4229,1266
1958,1998,4,5502,2949,2553
1958,1998,5,5513,2949,2564
1958,1998,6,5506,12819,-7313
1958,1998,7,5485,5109,376
1958,1998,8,5494,2949,2545
1958,1998,9,5504,4149,1355
1958,1998,10,5510,2949,2561
1958,1998,11,5521,2949,2572
1958,1998,12,5526,4724,802
1959,1993,12,600,0,600
1959,1994,1,6830,0,6830
1959,1994,2,6830,0,6830
1959,1994,3,6830,0,6830
1959,1994,4,6860,1300,5560
1959,1994,5,6952,7597,-645
1959,1994,6,6915,14257,-7342
1959,1994,7,6923,4057,2866
1959,1994,8,6935,4057,2878
1959,1994,9,6941,7857,-916
1959,1994,10,6935,8457,-1522
1959,1994,11,6936,4257,2679
1959,1994,12,6936,10907,-3971
1959,1995,1,6909,14207,-7298
1959,1995,2,6898,5257,1641
1959,1995,3,6906,4517,2389
1959,1995,4,6914,5457,1457
1959,1995,5,6910,9497,-2587
1959,1995,6,6910,5157,1753
1959,1995,7,6913,7357,-444
1959,1995,8,6911,6957,-46
1959,1995,9,6902,9437,-2535
1959,1995,10,6903,5357,1546
1959,1995,11,6915,5557,1358
1959,1995,12,6904,11457,-4553
1959,1996,1,6878,10987,-4109
1959,1996,2,6884,3157,3727
1959,1996,3,6896,4557,2339
1959,1996,4,6896,8677,-1781
1959,1996,5,6899,4357,2542
1959,1996,6,6893,10257,-3364
1959,1996,7,6893,5257,1636
1959,1996,8,6898,5757,1141
1959,1996,9,6897,8117,-1220
1959,1996,10,6889,8357,-1468
1959,1996,11,6890,5957,933
1959,1996,12,6889,7457,-568
1959,1997,1,6885,8017,-1132
1959,1997,2,6896,3157,3739
1959,1997,3,6911,3157,3754
1959,1997,4,6915,6857,58
1959,1997,5,6924,4057,2867
1959,1997,6,6915,10207,-3292
1959,1997,7,6921,4657,2264
1959,1997,8,6934,3157,3777
1959,1997,9,6950,3157,3793
1959,1997,10,6966,3157,3809
1959,1997,11,6982,3157,3825
1959,1997,12,6994,4747,2247
1959,1998,1,6992,13837,-6845
1959,1998,2,6978,3157,3821
1959,1998,3,6994,3157,3837
1959,1998,4,7010,3157,3853
1959,1998,5,7025,3637,3388
1959,1998,6,6987,18217,-11230
1959,1998,7,6985,5797,1188
1959,1998,8,6996,9117,-2121
1959,1998,9,6985,10477,-3492
1959,1998,10,6973,6197,776
1959,1998,11,6969,10597,-3628
1959,1998,12,6961,4042,2919
1960,1997,12,3937,0,3937
1960,1998,1,3241,0,3241
1960,1998,2,3241,0,3241
1960,1998,3,3241,0,3241
1960,1998,4,3243,15,3228
1960,1998,5,3298,2375,923
1960,1998,6,3290,6935,-3645
1960,1998,7,3287,2165,1122
1960,1998,8,3292,2165,1127
1960,1998,9,3295,2555,740
1960,1998,10,3300,2165,1135
1960,1998,11,3304,2165,1139
1960,1998,12,3308,2780,528
1961,1995,8,800,0,800
1961,1995,9,5764,0,5764
1961,1995,10,5764,0,5764
1961,1995,11,5764,0,5764
1961,1995,12,5776,1900,3876
1961,1996,1,5860,5235,625
1961,1996,2,5865,4808,1057
1961,1996,3,5870,4208,1662
1961,1996,4,5875,6608,-733
1961,1996,5,5869,10088,-4219
1961,1996,6,5854,6008,-154
1961,1996,7,5853,6988,-1135
1961,1996,8,5849,5408,441
1961,1996,9,5846,8088,-2242
1961,1996,10,5844,2508,3336
1961,1996,11,5854,5268,586
1961,1996,12,5854,7528,-1674
1961,1997,1,5826,12548,-6722
1961,1997,2,5822,4908,914
1961,1997,3,5829,2908,2921
1961,1997,4,5838,5188,650
1961,1997,5,5841,4808,1033
1961,1997,6,5848,2308,3540
1961,1997,7,5859,3508,2351
1961,1997,8,5873,2308,3565
1961,1997,9,5884,4208,1676
1961,1997,10,5886,7108,-1222
1961,1997,11,5888,3008,2880
1961,1997,12,5897,4008,1889
1961,1998,1,5871,14468,-8597
1961,1998,2,5859,9208,-3349
1961,1998,3,5847,8508,-2661
1961,1998,4,5837,7608,-1771
1961,1998,5,5823,9488,-3665
1961,1998,6,5821,4508,1313
1961,1998,7,5831,2308,3523
1961,1998,8,5845,11008,-5163
1961,1998,9,5819,4468,1351
1961,1998,10,5830,2308,3522
1961,1998,11,5844,2308,3536
1961,1998,12,5854,3843,2011
1962,1996,2,200,0,200
1962,1996,3,46505,12400,34105
1962,1996,4,46635,26300,20335
1962,1996,5,46710,37000,9710
1962,1996,6,70048,63200,6848
1962,1996,7,46806,67415,-20609
1962,1996,8,46751,33648,13103
1962,1996,9,46777,66603,-19826
1962,1996,10,46695,40572,6123
1962,1996,11,46736,36348,10388
1962,1996,12,69928,88348,-18420
1962,1997,1,46647,65448,-18801
1962,1997,2,46633,25948,20685
1962,1997,3,46711,36048,10663
1962,1997,4,46704,50883,-4179
1962,1997,5,46703,43817,2886
1962,1997,6,69968,62282,7686
1962,1997,7,46728,77916,-31188
1962,1997,8,46636,53659,-7023
1962,1997,9,46623,27148,19475
1962,1997,10,46663,49148,-2485
1962,1997,11,46633,44872,1761
1962,1997,12,69923,60702,9221
1962,1998,1,46628,74448,-27820
1962,1998,2,46604,30248,16356
1962,1998,3,46663,38748,7915
1962,1998,4,46687,40348,6339
1962,1998,5,46704,44348,2356
1962,1998,6,70019,75614,-5595
1962,1998,7,46729,49452,-2723
1962,1998,8,46729,21548,25181
1962,1998,9,46788,36548,10240
1962,1998,10,46806,44389,2417
1962,1998,11,46837,36148,10689
1962,1998,12,70151,61833,8318
1963,1996,2,23428,0,23428
1963,1996,3,25634,0,25634
1963,1996,4,23209,8900,14309
1963,1996,5,23249,16500,6749
1963,1996,6,34694,72530,-37836
1963,1996,7,23152,4750,18402
1963,1996,8,23211,30090,-6879
1963,1996,9,23203,25450,-2247
1963,1996,10,23224,19690,3534
1963,1996,11,23194,21570,1624
1963,1996,12,34721,29870,4851
1963,1997,1,23192,27430,-4238
1963,1997,2,23195,25890,-2695
1963,1997,3,23201,17390,5811
1963,1997,4,23220,22850,370
1963,1997,5,23231,18890,4341
1963,1997,6,34739,32150,2589
1963,1997,7,23254,23390,-136
1963,1997,8,23247,20590,2657
1963,1997,9,23258,18390,4868
1963,1997,10,23282,19390,3892
1963,1997,11,23290,20990,2300
1963,1997,12,34807,25310,9497
1963,1998,1,23267,39950,-16683
1963,1998,2,23271,15410,7861
1963,1998,3,23278,23030,248
1963,1998,4,23303,18490,4813
1963,1998,5,23319,21670,1649
1963,1998,6,34802,42930,-8128
1963,1998,7,23296,18570,4726
1963,1998,8,23319,15390,7929
1963,1998,9,23337,24090,-753
1963,1998,10,23334,23590,-256
1963,1998,11,23324,25390,-2066
1963,1998,12,34815,33575,1240
1964,1996,2,1100,0,1100
1964,1996,3,6547,0,6547
1964,1996,4,6547,0,6547
1964,1996,5,6547,0,6547
1964,1996,6,6612,4000,2612
1964,1996,7,6639,9495,-2856
1964,1996,8,6630,7193,-563
1964,1996,9,6636,4753,1883
1964,1996,10,6650,7153,-503
1964,1996,11,6640,5053,1587
1964,1996,12,6648,6303,345
1964,1997,1,6635,14333,-7698
1964,1997,2,6624,2453,4171
1964,1997,3,6641,4213,2428
1964,1997,4,6646,4693,1953
1964,1997,5,6653,4553,2100
1964,1997,6,6658,6503,155
1964,1997,7,6658,5853,805
1964,1997,8,6660,6453,207
1964,1997,9,6640,12953,-6313
1964,1997,10,6636,5953,683
1964,1997,11,6628,9353,-2725
1964,1997,12,6631,4903,1728
1964,1998,1,6632,11313,-4681
1964,1998,2,6619,4933,1686
1964,1998,3,6616,10913,-4297
1964,1998,4,6615,2453,4162
1964,1998,5,6620,6213,407
1964,1998,6,6629,4153,2476
1964,1998,7,6630,12253,-5623
1964,1998,8,6625,8953,-2328
1964,1998,9,6611,2453,4158
1964,1998,10,6626,9453,-2827
1964,1998,11,6614,8953,-2339
1964,1998,12,6607,2438,4169
1965,1993,2,600,0,600
1965,1993,3,12200,0,12200
1965,1993,4,17252,0,17252
1965,1993,5,130005,83487,46518
1965,1993,6,17423,52577,-35154
1965,1993,7,126,14641,-14515
1965,1993,8,44283,9641,34642
1965,1993,9,40710,61433,-20723
1965,1993,10,47918,14341,33577
1965,1993,11,29109,31141,-2032
1965,1993,12,42100,50284,-8184
1965,1994,1,35070,70441,-35371
1965,1994,2,55849,19801,36048
1965,1994,3,33513,42433,-8920
1965,1994,4,148,23441,-23293
1965,1994,5,81,15041,-14960
1965,1994,6,46931,28341,18590
1965,1994,7,14868,13741,1127
1965,1994,8,30779,15041,15738
1965,1994,9,113,30162,-30049
1965,1994,10,23489,20841,2648
1965,1994,11,64645,36941,27704
1965,1994,12,170,24953,-24783
1965,1995,1,20966,16941,4025
1965,1995,2,66657,45741,20916
1965,1995,3,69025,64262,4763
1965,1995,4,12544,31041,-18497
1965,1995,5,62696,51551,11145
1965,1995,6,138,22969,-22831
1965,1995,7,2913,9641,-6728
1965,1995,8,11251,11141,110
1965,1995,9,6686,9641,-2955
1965,1995,10,5473,9641,-4168
1965,1995,11,30646,16941,13705
1965,1995,12,106,10641,-10535
1965,1996,1,6568,9641,-3073
1965,1996,2,57,9641,-9584
1965,1996,3,10818,100,10718
1965,1996,4,10464,9641,823
1965,1996,5,8665,9641,-976
1965,1996,6,22429,13241,9188
1965,1996,7,7831,11141,-3310
1965,1996,8,39945,36741,3204
1965,1996,9,41718,28441,13277
1965,1996,10,36096,33341,2755
1965,1996,11,36517,31141,5376
1965,1996,12,11291,29041,-17750
1965,1997,1,66612,47748,18864
1965,1997,2,37155,23041,14114
1965,1997,3,41325,35944,5381
1965,1997,4,208,36670,-36462
1965,1997,5,31406,22341,9065
1965,1997,6,56984,45433,11551
1965,1997,7,166,27375,-27209
1965,1997,8,95132,24408,70724
1965,1997,9,71914,102541,-30627
1965,1997,10,30179,49497,-19318
1965,1997,11,148,14041,-13893
1965,1997,12,61341,41342,19999
1965,1998,1,118307,98141,20166
1965,1998,2,42384,45141,-2757
1965,1998,3,86812,93561,-6749
1965,1998,4,24341,36241,-11900
1965,1998,5,108681,53141,55540
1965,1998,6,46268,54241,-7973
1965,1998,7,60038,77124,-17086
1965,1998,8,41148,29241,11907
1965,1998,9,49289,85241,-35952
1965,1998,10,8576,37084,-28508
1965,1998,11,86795,29542,57253
1965,1998,12,14019,46541,-32522
1966,1993,2,21515,0,21515
1966,1993,3,20688,7500,13188
1966,1993,4,20747,5700,15047
1966,1993,5,20797,11300,9497
1966,1993,6,31109,34575,-3466
1966,1993,7,20805,16684,4121
1966,1993,8,20814,18684,2130
1966,1993,9,20809,23424,-2615
1966,1993,10,20804,20884,-80
1966,1993,11,20806,18584,2222
1966,1993,12,31116,26924,4192
1966,1994,1,20770,39464,-18694
1966,1994,2,20757,15324,5433
1966,1994,3,20784,16484,4300
1966,1994,4,20792,18784,2008
1966,1994,5,20799,19384,1415
1966,1994,6,31026,65724,-34698
1966,1994,7,24316,5584,18732
1966,1994,8,20765,11884,8881
1966,1994,9,20760,21984,-1224
1966,1994,10,20768,18584,2184
1966,1994,11,20770,20284,486
1966,1994,12,31070,24664,6406
1966,1995,1,20732,48564,-27832
1966,1995,2,20711,11384,9327
1966,1995,3,20730,18264,2466
1966,1995,4,20753,14184,6569
1966,1995,5,20751,22124,-1373
1966,1995,6,30982,53524,-22542
1966,1995,7,20693,10784,9909
1966,1995,8,20714,29364,-8650
1966,1995,9,20713,20784,-71
1966,1995,10,20739,17484,3255
1966,1995,11,20731,19484,1247
1966,1995,12,31028,29864,1164
1966,1996,1,20705,28884,-8179
1966,1996,2,20705,15284,5421
1966,1996,3,20727,18284,2443
1966,1996,4,20730,24044,-3314
1966,1996,5,20705,22904,-2199
1966,1996,6,31000,28584,2416
1966,1996,7,20719,19784,935
1966,1996,8,20716,25184,-4468
1966,1996,9,20696,20944,-248
1966,1996,10,20693,18844,1849
1966,1996,11,20697,25744,-5047
1966,1996,12,30987,21324,9663
1966,1997,1,20704,32744,-12040
1966,1997,2,20677,14564,6113
1966,1997,3,20706,14084,6622
1966,1997,4,20732,13784,6948
1966,1997,5,20752,20484,268
1966,1997,6,31055,23344,7711
1966,1997,7,20757,27784,-7027
1966,1997,8,20751,20784,-33
1966,1997,9,20753,18384,2369
1966,1997,10,20762,18684,2078
1966,1997,11,20762,21984,-1222
1966,1997,12,31058,25444,5614
1966,1998,1,20739,29904,-9165
1966,1998,2,20742,20384,358
1966,1998,3,20742,22984,-2242
1966,1998,4,20726,28344,-7618
1966,1998,5,20703,20924,-221
1966,1998,6,31002,23084,7918
1966,1998,7,20725,24284,-3559
1966,1998,8,20712,22044,-1332
1966,1998,9,20706,21384,-678
1966,1998,10,20714,20124,590
1966,1998,11,20743,5584,15159
1966,1998,12,31082,18569,12513
1967,1995,2,900,0,900
1967,1995,3,20381,0,20381
1967,1995,4,45605,22100,23505
1967,1995,5,17975,7100,10875
1967,1995,6,231,13500,-13269
1967,1995,7,43755,8000,35755
1967,1995,8,325,23600,-23275
1967,1995,9,314,13700,-13386
1967,1995,10,74591,46294,28297
1967,1995,11,140,48494,-48354
1967,1995,12,5259,18994,-13735
1967,1996,1,32900,23194,9706
1967,1996,2,9246,20794,-11548
1967,1996,3,27807,6930,20877
1967,1996,4,91920,19494,72426
1967,1996,5,67692,110088,-42396
1967,1996,6,80135,103702,-23567
1967,1996,7,54688,56588,-1900
1967,1996,8,14899,22088,-7189
1967,1996,9,60814,19388,41426
1967,1996,10,111,48745,-48634
1967,1996,11,6840,19388,-12548
1967,1996,12,132947,33461,99486
1967,1997,1,167,82388,-82221
1967,1997,2,2851,19388,-16537
1967,1997,3,42848,19388,23460
1967,1997,4,70,19688,-19618
1967,1997,5,81977,5224,76753
1967,1997,6,49787,50188,-401
1967,1997,7,231,47088,-46857
1967,1997,8,15041,31388,-16347
1967,1997,9,15846,19388,-3542
1967,1997,10,25133,19388,5745
1967,1997,11,58484,40088,18396
1967,1997,12,85524,61088,24436
1967,1998,1,137159,111588,25571
1967,1998,2,44927,102088,-57161
1967,1998,3,99,19388,-19289
1967,1998,4,47239,29124,18115
1967,1998,5,69244,57188,12056
1967,1998,6,110,30574,-30464
1967,1998,7,114214,66800,47414
1967,1998,8,67992,110615,-42623
1967,1998,9,64673,56088,8585
1967,1998,10,78326,45688,32638
1967,1998,11,18340,62732,-44392
1967,1998,12,44762,34494,10268
1968,1997,10,53988,0,53988
1968,1997,11,24933,12000,12933
1968,1997,12,278,19800,-19522
1968,1998,1,8052,13100,-5048
1968,1998,2,175,11200,-11025
1968,1998,3,7962,3630,4332
1968,1998,4,26564,26730,-166
1968,1998,5,1313,14330,-13017
1968,1998,6,11089,12830,-1741
1968,1998,7,11275,16730,-5455
1968,1998,8,62,11930,-11868
1968,1998,9,14,30,-16
1968,1998,10,0,30,-30
1968,1998,11,32984,30,32954
1968,1998,12,17841,34100,-16259
1969,1994,4,11429,0,11429
1969,1994,5,18895,0,18895
1969,1994,6,16062,2200,13862
1969,1994,7,10785,21800,-11015
1969,1994,8,10740,10415,325
1969,1994,9,10752,12018,-1266
1969,1994,10,10746,13218,-2472
1969,1994,11,10735,13518,-2783
1969,1994,12,16030,14338,1692
1969,1995,1,11292,22978,-11686
1969,1995,2,10683,9218,1465
1969,1995,3,10691,5718,4973
1969,1995,4,10710,8318,2392
1969,1995,5,10717,13518,-2801
1969,1995,6,16015,15518,497
1969,1995,7,10698,11098,-400
1969,1995,8,10702,12858,-2156
1969,1995,9,10700,7318,3382
1969,1995,10,10708,12718,-2010
1969,1995,11,10701,10418,283
1969,1995,12,16004,14738,1266
1969,1996,1,11690,21618,-9928
1969,1996,2,10667,8918,1749
1969,1996,3,10673,10018,655
1969,1996,4,10681,6318,4363
1969,1996,5,10696,8718,1978
1969,1996,6,16004,17318,-1314
1969,1996,7,10693,11418,-725
1969,1996,8,10688,12018,-1330
1969,1996,9,10682,12118,-1436
1969,1996,10,10676,12118,-1442
1969,1996,11,10670,12318,-1648
1969,1996,12,15969,15318,651
1969,1997,1,10664,11918,-1254
1969,1997,2,10656,12818,-2162
1969,1997,3,10658,8418,2240
1969,1997,4,10657,13018,-2361
1969,1997,5,10663,5418,5245
1969,1997,6,15974,18258,-2284
1969,1997,7,10675,5418,5257
1969,1997,8,10687,16638,-5951
1969,1997,9,10672,5418,5254
1969,1997,10,10694,5418,5276
1969,1997,11,10709,9018,1691
1969,1997,12,16017,8938,7079
1969,1998,1,10698,24098,-13400
1969,1998,2,10696,5418,5278
1969,1998,3,10712,9738,974
1969,1998,4,10703,11618,-915
1969,1998,5,10719,5418,5301
1969,1998,6,16035,26918,-10883
1969,1998,7,14303,5418,8885
1969,1998,8,10712,10618,94
1969,1998,9,10710,11038,-328
1969,1998,10,10704,12318,-1614
1969,1998,11,10724,5418,5306
1969,1998,12,16024,14603,1421
1970,1993,12,34643,0,34643
1970,1994,1,22627,4300,18327
1970,1994,2,22678,13900,8778
1970,1994,3,22711,16200,6511
1970,1994,4,22727,20815,1912
1970,1994,5,22717,25705,-2988
1970,1994,6,33882,41925,-8043
1970,1994,7,22688,19405,3283
1970,1994,8,22693,22305,388
1970,1994,9,22699,20805,1894
1970,1994,10,22692,27265,-4573
1970,1994,11,22683,22405,278
1970,1994,12,33940,20965,12975
1970,1995,1,22660,41445,-18785
1970,1995,2,22678,15205,7473
1970,1995,3,22698,21605,1093
1970,1995,4,22698,21905,793
1970,1995,5,22701,21805,896
1970,1995,6,33884,43945,-10061
1970,1995,7,22677,33705,-11028
1970,1995,8,22685,22605,80
1970,1995,9,22655,23965,-1310
1970,1995,10,22649,21125,1524
1970,1995,11,22659,18005,4654
1970,1995,12,33918,28765,5153
1970,1996,1,22644,32585,-9941
1970,1996,2,22654,19505,3149
1970,1996,3,22665,20365,2300
1970,1996,4,22675,19505,3170
1970,1996,5,22683,26405,-3722
1970,1996,6,33905,26285,7620
1970,1996,7,22699,23205,-506
1970,1996,8,22696,21405,1291
1970,1996,9,22701,19905,2796
1970,1996,10,22710,21405,1305
1970,1996,11,22712,23205,-493
1970,1996,12,33944,30205,3739
1970,1997,1,22696,35305,-12609
1970,1997,2,22678,16005,6673
1970,1997,3,22691,29485,-6794
1970,1997,4,22670,22905,-235
1970,1997,5,22675,17405,5270
1970,1997,6,33907,34845,-938
1970,1997,7,22678,23065,-387
1970,1997,8,22682,20805,1877
1970,1997,9,22686,21505,1181
1970,1997,10,22692,21905,787
1970,1997,11,22691,21905,786
1970,1997,12,33926,30905,3021
1970,1998,1,22680,28205,-5525
1970,1998,2,22688,17105,5583
1970,1998,3,22717,16305,6412
1970,1998,4,22729,22505,224
1970,1998,5,22724,25705,-2981
1970,1998,6,35889,48905,-13016
1970,1998,7,22681,13105,9576
1970,1998,8,22703,27205,-4502
1970,1998,9,22708,10665,12043
1970,1998,10,22759,10505,12254
1970,1998,11,22780,20205,2575
1970,1998,12,34030,23650,10380
1971,1995,8,10773,0,10773
1971,1995,9,19747,0,19747
1971,1995,10,10091,2000,8091
1971,1995,11,10108,7000,3108
1971,1995,12,15104,8715,6389
1971,1996,1,10076,27939,-17863
1971,1996,2,10070,11339,-1269
1971,1996,3,11372,6639,4733
1971,1996,4,10089,6939,3150
1971,1996,5,10101,10039,62
1971,1996,6,16942,19839,-2897
1971,1996,7,10089,7939,2150
1971,1996,8,10594,8839,1755
1971,1996,9,10106,7239,2867
1971,1996,10,12910,9639,3271
1971,1996,11,10116,11139,-1023
1971,1996,12,15103,13139,1964
1971,1997,1,10120,17139,-7019
1971,1997,2,10105,7539,2566
1971,1997,3,10117,6839,3278
1971,1997,4,12329,9539,2790
1971,1997,5,13345,6639,6706
1971,1997,6,28638,33939,-5301
1971,1997,7,15639,15939,-300
1971,1997,8,16454,9639,6815
1971,1997,9,10172,12639,-2467
1971,1997,10,10162,8239,1923
1971,1997,11,10165,11639,-1474
1971,1997,12,15141,10939,4202
1971,1998,1,10862,15739,-4877
1971,1998,2,12967,6639,6328
1971,1998,3,10181,12339,-2158
1971,1998,4,10176,9439,737
1971,1998,5,10176,10439,-263
1971,1998,6,15142,25439,-10297
1971,1998,7,10625,10739,-114
1971,1998,8,10136,7239,2897
1971,1998,9,10143,10239,-96
1971,1998,10,10146,8439,1707
1971,1998,11,10151,9239,912
1971,1998,12,15125,15824,-699
1972,1993,1,5717,0,5717
1972,1993,2,5322,0,5322
1972,1993,3,5322,0,5322
1972,1993,4,5322,0,5322
1972,1993,5,5379,2751,2628
1972,1993,6,5389,8701,-3312
1972,1993,7,5393,5571,-178
1972,1993,8,5393,2751,2642
1972,1993,9,5404,2751,2653
1972,1993,10,5414,4951,463
1972,1993,11,5416,4151,1265
1972,1993,12,5420,3651,1769
1972,1994,1,5412,14621,-9209
1972,1994,2,5388,4351,1037
1972,1994,3,5395,2751,2644
1972,1994,4,5405,4751,654
1972,1994,5,5406,6591,-1185
1972,1994,6,5382,10361,-4979
1972,1994,7,5383,2751,2632
1972,1994,8,5390,4511,879
1972,1994,9,5397,3851,1546
1972,1994,10,5404,2751,2653
1972,1994,11,5408,5391,17
1972,1994,12,5410,6411,-1001
1972,1995,1,5374,15491,-10117
1972,1995,2,5369,2751,2618
1972,1995,3,5378,5791,-413
1972,1995,4,5376,4991,385
1972,1995,5,5373,5871,-498
1972,1995,6,5368,7491,-2123
1972,1995,7,5369,2751,2618
1972,1995,8,5379,3391,1988
1972,1995,9,5388,2751,2637
1972,1995,10,5394,5251,143
1972,1995,11,5399,2751,2648
1972,1995,12,5404,7401,-1997
1972,1996,1,5373,13171,-7798
1972,1996,2,5369,2751,2618
1972,1996,3,5372,5631,-259
1972,1996,4,5379,2751,2628
1972,1996,5,5387,5031,356
1972,1996,6,5380,8721,-3341
1972,1996,7,5377,2751,2626
1972,1996,8,5385,6511,-1126
1972,1996,9,5378,4751,627
1972,1996,10,5386,2751,2635
1972,1996,11,5397,2751,2646
1972,1996,12,5408,3351,2057
1972,1997,1,5392,14761,-9369
1972,1997,2,5377,2751,2626
1972,1997,3,5384,4751,633
1972,1997,4,5391,2751,2640
1972,1997,5,5398,4051,1347
1972,1997,6,5397,6201,-804
1972,1997,7,5404,2751,2653
1972,1997,8,5398,10651,-5253
1972,1997,9,5382,6271,-889
1972,1997,10,5387,4751,636
1972,1997,11,5391,2751,2640
1972,1997,12,5391,6901,-1510
1972,1998,1,5377,10441,-5064
1972,1998,2,5366,5551,-185
1972,1998,3,5374,2751,2623
1972,1998,4,5382,4111,1271
1972,1998,5,5379,7551,-2172
1972,1998,6,5378,5351,27
1972,1998,7,5381,2751,2630
1972,1998,8,5392,2751,2641
1972,1998,9,5403,2751,2652
1972,1998,10,5404,6151,-747
1972,1998,11,5398,6951,-1553
1972,1998,12,5396,6006,-610
1973,1996,6,3607,0,3607
1973,1996,7,3011,0,3011
1973,1996,8,3011,0,3011
1973,1996,9,3011,0,3011
1973,1996,10,3037,2012,1025
1973,1996,11,3056,2012,1044
1973,1996,12,3059,2852,207
1973,1997,1,3055,5372,-2317
1973,1997,2,3051,2012,1039
1973,1997,3,3054,2942,112
1973,1997,4,3056,2012,1044
1973,1997,5,3060,2012,1048
1973,1997,6,3064,2432,632
1973,1997,7,3067,2012,1055
1973,1997,8,3072,2012,1060
1973,1997,9,3076,2012,1064
1973,1997,10,3081,2012,1069
1973,1997,11,3085,2402,683
1973,1997,12,3082,3812,-730
1973,1998,1,3082,5522,-2440
1973,1998,2,3074,2012,1062
1973,1998,3,3079,2372,707
1973,1998,4,3081,2552,529
1973,1998,5,3084,2012,1072
1973,1998,6,3081,6242,-3161
1973,1998,7,3075,2012,1063
1973,1998,8,3078,2942,136
1973,1998,9,3080,2012,1068
1973,1998,10,3085,2012,1073
1973,1998,11,3089,2012,1077
1973,1998,12,3093,2297,796
1974,1995,6,300,0,300
1974,1995,7,21403,0,21403
1974,1995,9,290,0,290
1974,1995,10,2390,0,2390
1974,1995,11,3990,0,3990
1974,1995,12,2890,0,2890
1974,1996,1,90,800,-710
1974,1996,2,890,0,890
1974,1996,3,1790,0,1790
1974,1996,5,90,300,-210
1974,1996,6,90,2800,-2710
1974,1996,7,590,0,590
1974,1996,8,90,3500,-3410
1974,1996,9,90,1500,-1410
1974,1996,10,90,2200,-2110
1974,1996,11,190,0,190
1974,1996,12,90,1900,-1810
1974,1997,1,1990,0,1990
1974,1997,2,90,200,-110
1974,1997,3,90,2900,-2810
1974,1997,4,90,1500,-1410
1974,1997,5,90,2400,-2310
1974,1997,6,90,800,-710
1974,1997,7,90,2300,-2210
1974,1997,8,90,1300,-1210
1974,1997,9,90,2400,-2310
1974,1997,10,190,0,190
1974,1998,5,690,0,690
1974,1998,7,290,0,290
1974,1998,8,90,500,-410
1974,1998,9,690,0,690
1974,1998,11,3600,0,3600
1975,1994,9,14450,0,14450
1975,1994,10,17118,0,17118
1975,1994,11,14371,3700,10671
1975,1994,12,21530,7900,13630
1975,1995,1,14400,33920,-19520
1975,1995,2,14357,14196,161
1975,1995,3,14354,15196,-842
1975,1995,4,14349,17096,-2747
1975,1995,5,14355,10996,3359
1975,1995,6,21473,21596,-123
1975,1995,7,14363,13196,1167
1975,1995,8,14364,13396,968
1975,1995,9,14363,14996,-633
1975,1995,10,14354,16696,-2342
1975,1995,11,14347,17896,-3549
1975,1995,12,21459,22696,-1237
1975,1996,1,14337,19996,-5659
1975,1996,2,14332,12596,1736
1975,1996,3,14342,10396,3946
1975,1996,4,14358,12896,1462
1975,1996,5,14362,16796,-2434
1975,1996,6,21474,19296,2178
1975,1996,7,14361,12196,2165
1975,1996,8,14364,13696,668
1975,1996,9,14364,17696,-3332
1975,1996,10,14354,16096,-1742
1975,1996,11,14351,11496,2855
1975,1996,12,21480,20896,584
1975,1997,1,14343,17696,-3353
1975,1997,2,14346,15196,-850
1975,1997,3,14342,13496,846
1975,1997,4,14351,10696,3655
1975,1997,5,14366,10396,3970
1975,1997,6,29540,39896,-10356
1975,1997,7,14342,7596,6746
1975,1997,8,14359,13896,463
1975,1997,9,14357,12196,2161
1975,1997,10,14361,15596,-1235
1975,1997,11,14353,17496,-3143
1975,1997,12,21463,20196,1267
1975,1998,1,14333,24696,-10363
1975,1998,2,14319,9196,5123
1975,1998,3,14338,11896,2442
1975,1998,4,14343,14596,-253
1975,1998,5,14337,17296,-2959
1975,1998,6,21446,18796,2650
1975,1998,7,14337,16396,-2059
1975,1998,8,14331,13496,835
1975,1998,9,14341,10096,4245
1975,1998,10,14342,19796,-5454
1975,1998,11,14325,15096,-771
1975,1998,12,21430,23081,-1651
1976,1997,3,400,0,400
1976,1997,4,21010,0,21010
1976,1997,5,14586,7000,7586
1976,1997,6,21866,11300,10566
1976,1997,7,14657,11700,2957
1976,1997,8,14668,14415,253
1976,1997,9,14674,20480,-5806
1976,1997,10,14658,14280,378
1976,1997,11,14656,16280,-1624
1976,1997,12,21901,22980,-1079
1976,1998,1,14626,28580,-13954
1976,1998,2,14903,5580,9323
1976,1998,3,14636,9480,5156
1976,1998,4,14644,15980,-1336
1976,1998,5,14650,10380,4270
1976,1998,6,22099,30080,-7981
1976,1998,7,14637,8580,6057
1976,1998,8,14651,13380,1271
1976,1998,9,14652,12680,1972
1976,1998,10,14660,15180,-520
1976,1998,11,14652,17580,-2928
1976,1998,12,21925,8265,13660
1977,1996,2,8898,0,8898
1977,1996,3,17260,0,17260
1977,1996,4,8796,3400,5396
1977,1996,5,8820,3100,5720
1977,1996,6,13114,33515,-20401
1977,1996,7,13681,1415,12266
1977,1996,8,8818,5015,3803
1977,1996,9,8809,9115,-306
1977,1996,10,8808,9815,-1007
1977,1996,11,8803,10915,-2112
1977,1996,12,13162,12815,347
1977,1997,1,8796,15915,-7119
1977,1997,2,8767,6615,2152
1977,1997,3,8775,10115,-1340
1977,1997,4,8769,10715,-1946
1977,1997,5,8768,14515,-5747
1977,1997,6,13075,10415,2660
1977,1997,7,8748,10315,-1567
1977,1997,8,8751,9015,-264
1977,1997,9,8754,10415,-1661
1977,1997,10,8734,9115,-381
1977,1997,11,8737,4415,4322
1977,1997,12,13097,9815,3282
1977,1998,1,8753,14115,-5362
1977,1998,2,8751,6915,1836
1977,1998,3,9056,3915,5141
1977,1998,4,8776,4515,4261
1977,1998,5,8796,9015,-219
1977,1998,6,13098,23015,-9917
1977,1998,7,8757,415,8342
1977,1998,8,8786,5315,3471
1977,1998,9,8798,7215,1583
1977,1998,10,8800,9915,-1115
1977,1998,11,8793,11515,-2722
1977,1998,12,13143,2000,11143
1978,1993,6,900,0,900
1978,1993,7,34284,5900,28384
1978,1993,8,34365,20200,14165
1978,1993,9,34487,25000,9487
1978,1993,10,34555,31200,3355
1978,1993,11,34466,49970,-15504
1978,1993,12,51534,37987,13547
1978,1994,1,34352,67431,-33079
1978,1994,2,37266,13287,23979
1978,1994,3,34433,23887,10546
1978,1994,4,34453,30587,3866
1978,1994,5,34466,40387,-5921
1978,1994,6,51599,29687,21912
1978,1994,7,34492,48287,-13795
1978,1994,8,34472,32787,1685
1978,1994,9,34472,33687,785
1978,1994,10,34463,33587,876
1978,1994,11,34484,32687,1797
1978,1994,12,51625,49387,2238
1978,1995,1,34396,69587,-35191
1978,1995,2,37001,18987,18014
1978,1995,3,34378,50294,-15916
1978,1995,4,34385,34287,98
1978,1995,5,34393,22887,11506
1978,1995,6,51551,63347,-11796
1978,1995,7,34389,32387,2002
1978,1995,8,34401,33912,489
1978,1995,9,34404,32187,2217
1978,1995,10,34409,32887,1522
1978,1995,11,34416,37787,-3371
1978,1995,12,51543,52087,-544
1978,1996,1,34378,37387,-3009
1978,1996,2,34379,34587,-208
1978,1996,3,34381,33587,794
1978,1996,4,34384,35387,-1003
1978,1996,5,34360,38987,-4627
1978,1996,6,51471,48787,2684
1978,1996,7,34361,35687,-1326
1978,1996,8,34367,27587,6780
1978,1996,9,34385,34687,-302
1978,1996,10,34385,32187,2198
1978,1996,11,34392,32687,1705
1978,1996,12,51534,47587,3947
1978,1997,1,34365,47287,-12922
1978,1997,2,34316,42473,-8157
1978,1997,3,34341,21687,12654
1978,1997,4,34376,31987,2389
1978,1997,5,34383,34487,-104
1978,1997,6,51516,46128,5388
1978,1997,7,34405,32834,1571
1978,1997,8,34406,34887,-481
1978,1997,9,34392,42200,-7808
1978,1997,10,34382,28687,5695
1978,1997,11,34398,32387,2011
1978,1997,12,51528,46087,5441
1978,1998,1,34400,42187,-7787
1978,1998,2,34387,33587,800
1978,1998,3,34394,33387,1007
1978,1998,4,34399,35687,-1288
1978,1998,5,34395,32387,2008
1978,1998,6,51503,51987,-484
1978,1998,7,34404,34687,-283
1978,1998,8,34409,31587,2822
1978,1998,9,34415,27650,6765
1978,1998,10,34445,30687,3758
1978,1998,11,34441,39587,-5146
1978,1998,12,51571,37257,14314
1979,1993,1,900,0,900
1979,1993,2,3021,0,3021
1979,1993,3,3021,0,3021
1979,1993,4,3021,0,3021
1979,1993,5,3021,0,3021
1979,1993,6,3023,15,3008
1979,1993,7,3090,2689,401
1979,1993,8,3091,2869,222
1979,1993,9,3093,2029,1064
1979,1993,10,3098,2029,1069
1979,1993,11,3102,2029,1073
1979,1993,12,3106,3529,-423
1979,1994,1,3100,5599,-2499
1979,1994,2,3094,2029,1065
1979,1994,3,3098,2449,649
1979,1994,4,3102,2029,1073
1979,1994,5,3106,2029,1077
1979,1994,6,3108,2879,229
1979,1994,7,3112,2029,1083
1979,1994,8,3113,4399,-1286
1979,1994,9,3108,2929,179
1979,1994,10,3111,2029,1082
1979,1994,11,3116,2029,1087
1979,1994,12,3114,4969,-1855
1979,1995,1,3104,5389,-2285
1979,1995,2,3103,2239,864
1979,1995,3,3107,2029,1078
1979,1995,4,3111,2029,1082
1979,1995,5,3116,2029,1087
1979,1995,6,3120,2029,1091
1979,1995,7,3123,2629,494
1979,1995,8,3126,3329,-203
1979,1995,9,3126,2329,797
1979,1995,10,3127,5029,-1902
1979,1995,11,3121,3109,12
1979,1995,12,3119,4199,-1080
1979,1996,1,3109,5839,-2730
1979,1996,2,3105,2029,1076
1979,1996,3,3110,2029,1081
1979,1996,4,3113,3319,-206
1979,1996,5,3113,2029,1084
1979,1996,6,3118,2029,1089
1979,1996,7,3122,2129,993
1979,1996,8,3126,2129,997
1979,1996,9,3126,5779,-2653
1979,1996,10,3118,2629,489
1979,1996,11,3121,2479,642
1979,1996,12,3121,4319,-1198
1979,1997,1,3114,4879,-1765
1979,1997,2,3110,2529,581
1979,1997,3,3109,5869,-2760
1979,1997,4,3102,2029,1073
1979,1997,5,3103,3659,-556
1979,1997,6,3097,6319,-3222
1979,1997,7,3085,4789,-1704
1979,1997,8,3083,2529,554
1979,1997,9,3086,2029,1057
1979,1997,10,3090,2029,1061
1979,1997,11,3094,2029,1065
1979,1997,12,3098,2479,619
1979,1998,1,3094,5629,-2535
1979,1998,2,3089,2929,160
1979,1998,3,3089,3219,-130
1979,1998,4,3091,2029,1062
1979,1998,5,3093,2729,364
1979,1998,6,3096,2029,1067
1979,1998,7,3101,2029,1072
1979,1998,8,3102,3349,-247
1979,1998,9,3101,3129,-28
1979,1998,10,3096,4929,-1833
1979,1998,11,3096,2029,1067
1979,1998,12,3100,2344,756
1980,1996,3,700,0,700
1980,1996,4,17259,0,17259
1980,1996,5,10411,2900,7511
1980,1996,6,15602,8300,7302
1980,1996,7,10455,10300,155
1980,1996,8,10455,11394,-939
1980,1996,9,10444,13894,-3450
1980,1996,10,10434,12294,-1860
1980,1996,11,10423,13154,-2731
1980,1996,12,15593,11934,3659
1980,1997,1,14028,24254,-10226
1980,1997,2,11926,6894,5032
1980,1997,3,10421,7694,2727
1980,1997,4,10423,10894,-471
1980,1997,5,11124,12654,-1530
1980,1997,6,15583,12994,2589
1980,1997,7,10724,13734,-3010
1980,1997,8,10406,12894,-2488
1980,1997,9,10404,10794,-390
1980,1997,10,10412,7794,2618
1980,1997,11,10424,7894,2530
1980,1997,12,15584,17514,-1930
1980,1998,1,10396,19494,-9098
1980,1998,2,13593,13734,-141
1980,1998,3,11495,6894,4601
1980,1998,4,10403,10254,149
1980,1998,5,10387,15234,-4847
1980,1998,6,21871,18414,3457
1980,1998,7,16428,6894,9534
1980,1998,8,12647,11814,833
1980,1998,9,10447,7694,2753
1980,1998,10,11158,10254,904
1980,1998,11,15081,6894,8187
1980,1998,12,15661,11579,4082
1981,1993,10,900,0,900
1981,1993,11,3277,0,3277
1981,1993,12,3277,0,3277
1981,1994,1,3277,0,3277
1981,1994,2,3277,0,3277
1981,1994,3,3316,3032,284
1981,1994,4,3340,2559,781
1981,1994,5,3344,2199,1145
1981,1994,6,3349,2199,1150
1981,1994,7,3354,2199,1155
1981,1994,8,3359,2199,1160
1981,1994,9,3363,2199,1164
1981,1994,10,3368,2199,1169
1981,1994,11,3373,2199,1174
1981,1994,12,3378,2199,1179
1981,1995,1,3370,6919,-3549
1981,1995,2,3366,3519,-153
1981,1995,3,3368,2199,1169
1981,1995,4,3372,2199,1173
1981,1995,5,3373,3189,184
1981,1995,6,3364,7329,-3965
1981,1995,7,3361,2199,1162
1981,1995,8,3366,2199,1167
1981,1995,9,3371,2199,1172
1981,1995,10,3376,2199,1177
1981,1995,11,3381,2199,1182
1981,1995,12,3386,2199,1187
1981,1996,1,3380,8589,-5209
1981,1996,2,3369,2199,1170
1981,1996,3,3374,2199,1175
1981,1996,4,3379,2199,1180
1981,1996,5,3382,3409,-27
1981,1996,6,3362,12009,-8647
1981,1996,7,3347,2199,1148
1981,1996,8,3352,2559,793
1981,1996,9,3355,2199,1156
1981,1996,10,3360,2199,1161
1981,1996,11,3361,3249,112
1981,1996,12,3365,2199,1166
1981,1997,1,3360,7179,-3819
1981,1997,2,3354,2199,1155
1981,1997,3,3359,2199,1160
1981,1997,4,3364,2199,1165
1981,1997,5,3366,2979,387
1981,1997,6,3370,2199,1171
1981,1997,7,3375,2199,1176
1981,1997,8,3379,2559,820
1981,1997,9,3383,2199,1184
1981,1997,10,3388,2199,1189
1981,1997,11,3393,2709,684
1981,1997,12,3394,3729,-335
1981,1998,1,3387,8199,-4812
1981,1998,2,3373,2589,784
1981,1998,3,3375,3429,-54
1981,1998,4,3377,2199,1178
1981,1998,5,3382,2199,1183
1981,1998,6,3384,3999,-615
1981,1998,7,3384,2199,1185
1981,1998,8,3389,2199,1190
1981,1998,9,3394,2199,1195
1981,1998,10,3399,2409,990
1981,1998,11,3403,2199,1204
1981,1998,12,3405,3084,321
1982,1997,5,500,0,500
1982,1997,6,26772,0,26772
1982,1997,7,14924,7800,7124
1982,1997,8,14961,5600,9361
1982,1997,9,14976,12900,2076
1982,1997,10,14990,11115,3875
1982,1997,11,14954,26387,-11433
1982,1997,12,22376,13747,8629
1982,1998,1,14938,40947,-26009
1982,1998,2,15110,3747,11363
1982,1998,3,14945,7707,7238
1982,1998,4,14955,12747,2208
1982,1998,5,14974,10047,4927
1982,1998,6,22372,50687,-28315
1982,1998,7,22025,3747,18278
1982,1998,8,14960,14967,-7
1982,1998,9,14974,13187,1787
1982,1998,10,14977,12507,2470
1982,1998,11,14980,8927,6053
1982,1998,12,22414,10932,11482
1983,1997,12,800,0,800
1983,1998,1,24571,0,24571
1983,1998,2,22862,9100,13762
1983,1998,3,22910,19100,3810
1983,1998,4,22925,20600,2325
1983,1998,5,22934,20815,2119
1983,1998,6,34291,48675,-14384
1983,1998,7,22888,17215,5673
1983,1998,8,22905,24175,-1270
1983,1998,9,22905,19015,3890
1983,1998,10,22925,16515,6410
1983,1998,11,22966,22175,791
1983,1998,12,34383,4520,29863
1984,1993,11,13905,0,13905
1984,1993,12,26732,0,26732
1984,1994,1,13244,9800,3444
1984,1994,2,13257,10400,2857
1984,1994,3,13265,11815,1450
1984,1994,4,13272,11415,1857
1984,1994,5,13276,12715,561
1984,1994,6,19762,33775,-14013
1984,1994,7,13239,6115,7124
1984,1994,8,13258,9815,3443
1984,1994,9,13248,13395,-147
1984,1994,10,13272,9615,3657
1984,1994,11,13288,10115,3173
1984,1994,12,19834,16555,3279
1984,1995,1,13239,37075,-23836
1984,1995,2,13207,15,13192
1984,1995,3,13273,8415,4858
1984,1995,4,13285,11615,1670
1984,1995,5,13295,23115,-9820
1984,1995,6,19826,16695,3131
1984,1995,7,13261,13475,-214
1984,1995,8,13258,13815,-557
1984,1995,9,13256,13115,141
1984,1995,10,13268,16015,-2747
1984,1995,11,13246,10715,2531
1984,1995,12,19823,16895,2928
1984,1996,1,13261,26595,-13334
1984,1996,2,13215,8915,4300
1984,1996,3,13230,12515,715
1984,1996,4,13254,9975,3279
1984,1996,5,13255,9455,3800
1984,1996,6,19795,24795,-5000
1984,1996,7,13248,7015,6233
1984,1996,8,13271,10115,3156
1984,1996,9,13283,14695,-1412
1984,1996,10,13273,13615,-342
1984,1996,11,13269,15515,-2246
1984,1996,12,19806,17695,2111
1984,1997,1,13234,31715,-18481
1984,1997,2,13205,10275,2930
1984,1997,3,13216,6915,6301
1984,1997,4,13233,13115,118
1984,1997,5,13241,8515,4726
1984,1997,6,19769,32075,-12306
1984,1997,7,13215,9695,3520
1984,1997,8,13232,4615,8617
1984,1997,9,13261,8415,4846
1984,1997,10,13288,9035,4253
1984,1997,11,13284,17835,-4551
1984,1997,12,19819,15475,4344
1984,1998,1,13253,37715,-24462
1984,1998,2,13213,1115,12098
1984,1998,3,13256,4015,9241
1984,1998,4,13282,12175,1107
1984,1998,5,13286,10015,3271
1984,1998,6,19782,50475,-30693
1984,1998,7,22719,15,22704
1984,1998,8,13271,9475,3796
1984,1998,9,13301,6735,6566
1984,1998,10,13312,11975,1337
1984,1998,11,13326,6315,7011
1984,1998,12,19889,13600,6289
1985,1996,7,600,0,600
1985,1996,8,14708,0,14708
1985,1996,9,7768,0,7768
1985,1996,10,2498,0,2498
1985,1996,11,4243,4215,28
1985,1996,12,2003,6715,-4712
1985,1997,1,1956,10465,-8509
1985,1997,2,2154,315,1839
1985,1997,3,14257,8415,5842
1985,1997,4,44997,28915,16082
1985,1997,5,2042,11515,-9473
1985,1997,6,1993,12665,-10672
1985,1997,7,1968,315,1653
1985,1997,8,1975,815,1160
1985,1997,9,1976,3865,-1889
1985,1997,10,1968,3415,-1447
1985,1997,11,1961,4215,-2254
1985,1997,12,1956,1315,641
1985,1998,1,1953,4915,-2962
1985,1998,2,1946,15,1931
1985,1998,3,5184,6565,-1381
1985,1998,4,1948,15,1933
1985,1998,5,1955,2315,-360
1985,1998,6,1954,15,1939
1985,1998,7,1962,15,1947
1985,1998,8,1962,6515,-4553
1985,1998,9,30890,18915,11975
1985,1998,10,1980,12515,-10535
1985,1998,11,1957,15,1942
1985,1998,12,1966,1600,366
1986,1995,4,13470,0,13470
1986,1995,5,14930,0,14930
1986,1995,6,18660,3200,15460
1986,1995,7,12530,8000,4530
1986,1995,8,12541,10815,1726
1986,1995,9,12510,21366,-8856
1986,1995,10,12495,23726,-11231
1986,1995,11,12478,10566,1912
1986,1995,12,18659,19686,-1027
1986,1996,1,14354,26346,-11992
1986,1996,2,12431,8066,4365
1986,1996,3,12443,11326,1117
1986,1996,4,12452,12766,-314
1986,1996,5,12449,13966,-1517
1986,1996,6,18627,12166,6461
1986,1996,7,12462,17766,-5304
1986,1996,8,12447,11666,781
1986,1996,9,12443,15886,-3443
1986,1996,10,12436,10566,1870
1986,1996,11,12436,12926,-490
1986,1996,12,18610,16546,2064
1986,1997,1,12424,17106,-4682
1986,1997,2,12428,14886,-2458
1986,1997,3,12407,13546,-1139
1986,1997,4,12416,9766,2650
1986,1997,5,12425,11066,1359
1986,1997,6,18606,17166,1440
1986,1997,7,12419,17786,-5367
1986,1997,8,12411,12166,245
1986,1997,9,12405,15766,-3361
1986,1997,10,12395,13266,-871
1986,1997,11,12398,9166,3232
1986,1997,12,18586,16226,2360
1986,1998,1,12402,16286,-3884
1986,1998,2,12397,12766,-369
1986,1998,3,12401,10366,2035
1986,1998,4,12417,5466,6951
1986,1998,5,12440,9266,3174
1986,1998,6,18638,8066,10572
1986,1998,7,12487,13666,-1179
1986,1998,8,12478,17486,-5008
1986,1998,9,12467,12506,-39
1986,1998,10,12475,6466,6009
1986,1998,11,12494,11806,688
1986,1998,12,21576,11851,9725
1987,1994,3,900,0,900
1987,1994,4,19995,0,19995
1987,1994,5,19159,9600,9559
1987,1994,6,28733,15800,12933
1987,1994,7,19237,17300,1937
1987,1994,8,19237,20715,-1478
1987,1994,9,19234,19415,-181
1987,1994,10,19233,19615,-382
1987,1994,11,19224,22115,-2891
1987,1994,12,28788,30815,-2027
1987,1995,1,19185,27235,-8050
1987,1995,2,19213,6915,12298
1987,1995,3,19278,22815,-3537
1987,1995,4,19238,10415,8823
1987,1995,5,19257,17115,2142
1987,1995,6,28787,29835,-1048
1987,1995,7,19263,16515,2748
1987,1995,8,19250,23675,-4425
1987,1995,9,19248,21395,-2147
1987,1995,10,19250,15315,3935
1987,1995,11,19264,16355,2909
1987,1995,12,28792,23635,5157
1987,1996,1,19224,34975,-15751
1987,1996,2,19232,16115,3117
1987,1996,3,19211,24195,-4984
1987,1996,4,19233,12515,6718
1987,1996,5,19250,16715,2535
1987,1996,6,28724,35235,-6511
1987,1996,7,19225,20115,-890
1987,1996,8,19233,15715,3518
1987,1996,9,19241,17815,1426
1987,1996,10,19248,17415,1833
1987,1996,11,19246,21315,-2069
1987,1996,12,28762,43335,-14573
1987,1997,1,19205,25815,-6610
1987,1997,2,19157,15,19142
1987,1997,3,19243,36115,-16872
1987,1997,4,19229,26455,-7226
1987,1997,5,19211,16515,2696
1987,1997,6,28669,32735,-4066
1987,1997,7,19128,16315,2813
1987,1997,8,19146,19635,-489
1987,1997,9,19136,19915,-779
1987,1997,10,19170,13915,5255
1987,1997,11,19156,18115,1041
1987,1997,12,28711,26815,1896
1987,1998,1,19175,21015,-1840
1987,1998,2,19161,20695,-1534
1987,1998,3,19174,24575,-5401
1987,1998,4,19133,16115,3018
1987,1998,5,19140,21615,-2475
1987,1998,6,28665,21915,6750
1987,1998,7,19156,23115,-3959
1987,1998,8,19146,17215,1931
1987,1998,9,19151,19015,136
1987,1998,10,19153,18015,1138
1987,1998,11,19167,24755,-5588
1987,1998,12,28721,5800,22921
1988,1996,12,300,0,300
1988,1997,1,12812,0,12812
1988,1997,2,5262,0,5262
1988,1997,3,4084,300,3784
1988,1997,4,7201,0,7201
1988,1997,5,4138,3386,752
1988,1997,6,6145,17326,-11181
1988,1997,7,7485,5206,2279
1988,1997,8,8402,2686,5716
1988,1997,9,4811,9286,-4475
1988,1997,10,4108,2986,1122
1988,1997,11,4809,2686,2123
1988,1997,12,6126,4666,1460
1988,1998,1,8506,12046,-3540
1988,1998,2,4107,4286,-179
1988,1998,3,4508,7726,-3218
1988,1998,4,4097,3586,511
1988,1998,5,4997,8566,-3569
1988,1998,6,6093,2786,3307
1988,1998,7,5100,2686,2414
1988,1998,8,6108,2686,3422
1988,1998,9,8227,4846,3381
1988,1998,10,4534,2686,1848
1988,1998,11,4133,7886,-3753
1988,1998,12,6134,6151,-17
1989,1994,9,200,0,200
1989,1994,10,4220,0,4220
1989,1994,11,4220,0,4220
1989,1994,12,4220,0,4220
1989,1995,1,4220,0,4220
1989,1995,2,4266,1997,2269
1989,1995,3,4306,1997,2309
1989,1995,4,4311,5997,-1686
1989,1995,5,4308,2397,1911
1989,1995,6,4292,10647,-6355
1989,1995,7,4290,1997,2293
1989,1995,8,4300,1997,2303
1989,1995,9,4309,1997,2312
1989,1995,10,4319,2097,2222
1989,1995,11,4323,5217,-894
1989,1995,12,4324,3247,1077
1989,1996,1,4309,15217,-10908
1989,1996,2,4284,1997,2287
1989,1996,3,4293,1997,2296
1989,1996,4,4303,1997,2306
1989,1996,5,4307,5517,-1210
1989,1996,6,4285,12247,-7962
1989,1996,7,4274,1997,2277
1989,1996,8,4284,1997,2287
1989,1996,9,4286,6717,-2431
1989,1996,10,4283,1997,2286
1989,1996,11,4292,1997,2295
1989,1996,12,4301,6037,-1736
1989,1997,1,4283,6637,-2354
1989,1997,2,4285,1997,2288
1989,1997,3,4294,1997,2297
1989,1997,4,4297,4957,-660
1989,1997,5,4301,1997,2304
1989,1997,6,4306,4237,69
1989,1997,7,4311,1997,2314
1989,1997,8,4321,1997,2324
1989,1997,9,4330,1997,2333
1989,1997,10,4330,5837,-1507
1989,1997,11,4333,1997,2336
1989,1997,12,4342,2797,1545
1989,1998,1,4314,17907,-13593
1989,1998,2,4293,1997,2296
1989,1998,3,4303,1997,2306
1989,1998,4,4312,1997,2315
1989,1998,5,4314,5437,-1123
1989,1998,6,4315,5897,-1582
1989,1998,7,4310,1997,2313
1989,1998,8,4319,2957,1362
1989,1998,9,4323,3197,1126
1989,1998,10,4330,2637,1693
1989,1998,11,4335,3597,738
1989,1998,12,4337,3382,955
1990,1993,6,3862,0,3862
1990,1993,7,3269,0,3269
1990,1993,8,3269,0,3269
1990,1993,9,3269,0,3269
1990,1993,10,3271,15,3256
1990,1993,11,3326,2183,1143
1990,1993,12,3331,2423,908
1990,1994,1,3326,5453,-2127
1990,1994,2,3326,2183,1143
1990,1994,3,3331,2183,1148
1990,1994,4,3335,2183,1152
1990,1994,5,3340,2183,1157
1990,1994,6,3345,2183,1162
1990,1994,7,3350,2183,1167
1990,1994,8,3355,2183,1172
1990,1994,9,3353,3983,-630
1990,1994,10,3354,2723,631
1990,1994,11,3359,2183,1176
1990,1994,12,3362,3303,59
1990,1995,1,3355,5123,-1768
1990,1995,2,3357,2183,1174
1990,1995,3,3352,4983,-1631
1990,1995,4,3352,4103,-751
1990,1995,5,3352,2813,539
1990,1995,6,3354,3593,-239
1990,1995,7,3353,2183,1170
1990,1995,8,3357,4163,-806
1990,1995,9,3353,5083,-1730
1990,1995,10,3348,2183,1165
1990,1995,11,3352,2183,1169
1990,1995,12,3356,2753,603
1990,1996,1,3352,5303,-1951
1990,1996,2,3351,2183,1168
1990,1996,3,3356,2183,1173
1990,1996,4,3361,2183,1178
1990,1996,5,3361,3503,-142
1990,1996,6,3363,3503,-140
1990,1996,7,3363,5293,-1930
1990,1996,8,3357,2183,1174
1990,1996,9,3355,6713,-3358
1990,1996,10,3347,2183,1164
1990,1996,11,3352,2183,1169
1990,1996,12,3350,5423,-2073
1990,1997,1,3339,5333,-1994
1990,1997,2,3338,2543,795
1990,1997,3,3343,2183,1160
1990,1997,4,3345,3883,-538
1990,1997,5,3343,4043,-700
1990,1997,6,3343,2183,1160
1990,1997,7,3346,2963,383
1990,1997,8,3349,2543,806
1990,1997,9,3352,2183,1169
1990,1997,10,3357,2933,424
1990,1997,11,3360,2183,1177
1990,1997,12,3363,2453,910
1990,1998,1,3361,5063,-1702
1990,1998,2,3360,2453,907
1990,1998,3,3364,2183,1181
1990,1998,4,3369,2183,1186
1990,1998,5,3372,3233,139
1990,1998,6,3374,2183,1191
1990,1998,7,3374,3503,-129
1990,1998,8,3378,2183,1195
1990,1998,9,3377,4403,-1026
1990,1998,10,3379,2183,1196
1990,1998,11,3384,2183,1201
1990,1998,12,3386,2848,538
1991,1996,11,800,0,800
1991,1996,12,32823,5700,27123
1991,1997,1,21981,11800,10181
1991,1997,2,22008,18600,3408
1991,1997,3,22013,22500,-487
1991,1997,4,22014,24413,-2399
1991,1997,5,22013,24125,-2112
1991,1997,6,32949,30725,2224
1991,1997,7,22020,20625,1395
1991,1997,8,22021,23825,-1804
1991,1997,9,22009,23125,-1116
1991,1997,10,22006,23525,-1519
1991,1997,11,21985,28125,-6140
1991,1997,12,32910,30125,2785
1991,1998,1,21943,36725,-14782
1991,1998,2,21936,16225,5711
1991,1998,3,21953,19425,2528
1991,1998,4,21957,21225,732
1991,1998,5,21974,16425,5549
1991,1998,6,32917,33525,-608
1991,1998,7,21991,17425,4566
1991,1998,8,22006,21225,781
1991,1998,9,27761,7525,20236
1991,1998,10,22116,10725,11391
1991,1998,11,22146,15225,6921
1991,1998,12,33120,20910,12210
1992,1997,9,1100,0,1100
1992,1997,10,17523,0,17523
1992,1997,11,6292,300,5992
1992,1997,12,9420,6500,2920
1992,1998,1,6325,5700,625
1992,1998,2,6324,10315,-3991
1992,1998,3,6304,13335,-7031
1992,1998,4,7082,6795,287
1992,1998,5,6287,4955,1332
1992,1998,6,9404,6855,2549
1992,1998,7,6302,6755,-453
1992,1998,8,8105,4155,3950
1992,1998,9,6314,8255,-1941
1992,1998,10,6304,9055,-2751
1992,1998,11,6295,9515,-3220
1992,1998,12,9397,5740,3657
1993,1994,10,800,0,800
1993,1994,11,49124,10900,38224
1993,1994,12,12379,15800,-3421
1993,1995,1,148,6000,-5852
1993,1995,2,148,2200,-2052
1993,1995,3,148,3900,-3752
1993,1995,4,38724,19300,19424
1993,1995,5,18088,25415,-7327
1993,1995,6,48186,39315,8871
1993,1995,7,177,15215,-15038
1993,1995,8,118,8315,-8197
1993,1995,9,1186,5715,-4529
1993,1995,10,15969,11215,4754
1993,1995,11,82,9215,-9133
1993,1995,12,8315,5715,2600
1993,1996,1,35804,31715,4089
1993,1996,2,45690,34815,10875
1993,1996,3,6392,18615,-12223
1993,1996,4,770,4715,-3945
1993,1996,5,5159,5015,144
1993,1996,6,58,7615,-7557
1993,1996,7,8817,15,8802
1993,1996,8,63,7115,-7052
1993,1996,9,34,4615,-4581
1993,1996,10,28970,12715,16255
1993,1996,11,2176,6515,-4339
1993,1996,12,757,5315,-4558
1993,1997,1,35064,28915,6149
1993,1997,2,18912,5915,12997
1993,1997,3,47941,33215,14726
1993,1997,4,43115,40515,2600
1993,1997,5,55793,69715,-13922
1993,1997,6,88849,79315,9534
1993,1997,7,155,15415,-15260
1993,1997,8,129433,84515,44918
1993,1997,9,85040,99715,-14675
1993,1997,10,15400,23715,-8315
1993,1997,11,12366,18915,-6549
1993,1997,12,138,17515,-17377
1993,1998,1,13206,17615,-4409
1993,1998,2,29415,8815,20600
1993,1998,3,149,25415,-25266
1993,1998,4,68,6315,-6247
1993,1998,5,76580,55115,21465
1993,1998,6,20102,4415,15687
1993,1998,7,111,30715,-30604
1993,1998,8,69,7515,-7446
1993,1998,9,38,8315,-8277
1993,1998,10,4,5917,-5913
1993,1998,11,97667,33526,64141
1993,1998,12,13164,21100,-7936
1994,1995,7,1100,0,1100
1994,1995,8,9800,0,9800
1994,1995,9,80437,10100,70337
1994,1995,10,63139,61700,1439
1994,1995,11,27951,77071,-49120
1994,1995,12,52441,39844,12597
1994,1996,1,37073,47144,-10071
1994,1996,2,46773,32344,14429
1994,1996,3,91983,59985,31998
1994,1996,4,13386,46244,-32858
1994,1996,5,6940,18844,-11904
1994,1996,6,117,17444,-17327
1994,1996,7,68869,47077,21792
1994,1996,8,34130,22644,11486
1994,1996,9,32876,29648,3228
1994,1996,10,40258,34245,6013
1994,1996,11,56965,41641,15324
1994,1996,12,41654,68544,-26890
1994,1997,1,24907,38744,-13837
1994,1997,2,101,18644,-18543
1994,1997,3,66,4744,-4678
1994,1997,4,48631,37506,11125
1994,1997,5,69797,69102,695
1994,1997,6,30182,29944,238
1994,1997,7,57244,39044,18200
1994,1997,8,43440,28744,14696
1994,1997,9,20374,51544,-31170
1994,1997,10,85,10260,-10175
1994,1997,11,12863,4744,8119
1994,1997,12,95,4744,-4649
1994,1998,1,35740,14944,20796
1994,1998,2,71,31544,-31473
1994,1998,3,31,4744,-4713
1994,1998,4,117317,66344,50973
1994,1998,5,59003,64744,-5741
1994,1998,6,116,28944,-28828
1994,1998,7,169552,136844,32708
1994,1998,8,113,34044,-33931
1994,1998,9,33870,4744,29126
1994,1998,10,113,28444,-28331
1994,1998,11,38178,32944,5234
1994,1998,12,8840,4729,4111
1995,1997,7,600,0,600
1995,1997,8,5508,0,5508
1995,1997,9,5508,0,5508
1995,1997,10,5508,0,5508
1995,1997,11,5508,0,5508
1995,1997,12,5578,3609,1969
1995,1998,1,5593,17169,-11576
1995,1998,2,5569,4159,1410
1995,1998,3,5571,4639,932
1995,1998,4,5574,5199,375
1995,1998,5,5581,3519,2062
1995,1998,6,5577,7459,-1882
1995,1998,7,5582,2959,2623
1995,1998,8,5586,6319,-733
1995,1998,9,5589,2959,2630
1995,1998,10,5600,2959,2641
1995,1998,11,5611,2959,2652
1995,1998,12,5615,7544,-1929
1996,1996,5,25033,0,25033
1996,1996,6,38856,0,38856
1996,1996,7,24238,18900,5338
1996,1996,8,24263,17900,6363
1996,1996,9,24265,31230,-6965
1996,1996,10,24255,37052,-12797
1996,1996,11,24194,27437,-3243
1996,1996,12,36227,25525,10702
1996,1997,1,24137,62230,-38093
1996,1997,2,25035,30,25005
1996,1997,3,24185,21130,3055
1996,1997,4,24204,18630,5574
1996,1997,5,24199,25830,-1631
1996,1997,6,36236,15030,21206
1996,1997,7,24264,37399,-13135
1996,1997,8,24224,46210,-21986
1996,1997,9,24141,22494,1647
1996,1997,10,24164,35933,-11769
1996,1997,11,24096,36788,-12692
1996,1997,12,36055,24530,11525
1996,1998,1,24097,28530,-4433
1996,1998,2,24078,20861,3217
1996,1998,3,24110,26930,-2820
1996,1998,4,24073,20330,3743
1996,1998,5,24114,22830,1284
1996,1998,6,36073,36230,-157
1996,1998,7,24103,27830,-3727
1996,1998,8,24070,31588,-7518
1996,1998,9,24051,16630,7421
1996,1998,10,24076,22730,1346
1996,1998,11,24082,22430,1652
1996,1998,12,36073,41188,-5115
1997,1996,9,7584,0,7584
1997,1996,10,6997,0,6997
1997,1996,11,6997,0,6997
1997,1996,12,7047,1400,5647
1997,1997,1,7063,14826,-7763
1997,1997,2,7058,1957,5101
1997,1997,3,7073,4457,2616
1997,1997,4,7085,4117,2968
1997,1997,5,7087,7957,-870
1997,1997,6,7092,6807,285
1997,1997,7,7081,8957,-1876
1997,1997,8,7087,4157,2930
1997,1997,9,7105,5557,1548
1997,1997,10,7104,9957,-2853
1997,1997,11,7100,1957,5143
1997,1997,12,7119,6857,262
1997,1998,1,7116,10717,-3601
1997,1998,2,7099,6037,1062
1997,1998,3,7110,6457,653
1997,1998,4,7112,8257,-1145
1997,1998,5,7106,8357,-1251
1997,1998,6,7095,9357,-2262
1997,1998,7,7092,6757,335
1997,1998,8,7091,8757,-1666
1997,1998,9,7084,7757,-673
1997,1998,10,7080,8237,-1157
1997,1998,11,7072,12637,-5565
1997,1998,12,7058,2342,4716
1998,1993,6,900,0,900
1998,1993,7,25922,0,25922
1998,1993,8,23602,13300,10302
1998,1993,9,23639,16000,7639
1998,1993,10,23658,21900,1758
1998,1993,11,23664,25975,-2311
1998,1993,12,35431,28035,7396
1998,1994,1,23651,41175,-17524
1998,1994,2,23632,19215,4417
1998,1994,3,23642,17815,5827
1998,1994,4,23661,20315,3346
1998,1994,5,23678,24095,-417
1998,1994,6,35373,42955,-7582
1998,1994,7,23645,19115,4530
1998,1994,8,23652,24655,-1003
1998,1994,9,23651,22815,836
1998,1994,10,23655,22555,1100
1998,1994,11,23661,21715,1946
1998,1994,12,35410,33195,2215
1998,1995,1,23665,35215,-11550
1998,1995,2,23666,14095,9571
1998,1995,3,23664,23715,-51
1998,1995,4,23661,24415,-754
1998,1995,5,23733,26515,-2782
1998,1995,6,35434,40895,-5461
1998,1995,7,23675,8315,15360
1998,1995,8,23716,15315,8401
1998,1995,9,23739,19015,4724
1998,1995,10,23742,27815,-4073
1998,1995,11,23739,20515,3224
1998,1995,12,35510,25615,9895
1998,1996,1,23738,53115,-29377
1998,1996,2,23678,14155,9523
1998,1996,3,23735,12515,11220
1998,1996,4,23763,18315,5448
1998,1996,5,23787,17815,5972
1998,1996,6,35539,33975,1564
1998,1996,7,23794,48415,-24621
1998,1996,8,23696,25415,-1719
1998,1996,9,23750,23515,235
1998,1996,10,23693,18315,5378
1998,1996,11,23714,21915,1799
1998,1996,12,35467,35015,452
1998,1997,1,23757,33315,-9558
1998,1997,2,23682,22215,1467
1998,1997,3,23690,19215,4475
1998,1997,4,23766,22515,1251
1998,1997,5,23712,21715,1997
1998,1997,6,35474,43335,-7861
1998,1997,7,23689,19415,4274
1998,1997,8,23700,28015,-4315
1998,1997,9,23685,24015,-330
1998,1997,10,23678,28915,-5237
1998,1997,11,23664,21815,1849
1998,1997,12,35444,35455,-11
1998,1998,1,23687,36895,-13208
1998,1998,2,23617,20915,2702
1998,1998,3,23630,19215,4415
1998,1998,4,23674,20695,2979
1998,1998,5,23659,21115,2544
1998,1998,6,35399,41115,-5716
1998,1998,7,23653,16215,7438
1998,1998,8,23688,17115,6573
1998,1998,9,23712,16415,7297
1998,1998,10,23740,20215,3525
1998,1998,11,23745,23715,30
1998,1998,12,35502,26100,9402
1999,1993,6,300,0,300
1999,1993,7,23811,200,23611
1999,1993,8,25516,0,25516
1999,1993,9,23977,11200,12777
1999,1993,10,23996,21200,2796
1999,1993,11,24004,22691,1313
1999,1993,12,35888,32509,3379
1999,1994,1,23956,41569,-17613
1999,1994,2,23958,19949,4009
1999,1994,3,23970,21669,2301
1999,1994,4,23971,23369,602
1999,1994,5,23981,21369,2612
1999,1994,6,35803,56089,-20286
1999,1994,7,23932,27069,-3137
1999,1994,8,23944,22669,1275
1999,1994,9,23950,19169,4781
1999,1994,10,23962,28349,-4387
1999,1994,11,23949,20069,3880
1999,1994,12,35857,32769,3088
1999,1995,1,23942,35469,-11527
1999,1995,2,23929,19969,3960
1999,1995,3,23935,27169,-3234
1999,1995,4,23929,24369,-440
1999,1995,5,23926,22869,1057
1999,1995,6,35751,49169,-13418
1999,1995,7,23872,16169,7703
1999,1995,8,23905,19969,3936
1999,1995,9,23917,23169,748
1999,1995,10,23918,23469,449
1999,1995,11,23915,25369,-1454
1999,1995,12,35802,36969,-1167
1999,1996,1,23897,34049,-10152
1999,1996,2,23865,20969,2896
1999,1996,3,23863,24029,-166
1999,1996,4,23876,20569,3307
1999,1996,5,23884,23569,315
1999,1996,6,35766,33109,2657
1999,1996,7,23894,22669,1225
1999,1996,8,23898,23469,429
1999,1996,9,23893,25969,-2076
1999,1996,10,23878,30109,-6231
1999,1996,11,23871,17569,6302
1999,1996,12,35777,28969,6808
1999,1997,1,23885,38069,-14184
1999,1997,2,23867,16369,7498
1999,1997,3,23898,16969,6929
1999,1997,4,23915,20769,3146
1999,1997,5,23931,20269,3662
1999,1997,6,35818,29709,6109
1999,1997,7,23954,27169,-3215
1999,1997,8,23946,23869,77
1999,1997,9,23946,23169,777
1999,1997,10,23945,24869,-924
1999,1997,11,23910,34889,-10979
1999,1997,12,35801,24469,11332
1999,1998,1,23918,31169,-7251
1999,1998,2,23955,17169,6786
1999,1998,3,23948,20369,3579
1999,1998,4,23959,21169,2790
1999,1998,5,23958,26269,-2311
1999,1998,6,35834,31769,4065
1999,1998,7,23979,22569,1410
1999,1998,8,23955,28869,-4914
1999,1998,9,23923,32849,-8926
1999,1998,10,23900,28069,-4169
1999,1998,11,23884,25969,-2085
1999,1998,12,35769,32654,3115
2000,1997,8,20195,0,20195
2000,1997,9,22084,0,22084
2000,1997,10,19419,14600,4819
2000,1997,11,19441,13900,5541
2000,1997,12,29072,23801,5271
2000,1998,1,19424,40175,-20751
2000,1998,2,19407,13755,5652
2000,1998,3,19421,14595,4826
2000,1998,4,19433,20435,-1002
2000,1998,5,19438,15095,4343
2000,1998,6,29018,40155,-11137
2000,1998,7,19424,12195,7229
2000,1998,8,19446,18242,1204
2000,1998,9,19467,18342,1125
2000,1998,10,19467,19902,-435
2000,1998,11,19469,16842,2627
2000,1998,12,29113,12387,16726
2001,1994,5,1000,0,1000
2001,1994,6,58731,16500,42231
2001,1994,7,39299,30000,9299
2001,1994,8,39336,31300,8036
2001,1994,9,39357,37700,1657
2001,1994,10,39378,58322,-18944
2001,1994,11,39340,44222,-4882
2001,1994,12,58896,44339,14557
2001,1995,1,39334,61639,-22305
2001,1995,2,39284,28039,11245
2001,1995,3,39324,32239,7085
2001,1995,4,39346,34439,4907
2001,1995,5,39348,42039,-2691
2001,1995,6,58866,64839,-5973
2001,1995,7,39323,36139,3184
2001,1995,8,39326,47339,-8013
2001,1995,9,39292,48439,-9147
2001,1995,10,39288,28639,10649
2001,1995,11,39301,35639,3662
2001,1995,12,58880,66839,-7959
2001,1996,1,39254,51739,-12485
2001,1996,2,39245,35221,4024
2001,1996,3,39265,29039,10226
2001,1996,4,39281,45612,-6331
2001,1996,5,39251,41639,-2388
2001,1996,6,58843,47839,11004
2001,1996,7,39293,35139,4154
2001,1996,8,39284,46963,-7679
2001,1996,9,39319,26939,12380
2001,1996,10,39336,33239,6097
2001,1996,11,39366,35008,4358
2001,1996,12,59016,50953,8063
2001,1997,1,39321,61739,-22418
2001,1997,2,39333,25676,13657
2001,1997,3,39370,32398,6972
2001,1997,4,39422,39133,289
2001,1997,5,39398,39430,-32
2001,1997,6,58995,39539,19456
2001,1997,7,39404,57439,-18035
2001,1997,8,39360,62266,-22906
2001,1997,9,40983,46293,-5310
2001,1997,10,39370,54175,-14805
2001,1997,11,39298,17839,21459
2001,1997,12,58975,38339,20636
2001,1998,1,39402,66139,-26737
2001,1998,2,39359,20639,18720
2001,1998,3,39475,26839,12636
2001,1998,4,39484,35739,3745
2001,1998,5,39521,58939,-19418
2001,1998,6,58964,53739,5225
2001,1998,7,39425,36739,2686
2001,1998,8,39421,38239,1182
2001,1998,9,39448,31839,7609
2001,1998,10,43716,69439,-25723
2001,1998,11,39389,38580,809
2001,1998,12,58984,21224,37760
2002,1993,4,400,0,400
2002,1993,5,6060,0,6060
2002,1993,6,6060,0,6060
2002,1993,7,6060,0,6060
2002,1993,8,6143,1000,5143
2002,1993,9,6166,3703,2463
2002,1993,10,6169,6463,-294
2002,1993,11,6171,5503,668
2002,1993,12,6178,4303,1875
2002,1994,1,6150,17223,-11073
2002,1994,2,6135,7463,-1328
2002,1994,3,6134,3703,2431
2002,1994,4,6145,3703,2442
2002,1994,5,6150,6263,-113
2002,1994,6,6154,3703,2451
2002,1994,7,6163,7703,-1540
2002,1994,8,6158,4403,1755
2002,1994,9,6166,5603,563
2002,1994,10,6169,3703,2466
2002,1994,11,6178,3703,2475
2002,1994,12,6178,8303,-2125
2002,1995,1,6165,15543,-9378
2002,1995,2,6140,3703,2437
2002,1995,3,6150,3703,2447
2002,1995,4,6160,3703,2457
2002,1995,5,6171,3703,2468
2002,1995,6,6170,17263,-11093
2002,1995,7,6129,7143,-1014
2002,1995,8,6130,3703,2427
2002,1995,9,6140,3703,2437
2002,1995,10,6147,6903,-756
2002,1995,11,6142,7223,-1081
2002,1995,12,6143,3703,2440
2002,1996,1,6135,11653,-5518
2002,1996,2,6130,3703,2427
2002,1996,3,6140,3703,2437
2002,1996,4,6145,6103,42
2002,1996,5,6145,6503,-358
2002,1996,6,6149,3703,2446
2002,1996,7,6159,4183,1976
2002,1996,8,6167,3703,2464
2002,1996,9,6177,3703,2474
2002,1996,10,6188,3703,2485
2002,1996,11,6198,3703,2495
2002,1996,12,6208,3703,2505
2002,1997,1,6197,12563,-6366
2002,1997,2,6190,7063,-873
2002,1997,3,6188,3703,2485
2002,1997,4,6195,5463,732
2002,1997,5,6192,6903,-711
2002,1997,6,6181,16103,-9922
2002,1997,7,6157,3703,2454
2002,1997,8,6167,3703,2464
2002,1997,9,6177,3703,2474
2002,1997,10,6188,3703,2485
2002,1997,11,6194,7623,-1429
2002,1997,12,6192,3703,2489
2002,1998,1,6175,21543,-15368
2002,1998,2,6138,3703,2435
2002,1998,3,6148,3703,2445
2002,1998,4,6158,3703,2455
2002,1998,5,6168,4183,1985
2002,1998,6,6172,5353,819
2002,1998,7,6180,3703,2477
2002,1998,8,6190,3703,2487
2002,1998,9,6193,7143,-950
2002,1998,10,6196,3703,2493
2002,1998,11,6207,3703,2504
2002,1998,12,6217,3688,2529
2003,1995,11,1100,0,1100
2003,1995,12,70482,24100,46382
2003,1996,1,47172,37700,9472
2003,1996,2,47210,37600,9610
2003,1996,3,47339,63000,-15661
2003,1996,4,47191,30915,16276
2003,1996,5,47288,55493,-8205
2003,1996,6,70845,74315,-3470
2003,1996,7,47212,33515,13697
2003,1996,8,47168,80715,-33547
2003,1996,9,47157,32724,14433
2003,1996,10,47246,39715,7531
2003,1996,11,47218,39115,8103
2003,1996,12,70840,65115,5725
2003,1997,1,47223,84765,-37542
2003,1997,2,47133,32934,14199
2003,1997,3,47221,44197,3024
2003,1997,4,47215,40292,6923
2003,1997,5,47221,43573,3648
2003,1997,6,70730,71115,-385
2003,1997,7,47231,54209,-6978
2003,1997,8,47229,32388,14841
2003,1997,9,47289,45652,1637
2003,1997,10,47217,64200,-16983
2003,1997,11,47237,41640,5597
2003,1997,12,70772,66315,4457
2003,1998,1,47270,64115,-16845
2003,1998,2,47216,32510,14706
2003,1998,3,47257,30915,16342
2003,1998,4,47224,74715,-27491
2003,1998,5,47206,33615,13591
2003,1998,6,70718,76715,-5997
2003,1998,7,47234,37437,9797
2003,1998,8,47160,80953,-33793
2003,1998,9,47158,31515,15643
2003,1998,10,47209,35715,11494
2003,1998,11,47253,43715,3538
2003,1998,12,70754,67300,3454
2004,1996,8,25197,0,25197
2004,1996,9,24900,0,24900
2004,1996,10,24671,9100,15571
2004,1996,11,24694,21000,3694
2004,1996,12,36953,30507,6446
2004,1997,1,24644,64167,-39523
2004,1997,2,24643,5487,19156
2004,1997,3,24679,18487,6192
2004,1997,4,24672,22487,2185
2004,1997,5,24673,44087,-19414
2004,1997,6,36833,40687,-3854
2004,1997,7,24629,21107,3522
2004,1997,8,24645,23407,1238
2004,1997,9,24658,18687,5971
2004,1997,10,24697,19287,5410
2004,1997,11,24698,23307,1391
2004,1997,12,36941,34867,2074
2004,1998,1,24672,38007,-13335
2004,1998,2,24656,25687,-1031
2004,1998,3,24648,27287,-2639
2004,1998,4,24641,23987,654
2004,1998,5,24652,25087,-435
2004,1998,6,36840,34087,2753
2004,1998,7,24667,20387,4280
2004,1998,8,24671,17587,7084
2004,1998,9,24712,18787,5925
2004,1998,10,24734,19787,4947
2004,1998,11,24737,22787,1950
2004,1998,12,37015,10872,26143
2005,1997,5,700,0,700
2005,1997,6,11849,0,11849
2005,1997,7,5280,0,5280
2005,1997,8,3494,800,2694
2005,1997,9,5113,0,5113
2005,1997,10,5831,2289,3542
2005,1997,11,3534,5989,-2455
2005,1997,12,3532,2709,823
2005,1998,1,3525,6849,-3324
2005,1998,2,9442,2289,7153
2005,1998,3,3539,5189,-1650
2005,1998,4,8356,2949,5407
2005,1998,5,4963,4959,4
2005,1998,6,3525,14289,-10764
2005,1998,7,3517,2889,628
2005,1998,8,6428,3549,2879
2005,1998,9,3533,2389,1144
2005,1998,10,3527,5589,-2062
2005,1998,11,3517,6189,-2672
2005,1998,12,3506,6114,-2608
2006,1997,6,700,0,700
2006,1997,7,5261,0,5261
2006,1997,8,5261,0,5261
2006,1997,9,5261,0,5261
2006,1997,10,5261,0,5261
2006,1997,11,5265,15,5250
2006,1997,12,5376,3850,1526
2006,1998,1,5358,18660,-13302
2006,1998,2,5326,8030,-2704
2006,1998,3,5317,3150,2167
2006,1998,4,5325,6830,-1505
2006,1998,5,5320,3150,2170
2006,1998,6,5328,5200,128
2006,1998,7,5330,3150,2180
2006,1998,8,5339,3150,2189
2006,1998,9,5348,3150,2198
2006,1998,10,5357,3150,2207
2006,1998,11,5365,5870,-505
2006,1998,12,5361,4435,926
2007,1997,9,1100,0,1100
2007,1997,10,20373,0,20373
2007,1997,11,147815,122738,25077
2007,1997,12,5068,27001,-21933
2007,1998,1,95514,77035,18479
2007,1998,2,21223,22215,-992
2007,1998,3,168,14315,-14147
2007,1998,4,28793,24015,4778
2007,1998,5,10519,16868,-6349
2007,1998,6,108953,100580,8373
2007,1998,7,109204,56715,52489
2007,1998,8,42861,85615,-42754
2007,1998,9,47750,46814,936
2007,1998,10,165,22815,-22650
2007,1998,11,83269,48640,34629
2007,1998,12,70430,58324,12106
2008,1993,4,700,0,700
2008,1993,5,16477,0,16477
2008,1993,6,18765,3500,15265
2008,1993,7,12580,10400,2180
2008,1993,8,12583,12900,-317
2008,1993,9,12588,13098,-510
2008,1993,10,12579,13273,-694
2008,1993,11,12579,13513,-934
2008,1993,12,18800,21473,-2673
2008,1994,1,12548,23713,-11165
2008,1994,2,12539,4813,7726
2008,1994,3,12559,10013,2546
2008,1994,4,12565,11113,1452
2008,1994,5,12562,14873,-2311
2008,1994,6,18776,16913,1863
2008,1994,7,12578,7913,4665
2008,1994,8,12588,10613,1975
2008,1994,9,12600,9953,2647
2008,1994,10,12615,7913,4702
2008,1994,11,12629,9313,3316
2008,1994,12,18866,13773,5093
2008,1995,1,12613,40733,-28120
2008,1995,2,13967,4213,9754
2008,1995,3,12601,5213,7388
2008,1995,4,13037,4213,8824
2008,1995,5,12646,15813,-3167
2008,1995,6,18884,8013,10871
2008,1995,7,12663,15713,-3050
2008,1995,8,12666,11313,1353
2008,1995,9,12662,13813,-1151
2008,1995,10,12659,18093,-5434
2008,1995,11,12650,11713,937
2008,1995,12,18889,14453,4436
2008,1996,1,21416,36653,-15237
2008,1996,2,12627,4813,7814
2008,1996,3,13650,9653,3997
2008,1996,4,12680,7473,5207
2008,1996,5,12698,12133,565
2008,1996,6,22061,29013,-6952
2008,1996,7,12671,5033,7638
2008,1996,8,12698,8153,4545
2008,1996,9,12720,9013,3707
2008,1996,10,12727,13533,-806
2008,1996,11,12728,13413,-685
2008,1996,12,18954,20813,-1859
2008,1997,1,19279,27173,-7894
2008,1997,2,12688,7513,5175
2008,1997,3,12712,4713,7999
2008,1997,4,12742,7813,4929
2008,1997,5,12758,12613,145
2008,1997,6,23950,37413,-13463
2008,1997,7,12710,4913,7797
2008,1997,8,13827,12493,1334
2008,1997,9,12746,5813,6933
2008,1997,10,12772,7613,5159
2008,1997,11,12784,14013,-1229
2008,1997,12,19021,10613,8408
2008,1998,1,17478,26533,-9055
2008,1998,2,12788,5013,7775
2008,1998,3,12816,8513,4303
2008,1998,4,12825,13413,-588
2008,1998,5,12818,16113,-3295
2008,1998,6,19031,22193,-3162
2008,1998,7,12797,11413,1384
2008,1998,8,12797,10913,1884
2008,1998,9,12809,11013,1796
2008,1998,10,12820,9313,3507
2008,1998,11,12814,18613,-5799
2008,1998,12,19038,14958,4080
2009,1994,4,1100,0,1100
2009,1994,5,23199,1000,22199
2009,1994,6,34853,18000,16853
2009,1994,7,23316,20800,2516
2009,1994,8,23383,18700,4683
2009,1994,9,23397,12215,11182
2009,1994,10,23382,24798,-1416
2009,1994,11,23392,17538,5854
2009,1994,12,34993,27598,7395
2009,1995,1,23396,38158,-14762
2009,1995,2,23383,16378,7005
2009,1995,3,23413,18058,5355
2009,1995,4,23422,21278,2144
2009,1995,5,23425,23938,-513
2009,1995,6,34992,64498,-29506
2009,1995,7,23353,6178,17175
2009,1995,8,23391,16178,7213
2009,1995,9,23401,25178,-1777
2009,1995,10,23409,17678,5731
2009,1995,11,23408,25278,-1870
2009,1995,12,35006,28498,6508
2009,1996,1,23391,33138,-9747
2009,1996,2,23398,22858,540
2009,1996,3,23408,19938,3470
2009,1996,4,23420,20078,3342
2009,1996,5,23429,21678,1751
2009,1996,6,34985,54458,-19473
2009,1996,7,23382,13178,10204
2009,1996,8,23402,37078,-13676
2009,1996,9,23393,22678,715
2009,1996,10,23389,24018,-629
2009,1996,11,23391,22578,813
2009,1996,12,34982,28978,6004
2009,1997,1,23378,32118,-8740
2009,1997,2,23381,21578,1803
2009,1997,3,23388,24278,-890
2009,1997,4,23378,28478,-5100
2009,1997,5,23368,20878,2490
2009,1997,6,34935,41018,-6083
2009,1997,7,23347,17078,6269
2009,1997,8,23370,18578,4792
2009,1997,9,23395,22298,1097
2009,1997,10,23387,25518,-2131
2009,1997,11,23382,18778,4604
2009,1997,12,34984,31178,3806
2009,1998,1,23395,40818,-17423
2009,1998,2,23344,15378,7966
2009,1998,3,23375,19378,3997
2009,1998,4,23382,21978,1404
2009,1998,5,23382,26378,-2996
2009,1998,6,34973,26878,8095
2009,1998,7,23405,26078,-2673
2009,1998,8,23403,17978,5425
2009,1998,9,23420,20178,3242
2009,1998,10,23424,26078,-2654
2009,1998,11,23405,29778,-6373
2009,1998,12,34971,32403,2568
2010,1993,12,1100,0,1100
2010,1994,1,5815,0,5815
2010,1994,2,5815,0,5815
2010,1994,3,5815,0,5815
2010,1994,4,5815,0,5815
2010,1994,5,5877,3775,2102
2010,1994,6,5927,9491,-3564
2010,1994,7,5916,3891,2025
2010,1994,8,5924,4771,1153
2010,1994,9,5930,3891,2039
2010,1994,10,5936,5671,265
2010,1994,11,5939,3891,2048
2010,1994,12,5943,5591,352
2010,1995,1,5936,16421,-10485
2010,1995,2,5904,4451,1453
2010,1995,3,5912,3891,2021
2010,1995,4,5920,3891,2029
2010,1995,5,5928,3891,2037
2010,1995,6,5905,19491,-13586
2010,1995,7,5880,3891,1989
2010,1995,8,5882,6771,-889
2010,1995,9,5885,3891,1994
2010,1995,10,5893,3891,2002
2010,1995,11,5900,4531,1369
2010,1995,12,5897,6961,-1064
2010,1996,1,5884,11301,-5417
2010,1996,2,5880,3891,1989
2010,1996,3,5888,4931,957
2010,1996,4,5892,3891,2001
2010,1996,5,5891,7811,-1920
2010,1996,6,5892,3891,2001
2010,1996,7,5901,3891,2010
2010,1996,8,5909,3891,2018
2010,1996,9,5917,3891,2026
2010,1996,10,5913,7811,-1898
2010,1996,11,5915,7411,-1496
2010,1996,12,5904,6511,-607
2010,1997,1,5883,12451,-6568
2010,1997,2,5881,3891,1990
2010,1997,3,5890,3891,1999
2010,1997,4,5898,4291,1607
2010,1997,5,5905,3891,2014
2010,1997,6,5905,11991,-6086
2010,1997,7,5888,3891,1997
2010,1997,8,5894,5491,403
2010,1997,9,5895,5571,324
2010,1997,10,5899,3891,2008
2010,1997,11,5907,4771,1136
2010,1997,12,5909,7001,-1092
2010,1998,1,5885,11171,-5286
2010,1998,2,5885,3891,1994
2010,1998,3,5894,3891,2003
2010,1998,4,5902,5251,651
2010,1998,5,5904,3891,2013
2010,1998,6,5896,10451,-4555
2010,1998,7,5894,3891,2003
2010,1998,8,5902,3891,2011
2010,1998,9,5910,3891,2019
2010,1998,10,5916,7251,-1335
2010,1998,11,5913,3891,2022
2010,1998,12,5921,4376,1545
2011,1993,3,900,0,900
2011,1993,4,3016,0,3016
2011,1993,5,3016,0,3016
2011,1993,6,3016,0,3016
2011,1993,7,3016,0,3016
2011,1993,8,3067,2325,742
2011,1993,9,3078,2025,1053
2011,1993,10,3082,2025,1057
2011,1993,11,3086,3075,11
2011,1993,12,3082,3675,-593
2011,1994,1,3072,5865,-2793
2011,1994,2,3073,2025,1048
2011,1994,3,3076,2175,901
2011,1994,4,3081,2025,1056
2011,1994,5,3085,2025,1060
2011,1994,6,3075,6315,-3240
2011,1994,7,3076,2025,1051
2011,1994,8,3080,2025,1055
2011,1994,9,3085,2025,1060
2011,1994,10,3087,3225,-138
2011,1994,11,3088,2655,433
2011,1994,12,3082,5005,-1923
2011,1995,1,3077,4815,-1738
2011,1995,2,3075,2025,1050
2011,1995,3,3079,2025,1054
2011,1995,4,3082,3225,-143
2011,1995,5,3083,2025,1058
2011,1995,6,3088,2025,1063
2011,1995,7,3085,4825,-1740
2011,1995,8,3080,3705,-625
2011,1995,9,3078,3425,-347
2011,1995,10,3079,2725,354
2011,1995,11,3078,3325,-247
2011,1995,12,3078,2925,153
2011,1996,1,3068,6175,-3107
2011,1996,2,3069,2025,1044
2011,1996,3,3072,2225,847
2011,1996,4,3067,4925,-1858
2011,1996,5,3069,2025,1044
2011,1996,6,3062,5455,-2393
2011,1996,7,3063,2025,1038
2011,1996,8,3059,4525,-1466
2011,1996,9,3061,2025,1036
2011,1996,10,3065,2025,1040
2011,1996,11,3070,2025,1045
2011,1996,12,3074,2025,1049
2011,1997,1,3074,3285,-211
2011,1997,2,3077,2025,1052
2011,1997,3,3082,2025,1057
2011,1997,4,3085,3285,-200
2011,1997,5,3085,2025,1060
2011,1997,6,3090,2025,1065
2011,1997,7,3092,3405,-313
2011,1997,8,3093,2025,1068
2011,1997,9,3097,2025,1072
2011,1997,10,3102,2025,1077
2011,1997,11,3106,2025,1081
2011,1997,12,3110,2325,785
2011,1998,1,3101,7455,-4354
2011,1998,2,3094,2595,499
2011,1998,3,3096,2685,411
2011,1998,4,3099,2025,1074
2011,1998,5,3104,2025,1079
2011,1998,6,3100,5505,-2405
2011,1998,7,3098,2025,1073
2011,1998,8,3101,3435,-334
2011,1998,9,3101,2025,1076
2011,1998,10,3105,2445,660
2011,1998,11,3108,2025,1083
2011,1998,12,3112,2370,742
2012,1996,4,1000,0,1000
2012,1996,5,6761,0,6761
2012,1996,6,6761,0,6761
2012,1996,7,6761,0,6761
2012,1996,8,6761,0,6761
2012,1996,9,6851,3859,2992
2012,1996,10,6899,3859,3040
2012,1996,11,6900,8579,-1679
2012,1996,12,6902,5159,1743
2012,1997,1,6896,14769,-7873
2012,1997,2,6879,3859,3020
2012,1997,3,6893,4359,2534
2012,1997,4,6899,4899,2000
2012,1997,5,6907,5619,1288
2012,1997,6,6898,10059,-3161
2012,1997,7,6903,3859,3044
2012,1997,8,6910,6339,571
2012,1997,9,6918,3859,3059
2012,1997,10,6915,8639,-1724
2012,1997,11,6922,7559,-637
2012,1997,12,6920,5609,1311
2012,1998,1,6908,12789,-5881
2012,1998,2,6898,9579,-2681
2012,1998,3,6889,7259,-370
2012,1998,4,6885,11159,-4274
2012,1998,5,6871,5639,1232
2012,1998,6,6854,15979,-9125
2012,1998,7,6834,9159,-2325
2012,1998,8,6825,7459,-634
2012,1998,9,6825,3859,2966
2012,1998,10,6834,7359,-525
2012,1998,11,6835,3859,2976
2012,1998,12,6846,5794,1052
2013,1996,8,1100,0,1100
2013,1996,10,10700,0,10700
2013,1996,11,21669,0,21669
2013,1996,12,28156,21100,7056
2013,1997,1,168,13600,-13432
2013,1997,2,47903,29500,18403
2013,1997,3,311,12400,-12089
2013,1997,4,311,4000,-3689
2013,1997,5,311,4600,-4289
2013,1997,6,311,2300,-1989
2013,1997,7,2511,0,2511
2013,1997,8,1311,0,1311
2013,1997,9,311,2900,-2589
2013,1997,10,311,3800,-3489
2013,1997,11,311,4300,-3989
2013,1997,12,311,1700,-1389
2013,1998,1,28824,0,28824
2013,1998,2,45949,52599,-6650
2013,1998,3,43509,10915,32594
2013,1998,4,75128,44134,30994
2013,1998,5,15898,71115,-55217
2013,1998,6,38495,36686,1809
2013,1998,7,23241,21715,1526
2013,1998,8,77105,57709,19396
2013,1998,9,115692,104904,10788
2013,1998,10,26741,50551,-23810
2013,1998,11,12221,36399,-24178
2013,1998,12,18953,21624,-2671
2015,1995,11,1100,0,1100
2015,1995,12,15820,0,15820
2015,1996,1,6981,0,6981
2015,1996,2,6908,1000,5908
2015,1996,3,6930,4400,2530
2015,1996,4,6939,8350,-1411
2015,1996,5,6931,9850,-2919
2015,1996,6,10328,8670,1658
2015,1996,7,6926,9250,-2324
2015,1996,8,6915,9750,-2835
2015,1996,9,6906,7550,-644
2015,1996,10,6903,7550,-647
2015,1996,11,6894,11250,-4356
2015,1996,12,10292,9370,922
2015,1997,1,6884,9810,-2926
2015,1997,2,8581,4550,4031
2015,1997,3,8298,4550,3748
2015,1997,4,6904,8550,-1646
2015,1997,5,12206,8270,3936
2015,1997,6,10316,17370,-7054
2015,1997,7,12203,5870,6333
2015,1997,8,6917,4750,2167
2015,1997,9,6921,7150,-229
2015,1997,10,6924,5150,1774
2015,1997,11,10050,4550,5500
2015,1997,12,10357,10970,-613
2015,1998,1,6908,25110,-18202
2015,1998,2,13984,9950,4034
2015,1998,3,10803,4550,6253
2015,1998,4,6911,8510,-1599
2015,1998,5,11018,7550,3468
2015,1998,6,15130,13350,1780
2015,1998,7,9143,4550,4593
2015,1998,8,6946,8450,-1504
2015,1998,9,6935,10050,-3115
2015,1998,10,6931,7150,-219
2015,1998,11,6928,11730,-4802
2015,1998,12,10320,10855,-535
2016,1997,2,800,0,800
2016,1997,3,11963,0,11963
2016,1997,4,5610,0,5610
2016,1997,5,3030,600,2430
2016,1997,6,4643,0,4643
2016,1997,7,3054,6682,-3628
2016,1997,8,4342,4832,-490
2016,1997,9,3039,4312,-1273
2016,1997,10,3336,3842,-506
2016,1997,11,3030,5192,-2162
2016,1997,12,4529,2522,2007
2016,1998,1,5428,7832,-2404
2016,1998,2,7232,1982,5250
2016,1998,3,5150,1982,3168
2016,1998,4,3059,2782,277
2016,1998,5,3558,3422,136
2016,1998,6,3050,9792,-6742
2016,1998,7,3023,7682,-4659
2016,1998,8,3009,4282,-1273
2016,1998,9,4311,2312,1999
2016,1998,10,3518,1982,1536
2016,1998,11,3725,1982,1743
2016,1998,12,3026,3707,-681
2017,1996,2,1100,0,1100
2017,1996,3,12726,0,12726
2017,1996,4,4671,0,4671
2017,1996,5,4086,2800,1286
2017,1996,6,6098,2000,4098
2017,1996,7,4106,4515,-409
2017,1996,8,4104,4586,-482
2017,1996,9,4606,2686,1920
2017,1996,10,4110,4386,-276
2017,1996,11,5315,2686,2629
2017,1996,12,7733,5186,2547
2017,1997,1,4709,17386,-12677
2017,1997,2,8390,2686,5704
2017,1997,3,4100,5286,-1186
2017,1997,4,5601,3386,2215
2017,1997,5,6514,2686,3828
2017,1997,6,10222,11586,-1364
2017,1997,7,5923,2686,3237
2017,1997,8,4115,10386,-6271
2017,1997,9,4498,6686,-2188
2017,1997,10,5400,3586,1814
2017,1997,11,6912,2686,4226
2017,1997,12,6123,5186,937
2017,1998,1,7096,20486,-13390
2017,1998,2,7981,2686,5295
2017,1998,3,9002,4386,4616
2017,1998,4,4111,2986,1125
2017,1998,5,6813,6186,627
2017,1998,6,6105,13186,-7081
2017,1998,7,7391,7586,-195
2017,1998,8,5292,2686,2606
2017,1998,9,4089,6086,-1997
2017,1998,10,4087,7486,-3399
2017,1998,11,4064,6786,-2722
2017,1998,12,7167,6771,396
2018,1995,6,7930,0,7930
2018,1995,7,13540,0,13540
2018,1995,8,4875,0,4875
2018,1995,9,4784,4000,784
2018,1995,10,4789,3630,1159
2018,1995,11,4763,12130,-7367
2018,1995,12,7594,9170,-1576
2018,1996,1,8830,11530,-2700
2018,1996,2,6046,6630,-584
2018,1996,3,9340,5430,3910
2018,1996,4,4755,5730,-975
2018,1996,5,6846,8110,-1264
2018,1996,6,11288,6130,5158
2018,1996,7,4766,7030,-2264
2018,1996,8,10259,6930,3329
2018,1996,9,6871,5930,941
2018,1996,10,4776,5530,-754
2018,1996,11,4765,9830,-5065
2018,1996,12,10784,8870,1914
2018,1997,1,9253,11690,-2437
2018,1997,2,6448,6340,108
2018,1997,3,4745,7140,-2395
2018,1997,4,4936,6340,-1404
2018,1997,5,6732,6340,392
2018,1997,6,7575,6340,1235
2018,1997,7,5538,6340,-802
2018,1997,8,4733,6340,-1607
2018,1997,9,4727,6340,-1613
2018,1997,10,4720,6340,-1620
2018,1997,11,4713,6340,-1627
2018,1997,12,7049,6340,709
2018,1998,1,4709,6340,-1631
2018,1998,2,4709,3130,1579
2018,1998,3,12924,5430,7494
2018,1998,4,7945,6130,1815
2018,1998,5,5650,5930,-280
2018,1998,6,7086,7530,-444
2018,1998,7,6046,6330,-284
2018,1998,8,4741,7030,-2289
2018,1998,9,4735,6830,-2095
2018,1998,10,9736,7330,2406
2018,1998,11,8944,6230,2714
2018,1998,12,7087,7895,-808
2019,1997,6,3863,0,3863
2019,1997,7,3169,0,3169
2019,1997,8,3169,0,3169
2019,1997,9,3169,0,3169
2019,1997,10,3197,1852,1345
2019,1997,11,3217,2117,1100
2019,1997,12,3221,2687,534
2019,1998,1,3216,5027,-1811
2019,1998,2,3217,2117,1100
2019,1998,3,3221,2117,1104
2019,1998,4,3226,2117,1109
2019,1998,5,3231,2117,1114
2019,1998,6,3223,9467,-6244
2019,1998,7,3209,2117,1092
2019,1998,8,3214,2117,1097
2019,1998,9,3215,3107,108
2019,1998,10,3219,2117,1102
2019,1998,11,3223,2117,1106
2019,1998,12,3225,2702,523
2020,1993,9,6402,0,6402
2020,1993,10,5307,0,5307
2020,1993,11,5307,0,5307
2020,1993,12,5307,0,5307
2020,1994,1,5358,8714,-3356
2020,1994,2,5358,5944,-586
2020,1994,3,5365,2344,3021
2020,1994,4,5380,2644,2736
2020,1994,5,5389,2344,3045
2020,1994,6,5389,14794,-9405
2020,1994,7,5362,2344,3018
2020,1994,8,5374,4764,610
2020,1994,9,5377,3344,2033
2020,1994,10,5385,4344,1041
2020,1994,11,5388,7344,-1956
2020,1994,12,5379,4644,735
2020,1995,1,5374,9974,-4600
2020,1995,2,5362,5944,-582
2020,1995,3,5362,5844,-482
2020,1995,4,5361,2444,2917
2020,1995,5,5363,8084,-2721
2020,1995,6,5361,4144,1217
2020,1995,7,5365,4744,621
2020,1995,8,5370,2544,2826
2020,1995,9,5375,7164,-1789
2020,1995,10,5369,7344,-1975
2020,1995,11,5360,7444,-2084
2020,1995,12,5348,9944,-4596
2020,1996,1,5333,5744,-411
2020,1996,2,5333,4744,589
2020,1996,3,5339,2344,2995
2020,1996,4,5346,5624,-278
2020,1996,5,5350,2344,3006
2020,1996,6,5361,3224,2137
2020,1996,7,5368,6904,-1536
2020,1996,8,5363,3864,1499
2020,1996,9,5367,4664,703
2020,1996,10,5374,2344,3030
2020,1996,11,5386,2344,3042
2020,1996,12,5396,3584,1812
2020,1997,1,5406,3644,1762
2020,1997,2,5406,5384,22
2020,1997,3,5412,3464,1948
2020,1997,4,5421,5544,-123
2020,1997,5,5410,8904,-3494
2020,1997,6,5378,13744,-8366
2020,1997,7,5372,2344,3028
2020,1997,8,5384,2344,3040
2020,1997,9,5397,2344,3053
2020,1997,10,5410,2344,3066
2020,1997,11,5422,2344,3078
2020,1997,12,5435,3794,1641
2020,1998,1,5432,6094,-662
2020,1998,2,5439,2344,3095
2020,1998,3,5452,2344,3108
2020,1998,4,5462,4264,1198
2020,1998,5,5470,2344,3126
2020,1998,6,5374,39744,-34370
2020,1998,7,5339,2344,2995
2020,1998,8,5352,2344,3008
2020,1998,9,5364,2344,3020
2020,1998,10,5377,2344,3033
2020,1998,11,5378,9064,-3686
2020,1998,12,5372,3079,2293
2021,1997,2,900,0,900
2021,1997,3,9700,0,9700
2021,1997,4,7000,0,7000
2021,1997,5,4100,0,4100
2021,1997,6,0,1400,-1400
2021,1997,7,0,1200,-1200
2021,1997,8,0,1800,-1800
2021,1997,9,900,0,900
2021,1997,10,0,700,-700
2021,1997,11,3700,0,3700
2021,1997,12,0,4200,-4200
2021,1998,1,0,5300,-5300
2021,1998,7,0,2400,-2400
2021,1998,8,1400,0,1400
2021,1998,9,0,1400,-1400
2021,1998,10,1000,0,1000
2022,1993,6,5365,0,5365
2022,1993,7,4674,0,4674
2022,1993,8,4674,0,4674
2022,1993,9,4674,0,4674
2022,1993,10,4703,2575,2128
2022,1993,11,4745,2858,1887
2022,1993,12,4752,3408,1344
2022,1994,1,4736,13538,-8802
2022,1994,2,4725,1958,2767
2022,1994,3,4737,1958,2779
2022,1994,4,4748,1958,2790
2022,1994,5,4758,2358,2400
2022,1994,6,4764,6578,-1814
2022,1994,7,4759,6318,-1559
2022,1994,8,4756,1958,2798
2022,1994,9,4767,1958,2809
2022,1994,10,4770,5058,-288
2022,1994,11,4762,5978,-1216
2022,1994,12,4772,2408,2364
2022,1995,1,4754,17348,-12594
2022,1995,2,4729,1958,2771
2022,1995,3,4742,1958,2784
2022,1995,4,4750,2998,1752
2022,1995,5,4754,4118,636
2022,1995,6,4750,9188,-4438
2022,1995,7,4738,4838,-100
2022,1995,8,4744,1958,2786
2022,1995,9,4753,2518,2235
2022,1995,10,4758,4198,560
2022,1995,11,4767,1958,2809
2022,1995,12,4779,2308,2471
2022,1996,1,4773,11728,-6955
2022,1996,2,4760,1958,2802
2022,1996,3,4772,1958,2814
2022,1996,4,4781,3078,1703
2022,1996,5,4790,1958,2832
2022,1996,6,4784,15258,-10474
2022,1996,7,4758,1958,2800
2022,1996,8,4756,8998,-4242
2022,1996,9,4750,5478,-728
2022,1996,10,4749,1958,2791
2022,1996,11,4761,1958,2803
2022,1996,12,4771,2508,2263
2022,1997,1,4761,12488,-7727
2022,1997,2,4749,1958,2791
2022,1997,3,4761,1958,2803
2022,1997,4,4772,2358,2414
2022,1997,5,4783,1958,2825
2022,1997,6,4778,6688,-1910
2022,1997,7,4786,1958,2828
2022,1997,8,4789,5318,-529
2022,1997,9,4796,1958,2838
2022,1997,10,4808,1958,2850
2022,1997,11,4812,5638,-826
2022,1997,12,4807,5428,-621
2022,1998,1,4782,14698,-9916
2022,1998,2,4771,1958,2813
2022,1998,3,4777,4198,579
2022,1998,4,4786,1958,2828
2022,1998,5,4797,1958,2839
2022,1998,6,4806,11958,-7152
2022,1998,7,4779,1958,2821
2022,1998,8,4791,1958,2833
2022,1998,9,4802,1958,2844
2022,1998,10,4814,1958,2856
2022,1998,11,4826,1958,2868
2022,1998,12,4837,2193,2644
2023,1993,1,200,0,200
2023,1993,2,26240,0,26240
2023,1993,3,23642,12200,11442
2023,1993,4,23686,17200,6486
2023,1993,5,23710,21500,2210
2023,1993,6,35527,45686,-10159
2023,1993,7,23710,20446,3264
2023,1993,8,23719,22946,773
2023,1993,9,23719,25146,-1427
2023,1993,10,23713,23846,-133
2023,1993,11,23699,26546,-2847
2023,1993,12,35484,29246,6238
2023,1994,1,23696,31206,-7510
2023,1994,2,23694,21646,2048
2023,1994,3,23703,22946,757
2023,1994,4,23709,20246,3463
2023,1994,5,23713,27126,-3413
2023,1994,6,35472,31866,3606
2023,1994,7,23717,22946,771
2023,1994,8,23720,22146,1574
2023,1994,9,23716,27146,-3430
2023,1994,10,23709,22946,763
2023,1994,11,23704,26446,-2742
2023,1994,12,35478,31166,4312
2023,1995,1,23697,32686,-8989
2023,1995,2,23684,19046,4638
2023,1995,3,23705,19346,4359
2023,1995,4,23718,21446,2272
2023,1995,5,23715,27926,-4211
2023,1995,6,35477,30486,4991
2023,1995,7,23721,24646,-925
2023,1995,8,23708,27646,-3938
2023,1995,9,23703,21946,1757
2023,1995,10,23696,30706,-7010
2023,1995,11,23661,27246,-3585
2023,1995,12,35445,29006,6439
2023,1996,1,23657,35646,-11989
2023,1996,2,23654,17446,6208
2023,1996,3,23655,24526,-871
2023,1996,4,23668,20966,2702
2023,1996,5,23688,17146,6542
2023,1996,6,35486,27346,8140
2023,1996,7,23753,14646,9107
2023,1996,8,23784,16046,7738
2023,1996,9,23792,23546,246
2023,1996,10,23794,23246,548
2023,1996,11,23796,23246,550
2023,1996,12,35575,29626,5949
2023,1997,1,23796,31846,-8050
2023,1997,2,23793,22046,1747
2023,1997,3,23802,21546,2256
2023,1997,4,23786,34646,-10860
2023,1997,5,23780,17146,6634
2023,1997,6,35565,34886,679
2023,1997,7,23799,20546,3253
2023,1997,8,23812,20846,2966
2023,1997,9,23813,24046,-233
2023,1997,10,23816,23046,770
2023,1997,11,23815,24146,-331
2023,1997,12,35607,42306,-6699
2023,1998,1,23800,29626,-5826
2023,1998,2,23810,8646,15164
2023,1998,3,23850,27246,-3396
2023,1998,4,23858,19646,4212
2023,1998,5,23874,22746,1128
2023,1998,6,37335,53286,-15951
2023,1998,7,23812,16086,7726
2023,1998,8,23841,20146,3695
2023,1998,9,23855,20346,3509
2023,1998,10,23866,25446,-1580
2023,1998,11,23853,26106,-2253
2023,1998,12,35651,11551,24100
2024,1997,3,11069,0,11069
2024,1997,4,15627,0,15627
2024,1997,5,10668,11200,-532
2024,1997,6,15914,11500,4414
2024,1997,7,10659,19639,-8980
2024,1997,8,10652,12739,-2087
2024,1997,9,10644,9239,1405
2024,1997,10,10630,13439,-2809
2024,1997,11,10636,10339,297
2024,1997,12,15902,15839,63
2024,1998,1,11119,14939,-3820
2024,1998,2,13124,7039,6085
2024,1998,3,10627,10439,188
2024,1998,4,10632,9439,1193
2024,1998,5,10634,11539,-905
2024,1998,6,15912,14639,1273
2024,1998,7,10644,17439,-6795
2024,1998,8,10619,11939,-1320
2024,1998,9,10614,11439,-825
2024,1998,10,10609,11439,-830
2024,1998,11,10599,7039,3560
2024,1998,12,15892,9024,6868
2025,1994,10,15978,0,15978
2025,1994,11,17747,0,17747
2025,1994,12,22885,22000,885
2025,1995,1,15284,10900,4384
2025,1995,2,15316,2535,12781
2025,1995,3,15333,35519,-20186
2025,1995,4,15289,16419,-1130
2025,1995,5,15283,17619,-2336
2025,1995,6,22862,15119,7743
2025,1995,7,15299,18799,-3500
2025,1995,8,15290,15019,271
2025,1995,9,15289,16719,-1430
2025,1995,10,15286,14419,867
2025,1995,11,15284,15499,-215
2025,1995,12,22869,22879,-10
2025,1996,1,15261,21219,-5958
2025,1996,2,15259,15219,40
2025,1996,3,15259,12599,2660
2025,1996,4,15270,14419,851
2025,1996,5,15269,18119,-2850
2025,1996,6,22844,18419,4425
2025,1996,7,15268,17859,-2591
2025,1996,8,15262,17559,-2297
2025,1996,9,15248,17019,-1771
2025,1996,10,15255,10219,5036
2025,1996,11,15272,12219,3053
2025,1996,12,22859,24159,-1300
2025,1997,1,18541,30439,-11898
2025,1997,2,15230,10819,4411
2025,1997,3,15241,15179,62
2025,1997,4,15233,18779,-3546
2025,1997,5,15236,10619,4617
2025,1997,6,22829,17719,5110
2025,1997,7,15265,16419,-1154
2025,1997,8,15256,17819,-2563
2025,1997,9,15240,19619,-4379
2025,1997,10,15230,15619,-389
2025,1997,11,15230,14119,1111
2025,1997,12,22792,28159,-5367
2025,1998,1,15204,17219,-2015
2025,1998,2,15219,6719,8500
2025,1998,3,15219,22919,-7700
2025,1998,4,15224,6719,8505
2025,1998,5,15257,24819,-9562
2025,1998,6,22807,6719,16088
2025,1998,7,15286,6719,8567
2025,1998,8,15262,29719,-14457
2025,1998,9,15261,6719,8542
2025,1998,10,15241,26199,-10958
2025,1998,11,15251,6719,8532
2025,1998,12,22866,9744,13122
2026,1996,9,900,0,900
2026,1996,10,17641,0,17641
2026,1996,11,13794,5400,8394
2026,1996,12,20683,10200,10483
2026,1997,1,13864,8900,4964
2026,1997,2,13879,12415,1464
2026,1997,3,13857,25745,-11888
2026,1997,4,14250,5345,8905
2026,1997,5,13865,14345,-480
2026,1997,6,20719,14445,6274
2026,1997,7,13885,15445,-1560
2026,1997,8,13863,19245,-5382
2026,1997,9,13856,13345,511
2026,1997,10,13854,17245,-3391
2026,1997,11,13858,8345,5513
2026,1997,12,20729,14445,6284
2026,1998,1,13862,22645,-8783
2026,1998,2,14180,5345,8835
2026,1998,3,13911,7945,5966
2026,1998,4,13918,13445,473
2026,1998,5,13913,14945,-1032
2026,1998,6,28346,29745,-1399
2026,1998,7,14335,5345,8990
2026,1998,8,13959,9245,4714
2026,1998,9,13965,13345,620
2026,1998,10,13951,16945,-2994
2026,1998,11,13949,15145,-1196
2026,1998,12,20822,12130,8692
2027,1994,11,800,0,800
2027,1994,12,5214,0,5214
2027,1995,1,5214,0,5214
2027,1995,2,5214,0,5214
2027,1995,3,5225,600,4625
2027,1995,4,5304,1115,4189
2027,1995,5,5323,7371,-2048
2027,1995,6,5315,4591,724
2027,1995,7,5319,3491,1828
2027,1995,8,5326,3491,1835
2027,1995,9,5333,3891,1442
2027,1995,10,5339,4771,568
2027,1995,11,5339,8431,-3092
2027,1995,12,5325,5991,-666
2027,1996,1,5302,14301,-8999
2027,1996,2,5289,3491,1798
2027,1996,3,5297,3491,1806
2027,1996,4,5304,3491,1813
2027,1996,5,5312,3491,1821
2027,1996,6,5291,15391,-10100
2027,1996,7,5277,3491,1786
2027,1996,8,5284,3491,1793
2027,1996,9,5280,6851,-1571
2027,1996,10,5285,3491,1794
2027,1996,11,5293,3491,1802
2027,1996,12,5291,7331,-2040
2027,1997,1,5280,8931,-3651
2027,1997,2,5276,3491,1785
2027,1997,3,5284,3491,1793
2027,1997,4,5291,3491,1800
2027,1997,5,5297,5491,-194
2027,1997,6,5298,3491,1807
2027,1997,7,5305,3491,1814
2027,1997,8,5313,3491,1822
2027,1997,9,5320,3491,1829
2027,1997,10,5328,3491,1837
2027,1997,11,5336,3491,1845
2027,1997,12,5340,5141,199
2027,1998,1,5318,15731,-10413
2027,1998,2,5300,3491,1809
2027,1998,3,5308,3491,1817
2027,1998,4,5309,7491,-2182
2027,1998,5,5307,3491,1816
2027,1998,6,5314,3491,1823
2027,1998,7,5322,3491,1831
2027,1998,8,5329,3491,1838
2027,1998,9,5337,5411,-74
2027,1998,10,5339,3491,1848
2027,1998,11,5344,3491,1853
2027,1998,12,5349,4776,573
2028,1994,11,14638,0,14638
2028,1994,12,99705,26100,73605
2028,1995,1,367,33400,-33033
2028,1995,2,367,16400,-16033
2028,1995,3,367,4900,-4533
2028,1995,4,367,3900,-3533
2028,1995,5,367,200,167
2028,1995,6,367,3800,-3433
2028,1995,7,367,1900,-1533
2028,1995,8,1267,0,1267
2028,1995,9,1467,0,1467
2028,1995,10,367,1500,-1133
2028,1995,11,367,3300,-2933
2028,1995,12,367,300,67
2028,1996,1,44204,26336,17868
2028,1996,2,58768,37830,20938
2028,1996,3,101126,69030,32096
2028,1996,4,105372,130530,-25158
2028,1996,5,61040,86077,-25037
2028,1996,6,105417,55687,49730
2028,1996,7,63925,125230,-61305
2028,1996,8,26651,20430,6221
2028,1996,9,126859,79530,47329
2028,1996,10,6660,44427,-37767
2028,1996,11,75231,63730,11501
2028,1996,12,46824,50030,-3206
2028,1997,1,202,24248,-24046
2028,1997,2,140,5130,-4990
2028,1997,3,108,17231,-17123
2028,1997,4,6634,14730,-8096
2028,1997,5,29985,29238,747
2028,1997,6,9216,11130,-1914
2028,1997,7,14119,9687,4432
2028,1997,8,8128,30,8098
2028,1997,9,1061,30,1031
2028,1997,10,2053,6330,-4277
2028,1997,11,4441,6628,-2187
2028,1997,12,6138,6030,108
2028,1998,1,1138,30,1108
2028,1998,2,50170,12630,37540
2028,1998,3,163,19130,-18967
2028,1998,4,8204,13830,-5626
2028,1998,5,12585,4630,7955
2028,1998,6,35610,38630,-3020
2028,1998,7,116,6030,-5914
2028,1998,8,374,13343,-12969
2028,1998,9,16723,30,16693
2028,1998,10,59,21030,-20971
2028,1998,11,69570,15292,54278
2028,1998,12,17012,27300,-10288
2029,1993,5,700,0,700
2029,1993,6,12400,0,12400
2029,1993,7,7600,0,7600
2029,1993,8,2600,0,2600
2029,1993,9,0,900,-900
2029,1993,10,3100,0,3100
2029,1993,11,0,1900,-1900
2029,1993,12,2500,0,2500
2029,1994,1,200,0,200
2029,1994,2,0,1000,-1000
2029,1994,3,0,1200,-1200
2029,1994,4,200,0,200
2029,1994,5,0,2600,-2600
2029,1994,6,0,600,-600
2029,1994,7,0,200,-200
2029,1994,8,2000,0,2000
2029,1994,9,0,1600,-1600
2029,1994,10,0,1300,-1300
2029,1994,11,0,2200,-2200
2029,1994,12,900,0,900
2029,1995,1,2300,0,2300
2029,1995,2,100,0,100
2029,1995,3,900,0,900
2029,1995,4,0,3100,-3100
2029,1995,5,0,3700,-3700
2029,1995,6,0,2300,-2300
2029,1995,7,2600,0,2600
2029,1995,8,0,400,-400
2029,1995,9,0,2000,-2000
2029,1995,11,0,2000,-2000
2029,1995,12,0,1100,-1100
2029,1996,1,0,1100,-1100
2029,1996,4,0,100,-100
2029,1996,9,900,0,900
2029,1996,10,0,500,-500
2029,1996,12,0,300,-300
2030,1994,9,1100,0,1100
2030,1994,10,23507,0,23507
2030,1994,11,22680,9800,12880
2030,1994,12,33997,24500,9497
2030,1995,1,22739,22800,-61
2030,1995,2,22725,28440,-5715
2030,1995,3,22716,22640,76
2030,1995,4,22729,23640,-911
2030,1995,5,22705,28640,-5935
2030,1995,6,33989,28340,5649
2030,1995,7,22726,22040,686
2030,1995,8,22722,20540,2182
2030,1995,9,22731,20940,1791
2030,1995,10,22739,22240,499
2030,1995,11,22735,28640,-5905
2030,1995,12,34032,21740,12292
2030,1996,1,22767,21440,1327
2030,1996,2,22791,22240,551
2030,1996,3,22771,22540,231
2030,1996,4,22789,17840,4949
2030,1996,5,22820,19440,3380
2030,1996,6,34089,37540,-3451
2030,1996,7,22833,11340,11493
2030,1996,8,22859,23940,-1081
2030,1996,9,22860,16540,6320
2030,1996,10,22883,16740,6143
2030,1996,11,22892,21240,1652
2030,1996,12,34202,43440,-9238
2030,1997,1,22924,28140,-5216
2030,1997,2,22872,6140,16732
2030,1997,3,22886,42840,-19954
2030,1997,4,22884,21440,1444
2030,1997,5,22882,25840,-2958
2030,1997,6,34115,34640,-525
2030,1997,7,22845,23240,-395
2030,1997,8,22835,29040,-6205
2030,1997,9,22814,23240,-426
2030,1997,10,22811,22540,271
2030,1997,11,22805,25940,-3135
2030,1997,12,34117,30240,3877
2030,1998,1,22822,27040,-4218
2030,1998,2,22792,23240,-448
2030,1998,3,22789,26440,-3651
2030,1998,4,22776,22340,436
2030,1998,5,22775,23640,-865
2030,1998,6,34053,30940,3113
2030,1998,7,22783,22740,43
2030,1998,8,22780,22640,140
2030,1998,9,22792,28340,-5548
2030,1998,10,22755,23040,-285
2030,1998,11,22756,19540,3216
2030,1998,12,34087,6525,27562
2032,1996,11,200,0,200
2032,1996,12,18511,0,18511
2032,1997,1,7930,4600,3330
2032,1997,2,7933,9100,-1167
2032,1997,3,7924,10600,-2676
2032,1997,4,7937,8346,-409
2032,1997,5,7925,14744,-6819
2032,1997,6,11813,12844,-1031
2032,1997,7,7894,5244,2650
2032,1997,8,7905,5244,2661
2032,1997,9,7890,14144,-6254
2032,1997,10,7890,5244,2646
2032,1997,11,7901,5244,2657
2032,1997,12,11829,11124,705
2032,1998,1,7889,13644,-5755
2032,1998,2,7891,5244,2647
2032,1998,3,7894,7944,-50
2032,1998,4,7886,10244,-2358
2032,1998,5,7892,5244,2648
2032,1998,6,11837,5244,6593
2032,1998,7,7928,7284,644
2032,1998,8,7933,5244,2689
2032,1998,9,7944,5244,2700
2032,1998,10,7954,10284,-2330
2032,1998,11,7939,12204,-4265
2032,1998,12,11843,14989,-3146
2033,1996,3,1100,0,1100
2033,1996,4,15457,0,15457
2033,1996,5,11009,4400,6609
2033,1996,6,16499,11700,4799
2033,1996,7,11053,7000,4053
2033,1996,8,11066,13249,-2183
2033,1996,9,11055,13289,-2234
2033,1996,10,11054,9389,1665
2033,1996,11,11058,10389,669
2033,1996,12,16528,16329,199
2033,1997,1,11027,27689,-16662
2033,1997,2,14213,4289,9924
2033,1997,3,11034,9789,1245
2033,1997,4,11044,7489,3555
2033,1997,5,11051,10689,362
2033,1997,6,16492,30369,-13877
2033,1997,7,17525,9809,7716
2033,1997,8,11629,11969,-340
2033,1997,9,11040,4789,6251
2033,1997,10,11063,5789,5274
2033,1997,11,11069,13269,-2200
2033,1997,12,16530,16629,-99
2033,1998,1,11727,22489,-10762
2033,1998,2,15019,16649,-1630
2033,1998,3,14438,4289,10149
2033,1998,4,11054,9589,1465
2033,1998,5,11070,10309,761
2033,1998,6,16516,23189,-6673
2033,1998,7,11037,9289,1748
2033,1998,8,11052,7189,3863
2033,1998,9,11079,4389,6690
2033,1998,10,11088,9589,1499
2033,1998,11,11102,7489,3613
2033,1998,12,16605,8994,7611
2034,1996,8,400,0,400
2034,1996,9,25367,0,25367
2034,1996,10,22551,12400,10151
2034,1996,11,22587,16400,6187
2034,1996,12,33834,24200,9634
2034,1997,1,22630,49019,-26389
2034,1997,2,22566,15879,6687
2034,1997,3,22584,17159,5425
2034,1997,4,22600,20159,2441
2034,1997,5,22614,17959,4655
2034,1997,6,33855,32619,1236
2034,1997,7,22636,18459,4177
2034,1997,8,22653,22259,394
2034,1997,9,22651,18959,3692
2034,1997,10,22662,20859,1803
2034,1997,11,22677,16959,5718
2034,1997,12,33920,28459,5461
2034,1998,1,22661,50559,-27898
2034,1998,2,22618,17659,4959
2034,1998,3,22638,12659,9979
2034,1998,4,22667,17359,5308
2034,1998,5,22685,19159,3526
2034,1998,6,33825,67599,-33774
2034,1998,7,30300,14759,15541
2034,1998,8,22635,15259,7376
2034,1998,9,22660,17759,4901
2034,1998,10,22686,15959,6727
2034,1998,11,22703,20559,2144
2034,1998,12,33918,39144,-5226
2035,1996,5,400,0,400
2035,1996,6,44199,6800,37399
2035,1996,7,29571,21600,7971
2035,1996,8,29601,22900,6701
2035,1996,9,29617,26500,3117
2035,1996,10,29540,60507,-30967
2035,1996,11,29472,39972,-10500
2035,1996,12,44195,33783,10412
2035,1997,1,29510,31350,-1840
2035,1997,2,33855,22450,11405
2035,1997,3,29542,30750,-1208
2035,1997,4,29544,27750,1794
2035,1997,5,29531,32450,-2919
2035,1997,6,44285,36350,7935
2035,1997,7,29585,22750,6835
2035,1997,8,29613,22650,6963
2035,1997,9,29623,28650,973
2035,1997,10,29638,25250,4388
2035,1997,11,29635,31650,-2015
2035,1997,12,44371,47850,-3479
2035,1998,1,31970,47850,-15880
2035,1998,2,29571,32748,-3177
2035,1998,3,31902,23048,8854
2035,1998,4,29612,32930,-3318
2035,1998,5,29588,31022,-1434
2035,1998,6,44314,39848,4466
2035,1998,7,29579,37148,-7569
2035,1998,8,29580,24548,5032
2035,1998,9,29591,28648,943
2035,1998,10,32545,37821,-5276
2035,1998,11,29586,17148,12438
2035,1998,12,44375,17433,26942
2036,1997,10,15636,0,15636
2036,1997,11,5278,0,5278
2036,1997,12,989,0,989
2036,1998,1,10295,5365,4930
2036,1998,2,711,865,-154
2036,1998,3,1614,15,1599
2036,1998,4,3425,1115,2310
2036,1998,5,35868,14815,21053
2036,1998,6,10547,29065,-18518
2036,1998,7,25235,8615,16620
2036,1998,8,805,5915,-5110
2036,1998,9,784,6115,-5331
2036,1998,10,763,1515,-752
2036,1998,11,4258,2465,1793
2036,1998,12,765,2100,-1335
2037,1993,5,17528,0,17528
2037,1993,6,28720,0,28720
2037,1993,7,16784,11300,5484
2037,1993,8,16795,15500,1295
2037,1993,9,16801,15077,1724
2037,1993,10,16764,25992,-9228
2037,1993,11,16737,22152,-5415
2037,1993,12,25031,26412,-1381
2037,1994,1,16728,24652,-7924
2037,1994,2,16725,9312,7413
2037,1994,3,16727,16012,715
2037,1994,4,16722,22332,-5610
2037,1994,5,16722,15712,1010
2037,1994,6,24981,29592,-4611
2037,1994,7,16711,17852,-1141
2037,1994,8,16703,14572,2131
2037,1994,9,16723,15312,1411
2037,1994,10,16729,14212,2517
2037,1994,11,16738,14812,1926
2037,1994,12,25042,26532,-1490
2037,1995,1,16699,21072,-4373
2037,1995,2,16705,18272,-1567
2037,1995,3,16717,11412,5305
2037,1995,4,16725,17192,-467
2037,1995,5,16730,15232,1498
2037,1995,6,25049,18812,6237
2037,1995,7,16759,21412,-4653
2037,1995,8,16729,22552,-5823
2037,1995,9,16722,14552,2170
2037,1995,10,16734,11312,5422
2037,1995,11,16748,17812,-1064
2037,1995,12,25039,22852,2187
2037,1996,1,16750,17412,-662
2037,1996,2,16745,19512,-2767
2037,1996,3,16736,17712,-976
2037,1996,4,16735,15512,1223
2037,1996,5,16743,13112,3631
2037,1996,6,25027,31792,-6765
2037,1996,7,16730,13732,2998
2037,1996,8,16742,13392,3350
2037,1996,9,16745,18312,-1567
2037,1996,10,16744,15792,952
2037,1996,11,16740,18812,-2072
2037,1996,12,25036,23192,1844
2037,1997,1,16723,24612,-7889
2037,1997,2,16717,12272,4445
2037,1997,3,16734,13812,2922
2037,1997,4,16751,20172,-3421
2037,1997,5,16734,12412,4322
2037,1997,6,25044,20912,4132
2037,1997,7,16747,23052,-6305
2037,1997,8,16721,17752,-1031
2037,1997,9,16724,17512,-788
2037,1997,10,16741,17112,-371
2037,1997,11,16709,20512,-3803
2037,1997,12,25002,21892,3110
2037,1998,1,16704,20512,-3808
2037,1998,2,18424,9312,9112
2037,1998,3,16728,20312,-3584
2037,1998,4,16722,17152,-430
2037,1998,5,16717,21952,-5235
2037,1998,6,32602,23672,8930
2037,1998,7,16742,16852,-110
2037,1998,8,16730,19332,-2602
2037,1998,9,20153,9312,10841
2037,1998,10,16777,12312,4465
2037,1998,11,16786,14512,2274
2037,1998,12,25112,13457,11655
2038,1993,8,900,0,900
2038,1993,9,13094,0,13094
2038,1993,10,10236,0,10236
2038,1993,11,5574,1800,3774
2038,1993,12,8337,1100,7237
2038,1994,1,5599,10197,-4598
2038,1994,2,5590,6357,-767
2038,1994,3,5582,7457,-1875
2038,1994,4,5579,6957,-1378
2038,1994,5,6488,3657,2831
2038,1994,6,8335,10797,-2462
2038,1994,7,5581,5257,324
2038,1994,8,6485,7557,-1072
2038,1994,9,5584,3957,1627
2038,1994,10,5589,7757,-2168
2038,1994,11,5781,3657,2124
2038,1994,12,8309,11297,-2988
2038,1995,1,7278,3657,3621
2038,1995,2,5590,4257,1333
2038,1995,3,5589,9857,-4268
2038,1995,4,5577,4757,820
2038,1995,5,5581,8617,-3036
2038,1995,6,8308,6657,1651
2038,1995,7,5575,4257,1318
2038,1995,8,5578,5077,501
2038,1995,9,5580,6557,-977
2038,1995,10,10275,8937,1338
2038,1995,11,6085,3657,2428
2038,1995,12,8327,9617,-1290
2038,1996,1,9965,12297,-2332
2038,1996,2,9274,6777,2497
2038,1996,3,5668,9537,-3869
2038,1996,4,5574,5057,517
2038,1996,5,7077,3657,3420
2038,1996,6,8329,6457,1872
2038,1996,7,5591,8957,-3366
2038,1996,8,6181,5697,484
2038,1996,9,5585,5557,28
2038,1996,10,5582,4697,885
2038,1996,11,9894,8697,1197
2038,1996,12,10037,4457,5580
2038,1997,1,7799,16297,-8498
2038,1997,2,6085,3657,2428
2038,1997,3,5588,4897,691
2038,1997,4,6596,3657,2939
2038,1997,5,5606,3857,1749
2038,1997,6,16524,20617,-4093
2038,1997,7,8605,3657,4948
2038,1997,8,5609,8777,-3168
2038,1997,9,8314,5937,2377
2038,1997,10,5617,3857,1760
2038,1997,11,5612,7137,-1525
2038,1997,12,8343,9197,-854
2038,1998,1,7409,11977,-4568
2038,1998,2,9402,9417,-15
2038,1998,3,8289,8697,-408
2038,1998,4,7296,3657,3639
2038,1998,5,5606,4057,1549
2038,1998,6,8346,6257,2089
2038,1998,7,5606,9917,-4311
2038,1998,8,5802,3657,2145
2038,1998,9,7816,5097,2719
2038,1998,10,9333,3657,5676
2038,1998,11,5617,16577,-10960
2038,1998,12,16354,6802,9552
2039,1993,3,300,0,300
2039,1993,4,13700,0,13700
2039,1993,5,7100,0,7100
2039,1993,6,1800,0,1800
2039,1993,7,2300,0,2300
2039,1993,8,0,1700,-1700
2039,1993,9,200,0,200
2039,1993,10,34704,15000,19704
2039,1993,11,180,9900,-9720
2039,1993,12,180,3000,-2820
2039,1994,1,180,2500,-2320
2039,1994,2,180,2600,-2420
2039,1994,3,1380,0,1380
2039,1994,4,50230,0,50230
2039,1994,5,323,24700,-24377
2039,1994,6,323,12300,-11977
2039,1994,7,323,9700,-9377
2039,1994,8,323,5200,-4877
2039,1994,9,1423,0,1423
2039,1994,10,323,100,223
2039,1994,11,923,0,923
2039,1994,12,42453,1000,41453
2039,1995,1,291,28000,-27709
2039,1995,3,181,6900,-6719
2039,1995,4,181,1900,-1719
2039,1995,5,43506,25700,17806
2039,1995,6,220,11800,-11580
2039,1995,7,220,7200,-6980
2039,1995,8,220,800,-580
2039,1995,9,220,3600,-3380
2039,1995,10,220,1700,-1480
2039,1995,11,1620,0,1620
2039,1995,12,15132,3115,12017
2039,1996,1,3652,14015,-10363
2039,1996,2,34037,16415,17622
2039,1996,3,46215,5915,40300
2039,1996,4,349,30015,-29666
2039,1996,5,249,11615,-11366
2039,1996,6,8566,29815,-21249
2039,1996,7,6916,15,6901
2039,1996,8,4447,1515,2932
2039,1996,9,856,715,141
2039,1996,10,156,915,-759
2039,1996,11,1553,15,1538
2039,1996,12,156,3915,-3759
2039,1997,1,2735,15015,-12280
2039,1997,2,8103,1715,6388
2039,1997,3,9232,615,8617
2039,1997,4,1156,15,1141
2039,1997,5,160,415,-255
2039,1997,6,15251,34915,-19664
2039,1997,7,8178,15,8163
2039,1997,8,7317,2015,5302
2039,1997,9,9967,3215,6752
2039,1997,10,2361,15,2346
2039,1997,11,571,15,556
2039,1997,12,5376,3715,1661
2039,1998,1,6367,11815,-5448
2039,1998,2,957,1515,-558
2039,1998,3,3256,15,3241
2039,1998,4,30630,15,30615
2039,1998,5,294,15715,-15421
2039,1998,6,176,33215,-33039
2039,1998,7,8095,15,8080
2039,1998,8,4428,15,4413
2039,1998,9,146,415,-269
2039,1998,10,11963,9215,2748
2039,1998,11,155,4315,-4160
2039,1998,12,0,900,-900
2040,1996,6,1100,0,1100
2040,1996,7,17010,0,17010
2040,1996,8,8778,0,8778
2040,1996,9,8009,3700,4309
2040,1996,10,8023,7400,623
2040,1996,11,8029,4615,3414
2040,1996,12,11975,13997,-2022
2040,1997,1,8032,9777,-1745
2040,1997,2,8026,8597,-571
2040,1997,3,8020,11377,-3357
2040,1997,4,8007,10377,-2370
2040,1997,5,7999,7297,702
2040,1997,6,11957,9877,2080
2040,1997,7,8007,10977,-2970
2040,1997,8,11687,10797,890
2040,1997,9,8007,5377,2630
2040,1997,10,8920,5277,3643
2040,1997,11,8026,9017,-991
2040,1997,12,11978,9377,2601
2040,1998,1,9143,5277,3866
2040,1998,2,8045,10377,-2332
2040,1998,3,8447,5277,3170
2040,1998,4,9362,5277,4085
2040,1998,5,9981,5277,4704
2040,1998,6,24578,34877,-10299
2040,1998,7,15169,5277,9892
2040,1998,8,8188,10557,-2369
2040,1998,9,14862,10677,4185
2040,1998,10,14503,5277,9226
2040,1998,11,10145,5277,4868
2040,1998,12,14014,9462,4552
2041,1995,7,5248,0,5248
2041,1995,8,15001,0,15001
2041,1995,9,8141,0,8141
2041,1995,10,4757,2300,2457
2041,1995,11,4768,2115,2653
2041,1995,12,7108,1115,5993
2041,1996,1,11551,26675,-15124
2041,1996,2,4733,15,4718
2041,1996,3,4760,4415,345
2041,1996,4,4754,4715,39
2041,1996,5,4755,1315,3440
2041,1996,6,7085,4815,2270
2041,1996,7,4777,6415,-1638
2041,1996,8,4769,7815,-3046
2041,1996,9,4757,6615,-1858
2041,1996,10,4740,9315,-4575
2041,1996,11,6524,7575,-1051
2041,1996,12,7055,6075,980
2041,1997,1,7208,15375,-8167
2041,1997,2,7702,15,7687
2041,1997,3,5433,15,5418
2041,1997,4,4750,6015,-1265
2041,1997,5,4754,2615,2139
2041,1997,6,7072,5515,1557
2041,1997,7,4761,5015,-254
2041,1997,8,4761,4315,446
2041,1997,9,4763,3815,948
2041,1997,10,4765,6115,-1350
2041,1997,11,4765,915,3850
2041,1997,12,7097,5075,2022
2041,1998,1,9566,17735,-8169
2041,1998,2,11056,5895,5161
2041,1998,3,4778,415,4363
2041,1998,4,9092,7575,1517
2041,1998,5,4804,115,4689
2041,1998,6,7140,2215,4925
2041,1998,7,4840,2415,2425
2041,1998,8,4839,8415,-3576
2041,1998,9,4825,7615,-2790
2041,1998,10,6015,8075,-2060
2041,1998,11,10733,15,10718
2041,1998,12,7380,3700,3680
2042,1997,2,900,0,900
2042,1997,3,3400,0,3400
2042,1997,4,3400,0,3400
2042,1997,5,3400,0,3400
2042,1997,6,3400,0,3400
2042,1997,7,3445,2941,504
2042,1997,8,3463,3381,82
2042,1997,9,3466,3251,215
2042,1997,10,3468,2281,1187
2042,1997,11,3471,3151,320
2042,1997,12,3463,6561,-3098
2042,1998,1,3447,7031,-3584
2042,1998,2,3442,3981,-539
2042,1998,3,3444,2281,1163
2042,1998,4,3449,2281,1168
2042,1998,5,3453,2281,1172
2042,1998,6,3455,3571,-116
2042,1998,7,3458,2281,1177
2042,1998,8,3463,2281,1182
2042,1998,9,3468,2281,1187
2042,1998,10,3473,3091,382
2042,1998,11,3474,2281,1193
2042,1998,12,3477,3196,281
2043,1995,11,400,0,400
2043,1995,12,19138,0,19138
2043,1996,1,6635,1600,5035
2043,1996,2,6654,4100,2554
2043,1996,3,6663,6500,163
2043,1996,4,6664,10281,-3617
2043,1996,5,6650,8961,-2311
2043,1996,6,9934,6001,3933
2043,1996,7,6653,9561,-2908
2043,1996,8,6643,8881,-2238
2043,1996,9,6635,7781,-1146
2043,1996,10,7636,4381,3255
2043,1996,11,6645,6421,224
2043,1996,12,9928,6101,3827
2043,1997,1,12441,22661,-10220
2043,1997,2,9326,4381,4945
2043,1997,3,6843,4381,2462
2043,1997,4,6647,8081,-1434
2043,1997,5,6643,6881,-238
2043,1997,6,9928,4581,5347
2043,1997,7,6665,7561,-896
2043,1997,8,7954,9661,-1707
2043,1997,9,6648,11061,-4413
2043,1997,10,6625,13381,-6756
2043,1997,11,9016,4381,4635
2043,1997,12,9905,8561,1344
2043,1998,1,6616,12481,-5865
2043,1998,2,6607,6081,526
2043,1998,3,6611,5681,930
2043,1998,4,10526,4381,6145
2043,1998,5,6638,6901,-263
2043,1998,6,9915,8181,1734
2043,1998,7,6635,10081,-3446
2043,1998,8,6624,8981,-2357
2043,1998,9,6620,6781,-161
2043,1998,10,6618,8581,-1963
2043,1998,11,6608,9221,-2613
2043,1998,12,9886,6166,3720
2044,1994,11,300,0,300
2044,1994,12,27690,800,26890
2044,1995,1,18560,11600,6960
2044,1995,2,18585,14100,4485
2044,1995,3,18602,15400,3202
2044,1995,4,18615,15715,2900
2044,1995,5,18616,26432,-7816
2044,1995,6,27835,29332,-1497
2044,1995,7,18599,18732,-133
2044,1995,8,18598,17832,766
2044,1995,9,18594,21732,-3138
2044,1995,10,18584,19832,-1248
2044,1995,11,18584,16032,2552
2044,1995,12,27807,28732,-925
2044,1996,1,18583,19232,-649
2044,1996,2,18587,15632,2955
2044,1996,3,18593,18132,461
2044,1996,4,18584,26132,-7548
2044,1996,5,18568,16132,2436
2044,1996,6,27796,27632,164
2044,1996,7,18578,16032,2546
2044,1996,8,18580,22132,-3552
2044,1996,9,18582,11832,6750
2044,1996,10,18601,15532,3069
2044,1996,11,18610,16532,2078
2044,1996,12,27833,25632,2201
2044,1997,1,18639,16832,1807
2044,1997,2,18651,9832,8819
2044,1997,3,18649,26832,-8183
2044,1997,4,18632,18432,200
2044,1997,5,18660,16732,1928
2044,1997,6,27839,36832,-8993
2044,1997,7,22943,8432,14511
2044,1997,8,18680,11532,7148
2044,1997,9,18698,14432,4266
2044,1997,10,18719,13032,5687
2044,1997,11,18732,16032,2700
2044,1997,12,27987,16632,11355
2044,1998,1,18745,32332,-13587
2044,1998,2,18710,22932,-4222
2044,1998,3,18716,16232,2484
2044,1998,4,18697,25632,-6935
2044,1998,5,18681,20832,-2151
2044,1998,6,32671,37332,-4661
2044,1998,7,18684,11632,7052
2044,1998,8,18691,18232,459
2044,1998,9,18693,18932,-239
2044,1998,10,18688,23032,-4344
2044,1998,11,18681,15832,2849
2044,1998,12,27911,21717,6194
2045,1996,9,1100,0,1100
2045,1996,10,6310,0,6310
2045,1996,11,6310,0,6310
2045,1996,12,6310,0,6310
2045,1997,1,6310,0,6310
2045,1997,2,6384,1551,4833
2045,1997,3,6432,11051,-4619
2045,1997,4,6424,5411,1013
2045,1997,5,6438,2451,3987
2045,1997,6,6421,18441,-12020
2045,1997,7,6404,1551,4853
2045,1997,8,6424,1551,4873
2045,1997,9,6435,7291,-856
2045,1997,10,6437,3851,2586
2045,1997,11,6435,7851,-1416
2045,1997,12,6434,6551,-117
2045,1998,1,6396,20821,-14425
2045,1998,2,6381,4191,2190
2045,1998,3,6390,4051,2339
2045,1998,4,6396,5351,1045
2045,1998,5,6387,9351,-2964
2045,1998,6,6382,9291,-2909
2045,1998,7,6383,5951,432
2045,1998,8,6391,4551,1840
2045,1998,9,6390,10551,-4161
2045,1998,10,6373,4991,1382
2045,1998,11,6378,7651,-1273
2045,1998,12,6378,2436,3942
2046,1996,10,900,0,900
2046,1996,11,12839,0,12839
2046,1996,12,7884,0,7884
2046,1997,1,3205,1100,2105
2046,1997,2,3211,1900,1311
2046,1997,3,3214,3115,99
2046,1997,4,3206,6678,-3472
2046,1997,5,3191,6388,-3197
2046,1997,6,3186,2988,198
2046,1997,7,3184,3888,-704
2046,1997,8,3186,2588,598
2046,1997,9,7800,2088,5712
2046,1997,10,3212,2188,1024
2046,1997,11,4720,2088,2632
2046,1997,12,3227,2568,659
2046,1998,1,3206,10978,-7772
2046,1998,2,3193,3388,-195
2046,1998,3,3190,4588,-1398
2046,1998,4,3184,4388,-1204
2046,1998,5,4086,3048,1038
2046,1998,6,3278,9108,-5830
2046,1998,7,6877,2088,4789
2046,1998,8,6793,3408,3385
2046,1998,9,6009,2088,3921
2046,1998,10,5622,3228,2394
2046,1998,11,5333,2088,3245
2046,1998,12,3238,2653,585
2047,1995,2,600,0,600
2047,1995,3,4727,0,4727
2047,1995,4,4727,0,4727
2047,1995,5,4727,0,4727
2047,1995,6,4727,0,4727
2047,1995,7,4797,2685,2112
2047,1995,8,4832,2685,2147
2047,1995,9,4829,5245,-416
2047,1995,10,4839,2685,2154
2047,1995,11,4840,2785,2055
2047,1995,12,4847,5965,-1118
2047,1996,1,4851,3585,1266
2047,1996,2,4847,3785,1062
2047,1996,3,4854,2685,2169
2047,1996,4,4859,4185,674
2047,1996,5,4865,3085,1780
2047,1996,6,4867,9335,-4468
2047,1996,7,4858,6605,-1747
2047,1996,8,4847,2685,2162
2047,1996,9,4856,2685,2171
2047,1996,10,4867,4685,182
2047,1996,11,4866,2685,2181
2047,1996,12,4881,4025,856
2047,1997,1,4872,5735,-863
2047,1997,2,4874,2685,2189
2047,1997,3,4881,4525,356
2047,1997,4,4883,4125,758
2047,1997,5,4890,4205,685
2047,1997,6,4886,4335,551
2047,1997,7,4893,2685,2208
2047,1997,8,4896,6125,-1229
2047,1997,9,4892,5005,-113
2047,1997,10,4890,4885,5
2047,1997,11,4897,2685,2212
2047,1997,12,4903,4085,818
2047,1998,1,4885,12995,-8110
2047,1998,2,4879,3985,894
2047,1998,3,4887,2685,2202
2047,1998,4,4896,2685,2211
2047,1998,5,4897,4285,612
2047,1998,6,4890,5635,-745
2047,1998,7,4885,9085,-4200
2047,1998,8,4879,2685,2194
2047,1998,9,4888,4605,283
2047,1998,10,4889,2685,2204
2047,1998,11,4907,2685,2222
2047,1998,12,4904,3670,1234
2048,1997,3,300,0,300
2048,1997,4,18937,0,18937
2048,1997,5,14616,4000,10616
2048,1997,6,21924,18100,3824
2048,1997,7,14670,18300,-3630
2048,1997,8,14673,16986,-2313
2048,1997,9,14671,12006,2665
2048,1997,10,14674,12826,1848
2048,1997,11,14688,12786,1902
2048,1997,12,21979,18166,3813
2048,1998,1,14674,28146,-13472
2048,1998,2,14654,9206,5448
2048,1998,3,14979,8686,6293
2048,1998,4,14702,11206,3496
2048,1998,5,14719,7486,7233
2048,1998,6,22004,24426,-2422
2048,1998,7,14729,19386,-4657
2048,1998,8,14715,13406,1309
2048,1998,9,14715,14806,-91
2048,1998,10,14713,16206,-1493
2048,1998,11,14696,21106,-6410
2048,1998,12,21973,7591,14382
2049,1997,12,200,0,200
2049,1998,1,16969,0,16969
2049,1998,2,8915,5400,3515
2049,1998,3,8934,2800,6134
2049,1998,4,8952,6800,2152
2049,1998,5,8963,5915,3048
2049,1998,6,13392,14746,-1354
2049,1998,7,8972,6106,2866
2049,1998,8,8967,15306,-6339
2049,1998,9,8928,15766,-6838
2049,1998,10,8927,7106,1821
2049,1998,11,8927,9286,-359
2049,1998,12,13358,13171,187
2050,1993,10,900,0,900
2050,1993,11,20240,0,20240
2050,1993,12,24723,11900,12823
2050,1994,1,16561,11100,5461
2050,1994,2,16574,17200,-626
2050,1994,3,16589,17619,-1030
2050,1994,4,16584,17619,-1035
2050,1994,5,16579,17819,-1240
2050,1994,6,24749,32919,-8170
2050,1994,7,16537,17919,-1382
2050,1994,8,16542,12319,4223
2050,1994,9,16555,14619,1936
2050,1994,10,16563,14519,2044
2050,1994,11,16562,19519,-2957
2050,1994,12,24779,19719,5060
2050,1995,1,16540,31719,-15179
2050,1995,2,16521,13419,3102
2050,1995,3,16534,15119,1415
2050,1995,4,16530,19319,-2789
2050,1995,5,16521,15919,602
2050,1995,6,24748,18919,5829
2050,1995,7,16545,16219,326
2050,1995,8,16545,16319,226
2050,1995,9,16536,19519,-2983
2050,1995,10,16531,16919,-388
2050,1995,11,16530,17119,-589
2050,1995,12,24753,20519,4234
2050,1996,1,16819,31419,-14600
2050,1996,2,16489,14319,2170
2050,1996,3,18016,9719,8297
2050,1996,4,16533,13919,2614
2050,1996,5,16537,16319,218
2050,1996,6,24738,31819,-7081
2050,1996,7,16526,10419,6107
2050,1996,8,16544,20219,-3675
2050,1996,9,16525,13719,2806
2050,1996,10,16538,13219,3319
2050,1996,11,17857,12919,4938
2050,1996,12,24809,13719,11090
2050,1997,1,16585,25419,-8834
2050,1997,2,16579,13819,2760
2050,1997,3,16581,21319,-4738
2050,1997,4,16568,14619,1949
2050,1997,5,16560,21619,-5059
2050,1997,6,24782,16419,8363
2050,1997,7,16561,22819,-6258
2050,1997,8,16557,16319,238
2050,1997,9,16561,15719,842
2050,1997,10,16571,16419,152
2050,1997,11,20468,17519,2949
2050,1997,12,24825,17019,7806
2050,1998,1,22787,30019,-7232
2050,1998,2,18600,9719,8881
2050,1998,3,16636,10919,5717
2050,1998,4,16659,15019,1640
2050,1998,5,16665,13819,2846
2050,1998,6,24851,30919,-6068
2050,1998,7,16652,12419,4233
2050,1998,8,16667,14819,1848
2050,1998,9,16665,19419,-2754
2050,1998,10,16661,16519,142
2050,1998,11,16659,20219,-3560
2050,1998,12,24882,11704,13178
2051,1995,11,900,0,900
2051,1995,12,10100,0,10100
2051,1996,1,7400,0,7400
2051,1996,2,29630,5300,24330
2051,1996,3,47383,9300,38083
2051,1996,4,336,32500,-32164
2051,1996,5,60654,18777,41877
2051,1996,6,26135,48830,-22695
2051,1996,7,54716,28630,26086
2051,1996,8,103905,105230,-1325
2051,1996,9,47848,56790,-8942
2051,1996,10,173,46736,-46563
2051,1996,11,14304,9730,4574
2051,1996,12,87708,44943,42765
2051,1997,1,7158,82790,-75632
2051,1997,2,36,6830,-6794
2051,1997,3,6907,11710,-4803
2051,1997,4,2600,58,2542
2051,1997,5,4101,33,4068
2051,1997,6,37437,22565,14872
2051,1997,7,4473,20920,-16447
2051,1997,8,2209,30,2179
2051,1997,9,34688,18228,16460
2051,1997,10,48435,34328,14107
2051,1997,11,115,16120,-16005
2051,1997,12,369,6428,-6059
2051,1998,1,162345,109028,53317
2051,1998,2,260,25528,-25268
2051,1998,3,84303,43728,40575
2051,1998,4,106395,128328,-21933
2051,1998,5,90480,44628,45852
2051,1998,6,402,44128,-43726
2051,1998,7,47291,42828,4463
2051,1998,8,86813,68628,18185
2051,1998,9,320,27528,-27208
2051,1998,10,106362,124128,-17766
2051,1998,11,50404,40377,10027
2051,1998,12,117802,74698,43104
2052,1993,10,800,0,800
2052,1993,11,17415,0,17415
2052,1993,12,14926,2100,12826
2052,1994,1,10017,8400,1617
2052,1994,2,10024,8000,2024
2052,1994,3,10037,11378,-1341
2052,1994,4,10028,13528,-3500
2052,1994,5,10018,7428,2590
2052,1994,6,14972,14328,644
2052,1994,7,10029,8328,1701
2052,1994,8,10032,9928,104
2052,1994,9,10033,9728,305
2052,1994,10,10033,10028,5
2052,1994,11,10035,8728,1307
2052,1994,12,14978,18328,-3350
2052,1995,1,10008,15328,-5320
2052,1995,2,12119,4628,7491
2052,1995,3,10040,7028,3012
2052,1995,4,10052,6428,3624
2052,1995,5,10058,11928,-1870
2052,1995,6,15007,11228,3779
2052,1995,7,10066,10328,-262
2052,1995,8,10080,11328,-1248
2052,1995,9,10072,5428,4644
2052,1995,10,10086,7428,2658
2052,1995,11,10098,7228,2870
2052,1995,12,15060,10528,4532
2052,1996,1,10087,21028,-10941
2052,1996,2,11594,4628,6966
2052,1996,3,10099,10928,-829
2052,1996,4,10105,11028,-923
2052,1996,5,10086,12328,-2242
2052,1996,6,21318,22128,-810
2052,1996,7,10086,8128,1958
2052,1996,8,10099,7028,3071
2052,1996,9,10089,13328,-3239
2052,1996,10,10101,6028,4073
2052,1996,11,10097,11728,-1631
2052,1996,12,15033,16928,-1895
2052,1997,1,10058,21228,-11170
2052,1997,2,10054,6528,3526
2052,1997,3,10065,7628,2437
2052,1997,4,10079,6328,3751
2052,1997,5,10090,8028,2062
2052,1997,6,15027,33728,-18701
2052,1997,7,13946,7928,6018
2052,1997,8,10049,10928,-879
2052,1997,9,10052,9828,224
2052,1997,10,10036,11328,-1292
2052,1997,11,10048,4628,5420
2052,1997,12,15021,14128,893
2052,1998,1,13638,17328,-3690
2052,1998,2,10055,10628,-573
2052,1998,3,10055,7728,2327
2052,1998,4,10063,10328,-265
2052,1998,5,10057,15228,-5171
2052,1998,6,14989,18628,-3639
2052,1998,7,10021,12428,-2407
2052,1998,8,10015,7628,2387
2052,1998,9,11129,4628,6501
2052,1998,10,10050,8828,1222
2052,1998,11,10057,6928,3129
2052,1998,12,15027,6113,8914
2053,1997,10,800,0,800
2053,1997,11,16252,0,16252
2053,1997,12,10014,500,9514
2053,1998,1,6738,1100,5638
2053,1998,2,6754,3700,3054
2053,1998,3,6751,10915,-4164
2053,1998,4,6734,11004,-4270
2053,1998,5,6730,13124,-6394
2053,1998,6,13427,4424,9003
2053,1998,7,6724,11064,-4340
2053,1998,8,7025,4424,2601
2053,1998,9,6719,9524,-2805
2053,1998,10,6712,8484,-1772
2053,1998,11,6707,7024,-317
2053,1998,12,10012,10049,-37
2054,1995,1,600,0,600
2054,1995,2,23023,0,23023
2054,1995,3,20007,12800,7207
2054,1995,4,20036,14000,6036
2054,1995,5,20057,18000,2057
2054,1995,6,30063,24305,5758
2054,1995,7,20100,27053,-6953
2054,1995,8,20067,24353,-4286
2054,1995,9,20049,22053,-2004
2054,1995,10,20046,20253,-207
2054,1995,11,20042,20353,-311
2054,1995,12,30010,24553,5457
2054,1996,1,20060,23353,-3293
2054,1996,2,20046,22653,-2607
2054,1996,3,20039,21153,-1114
2054,1996,4,20034,18953,1081
2054,1996,5,20036,21353,-1317
2054,1996,6,29992,26453,3539
2054,1996,7,20043,21553,-1510
2054,1996,8,20029,22353,-2324
2054,1996,9,20019,21753,-1734
2054,1996,10,20019,19153,866
2054,1996,11,20013,19653,360
2054,1996,12,29978,25253,4725
2054,1997,1,20030,21653,-1623
2054,1997,2,20056,9453,10603
2054,1997,3,20071,22953,-2882
2054,1997,4,20070,17553,2517
2054,1997,5,20078,19953,125
2054,1997,6,36729,32753,3976
2054,1997,7,20109,12753,7356
2054,1997,8,20129,19753,376
2054,1997,9,20130,15653,4477
2054,1997,10,20130,22453,-2323
2054,1997,11,20141,17753,2388
2054,1997,12,30123,18853,11270
2054,1998,1,20156,26953,-6797
2054,1998,2,20150,20053,97
2054,1998,3,20143,24153,-4010
2054,1998,4,20145,19753,392
2054,1998,5,20136,23153,-3017
2054,1998,6,30085,40753,-10668
2054,1998,7,20107,12653,7454
2054,1998,8,20130,13853,6277
2054,1998,9,20115,25353,-5238
2054,1998,10,20094,25653,-5559
2054,1998,11,20075,24453,-4378
2054,1998,12,30054,20238,9816
2055,1997,4,700,0,700
2055,1997,5,17403,0,17403
2055,1997,6,15493,7100,8393
2055,1997,7,10376,10800,-424
2055,1997,8,10371,12200,-1829
2055,1997,9,10358,15115,-4757
2055,1997,10,10335,14859,-4524
2055,1997,11,10423,13059,-2636
2055,1997,12,15457,16239,-782
2055,1998,1,11322,9759,1563
2055,1998,2,10323,11659,-1336
2055,1998,3,10318,9559,759
2055,1998,4,10327,12659,-2332
2055,1998,5,10312,10859,-547
2055,1998,6,15465,12659,2806
2055,1998,7,10316,11159,-843
2055,1998,8,10315,11380,-1065
2055,1998,9,10310,11380,-1070
2055,1998,10,10306,11380,-1074
2055,1998,11,10301,11380,-1079
2055,1998,12,15447,11365,4082
2056,1993,4,7724,0,7724
2056,1993,5,75252,0,75252
2056,1993,6,28342,88915,-60573
2056,1993,7,67999,50215,17784
2056,1993,8,26895,7215,19680
2056,1993,9,12904,30556,-17652
2056,1993,10,175,8915,-8740
2056,1993,11,39454,7883,31571
2056,1993,12,142,41255,-41113
2056,1994,1,11132,615,10517
2056,1994,2,64230,3015,61215
2056,1994,3,16980,61370,-44390
2056,1994,4,29514,13015,16499
2056,1994,5,92042,99239,-7197
2056,1994,6,32476,20615,11861
2056,1994,7,49998,69895,-19897
2056,1994,8,102012,99815,2197
2056,1994,9,60081,88642,-28561
2056,1994,10,1308,15,1293
2056,1994,11,3213,5715,-2502
2056,1994,12,71942,42959,28983
2056,1995,1,44254,53315,-9061
2056,1995,2,185,6015,-5830
2056,1995,3,41347,25815,15532
2056,1995,4,225,10415,-10190
2056,1995,5,6245,18915,-12670
2056,1995,6,131,715,-584
2056,1995,7,1328,15,1313
2056,1995,8,39078,17315,21763
2056,1995,9,14577,31489,-16912
2056,1995,10,33047,17615,15432
2056,1995,11,44208,33677,10531
2056,1995,12,225,20715,-20490
2056,1996,1,5345,19215,-13870
2056,1996,2,25551,9615,15936
2056,1996,3,164,15733,-15569
2056,1996,4,2520,15,2505
2056,1996,5,430,15,415
2056,1996,6,830,1815,-985
2056,1996,7,627,15,612
2056,1996,8,8431,7815,616
2056,1996,9,232,15,217
2056,1996,10,1433,15,1418
2056,1996,11,1839,15,1824
2056,1996,12,2931,10215,-7284
2056,1997,1,33415,24415,9000
2056,1997,2,150,7115,-6965
2056,1997,3,1122,2115,-993
2056,1997,4,120,415,-295
2056,1997,5,719,15,704
2056,1997,6,4322,15,4307
2056,1997,7,45796,24415,21381
2056,1997,8,226,11815,-11589
2056,1997,9,19560,5815,13745
2056,1997,10,53265,24961,28304
2056,1997,11,44380,25815,18565
2056,1997,12,49607,102973,-53366
2056,1998,1,207,12315,-12108
2056,1998,2,74358,9915,64443
2056,1998,3,299,46315,-46016
2056,1998,4,20140,13515,6625
2056,1998,5,236,22115,-21879
2056,1998,6,3048,10815,-7767
2056,1998,7,47271,2315,44956
2056,1998,8,322,25015,-24693
2056,1998,9,148,25715,-25567
2056,1998,10,43495,9515,33980
2056,1998,11,255,13815,-13560
2056,1998,12,150,18100,-17950
2057,1997,6,900,0,900
2057,1997,7,21980,0,21980
2057,1997,8,21163,7000,14163
2057,1997,9,21209,14200,7009
2057,1997,10,21225,21600,-375
2057,1997,11,21247,18659,2588
2057,1997,12,31801,27529,4272
2057,1998,1,21263,25829,-4566
2057,1998,2,21252,22129,-877
2057,1998,3,21251,21429,-178
2057,1998,4,21263,15129,6134
2057,1998,5,21274,21829,-555
2057,1998,6,31818,24829,6989
2057,1998,7,21278,29229,-7951
2057,1998,8,21292,24029,-2737
2057,1998,9,21242,26329,-5087
2057,1998,10,21268,17629,3639
2057,1998,11,21246,19829,1417
2057,1998,12,31788,26314,5474
2058,1996,9,4264,0,4264
2058,1996,10,12605,0,12605
2058,1996,11,6239,0,6239
2058,1996,12,6187,2000,4187
2058,1997,1,4154,12495,-8341
2058,1997,2,9044,7997,1047
2058,1997,3,7449,2717,4732
2058,1997,4,4152,4817,-665
2058,1997,5,5260,2717,2543
2058,1997,6,6186,7017,-831
2058,1997,7,4961,5957,-996
2058,1997,8,4152,9217,-5065
2058,1997,9,7448,2717,4731
2058,1997,10,4146,6517,-2371
2058,1997,11,4131,7917,-3786
2058,1997,12,8362,7197,1165
2058,1998,1,4118,9517,-5399
2058,1998,2,11737,2717,9020
2058,1998,3,5356,2717,2639
2058,1998,4,4141,9917,-5776
2058,1998,5,4131,5217,-1086
2058,1998,6,6155,8537,-2382
2058,1998,7,4117,6897,-2780
2058,1998,8,4310,4757,-447
2058,1998,9,4111,3217,894
2058,1998,10,4114,4817,-703
2058,1998,11,4110,5417,-1307
2058,1998,12,6136,4622,1514
2059,1994,10,200,0,200
2059,1994,11,19559,0,19559
2059,1994,12,17054,7400,9654
2059,1995,1,11445,2600,8845
2059,1995,2,11476,4200,7276
2059,1995,3,11462,20915,-9453
2059,1995,4,11442,12015,-573
2059,1995,5,11459,6015,5444
2059,1995,6,17075,31115,-14040
2059,1995,7,11437,1815,9622
2059,1995,8,11470,3815,7655
2059,1995,9,11470,13015,-1545
2059,1995,10,11489,6015,5474
2059,1995,11,11496,10715,781
2059,1995,12,17147,17315,-168
2059,1996,1,11455,34015,-22560
2059,1996,2,11413,15,11398
2059,1996,3,11459,19215,-7756
2059,1996,4,11417,9415,2002
2059,1996,5,11452,9815,1637
2059,1996,6,17107,17615,-508
2059,1996,7,11430,11315,115
2059,1996,8,11430,11715,-285
2059,1996,9,11436,14015,-2579
2059,1996,10,11419,10315,1104
2059,1996,11,11424,9415,2009
2059,1996,12,17118,15815,1303
2059,1997,1,11623,20315,-8692
2059,1997,2,11406,3615,7791
2059,1997,3,11435,8815,2620
2059,1997,4,11443,11915,-472
2059,1997,5,11455,14315,-2860
2059,1997,6,17083,11115,5968
2059,1997,7,11453,12315,-862
2059,1997,8,11449,12815,-1366
2059,1997,9,11458,14415,-2957
2059,1997,10,11435,9515,1920
2059,1997,11,11437,15915,-4478
2059,1997,12,17084,15415,1669
2059,1998,1,11414,27315,-15901
2059,1998,2,11361,12215,-854
2059,1998,3,11357,12415,-1058
2059,1998,4,11360,7315,4045
2059,1998,5,11375,9015,2360
2059,1998,6,17030,16215,815
2059,1998,7,11376,16315,-4939
2059,1998,8,11358,14015,-2657
2059,1998,9,11353,10615,738
2059,1998,10,11357,15,11342
2059,1998,11,11391,16615,-5224
2059,1998,12,17068,1700,15368
2060,1996,12,23050,0,23050
2060,1997,1,17936,0,17936
2060,1997,2,15387,5500,9887
2060,1997,3,15416,10300,5116
2060,1997,4,15437,10215,5222
2060,1997,5,15398,25838,-10440
2060,1997,6,22993,53098,-30105
2060,1997,7,16697,7538,9159
2060,1997,8,15327,8638,6689
2060,1997,9,15336,13938,1398
2060,1997,10,15354,16938,-1584
2060,1997,11,15344,16598,-1254
2060,1997,12,22966,20358,2608
2060,1998,1,15322,24418,-9096
2060,1998,2,15328,13938,1390
2060,1998,3,15322,20618,-5296
2060,1998,4,15312,13338,1974
2060,1998,5,15319,15338,-19
2060,1998,6,22933,17538,5395
2060,1998,7,15331,19958,-4627
2060,1998,8,15320,15638,-318
2060,1998,9,15319,13538,1781
2060,1998,10,15321,19938,-4617
2060,1998,11,15298,20558,-5260
2060,1998,12,22906,7523,15383
2061,1993,5,200,0,200
2061,1993,6,17656,0,17656
2061,1993,7,4491,0,4491
2061,1993,8,4107,400,3707
2061,1993,9,4324,0,4324
2061,1993,10,4139,1015,3124
2061,1993,11,4137,5784,-1647
2061,1993,12,6131,11184,-5053
2061,1994,1,4110,11204,-7094
2061,1994,2,7290,5684,1606
2061,1994,3,7593,10004,-2411
2061,1994,4,5891,2684,3207
2061,1994,5,7108,2684,4424
2061,1994,6,6125,2784,3341
2061,1994,7,4111,9424,-5313
2061,1994,8,4103,4684,-581
2061,1994,9,4106,3184,922
2061,1994,10,4102,5684,-1582
2061,1994,11,4093,11144,-7051
2061,1994,12,9883,6364,3519
2061,1995,1,4084,4384,-300
2061,1995,2,4690,2684,2006
2061,1995,3,4089,5184,-1095
2061,1995,4,4089,5764,-1675
2061,1995,5,4887,2684,2203
2061,1995,6,7304,5084,2220
2061,1995,7,6207,2684,3523
2061,1995,8,4117,3684,433
2061,1995,9,4409,6524,-2115
2061,1995,10,4311,2684,1627
2061,1995,11,4515,7604,-3089
2061,1995,12,8105,5724,2381
2061,1996,1,4107,11644,-7537
2061,1996,2,4973,6044,-1071
2061,1996,3,5180,2684,2496
2061,1996,4,5089,2684,2405
2061,1996,5,4299,2684,1615
2061,1996,6,6111,4784,1327
2061,1996,7,4110,3984,126
2061,1996,8,4111,2984,1127
2061,1996,9,4716,2684,2032
2061,1996,10,4121,6284,-2163
2061,1996,11,4114,4384,-270
2061,1996,12,6096,16244,-10148
2061,1997,1,4071,3284,787
2061,1997,2,4071,5784,-1713
2061,1997,3,4269,2684,1585
2061,1997,4,4268,5684,-1416
2061,1997,5,4068,2684,1384
2061,1997,6,6075,6584,-509
2061,1997,7,4065,7284,-3219
2061,1997,8,5962,2684,3278
2061,1997,9,5976,2684,3292
2061,1997,10,4987,2684,2303
2061,1997,11,4091,4884,-793
2061,1997,12,6092,6784,-692
2061,1998,1,5588,8444,-2856
2061,1998,2,5480,2684,2796
2061,1998,3,4085,4484,-399
2061,1998,4,4077,7584,-3507
2061,1998,5,5274,2684,2590
2061,1998,6,6086,4584,1502
2061,1998,7,4078,7484,-3406
2061,1998,8,4073,3404,669
2061,1998,9,4074,3784,290
2061,1998,10,4074,4944,-870
2061,1998,11,4977,2684,2293
2061,1998,12,12091,10069,2022
2062,1996,3,43500,0,43500
2062,1996,4,43350,11700,31650
2062,1996,5,43454,24000,19454
2062,1996,6,64996,81600,-16604
2062,1996,7,43469,22715,20754
2062,1996,8,43405,92816,-49411
2062,1996,9,43309,34658,8651
2062,1996,10,43302,61444,-18142
2062,1996,11,43302,18916,24386
2062,1996,12,64871,76542,-11671
2062,1997,1,43367,68480,-25113
2062,1997,2,43276,26881,16395
2062,1997,3,43305,44393,-1088
2062,1997,4,43368,34841,8527
2062,1997,5,43315,61366,-18051
2062,1997,6,64811,68541,-3730
2062,1997,7,43285,28741,14544
2062,1997,8,43340,35241,8099
2062,1997,9,43361,53997,-10636
2062,1997,10,43288,37141,6147
2062,1997,11,43345,35258,8087
2062,1997,12,64872,83458,-18586
2062,1998,1,43214,54358,-11144
2062,1998,2,43269,21858,21411
2062,1998,3,45624,67718,-22094
2062,1998,4,43268,24358,18910
2062,1998,5,43346,36058,7288
2062,1998,6,64929,65358,-429
2062,1998,7,43286,60143,-16857
2062,1998,8,43273,34030,9243
2062,1998,9,43319,41558,1761
2062,1998,10,43313,42488,825
2062,1998,11,43320,39458,3862
2062,1998,12,64875,79024,-14149
2063,1993,12,6605,0,6605
2063,1994,1,5912,0,5912
2063,1994,2,5912,0,5912
2063,1994,3,5912,0,5912
2063,1994,4,5980,1757,4223
2063,1994,5,6015,2357,3658
2063,1994,6,6004,8707,-2703
2063,1994,7,6020,2157,3863
2063,1994,8,6025,11557,-5532
2063,1994,9,6015,4957,1058
2063,1994,10,6017,5957,60
2063,1994,11,6014,8457,-2443
2063,1994,12,5997,9187,-3190
2063,1995,1,5988,5757,231
2063,1995,2,5994,6957,-963
2063,1995,3,5990,5757,233
2063,1995,4,5992,3557,2435
2063,1995,5,6000,6457,-457
2063,1995,6,5985,9947,-3962
2063,1995,7,5982,7097,-1115
2063,1995,8,5969,6837,-868
2063,1995,9,5974,4557,1417
2063,1995,10,5982,1557,4425
2063,1995,11,6000,2257,3743
2063,1995,12,6008,9707,-3699
2063,1996,1,5994,5457,537
2063,1996,2,6001,2557,3444
2063,1996,3,6011,8557,-2546
2063,1996,4,5999,6837,-838
2063,1996,5,6000,3357,2643
2063,1996,6,6007,5307,700
2063,1996,7,6010,5557,453
2063,1996,8,6013,4857,1156
2063,1996,9,6013,7977,-1964
2063,1996,10,6008,5557,451
2063,1996,11,6015,2757,3258
2063,1996,12,6023,5057,966
2063,1997,1,6018,8257,-2239
2063,1997,2,6024,1857,4167
2063,1997,3,6024,10897,-4873
2063,1997,4,6022,1557,4465
2063,1997,5,6034,4757,1277
2063,1997,6,6032,7957,-1925
2063,1997,7,6037,1857,4180
2063,1997,8,6049,3957,2092
2063,1997,9,6057,4397,1660
2063,1997,10,6059,6157,-98
2063,1997,11,6061,7477,-1416
2063,1997,12,6062,2257,3805
2063,1998,1,6061,8157,-2096
2063,1998,2,6061,5257,804
2063,1998,3,6066,4957,1109
2063,1998,4,6077,2057,4020
2063,1998,5,6083,8177,-2094
2063,1998,6,6081,3957,2124
2063,1998,7,6075,8857,-2782
2063,1998,8,6070,6557,-487
2063,1998,9,6068,6457,-389
2063,1998,10,6056,12957,-6901
2063,1998,11,6041,4957,1084
2063,1998,12,6054,4442,1612
2064,1996,12,500,0,500
2064,1997,1,19944,0,19944
2064,1997,2,14022,6100,7922
2064,1997,3,14055,9900,4155
2064,1997,4,14071,15400,-1329
2064,1997,5,14099,12315,1784
2064,1997,6,21056,33066,-12010
2064,1997,7,14027,8015,6012
2064,1997,8,14055,18515,-4460
2064,1997,9,14054,12038,2016
2064,1997,10,14033,17771,-3738
2064,1997,11,14010,21054,-7044
2064,1997,12,21001,11638,9363
2064,1998,1,14026,24338,-10312
2064,1998,2,14004,14301,-297
2064,1998,3,14016,5538,8478
2064,1998,4,14045,11338,2707
2064,1998,5,14050,18435,-4385
2064,1998,6,21018,16238,4780
2064,1998,7,14050,16838,-2788
2064,1998,8,14035,16295,-2260
2064,1998,9,14031,13238,793
2064,1998,10,14037,11038,2999
2064,1998,11,14048,11151,2897
2064,1998,12,21058,5852,15206
2065,1996,8,400,0,400
2065,1996,9,22961,0,22961
2065,1996,10,18751,9600,9151
2065,1996,11,18788,11500,7288
2065,1996,12,28145,18600,9545
2065,1997,1,18858,27955,-9097
2065,1997,2,18844,17490,1354
2065,1997,3,18835,27710,-8875
2065,1997,4,18816,14790,4026
2065,1997,5,18828,16790,2038
2065,1997,6,28168,29050,-882
2065,1997,7,18829,20290,-1461
2065,1997,8,18820,21290,-2470
2065,1997,9,18808,20790,-1982
2065,1997,10,18798,21390,-2592
2065,1997,11,18794,15390,3404
2065,1997,12,28143,24110,4033
2065,1998,1,18792,31410,-12618
2065,1998,2,18769,15890,2879
2065,1998,3,18779,19050,-271
2065,1998,4,18773,21290,-2517
2065,1998,5,18767,17990,777
2065,1998,6,28104,25690,2414
2065,1998,7,18770,22590,-3820
2065,1998,8,18759,18690,69
2065,1998,9,18747,23790,-5043
2065,1998,10,18733,21110,-2377
2065,1998,11,18728,16690,2038
2065,1998,12,28065,30015,-1950
2066,1996,8,4170,0,4170
2066,1996,9,13011,0,13011
2066,1996,10,10459,0,10459
2066,1996,11,4987,0,4987
2066,1996,12,3897,2715,1182
2066,1997,1,3889,6594,-2705
2066,1997,2,5797,2334,3463
2066,1997,3,3895,5344,-1449
2066,1997,4,3889,5934,-2045
2066,1997,5,3882,4954,-1072
2066,1997,6,3880,7934,-4054
2066,1997,7,4973,2334,2639
2066,1997,8,3874,5424,-1550
2066,1997,9,3860,7234,-3374
2066,1997,10,3852,6734,-2882
2066,1997,11,3848,4334,-486
2066,1997,12,5244,3174,2070
2066,1998,1,3953,4254,-301
2066,1998,2,3853,5434,-1581
2066,1998,3,3844,7024,-3180
2066,1998,4,3833,5434,-1601
2066,1998,5,3826,5934,-2108
2066,1998,6,3818,3834,-16
2066,1998,7,3817,5034,-1217
2066,1998,8,3812,4234,-422
2066,1998,9,3811,2334,1477
2066,1998,10,3817,2334,1483
2066,1998,11,3824,2334,1490
2066,1998,12,3827,5969,-2142
2067,1994,4,1604,0,1604
2067,1994,5,13240,0,13240
2067,1994,6,7078,0,7078
2067,1994,7,1795,0,1795
2067,1994,8,32194,515,31679
2067,1994,9,1401,16515,-15114
2067,1994,10,1349,9015,-7666
2067,1994,11,1329,3215,-1886
2067,1994,12,1320,3515,-2195
2067,1995,1,13055,20165,-7110
2067,1995,2,4798,15,4783
2067,1995,3,1311,515,796
2067,1995,4,1309,2815,-1506
2067,1995,5,1302,2115,-813
2067,1995,6,1297,5515,-4218
2067,1995,7,6699,15,6684
2067,1995,8,33989,16915,17074
2067,1995,9,1382,8815,-7433
2067,1995,10,1352,4915,-3563
2067,1995,11,1337,3815,-2478
2067,1995,12,3427,2115,1312
2067,1996,1,11104,21115,-10011
2067,1996,2,10592,3865,6727
2067,1996,3,4923,15,4908
2067,1996,4,4143,665,3478
2067,1996,5,1354,1415,-61
2067,1996,6,7740,13215,-5475
2067,1996,7,2133,15,2118
2067,1996,8,1340,1115,225
2067,1996,9,1342,615,727
2067,1996,10,28474,11715,16759
2067,1996,11,1410,3915,-2505
2067,1996,12,1395,9015,-7620
2067,1997,1,7948,14365,-6417
2067,1997,2,5151,15,5136
2067,1997,3,46688,21915,24773
2067,1997,4,1455,11215,-9760
2067,1997,5,11156,6215,4941
2067,1997,6,6802,33015,-26213
2067,1997,7,13060,15,13045
2067,1997,8,6004,415,5589
2067,1997,9,6627,1665,4962
2067,1997,10,2041,15,2026
2067,1997,11,1447,615,832
2067,1997,12,5959,2815,3144
2067,1998,1,6941,18015,-11074
2067,1998,2,10437,365,10072
2067,1998,3,7372,15,7357
2067,1998,4,10151,1915,8236
2067,1998,5,1522,2565,-1043
2067,1998,6,21966,42415,-20449
2067,1998,7,27580,15,27565
2067,1998,8,7362,15,7347
2067,1998,9,3485,15,3470
2067,1998,10,1580,6465,-4885
2067,1998,11,1570,2115,-545
2067,1998,12,1565,4100,-2535
2068,1993,6,5052,0,5052
2068,1993,7,14603,0,14603
2068,1993,8,4833,1800,3033
2068,1993,9,4032,2300,1732
2068,1993,10,5644,2639,3005
2068,1993,11,4051,7689,-3638
2068,1993,12,5840,3209,2631
2068,1994,1,6147,7019,-872
2068,1994,2,4047,5739,-1692
2068,1994,3,4041,3739,302
2068,1994,4,4042,2639,1403
2068,1994,5,5749,2639,3110
2068,1994,6,4853,5789,-936
2068,1994,7,4051,6989,-2938
2068,1994,8,4044,4139,-95
2068,1994,9,4744,3449,1295
2068,1994,10,4048,4339,-291
2068,1994,11,4048,3239,809
2068,1994,12,4048,6189,-2141
2068,1995,1,4041,6959,-2918
2068,1995,2,4030,3939,91
2068,1995,3,4029,4389,-360
2068,1995,4,4028,4239,-211
2068,1995,5,4529,2639,1890
2068,1995,6,7722,9179,-1457
2068,1995,7,4026,5259,-1233
2068,1995,8,4022,4639,-617
2068,1995,9,4016,7659,-3643
2068,1995,10,4908,4379,529
2068,1995,11,4004,5209,-1205
2068,1995,12,5907,3449,2458
2068,1996,1,7114,6209,905
2068,1996,2,4014,5789,-1775
2068,1996,3,4008,4439,-431
2068,1996,4,4007,4019,-12
2068,1996,5,4001,7039,-3038
2068,1996,6,4898,2639,2259
2068,1996,7,3995,7639,-3644
2068,1996,8,4592,2639,1953
2068,1996,9,3998,4339,-341
2068,1996,10,3997,2939,1058
2068,1996,11,3991,7039,-3048
2068,1996,12,3989,2639,1350
2068,1997,1,3985,6209,-2224
2068,1997,2,3985,2639,1346
2068,1997,3,5193,2849,2344
2068,1997,4,3994,5139,-1145
2068,1997,5,3990,4639,-649
2068,1997,6,4194,2639,1555
2068,1997,7,3991,5639,-1648
2068,1997,8,3990,3539,451
2068,1997,9,3984,5939,-1955
2068,1997,10,3986,2639,1347
2068,1997,11,3991,2639,1352
2068,1997,12,3995,3339,656
2068,1998,1,3997,3599,398
2068,1998,2,3995,5039,-1044
2068,1998,3,6103,3659,2444
2068,1998,4,3998,5639,-1641
2068,1998,5,3995,4539,-544
2068,1998,6,3998,2639,1359
2068,1998,7,3996,5139,-1143
2068,1998,8,3998,2639,1359
2068,1998,9,4004,2909,1095
2068,1998,10,4006,4419,-413
2068,1998,11,3999,5489,-1490
2068,1998,12,3995,4424,-429
2069,1997,10,16252,0,16252
2069,1997,11,21733,0,21733
2069,1997,12,23169,5500,17669
2069,1998,1,15550,12300,3250
2069,1998,2,15552,17099,-1547
2069,1998,3,15524,19688,-4164
2069,1998,4,15526,14048,1478
2069,1998,5,15530,15048,482
2069,1998,6,23136,61908,-38772
2069,1998,7,27448,4948,22500
2069,1998,8,16000,4948,11052
2069,1998,9,15493,20068,-4575
2069,1998,10,15495,13948,1547
2069,1998,11,15506,12348,3158
2069,1998,12,23163,21133,2030
2070,1993,1,300,0,300
2070,1993,2,19841,0,19841
2070,1993,3,12224,3700,8524
2070,1993,4,12258,10500,1758
2070,1993,5,12265,10800,1465
2070,1993,6,18337,20875,-2538
2070,1993,7,12268,12207,61
2070,1993,8,12268,12107,161
2070,1993,9,12267,14207,-1940
2070,1993,10,12260,11207,1053
2070,1993,11,12265,10107,2158
2070,1993,12,18630,21307,-2677
2070,1994,1,16927,23827,-6900
2070,1994,2,13835,9427,4408
2070,1994,3,12252,10707,1545
2070,1994,4,12260,8507,3753
2070,1994,5,12275,10107,2168
2070,1994,6,18359,16907,1452
2070,1994,7,12285,14007,-1722
2070,1994,8,12280,11407,873
2070,1994,9,12285,10407,1878
2070,1994,10,12286,14907,-2621
2070,1994,11,12280,11207,1073
2070,1994,12,18362,17847,515
2070,1995,1,12263,20747,-8484
2070,1995,2,12253,9507,2746
2070,1995,3,12254,16607,-4353
2070,1995,4,13351,8107,5244
2070,1995,5,12270,8607,3663
2070,1995,6,18355,16007,2348
2070,1995,7,12278,19147,-6869
2070,1995,8,15062,10747,4315
2070,1995,9,12370,12427,-57
2070,1995,10,12264,14687,-2423
2070,1995,11,12269,10907,1362
2070,1995,12,18350,15447,2903
2070,1996,1,13971,15667,-1696
2070,1996,2,16684,12787,3897
2070,1996,3,12402,8107,4295
2070,1996,4,14022,8107,5915
2070,1996,5,15632,16627,-995
2070,1996,6,28989,29067,-78
2070,1996,7,14134,11227,2907
2070,1996,8,12343,10307,2036
2070,1996,9,12340,13907,-1567
2070,1996,10,12331,14607,-2276
2070,1996,11,12332,10807,1525
2070,1996,12,18409,16927,1482
2070,1997,1,12319,25107,-12788
2070,1997,2,16008,8107,7901
2070,1997,3,12331,8407,3924
2070,1997,4,12333,13407,-1074
2070,1997,5,12334,11507,827
2070,1997,6,25310,23747,1563
2070,1997,7,12351,8907,3444
2070,1997,8,12352,13707,-1355
2070,1997,9,12353,11007,1346
2070,1997,10,12329,19067,-6738
2070,1997,11,12315,14367,-2052
2070,1997,12,18398,14027,4371
2070,1998,1,12309,25147,-12838
2070,1998,2,18611,8107,10504
2070,1998,3,14244,8107,6137
2070,1998,4,12367,8107,4260
2070,1998,5,14084,10267,3817
2070,1998,6,21173,21227,-54
2070,1998,7,12380,13287,-907
2070,1998,8,12391,15507,-3116
2070,1998,9,12395,8307,4088
2070,1998,10,12384,15467,-3083
2070,1998,11,12385,9567,2818
2070,1998,12,18473,10332,8141
2071,1997,5,16453,0,16453
2071,1997,6,27254,0,27254
2071,1997,7,15599,11700,3899
2071,1997,8,15614,12400,3214
2071,1997,9,15618,15715,-97
2071,1997,10,15591,19833,-4242
2071,1997,11,15581,17733,-2152
2071,1997,12,23280,23213,67
2071,1998,1,15501,45533,-30032
2071,1998,2,15498,3233,12265
2071,1998,3,15514,13333,2181
2071,1998,4,15515,16293,-778
2071,1998,5,15505,17633,-2128
2071,1998,6,23230,31273,-8043
2071,1998,7,15511,4313,11198
2071,1998,8,15506,18433,-2927
2071,1998,9,15545,29773,-14228
2071,1998,10,15489,3233,12256
2071,1998,11,15539,6233,9306
2071,1998,12,23300,5938,17362
2072,1993,10,1000,0,1000
2072,1993,11,25580,0,25580
2072,1993,12,36483,20500,15983
2072,1994,1,24405,22900,1505
2072,1994,2,24418,20100,4318
2072,1994,3,24440,26515,-2075
2072,1994,4,24431,26161,-1730
2072,1994,5,24428,23961,467
2072,1994,6,36514,52921,-16407
2072,1994,7,24381,14761,9620
2072,1994,8,24405,20861,3544
2072,1994,9,24414,22161,2253
2072,1994,10,24417,24461,-44
2072,1994,11,24418,23461,957
2072,1994,12,36540,38181,-1641
2072,1995,1,24387,29881,-5494
2072,1995,2,24403,18261,6142
2072,1995,3,24418,23361,1057
2072,1995,4,24430,19861,4569
2072,1995,5,24427,30281,-5854
2072,1995,6,36551,27561,8990
2072,1995,7,24447,24261,186
2072,1995,8,24499,21461,3038
2072,1995,9,24496,11561,12935
2072,1995,10,24535,16461,8074
2072,1995,11,24554,20361,4193
2072,1995,12,36702,27761,8941
2072,1996,1,24565,34761,-10196
2072,1996,2,24552,25161,-609
2072,1996,3,24563,20561,4002
2072,1996,4,24566,25061,-495
2072,1996,5,24554,25421,-867
2072,1996,6,39074,34121,4953
2072,1996,7,24591,21661,2930
2072,1996,8,24606,20861,3745
2072,1996,9,24610,24361,249
2072,1996,10,24609,40561,-15952
2072,1996,11,24591,26061,-1470
2072,1996,12,36741,37361,-620
2072,1997,1,24582,33021,-8439
2072,1997,2,24555,20161,4394
2072,1997,3,24575,17161,7414
2072,1997,4,24604,20161,4443
2072,1997,5,24622,17561,7061
2072,1997,6,48863,80061,-31198
2072,1997,7,24524,8861,15663
2072,1997,8,24582,15661,8921
2072,1997,9,24619,17861,6758
2072,1997,10,24638,25461,-823
2072,1997,11,24639,24641,-2
2072,1997,12,36748,37861,-1113
2072,1998,1,24620,22301,2319
2072,1998,2,24637,20161,4476
2072,1998,3,24661,21561,3100
2072,1998,4,24670,23861,809
2072,1998,5,24669,26961,-2292
2072,1998,6,48813,79561,-30748
2072,1998,7,24546,12661,11885
2072,1998,8,24587,18461,6126
2072,1998,9,24607,21561,3046
2072,1998,10,24615,26621,-2006
2072,1998,11,24603,22381,2222
2072,1998,12,36787,9946,26841
2073,1997,8,600,0,600
2073,1997,9,18623,0,18623
2073,1997,10,17384,6100,11284
2073,1997,11,17425,8400,9025
2073,1997,12,26097,18500,7597
2073,1998,1,17455,30795,-13340
2073,1998,2,17448,10115,7333
2073,1998,3,17480,10215,7265
2073,1998,4,17479,19395,-1916
2073,1998,5,17480,13315,4165
2073,1998,6,26059,45715,-19656
2073,1998,7,17423,12695,4728
2073,1998,8,17431,16615,816
2073,1998,9,17435,14715,2720
2073,1998,10,17412,25855,-8443
2073,1998,11,17413,14575,2838
2073,1998,12,26069,22820,3249
2074,1996,2,900,0,900
2074,1996,3,23313,100,23213
2074,1996,4,23392,12000,11392
2074,1996,5,23430,17400,6030
2074,1996,6,35100,24400,10700
2074,1996,7,23510,28237,-4727
2074,1996,8,23477,37197,-13720
2074,1996,9,23455,16937,6518
2074,1996,10,23473,20437,3036
2074,1996,11,23479,22337,1142
2074,1996,12,35132,35777,-645
2074,1997,1,23436,44257,-20821
2074,1997,2,23394,21037,2357
2074,1997,3,23396,30857,-7461
2074,1997,4,23377,20137,3240
2074,1997,5,23382,23137,245
2074,1997,6,35041,31137,3904
2074,1997,7,23392,24537,-1145
2074,1997,8,23384,25237,-1853
2074,1997,9,23429,23937,-508
2074,1997,10,23368,28737,-5369
2074,1997,11,23351,23137,214
2074,1997,12,34998,33617,1381
2074,1998,1,23379,20057,3322
2074,1998,2,23338,32037,-8699
2074,1998,3,23335,23037,298
2074,1998,4,23392,4937,18455
2074,1998,5,23368,36437,-13069
2074,1998,6,34986,36837,-1851
2074,1998,7,23324,29537,-6213
2074,1998,8,23383,4937,18446
2074,1998,9,23441,10337,13104
2074,1998,10,23392,46337,-22945
2074,1998,11,23416,5777,17639
2074,1998,12,35165,7482,27683
2075,1996,1,4114,0,4114
2075,1996,2,3317,0,3317
2075,1996,3,3317,0,3317
2075,1996,4,3317,0,3317
2075,1996,5,3351,2215,1136
2075,1996,6,3367,2215,1152
2075,1996,7,3372,2215,1157
2075,1996,8,3377,2215,1162
2075,1996,9,3381,4105,-724
2075,1996,10,3379,2215,1164
2075,1996,11,3384,2215,1169
2075,1996,12,3386,5125,-1739
2075,1997,1,3375,6745,-3370
2075,1997,2,3367,2215,1152
2075,1997,3,3372,2755,617
2075,1997,4,3374,2515,859
2075,1997,5,3378,2215,1163
2075,1997,6,3372,7735,-4363
2075,1997,7,3364,3055,309
2075,1997,8,3366,2415,951
2075,1997,9,3370,2215,1155
2075,1997,10,3375,2215,1160
2075,1997,11,3379,2615,764
2075,1997,12,3382,3085,297
2075,1998,1,3377,6625,-3248
2075,1998,2,3370,2215,1155
2075,1998,3,3375,2215,1160
2075,1998,4,3380,2215,1165
2075,1998,5,3385,2215,1170
2075,1998,6,3378,8515,-5137
2075,1998,7,3367,2575,792
2075,1998,8,3371,2215,1156
2075,1998,9,3376,2485,891
2075,1998,10,3379,2785,594
2075,1998,11,3382,2215,1167
2075,1998,12,3384,3670,-286
2076,1996,9,800,0,800
2076,1996,10,6179,0,6179
2076,1996,11,6179,0,6179
2076,1996,12,6179,0,6179
2076,1997,1,6234,1500,4734
2076,1997,2,6282,5497,785
2076,1997,3,6293,2667,3626
2076,1997,4,6286,10207,-3921
2076,1997,5,6279,7867,-1588
2076,1997,6,6264,14467,-8203
2076,1997,7,6245,5267,978
2076,1997,8,6242,7667,-1425
2076,1997,9,6246,3667,2579
2076,1997,10,6250,7927,-1677
2076,1997,11,6253,2067,4186
2076,1997,12,6270,3117,3153
2076,1998,1,6254,13367,-7113
2076,1998,2,6247,3827,2420
2076,1998,3,6264,2167,4097
2076,1998,4,6277,3467,2810
2076,1998,5,6273,8667,-2394
2076,1998,6,6265,7267,-1002
2076,1998,7,6265,5827,438
2076,1998,8,6274,3967,2307
2076,1998,9,6280,6107,173
2076,1998,10,6273,7167,-894
2076,1998,11,6257,10767,-4510
2076,1998,12,6246,9402,-3156
2077,1995,1,5023,0,5023
2077,1995,2,11065,0,11065
2077,1995,3,5793,0,5793
2077,1995,4,5315,0,5315
2077,1995,5,4423,2915,1508
2077,1995,6,6592,2515,4077
2077,1995,7,4430,12215,-7785
2077,1995,8,8239,15,8224
2077,1995,9,4751,4015,736
2077,1995,10,4437,9715,-5278
2077,1995,11,4423,5915,-1492
2077,1995,12,6586,3015,3571
2077,1996,1,8116,16415,-8299
2077,1996,2,6501,3415,3086
2077,1996,3,4411,4615,-204
2077,1996,4,4411,3115,1296
2077,1996,5,4414,8015,-3601
2077,1996,6,6547,10915,-4368
2077,1996,7,4992,1815,3177
2077,1996,8,4402,2115,2287
2077,1996,9,4405,4815,-410
2077,1996,10,4404,3615,789
2077,1996,11,4408,3215,1193
2077,1996,12,6577,5115,1462
2077,1997,1,8101,16015,-7914
2077,1997,2,4890,15,4875
2077,1997,3,4410,6815,-2405
2077,1997,4,6002,2515,3487
2077,1997,5,4413,1115,3298
2077,1997,6,12668,16615,-3947
2077,1997,7,7014,3215,3799
2077,1997,8,4529,15,4514
2077,1997,9,4448,115,4333
2077,1997,10,4461,3015,1446
2077,1997,11,4457,9215,-4758
2077,1997,12,6604,5515,1089
2077,1998,1,8320,19515,-11195
2077,1998,2,6410,3715,2695
2077,1998,3,4418,2315,2103
2077,1998,4,4423,4215,208
2077,1998,5,4426,3115,1311
2077,1998,6,7690,3815,3875
2077,1998,7,5556,15,5541
2077,1998,8,4676,2515,2161
2077,1998,9,6792,15,6777
2077,1998,10,8123,15,8108
2077,1998,11,5251,15,5236
2077,1998,12,6730,900,5830
2078,1993,7,700,0,700
2078,1993,8,25618,0,25618
2078,1993,9,14990,0,14990
2078,1993,10,14832,6300,8532
2078,1993,11,14840,14900,-60
2078,1993,12,22188,13115,9073
2078,1994,1,14793,42413,-27620
2078,1994,2,14790,5813,8977
2078,1994,3,14815,9713,5102
2078,1994,4,14824,13513,1311
2078,1994,5,14820,16113,-1293
2078,1994,6,22158,27733,-5575
2078,1994,7,14813,9813,5000
2078,1994,8,14830,10813,4017
2078,1994,9,14838,13313,1525
2078,1994,10,14841,24813,-9972
2078,1994,11,14846,15113,-267
2078,1994,12,22165,24493,-2328
2078,1995,1,16276,26013,-9737
2078,1995,2,14783,9913,4870
2078,1995,3,14796,13993,803
2078,1995,4,14805,12413,2392
2078,1995,5,14814,12713,2101
2078,1995,6,23575,37053,-13478
2078,1995,7,14769,6813,7956
2078,1995,8,14797,12813,1984
2078,1995,9,14800,14073,727
2078,1995,10,14806,10773,4033
2078,1995,11,14820,16613,-1793
2078,1995,12,22151,15873,6278
2078,1996,1,14816,24433,-9617
2078,1996,2,14800,12813,1987
2078,1996,3,14787,18613,-3826
2078,1996,4,14791,14033,758
2078,1996,5,14792,14513,279
2078,1996,6,22117,26813,-4696
2078,1996,7,14777,11013,3764
2078,1996,8,14788,13213,1575
2078,1996,9,14799,9613,5186
2078,1996,10,14812,14713,99
2078,1996,11,14805,18613,-3808
2078,1996,12,22121,20393,1728
2078,1997,1,14756,32913,-18157
2078,1997,2,14735,11313,3422
2078,1997,3,14751,8813,5938
2078,1997,4,14769,12013,2756
2078,1997,5,14767,19013,-4246
2078,1997,6,22091,17813,4278
2078,1997,7,14771,16013,-1242
2078,1997,8,14767,14453,314
2078,1997,9,14773,11713,3060
2078,1997,10,14770,15753,-983
2078,1997,11,14778,13013,1765
2078,1997,12,22115,17593,4522
2078,1998,1,14771,23733,-8962
2078,1998,2,14773,9313,5460
2078,1998,3,14788,13113,1675
2078,1998,4,14801,10213,4588
2078,1998,5,14817,11513,3304
2078,1998,6,22151,18513,3638
2078,1998,7,14827,22933,-8106
2078,1998,8,14798,17073,-2275
2078,1998,9,14805,9513,5292
2078,1998,10,14817,12713,2104
2078,1998,11,14828,11513,3315
2078,1998,12,22142,26298,-4156
2079,1997,9,17765,0,17765
2079,1997,10,22154,0,22154
2079,1997,11,17620,3100,14520
2079,1997,12,26386,11200,15186
2079,1998,1,17698,20015,-2317
2079,1998,2,17686,17515,171
2079,1998,3,17699,14015,3684
2079,1998,4,17707,19615,-1908
2079,1998,5,17704,17615,89
2079,1998,6,26432,31715,-5283
2079,1998,7,17683,14315,3368
2079,1998,8,17688,17015,673
2079,1998,9,17673,23415,-5742
2079,1998,10,17681,24115,-6434
2079,1998,11,17639,14315,3324
2079,1998,12,26375,6500,19875
2080,1997,4,400,0,400
2080,1997,5,49339,11300,38039
2080,1997,6,74340,53500,20840
2080,1997,7,49622,51000,-1378
2080,1997,8,49501,70200,-20699
2080,1997,9,49526,40504,9022
2080,1997,10,49560,43304,6256
2080,1997,11,49600,45990,3610
2080,1997,12,74304,75504,-1200
2080,1998,1,49591,61404,-11813
2080,1998,2,49536,47719,1817
2080,1998,3,49559,44504,5055
2080,1998,4,49575,45904,3671
2080,1998,5,49565,60416,-10851
2080,1998,6,74219,72704,1515
2080,1998,7,49525,70908,-21383
2080,1998,8,49486,29804,19682
2080,1998,9,49537,48098,1439
2080,1998,10,49517,49480,37
2080,1998,11,49517,61568,-12051
2080,1998,12,74265,19589,54676
2081,1997,7,3652,0,3652
2081,1997,8,15795,0,15795
2081,1997,9,3223,0,3223
2081,1997,10,4137,0,4137
2081,1997,11,5455,15,5440
2081,1997,12,3178,3993,-815
2081,1998,1,5066,7773,-2707
2081,1998,2,4265,2043,2222
2081,1998,3,3172,7343,-4171
2081,1998,4,3155,4943,-1788
2081,1998,5,3148,4423,-1275
2081,1998,6,6230,8853,-2623
2081,1998,7,7130,4383,2747
2081,1998,8,3143,3543,-400
2081,1998,9,3141,3343,-202
2081,1998,10,3136,7643,-4507
2081,1998,11,3119,6043,-2924
2081,1998,12,3107,2898,209
2082,1993,9,9549,0,9549
2082,1993,10,5740,0,5740
2082,1993,11,6740,0,6740
2082,1993,12,50245,0,50245
2082,1994,1,296,36100,-35804
2082,1994,3,29218,5400,23818
2082,1994,4,80158,48919,31239
2082,1994,5,11516,65306,-53790
2082,1994,6,98913,86676,12237
2082,1994,7,80936,106014,-25078
2082,1994,8,78609,45006,33603
2082,1994,9,35760,28406,7354
2082,1994,10,11318,23006,-11688
2082,1994,11,46213,41006,5207
2082,1994,12,31312,65331,-34019
2082,1995,1,19057,16506,2551
2082,1995,2,50866,20706,30160
2082,1995,3,84927,88506,-3579
2082,1995,4,31597,33642,-2045
2082,1995,5,175,28850,-28675
2082,1995,6,10784,9506,1278
2082,1995,7,39692,31906,7786
2082,1995,8,90227,62506,27721
2082,1995,9,31276,36706,-5430
2082,1995,10,185,27369,-27184
2082,1995,11,5746,8206,-2460
2082,1995,12,50298,31906,18392
2082,1996,1,159,9306,-9147
2082,1996,2,13914,16806,-2892
2082,1996,3,29840,7806,22034
2082,1996,4,44536,69542,-25006
2082,1996,5,25577,30603,-5026
2082,1996,6,9092,7806,1286
2082,1996,7,6093,7806,-1713
2082,1996,8,31192,7806,23386
2082,1996,9,1948,20406,-18458
2082,1996,10,8107,12711,-4604
2082,1996,11,5387,7806,-2419
2082,1996,12,5878,7806,-1928
2082,1997,1,16729,7806,8923
2082,1997,2,4406,7806,-3400
2082,1997,3,28776,18106,10670
2082,1997,4,119,10506,-10387
2082,1997,5,12649,7806,4843
2082,1997,6,60951,16306,44645
2082,1997,7,210,40406,-40196
2082,1997,8,109,12206,-12097
2082,1997,9,2576,7806,-5230
2082,1997,10,46402,11706,34696
2082,1997,11,159,19406,-19247
2082,1997,12,94,13906,-13812
2082,1998,1,54,7806,-7752
2082,1998,2,23,7806,-7783
2082,1998,3,32121,13419,18702
2082,1998,4,67,7806,-7739
2082,1998,5,34,7806,-7772
2082,1998,6,16,2619,-2603
2082,1998,7,45438,7119,38319
2082,1998,8,8745,23006,-14261
2082,1998,9,91,7806,-7715
2082,1998,10,58,7806,-7748
2082,1998,11,43564,7806,35758
2082,1998,12,101,28772,-28671
2083,1996,9,300,0,300
2083,1996,10,23994,500,23494
2083,1996,11,24087,12000,12087
2083,1996,12,36130,22300,13830
2083,1997,1,24187,25300,-1113
2083,1997,2,24181,27515,-3334
2083,1997,3,24193,32497,-8304
2083,1997,4,24160,28297,-4137
2083,1997,5,24143,27297,-3154
2083,1997,6,36132,48317,-12185
2083,1997,7,24087,15897,8190
2083,1997,8,24083,27357,-3274
2083,1997,9,24099,21397,2702
2083,1997,10,24093,29337,-5244
2083,1997,11,24084,27357,-3273
2083,1997,12,36081,28557,7524
2083,1998,1,24100,22797,1303
2083,1998,2,24107,21097,3010
2083,1998,3,24119,22997,1122
2083,1998,4,24112,31117,-7005
2083,1998,5,24089,25497,-1408
2083,1998,6,36098,28397,7701
2083,1998,7,24109,27997,-3888
2083,1998,8,24092,26697,-2605
2083,1998,9,24080,23997,83
2083,1998,10,24081,25497,-1416
2083,1998,11,24075,24797,-722
2083,1998,12,36070,38442,-2372
2084,1996,9,21243,0,21243
2084,1996,10,22135,0,22135
2084,1996,11,20495,10500,9995
2084,1996,12,30705,11800,18905
2084,1997,1,20588,25735,-5147
2084,1997,2,20554,22769,-2215
2084,1997,3,20554,24389,-3835
2084,1997,4,20546,16969,3577
2084,1997,5,20543,23869,-3326
2084,1997,6,38311,51769,-13458
2084,1997,7,20507,11569,8938
2084,1997,8,20525,17869,2656
2084,1997,9,20535,19569,966
2084,1997,10,20521,19669,852
2084,1997,11,20545,18269,2276
2084,1997,12,30716,21369,9347
2084,1998,1,20574,47709,-27135
2084,1998,2,20529,10449,10080
2084,1998,3,20531,14469,6062
2084,1998,4,20559,13569,6990
2084,1998,5,20567,39549,-18982
2084,1998,6,30660,32389,-1729
2084,1998,7,20510,20489,21
2084,1998,8,20526,14769,5757
2084,1998,9,20548,16469,4079
2084,1998,10,20564,17969,2595
2084,1998,11,20575,15769,4806
2084,1998,12,30751,11254,19497
2085,1997,2,600,0,600
2085,1997,3,16351,0,16351
2085,1997,4,9797,3800,5997
2085,1997,5,9821,4000,5821
2085,1997,6,14699,10100,4599
2085,1997,7,9858,7220,2638
2085,1997,8,9866,9089,777
2085,1997,9,9864,11089,-1225
2085,1997,10,9870,6789,3081
2085,1997,11,9873,12589,-2716
2085,1997,12,14721,16689,-1968
2085,1998,1,11330,23389,-12059
2085,1998,2,10910,9889,1021
2085,1998,3,9816,7289,2527
2085,1998,4,9828,6589,3239
2085,1998,5,9821,13489,-3668
2085,1998,6,14682,11989,2693
2085,1998,7,9821,11989,-2168
2085,1998,8,9811,11989,-2178
2085,1998,9,9789,17789,-8000
2085,1998,10,9779,9789,-10
2085,1998,11,12995,10289,2706
2085,1998,12,14669,9074,5595
2086,1996,8,500,0,500
2086,1996,9,46322,8200,38122
2086,1996,10,46417,28500,17917
2086,1996,11,46545,11700,34845
2086,1996,12,69633,83600,-13967
2086,1997,1,46520,77430,-30910
2086,1997,2,46514,7630,38884
2086,1997,3,46604,72530,-25926
2086,1997,4,46533,19904,26629
2086,1997,5,46575,50025,-3450
2086,1997,6,69613,90189,-20576
2086,1997,7,46503,44396,2107
2086,1997,8,46532,31383,15149
2086,1997,9,46592,26630,19962
2086,1997,10,46441,99230,-52789
2086,1997,11,46439,53355,-6916
2086,1997,12,69621,25464,44157
2086,1998,1,46538,96273,-49735
2086,1998,2,46448,27020,19428
2086,1998,3,46513,32031,14482
2086,1998,4,46487,37078,9409
2086,1998,5,46586,60135,-13549
2086,1998,6,69755,71630,-1875
2086,1998,7,46457,39430,7027
2086,1998,8,46526,85459,-38933
2086,1998,9,46420,28630,17790
2086,1998,10,46405,29230,17175
2086,1998,11,46470,42630,3840
2086,1998,12,69590,68900,690
2087,1993,1,17590,0,17590
2087,1993,2,16539,0,16539
2087,1993,3,142,6500,-6358
2087,1993,4,142,2300,-2158
2087,1993,5,82569,25930,56639
2087,1993,6,32097,29130,2967
2087,1993,7,67347,79978,-12631
2087,1993,8,61167,64230,-3063
2087,1993,9,69882,52930,16952
2087,1993,10,118132,138130,-19998
2087,1993,11,34039,33901,138
2087,1993,12,78651,69630,9021
2087,1994,1,28473,72930,-44457
2087,1994,2,9698,4530,5168
2087,1994,3,151,3930,-3779
2087,1994,4,44237,24727,19510
2087,1994,5,49817,65703,-15886
2087,1994,6,14348,12100,2248
2087,1994,7,12925,15530,-2605
2087,1994,8,15743,13830,1913
2087,1994,9,43406,32630,10776
2087,1994,10,11124,13330,-2206
2087,1994,11,9010,11730,-2720
2087,1994,12,89603,96873,-7270
2087,1995,1,49442,43030,6412
2087,1995,2,24840,20130,4710
2087,1995,3,189,18230,-18041
2087,1995,4,35483,32430,3053
2087,1995,5,70949,26130,44819
2087,1995,6,317,23430,-23113
2087,1995,7,27714,29230,-1516
2087,1995,8,216,12630,-12414
2087,1995,9,163,21352,-21189
2087,1995,10,53629,8130,45499
2087,1995,11,243,24430,-24187
2087,1995,12,155,10130,-9975
2087,1996,1,46141,45830,311
2087,1996,2,2816,11130,-8314
2087,1996,3,3591,30,3561
2087,1996,4,37840,20530,17310
2087,1996,5,176,10630,-10454
2087,1996,6,13955,9030,4925
2087,1996,7,39055,37051,2004
2087,1996,8,9183,7830,1353
2087,1996,9,39855,31987,7868
2087,1996,10,46451,48366,-1915
2087,1996,11,192,4430,-4238
2087,1996,12,10548,21630,-11082
2087,1997,1,15371,36630,-21259
2087,1997,2,14642,30,14612
2087,1997,3,8497,12898,-4401
2087,1997,4,8591,3697,4894
2087,1997,5,15500,20172,-4672
2087,1997,6,6882,11965,-5083
2087,1997,7,8056,18194,-10138
2087,1997,8,9716,11905,-2189
2087,1997,9,12911,30,12881
2087,1997,10,8164,30,8134
2087,1997,11,3897,30,3867
2087,1997,12,3306,6030,-2724
2087,1998,1,92017,46981,45036
2087,1998,2,46297,18130,28167
2087,1998,3,24269,33130,-8861
2087,1998,4,50020,32230,17790
2087,1998,5,37663,69130,-31467
2087,1998,6,50795,45784,5011
2087,1998,7,43330,31930,11400
2087,1998,8,376,21330,-20954
2087,1998,9,23903,23101,802
2087,1998,10,72364,68430,3934
2087,1998,11,30132,14230,15902
2087,1998,12,288,30726,-30438
2088,1993,7,400,0,400
2088,1993,8,12270,0,12270
2088,1993,9,9620,0,9620
2088,1993,10,4956,1600,3356
2088,1993,11,4971,1300,3671
2088,1993,12,7411,10135,-2724
2088,1994,1,11237,17895,-6658
2088,1994,2,7352,3255,4097
2088,1994,3,5867,3255,2612
2088,1994,4,4985,3655,1330
2088,1994,5,4978,7755,-2777
2088,1994,6,7418,3355,4063
2088,1994,7,4994,4255,739
2088,1994,8,5379,7215,-1836
2088,1994,9,4986,11735,-6749
2088,1994,10,5066,3255,1811
2088,1994,11,4962,3855,1107
2088,1994,12,11094,14975,-3881
2088,1995,1,7041,11535,-4494
2088,1995,2,10543,7935,2608
2088,1995,3,7948,3255,4693
2088,1995,4,4962,3755,1207
2088,1995,5,4970,5255,-285
2088,1995,6,8009,9655,-1646
2088,1995,7,6768,3255,3513
2088,1995,8,4972,4455,517
2088,1995,9,7286,3255,4031
2088,1995,10,4995,4555,440
2088,1995,11,4984,10775,-5791
2088,1995,12,7910,5015,2895
2088,1996,1,9360,17655,-8295
2088,1996,2,6154,3255,2899
2088,1996,3,5766,3255,2511
2088,1996,4,4969,4955,14
2088,1996,5,4973,3355,1618
2088,1996,6,7413,5455,1958
2088,1996,7,4977,7455,-2478
2088,1996,8,4962,7855,-2893
2088,1996,9,4949,8155,-3206
2088,1996,10,5152,3255,1897
2088,1996,11,4945,7455,-2510
2088,1996,12,7366,9595,-2229
2088,1997,1,4926,7135,-2209
2088,1997,2,5539,3255,2284
2088,1997,3,6845,3255,3590
2088,1997,4,5355,3255,2100
2088,1997,5,4961,3455,1506
2088,1997,6,7373,16935,-9562
2088,1997,7,6138,3255,2883
2088,1997,8,4930,6555,-1625
2088,1997,9,4928,4755,173
2088,1997,10,4944,3255,1689
2088,1997,11,4940,3255,1685
2088,1997,12,7368,8155,-787
2088,1998,1,4936,8855,-3919
2088,1998,2,4927,3555,1372
2088,1998,3,4944,3255,1689
2088,1998,4,4940,3255,1685
2088,1998,5,4931,8155,-3224
2088,1998,6,7373,3255,4118
2088,1998,7,4951,3255,1696
2088,1998,8,4954,11535,-6581
2088,1998,9,4930,4815,115
2088,1998,10,4939,5175,-236
2088,1998,11,4930,3255,1675
2088,1998,12,7371,4680,2691
2089,1997,3,15485,0,15485
2089,1997,4,157870,116330,41540
2089,1997,5,156,28937,-28781
2089,1997,6,142783,82162,60621
2089,1997,7,84863,117330,-32467
2089,1997,8,36253,27330,8923
2089,1997,9,81952,62555,19397
2089,1997,10,35492,76237,-40745
2089,1997,11,38298,33530,4768
2089,1997,12,8767,36330,-27563
2089,1998,1,1152,10530,-9378
2089,1998,2,48,9130,-9082
2089,1998,3,11,5831,-5820
2089,1998,4,18385,5058,13327
2089,1998,5,42,8030,-7988
2089,1998,6,10,30,-20
2089,1998,7,10,30,-20
2089,1998,8,0,30,-30
2089,1998,9,20,30,-10
2089,1998,10,29030,18530,10500
2089,1998,11,52,7230,-7178
2089,1998,12,0,7300,-7300
2090,1996,11,1000,0,1000
2090,1996,12,5299,0,5299
2090,1997,1,5299,0,5299
2090,1997,2,5299,0,5299
2090,1997,3,5299,0,5299
2090,1997,4,5360,5147,213
2090,1997,5,5397,3547,1850
2090,1997,6,5399,6947,-1548
2090,1997,7,5397,4667,730
2090,1997,8,5401,3547,1854
2090,1997,9,5409,3547,1862
2090,1997,10,5417,3547,1870
2090,1997,11,5425,3547,1878
2090,1997,12,5432,4097,1335
2090,1998,1,5416,12827,-7411
2090,1998,2,5407,3547,1860
2090,1998,3,5415,3547,1868
2090,1998,4,5423,3547,1876
2090,1998,5,5427,5227,200
2090,1998,6,5399,15247,-9848
2090,1998,7,5395,5067,328
2090,1998,8,5392,3547,1845
2090,1998,9,5399,3547,1852
2090,1998,10,5407,3547,1860
2090,1998,11,5415,3547,1868
2090,1998,12,5421,4582,839
2091,1996,9,800,0,800
2091,1996,10,16940,0,16940
2091,1996,11,7604,0,7604
2091,1996,12,7047,300,6747
2091,1997,1,4759,2700,2059
2091,1997,2,4768,1215,3553
2091,1997,3,4782,3115,1667
2091,1997,4,4791,1315,3476
2091,1997,5,4804,2315,2489
2091,1997,6,7125,12115,-4990
2091,1997,7,4794,2715,2079
2091,1997,8,4799,5315,-516
2091,1997,9,4800,3315,1485
2091,1997,10,4786,11915,-7129
2091,1997,11,4773,5215,-442
2091,1997,12,8293,4015,4278
2091,1998,1,4782,18315,-13533
2091,1998,2,9150,15,9135
2091,1998,3,5781,15,5766
2091,1998,4,4797,5815,-1018
2091,1998,5,7305,15,7290
2091,1998,6,15122,25115,-9993
2091,1998,7,9789,4915,4874
2091,1998,8,4801,15,4786
2091,1998,9,4825,2315,2510
2091,1998,10,4837,1915,2922
2091,1998,11,4831,7515,-2684
2091,1998,12,7149,5900,1249
2092,1994,4,200,0,200
2092,1994,5,15082,0,15082
2092,1994,6,29270,8500,20770
2092,1994,7,13032,4100,8932
2092,1994,8,30044,24300,5744
2092,1994,9,35062,30815,4247
2092,1994,10,214,18713,-18499
2092,1994,11,43405,32113,11292
2092,1994,12,9780,23213,-13433
2092,1995,1,9054,17313,-8259
2092,1995,2,26690,14213,12477
2092,1995,3,28221,23613,4608
2092,1995,4,166,16313,-16147
2092,1995,5,126622,69613,57009
2092,1995,6,29647,69113,-39466
2092,1995,7,49335,39313,10022
2092,1995,8,13483,26413,-12930
2092,1995,9,49318,35713,13605
2092,1995,10,64301,24113,40188
2092,1995,11,283,49763,-49480
2092,1995,12,18994,22113,-3119
2092,1996,1,150,19413,-19263
2092,1996,2,2990,7613,-4623
2092,1996,3,8280,7613,667
2092,1996,4,7080,7613,-533
2092,1996,5,36390,16313,20077
2092,1996,6,141,11013,-10872
2092,1996,7,7016,7613,-597
2092,1996,8,5209,7613,-2404
2092,1996,9,38132,30513,7619
2092,1996,10,117,8313,-8196
2092,1996,11,2289,7613,-5324
2092,1996,12,2768,7613,-4845
2092,1997,1,6958,7613,-655
2092,1997,2,7957,7613,344
2092,1997,3,8944,7613,1331
2092,1997,4,23016,14013,9003
2092,1997,5,75,10013,-9938
2092,1997,6,58,7613,-7555
2092,1997,7,28,15,13
2092,1997,8,0,15,-15
2092,1997,9,32129,9213,22916
2092,1997,10,43408,16413,26995
2092,1997,11,209,33313,-33104
2092,1997,12,18180,24913,-6733
2092,1998,1,188092,136704,51388
2092,1998,2,45033,40113,4920
2092,1998,3,41501,38013,3488
2092,1998,4,42832,55369,-12537
2092,1998,5,24248,43713,-19465
2092,1998,6,108,25013,-24905
2092,1998,7,79,7613,-7534
2092,1998,8,58633,18113,40520
2092,1998,9,120,28082,-27962
2092,1998,10,58777,34013,24764
2092,1998,11,128163,93913,34250
2092,1998,12,94816,71498,23318
2093,1997,7,17192,0,17192
2093,1997,8,19170,0,19170
2093,1997,9,16216,7300,8916
2093,1997,10,16228,15200,1028
2093,1997,11,16244,11715,4529
2093,1997,12,24302,16515,7787
2093,1998,1,16241,32915,-16674
2093,1998,2,16249,4215,12034
2093,1998,3,16278,11015,5263
2093,1998,4,16285,16415,-130
2093,1998,5,16278,17615,-1337
2093,1998,6,24300,28315,-4015
2093,1998,7,16262,15615,647
2093,1998,8,16269,34215,-17946
2093,1998,9,16270,13515,2755
2093,1998,10,16231,13215,3016
2093,1998,11,16213,12015,4198
2093,1998,12,24056,0,24056
2094,1996,8,800,0,800
2094,1996,9,3433,0,3433
2094,1996,10,3433,0,3433
2094,1996,11,3433,0,3433
2094,1996,12,3433,0,3433
2094,1997,1,3467,2535,932
2094,1997,2,3499,2483,1016
2094,1997,3,3503,3083,420
2094,1997,4,3505,2543,962
2094,1997,5,3510,2303,1207
2094,1997,6,3511,4133,-622
2094,1997,7,3513,2303,1210
2094,1997,8,3516,3593,-77
2094,1997,9,3517,2303,1214
2094,1997,10,3523,2303,1220
2094,1997,11,3518,4613,-1095
2094,1997,12,3522,3143,379
2094,1998,1,3508,8483,-4975
2094,1998,2,3504,2303,1201
2094,1998,3,3504,4793,-1289
2094,1998,4,3503,2303,1200
2094,1998,5,3509,2303,1206
2094,1998,6,3500,7193,-3693
2094,1998,7,3498,2303,1195
2094,1998,8,3501,2993,508
2094,1998,9,3505,2303,1202
2094,1998,10,3510,3653,-143
2094,1998,11,3509,2303,1206
2094,1998,12,3509,4268,-759
2095,1995,12,800,0,800
2095,1996,1,22130,0,22130
2095,1996,2,20108,6300,13808
2095,1996,3,20145,17500,2645
2095,1996,4,20159,15800,4359
2095,1996,5,20174,17715,2459
2095,1996,6,30132,60215,-30083
2095,1996,7,20087,4815,15272
2095,1996,8,20126,16615,3511
2095,1996,9,20138,17815,2323
2095,1996,10,20148,18515,1633
2095,1996,11,20149,20015,134
2095,1996,12,30160,23115,7045
2095,1997,1,20164,36515,-16351
2095,1997,2,20159,1015,19144
2095,1997,3,20186,21515,-1329
2095,1997,4,20235,21415,-1180
2095,1997,5,20230,24315,-4085
2095,1997,6,30190,19815,10375
2095,1997,7,20224,13215,7009
2095,1997,8,20240,17915,2325
2095,1997,9,20259,14415,5844
2095,1997,10,20275,17615,2660
2095,1997,11,20268,20215,53
2095,1997,12,30283,22815,7468
2095,1998,1,20264,37615,-17351
2095,1998,2,20233,24415,-4182
2095,1998,3,20231,16815,3416
2095,1998,4,20238,18715,1523
2095,1998,5,20231,24515,-4284
2095,1998,6,30232,21615,8617
2095,1998,7,20234,23415,-3181
2095,1998,8,20230,27515,-7285
2095,1998,9,20229,14715,5514
2095,1998,10,20234,21515,-1281
2095,1998,11,20214,27215,-7001
2095,1998,12,30209,27800,2409
2096,1995,6,700,0,700
2096,1995,7,19229,0,19229
2096,1995,8,15187,8100,7087
2096,1995,9,15215,8900,6315
2096,1995,10,15237,10900,4337
2096,1995,11,15245,16746,-1501
2096,1995,12,22790,24567,-1777
2096,1996,1,15192,35187,-19995
2096,1996,2,17081,9187,7894
2096,1996,3,15199,9887,5312
2096,1996,4,15214,12187,3027
2096,1996,5,15215,20067,-4852
2096,1996,6,22756,20427,2329
2096,1996,7,15219,13607,1612
2096,1996,8,15224,11687,3537
2096,1996,9,16449,9187,7262
2096,1996,10,15275,9487,5788
2096,1996,11,15278,15687,-409
2096,1996,12,22850,14087,8763
2096,1997,1,15267,35327,-20060
2096,1997,2,15243,10387,4856
2096,1997,3,15264,11087,4177
2096,1997,4,15262,16387,-1125
2096,1997,5,15264,17687,-2423
2096,1997,6,22835,10887,11948
2096,1997,7,15299,16287,-988
2096,1997,8,15294,16847,-1553
2096,1997,9,15291,14487,804
2096,1997,10,15300,12887,2413
2096,1997,11,15297,19087,-3790
2096,1997,12,22848,17707,5141
2096,1998,1,15257,35287,-20030
2096,1998,2,15345,9187,6158
2096,1998,3,15247,16087,-840
2096,1998,4,15331,18787,-3456
2096,1998,5,15249,10187,5062
2096,1998,6,22820,31767,-8947
2096,1998,7,15231,12187,3044
2096,1998,8,15251,12787,2464
2096,1998,9,15261,12387,2874
2096,1998,10,15271,15587,-316
2096,1998,11,15267,18427,-3160
2096,1998,12,22823,11572,11251
2097,1997,10,1504,0,1504
2097,1997,11,15845,0,15845
2097,1997,12,7588,15,7573
2097,1998,1,35223,6215,29008
2097,1998,2,1200,11115,-9915
2097,1998,3,14732,5815,8917
2097,1998,4,1193,14115,-12922
2097,1998,5,1153,6615,-5462
2097,1998,6,3137,9765,-6628
2097,1998,7,7534,15,7519
2097,1998,8,3956,15,3941
2097,1998,9,1266,15,1251
2097,1998,10,1163,3615,-2452
2097,1998,11,1160,615,545
2097,1998,12,3868,1500,2368
2099,1993,1,53805,0,53805
2099,1993,2,28377,29700,-1323
2099,1993,3,49740,27230,22510
2099,1993,4,44131,56630,-12499
2099,1993,5,61266,20530,40736
2099,1993,6,239,68730,-68491
2099,1993,7,86621,30430,56191
2099,1993,8,45012,34930,10082
2099,1993,9,23935,68830,-44895
2099,1993,10,154899,102367,52532
2099,1993,11,53591,99730,-46139
2099,1993,12,42526,62391,-19865
2099,1994,1,70383,70049,334
2099,1994,2,12120,11930,190
2099,1994,3,103,32680,-32577
2099,1994,4,16789,12630,4159
2099,1994,5,6173,2274,3899
2099,1994,6,34160,29187,4973
2099,1994,7,2197,30,2167
2099,1994,8,1977,16966,-14989
2099,1994,9,122889,47530,75359
2099,1994,10,233,44035,-43802
2099,1994,11,30593,6630,23963
2099,1994,12,173,46149,-45976
2099,1995,1,81083,3630,77453
2099,1995,2,401,29830,-29429
2099,1995,3,266,17530,-17264
2099,1995,4,43113,33648,9465
2099,1995,5,28604,20530,8074
2099,1995,6,13309,22830,-9521
2099,1995,7,243,5530,-5287
2099,1995,8,1120,6630,-5510
2099,1995,9,2799,30,2769
2099,1995,10,11987,16409,-4422
2099,1995,11,21048,35855,-14807
2099,1995,12,11931,7230,4701
2099,1996,1,11852,7392,4460
2099,1996,2,184741,154130,30611
2099,1996,3,15460,35852,-20392
2099,1996,4,5408,7830,-2422
2099,1996,5,25816,11930,13886
2099,1996,6,60609,76330,-15721
2099,1996,7,44799,30,44769
2099,1996,8,15251,24230,-8979
2099,1996,9,18119,11630,6489
2099,1996,10,102598,115430,-12832
2099,1996,11,22637,16130,6507
2099,1996,12,314,16930,-16616
2099,1997,1,17776,9430,8346
2099,1997,2,90090,62541,27549
2099,1997,3,46828,77530,-30702
2099,1997,4,114014,114516,-502
2099,1997,5,269,17487,-17218
2099,1997,6,86058,43530,42528
2099,1997,7,7316,21330,-14014
2099,1997,8,21919,23630,-1711
2099,1997,9,34873,38930,-4057
2099,1997,10,19384,50960,-31576
2099,1997,11,49743,11650,38093
2099,1997,12,29975,27130,2845
2099,1998,1,349,10130,-9781
2099,1998,2,15305,15330,-25
2099,1998,3,308,8030,-7722
2099,1998,4,57184,35181,22003
2099,1998,5,338,14143,-13805
2099,1998,6,24780,26730,-1950
2099,1998,7,46371,35542,10829
2099,1998,8,296,36037,-35741
2099,1998,9,28456,43842,-15386
2099,1998,10,22335,18364,3971
2099,1998,11,19252,30,19222
2099,1998,12,84559,45600,38959
2101,1996,8,4074,0,4074
2101,1996,9,11911,0,11911
2101,1996,10,9154,0,9154
2101,1996,11,3576,700,2876
2101,1996,12,3579,4875,-1296
2101,1997,1,4878,6274,-1396
2101,1997,2,3571,2324,1247
2101,1997,3,5383,2324,3059
2101,1997,4,4593,2324,2269
2101,1997,5,3799,4324,-525
2101,1997,6,5785,8534,-2749
2101,1997,7,3584,5204,-1620
2101,1997,8,3878,2324,1554
2101,1997,9,3579,5904,-2325
2101,1997,10,3573,4654,-1081
2101,1997,11,3568,3544,24
2101,1997,12,5171,2654,2517
2101,1998,1,5177,4154,1023
2101,1998,2,3583,6524,-2941
2101,1998,3,3573,2324,1249
2101,1998,4,3576,4324,-748
2101,1998,5,3575,2624,951
2101,1998,6,7954,12494,-4540
2101,1998,7,7163,3074,4089
2101,1998,8,3576,3124,452
2101,1998,9,3574,5274,-1700
2101,1998,10,3568,5224,-1656
2101,1998,11,5264,3194,2070
2101,1998,12,4675,2999,1676
2102,1996,8,12028,0,12028
2102,1996,9,16189,0,16189
2102,1996,10,11632,3800,7832
2102,1996,11,11659,5700,5959
2102,1996,12,17423,14077,3346
2102,1997,1,11628,39652,-28024
2102,1997,2,16491,7512,8979
2102,1997,3,13119,7512,5607
2102,1997,4,11620,12912,-1292
2102,1997,5,11627,9012,2615
2102,1997,6,17391,12012,5379
2102,1997,7,11633,28892,-17259
2102,1997,8,11591,15312,-3721
2102,1997,9,11576,13212,-1636
2102,1997,10,11568,11652,-84
2102,1997,11,11569,11912,-343
2102,1997,12,17326,15912,1414
2102,1998,1,13958,16752,-2794
2102,1998,2,11562,9712,1850
2102,1998,3,11569,10712,857
2102,1998,4,11573,9712,1861
2102,1998,5,11576,12172,-596
2102,1998,6,17332,12652,4680
2102,1998,7,14888,17832,-2944
2102,1998,8,11587,8012,3575
2102,1998,9,12603,7512,5091
2102,1998,10,11621,9812,1809
2102,1998,11,11625,12712,-1087
2102,1998,12,17383,9257,8126
2103,1997,2,6659,0,6659
2103,1997,3,13508,0,13508
2103,1997,4,5637,1000,4637
2103,1997,5,5653,2100,3553
2103,1997,6,8426,12097,-3671
2103,1997,7,6124,11808,-5684
2103,1997,8,5625,4608,1017
2103,1997,9,7430,3708,3722
2103,1997,10,5642,10208,-4566
2103,1997,11,5623,9708,-4085
2103,1997,12,8376,11048,-2672
2103,1998,1,5597,4908,689
2103,1998,2,5599,7108,-1509
2103,1998,3,5594,5148,446
2103,1998,4,5595,6408,-813
2103,1998,5,5593,3708,1885
2103,1998,6,8368,8508,-140
2103,1998,7,5600,3708,1892
2103,1998,8,5605,6308,-703
2103,1998,9,5604,4508,1096
2103,1998,10,5608,4908,700
2103,1998,11,5611,4708,903
2103,1998,12,8392,4973,3419
2104,1996,6,900,0,900
2104,1996,7,19525,0,19525
2104,1996,8,12481,3100,9381
2104,1996,9,12512,6200,6312
2104,1996,10,12530,9200,3330
2104,1996,11,12531,13815,-1284
2104,1996,12,18715,19742,-1027
2104,1997,1,12498,26242,-13744
2104,1997,2,15493,6942,8551
2104,1997,3,12496,16942,-4446
2104,1997,4,12487,11642,845
2104,1997,5,12497,13442,-945
2104,1997,6,21688,17242,4446
2104,1997,7,14526,6942,7584
2104,1997,8,12531,12342,189
2104,1997,9,12548,7242,5306
2104,1997,10,12566,8642,3924
2104,1997,11,12556,15642,-3086
2104,1997,12,18746,16942,1804
2104,1998,1,12533,23842,-11309
2104,1998,2,13137,6942,6195
2104,1998,3,12547,10742,1805
2104,1998,4,12563,8342,4221
2104,1998,5,12571,11142,1429
2104,1998,6,18778,12042,6736
2104,1998,7,12597,17742,-5145
2104,1998,8,12569,20242,-7673
2104,1998,9,12568,12742,-174
2104,1998,10,12562,12942,-380
2104,1998,11,12566,10842,1724
2104,1998,12,18768,9727,9041
2105,1996,3,5234,0,5234
2105,1996,4,4740,0,4740
2105,1996,5,4740,0,4740
2105,1996,6,4740,0,4740
2105,1996,7,4773,2815,1958
2105,1996,8,4814,4441,373
2105,1996,9,4819,1561,3258
2105,1996,10,4818,5261,-443
2105,1996,11,4821,3761,1060
2105,1996,12,4826,4161,665
2105,1997,1,4836,5011,-175
2105,1997,2,4833,3361,1472
2105,1997,3,4839,2461,2378
2105,1997,4,4827,8361,-3534
2105,1997,5,4814,12841,-8027
2105,1997,6,4799,3561,1238
2105,1997,7,4792,6161,-1369
2105,1997,8,4796,6461,-1665
2105,1997,9,4797,4261,536
2105,1997,10,4799,2061,2738
2105,1997,11,4810,3161,1649
2105,1997,12,4815,6811,-1996
2105,1998,1,4803,8731,-3928
2105,1998,2,4792,1561,3231
2105,1998,3,4805,3761,1044
2105,1998,4,4805,4201,604
2105,1998,5,4813,1561,3252
2105,1998,6,4825,5561,-736
2105,1998,7,4822,3461,1361
2105,1998,8,4824,5061,-237
2105,1998,9,4821,7581,-2760
2105,1998,10,4810,5261,-451
2105,1998,11,4804,12161,-7357
2105,1998,12,4783,2096,2687
2106,1996,2,12775,0,12775
2106,1996,3,16640,0,16640
2106,1996,4,12484,4800,7684
2106,1996,5,12507,24900,-12393
2106,1996,6,18667,14323,4344
2106,1996,7,12465,19583,-7118
2106,1996,8,12434,15583,-3149
2106,1996,9,12420,14483,-2063
2106,1996,10,12414,15343,-2929
2106,1996,11,12404,12443,-39
2106,1996,12,18579,18663,-84
2106,1997,1,12401,12243,158
2106,1997,2,12401,12943,-542
2106,1997,3,12402,11943,459
2106,1997,4,12401,11943,458
2106,1997,5,12403,11943,460
2106,1997,6,18582,17463,1119
2106,1997,7,12412,11943,469
2106,1997,8,12414,11943,471
2106,1997,9,12413,11943,470
2106,1997,10,12434,12383,51
2106,1997,11,12423,9183,3240
2106,1997,12,18615,15783,2832
2106,1998,1,12443,15883,-3440
2106,1998,2,12444,3483,8961
2106,1998,3,12461,12383,78
2106,1998,4,12462,14303,-1841
2106,1998,5,12456,14003,-1547
2106,1998,6,18606,25623,-7017
2106,1998,7,12417,12483,-66
2106,1998,8,12429,19983,-7554
2106,1998,9,12406,3483,8923
2106,1998,10,12421,13083,-662
2106,1998,11,12421,12183,238
2106,1998,12,18613,11128,7485
2107,1996,11,300,0,300
2107,1996,12,18741,0,18741
2107,1997,1,10681,6400,4281
2107,1997,2,11220,0,11220
2107,1997,3,10731,10700,31
2107,1997,4,10744,14810,-4066
2107,1997,5,10694,18473,-7779
2107,1997,6,16204,18753,-2549
2107,1997,7,11670,12353,-683
2107,1997,8,10679,7473,3206
2107,1997,9,10704,9773,931
2107,1997,10,10707,10173,534
2107,1997,11,10709,10173,536
2107,1997,12,15998,12613,3385
2107,1998,1,10669,25253,-14584
2107,1998,2,18982,7073,11909
2107,1998,3,15621,7073,8548
2107,1998,4,10758,7673,3085
2107,1998,5,10753,13073,-2320
2107,1998,6,16043,15473,570
2107,1998,7,10721,14473,-3752
2107,1998,8,12623,9173,3450
2107,1998,9,10764,11973,-1209
2107,1998,10,10743,9473,1270
2107,1998,11,14742,11393,3349
2107,1998,12,16086,8978,7108
2108,1996,7,15106,0,15106
2108,1996,8,18177,0,18177
2108,1996,9,14237,1400,12837
2108,1996,10,14262,11100,3162
2108,1996,11,14277,16089,-1812
2108,1996,12,21294,20849,445
2108,1997,1,14208,41069,-26861
2108,1997,2,14164,13849,315
2108,1997,3,16598,5989,10609
2108,1997,4,14209,14689,-480
2108,1997,5,14196,12889,1307
2108,1997,6,21208,37949,-16741
2108,1997,7,14145,13089,1056
2108,1997,8,14170,13789,381
2108,1997,9,14171,14489,-318
2108,1997,10,14164,18569,-4405
2108,1997,11,14137,5989,8148
2108,1997,12,21212,16989,4223
2108,1998,1,14178,25789,-11611
2108,1998,2,14156,5989,8167
2108,1998,3,14169,8629,5540
2108,1998,4,14197,9469,4728
2108,1998,5,14212,33889,-19677
2108,1998,6,21159,16869,4290
2108,1998,7,14153,5989,8164
2108,1998,8,14168,16309,-2141
2108,1998,9,14178,5989,8189
2108,1998,10,14212,5989,8223
2108,1998,11,14237,9349,4888
2108,1998,12,21270,49034,-27764
2109,1996,2,600,0,600
2109,1996,3,9700,0,9700
2109,1996,4,35216,0,35216
2109,1996,5,190,9300,-9110
2109,1996,6,190,7400,-7210
2109,1996,7,187,2400,-2213
2109,1996,8,212,0,212
2109,1996,9,20964,6700,14264
2109,1996,10,172,4600,-4428
2109,1996,11,172,3600,-3428
2109,1996,12,172,600,-428
2109,1997,1,872,0,872
2109,1997,2,3272,0,3272
2109,1997,3,2772,0,2772
2109,1997,4,5572,0,5572
2109,1997,5,4072,0,4072
2109,1997,6,172,1300,-1128
2109,1997,7,172,3900,-3728
2109,1997,8,11920,4600,7320
2109,1997,9,217,2800,-2583
2109,1997,10,24734,3200,21534
2109,1997,11,295,9300,-9005
2109,1997,12,295,3900,-3605
2109,1998,1,295,2400,-2105
2109,1998,2,4095,0,4095
2109,1998,3,26954,12115,14839
2109,1998,4,303,8765,-8462
2109,1998,5,278,1715,-1437
2109,1998,6,5333,36115,-30782
2109,1998,7,19972,1065,18907
2109,1998,8,7123,15,7108
2109,1998,9,7553,15,7538
2109,1998,10,7384,15,7369
2109,1998,11,3514,15,3499
2109,1998,12,27673,2800,24873
2110,1993,2,600,0,600
2110,1993,3,3076,0,3076
2110,1993,4,3076,0,3076
2110,1993,5,3076,0,3076
2110,1993,6,3076,0,3076
2110,1993,7,3110,2065,1045
2110,1993,8,3137,2065,1072
2110,1993,9,3141,2065,1076
2110,1993,10,3146,2065,1081
2110,1993,11,3147,3325,-178
2110,1993,12,3149,2545,604
2110,1994,1,3152,2065,1087
2110,1994,2,3156,2245,911
2110,1994,3,3158,3085,73
2110,1994,4,3160,2455,705
2110,1994,5,3162,2875,287
2110,1994,6,3165,2065,1100
2110,1994,7,3169,2065,1104
2110,1994,8,3174,2065,1109
2110,1994,9,3178,2065,1113
2110,1994,10,3183,2065,1118
2110,1994,11,3186,2935,251
2110,1994,12,3186,3415,-229
2110,1995,1,3188,2065,1123
2110,1995,2,3185,6055,-2870
2110,1995,3,3180,2065,1115
2110,1995,4,3185,2065,1120
2110,1995,5,3190,2065,1125
2110,1995,6,3194,2065,1129
2110,1995,7,3194,4165,-971
2110,1995,8,3194,2465,729
2110,1995,9,3188,6165,-2977
2110,1995,10,3178,5265,-2087
2110,1995,11,3176,2565,611
2110,1995,12,3176,3835,-659
2110,1996,1,3173,3245,-72
2110,1996,2,3175,2565,610
2110,1996,3,3174,4065,-891
2110,1996,4,3166,4935,-1769
2110,1996,5,3164,3725,-561
2110,1996,6,3165,2635,530
2110,1996,7,3164,3265,-101
2110,1996,8,3166,2605,561
2110,1996,9,3168,2665,503
2110,1996,10,3168,3465,-297
2110,1996,11,3170,2065,1105
2110,1996,12,3174,2305,869
2110,1997,1,3168,6165,-2997
2110,1997,2,3160,4565,-1405
2110,1997,3,3159,2265,894
2110,1997,4,3163,2165,998
2110,1997,5,3156,6465,-3309
2110,1997,6,3147,5335,-2188
2110,1997,7,3140,3855,-715
2110,1997,8,3141,2065,1076
2110,1997,9,3145,2065,1080
2110,1997,10,3150,2065,1085
2110,1997,11,3154,2065,1089
2110,1997,12,3159,2335,824
2110,1998,1,3162,2065,1097
2110,1998,2,3166,2065,1101
2110,1998,3,3171,2065,1106
2110,1998,4,3175,3065,110
2110,1998,5,3175,3065,110
2110,1998,6,3175,5065,-1890
2110,1998,7,3167,3565,-398
2110,1998,8,3163,6565,-3402
2110,1998,9,3152,2735,417
2110,1998,10,3154,2065,1089
2110,1998,11,3157,3865,-708
2110,1998,12,3152,3130,22
2111,1995,1,300,0,300
2111,1995,2,11300,0,11300
2111,1995,3,129795,88300,41495
2111,1995,4,32354,16130,16224
2111,1995,5,68016,89730,-21714
2111,1995,6,73142,52779,20363
2111,1995,7,244,30764,-30520
2111,1995,8,65757,38530,27227
2111,1995,9,247,27408,-27161
2111,1995,10,156,4330,-4174
2111,1995,11,19218,4030,15188
2111,1995,12,25700,14730,10970
2111,1996,1,49558,83534,-33976
2111,1996,2,11168,2730,8438
2111,1996,3,179257,164247,15010
2111,1996,4,27184,16664,10520
2111,1996,5,44193,46730,-2537
2111,1996,6,56338,42229,14109
2111,1996,7,67374,77130,-9756
2111,1996,8,5405,7430,-2025
2111,1996,9,93282,57554,35728
2111,1996,10,61705,105630,-43925
2111,1996,11,72904,63607,9297
2111,1996,12,72017,33144,38873
2111,1997,1,211,69129,-68918
2111,1997,2,96998,66030,30968
2111,1997,3,68538,23430,45108
2111,1997,4,6326,36730,-30404
2111,1997,5,282,20930,-20648
2111,1997,6,3408,11730,-8322
2111,1997,7,7896,30,7866
2111,1997,8,0,30,-30
2111,1997,9,2944,10530,-7586
2111,1997,10,57500,4508,52992
2111,1997,11,96124,139130,-43006
2111,1997,12,12874,14530,-1656
2111,1998,1,40134,51930,-11796
2111,1998,2,93763,52095,41668
2111,1998,3,48528,40030,8498
2111,1998,4,72654,93930,-21276
2111,1998,5,9294,12330,-3036
2111,1998,6,27244,5830,21414
2111,1998,7,65640,65913,-273
2111,1998,8,30264,32377,-2113
2111,1998,9,333,16530,-16197
2111,1998,10,26373,5330,21043
2111,1998,11,24958,47922,-22964
2111,1998,12,60479,23791,36688
2112,1996,7,300,0,300
2112,1996,8,15144,0,15144
2112,1996,9,10194,2300,7894
2112,1996,10,10207,7700,2507
2112,1996,11,10227,3600,6627
2112,1996,12,15288,16403,-1115
2112,1997,1,10206,23983,-13777
2112,1997,2,10174,14843,-4669
2112,1997,3,10273,4803,5470
2112,1997,4,10174,11303,-1129
2112,1997,5,10183,8203,1980
2112,1997,6,15253,8403,6850
2112,1997,7,10221,7003,3218
2112,1997,8,10233,7763,2470
2112,1997,9,10243,7503,2740
2112,1997,10,10252,8203,2049
2112,1997,11,10261,8203,2058
2112,1997,12,15319,12343,2976
2112,1998,1,10221,36423,-26202
2112,1998,2,19207,4803,14404
2112,1998,3,10241,8483,1758
2112,1998,4,14645,10443,4202
2112,1998,5,10263,6203,4060
2112,1998,6,16793,41523,-24730
2112,1998,7,18104,4803,13301
2112,1998,8,13747,5903,7844
2112,1998,9,13166,4803,8363
2112,1998,10,10286,12643,-2357
2112,1998,11,12279,9963,2316
2112,1998,12,15360,7668,7692
2113,1996,8,300,0,300
2113,1996,9,17288,0,17288
2113,1996,10,10155,4000,6155
2113,1996,11,10180,5900,4280
2113,1996,12,15238,9700,5538
2113,1997,1,10224,15815,-5591
2113,1997,2,10198,5615,4583
2113,1997,3,10215,8215,2000
2113,1997,4,10241,8635,1606
2113,1997,5,10232,6215,4017
2113,1997,6,15284,15515,-231
2113,1997,7,10240,13915,-3675
2113,1997,8,10230,9315,915
2113,1997,9,10227,15135,-4908
2113,1997,10,10216,18255,-8039
2113,1997,11,10183,7315,2868
2113,1997,12,15243,16515,-1272
2113,1998,1,10168,22435,-12267
2113,1998,2,10139,7215,2924
2113,1998,3,10147,10015,132
2113,1998,4,10152,13675,-3523
2113,1998,5,10134,8715,1419
2113,1998,6,15178,14315,863
2113,1998,7,10146,7715,2431
2113,1998,8,10156,12515,-2359
2113,1998,9,10141,10315,-174
2113,1998,10,10135,13015,-2880
2113,1998,11,10146,2895,7251
2113,1998,12,15188,20740,-5552
2114,1996,8,11062,0,11062
2114,1996,9,15218,0,15218
2114,1996,10,11372,0,11372
2114,1996,11,10597,7200,3397
2114,1996,12,15833,12015,3818
2114,1997,1,10578,23659,-13081
2114,1997,2,10551,12359,-1808
2114,1997,3,10554,9859,695
2114,1997,4,12371,7359,5012
2114,1997,5,10579,10259,320
2114,1997,6,20667,25559,-4892
2114,1997,7,10556,10059,497
2114,1997,8,10559,9559,1000
2114,1997,9,10546,14359,-3813
2114,1997,10,10531,13759,-3228
2114,1997,11,10516,13959,-3443
2114,1997,12,15732,15059,673
2114,1998,1,10486,19859,-9373
2114,1998,2,10491,9159,1332
2114,1998,3,10487,11659,-1172
2114,1998,4,10494,6859,3635
2114,1998,5,10498,9359,1139
2114,1998,6,15722,14359,1363
2114,1998,7,10503,10859,-356
2114,1998,8,10513,10859,-346
2114,1998,9,10516,12259,-1743
2114,1998,10,10512,14559,-4047
2114,1998,11,10492,6859,3633
2114,1998,12,15733,19144,-3411
2115,1996,12,3520,0,3520
2115,1997,1,2925,0,2925
2115,1997,2,2925,0,2925
2115,1997,3,2925,0,2925
2115,1997,4,2950,1955,995
2115,1997,5,2968,1955,1013
2115,1997,6,2972,1955,1017
2115,1997,7,2971,3955,-984
2115,1997,8,2969,3425,-456
2115,1997,9,2962,5255,-2293
2115,1997,10,2958,2955,3
2115,1997,11,2961,1955,1006
2115,1997,12,2963,2925,38
2115,1998,1,2963,3095,-132
2115,1998,2,2963,2735,228
2115,1998,3,2965,3255,-290
2115,1998,4,2961,3305,-344
2115,1998,5,2963,1955,1008
2115,1998,6,2965,2885,80
2115,1998,7,2968,1955,1013
2115,1998,8,2972,1955,1017
2115,1998,9,2976,1955,1021
2115,1998,10,2975,7985,-5010
2115,1998,11,2959,1955,1004
2115,1998,12,2963,1940,1023
2116,1996,5,32985,0,32985
2116,1996,6,137,3000,-2863
2116,1996,7,8805,5500,3305
2116,1996,8,154222,118915,35307
2116,1996,9,6028,47401,-41373
2116,1996,10,59756,42370,17386
2116,1996,11,53954,51936,2018
2116,1996,12,37694,57084,-19390
2116,1997,1,53498,21529,31969
2116,1997,2,26750,39829,-13079
2116,1997,3,856,11129,-10273
2116,1997,4,7218,13329,-6111
2116,1997,5,13601,11029,2572
2116,1997,6,10811,15029,-4218
2116,1997,7,34979,16729,18250
2116,1997,8,46830,12429,34401
2116,1997,9,288,28629,-28341
2116,1997,10,2788,12429,-9641
2116,1997,11,41434,29129,12305
2116,1997,12,4181,20529,-16348
2116,1998,1,4634,12429,-7795
2116,1998,2,8707,12429,-3722
2116,1998,3,47509,29155,18354
2116,1998,4,1759,12429,-10670
2116,1998,5,4918,12429,-7511
2116,1998,6,43957,30229,13728
2116,1998,7,20717,12429,8288
2116,1998,8,184,11229,-11045
2116,1998,9,5942,11229,-5287
2116,1998,10,47481,37029,10452
2116,1998,11,7763,26129,-18366
2116,1998,12,45427,40916,4511
2117,1996,8,12615,0,12615
2117,1996,9,18783,0,18783
2117,1996,10,11830,4400,7430
2117,1996,11,11859,5000,6859
2117,1996,12,17732,10715,7017
2117,1997,1,11830,44301,-32471
2117,1997,2,14679,11401,3278
2117,1997,3,13993,7801,6192
2117,1997,4,11808,8901,2907
2117,1997,5,11799,15801,-4002
2117,1997,6,17638,15601,2037
2117,1997,7,11797,13701,-1904
2117,1997,8,11797,11301,496
2117,1997,9,11780,18501,-6721
2117,1997,10,11774,16001,-4227
2117,1997,11,11765,10401,1364
2117,1997,12,17620,16101,1519
2117,1998,1,11740,21701,-9961
2117,1998,2,11736,8801,2935
2117,1998,3,11748,11501,247
2117,1998,4,11748,11301,447
2117,1998,5,11751,9601,2150
2117,1998,6,17612,16501,1111
2117,1998,7,11761,14401,-2640
2117,1998,8,11751,11401,350
2117,1998,9,11755,8401,3354
2117,1998,10,11761,13301,-1540
2117,1998,11,11758,14601,-2843
2117,1998,12,17603,8286,9317
2118,1997,5,22208,0,22208
2118,1997,6,32948,1300,31648
2118,1997,7,22077,20100,1977
2118,1997,8,22090,18100,3990
2118,1997,9,22079,29286,-7207
2118,1997,10,22048,30286,-8238
2118,1997,11,22045,17686,4359
2118,1997,12,32984,26006,6978
2118,1998,1,22020,38446,-16426
2118,1998,2,22022,16146,5876
2118,1998,3,22042,20286,1756
2118,1998,4,22051,19586,2465
2118,1998,5,22068,17086,4982
2118,1998,6,33012,54466,-21454
2118,1998,7,22010,14906,7104
2118,1998,8,22035,14586,7449
2118,1998,9,22052,19886,2166
2118,1998,10,22052,23286,-1234
2118,1998,11,22042,25086,-3044
2118,1998,12,32963,28371,4592
2119,1995,9,500,0,500
2119,1995,10,16458,0,16458
2119,1995,11,10219,0,10219
2119,1995,12,12920,8400,4520
2119,1996,1,8663,9500,-837
2119,1996,2,8664,8603,61
2119,1996,3,8650,18603,-9953
2119,1996,4,8623,8503,120
2119,1996,5,8618,11323,-2705
2119,1996,6,12887,13243,-356
2119,1996,7,9518,5703,3815
2119,1996,8,8632,5703,2929
2119,1996,9,8637,8903,-266
2119,1996,10,8636,9003,-367
2119,1996,11,8636,8103,533
2119,1996,12,12905,17183,-4278
2119,1997,1,9309,16623,-7314
2119,1997,2,14811,5703,9108
2119,1997,3,9936,5703,4233
2119,1997,4,8649,6403,2246
2119,1997,5,8644,12203,-3559
2119,1997,6,12889,21263,-8374
2119,1997,7,11516,9903,1613
2119,1997,8,11626,5703,5923
2119,1997,9,8632,10343,-1711
2119,1997,10,8629,7903,726
2119,1997,11,11549,5703,5846
2119,1997,12,12932,14843,-1911
2119,1998,1,8618,21963,-13345
2119,1998,2,11512,5703,5809
2119,1998,3,10125,9303,822
2119,1998,4,11538,5703,5835
2119,1998,5,8650,5703,2947
2119,1998,6,12935,9703,3232
2119,1998,7,8675,11243,-2568
2119,1998,8,14777,10023,4754
2119,1998,9,8683,8803,-120
2119,1998,10,8670,13103,-4433
2119,1998,11,18307,5703,12604
2119,1998,12,19328,8608,10720
2121,1994,12,34292,0,34292
2121,1995,1,22325,3200,19125
2121,1995,2,22359,17000,5359
2121,1995,3,22391,14300,8091
2121,1995,4,22396,23797,-1401
2121,1995,5,22375,26522,-4147
2121,1995,6,33461,27622,5839
2121,1995,7,22385,29262,-6877
2121,1995,8,22354,27182,-4828
2121,1995,9,22359,19022,3337
2121,1995,10,22369,36222,-13853
2121,1995,11,22361,19822,2539
2121,1995,12,33475,26522,6953
2121,1996,1,22390,31122,-8732
2121,1996,2,22359,22122,237
2121,1996,3,22359,21822,537
2121,1996,4,22362,18322,4040
2121,1996,5,22375,23622,-1247
2121,1996,6,33429,51142,-17713
2121,1996,7,22299,15722,6577
2121,1996,8,22322,19622,2700
2121,1996,9,22331,23962,-1631
2121,1996,10,22321,26242,-3921
2121,1996,11,22308,18522,3786
2121,1996,12,33409,26862,6547
2121,1997,1,22311,31742,-9431
2121,1997,2,22302,20962,1340
2121,1997,3,22309,28742,-6433
2121,1997,4,22286,20382,1904
2121,1997,5,22278,25142,-2864
2121,1997,6,33369,25422,7947
2121,1997,7,22311,21722,589
2121,1997,8,22309,22622,-313
2121,1997,9,22295,25802,-3507
2121,1997,10,22292,22022,270
2121,1997,11,22299,17722,4577
2121,1997,12,33384,33062,322
2121,1998,1,22298,37542,-15244
2121,1998,2,22267,9822,12445
2121,1998,3,22296,22582,-286
2121,1998,4,22293,24022,-1729
2121,1998,5,22290,21122,1168
2121,1998,6,33370,31522,1848
2121,1998,7,22288,26542,-4254
2121,1998,8,22270,25822,-3552
2121,1998,9,22263,21422,841
2121,1998,10,22244,33062,-10818
2121,1998,11,22218,21822,396
2121,1998,12,33298,29767,3531
2122,1993,1,46959,0,46959
2122,1993,2,39484,14100,25384
2122,1993,3,30561,28500,2061
2122,1993,4,9518,26215,-16697
2122,1993,5,9483,25678,-16195
2122,1993,6,25961,18578,7383
2122,1993,7,50066,19078,30988
2122,1993,8,55474,34078,21396
2122,1993,9,113487,121978,-8491
2122,1993,10,50884,57878,-6994
2122,1993,11,14212,42278,-28066
2122,1993,12,53657,28178,25479
2122,1994,1,24314,85578,-61264
2122,1994,2,69381,53306,16075
2122,1994,3,78101,71878,6223
2122,1994,4,81420,48878,32542
2122,1994,5,43321,35151,8170
2122,1994,6,132688,155478,-22790
2122,1994,7,86643,102078,-15435
2122,1994,8,57144,42478,14666
2122,1994,9,216,22378,-22162
2122,1994,10,149675,125578,24097
2122,1994,11,20716,31678,-10962
2122,1994,12,49527,38478,11049
2122,1995,1,78449,102258,-23809
2122,1995,2,3162,7678,-4516
2122,1995,3,10396,18778,-8382
2122,1995,4,9010,7678,1332
2122,1995,5,10016,7678,2338
2122,1995,6,65988,35932,30056
2122,1995,7,6963,32343,-25380
2122,1995,8,54871,7678,47193
2122,1995,9,318,28278,-27960
2122,1995,10,176,18109,-17933
2122,1995,11,5547,9178,-3631
2122,1995,12,49047,54305,-5258
2122,1996,1,10312,11578,-1266
2122,1996,2,11310,7678,3632
2122,1996,3,6520,7678,-1158
2122,1996,4,11521,7678,3843
2122,1996,5,10336,7678,2658
2122,1996,6,20659,8278,12381
2122,1996,7,3188,7678,-4490
2122,1996,8,12237,19665,-7428
2122,1996,9,11140,20278,-9138
2122,1996,10,13216,7678,5538
2122,1996,11,12037,7678,4359
2122,1996,12,9937,19414,-9477
2122,1997,1,20077,17578,2499
2122,1997,2,51880,27886,23994
2122,1997,3,33220,27865,5355
2122,1997,4,56912,34378,22534
2122,1997,5,32503,25673,6830
2122,1997,6,77513,61884,15629
2122,1997,7,81186,80484,702
2122,1997,8,78244,110978,-32734
2122,1997,9,82086,80151,1935
2122,1997,10,104365,70428,33937
2122,1997,11,39909,80178,-40269
2122,1997,12,126810,102230,24580
2122,1998,1,229,64078,-63849
2122,1998,2,9133,7678,1455
2122,1998,3,12428,7678,4750
2122,1998,4,13350,7678,5672
2122,1998,5,13552,15178,-1626
2122,1998,6,13869,7678,6191
2122,1998,7,74610,13913,60697
2122,1998,8,45580,43748,1832
2122,1998,9,26770,31378,-4608
2122,1998,10,61809,65882,-4073
2122,1998,11,20723,32478,-11755
2122,1998,12,285,45103,-44818
2123,1993,7,900,0,900
2123,1993,8,3212,0,3212
2123,1993,9,3212,0,3212
2123,1993,10,3212,0,3212
2123,1993,11,3212,0,3212
2123,1993,12,3255,435,2820
2123,1994,1,3275,4946,-1671
2123,1994,2,3277,2156,1121
2123,1994,3,3281,2576,705
2123,1994,4,3283,3056,227
2123,1994,5,3283,3476,-193
2123,1994,6,3284,3806,-522
2123,1994,7,3282,2156,1126
2123,1994,8,3285,2546,739
2123,1994,9,3290,2156,1134
2123,1994,10,3291,3476,-185
2123,1994,11,3294,2606,688
2123,1994,12,3296,2576,720
2123,1995,1,3292,5036,-1744
2123,1995,2,3292,2256,1036
2123,1995,3,3294,3026,268
2123,1995,4,3294,3596,-302
2123,1995,5,3294,3456,-162
2123,1995,6,3276,8546,-5270
2123,1995,7,3274,2156,1118
2123,1995,8,3279,2156,1123
2123,1995,9,3282,3416,-134
2123,1995,10,3279,3556,-277
2123,1995,11,3279,3026,253
2123,1995,12,3282,2666,616
2123,1996,1,3282,4976,-1694
2123,1996,2,3278,2156,1122
2123,1996,3,3277,4256,-979
2123,1996,4,3274,3556,-282
2123,1996,5,3275,2906,369
2123,1996,6,3274,3856,-582
2123,1996,7,3269,4656,-1387
2123,1996,8,3271,2156,1115
2123,1996,9,3270,3856,-586
2123,1996,10,3268,3556,-288
2123,1996,11,3272,2156,1116
2123,1996,12,3272,3626,-354
2123,1997,1,3268,4256,-988
2123,1997,2,3270,2156,1114
2123,1997,3,3275,2156,1119
2123,1997,4,3280,2156,1124
2123,1997,5,3283,2966,317
2123,1997,6,3286,2156,1130
2123,1997,7,3290,2156,1134
2123,1997,8,3295,2156,1139
2123,1997,9,3279,9556,-6277
2123,1997,10,3271,2956,315
2123,1997,11,3272,2756,516
2123,1997,12,3274,3326,-52
2123,1998,1,3272,3756,-484
2123,1998,2,3274,2156,1118
2123,1998,3,3279,2156,1123
2123,1998,4,3284,2156,1128
2123,1998,5,3284,3856,-572
2123,1998,6,3286,6956,-3670
2123,1998,7,3278,2156,1122
2123,1998,8,3275,2306,969
2123,1998,9,3279,2156,1123
2123,1998,10,3284,2156,1128
2123,1998,11,3285,8036,-4751
2123,1998,12,3269,2141,1128
2124,1993,2,500,0,500
2124,1993,3,23563,0,23563
2124,1993,4,21544,12300,9244
2124,1993,5,21577,16300,5277
2124,1993,6,32325,20500,11825
2124,1993,7,21646,26422,-4776
2124,1993,8,21630,24009,-2379
2124,1993,9,21618,24409,-2791
2124,1993,10,21612,21889,-277
2124,1993,11,21612,19509,2103
2124,1993,12,32319,36469,-4150
2124,1994,1,21577,36089,-14512
2124,1994,2,21555,12009,9546
2124,1994,3,21590,15909,5681
2124,1994,4,21607,18209,3398
2124,1994,5,21608,24209,-2601
2124,1994,6,32333,26209,6124
2124,1994,7,21615,30389,-8774
2124,1994,8,21584,22809,-1225
2124,1994,9,21578,22509,-931
2124,1994,10,21580,21009,571
2124,1994,11,21589,20829,760
2124,1994,12,32343,19649,12694
2124,1995,1,21575,38349,-16774
2124,1995,2,21589,10509,11080
2124,1995,3,21619,17809,3810
2124,1995,4,21634,17109,4525
2124,1995,5,21636,23409,-1773
2124,1995,6,32328,32509,-181
2124,1995,7,21634,20309,1325
2124,1995,8,21631,25829,-4198
2124,1995,9,21619,23349,-1730
2124,1995,10,21620,17409,4211
2124,1995,11,21622,21129,493
2124,1995,12,32364,23709,8655
2124,1996,1,21629,36709,-15080
2124,1996,2,21616,17409,4207
2124,1996,3,21615,20709,906
2124,1996,4,21628,19409,2219
2124,1996,5,21637,19409,2228
2124,1996,6,32373,30489,1884
2124,1996,7,21656,17409,4247
2124,1996,8,21651,23909,-2258
2124,1996,9,21643,23709,-2066
2124,1996,10,21650,19109,2541
2124,1996,11,21642,24209,-2567
2124,1996,12,32383,41009,-8626
2124,1997,1,21623,30849,-9226
2124,1997,2,21620,5509,16111
2124,1997,3,21657,24809,-3152
2124,1997,4,21676,17009,4667
2124,1997,5,21707,19409,2298
2124,1997,6,32367,49209,-16842
2124,1997,7,21631,14409,7222
2124,1997,8,21643,21209,434
2124,1997,9,21658,19109,2549
2124,1997,10,21666,17309,4357
2124,1997,11,21682,25149,-3467
2124,1997,12,32404,23709,8695
2124,1998,1,21672,32289,-10617
2124,1998,2,21663,13709,7954
2124,1998,3,21694,19409,2285
2124,1998,4,21703,17509,4194
2124,1998,5,21716,22509,-793
2124,1998,6,32430,42829,-10399
2124,1998,7,21679,10509,11170
2124,1998,8,21723,12309,9414
2124,1998,9,21756,15909,5847
2124,1998,10,21765,24089,-2324
2124,1998,11,21761,21709,52
2124,1998,12,32495,27894,4601
2125,1997,11,46641,0,46641
2125,1997,12,76550,43200,33350
2125,1998,1,14839,32200,-17361
2125,1998,2,17323,18930,-1607
2125,1998,3,79917,88455,-8538
2125,1998,4,30292,19290,11002
2125,1998,5,223,24055,-23832
2125,1998,6,150,8655,-8505
2125,1998,7,2328,3255,-927
2125,1998,8,320,3255,-2935
2125,1998,9,44353,17455,26898
2125,1998,10,31849,33655,-1806
2125,1998,11,62148,34855,27293
2125,1998,12,63756,85125,-21369
2126,1997,2,42096,0,42096
2126,1997,3,41290,29800,11490
2126,1997,4,41368,18800,22568
2126,1997,5,41443,26000,15443
2126,1997,6,62002,67720,-5718
2126,1997,7,41409,66022,-24613
2126,1997,8,41417,13415,28002
2126,1997,9,41469,54748,-13279
2126,1997,10,41454,21815,19639
2126,1997,11,41506,45315,-3809
2126,1997,12,61983,83219,-21236
2126,1998,1,41309,71245,-29936
2126,1998,2,41312,23768,17544
2126,1998,3,41418,8115,33303
2126,1998,4,41419,63974,-22555
2126,1998,5,41375,32930,8445
2126,1998,6,61806,108328,-46522
2126,1998,7,46040,15,46025
2126,1998,8,41442,22715,18727
2126,1998,9,41312,97113,-55801
2126,1998,10,41325,17976,23349
2126,1998,11,41413,21078,20335
2126,1998,12,61893,83700,-21807
2127,1997,5,400,0,400
2127,1997,6,12534,0,12534
2127,1997,7,8675,0,8675
2127,1997,8,3091,600,2491
2127,1997,9,3101,900,2201
2127,1997,10,3106,3310,-204
2127,1997,11,3096,4710,-1614
2127,1997,12,3092,4060,-968
2127,1998,1,3082,9360,-6278
2127,1998,2,6280,2370,3910
2127,1998,3,3075,5010,-1935
2127,1998,4,3074,2810,264
2127,1998,5,3067,5110,-2043
2127,1998,6,3055,6940,-3885
2127,1998,7,3655,2010,1645
2127,1998,8,3048,5310,-2262
2127,1998,9,3050,2010,1040
2127,1998,10,3858,2210,1648
2127,1998,11,3058,4390,-1332
2127,1998,12,3056,2265,791
2128,1993,12,5940,0,5940
2128,1994,1,5447,0,5447
2128,1994,2,5447,0,5447
2128,1994,3,5496,500,4996
2128,1994,4,5518,15,5503
2128,1994,5,5539,5016,523
2128,1994,6,5518,17786,-12268
2128,1994,7,5493,6816,-1323
2128,1994,8,5489,3616,1873
2128,1994,9,5497,3616,1881
2128,1994,10,5505,3616,1889
2128,1994,11,5500,7216,-1716
2128,1994,12,5504,4216,1288
2128,1995,1,5488,11636,-6148
2128,1995,2,5485,3616,1869
2128,1995,3,5485,5696,-211
2128,1995,4,5492,3616,1876
2128,1995,5,5498,5056,442
2128,1995,6,5494,8306,-2812
2128,1995,7,5490,3616,1874
2128,1995,8,5497,3616,1881
2128,1995,9,5505,3616,1889
2128,1995,10,5505,8336,-2831
2128,1995,11,5501,3616,1885
2128,1995,12,5508,5486,22
2128,1996,1,5491,10966,-5475
2128,1996,2,5486,4896,590
2128,1996,3,5489,3616,1873
2128,1996,4,5491,6176,-685
2128,1996,5,5494,3616,1878
2128,1996,6,5494,5776,-282
2128,1996,7,5500,3616,1884
2128,1996,8,5498,6576,-1078
2128,1996,9,5504,3616,1888
2128,1996,10,5511,3616,1895
2128,1996,11,5519,3616,1903
2128,1996,12,5524,4416,1108
2128,1997,1,5511,12566,-7055
2128,1997,2,5501,4976,525
2128,1997,3,5504,3616,1888
2128,1997,4,5512,3616,1896
2128,1997,5,5520,4576,944
2128,1997,6,5524,3616,1908
2128,1997,7,5528,7856,-2328
2128,1997,8,5517,6916,-1399
2128,1997,9,5516,3616,1900
2128,1997,10,5523,4316,1207
2128,1997,11,5523,7116,-1593
2128,1997,12,5517,7016,-1499
2128,1998,1,5493,10976,-5483
2128,1998,2,5493,3616,1877
2128,1998,3,5500,4736,764
2128,1998,4,5504,3616,1888
2128,1998,5,5509,5116,393
2128,1998,6,5507,7296,-1789
2128,1998,7,5503,4916,587
2128,1998,8,5496,9216,-3720
2128,1998,9,5493,3616,1877
2128,1998,10,5499,4576,923
2128,1998,11,5495,6416,-921
2128,1998,12,5498,4501,997
2130,1996,11,200,0,200
2130,1996,12,130838,15800,115038
2130,1997,1,37359,131907,-94548
2130,1997,2,47833,15,47818
2130,1997,3,29678,23179,6499
2130,1997,4,52251,96856,-44605
2130,1997,5,60227,15,60212
2130,1997,6,49845,81115,-31270
2130,1997,7,246,9215,-8969
2130,1997,8,61434,56715,4719
2130,1997,9,46553,37259,9294
2130,1997,10,52949,47415,5534
2130,1997,11,26302,41944,-15642
2130,1997,12,64761,53899,10862
2130,1998,1,255,31671,-31416
2130,1998,2,5037,12364,-7327
2130,1998,3,109,115,-6
2130,1998,4,3209,15,3194
2130,1998,5,122,915,-793
2130,1998,6,117,4715,-4598
2130,1998,7,99,1915,-1816
2130,1998,8,91,4715,-4624
2130,1998,9,2673,15,2658
2130,1998,10,1284,15,1269
2130,1998,11,2789,15,2774
2131,1996,7,7005,0,7005
2131,1996,8,6116,0,6116
2131,1996,9,6116,0,6116
2131,1996,10,6116,0,6116
2131,1996,11,6144,2095,4049
2131,1996,12,6213,4282,1931
2131,1997,1,6194,15822,-9628
2131,1997,2,6182,3532,2650
2131,1997,3,6193,3532,2661
2131,1997,4,6204,3532,2672
2131,1997,5,6215,3532,2683
2131,1997,6,6215,8532,-2317
2131,1997,7,6217,3532,2685
2131,1997,8,6228,3532,2696
2131,1997,9,6239,4492,1747
2131,1997,10,6247,3532,2715
2131,1997,11,6258,3532,2726
2131,1997,12,6265,6612,-347
2131,1998,1,6221,20832,-14611
2131,1998,2,6206,3532,2674
2131,1998,3,6218,3532,2686
2131,1998,4,6229,3532,2697
2131,1998,5,6240,3532,2708
2131,1998,6,6234,11062,-4828
2131,1998,7,6231,3532,2699
2131,1998,8,6243,3532,2711
2131,1998,9,6254,3532,2722
2131,1998,10,6265,3532,2733
2131,1998,11,6276,3532,2744
2131,1998,12,6287,4167,2120
2132,1993,10,22286,0,22286
2132,1993,11,23982,0,23982
2132,1993,12,32540,10600,21940
2132,1994,1,21807,22500,-693
2132,1994,2,21804,22615,-811
2132,1994,3,21801,22615,-814
2132,1994,4,21804,20115,1689
2132,1994,5,21802,23515,-1713
2132,1994,6,32556,46495,-13939
2132,1994,7,21754,17575,4179
2132,1994,8,21774,16115,5659
2132,1994,9,21786,20615,1171
2132,1994,10,21757,22715,-958
2132,1994,11,21786,21255,531
2132,1994,12,32553,23895,8658
2132,1995,1,21767,56855,-35088
2132,1995,2,21679,15,21664
2132,1995,3,21769,20995,774
2132,1995,4,21779,18015,3764
2132,1995,5,21786,40715,-18929
2132,1995,6,32549,24115,8434
2132,1995,7,21740,23215,-1475
2132,1995,8,21761,27415,-5654
2132,1995,9,21742,19915,1827
2132,1995,10,21717,23315,-1598
2132,1995,11,21749,22595,-846
2132,1995,12,32530,31775,755
2132,1996,1,21714,37095,-15381
2132,1996,2,21678,23355,-1677
2132,1996,3,21641,20515,1126
2132,1996,4,21682,19035,2647
2132,1996,5,21671,21135,536
2132,1996,6,32430,22615,9815
2132,1996,7,21694,30135,-8441
2132,1996,8,21661,23315,-1654
2132,1996,9,21655,22415,-760
2132,1996,10,21654,20815,839
2132,1996,11,21656,21815,-159
2132,1996,12,32454,29935,2519
2132,1997,1,21666,35135,-13469
2132,1997,2,21616,16815,4801
2132,1997,3,21637,16015,5622
2132,1997,4,21663,25195,-3532
2132,1997,5,21644,17815,3829
2132,1997,6,32452,28895,3557
2132,1997,7,21664,24015,-2351
2132,1997,8,21662,19315,2347
2132,1997,9,21667,22115,-448
2132,1997,10,21670,19515,2155
2132,1997,11,21682,18335,3347
2132,1997,12,32474,25315,7159
2132,1998,1,21689,42875,-21186
2132,1998,2,21646,14355,7291
2132,1998,3,21666,21555,111
2132,1998,4,21665,20095,1570
2132,1998,5,21671,19415,2256
2132,1998,6,32450,27715,4735
2132,1998,7,21695,21915,-220
2132,1998,8,21691,25975,-4284
2132,1998,9,21730,21115,615
2132,1998,10,21734,20915,819
2132,1998,11,21704,13215,8489
2132,1998,12,32519,18340,14179
2133,1997,10,4809,0,4809
2133,1997,11,4317,0,4317
2133,1997,12,4317,0,4317
2133,1998,1,4317,0,4317
2133,1998,2,4351,5998,-1647
2133,1998,3,4374,2158,2216
2133,1998,4,4372,7058,-2686
2133,1998,5,4365,6738,-2373
2133,1998,6,4356,2658,1698
2133,1998,7,4370,2158,2212
2133,1998,8,4379,2158,2221
2133,1998,9,4383,2158,2225
2133,1998,10,4378,8638,-4260
2133,1998,11,4368,5918,-1550
2133,1998,12,4366,2943,1423
2134,1996,8,12993,0,12993
2134,1996,9,19165,0,19165
2134,1996,10,12821,1600,11221
2134,1996,11,12849,7600,5249
2134,1996,12,19194,17074,2120
2134,1997,1,12844,20274,-7430
2134,1997,2,12851,8674,4177
2134,1997,3,12855,17974,-5119
2134,1997,4,12826,13511,-685
2134,1997,5,12815,14711,-1896
2134,1997,6,19113,26411,-7298
2134,1997,7,12798,9711,3087
2134,1997,8,12801,19211,-6410
2134,1997,9,12799,12811,-12
2134,1997,10,12807,11211,1596
2134,1997,11,12798,11511,1287
2134,1997,12,19151,18011,1140
2134,1998,1,12807,17711,-4904
2134,1998,2,12784,11911,873
2134,1998,3,12794,12611,183
2134,1998,4,12799,10911,1888
2134,1998,5,12806,8511,4295
2134,1998,6,19127,24011,-4884
2134,1998,7,12805,7511,5294
2134,1998,8,12825,8011,4814
2134,1998,9,12844,10811,2033
2134,1998,10,12851,9811,3040
2134,1998,11,12861,13911,-1050
2134,1998,12,19208,6196,13012
2135,1997,6,300,0,300
2135,1997,7,17097,0,17097
2135,1997,8,10354,1200,9154
2135,1997,9,10378,7800,2578
2135,1997,10,10385,9500,885
2135,1997,11,10382,12316,-1934
2135,1997,12,15524,15916,-392
2135,1998,1,11455,18096,-6641
2135,1998,2,12571,6856,5715
2135,1998,3,10391,10556,-165
2135,1998,4,10381,6856,3525
2135,1998,5,10381,12456,-2075
2135,1998,6,15493,29676,-14183
2135,1998,7,14037,6856,7181
2135,1998,8,11355,9136,2219
2135,1998,9,10358,12556,-2198
2135,1998,10,10343,12896,-2553
2135,1998,11,10945,8776,2169
2135,1998,12,15591,8761,6830
2136,1997,10,10454,0,10454
2136,1997,11,18727,0,18727
2136,1997,12,14890,10300,4590
2136,1998,1,9956,11800,-1844
2136,1998,2,9950,15,9935
2136,1998,3,9996,20215,-10219
2136,1998,4,9962,13515,-3553
2136,1998,5,9932,15115,-5183
2136,1998,6,14830,12515,2315
2136,1998,7,9923,6015,3908
2136,1998,8,9939,6815,3124
2136,1998,9,9981,4015,5966
2136,1998,10,9978,5515,4463
2136,1998,11,10011,9015,996
2136,1998,12,14918,1700,13218
2137,1993,8,600,0,600
2137,1993,9,19629,100,19529
2137,1993,10,19697,7400,12297
2137,1993,11,19734,14100,5634
2137,1993,12,29557,21200,8357
2137,1994,1,19747,43700,-23953
2137,1994,2,19710,7400,12310
2137,1994,3,19740,18177,1563
2137,1994,4,19743,19600,143
2137,1994,5,19748,15800,3948
2137,1994,6,29554,28300,1254
2137,1994,7,19767,17200,2567
2137,1994,8,19816,30900,-11084
2137,1994,9,19772,2000,17772
2137,1994,10,19807,17900,1907
2137,1994,11,19770,37088,-17318
2137,1994,12,29856,25428,4428
2137,1995,1,19733,32400,-12667
2137,1995,2,26137,17851,8286
2137,1995,3,19778,3500,16278
2137,1995,4,19823,11900,7923
2137,1995,5,19850,14300,5550
2137,1995,6,33772,49841,-16069
2137,1995,7,19767,34973,-15206
2137,1995,8,19776,1800,17976
2137,1995,9,19789,28600,-8811
2137,1995,10,19649,50406,-30757
2137,1995,11,26199,6076,20123
2137,1995,12,29577,9900,19677
2137,1996,1,19690,67800,-48110
2137,1996,2,25669,100,25569
2137,1996,3,19699,29059,-9360
2137,1996,4,19716,2400,17316
2137,1996,5,19753,19198,555
2137,1996,6,29488,62100,-32612
2137,1996,7,25945,20764,5181
2137,1996,8,23466,13565,9901
2137,1996,9,19702,11200,8502
2137,1996,10,19708,14700,5008
2137,1996,11,19720,31370,-11650
2137,1996,12,29533,19100,10433
2137,1997,1,26082,56800,-30718
2137,1997,2,19599,3600,15999
2137,1997,3,19662,30393,-10731
2137,1997,4,25138,12400,12738
2137,1997,5,19675,8300,11375
2137,1997,6,29512,30800,-1288
2137,1997,7,19711,19500,211
2137,1997,8,19751,17000,2751
2137,1997,9,19729,11900,7829
2137,1997,10,19755,26900,-7145
2137,1997,11,19736,9500,10236
2137,1997,12,29596,25800,3796
2137,1998,1,26688,58600,-31912
2137,1998,2,19668,3400,16268
2137,1998,3,19728,10800,8928
2137,1998,4,19756,19600,156
2137,1998,5,19755,27100,-7345
2137,1998,6,29532,18700,10832
2137,1998,7,19757,34200,-14443
2137,1998,8,19715,16500,3215
2137,1998,9,19730,15000,4730
2137,1998,10,19744,19200,544
2137,1998,11,19748,17800,1948
2137,1998,12,29620,1800,27820
2138,1997,8,25015,0,25015
2138,1997,9,24715,700,24015
2138,1997,10,24780,15800,8980
2138,1997,11,24808,19700,5108
2138,1997,12,37135,20215,16920
2138,1998,1,24785,59803,-35018
2138,1998,2,24725,23803,922
2138,1998,3,24734,25403,-669
2138,1998,4,24729,26903,-2174
2138,1998,5,24724,24703,21
2138,1998,6,37035,25803,11232
2138,1998,7,24750,32803,-8053
2138,1998,8,24743,22803,1940
2138,1998,9,24754,21503,3251
2138,1998,10,24750,23903,847
2138,1998,11,24761,29003,-4242
2138,1998,12,37050,26188,10862
2139,1995,6,43521,0,43521
2139,1995,7,28573,7000,21573
2139,1995,8,28623,20400,8223
2139,1995,9,28644,25000,3644
2139,1995,10,28658,26415,2243
2139,1995,11,28617,37781,-9164
2139,1995,12,42801,35081,7720
2139,1996,1,28507,82381,-53874
2139,1996,2,28439,25469,2970
2139,1996,3,29681,15881,13800
2139,1996,4,29801,24281,5520
2139,1996,5,28490,50353,-21863
2139,1996,6,45084,13181,31903
2139,1996,7,28568,23681,4887
2139,1996,8,28503,45379,-16876
2139,1996,9,28501,31381,-2880
2139,1996,10,28757,39690,-10933
2139,1996,11,28496,21881,6615
2139,1996,12,42709,44747,-2038
2139,1997,1,28443,44081,-15638
2139,1997,2,28445,23821,4624
2139,1997,3,28475,22081,6394
2139,1997,4,28492,25281,3211
2139,1997,5,28504,30581,-2077
2139,1997,6,42625,47899,-5274
2139,1997,7,28447,28481,-34
2139,1997,8,28464,27381,1083
2139,1997,9,28477,20781,7696
2139,1997,10,28499,29581,-1082
2139,1997,11,28479,33057,-4578
2139,1997,12,42654,34961,7693
2139,1998,1,29360,38681,-9321
2139,1998,2,28472,32827,-4355
2139,1998,3,28457,18084,10373
2139,1998,4,28497,26881,1616
2139,1998,5,28589,27351,1238
2139,1998,6,42685,34557,8128
2139,1998,7,28538,26381,2157
2139,1998,8,28530,35681,-7151
2139,1998,9,28504,27659,845
2139,1998,10,28501,40312,-11811
2139,1998,11,28486,13881,14605
2139,1998,12,42714,42819,-105
2140,1993,10,600,0,600
2140,1993,11,11396,0,11396
2140,1993,12,8742,0,8742
2140,1994,1,3567,2200,1367
2140,1994,2,3573,1400,2173
2140,1994,3,3583,1015,2568
2140,1994,4,3994,2333,1661
2140,1994,5,3598,4683,-1085
2140,1994,6,5368,11153,-5785
2140,1994,7,5174,2993,2181
2140,1994,8,5683,3443,2240
2140,1994,9,3590,2333,1257
2140,1994,10,3595,2733,862
2140,1994,11,3597,3033,564
2140,1994,12,3591,7123,-3532
2140,1995,1,3569,8483,-4914
2140,1995,2,3566,2433,1133
2140,1995,3,4874,2333,2541
2140,1995,4,5285,2333,2952
2140,1995,5,3585,5933,-2348
2140,1995,6,5976,7943,-1967
2140,1995,7,5079,2333,2746
2140,1995,8,3584,3503,81
2140,1995,9,3585,3233,352
2140,1995,10,3582,4093,-511
2140,1995,11,4489,2333,2156
2140,1995,12,4296,2873,1423
2140,1996,1,3581,8723,-5142
2140,1996,2,3571,5753,-2182
2140,1996,3,4865,2333,2532
2140,1996,4,6287,2933,3354
2140,1996,5,5297,4403,894
2140,1996,6,6687,9503,-2816
2140,1996,7,4891,2333,2558
2140,1996,8,3598,2333,1265
2140,1996,9,3590,5833,-2243
2140,1996,10,3588,3633,-45
2140,1996,11,3572,8133,-4561
2140,1996,12,3565,6073,-2508
2140,1997,1,3547,9663,-6116
2140,1997,2,9156,2333,6823
2140,1997,3,3563,3233,330
2140,1997,4,3554,6803,-3249
2140,1997,5,3547,4173,-626
2140,1997,6,3751,2333,1418
2140,1997,7,3554,4313,-759
2140,1997,8,6055,2333,3722
2140,1997,9,4669,2663,2006
2140,1997,10,3577,4533,-956
2140,1997,11,3573,4933,-1360
2140,1997,12,4968,2663,2305
2140,1998,1,7769,6503,1266
2140,1998,2,8183,3173,5010
2140,1998,3,6103,3863,2240
2140,1998,4,7014,2333,4681
2140,1998,5,5433,2333,3100
2140,1998,6,6639,4253,2386
2140,1998,7,3655,3233,422
2140,1998,8,3653,5643,-1990
2140,1998,9,5650,3263,2387
2140,1998,10,5557,2933,2624
2140,1998,11,3666,5033,-1367
2140,1998,12,3663,2498,1165
2141,1997,5,24836,0,24836
2141,1997,6,36503,0,36503
2141,1997,7,24147,17300,6847
2141,1997,8,24167,20700,3467
2141,1997,9,24176,22915,1261
2141,1997,10,24150,28411,-4261
2141,1997,11,24130,28911,-4781
2141,1997,12,36078,30271,5807
2141,1998,1,24107,48111,-24004
2141,1998,2,24071,16671,7400
2141,1998,3,24085,26211,-2126
2141,1998,4,24086,21131,2955
2141,1998,5,24092,23411,681
2141,1998,6,36062,31331,4731
2141,1998,7,24115,21211,2904
2141,1998,8,24117,24411,-294
2141,1998,9,24122,22211,1911
2141,1998,10,24132,35411,-11279
2141,1998,11,24159,22311,1848
2141,1998,12,36107,8356,27751
2142,1997,9,19251,0,19251
2142,1997,10,19632,7300,12332
2142,1997,11,18323,9700,8623
2142,1997,12,27455,17700,9755
2142,1998,1,18396,29275,-10879
2142,1998,2,18376,19883,-1507
2142,1998,3,18370,16927,1443
2142,1998,4,18365,16207,2158
2142,1998,5,18380,16527,1853
2142,1998,6,38991,58287,-19296
2142,1998,7,23113,11727,11386
2142,1998,8,18356,14727,3629
2142,1998,9,18365,19007,-642
2142,1998,10,18356,22607,-4251
2142,1998,11,18345,21427,-3082
2142,1998,12,27452,26652,800
2143,1996,1,700,0,700
2143,1996,2,33830,0,33830
2143,1996,3,22647,16000,6647
2143,1996,4,22671,11400,11271
2143,1996,5,22686,14000,8686
2143,1996,6,33957,27779,6178
2143,1996,7,22715,33879,-11164
2143,1996,8,22679,29179,-6500
2143,1996,9,22650,22564,86
2143,1996,10,22655,21064,1591
2143,1996,11,22625,35484,-12859
2143,1996,12,33841,32244,1597
2143,1997,1,22572,38904,-16332
2143,1997,2,22561,18084,4477
2143,1997,3,22573,18164,4409
2143,1997,4,22584,20764,1820
2143,1997,5,22594,19964,2630
2143,1997,6,33840,21904,11936
2143,1997,7,22640,31864,-9224
2143,1997,8,22590,31344,-8754
2143,1997,9,22568,24264,-1696
2143,1997,10,22563,23464,-901
2143,1997,11,22580,21964,616
2143,1997,12,33813,24264,9549
2143,1998,1,22562,42404,-19842
2143,1998,2,22540,14864,7676
2143,1998,3,22571,14864,7707
2143,1998,4,22585,27264,-4679
2143,1998,5,22553,24144,-1591
2143,1998,6,33842,16864,16978
2143,1998,7,22633,36464,-13831
2143,1998,8,22603,27464,-4861
2143,1998,9,22582,27664,-5082
2143,1998,10,22575,25664,-3089
2143,1998,11,22547,22764,-217
2143,1998,12,33786,21969,11817
2144,1995,7,11155,0,11155
2144,1995,8,85540,8600,76940
2144,1995,9,46981,76900,-29919
2144,1995,10,33925,32300,1625
2144,1995,11,23597,49284,-25687
2144,1995,12,28707,29717,-1010
2144,1996,1,31003,56100,-25097
2144,1996,2,8336,7000,1336
2144,1996,3,29873,9034,20839
2144,1996,4,125,7000,-6875
2144,1996,5,577,16892,-16315
2144,1996,6,84359,52400,31959
2144,1996,7,55860,19000,36860
2144,1996,8,53495,91700,-38205
2144,1996,9,125,15300,-15175
2144,1996,10,2877,9400,-6523
2144,1996,11,1466,100,1366
2144,1996,12,3765,6400,-2635
2144,1997,1,10326,26304,-15978
2144,1997,2,10101,114,9987
2144,1997,3,8142,5655,2487
2144,1997,4,46,1000,-954
2144,1997,5,42,2300,-2258
2144,1997,6,14694,8943,5751
2144,1997,7,24,11100,-11076
2144,1997,8,10,4601,-4591
2144,1997,9,24697,18364,6333
2144,1997,10,17,3500,-3483
2144,1997,11,3,1500,-1497
2144,1997,12,0,209,-209
2144,1998,1,82984,53509,29475
2144,1998,2,48381,11900,36481
2144,1998,3,90430,88492,1938
2144,1998,4,52137,49153,2984
2144,1998,5,34327,31000,3327
2144,1998,6,70248,60748,9500
2144,1998,7,38986,42800,-3814
2144,1998,8,47805,38600,9205
2144,1998,9,259,55100,-54841
2144,1998,10,73097,16700,56397
2144,1998,11,83847,100900,-17053
2144,1998,12,48534,109727,-61193
2146,1993,6,30014,0,30014
2146,1993,7,20001,200,19801
2146,1993,8,20057,10400,9657
2146,1993,9,20076,19000,1076
2146,1993,10,20060,27445,-7385
2146,1993,11,20043,24445,-4402
2146,1993,12,29969,21445,8524
2146,1994,1,20047,40845,-20798
2146,1994,2,20029,5645,14384
2146,1994,3,20043,18145,1898
2146,1994,4,20020,23945,-3925
2146,1994,5,20033,31745,-11712
2146,1994,6,29922,35945,-6023
2146,1994,7,19989,16645,3344
2146,1994,8,20000,17445,2555
2146,1994,9,20012,16445,3567
2146,1994,10,20024,20545,-521
2146,1994,11,20021,19445,576
2146,1994,12,29954,27645,2309
2146,1995,1,20021,23745,-3724
2146,1995,2,20015,19945,70
2146,1995,3,20014,22245,-2231
2146,1995,4,20005,20845,-840
2146,1995,5,20003,17645,2358
2146,1995,6,29926,51845,-21919
2146,1995,7,19928,8145,11783
2146,1995,8,19964,17045,2919
2146,1995,9,19977,19045,932
2146,1995,10,19978,21145,-1167
2146,1995,11,19973,19645,328
2146,1995,12,29899,27445,2454
2146,1996,1,19977,23145,-3168
2146,1996,2,19967,20245,-278
2146,1996,3,19969,18745,1224
2146,1996,4,19968,20845,-877
2146,1996,5,19966,20345,-379
2146,1996,6,29880,34045,-4165
2146,1996,7,19944,19845,99
2146,1996,8,19945,19345,600
2146,1996,9,19954,15045,4909
2146,1996,10,19962,20345,-383
2146,1996,11,19964,18845,1119
2146,1996,12,29890,26245,3645
2146,1997,1,19976,20645,-669
2146,1997,2,19978,20545,-567
2146,1997,3,19974,20645,-671
2146,1997,4,19967,21445,-1478
2146,1997,5,19960,22245,-2285
2146,1997,6,29898,22945,6953
2146,1997,7,19988,19145,843
2146,1997,8,19970,25945,-5975
2146,1997,9,19972,15845,4127
2146,1997,10,19980,17945,2035
2146,1997,11,19992,16345,3647
2146,1997,12,29951,14845,15106
2146,1998,1,20042,24345,-4303
2146,1998,2,20050,16945,3105
2146,1998,3,20049,22345,-2296
2146,1998,4,20047,19645,402
2146,1998,5,20054,17245,2809
2146,1998,6,29979,42145,-12166
2146,1998,7,20026,12745,7281
2146,1998,8,20039,19745,294
2146,1998,9,20046,17545,2501
2146,1998,10,20025,24445,-4420
2146,1998,11,20027,21545,-1518
2146,1998,12,29932,26030,3902
2147,1996,7,1000,0,1000
2147,1996,8,10183,0,10183
2147,1996,9,8622,0,8622
2147,1996,10,4537,2400,2137
2147,1996,11,4552,600,3952
2147,1996,12,6785,5700,1085
2147,1997,1,4549,10380,-5831
2147,1997,2,4640,9220,-4580
2147,1997,3,4517,5020,-503
2147,1997,4,4520,2980,1540
2147,1997,5,4512,7280,-2768
2147,1997,6,6732,8180,-1448
2147,1997,7,4502,5380,-878
2147,1997,8,4505,2980,1525
2147,1997,9,4511,2980,1531
2147,1997,10,4501,8080,-3579
2147,1997,11,4503,2980,1523
2147,1997,12,6730,7140,-410
2147,1998,1,4507,4280,227
2147,1998,2,4508,2980,1528
2147,1998,3,4503,6700,-2197
2147,1998,4,4505,2980,1525
2147,1998,5,4512,2980,1532
2147,1998,6,6749,2980,3769
2147,1998,7,4527,5260,-733
2147,1998,8,4531,2980,1551
2147,1998,9,4537,2980,1557
2147,1998,10,4544,2980,1564
2147,1998,11,4546,4420,126
2147,1998,12,6774,7445,-671
2148,1995,9,300,0,300
2148,1995,10,14977,0,14977
2148,1995,11,5627,0,5627
2148,1995,12,3645,1900,1745
2148,1996,1,3650,3900,-250
2148,1996,2,3650,3115,535
2148,1996,3,3651,4585,-934
2148,1996,4,3649,3485,164
2148,1996,5,3647,4885,-1238
2148,1996,6,3642,4385,-743
2148,1996,7,3640,4085,-445
2148,1996,8,3641,2485,1156
2148,1996,9,3634,7985,-4351
2148,1996,10,3620,5885,-2265
2148,1996,11,3614,4125,-511
2148,1996,12,3616,2655,961
2148,1997,1,3608,7225,-3617
2148,1997,2,3603,3285,318
2148,1997,3,3606,2385,1221
2148,1997,4,3611,2385,1226
2148,1997,5,3610,4985,-1375
2148,1997,6,3608,3585,23
2148,1997,7,4112,2385,1727
2148,1997,8,3605,7185,-3580
2148,1997,9,3603,2385,1218
2148,1997,10,3602,4585,-983
2148,1997,11,6209,3735,2474
2148,1997,12,3614,2535,1079
2148,1998,1,4616,6405,-1789
2148,1998,2,3611,2385,1226
2148,1998,3,3616,2385,1231
2148,1998,4,3621,2385,1236
2148,1998,5,3626,2745,881
2148,1998,6,3630,2385,1245
2148,1998,7,3635,2925,710
2148,1998,8,3638,2385,1253
2148,1998,9,3643,2385,1258
2148,1998,10,3646,3105,541
2148,1998,11,3651,2385,1266
2148,1998,12,3652,4620,-968
2149,1996,8,600,0,600
2149,1996,9,5523,0,5523
2149,1996,10,5523,0,5523
2149,1996,11,5523,0,5523
2149,1996,12,5587,1100,4487
2149,1997,1,5614,5551,63
2149,1997,2,5602,10031,-4429
2149,1997,3,5599,5691,-92
2149,1997,4,5602,2551,3051
2149,1997,5,5610,5151,459
2149,1997,6,5601,9371,-3770
2149,1997,7,5593,5951,-358
2149,1997,8,5600,2551,3049
2149,1997,9,5607,5111,496
2149,1997,10,5604,6851,-1247
2149,1997,11,5601,6071,-470
2149,1997,12,5608,3151,2457
2149,1998,1,5604,9081,-3477
2149,1998,2,5592,9431,-3839
2149,1998,3,5587,2551,3036
2149,1998,4,5599,2551,3048
2149,1998,5,5612,2551,3061
2149,1998,6,5625,2551,3074
2149,1998,7,5637,3751,1886
2149,1998,8,5635,13951,-8316
2149,1998,9,5622,3751,1871
2149,1998,10,5619,7851,-2232
2149,1998,11,5602,6471,-869
2149,1998,12,5601,6076,-475
2150,1993,9,4292,0,4292
2150,1993,10,3399,0,3399
2150,1993,11,3399,0,3399
2150,1993,12,3399,0,3399
2150,1994,1,3417,2205,1212
2150,1994,2,3450,2034,1416
2150,1994,3,3456,2034,1422
2150,1994,4,3462,2034,1428
2150,1994,5,3465,3294,171
2150,1994,6,3447,10644,-7197
2150,1994,7,3439,2034,1405
2150,1994,8,3444,3324,120
2150,1994,9,3442,2934,508
2150,1994,10,3447,2034,1413
2150,1994,11,3453,2034,1419
2150,1994,12,3458,3384,74
2150,1995,1,3452,7794,-4342
2150,1995,2,3441,2034,1407
2150,1995,3,3447,2034,1413
2150,1995,4,3450,2994,456
2150,1995,5,3455,2034,1421
2150,1995,6,3450,7674,-4224
2150,1995,7,3443,2034,1409
2150,1995,8,3449,2034,1415
2150,1995,9,3454,2034,1420
2150,1995,10,3458,3104,354
2150,1995,11,3462,3144,318
2150,1995,12,3463,2034,1429
2150,1996,1,3455,6894,-3439
2150,1996,2,3455,2034,1421
2150,1996,3,3461,2034,1427
2150,1996,4,3466,3434,32
2150,1996,5,3465,4934,-1469
2150,1996,6,3459,4734,-1275
2150,1996,7,3454,4034,-580
2150,1996,8,3450,5304,-1854
2150,1996,9,3445,2034,1411
2150,1996,10,3448,4784,-1336
2150,1996,11,3445,2504,941
2150,1996,12,3445,5304,-1859
2150,1997,1,3439,2904,535
2150,1997,2,3442,2934,508
2150,1997,3,3443,4534,-1091
2150,1997,4,3439,3834,-395
2150,1997,5,3439,2034,1405
2150,1997,6,3445,2034,1411
2150,1997,7,3451,2034,1417
2150,1997,8,3451,6534,-3083
2150,1997,9,3443,2734,709
2150,1997,10,3444,3414,30
2150,1997,11,3441,5314,-1873
2150,1997,12,3439,2034,1405
2150,1998,1,3444,3114,330
2150,1998,2,3440,5734,-2294
2150,1998,3,3437,2034,1403
2150,1998,4,3442,2034,1408
2150,1998,5,3448,2034,1414
2150,1998,6,3453,2454,999
2150,1998,7,3456,3864,-408
2150,1998,8,3456,2034,1422
2150,1998,9,3447,8634,-5187
2150,1998,10,3441,2034,1407
2150,1998,11,3446,2034,1412
2150,1998,12,3452,2019,1433
2151,1995,2,10531,0,10531
2151,1995,3,14687,0,14687
2151,1995,4,10232,1400,8832
2151,1995,5,10258,5400,4858
2151,1995,6,15323,13701,1622
2151,1995,7,10260,13551,-3291
2151,1995,8,10250,13451,-3201
2151,1995,9,10223,16151,-5928
2151,1995,10,10201,15151,-4950
2151,1995,11,10200,9651,549
2151,1995,12,15263,11951,3312
2151,1996,1,10192,19551,-9359
2151,1996,2,10387,6751,3636
2151,1996,3,10189,12151,-1962
2151,1996,4,10183,9751,432
2151,1996,5,10177,12651,-2474
2151,1996,6,15341,9051,6290
2151,1996,7,10197,10851,-654
2151,1996,8,10184,16051,-5867
2151,1996,9,10183,12451,-2268
2151,1996,10,10174,7151,3023
2151,1996,11,10183,16251,-6068
2151,1996,12,15224,15151,73
2151,1997,1,10160,8951,1209
2151,1997,2,10166,6751,3415
2151,1997,3,10179,12751,-2572
2151,1997,4,10168,8951,1217
2151,1997,5,10168,12051,-1883
2151,1997,6,15230,11451,3779
2151,1997,7,11182,7651,3531
2151,1997,8,10195,13251,-3056
2151,1997,9,12587,6751,5836
2151,1997,10,12102,12851,-749
2151,1997,11,10202,10851,-649
2151,1997,12,15262,13051,2211
2151,1998,1,12090,14251,-2161
2151,1998,2,10590,11051,-461
2151,1998,3,10195,16551,-6356
2151,1998,4,11677,6751,4926
2151,1998,5,10193,8251,1942
2151,1998,6,15256,17051,-1795
2151,1998,7,10182,11851,-1669
2151,1998,8,10189,7051,3138
2151,1998,9,11704,6751,4953
2151,1998,10,15218,10351,4867
2151,1998,11,10339,11051,-712
2151,1998,12,15303,8136,7167
2152,1997,10,1100,0,1100
2152,1997,11,4880,0,4880
2152,1997,12,4880,0,4880
2152,1998,1,4880,0,4880
2152,1998,2,4880,0,4880
2152,1998,3,4883,15,4868
2152,1998,4,4992,3206,1786
2152,1998,5,4992,7206,-2214
2152,1998,6,4978,8466,-3488
2152,1998,7,4968,6326,-1358
2152,1998,8,4970,3206,1764
2152,1998,9,4977,3206,1771
2152,1998,10,4970,7126,-2156
2152,1998,11,4976,3206,1770
2152,1998,12,4983,4391,592
2153,1996,1,31073,0,31073
2153,1996,2,30986,4300,26686
2153,1996,3,31049,20500,10549
2153,1996,4,31075,26400,4675
2153,1996,5,30971,71666,-40695
2153,1996,6,46300,52736,-6436
2153,1996,7,30903,31531,-628
2153,1996,8,30891,33193,-2302
2153,1996,9,30894,29493,1401
2153,1996,10,30856,44741,-13885
2153,1996,11,30856,21193,9663
2153,1996,12,46285,39467,6818
2153,1997,1,30868,42523,-11655
2153,1997,2,30884,19423,11461
2153,1997,3,30880,34423,-3543
2153,1997,4,30886,27723,3163
2153,1997,5,30875,48823,-17948
2153,1997,6,46304,41923,4381
2153,1997,7,30874,19423,11451
2153,1997,8,30912,42123,-11211
2153,1997,9,30868,34523,-3655
2153,1997,10,30859,19423,11436
2153,1997,11,30896,39723,-8827
2153,1997,12,46296,39993,6303
2153,1998,1,30875,28593,2282
2153,1998,2,30889,25693,5196
2153,1998,3,30909,40793,-9884
2153,1998,4,30883,18693,12190
2153,1998,5,30921,27693,3228
2153,1998,6,46356,45093,1263
2153,1998,7,30982,18893,12089
2153,1998,8,30995,28593,2402
2153,1998,9,30977,61393,-30416
2153,1998,10,30897,18093,12804
2153,1998,11,30943,18793,12150
2153,1998,12,46413,23963,22450
2154,1994,4,200,0,200
2154,1994,5,3189,0,3189
2154,1994,6,3189,0,3189
2154,1994,7,3189,0,3189
2154,1994,8,3189,0,3189
2154,1994,9,3191,15,3176
2154,1994,10,3259,2141,1118
2154,1994,11,3264,2141,1123
2154,1994,12,3268,2861,407
2154,1995,1,3262,5981,-2719
2154,1995,2,3259,2141,1118
2154,1995,3,3264,2141,1123
2154,1995,4,3266,3611,-345
2154,1995,5,3267,2141,1126
2154,1995,6,3271,2141,1130
2154,1995,7,3274,2531,743
2154,1995,8,3279,2141,1138
2154,1995,9,3280,4391,-1111
2154,1995,10,3279,2141,1138
2154,1995,11,3282,3551,-269
2154,1995,12,3277,3891,-614
2154,1996,1,3273,5381,-2108
2154,1996,2,3270,3551,-281
2154,1996,3,3266,3341,-75
2154,1996,4,3270,2141,1129
2154,1996,5,3272,2841,431
2154,1996,6,3270,4141,-871
2154,1996,7,3268,3641,-373
2154,1996,8,3263,4821,-1558
2154,1996,9,3255,6191,-2936
2154,1996,10,3253,2141,1112
2154,1996,11,3257,2141,1116
2154,1996,12,3261,3011,250
2154,1997,1,3253,5891,-2638
2154,1997,2,3252,2141,1111
2154,1997,3,3256,2141,1115
2154,1997,4,3259,2441,818
2154,1997,5,3264,2141,1123
2154,1997,6,3269,2141,1128
2154,1997,7,3274,2141,1133
2154,1997,8,3277,3521,-244
2154,1997,9,3272,3401,-129
2154,1997,10,3277,2141,1136
2154,1997,11,3281,2861,420
2154,1997,12,3280,2771,509
2154,1998,1,3278,12411,-9133
2154,1998,2,3247,2141,1106
2154,1998,3,3252,2141,1111
2154,1998,4,3256,5441,-2185
2154,1998,5,3251,2141,1110
2154,1998,6,3251,2591,660
2154,1998,7,3253,3281,-28
2154,1998,8,3254,2141,1113
2154,1998,9,3257,2741,516
2154,1998,10,3258,5941,-2683
2154,1998,11,3249,2141,1108
2154,1998,12,3254,2606,648
2155,1994,6,4015,0,4015
2155,1994,7,11654,0,11654
2155,1994,8,9195,0,9195
2155,1994,9,3818,0,3818
2155,1994,10,3528,1849,1679
2155,1994,11,3522,6384,-2862
2155,1994,12,3515,4254,-739
2155,1995,1,5319,4984,335
2155,1995,2,3512,4584,-1072
2155,1995,3,3516,2284,1232
2155,1995,4,3514,4184,-670
2155,1995,5,3504,6024,-2520
2155,1995,6,3497,5934,-2437
2155,1995,7,3492,3684,-192
2155,1995,8,3486,5124,-1638
2155,1995,9,3481,4584,-1103
2155,1995,10,5280,3584,1696
2155,1995,11,3491,5704,-2213
2155,1995,12,5376,4204,1172
2155,1996,1,3480,6434,-2954
2155,1996,2,4976,2284,2692
2155,1996,3,3486,4884,-1398
2155,1996,4,5682,2284,3398
2155,1996,5,4494,2974,1520
2155,1996,6,5294,7174,-1880
2155,1996,7,3493,3174,319
2155,1996,8,3494,3784,-290
2155,1996,9,3488,7504,-4016
2155,1996,10,3475,4484,-1009
2155,1996,11,3472,2884,588
2155,1996,12,3472,3454,18
2155,1997,1,3466,6564,-3098
2155,1997,2,3462,2684,778
2155,1997,3,3462,5684,-2222
2155,1997,4,3455,2884,571
2155,1997,5,6362,2284,4078
2155,1997,6,3473,4084,-611
2155,1997,7,3472,2884,588
2155,1997,8,3976,2284,1692
2155,1997,9,5585,3934,1651
2155,1997,10,3486,3984,-498
2155,1997,11,3484,3684,-200
2155,1997,12,3484,3234,250
2155,1998,1,3479,5224,-1745
2155,1998,2,3473,5754,-2281
2155,1998,3,3465,5084,-1619
2155,1998,4,3463,2284,1179
2155,1998,5,3467,2734,733
2155,1998,6,3471,2284,1187
2155,1998,7,3476,2554,922
2155,1998,8,3480,2284,1196
2155,1998,9,3485,2284,1201
2155,1998,10,3489,3544,-55
2155,1998,11,3474,8884,-5410
2155,1998,12,3464,2749,715
2156,1996,9,1100,0,1100
2156,1996,10,24295,3300,20995
2156,1996,11,24362,11500,12862
2156,1996,12,36532,23900,12632
2156,1997,1,24428,25200,-772
2156,1997,2,24414,31636,-7222
2156,1997,3,24387,30976,-6589
2156,1997,4,24373,25836,-1463
2156,1997,5,24361,27636,-3275
2156,1997,6,36492,31896,4596
2156,1997,7,24378,24236,142
2156,1997,8,24372,26536,-2164
2156,1997,9,24361,27776,-3415
2156,1997,10,24365,22696,1669
2156,1997,11,24510,14496,10014
2156,1997,12,36591,18056,18535
2156,1998,1,24437,43896,-19459
2156,1998,2,24417,20336,4081
2156,1998,3,24441,18656,5785
2156,1998,4,24452,21936,2516
2156,1998,5,24445,26836,-2391
2156,1998,6,36598,25736,10862
2156,1998,7,24474,28736,-4262
2156,1998,8,24460,26736,-2276
2156,1998,9,24461,24636,-175
2156,1998,10,24429,50756,-26327
2156,1998,11,24372,25136,-764
2156,1998,12,36551,12221,24330
2157,1995,11,14283,0,14283
2157,1995,12,28204,0,28204
2157,1996,1,13840,6100,7740
2157,1996,2,13853,12600,1253
2157,1996,3,13848,16215,-2367
2157,1996,4,13804,24509,-10705
2157,1996,5,13788,15809,-2021
2157,1996,6,20618,16729,3889
2157,1996,7,13775,22249,-8474
2157,1996,8,13769,13409,360
2157,1996,9,13761,16209,-2448
2157,1996,10,13746,17609,-3863
2157,1996,11,13740,14409,-669
2157,1996,12,20586,12309,8277
2157,1997,1,13940,27309,-13369
2157,1997,2,13730,13189,541
2157,1997,3,13723,16109,-2386
2157,1997,4,13717,12009,1708
2157,1997,5,13716,21709,-7993
2157,1997,6,20536,16129,4407
2157,1997,7,13717,12549,1168
2157,1997,8,13726,12509,1217
2157,1997,9,13731,11909,1822
2157,1997,10,13736,15309,-1573
2157,1997,11,14021,14509,-488
2157,1997,12,20570,12809,7761
2157,1998,1,13714,27169,-13455
2157,1998,2,14007,9109,4898
2157,1998,3,13726,11909,1817
2157,1998,4,13706,20289,-6583
2157,1998,5,13704,14109,-405
2157,1998,6,20544,12709,7835
2157,1998,7,13733,15209,-1476
2157,1998,8,13720,20909,-7189
2157,1998,9,13702,9109,4593
2157,1998,10,13714,14709,-995
2157,1998,11,13707,17109,-3402
2157,1998,12,20544,9094,11450
2158,1997,3,1000,0,1000
2158,1997,4,12806,0,12806
2158,1997,5,9162,0,9162
2158,1997,6,2697,0,2697
2158,1997,7,50317,22215,28102
2158,1997,8,28266,26115,2151
2158,1997,9,1421,15415,-13994
2158,1997,10,1370,6415,-5045
2158,1997,11,1349,5815,-4466
2158,1997,12,1333,2715,-1382
2158,1998,1,35235,20015,15220
2158,1998,2,1388,5815,-4427
2158,1998,3,1370,5615,-4245
2158,1998,4,1352,5115,-3763
2158,1998,5,1339,2715,-1376
2158,1998,6,4522,8765,-4243
2158,1998,7,1318,515,803
2158,1998,8,1315,4515,-3200
2158,1998,9,5512,1815,3697
2158,1998,10,1323,915,408
2158,1998,11,26194,18315,7879
2158,1998,12,1345,8500,-7155
2159,1996,1,23522,1200,22322
2159,1996,2,22936,0,22936
2159,1996,3,23056,23200,-144
2159,1996,4,23031,20300,2731
2159,1996,5,23084,25034,-1950
2159,1996,6,38080,62334,-24254
2159,1996,7,22977,15034,7943
2159,1996,8,23008,20334,2674
2159,1996,9,23020,19834,3186
2159,1996,10,23021,21454,1567
2159,1996,11,23032,23534,-502
2159,1996,12,34476,31214,3262
2159,1997,1,23015,39414,-16399
2159,1997,2,22977,19234,3743
2159,1997,3,22992,20434,2558
2159,1997,4,22997,27794,-4797
2159,1997,5,22980,21934,1046
2159,1997,6,34425,32934,1491
2159,1997,7,22988,25994,-3006
2159,1997,8,22972,23334,-362
2159,1997,9,22966,27754,-4788
2159,1997,10,22954,24854,-1900
2159,1997,11,22947,18534,4413
2159,1997,12,34409,23334,11075
2159,1998,1,22974,38934,-15960
2159,1998,2,22948,14834,8114
2159,1998,3,22964,27014,-4050
2159,1998,4,22956,20734,2222
2159,1998,5,22969,18034,4935
2159,1998,6,34428,27434,6994
2159,1998,7,23007,23934,-927
2159,1998,8,23011,19134,3877
2159,1998,9,23027,19094,3933
2159,1998,10,23040,19834,3206
2159,1998,11,23052,20134,2918
2159,1998,12,34504,27999,6505
2160,1996,11,200,0,200
2160,1996,12,15736,0,15736
2160,1997,1,9923,0,9923
2160,1997,2,9240,7200,2040
2160,1997,3,9248,7300,1948
2160,1997,4,9242,13799,-4557
2160,1997,5,9215,15999,-6784
2160,1997,6,13783,10099,3684
2160,1997,7,9216,13399,-4183
2160,1997,8,13630,6099,7531
2160,1997,9,9848,6799,3049
2160,1997,10,10263,6099,4164
2160,1997,11,9262,10799,-1537
2160,1997,12,13840,8699,5141
2160,1998,1,9244,24899,-15655
2160,1998,2,13641,6099,7542
2160,1998,3,13557,10799,2758
2160,1998,4,9258,9899,-641
2160,1998,5,9258,8499,759
2160,1998,6,13803,26699,-12896
2160,1998,7,15537,6099,9438
2160,1998,8,9255,6299,2956
2160,1998,9,9678,7999,1679
2160,1998,10,9266,13999,-4733
2160,1998,11,11048,6099,4949
2160,1998,12,13839,7884,5955
2161,1993,12,700,0,700
2161,1994,1,15906,0,15906
2161,1994,2,1769,0,1769
2161,1994,3,1569,0,1569
2161,1994,4,18611,6500,12111
2161,1994,5,133,1700,-1567
2161,1994,6,31606,16200,15406
2161,1994,7,191,8300,-8109
2161,1994,8,191,7500,-7309
2161,1994,9,30843,37106,-6263
2161,1994,10,9632,8933,699
2161,1994,11,1795,3868,-2073
2161,1994,12,1888,3868,-1980
2161,1995,1,20105,5968,14137
2161,1995,2,67905,50041,17864
2161,1995,3,55351,49806,5545
2161,1995,4,177,30562,-30385
2161,1995,5,5295,10757,-5462
2161,1995,6,30111,15068,15043
2161,1995,7,23484,27175,-3691
2161,1995,8,126,8268,-8142
2161,1995,9,297,3868,-3571
2161,1995,10,2285,3868,-1583
2161,1995,11,3280,3868,-588
2161,1995,12,69641,21768,47873
2161,1996,1,5484,52504,-47020
2161,1996,2,9345,6868,2477
2161,1996,3,82588,35930,46658
2161,1996,4,204,49576,-49372
2161,1996,5,75,3868,-3793
2161,1996,6,58,4568,-4510
2161,1996,7,11616,3868,7748
2161,1996,8,75,3868,-3793
2161,1996,9,59,3868,-3809
2161,1996,10,41,3868,-3827
2161,1996,11,64903,6464,58439
2161,1996,12,190,37968,-37778
2161,1997,1,33009,16468,16541
2161,1997,2,135,21568,-21433
2161,1997,3,36990,31503,5487
2161,1997,4,26978,10768,16210
2161,1997,5,31428,35068,-3640
2161,1997,6,46963,18368,28595
2161,1997,7,224,48368,-48144
2161,1997,8,19071,20268,-1197
2161,1997,9,47064,34068,12996
2161,1997,10,103,15968,-15865
2161,1997,11,57,7268,-7211
2161,1997,12,37913,10468,27445
2161,1998,1,91,21768,-21677
2161,1998,2,1464,3868,-2404
2161,1998,3,1762,3868,-2106
2161,1998,4,9735,3868,5867
2161,1998,5,68,3968,-3900
2161,1998,6,16230,3868,12362
2161,1998,7,86,8927,-8841
2161,1998,8,2372,3868,-1496
2161,1998,9,40051,28085,11966
2161,1998,10,92,9568,-9476
2161,1998,11,63,8368,-8305
2161,1998,12,40,3838,-3798
2162,1997,11,27529,0,27529
2162,1997,12,60905,31500,29405
2162,1998,1,48741,72527,-23786
2162,1998,2,47687,12383,35304
2162,1998,3,39399,43183,-3784
2162,1998,4,236,21983,-21747
2162,1998,5,5245,22283,-17038
2162,1998,6,88063,52980,35083
2162,1998,7,24652,26083,-1431
2162,1998,8,27716,32847,-5131
2162,1998,9,26885,18983,7902
2162,1998,10,14738,55170,-40432
2162,1998,11,88061,8483,79578
2162,1998,12,324,50968,-50644
2163,1995,1,20002,0,20002
2163,1995,2,19781,0,19781
2163,1995,3,19143,7900,11243
2163,1995,4,19173,14100,5073
2163,1995,5,19180,20538,-1358
2163,1995,6,28633,41209,-12576
2163,1995,7,19135,13309,5826
2163,1995,8,19134,21649,-2515
2163,1995,9,19137,17209,1928
2163,1995,10,19135,22529,-3394
2163,1995,11,19103,24389,-5286
2163,1995,12,28610,32109,-3499
2163,1996,1,19103,25149,-6046
2163,1996,2,19105,13209,5896
2163,1996,3,19115,19469,-354
2163,1996,4,19126,16409,2717
2163,1996,5,19137,16109,3028
2163,1996,6,28642,25589,3053
2163,1996,7,19149,24389,-5240
2163,1996,8,19125,22009,-2884
2163,1996,9,19126,14409,4717
2163,1996,10,19141,18809,332
2163,1996,11,19139,21309,-2170
2163,1996,12,28628,21909,6719
2163,1997,1,19130,26689,-7559
2163,1997,2,19128,22089,-2961
2163,1997,3,19107,21109,-2002
2163,1997,4,19106,18609,497
2163,1997,5,19110,16109,3001
2163,1997,6,28593,25849,2744
2163,1997,7,19130,18009,1121
2163,1997,8,19123,19429,-306
2163,1997,9,19132,16909,2223
2163,1997,10,19138,16409,2729
2163,1997,11,19138,21729,-2591
2163,1997,12,28631,21729,6902
2163,1998,1,19149,30849,-11700
2163,1998,2,19115,18409,706
2163,1998,3,19118,19309,-191
2163,1998,4,19106,24729,-5623
2163,1998,5,19099,15289,3810
2163,1998,6,28586,28149,437
2163,1998,7,19098,25029,-5931
2163,1998,8,19077,21409,-2332
2163,1998,9,19077,17009,2068
2163,1998,10,19079,18709,370
2163,1998,11,19079,18609,470
2163,1998,12,28611,5194,23417
2164,1996,9,1000,0,1000
2164,1996,10,21692,600,21092
2164,1996,11,21765,7200,14565
2164,1996,12,32631,22400,10231
2164,1997,1,21816,25600,-3784
2164,1997,2,21793,28867,-7074
2164,1997,3,21774,24867,-3093
2164,1997,4,21764,24067,-2303
2164,1997,5,21750,28207,-6457
2164,1997,6,32586,21467,11119
2164,1997,7,21777,24387,-2610
2164,1997,8,21779,21267,512
2164,1997,9,21801,13067,8734
2164,1997,10,21828,16167,5661
2164,1997,11,21842,19367,2475
2164,1997,12,32703,20267,12436
2164,1998,1,21879,33427,-11548
2164,1998,2,21847,21967,-120
2164,1998,3,21842,25247,-3405
2164,1998,4,21847,17267,4580
2164,1998,5,21848,25927,-4079
2164,1998,6,32694,22247,10447
2164,1998,7,21889,18567,3322
2164,1998,8,21889,22667,-778
2164,1998,9,21899,18667,3232
2164,1998,10,21903,21367,536
2164,1998,11,21911,19567,2344
2164,1998,12,32769,21652,11117
2165,1997,4,20500,0,20500
2165,1997,5,21088,0,21088
2165,1997,6,29702,7400,22302
2165,1997,7,19920,17800,2120
2165,1997,8,19926,18615,1311
2165,1997,9,19855,59148,-39293
2165,1997,10,23757,27183,-3426
2165,1997,11,22961,15783,7178
2165,1997,12,32137,17283,14854
2165,1998,1,19783,41383,-21600
2165,1998,2,22348,26307,-3959
2165,1998,3,24552,15783,8769
2165,1998,4,19762,18883,879
2165,1998,5,19768,18383,1385
2165,1998,6,29608,26883,2725
2165,1998,7,19772,28262,-8490
2165,1998,8,21464,15883,5581
2165,1998,9,25665,28547,-2882
2165,1998,10,20078,15783,4295
2165,1998,11,19793,24383,-4590
2165,1998,12,29617,19668,9949
2166,1997,4,800,0,800
2166,1997,5,17964,0,17964
2166,1997,6,18884,6400,12484
2166,1997,7,12652,9600,3052
2166,1997,8,12694,14000,-1306
2166,1997,9,12671,12578,93
2166,1997,10,12649,13831,-1182
2166,1997,11,12635,16331,-3696
2166,1997,12,18898,19311,-413
2166,1998,1,12603,24951,-12348
2166,1998,2,12597,6531,6066
2166,1998,3,12623,6531,6092
2166,1998,4,12604,19731,-7127
2166,1998,5,12618,6531,6087
2166,1998,6,18893,14031,4862
2166,1998,7,12622,18431,-5809
2166,1998,8,12610,14631,-2021
2166,1998,9,12612,11931,681
2166,1998,10,12609,13531,-922
2166,1998,11,12601,18831,-6230
2166,1998,12,19379,9556,9823
2167,1993,8,200,0,200
2167,1993,9,25052,0,25052
2167,1993,10,24521,10200,14321
2167,1993,11,24545,20800,3745
2167,1993,12,36758,29300,7458
2167,1994,1,24547,47077,-22530
2167,1994,2,24638,12637,12001
2167,1994,3,24522,35137,-10615
2167,1994,4,24513,30937,-6424
2167,1994,5,24478,27837,-3359
2167,1994,6,39749,13737,26012
2167,1994,7,24574,23637,937
2167,1994,8,24574,38017,-13443
2167,1994,9,24557,17837,6720
2167,1994,10,24563,21157,3406
2167,1994,11,24593,20531,4062
2167,1994,12,36796,41591,-4795
2167,1995,1,24587,26571,-1984
2167,1995,2,24580,13031,11549
2167,1995,3,24605,37531,-12926
2167,1995,4,24559,24631,-72
2167,1995,5,24548,28711,-4163
2167,1995,6,36712,39771,-3059
2167,1995,7,24542,22931,1611
2167,1995,8,24533,21431,3102
2167,1995,9,24539,26551,-2012
2167,1995,10,24536,22131,2405
2167,1995,11,24557,21831,2726
2167,1995,12,36773,37531,-758
2167,1996,1,24533,35431,-10898
2167,1996,2,24518,19031,5487
2167,1996,3,24527,23231,1296
2167,1996,4,24530,25431,-901
2167,1996,5,24537,23131,1406
2167,1996,6,36737,35031,1706
2167,1996,7,24522,30291,-5769
2167,1996,8,24516,20731,3785
2167,1996,9,24531,20531,4000
2167,1996,10,24555,21731,2824
2167,1996,11,24555,23737,818
2167,1996,12,36797,30137,6660
2167,1997,1,24574,30097,-5523
2167,1997,2,24565,26077,-1512
2167,1997,3,24562,27557,-2995
2167,1997,4,24557,19237,5320
2167,1997,5,24561,23337,1224
2167,1997,6,36792,26237,10555
2167,1997,7,24631,21437,3194
2167,1997,8,24635,20937,3698
2167,1997,9,24655,22337,2318
2167,1997,10,24650,24637,13
2167,1997,11,24656,24537,119
2167,1997,12,36875,34037,2838
2167,1998,1,24674,22097,2577
2167,1998,2,24682,23037,1645
2167,1998,3,24689,22237,2452
2167,1998,4,24703,18037,6666
2167,1998,5,24715,26337,-1622
2167,1998,6,36881,51237,-14356
2167,1998,7,25577,10637,14940
2167,1998,8,24716,20737,3979
2167,1998,9,24704,29337,-4633
2167,1998,10,24695,26837,-2142
2167,1998,11,24677,27537,-2860
2167,1998,12,36891,39662,-2771
2169,1997,7,23720,0,23720
2169,1997,8,26327,0,26327
2169,1997,9,23292,11100,12192
2169,1997,10,23315,20200,3115
2169,1997,11,23304,29925,-6621
2169,1997,12,34828,32825,2003
2169,1998,1,23240,47625,-24385
2169,1998,2,23225,20325,2900
2169,1998,3,23210,24525,-1315
2169,1998,4,23211,23025,186
2169,1998,5,23214,24725,-1511
2169,1998,6,34702,44125,-9423
2169,1998,7,23175,19325,3850
2169,1998,8,23207,18925,4282
2169,1998,9,23208,19625,3583
2169,1998,10,23225,19625,3600
2169,1998,11,23236,23725,-489
2169,1998,12,34783,24010,10773
2170,1994,5,600,0,600
2170,1994,6,74860,25500,49360
2170,1994,7,50077,38100,11977
2170,1994,8,50146,65900,-15754
2170,1994,9,50070,34700,15370
2170,1994,10,50082,66017,-15935
2170,1994,11,50110,42417,7693
2170,1994,12,75040,76917,-1877
2170,1995,1,50086,72217,-22131
2170,1995,2,50056,34317,15739
2170,1995,3,50091,50617,-526
2170,1995,4,50078,51717,-1639
2170,1995,5,50096,39917,10179
2170,1995,6,77585,111117,-33532
2170,1995,7,50024,28717,21307
2170,1995,8,50064,47117,2947
2170,1995,9,50084,41817,8267
2170,1995,10,50111,54117,-4006
2170,1995,11,50070,59159,-9089
2170,1995,12,74980,84913,-9933
2170,1996,1,50005,44817,5188
2170,1996,2,50040,54445,-4405
2170,1996,3,50029,42917,7112
2170,1996,4,50038,44817,5221
2170,1996,5,50091,34017,16074
2170,1996,6,74942,106090,-31148
2170,1996,7,50004,46944,3060
2170,1996,8,50070,26717,23353
2170,1996,9,50178,22017,28161
2170,1996,10,50185,76241,-26056
2170,1996,11,50206,15517,34689
2170,1996,12,75063,103917,-28854
2170,1997,1,50112,74832,-24720
2170,1997,2,53645,12417,41228
2170,1997,3,50220,52072,-1852
2170,1997,4,50138,66617,-16479
2170,1997,5,50218,16817,33401
2170,1997,6,74976,130217,-55241
2170,1997,7,57267,12417,44850
2170,1997,8,50219,63117,-12898
2170,1997,9,64974,88730,-23756
2170,1997,10,50126,34217,15909
2170,1997,11,50236,31017,19219
2170,1997,12,79067,101707,-22640
2170,1998,1,50183,39017,11166
2170,1998,2,50161,49017,1144
2170,1998,3,57716,68417,-10701
2170,1998,4,50204,32814,17390
2170,1998,5,50246,41217,9029
2170,1998,6,86925,108817,-21892
2170,1998,7,53848,44117,9731
2170,1998,8,62953,63718,-765
2170,1998,9,68153,67536,617
2170,1998,10,52631,44617,8014
2170,1998,11,71739,72214,-475
2170,1998,12,91975,95617,-3642
2172,1997,9,6235,0,6235
2172,1997,10,5146,0,5146
2172,1997,11,5146,0,5146
2172,1997,12,5146,0,5146
2172,1998,1,5183,7065,-1882
2172,1998,2,5206,3428,1778
2172,1998,3,5214,7028,-1814
2172,1998,4,5209,5748,-539
2172,1998,5,5202,4308,894
2172,1998,6,5196,6788,-1592
2172,1998,7,5201,3428,1773
2172,1998,8,5209,3428,1781
2172,1998,9,5216,3428,1788
2172,1998,10,5224,3428,1796
2172,1998,11,5231,3428,1803
2172,1998,12,5235,3913,1322
2173,1997,5,6833,0,6833
2173,1997,6,5944,0,5944
2173,1997,7,5944,0,5944
2173,1997,8,5944,0,5944
2173,1997,9,5951,915,5036
2173,1997,10,6048,5666,382
2173,1997,11,6037,6446,-409
2173,1997,12,6046,7316,-1270
2173,1998,1,6021,13666,-7645
2173,1998,2,6011,4966,1045
2173,1998,3,6013,4926,1087
2173,1998,4,6019,5486,533
2173,1998,5,6022,5266,756
2173,1998,6,6024,6266,-242
2173,1998,7,6025,3266,2759
2173,1998,8,6034,5666,368
2173,1998,9,6036,5166,870
2173,1998,10,6041,3666,2375
2173,1998,11,6048,5886,162
2173,1998,12,6052,3161,2891
2174,1997,10,400,0,400
2174,1997,11,14200,0,14200
2174,1997,12,4800,0,4800
2174,1998,1,21166,6600,14566
2174,1998,2,141,3800,-3659
2174,1998,3,141,200,-59
2174,1998,4,141,3500,-3359
2174,1998,5,59161,32000,27161
2174,1998,6,35186,14515,20671
2174,1998,7,262,24682,-24420
2174,1998,8,190,12482,-12292
2174,1998,9,5733,19082,-13349
2174,1998,10,82407,41563,40844
2174,1998,11,238,19282,-19044
2174,1998,12,155,19767,-19612
2175,1993,4,400,0,400
2175,1993,5,23449,0,23449
2175,1993,6,48047,24600,23447
2175,1993,7,197,12800,-12603
2175,1993,8,85506,72715,12791
2175,1993,9,178,20015,-19837
2175,1993,10,75156,29890,45266
2175,1993,11,274,36433,-36159
2175,1993,12,35536,32692,2844
2175,1994,1,20883,42016,-21133
2175,1994,2,5278,15,5263
2175,1994,3,79480,55115,24365
2175,1994,4,171,23210,-23039
2175,1994,5,124747,83915,40832
2175,1994,6,37022,87615,-50593
2175,1994,7,39345,22315,17030
2175,1994,8,62539,31415,31124
2175,1994,9,30357,35215,-4858
2175,1994,10,93931,81515,12416
2175,1994,11,13374,29115,-15741
2175,1994,12,46267,41215,5052
2175,1995,1,164,38915,-38751
2175,1995,2,43514,24308,19206
2175,1995,3,10695,33324,-22629
2175,1995,4,41828,15,41813
2175,1995,5,187,31669,-31482
2175,1995,6,28923,22540,6383
2175,1995,7,20253,21214,-961
2175,1995,8,140,4815,-4675
2175,1995,9,4998,14715,-9717
2175,1995,10,2170,8355,-6185
2175,1995,11,26831,35642,-8811
2175,1995,12,27352,2715,24637
2175,1996,1,9756,38415,-28659
2175,1996,2,53329,22709,30620
2175,1996,3,38596,30715,7881
2175,1996,4,47788,36181,11607
2175,1996,5,66317,45812,20505
2175,1996,6,256,54815,-54559
2175,1996,7,34429,13515,20914
2175,1996,8,26172,37488,-11316
2175,1996,9,36843,15101,21742
2175,1996,10,182,12943,-12761
2175,1996,11,111511,79715,31796
2175,1996,12,206,25115,-24909
2175,1997,1,15239,55610,-40371
2175,1997,2,18907,15,18892
2175,1997,3,14414,4906,9508
2175,1997,4,84860,43940,40920
2175,1997,5,96374,91728,4646
2175,1997,6,43883,74131,-30248
2175,1997,7,27656,15215,12441
2175,1997,8,122911,98358,24553
2175,1997,9,24854,17015,7839
2175,1997,10,16012,32615,-16603
2175,1997,11,51411,24915,26496
2175,1997,12,82107,82315,-208
2175,1998,1,1675,54415,-52740
2175,1998,2,33694,4515,29179
2175,1998,3,29001,40538,-11537
2175,1998,4,197,21045,-20848
2175,1998,5,40956,32482,8474
2175,1998,6,48581,36115,12466
2175,1998,7,78928,58415,20513
2175,1998,8,348,14215,-13867
2175,1998,9,284,32093,-31809
2175,1998,10,110531,51715,58816
2175,1998,11,34286,75115,-40829
2175,1998,12,42264,5400,36864
2176,1993,6,36613,0,36613
2176,1993,7,66660,6300,60360
2176,1993,8,191517,195756,-4239
2176,1993,9,68967,130454,-61487
2176,1993,10,47353,51935,-4582
2176,1993,11,103379,92635,10744
2176,1993,12,38734,49031,-10297
2176,1994,1,15548,21135,-5587
2176,1994,2,56408,22235,34173
2176,1994,3,80444,43935,36509
2176,1994,4,53515,51535,1980
2176,1994,5,176,72268,-72092
2176,1994,6,35647,49876,-14229
2176,1994,7,19743,6235,13508
2176,1994,8,42353,29843,12510
2176,1994,9,140294,102531,37763
2176,1994,10,214,41983,-41769
2176,1994,11,103062,86443,16619
2176,1994,12,93512,91878,1634
2176,1995,1,913,28043,-27130
2176,1995,2,39302,28843,10459
2176,1995,3,8105,19243,-11138
2176,1995,4,6949,14543,-7594
2176,1995,5,66879,37643,29236
2176,1995,6,133,18143,-18010
2176,1995,7,39275,14543,24732
2176,1995,8,143,27143,-27000
2176,1995,9,13071,18643,-5572
2176,1995,10,14217,14543,-326
2176,1995,11,9264,14543,-5279
2176,1995,12,26,6235,-6209
2176,1996,1,6,6247,-6241
2176,1996,2,40271,23945,16326
2176,1996,3,83516,50143,33373
2176,1996,4,11581,32743,-21162
2176,1996,5,44723,38243,6480
2176,1996,6,18164,27343,-9179
2176,1996,7,102973,62943,40030
2176,1996,8,173,42343,-42170
2176,1996,9,7210,16843,-9633
2176,1996,10,9733,6235,3498
2176,1996,11,94135,55643,38492
2176,1996,12,11764,44743,-32979
2176,1997,1,44810,48243,-3433
2176,1997,2,10355,14543,-4188
2176,1997,3,39,6235,-6196
2176,1997,4,13,6235,-6222
2176,1997,5,5,1100,-1095
2176,1997,6,1,1100,-1099
2176,1997,7,0,1110,-1110
2176,1997,8,0,1121,-1121
2176,1997,9,18094,2828,15266
2176,1997,10,5746,6235,-489
2176,1997,11,30,6235,-6205
2176,1997,12,46720,6236,40484
2176,1998,1,39,43435,-43396
2176,1998,2,3,6261,-6258
2176,1998,3,23416,13244,10172
2176,1998,4,8,6235,-6227
2176,1998,5,38057,1100,36957
2176,1998,6,63,27935,-27872
2176,1998,7,20,6235,-6215
2176,1998,8,12,1100,-1088
2176,1998,9,33188,1100,32088
2176,1998,10,54,28235,-28181
2176,1998,11,7,6239,-6232
2176,1998,12,0,1085,-1085
2177,1993,1,5945,0,5945
2177,1993,2,5148,0,5148
2177,1993,3,5148,0,5148
2177,1993,4,5148,0,5148
2177,1993,5,5209,3183,2026
2177,1993,6,5221,5333,-112
2177,1993,7,5222,6383,-1161
2177,1993,8,5222,3183,2039
2177,1993,9,5231,3183,2048
2177,1993,10,5230,7983,-2753
2177,1993,11,5227,4303,924
2177,1993,12,5230,3683,1547
2177,1994,1,5217,14413,-9196
2177,1994,2,5199,3183,2016
2177,1994,3,5208,3183,2025
2177,1994,4,5214,4603,611
2177,1994,5,5219,3783,1436
2177,1994,6,5210,10333,-5123
2177,1994,7,5198,4863,335
2177,1994,8,5205,3183,2022
2177,1994,9,5213,3683,1530
2177,1994,10,5219,4383,836
2177,1994,11,5223,3183,2040
2177,1994,12,5225,8683,-3458
2177,1995,1,5195,11103,-5908
2177,1995,2,5192,3183,2009
2177,1995,3,5201,3183,2018
2177,1995,4,5207,5283,-76
2177,1995,5,5204,5903,-699
2177,1995,6,5206,3663,1543
2177,1995,7,5212,3183,2029
2177,1995,8,5221,3183,2038
2177,1995,9,5217,6623,-1406
2177,1995,10,5219,5903,-684
2177,1995,11,5220,3183,2037
2177,1995,12,5227,4183,1044
2177,1996,1,5209,15193,-9984
2177,1996,2,5191,3183,2008
2177,1996,3,5200,3183,2017
2177,1996,4,5206,3823,1383
2177,1996,5,5214,3183,2031
2177,1996,6,5220,4483,737
2177,1996,7,5223,4283,940
2177,1996,8,5222,6583,-1361
2177,1996,9,5217,5883,-666
2177,1996,10,5221,3183,2038
2177,1996,11,5216,8883,-3667
2177,1996,12,5201,9863,-4662
2177,1997,1,5189,5343,-154
2177,1997,2,5186,6283,-1097
2177,1997,3,5186,4063,1123
2177,1997,4,5193,3183,2010
2177,1997,5,5202,3183,2019
2177,1997,6,5209,4863,346
2177,1997,7,5195,9483,-4288
2177,1997,8,5194,3183,2011
2177,1997,9,5202,3183,2019
2177,1997,10,5187,10883,-5696
2177,1997,11,5186,3183,2003
2177,1997,12,5193,3883,1310
2177,1998,1,5191,6403,-1212
2177,1998,2,5195,3183,2012
2177,1998,3,5203,3183,2020
2177,1998,4,5208,4783,425
2177,1998,5,5213,3183,2030
2177,1998,6,5222,3183,2039
2177,1998,7,5230,3183,2047
2177,1998,8,5239,3183,2056
2177,1998,9,5247,3183,2064
2177,1998,10,5256,3183,2073
2177,1998,11,5264,3183,2081
2177,1998,12,5266,7848,-2582
2178,1995,5,1100,0,1100
2178,1995,6,34199,7300,26899
2178,1995,7,22896,12700,10196
2178,1995,8,22927,17800,5127
2178,1995,9,22949,17600,5349
2178,1995,10,22972,25074,-2102
2178,1995,11,22938,29734,-6796
2178,1995,12,34325,31274,3051
2178,1996,1,22911,38434,-15523
2178,1996,2,22883,19274,3609
2178,1996,3,22888,22074,814
2178,1996,4,22892,25074,-2182
2178,1996,5,22892,20094,2798
2178,1996,6,34260,48034,-13774
2178,1996,7,22866,15534,7332
2178,1996,8,22885,19474,3411
2178,1996,9,22897,20194,2703
2178,1996,10,22918,16174,6744
2178,1996,11,22961,14094,8867
2178,1996,12,34395,17414,16981
2178,1997,1,22984,40394,-17410
2178,1997,2,22993,13934,9059
2178,1997,3,23011,21594,1417
2178,1997,4,23025,16074,6951
2178,1997,5,23020,25574,-2554
2178,1997,6,34422,41034,-6612
2178,1997,7,22999,21014,1985
2178,1997,8,23011,19474,3537
2178,1997,9,23028,18974,4054
2178,1997,10,23035,35314,-12279
2178,1997,11,23011,19774,3237
2178,1997,12,34421,29074,5347
2178,1998,1,23031,35434,-12403
2178,1998,2,22993,24074,-1081
2178,1998,3,22988,23654,-666
2178,1998,4,22984,24674,-1690
2178,1998,5,22976,26574,-3598
2178,1998,6,34363,32334,2029
2178,1998,7,22961,21394,1567
2178,1998,8,22973,22574,399
2178,1998,9,22973,22174,799
2178,1998,10,22971,27834,-4863
2178,1998,11,22952,25174,-2222
2178,1998,12,34354,14759,19595
2179,1994,1,700,0,700
2179,1994,2,12100,0,12100
2179,1994,3,4600,0,4600
2179,1994,4,4300,0,4300
2179,1994,5,2200,0,2200
2179,1994,6,0,600,-600
2179,1994,7,0,200,-200
2179,1994,8,2800,0,2800
2179,1994,9,0,1700,-1700
2179,1994,11,2500,0,2500
2179,1994,12,1000,0,1000
2179,1995,1,48268,3200,45068
2179,1995,2,303,23600,-23297
2179,1995,3,303,11900,-11597
2179,1995,4,31628,3100,28528
2179,1995,5,276,19800,-19524
2179,1995,6,43035,9700,33335
2179,1995,7,333,24100,-23767
2179,1995,8,333,14500,-14167
2179,1995,9,15444,6100,9344
2179,1995,10,77409,69284,8125
2179,1995,11,49341,66384,-17043
2179,1995,12,40290,13884,26406
2179,1996,1,43158,49903,-6745
2179,1996,2,112644,95991,16653
2179,1996,3,229,31184,-30955
2179,1996,4,31886,16384,15502
2179,1996,5,29102,19484,9618
2179,1996,6,53229,69090,-15861
2179,1996,7,128,28895,-28767
2179,1996,8,38798,15184,23614
2179,1996,9,49285,40290,8995
2179,1996,10,26691,24584,2107
2179,1996,11,242,9584,-9342
2179,1996,12,25099,24184,915
2179,1997,1,13459,27684,-14225
2179,1997,2,9830,13163,-3333
2179,1997,3,17613,14986,2627
2179,1997,4,10349,6384,3965
2179,1997,5,18407,26168,-7761
2179,1997,6,14327,13584,743
2179,1997,7,10339,6384,3955
2179,1997,8,7555,6384,1171
2179,1997,9,14248,15436,-1188
2179,1997,10,17815,21985,-4170
2179,1997,11,15547,6384,9163
2179,1997,12,9773,9384,389
2179,1998,1,82527,72084,10443
2179,1998,2,33324,19184,14140
2179,1998,3,86538,61584,24954
2179,1998,4,51862,63584,-11722
2179,1998,5,101717,101884,-167
2179,1998,6,17539,18084,-545
2179,1998,7,32899,43984,-11085
2179,1998,8,141308,105284,36024
2179,1998,9,40018,65084,-25066
2179,1998,10,316,10384,-10068
2179,1998,11,6391,6384,7
2179,1998,12,22291,34254,-11963
2180,1993,10,400,0,400
2180,1993,11,14200,0,14200
2180,1993,12,2600,0,2600
2180,1994,1,2800,0,2800
2180,1994,2,3300,0,3300
2180,1994,3,1500,0,1500
2180,1994,4,1300,0,1300
2180,1994,5,0,3600,-3600
2180,1994,6,1700,0,1700
2180,1994,7,1000,0,1000
2180,1994,8,0,2500,-2500
2180,1994,9,2600,0,2600
2180,1994,10,0,500,-500
2180,1994,11,1800,0,1800
2180,1994,12,0,2500,-2500
2180,1995,1,0,1000,-1000
2180,1995,2,1800,0,1800
2180,1995,3,0,1400,-1400
2180,1995,4,0,1100,-1100
2180,1995,5,200,0,200
2180,1995,6,800,0,800
2180,1995,7,0,2000,-2000
2180,1995,8,600,0,600
2180,1995,9,0,3300,-3300
2180,1995,10,700,0,700
2180,1995,11,0,3000,-3000
2180,1995,12,0,3700,-3700
2180,1996,1,300,0,300
2180,1996,2,400,0,400
2180,1996,3,0,1400,-1400
2180,1996,4,0,800,-800
2180,1996,5,400,0,400
2180,1996,6,1700,0,1700
2180,1996,7,0,1700,-1700
2180,1996,8,1300,0,1300
2180,1996,9,0,2900,-2900
2180,1996,10,0,300,-300
2180,1996,11,2600,0,2600
2180,1996,12,0,900,-900
2180,1997,1,0,1000,-1000
2180,1997,3,900,0,900
2182,1997,7,300,0,300
2182,1997,8,17344,0,17344
2182,1997,9,7982,2800,5182
2182,1997,10,8007,1700,6307
2182,1997,11,8024,5200,2824
2182,1997,12,11986,12877,-891
2182,1998,1,7992,19937,-11945
2182,1998,2,13903,5277,8626
2182,1998,3,10021,6597,3424
2182,1998,4,8026,7377,649
2182,1998,5,11346,5277,6069
2182,1998,6,12007,36597,-24590
2182,1998,7,16689,5277,11412
2182,1998,8,10713,7917,2796
2182,1998,9,14342,5277,9065
2182,1998,10,8042,10257,-2215
2182,1998,11,11561,5277,6284
2182,1998,12,12132,7502,4630
2183,1997,7,500,0,500
2183,1997,8,20546,0,20546
2183,1997,9,16115,4300,11815
2183,1997,10,16145,12900,3245
2183,1997,11,16155,14400,1755
2183,1997,12,24170,22335,1835
2183,1998,1,16139,40195,-24056
2183,1998,2,16087,7615,8472
2183,1998,3,16114,11015,5099
2183,1998,4,16115,19855,-3740
2183,1998,5,16127,8115,8012
2183,1998,6,24091,53975,-29884
2183,1998,7,22376,15,22361
2183,1998,8,16137,7035,9102
2183,1998,9,16177,5815,10362
2183,1998,10,16195,14315,1880
2183,1998,11,16182,21115,-4933
2183,1998,12,24195,21880,2315
2184,1997,5,25239,0,25239
2184,1997,6,37010,0,37010
2184,1997,7,24729,20900,3829
2184,1997,8,24727,26200,-1473
2184,1997,9,24727,24615,112
2184,1997,10,24707,29780,-5073
2184,1997,11,24690,28280,-3590
2184,1997,12,36935,33480,3455
2184,1998,1,24654,50960,-26306
2184,1998,2,24629,16380,8249
2184,1998,3,24653,16980,7673
2184,1998,4,24660,24540,120
2184,1998,5,24650,27420,-2770
2184,1998,6,36912,61720,-24808
2184,1998,7,24589,28480,-3891
2184,1998,8,24596,19080,5516
2184,1998,9,24616,25780,-1164
2184,1998,10,24609,26980,-2371
2184,1998,11,24590,27320,-2730
2184,1998,12,36854,7165,29689
2185,1995,1,900,0,900
2185,1995,2,5266,0,5266
2185,1995,3,5266,0,5266
2185,1995,4,5266,0,5266
2185,1995,5,5266,0,5266
2185,1995,6,5285,8265,-2980
2185,1995,7,5352,2319,3033
2185,1995,8,5366,2019,3347
2185,1995,9,5376,3619,1757
2185,1995,10,5382,3779,1603
2185,1995,11,5389,4879,510
2185,1995,12,5394,5369,25
2185,1996,1,5365,16129,-10764
2185,1996,2,5344,5699,-355
2185,1996,3,5347,2739,2608
2185,1996,4,5360,2019,3341
2185,1996,5,5366,4579,787
2185,1996,6,5369,9619,-4250
2185,1996,7,5360,2019,3341
2185,1996,8,5374,2019,3355
2185,1996,9,5387,2019,3368
2185,1996,10,5402,2019,3383
2185,1996,11,5416,2019,3397
2185,1996,12,5414,10129,-4715
2185,1997,1,5380,16009,-10629
2185,1997,2,5362,5939,-577
2185,1997,3,5363,2019,3344
2185,1997,4,5372,4579,793
2185,1997,5,5371,7419,-2048
2185,1997,6,5371,5419,-48
2185,1997,7,5372,2019,3353
2185,1997,8,5386,2019,3367
2185,1997,9,5399,2019,3380
2185,1997,10,5404,4939,465
2185,1997,11,5414,2219,3195
2185,1997,12,5427,2869,2558
2185,1998,1,5409,14419,-9010
2185,1998,2,5401,2019,3382
2185,1998,3,5415,5299,116
2185,1998,4,5416,2019,3397
2185,1998,5,5420,8399,-2979
2185,1998,6,5391,16919,-11528
2185,1998,7,5370,5939,-569
2185,1998,8,5374,2019,3355
2185,1998,9,5380,4019,1361
2185,1998,10,5387,2519,2868
2185,1998,11,5396,7719,-2323
2185,1998,12,5385,3154,2231
2186,1993,7,6510,0,6510
2186,1993,8,5519,0,5519
2186,1993,9,5519,0,5519
2186,1993,10,5519,0,5519
2186,1993,11,5566,2298,3268
2186,1993,12,5609,4198,1411
2186,1994,1,5582,15558,-9976
2186,1994,2,5573,2298,3275
2186,1994,3,5582,5178,404
2186,1994,4,5585,4698,887
2186,1994,5,5593,2298,3295
2186,1994,6,5575,17448,-11873
2186,1994,7,5557,2298,3259
2186,1994,8,5569,3738,1831
2186,1994,9,5579,2858,2721
2186,1994,10,5590,2298,3292
2186,1994,11,5602,6098,-496
2186,1994,12,5599,5498,101
2186,1995,1,5591,9058,-3467
2186,1995,2,5587,2298,3289
2186,1995,3,5599,4578,1021
2186,1995,4,5604,4998,606
2186,1995,5,5606,9758,-4152
2186,1995,6,5574,12698,-7124
2186,1995,7,5560,2298,3262
2186,1995,8,5573,5718,-145
2186,1995,9,5573,2298,3275
2186,1995,10,5583,4538,1045
2186,1995,11,5591,2298,3293
2186,1995,12,5604,3648,1956
2186,1996,1,5580,16078,-10498
2186,1996,2,5569,2298,3271
2186,1996,3,5581,3498,2083
2186,1996,4,5591,2298,3293
2186,1996,5,5598,5578,20
2186,1996,6,5585,13318,-7733
2186,1996,7,5572,3098,2474
2186,1996,8,5583,2298,3285
2186,1996,9,5591,5498,93
2186,1996,10,5597,2298,3299
2186,1996,11,5604,6198,-594
2186,1996,12,5607,3498,2109
2186,1997,1,5598,14438,-8840
2186,1997,2,5571,6218,-647
2186,1997,3,5578,2298,3280
2186,1997,4,5591,2298,3293
2186,1997,5,5604,2498,3106
2186,1997,6,5606,7698,-2092
2186,1997,7,5607,3298,2309
2186,1997,8,5611,5518,93
2186,1997,9,5602,9198,-3596
2186,1997,10,5603,7998,-2395
2186,1997,11,5576,9398,-3822
2186,1997,12,5563,8948,-3385
2186,1998,1,5558,5338,220
2186,1998,2,5557,6298,-741
2186,1998,3,5561,2298,3263
2186,1998,4,5574,2298,3276
2186,1998,5,5576,9578,-4002
2186,1998,6,5567,5058,509
2186,1998,7,5573,2298,3275
2186,1998,8,5587,2298,3289
2186,1998,9,5597,4538,1059
2186,1998,10,5592,7978,-2386
2186,1998,11,5595,2298,3297
2186,1998,12,5608,3133,2475
2187,1996,2,300,0,300
2187,1996,3,44590,10900,33690
2187,1996,4,66003,21100,44903
2187,1996,5,167912,188130,-20218
2187,1996,6,7733,27010,-19277
2187,1996,7,65494,57853,7641
2187,1996,8,77076,61428,15648
2187,1996,9,239,19530,-19291
2187,1996,10,23475,24030,-555
2187,1996,11,60316,19030,41286
2187,1996,12,53669,90530,-36861
2187,1997,1,70930,41930,29000
2187,1997,2,280,27230,-26950
2187,1997,3,179,23930,-23751
2187,1997,4,33311,26747,6564
2187,1997,5,63628,16930,46698
2187,1997,6,11697,36230,-24533
2187,1997,7,86710,79830,6880
2187,1997,8,75909,98630,-22721
2187,1997,9,98928,28730,70198
2187,1997,10,366,44730,-44364
2187,1997,11,54106,72386,-18280
2187,1997,12,70515,43386,27129
2187,1998,1,44227,49292,-5065
2187,1998,2,235,21886,-21651
2187,1998,3,5794,9168,-3374
2187,1998,4,3053,12286,-9233
2187,1998,5,2433,4486,-2053
2187,1998,6,48968,30073,18895
2187,1998,7,49420,27886,21534
2187,1998,8,73780,35686,38094
2187,1998,9,47829,71519,-23690
2187,1998,10,10245,26286,-16041
2187,1998,11,42561,16830,25731
2187,1998,12,100575,88300,12275
2189,1993,4,700,0,700
2189,1993,5,22914,0,22914
2189,1993,6,31295,14500,16795
2189,1993,7,20954,18200,2754
2189,1993,8,20960,21500,-540
2189,1993,9,20975,20019,956
2189,1993,10,20974,21071,-97
2189,1993,11,20967,23671,-2704
2189,1993,12,31367,28571,2796
2189,1994,1,20965,23371,-2406
2189,1994,2,20959,20671,288
2189,1994,3,20962,21471,-509
2189,1994,4,20953,25211,-4258
2189,1994,5,20948,17871,3077
2189,1994,6,31354,27711,3643
2189,1994,7,20960,24271,-3311
2189,1994,8,20950,25711,-4761
2189,1994,9,20934,20231,703
2189,1994,10,20935,21291,-356
2189,1994,11,20923,22571,-1648
2189,1994,12,31321,27031,4290
2189,1995,1,20967,9671,11296
2189,1995,2,20998,15531,5467
2189,1995,3,20999,26171,-5172
2189,1995,4,20988,21251,-263
2189,1995,5,21006,12771,8235
2189,1995,6,31440,18271,13169
2189,1995,7,21051,28171,-7120
2189,1995,8,21045,18971,2074
2189,1995,9,21045,27031,-5986
2189,1995,10,21029,18871,2158
2189,1995,11,21023,22871,-1848
2189,1995,12,31443,21271,10172
2189,1996,1,21044,27371,-6327
2189,1996,2,21044,18571,2473
2189,1996,3,21045,21671,-626
2189,1996,4,21037,23271,-2234
2189,1996,5,21041,18971,2070
2189,1996,6,31432,31571,-139
2189,1996,7,21028,24271,-3243
2189,1996,8,21036,18671,2365
2189,1996,9,21032,23271,-2239
2189,1996,10,21024,22671,-1647
2189,1996,11,21028,18971,2057
2189,1996,12,31457,19471,11986
2189,1997,1,21066,44771,-23705
2189,1997,2,21028,4971,16057
2189,1997,3,21058,17771,3287
2189,1997,4,21053,27671,-6618
2189,1997,5,21039,33571,-12532
2189,1997,6,31386,44491,-13105
2189,1997,7,20981,15371,5610
2189,1997,8,20996,15971,5025
2189,1997,9,21013,21371,-358
2189,1997,10,21010,20971,39
2189,1997,11,21008,23871,-2863
2189,1997,12,31396,29131,2265
2189,1998,1,21003,21371,-368
2189,1998,2,21002,20571,431
2189,1998,3,20992,25491,-4499
2189,1998,4,20989,14971,6018
2189,1998,5,21012,17671,3341
2189,1998,6,31377,32191,-814
2189,1998,7,21018,19471,1547
2189,1998,8,21026,16571,4455
2189,1998,9,21043,16871,4172
2189,1998,10,21053,22671,-1618
2189,1998,11,21043,23571,-2528
2189,1998,12,31444,27836,3608
2190,1996,6,800,0,800
2190,1996,7,44749,4300,40449
2190,1996,8,172,8400,-8228
2190,1996,9,172,4500,-4328
2190,1996,10,172,3900,-3728
2190,1996,11,23076,400,22676
2190,1996,12,8802,17700,-8898
2190,1997,1,182797,146951,35846
2190,1997,2,67648,60251,7397
2190,1997,3,236,51351,-51115
2190,1997,4,123,8651,-8528
2190,1997,5,3272,7951,-4679
2190,1997,6,64690,39351,25339
2190,1997,7,36803,34451,2352
2190,1997,8,63266,48751,14515
2190,1997,9,71795,82061,-10266
2190,1997,10,9633,29251,-19618
2190,1997,11,14734,19451,-4717
2190,1997,12,8978,7951,1027
2190,1998,1,96642,68251,28391
2190,1998,2,25114,26551,-1437
2190,1998,3,27362,31516,-4154
2190,1998,4,145462,131280,14182
2190,1998,5,229,19851,-19622
2190,1998,6,74938,36051,38887
2190,1998,7,48549,75361,-26812
2190,1998,8,18831,29251,-10420
2190,1998,9,155,16051,-15896
2190,1998,10,60763,46551,14212
2190,1998,11,93300,59351,33949
2190,1998,12,71766,62421,9345
2191,1996,8,13973,0,13973
2191,1996,9,17344,0,17344
2191,1996,10,13292,3800,9492
2191,1996,11,13312,9600,3712
2191,1996,12,19874,22577,-2703
2191,1997,1,13284,34897,-21613
2191,1997,2,13221,11777,1444
2191,1997,3,13213,19117,-5904
2191,1997,4,13207,10657,2550
2191,1997,5,13214,11917,1297
2191,1997,6,19812,9377,10435
2191,1997,7,13238,19177,-5939
2191,1997,8,13227,15077,-1850
2191,1997,9,13223,13877,-654
2191,1997,10,13223,12877,346
2191,1997,11,13213,16577,-3364
2191,1997,12,19806,17777,2029
2191,1998,1,13208,21657,-8449
2191,1998,2,13199,6777,6422
2191,1998,3,13210,20217,-7007
2191,1998,4,13205,11377,1828
2191,1998,5,13204,9977,3227
2191,1998,6,19800,15077,4723
2191,1998,7,13224,17657,-4433
2191,1998,8,13212,12277,935
2191,1998,9,13212,19697,-6485
2191,1998,10,13195,8777,4418
2191,1998,11,13204,15197,-1993
2191,1998,12,19782,10602,9180
2192,1996,3,800,0,800
2192,1996,4,24804,0,24804
2192,1996,5,21690,10900,10790
2192,1996,6,32515,24900,7615
2192,1996,7,21750,22200,-450
2192,1996,8,21747,22715,-968
2192,1996,9,21740,26993,-5253
2192,1996,10,21711,28413,-6702
2192,1996,11,21693,24093,-2400
2192,1996,12,32471,34073,-1602
2192,1997,1,21658,32573,-10915
2192,1997,2,21632,21153,479
2192,1997,3,21639,23673,-2034
2192,1997,4,21630,20193,1437
2192,1997,5,21639,18993,2646
2192,1997,6,32438,27393,5045
2192,1997,7,21657,24293,-2636
2192,1997,8,21641,25593,-3952
2192,1997,9,21668,7193,14475
2192,1997,10,21701,18293,3408
2192,1997,11,21699,23593,-1894
2192,1997,12,32536,10073,22463
2192,1998,1,21728,53093,-31365
2192,1998,2,21692,10313,11379
2192,1998,3,21716,17993,3723
2192,1998,4,21711,27233,-5522
2192,1998,5,21698,21393,305
2192,1998,6,32513,18993,13520
2192,1998,7,21738,26493,-4755
2192,1998,8,21711,28093,-6382
2192,1998,9,21690,25193,-3503
2192,1998,10,21685,22393,-708
2192,1998,11,21681,22593,-912
2192,1998,12,32536,10698,21838
2193,1996,11,5935,0,5935
2193,1996,12,18652,0,18652
2193,1997,1,6739,0,6739
2193,1997,2,5857,3100,2757
2193,1997,3,5859,7515,-1656
2193,1997,4,5826,12239,-6413
2193,1997,5,5814,9839,-4025
2193,1997,6,8666,8039,627
2193,1997,7,5810,9839,-4029
2193,1997,8,5790,8399,-2609
2193,1997,9,6193,3439,2754
2193,1997,10,6505,3439,3066
2193,1997,11,5809,11879,-6070
2193,1997,12,8657,8039,618
2193,1998,1,9581,10519,-938
2193,1998,2,5790,3439,2351
2193,1998,3,8202,3439,4763
2193,1998,4,5815,10099,-4284
2193,1998,5,5800,7339,-1539
2193,1998,6,8661,7339,1322
2193,1998,7,5794,12339,-6545
2193,1998,8,5974,3439,2535
2193,1998,9,6585,3439,3146
2193,1998,10,5796,5139,657
2193,1998,11,6496,5959,537
2193,1998,12,8671,3424,5247
2194,1997,2,400,0,400
2194,1997,3,25303,0,25303
2194,1997,4,19501,7600,11901
2194,1997,5,19546,14500,5046
2194,1997,6,29261,23100,6161
2194,1997,7,19606,20001,-395
2194,1997,8,19596,22781,-3185
2194,1997,9,19582,26421,-6839
2194,1997,10,19562,18001,1561
2194,1997,11,19558,26341,-6783
2194,1997,12,29242,30321,-1079
2194,1998,1,19480,36401,-16921
2194,1998,2,19472,11501,7971
2194,1998,3,19499,17101,2398
2194,1998,4,19507,18301,1206
2194,1998,5,19518,13901,5617
2194,1998,6,29248,24041,5207
2194,1998,7,19552,20301,-749
2194,1998,8,19548,19901,-353
2194,1998,9,19543,20801,-1258
2194,1998,10,19532,24721,-5189
2194,1998,11,19516,20001,-485
2194,1998,12,29239,15986,13253
2195,1994,10,17496,0,17496
2195,1994,11,20575,0,20575
2195,1994,12,25189,4600,20589
2195,1995,1,16895,17800,-905
2195,1995,2,16896,15815,1081
2195,1995,3,16898,17315,-417
2195,1995,4,16882,15895,987
2195,1995,5,16906,14815,2091
2195,1995,6,25164,50435,-25271
2195,1995,7,16831,5715,11116
2195,1995,8,16864,11215,5649
2195,1995,9,16892,9315,7577
2195,1995,10,16914,13515,3399
2195,1995,11,16899,16735,164
2195,1995,12,25272,15975,9297
2195,1996,1,16904,38375,-21471
2195,1996,2,16873,15,16858
2195,1996,3,16953,28715,-11762
2195,1996,4,16960,18215,-1255
2195,1996,5,16886,14115,2771
2195,1996,6,25214,38355,-13141
2195,1996,7,16845,9315,7530
2195,1996,8,16874,15315,1559
2195,1996,9,16907,12715,4192
2195,1996,10,16918,18615,-1697
2195,1996,11,16890,16115,775
2195,1996,12,25247,22775,2472
2195,1997,1,16892,27315,-10423
2195,1997,2,16866,7815,9051
2195,1997,3,16915,17175,-260
2195,1997,4,16901,11415,5486
2195,1997,5,16923,12015,4908
2195,1997,6,27723,44495,-16772
2195,1997,7,16886,1115,15771
2195,1997,8,16937,14915,2022
2195,1997,9,16957,11915,5042
2195,1997,10,16964,17615,-651
2195,1997,11,16976,15515,1461
2195,1997,12,25319,21415,3904
2195,1998,1,16991,28755,-11764
2195,1998,2,16945,9315,7630
2195,1998,3,16977,9015,7962
2195,1998,4,17007,11515,5492
2195,1998,5,17020,21495,-4475
2195,1998,6,25308,35615,-10307
2195,1998,7,16977,6715,10262
2195,1998,8,17018,8115,8903
2195,1998,9,17042,15415,1627
2195,1998,10,17041,19215,-2174
2195,1998,11,17037,16615,422
2195,1998,12,25355,33200,-7845
2196,1997,7,500,0,500
2196,1997,8,5525,0,5525
2196,1997,9,5525,0,5525
2196,1997,10,5525,0,5525
2196,1997,11,5525,0,5525
2196,1997,12,5529,15,5514
2196,1998,1,5634,12815,-7181
2196,1998,2,5620,2175,3445
2196,1998,3,5634,3275,2359
2196,1998,4,5635,8875,-3240
2196,1998,5,5631,2375,3256
2196,1998,6,5641,10975,-5334
2196,1998,7,5617,5675,-58
2196,1998,8,5618,4695,923
2196,1998,9,5620,5475,145
2196,1998,10,5616,7475,-1859
2196,1998,11,5609,5915,-306
2196,1998,12,5601,10160,-4559
2197,1997,7,900,0,900
2197,1997,8,21307,0,21307
2197,1997,9,12890,1400,11490
2197,1997,10,12933,6500,6433
2197,1997,11,12956,9700,3256
2197,1997,12,19374,18839,535
2197,1998,1,14655,27739,-13084
2197,1998,2,12922,12239,683
2197,1998,3,13429,8539,4890
2197,1998,4,12945,11839,1106
2197,1998,5,13554,8539,5015
2197,1998,6,29165,30939,-1774
2197,1998,7,13668,8539,5129
2197,1998,8,15692,8539,7153
2197,1998,9,13013,10939,2074
2197,1998,10,13015,15139,-2124
2197,1998,11,13003,15939,-2936
2197,1998,12,19415,10324,9091
2199,1993,8,4860,0,4860
2199,1993,9,12300,0,12300
2199,1993,10,9744,0,9744
2199,1993,11,3860,3500,360
2199,1993,12,3866,2315,1551
2199,1994,1,7741,11403,-3662
2199,1994,2,3853,2903,950
2199,1994,3,4862,2513,2349
2199,1994,4,3866,3013,853
2199,1994,5,3865,7613,-3748
2199,1994,6,5148,10103,-4955
2199,1994,7,6036,2513,3523
2199,1994,8,4351,2513,1838
2199,1994,9,3856,3713,143
2199,1994,10,4359,2513,1846
2199,1994,11,3866,3213,653
2199,1994,12,4169,2723,1446
2199,1995,1,4057,9323,-5266
2199,1995,2,3852,4423,-571
2199,1995,3,6450,3773,2677
2199,1995,4,3861,4213,-352
2199,1995,5,4161,2513,1648
2199,1995,6,9352,8663,689
2199,1995,7,3869,3413,456
2199,1995,8,3869,4803,-934
2199,1995,9,5568,3323,2245
2199,1995,10,4678,3863,815
2199,1995,11,3879,3983,-104
2199,1995,12,3877,4973,-1096
2199,1996,1,5464,8303,-2839
2199,1996,2,6062,5183,879
2199,1996,3,3867,2913,954
2199,1996,4,3868,4413,-545
2199,1996,5,3867,3913,-46
2199,1996,6,3851,9003,-5152
2199,1996,7,3846,3063,783
2199,1996,8,5553,2513,3040
2199,1996,9,3861,3213,648
2199,1996,10,3865,2913,952
2199,1996,11,3861,5473,-1612
2199,1996,12,3856,5253,-1397
2199,1997,1,3840,9773,-5933
2199,1997,2,3822,6333,-2511
2199,1997,3,5224,2513,2711
2199,1997,4,3829,4213,-384
2199,1997,5,3822,6613,-2791
2199,1997,6,3818,3473,345
2199,1997,7,3809,7113,-3304
2199,1997,8,3800,5113,-1313
2199,1997,9,3801,2513,1288
2199,1997,10,4506,3443,1063
2199,1997,11,4413,2513,1900
2199,1997,12,6423,3323,3100
2199,1998,1,5323,7073,-1750
2199,1998,2,6231,2513,3718
2199,1998,3,7951,2513,5438
2199,1998,4,6770,2513,4257
2199,1998,5,3860,9003,-5143
2199,1998,6,3839,13013,-9174
2199,1998,7,3920,2513,1407
2199,1998,8,4624,4103,521
2199,1998,9,3809,8323,-4514
2199,1998,10,3809,2513,1296
2199,1998,11,3814,3503,311
2199,1998,12,3811,3738,73
2200,1997,6,1100,0,1100
2200,1997,7,16213,0,16213
2200,1997,8,11381,900,10481
2200,1997,9,11415,10800,615
2200,1997,10,11418,10100,1318
2200,1997,11,11425,8915,2510
2200,1997,12,17100,16815,285
2200,1998,1,11434,11815,-381
2200,1998,2,11443,9715,1728
2200,1998,3,11445,7015,4430
2200,1998,4,11461,9215,2246
2200,1998,5,11472,8215,3257
2200,1998,6,17122,27215,-10093
2200,1998,7,11446,11515,-69
2200,1998,8,11444,8215,3229
2200,1998,9,11451,12415,-964
2200,1998,10,11456,8715,2741
2200,1998,11,11458,12115,-657
2200,1998,12,17140,2300,14840
2201,1993,10,3452,0,3452
2201,1993,11,3158,0,3158
2201,1993,12,3158,0,3158
2201,1994,1,3158,0,3158
2201,1994,2,3186,363,2823
2201,1994,3,3211,2111,1100
2201,1994,4,3216,2111,1105
2201,1994,5,3220,2111,1109
2201,1994,6,3206,8561,-5355
2201,1994,7,3203,2111,1092
2201,1994,8,3208,2111,1097
2201,1994,9,3211,2441,770
2201,1994,10,3215,2321,894
2201,1994,11,3219,2111,1108
2201,1994,12,3221,2621,600
2201,1995,1,3216,5561,-2345
2201,1995,2,3212,3161,51
2201,1995,3,3216,2321,895
2201,1995,4,3221,2111,1110
2201,1995,5,3224,2111,1113
2201,1995,6,3225,5591,-2366
2201,1995,7,3215,3461,-246
2201,1995,8,3217,3131,86
2201,1995,9,3219,2111,1108
2201,1995,10,3224,2111,1113
2201,1995,11,3227,2651,576
2201,1995,12,3230,2261,969
2201,1996,1,3219,7451,-4232
2201,1996,2,3218,2111,1107
2201,1996,3,3222,2111,1111
2201,1996,4,3223,3251,-28
2201,1996,5,3223,3551,-328
2201,1996,6,3223,3131,92
2201,1996,7,3222,3281,-59
2201,1996,8,3225,2111,1114
2201,1996,9,3228,2111,1117
2201,1996,10,3234,2351,883
2201,1996,11,3232,5611,-2379
2201,1996,12,3226,3281,-55
2201,1997,1,3214,8381,-5167
2201,1997,2,3201,4411,-1210
2201,1997,3,3199,2611,588
2201,1997,4,3202,2111,1091
2201,1997,5,3204,3401,-197
2201,1997,6,3207,2111,1096
2201,1997,7,3211,2111,1100
2201,1997,8,3215,2211,1004
2201,1997,9,3210,5811,-2601
2201,1997,10,3209,4711,-1502
2201,1997,11,3203,2111,1092
2201,1997,12,3208,2111,1097
2201,1998,1,3209,4031,-822
2201,1998,2,3208,2111,1097
2201,1998,3,3208,4221,-1013
2201,1998,4,3208,2111,1097
2201,1998,5,3210,3071,139
2201,1998,6,3211,3611,-400
2201,1998,7,3212,2111,1101
2201,1998,8,3212,3431,-219
2201,1998,9,3215,2111,1104
2201,1998,10,3216,3311,-95
2201,1998,11,3210,5151,-1941
2201,1998,12,3212,2396,816
2203,1995,4,7511,0,7511
2203,1995,5,6717,0,6717
2203,1995,6,6717,0,6717
2203,1995,7,6717,0,6717
2203,1995,8,6795,4515,2280
2203,1995,9,6812,6635,177
2203,1995,10,6804,12435,-5631
2203,1995,11,6801,6235,566
2203,1995,12,6805,9185,-2380
2203,1996,1,6767,12945,-6178
2203,1996,2,6767,3235,3532
2203,1996,3,6782,5555,1227
2203,1996,4,6787,4135,2652
2203,1996,5,6797,4535,2262
2203,1996,6,6800,10325,-3525
2203,1996,7,6791,5735,1056
2203,1996,8,6790,9415,-2625
2203,1996,9,6773,9855,-3082
2203,1996,10,6770,5375,1395
2203,1996,11,6774,5555,1219
2203,1996,12,6778,8785,-2007
2203,1997,1,6760,11155,-4395
2203,1997,2,6753,6235,518
2203,1997,3,6757,5535,1222
2203,1997,4,6763,4135,2628
2203,1997,5,6775,3435,3340
2203,1997,6,6776,7685,-909
2203,1997,7,6781,5735,1046
2203,1997,8,6788,3635,3153
2203,1997,9,6797,6635,162
2203,1997,10,6802,3835,2967
2203,1997,11,6813,4335,2478
2203,1997,12,6806,12785,-5979
2203,1998,1,6790,11655,-4865
2203,1998,2,6777,4335,2442
2203,1998,3,6792,2335,4457
2203,1998,4,6802,6835,-33
2203,1998,5,6801,6835,-34
2203,1998,6,6768,18105,-11337
2203,1998,7,6757,5295,1462
2203,1998,8,6761,5855,906
2203,1998,9,6769,3735,3034
2203,1998,10,6776,8375,-1599
2203,1998,11,6769,6235,534
2203,1998,12,6769,6970,-201
2204,1997,7,700,0,700
2204,1997,8,15259,0,15259
2204,1997,9,8012,0,8012
2204,1997,10,6035,3800,2235
2204,1997,11,6044,3700,2344
2204,1997,12,9011,14229,-5218
2204,1998,1,9918,19569,-9651
2204,1998,2,12207,3969,8238
2204,1998,3,10022,8769,1253
2204,1998,4,6326,8289,-1963
2204,1998,5,7629,3969,3660
2204,1998,6,8990,17189,-8199
2204,1998,7,8713,3969,4744
2204,1998,8,6025,4769,1256
2204,1998,9,8137,3969,4168
2204,1998,10,6047,4769,1278
2204,1998,11,6543,9609,-3066
2204,1998,12,13022,8434,4588
2205,1996,4,1100,0,1100
2205,1996,5,5666,0,5666
2205,1996,6,5666,0,5666
2205,1996,7,5666,0,5666
2205,1996,8,5666,0,5666
2205,1996,9,5670,15,5655
2205,1996,10,5787,5557,230
2205,1996,11,5782,7457,-1675
2205,1996,12,5786,4307,1479
2205,1997,1,5786,5957,-171
2205,1997,2,5779,7957,-2178
2205,1997,3,5783,4057,1726
2205,1997,4,5785,8937,-3152
2205,1997,5,5771,5557,214
2205,1997,6,5757,10557,-4800
2205,1997,7,5747,9457,-3710
2205,1997,8,5734,6357,-623
2205,1997,9,5725,8457,-2732
2205,1997,10,5731,3057,2674
2205,1997,11,5725,8797,-3072
2205,1997,12,5730,3357,2373
2205,1998,1,5740,3057,2683
2205,1998,2,5734,8157,-2423
2205,1998,3,5741,3057,2684
2205,1998,4,5727,10857,-5130
2205,1998,5,5730,3057,2673
2205,1998,6,5741,3057,2684
2205,1998,7,5732,8977,-3245
2205,1998,8,5739,3057,2682
2205,1998,9,5750,3057,2693
2205,1998,10,5761,3617,2144
2205,1998,11,5770,3057,2713
2205,1998,12,5780,4142,1638
2206,1995,8,6915,0,6915
2206,1995,9,13059,0,13059
2206,1995,10,8602,0,8602
2206,1995,11,6030,300,5730
2206,1995,12,8993,7755,1238
2206,1996,1,6014,14005,-7991
2206,1996,2,9114,7065,2049
2206,1996,3,11623,9465,2158
2206,1996,4,6030,4445,1585
2206,1996,5,6023,9605,-3582
2206,1996,6,11557,13385,-1828
2206,1996,7,10931,3945,6986
2206,1996,8,8041,8505,-464
2206,1996,9,6038,5865,173
2206,1996,10,6240,5385,855
2206,1996,11,6034,7845,-1811
2206,1996,12,8977,13665,-4688
2206,1997,1,11924,6185,5739
2206,1997,2,6045,3945,2100
2206,1997,3,7457,3945,3512
2206,1997,4,6769,3945,2824
2206,1997,5,7684,5745,1939
2206,1997,6,19290,26705,-7415
2206,1997,7,9858,7905,1953
2206,1997,8,7967,3945,4022
2206,1997,9,7364,9105,-1741
2206,1997,10,6073,5585,488
2206,1997,11,6075,7845,-1770
2206,1997,12,9109,8425,684
2206,1998,1,13527,23305,-9778
2206,1998,2,12525,6705,5820
2206,1998,3,10259,3945,6314
2206,1998,4,12186,3945,8241
2206,1998,5,6113,8645,-2532
2206,1998,6,19109,28265,-9156
2206,1998,7,14055,9585,4470
2206,1998,8,6084,5845,239
2206,1998,9,6084,7165,-1081
2206,1998,10,6081,5145,936
2206,1998,11,10091,3945,6146
2206,1998,12,12369,6490,5879
2207,1996,1,200,0,200
2207,1996,2,24965,0,24965
2207,1996,3,22257,12600,9657
2207,1996,4,22294,15700,6594
2207,1996,5,22321,16500,5821
2207,1996,6,33404,45255,-11851
2207,1996,7,22299,19075,3224
2207,1996,8,22351,22955,-604
2207,1996,9,22309,16615,5694
2207,1996,10,22331,18315,4016
2207,1996,11,22343,21515,828
2207,1996,12,33419,32235,1184
2207,1997,1,22342,48615,-26273
2207,1997,2,22263,8415,13848
2207,1997,3,22307,16995,5312
2207,1997,4,22320,22115,205
2207,1997,5,22321,22515,-194
2207,1997,6,33389,44695,-11306
2207,1997,7,22281,17815,4466
2207,1997,8,22303,16415,5888
2207,1997,9,22313,23615,-1302
2207,1997,10,22304,25515,-3211
2207,1997,11,22320,26655,-4335
2207,1997,12,33371,29195,4176
2207,1998,1,22251,43095,-20844
2207,1998,2,22235,11315,10920
2207,1998,3,22270,15615,6655
2207,1998,4,22285,21415,870
2207,1998,5,22285,22515,-230
2207,1998,6,33351,44775,-11424
2207,1998,7,22248,18115,4133
2207,1998,8,22266,18115,4151
2207,1998,9,22274,21315,959
2207,1998,10,22275,22615,-340
2207,1998,11,22276,21615,661
2207,1998,12,33362,29000,4362
2208,1997,7,4304,0,4304
2208,1997,8,3207,0,3207
2208,1997,9,3207,0,3207
2208,1997,10,3207,0,3207
2208,1997,11,3209,15,3194
2208,1997,12,3261,3011,250
2208,1998,1,3249,7781,-4532
2208,1998,2,3246,2141,1105
2208,1998,3,3250,2351,899
2208,1998,4,3255,2141,1114
2208,1998,5,3259,2141,1118
2208,1998,6,3247,6731,-3484
2208,1998,7,3249,2561,688
2208,1998,8,3249,3191,58
2208,1998,9,3252,2141,1111
2208,1998,10,3256,2681,575
2208,1998,11,3259,2141,1118
2208,1998,12,3263,2606,657
2209,1996,8,900,0,900
2209,1996,9,113098,42900,70198
2209,1996,10,103201,87915,15286
2209,1996,11,80975,71150,9825
2209,1996,12,106938,111052,-4114
2209,1997,1,94539,153533,-58994
2209,1997,2,133941,67995,65946
2209,1997,3,41505,118147,-76642
2209,1997,4,7090,7320,-230
2209,1997,5,173846,94780,79066
2209,1997,6,18573,95120,-76547
2209,1997,7,112396,46920,65476
2209,1997,8,276,34920,-34644
2209,1997,9,33664,26629,7035
2209,1997,10,29485,41681,-12196
2209,1997,11,49245,30720,18525
2209,1997,12,28057,46320,-18263
2209,1998,1,113006,100656,12350
2209,1998,2,155,38120,-37965
2209,1998,3,87896,32520,55376
2209,1998,4,47333,40120,7213
2209,1998,5,92343,85020,7323
2209,1998,6,77958,113120,-35162
2209,1998,7,34622,32320,2302
2209,1998,8,42122,33620,8502
2209,1998,9,21940,37920,-15980
2209,1998,10,65670,37020,28650
2209,1998,11,29333,61333,-32000
2209,1998,12,123,25705,-25582
2210,1996,8,5992,0,5992
2210,1996,9,5801,0,5801
2210,1996,10,5801,0,5801
2210,1996,11,5801,0,5801
2210,1996,12,5804,15,5789
2210,1997,1,5899,4808,1091
2210,1997,2,5896,7828,-1932
2210,1997,3,5898,4268,1630
2210,1997,4,5908,3168,2740
2210,1997,5,5919,3268,2651
2210,1997,6,5929,4728,1201
2210,1997,7,5929,6228,-299
2210,1997,8,5916,9548,-3632
2210,1997,9,5914,4568,1346
2210,1997,10,5921,4068,1853
2210,1997,11,5933,6408,-475
2210,1997,12,5927,3898,2029
2210,1998,1,5941,2568,3373
2210,1998,2,5954,2568,3386
2210,1998,3,5965,6488,-523
2210,1998,4,5945,10408,-4463
2210,1998,5,5944,3768,2176
2210,1998,6,5941,7768,-1827
2210,1998,7,5936,6888,-952
2210,1998,8,5946,2568,3378
2210,1998,9,5957,3768,2189
2210,1998,10,5969,2568,3401
2210,1998,11,5983,2568,3415
2210,1998,12,5985,6253,-268
2211,1997,11,300,0,300
2211,1997,12,70715,23600,47115
2211,1998,1,47292,32700,14592
2211,1998,2,47231,70200,-22969
2211,1998,3,47260,31100,16160
2211,1998,4,47290,45663,1627
2211,1998,5,47292,47163,129
2211,1998,6,70852,75263,-4411
2211,1998,7,47303,43963,3340
2211,1998,8,47263,56663,-9400
2211,1998,9,47230,51563,-4333
2211,1998,10,47220,49963,-2743
2211,1998,11,47206,51963,-4757
2211,1998,12,70652,89863,-19211
2212,1996,2,6085,0,6085
2212,1996,3,5295,0,5295
2212,1996,4,5295,0,5295
2212,1996,5,5295,0,5295
2212,1996,6,5334,11871,-6537
2212,1996,7,5346,3621,1725
2212,1996,8,5355,3221,2134
2212,1996,9,5363,3221,2142
2212,1996,10,5361,4821,540
2212,1996,11,5356,6461,-1105
2212,1996,12,5359,6291,-932
2212,1997,1,5344,11371,-6027
2212,1997,2,5340,3221,2119
2212,1997,3,5350,3221,2129
2212,1997,4,5351,3221,2130
2212,1997,5,5359,6501,-1142
2212,1997,6,5347,9141,-3794
2212,1997,7,5339,3221,2118
2212,1997,8,5348,3221,2127
2212,1997,9,5364,3221,2143
2212,1997,10,5373,3221,2152
2212,1997,11,5375,3221,2154
2212,1997,12,5382,4371,1011
2212,1998,1,5372,9571,-4199
2212,1998,2,5377,3221,2156
2212,1998,3,5374,5621,-247
2212,1998,4,5375,5861,-486
2212,1998,5,5376,3221,2155
2212,1998,6,5377,8761,-3384
2212,1998,7,5376,4981,395
2212,1998,8,5380,4981,399
2212,1998,9,5374,3221,2153
2212,1998,10,5379,5461,-82
2212,1998,11,5381,3701,1680
2212,1998,12,5390,4256,1134
2213,1993,7,700,0,700
2213,1993,8,17464,0,17464
2213,1993,9,9510,1300,8210
2213,1993,10,9525,7900,1625
2213,1993,11,9532,7700,1832
2213,1993,12,14222,23108,-8886
2213,1994,1,11986,19128,-7142
2213,1994,2,13592,6288,7304
2213,1994,3,10412,6288,4124
2213,1994,4,10028,6288,3740
2213,1994,5,9530,9688,-158
2213,1994,6,14263,11988,2275
2213,1994,7,9541,8988,553
2213,1994,8,9514,17188,-7674
2213,1994,9,9515,8288,1227
2213,1994,10,9515,9568,-53
2213,1994,11,9525,6888,2637
2213,1994,12,14227,19448,-5221
2213,1995,1,12289,20608,-8319
2213,1995,2,14499,6288,8211
2213,1995,3,9510,7688,1822
2213,1995,4,9517,7988,1529
2213,1995,5,10433,6288,4145
2213,1995,6,14255,26728,-12473
2213,1995,7,19698,15168,4530
2213,1995,8,13813,6288,7525
2213,1995,9,9533,13368,-3835
2213,1995,10,9527,8088,1439
2213,1995,11,12324,10248,2076
2213,1995,12,14256,13088,1168
2213,1996,1,14020,20328,-6308
2213,1996,2,12817,11088,1729
2213,1996,3,9526,8488,1038
2213,1996,4,9526,11148,-1622
2213,1996,5,9523,8688,835
2213,1996,6,14245,12388,1857
2213,1996,7,9530,12388,-2858
2213,1996,8,9518,11708,-2190
2213,1996,9,9510,10888,-1378
2213,1996,10,10410,6288,4122
2213,1996,11,9521,10888,-1367
2213,1996,12,14218,17528,-3310
2213,1997,1,9494,15968,-6474
2213,1997,2,12784,6288,6496
2213,1997,3,9498,11148,-1650
2213,1997,4,9495,9588,-93
2213,1997,5,9498,7288,2210
2213,1997,6,14223,13408,815
2213,1997,7,9510,7288,2222
2213,1997,8,11725,6288,5437
2213,1997,9,9535,10688,-1153
2213,1997,10,9611,15288,-5677
2213,1997,11,15608,11688,3920
2213,1997,12,17742,11568,6174
2213,1998,1,10226,27568,-17342
2213,1998,2,17100,6288,10812
2213,1998,3,16622,12888,3734
2213,1998,4,11248,6288,4960
2213,1998,5,10054,10248,-194
2213,1998,6,14254,17948,-3694
2213,1998,7,9543,8988,555
2213,1998,8,9523,16688,-7165
2213,1998,9,9515,8688,827
2213,1998,10,11530,6288,5242
2213,1998,11,9535,10388,-853
2213,1998,12,15563,14673,890
2214,1996,1,400,0,400
2214,1996,2,21219,0,21219
2214,1996,3,13505,1600,11905
2214,1996,4,13550,7600,5950
2214,1996,5,13572,12000,1572
2214,1996,6,20302,24375,-4073
2214,1996,7,13579,14955,-1376
2214,1996,8,13556,12515,1041
2214,1996,9,13560,12715,845
2214,1996,10,13584,11035,2549
2214,1996,11,13577,10815,2762
2214,1996,12,20310,21575,-1265
2214,1997,1,14150,27015,-12865
2214,1997,2,13535,6715,6820
2214,1997,3,13565,12695,870
2214,1997,4,13560,12115,1445
2214,1997,5,13564,13415,149
2214,1997,6,20265,35275,-15010
2214,1997,7,13521,9295,4226
2214,1997,8,13527,9215,4312
2214,1997,9,13544,10635,2909
2214,1997,10,13558,17195,-3637
2214,1997,11,13531,15115,-1584
2214,1997,12,20236,19235,1001
2214,1998,1,13497,35535,-22038
2214,1998,2,15472,15,15457
2214,1998,3,13521,8055,5466
2214,1998,4,13530,12115,1415
2214,1998,5,13560,9495,4065
2214,1998,6,20258,31115,-10857
2214,1998,7,13515,13235,280
2214,1998,8,13520,8335,5185
2214,1998,9,13537,9615,3922
2214,1998,10,13559,7515,6044
2214,1998,11,13566,18615,-5049
2214,1998,12,20280,10400,9880
2215,1997,10,1000,0,1000
2215,1997,11,6690,0,6690
2215,1997,12,6690,0,6690
2215,1998,1,6729,4200,2529
2215,1998,2,6765,4500,2265
2215,1998,3,6773,5015,1758
2215,1998,4,6782,6363,419
2215,1998,5,6779,9843,-3064
2215,1998,6,6776,5663,1113
2215,1998,7,6785,2463,4322
2215,1998,8,6803,2363,4440
2215,1998,9,6820,3603,3217
2215,1998,10,6835,2363,4472
2215,1998,11,6844,5563,1281
2215,1998,12,6859,2348,4511
2216,1993,4,8844,0,8844
2216,1993,5,43409,0,43409
2216,1993,6,74433,33400,41033
2216,1993,7,388,32400,-32012
2216,1993,8,42015,30615,11400
2216,1993,9,52857,67099,-14242
2216,1993,10,5602,37952,-32350
2216,1993,11,11851,5199,6652
2216,1993,12,95566,55199,40367
2216,1994,1,42474,92999,-50525
2216,1994,2,11984,13410,-1426
2216,1994,3,56744,53723,3021
2216,1994,4,790,5199,-4409
2216,1994,5,74409,40599,33810
2216,1994,6,14880,24999,-10119
2216,1994,7,64180,13999,50181
2216,1994,8,130871,146535,-15664
2216,1994,9,29470,47603,-18133
2216,1994,10,159,30491,-30332
2216,1994,11,52079,5199,46880
2216,1994,12,108384,143505,-35121
2216,1995,1,23603,40599,-16996
2216,1995,2,48418,5199,43219
2216,1995,3,42464,21799,20665
2216,1995,4,286,34099,-33813
2216,1995,5,89011,80036,8975
2216,1995,6,45243,18599,26644
2216,1995,7,87265,86299,966
2216,1995,8,141890,137791,4099
2216,1995,9,321,31399,-31078
2216,1995,10,77324,63812,13512
2216,1995,11,102623,84499,18124
2216,1995,12,41062,60896,-19834
2216,1996,1,44996,90799,-45803
2216,1996,2,45774,14160,31614
2216,1996,3,39420,30482,8938
2216,1996,4,222,32166,-31944
2216,1996,5,61155,40628,20527
2216,1996,6,5729,23444,-17715
2216,1996,7,35041,27099,7942
2216,1996,8,5958,19599,-13641
2216,1996,9,91587,43605,47982
2216,1996,10,332,26899,-26567
2216,1996,11,1518,22148,-20630
2216,1996,12,6444,7599,-1155
2216,1997,1,7815,16299,-8484
2216,1997,2,28741,17499,11242
2216,1997,3,39689,5199,34490
2216,1997,4,286,18499,-18213
2216,1997,5,8241,27815,-19574
2216,1997,6,3640,5199,-1559
2216,1997,7,42037,5199,36838
2216,1997,8,16233,29499,-13266
2216,1997,9,218,15799,-15581
2216,1997,10,1061,6699,-5638
2216,1997,11,638,5199,-4561
2216,1997,12,79234,56899,22335
2216,1998,1,102068,79299,22769
2216,1998,2,35695,42299,-6604
2216,1998,3,32551,40199,-7648
2216,1998,4,62566,63699,-1133
2216,1998,5,204,22999,-22795
2216,1998,6,140,8099,-7959
2216,1998,7,911,5199,-4288
2216,1998,8,100,5199,-5099
2216,1998,9,53212,18513,34699
2216,1998,10,92357,105699,-13342
2216,1998,11,74815,15699,59116
2216,1998,12,75654,116697,-41043
2217,1996,1,900,0,900
2217,1996,2,11900,0,11900
2217,1996,3,6900,0,6900
2217,1996,4,3100,0,3100
2217,1996,5,0,300,-300
2217,1996,6,0,400,-400
2217,1996,7,0,600,-600
2217,1996,8,600,0,600
2217,1996,9,0,2000,-2000
2217,1996,10,0,3100,-3100
2217,1996,11,2800,0,2800
2217,1996,12,0,4000,-4000
2217,1997,1,400,0,400
2217,1997,2,2300,0,2300
2217,1997,3,0,300,-300
2217,1997,4,0,1000,-1000
2217,1997,5,4600,0,4600
2217,1997,6,3900,0,3900
2217,1997,7,0,1700,-1700
2217,1997,8,0,4400,-4400
2217,1997,9,500,0,500
2217,1997,10,0,4600,-4600
2217,1997,11,2000,0,2000
2217,1997,12,2000,0,2000
2217,1998,1,0,500,-500
2217,1998,2,0,1400,-1400
2217,1998,3,800,0,800
2217,1998,4,0,2400,-2400
2217,1998,5,4300,0,4300
2217,1998,6,5200,0,5200
2217,1998,7,4900,0,4900
2217,1998,8,0,2200,-2200
2217,1998,9,300,0,300
2217,1998,10,0,4800,-4800
2217,1998,11,2100,0,2100
2217,1998,12,0,2100,-2100
2218,1994,11,600,0,600
2218,1994,12,61624,16700,44924
2218,1995,1,41240,33600,7640
2218,1995,2,41271,32900,8371
2218,1995,3,41299,39900,1399
2218,1995,4,41307,36015,5292
2218,1995,5,41259,71815,-30556
2218,1995,6,61808,47882,13926
2218,1995,7,41330,36115,5215
2218,1995,8,41343,36696,4647
2218,1995,9,41359,37915,3444
2218,1995,10,41320,36815,4505
2218,1995,11,41244,71715,-30471
2218,1995,12,61788,50949,10839
2218,1996,1,41275,57674,-16399
2218,1996,2,41231,22449,18782
2218,1996,3,41287,33949,7338
2218,1996,4,41287,49007,-7720
2218,1996,5,41286,31949,9337
2218,1996,6,61818,73349,-11531
2218,1996,7,41271,40949,322
2218,1996,8,41256,43230,-1974
2218,1996,9,41268,30049,11219
2218,1996,10,41297,36749,4548
2218,1996,11,41321,35049,6272
2218,1996,12,61784,91249,-29465
2218,1997,1,41192,55118,-13926
2218,1997,2,41231,15249,25982
2218,1997,3,41278,48591,-7313
2218,1997,4,41256,35021,6235
2218,1997,5,41281,35249,6032
2218,1997,6,61811,65149,-3338
2218,1997,7,41260,63431,-22171
2218,1997,8,41239,28287,12952
2218,1997,9,41292,25949,15343
2218,1997,10,41335,28249,13086
2218,1997,11,41319,69649,-28330
2218,1997,12,61812,48561,13251
2218,1998,1,41322,71546,-30224
2218,1998,2,54438,3049,51389
2218,1998,3,41362,57049,-15687
2218,1998,4,41379,19543,21836
2218,1998,5,41359,64149,-22790
2218,1998,6,64694,20249,44445
2218,1998,7,41518,36149,5369
2218,1998,8,41463,67370,-25907
2218,1998,9,41405,49149,-7744
2218,1998,10,41478,34289,7189
2218,1998,11,47347,68449,-21102
2218,1998,12,61894,45334,16560
2219,1993,3,400,0,400
2219,1993,4,12400,0,12400
2219,1993,5,110406,74800,35606
2219,1993,6,436,13100,-12664
2219,1993,7,95963,48315,47648
2219,1993,8,98301,101015,-2714
2219,1993,9,133152,121115,12037
2219,1993,10,62353,83515,-21162
2219,1993,11,7671,66225,-58554
2219,1993,12,47407,21471,25936
2219,1994,1,49410,80191,-30781
2219,1994,2,23754,13291,10463
2219,1994,3,4875,7515,-2640
2219,1994,4,79257,15,79242
2219,1994,5,60090,77091,-17001
2219,1994,6,8231,45215,-36984
2219,1994,7,151,11073,-10922
2219,1994,8,77489,64536,12953
2219,1994,9,35977,9847,26130
2219,1994,10,59505,74815,-15310
2219,1994,11,47918,31534,16384
2219,1994,12,48267,71166,-22899
2219,1995,1,50674,46209,4465
2219,1995,2,18569,32469,-13900
2219,1995,3,27358,13515,13843
2219,1995,4,41505,37735,3770
2219,1995,5,36421,30715,5706
2219,1995,6,81407,75367,6040
2219,1995,7,106701,108824,-2123
2219,1995,8,90470,89638,832
2219,1995,9,97913,106415,-8502
2219,1995,10,103413,96515,6898
2219,1995,11,114326,67637,46689
2219,1995,12,25685,77715,-52030
2219,1996,1,34598,61515,-26917
2219,1996,2,113163,78546,34617
2219,1996,3,101116,70115,31001
2219,1996,4,10292,45915,-35623
2219,1996,5,87328,51815,35513
2219,1996,6,80446,81515,-1069
2219,1996,7,362,31215,-30853
2219,1996,8,16667,27115,-10448
2219,1996,9,227,1515,-1288
2219,1996,10,8335,12415,-4080
2219,1996,11,77048,18218,58830
2219,1996,12,60269,75615,-15346
2219,1997,1,78246,108915,-30669
2219,1997,2,79859,53271,26588
2219,1997,3,40967,30115,10852
2219,1997,4,61050,83659,-22609
2219,1997,5,85786,131871,-46085
2219,1997,6,42442,17081,25361
2219,1997,7,64959,19215,45744
2219,1997,8,46534,44915,1619
2219,1997,9,28104,66715,-38611
2219,1997,10,39859,27915,11944
2219,1997,11,46612,63915,-17303
2219,1997,12,5887,11110,-5223
2219,1998,1,74296,85813,-11517
2219,1998,2,58720,45787,12933
2219,1998,3,62631,22475,40156
2219,1998,4,332,27852,-27520
2219,1998,5,26078,35285,-9207
2219,1998,6,95026,69332,25694
2219,1998,7,128642,117915,10727
2219,1998,8,26718,24215,2503
2219,1998,9,37097,37202,-105
2219,1998,10,46523,61215,-14692
2219,1998,11,40348,50232,-9884
2219,1998,12,24186,54316,-30130
2220,1993,2,1100,0,1100
2220,1993,3,6153,0,6153
2220,1993,4,6153,0,6153
2220,1993,5,6153,0,6153
2220,1993,6,6153,0,6153
2220,1993,7,6229,6798,-569
2220,1993,8,6255,7698,-1443
2220,1993,9,6257,5298,959
2220,1993,10,6258,8658,-2400
2220,1993,11,6256,4398,1858
2220,1993,12,6258,6948,-690
2220,1994,1,6245,12718,-6473
2220,1994,2,6231,2798,3433
2220,1994,3,6241,6378,-137
2220,1994,4,6244,6638,-394
2220,1994,5,6244,2798,3446
2220,1994,6,6245,11488,-5243
2220,1994,7,6232,5518,714
2220,1994,8,6239,2798,3441
2220,1994,9,6253,2798,3455
2220,1994,10,6268,2798,3470
2220,1994,11,6282,2798,3484
2220,1994,12,6287,6748,-461
2220,1995,1,6261,16718,-10457
2220,1995,2,6246,5358,888
2220,1995,3,6255,2798,3457
2220,1995,4,6259,7238,-979
2220,1995,5,6265,3498,2767
2220,1995,6,6268,9148,-2880
2220,1995,7,6264,4698,1566
2220,1995,8,6271,4298,1973
2220,1995,9,6281,8978,-2697
2220,1995,10,6267,5198,1069
2220,1995,11,6267,7678,-1411
2220,1995,12,6263,8048,-1785
2220,1996,1,6253,11118,-4865
2220,1996,2,6235,4718,1517
2220,1996,3,6243,5498,745
2220,1996,4,6243,7278,-1035
2220,1996,5,6243,3198,3045
2220,1996,6,6230,14218,-7988
2220,1996,7,6221,4298,1923
2220,1996,8,6222,10298,-4076
2220,1996,9,6214,2798,3416
2220,1996,10,6227,3398,2829
2220,1996,11,6233,7598,-1365
2220,1996,12,6226,7998,-1772
2220,1997,1,6222,7518,-1296
2220,1997,2,6215,6398,-183
2220,1997,3,6214,5678,536
2220,1997,4,6220,4098,2122
2220,1997,5,6222,8898,-2676
2220,1997,6,6212,6698,-486
2220,1997,7,6217,3298,2919
2220,1997,8,6220,8398,-2178
2220,1997,9,6221,2798,3423
2220,1997,10,6225,9298,-3073
2220,1997,11,6216,5798,418
2220,1997,12,6217,6398,-181
2220,1998,1,6214,6898,-684
2220,1998,2,6214,5098,1116
2220,1998,3,6225,2798,3427
2220,1998,4,6220,11398,-5178
2220,1998,5,6217,2798,3419
2220,1998,6,6231,2798,3433
2220,1998,7,6246,2798,3448
2220,1998,8,6219,19398,-13179
2220,1998,9,6205,2798,3407
2220,1998,10,6212,6638,-426
2220,1998,11,6217,2798,3419
2220,1998,12,6222,7503,-1281
2221,1997,11,200,0,200
2221,1997,12,3262,0,3262
2221,1998,1,3262,0,3262
2221,1998,2,3262,0,3262
2221,1998,3,3262,0,3262
2221,1998,4,3302,1470,1832
2221,1998,5,3329,2189,1140
2221,1998,6,3320,5819,-2499
2221,1998,7,3322,3149,173
2221,1998,8,3324,2519,805
2221,1998,9,3327,2429,898
2221,1998,10,3330,3209,121
2221,1998,11,3331,3539,-208
2221,1998,12,3330,2714,616
2222,1993,5,17335,0,17335
2222,1993,6,25008,6400,18608
2222,1993,7,150,6500,-6350
2222,1993,8,150,1000,-850
2222,1993,9,150,1100,-950
2222,1993,10,72949,38000,34949
2222,1993,11,81269,73015,8254
2222,1993,12,289,26715,-26426
2222,1994,1,25426,37415,-11989
2222,1994,2,135,3515,-3380
2222,1994,3,24144,12515,11629
2222,1994,4,162,11415,-11253
2222,1994,5,1523,15,1508
2222,1994,6,5826,10215,-4389
2222,1994,7,2111,15,2096
2222,1994,8,45607,27015,18592
2222,1994,9,187,9615,-9428
2222,1994,10,157,3715,-3558
2222,1994,11,60576,39387,21189
2222,1994,12,218,9715,-9497
2222,1995,1,6433,29715,-23282
2222,1995,2,9696,15,9681
2222,1995,3,71883,24171,47712
2222,1995,4,49137,62315,-13178
2222,1995,5,35941,42415,-6474
2222,1995,6,46295,54863,-8568
2222,1995,7,20170,22636,-2466
2222,1995,8,94976,45085,49891
2222,1995,9,36089,77742,-41653
2222,1995,10,35273,34583,690
2222,1995,11,213,15415,-15202
2222,1995,12,36214,28915,7299
2222,1996,1,40781,55855,-15074
2222,1996,2,1747,15,1732
2222,1996,3,254,15,239
2222,1996,4,7940,14415,-6475
2222,1996,5,41158,23930,17228
2222,1996,6,198,8515,-8317
2222,1996,7,164,4115,-3951
2222,1996,8,1823,12015,-10192
2222,1996,9,4206,15,4191
2222,1996,10,44604,15,44589
2222,1996,11,230,44524,-44294
2222,1996,12,4120,5715,-1595
2222,1997,1,74879,36261,38618
2222,1997,2,9927,37876,-27949
2222,1997,3,36878,3915,32963
2222,1997,4,40669,15515,25154
2222,1997,5,32540,54115,-21575
2222,1997,6,245,32444,-32199
2222,1997,7,139,13315,-13176
2222,1997,8,1924,15,1909
2222,1997,9,131,115,16
2222,1997,10,131,2215,-2084
2222,1997,11,122,2215,-2093
2222,1997,12,38274,4915,33359
2222,1998,1,104598,104415,183
2222,1998,2,250,19915,-19665
2222,1998,3,50297,16415,33882
2222,1998,4,45986,23715,22271
2222,1998,5,56107,81815,-25708
2222,1998,6,104949,76515,28434
2222,1998,7,128835,149915,-21080
2222,1998,8,38352,32015,6337
2222,1998,9,349,34515,-34166
2222,1998,10,30691,16315,14376
2222,1998,11,87498,61415,26083
2222,1998,12,80019,72300,7719
2223,1996,1,5112,0,5112
2223,1996,2,4417,0,4417
2223,1996,3,4417,0,4417
2223,1996,4,4417,0,4417
2223,1996,5,4455,2945,1510
2223,1996,6,4481,5125,-644
2223,1996,7,4469,7585,-3116
2223,1996,8,4467,2945,1522
2223,1996,9,4475,3045,1430
2223,1996,10,4470,11065,-6595
2223,1996,11,4452,3945,507
2223,1996,12,4451,4145,306
2223,1997,1,4455,2945,1510
2223,1997,2,4461,2945,1516
2223,1997,3,4465,6345,-1880
2223,1997,4,4460,2945,1515
2223,1997,5,4466,2945,1521
2223,1997,6,4471,6645,-2174
2223,1997,7,4460,5665,-1205
2223,1997,8,4456,6345,-1889
2223,1997,9,4450,2945,1505
2223,1997,10,4449,5985,-1536
2223,1997,11,4451,3425,1026
2223,1997,12,4454,3895,559
2223,1998,1,4457,2945,1512
2223,1998,2,4463,2945,1518
2223,1998,3,4469,4305,164
2223,1998,4,4470,2945,1525
2223,1998,5,4470,5745,-1275
2223,1998,6,4468,6665,-2197
2223,1998,7,4460,4345,115
2223,1998,8,4460,4545,-85
2223,1998,9,4460,4345,115
2223,1998,10,4460,5565,-1105
2223,1998,11,4458,2945,1513
2223,1998,12,4459,6230,-1771
2224,1997,3,400,0,400
2224,1997,4,23320,300,23020
2224,1997,5,23384,9900,13484
2224,1997,6,35045,26600,8445
2224,1997,7,23425,25000,-1575
2224,1997,8,23489,48351,-24862
2224,1997,9,23907,100,23807
2224,1997,10,23439,19800,3639
2224,1997,11,23442,27335,-3893
2224,1997,12,35111,25900,9211
2224,1998,1,23392,56854,-33462
2224,1998,2,29316,5200,24116
2224,1998,3,23492,2900,20592
2224,1998,4,23502,26900,-3398
2224,1998,5,23524,13800,9724
2224,1998,6,35119,55600,-20481
2224,1998,7,23499,23400,99
2224,1998,8,23447,17400,6047
2224,1998,9,23471,22900,571
2224,1998,10,23474,21300,2174
2224,1998,11,23484,18800,4684
2224,1998,12,35218,8400,26818
2225,1996,1,1000,0,1000
2225,1996,2,4272,0,4272
2225,1996,3,4272,0,4272
2225,1996,4,4272,0,4272
2225,1996,5,4272,0,4272
2225,1996,6,4331,2975,1356
2225,1996,7,4361,1961,2400
2225,1996,8,4371,1961,2410
2225,1996,9,4374,5161,-787
2225,1996,10,4373,6681,-2308
2225,1996,11,4363,3561,802
2225,1996,12,4368,3811,557
2225,1997,1,4330,14141,-9811
2225,1997,2,4331,2681,1650
2225,1997,3,4339,1961,2378
2225,1997,4,4349,1961,2388
2225,1997,5,4357,2961,1396
2225,1997,6,4349,7101,-2752
2225,1997,7,4347,4601,-254
2225,1997,8,4351,2461,1890
2225,1997,9,4347,8081,-3734
2225,1997,10,4333,5761,-1428
2225,1997,11,4336,3261,1075
2225,1997,12,4330,7041,-2711
2225,1998,1,4326,3801,525
2225,1998,2,4334,1961,2373
2225,1998,3,4338,3481,857
2225,1998,4,4347,1961,2386
2225,1998,5,4349,5001,-652
2225,1998,6,4354,4211,143
2225,1998,7,4355,1961,2394
2225,1998,8,4335,12561,-8226
2225,1998,9,4330,2521,1809
2225,1998,10,4336,4521,-185
2225,1998,11,4337,1961,2376
2225,1998,12,4344,3346,998
2226,1996,2,1100,0,1100
2226,1996,3,21030,0,21030
2226,1996,4,19598,10200,9398
2226,1996,5,19625,16500,3125
2226,1996,6,29398,18600,10798
2226,1996,7,19675,20615,-940
2226,1996,8,19673,23697,-4024
2226,1996,9,19661,23697,-4036
2226,1996,10,19654,16397,3257
2226,1996,11,19663,17797,1866
2226,1996,12,29420,28917,503
2226,1997,1,19623,35837,-16214
2226,1997,2,19608,16477,3131
2226,1997,3,19625,15297,4328
2226,1997,4,19643,14797,4846
2226,1997,5,19650,19797,-147
2226,1997,6,29397,27997,1400
2226,1997,7,19638,27697,-8059
2226,1997,8,19627,17597,2030
2226,1997,9,19638,15497,4141
2226,1997,10,19635,21797,-2162
2226,1997,11,19668,19097,571
2226,1997,12,29420,28537,883
2226,1998,1,21054,19137,1917
2226,1998,2,19669,12417,7252
2226,1998,3,19646,31937,-12291
2226,1998,4,23474,10977,12497
2226,1998,5,19704,11497,8207
2226,1998,6,29466,28777,689
2226,1998,7,19687,28677,-8990
2226,1998,8,19657,28817,-9160
2226,1998,9,19623,23517,-3894
2226,1998,10,19620,19797,-177
2226,1998,11,19618,19497,121
2226,1998,12,29374,23482,5892
2227,1994,5,300,0,300
2227,1994,6,14600,0,14600
2227,1994,7,6900,0,6900
2227,1994,8,22980,0,22980
2227,1994,9,186,9000,-8814
2227,1994,10,186,6100,-5914
2227,1994,11,40136,20400,19736
2227,1994,12,8337,15400,-7063
2227,1995,1,26604,48356,-21752
2227,1995,2,123591,103010,20581
2227,1995,3,39028,36916,2112
2227,1995,4,20356,40480,-20124
2227,1995,5,22624,27397,-4773
2227,1995,6,97848,73465,24383
2227,1995,7,38339,33916,4423
2227,1995,8,55612,34179,21433
2227,1995,9,95618,87816,7802
2227,1995,10,42959,31016,11943
2227,1995,11,10711,64548,-53837
2227,1995,12,30143,24190,5953
2227,1996,1,11733,30730,-18997
2227,1996,2,50124,37379,12745
2227,1996,3,8129,17290,-9161
2227,1996,4,11891,17290,-5399
2227,1996,5,40534,20590,19944
2227,1996,6,67432,28290,39142
2227,1996,7,49516,114999,-65483
2227,1996,8,76167,25690,50477
2227,1996,9,122,49014,-48892
2227,1996,10,19345,26708,-7363
2227,1996,11,54109,17290,36819
2227,1996,12,47230,33190,14040
2227,1997,1,36213,49822,-13609
2227,1997,2,4012,29506,-25494
2227,1997,3,38767,35682,3085
2227,1997,4,142297,84099,58198
2227,1997,5,221,55622,-55401
2227,1997,6,161062,100790,60272
2227,1997,7,106225,111193,-4968
2227,1997,8,63081,51490,11591
2227,1997,9,34909,49984,-15075
2227,1997,10,95382,86510,8872
2227,1997,11,172864,154808,18056
2227,1997,12,19552,58851,-39299
2227,1998,1,106413,83110,23303
2227,1998,2,133544,148616,-15072
2227,1998,3,53514,45481,8033
2227,1998,4,12827,50143,-37316
2227,1998,5,72167,26116,46051
2227,1998,6,88150,108616,-20466
2227,1998,7,62287,32686,29601
2227,1998,8,5939,24116,-18177
2227,1998,9,78698,84192,-5494
2227,1998,10,56487,46709,9778
2227,1998,11,80305,89616,-9311
2227,1998,12,251,21186,-20935
2228,1994,3,700,0,700
2228,1994,4,11000,0,11000
2228,1994,5,27677,0,27677
2228,1994,6,164,5400,-5236
2228,1994,7,43245,7000,36245
2228,1994,8,293,21000,-20707
2228,1994,9,293,11900,-11607
2228,1994,10,293,4600,-4307
2228,1994,11,293,1800,-1507
2228,1994,12,12500,8800,3700
2228,1995,1,149,5300,-5151
2228,1995,2,31851,3800,28051
2228,1995,3,121829,98040,23789
2228,1995,4,126269,111414,14855
2228,1995,5,231,72575,-72344
2228,1995,6,1787,8514,-6727
2228,1995,7,56983,8514,48469
2228,1995,8,5230,31928,-26698
2228,1995,9,29270,10514,18756
2228,1995,10,184,24214,-24030
2228,1995,11,61012,20214,40798
2228,1995,12,32420,33414,-994
2228,1996,1,50119,80614,-30495
2228,1996,2,35255,13514,21741
2228,1996,3,34902,62536,-27634
2228,1996,4,45439,16514,28925
2228,1996,5,208,26714,-26506
2228,1996,6,133,17908,-17775
2228,1996,7,192048,129582,62466
2228,1996,8,47945,67860,-19915
2228,1996,9,21404,38510,-17106
2228,1996,10,56953,41114,15839
2228,1996,11,69490,85120,-15630
2228,1996,12,49358,19014,30344
2228,1997,1,163,55214,-55051
2228,1997,2,2985,8514,-5529
2228,1997,3,5367,8514,-3147
2228,1997,4,8462,8514,-52
2228,1997,5,9565,8514,1051
2228,1997,6,11374,8514,2860
2228,1997,7,17480,8514,8966
2228,1997,8,4894,8514,-3620
2228,1997,9,7681,8514,-833
2228,1997,10,6977,8514,-1537
2228,1997,11,9472,8514,958
2228,1997,12,3173,8514,-5341
2228,1998,1,88334,39671,48663
2228,1998,2,237,39997,-39760
2228,1998,3,45612,31214,14398
2228,1998,4,34990,36414,-1424
2228,1998,5,128,17524,-17396
2228,1998,6,50428,30214,20214
2228,1998,7,148,13214,-13066
2228,1998,8,22870,8514,14356
2228,1998,9,74080,55414,18666
2228,1998,10,1347,42076,-40729
2228,1998,11,44820,37736,7084
2228,1998,12,94,8499,-8405
2229,1997,1,1000,0,1000
2229,1997,2,17758,0,17758
2229,1997,3,15135,2400,12735
2229,1997,4,15182,13100,2082
2229,1997,5,15191,12200,2991
2229,1997,6,22738,38420,-15682
2229,1997,7,22344,18120,4224
2229,1997,8,15169,10020,5149
2229,1997,9,15187,13220,1967
2229,1997,10,15191,16320,-1129
2229,1997,11,15186,17220,-2034
2229,1997,12,22721,16320,6401
2229,1998,1,15187,22520,-7333
2229,1998,2,15174,15620,-446
2229,1998,3,15170,18020,-2850
2229,1998,4,15146,21520,-6374
2229,1998,5,15133,16020,-887
2229,1998,6,22671,17920,4751
2229,1998,7,15136,22520,-7384
2229,1998,8,15114,15620,-506
2229,1998,9,16624,12020,4604
2229,1998,10,15142,10320,4822
2229,1998,11,15153,17620,-2467
2229,1998,12,22687,17305,5382
2230,1996,2,200,0,200
2230,1996,3,5292,0,5292
2230,1996,4,5292,0,5292
2230,1996,5,5292,0,5292
2230,1996,6,5292,0,5292
2230,1996,7,5360,4227,1133
2230,1996,8,5392,3507,1885
2230,1996,9,5400,2627,2773
2230,1996,10,5412,2627,2785
2230,1996,11,5417,5827,-410
2230,1996,12,5418,5027,391
2230,1997,1,5394,15077,-9683
2230,1997,2,5379,5747,-368
2230,1997,3,5375,5267,108
2230,1997,4,5382,2627,2755
2230,1997,5,5394,3747,1647
2230,1997,6,5373,12847,-7474
2230,1997,7,5369,2627,2742
2230,1997,8,5380,2627,2753
2230,1997,9,5392,2627,2765
2230,1997,10,5403,2627,2776
2230,1997,11,5415,2627,2788
2230,1997,12,5424,3877,1547
2230,1998,1,5419,11667,-6248
2230,1998,2,5407,3107,2300
2230,1998,3,5416,2627,2789
2230,1998,4,5428,2627,2801
2230,1998,5,5440,2627,2813
2230,1998,6,5436,19727,-14291
2230,1998,7,5392,2627,2765
2230,1998,8,5403,2627,2776
2230,1998,9,5408,5747,-339
2230,1998,10,5411,4647,764
2230,1998,11,5414,4387,1027
2230,1998,12,5422,3062,2360
2231,1997,10,600,0,600
2231,1997,11,12250,0,12250
2231,1997,12,9705,0,9705
2231,1998,1,5506,7500,-1994
2231,1998,2,5493,9300,-3807
2231,1998,3,5492,3715,1777
2231,1998,4,5493,6327,-834
2231,1998,5,5490,6127,-637
2231,1998,6,8195,12627,-4432
2231,1998,7,5475,4627,848
2231,1998,8,9992,3627,6365
2231,1998,9,5492,7627,-2135
2231,1998,10,9810,3627,6183
2231,1998,11,5518,4727,791
2231,1998,12,8225,10312,-2087
2232,1996,5,8300,0,8300
2232,1996,6,17649,0,17649
2232,1996,7,7501,1400,6101
2232,1996,8,7516,4700,2816
2232,1996,9,7514,9931,-2417
2232,1996,10,7504,9931,-2427
2232,1996,11,7495,9731,-2236
2232,1996,12,11165,18511,-7346
2232,1997,1,7444,15031,-7587
2232,1997,2,9635,9251,384
2232,1997,3,13659,4931,8728
2232,1997,4,7468,8051,-583
2232,1997,5,7970,6371,1599
2232,1997,6,15792,4931,10861
2232,1997,7,9396,13551,-4155
2232,1997,8,9903,9611,292
2232,1997,9,7505,5331,2174
2232,1997,10,9105,9371,-266
2232,1997,11,12115,4931,7184
2232,1997,12,11240,7671,3569
2232,1998,1,15114,23691,-8577
2232,1998,2,12518,7691,4827
2232,1998,3,13934,9971,3963
2232,1998,4,13262,4931,8331
2232,1998,5,7587,8671,-1084
2232,1998,6,32148,45891,-13743
2232,1998,7,21639,6611,15028
2232,1998,8,9896,4931,4965
2232,1998,9,7613,6031,1582
2232,1998,10,7614,11331,-3717
2232,1998,11,8406,4931,3475
2232,1998,12,11311,9836,1475
2233,1996,1,6308,0,6308
2233,1996,2,5919,0,5919
2233,1996,3,5919,0,5919
2233,1996,4,5919,0,5919
2233,1996,5,5922,15,5907
2233,1996,6,5978,14343,-8365
2233,1996,7,5981,8363,-2382
2233,1996,8,5982,4343,1639
2233,1996,9,5980,5723,257
2233,1996,10,5990,2043,3947
2233,1996,11,6005,6943,-938
2233,1996,12,5996,7143,-1147
2233,1997,1,5991,8293,-2302
2233,1997,2,5980,6043,-63
2233,1997,3,5977,5083,894
2233,1997,4,5992,2043,3949
2233,1997,5,6008,2443,3565
2233,1997,6,5989,14833,-8844
2233,1997,7,5985,4343,1642
2233,1997,8,5988,8103,-2115
2233,1997,9,5977,9543,-3566
2233,1997,10,5967,3943,2024
2233,1997,11,5973,6643,-670
2233,1997,12,5970,5383,587
2233,1998,1,5969,8443,-2474
2233,1998,2,5963,2523,3440
2233,1998,3,5978,2603,3375
2233,1998,4,5995,2043,3952
2233,1998,5,6012,4283,1729
2233,1998,6,6001,13493,-7492
2233,1998,7,5988,2043,3945
2233,1998,8,6004,2043,3961
2233,1998,9,6020,2043,3977
2233,1998,10,6037,2043,3994
2233,1998,11,6054,2043,4011
2233,1998,12,6069,2478,3591
2234,1996,11,600,0,600
2234,1996,12,3176,0,3176
2234,1997,1,3176,0,3176
2234,1997,2,3176,0,3176
2234,1997,3,3176,0,3176
2234,1997,4,3217,3092,125
2234,1997,5,3235,2132,1103
2234,1997,6,3239,2762,477
2234,1997,7,3242,2132,1110
2234,1997,8,3246,3152,94
2234,1997,9,3244,3752,-508
2234,1997,10,3245,2312,933
2234,1997,11,3249,2132,1117
2234,1997,12,3254,2402,852
2234,1998,1,3257,2132,1125
2234,1998,2,3262,2132,1130
2234,1998,3,3265,3002,263
2234,1998,4,3267,2132,1135
2234,1998,5,3272,2132,1140
2234,1998,6,3277,2132,1145
2234,1998,7,3282,2132,1150
2234,1998,8,3286,2132,1154
2234,1998,9,3291,2132,1159
2234,1998,10,3296,2132,1164
2234,1998,11,3301,2132,1169
2234,1998,12,3303,3227,76
2235,1995,10,800,0,800
2235,1995,11,15198,0,15198
2235,1995,12,14147,3000,11147
2235,1996,1,9495,5400,4095
2235,1996,2,9503,11400,-1897
2235,1996,3,9504,10245,-741
2235,1996,4,9498,12245,-2747
2235,1996,5,9495,7145,2350
2235,1996,6,14197,11945,2252
2235,1996,7,9506,11045,-1539
2235,1996,8,9492,14445,-4953
2235,1996,9,9467,14905,-5438
2235,1996,10,9454,10945,-1491
2235,1996,11,9457,6765,2692
2235,1996,12,14156,16165,-2009
2235,1997,1,9446,12245,-2799
2235,1997,2,9437,11125,-1688
2235,1997,3,9433,10145,-712
2235,1997,4,9442,4745,4697
2235,1997,5,9444,12145,-2701
2235,1997,6,14125,15645,-1520
2235,1997,7,9447,3745,5702
2235,1997,8,9445,13145,-3700
2235,1997,9,9455,3745,5710
2235,1997,10,9446,15345,-5899
2235,1997,11,9453,12045,-2592
2235,1997,12,14144,6465,7679
2235,1998,1,9475,3745,5730
2235,1998,2,9454,20245,-10791
2235,1998,3,9454,3745,5709
2235,1998,4,9423,21845,-12422
2235,1998,5,9426,3745,5681
2235,1998,6,14151,3745,10406
2235,1998,7,9493,3745,5748
2235,1998,8,9515,5305,4210
2235,1998,9,9534,3745,5789
2235,1998,10,9552,6505,3047
2235,1998,11,9566,8185,1381
2235,1998,12,14277,8050,6227
2236,1995,8,300,0,300
2236,1995,9,36874,8100,28774
2236,1995,10,121,1300,-1179
2236,1995,11,121,5200,-5079
2236,1995,12,121,400,-279
2236,1996,1,3521,0,3521
2236,1996,2,121,2600,-2479
2236,1996,3,28885,17400,11485
2236,1996,4,146,8800,-8654
2236,1996,5,33756,20100,13656
2236,1996,6,166,9300,-9134
2236,1996,7,166,4900,-4734
2236,1996,8,166,3700,-3534
2236,1996,9,42600,23415,19185
2236,1996,10,134,17589,-17455
2236,1996,11,50,19589,-19539
2236,1996,12,20,3889,-3869
2236,1997,1,9804,11815,-2011
2236,1997,2,0,26,-26
2236,1997,3,6190,25,6165
2236,1997,4,9199,17639,-8440
2236,1997,5,73963,21434,52529
2236,1997,6,136,31989,-31853
2236,1997,7,28670,15389,13281
2236,1997,8,84,16389,-16305
2236,1997,9,47181,57489,-10308
2236,1997,10,38738,18089,20649
2236,1997,11,43312,33189,10123
2236,1997,12,26489,50389,-23900
2236,1998,1,47489,11627,35862
2236,1998,2,23588,55883,-32295
2236,1998,3,50,4489,-4439
2236,1998,4,42320,35289,7031
2236,1998,5,27,16489,-16462
2236,1998,6,10882,3889,6993
2236,1998,7,10661,13215,-2554
2236,1998,8,3922,3889,33
2236,1998,9,82683,27689,54994
2236,1998,10,118,44288,-44170
2236,1998,11,65,17415,-17350
2237,1995,12,1100,0,1100
2237,1996,1,21493,0,21493
2237,1996,2,18358,6600,11758
2237,1996,3,18382,15600,2782
2237,1996,4,18386,18300,86
2237,1996,5,18373,25082,-6709
2237,1996,6,27493,22502,4991
2237,1996,7,18380,19302,-922
2237,1996,8,18368,23202,-4834
2237,1996,9,18387,9602,8785
2237,1996,10,18398,17902,496
2237,1996,11,18388,20682,-2294
2237,1996,12,27545,14482,13063
2237,1997,1,18416,27722,-9306
2237,1997,2,18410,16502,1908
2237,1997,3,18413,18202,211
2237,1997,4,18417,17202,1215
2237,1997,5,18425,16102,2323
2237,1997,6,27512,40002,-12490
2237,1997,7,18395,12102,6293
2237,1997,8,18390,21122,-2732
2237,1997,9,18420,8702,9718
2237,1997,10,18445,13902,4543
2237,1997,11,18470,11702,6768
2237,1997,12,27606,21242,6364
2237,1998,1,18489,38042,-19553
2237,1998,2,18451,7102,11349
2237,1998,3,18490,14342,4148
2237,1998,4,18486,20782,-2296
2237,1998,5,18471,29702,-11231
2237,1998,6,30149,48222,-18073
2237,1998,7,18384,9002,9382
2237,1998,8,18421,17022,1399
2237,1998,9,18426,14542,3884
2237,1998,10,18441,16902,1539
2237,1998,11,18446,18502,-56
2237,1998,12,27590,10787,16803
2239,1995,1,15734,0,15734
2239,1995,2,19106,0,19106
2239,1995,3,14967,3600,11367
2239,1995,4,14996,9900,5096
2239,1995,5,14984,24775,-9791
2239,1995,6,22350,48075,-25725
2239,1995,7,16683,7775,8908
2239,1995,8,15735,7775,7960
2239,1995,9,14946,12375,2571
2239,1995,10,14956,14775,181
2239,1995,11,14941,13675,1266
2239,1995,12,22357,24975,-2618
2239,1996,1,14929,28475,-13546
2239,1996,2,14893,10875,4018
2239,1996,3,14909,12875,2034
2239,1996,4,14918,14475,443
2239,1996,5,14918,15475,-557
2239,1996,6,22311,29775,-7464
2239,1996,7,14884,13375,1509
2239,1996,8,14888,16075,-1187
2239,1996,9,14884,15075,-191
2239,1996,10,14886,10175,4711
2239,1996,11,14902,14775,127
2239,1996,12,22317,16275,6042
2239,1997,1,14884,24975,-10091
2239,1997,2,14901,8375,6526
2239,1997,3,14914,12475,2439
2239,1997,4,14920,16875,-1955
2239,1997,5,14912,14475,437
2239,1997,6,22332,31975,-9643
2239,1997,7,16183,7775,8408
2239,1997,8,14907,17375,-2468
2239,1997,9,18211,7775,10436
2239,1997,10,14947,10075,4872
2239,1997,11,14959,15375,-416
2239,1997,12,22368,17875,4493
2239,1998,1,14966,21275,-6309
2239,1998,2,14954,11775,3179
2239,1998,3,14980,8375,6605
2239,1998,4,14992,13075,1917
2239,1998,5,15004,10675,4329
2239,1998,6,22393,41475,-19082
2239,1998,7,20457,7775,12682
2239,1998,8,14999,8075,6924
2239,1998,9,15019,14175,844
2239,1998,10,15024,11275,3749
2239,1998,11,15036,12675,2361
2239,1998,12,22448,20960,1488
2240,1996,10,68525,0,68525
2240,1996,11,65668,64684,984
2240,1996,12,45282,65415,-20133
2240,1997,1,88653,65215,23438
2240,1997,2,66265,68669,-2404
2240,1997,3,88532,101091,-12559
2240,1997,4,13008,13715,-707
2240,1997,5,93312,105969,-12657
2240,1997,6,76180,50015,26165
2240,1997,7,23826,56049,-32223
2240,1997,8,30955,29948,1007
2240,1997,9,68614,4315,64299
2240,1997,10,68191,71192,-3001
2240,1997,11,67161,88415,-21254
2240,1997,12,45876,59215,-13339
2240,1998,1,18133,44815,-26682
2240,1998,2,162,10085,-9923
2240,1998,3,3114,8115,-5001
2240,1998,4,101,15,86
2240,1998,5,101,515,-414
2240,1998,6,100,915,-815
2240,1998,7,32802,13315,19487
2240,1998,8,11708,16115,-4407
2240,1998,9,44819,30715,14104
2240,1998,10,202,24539,-24337
2240,1998,11,22012,29150,-7138
2240,1998,12,29015,9600,19415
2241,1993,2,200,0,200
2241,1993,3,20345,0,20345
2241,1993,4,11691,4500,7191
2241,1993,5,11716,6400,5316
2241,1993,6,17521,15200,2321
2241,1993,7,11711,18215,-6504
2241,1993,8,11698,14631,-2933
2241,1993,9,12006,8591,3415
2241,1993,10,11699,14011,-2312
2241,1993,11,11814,7031,4783
2241,1993,12,17516,17751,-235
2241,1994,1,11696,26231,-14535
2241,1994,2,17077,11111,5966
2241,1994,3,13704,7031,6673
2241,1994,4,11719,8731,2988
2241,1994,5,11733,8231,3502
2241,1994,6,17536,28031,-10495
2241,1994,7,11702,8731,2971
2241,1994,8,11704,13471,-1767
2241,1994,9,13419,7031,6388
2241,1994,10,11729,16611,-4882
2241,1994,11,11723,12431,-708
2241,1994,12,17513,17531,-18
2241,1995,1,14483,26471,-11988
2241,1995,2,13866,7031,6835
2241,1995,3,12195,7031,5164
2241,1995,4,11716,7931,3785
2241,1995,5,11729,12931,-1202
2241,1995,6,19976,26711,-6735
2241,1995,7,11697,10631,1066
2241,1995,8,11701,10131,1570
2241,1995,9,12610,7031,5579
2241,1995,10,11729,11931,-202
2241,1995,11,11730,9031,2699
2241,1995,12,17549,12291,5258
2241,1996,1,16416,33391,-16975
2241,1996,2,11794,7031,4763
2241,1996,3,11714,7231,4483
2241,1996,4,11730,9431,2299
2241,1996,5,11741,7431,4310
2241,1996,6,17552,15311,2241
2241,1996,7,11766,12691,-925
2241,1996,8,11761,9931,1830
2241,1996,9,13558,12071,1487
2241,1996,10,11776,8531,3245
2241,1996,11,11783,12631,-848
2241,1996,12,17593,12791,4802
2241,1997,1,13286,17871,-4585
2241,1997,2,12090,7031,5059
2241,1997,3,11794,11971,-177
2241,1997,4,11803,10631,1172
2241,1997,5,11811,8931,2880
2241,1997,6,17600,23091,-5491
2241,1997,7,11802,7331,4471
2241,1997,8,11801,15891,-4090
2241,1997,9,11797,10531,1266
2241,1997,10,11800,11031,769
2241,1997,11,11811,7631,4180
2241,1997,12,17620,15731,1889
2241,1998,1,14106,23911,-9805
2241,1998,2,14002,7031,6971
2241,1998,3,15134,12791,2343
2241,1998,4,11817,13651,-1834
2241,1998,5,13331,7031,6300
2241,1998,6,17620,25031,-7411
2241,1998,7,17027,12911,4116
2241,1998,8,12842,7031,5811
2241,1998,9,11851,14751,-2900
2241,1998,10,11828,15531,-3703
2241,1998,11,11833,7831,4002
2241,1998,12,17639,15116,2523
2242,1993,2,300,0,300
2242,1993,3,43517,7600,35917
2242,1993,4,43655,27000,16655
2242,1993,5,43720,35000,8720
2242,1993,6,65563,68200,-2637
2242,1993,7,43778,44630,-852
2242,1993,8,43828,42968,860
2242,1993,9,43829,43168,661
2242,1993,10,43820,42768,1052
2242,1993,11,43766,52102,-8336
2242,1993,12,65497,71568,-6071
2242,1994,1,43721,58868,-15147
2242,1994,2,43675,38764,4911
2242,1994,3,43724,38168,5556
2242,1994,4,43757,38368,5389
2242,1994,5,43774,37268,6506
2242,1994,6,65411,91971,-26560
2242,1994,7,43706,25468,18238
2242,1994,8,43764,34068,9696
2242,1994,9,43764,44968,-1204
2242,1994,10,43751,50249,-6498
2242,1994,11,43721,49980,-6259
2242,1994,12,65465,71921,-6456
2242,1995,1,43640,52368,-8728
2242,1995,2,43679,29768,13911
2242,1995,3,43729,35968,7761
2242,1995,4,43736,41616,2120
2242,1995,5,43743,42315,1428
2242,1995,6,65461,81026,-15565
2242,1995,7,43669,43334,335
2242,1995,8,43714,29768,13946
2242,1995,9,43743,49001,-5258
2242,1995,10,43697,61585,-17888
2242,1995,11,43636,44509,-873
2242,1995,12,65461,55334,10127
2242,1996,1,43672,52568,-8896
2242,1996,2,43645,41988,1657
2242,1996,3,43658,33996,9662
2242,1996,4,43709,30368,13341
2242,1996,5,43743,41868,1875
2242,1996,6,65389,91643,-26254
2242,1996,7,43642,35826,7816
2242,1996,8,43654,48868,-5214
2242,1996,9,43662,30568,13094
2242,1996,10,43658,51468,-7810
2242,1996,11,43673,32668,11005
2242,1996,12,65478,58268,7210
2242,1997,1,43724,65468,-21744
2242,1997,2,43733,10368,33365
2242,1997,3,43887,50768,-6881
2242,1997,4,43806,21168,22638
2242,1997,5,43848,35668,8180
2242,1997,6,65657,51868,13789
2242,1997,7,43888,49668,-5780
2242,1997,8,43875,46768,-2893
2242,1997,9,43863,46668,-2805
2242,1997,10,43873,40668,3205
2242,1997,11,43882,45868,-1986
2242,1997,12,65636,104368,-38732
2242,1998,1,43777,62669,-18892
2242,1998,2,43727,27303,16424
2242,1998,3,43749,56368,-12619
2242,1998,4,43774,41868,1906
2242,1998,5,43779,37868,5911
2242,1998,6,65443,84668,-19225
2242,1998,7,43688,44434,-746
2242,1998,8,43702,40268,3434
2242,1998,9,43720,39988,3732
2242,1998,10,43737,36168,7569
2242,1998,11,43764,40868,2896
2242,1998,12,65624,9438,56186
2243,1996,1,200,0,200
2243,1996,2,22976,0,22976
2243,1996,3,14361,3700,10661
2243,1996,4,14396,12600,1796
2243,1996,5,14406,10200,4206
2243,1996,6,21583,17645,3938
2243,1996,7,14456,16312,-1856
2243,1996,8,14446,15152,-706
2243,1996,9,14443,14852,-409
2243,1996,10,14440,15412,-972
2243,1996,11,14424,21912,-7488
2243,1996,12,21548,15632,5916
2243,1997,1,14395,39332,-24937
2243,1997,2,16340,6132,10208
2243,1997,3,14373,14552,-179
2243,1997,4,14377,8152,6225
2243,1997,5,14389,15752,-1363
2243,1997,6,21684,26692,-5008
2243,1997,7,14365,13872,493
2243,1997,8,14384,5152,9232
2243,1997,9,14416,10732,3684
2243,1997,10,14425,10552,3873
2243,1997,11,14431,14552,-121
2243,1997,12,21577,15692,5885
2243,1998,1,14440,19132,-4692
2243,1998,2,14446,9452,4994
2243,1998,3,14446,19552,-5106
2243,1998,4,14437,13252,1185
2243,1998,5,14430,17752,-3322
2243,1998,6,21553,27612,-6059
2243,1998,7,14397,14652,-255
2243,1998,8,14385,18252,-3867
2243,1998,9,14377,14652,-275
2243,1998,10,14387,12752,1635
2243,1998,11,14379,15452,-1073
2243,1998,12,21522,18497,3025
2244,1995,7,200,0,200
2244,1995,8,6888,0,6888
2244,1995,9,6888,0,6888
2244,1995,10,6888,0,6888
2244,1995,11,6938,3600,3338
2244,1995,12,7006,1705,5301
2244,1996,1,6999,16745,-9746
2244,1996,2,6987,1705,5282
2244,1996,3,7003,4405,2598
2244,1996,4,7018,2605,4413
2244,1996,5,7026,7005,21
2244,1996,6,7014,14275,-7261
2244,1996,7,7004,3405,3599
2244,1996,8,7021,3105,3916
2244,1996,9,7028,5605,1423
2244,1996,10,7029,7605,-576
2244,1996,11,7039,2905,4134
2244,1996,12,7047,6755,292
2244,1997,1,7027,17625,-10598
2244,1997,2,7015,2465,4550
2244,1997,3,7036,1705,5331
2244,1997,4,7037,8705,-1668
2244,1997,5,7035,7005,30
2244,1997,6,7007,22505,-15498
2244,1997,7,6987,1705,5282
2244,1997,8,7003,3805,3198
2244,1997,9,7009,6005,1004
2244,1997,10,7000,9705,-2705
2244,1997,11,6997,7405,-408
2244,1997,12,6990,8755,-1765
2244,1998,1,6968,17215,-10247
2244,1998,2,6962,1705,5257
2244,1998,3,6970,7005,-35
2244,1998,4,6984,1705,5279
2244,1998,5,7001,4105,2896
2244,1998,6,7002,9055,-2053
2244,1998,7,6999,5505,1494
2244,1998,8,7006,5305,1701
2244,1998,9,7000,9045,-2045
2244,1998,10,6998,10905,-3907
2244,1998,11,6985,11685,-4700
2244,1998,12,6975,3580,3395
2245,1993,3,300,0,300
2245,1993,4,10400,0,10400
2245,1993,5,5000,0,5000
2245,1993,6,57161,24400,32761
2245,1993,7,19842,22700,-2858
2245,1993,8,189,10300,-10111
2245,1993,9,26684,19300,7384
2245,1993,10,178,9200,-9022
2245,1993,11,46062,25774,20288
2245,1993,12,43727,59716,-15989
2245,1994,1,43733,57827,-14094
2245,1994,2,35846,20515,15331
2245,1994,3,79889,62837,17052
2245,1994,4,2044,31497,-29453
2245,1994,5,104435,54796,49639
2245,1994,6,274,31515,-31241
2245,1994,7,156040,140999,15041
2245,1994,8,73252,43015,30237
2245,1994,9,322,46415,-46093
2245,1994,10,76770,33815,42955
2245,1994,11,307,42482,-42175
2245,1994,12,52805,27315,25490
2245,1995,1,239,25015,-24776
2245,1995,2,54898,20864,34034
2245,1995,3,43271,46243,-2972
2245,1995,4,274,27164,-26890
2245,1995,5,183,11864,-11681
2245,1995,6,52105,26860,25245
2245,1995,7,218,19364,-19146
2245,1995,8,31492,27764,3728
2245,1995,9,43849,33464,10385
2245,1995,10,43318,31164,12154
2245,1995,11,241,29864,-29623
2245,1995,12,57692,31764,25928
2245,1996,1,198,34963,-34765
2245,1996,2,127080,56164,70916
2245,1996,3,25239,34964,-9725
2245,1996,4,6678,39264,-32586
2245,1996,5,203,19664,-19461
2245,1996,6,13584,16564,-2980
2245,1996,7,12887,7264,5623
2245,1996,8,51577,10441,41136
2245,1996,9,54111,46864,7247
2245,1996,10,36174,57148,-20974
2245,1996,11,40025,23264,16761
2245,1996,12,48096,47593,503
2245,1997,1,226,47864,-47638
2245,1997,2,4659,7264,-2605
2245,1997,3,15924,13164,2760
2245,1997,4,4439,13976,-9537
2245,1997,5,8930,7264,1666
2245,1997,6,8636,7264,1372
2245,1997,7,7638,7264,374
2245,1997,8,4832,7264,-2432
2245,1997,9,7930,7264,666
2245,1997,10,7030,7264,-234
2245,1997,11,9433,8764,669
2245,1997,12,9037,7264,1773
2245,1998,1,88535,24400,64135
2245,1998,2,32552,28864,3688
2245,1998,3,41130,34164,6966
2245,1998,4,17285,27164,-9879
2245,1998,5,127647,133764,-6117
2245,1998,6,96104,144575,-48471
2245,1998,7,58620,7264,51356
2245,1998,8,70532,77052,-6520
2245,1998,9,128255,134564,-6309
2245,1998,10,31108,30764,344
2245,1998,11,49624,46764,2860
2245,1998,12,97173,59730,37443
2246,1996,4,700,0,700
2246,1996,5,13600,0,13600
2246,1996,6,45616,0,45616
2246,1996,7,51167,31000,20167
2246,1996,8,333,26700,-26367
2246,1996,9,87319,99015,-11696
2246,1996,10,154,15915,-15761
2246,1996,11,34292,27115,7177
2246,1996,12,114,18515,-18401
2246,1997,1,3760,5315,-1555
2246,1997,2,25559,15445,10114
2246,1997,3,57294,65357,-8063
2246,1997,4,856,6945,-6089
2246,1997,5,7040,6945,95
2246,1997,6,76987,24145,52842
2246,1997,7,9246,33845,-24599
2246,1997,8,14426,26846,-12420
2246,1997,9,41615,40990,625
2246,1997,10,94695,49251,45444
2246,1997,11,222,36745,-36523
2246,1997,12,114728,86177,28551
2246,1998,1,136,45045,-44909
2246,1998,2,52,11445,-11393
2246,1998,3,65178,6945,58233
2246,1998,4,68857,43745,25112
2246,1998,5,68933,113445,-44512
2246,1998,6,120,30845,-30725
2246,1998,7,45838,42445,3393
2246,1998,8,44031,32924,11107
2246,1998,9,78183,88145,-9962
2246,1998,10,96435,37885,58550
2246,1998,11,73891,57761,16130
2246,1998,12,40191,59830,-19639
2247,1996,4,40839,0,40839
2247,1996,5,116820,62415,54405
2247,1996,6,85689,107361,-21672
2247,1996,7,38036,76261,-38225
2247,1996,8,13157,14436,-1279
2247,1996,9,115,9861,-9746
2247,1996,10,23402,13261,10141
2247,1996,11,40607,20494,20113
2247,1996,12,17403,44761,-27358
2247,1997,1,91,6761,-6670
2247,1997,2,3175,6561,-3386
2247,1997,3,5569,6682,-1113
2247,1997,4,5466,6682,-1216
2247,1997,5,8670,6682,1988
2247,1997,6,5468,6682,-1214
2247,1997,7,7871,6682,1189
2247,1997,8,2859,6682,-3823
2247,1997,9,9366,6682,2684
2247,1997,10,47472,6682,40790
2247,1997,11,168,22182,-22014
2247,1997,12,21984,14182,7802
2247,1998,1,14536,23682,-9146
2247,1998,2,44732,10082,34650
2247,1998,3,193,26082,-25889
2247,1998,4,13063,13582,-519
2247,1998,5,46290,12682,33608
2247,1998,6,38331,33482,4849
2247,1998,7,206,42082,-41876
2247,1998,8,44371,26482,17889
2247,1998,9,6475,21061,-14586
2247,1998,10,35412,23582,11830
2247,1998,11,83450,81382,2068
2247,1998,12,164,26850,-26686
2250,1993,11,22488,0,22488
2250,1993,12,34931,0,34931
2250,1994,1,21874,37300,-15426
2250,1994,2,21798,0,21798
2250,1994,3,21867,20115,1752
2250,1994,4,21871,27597,-5726
2250,1994,5,21856,39697,-17841
2250,1994,6,33584,49957,-16373
2250,1994,7,21778,15797,5981
2250,1994,8,21789,16297,5492
2250,1994,9,21821,20897,924
2250,1994,10,21824,20797,1027
2250,1994,11,21827,20897,930
2250,1994,12,32667,26817,5850
2250,1995,1,21811,34397,-12586
2250,1995,2,21803,17497,4306
2250,1995,3,21808,22857,-1049
2250,1995,4,21799,24137,-2338
2250,1995,5,21806,16997,4809
2250,1995,6,32661,24977,7684
2250,1995,7,21851,22497,-646
2250,1995,8,21844,24797,-2953
2250,1995,9,21822,25577,-3755
2250,1995,10,21829,22817,-988
2250,1995,11,21815,18197,3618
2250,1995,12,32649,28837,3812
2250,1996,1,21824,31897,-10073
2250,1996,2,21806,14597,7209
2250,1996,3,21830,18797,3033
2250,1996,4,21833,25677,-3844
2250,1996,5,21816,24397,-2581
2250,1996,6,32644,25897,6747
2250,1996,7,21830,24397,-2567
2250,1996,8,21822,21597,225
2250,1996,9,21822,21197,625
2250,1996,10,21822,22297,-475
2250,1996,11,21825,18797,3028
2250,1996,12,32645,34157,-1512
2250,1997,1,21799,34497,-12698
2250,1997,2,21788,12697,9091
2250,1997,3,21809,21597,212
2250,1997,4,21808,21897,-89
2250,1997,5,21811,23797,-1986
2250,1997,6,32622,34317,-1695
2250,1997,7,21797,18297,3500
2250,1997,8,21802,23297,-1495
2250,1997,9,21799,19197,2602
2250,1997,10,21819,15697,6122
2250,1997,11,21830,20397,1433
2250,1997,12,32660,27497,5163
2250,1998,1,21833,29297,-7464
2250,1998,2,21854,9997,11857
2250,1998,3,21869,22697,-828
2250,1998,4,21914,20997,917
2250,1998,5,21919,21197,722
2250,1998,6,32739,28577,4162
2250,1998,7,21927,8497,13430
2250,1998,8,21949,18197,3752
2250,1998,9,21956,20397,1559
2250,1998,10,21948,24797,-2849
2250,1998,11,21954,21097,857
2250,1998,12,32787,22582,10205
2252,1996,10,3968,0,3968
2252,1996,11,3272,0,3272
2252,1996,12,3272,0,3272
2252,1997,1,3272,0,3272
2252,1997,2,3307,2121,1186
2252,1997,3,3321,2931,390
2252,1997,4,3324,2121,1203
2252,1997,5,3329,2121,1208
2252,1997,6,3328,6351,-3023
2252,1997,7,3321,2121,1200
2252,1997,8,3325,2451,874
2252,1997,9,3331,3051,280
2252,1997,10,3330,2661,669
2252,1997,11,3331,2901,430
2252,1997,12,3335,2421,914
2252,1998,1,3332,4491,-1159
2252,1998,2,3334,2121,1213
2252,1998,3,3340,2121,1219
2252,1998,4,3342,3021,321
2252,1998,5,3346,2121,1225
2252,1998,6,3340,6381,-3041
2252,1998,7,3338,2331,1007
2252,1998,8,3342,2121,1221
2252,1998,9,3345,3681,-336
2252,1998,10,3346,2121,1225
2252,1998,11,3351,2121,1230
2252,1998,12,3353,3486,-133
2253,1993,7,300,0,300
2253,1993,8,6028,0,6028
2253,1993,9,6028,0,6028
2253,1993,10,6028,0,6028
2253,1993,11,6028,0,6028
2253,1993,12,6098,3259,2839
2253,1994,1,6116,15609,-9493
2253,1994,2,6116,5839,277
2253,1994,3,6118,2959,3159
2253,1994,4,6122,4459,1663
2253,1994,5,6133,3559,2574
2253,1994,6,6134,10249,-4115
2253,1994,7,6126,5839,287
2253,1994,8,6133,2959,3174
2253,1994,9,6135,5379,756
2253,1994,10,6134,6379,-245
2253,1994,11,6148,2959,3189
2253,1994,12,6151,5109,1042
2253,1995,1,6133,18009,-11876
2253,1995,2,6115,2959,3156
2253,1995,3,6123,5599,524
2253,1995,4,6124,2959,3165
2253,1995,5,6138,2959,3179
2253,1995,6,6139,9519,-3380
2253,1995,7,6144,2959,3185
2253,1995,8,6154,4259,1895
2253,1995,9,6162,4159,2003
2253,1995,10,6163,4719,1444
2253,1995,11,6168,5519,649
2253,1995,12,6172,4359,1813
2253,1996,1,6165,10759,-4594
2253,1996,2,6163,2959,3204
2253,1996,3,6172,4559,1613
2253,1996,4,6173,6759,-586
2253,1996,5,6181,2959,3222
2253,1996,6,6173,14209,-8036
2253,1996,7,6164,4359,1805
2253,1996,8,6171,6799,-628
2253,1996,9,6165,2959,3206
2253,1996,10,6174,4759,1415
2253,1996,11,6191,2959,3232
2253,1996,12,6190,6829,-639
2253,1997,1,6159,17159,-11000
2253,1997,2,6155,2959,3196
2253,1997,3,6162,5199,963
2253,1997,4,6173,2959,3214
2253,1997,5,6181,5159,1022
2253,1997,6,6161,14109,-7948
2253,1997,7,6121,11799,-5678
2253,1997,8,6132,3759,2373
2253,1997,9,6144,2959,3185
2253,1997,10,6140,7499,-1359
2253,1997,11,6145,3959,2186
2253,1997,12,6152,4759,1393
2253,1998,1,6132,15899,-9767
2253,1998,2,6122,3759,2363
2253,1998,3,6135,2959,3176
2253,1998,4,6139,7859,-1720
2253,1998,5,6123,10839,-4716
2253,1998,6,6120,3359,2761
2253,1998,7,6131,3359,2772
2253,1998,8,6139,8059,-1920
2253,1998,9,6132,6359,-227
2253,1998,10,6127,9659,-3532
2253,1998,11,6118,3439,2679
2253,1998,12,6128,4344,1784
2254,1996,4,200,0,200
2254,1996,5,99271,0,99271
2254,1996,6,83943,137015,-53072
2254,1996,7,34523,48961,-14438
2254,1996,8,39656,28582,11074
2254,1996,9,86341,40640,45701
2254,1996,10,22652,35882,-13230
2254,1996,11,246,27082,-26836
2254,1996,12,102190,74682,27508
2254,1997,1,548,55682,-55134
2254,1997,2,12494,10382,2112
2254,1997,3,13804,10382,3422
2254,1997,4,74584,38321,36263
2254,1997,5,213,19782,-19569
2254,1997,6,57296,36482,20814
2254,1997,7,139,37697,-37558
2254,1997,8,583,10382,-9799
2254,1997,9,10671,10382,289
2254,1997,10,37153,14616,22537
2254,1997,11,52036,25982,26054
2254,1997,12,136,40613,-40477
2254,1998,1,7287,14282,-6995
2254,1998,2,23092,10382,12710
2254,1998,3,100843,40531,60312
2254,1998,4,89735,113482,-23747
2254,1998,5,121500,102719,18781
2254,1998,6,89335,151000,-61665
2254,1998,7,43351,29983,13368
2254,1998,8,71608,10882,60726
2254,1998,9,216,75319,-75103
2254,1998,10,38794,10382,28412
2254,1998,11,29008,21182,7826
2254,1998,12,76266,45267,30999
2255,1995,10,1100,0,1100
2255,1995,11,3126,0,3126
2255,1995,12,3126,0,3126
2255,1996,1,3126,0,3126
2255,1996,2,3126,0,3126
2255,1996,3,3128,15,3113
2255,1996,4,3199,2099,1100
2255,1996,5,3198,3899,-701
2255,1996,6,3195,7949,-4754
2255,1996,7,3179,3179,0
2255,1996,8,3181,2099,1082
2255,1996,9,3185,2099,1086
2255,1996,10,3188,3539,-351
2255,1996,11,3188,2099,1089
2255,1996,12,3193,2249,944
2255,1997,1,3188,6359,-3171
2255,1997,2,3183,2099,1084
2255,1997,3,3188,2099,1089
2255,1997,4,3193,2099,1094
2255,1997,5,3197,2099,1098
2255,1997,6,3199,2819,380
2255,1997,7,3203,2639,564
2255,1997,8,3204,2549,655
2255,1997,9,3208,2489,719
2255,1997,10,3208,3029,179
2255,1997,11,3212,2099,1113
2255,1997,12,3216,2369,847
2255,1998,1,3204,8429,-5225
2255,1998,2,3198,2099,1099
2255,1998,3,3203,2099,1104
2255,1998,4,3207,2969,238
2255,1998,5,3208,2819,389
2255,1998,6,3201,5249,-2048
2255,1998,7,3202,2099,1103
2255,1998,8,3206,2099,1107
2255,1998,9,3210,2489,721
2255,1998,10,3214,2099,1115
2255,1998,11,3218,2099,1119
2255,1998,12,3218,3164,54
2256,1993,2,5442,0,5442
2256,1993,3,4752,0,4752
2256,1993,4,4752,0,4752
2256,1993,5,4752,0,4752
2256,1993,6,4799,3455,1344
2256,1993,7,4821,3167,1654
2256,1993,8,4828,3167,1661
2256,1993,9,4834,3167,1667
2256,1993,10,4827,9067,-4240
2256,1993,11,4824,3167,1657
2256,1993,12,4829,8257,-3428
2256,1994,1,4793,11407,-6614
2256,1994,2,4789,3167,1622
2256,1994,3,4794,5087,-293
2256,1994,4,4794,3167,1627
2256,1994,5,4801,3167,1634
2256,1994,6,4808,3167,1641
2256,1994,7,4815,3167,1648
2256,1994,8,4822,3167,1655
2256,1994,9,4828,5767,-939
2256,1994,10,4823,6867,-2044
2256,1994,11,4815,4967,-152
2256,1994,12,4811,4267,544
2256,1995,1,4790,10927,-6137
2256,1995,2,4792,3167,1625
2256,1995,3,4798,3667,1131
2256,1995,4,4802,4527,275
2256,1995,5,4804,5807,-1003
2256,1995,6,4800,3167,1633
2256,1995,7,4807,3167,1640
2256,1995,8,4812,4847,-35
2256,1995,9,4810,7167,-2357
2256,1995,10,4804,3167,1637
2256,1995,11,4811,3167,1644
2256,1995,12,4803,7887,-3084
2256,1996,1,4790,7487,-2697
2256,1996,2,4793,3167,1626
2256,1996,3,4800,3167,1633
2256,1996,4,4806,3467,1339
2256,1996,5,4811,4367,444
2256,1996,6,4814,3167,1647
2256,1996,7,4819,4067,752
2256,1996,8,4824,3167,1657
2256,1996,9,4830,3467,1363
2256,1996,10,4830,6367,-1537
2256,1996,11,4826,5067,-241
2256,1996,12,4827,4567,260
2256,1997,1,4807,10607,-5800
2256,1997,2,4806,3167,1639
2256,1997,3,4810,5967,-1157
2256,1997,4,4808,3167,1641
2256,1997,5,4812,4367,445
2256,1997,6,4810,5617,-807
2256,1997,7,4806,6727,-1921
2256,1997,8,4796,6867,-2071
2256,1997,9,4796,3167,1629
2256,1997,10,4803,3167,1636
2256,1997,11,4809,3167,1642
2256,1997,12,4813,3667,1146
2256,1998,1,4800,9397,-4597
2256,1998,2,4802,3167,1635
2256,1998,3,4809,3167,1642
2256,1998,4,4812,4447,365
2256,1998,5,4811,5087,-276
2256,1998,6,4815,3167,1648
2256,1998,7,4822,3167,1655
2256,1998,8,4829,3167,1662
2256,1998,9,4825,5967,-1142
2256,1998,10,4831,3167,1664
2256,1998,11,4838,3167,1671
2256,1998,12,4802,15652,-10850
2257,1993,12,500,0,500
2257,1994,1,3374,0,3374
2257,1994,2,3374,0,3374
2257,1994,3,3374,0,3374
2257,1994,4,3374,0,3374
2257,1994,5,3417,2020,1397
2257,1994,6,3442,2020,1422
2257,1994,7,3453,2020,1433
2257,1994,8,3457,3310,147
2257,1994,9,3460,2770,690
2257,1994,10,3455,4150,-695
2257,1994,11,3456,3220,236
2257,1994,12,3455,2320,1135
2257,1995,1,3445,6580,-3135
2257,1995,2,3447,2020,1427
2257,1995,3,3453,2020,1433
2257,1995,4,3459,2520,939
2257,1995,5,3458,4540,-1082
2257,1995,6,3451,5890,-2439
2257,1995,7,3443,4190,-747
2257,1995,8,3439,5530,-2091
2257,1995,9,3428,5020,-1592
2257,1995,10,3430,2020,1410
2257,1995,11,3435,4620,-1185
2257,1995,12,3430,2740,690
2257,1996,1,3433,3370,63
2257,1996,2,3439,2020,1419
2257,1996,3,3433,4520,-1087
2257,1996,4,3437,2800,637
2257,1996,5,3438,2020,1418
2257,1996,6,3435,5200,-1765
2257,1996,7,3436,2020,1416
2257,1996,8,3441,2380,1061
2257,1996,9,3452,2020,1432
2257,1996,10,3453,2230,1223
2257,1996,11,3463,2020,1443
2257,1996,12,3467,3220,247
2257,1997,1,3457,5800,-2343
2257,1997,2,3455,2020,1435
2257,1997,3,3461,2020,1441
2257,1997,4,3466,3220,246
2257,1997,5,3473,2020,1453
2257,1997,6,3460,7930,-4470
2257,1997,7,3460,2020,1440
2257,1997,8,3466,2020,1446
2257,1997,9,3472,2020,1452
2257,1997,10,3477,2860,617
2257,1997,11,3474,2650,824
2257,1997,12,3478,2320,1158
2257,1998,1,3474,7240,-3766
2257,1998,2,3473,2020,1453
2257,1998,3,3479,2020,1459
2257,1998,4,3485,2020,1465
2257,1998,5,3482,3400,82
2257,1998,6,3465,9760,-6295
2257,1998,7,3462,3220,242
2257,1998,8,3466,2020,1446
2257,1998,9,3467,2020,1447
2257,1998,10,3464,12620,-9156
2257,1998,11,3435,2020,1415
2257,1998,12,3440,2005,1435
2258,1996,11,600,0,600
2258,1996,12,6656,0,6656
2258,1997,1,6656,0,6656
2258,1997,2,6656,0,6656
2258,1997,3,6726,1100,5626
2258,1997,4,6777,2217,4560
2258,1997,5,6789,9597,-2808
2258,1997,6,6783,3117,3666
2258,1997,7,6781,9977,-3196
2258,1997,8,6783,3657,3126
2258,1997,9,6793,5217,1576
2258,1997,10,6796,6437,359
2258,1997,11,6807,2217,4590
2258,1997,12,6817,6517,300
2258,1998,1,6828,4257,2571
2258,1998,2,6837,4017,2820
2258,1998,3,6835,9617,-2782
2258,1998,4,6809,12977,-6168
2258,1998,5,6794,10297,-3503
2258,1998,6,6795,4617,2178
2258,1998,7,6785,10217,-3432
2258,1998,8,6784,6937,-153
2258,1998,9,6786,5337,1449
2258,1998,10,6793,5217,1576
2258,1998,11,6805,2217,4588
2258,1998,12,6827,3152,3675
2259,1994,5,600,0,600
2259,1994,6,4442,0,4442
2259,1994,7,4442,0,4442
2259,1994,8,4442,0,4442
2259,1994,9,4442,0,4442
2259,1994,10,4505,2535,1970
2259,1994,11,4532,2635,1897
2259,1994,12,4540,2935,1605
2259,1995,1,4528,13805,-9277
2259,1995,2,4508,3095,1413
2259,1995,3,4513,3015,1498
2259,1995,4,4521,2535,1986
2259,1995,5,4529,2535,1994
2259,1995,6,4524,7085,-2561
2259,1995,7,4512,7335,-2823
2259,1995,8,4508,4835,-327
2259,1995,9,4499,7335,-2836
2259,1995,10,4502,2835,1667
2259,1995,11,4504,4935,-431
2259,1995,12,4497,6135,-1638
2259,1996,1,4491,5855,-1364
2259,1996,2,4494,2535,1959
2259,1996,3,4501,3415,1086
2259,1996,4,4507,2535,1972
2259,1996,5,4502,6835,-2333
2259,1996,6,4501,4435,66
2259,1996,7,4506,2535,1971
2259,1996,8,4507,5835,-1328
2259,1996,9,4508,7435,-2927
2259,1996,10,4496,2535,1961
2259,1996,11,4504,2535,1969
2259,1996,12,4511,6585,-2074
2259,1997,1,4497,5875,-1378
2259,1997,2,4498,2535,1963
2259,1997,3,4506,2535,1971
2259,1997,4,4513,4535,-22
2259,1997,5,4511,5035,-524
2259,1997,6,4512,2535,1977
2259,1997,7,4519,3015,1504
2259,1997,8,4511,7895,-3384
2259,1997,9,4512,2535,1977
2259,1997,10,4520,3435,1085
2259,1997,11,4525,2535,1990
2259,1997,12,4533,2835,1698
2259,1998,1,4520,12325,-7805
2259,1998,2,4504,4455,49
2259,1998,3,4508,2535,1973
2259,1998,4,4513,3815,698
2259,1998,5,4512,6135,-1623
2259,1998,6,4512,2535,1977
2259,1998,7,4520,2535,1985
2259,1998,8,4528,2535,1993
2259,1998,9,4536,4535,1
2259,1998,10,4531,4675,-144
2259,1998,11,4529,10415,-5886
2259,1998,12,4513,3320,1193
2260,1994,6,13942,0,13942
2260,1994,7,13530,0,13530
2260,1994,8,8669,2100,6569
2260,1994,9,8688,5400,3288
2260,1994,10,8690,12655,-3965
2260,1994,11,8667,9115,-448
2260,1994,12,12955,10395,2560
2260,1995,1,8683,13215,-4532
2260,1995,2,8667,11615,-2948
2260,1995,3,8647,8915,-268
2260,1995,4,8618,16115,-7497
2260,1995,5,8626,6915,1711
2260,1995,6,13364,25215,-11851
2260,1995,7,10289,5615,4674
2260,1995,8,10410,7615,2795
2260,1995,9,8619,9815,-1196
2260,1995,10,8613,10015,-1402
2260,1995,11,8598,10095,-1497
2260,1995,12,16664,19015,-2351
2260,1996,1,8587,7915,672
2260,1996,2,8590,11855,-3265
2260,1996,3,10179,8255,1924
2260,1996,4,8577,13495,-4918
2260,1996,5,8568,8215,353
2260,1996,6,12832,13700,-868
2260,1996,7,8562,10015,-1453
2260,1996,8,8552,14260,-5708
2260,1996,9,12138,11899,239
2260,1996,10,8538,7830,708
2260,1996,11,8543,11484,-2941
2260,1996,12,12815,5434,7381
2260,1997,1,8551,13861,-5310
2260,1997,2,8539,8532,7
2260,1997,3,10043,5026,5017
2260,1997,4,8548,12216,-3668
2260,1997,5,9342,6717,2625
2260,1997,6,12822,14015,-1193
2260,1997,7,8545,9915,-1370
2260,1997,8,8538,11915,-3377
2260,1997,9,8538,12948,-4410
2260,1997,10,8538,5827,2711
2260,1997,11,8538,8751,-213
2260,1997,12,12808,12347,461
2260,1998,1,8538,14381,-5843
2260,1998,2,8538,4293,4245
2260,1998,3,8538,12384,-3846
2260,1998,4,8538,8107,431
2260,1998,5,8538,7801,737
2260,1998,6,12807,12992,-185
2260,1998,7,8538,9401,-863
2260,1998,8,8538,5104,3434
2260,1998,9,8538,7767,771
2260,1998,10,8538,7272,1266
2260,1998,11,8538,4041,4497
2260,1998,12,12807,14807,-2000
2261,1996,12,30653,0,30653
2261,1997,1,128,4800,-4672
2261,1997,2,47366,22600,24766
2261,1997,3,211,14900,-14689
2261,1997,4,211,8800,-8589
2261,1997,5,10863,9200,1663
2261,1997,6,121,8200,-8079
2261,1997,7,20799,12700,8099
2261,1997,8,121,8500,-8379
2261,1997,9,121,6800,-6679
2261,1997,11,26549,23621,2928
2261,1997,12,25458,23230,2228
2261,1998,1,79,9930,-9851
2261,1998,2,9521,8730,791
2261,1998,3,77923,9030,68893
2261,1998,4,6542,55457,-48915
2261,1998,5,87158,50721,36437
2261,1998,6,20537,57535,-36998
2261,1998,7,40266,45733,-5467
2261,1998,8,29146,34330,-5184
2261,1998,9,53,13130,-13077
2261,1998,10,33989,10230,23759
2261,1998,11,6800,20930,-14130
2261,1998,12,44894,12800,32094
2262,1997,2,18172,0,18172
2262,1997,3,17654,0,17654
2262,1997,4,75034,41415,33619
2262,1997,5,202,45515,-45313
2262,1997,6,55878,5215,50663
2262,1997,7,12117,33315,-21198
2262,1997,8,153,22815,-22662
2262,1997,9,49638,14315,35323
2262,1997,10,35145,55515,-20370
2262,1997,11,39211,22615,16596
2262,1997,12,115073,94515,20558
2262,1998,1,94575,112015,-17440
2262,1998,2,63605,32915,30690
2262,1998,3,55147,54346,801
2262,1998,4,70046,75872,-5826
2262,1998,5,71259,99596,-28337
2262,1998,6,49656,39715,9941
2262,1998,7,34956,44815,-9859
2262,1998,8,103923,98536,5387
2262,1998,9,83740,44623,39117
2262,1998,10,101002,170415,-69413
2262,1998,11,72534,63189,9345
2262,1998,12,113114,49357,63757
2263,1996,3,400,0,400
2263,1996,4,23002,0,23002
2263,1996,5,17759,9100,8659
2263,1996,6,26627,13700,12927
2263,1996,7,17876,18800,-924
2263,1996,8,17855,16295,1560
2263,1996,9,17826,17522,304
2263,1996,10,17825,17242,583
2263,1996,11,17827,16542,1285
2263,1996,12,26671,20302,6369
2263,1997,1,17823,44442,-26619
2263,1997,2,17772,8542,9230
2263,1997,3,17807,11422,6385
2263,1997,4,17834,9942,7892
2263,1997,5,17860,11842,6018
2263,1997,6,26698,35802,-9104
2263,1997,7,17845,12442,5403
2263,1997,8,17844,20302,-2458
2263,1997,9,17855,12842,5013
2263,1997,10,17878,12442,5436
2263,1997,11,17886,16442,1444
2263,1997,12,26717,26262,455
2263,1998,1,23444,44662,-21218
2263,1998,2,17838,7942,9896
2263,1998,3,17857,13302,4555
2263,1998,4,17862,17142,720
2263,1998,5,17888,17842,46
2263,1998,6,31084,38822,-7738
2263,1998,7,19371,7942,11429
2263,1998,8,17917,10842,7075
2263,1998,9,17944,14642,3302
2263,1998,10,17959,13142,4817
2263,1998,11,17975,15642,2333
2263,1998,12,26825,14387,12438
2264,1996,11,1000,0,1000
2264,1996,12,4767,0,4767
2264,1997,1,4767,0,4767
2264,1997,2,4767,0,4767
2264,1997,3,4767,0,4767
2264,1997,4,4804,2335,2469
2264,1997,5,4868,1825,3043
2264,1997,6,4869,5575,-706
2264,1997,7,4878,1825,3053
2264,1997,8,4891,1825,3066
2264,1997,9,4898,4825,73
2264,1997,10,4898,4625,273
2264,1997,11,4905,1825,3080
2264,1997,12,4898,10165,-5267
2264,1998,1,4859,17395,-12536
2264,1998,2,4840,6225,-1385
2264,1998,3,4844,1825,3019
2264,1998,4,4838,5745,-907
2264,1998,5,4840,3745,1095
2264,1998,6,4851,1825,3026
2264,1998,7,4860,4305,555
2264,1998,8,4864,2425,2439
2264,1998,9,4876,1825,3051
2264,1998,10,4889,1825,3064
2264,1998,11,4901,1825,3076
2264,1998,12,4911,2510,2401
2265,1995,8,42119,0,42119
2265,1995,9,175,9700,-9525
2265,1995,10,42436,7100,35336
2265,1995,11,31269,23800,7469
2265,1995,12,22346,67315,-44969
2265,1996,1,15958,29067,-13109
2265,1996,2,49395,40131,9264
2265,1996,3,150,11015,-10865
2265,1996,4,64,9215,-9151
2265,1996,5,23888,5915,17973
2265,1996,6,3499,10915,-7416
2265,1996,7,69,11215,-11146
2265,1996,8,6507,15,6492
2265,1996,9,45189,28623,16566
2265,1996,10,49239,24315,24924
2265,1996,11,15769,28815,-13046
2265,1996,12,145,36215,-36070
2265,1997,1,135225,112318,22907
2265,1997,2,113,10615,-10502
2265,1997,3,138876,115730,23146
2265,1997,4,113321,60115,53206
2265,1997,5,100160,142115,-41955
2265,1997,6,18128,23315,-5187
2265,1997,7,94703,45615,49088
2265,1997,8,18258,58915,-40657
2265,1997,9,12777,45615,-32838
2265,1997,10,65637,37915,27722
2265,1997,11,139,30093,-29954
2265,1997,12,14347,11815,2532
2265,1998,1,55483,14115,41368
2265,1998,2,27667,59021,-31354
2265,1998,3,84215,54172,30043
2265,1998,4,39029,48115,-9086
2265,1998,5,33244,62916,-29672
2265,1998,6,113115,43215,69900
2265,1998,7,106414,115337,-8923
2265,1998,8,31611,80548,-48937
2265,1998,9,34285,26815,7470
2265,1998,10,53183,62806,-9623
2265,1998,11,114709,59915,54794
2265,1998,12,30531,70000,-39469
2266,1996,7,600,0,600
2266,1996,8,20516,0,20516
2266,1996,9,17087,5000,12087
2266,1996,10,17125,11600,5525
2266,1996,11,17148,11700,5448
2266,1996,12,25665,17515,8150
2266,1997,1,17192,17915,-723
2266,1997,2,17186,19215,-2029
2266,1997,3,17176,20015,-2839
2266,1997,4,17161,25215,-8054
2266,1997,5,17130,21195,-4065
2266,1997,6,25624,18915,6709
2266,1997,7,17147,17415,-268
2266,1997,8,17143,18615,-1472
2266,1997,9,17152,12615,4537
2266,1997,10,17158,27215,-10057
2266,1997,11,17137,9915,7222
2266,1997,12,25668,17935,7733
2266,1998,1,17175,24795,-7620
2266,1998,2,17169,11455,5714
2266,1998,3,17174,16115,1059
2266,1998,4,17178,16515,663
2266,1998,5,17168,20815,-3647
2266,1998,6,25673,18515,7158
2266,1998,7,17181,23155,-5974
2266,1998,8,17189,10715,6474
2266,1998,9,17190,18615,-1425
2266,1998,10,17185,19955,-2770
2266,1998,11,17214,6115,11099
2266,1998,12,25752,14720,11032
2267,1994,9,900,0,900
2267,1994,11,11400,0,11400
2267,1994,12,3600,0,3600
2267,1995,1,6400,0,6400
2267,1995,2,40415,0,40415
2267,1995,3,49153,16100,33053
2267,1995,4,44392,74300,-29908
2267,1995,5,450,19500,-19050
2267,1995,6,450,6900,-6450
2267,1995,7,450,5400,-4950
2267,1995,8,47022,1800,45222
2267,1995,9,55800,111602,-55802
2267,1995,10,5005,3173,1832
2267,1995,11,35835,8873,26962
2267,1995,12,33590,25698,7892
2267,1996,1,157,38573,-38416
2267,1996,2,34108,3173,30935
2267,1996,3,12594,33397,-20803
2267,1996,4,4220,15007,-10787
2267,1996,5,18144,3173,14971
2267,1996,6,59405,57336,2069
2267,1996,7,137,9106,-8969
2267,1996,8,4406,10583,-6177
2267,1996,9,37686,3173,34513
2267,1996,10,77203,52715,24488
2267,1996,11,269,27073,-26804
2267,1996,12,142,29735,-29593
2267,1997,1,73714,68873,4841
2267,1997,2,56840,16373,40467
2267,1997,3,72590,54373,18217
2267,1997,4,276,43300,-43024
2267,1997,5,64800,33789,31011
2267,1997,6,49404,92655,-43251
2267,1997,7,40925,3173,37752
2267,1997,8,198,47573,-47375
2267,1997,9,85102,51065,34037
2267,1997,10,53513,71179,-17666
2267,1997,11,147,8473,-8326
2267,1997,12,77467,37011,40456
2267,1998,1,57334,56773,561
2267,1998,2,221,32573,-32352
2267,1998,3,140,11273,-11133
2267,1998,4,31898,7673,24225
2267,1998,5,21941,19373,2568
2267,1998,6,175,26773,-26598
2267,1998,7,102,10873,-10771
2267,1998,8,2680,3173,-493
2267,1998,9,23124,13573,9551
2267,1998,10,50262,5273,44989
2267,1998,11,293,24973,-24680
2267,1998,12,25771,13643,12128
2268,1995,2,200,0,200
2268,1995,3,23704,1200,22504
2268,1995,4,23774,10800,12974
2268,1995,5,23804,20300,3504
2268,1995,6,35663,24500,11163
2268,1995,7,23838,31057,-7219
2268,1995,8,23823,31557,-7734
2268,1995,9,23806,23857,-51
2268,1995,10,23804,25957,-2153
2268,1995,11,23826,11257,12569
2268,1995,12,35726,15657,20069
2268,1996,1,23922,24257,-335
2268,1996,2,23915,27057,-3142
2268,1996,3,23901,24457,-556
2268,1996,4,23902,22657,1245
2268,1996,5,23905,25957,-2052
2268,1996,6,35747,29957,5790
2268,1996,7,23924,24757,-833
2268,1996,8,23917,25718,-1801
2268,1996,9,23913,24018,-105
2268,1996,10,23907,26418,-2511
2268,1996,11,23907,23118,789
2268,1996,12,35753,26718,9035
2268,1997,1,23938,45618,-21680
2268,1997,2,23897,6318,17579
2268,1997,3,23914,29518,-5604
2268,1997,4,23912,21418,2494
2268,1997,5,23916,39418,-15502
2268,1997,6,35747,33518,2229
2268,1997,7,23927,27918,-3991
2268,1997,8,23878,27618,-3740
2268,1997,9,23861,29818,-5957
2268,1997,10,23834,26518,-2684
2268,1997,11,23824,24518,-694
2268,1997,12,35682,29618,6064
2268,1998,1,23843,24018,-175
2268,1998,2,23842,25118,-1276
2268,1998,3,23845,20318,3527
2268,1998,4,23856,27618,-3762
2268,1998,5,23837,21718,2119
2268,1998,6,35689,36218,-529
2268,1998,7,23837,25018,-1181
2268,1998,8,23827,25718,-1891
2268,1998,9,23832,20418,3414
2268,1998,10,23842,18318,5524
2268,1998,11,23860,22718,1142
2268,1998,12,35748,8203,27545
2269,1993,11,10851,0,10851
2269,1993,12,22688,0,22688
2269,1994,1,9875,5300,4575
2269,1994,2,9894,5100,4794
2269,1994,3,9907,13075,-3168
2269,1994,4,9880,12796,-2916
2269,1994,5,9868,12496,-2628
2269,1994,6,14742,8796,5946
2269,1994,7,9877,16636,-6759
2269,1994,8,9865,15396,-5531
2269,1994,9,9853,7296,2557
2269,1994,10,9867,11476,-1609
2269,1994,11,9856,7996,1860
2269,1994,12,14724,15716,-992
2269,1995,1,13310,24996,-11686
2269,1995,2,12212,4596,7616
2269,1995,3,9843,7776,2067
2269,1995,4,9851,8296,1555
2269,1995,5,9857,8896,961
2269,1995,6,16299,27796,-11497
2269,1995,7,9814,5796,4018
2269,1995,8,9830,6196,3634
2269,1995,9,11231,10356,875
2269,1995,10,9845,9896,-51
2269,1995,11,9845,9396,449
2269,1995,12,14721,8396,6325
2269,1996,1,10549,20436,-9887
2269,1996,2,9834,6396,3438
2269,1996,3,9849,6496,3353
2269,1996,4,9863,6096,3767
2269,1996,5,9970,8076,1894
2269,1996,6,14726,34576,-19850
2269,1996,7,16616,4596,12020
2269,1996,8,9852,6796,3056
2269,1996,9,9862,8096,1766
2269,1996,10,9871,7096,2775
2269,1996,11,9880,8596,1284
2269,1996,12,14745,15516,-771
2269,1997,1,12229,25636,-13407
2269,1997,2,9831,5196,4635
2269,1997,3,10855,4596,6259
2269,1997,4,9869,9596,273
2269,1997,5,9860,17596,-7736
2269,1997,6,14708,18576,-3868
2269,1997,7,9831,4696,5135
2269,1997,8,9846,7196,2650
2269,1997,9,9862,9596,266
2269,1997,10,9863,12296,-2433
2269,1997,11,10545,8676,1869
2269,1997,12,14713,13516,1197
2269,1998,1,10141,20636,-10495
2269,1998,2,9812,7916,1896
2269,1998,3,9828,7376,2452
2269,1998,4,9825,10496,-671
2269,1998,5,9817,12656,-2839
2269,1998,6,14686,12156,2530
2269,1998,7,9815,10356,-541
2269,1998,8,9818,9996,-178
2269,1998,9,9818,9696,122
2269,1998,10,9826,7096,2730
2269,1998,11,9831,9396,435
2269,1998,12,14687,15241,-554
2270,1997,3,600,0,600
2270,1997,4,5407,0,5407
2270,1997,5,5407,0,5407
2270,1997,6,5407,0,5407
2270,1997,7,5481,1200,4281
2270,1997,8,5484,8619,-3135
2270,1997,9,5488,3619,1869
2270,1997,10,5496,3619,1877
2270,1997,11,5504,3619,1885
2270,1997,12,5510,4669,841
2270,1998,1,5508,7089,-1581
2270,1998,2,5508,3619,1889
2270,1998,3,5514,4339,1175
2270,1998,4,5518,4739,779
2270,1998,5,5515,7139,-1624
2270,1998,6,5500,10779,-5279
2270,1998,7,5496,3619,1877
2270,1998,8,5504,3619,1885
2270,1998,9,5505,5379,126
2270,1998,10,5512,3619,1893
2270,1998,11,5520,3619,1901
2270,1998,12,5522,11724,-6202
2271,1993,11,600,0,600
2271,1993,12,3048,0,3048
2271,1994,1,3048,0,3048
2271,1994,2,3048,0,3048
2271,1994,3,3048,0,3048
2271,1994,4,3050,15,3035
2271,1994,5,3117,2047,1070
2271,1994,6,3120,3187,-67
2271,1994,7,3119,3187,-68
2271,1994,8,3120,2317,803
2271,1994,9,3124,2047,1077
2271,1994,10,3129,2047,1082
2271,1994,11,3133,2377,756
2271,1994,12,3131,3907,-776
2271,1995,1,3119,7417,-4298
2271,1995,2,3115,2047,1068
2271,1995,3,3120,2047,1073
2271,1995,4,3124,2047,1077
2271,1995,5,3129,2047,1082
2271,1995,6,3127,4207,-1080
2271,1995,7,3125,4807,-1682
2271,1995,8,3122,2047,1075
2271,1995,9,3126,2047,1079
2271,1995,10,3125,3397,-272
2271,1995,11,3129,2047,1082
2271,1995,12,3133,2917,216
2271,1996,1,3121,7267,-4146
2271,1996,2,3117,2047,1070
2271,1996,3,3122,2047,1075
2271,1996,4,3121,3127,-6
2271,1996,5,3126,2047,1079
2271,1996,6,3131,2047,1084
2271,1996,7,3135,2047,1088
2271,1996,8,3140,2647,493
2271,1996,9,3142,2587,555
2271,1996,10,3144,2047,1097
2271,1996,11,3148,2047,1101
2271,1996,12,3152,3277,-125
2271,1997,1,3128,9547,-6419
2271,1997,2,3126,2497,629
2271,1997,3,3128,2047,1081
2271,1997,4,3133,2047,1086
2271,1997,5,3137,2047,1090
2271,1997,6,3127,8047,-4920
2271,1997,7,3121,2047,1074
2271,1997,8,3126,2047,1079
2271,1997,9,3130,2887,243
2271,1997,10,3131,2047,1084
2271,1997,11,3135,2047,1088
2271,1997,12,3140,2677,463
2271,1998,1,3132,6937,-3805
2271,1998,2,3126,2047,1079
2271,1998,3,3129,2467,662
2271,1998,4,3133,2917,216
2271,1998,5,3134,2047,1087
2271,1998,6,3138,2047,1091
2271,1998,7,3143,3397,-254
2271,1998,8,3141,2437,704
2271,1998,9,3141,2737,404
2271,1998,10,3146,2047,1099
2271,1998,11,3151,2047,1104
2271,1998,12,3153,2332,821
2272,1997,10,200,0,200
2272,1997,11,13225,0,13225
2272,1997,12,12066,0,12066
2272,1998,1,6107,2200,3907
2272,1998,2,6108,4900,1208
2272,1998,3,6090,12101,-6011
2272,1998,4,6073,10301,-4228
2272,1998,5,6052,12641,-6589
2272,1998,6,13765,4001,9764
2272,1998,7,6079,6801,-722
2272,1998,8,6085,4301,1784
2272,1998,9,6080,7901,-1821
2272,1998,10,6061,10901,-4840
2272,1998,11,6058,6301,-243
2272,1998,12,9041,10966,-1925
2274,1996,1,4154,0,4154
2274,1996,2,11034,0,11034
2274,1996,3,9478,15,9463
2274,1996,4,5812,15,5797
2274,1996,5,1427,1215,212
2274,1996,6,9500,16665,-7165
2274,1996,7,7110,15,7095
2274,1996,8,827,915,-88
2274,1996,9,827,915,-88
2274,1996,10,1730,15,1715
2274,1996,11,829,3115,-2286
2274,1996,12,15310,3715,11595
2274,1997,1,6467,24215,-17748
2274,1997,2,796,2015,-1219
2274,1997,3,792,1615,-823
2274,1997,4,22621,15,22606
2274,1997,5,873,7365,-6492
2274,1997,6,4133,14215,-10082
2274,1997,7,3223,15,3208
2274,1997,8,829,615,214
2274,1997,9,2636,15,2621
2274,1997,10,836,2715,-1879
2274,1997,11,934,15,919
2274,1997,12,6149,2365,3784
2274,1998,1,823,12665,-11842
2274,1998,2,17721,615,17106
2274,1998,3,875,315,560
2274,1998,4,875,1315,-440
2274,1998,5,871,2015,-1144
2274,1998,6,9828,23115,-13287
2274,1998,7,53792,15,53777
2274,1998,8,1003,18215,-17212
2274,1998,9,951,9265,-8314
2274,1998,10,917,8065,-7148
2274,1998,11,3309,15,3294
2274,1998,12,908,4200,-3292
2275,1996,9,200,0,200
2275,1996,10,19182,0,19182
2275,1996,11,13237,5900,7337
2275,1996,12,19841,11200,8641
2275,1997,1,13287,13300,-13
2275,1997,2,13285,15046,-1761
2275,1997,3,13294,16446,-3152
2275,1997,4,13254,19546,-6292
2275,1997,5,13238,15146,-1908
2275,1997,6,19814,18146,1668
2275,1997,7,13236,16046,-2810
2275,1997,8,13227,13746,-519
2275,1997,9,13210,20346,-7136
2275,1997,10,13213,15146,-1933
2275,1997,11,13172,18946,-5774
2275,1997,12,19767,8246,11521
2275,1998,1,13183,23346,-10163
2275,1998,2,13187,6546,6641
2275,1998,3,13179,19546,-6367
2275,1998,4,13184,10046,3138
2275,1998,5,13176,16046,-2870
2275,1998,6,19748,20346,-598
2275,1998,7,13188,6546,6642
2275,1998,8,13209,8846,4363
2275,1998,9,13233,6546,6687
2275,1998,10,13261,6546,6715
2275,1998,11,13288,8746,4542
2275,1998,12,19898,11531,8367
2276,1993,10,400,0,400
2276,1993,11,4794,0,4794
2276,1993,12,4794,0,4794
2276,1994,1,4794,0,4794
2276,1994,2,4794,0,4794
2276,1994,3,4843,4830,13
2276,1994,4,4882,5230,-348
2276,1994,5,4879,3890,989
2276,1994,6,4883,3630,1253
2276,1994,7,4891,1630,3261
2276,1994,8,4899,4830,69
2276,1994,9,4899,4530,369
2276,1994,10,4906,1930,2976
2276,1994,11,4912,5030,-118
2276,1994,12,4913,4480,433
2276,1995,1,4891,15960,-11069
2276,1995,2,4874,1630,3244
2276,1995,3,4887,4590,297
2276,1995,4,4882,5150,-268
2276,1995,5,4887,2270,2617
2276,1995,6,4898,1630,3268
2276,1995,7,4913,2930,1983
2276,1995,8,4917,3330,1587
2276,1995,9,4922,4230,692
2276,1995,10,4922,5070,-148
2276,1995,11,4929,1630,3299
2276,1995,12,4941,2980,1961
2276,1996,1,4927,15870,-10943
2276,1996,2,4902,3390,1512
2276,1996,3,4912,1630,3282
2276,1996,4,4925,1630,3295
2276,1996,5,4939,1630,3309
2276,1996,6,4945,5030,-85
2276,1996,7,4952,2130,2822
2276,1996,8,4962,2730,2232
2276,1996,9,4964,8590,-3626
2276,1996,10,4958,1630,3328
2276,1996,11,4959,7350,-2391
2276,1996,12,4961,2580,2381
2276,1997,1,4946,13360,-8414
2276,1997,2,4934,2910,2024
2276,1997,3,4946,1930,3016
2276,1997,4,4956,2670,2286
2276,1997,5,4952,6330,-1378
2276,1997,6,4945,14970,-10025
2276,1997,7,4919,1630,3289
2276,1997,8,4933,1630,3303
2276,1997,9,4947,1630,3317
2276,1997,10,4958,2910,2048
2276,1997,11,4969,1630,3339
2276,1997,12,4982,2080,2902
2276,1998,1,4970,18490,-13520
2276,1998,2,4938,1630,3308
2276,1998,3,4952,1630,3322
2276,1998,4,4966,1630,3336
2276,1998,5,4979,3950,1029
2276,1998,6,4948,17070,-12122
2276,1998,7,4933,1630,3303
2276,1998,8,4947,1630,3317
2276,1998,9,4960,1630,3330
2276,1998,10,4974,1630,3344
2276,1998,11,4988,1630,3358
2276,1998,12,5001,3015,1986
2278,1996,8,14960,0,14960
2278,1996,9,21444,0,21444
2278,1996,10,14591,5300,9291
2278,1996,11,14613,10200,4413
2278,1996,12,21825,32437,-10612
2278,1997,1,14558,31437,-16879
2278,1997,2,14525,8537,5988
2278,1997,3,14546,13837,709
2278,1997,4,14552,16837,-2285
2278,1997,5,14541,15937,-1396
2278,1997,6,21717,28237,-6520
2278,1997,7,14510,8637,5873
2278,1997,8,14534,10037,4497
2278,1997,9,14552,10637,3915
2278,1997,10,14566,13737,829
2278,1997,11,14568,16237,-1669
2278,1997,12,21765,23737,-1972
2278,1998,1,14529,22837,-8308
2278,1998,2,14521,11337,3184
2278,1998,3,14531,15737,-1206
2278,1998,4,14522,15237,-715
2278,1998,5,14521,15337,-816
2278,1998,6,21743,23937,-2194
2278,1998,7,16518,8537,7981
2278,1998,8,14545,11637,2908
2278,1998,9,14557,11237,3320
2278,1998,10,14570,11837,2733
2278,1998,11,14581,11937,2644
2278,1998,12,21820,14422,7398
2279,1996,10,600,0,600
2279,1996,11,39346,10200,29146
2279,1996,12,59141,34500,24641
2279,1997,1,39567,33600,5967
2279,1997,2,39589,39700,-111
2279,1997,3,39659,53690,-14031
2279,1997,4,44249,71804,-27555
2279,1997,5,39495,22649,16846
2279,1997,6,59239,50691,8548
2279,1997,7,39604,40230,-626
2279,1997,8,39572,44854,-5282
2279,1997,9,39529,48728,-9199
2279,1997,10,39531,46143,-6612
2279,1997,11,39467,20730,18737
2279,1997,12,59306,41530,17776
2279,1998,1,39596,39430,166
2279,1998,2,39642,50530,-10888
2279,1998,3,39597,36430,3167
2279,1998,4,39616,39801,-185
2279,1998,5,39582,47543,-7961
2279,1998,6,59264,52786,6478
2279,1998,7,39586,41942,-2356
2279,1998,8,39586,30386,9200
2279,1998,9,39617,33486,6131
2279,1998,10,39585,52938,-13353
2279,1998,11,39550,45786,-6236
2279,1998,12,59337,10156,49181
2280,1995,8,200,0,200
2280,1995,9,22896,0,22896
2280,1995,10,17558,10900,6658
2280,1995,11,17583,12200,5383
2280,1995,12,26331,20600,5731
2280,1996,1,17604,33215,-15611
2280,1996,2,17566,15456,2110
2280,1996,3,17584,11956,5628
2280,1996,4,17599,15256,2343
2280,1996,5,17598,17456,142
2280,1996,6,26336,23956,2380
2280,1996,7,17606,19356,-1750
2280,1996,8,17600,18256,-656
2280,1996,9,17586,21656,-4070
2280,1996,10,17581,17756,-175
2280,1996,11,17573,20256,-2683
2280,1996,12,26302,24856,1446
2280,1997,1,17546,30356,-12810
2280,1997,2,22054,11956,10098
2280,1997,3,17560,17756,-196
2280,1997,4,17564,16356,1208
2280,1997,5,17578,13656,3922
2280,1997,6,30475,30856,-381
2280,1997,7,21727,6856,14871
2280,1997,8,17637,19856,-2219
2280,1997,9,17653,10756,6897
2280,1997,10,17667,15256,2411
2280,1997,11,17669,17456,213
2280,1997,12,26426,17656,8770
2280,1998,1,17651,37956,-20305
2280,1998,2,17652,8156,9496
2280,1998,3,17662,17256,406
2280,1998,4,17671,15056,2615
2280,1998,5,17672,19756,-2084
2280,1998,6,26409,23856,2553
2280,1998,7,17668,20356,-2688
2280,1998,8,17673,26356,-8683
2280,1998,9,17667,15856,1811
2280,1998,10,17652,17056,596
2280,1998,11,17671,16256,1415
2280,1998,12,26423,9341,17082
2281,1995,7,400,0,400
2281,1995,8,18303,0,18303
2281,1995,9,14571,700,13871
2281,1995,10,14629,3000,11629
2281,1995,11,14661,9100,5561
2281,1995,12,21907,21835,72
2281,1996,1,14626,30335,-15709
2281,1996,2,14622,8735,5887
2281,1996,3,14634,13635,999
2281,1996,4,14642,11935,2707
2281,1996,5,14642,16335,-1693
2281,1996,6,21864,40635,-18771
2281,1996,7,16384,8135,8249
2281,1996,8,14607,10135,4472
2281,1996,9,14613,15135,-522
2281,1996,10,14611,14835,-224
2281,1996,11,14596,16035,-1439
2281,1996,12,21848,15135,6713
2281,1997,1,14582,35435,-20853
2281,1997,2,14564,7435,7129
2281,1997,3,14579,14335,244
2281,1997,4,14585,11535,3050
2281,1997,5,14581,17535,-2954
2281,1997,6,21815,14535,7280
2281,1997,7,14603,16635,-2032
2281,1997,8,14595,20135,-5540
2281,1997,9,14587,16735,-2148
2281,1997,10,14584,15135,-551
2281,1997,11,14574,15835,-1261
2281,1997,12,21820,20135,1685
2281,1998,1,14568,23935,-9367
2281,1998,2,14543,12535,2008
2281,1998,3,14551,15635,-1084
2281,1998,4,14546,13835,711
2281,1998,5,14549,12835,1714
2281,1998,6,21805,11335,10470
2281,1998,7,14596,17635,-3039
2281,1998,8,14583,16135,-1552
2281,1998,9,14574,17335,-2761
2281,1998,10,14558,19935,-5377
2281,1998,11,14540,16335,-1795
2281,1998,12,21791,6620,15171
2282,1993,9,600,0,600
2282,1993,10,46173,10900,35273
2282,1993,11,46286,29100,17186
2282,1993,12,69400,62000,7400
2282,1994,1,46365,40600,5765
2282,1994,2,46357,54830,-8473
2282,1994,3,46298,54350,-8052
2282,1994,4,46332,44634,1698
2282,1994,5,46341,37234,9107
2282,1994,6,69514,105034,-35520
2282,1994,7,46290,31445,14845
2282,1994,8,46356,8634,37722
2282,1994,9,46451,33134,13317
2282,1994,10,46482,37034,9448
2282,1994,11,46413,84134,-37721
2282,1994,12,72540,56487,16053
2282,1995,1,46385,78734,-32349
2282,1995,2,46349,34849,11500
2282,1995,3,46416,12934,33482
2282,1995,4,46491,33834,12657
2282,1995,5,46412,94672,-48260
2282,1995,6,69472,100322,-30850
2282,1995,7,54125,4734,49391
2282,1995,8,46426,27923,18503
2282,1995,9,46461,45734,727
2282,1995,10,46490,61834,-15344
2282,1995,11,46461,20834,25627
2282,1995,12,69609,76734,-7125
2282,1996,1,46377,77934,-31557
2282,1996,2,46392,22905,23487
2282,1996,3,46436,76486,-30050
2282,1996,4,46349,42215,4134
2282,1996,5,46359,32334,14025
2282,1996,6,78361,53334,25027
2282,1996,7,46432,74983,-28551
2282,1996,8,46431,29934,16497
2282,1996,9,46448,39872,6576
2282,1996,10,46460,65786,-19326
2282,1996,11,51379,81709,-30330
2282,1996,12,69463,52461,17002
2282,1997,1,46361,61034,-14673
2282,1997,2,46349,33151,13198
2282,1997,3,46477,32234,14243
2282,1997,4,46453,51734,-5281
2282,1997,5,46481,33134,13347
2282,1997,6,69624,69934,-310
2282,1997,7,46400,67434,-21034
2282,1997,8,46445,25134,21311
2282,1997,9,46448,45395,1053
2282,1997,10,46503,34024,12479
2282,1997,11,46507,57325,-10818
2282,1997,12,87479,116080,-28601
2282,1998,1,46523,48834,-2311
2282,1998,2,46394,19834,26560
2282,1998,3,52175,56034,-3859
2282,1998,4,46489,35834,10655
2282,1998,5,51512,60134,-8622
2282,1998,6,69511,109334,-39823
2282,1998,7,56576,4734,51842
2282,1998,8,46549,27534,19015
2282,1998,9,48755,62634,-13879
2282,1998,10,49598,51634,-2036
2282,1998,11,46530,35334,11196
2282,1998,12,69564,72704,-3140
2285,1996,11,800,0,800
2285,1996,12,11919,0,11919
2285,1997,1,4961,0,4961
2285,1997,2,5181,0,5181
2285,1997,3,1898,100,1798
2285,1997,4,1898,6115,-4217
2285,1997,5,1885,2215,-330
2285,1997,6,2888,815,2073
2285,1997,7,3088,6015,-2927
2285,1997,8,20674,11365,9309
2285,1997,9,3112,6515,-3403
2285,1997,10,3109,1015,2094
2285,1997,11,3119,415,2704
2285,1997,12,47524,26915,20609
2285,1998,1,3179,16415,-13236
2285,1998,2,3145,7815,-4670
2285,1998,3,12708,5215,7493
2285,1998,4,3150,11115,-7965
2285,1998,5,3120,10165,-7045
2285,1998,6,4399,12665,-8266
2285,1998,7,11997,15,11982
2285,1998,8,47280,15,47265
2285,1998,9,3277,17265,-13988
2285,1998,10,3242,10815,-7573
2285,1998,11,3224,3715,-491
2285,1998,12,3215,7100,-3885
2286,1996,12,16267,0,16267
2286,1997,1,12282,0,12282
2286,1997,2,10421,2600,7821
2286,1997,3,10452,3900,6552
2286,1997,4,10471,7215,3256
2286,1997,5,10421,31463,-21042
2286,1997,6,15541,9937,5604
2286,1997,7,11424,6104,5320
2286,1997,8,10414,19128,-8714
2286,1997,9,10400,8216,2184
2286,1997,10,10398,12116,-1718
2286,1997,11,10409,5616,4793
2286,1997,12,15545,23516,-7971
2286,1998,1,10397,15716,-5319
2286,1998,2,10380,3316,7064
2286,1998,3,10387,15516,-5129
2286,1998,4,10396,10216,180
2286,1998,5,10383,17616,-7233
2286,1998,6,15510,17416,-1906
2286,1998,7,10351,5716,4635
2286,1998,8,10366,13016,-2650
2286,1998,9,10356,9516,840
2286,1998,10,10360,8716,1644
2286,1998,11,10364,12516,-2152
2286,1998,12,15511,10501,5010
2287,1996,4,900,0,900
2287,1996,5,23540,1900,21640
2287,1996,6,35388,13800,21588
2287,1996,7,23693,21800,1893
2287,1996,8,23704,20200,3504
2287,1996,9,23726,29770,-6044
2287,1996,10,23708,21490,2218
2287,1996,11,23719,25290,-1571
2287,1996,12,35495,30130,5365
2287,1997,1,23716,36610,-12894
2287,1997,2,23692,14030,9662
2287,1997,3,23725,17890,5835
2287,1997,4,23739,21990,1749
2287,1997,5,23743,26430,-2687
2287,1997,6,35531,30230,5301
2287,1997,7,23765,17690,6075
2287,1997,8,23785,19190,4595
2287,1997,9,23798,20990,2808
2287,1997,10,23798,25290,-1492
2287,1997,11,23785,27190,-3405
2287,1997,12,35610,30510,5100
2287,1998,1,23798,32670,-8872
2287,1998,2,23766,22290,1476
2287,1998,3,23780,19690,4090
2287,1998,4,23788,23490,298
2287,1998,5,23787,23190,597
2287,1998,6,35450,77670,-42220
2287,1998,7,23652,10490,13162
2287,1998,8,23690,16590,7100
2287,1998,9,23681,37970,-14289
2287,1998,10,23643,22490,1153
2287,1998,11,23654,20790,2864
2287,1998,12,35437,29155,6282
2288,1996,1,25284,0,25284
2288,1996,2,21235,0,21235
2288,1996,3,21310,24000,-2690
2288,1996,4,21314,15200,6114
2288,1996,5,21339,19615,1724
2288,1996,6,31965,32526,-561
2288,1996,7,21375,21526,-151
2288,1996,8,21363,21726,-363
2288,1996,9,21367,22426,-1059
2288,1996,10,21365,19826,1539
2288,1996,11,21371,18326,3045
2288,1996,12,31968,25126,6842
2288,1997,1,21343,35126,-13783
2288,1997,2,21353,16926,4427
2288,1997,3,21374,16526,4848
2288,1997,4,21388,16926,4462
2288,1997,5,21407,20726,681
2288,1997,6,31954,38726,-6772
2288,1997,7,21382,18026,3356
2288,1997,8,21395,17426,3969
2288,1997,9,21407,21326,81
2288,1997,10,21404,23026,-1622
2288,1997,11,21406,14426,6980
2288,1997,12,32017,20326,11691
2288,1998,1,21452,31826,-10374
2288,1998,2,21432,18626,2806
2288,1998,3,21451,15726,5725
2288,1998,4,21470,18426,3044
2288,1998,5,21470,23426,-1956
2288,1998,6,32037,49026,-16989
2288,1998,7,21408,14226,7182
2288,1998,8,21434,15626,5808
2288,1998,9,21448,19826,1622
2288,1998,10,21452,21226,226
2288,1998,11,21449,21726,-277
2288,1998,12,32030,27511,4519
2289,1996,3,300,0,300
2289,1996,4,20645,0,20645
2289,1996,5,15938,6200,9738
2289,1996,6,23932,5300,18632
2289,1996,7,16046,11900,4146
2289,1996,8,16024,23824,-7800
2289,1996,9,15998,22364,-6366
2289,1996,10,15987,17524,-1537
2289,1996,11,15976,19404,-3428
2289,1996,12,23915,17744,6171
2289,1997,1,17650,40844,-23194
2289,1997,2,15926,7604,8322
2289,1997,3,15968,6624,9344
2289,1997,4,15986,13364,2622
2289,1997,5,15999,20704,-4705
2289,1997,6,23861,37664,-13803
2289,1997,7,15938,11124,4814
2289,1997,8,15955,15524,431
2289,1997,9,15958,12124,3834
2289,1997,10,15967,21144,-5177
2289,1997,11,15951,13024,2927
2289,1997,12,23894,22764,1130
2289,1998,1,15952,23424,-7472
2289,1998,2,15936,11824,4112
2289,1998,3,15950,17724,-1774
2289,1998,4,15931,22644,-6713
2289,1998,5,15908,10604,5304
2289,1998,6,23858,25084,-1226
2289,1998,7,15939,5324,10615
2289,1998,8,15962,25524,-9562
2289,1998,9,15923,23724,-7801
2289,1998,10,15911,5324,10587
2289,1998,11,15937,14444,1493
2289,1998,12,23885,9789,14096
2290,1996,10,400,0,400
2290,1996,11,6298,0,6298
2290,1996,12,6298,0,6298
2290,1997,1,6298,0,6298
2290,1997,2,6333,2200,4133
2290,1997,3,6397,5895,502
2290,1997,4,6405,3980,2425
2290,1997,5,6410,7180,-770
2290,1997,6,6366,18870,-12504
2290,1997,7,6359,3980,2379
2290,1997,8,6369,3980,2389
2290,1997,9,6379,3980,2399
2290,1997,10,6385,5580,805
2290,1997,11,6393,3980,2413
2290,1997,12,6399,5680,719
2290,1998,1,6372,17100,-10728
2290,1998,2,6361,3980,2381
2290,1998,3,6371,3980,2391
2290,1998,4,6378,5080,1298
2290,1998,5,6381,5980,401
2290,1998,6,6388,3980,2408
2290,1998,7,6393,5780,613
2290,1998,8,6395,6080,315
2290,1998,9,6390,7980,-1590
2290,1998,10,6382,8880,-2498
2290,1998,11,6369,9480,-3111
2290,1998,12,6361,8895,-2534
2291,1996,7,700,0,700
2291,1996,8,6563,0,6563
2291,1996,9,6563,0,6563
2291,1996,10,6580,2100,4480
2291,1996,11,6639,6700,-61
2291,1996,12,6642,3415,3227
2291,1997,1,6651,10550,-3899
2291,1997,2,6644,3840,2804
2291,1997,3,6653,4720,1933
2291,1997,4,6662,5140,1522
2291,1997,5,6663,6720,-57
2291,1997,6,6661,12340,-5679
2291,1997,7,6646,3840,2806
2291,1997,8,6650,8940,-2290
2291,1997,9,6640,9300,-2660
2291,1997,10,6632,5040,1592
2291,1997,11,6638,7540,-902
2291,1997,12,6631,9440,-2809
2291,1998,1,6623,6690,-67
2291,1998,2,6623,6240,383
2291,1998,3,6621,8640,-2019
2291,1998,4,6621,3840,2781
2291,1998,5,6633,3840,2793
2291,1998,6,6626,13240,-6614
2291,1998,7,6617,3840,2777
2291,1998,8,6628,3840,2788
2291,1998,9,6638,4800,1838
2291,1998,10,6643,7280,-637
2291,1998,11,6645,3840,2805
2291,1998,12,6640,10955,-4315
2292,1995,6,1100,0,1100
2292,1995,7,16101,0,16101
2292,1995,8,7770,0,7770
2292,1995,9,3500,0,3500
2292,1995,10,3112,3500,-388
2292,1995,11,3115,3962,-847
2292,1995,12,3705,3481,224
2292,1996,1,5201,7591,-2390
2292,1996,2,3601,2011,1590
2292,1996,3,3107,2111,996
2292,1996,4,3110,4011,-901
2292,1996,5,3105,3571,-466
2292,1996,6,5885,8881,-2996
2292,1996,7,3090,5111,-2021
2292,1996,8,3385,2011,1374
2292,1996,9,4192,2011,2181
2292,1996,10,3096,4211,-1115
2292,1996,11,5198,2011,3187
2292,1996,12,4509,2581,1928
2292,1997,1,6212,7141,-929
2292,1997,2,3108,4611,-1503
2292,1997,3,3101,5011,-1910
2292,1997,4,4095,3781,314
2292,1997,5,3300,2011,1289
2292,1997,6,10596,8191,2405
2292,1997,7,3114,2411,703
2292,1997,8,5122,2011,3111
2292,1997,9,3126,4111,-985
2292,1997,10,3113,8311,-5198
2292,1997,11,3103,3481,-378
2292,1997,12,4606,2191,2415
2292,1998,1,3094,10721,-7627
2292,1998,2,3079,2911,168
2292,1998,3,3080,2611,469
2292,1998,4,4587,2011,2576
2292,1998,5,3295,2011,1284
2292,1998,6,5284,9391,-4107
2292,1998,7,3078,3231,-153
2292,1998,8,3078,3301,-223
2292,1998,9,3079,3691,-612
2292,1998,10,4180,2491,1689
2292,1998,11,3070,7281,-4211
2292,1998,12,4672,2326,2346
2293,1993,2,700,0,700
2293,1993,3,6745,0,6745
2293,1993,4,6745,0,6745
2293,1993,5,6745,0,6745
2293,1993,6,6813,500,6313
2293,1993,7,6859,6615,244
2293,1993,8,6856,8047,-1191
2293,1993,9,6866,2347,4519
2293,1993,10,6880,4247,2633
2293,1993,11,6886,5547,1339
2293,1993,12,6887,7097,-210
2293,1994,1,6863,15567,-8704
2293,1994,2,6860,4187,2673
2293,1994,3,6869,4987,1882
2293,1994,4,6879,3347,3532
2293,1994,5,6887,5747,1140
2293,1994,6,6867,14457,-7590
2293,1994,7,6868,3047,3821
2293,1994,8,6878,4647,2231
2293,1994,9,6872,8847,-1975
2293,1994,10,6882,4047,2835
2293,1994,11,6871,10087,-3216
2293,1994,12,6867,8197,-1330
2293,1995,1,6834,19057,-12223
2293,1995,2,6826,3707,3119
2293,1995,3,6843,2347,4496
2293,1995,4,6856,3247,3609
2293,1995,5,6865,5247,1618
2293,1995,6,6840,14897,-8057
2293,1995,7,6831,7147,-316
2293,1995,8,6826,8247,-1421
2293,1995,9,6834,4367,2467
2293,1995,10,6840,9847,-3007
2293,1995,11,6836,10187,-3351
2293,1995,12,6822,10927,-4105
2293,1996,1,6805,4827,1978
2293,1996,2,6817,2347,4470
2293,1996,3,6832,5467,1365
2293,1996,4,6837,4587,2250
2293,1996,5,6836,15107,-8271
2293,1996,6,6812,8927,-2115
2293,1996,7,6803,4427,2376
2293,1996,8,6817,2347,4470
2293,1996,9,6822,7387,-565
2293,1996,10,6833,2347,4486
2293,1996,11,6848,4827,2021
2293,1996,12,6842,18597,-11755
2293,1997,1,6806,4747,2059
2293,1997,2,6819,2347,4472
2293,1997,3,6838,2347,4491
2293,1997,4,6857,2347,4510
2293,1997,5,6875,3227,3648
2293,1997,6,6869,10197,-3328
2293,1997,7,6877,2347,4530
2293,1997,8,6896,2347,4549
2293,1997,9,6914,2347,4567
2293,1997,10,6933,2347,4586
2293,1997,11,6952,2347,4605
2293,1997,12,6898,44647,-37749
2293,1998,1,6810,4267,2543
2293,1998,2,6824,2347,4477
2293,1998,3,6843,3227,3616
2293,1998,4,6858,2347,4511
2293,1998,5,6877,2347,4530
2293,1998,6,6863,14047,-7184
2293,1998,7,6866,2347,4519
2293,1998,8,6878,6107,771
2293,1998,9,6887,2347,4540
2293,1998,10,6902,4667,2235
2293,1998,11,6908,6187,721
2293,1998,12,6915,2832,4083
2294,1996,9,900,0,900
2294,1996,10,20340,0,20340
2294,1996,11,13921,9600,4321
2294,1996,12,20856,12800,8056
2294,1997,1,13969,15900,-1931
2294,1997,2,13986,18041,-4055
2294,1997,3,13970,16041,-2071
2294,1997,4,13960,18741,-4781
2294,1997,5,13939,13481,458
2294,1997,6,20868,21121,-253
2294,1997,7,13944,18981,-5037
2294,1997,8,13915,18141,-4226
2294,1997,9,13907,6601,7306
2294,1997,10,13935,7081,6854
2294,1997,11,13945,25641,-11696
2294,1997,12,20854,5881,14973
2294,1998,1,13940,30081,-16141
2294,1998,2,13914,4441,9473
2294,1998,3,13935,20741,-6806
2294,1998,4,13926,4441,9485
2294,1998,5,13944,25501,-11557
2294,1998,6,20835,18441,2394
2294,1998,7,13908,17741,-3833
2294,1998,8,13898,12741,1157
2294,1998,9,13905,10941,2964
2294,1998,10,13917,11141,2776
2294,1998,11,13919,17041,-3122
2294,1998,12,20859,11466,9393
2295,1996,6,600,0,600
2295,1996,7,56836,18900,37936
2295,1996,8,40349,25600,14749
2295,1996,9,40795,36315,4480
2295,1996,10,72419,77891,-5472
2295,1996,11,101807,112845,-11038
2295,1996,12,16291,15615,676
2295,1997,1,8903,42915,-34012
2295,1997,2,35217,6015,29202
2295,1997,3,35740,16615,19125
2295,1997,4,36406,29215,7191
2295,1997,5,219,20715,-20496
2295,1997,6,39009,14115,24894
2295,1997,7,280,14415,-14135
2295,1997,8,38069,27315,10754
2295,1997,9,237,19015,-18778
2295,1997,10,167,12215,-12048
2295,1997,11,2540,15,2525
2295,1997,12,5840,12615,-6775
2295,1998,1,36301,40315,-4014
2295,1998,2,79966,13452,66514
2295,1998,3,108758,113438,-4680
2295,1998,4,26889,34788,-7899
2295,1998,5,266,29624,-29358
2295,1998,6,47139,95360,-48221
2295,1998,7,34137,8610,25527
2295,1998,8,125105,77198,47907
2295,1998,9,296,29660,-29364
2295,1998,10,86673,88779,-2106
2295,1998,11,86619,30615,56004
2295,1998,12,27511,39700,-12189
2296,1997,11,22706,0,22706
2296,1997,12,33251,700,32551
2296,1998,1,22283,17000,5283
2296,1998,2,22288,22400,-112
2296,1998,3,22275,26746,-4471
2296,1998,4,22247,31886,-9639
2296,1998,5,22236,20446,1790
2296,1998,6,33281,48786,-15505
2296,1998,7,22180,20346,1834
2296,1998,8,22164,28666,-6502
2296,1998,9,22171,16846,5325
2296,1998,10,22180,41446,-19266
2296,1998,11,22141,23446,-1305
2296,1998,12,33188,3531,29657
2297,1995,6,200,0,200
2297,1995,7,14068,0,14068
2297,1995,8,5111,0,5111
2297,1995,9,5132,0,5132
2297,1995,10,4544,3800,744
2297,1995,11,4551,2667,1884
2297,1995,12,6764,13415,-6651
2297,1996,1,9518,14855,-5337
2297,1996,2,5702,6935,-1233
2297,1996,3,8713,2975,5738
2297,1996,4,4523,4075,448
2297,1996,5,4516,9675,-5159
2297,1996,6,6731,4175,2556
2297,1996,7,4517,3175,1342
2297,1996,8,4514,9835,-5321
2297,1996,9,6305,5135,1170
2297,1996,10,5011,2975,2036
2297,1996,11,4510,5375,-865
2297,1996,12,6732,7555,-823
2297,1997,1,4499,6575,-2076
2297,1997,2,4502,2975,1527
2297,1997,3,4505,2975,1530
2297,1997,4,4514,2975,1539
2297,1997,5,4521,2975,1546
2297,1997,6,6727,11595,-4868
2297,1997,7,4507,2975,1532
2297,1997,8,4510,3575,935
2297,1997,9,4517,2975,1542
2297,1997,10,4524,2975,1549
2297,1997,11,4520,8375,-3855
2297,1997,12,6735,7295,-560
2297,1998,1,4502,5375,-873
2297,1998,2,4507,2975,1532
2297,1998,3,4513,5015,-502
2297,1998,4,4512,2975,1537
2297,1998,5,4519,2975,1544
2297,1998,6,6748,2975,3773
2297,1998,7,4537,2975,1562
2297,1998,8,4544,2975,1569
2297,1998,9,4550,2975,1575
2297,1998,10,4561,2975,1586
2297,1998,11,4563,2975,1588
2297,1998,12,6761,16040,-9279
2298,1993,7,22849,0,22849
2298,1993,8,21940,800,21140
2298,1993,9,22005,8900,13105
2298,1993,10,22038,33100,-11062
2298,1993,11,21983,20715,1268
2298,1993,12,32960,30765,2195
2298,1994,1,22016,25465,-3449
2298,1994,2,22023,24165,-2142
2298,1994,3,22042,20865,1177
2298,1994,4,22004,22865,-861
2298,1994,5,22012,20065,1947
2298,1994,6,32912,39765,-6853
2298,1994,7,21989,21065,924
2298,1994,8,21976,22265,-289
2298,1994,9,21988,21765,223
2298,1994,10,21985,22665,-680
2298,1994,11,21971,23165,-1194
2298,1994,12,32891,26965,5926
2298,1995,1,21989,23465,-1476
2298,1995,2,21990,20065,1925
2298,1995,3,21997,22965,-968
2298,1995,4,21998,21665,333
2298,1995,5,21998,22865,-867
2298,1995,6,32907,31765,1142
2298,1995,7,21999,19965,2034
2298,1995,8,22008,17865,4143
2298,1995,9,22017,22765,-748
2298,1995,10,22016,20965,1051
2298,1995,11,22015,23365,-1350
2298,1995,12,32922,28365,4557
2298,1996,1,22012,29765,-7753
2298,1996,2,21999,18565,3434
2298,1996,3,22005,25765,-3760
2298,1996,4,21993,20965,1028
2298,1996,5,21991,21865,126
2298,1996,6,32898,39765,-6867
2298,1996,7,21974,17265,4709
2298,1996,8,21989,18665,3324
2298,1996,9,21988,24565,-2577
2298,1996,10,21987,19965,2022
2298,1996,11,21984,23765,-1781
2298,1996,12,32876,31765,1111
2298,1997,1,21956,33865,-11909
2298,1997,2,21943,17165,4778
2298,1997,3,21959,20165,1794
2298,1997,4,21965,24665,-2700
2298,1997,5,21959,17765,4194
2298,1997,6,32862,30065,2797
2298,1997,7,21961,28465,-6504
2298,1997,8,21979,9965,12014
2298,1997,9,22010,15865,6145
2298,1997,10,22020,22665,-645
2298,1997,11,22013,21465,548
2298,1997,12,32929,27965,4964
2298,1998,1,22000,31665,-9665
2298,1998,2,21972,27665,-5693
2298,1998,3,21981,18565,3416
2298,1998,4,21982,21565,417
2298,1998,5,21984,24265,-2281
2298,1998,6,32890,24565,8325
2298,1998,7,21986,28565,-6579
2298,1998,8,21941,36365,-14424
2298,1998,9,21938,16065,5873
2298,1998,10,21958,17465,4493
2298,1998,11,21984,14965,7019
2298,1998,12,32915,26050,6865
2299,1997,1,1000,0,1000
2299,1997,2,13776,0,13776
2299,1997,3,8127,1400,6727
2299,1997,4,8154,2000,6154
2299,1997,5,8173,6800,1373
2299,1997,6,12178,31415,-19237
2299,1997,7,10414,15,10399
2299,1997,8,8147,4015,4132
2299,1997,9,8164,5015,3149
2299,1997,10,8165,11215,-3050
2299,1997,11,8161,6515,1646
2299,1997,12,12195,14615,-2420
2299,1998,1,8114,29815,-21701
2299,1998,2,8072,4315,3757
2299,1998,3,8089,3715,4374
2299,1998,4,8105,5815,2290
2299,1998,5,8105,9815,-1710
2299,1998,6,12119,18115,-5996
2299,1998,7,8081,6515,1566
2299,1998,8,8084,7215,869
2299,1998,9,8104,9015,-911
2299,1998,10,8101,9515,-1414
2299,1998,11,8083,5015,3068
2299,1998,12,13445,2100,11345
2300,1997,1,500,0,500
2300,1997,2,11500,0,11500
2300,1997,3,4600,0,4600
2300,1997,4,2000,0,2000
2300,1997,5,600,0,600
2300,1997,6,200,0,200
2300,1997,7,200,0,200
2300,1997,8,0,1600,-1600
2300,1997,9,3100,0,3100
2300,1997,10,0,300,-300
2300,1997,11,0,1000,-1000
2300,1997,12,0,2600,-2600
2300,1998,1,0,6700,-6700
2300,1998,5,1100,0,1100
2300,1998,6,0,1700,-1700
2301,1995,10,200,0,200
2301,1995,11,21568,0,21568
2301,1995,12,30788,12300,18488
2301,1996,1,20638,2400,18238
2301,1996,2,20663,14700,5963
2301,1996,3,20654,25922,-5268
2301,1996,4,20627,28322,-7695
2301,1996,5,20625,18022,2603
2301,1996,6,30860,63482,-32622
2301,1996,7,25148,6922,18226
2301,1996,8,20603,8922,11681
2301,1996,9,20628,16622,4006
2301,1996,10,20624,25742,-5118
2301,1996,11,20628,15022,5606
2301,1996,12,30875,19122,11753
2301,1997,1,20643,50822,-30179
2301,1997,2,20574,14522,6052
2301,1997,3,20611,11122,9489
2301,1997,4,20645,12922,7723
2301,1997,5,20660,18522,2138
2301,1997,6,30870,52862,-21992
2301,1997,7,20597,18122,2475
2301,1997,8,20618,15522,5096
2301,1997,9,20637,21422,-785
2301,1997,10,20631,23322,-2691
2301,1997,11,20613,24422,-3809
2301,1997,12,30829,26422,4407
2301,1998,1,20571,32502,-11931
2301,1998,2,20573,15822,4751
2301,1998,3,20590,22822,-2232
2301,1998,4,20582,19722,860
2301,1998,5,20585,18322,2263
2301,1998,6,30786,35242,-4456
2301,1998,7,20572,20522,50
2301,1998,8,20574,17422,3152
2301,1998,9,20582,19322,1260
2301,1998,10,20591,16922,3669
2301,1998,11,20605,15722,4883
2301,1998,12,30863,8807,22056
2302,1993,9,12873,0,12873
2302,1993,10,16136,0,16136
2302,1993,11,12687,2000,10687
2302,1993,12,19002,7800,11202
2302,1994,1,12742,20415,-7673
2302,1994,2,12716,12042,674
2302,1994,3,12706,14942,-2236
2302,1994,4,12705,15342,-2637
2302,1994,5,12708,8342,4366
2302,1994,6,19000,14142,4858
2302,1994,7,12719,17442,-4723
2302,1994,8,12710,13042,-332
2302,1994,9,12709,12842,-133
2302,1994,10,12710,12442,268
2302,1994,11,12722,10142,2580
2302,1994,12,19012,13842,5170
2302,1995,1,12723,17142,-4419
2302,1995,2,12731,10442,2289
2302,1995,3,12736,12142,594
2302,1995,4,12730,13942,-1212
2302,1995,5,12728,13542,-814
2302,1995,6,19018,14942,4076
2302,1995,7,12744,12942,-198
2302,1995,8,12729,23742,-11013
2302,1995,9,12736,11242,1494
2302,1995,10,12731,14942,-2211
2302,1995,11,12723,8342,4381
2302,1995,12,19007,21942,-2935
2302,1996,1,12705,16742,-4037
2302,1996,2,12707,12642,65
2302,1996,3,12707,13042,-335
2302,1996,4,12705,13242,-537
2302,1996,5,12706,10242,2464
2302,1996,6,18977,23842,-4865
2302,1996,7,12691,10042,2649
2302,1996,8,12690,16542,-3852
2302,1996,9,12687,11642,1045
2302,1996,10,12690,12642,48
2302,1996,11,12686,15142,-2456
2302,1996,12,18955,16842,2113
2302,1997,1,12665,18142,-5477
2302,1997,2,12659,14842,-2183
2302,1997,3,12659,9042,3617
2302,1997,4,12666,14942,-2276
2302,1997,5,12661,11042,1619
2302,1997,6,18942,21042,-2100
2302,1997,7,12655,13142,-487
2302,1997,8,12649,13042,-393
2302,1997,9,12647,14342,-1695
2302,1997,10,12642,12642,0
2302,1997,11,12642,12342,300
2302,1997,12,18929,12642,6287
2302,1998,1,12663,13642,-979
2302,1998,2,12656,16242,-3586
2302,1998,3,12646,17242,-4596
2302,1998,4,12630,14542,-1912
2302,1998,5,12628,8842,3786
2302,1998,6,18914,16142,2772
2302,1998,7,12638,14842,-2204
2302,1998,8,12630,17642,-5012
2302,1998,9,12615,12142,473
2302,1998,10,12621,10842,1779
2302,1998,11,12635,7142,5493
2302,1998,12,18926,17627,1299
2303,1996,11,500,0,500
2303,1996,12,29742,4400,25342
2303,1997,1,19927,11300,8627
2303,1997,2,19959,13600,6359
2303,1997,3,19982,16700,3282
2303,1997,4,20003,24887,-4884
2303,1997,5,19992,17207,2785
2303,1997,6,29918,34587,-4669
2303,1997,7,19978,20307,-329
2303,1997,8,19979,17187,2792
2303,1997,9,19984,21707,-1723
2303,1997,10,19983,17407,2576
2303,1997,11,19988,20007,-19
2303,1997,12,29906,27827,2079
2303,1998,1,19934,43267,-23333
2303,1998,2,19901,16747,3154
2303,1998,3,19916,17907,2009
2303,1998,4,19916,21707,-1791
2303,1998,5,19913,19207,706
2303,1998,6,29822,34947,-5125
2303,1998,7,19901,15107,4794
2303,1998,8,19904,22987,-3083
2303,1998,9,19897,19107,790
2303,1998,10,19897,20407,-510
2303,1998,11,19894,20307,-413
2303,1998,12,29845,11892,17953
2304,1996,2,500,0,500
2304,1996,3,13100,0,13100
2304,1996,4,58137,3700,54437
2304,1996,5,7144,27300,-20156
2304,1996,6,199,10300,-10101
2304,1996,7,36071,23700,12371
2304,1996,8,208,14200,-13992
2304,1996,9,208,8300,-8092
2304,1996,10,208,2700,-2492
2304,1996,11,208,700,-492
2304,1996,12,208,3800,-3592
2304,1997,1,208,3500,-3292
2304,1997,2,34230,18215,16015
2304,1997,3,36585,30618,5967
2304,1997,4,31109,42545,-11436
2304,1997,5,21411,5715,15696
2304,1997,6,79349,67103,12246
2304,1997,7,180,26054,-25874
2304,1997,8,99,10841,-10742
2304,1997,9,48171,11419,36752
2304,1997,10,19075,28315,-9240
2304,1997,11,111177,101015,10162
2304,1997,12,158,27815,-27657
2304,1998,1,123,10215,-10092
2304,1998,2,42758,19715,23043
2304,1998,3,51313,61732,-10419
2304,1998,4,14338,19715,-5377
2304,1998,5,31261,27293,3968
2304,1998,6,40377,37915,2462
2304,1998,7,137,15115,-14978
2304,1998,8,44935,15,44920
2304,1998,9,259,34715,-34456
2304,1998,10,32122,34415,-2293
2304,1998,11,49503,44215,5288
2304,1998,12,112,6416,-6304
2305,1993,12,700,0,700
2305,1994,1,12882,0,12882
2305,1994,2,5013,0,5013
2305,1994,3,6437,0,6437
2305,1994,4,3645,4100,-455
2305,1994,5,3646,3215,431
2305,1994,6,6123,13015,-6892
2305,1994,7,3618,3515,103
2305,1994,8,4623,2835,1788
2305,1994,9,5736,2515,3221
2305,1994,10,4347,2115,2232
2305,1994,11,3640,5615,-1975
2305,1994,12,3642,2875,767
2305,1995,1,3637,7495,-3858
2305,1995,2,4537,4295,242
2305,1995,3,3733,2015,1718
2305,1995,4,5144,2515,2629
2305,1995,5,3634,7715,-4081
2305,1995,6,3621,10535,-6914
2305,1995,7,8923,2215,6708
2305,1995,8,3623,4315,-692
2305,1995,9,3725,3695,30
2305,1995,10,3628,3615,13
2305,1995,11,5238,2415,2823
2305,1995,12,3623,7225,-3602
2305,1996,1,3610,10345,-6735
2305,1996,2,3598,3815,-217
2305,1996,3,3596,6125,-2529
2305,1996,4,5887,1915,3972
2305,1996,5,3602,2815,787
2305,1996,6,3599,8595,-4996
2305,1996,7,3584,2805,779
2305,1996,8,3587,2775,812
2305,1996,9,3587,5885,-2298
2305,1996,10,3581,2515,1066
2305,1996,11,3581,5715,-2134
2305,1996,12,3571,8825,-5254
2305,1997,1,3546,9956,-6410
2305,1997,2,3542,2121,1421
2305,1997,3,6543,2835,3708
2305,1997,4,3547,3315,232
2305,1997,5,3547,6420,-2873
2305,1997,6,3542,10535,-6993
2305,1997,7,3542,780,2762
2305,1997,8,3542,3460,82
2305,1997,9,3542,2858,684
2305,1997,10,3542,4557,-1015
2305,1997,11,3542,3464,78
2305,1997,12,3542,8683,-5141
2305,1998,1,3542,4117,-575
2305,1998,2,3542,1813,1729
2305,1998,3,3542,2298,1244
2305,1998,4,3542,780,2762
2305,1998,5,3542,9079,-5537
2305,1998,6,3542,9846,-6304
2305,1998,7,3542,9609,-6067
2305,1998,8,3542,3441,101
2305,1998,9,3542,2435,1107
2305,1998,10,3542,3731,-189
2305,1998,11,3542,2526,1016
2305,1998,12,3542,0,3542
2306,1993,12,400,0,400
2306,1994,1,25787,0,25787
2306,1994,2,13152,200,12952
2306,1994,3,13208,11800,1408
2306,1994,4,13196,9000,4196
2306,1994,5,13177,19280,-6103
2306,1994,6,19663,33080,-13417
2306,1994,7,14643,4780,9863
2306,1994,8,13151,14880,-1729
2306,1994,9,13155,9980,3175
2306,1994,10,13167,10280,2887
2306,1994,11,13166,14580,-1414
2306,1994,12,19676,17180,2496
2306,1995,1,13144,30080,-16936
2306,1995,2,14430,5880,8550
2306,1995,3,13159,6980,6179
2306,1995,4,13174,11680,1494
2306,1995,5,13180,12680,500
2306,1995,6,19656,29380,-9724
2306,1995,7,13146,13180,-34
2306,1995,8,13156,14480,-1324
2306,1995,9,13152,9980,3172
2306,1995,10,13158,14780,-1622
2306,1995,11,13156,12180,976
2306,1995,12,19678,18680,998
2306,1996,1,13128,29980,-16852
2306,1996,2,14103,4780,9323
2306,1996,3,13133,10980,2153
2306,1996,4,13140,13480,-340
2306,1996,5,13133,16580,-3447
2306,1996,6,19643,14080,5563
2306,1996,7,13141,16480,-3339
2306,1996,8,13126,15780,-2654
2306,1996,9,13120,11280,1840
2306,1996,10,13125,13180,-55
2306,1996,11,13129,9880,3249
2306,1996,12,19648,21280,-1632
2306,1997,1,13092,25780,-12688
2306,1997,2,13087,5480,7607
2306,1997,3,13110,12880,230
2306,1997,4,13105,12980,125
2306,1997,5,13109,14980,-1871
2306,1997,6,19596,26480,-6884
2306,1997,7,13078,8580,4498
2306,1997,8,13083,15980,-2897
2306,1997,9,13084,9080,4004
2306,1997,10,13090,13080,10
2306,1997,11,13098,9680,3418
2306,1997,12,19618,17180,2438
2306,1998,1,13089,25780,-12691
2306,1998,2,14081,4780,9301
2306,1998,3,14821,4780,10041
2306,1998,4,13148,9980,3168
2306,1998,5,13157,11580,1577
2306,1998,6,22327,31780,-9453
2306,1998,7,13129,9280,3849
2306,1998,8,13154,5080,8074
2306,1998,9,13180,8280,4900
2306,1998,10,13202,10280,2922
2306,1998,11,13204,11180,2024
2306,1998,12,19717,18065,1652
2307,1995,7,5804,0,5804
2307,1995,8,5213,0,5213
2307,1995,9,5213,0,5213
2307,1995,10,5213,0,5213
2307,1995,11,5216,15,5201
2307,1995,12,5300,4274,1026
2307,1996,1,5284,12074,-6790
2307,1996,2,5277,3474,1803
2307,1996,3,5279,5234,45
2307,1996,4,5285,3474,1811
2307,1996,5,5293,3474,1819
2307,1996,6,5254,16724,-11470
2307,1996,7,5250,4594,656
2307,1996,8,5255,3474,1781
2307,1996,9,5257,5954,-697
2307,1996,10,5260,3474,1786
2307,1996,11,5261,6754,-1493
2307,1996,12,5256,4724,532
2307,1997,1,5255,8674,-3419
2307,1997,2,5248,3474,1774
2307,1997,3,5256,3474,1782
2307,1997,4,5264,3474,1790
2307,1997,5,5262,8754,-3492
2307,1997,6,5249,6624,-1375
2307,1997,7,5251,3474,1777
2307,1997,8,5258,3474,1784
2307,1997,9,5266,3474,1792
2307,1997,10,5273,3474,1799
2307,1997,11,5280,3474,1806
2307,1997,12,5286,3974,1312
2307,1998,1,5273,13794,-8521
2307,1998,2,5257,3474,1783
2307,1998,3,5265,3474,1791
2307,1998,4,5273,3474,1799
2307,1998,5,5268,6914,-1646
2307,1998,6,5261,8474,-3213
2307,1998,7,5255,7154,-1899
2307,1998,8,5252,3474,1778
2307,1998,9,5259,3474,1785
2307,1998,10,5267,3474,1793
2307,1998,11,5274,3474,1800
2307,1998,12,5279,4409,870
2309,1995,12,25821,0,25821
2309,1996,1,16918,1000,15918
2309,1996,2,16961,9300,7661
2309,1996,3,16985,12500,4485
2309,1996,4,16976,24099,-7123
2309,1996,5,16949,32219,-15270
2309,1996,6,25332,27459,-2127
2309,1996,7,16931,18219,-1288
2309,1996,8,16923,16619,304
2309,1996,9,16898,18639,-1741
2309,1996,10,16878,20019,-3141
2309,1996,11,16886,11419,5467
2309,1996,12,25308,21919,3389
2309,1997,1,16880,32099,-15219
2309,1997,2,16874,13719,3155
2309,1997,3,16888,14619,2269
2309,1997,4,18464,19539,-1075
2309,1997,5,16875,14619,2256
2309,1997,6,25287,17619,7668
2309,1997,7,16909,20719,-3810
2309,1997,8,16912,15319,1593
2309,1997,9,16909,22739,-5830
2309,1997,10,16880,14719,2161
2309,1997,11,16885,17519,-634
2309,1997,12,25295,20619,4676
2309,1998,1,16880,31019,-14139
2309,1998,2,16846,13319,3527
2309,1998,3,16866,17779,-913
2309,1998,4,16859,12319,4540
2309,1998,5,16870,17519,-649
2309,1998,6,25274,23119,2155
2309,1998,7,16873,16139,734
2309,1998,8,16886,17319,-433
2309,1998,9,16872,20619,-3747
2309,1998,10,16849,21619,-4770
2309,1998,11,16847,15819,1028
2309,1998,12,25289,8604,16685
2310,1995,7,700,0,700
2310,1995,8,16722,0,16722
2310,1995,9,7975,800,7175
2310,1995,10,8001,3100,4901
2310,1995,11,8015,6400,1615
2310,1995,12,11960,15574,-3614
2310,1996,1,8199,14754,-6555
2310,1996,2,9889,6114,3775
2310,1996,3,9204,5874,3330
2310,1996,4,8006,7974,32
2310,1996,5,8414,5274,3140
2310,1996,6,11979,13274,-1295
2310,1996,7,8008,13034,-5026
2310,1996,8,7995,7174,821
2310,1996,9,7991,10174,-2183
2310,1996,10,7978,11474,-3496
2310,1996,11,7971,9074,-1103
2310,1996,12,12327,9114,3213
2310,1997,1,13288,13074,214
2310,1997,2,15114,5274,9840
2310,1997,3,8027,8214,-187
2310,1997,4,8028,10894,-2866
2310,1997,5,11030,5274,5756
2310,1997,6,13005,5274,7731
2310,1997,7,9582,5274,4308
2310,1997,8,8088,7574,514
2310,1997,9,8093,6574,1519
2310,1997,10,8090,9574,-1484
2310,1997,11,8096,10194,-2098
2310,1997,12,12038,12054,-16
2310,1998,1,8752,19794,-11042
2310,1998,2,16066,5274,10792
2310,1998,3,8978,8994,-16
2310,1998,4,8085,5774,2311
2310,1998,5,8094,5974,2120
2310,1998,6,12059,6374,5685
2310,1998,7,8118,8774,-656
2310,1998,8,8122,6674,1448
2310,1998,9,8432,8874,-442
2310,1998,10,11426,10554,872
2310,1998,11,8129,5574,2555
2310,1998,12,12091,8299,3792
2311,1997,10,1100,0,1100
2311,1997,11,22917,0,22917
2311,1997,12,30244,12500,17744
2311,1998,1,20255,16400,3855
2311,1998,2,20266,18700,1566
2311,1998,3,20278,22813,-2535
2311,1998,4,20269,23313,-3044
2311,1998,5,20250,23013,-2763
2311,1998,6,30254,52013,-21759
2311,1998,7,20175,13713,6462
2311,1998,8,20195,12213,7982
2311,1998,9,20211,21113,-902
2311,1998,10,20199,23413,-3214
2311,1998,11,20190,19913,277
2311,1998,12,30240,26798,3442
2312,1997,9,1100,0,1100
2312,1997,10,5340,0,5340
2312,1997,11,5340,0,5340
2312,1997,12,5340,0,5340
2312,1998,1,5357,6300,-943
2312,1998,2,5412,3407,2005
2312,1998,3,5421,3407,2014
2312,1998,4,5425,7207,-1782
2312,1998,5,5416,8407,-2991
2312,1998,6,5404,8927,-3523
2312,1998,7,5395,3407,1988
2312,1998,8,5397,7507,-2110
2312,1998,9,5394,3407,1987
2312,1998,10,5402,3407,1995
2312,1998,11,5404,7527,-2123
2312,1998,12,5388,8832,-3444
2313,1993,4,1000,0,1000
2313,1993,5,16124,0,16124
2313,1993,6,17472,5800,11672
2313,1993,7,11715,6100,5615
2313,1993,8,11728,10000,1728
2313,1993,9,11713,17797,-6084
2313,1993,10,11709,21397,-9688
2313,1993,11,11680,11097,583
2313,1993,12,17454,19997,-2543
2313,1994,1,11662,10597,1065
2313,1994,2,11676,8497,3179
2313,1994,3,11684,8997,2687
2313,1994,4,11686,16397,-4711
2313,1994,5,11670,11097,573
2313,1994,6,17479,12197,5282
2313,1994,7,11693,12597,-904
2313,1994,8,13010,6797,6213
2313,1994,9,11716,11597,119
2313,1994,10,11714,18197,-6483
2313,1994,11,12909,6797,6112
2313,1994,12,17520,15597,1923
2313,1995,1,11680,25397,-13717
2313,1995,2,15781,12769,3012
2313,1995,3,13701,6797,6904
2313,1995,4,12002,19701,-7699
2313,1995,5,15889,16736,-847
2313,1995,6,18584,11898,6686
2313,1995,7,11682,17997,-6315
2313,1995,8,13494,7497,5997
2313,1995,9,11688,16733,-5045
2313,1995,10,13960,16472,-2512
2313,1995,11,12077,6797,5280
2313,1995,12,17503,14397,3106
2313,1996,1,11688,18797,-7109
2313,1996,2,11681,8497,3184
2313,1996,3,11681,12897,-1216
2313,1996,4,11690,7797,3893
2313,1996,5,11703,11897,-194
2313,1996,6,17506,15897,1609
2313,1996,7,11709,14654,-2945
2313,1996,8,11696,10997,699
2313,1996,9,11700,9697,2003
2313,1996,10,11709,8697,3012
2313,1996,11,12224,6797,5427
2313,1996,12,17626,23897,-6271
2313,1997,1,21273,29897,-8624
2313,1997,2,21896,6797,15099
2313,1997,3,13637,25997,-12360
2313,1997,4,18892,19588,-696
2313,1997,5,15898,6797,9101
2313,1997,6,17532,12397,5135
2313,1997,7,11749,8297,3452
2313,1997,8,14932,19892,-4960
2313,1997,9,14247,19997,-5750
2313,1997,10,14826,6797,8029
2313,1997,11,13056,6797,6259
2313,1997,12,27970,28279,-309
2313,1998,1,25203,45797,-20594
2313,1998,2,19407,6797,12610
2313,1998,3,11745,7097,4648
2313,1998,4,14142,16397,-2255
2313,1998,5,12115,24497,-12382
2313,1998,6,19607,11698,7909
2313,1998,7,13433,9497,3936
2313,1998,8,11727,20897,-9170
2313,1998,9,14925,6797,8128
2313,1998,10,12904,27454,-14550
2313,1998,11,13491,6797,6694
2313,1998,12,17509,11067,6442
2314,1996,9,1100,0,1100
2314,1996,10,17316,0,17316
2314,1996,11,12771,1200,11571
2314,1996,12,19132,11400,7732
2314,1997,1,12803,14800,-1997
2314,1997,2,12830,5015,7815
2314,1997,3,12814,18715,-5901
2314,1997,4,12816,11215,1601
2314,1997,5,12814,13615,-801
2314,1997,6,19157,22815,-3658
2314,1997,7,12817,10015,2802
2314,1997,8,12830,7315,5515
2314,1997,9,12830,13615,-785
2314,1997,10,12831,12515,316
2314,1997,11,12812,19415,-6603
2314,1997,12,19146,33615,-14469
2314,1998,1,12764,18115,-5351
2314,1998,2,12723,15,12708
2314,1998,3,12800,15915,-3115
2314,1998,4,12796,15415,-2619
2314,1998,5,12751,9215,3536
2314,1998,6,19103,17215,1888
2314,1998,7,12773,12315,458
2314,1998,8,12777,8015,4762
2314,1998,9,12797,7215,5582
2314,1998,10,12829,10415,2414
2314,1998,11,12832,6615,6217
2314,1998,12,19189,20500,-1311
2315,1994,2,900,0,900
2315,1994,3,4439,0,4439
2315,1994,4,4439,0,4439
2315,1994,5,4439,0,4439
2315,1994,6,4439,0,4439
2315,1994,7,4502,1688,2814
2315,1994,8,4537,1688,2849
2315,1994,9,4540,4688,-148
2315,1994,10,4548,1688,2860
2315,1994,11,4550,4988,-438
2315,1994,12,4556,2988,1568
2315,1995,1,4552,9208,-4656
2315,1995,2,4536,5528,-992
2315,1995,3,4541,1688,2853
2315,1995,4,4557,1688,2869
2315,1995,5,4563,2388,2175
2315,1995,6,4568,3838,730
2315,1995,7,4568,5368,-800
2315,1995,8,4574,1688,2886
2315,1995,9,4585,1888,2697
2315,1995,10,4577,10388,-5811
2315,1995,11,4577,1688,2889
2315,1995,12,4580,4228,352
2315,1996,1,4562,10888,-6326
2315,1996,2,4564,1688,2876
2315,1996,3,4570,2088,2482
2315,1996,4,4582,1688,2894
2315,1996,5,4591,3368,1223
2315,1996,6,4563,12838,-8275
2315,1996,7,4569,1688,2881
2315,1996,8,4581,1688,2893
2315,1996,9,4593,1688,2905
2315,1996,10,4605,1688,2917
2315,1996,11,4617,1688,2929
2315,1996,12,4620,5068,-448
2315,1997,1,4611,7608,-2997
2315,1997,2,4614,1688,2926
2315,1997,3,4627,1688,2939
2315,1997,4,4638,2388,2250
2315,1997,5,4636,6368,-1732
2315,1997,6,4631,14938,-10307
2315,1997,7,4590,3688,902
2315,1997,8,4596,4168,428
2315,1997,9,4599,1688,2911
2315,1997,10,4605,4808,-203
2315,1997,11,4606,4328,278
2315,1997,12,4610,3448,1162
2315,1998,1,4587,14488,-9901
2315,1998,2,4571,2888,1683
2315,1998,3,4586,1688,2898
2315,1998,4,4585,7368,-2783
2315,1998,5,4586,1688,2898
2315,1998,6,4564,13338,-8774
2315,1998,7,4562,1688,2874
2315,1998,8,4573,1688,2885
2315,1998,9,4581,2788,1793
2315,1998,10,4585,3788,797
2315,1998,11,4588,3488,1100
2315,1998,12,4595,2173,2422
2316,1997,7,600,0,600
2316,1997,8,17319,0,17319
2316,1997,9,6475,0,6475
2316,1997,10,3296,400,2896
2316,1997,11,3303,3200,103
2316,1997,12,3300,7703,-4403
2316,1998,1,4486,6041,-1555
2316,1998,2,4887,2141,2746
2316,1998,3,4998,2141,2857
2316,1998,4,3302,4841,-1539
2316,1998,5,3299,3841,-542
2316,1998,6,5394,7571,-2177
2316,1998,7,3284,4051,-767
2316,1998,8,3292,2141,1151
2316,1998,9,7200,2141,5059
2316,1998,10,3310,2941,369
2316,1998,11,3307,4541,-1234
2316,1998,12,3306,3066,240
2317,1997,8,300,0,300
2317,1997,9,5293,0,5293
2317,1997,10,5293,0,5293
2317,1997,11,5293,0,5293
2317,1997,12,5293,0,5293
2317,1998,1,5358,14456,-9098
2317,1998,2,5356,2696,2660
2317,1998,3,5362,2696,2666
2317,1998,4,5372,3256,2116
2317,1998,5,5388,2696,2692
2317,1998,6,5378,15246,-9868
2317,1998,7,5352,2696,2656
2317,1998,8,5362,5176,186
2317,1998,9,5363,3656,1707
2317,1998,10,5371,2696,2675
2317,1998,11,5387,2696,2691
2317,1998,12,5392,5871,-479
2318,1993,11,23233,0,23233
2318,1993,12,35449,0,35449
2318,1994,1,23228,15800,7428
2318,1994,2,23248,19300,3948
2318,1994,3,23234,30792,-7558
2318,1994,4,23215,26992,-3777
2318,1994,5,23201,26292,-3091
2318,1994,6,34705,30192,4513
2318,1994,7,23201,28192,-4991
2318,1994,8,23193,24092,-899
2318,1994,9,23173,27592,-4419
2318,1994,10,23172,25792,-2620
2318,1994,11,23145,25892,-2747
2318,1994,12,34680,18692,15988
2318,1995,1,23173,44592,-21419
2318,1995,2,23165,11092,12073
2318,1995,3,23191,19192,3999
2318,1995,4,23207,19192,4015
2318,1995,5,23213,22892,321
2318,1995,6,34724,48692,-13968
2318,1995,7,23183,22392,791
2318,1995,8,23193,25592,-2399
2318,1995,9,23180,23092,88
2318,1995,10,23173,21392,1781
2318,1995,11,23183,22192,991
2318,1995,12,34701,30192,4509
2318,1996,1,23188,37292,-14104
2318,1996,2,23153,18292,4861
2318,1996,3,23174,19592,3582
2318,1996,4,23187,19992,3195
2318,1996,5,23197,22192,1005
2318,1996,6,34697,38692,-3995
2318,1996,7,23179,21292,1887
2318,1996,8,23190,21192,1998
2318,1996,9,23192,25292,-2100
2318,1996,10,23181,24492,-1311
2318,1996,11,23176,25392,-2216
2318,1996,12,34680,25592,9088
2318,1997,1,23170,37092,-13922
2318,1997,2,23146,23292,-146
2318,1997,3,23149,21692,1457
2318,1997,4,23148,26192,-3044
2318,1997,5,23129,29192,-6063
2318,1997,6,34592,34892,-300
2318,1997,7,23116,19492,3624
2318,1997,8,23118,26092,-2974
2318,1997,9,23112,21392,1720
2318,1997,10,23117,22292,825
2318,1997,11,23116,24192,-1076
2318,1997,12,34610,32792,1818
2318,1998,1,23095,31492,-8397
2318,1998,2,23083,22792,291
2318,1998,3,23091,20692,2399
2318,1998,4,23107,17092,6015
2318,1998,5,23117,23592,-475
2318,1998,6,34602,35592,-990
2318,1998,7,23106,25192,-2086
2318,1998,8,23088,27892,-4804
2318,1998,9,23066,27492,-4426
2318,1998,10,23094,9192,13902
2318,1998,11,23066,42092,-19026
2318,1998,12,34532,29677,4855
2319,1996,7,1100,0,1100
2319,1996,8,17503,0,17503
2319,1996,9,4978,0,4978
2319,1996,10,2078,0,2078
2319,1996,11,64756,30200,34556
2319,1996,12,250,13800,-13550
2319,1997,1,74881,73600,1281
2319,1997,2,21267,29925,-8658
2319,1997,3,78413,75074,3339
2319,1997,4,67903,56918,10985
2319,1997,5,213,22125,-21912
2319,1997,6,32335,25225,7110
2319,1997,7,154,11825,-11671
2319,1997,8,6959,14625,-7666
2319,1997,9,125775,83125,42650
2319,1997,10,121177,131825,-10648
2319,1997,11,55908,49518,6390
2319,1997,12,27732,53661,-25929
2319,1998,1,12093,20225,-8132
2319,1998,2,6396,9525,-3129
2319,1998,3,2979,9525,-6546
2319,1998,4,57,9525,-9468
2319,1998,5,0,15,-15
2319,1998,6,39,15,24
2319,1998,7,19,15,4
2319,1998,8,23071,11925,11146
2319,1998,9,30103,23025,7078
2319,1998,10,9488,10025,-537
2319,1998,11,16338,17025,-687
2319,1998,12,89854,56506,33348
2321,1993,5,66119,0,66119
2321,1993,6,114760,129615,-14855
2321,1993,7,183,25715,-25532
2321,1993,8,9806,2115,7691
2321,1993,9,22193,8115,14078
2321,1993,10,29516,9615,19901
2321,1993,11,56051,19515,36536
2321,1993,12,165974,200315,-34341
2321,1994,1,161,44815,-44654
2321,1994,2,7756,5147,2609
2321,1994,3,100524,53415,47109
2321,1994,4,182,50810,-50628
2321,1994,5,18823,15015,3808
2321,1994,6,34279,30949,3330
2321,1994,7,31466,4315,27151
2321,1994,8,113264,97792,15472
2321,1994,9,80249,71615,8634
2321,1994,10,201,48833,-48632
2321,1994,11,6085,2315,3770
2321,1994,12,67490,31195,36295
2321,1995,1,94859,60515,34344
2321,1995,2,89858,119260,-29402
2321,1995,3,291,24915,-24624
2321,1995,4,63645,30115,33530
2321,1995,5,99903,94074,5829
2321,1995,6,84693,114099,-29406
2321,1995,7,78199,68315,9884
2321,1995,8,30079,43815,-13736
2321,1995,9,140379,140115,264
2321,1995,10,18455,25315,-6860
2321,1995,11,66587,60615,5972
2321,1995,12,49939,46022,3917
2321,1996,1,87308,97868,-10560
2321,1996,2,38724,28115,10609
2321,1996,3,18955,33510,-14555
2321,1996,4,38664,40187,-1523
2321,1996,5,27365,9815,17550
2321,1996,6,160,30111,-29951
2321,1996,7,144,315,-171
2321,1996,8,3844,15,3829
2321,1996,9,81204,55615,25589
2321,1996,10,41342,42570,-1228
2321,1996,11,245,18212,-17967
2321,1996,12,60928,30515,30413
2321,1997,1,60046,43115,16931
2321,1997,2,378,27215,-26837
2321,1997,3,249,17315,-17066
2321,1997,4,2189,9615,-7426
2321,1997,5,1568,15,1553
2321,1997,6,40736,18215,22521
2321,1997,7,267,5115,-4848
2321,1997,8,235,14915,-14680
2321,1997,9,2286,15,2271
2321,1997,10,29564,11115,18449
2321,1997,11,41414,28915,12499
2321,1997,12,287,20015,-19728
2321,1998,1,20904,44115,-23211
2321,1998,2,8554,3047,5507
2321,1998,3,28549,15,28534
2321,1998,4,35672,56532,-20860
2321,1998,5,58834,49322,9512
2321,1998,6,118406,91115,27291
2321,1998,7,34424,50827,-16403
2321,1998,8,12485,25023,-12538
2321,1998,9,60694,35167,25527
2321,1998,10,202942,168015,34927
2321,1998,11,63186,125939,-62753
2321,1998,12,23231,13200,10031
2322,1995,1,35851,0,35851
2322,1995,2,78495,68915,9580
2322,1995,3,38061,22895,15166
2322,1995,4,22048,27795,-5747
2322,1995,5,137137,134195,2942
2322,1995,6,48961,35995,12966
2322,1995,7,18024,49895,-31871
2322,1995,8,48939,39295,9644
2322,1995,9,13588,34570,-20982
2322,1995,10,54425,31695,22730
2322,1995,11,13324,37098,-23774
2322,1995,12,100248,80795,19453
2322,1996,1,42310,54695,-12385
2322,1996,2,112,11395,-11283
2322,1996,3,44114,29795,14319
2322,1996,4,126,14895,-14769
2322,1996,5,68,8095,-8027
2322,1996,6,33779,23947,9832
2322,1996,7,61516,36125,25391
2322,1996,8,135,24725,-24590
2322,1996,9,38530,8625,29905
2322,1996,10,47608,34225,13383
2322,1996,11,22739,39225,-16486
2322,1996,12,146,27067,-26921
2322,1997,1,12319,12825,-506
2322,1997,2,20085,19825,260
2322,1997,3,29150,8625,20525
2322,1997,4,48698,36725,11973
2322,1997,5,46724,50448,-3724
2322,1997,6,179,19025,-18846
2322,1997,7,47573,31725,15848
2322,1997,8,55103,17425,37678
2322,1997,9,107844,143025,-35181
2322,1997,10,69689,34625,35064
2322,1997,11,100862,95225,5637
2322,1997,12,65381,49425,15956
2322,1998,1,273,77234,-76961
2322,1998,2,8125,8625,-500
2322,1998,3,8014,14871,-6857
2322,1998,4,9797,8625,1172
2322,1998,5,5292,8625,-3333
2322,1998,6,7083,8625,-1542
2322,1998,7,5876,8095,-2219
2322,1998,8,10776,8695,2081
2322,1998,9,62,7995,-7933
2322,1998,10,32,6695,-6663
2322,1998,11,17,2317,-2300
2322,1998,12,15646,2631,13015
2323,1995,5,22753,0,22753
2323,1995,6,35778,0,35778
2323,1995,7,22656,14100,8556
2323,1995,8,22674,20200,2474
2323,1995,9,22674,24015,-1341
2323,1995,10,22644,28561,-5917
2323,1995,11,22632,25361,-2729
2323,1995,12,33857,22161,11696
2323,1996,1,22598,51161,-28563
2323,1996,2,22571,18261,4310
2323,1996,3,22598,17261,5337
2323,1996,4,22611,19961,2650
2323,1996,5,22629,17261,5368
2323,1996,6,33853,30561,3292
2323,1996,7,22644,33061,-10417
2323,1996,8,22664,25661,-2997
2323,1996,9,22629,24661,-2032
2323,1996,10,22623,21161,1462
2323,1996,11,22634,21361,1273
2323,1996,12,33856,29061,4795
2323,1997,1,22616,32361,-9745
2323,1997,2,22618,16061,6557
2323,1997,3,22644,22061,583
2323,1997,4,22642,20561,2081
2323,1997,5,22650,25861,-3211
2323,1997,6,33831,33361,470
2323,1997,7,22637,22661,-24
2323,1997,8,22633,23661,-1028
2323,1997,9,22630,23161,-531
2323,1997,10,22633,17061,5572
2323,1997,11,22648,23261,-613
2323,1997,12,33862,27661,6201
2323,1998,1,22649,37261,-14612
2323,1998,2,22615,16461,6154
2323,1998,3,22636,22661,-25
2323,1998,4,22641,16861,5780
2323,1998,5,22651,28961,-6310
2323,1998,6,33840,28361,5479
2323,1998,7,22652,22061,591
2323,1998,8,22643,27861,-5218
2323,1998,9,22625,25261,-2636
2323,1998,10,22625,17861,4764
2323,1998,11,22628,26761,-4133
2323,1998,12,33864,8646,25218
2324,1997,5,800,0,800
2324,1997,6,21279,3000,18279
2324,1997,7,14264,3500,10764
2324,1997,8,14297,13500,797
2324,1997,9,14298,14800,-502
2324,1997,10,14317,20566,-6249
2324,1997,11,14303,11366,2937
2324,1997,12,21407,23666,-2259
2324,1998,1,14270,22266,-7996
2324,1998,2,14260,15866,-1606
2324,1998,3,14256,10966,3290
2324,1998,4,14260,17866,-3606
2324,1998,5,14249,15066,-817
2324,1998,6,21342,21666,-324
2324,1998,7,14245,13966,279
2324,1998,8,14241,15566,-1325
2324,1998,9,14272,4166,10106
2324,1998,10,14267,20166,-5899
2324,1998,11,14242,19666,-5424
2324,1998,12,21362,5951,15411
2325,1997,2,1100,0,1100
2325,1997,3,17199,700,16499
2325,1997,4,17266,10800,6466
2325,1997,5,17292,12100,5192
2325,1997,6,25908,22200,3708
2325,1997,7,17350,18219,-869
2325,1997,8,17341,17574,-233
2325,1997,9,17337,19774,-2437
2325,1997,10,17331,17294,37
2325,1997,11,17314,21734,-4420
2325,1997,12,25911,22154,3757
2325,1998,1,17284,27814,-10530
2325,1998,2,17288,9674,7614
2325,1998,3,17316,14674,2642
2325,1998,4,17319,14494,2825
2325,1998,5,17330,20274,-2944
2325,1998,6,25924,26274,-350
2325,1998,7,17321,15174,2147
2325,1998,8,17319,21274,-3955
2325,1998,9,17307,17874,-567
2325,1998,10,17299,20974,-3675
2325,1998,11,17282,18254,-972
2325,1998,12,25907,11079,14828
2326,1994,1,200,0,200
2326,1994,2,47253,7900,39353
2326,1994,3,29419,9200,20219
2326,1994,4,135729,96015,39714
2326,1994,5,341,57180,-56839
2326,1994,6,12818,31957,-19139
2326,1994,7,36323,3437,32886
2326,1994,8,19003,15737,3266
2326,1994,9,49860,46337,3523
2326,1994,10,23193,37800,-14607
2326,1994,11,179,15437,-15258
2326,1994,12,56988,36637,20351
2326,1995,1,2631,34637,-32006
2326,1995,2,2789,3437,-648
2326,1995,3,1985,3437,-1452
2326,1995,4,6687,3437,3250
2326,1995,5,12905,7537,5368
2326,1995,6,4187,10714,-6527
2326,1995,7,3390,3437,-47
2326,1995,8,1285,3437,-2152
2326,1995,9,1677,3437,-1760
2326,1995,10,4776,3437,1339
2326,1995,11,4581,3437,1144
2326,1995,12,4185,3437,748
2326,1996,1,8678,8537,141
2326,1996,2,7863,3937,3926
2326,1996,3,24924,16537,8387
2326,1996,4,128,4137,-4009
2326,1996,5,8622,13237,-4615
2326,1996,6,695,3437,-2742
2326,1996,7,71201,14537,56664
2326,1996,8,256,25237,-24981
2326,1996,9,177,15637,-15460
2326,1996,10,99100,34037,65063
2326,1996,11,91698,132745,-41047
2326,1996,12,33318,23837,9481
2326,1997,1,33545,76927,-43382
2326,1997,2,50398,7937,42461
2326,1997,3,192,42646,-42454
2326,1997,4,6727,3437,3290
2326,1997,5,1323,3437,-2114
2326,1997,6,1113,3437,-2324
2326,1997,7,16800,3437,13363
2326,1997,8,48947,15599,33348
2326,1997,9,21177,46883,-25706
2326,1997,10,3815,26793,-22978
2326,1997,11,13203,3437,9766
2326,1997,12,1735,5237,-3502
2326,1998,1,6898,15137,-8239
2326,1998,2,10814,4937,5877
2326,1998,3,9840,3437,6403
2326,1998,4,10866,5537,5329
2326,1998,5,7132,23921,-16789
2326,1998,6,12027,3437,8590
2326,1998,7,13768,3437,10331
2326,1998,8,20172,15687,4485
2326,1998,9,19713,24080,-4367
2326,1998,10,20660,12437,8223
2326,1998,11,23364,22026,1338
2326,1998,12,189,11522,-11333
2327,1993,6,600,0,600
2327,1993,7,20983,0,20983
2327,1993,8,15830,8000,7830
2327,1993,9,15881,2300,13581
2327,1993,10,15920,7600,8320
2327,1993,11,15905,24823,-8918
2327,1993,12,23732,35908,-12176
2327,1994,1,18706,31523,-12817
2327,1994,2,19314,13223,6091
2327,1994,3,15822,14823,999
2327,1994,4,17136,13223,3913
2327,1994,5,15847,13423,2424
2327,1994,6,23729,16523,7206
2327,1994,7,15871,18423,-2552
2327,1994,8,15831,31523,-15692
2327,1994,9,20829,13223,7606
2327,1994,10,15842,14323,1519
2327,1994,11,15841,15123,718
2327,1994,12,23705,24123,-418
2327,1995,1,19814,24323,-4509
2327,1995,2,15823,15423,400
2327,1995,3,18113,19723,-1610
2327,1995,4,21567,31972,-10405
2327,1995,5,16576,13223,3353
2327,1995,6,23666,18023,5643
2327,1995,7,15811,17223,-1412
2327,1995,8,15806,14823,983
2327,1995,9,15808,17223,-1415
2327,1995,10,16900,15900,1000
2327,1995,11,15801,16623,-822
2327,1995,12,23680,18423,5257
2327,1996,1,15805,24023,-8218
2327,1996,2,15788,17723,-1935
2327,1996,3,15783,15323,460
2327,1996,4,15785,14323,1462
2327,1996,5,15791,14723,1068
2327,1996,6,23660,23423,237
2327,1996,7,15790,18923,-3133
2327,1996,8,15778,17923,-2145
2327,1996,9,17679,13223,4456
2327,1996,10,15775,21340,-5565
2327,1996,11,15771,13223,2548
2327,1996,12,23651,19123,4528
2327,1997,1,15792,17923,-2131
2327,1997,2,15782,18423,-2641
2327,1997,3,15779,14123,1656
2327,1997,4,15784,15223,561
2327,1997,5,15787,14623,1164
2327,1997,6,23661,19423,4238
2327,1997,7,15803,17823,-2020
2327,1997,8,16785,21623,-4838
2327,1997,9,15775,16723,-948
2327,1997,10,15779,13223,2556
2327,1997,11,15790,13223,2567
2327,1997,12,23678,16223,7455
2327,1998,1,15822,29723,-13901
2327,1998,2,15773,13223,2550
2327,1998,3,15784,13223,2561
2327,1998,4,15794,13223,2571
2327,1998,5,15805,13223,2582
2327,1998,6,23695,13223,10472
2327,1998,7,15859,13223,2636
2327,1998,8,15870,13223,2647
2327,1998,9,15791,44923,-29132
2327,1998,10,15760,13223,2537
2327,1998,11,15770,13223,2547
2327,1998,12,23660,13208,10452
2328,1995,6,1000,0,1000
2328,1995,7,6765,0,6765
2328,1995,8,6765,0,6765
2328,1995,9,6765,0,6765
2328,1995,10,6765,0,6765
2328,1995,11,6770,15,6755
2328,1995,12,6916,3981,2935
2328,1996,1,6907,13981,-7074
2328,1996,2,6895,4581,2314
2328,1996,3,6905,4901,2004
2328,1996,4,6923,1861,5062
2328,1996,5,6936,4161,2775
2328,1996,6,6905,19231,-12326
2328,1996,7,6905,1861,5044
2328,1996,8,6924,1961,4963
2328,1996,9,6941,2861,4080
2328,1996,10,6959,3701,3258
2328,1996,11,6969,3961,3008
2328,1996,12,6977,4961,2016
2328,1997,1,6971,10061,-3090
2328,1997,2,6971,5821,1150
2328,1997,3,6977,5081,1896
2328,1997,4,6995,2061,4934
2328,1997,5,6996,8361,-1365
2328,1997,6,6989,11261,-4272
2328,1997,7,6992,2361,4631
2328,1997,8,7014,1861,5153
2328,1997,9,7026,4901,2125
2328,1997,10,7031,6041,990
2328,1997,11,7047,5661,1386
2328,1997,12,7043,9761,-2718
2328,1998,1,7028,10161,-3133
2328,1998,2,7016,5381,1635
2328,1998,3,7034,8461,-1427
2328,1998,4,7028,6161,867
2328,1998,5,7030,5561,1469
2328,1998,6,7033,11161,-4128
2328,1998,7,7019,7161,-142
2328,1998,8,7009,7961,-952
2328,1998,9,7006,6761,245
2328,1998,10,7016,5761,1255
2328,1998,11,7021,5061,1960
2328,1998,12,7026,3246,3780
2329,1996,8,500,0,500
2329,1996,9,12747,0,12747
2329,1996,10,7879,0,7879
2329,1996,11,6698,3900,2798
2329,1996,12,10028,2400,7628
2329,1997,1,6691,25915,-19224
2329,1997,2,7362,6215,1147
2329,1997,3,6665,4415,2250
2329,1997,4,6679,7215,-536
2329,1997,5,6670,5215,1455
2329,1997,6,9973,11115,-1142
2329,1997,7,6688,4415,2273
2329,1997,8,6677,8715,-2038
2329,1997,9,6666,7515,-849
2329,1997,10,6671,4415,2256
2329,1997,11,6680,4415,2265
2329,1997,12,10000,5115,4885
2329,1998,1,6681,14315,-7634
2329,1998,2,6693,4415,2278
2329,1998,3,6703,4415,2288
2329,1998,4,6712,4415,2297
2329,1998,5,6722,4415,2307
2329,1998,6,10025,7115,2910
2329,1998,7,6728,5315,1413
2329,1998,8,6732,5815,917
2329,1998,9,6738,4415,2323
2329,1998,10,6752,7115,-363
2329,1998,11,6743,8315,-1572
2329,1998,12,10051,5600,4451
2330,1993,1,200,0,200
2330,1993,2,3395,0,3395
2330,1993,3,3395,0,3395
2330,1993,4,3395,0,3395
2330,1993,5,3395,0,3395
2330,1993,6,3439,5038,-1599
2330,1993,7,3451,2278,1173
2330,1993,8,3456,2278,1178
2330,1993,9,3460,3208,252
2330,1993,10,3462,2278,1184
2330,1993,11,3467,2278,1189
2330,1993,12,3471,2938,533
2330,1994,1,3465,6658,-3193
2330,1994,2,3460,2278,1182
2330,1994,3,3462,3298,164
2330,1994,4,3462,3988,-526
2330,1994,5,3464,2278,1186
2330,1994,6,3468,6088,-2620
2330,1994,7,3458,2278,1180
2330,1994,8,3458,3718,-260
2330,1994,9,3462,2278,1184
2330,1994,10,3467,2278,1189
2330,1994,11,3471,2278,1193
2330,1994,12,3476,2278,1198
2330,1995,1,3475,5008,-1533
2330,1995,2,3475,2278,1197
2330,1995,3,3480,2278,1202
2330,1995,4,3485,2278,1207
2330,1995,5,3489,2608,881
2330,1995,6,3488,11608,-8120
2330,1995,7,3460,2278,1182
2330,1995,8,3465,2278,1187
2330,1995,9,3470,2278,1192
2330,1995,10,3474,2278,1196
2330,1995,11,3479,2278,1201
2330,1995,12,3484,2278,1206
2330,1996,1,3479,6928,-3449
2330,1996,2,3475,2278,1197
2330,1996,3,3480,2278,1202
2330,1996,4,3485,2278,1207
2330,1996,5,3487,3748,-261
2330,1996,6,3465,10108,-6643
2330,1996,7,3460,2698,762
2330,1996,8,3464,2278,1186
2330,1996,9,3469,2278,1191
2330,1996,10,3474,2278,1196
2330,1996,11,3479,2278,1201
2330,1996,12,3484,2278,1206
2330,1997,1,3483,5068,-1585
2330,1997,2,3483,2278,1205
2330,1997,3,3486,3298,188
2330,1997,4,3488,2278,1210
2330,1997,5,3493,2278,1215
2330,1997,6,3495,9358,-5863
2330,1997,7,3471,3628,-157
2330,1997,8,3470,3478,-8
2330,1997,9,3472,3448,24
2330,1997,10,3473,2278,1195
2330,1997,11,3476,3028,448
2330,1997,12,3479,2278,1201
2330,1998,1,3480,5128,-1648
2330,1998,2,3478,2278,1200
2330,1998,3,3481,2908,573
2330,1998,4,3485,2278,1207
2330,1998,5,3490,2488,1002
2330,1998,6,3473,9868,-6395
2330,1998,7,3467,2278,1189
2330,1998,8,3472,2278,1194
2330,1998,9,3477,2278,1199
2330,1998,10,3481,2518,963
2330,1998,11,3486,2278,1208
2330,1998,12,3487,3373,114
2331,1995,4,300,0,300
2331,1995,5,3113,0,3113
2331,1995,6,3113,0,3113
2331,1995,7,3113,0,3113
2331,1995,8,3113,0,3113
2331,1995,9,3151,3050,101
2331,1995,10,3170,2090,1080
2331,1995,11,3174,2690,484
2331,1995,12,3176,2390,786
2331,1996,1,3178,3770,-592
2331,1996,2,3177,3050,127
2331,1996,3,3176,2840,336
2331,1996,4,3177,3350,-173
2331,1996,5,3176,3020,156
2331,1996,6,3174,5570,-2396
2331,1996,7,3169,2090,1079
2331,1996,8,3173,2090,1083
2331,1996,9,3178,2450,728
2331,1996,10,3181,2090,1091
2331,1996,11,3185,2090,1095
2331,1996,12,3190,2240,950
2331,1997,1,3187,4700,-1513
2331,1997,2,3188,2090,1098
2331,1997,3,3192,2090,1102
2331,1997,4,3194,3140,54
2331,1997,5,3197,2090,1107
2331,1997,6,3186,7370,-4184
2331,1997,7,3184,2090,1094
2331,1997,8,3189,2270,919
2331,1997,9,3192,2090,1102
2331,1997,10,3196,2630,566
2331,1997,11,3199,2090,1109
2331,1997,12,3203,2720,483
2331,1998,1,3205,3170,35
2331,1998,2,3201,3890,-689
2331,1998,3,3203,2090,1113
2331,1998,4,3208,2090,1118
2331,1998,5,3201,6390,-3189
2331,1998,6,3188,8150,-4962
2331,1998,7,3178,2090,1088
2331,1998,8,3183,2090,1093
2331,1998,9,3168,8990,-5822
2331,1998,10,3163,2090,1073
2331,1998,11,3167,2090,1077
2331,1998,12,3171,2885,286
2332,1996,9,1100,0,1100
2332,1996,10,18219,0,18219
2332,1996,11,8388,100,8288
2332,1996,12,12571,5000,7571
2332,1997,1,8441,10400,-1959
2332,1997,2,8436,12534,-4098
2332,1997,3,8418,12334,-3916
2332,1997,4,8411,5934,2477
2332,1997,5,9926,3934,5992
2332,1997,6,12589,28534,-15945
2332,1997,7,17897,3934,13963
2332,1997,8,12644,7034,5610
2332,1997,9,9566,3934,5632
2332,1997,10,10992,5034,5958
2332,1997,11,8499,14934,-6435
2332,1997,12,12648,6334,6314
2332,1998,1,8510,4934,3576
2332,1998,2,14228,8234,5994
2332,1998,3,8541,9234,-693
2332,1998,4,9450,3934,5516
2332,1998,5,8568,7234,1334
2332,1998,6,19823,15534,4289
2332,1998,7,8592,5034,3558
2332,1998,8,8601,9034,-433
2332,1998,9,8590,11434,-2844
2332,1998,10,8592,9134,-542
2332,1998,11,8589,6134,2455
2332,1998,12,12733,17019,-4286
2333,1994,10,3006,0,3006
2333,1994,11,29386,15,29371
2333,1994,12,2725,8315,-5590
2333,1995,1,1388,10465,-9077
2333,1995,2,6285,15,6270
2333,1995,3,1498,1865,-367
2333,1995,4,1901,565,1336
2333,1995,5,43918,20515,23403
2333,1995,6,1435,21715,-20280
2333,1995,7,21742,15,21727
2333,1995,8,1484,10715,-9231
2333,1995,9,1458,6315,-4857
2333,1995,10,1440,5415,-3975
2333,1995,11,1430,3415,-1985
2333,1995,12,3029,2015,1014
2333,1996,1,9822,13665,-3843
2333,1996,2,1412,15,1397
2333,1996,3,5723,2415,3308
2333,1996,4,1432,1215,217
2333,1996,5,5120,6265,-1145
2333,1996,6,9701,14515,-4814
2333,1996,7,5710,15,5695
2333,1996,8,4033,1365,2668
2333,1996,9,2143,15,2128
2333,1996,10,1451,1515,-64
2333,1996,11,1449,3715,-2266
2333,1996,12,73337,20865,52472
2333,1997,1,1617,33365,-31748
2333,1997,2,1520,12115,-10595
2333,1997,3,1478,8515,-7037
2333,1997,4,38283,18015,20268
2333,1997,5,1530,9715,-8185
2333,1997,6,25586,42815,-17229
2333,1997,7,6139,15,6124
2333,1997,8,1456,2365,-909
2333,1997,9,1450,4315,-2865
2333,1997,10,1443,615,828
2333,1997,11,1441,4115,-2674
2333,1997,12,1422,9565,-8143
2333,1998,1,6682,10115,-3433
2333,1998,2,27081,11015,16066
2333,1998,3,2746,7515,-4769
2333,1998,4,2727,6315,-3588
2333,1998,5,2703,12565,-9862
2333,1998,6,2673,5015,-2342
2333,1998,7,1366,15,1351
2333,1998,8,1372,515,857
2333,1998,9,1373,2415,-1042
2333,1998,10,50589,24415,26174
2333,1998,11,1461,10515,-9054
2333,1998,12,1423,11600,-10177
2334,1996,3,600,0,600
2334,1996,4,20316,0,20316
2334,1996,5,12184,2200,9984
2334,1996,6,18255,13400,4855
2334,1996,7,12230,10500,1730
2334,1996,8,12226,17522,-5296
2334,1996,9,14716,13422,1294
2334,1996,10,14416,15322,-906
2334,1996,11,14418,14522,-104
2334,1996,12,24243,26022,-1779
2334,1997,1,15483,24822,-9339
2334,1997,2,23864,23322,542
2334,1997,3,20588,13122,7466
2334,1997,4,22290,25022,-2732
2334,1997,5,24887,21222,3665
2334,1997,6,23177,12522,10655
2334,1997,7,12951,12722,229
2334,1997,8,16332,22331,-5999
2334,1997,9,12222,13335,-1113
2334,1997,10,14805,19335,-4530
2334,1997,11,21711,21307,404
2334,1997,12,20144,20535,-391
2334,1998,1,28384,38535,-10151
2334,1998,2,21694,22335,-641
2334,1998,3,23290,12735,10555
2334,1998,4,14105,12735,1370
2334,1998,5,12807,12735,72
2334,1998,6,18252,16655,1597
2334,1998,7,15122,17955,-2833
2334,1998,8,12195,14735,-2540
2334,1998,9,20704,17535,3169
2334,1998,10,19008,21189,-2181
2334,1998,11,21419,15046,6373
2334,1998,12,25703,14220,11483
2335,1996,4,15180,0,15180
2335,1996,5,19532,0,19532
2335,1996,6,21354,7500,13854
2335,1996,7,14402,12600,1802
2335,1996,8,14366,26620,-12254
2335,1996,9,14187,33781,-19594
2335,1996,10,14150,15381,-1231
2335,1996,11,14141,19661,-5520
2335,1996,12,21137,19981,1156
2335,1997,1,14120,18821,-4701
2335,1997,2,14079,14481,-402
2335,1997,3,14079,14481,-402
2335,1997,4,16728,17581,-853
2335,1997,5,14054,18181,-4127
2335,1997,6,21026,19819,1207
2335,1997,7,14036,17483,-3447
2335,1997,8,13992,17465,-3473
2335,1997,9,13992,17032,-3040
2335,1997,10,14000,13161,839
2335,1997,11,13996,11376,2620
2335,1997,12,21000,16987,4013
2335,1998,1,13999,14318,-319
2335,1998,2,13999,15529,-1530
2335,1998,3,13997,13334,663
2335,1998,4,13997,15333,-1336
2335,1998,5,13997,14341,-344
2335,1998,6,21009,19621,1388
2335,1998,7,13997,14345,-348
2335,1998,8,13997,14357,-360
2335,1998,9,13997,14356,-359
2335,1998,10,13997,14357,-360
2335,1998,11,13997,14374,-377
2335,1998,12,21004,21728,-724
2336,1993,7,6293,0,6293
2336,1993,8,15543,0,15543
2336,1993,9,8790,0,8790
2336,1993,10,5308,3900,1408
2336,1993,11,5319,1915,3404
2336,1993,12,7897,12673,-4776
2336,1994,1,5263,19073,-13810
2336,1994,2,8962,3073,5889
2336,1994,3,7476,7273,203
2336,1994,4,5261,11073,-5812
2336,1994,5,11856,9573,2283
2336,1994,6,8936,13473,-4537
2336,1994,7,10660,3073,7587
2336,1994,8,7079,7673,-594
2336,1994,9,5266,4473,793
2336,1994,10,7582,7073,509
2336,1994,11,5275,6773,-1498
2336,1994,12,7867,6673,1194
2336,1995,1,9662,12873,-3211
2336,1995,2,6764,3573,3191
2336,1995,3,5277,3473,1804
2336,1995,4,5272,7573,-2301
2336,1995,5,5273,5773,-500
2336,1995,6,9853,10773,-920
2336,1995,7,5268,5073,195
2336,1995,8,5262,8973,-3711
2336,1995,9,6355,3073,3282
2336,1995,10,5266,7373,-2107
2336,1995,11,5255,7773,-2518
2336,1995,12,8741,4973,3768
2336,1996,1,7047,13673,-6626
2336,1996,2,6338,3073,3265
2336,1996,3,5246,7273,-2027
2336,1996,4,5239,4573,666
2336,1996,5,5245,3073,2172
2336,1996,6,7841,9073,-1232
2336,1996,7,5246,4973,273
2336,1996,8,5247,7173,-1926
2336,1996,9,5238,5473,-235
2336,1996,10,5236,5973,-737
2336,1996,11,7441,3073,4368
2336,1996,12,7843,10173,-2330
2336,1997,1,7938,9273,-1335
2336,1997,2,7540,7973,-433
2336,1997,3,5539,3073,2466
2336,1997,4,5239,5873,-634
2336,1997,5,5243,4573,670
2336,1997,6,8345,3073,5272
2336,1997,7,5261,7673,-2412
2336,1997,8,5247,9073,-3826
2336,1997,9,5244,3073,2171
2336,1997,10,5235,10973,-5738
2336,1997,11,5229,3073,2156
2336,1997,12,7827,6073,1754
2336,1998,1,6236,7173,-937
2336,1998,2,8044,4673,3371
2336,1998,3,8764,3073,5691
2336,1998,4,5279,3773,1506
2336,1998,5,5782,5073,709
2336,1998,6,9962,10573,-611
2336,1998,7,6588,6073,515
2336,1998,8,7092,3073,4019
2336,1998,9,6506,3073,3433
2336,1998,10,7119,7073,46
2336,1998,11,5316,3273,2043
2336,1998,12,7913,4958,2955
2337,1997,7,400,0,400
2337,1997,8,22619,0,22619
2337,1997,9,22916,0,22916
2337,1997,10,21866,12200,9666
2337,1997,11,21905,12700,9205
2337,1997,12,32765,27285,5480
2337,1998,1,21870,45025,-23155
2337,1998,2,21870,13905,7965
2337,1998,3,21881,19305,2576
2337,1998,4,21892,20565,1327
2337,1998,5,21887,22205,-318
2337,1998,6,32639,61585,-28946
2337,1998,7,21813,9305,12508
2337,1998,8,21853,28605,-6752
2337,1998,9,21845,25505,-3660
2337,1998,10,21828,22525,-697
2337,1998,11,21828,24505,-2677
2337,1998,12,32684,5650,27034
2338,1997,8,300,0,300
2338,1997,9,33194,0,33194
2338,1997,10,139,4400,-4261
2338,1997,11,139,2000,-1861
2338,1997,12,139,1600,-1461
2338,1998,1,739,0,739
2338,1998,2,139,3200,-3061
2338,1998,3,94885,20100,74785
2338,1998,4,22795,29215,-6420
2338,1998,5,37159,45515,-8356
2338,1998,6,76804,62515,14289
2338,1998,7,22397,62342,-39945
2338,1998,8,121045,97621,23424
2338,1998,9,63192,65015,-1823
2338,1998,10,109931,117869,-7938
2338,1998,11,30439,15815,14624
2338,1998,12,12274,43964,-31690
2339,1996,9,500,0,500
2339,1996,10,5893,0,5893
2339,1996,11,5893,0,5893
2339,1996,12,5893,0,5893
2339,1997,1,5924,4600,1324
2339,1997,2,5977,5708,269
2339,1997,3,5974,7748,-1774
2339,1997,4,5968,7868,-1900
2339,1997,5,5962,6408,-446
2339,1997,6,5951,10148,-4197
2339,1997,7,5944,5408,536
2339,1997,8,5948,3908,2040
2339,1997,9,5957,3908,2049
2339,1997,10,5963,4848,1115
2339,1997,11,5966,5708,258
2339,1997,12,5955,11098,-5143
2339,1998,1,5946,5488,458
2339,1998,2,5950,5268,682
2339,1998,3,5954,3908,2046
2339,1998,4,5963,3908,2055
2339,1998,5,5967,5908,59
2339,1998,6,5972,3908,2064
2339,1998,7,5969,8608,-2639
2339,1998,8,5969,3908,2061
2339,1998,9,5974,5308,666
2339,1998,10,5980,5728,252
2339,1998,11,5979,5108,871
2339,1998,12,5976,7423,-1447
2340,1997,6,1100,0,1100
2340,1997,7,19151,0,19151
2340,1997,8,8616,3100,5516
2340,1997,9,8633,7300,1333
2340,1997,10,8638,7500,1138
2340,1997,11,8657,7015,1642
2340,1997,12,12929,8315,4614
2340,1998,1,8648,24715,-16067
2340,1998,2,9518,15,9503
2340,1998,3,8650,2815,5835
2340,1998,4,8665,9915,-1250
2340,1998,5,8656,11515,-2859
2340,1998,6,12906,14815,-1909
2340,1998,7,8649,4015,4634
2340,1998,8,8663,7715,948
2340,1998,9,8664,8215,449
2340,1998,10,8668,7015,1653
2340,1998,11,8670,10715,-2045
2340,1998,12,12957,2900,10057
2341,1995,11,200,0,200
2341,1995,12,3071,0,3071
2341,1996,1,3071,0,3071
2341,1996,2,3071,0,3071
2341,1996,3,3071,0,3071
2341,1996,4,3073,15,3058
2341,1996,5,3138,2062,1076
2341,1996,6,3143,2062,1081
2341,1996,7,3146,3352,-206
2341,1996,8,3142,3702,-560
2341,1996,9,3144,2062,1082
2341,1996,10,3141,4952,-1811
2341,1996,11,3136,3202,-66
2341,1996,12,3139,2212,927
2341,1997,1,3136,5242,-2106
2341,1997,2,3132,3942,-810
2341,1997,3,3132,2062,1070
2341,1997,4,3137,2062,1075
2341,1997,5,3134,4832,-1698
2341,1997,6,3134,2902,232
2341,1997,7,3132,3362,-230
2341,1997,8,3132,3322,-190
2341,1997,9,3133,2062,1071
2341,1997,10,3133,3052,81
2341,1997,11,3135,3162,-27
2341,1997,12,3135,2542,593
2341,1998,1,3133,4972,-1839
2341,1998,2,3133,2062,1071
2341,1998,3,3137,2062,1075
2341,1998,4,3140,3862,-722
2341,1998,5,3139,2062,1077
2341,1998,6,3143,2062,1081
2341,1998,7,3148,2062,1086
2341,1998,8,3152,2062,1090
2341,1998,9,3156,2062,1094
2341,1998,10,3154,3742,-588
2341,1998,11,3156,3172,-16
2341,1998,12,3155,3247,-92
2342,1993,2,400,0,400
2342,1993,3,3247,0,3247
2342,1993,4,3247,0,3247
2342,1993,5,3247,0,3247
2342,1993,6,3247,0,3247
2342,1993,7,3286,2179,1107
2342,1993,8,3310,2179,1131
2342,1993,9,3315,2179,1136
2342,1993,10,3318,2989,329
2342,1993,11,3322,2359,963
2342,1993,12,3327,2419,908
2342,1994,1,3320,9139,-5819
2342,1994,2,3304,2869,435
2342,1994,3,3307,2179,1128
2342,1994,4,3311,2179,1132
2342,1994,5,3316,2179,1137
2342,1994,6,3320,3469,-149
2342,1994,7,3320,2179,1141
2342,1994,8,3324,3019,305
2342,1994,9,3326,2179,1147
2342,1994,10,3331,2179,1152
2342,1994,11,3336,2179,1157
2342,1994,12,3342,3379,-37
2342,1995,1,3330,7199,-3869
2342,1995,2,3324,2179,1145
2342,1995,3,3328,2809,519
2342,1995,4,3331,2179,1152
2342,1995,5,3336,2179,1157
2342,1995,6,3330,6649,-3319
2342,1995,7,3327,2179,1148
2342,1995,8,3331,2179,1152
2342,1995,9,3336,2179,1157
2342,1995,10,3341,2179,1162
2342,1995,11,3344,2869,475
2342,1995,12,3349,3319,30
2342,1996,1,3341,6019,-2678
2342,1996,2,3337,2179,1158
2342,1996,3,3342,2869,473
2342,1996,4,3343,3199,144
2342,1996,5,3347,3229,118
2342,1996,6,3343,3469,-126
2342,1996,7,3342,3169,173
2342,1996,8,3343,4459,-1116
2342,1996,9,3340,2179,1161
2342,1996,10,3345,2179,1166
2342,1996,11,3349,2179,1170
2342,1996,12,3353,2689,664
2342,1997,1,3353,6379,-3026
2342,1997,2,3344,2179,1165
2342,1997,3,3349,2179,1170
2342,1997,4,3354,2179,1175
2342,1997,5,3361,2599,762
2342,1997,6,3352,6949,-3597
2342,1997,7,3345,4009,-664
2342,1997,8,3343,3139,204
2342,1997,9,3345,2179,1166
2342,1997,10,3349,2179,1170
2342,1997,11,3354,2179,1175
2342,1997,12,3357,3679,-322
2342,1998,1,3350,6109,-2759
2342,1998,2,3347,2719,628
2342,1998,3,3349,2179,1170
2342,1998,4,3352,3199,153
2342,1998,5,3354,2179,1175
2342,1998,6,3343,7519,-4176
2342,1998,7,3341,2179,1162
2342,1998,8,3346,2179,1167
2342,1998,9,3350,2899,451
2342,1998,10,3353,2179,1174
2342,1998,11,3357,2179,1178
2342,1998,12,3362,2374,988
2343,1994,12,300,0,300
2343,1995,1,17903,0,17903
2343,1995,2,11357,1300,10057
2343,1995,3,11377,6800,4577
2343,1995,4,11388,8900,2488
2343,1995,5,11354,29258,-17904
2343,1995,6,16963,9938,7025
2343,1995,7,11346,13538,-2192
2343,1995,8,13651,9638,4013
2343,1995,9,11357,10438,919
2343,1995,10,11474,7838,3636
2343,1995,11,11376,11377,-1
2343,1995,12,17011,17077,-66
2343,1996,1,14567,24477,-9910
2343,1996,2,20265,12837,7428
2343,1996,3,13180,8877,4303
2343,1996,4,11386,13757,-2371
2343,1996,5,13286,9837,3449
2343,1996,6,17035,9477,7558
2343,1996,7,12029,11977,52
2343,1996,8,11424,11977,-553
2343,1996,9,13022,12597,425
2343,1996,10,12227,8877,3350
2343,1996,11,11437,11077,360
2343,1996,12,17070,17437,-367
2343,1997,1,17401,24557,-7156
2343,1997,2,12808,8877,3931
2343,1997,3,11421,14177,-2756
2343,1997,4,12112,8877,3235
2343,1997,5,11424,10477,947
2343,1997,6,17067,11177,5890
2343,1997,7,13347,12117,1230
2343,1997,8,11447,14917,-3470
2343,1997,9,14826,17037,-2211
2343,1997,10,11429,14577,-3148
2343,1997,11,11430,7438,3992
2343,1997,12,17064,17718,-654
2343,1998,1,11414,19378,-7964
2343,1998,2,13097,10578,2519
2343,1998,3,11409,11938,-529
2343,1998,4,11409,11838,-429
2343,1998,5,11904,12138,-234
2343,1998,6,25074,35298,-10224
2343,1998,7,15372,8638,6734
2343,1998,8,16293,13998,2295
2343,1998,9,11404,8038,3366
2343,1998,10,11416,9538,1878
2343,1998,11,11417,11738,-321
2343,1998,12,17043,13923,3120
2344,1996,7,6049,0,6049
2344,1996,8,4953,0,4953
2344,1996,9,4953,0,4953
2344,1996,10,4956,2500,2456
2344,1996,11,5010,7736,-2726
2344,1996,12,4998,4786,212
2344,1997,1,4982,9556,-4574
2344,1997,2,4982,3036,1946
2344,1997,3,4990,3036,1954
2344,1997,4,4998,3736,1262
2344,1997,5,4999,6876,-1877
2344,1997,6,4985,6876,-1891
2344,1997,7,4988,3036,1952
2344,1997,8,4995,3676,1319
2344,1997,9,5001,3736,1265
2344,1997,10,5006,3336,1670
2344,1997,11,5013,4036,977
2344,1997,12,5017,3686,1331
2344,1998,1,4999,13056,-8057
2344,1998,2,4989,3036,1953
2344,1998,3,4998,3036,1962
2344,1998,4,5006,3036,1970
2344,1998,5,5013,3756,1257
2344,1998,6,5014,6136,-1122
2344,1998,7,5010,5356,-346
2344,1998,8,5012,3436,1576
2344,1998,9,5020,3036,1984
2344,1998,10,5028,3036,1992
2344,1998,11,5036,3036,2000
2344,1998,12,5043,3981,1062
2345,1993,10,500,0,500
2345,1993,11,20289,0,20289
2345,1993,12,30056,15400,14656
2345,1994,1,20125,13300,6825
2345,1994,2,20143,21200,-1057
2345,1994,3,20163,19427,736
2345,1994,4,20088,34364,-14276
2345,1994,5,20085,20527,-442
2345,1994,6,30096,39662,-9566
2345,1994,7,20075,9027,11048
2345,1994,8,20108,16161,3947
2345,1994,9,20112,23100,-2988
2345,1994,10,20096,19227,869
2345,1994,11,20106,30727,-10621
2345,1994,12,30067,25955,4112
2345,1995,1,20082,24955,-4873
2345,1995,2,20072,14621,5451
2345,1995,3,20086,15417,4669
2345,1995,4,20103,18755,1348
2345,1995,5,20110,18755,1355
2345,1995,6,30088,39255,-9167
2345,1995,7,20080,15755,4325
2345,1995,8,20098,15355,4743
2345,1995,9,20112,19655,457
2345,1995,10,20109,22555,-2446
2345,1995,11,20111,13455,6656
2345,1995,12,30126,25755,4371
2345,1996,1,20102,36655,-16553
2345,1996,2,21199,21275,-76
2345,1996,3,20081,16455,3626
2345,1996,4,20111,9655,10456
2345,1996,5,20118,23255,-3137
2345,1996,6,30092,37955,-7863
2345,1996,7,20101,12555,7546
2345,1996,8,20127,28355,-8228
2345,1996,9,20094,14155,5939
2345,1996,10,20109,17655,2454
2345,1996,11,20108,29855,-9747
2345,1996,12,30051,31261,-1210
2345,1997,1,20089,12055,8034
2345,1997,2,20089,20055,34
2345,1997,3,20105,19455,650
2345,1997,4,20108,18355,1753
2345,1997,5,20120,16455,3665
2345,1997,6,30129,22755,7374
2345,1997,7,20133,27755,-7622
2345,1997,8,20130,18255,1875
2345,1997,9,20141,16755,3386
2345,1997,10,20143,21355,-1212
2345,1997,11,20141,20355,-214
2345,1997,12,30148,26555,3593
2345,1998,1,20154,23355,-3201
2345,1998,2,20138,21555,-1417
2345,1998,3,20140,18455,1685
2345,1998,4,20137,22255,-2118
2345,1998,5,20126,23648,-3522
2345,1998,6,30087,39169,-9082
2345,1998,7,20103,25955,-5852
2345,1998,8,20098,21555,-1457
2345,1998,9,20082,19755,327
2345,1998,10,20083,18055,2028
2345,1998,11,20090,19355,735
2345,1998,12,30099,21890,8209
2346,1996,5,600,0,600
2346,1996,6,43494,0,43494
2346,1996,7,28420,11600,16820
2346,1996,8,40739,17300,23439
2346,1996,9,31110,80867,-49757
2346,1996,10,27734,18354,9380
2346,1996,11,67966,54458,13508
2346,1996,12,150,32054,-31904
2346,1997,1,51,18654,-18603
2346,1997,2,52045,12854,39191
2346,1997,3,32405,21754,10651
2346,1997,4,21339,40300,-18961
2346,1997,5,29972,25954,4018
2346,1997,6,120,19654,-19534
2346,1997,7,3752,18369,-14617
2346,1997,8,22796,12854,9942
2346,1997,9,41,12854,-12813
2346,1997,10,67768,40359,27409
2346,1997,11,101,16554,-16453
2346,1997,12,34,12854,-12820
2346,1998,1,27273,11859,15414
2346,1998,2,47,12854,-12807
2346,1998,3,9,5886,-5877
2346,1998,4,0,2305,-2305
2346,1998,5,0,15,-15
2346,1998,6,0,70,-70
2346,1998,7,0,42,-42
2346,1998,8,0,15,-15
2346,1998,9,0,70,-70
2346,1998,10,35508,41,35467
2346,1998,11,78,22154,-22076
2346,1998,12,17,12854,-12837
2347,1996,8,600,0,600
2347,1996,9,6498,0,6498
2347,1996,10,6498,0,6498
2347,1996,11,6498,0,6498
2347,1996,12,6510,3800,2710
2347,1997,1,6596,9032,-2436
2347,1997,2,6593,6292,301
2347,1997,3,6598,7972,-1374
2347,1997,4,6597,3492,3105
2347,1997,5,6598,6212,386
2347,1997,6,6575,14092,-7517
2347,1997,7,6576,5092,1484
2347,1997,8,6586,3492,3094
2347,1997,9,6599,3492,3107
2347,1997,10,6609,3792,2817
2347,1997,11,6604,7172,-568
2347,1997,12,6611,4292,2319
2347,1998,1,6602,12452,-5850
2347,1998,2,6597,3492,3105
2347,1998,3,6620,3492,3128
2347,1998,4,6627,4792,1835
2347,1998,5,6614,12632,-6018
2347,1998,6,6602,8932,-2330
2347,1998,7,6596,3492,3104
2347,1998,8,6607,7772,-1165
2347,1998,9,6596,8792,-2196
2347,1998,10,6586,8692,-2106
2347,1998,11,6568,13492,-6924
2347,1998,12,6555,6477,78
2348,1996,2,15288,0,15288
2348,1996,3,21269,0,21269
2348,1996,4,14822,7200,7622
2348,1996,5,14845,10600,4245
2348,1996,6,22139,44035,-21896
2348,1996,7,14769,11001,3768
2348,1996,8,14778,10921,3857
2348,1996,9,14784,13921,863
2348,1996,10,14798,11521,3277
2348,1996,11,14801,13921,880
2348,1996,12,22134,29881,-7747
2348,1997,1,14768,22341,-7573
2348,1997,2,14764,6421,8343
2348,1997,3,14772,21321,-6549
2348,1997,4,14776,13421,1355
2348,1997,5,14782,15621,-839
2348,1997,6,22118,17321,4797
2348,1997,7,14792,21921,-7129
2348,1997,8,14760,17621,-2861
2348,1997,9,14747,18221,-3474
2348,1997,10,14733,15421,-688
2348,1997,11,14730,14601,129
2348,1997,12,22067,25541,-3474
2348,1998,1,14720,9541,5179
2348,1998,2,14731,21321,-6590
2348,1998,3,14709,10621,4088
2348,1998,4,14732,7141,7591
2348,1998,5,14749,26321,-11572
2348,1998,6,22062,6421,15641
2348,1998,7,14782,6421,8361
2348,1998,8,14783,36621,-21838
2348,1998,9,14728,6421,8307
2348,1998,10,14763,6421,8342
2348,1998,11,14760,32621,-17861
2348,1998,12,22064,8006,14058
2349,1996,9,500,0,500
2349,1996,10,6206,0,6206
2349,1996,11,6206,0,6206
2349,1996,12,6206,0,6206
2349,1997,1,6264,6500,-236
2349,1997,2,6276,9507,-3231
2349,1997,3,6262,9607,-3345
2349,1997,4,6260,5707,553
2349,1997,5,6256,7507,-1251
2349,1997,6,6264,3607,2657
2349,1997,7,6260,8307,-2047
2349,1997,8,6265,4967,1298
2349,1997,9,6267,5007,1260
2349,1997,10,6276,3767,2509
2349,1997,11,6287,6847,-560
2349,1997,12,6276,5907,369
2349,1998,1,6277,6727,-450
2349,1998,2,6271,7907,-1636
2349,1998,3,6280,2007,4273
2349,1998,4,6297,2007,4290
2349,1998,5,6315,3047,3268
2349,1998,6,6285,16707,-10422
2349,1998,7,6286,2007,4279
2349,1998,8,6278,11007,-4729
2349,1998,9,6284,2007,4277
2349,1998,10,6301,8507,-2206
2349,1998,11,6291,10347,-4056
2349,1998,12,6272,6632,-360
2350,1996,8,600,0,600
2350,1996,9,10600,0,10600
2350,1996,10,6400,0,6400
2350,1996,11,18538,0,18538
2350,1996,12,37052,7700,29352
2350,1997,1,42186,54000,-11814
2350,1997,3,66078,55815,10263
2350,1997,4,42487,27253,15234
2350,1997,5,222,40981,-40759
2350,1997,6,8799,25741,-16942
2350,1997,7,6468,9181,-2713
2350,1997,8,6057,9181,-3124
2350,1997,9,12239,9181,3058
2350,1997,10,93274,84879,8395
2350,1997,11,50104,42828,7276
2350,1997,12,81498,65248,16250
2350,1998,1,73157,80181,-7024
2350,1998,2,53648,28581,25067
2350,1998,3,56142,72381,-16239
2350,1998,4,60938,66081,-5143
2350,1998,5,66000,70081,-4081
2350,1998,6,42416,47881,-5465
2350,1998,7,29291,25181,4110
2350,1998,8,33002,37881,-4879
2350,1998,9,46247,19881,26366
2350,1998,10,87468,92081,-4613
2350,1998,11,26366,41881,-15515
2350,1998,12,75960,43266,32694
2351,1997,9,20564,0,20564
2351,1997,10,22255,0,22255
2351,1997,11,19717,7300,12417
2351,1997,12,29524,15700,13824
2351,1998,1,19791,23115,-3324
2351,1998,2,19758,21988,-2230
2351,1998,3,19761,19288,473
2351,1998,4,19753,21488,-1735
2351,1998,5,19750,21788,-2038
2351,1998,6,29461,41188,-11727
2351,1998,7,19718,14688,5030
2351,1998,8,19717,19588,129
2351,1998,9,19717,18588,1129
2351,1998,10,19714,20888,-1174
2351,1998,11,19716,18788,928
2351,1998,12,29490,21973,7517
2352,1995,1,300,0,300
2352,1995,2,21181,0,21181
2352,1995,3,20357,8600,11757
2352,1995,4,20397,15700,4697
2352,1995,5,20416,15900,4516
2352,1995,6,30592,26730,3862
2352,1995,7,20462,21434,-972
2352,1995,8,20462,18534,1928
2352,1995,9,20460,23614,-3154
2352,1995,10,20449,21434,-985
2352,1995,11,20448,19034,1414
2352,1995,12,30592,27814,2778
2352,1996,1,20439,35114,-14675
2352,1996,2,20411,14434,5977
2352,1996,3,20415,19954,461
2352,1996,4,20438,14334,6104
2352,1996,5,20453,19058,1395
2352,1996,6,30598,34778,-4180
2352,1996,7,20468,17058,3410
2352,1996,8,20438,24458,-4020
2352,1996,9,20436,17698,2738
2352,1996,10,20448,21198,-750
2352,1996,11,20441,19258,1183
2352,1996,12,30575,31258,-683
2352,1997,1,26537,26698,-161
2352,1997,2,20469,8158,12311
2352,1997,3,20464,31558,-11094
2352,1997,4,20460,13358,7102
2352,1997,5,20490,13558,6932
2352,1997,6,30636,46998,-16362
2352,1997,7,20450,13458,6992
2352,1997,8,20465,17158,3307
2352,1997,9,20489,14558,5931
2352,1997,10,20520,12758,7762
2352,1997,11,20533,19058,1475
2352,1997,12,30690,21818,8872
2352,1998,1,20510,49978,-29468
2352,1998,2,20475,11158,9317
2352,1998,3,20498,15578,4920
2352,1998,4,20527,13858,6669
2352,1998,5,20524,24458,-3934
2352,1998,6,30570,63738,-33168
2352,1998,7,21015,8858,12157
2352,1998,8,20455,11218,9237
2352,1998,9,20475,18458,2017
2352,1998,10,20472,22558,-2086
2352,1998,11,20483,15558,4925
2352,1998,12,30612,24583,6029
2353,1995,9,200,0,200
2353,1995,10,17776,0,17776
2353,1995,11,15742,3700,12042
2353,1995,12,23609,17000,6609
2353,1996,1,15802,15500,302
2353,1996,2,15801,21015,-5214
2353,1996,3,15789,15415,374
2353,1996,4,15785,15615,170
2353,1996,5,15786,16315,-529
2353,1996,6,23628,17115,6513
2353,1996,7,15811,15415,396
2353,1996,8,15810,16415,-605
2353,1996,9,15814,13415,2399
2353,1996,10,15821,14415,1406
2353,1996,11,15830,14715,1115
2353,1996,12,23697,18215,5482
2353,1997,1,15818,33115,-17297
2353,1997,2,15794,12415,3379
2353,1997,3,16910,9715,7195
2353,1997,4,15821,16715,-894
2353,1997,5,15817,18515,-2698
2353,1997,6,23669,18215,5454
2353,1997,7,15843,13515,2328
2353,1997,8,15845,15015,830
2353,1997,9,17786,9715,8071
2353,1997,10,15911,11015,4896
2353,1997,11,15896,17215,-1319
2353,1997,12,23756,15615,8141
2353,1998,1,15896,30815,-14919
2353,1998,2,15863,17015,-1152
2353,1998,3,15858,20815,-4957
2353,1998,4,15855,10815,5040
2353,1998,5,16284,9715,6569
2353,1998,6,23698,32315,-8617
2353,1998,7,16889,10315,6574
2353,1998,8,15879,16015,-136
2353,1998,9,15883,18315,-2432
2353,1998,10,15879,10515,5364
2353,1998,11,16711,9715,6996
2353,1998,12,23793,13600,10193
2354,1997,3,700,0,700
2354,1997,4,22248,0,22248
2354,1997,5,18728,3500,15228
2354,1997,6,28083,17100,10983
2354,1997,7,18809,16800,2009
2354,1997,8,18810,19615,-805
2354,1997,9,18801,26646,-7845
2354,1997,10,18763,24826,-6063
2354,1997,11,18758,15566,3192
2354,1997,12,28110,10506,17604
2354,1998,1,18836,18586,250
2354,1998,2,18826,21486,-2660
2354,1998,3,18831,16146,2685
2354,1998,4,18843,16086,2757
2354,1998,5,18856,18686,170
2354,1998,6,28158,23726,4432
2354,1998,7,18852,23286,-4434
2354,1998,8,18838,21786,-2948
2354,1998,9,18824,22186,-3362
2354,1998,10,18812,21486,-2674
2354,1998,11,18805,20086,-1281
2354,1998,12,28131,18271,9860
2355,1995,1,43313,0,43313
2355,1995,2,42862,9400,33462
2355,1995,3,42973,23900,19073
2355,1995,4,43027,33900,9127
2355,1995,5,43018,57855,-14837
2355,1995,6,64228,98062,-33834
2355,1995,7,42843,30752,12091
2355,1995,8,42849,63537,-20688
2355,1995,9,42822,44043,-1221
2355,1995,10,42804,34515,8289
2355,1995,11,42838,37015,5823
2355,1995,12,64231,60415,3816
2355,1996,1,42820,85718,-42898
2355,1996,2,42707,20015,22692
2355,1996,3,42797,37215,5582
2355,1996,4,42890,37775,5115
2355,1996,5,42893,42156,737
2355,1996,6,64182,81915,-17733
2355,1996,7,42775,31415,11360
2355,1996,8,42815,39715,3100
2355,1996,9,42844,52986,-10142
2355,1996,10,42786,43315,-529
2355,1996,11,42782,43002,-220
2355,1996,12,64171,48615,15556
2355,1997,1,42838,65615,-22777
2355,1997,2,42786,43453,-667
2355,1997,3,42774,28715,14059
2355,1997,4,42815,35115,7700
2355,1997,5,42838,41915,923
2355,1997,6,64181,83015,-18834
2355,1997,7,42785,27015,15770
2355,1997,8,42835,40426,2409
2355,1997,9,42808,62188,-19380
2355,1997,10,42776,31815,10961
2355,1997,11,42825,47015,-4190
2355,1997,12,64126,62934,1192
2355,1998,1,42765,61315,-18550
2355,1998,2,42733,31764,10969
2355,1998,3,42779,31215,11564
2355,1998,4,42798,49109,-6311
2355,1998,5,42776,40698,2078
2355,1998,6,64087,73846,-9759
2355,1998,7,42772,31115,11657
2355,1998,8,42799,41115,1684
2355,1998,9,42855,58236,-15381
2355,1998,10,42737,45133,-2396
2355,1998,11,42822,2915,39907
2355,1998,12,64272,31700,32572
2356,1996,12,38107,0,38107
2356,1997,1,49134,34000,15134
2356,1997,2,20702,18300,2402
2356,1997,3,53300,67448,-14148
2356,1997,4,71602,17730,53872
2356,1997,5,52375,73830,-21455
2356,1997,6,304,27830,-27526
2356,1997,7,16802,27130,-10328
2356,1997,8,48034,33630,14404
2356,1997,9,208,16930,-16722
2356,1997,10,5684,12530,-6846
2356,1997,11,111,5630,-5519
2356,1997,12,3289,30,3259
2356,1998,1,2605,1530,1075
2356,1998,2,3207,30,3177
2356,1998,3,917,6330,-5413
2356,1998,4,3598,30,3568
2356,1998,5,4413,30,4383
2356,1998,6,3423,6732,-3309
2356,1998,7,117,30,87
2356,1998,8,917,30,887
2356,1998,9,2321,30,2291
2356,1998,10,44294,13230,31064
2356,1998,11,166,41597,-41431
2356,1998,12,10399,4800,5599
2357,1993,1,7253,0,7253
2357,1993,2,6464,0,6464
2357,1993,3,6464,0,6464
2357,1993,4,6464,0,6464
2357,1993,5,6530,1515,5015
2357,1993,6,6515,24524,-18009
2357,1993,7,6498,3884,2614
2357,1993,8,6496,7244,-748
2357,1993,9,6505,3884,2621
2357,1993,10,6516,3884,2632
2357,1993,11,6527,5284,1243
2357,1993,12,6530,4384,2146
2357,1994,1,6520,10204,-3684
2357,1994,2,6526,3884,2642
2357,1994,3,6537,4884,1653
2357,1994,4,6543,7484,-941
2357,1994,5,6540,3884,2656
2357,1994,6,6545,8464,-1919
2357,1994,7,6543,4084,2459
2357,1994,8,6553,4184,2369
2357,1994,9,6562,5284,1278
2357,1994,10,6564,9244,-2680
2357,1994,11,6555,6084,471
2357,1994,12,6544,10084,-3540
2357,1995,1,6517,14284,-7767
2357,1995,2,6512,3884,2628
2357,1995,3,6523,3884,2639
2357,1995,4,6534,3884,2650
2357,1995,5,6545,3884,2661
2357,1995,6,6545,13684,-7139
2357,1995,7,6512,7884,-1372
2357,1995,8,6520,3884,2636
2357,1995,9,6531,3884,2647
2357,1995,10,6534,7404,-870
2357,1995,11,6539,3884,2655
2357,1995,12,6544,4934,1610
2357,1996,1,6536,13244,-6708
2357,1996,2,6528,3884,2644
2357,1996,3,6536,4364,2172
2357,1996,4,6546,5164,1382
2357,1996,5,6554,3884,2670
2357,1996,6,6549,20914,-14365
2357,1996,7,6505,3884,2621
2357,1996,8,6516,3884,2632
2357,1996,9,6527,3884,2643
2357,1996,10,6538,3884,2654
2357,1996,11,6549,3884,2665
2357,1996,12,6558,7004,-446
2357,1997,1,6534,18204,-11670
2357,1997,2,6504,4604,1900
2357,1997,3,6517,3884,2633
2357,1997,4,6528,3884,2644
2357,1997,5,6539,3884,2655
2357,1997,6,6539,15464,-8925
2357,1997,7,6513,3884,2629
2357,1997,8,6524,3884,2640
2357,1997,9,6527,5644,883
2357,1997,10,6538,3884,2654
2357,1997,11,6545,4364,2181
2357,1997,12,6554,5654,900
2357,1998,1,6545,11324,-4779
2357,1998,2,6534,5564,970
2357,1998,3,6546,3884,2662
2357,1998,4,6557,4364,2193
2357,1998,5,6566,3884,2682
2357,1998,6,6552,15934,-9382
2357,1998,7,6538,3884,2654
2357,1998,8,6549,3884,2665
2357,1998,9,6560,3884,2676
2357,1998,10,6571,3884,2687
2357,1998,11,6582,3884,2698
2357,1998,12,6587,5629,958
2358,1995,9,300,0,300
2358,1995,10,17066,0,17066
2358,1995,11,12826,0,12826
2358,1995,12,14131,5100,9031
2358,1996,1,9492,6600,2892
2358,1996,2,9482,15729,-6247
2358,1996,3,9459,14229,-4770
2358,1996,4,9456,7529,1927
2358,1996,5,9481,6729,2752
2358,1996,6,14149,12929,1220
2358,1996,7,9486,10389,-903
2358,1996,8,9468,10929,-1461
2358,1996,9,9457,13769,-4312
2358,1996,10,10860,6129,4731
2358,1996,11,10293,6129,4164
2358,1996,12,14162,13209,953
2358,1997,1,9487,17049,-7562
2358,1997,2,9455,10809,-1354
2358,1997,3,9474,6629,2845
2358,1997,4,9468,13429,-3961
2358,1997,5,9456,12769,-3313
2358,1997,6,14118,12509,1609
2358,1997,7,9434,12929,-3495
2358,1997,8,9423,10329,-906
2358,1997,9,9404,16829,-7425
2358,1997,10,9409,8029,1380
2358,1997,11,9400,9989,-589
2358,1997,12,14068,15429,-1361
2358,1998,1,9401,6129,3272
2358,1998,2,9406,7569,1837
2358,1998,3,9399,13329,-3930
2358,1998,4,9396,11289,-1893
2358,1998,5,9408,6129,3279
2358,1998,6,14077,9369,4708
2358,1998,7,9417,9849,-432
2358,1998,8,9424,6129,3295
2358,1998,9,9442,19729,-10287
2358,1998,10,9410,6129,3281
2358,1998,11,9403,14329,-4926
2358,1998,12,14061,6114,7947
2359,1996,7,600,0,600
2359,1996,8,12813,0,12813
2359,1996,9,10462,0,10462
2359,1996,10,4786,1700,3086
2359,1996,11,4800,1700,3100
2359,1996,12,7149,5834,1315
2359,1997,1,4774,22934,-18160
2359,1997,2,7649,3134,4515
2359,1997,3,8852,12534,-3682
2359,1997,4,8454,3134,5320
2359,1997,5,6571,3134,3437
2359,1997,6,7110,14434,-7324
2359,1997,7,4951,3134,1817
2359,1997,8,7463,4934,2529
2359,1997,9,4763,5134,-371
2359,1997,10,5671,3134,2537
2359,1997,11,4777,3734,1043
2359,1997,12,7126,5234,1892
2359,1998,1,6278,15734,-9456
2359,1998,2,11174,3134,8040
2359,1998,3,4779,5534,-755
2359,1998,4,8177,11834,-3657
2359,1998,5,10470,8034,2436
2359,1998,6,7097,13234,-6137
2359,1998,7,4748,3934,814
2359,1998,8,4855,3134,1721
2359,1998,9,4753,5734,-981
2359,1998,10,4753,4534,219
2359,1998,11,4747,9134,-4387
2359,1998,12,7078,4619,2459
2360,1996,8,300,0,300
2360,1996,9,22290,0,22290
2360,1996,10,20274,12400,7874
2360,1996,11,20305,15200,5105
2360,1996,12,30416,22300,8116
2360,1997,1,20370,28255,-7885
2360,1997,2,20341,17875,2466
2360,1997,3,20354,18195,2159
2360,1997,4,20364,19355,1009
2360,1997,5,20351,21895,-1544
2360,1997,6,30460,26595,3865
2360,1997,7,20370,21595,-1225
2360,1997,8,20350,22895,-2545
2360,1997,9,20355,18495,1860
2360,1997,10,20363,18095,2268
2360,1997,11,20368,20295,73
2360,1997,12,30469,29695,774
2360,1998,1,20342,31035,-10693
2360,1998,2,20338,11695,8643
2360,1998,3,20365,19075,1290
2360,1998,4,20356,25735,-5379
2360,1998,5,20360,12335,8025
2360,1998,6,30474,26175,4299
2360,1998,7,20397,18495,1902
2360,1998,8,20394,21395,-1001
2360,1998,9,20388,22835,-2447
2360,1998,10,20381,21395,-1014
2360,1998,11,20376,20895,-519
2360,1998,12,30510,9340,21170
2361,1994,2,500,0,500
2361,1994,3,16231,0,16231
2361,1994,4,7095,0,7095
2361,1994,5,7024,1200,5824
2361,1994,6,10508,5200,5308
2361,1994,7,7063,18355,-11292
2361,1994,8,10717,9188,1529
2361,1994,9,8630,9828,-1198
2361,1994,10,10419,10528,-109
2361,1994,11,10811,9028,1783
2361,1994,12,12585,10688,1897
2361,1995,1,8909,20448,-11539
2361,1995,2,14795,9028,5767
2361,1995,3,10600,9128,1472
2361,1995,4,11215,10060,1155
2361,1995,5,9920,8980,940
2361,1995,6,10478,17100,-6622
2361,1995,7,12392,10060,2332
2361,1995,8,12693,12820,-127
2361,1995,9,8704,8980,-276
2361,1995,10,13906,11860,2046
2361,1995,11,10399,13300,-2901
2361,1995,12,12468,12340,128
2361,1996,1,13594,16780,-3186
2361,1996,2,12885,12100,785
2361,1996,3,11796,10540,1256
2361,1996,4,10099,8980,1119
2361,1996,5,9903,8980,923
2361,1996,6,12467,10780,1687
2361,1996,7,11217,8980,2237
2361,1996,8,9824,8980,844
2361,1996,9,12735,8980,3755
2361,1996,10,8740,8980,-240
2361,1996,11,7024,15560,-8536
2361,1996,12,15281,8980,6301
2361,1997,1,11503,20620,-9117
2361,1997,2,14608,8980,5628
2361,1997,3,10219,8980,1239
2361,1997,4,10221,10780,-559
2361,1997,5,11626,8980,2646
2361,1997,6,17505,13540,3965
2361,1997,7,7641,8980,-1339
2361,1997,8,8837,9820,-983
2361,1997,9,8430,9820,-1390
2361,1997,10,13228,12820,408
2361,1997,11,7021,9680,-2659
2361,1997,12,10467,13840,-3373
2361,1998,1,10383,18220,-7837
2361,1998,2,7165,8980,-1815
2361,1998,3,12075,8980,3095
2361,1998,4,6981,7828,-847
2361,1998,5,6968,10328,-3360
2361,1998,6,10430,8828,1602
2361,1998,7,6960,7628,-668
2361,1998,8,6973,4628,2345
2361,1998,9,6975,7828,-853
2361,1998,10,6979,4628,2351
2361,1998,11,6973,9328,-2355
2361,1998,12,10444,8213,2231
2362,1996,12,700,0,700
2362,1997,1,3389,0,3389
2362,1997,2,3389,0,3389
2362,1997,3,3389,0,3389
2362,1997,4,3389,0,3389
2362,1997,5,3396,1095,2301
2362,1997,6,3461,2424,1037
2362,1997,7,3466,2274,1192
2362,1997,8,3465,4884,-1419
2362,1997,9,3465,2274,1191
2362,1997,10,3470,2274,1196
2362,1997,11,3472,3774,-302
2362,1997,12,3472,2694,778
2362,1998,1,3471,4974,-1503
2362,1998,2,3471,2274,1197
2362,1998,3,3471,4194,-723
2362,1998,4,3473,2274,1199
2362,1998,5,3478,2274,1204
2362,1998,6,3479,5274,-1795
2362,1998,7,3475,2274,1201
2362,1998,8,3480,2274,1206
2362,1998,9,3485,2274,1211
2362,1998,10,3490,2274,1216
2362,1998,11,3494,2974,520
2362,1998,12,3496,2919,577
2363,1994,10,7563,0,7563
2363,1994,11,6871,0,6871
2363,1994,12,6871,0,6871
2363,1995,1,6871,0,6871
2363,1995,2,6949,3095,3854
2363,1995,3,6977,5139,1838
2363,1995,4,6971,8839,-1868
2363,1995,5,6970,7039,-69
2363,1995,6,6949,13489,-6540
2363,1995,7,6953,3839,3114
2363,1995,8,6955,6839,116
2363,1995,9,6962,5179,1783
2363,1995,10,6961,9339,-2378
2363,1995,11,6951,7439,-488
2363,1995,12,6957,11039,-4082
2363,1996,1,6943,7809,-866
2363,1996,2,6947,3139,3808
2363,1996,3,6961,7259,-298
2363,1996,4,6960,8039,-1079
2363,1996,5,6956,7539,-583
2363,1996,6,6931,14639,-7708
2363,1996,7,6923,2139,4784
2363,1996,8,6943,3099,3844
2363,1996,9,6956,6199,757
2363,1996,10,6959,5139,1820
2363,1996,11,6969,2539,4430
2363,1996,12,6979,11699,-4720
2363,1997,1,6961,7189,-228
2363,1997,2,6967,2139,4828
2363,1997,3,6981,9139,-2158
2363,1997,4,6976,4639,2337
2363,1997,5,6984,5839,1145
2363,1997,6,6982,7139,-157
2363,1997,7,6985,7839,-854
2363,1997,8,6989,2139,4850
2363,1997,9,7006,4139,2867
2363,1997,10,7006,8479,-1473
2363,1997,11,7000,9799,-2799
2363,1997,12,6989,8589,-1600
2363,1998,1,6984,9839,-2855
2363,1998,2,6972,9239,-2267
2363,1998,3,6963,8939,-1976
2363,1998,4,6952,10639,-3687
2363,1998,5,6939,8739,-1800
2363,1998,6,6927,12179,-5252
2363,1998,7,6915,5439,1476
2363,1998,8,6917,7039,-122
2363,1998,9,6921,5339,1582
2363,1998,10,6931,3139,3792
2363,1998,11,6942,5339,1603
2363,1998,12,6953,2674,4279
2364,1995,5,7017,0,7017
2364,1995,6,5928,0,5928
2364,1995,7,5928,0,5928
2364,1995,8,5930,900,5030
2364,1995,9,5999,5015,984
2364,1995,10,6012,4748,1264
2364,1995,11,6011,4368,1643
2364,1995,12,6015,8598,-2583
2364,1996,1,5985,15728,-9743
2364,1996,2,5973,2048,3925
2364,1996,3,5990,2048,3942
2364,1996,4,6006,2748,3258
2364,1996,5,6017,5448,569
2364,1996,6,6015,11038,-5023
2364,1996,7,6001,2048,3953
2364,1996,8,6018,2048,3970
2364,1996,9,6024,4568,1456
2364,1996,10,6034,8148,-2114
2364,1996,11,6025,7948,-1923
2364,1996,12,6013,6448,-435
2364,1997,1,5977,16368,-10391
2364,1997,2,5977,2048,3929
2364,1997,3,5974,10328,-4354
2364,1997,4,5971,4128,1843
2364,1997,5,5978,6748,-770
2364,1997,6,5976,3568,2408
2364,1997,7,5988,3648,2340
2364,1997,8,5995,5348,647
2364,1997,9,5999,4048,1951
2364,1997,10,6003,6748,-745
2364,1997,11,6002,4988,1014
2364,1997,12,6004,6148,-144
2364,1998,1,5993,14038,-8045
2364,1998,2,5977,2048,3929
2364,1998,3,5993,2648,3345
2364,1998,4,6000,5948,52
2364,1998,5,5994,8948,-2954
2364,1998,6,5985,7048,-1063
2364,1998,7,5979,7848,-1869
2364,1998,8,5975,5648,327
2364,1998,9,5964,9608,-3644
2364,1998,10,5962,5148,814
2364,1998,11,5973,4048,1925
2364,1998,12,5979,2483,3496
2365,1994,11,5633,0,5633
2365,1994,12,5136,0,5136
2365,1995,1,5136,0,5136
2365,1995,2,5136,0,5136
2365,1995,3,5200,4476,724
2365,1995,4,5210,4076,1134
2365,1995,5,5214,3076,2138
2365,1995,6,5209,8076,-2867
2365,1995,7,5204,6436,-1232
2365,1995,8,5206,3076,2130
2365,1995,9,5213,6376,-1163
2365,1995,10,5201,6836,-1635
2365,1995,11,5203,3076,2127
2365,1995,12,5206,5736,-530
2365,1996,1,5189,11156,-5967
2365,1996,2,5185,3076,2109
2365,1996,3,5194,3076,2118
2365,1996,4,5198,5236,-38
2365,1996,5,5197,5476,-279
2365,1996,6,5199,5176,23
2365,1996,7,5201,3876,1325
2365,1996,8,5206,3476,1730
2365,1996,9,5214,3076,2138
2365,1996,10,5223,3076,2147
2365,1996,11,5232,3076,2156
2365,1996,12,5234,6406,-1172
2365,1997,1,5204,14326,-9122
2365,1997,2,5197,3076,2121
2365,1997,3,5204,5236,-32
2365,1997,4,5204,5076,128
2365,1997,5,5207,3076,2131
2365,1997,6,5204,11616,-6412
2365,1997,7,5189,3076,2113
2365,1997,8,5198,3076,2122
2365,1997,9,5206,3076,2130
2365,1997,10,5215,3076,2139
2365,1997,11,5224,3076,2148
2365,1997,12,5223,7066,-1843
2365,1998,1,5202,15756,-10554
2365,1998,2,5181,3076,2105
2365,1998,3,5190,3076,2114
2365,1998,4,5196,4276,920
2365,1998,5,5203,3076,2127
2365,1998,6,5211,5076,135
2365,1998,7,5212,3076,2136
2365,1998,8,5221,3076,2145
2365,1998,9,5230,3076,2154
2365,1998,10,5232,6836,-1604
2365,1998,11,5232,3076,2156
2365,1998,12,5239,4161,1078
2366,1997,5,700,0,700
2366,1997,6,5226,0,5226
2366,1997,7,5226,0,5226
2366,1997,8,5226,0,5226
2366,1997,9,5262,2900,2362
2366,1997,10,5310,3076,2234
2366,1997,11,5324,2164,3160
2366,1997,12,5333,6834,-1501
2366,1998,1,5328,3464,1864
2366,1998,2,5339,1664,3675
2366,1998,3,5340,8464,-3124
2366,1998,4,5325,8304,-2979
2366,1998,5,5316,7364,-2048
2366,1998,6,5267,15874,-10607
2366,1998,7,5276,4064,1212
2366,1998,8,5265,8044,-2779
2366,1998,9,5265,5344,-79
2366,1998,10,5259,4944,315
2366,1998,11,5271,1664,3607
2366,1998,12,5284,3099,2185
2367,1995,3,20669,0,20669
2367,1995,4,20252,0,20252
2367,1995,5,20010,10600,9410
2367,1995,6,29967,16200,13767
2367,1995,7,20065,27093,-7028
2367,1995,8,20019,41494,-21475
2367,1995,9,19979,21194,-1215
2367,1995,10,19976,22494,-2518
2367,1995,11,19965,24494,-4529
2367,1995,12,29875,23294,6581
2367,1996,1,19974,23594,-3620
2367,1996,2,19965,17394,2571
2367,1996,3,19976,17794,2182
2367,1996,4,19983,20294,-311
2367,1996,5,19983,16294,3689
2367,1996,6,29918,27794,2124
2367,1996,7,20001,23094,-3093
2367,1996,8,19989,20194,-205
2367,1996,9,19985,22794,-2809
2367,1996,10,19968,20794,-826
2367,1996,11,19955,19394,561
2367,1996,12,29900,25694,4206
2367,1997,1,19953,25994,-6041
2367,1997,2,19948,19694,254
2367,1997,3,19966,19394,572
2367,1997,4,19967,20294,-327
2367,1997,5,19964,20594,-630
2367,1997,6,29892,22594,7298
2367,1997,7,19994,17994,2000
2367,1997,8,19989,26494,-6505
2367,1997,9,19972,18694,1278
2367,1997,10,19978,17994,1984
2367,1997,11,19981,20494,-513
2367,1997,12,29893,31794,-1901
2367,1998,1,19951,22194,-2243
2367,1998,2,19963,17994,1969
2367,1998,3,19980,14694,5286
2367,1998,4,20002,13994,6008
2367,1998,5,20015,19994,21
2367,1998,6,29929,41094,-11165
2367,1998,7,19980,13894,6086
2367,1998,8,20009,12194,7815
2367,1998,9,20030,16794,3236
2367,1998,10,20016,24794,-4778
2367,1998,11,20012,21594,-1582
2367,1998,12,29947,19379,10568
2369,1997,7,600,0,600
2369,1997,8,17908,0,17908
2369,1997,9,15872,4500,11372
2369,1997,10,15911,9000,6911
2369,1997,11,15936,11100,4836
2369,1997,12,23849,17235,6614
2369,1998,1,15943,30594,-14651
2369,1998,2,15924,10814,5110
2369,1998,3,15942,13514,2428
2369,1998,4,15947,15414,533
2369,1998,5,15945,12894,3051
2369,1998,6,23845,35174,-11329
2369,1998,7,17536,7514,10022
2369,1998,8,15957,14114,1843
2369,1998,9,15970,11814,4156
2369,1998,10,15987,11914,4073
2369,1998,11,22433,7514,14919
2369,1998,12,23977,11719,12258
2370,1997,10,23015,0,23015
2370,1997,11,17262,6300,10962
2370,1997,12,25892,16600,9292
2370,1998,1,17346,14500,2846
2370,1998,2,17357,13415,3942
2370,1998,3,17392,17562,-170
2370,1998,4,17391,19262,-1871
2370,1998,5,17381,23362,-5981
2370,1998,6,30793,38862,-8069
2370,1998,7,17320,13562,3758
2370,1998,8,17335,16162,1173
2370,1998,9,17344,14262,3082
2370,1998,10,17358,13362,3996
2370,1998,11,17374,13962,3412
2370,1998,12,25991,13147,12844
2371,1997,10,600,0,600
2371,1997,11,16300,0,16300
2371,1997,12,36811,10800,26011
2371,1998,1,224,3600,-3376
2371,1998,2,1424,0,1424
2371,1998,3,39283,10900,28383
2371,1998,4,288,10400,-10112
2371,1998,5,19974,15300,4674
2371,1998,6,265,5600,-5335
2371,1998,7,265,4000,-3735
2371,1998,8,265,1600,-1335
2371,1998,9,19715,27311,-7596
2371,1998,10,68263,57629,10634
2371,1998,11,38806,42493,-3687
2371,1998,12,9965,30092,-20127
2372,1997,6,500,0,500
2372,1997,7,13470,0,13470
2372,1997,8,10421,0,10421
2372,1997,9,3949,0,3949
2372,1997,10,5268,0,5268
2372,1997,11,3573,5523,-1950
2372,1997,12,3566,4717,-1151
2372,1998,1,3543,12767,-9224
2372,1998,2,3511,8407,-4896
2372,1998,3,3609,2307,1302
2372,1998,4,3498,8207,-4709
2372,1998,5,3494,2307,1187
2372,1998,6,3499,2307,1192
2372,1998,7,3500,3417,83
2372,1998,8,3499,4197,-698
2372,1998,9,3489,6107,-2618
2372,1998,10,3491,2307,1184
2372,1998,11,3496,2307,1189
2372,1998,12,3497,4302,-805
2373,1996,9,1100,0,1100
2373,1996,10,4812,0,4812
2373,1996,11,4812,0,4812
2373,1996,12,4812,0,4812
2373,1997,1,4812,0,4812
2373,1997,2,4820,7815,-2995
2373,1997,3,4889,7592,-2703
2373,1997,4,4875,7352,-2477
2373,1997,5,4871,2392,2479
2373,1997,6,4880,7272,-2392
2373,1997,7,4869,4792,77
2373,1997,8,4870,3792,1078
2373,1997,9,4872,5792,-920
2373,1997,10,4870,4392,478
2373,1997,11,4869,7192,-2323
2373,1997,12,4864,2392,2472
2373,1998,1,4868,6042,-1174
2373,1998,2,4867,4292,575
2373,1998,3,4870,3992,878
2373,1998,4,4876,2392,2484
2373,1998,5,4886,2392,2494
2373,1998,6,4876,11532,-6656
2373,1998,7,4869,2392,2477
2373,1998,8,4878,3112,1766
2373,1998,9,4874,9692,-4818
2373,1998,10,4866,2392,2474
2373,1998,11,4876,2392,2484
2373,1998,12,4883,4567,316
2374,1995,12,3709,0,3709
2374,1996,1,3512,0,3512
2374,1996,2,3512,0,3512
2374,1996,3,3512,0,3512
2374,1996,4,3540,2346,1194
2374,1996,5,3563,3446,117
2374,1996,6,3565,2346,1219
2374,1996,7,3569,3486,83
2374,1996,8,3570,3146,424
2374,1996,9,3573,2746,827
2374,1996,10,3568,5646,-2078
2374,1996,11,3555,6846,-3291
2374,1996,12,3546,5876,-2330
2374,1997,1,3543,2676,867
2374,1997,2,3547,2346,1201
2374,1997,3,3552,2346,1206
2374,1997,4,3557,2346,1211
2374,1997,5,3560,3666,-106
2374,1997,6,3561,3246,315
2374,1997,7,3563,2346,1217
2374,1997,8,3568,2346,1222
2374,1997,9,3573,2346,1227
2374,1997,10,3578,2346,1232
2374,1997,11,3583,2346,1237
2374,1997,12,3590,2736,854
2374,1998,1,3590,3786,-196
2374,1998,2,3591,2346,1245
2374,1998,3,3596,2346,1250
2374,1998,4,3600,3726,-126
2374,1998,5,3601,2346,1255
2374,1998,6,3604,3996,-392
2374,1998,7,3604,2346,1258
2374,1998,8,3609,2346,1263
2374,1998,9,3615,2346,1269
2374,1998,10,3620,3306,314
2374,1998,11,3621,2346,1275
2374,1998,12,3623,5061,-1438
2375,1994,5,1000,0,1000
2375,1994,6,35297,4300,30997
2375,1994,7,23635,15700,7935
2375,1994,8,23663,18100,5563
2375,1994,9,23674,23400,274
2375,1994,10,23674,25094,-1420
2375,1994,11,23662,27816,-4154
2375,1994,12,35439,34756,683
2375,1995,1,23623,35496,-11873
2375,1995,2,23617,23236,381
2375,1995,3,23624,18616,5008
2375,1995,4,23641,24876,-1235
2375,1995,5,23644,16616,7028
2375,1995,6,35407,30716,4691
2375,1995,7,23664,25916,-2252
2375,1995,8,23692,12516,11176
2375,1995,9,23720,17716,6004
2375,1995,10,23734,21216,2518
2375,1995,11,23745,20216,3529
2375,1995,12,35517,26136,9381
2375,1996,1,23734,41976,-18242
2375,1996,2,23708,23416,292
2375,1996,3,23711,26336,-2625
2375,1996,4,23705,21516,2189
2375,1996,5,23716,21116,2600
2375,1996,6,35510,19116,16394
2375,1996,7,23762,30516,-6754
2375,1996,8,23749,26436,-2687
2375,1996,9,23737,26216,-2479
2375,1996,10,23739,22916,823
2375,1996,11,23740,23416,324
2375,1996,12,35507,43036,-7529
2375,1997,1,23717,34976,-11259
2375,1997,2,23721,7316,16405
2375,1997,3,23726,38436,-14710
2375,1997,4,23727,25376,-1649
2375,1997,5,23735,19616,4119
2375,1997,6,35510,26716,8794
2375,1997,7,23769,25716,-1947
2375,1997,8,23758,26716,-2958
2375,1997,9,23732,26336,-2604
2375,1997,10,23734,24116,-382
2375,1997,11,23730,24716,-986
2375,1997,12,35496,28356,7140
2375,1998,1,23717,36436,-12719
2375,1998,2,23705,18816,4889
2375,1998,3,23726,19116,4610
2375,1998,4,23740,23816,-76
2375,1998,5,23742,20316,3426
2375,1998,6,35521,30416,5105
2375,1998,7,23769,24316,-547
2375,1998,8,23772,19316,4456
2375,1998,9,23781,25916,-2135
2375,1998,10,23777,21816,1961
2375,1998,11,23785,20416,3369
2375,1998,12,35578,11141,24437
2376,1996,12,600,0,600
2376,1997,1,24504,0,24504
2376,1997,2,22574,10900,11674
2376,1997,3,22605,17400,5205
2376,1997,4,22623,19000,3623
2376,1997,5,22626,28843,-6217
2376,1997,6,36878,54763,-17885
2376,1997,7,22564,13323,9241
2376,1997,8,22592,19143,3449
2376,1997,9,22589,21943,646
2376,1997,10,22589,24783,-2194
2376,1997,11,22551,32483,-9932
2376,1997,12,33795,25663,8132
2376,1998,1,22587,16743,5844
2376,1998,2,22587,24243,-1656
2376,1998,3,22583,26463,-3880
2376,1998,4,22565,24563,-1998
2376,1998,5,22572,23443,-871
2376,1998,6,33795,32903,892
2376,1998,7,22563,21943,620
2376,1998,8,22559,24143,-1584
2376,1998,9,22539,29803,-7264
2376,1998,10,22537,26123,-3586
2376,1998,11,22568,7943,14625
2376,1998,12,33880,11388,22492
2377,1994,11,300,0,300
2377,1994,12,4393,0,4393
2377,1995,1,4393,0,4393
2377,1995,2,4393,0,4393
2377,1995,3,4393,0,4393
2377,1995,4,4420,3135,1285
2377,1995,5,4476,3172,1304
2377,1995,6,4475,5472,-997
2377,1995,7,4479,2612,1867
2377,1995,8,4488,1972,2516
2377,1995,9,4485,8852,-4367
2377,1995,10,4474,3812,662
2377,1995,11,4483,1972,2511
2377,1995,12,4493,1972,2521
2377,1996,1,4484,14072,-9588
2377,1996,2,4464,1972,2492
2377,1996,3,4468,4692,-224
2377,1996,4,4473,1972,2501
2377,1996,5,4484,1972,2512
2377,1996,6,4493,2272,2221
2377,1996,7,4491,7112,-2621
2377,1996,8,4485,4272,213
2377,1996,9,4488,3572,916
2377,1996,10,4486,5652,-1166
2377,1996,11,4486,3972,514
2377,1996,12,4491,2872,1619
2377,1997,1,4480,12352,-7872
2377,1997,2,4468,1972,2496
2377,1997,3,4475,3172,1303
2377,1997,4,4467,6292,-1825
2377,1997,5,4476,2272,2204
2377,1997,6,4468,9922,-5454
2377,1997,7,4463,2372,2091
2377,1997,8,4459,7812,-3353
2377,1997,9,4457,1972,2485
2377,1997,10,4468,1972,2496
2377,1997,11,4476,5072,-596
2377,1997,12,4476,1972,2504
2377,1998,1,4468,9882,-5414
2377,1998,2,4463,1972,2491
2377,1998,3,4465,4852,-387
2377,1998,4,4471,2672,1799
2377,1998,5,4475,5312,-837
2377,1998,6,4473,5172,-699
2377,1998,7,4466,9872,-5406
2377,1998,8,4450,1972,2478
2377,1998,9,4461,1972,2489
2377,1998,10,4464,4372,92
2377,1998,11,4471,1972,2499
2377,1998,12,4482,1957,2525
2378,1993,1,94154,34700,59454
2378,1993,2,80711,68727,11984
2378,1993,3,7286,31027,-23741
2378,1993,4,45126,24627,20499
2378,1993,5,173356,193127,-19771
2378,1993,6,42199,36327,5872
2378,1993,7,94729,49527,45202
2378,1993,8,44715,89127,-44412
2378,1993,9,56527,52877,3650
2378,1993,10,59468,70727,-11259
2378,1993,11,141,23228,-23087
2378,1993,12,53774,16127,37647
2378,1994,1,245,33627,-33382
2378,1994,2,50817,29527,21290
2378,1994,3,28600,27595,1005
2378,1994,4,171,17600,-17429
2378,1994,5,43728,49179,-5451
2378,1994,6,6113,9627,-3514
2378,1994,7,4096,9627,-5531
2378,1994,8,10679,9627,1052
2378,1994,9,8481,9627,-1146
2378,1994,10,39714,22691,17023
2378,1994,11,22992,19727,3265
2378,1994,12,2109,16527,-14418
2378,1995,1,9602,9627,-25
2378,1995,2,5796,9627,-3831
2378,1995,3,57830,9627,48203
2378,1995,4,18642,36072,-17430
2378,1995,5,183919,140927,42992
2378,1995,6,23415,74927,-51512
2378,1995,7,33987,24127,9860
2378,1995,8,49736,29227,20509
2378,1995,9,25459,39531,-14072
2378,1995,10,1254,32914,-31660
2378,1995,11,21839,25303,-3464
2378,1995,12,74275,38427,35848
2378,1996,1,38437,53618,-15181
2378,1996,2,19794,12927,6867
2378,1996,3,28945,24927,4018
2378,1996,4,48767,18127,30640
2378,1996,5,48831,83027,-34196
2378,1996,6,49874,39527,10347
2378,1996,7,44394,42927,1467
2378,1996,8,15865,19927,-4062
2378,1996,9,81003,59527,21476
2378,1996,10,121925,132827,-10902
2378,1996,11,97059,70727,26332
2378,1996,12,69653,75227,-5574
2378,1997,1,224,47727,-47503
2378,1997,2,134,15127,-14993
2378,1997,3,54775,17727,37048
2378,1997,4,206,22027,-21821
2378,1997,5,84122,70827,13295
2378,1997,6,174,19727,-19553
2378,1997,7,15747,24527,-8780
2378,1997,8,15159,9627,5532
2378,1997,9,10659,14527,-3868
2378,1997,10,5709,9627,-3918
2378,1997,11,5291,9627,-4336
2378,1997,12,5273,9627,-4354
2378,1998,1,58960,36027,22933
2378,1998,2,131,10227,-10096
2378,1998,3,19076,11927,7149
2378,1998,4,23041,9627,13414
2378,1998,5,42121,29834,12287
2378,1998,6,46663,43127,3536
2378,1998,7,165,34145,-33980
2378,1998,8,87223,9627,77596
2378,1998,9,23961,43327,-19366
2378,1998,10,258,36827,-36569
2378,1998,11,163,17527,-17364
2378,1998,12,65197,9612,55585
2379,1993,1,800,0,800
2379,1993,2,19028,0,19028
2379,1993,3,5162,2600,2562
2379,1993,4,5179,500,4679
2379,1993,5,5185,5000,185
2379,1993,6,7737,2461,5276
2379,1993,7,5198,8096,-2898
2379,1993,8,5193,10036,-4843
2379,1993,9,5179,3596,1583
2379,1993,10,5287,3396,1891
2379,1993,11,5295,3396,1899
2379,1993,12,7731,9696,-1965
2379,1994,1,5150,19236,-14086
2379,1994,2,12458,3396,9062
2379,1994,3,5168,7256,-2088
2379,1994,4,9471,6396,3075
2379,1994,5,6983,3396,3587
2379,1994,6,7735,3496,4239
2379,1994,7,5196,7596,-2400
2379,1994,8,5199,3696,1503
2379,1994,9,5197,6196,-999
2379,1994,10,5195,5396,-201
2379,1994,11,5188,7496,-2308
2379,1994,12,7725,8616,-891
2379,1995,1,10943,17556,-6613
2379,1995,2,5160,3396,1764
2379,1995,3,6971,3396,3575
2379,1995,4,5182,5996,-814
2379,1995,5,5151,15356,-10205
2379,1995,6,7676,4576,3100
2379,1995,7,5148,4496,652
2379,1995,8,5149,5816,-667
2379,1995,9,5147,5896,-749
2379,1995,10,5143,5256,-113
2379,1995,11,5142,7796,-2654
2379,1995,12,7673,9196,-1523
2379,1996,1,5128,3396,1732
2379,1996,2,5132,6096,-964
2379,1996,3,5128,6296,-1168
2379,1996,4,5124,4996,128
2379,1996,5,5126,3396,1730
2379,1996,6,7671,8796,-1125
2379,1996,7,5129,3396,1733
2379,1996,8,5136,3396,1740
2379,1996,9,5143,3396,1747
2379,1996,10,5140,9996,-4856
2379,1996,11,5130,3396,1734
2379,1996,12,7677,8196,-519
2379,1997,1,5132,4356,776
2379,1997,2,5138,3396,1742
2379,1997,3,5145,3396,1749
2379,1997,4,5152,3396,1756
2379,1997,5,5160,3396,1764
2379,1997,6,7710,3396,4314
2379,1997,7,5185,3396,1789
2379,1997,8,5192,3396,1796
2379,1997,9,5161,21996,-16835
2379,1997,10,5129,3396,1733
2379,1997,11,5135,4836,299
2379,1997,12,7681,3396,4285
2379,1998,1,5140,9156,-4016
2379,1998,2,5138,3396,1742
2379,1998,3,5146,3396,1750
2379,1998,4,5153,3396,1757
2379,1998,5,5156,5076,80
2379,1998,6,7704,3396,4308
2379,1998,7,5175,6996,-1821
2379,1998,8,5171,3396,1775
2379,1998,9,5178,3396,1782
2379,1998,10,5185,3396,1789
2379,1998,11,5193,3396,1797
2379,1998,12,7729,7861,-132
2380,1997,2,1000,0,1000
2380,1997,3,13331,0,13331
2380,1997,4,10089,0,10089
2380,1997,5,7529,2100,5429
2380,1997,6,11267,2800,8467
2380,1997,7,7594,12321,-4727
2380,1997,8,7576,9821,-2245
2380,1997,9,11266,4221,7045
2380,1997,10,7694,7021,673
2380,1997,11,7596,11021,-3425
2380,1997,12,11293,12721,-1428
2380,1998,1,8244,21421,-13177
2380,1998,2,13031,4221,8810
2380,1998,3,8258,4221,4037
2380,1998,4,7571,7021,550
2380,1998,5,7576,8621,-1045
2380,1998,6,11268,18021,-6753
2380,1998,7,7536,11321,-3785
2380,1998,8,7537,4221,3316
2380,1998,9,7541,4421,3120
2380,1998,10,7554,4221,3333
2380,1998,11,7558,10621,-3063
2380,1998,12,11275,5906,5369
2381,1997,2,600,0,600
2381,1997,3,23032,0,23032
2381,1997,4,17700,7500,10200
2381,1997,5,17731,12600,5131
2381,1997,6,26545,20000,6545
2381,1997,7,17771,19615,-1844
2381,1997,8,17743,27873,-10130
2381,1997,9,17724,17373,351
2381,1997,10,17741,11873,5868
2381,1997,11,17750,21173,-3423
2381,1997,12,26551,19073,7478
2381,1998,1,17737,27573,-9836
2381,1998,2,17734,13573,4161
2381,1998,3,17754,13273,4481
2381,1998,4,17764,16073,1691
2381,1998,5,17772,17073,699
2381,1998,6,29036,32673,-3637
2381,1998,7,17755,17973,-218
2381,1998,8,17755,16073,1682
2381,1998,9,17762,15973,1789
2381,1998,10,17792,13673,4119
2381,1998,11,19214,9373,9841
2381,1998,12,26651,24158,2493
2382,1994,3,1000,0,1000
2382,1994,4,6115,0,6115
2382,1994,5,6115,0,6115
2382,1994,6,6115,0,6115
2382,1994,7,6115,0,6115
2382,1994,8,6219,3638,2581
2382,1994,9,6239,4638,1601
2382,1994,10,6226,10918,-4692
2382,1994,11,6216,7218,-1002
2382,1994,12,6220,5098,1122
2382,1995,1,6218,13018,-6800
2382,1995,2,6186,8498,-2312
2382,1995,3,6185,5698,487
2382,1995,4,6192,3138,3054
2382,1995,5,6199,5378,821
2382,1995,6,6205,5238,967
2382,1995,7,6201,7058,-857
2382,1995,8,6209,3138,3071
2382,1995,9,6222,3138,3084
2382,1995,10,6235,3138,3097
2382,1995,11,6247,3138,3109
2382,1995,12,6260,4688,1572
2382,1996,1,6248,16118,-9870
2382,1996,2,6225,3138,3087
2382,1996,3,6230,6498,-268
2382,1996,4,6235,3858,2377
2382,1996,5,6245,5838,407
2382,1996,6,6200,20648,-14448
2382,1996,7,6189,3138,3051
2382,1996,8,6200,5778,422
2382,1996,9,6201,5338,863
2382,1996,10,6207,3138,3069
2382,1996,11,6217,5238,979
2382,1996,12,6222,5288,934
2382,1997,1,6217,12788,-6571
2382,1997,2,6199,3838,2361
2382,1997,3,6208,4138,2070
2382,1997,4,6210,8738,-2528
2382,1997,5,6207,3438,2769
2382,1997,6,6211,10698,-4487
2382,1997,7,6195,7758,-1563
2382,1997,8,6187,7238,-1051
2382,1997,9,6184,6138,46
2382,1997,10,6182,7138,-956
2382,1997,11,6176,8038,-1862
2382,1997,12,6175,4388,1787
2382,1998,1,6180,5938,242
2382,1998,2,6186,3138,3048
2382,1998,3,6200,3778,2422
2382,1998,4,6186,13738,-7552
2382,1998,5,6173,5238,935
2382,1998,6,6173,6738,-565
2382,1998,7,6178,3138,3040
2382,1998,8,6180,6898,-718
2382,1998,9,6188,3138,3050
2382,1998,10,6200,4818,1382
2382,1998,11,6181,12638,-6457
2382,1998,12,6178,4573,1605
2383,1996,8,11423,0,11423
2383,1996,9,20094,0,20094
2383,1996,10,11222,0,11222
2383,1996,11,11258,9300,1958
2383,1996,12,16849,10654,6195
2383,1997,1,11283,17385,-6102
2383,1997,2,11272,11985,-713
2383,1997,3,11254,17545,-6291
2383,1997,4,11252,9085,2167
2383,1997,5,11258,10185,1073
2383,1997,6,16783,43905,-27122
2383,1997,7,21394,5385,16009
2383,1997,8,11230,9885,1345
2383,1997,9,11221,10905,316
2383,1997,10,12338,5385,6953
2383,1997,11,11263,15625,-4362
2383,1997,12,16801,11925,4876
2383,1998,1,11260,10945,315
2383,1998,2,11267,10085,1182
2383,1998,3,11475,5385,6090
2383,1998,4,11297,11505,-208
2383,1998,5,11296,10385,911
2383,1998,6,29147,42185,-13038
2383,1998,7,17754,5385,12369
2383,1998,8,11286,12165,-879
2383,1998,9,11390,9105,2285
2383,1998,10,11302,8785,2517
2383,1998,11,11311,9385,1926
2383,1998,12,16864,23550,-6686
2384,1994,12,500,0,500
2384,1995,1,47956,11400,36556
2384,1995,2,48078,32700,15378
2384,1995,3,48136,37700,10436
2384,1995,4,48205,53000,-4795
2384,1995,5,48098,70515,-22417
2384,1995,6,72076,63215,8861
2384,1995,7,48110,35515,12595
2384,1995,8,48164,47552,612
2384,1995,9,48190,48615,-425
2384,1995,10,48125,64615,-16490
2384,1995,11,48114,36315,11799
2384,1995,12,72053,88815,-16762
2384,1996,1,48074,54815,-6741
2384,1996,2,48056,44115,3941
2384,1996,3,48068,35815,12253
2384,1996,4,48106,42415,5691
2384,1996,5,48131,43315,4816
2384,1996,6,72105,77515,-5410
2384,1996,7,48121,45815,2306
2384,1996,8,48146,49115,-969
2384,1996,9,48128,45315,2813
2384,1996,10,48134,47715,419
2384,1996,11,48130,54457,-6327
2384,1996,12,72052,81215,-9163
2384,1997,1,48027,64815,-16788
2384,1997,2,48130,35715,12415
2384,1997,3,48069,46115,1954
2384,1997,4,48076,42115,5961
2384,1997,5,48079,49815,-1736
2384,1997,6,72227,92415,-20188
2384,1997,7,48129,41015,7114
2384,1997,8,48028,15,48013
2384,1997,9,48252,37715,10537
2384,1997,10,48251,48515,-264
2384,1997,11,48274,44715,3559
2384,1997,12,72202,101715,-29513
2384,1998,1,48103,77819,-29716
2384,1998,2,48095,9315,38780
2384,1998,3,48211,52889,-4678
2384,1998,4,48199,39215,8984
2384,1998,5,48214,46815,1399
2384,1998,6,72172,57415,14757
2384,1998,7,48239,61115,-12876
2384,1998,8,48135,82462,-34327
2384,1998,9,48175,17115,31060
2384,1998,10,48201,51115,-2914
2384,1998,11,48186,55315,-7129
2384,1998,12,72159,67900,4259
2385,1996,11,300,0,300
2385,1996,12,28184,1500,26684
2385,1997,1,18875,12800,6075
2385,1997,2,18918,4400,14518
2385,1997,3,18942,20500,-1558
2385,1997,4,18933,21415,-2482
2385,1997,5,18925,20915,-1990
2385,1997,6,37516,27615,9901
2385,1997,7,18979,11515,7464
2385,1997,8,18996,21115,-2119
2385,1997,9,19004,11015,7989
2385,1997,10,19017,19415,-398
2385,1997,11,19020,17415,1605
2385,1997,12,28409,26715,1694
2385,1998,1,18978,36115,-17137
2385,1998,2,18970,14715,4255
2385,1998,3,18985,15415,3570
2385,1998,4,18996,16815,2181
2385,1998,5,19010,14815,4195
2385,1998,6,28361,30515,-2154
2385,1998,7,19007,19715,-708
2385,1998,8,19013,15915,3098
2385,1998,9,19009,22915,-3906
2385,1998,10,18962,26215,-7253
2385,1998,11,18985,13215,5770
2385,1998,12,28362,20900,7462
2386,1996,12,600,0,600
2386,1997,1,21642,0,21642
2386,1997,2,17911,6300,11611
2386,1997,3,17949,10700,7249
2386,1997,4,17970,15400,2570
2386,1997,5,17982,19557,-1575
2386,1997,6,26848,29254,-2406
2386,1997,7,17973,14154,3819
2386,1997,8,17982,16654,1328
2386,1997,9,17988,15754,2234
2386,1997,10,17992,17954,38
2386,1997,11,17997,18754,-757
2386,1997,12,26912,21154,5758
2386,1998,1,18312,18454,-142
2386,1998,2,18032,9854,8178
2386,1998,3,18085,19654,-1569
2386,1998,4,18049,13254,4795
2386,1998,5,18079,9654,8425
2386,1998,6,27580,26054,1526
2386,1998,7,18087,21054,-2967
2386,1998,8,18103,12054,6049
2386,1998,9,18120,14254,3866
2386,1998,10,18109,22554,-4445
2386,1998,11,18101,17554,547
2386,1998,12,27020,20139,6881
2387,1996,6,800,0,800
2387,1996,7,5121,0,5121
2387,1996,8,5121,0,5121
2387,1996,9,5141,2800,2341
2387,1996,10,5179,3600,1579
2387,1996,11,5182,5715,-533
2387,1996,12,5180,7129,-1949
2387,1997,1,5174,5269,-95
2387,1997,2,5177,3429,1748
2387,1997,3,5178,7229,-2051
2387,1997,4,5171,6429,-1258
2387,1997,5,5171,3429,1742
2387,1997,6,5178,4069,1109
2387,1997,7,5182,6389,-1207
2387,1997,8,5178,3429,1749
2387,1997,9,5185,3429,1756
2387,1997,10,5192,3429,1763
2387,1997,11,5197,5989,-792
2387,1997,12,5194,4829,365
2387,1998,1,5177,8949,-3772
2387,1998,2,5182,3429,1753
2387,1998,3,5189,3429,1760
2387,1998,4,5197,3429,1768
2387,1998,5,5204,5589,-385
2387,1998,6,5200,5829,-629
2387,1998,7,5195,4549,646
2387,1998,8,5203,3429,1774
2387,1998,9,5210,3429,1781
2387,1998,10,5216,5109,107
2387,1998,11,5218,3429,1789
2387,1998,12,5222,4664,558
2388,1993,6,300,0,300
2388,1993,7,3492,0,3492
2388,1993,8,3492,0,3492
2388,1993,9,3492,0,3492
2388,1993,10,3492,0,3492
2388,1993,11,3539,2343,1196
2388,1993,12,3560,2913,647
2388,1994,1,3559,5433,-1874
2388,1994,2,3555,2343,1212
2388,1994,3,3558,3093,465
2388,1994,4,3559,3993,-434
2388,1994,5,3560,2343,1217
2388,1994,6,3563,4173,-610
2388,1994,7,3563,2343,1220
2388,1994,8,3568,2343,1225
2388,1994,9,3573,2343,1230
2388,1994,10,3578,2523,1055
2388,1994,11,3583,2553,1030
2388,1994,12,3586,2523,1063
2388,1995,1,3588,3543,45
2388,1995,2,3591,2343,1248
2388,1995,3,3596,2343,1253
2388,1995,4,3600,3153,447
2388,1995,5,3603,2643,960
2388,1995,6,3591,8073,-4482
2388,1995,7,3589,2343,1246
2388,1995,8,3594,2343,1251
2388,1995,9,3597,4483,-886
2388,1995,10,3595,2343,1252
2388,1995,11,3599,3903,-304
2388,1995,12,3599,2913,686
2388,1996,1,3601,3003,598
2388,1996,2,3602,4943,-1341
2388,1996,3,3599,2343,1256
2388,1996,4,3602,3453,149
2388,1996,5,3604,3243,361
2388,1996,6,3599,6543,-2944
2388,1996,7,3593,3243,350
2388,1996,8,3594,3663,-69
2388,1996,9,3595,2343,1252
2388,1996,10,3600,2343,1257
2388,1996,11,3605,2343,1262
2388,1996,12,3609,3213,396
2388,1997,1,3606,6573,-2967
2388,1997,2,3599,2343,1256
2388,1997,3,3605,2343,1262
2388,1997,4,3610,2343,1267
2388,1997,5,3611,5143,-1532
2388,1997,6,3598,9963,-6365
2388,1997,7,3577,5143,-1566
2388,1997,8,3576,2343,1233
2388,1997,9,3581,2343,1238
2388,1997,10,3586,2343,1243
2388,1997,11,3591,2343,1248
2388,1997,12,3594,3213,381
2388,1998,1,3596,3213,383
2388,1998,2,3596,3783,-187
2388,1998,3,3598,2703,895
2388,1998,4,3602,2343,1259
2388,1998,5,3607,2343,1264
2388,1998,6,3608,5133,-1525
2388,1998,7,3606,2343,1263
2388,1998,8,3611,2343,1268
2388,1998,9,3613,4203,-590
2388,1998,10,3614,2343,1271
2388,1998,11,3619,2343,1276
2388,1998,12,3623,2718,905
2389,1996,6,33359,0,33359
2389,1996,7,21700,2800,18900
2389,1996,8,21734,33800,-12066
2389,1996,9,21664,18300,3364
2389,1996,10,21720,22127,-407
2389,1996,11,21712,20727,985
2389,1996,12,32495,23227,9268
2389,1997,1,21742,34227,-12485
2389,1997,2,21716,22427,-711
2389,1997,3,21705,18727,2978
2389,1997,4,21713,22427,-714
2389,1997,5,21711,20027,1684
2389,1997,6,32439,37227,-4788
2389,1997,7,21697,19227,2470
2389,1997,8,21698,26527,-4829
2389,1997,9,21683,19427,2256
2389,1997,10,21694,23327,-1633
2389,1997,11,21686,17027,4659
2389,1997,12,32482,29427,3055
2389,1998,1,21705,30927,-9222
2389,1998,2,21669,24527,-2858
2389,1998,3,21660,23327,-1667
2389,1998,4,21651,21627,24
2389,1998,5,21658,17527,4131
2389,1998,6,32439,33227,-788
2389,1998,7,21666,20127,1539
2389,1998,8,21669,25327,-3658
2389,1998,9,21660,16127,5533
2389,1998,10,21680,17627,4053
2389,1998,11,21691,19827,1864
2389,1998,12,32456,31412,1044
2390,1996,2,700,0,700
2390,1996,3,126805,35200,91605
2390,1996,4,25527,36400,-10873
2390,1996,5,20060,43872,-23812
2390,1996,6,179,25857,-25678
2390,1996,7,92,14085,-13993
2390,1996,8,17203,13685,3518
2390,1996,9,42479,29985,12494
2390,1996,10,69307,14885,54422
2390,1996,11,223,53485,-53262
2390,1996,12,1704,13685,-11981
2390,1997,1,92943,29685,63258
2390,1997,2,133686,140713,-7027
2390,1997,3,37859,83785,-45926
2390,1997,4,86293,40906,45387
2390,1997,5,39803,82785,-42982
2390,1997,6,82980,22138,60842
2390,1997,7,47014,86844,-39830
2390,1997,8,86669,49576,37093
2390,1997,9,51624,68689,-17065
2390,1997,10,54265,85484,-31219
2390,1997,11,75729,31585,44144
2390,1997,12,85165,81585,3580
2390,1998,1,26604,82612,-56008
2390,1998,2,105,25485,-25380
2390,1998,3,84727,23585,61142
2390,1998,4,138,49885,-49747
2390,1998,5,28,19485,-19457
2390,1998,6,14,2221,-2207
2390,1998,7,6,15,-9
2390,1998,8,0,15,-15
2390,1998,9,12,15,-3
2390,1998,10,0,15,-15
2390,1998,11,53979,21685,32294
2390,1998,12,99,13670,-13571
2391,1997,11,8642,0,8642
2391,1997,12,20971,0,20971
2391,1998,1,8254,3900,4354
2391,1998,2,8271,4100,4171
2391,1998,3,8286,4915,3371
2391,1998,4,8280,12174,-3894
2391,1998,5,8268,10374,-2106
2391,1998,6,12337,7214,5123
2391,1998,7,8282,10074,-1792
2391,1998,8,8254,19574,-11320
2391,1998,9,13452,7374,6078
2391,1998,10,8969,4974,3995
2391,1998,11,8277,7174,1103
2391,1998,12,12346,10219,2127
2392,1997,5,1100,0,1100
2392,1997,6,10400,0,10400
2392,1997,7,6400,0,6400
2392,1997,8,47447,800,46647
2392,1997,9,269,28400,-28131
2392,1997,10,269,10500,-10231
2392,1997,11,269,4100,-3831
2392,1997,12,269,5400,-5131
2392,1998,1,269,800,-531
2392,1998,2,269,3500,-3231
2392,1998,3,40960,17000,23960
2392,1998,4,155,9100,-8945
2392,1998,5,155,4100,-3945
2392,1998,6,155,6500,-6345
2392,1998,7,255,0,255
2392,1998,8,655,0,655
2392,1998,9,4755,0,4755
2392,1998,10,155,100,55
2392,1998,11,40040,22100,17940
2393,1993,1,11665,0,11665
2393,1993,2,16322,0,16322
2393,1993,3,10873,2500,8373
2393,1993,4,10897,6900,3997
2393,1993,5,10904,11115,-211
2393,1993,6,16272,13007,3265
2393,1993,7,10892,16707,-5815
2393,1993,8,10885,11307,-422
2393,1993,9,10878,12907,-2029
2393,1993,10,10873,11707,-834
2393,1993,11,10871,11107,-236
2393,1993,12,16256,10747,5509
2393,1994,1,10859,29067,-18208
2393,1994,2,14649,4307,10342
2393,1994,3,10860,12527,-1667
2393,1994,4,10862,8407,2455
2393,1994,5,10873,8107,2766
2393,1994,6,16263,9107,7156
2393,1994,7,10892,24207,-13315
2393,1994,8,10868,12687,-1819
2393,1994,9,10864,11007,-143
2393,1994,10,10864,8507,2357
2393,1994,11,10871,12407,-1536
2393,1994,12,16231,17447,-1216
2393,1995,1,10836,16707,-5871
2393,1995,2,10837,6107,4730
2393,1995,3,10852,8987,1865
2393,1995,4,10861,16667,-5806
2393,1995,5,10842,5307,5535
2393,1995,6,21208,27627,-6419
2393,1995,7,10838,4307,6531
2393,1995,8,10863,7507,3356
2393,1995,9,10865,10867,-2
2393,1995,10,10874,8907,1967
2393,1995,11,10879,11507,-628
2393,1995,12,16254,13087,3167
2393,1996,1,16750,24667,-7917
2393,1996,2,10864,4407,6457
2393,1996,3,10886,8707,2179
2393,1996,4,10887,13707,-2820
2393,1996,5,10876,13307,-2431
2393,1996,6,16237,20347,-4110
2393,1996,7,10859,5807,5052
2393,1996,8,10869,12207,-1338
2393,1996,9,10866,12227,-1361
2393,1996,10,10868,5707,5161
2393,1996,11,10877,12307,-1430
2393,1996,12,16242,16947,-705
2393,1997,1,10850,17887,-7037
2393,1997,2,10849,6107,4742
2393,1997,3,10867,7407,3460
2393,1997,4,10875,10407,468
2393,1997,5,10874,11807,-933
2393,1997,6,16234,15507,727
2393,1997,7,10869,12907,-2038
2393,1997,8,10879,10607,272
2393,1997,9,10878,5107,5771
2393,1997,10,10883,13947,-3064
2393,1997,11,10890,4707,6183
2393,1997,12,17452,22027,-4575
2393,1998,1,11354,25627,-14273
2393,1998,2,15649,4307,11342
2393,1998,3,10869,9887,982
2393,1998,4,10881,6907,3974
2393,1998,5,10892,8907,1985
2393,1998,6,16262,17887,-1625
2393,1998,7,10894,9727,1167
2393,1998,8,10889,11007,-118
2393,1998,9,10875,17387,-6512
2393,1998,10,10872,9487,1385
2393,1998,11,10881,6107,4774
2393,1998,12,16281,7212,9069
2394,1997,8,400,0,400
2394,1997,9,37118,5500,31618
2394,1997,10,133,1900,-1767
2394,1997,11,15229,3000,12229
2394,1997,12,10247,16100,-5853
2394,1998,1,32909,23000,9909
2394,1998,2,42313,10315,31998
2394,1998,3,263,41425,-41162
2394,1998,4,11109,26233,-15124
2394,1998,5,11449,7416,4033
2394,1998,6,31755,19916,11839
2394,1998,7,11621,16916,-5295
2394,1998,8,28645,27860,785
2394,1998,9,124,6616,-6492
2394,1998,10,96,6716,-6620
2394,1998,11,29313,6416,22897
2394,1998,12,146,12401,-12255
2395,1996,6,500,0,500
2395,1996,7,16209,0,16209
2395,1996,8,6367,1000,5367
2395,1996,9,6389,1200,5189
2395,1996,10,6405,5800,605
2395,1996,11,6415,5475,940
2395,1996,12,9755,8271,1484
2395,1997,1,17410,19791,-2381
2395,1997,2,13825,3711,10114
2395,1997,3,11455,8391,3064
2395,1997,4,9974,4791,5183
2395,1997,5,9893,5991,3902
2395,1997,6,19565,34271,-14706
2395,1997,7,8950,3711,5239
2395,1997,8,6467,4011,2456
2395,1997,9,6478,3911,2567
2395,1997,10,6465,10091,-3626
2395,1997,11,6467,6911,-444
2395,1997,12,9608,12891,-3283
2395,1998,1,8619,26831,-18212
2395,1998,2,7885,3711,4174
2395,1998,3,9707,3711,5996
2395,1998,4,10032,3711,6321
2395,1998,5,6426,10591,-4165
2395,1998,6,9576,8911,665
2395,1998,7,6433,4911,1522
2395,1998,8,6439,5011,1428
2395,1998,9,6949,3711,3238
2395,1998,10,7163,3711,3452
2395,1998,11,10964,9471,1493
2395,1998,12,9626,11916,-2290
2396,1993,2,500,0,500
2396,1993,3,4203,0,4203
2396,1993,4,4203,0,4203
2396,1993,5,4203,0,4203
2396,1993,6,4203,0,4203
2396,1993,7,4257,2563,1694
2396,1993,8,4278,6083,-1805
2396,1993,9,4279,2563,1716
2396,1993,10,4287,2563,1724
2396,1993,11,4293,3063,1230
2396,1993,12,4297,3913,384
2396,1994,1,4286,7513,-3227
2396,1994,2,4287,2563,1724
2396,1994,3,4292,3663,629
2396,1994,4,4292,4803,-511
2396,1994,5,4295,2563,1732
2396,1994,6,4295,5923,-1628
2396,1994,7,4295,2563,1732
2396,1994,8,4302,2563,1739
2396,1994,9,4307,3663,644
2396,1994,10,4310,3563,747
2396,1994,11,4315,2563,1752
2396,1994,12,4315,5553,-1238
2396,1995,1,4315,5263,-948
2396,1995,2,4304,8183,-3879
2396,1995,3,4296,3063,1233
2396,1995,4,4302,2563,1739
2396,1995,5,4297,7843,-3546
2396,1995,6,4262,13263,-9001
2396,1995,7,4257,2563,1694
2396,1995,8,4264,3763,501
2396,1995,9,4266,2563,1703
2396,1995,10,4273,3763,510
2396,1995,11,4277,2563,1714
2396,1995,12,4282,2963,1319
2396,1996,1,4287,3863,424
2396,1996,2,4289,2563,1726
2396,1996,3,4297,3063,1234
2396,1996,4,4302,2563,1739
2396,1996,5,4310,2963,1347
2396,1996,6,4287,12963,-8676
2396,1996,7,4278,2563,1715
2396,1996,8,4288,2763,1525
2396,1996,9,4292,2563,1729
2396,1996,10,4295,4403,-108
2396,1996,11,4298,2563,1735
2396,1996,12,4304,3513,791
2396,1997,1,4298,8283,-3985
2396,1997,2,4292,2563,1729
2396,1997,3,4299,2563,1736
2396,1997,4,4304,4323,-19
2396,1997,5,4306,2563,1743
2396,1997,6,4309,6713,-2404
2396,1997,7,4303,3603,700
2396,1997,8,4305,3203,1102
2396,1997,9,4308,5363,-1055
2396,1997,10,4302,5203,-901
2396,1997,11,4300,4323,-23
2396,1997,12,4300,3563,737
2396,1998,1,4300,5813,-1513
2396,1998,2,4299,2563,1736
2396,1998,3,4306,2563,1743
2396,1998,4,4313,2563,1750
2396,1998,5,4319,5063,-744
2396,1998,6,4315,5963,-1648
2396,1998,7,4305,8863,-4558
2396,1998,8,4289,4323,-34
2396,1998,9,4290,3263,1027
2396,1998,10,4292,6063,-1771
2396,1998,11,4288,2563,1725
2396,1998,12,4295,2798,1497
2397,1996,6,1000,0,1000
2397,1996,7,10823,0,10823
2397,1996,8,10169,0,10169
2397,1996,9,4795,1100,3695
2397,1996,10,4804,3600,1204
2397,1996,11,4801,6515,-1714
2397,1996,12,7139,10244,-3105
2397,1997,1,4759,13544,-8785
2397,1997,2,7561,3144,4417
2397,1997,3,7279,3144,4135
2397,1997,4,4788,4844,-56
2397,1997,5,4776,7344,-2568
2397,1997,6,9437,14344,-4907
2397,1997,7,9672,3144,6528
2397,1997,8,9286,6244,3042
2397,1997,9,6703,3144,3559
2397,1997,10,7920,5744,2176
2397,1997,11,5623,3144,2479
2397,1997,12,7174,12144,-4970
2397,1998,1,4791,15344,-10553
2397,1998,2,6270,3144,3126
2397,1998,3,10296,8344,1952
2397,1998,4,6693,3144,3549
2397,1998,5,4800,3344,1456
2397,1998,6,7155,4644,2511
2397,1998,7,7226,3144,4082
2397,1998,8,4833,3644,1189
2397,1998,9,4809,11644,-6835
2397,1998,10,4809,3744,1065
2397,1998,11,7726,3144,4582
2397,1998,12,8991,5229,3762
2398,1996,11,200,0,200
2398,1996,12,14415,0,14415
2398,1997,1,6369,0,6369
2398,1997,2,3291,15,3276
2398,1997,3,13602,5715,7887
2398,1997,4,1534,2115,-581
2398,1997,5,1531,3015,-1484
2398,1997,6,10606,14115,-3509
2398,1997,7,1714,15,1699
2398,1997,8,3723,15,3708
2398,1997,9,2437,365,2072
2398,1997,10,3547,15,3532
2398,1997,11,1554,3615,-2061
2398,1997,12,4147,3815,332
2398,1998,1,9836,23415,-13579
2398,1998,2,26089,6465,19624
2398,1998,3,1570,3365,-1795
2398,1998,4,3172,15,3157
2398,1998,5,1579,2015,-436
2398,1998,6,41868,45615,-3747
2398,1998,7,8766,15,8751
2398,1998,8,1601,315,1286
2398,1998,9,3107,1265,1842
2398,1998,10,1615,115,1500
2398,1998,11,1609,6665,-5056
2398,1998,12,1596,2050,-454
2399,1994,4,300,0,300
2399,1994,5,12513,0,12513
2399,1994,6,32131,12915,19216
2399,1994,7,2534,4165,-1631
2399,1994,8,2529,2515,14
2399,1994,9,2525,5365,-2840
2399,1994,10,2519,415,2104
2399,1994,11,2524,3215,-691
2399,1994,12,19397,7915,11482
2399,1995,1,2550,12215,-9665
2399,1995,2,2523,8465,-5942
2399,1995,3,2512,1015,1497
2399,1995,4,2513,765,1748
2399,1995,5,2519,1915,604
2399,1995,6,5627,14615,-8988
2399,1995,7,2485,1115,1370
2399,1995,8,4896,15,4881
2399,1995,9,2505,3765,-1260
2399,1995,10,43065,3215,39850
2399,1995,11,15656,26815,-11159
2399,1995,12,2602,13815,-11213
2399,1996,1,2558,10215,-7657
2399,1996,2,2535,7115,-4580
2399,1996,3,2522,3315,-793
2399,1996,4,3823,2465,1358
2399,1996,5,2521,4615,-2094
2399,1996,6,2498,12915,-10417
2399,1996,7,6589,15,6574
2399,1996,8,3000,3265,-265
2399,1996,9,4811,15,4796
2399,1996,10,20176,7065,13111
2399,1996,11,2564,7315,-4751
2399,1996,12,2548,7665,-5117
2399,1997,1,2530,3865,-1335
2399,1997,2,2528,2015,513
2399,1997,3,2521,6315,-3794
2399,1997,4,26712,2165,24547
2399,1997,5,2581,13765,-11184
2399,1997,6,2507,26065,-23558
2399,1997,7,6887,15,6872
2399,1997,8,6913,1065,5848
2399,1997,9,2526,1515,1011
2399,1997,10,2524,3715,-1191
2399,1997,11,34759,1215,33544
2399,1997,12,2610,19665,-17055
2399,1998,1,2562,9615,-7053
2399,1998,2,2559,4215,-1656
2399,1998,3,2540,8915,-6375
2399,1998,4,2509,8215,-5706
2399,1998,5,4014,15,3999
2399,1998,6,15914,4415,11499
2399,1998,7,2559,6815,-4256
2399,1998,8,2531,6915,-4384
2399,1998,9,48835,1965,46870
2399,1998,10,2668,28615,-25947
2399,1998,11,2605,8915,-6310
2399,1998,12,2553,12150,-9597
2400,1996,6,500,0,500
2400,1996,7,4351,0,4351
2400,1996,8,4351,0,4351
2400,1996,9,4351,0,4351
2400,1996,10,4351,0,4351
2400,1996,11,4354,15,4339
2400,1996,12,4446,4105,341
2400,1997,1,4438,14275,-9837
2400,1997,2,4411,1655,2756
2400,1997,3,4419,3815,604
2400,1997,4,4425,1655,2770
2400,1997,5,4437,2855,1582
2400,1997,6,4443,1655,2788
2400,1997,7,4455,1655,2800
2400,1997,8,4467,1655,2812
2400,1997,9,4478,1655,2823
2400,1997,10,4480,4895,-415
2400,1997,11,4488,1655,2833
2400,1997,12,4499,2155,2344
2400,1998,1,4490,12835,-8345
2400,1998,2,4475,1655,2820
2400,1998,3,4476,5095,-619
2400,1998,4,4484,1655,2829
2400,1998,5,4491,3015,1476
2400,1998,6,4499,3655,844
2400,1998,7,4506,1655,2851
2400,1998,8,4509,3855,654
2400,1998,9,4519,3815,704
2400,1998,10,4523,1655,2868
2400,1998,11,4524,5015,-491
2400,1998,12,4524,4190,334
2401,1994,8,1100,0,1100
2401,1994,9,6852,0,6852
2401,1994,10,6852,0,6852
2401,1994,11,6852,0,6852
2401,1994,12,6879,3700,3179
2401,1995,1,6965,4197,2768
2401,1995,2,6976,3557,3419
2401,1995,3,6984,10757,-3773
2401,1995,4,6974,4797,2177
2401,1995,5,6982,5397,1585
2401,1995,6,6981,12167,-5186
2401,1995,7,6968,4797,2171
2401,1995,8,6977,7517,-540
2401,1995,9,6976,3297,3679
2401,1995,10,6984,8297,-1313
2401,1995,11,6987,2997,3990
2401,1995,12,6992,8897,-1905
2401,1996,1,6993,4947,2046
2401,1996,2,6994,8197,-1203
2401,1996,3,6989,7997,-1008
2401,1996,4,6990,5037,1953
2401,1996,5,6998,8517,-1519
2401,1996,6,6982,12947,-5965
2401,1996,7,6961,8397,-1436
2401,1996,8,6966,2797,4169
2401,1996,9,6983,2797,4186
2401,1996,10,6996,6377,619
2401,1996,11,6998,4597,2401
2401,1996,12,7002,8407,-1405
2401,1997,1,6992,11977,-4985
2401,1997,2,6973,8097,-1124
2401,1997,3,6974,5837,1137
2401,1997,4,6986,2797,4189
2401,1997,5,7004,2797,4207
2401,1997,6,7001,15397,-8396
2401,1997,7,6986,4317,2669
2401,1997,8,6997,6397,600
2401,1997,9,7005,2797,4208
2401,1997,10,7017,3597,3420
2401,1997,11,7031,2797,4234
2401,1997,12,7032,10167,-3135
2401,1998,1,7022,9347,-2325
2401,1998,2,7020,5757,1263
2401,1998,3,7015,9157,-2142
2401,1998,4,7013,8097,-1084
2401,1998,5,7005,7997,-992
2401,1998,6,6971,18367,-11396
2401,1998,7,6966,3917,3049
2401,1998,8,6976,5837,1139
2401,1998,9,6983,2797,4186
2401,1998,10,6995,5757,1238
2401,1998,11,7005,2797,4208
2401,1998,12,7022,3682,3340
2402,1997,11,7964,0,7964
2402,1997,12,6976,0,6976
2402,1998,1,6976,0,6976
2402,1998,2,6976,0,6976
2402,1998,3,7043,2915,4128
2402,1998,4,7062,11239,-4177
2402,1998,5,7076,2399,4677
2402,1998,6,7080,12049,-4969
2402,1998,7,7074,2399,4675
2402,1998,8,7089,3299,3790
2402,1998,9,7109,2399,4710
2402,1998,10,7129,2399,4730
2402,1998,11,7131,7159,-28
2402,1998,12,7126,7384,-258
2403,1996,2,400,0,400
2403,1996,3,13768,0,13768
2403,1996,4,6916,0,6916
2403,1996,5,4639,1700,2939
2403,1996,6,6926,3000,3926
2403,1996,7,4666,3646,1020
2403,1996,8,4668,5046,-378
2403,1996,9,4659,8846,-4187
2403,1996,10,4647,5846,-1199
2403,1996,11,6946,5946,1000
2403,1996,12,6917,9146,-2229
2403,1997,1,8327,16046,-7719
2403,1997,2,7516,3046,4470
2403,1997,3,4625,4946,-321
2403,1997,4,4625,4346,279
2403,1997,5,6632,4346,2286
2403,1997,6,6910,7346,-436
2403,1997,7,6040,3046,2994
2403,1997,8,5345,5446,-101
2403,1997,9,7245,7446,-201
2403,1997,10,5241,6146,-905
2403,1997,11,4644,3246,1398
2403,1997,12,8231,4146,4085
2403,1998,1,13140,21646,-8506
2403,1998,2,12149,7446,4703
2403,1998,3,6256,3046,3210
2403,1998,4,7570,4646,2924
2403,1998,5,5279,3046,2233
2403,1998,6,7166,3046,4120
2403,1998,7,4697,5546,-849
2403,1998,8,4689,6946,-2257
2403,1998,9,4687,4246,441
2403,1998,10,4665,14446,-9781
2403,1998,11,4645,5446,-801
2403,1998,12,6909,10431,-3522
2404,1997,6,19497,0,19497
2404,1997,7,14049,0,14049
2404,1997,8,12986,7600,5386
2404,1997,9,13008,7800,5208
2404,1997,10,13027,9115,3912
2404,1997,11,12981,22623,-9642
2404,1997,12,19428,14323,5105
2404,1998,1,12964,36703,-23739
2404,1998,2,12928,8503,4425
2404,1998,3,12927,15203,-2276
2404,1998,4,12921,13003,-82
2404,1998,5,12918,19103,-6185
2404,1998,6,19357,11203,8154
2404,1998,7,12949,14103,-1154
2404,1998,8,12934,19423,-6489
2404,1998,9,12914,16203,-3289
2404,1998,10,12905,5503,7402
2404,1998,11,12923,21323,-8400
2404,1998,12,19326,16488,2838
2405,1997,2,600,0,600
2405,1997,3,20984,0,20984
2405,1997,4,12969,3700,9269
2405,1997,5,13003,13200,-197
2405,1997,6,19443,14900,4543
2405,1997,7,13018,18475,-5457
2405,1997,8,13009,15022,-2013
2405,1997,9,13004,10822,2182
2405,1997,10,13011,12522,489
2405,1997,11,13017,11642,1375
2405,1997,12,19445,18442,1003
2405,1998,1,16792,23942,-7150
2405,1998,2,14400,6422,7978
2405,1998,3,13028,10822,2206
2405,1998,4,13032,14822,-1790
2405,1998,5,13029,10322,2707
2405,1998,6,19486,17522,1964
2405,1998,7,13039,18622,-5583
2405,1998,8,13023,15202,-2179
2405,1998,9,13011,12922,89
2405,1998,10,13008,14622,-1614
2405,1998,11,13004,12622,382
2405,1998,12,19452,18507,945
2406,1996,3,400,0,400
2406,1996,4,4780,0,4780
2406,1996,5,4780,0,4780
2406,1996,6,4780,0,4780
2406,1996,7,4780,0,4780
2406,1996,8,4834,3201,1633
2406,1996,9,4872,3201,1671
2406,1996,10,4879,3201,1678
2406,1996,11,4880,6321,-1441
2406,1996,12,4879,4201,678
2406,1997,1,4855,14151,-9296
2406,1997,2,4844,3201,1643
2406,1997,3,4850,4241,609
2406,1997,4,4854,3201,1653
2406,1997,5,4861,3201,1660
2406,1997,6,4835,14551,-9716
2406,1997,7,4827,3201,1626
2406,1997,8,4834,3201,1633
2406,1997,9,4840,3201,1639
2406,1997,10,4847,3201,1646
2406,1997,11,4846,6801,-1955
2406,1997,12,4845,4031,814
2406,1998,1,4840,7041,-2201
2406,1998,2,4839,3921,918
2406,1998,3,4844,3201,1643
2406,1998,4,4851,3201,1650
2406,1998,5,4858,3201,1657
2406,1998,6,4864,3201,1663
2406,1998,7,4871,3201,1670
2406,1998,8,4878,3201,1677
2406,1998,9,4885,3201,1684
2406,1998,10,4892,3201,1691
2406,1998,11,4899,3201,1698
2406,1998,12,4905,5376,-471
2407,1996,7,900,0,900
2407,1996,8,15164,0,15164
2407,1996,9,11017,3400,7617
2407,1996,10,11043,7500,3543
2407,1996,11,11051,10900,151
2407,1996,12,16527,14015,2512
2407,1997,1,11032,21707,-10675
2407,1997,2,11025,8507,2518
2407,1997,3,11031,11207,-176
2407,1997,4,11027,13407,-2380
2407,1997,5,11024,9307,1717
2407,1997,6,16515,8907,7608
2407,1997,7,11047,16407,-5360
2407,1997,8,11037,10507,530
2407,1997,9,11037,11107,-70
2407,1997,10,11035,11707,-672
2407,1997,11,11034,13007,-1973
2407,1997,12,16512,10807,5705
2407,1998,1,11029,21607,-10578
2407,1998,2,11014,7307,3707
2407,1998,3,11021,11007,14
2407,1998,4,11023,10407,616
2407,1998,5,11019,13207,-2188
2407,1998,6,17308,7307,10001
2407,1998,7,11057,10207,850
2407,1998,8,14577,7307,7270
2407,1998,9,11395,9807,1588
2407,1998,10,11081,15607,-4526
2407,1998,11,11054,16807,-5753
2407,1998,12,16520,14992,1528
2408,1996,12,600,0,600
2408,1997,1,16698,0,16698
2408,1997,2,16061,8200,7861
2408,1997,3,16093,9300,6793
2408,1997,4,16118,14000,2118
2408,1997,5,16150,16085,65
2408,1997,6,24154,24925,-771
2408,1997,7,16148,24065,-7917
2408,1997,8,16110,13145,2965
2408,1997,9,16129,9485,6644
2408,1997,10,16154,12185,3969
2408,1997,11,16160,14485,1675
2408,1997,12,24181,18305,5876
2408,1998,1,16181,28405,-12224
2408,1998,2,16151,9885,6266
2408,1998,3,16173,14185,1988
2408,1998,4,16182,12485,3697
2408,1998,5,16191,16585,-394
2408,1998,6,24189,22525,1664
2408,1998,7,16195,16745,-550
2408,1998,8,16206,9285,6921
2408,1998,9,16215,19485,-3270
2408,1998,10,16208,14385,1823
2408,1998,11,16206,18785,-2579
2408,1998,12,24193,28870,-4677
2409,1996,2,1100,0,1100
2409,1996,3,17540,0,17540
2409,1996,4,10397,400,9997
2409,1996,5,10427,5400,5027
2409,1996,6,15599,8900,6699
2409,1996,7,10456,13743,-3287
2409,1996,8,10458,7343,3115
2409,1996,9,10464,9563,901
2409,1996,10,10456,14763,-4307
2409,1996,11,10460,6143,4317
2409,1996,12,15612,14863,749
2409,1997,1,10454,21503,-11049
2409,1997,2,13136,8283,4853
2409,1997,3,12363,5043,7320
2409,1997,4,10486,5943,4543
2409,1997,5,10497,8943,1554
2409,1997,6,15646,15203,443
2409,1997,7,10508,7943,2565
2409,1997,8,10504,13443,-2939
2409,1997,9,10497,11343,-846
2409,1997,10,10498,9743,755
2409,1997,11,10496,15683,-5187
2409,1997,12,15626,16063,-437
2409,1998,1,10456,18123,-7667
2409,1998,2,10456,5443,5013
2409,1998,3,13688,5043,8645
2409,1998,4,10488,14383,-3895
2409,1998,5,11079,12243,-1164
2409,1998,6,15635,19363,-3728
2409,1998,7,11581,5043,6538
2409,1998,8,11694,9243,2451
2409,1998,9,12614,5043,7571
2409,1998,10,11346,5043,6303
2409,1998,11,10569,11763,-1194
2409,1998,12,15724,7628,8096
2410,1993,5,600,0,600
2410,1993,6,6105,0,6105
2410,1993,7,6105,0,6105
2410,1993,8,6105,0,6105
2410,1993,9,6105,0,6105
2410,1993,10,6189,1315,4874
2410,1993,11,6237,3425,2812
2410,1993,12,6238,7075,-837
2410,1994,1,6222,11765,-5543
2410,1994,2,6217,4025,2192
2410,1994,3,6223,5325,898
2410,1994,4,6235,3425,2810
2410,1994,5,6247,3425,2822
2410,1994,6,6247,19375,-13128
2410,1994,7,6189,6865,-676
2410,1994,8,6201,3425,2776
2410,1994,9,6212,3425,2787
2410,1994,10,6224,3425,2799
2410,1994,11,6230,5185,1045
2410,1994,12,6227,8795,-2568
2410,1995,1,6216,6375,-159
2410,1995,2,6228,3425,2803
2410,1995,3,6240,3425,2815
2410,1995,4,6252,3425,2827
2410,1995,5,6248,7185,-937
2410,1995,6,6250,7875,-1625
2410,1995,7,6251,6545,-294
2410,1995,8,6252,3425,2827
2410,1995,9,6263,3425,2838
2410,1995,10,6274,6525,-251
2410,1995,11,6273,5125,1148
2410,1995,12,6277,4325,1952
2410,1996,1,6281,6175,106
2410,1996,2,6286,5525,761
2410,1996,3,6278,6305,-27
2410,1996,4,6290,4225,2065
2410,1996,5,6295,8425,-2130
2410,1996,6,6275,15175,-8900
2410,1996,7,6253,3985,2268
2410,1996,8,6262,3425,2837
2410,1996,9,6274,3425,2849
2410,1996,10,6286,3425,2861
2410,1996,11,6297,5345,952
2410,1996,12,6300,4225,2075
2410,1997,1,6299,7825,-1526
2410,1997,2,6301,4545,1756
2410,1997,3,6311,3425,2886
2410,1997,4,6323,3425,2898
2410,1997,5,6335,3425,2910
2410,1997,6,6326,8225,-1899
2410,1997,7,6337,4225,2112
2410,1997,8,6340,4785,1555
2410,1997,9,6352,3985,2367
2410,1997,10,6363,3425,2938
2410,1997,11,6372,6865,-493
2410,1997,12,6373,4425,1948
2410,1998,1,6370,6665,-295
2410,1998,2,6380,3425,2955
2410,1998,3,6386,6225,161
2410,1998,4,6393,3425,2968
2410,1998,5,6389,7105,-716
2410,1998,6,6386,11875,-5489
2410,1998,7,6379,3425,2954
2410,1998,8,6391,3425,2966
2410,1998,9,6395,5225,1170
2410,1998,10,6408,3425,2983
2410,1998,11,6420,3425,2995
2410,1998,12,6431,3810,2621
2411,1993,6,700,0,700
2411,1993,7,25100,0,25100
2411,1993,8,22300,10900,11400
2411,1993,9,22342,16600,5742
2411,1993,10,22361,22300,61
2411,1993,11,22363,21115,1248
2411,1993,12,33462,31095,2367
2411,1994,1,22394,32855,-10461
2411,1994,2,22338,17715,4623
2411,1994,3,22356,19415,2941
2411,1994,4,22367,20715,1652
2411,1994,5,22393,20935,1458
2411,1994,6,33451,47635,-14184
2411,1994,7,22338,17135,5203
2411,1994,8,22371,21115,1256
2411,1994,9,22354,21075,1279
2411,1994,10,22357,18615,3742
2411,1994,11,22368,21115,1253
2411,1994,12,33520,28875,4645
2411,1995,1,22400,35135,-12735
2411,1995,2,22348,16315,6033
2411,1995,3,22376,15015,7361
2411,1995,4,22398,19615,2783
2411,1995,5,22410,25815,-3405
2411,1995,6,33507,33415,92
2411,1995,7,22400,17715,4685
2411,1995,8,22411,21915,496
2411,1995,9,22414,21415,999
2411,1995,10,22422,20115,2307
2411,1995,11,22418,25715,-3297
2411,1995,12,33504,34095,-591
2411,1996,1,22388,41835,-19447
2411,1996,2,22350,14115,8235
2411,1996,3,22372,18715,3657
2411,1996,4,22384,20015,2369
2411,1996,5,22378,25815,-3437
2411,1996,6,33476,29415,4061
2411,1996,7,22387,23315,-928
2411,1996,8,22385,22815,-430
2411,1996,9,22396,18315,4081
2411,1996,10,22413,18415,3998
2411,1996,11,22483,22155,328
2411,1996,12,33507,41215,-7708
2411,1997,1,22329,39875,-17546
2411,1997,2,22373,4235,18138
2411,1997,3,22384,25635,-3251
2411,1997,4,22446,19615,2831
2411,1997,5,22453,19395,3058
2411,1997,6,33451,48515,-15064
2411,1997,7,22399,3515,18884
2411,1997,8,22427,18675,3752
2411,1997,9,22443,18515,3928
2411,1997,10,22441,23715,-1274
2411,1997,11,22438,23115,-677
2411,1997,12,33564,24655,8909
2411,1998,1,22369,54555,-32186
2411,1998,2,22370,13395,8975
2411,1998,3,22417,10615,11802
2411,1998,4,22442,17715,4727
2411,1998,5,22456,20175,2281
2411,1998,6,33549,67615,-34066
2411,1998,7,22366,18415,3951
2411,1998,8,22330,20615,1715
2411,1998,9,22388,23895,-1507
2411,1998,10,22331,19815,2516
2411,1998,11,22340,23315,-975
2411,1998,12,33431,29820,3611
2413,1997,10,500,0,500
2413,1997,11,16633,0,16633
2413,1997,12,23664,10900,12764
2413,1998,1,15845,16600,-755
2413,1998,2,15843,14000,1843
2413,1998,3,15864,22563,-6699
2413,1998,4,15843,17763,-1920
2413,1998,5,15846,19323,-3477
2413,1998,6,28064,28263,-199
2413,1998,7,18335,8063,10272
2413,1998,8,15867,15963,-96
2413,1998,9,15857,13663,2194
2413,1998,10,15867,13759,2108
2413,1998,11,15876,15159,717
2413,1998,12,23759,13664,10095
2414,1995,1,400,0,400
2414,1995,2,2949,0,2949
2414,1995,3,2949,0,2949
2414,1995,4,2949,0,2949
2414,1995,5,2949,0,2949
2414,1995,6,2951,15,2936
2414,1995,7,3011,3091,-80
2414,1995,8,3013,2311,702
2414,1995,9,3016,2181,835
2414,1995,10,3018,2681,337
2414,1995,11,3017,3881,-864
2414,1995,12,3017,2131,886
2414,1996,1,3016,4711,-1695
2414,1996,2,3014,1981,1033
2414,1996,3,3018,1981,1037
2414,1996,4,3023,1981,1042
2414,1996,5,3027,1981,1046
2414,1996,6,3023,5131,-2108
2414,1996,7,3016,4281,-1265
2414,1996,8,3016,2681,335
2414,1996,9,3013,4081,-1068
2414,1996,10,3013,2821,192
2414,1996,11,3010,4411,-1401
2414,1996,12,3004,3841,-837
2414,1997,1,3003,3491,-488
2414,1997,2,2998,3981,-983
2414,1997,3,3000,1981,1019
2414,1997,4,3004,1981,1023
2414,1997,5,3008,1981,1027
2414,1997,6,3012,1981,1031
2414,1997,7,3016,2821,195
2414,1997,8,3016,2701,315
2414,1997,9,3019,1981,1038
2414,1997,10,3020,3421,-401
2414,1997,11,3021,1981,1040
2414,1997,12,3009,7621,-4612
2414,1998,1,3005,2881,124
2414,1998,2,3007,1981,1026
2414,1998,3,3006,4091,-1085
2414,1998,4,3006,1981,1025
2414,1998,5,3011,1981,1030
2414,1998,6,3007,4781,-1774
2414,1998,7,3008,1981,1027
2414,1998,8,3012,1981,1031
2414,1998,9,3016,1981,1035
2414,1998,10,3020,1981,1039
2414,1998,11,3025,1981,1044
2414,1998,12,3027,3406,-379
2415,1997,2,1100,0,1100
2415,1997,3,21329,0,21329
2415,1997,4,15416,9100,6316
2415,1997,5,15442,10100,5342
2415,1997,6,23124,18000,5124
2415,1997,7,15481,18715,-3234
2415,1997,8,15478,27103,-11625
2415,1997,9,15436,18923,-3487
2415,1997,10,15423,15523,-100
2415,1997,11,15408,16103,-695
2415,1997,12,23095,17703,5392
2415,1998,1,15443,12723,2720
2415,1998,2,15454,13223,2231
2415,1998,3,15455,18283,-2828
2415,1998,4,15449,15823,-374
2415,1998,5,15448,14863,585
2415,1998,6,23127,18823,4304
2415,1998,7,15467,15223,244
2415,1998,8,15467,15223,244
2415,1998,9,15466,16123,-657
2415,1998,10,15465,14043,1422
2415,1998,11,15472,13123,2349
2415,1998,12,23153,15308,7845
2416,1996,1,700,0,700
2416,1996,2,24015,0,24015
2416,1996,3,16999,9600,7399
2416,1996,4,17026,12400,4626
2416,1996,5,17040,16500,540
2416,1996,6,25488,31340,-5852
2416,1996,7,17029,15240,1789
2416,1996,8,17031,19360,-2329
2416,1996,9,17023,17140,-117
2416,1996,10,17019,18540,-1521
2416,1996,11,17021,13740,3281
2416,1996,12,25478,30160,-4682
2416,1997,1,19988,27520,-7532
2416,1997,2,16989,10140,6849
2416,1997,3,17008,15640,1368
2416,1997,4,17017,13740,3277
2416,1997,5,17021,18640,-1619
2416,1997,6,25473,21540,3933
2416,1997,7,17026,19940,-2914
2416,1997,8,17022,16740,282
2416,1997,9,17025,14640,2385
2416,1997,10,17020,22280,-5260
2416,1997,11,17007,16840,167
2416,1997,12,25467,21440,4027
2416,1998,1,17037,23160,-6123
2416,1998,2,16985,23880,-6895
2416,1998,3,16962,21320,-4358
2416,1998,4,16943,19640,-2697
2416,1998,5,16957,13540,3417
2416,1998,6,25394,27300,-1906
2416,1998,7,16929,23240,-6311
2416,1998,8,16914,19440,-2526
2416,1998,9,16928,9440,7488
2416,1998,10,16955,11480,5475
2416,1998,11,16925,30240,-13315
2416,1998,12,25362,23625,1737
2417,1993,8,800,0,800
2417,1993,9,16473,0,16473
2417,1993,10,4824,100,4724
2417,1993,11,4842,900,3942
2417,1993,12,7232,3000,4232
2417,1994,1,4861,14777,-9916
2417,1994,2,8931,7377,1554
2417,1994,3,4838,3577,1261
2417,1994,4,4834,7477,-2643
2417,1994,5,4832,3777,1055
2417,1994,6,11992,19177,-7185
2417,1994,7,8816,3177,5639
2417,1994,8,4830,3577,1253
2417,1994,9,5542,3177,2365
2417,1994,10,4835,8077,-3242
2417,1994,11,4827,5577,-750
2417,1994,12,7195,11977,-4782
2417,1995,1,4800,7377,-2577
2417,1995,2,4800,3277,1523
2417,1995,3,5206,3177,2029
2417,1995,4,4805,6677,-1872
2417,1995,5,4799,6077,-1278
2417,1995,6,7169,7477,-308
2417,1995,7,4794,5477,-683
2417,1995,8,4787,6977,-2190
2417,1995,9,4783,5377,-594
2417,1995,10,4785,3177,1608
2417,1995,11,4790,4477,313
2417,1995,12,7154,9977,-2823
2417,1996,1,4781,3177,1604
2417,1996,2,4787,3177,1610
2417,1996,3,4788,7077,-2289
2417,1996,4,4785,3177,1608
2417,1996,5,4791,3177,1614
2417,1996,6,7176,3177,3999
2417,1996,7,4815,3177,1638
2417,1996,8,4821,3177,1644
2417,1996,9,4826,3977,849
2417,1996,10,4832,3177,1655
2417,1996,11,4839,3177,1662
2417,1996,12,7223,3877,3346
2417,1997,1,4831,16077,-11246
2417,1997,2,4812,6977,-2165
2417,1997,3,4803,3177,1626
2417,1997,4,4810,3177,1633
2417,1997,5,4817,3177,1640
2417,1997,6,7202,3177,4025
2417,1997,7,4836,5677,-841
2417,1997,8,4837,3177,1660
2417,1997,9,4844,3177,1667
2417,1997,10,4851,3177,1674
2417,1997,11,4857,3177,1680
2417,1997,12,7238,5777,1461
2417,1998,1,4854,15477,-10623
2417,1998,2,4826,4577,249
2417,1998,3,4827,3177,1650
2417,1998,4,4834,3177,1657
2417,1998,5,4836,7477,-2641
2417,1998,6,7208,3177,4031
2417,1998,7,4838,6877,-2039
2417,1998,8,4830,11477,-6647
2417,1998,9,4810,3177,1633
2417,1998,10,4817,3177,1640
2417,1998,11,4824,3177,1647
2417,1998,12,7199,7862,-663
2418,1996,10,43681,0,43681
2418,1996,11,71338,78515,-7177
2418,1996,12,72413,48615,23798
2418,1997,1,73914,111115,-37201
2418,1997,2,62570,35315,27255
2418,1997,3,67866,78315,-10449
2418,1997,4,108926,98500,10426
2418,1997,5,49713,39915,9798
2418,1997,6,13417,29315,-15898
2418,1997,7,183,10315,-10132
2418,1997,8,151621,85515,66106
2418,1997,9,101456,145916,-44460
2418,1997,10,177,30413,-30236
2418,1997,11,1407,15,1392
2418,1997,12,32435,13015,19420
2418,1998,1,116787,138228,-21441
2418,1998,2,104,2115,-2011
2418,1998,3,22638,10715,11923
2418,1998,4,33252,22515,10737
2418,1998,5,16930,28315,-11385
2418,1998,6,18989,26858,-7869
2418,1998,7,109,4715,-4606
2418,1998,8,84307,46528,37779
2418,1998,9,102051,101968,83
2418,1998,10,14209,30215,-16006
2418,1998,11,43354,19464,23890
2418,1998,12,155416,147000,8416
2419,1993,11,900,0,900
2419,1993,12,45408,12100,33308
2419,1994,1,36747,22400,14347
2419,1994,2,49216,38800,10416
2419,1994,3,22351,29615,-7264
2419,1994,4,21275,31515,-10240
2419,1994,5,12987,16715,-3728
2419,1994,6,127933,79540,48393
2419,1994,7,101256,99715,1541
2419,1994,8,103471,135115,-31644
2419,1994,9,80074,78976,1098
2419,1994,10,20610,41674,-21064
2419,1994,11,34196,17115,17081
2419,1994,12,32855,32615,240
2419,1995,1,69852,50515,19337
2419,1995,2,6342,58743,-52401
2419,1995,3,47872,12499,35373
2419,1995,4,13515,31299,-17784
2419,1995,5,54178,54399,-221
2419,1995,6,76546,78999,-2453
2419,1995,7,59590,27799,31791
2419,1995,8,88277,95099,-6822
2419,1995,9,177,32599,-32422
2419,1995,10,68980,37099,31881
2419,1995,11,203,23499,-23296
2419,1995,12,81785,63259,18526
2419,1996,1,88405,55999,32406
2419,1996,2,290,34215,-33925
2419,1996,3,43494,20615,22879
2419,1996,4,42156,83015,-40859
2419,1996,5,43713,23415,20298
2419,1996,6,207,17915,-17708
2419,1996,7,70368,45215,25153
2419,1996,8,218,25415,-25197
2419,1996,9,320,14615,-14295
2419,1996,10,25592,13715,11877
2419,1996,11,114521,77215,37306
2419,1996,12,63760,37215,26545
2419,1997,1,33196,126515,-93319
2419,1997,2,30987,21756,9231
2419,1997,3,7667,6015,1652
2419,1997,4,77650,17615,60035
2419,1997,5,87912,86615,1297
2419,1997,6,46378,58415,-12037
2419,1997,7,22960,27515,-4555
2419,1997,8,51589,27115,24474
2419,1997,9,160648,158169,2479
2419,1997,10,169114,180615,-11501
2419,1997,11,23885,23415,470
2419,1997,12,21221,46215,-24994
2419,1998,1,31916,44815,-12899
2419,1998,2,68503,2115,66388
2419,1998,3,41444,41019,425
2419,1998,4,30634,37616,-6982
2419,1998,5,67109,66284,825
2419,1998,6,37937,106715,-68778
2419,1998,7,12336,4815,7521
2419,1998,8,112512,55495,57017
2419,1998,9,82252,77086,5166
2419,1998,10,299,40515,-40216
2419,1998,11,73121,2115,71006
2419,1998,12,11624,64617,-52993
2420,1996,6,1000,0,1000
2420,1996,7,12715,0,12715
2420,1996,8,7167,0,7167
2420,1996,9,3691,2000,1691
2420,1996,10,3697,2700,997
2420,1996,11,3699,6216,-2517
2420,1996,12,4093,2896,1197
2420,1997,1,3685,12796,-9111
2420,1997,2,3665,2916,749
2420,1997,3,3662,3746,-84
2420,1997,4,3663,2916,747
2420,1997,5,3662,5516,-1854
2420,1997,6,3667,2416,1251
2420,1997,7,3672,2416,1256
2420,1997,8,3663,6116,-2453
2420,1997,9,3654,5116,-1462
2420,1997,10,3653,2616,1037
2420,1997,11,3665,2416,1249
2420,1997,12,3662,2596,1066
2420,1998,1,3659,5206,-1547
2420,1998,2,3659,3256,403
2420,1998,3,3661,2986,675
2420,1998,4,3673,2416,1257
2420,1998,5,3674,3406,268
2420,1998,6,3668,3256,412
2420,1998,7,3673,2416,1257
2420,1998,8,3663,9516,-5853
2420,1998,9,3661,2416,1245
2420,1998,10,3667,2416,1251
2420,1998,11,3664,2416,1248
2420,1998,12,3671,3211,460
2421,1995,1,900,0,900
2421,1995,2,3460,0,3460
2421,1995,3,3460,0,3460
2421,1995,4,3460,0,3460
2421,1995,5,3460,0,3460
2421,1995,6,3495,1275,2220
2421,1995,7,3534,2142,1392
2421,1995,8,3539,2382,1157
2421,1995,9,3544,2142,1402
2421,1995,10,3550,2142,1408
2421,1995,11,3556,2142,1414
2421,1995,12,3560,2862,698
2421,1996,1,3559,3942,-383
2421,1996,2,3563,2142,1421
2421,1996,3,3569,2442,1127
2421,1996,4,3573,3132,441
2421,1996,5,3576,2292,1284
2421,1996,6,3579,6402,-2823
2421,1996,7,3569,2142,1427
2421,1996,8,3575,2142,1433
2421,1996,9,3581,2142,1439
2421,1996,10,3587,2142,1445
2421,1996,11,3593,2142,1451
2421,1996,12,3598,2532,1066
2421,1997,1,3601,5022,-1421
2421,1997,2,3597,2142,1455
2421,1997,3,3604,2142,1462
2421,1997,4,3610,2142,1468
2421,1997,5,3616,2142,1474
2421,1997,6,3621,4092,-471
2421,1997,7,3620,2142,1478
2421,1997,8,3626,2142,1484
2421,1997,9,3632,2142,1490
2421,1997,10,3638,2142,1496
2421,1997,11,3642,3462,180
2421,1997,12,3645,2562,1083
2421,1998,1,3648,4752,-1104
2421,1998,2,3645,2142,1503
2421,1998,3,3651,2142,1509
2421,1998,4,3657,2142,1515
2421,1998,5,3662,3042,620
2421,1998,6,3650,7062,-3412
2421,1998,7,3652,2142,1510
2421,1998,8,3658,2142,1516
2421,1998,9,3660,3432,228
2421,1998,10,3662,3522,140
2421,1998,11,3666,2142,1524
2421,1998,12,3671,2327,1344
2422,1997,8,200,0,200
2422,1997,9,6114,0,6114
2422,1997,10,6114,0,6114
2422,1997,11,6114,0,6114
2422,1997,12,6114,0,6114
2422,1998,1,6172,15064,-8892
2422,1998,2,6185,6184,1
2422,1998,3,6189,2824,3365
2422,1998,4,6203,2824,3379
2422,1998,5,6216,4664,1552
2422,1998,6,6217,5424,793
2422,1998,7,6225,5024,1201
2422,1998,8,6232,2824,3408
2422,1998,9,6245,3724,2521
2422,1998,10,6253,4684,1569
2422,1998,11,6255,9124,-2869
2422,1998,12,6253,3789,2464
2423,1993,2,400,0,400
2423,1993,3,5671,0,5671
2423,1993,4,5671,0,5671
2423,1993,5,5671,0,5671
2423,1993,6,5671,0,5671
2423,1993,7,5732,3415,2317
2423,1993,8,5784,2826,2958
2423,1993,9,5795,7626,-1831
2423,1993,10,5777,8526,-2749
2423,1993,11,5775,3546,2229
2423,1993,12,5785,3326,2459
2423,1994,1,5780,11666,-5886
2423,1994,2,5767,6106,-339
2423,1994,3,5765,4426,1339
2423,1994,4,5773,4826,947
2423,1994,5,5776,4346,1430
2423,1994,6,5772,7526,-1754
2423,1994,7,5778,2826,2952
2423,1994,8,5781,5926,-145
2423,1994,9,5783,5226,557
2423,1994,10,5789,4266,1523
2423,1994,11,5785,7526,-1741
2423,1994,12,5781,6126,-345
2423,1995,1,5771,12326,-6555
2423,1995,2,5754,5326,428
2423,1995,3,5758,4746,1012
2423,1995,4,5756,6926,-1170
2423,1995,5,5758,5246,512
2423,1995,6,5757,7446,-1689
2423,1995,7,5750,5426,324
2423,1995,8,5745,7626,-1881
2423,1995,9,5740,6726,-986
2423,1995,10,5742,8026,-2284
2423,1995,11,5738,2826,2912
2423,1995,12,5734,8076,-2342
2423,1996,1,5735,6266,-531
2423,1996,2,5738,8126,-2388
2423,1996,3,5729,2826,2903
2423,1996,4,5741,2826,2915
2423,1996,5,5751,8026,-2275
2423,1996,6,5741,7326,-1585
2423,1996,7,5736,4526,1210
2423,1996,8,5740,6886,-1146
2423,1996,9,5736,4266,1470
2423,1996,10,5738,8426,-2688
2423,1996,11,5730,3526,2204
2423,1996,12,5736,7276,-1540
2423,1997,1,5727,6706,-979
2423,1997,2,5730,2826,2904
2423,1997,3,5737,7826,-2089
2423,1997,4,5733,3126,2607
2423,1997,5,5739,7526,-1787
2423,1997,6,5737,2926,2811
2423,1997,7,5742,7826,-2084
2423,1997,8,5735,5826,-91
2423,1997,9,5739,2826,2913
2423,1997,10,5748,5306,442
2423,1997,11,5747,6626,-879
2423,1997,12,5741,7776,-2035
2423,1998,1,5733,5866,-133
2423,1998,2,5734,5726,8
2423,1998,3,5735,6226,-491
2423,1998,4,5732,6326,-594
2423,1998,5,5734,3786,1948
2423,1998,6,5733,7776,-2043
2423,1998,7,5732,4026,1706
2423,1998,8,5738,4426,1312
2423,1998,9,5735,8326,-2591
2423,1998,10,5736,2826,2910
2423,1998,11,5748,2826,2922
2423,1998,12,5758,3661,2097
2424,1995,10,300,0,300
2424,1995,11,10000,0,10000
2424,1995,12,7000,0,7000
2424,1996,1,51446,14500,36946
2424,1996,2,40272,35500,4772
2424,1996,3,208500,163553,44947
2424,1996,4,92373,137753,-45380
2424,1996,5,39962,42353,-2391
2424,1996,6,39996,39453,543
2424,1996,7,29809,32153,-2344
2424,1996,8,127061,77453,49608
2424,1996,9,36677,44153,-7476
2424,1996,10,274,48663,-48389
2424,1996,11,74959,35253,39706
2424,1996,12,136278,168153,-31875
2424,1997,1,87929,82953,4976
2424,1997,2,61462,46752,14710
2424,1997,3,66713,103758,-37045
2424,1997,4,72414,31753,40661
2424,1997,5,37320,67926,-30606
2424,1997,6,148,14753,-14605
2424,1997,7,8620,14153,-5533
2424,1997,8,105142,61839,43303
2424,1997,9,63917,32559,31358
2424,1997,10,128807,141153,-12346
2424,1997,11,52300,76479,-24179
2424,1997,12,101058,111893,-10835
2424,1998,1,47986,60353,-12367
2424,1998,2,57796,14153,43643
2424,1998,3,72975,99677,-26702
2424,1998,4,90136,83480,6656
2424,1998,5,26801,41573,-14772
2424,1998,6,58076,50165,7911
2424,1998,7,47959,46053,1906
2424,1998,8,164,31543,-31379
2424,1998,9,62006,37853,24153
2424,1998,10,52216,33853,18363
2424,1998,11,30670,73812,-43142
2424,1998,12,49289,46961,2328
2425,1993,1,900,0,900
2425,1993,2,16924,0,16924
2425,1993,3,8988,800,8188
2425,1993,4,9015,7300,1715
2425,1993,5,9024,5600,3424
2425,1993,6,13492,9615,3877
2425,1993,7,9041,18991,-9950
2425,1993,8,9008,14871,-5863
2425,1993,9,11097,5951,5146
2425,1993,10,9011,8751,260
2425,1993,11,10906,10391,515
2425,1993,12,13470,14771,-1301
2425,1994,1,10990,19511,-8521
2425,1994,2,11983,5951,6032
2425,1994,3,9002,6351,2651
2425,1994,4,9915,5951,3964
2425,1994,5,9022,10191,-1169
2425,1994,6,13486,8451,5035
2425,1994,7,9034,11791,-2757
2425,1994,8,9332,7391,1941
2425,1994,9,9544,5951,3593
2425,1994,10,9445,10031,-586
2425,1994,11,9054,6551,2503
2425,1994,12,13513,17911,-4398
2425,1995,1,11034,16511,-5477
2425,1995,2,13020,10271,2749
2425,1995,3,9033,7251,1782
2425,1995,4,9037,8351,686
2425,1995,5,10245,7151,3094
2425,1995,6,13514,9951,3563
2425,1995,7,9060,10851,-1791
2425,1995,8,9063,7151,1912
2425,1995,9,9062,12411,-3349
2425,1995,10,9052,8751,301
2425,1995,11,13465,8711,4754
2425,1995,12,13519,18211,-4692
2425,1996,1,10830,21191,-10361
2425,1996,2,11424,5951,5473
2425,1996,3,9033,10291,-1258
2425,1996,4,9536,5951,3585
2425,1996,5,9451,6551,2900
2425,1996,6,14508,12431,2077
2425,1996,7,9051,12251,-3200
2425,1996,8,9034,12291,-3257
2425,1996,9,9035,8651,384
2425,1996,10,9034,9451,-417
2425,1996,11,9039,7251,1788
2425,1996,12,13501,15051,-1550
2425,1997,1,9000,23351,-14351
2425,1997,2,15503,5951,9552
2425,1997,3,9021,6751,2270
2425,1997,4,8992,17711,-8719
2425,1997,5,8985,9551,-566
2425,1997,6,13453,8151,5302
2425,1997,7,9013,8951,62
2425,1997,8,9018,10151,-1133
2425,1997,9,9011,9951,-940
2425,1997,10,9808,5951,3857
2425,1997,11,9023,8551,472
2425,1997,12,13480,15911,-2431
2425,1998,1,11594,13751,-2157
2425,1998,2,9907,5951,3956
2425,1998,3,9018,11351,-2333
2425,1998,4,9013,6551,2462
2425,1998,5,9019,11951,-2932
2425,1998,6,13465,13031,434
2425,1998,7,9010,9351,-341
2425,1998,8,9011,6151,2860
2425,1998,9,9020,9151,-131
2425,1998,10,9013,14651,-5638
2425,1998,11,9194,9311,-117
2425,1998,12,13455,11576,1879
2427,1993,10,800,0,800
2427,1993,11,10500,0,10500
2427,1993,12,7800,0,7800
2427,1994,1,2800,0,2800
2427,1994,2,15272,4700,10572
2427,1994,3,24110,2800,21310
2427,1994,4,33647,13900,19747
2427,1994,5,305,25500,-25195
2427,1994,6,33847,28443,5404
2427,1994,7,66650,62123,4527
2427,1994,8,48159,25436,22723
2427,1994,9,219,53263,-53044
2427,1994,10,89,9736,-9647
2427,1994,11,33503,31343,2160
2427,1994,12,4157,13942,-9785
2427,1995,1,14841,8736,6105
2427,1995,2,47,8736,-8689
2427,1995,3,8536,8736,-200
2427,1995,4,11143,8736,2407
2427,1995,5,15940,8736,7204
2427,1995,6,9150,8736,414
2427,1995,7,11454,8736,2718
2427,1995,8,9566,8736,830
2427,1995,9,10270,8736,1534
2427,1995,10,6675,8736,-2061
2427,1995,11,7367,8736,-1369
2427,1995,12,5961,8736,-2775
2427,1996,1,10154,8736,1418
2427,1996,2,12561,8736,3825
2427,1996,3,7673,8736,-1063
2427,1996,4,9972,8736,1236
2427,1996,5,7175,8736,-1561
2427,1996,6,8670,8736,-66
2427,1996,7,7970,8736,-766
2427,1996,8,9970,8736,1234
2427,1996,9,23943,24562,-619
2427,1996,10,14079,8736,5343
2427,1996,11,32794,13236,19558
2427,1996,12,17526,24336,-6810
2427,1997,1,10309,27036,-16727
2427,1997,2,18895,10536,8359
2427,1997,3,13420,8736,4684
2427,1997,4,8032,8736,-704
2427,1997,5,8531,8736,-205
2427,1997,6,103421,49436,53985
2427,1997,7,79148,79036,112
2427,1997,8,308,26736,-26428
2427,1997,9,6101,25366,-19265
2427,1997,10,3852,10836,-6984
2427,1997,11,71607,8736,62871
2427,1997,12,281,44820,-44539
2427,1998,1,10447,35436,-24989
2427,1998,2,10919,8736,2183
2427,1998,3,10525,8736,1789
2427,1998,4,8629,8736,-107
2427,1998,5,12337,8736,3601
2427,1998,6,10942,11326,-384
2427,1998,7,35481,18113,17368
2427,1998,8,12748,39623,-26875
2427,1998,9,17629,8736,8893
2427,1998,10,14547,13536,1011
2427,1998,11,5740,8736,-2996
2427,1998,12,10032,11106,-1074
2428,1993,9,16461,0,16461
2428,1993,10,18135,0,18135
2428,1993,11,15890,5300,10590
2428,1993,12,23804,9500,14304
2428,1994,1,15954,23695,-7741
2428,1994,2,15944,12115,3829
2428,1994,3,15943,19955,-4012
2428,1994,4,15942,12715,3227
2428,1994,5,15952,14315,1637
2428,1994,6,23775,56135,-32360
2428,1994,7,16358,4815,11543
2428,1994,8,15883,9375,6508
2428,1994,9,15914,8315,7599
2428,1994,10,15931,14215,1716
2428,1994,11,15940,13415,2525
2428,1994,12,23798,17135,6663
2428,1995,1,15929,44495,-28566
2428,1995,2,15859,10095,5764
2428,1995,3,15908,3815,12093
2428,1995,4,15948,7615,8333
2428,1995,5,15970,30615,-14645
2428,1995,6,23761,22115,1646
2428,1995,7,15908,16615,-707
2428,1995,8,15909,20755,-4846
2428,1995,9,15885,14915,970
2428,1995,10,15890,12915,2975
2428,1995,11,15900,16615,-715
2428,1995,12,23806,20955,2851
2428,1996,1,15875,35715,-19840
2428,1996,2,15833,7015,8818
2428,1996,3,15863,20055,-4192
2428,1996,4,15850,10315,5535
2428,1996,5,15884,13895,1989
2428,1996,6,23725,34975,-11250
2428,1996,7,15843,13015,2828
2428,1996,8,15851,7815,8036
2428,1996,9,15887,16115,-228
2428,1996,10,15878,12615,3263
2428,1996,11,15891,17195,-1304
2428,1996,12,23771,19195,4576
2428,1997,1,15876,34255,-18379
2428,1997,2,15828,15275,553
2428,1997,3,15843,15455,388
2428,1997,4,15833,12715,3118
2428,1997,5,15850,10315,5535
2428,1997,6,23722,31715,-7993
2428,1997,7,15834,13915,1919
2428,1997,8,15845,12015,3830
2428,1997,9,15860,17035,-1175
2428,1997,10,15845,18295,-2450
2428,1997,11,15839,15615,224
2428,1997,12,23730,13515,10215
2428,1998,1,15860,36795,-20935
2428,1998,2,15818,5315,10503
2428,1998,3,15846,12315,3531
2428,1998,4,15847,19835,-3988
2428,1998,5,15846,11215,4631
2428,1998,6,23718,23335,383
2428,1998,7,15857,15955,-98
2428,1998,8,15860,18095,-2235
2428,1998,9,15864,8715,7149
2428,1998,10,15874,16815,-941
2428,1998,11,15872,16015,-143
2428,1998,12,23752,17040,6712
2429,1993,2,600,0,600
2429,1993,3,19775,0,19775
2429,1993,4,14730,3700,11030
2429,1993,5,14745,13000,1745
2429,1993,6,22069,17100,4969
2429,1993,7,14739,24070,-9331
2429,1993,8,14730,17070,-2340
2429,1993,9,14757,10670,4087
2429,1993,10,14764,11650,3114
2429,1993,11,14767,10770,3997
2429,1993,12,22114,17210,4904
2429,1994,1,14749,29810,-15061
2429,1994,2,15951,9930,6021
2429,1994,3,14770,11990,2780
2429,1994,4,14773,12070,2703
2429,1994,5,14799,13570,1229
2429,1994,6,22103,18530,3573
2429,1994,7,14814,23870,-9056
2429,1994,8,14794,13270,1524
2429,1994,9,14779,16730,-1951
2429,1994,10,14790,14370,420
2429,1994,11,14774,10970,3804
2429,1994,12,22111,22270,-159
2429,1995,1,19268,33650,-14382
2429,1995,2,14746,8970,5776
2429,1995,3,14753,10570,4183
2429,1995,4,14770,11570,3200
2429,1995,5,14798,13070,1728
2429,1995,6,25672,37530,-11858
2429,1995,7,16945,7170,9775
2429,1995,8,14781,9670,5111
2429,1995,9,14801,11170,3631
2429,1995,10,14824,15770,-946
2429,1995,11,14822,13290,1532
2429,1995,12,22143,21810,333
2429,1996,1,14796,28870,-14074
2429,1996,2,18970,7170,11800
2429,1996,3,14820,11370,3450
2429,1996,4,14822,11770,3052
2429,1996,5,14836,10670,4166
2429,1996,6,22171,21710,461
2429,1996,7,14849,13470,1379
2429,1996,8,14859,15870,-1011
2429,1996,9,14852,16470,-1618
2429,1996,10,14838,15470,-632
2429,1996,11,14839,17070,-2231
2429,1996,12,22150,16730,5420
2429,1997,1,15020,29410,-14390
2429,1997,2,15104,7170,7934
2429,1997,3,17335,9930,7405
2429,1997,4,14855,13270,1585
2429,1997,5,14858,14710,148
2429,1997,6,30225,36770,-6545
2429,1997,7,14846,7670,7176
2429,1997,8,14865,12170,2695
2429,1997,9,14877,12870,2007
2429,1997,10,14884,11970,2914
2429,1997,11,14881,17470,-2589
2429,1997,12,22182,24050,-1868
2429,1998,1,14833,36430,-21597
2429,1998,2,19112,7170,11942
2429,1998,3,14851,7270,7581
2429,1998,4,14868,12170,2698
2429,1998,5,14874,13370,1504
2429,1998,6,22180,27410,-5230
2429,1998,7,14862,11870,2992
2429,1998,8,14893,11970,2923
2429,1998,9,14882,19470,-4588
2429,1998,10,14840,21510,-6670
2429,1998,11,14829,20770,-5941
2429,1998,12,22128,18715,3413
2430,1994,10,900,0,900
2430,1994,11,16989,0,16989
2430,1994,12,13657,3000,10657
2430,1995,1,9167,4100,5067
2430,1995,2,9203,9800,-597
2430,1995,3,9181,11455,-2274
2430,1995,4,9163,8115,1048
2430,1995,5,9161,10215,-1054
2430,1995,6,13666,32615,-18949
2430,1995,7,12107,7215,4892
2430,1995,8,13247,15,13232
2430,1995,9,9172,4515,4657
2430,1995,10,9191,4715,4476
2430,1995,11,9195,9015,180
2430,1995,12,13704,14695,-991
2430,1996,1,9172,23275,-14103
2430,1996,2,9149,4315,4834
2430,1996,3,9161,6715,2446
2430,1996,4,9170,6915,2255
2430,1996,5,9172,13215,-4043
2430,1996,6,13660,19135,-5475
2430,1996,7,9133,7015,2118
2430,1996,8,9159,6915,2244
2430,1996,9,9151,6915,2236
2430,1996,10,9161,7015,2146
2430,1996,11,9169,8115,1054
2430,1996,12,13713,15115,-1402
2430,1997,1,9170,9595,-425
2430,1997,2,9166,7315,1851
2430,1997,3,9175,5415,3760
2430,1997,4,9190,6715,2475
2430,1997,5,9201,6515,2686
2430,1997,6,27923,47055,-19132
2430,1997,7,12251,2535,9716
2430,1997,8,9177,2915,6262
2430,1997,9,9210,6935,2275
2430,1997,10,9204,11215,-2011
2430,1997,11,9199,8215,984
2430,1997,12,13741,8475,5266
2430,1998,1,9205,14795,-5590
2430,1998,2,9211,13275,-4064
2430,1998,3,9189,5715,3474
2430,1998,4,9205,7915,1290
2430,1998,5,9212,2615,6597
2430,1998,6,15120,21615,-6495
2430,1998,7,9210,4515,4695
2430,1998,8,9227,6315,2912
2430,1998,9,9251,6995,2256
2430,1998,10,9252,4515,4737
2430,1998,11,9271,5115,4156
2430,1998,12,13805,11780,2025
2431,1995,2,400,0,400
2431,1995,3,16193,0,16193
2431,1995,4,8254,0,8254
2431,1995,5,5786,700,5086
2431,1995,6,8643,6600,2043
2431,1995,7,5803,11876,-6073
2431,1995,8,5790,4999,791
2431,1995,9,5788,8259,-2471
2431,1995,10,6672,7399,-727
2431,1995,11,5780,4299,1481
2431,1995,12,8630,8439,191
2431,1996,1,8863,16039,-7176
2431,1996,2,11167,3799,7368
2431,1996,3,7782,8239,-457
2431,1996,4,8592,3799,4793
2431,1996,5,7310,3799,3511
2431,1996,6,8649,16019,-7370
2431,1996,7,8283,8479,-196
2431,1996,8,5790,3999,1791
2431,1996,9,5797,4199,1598
2431,1996,10,7700,6079,1621
2431,1996,11,5804,6699,-895
2431,1996,12,8636,9619,-983
2431,1997,1,6879,20959,-14080
2431,1997,2,13364,3799,9565
2431,1997,3,6587,3799,2788
2431,1997,4,6898,3799,3099
2431,1997,5,7312,3799,3513
2431,1997,6,8645,19199,-10554
2431,1997,7,13701,3799,9902
2431,1997,8,5813,7999,-2186
2431,1997,9,8519,3799,4720
2431,1997,10,5819,7379,-1560
2431,1997,11,9034,3799,5235
2431,1997,12,10481,9159,1322
2431,1998,1,7721,17719,-9998
2431,1998,2,9019,3799,5220
2431,1998,3,14639,8839,5800
2431,1998,4,12257,9559,2698
2431,1998,5,9979,3799,6180
2431,1998,6,8682,26319,-17637
2431,1998,7,16049,4879,11170
2431,1998,8,10165,9439,726
2431,1998,9,9065,8119,946
2431,1998,10,14486,8959,5527
2431,1998,11,5994,3799,2195
2431,1998,12,8747,5544,3203
2432,1996,4,1100,0,1100
2432,1996,5,5880,0,5880
2432,1996,6,5880,0,5880
2432,1996,7,5880,0,5880
2432,1996,8,5931,800,5131
2432,1996,9,5992,215,5777
2432,1996,10,5993,9409,-3416
2432,1996,11,5993,5369,624
2432,1996,12,5987,9399,-3412
2432,1997,1,5953,16749,-10796
2432,1997,2,5943,2569,3374
2432,1997,3,5957,2569,3388
2432,1997,4,5971,2569,3402
2432,1997,5,5982,3849,2133
2432,1997,6,5989,5219,770
2432,1997,7,5997,2569,3428
2432,1997,8,6007,4269,1738
2432,1997,9,6010,5569,441
2432,1997,10,6021,2569,3452
2432,1997,11,6026,7049,-1023
2432,1997,12,6020,8399,-2379
2432,1998,1,5996,16019,-10023
2432,1998,2,5972,4489,1483
2432,1998,3,5980,5609,371
2432,1998,4,5987,2569,3418
2432,1998,5,5993,4889,1104
2432,1998,6,6000,5919,81
2432,1998,7,5996,6009,-13
2432,1998,8,6005,3129,2876
2432,1998,9,6018,2569,3449
2432,1998,10,6021,5769,252
2432,1998,11,6033,2569,3464
2432,1998,12,6047,3104,2943
2433,1993,2,500,0,500
2433,1993,3,4718,0,4718
2433,1993,4,4718,0,4718
2433,1993,5,4718,0,4718
2433,1993,6,4750,500,4250
2433,1993,7,4802,6492,-1690
2433,1993,8,4799,1772,3027
2433,1993,9,4810,2272,2538
2433,1993,10,4817,4372,445
2433,1993,11,4820,3472,1348
2433,1993,12,4825,4022,803
2433,1994,1,4806,16502,-11696
2433,1994,2,4784,1772,3012
2433,1994,3,4797,1772,3025
2433,1994,4,4809,1772,3037
2433,1994,5,4819,2732,2087
2433,1994,6,4821,10772,-5951
2433,1994,7,4802,4892,-90
2433,1994,8,4803,5452,-649
2433,1994,9,4800,3372,1428
2433,1994,10,4809,1772,3037
2433,1994,11,4821,1772,3049
2433,1994,12,4834,2222,2612
2433,1995,1,4822,13602,-8780
2433,1995,2,4808,1772,3036
2433,1995,3,4821,1772,3049
2433,1995,4,4833,1772,3061
2433,1995,5,4846,1772,3074
2433,1995,6,4848,7572,-2724
2433,1995,7,4848,1772,3076
2433,1995,8,4860,1772,3088
2433,1995,9,4864,4972,-108
2433,1995,10,4873,1772,3101
2433,1995,11,4881,3672,1209
2433,1995,12,4881,5022,-141
2433,1996,1,4870,12432,-7562
2433,1996,2,4849,5052,-203
2433,1996,3,4855,3472,1383
2433,1996,4,4863,1772,3091
2433,1996,5,4873,3172,1701
2433,1996,6,4846,14572,-9726
2433,1996,7,4834,6732,-1898
2433,1996,8,4833,5612,-779
2433,1996,9,4831,1772,3059
2433,1996,10,4844,2252,2592
2433,1996,11,4854,1772,3082
2433,1996,12,4860,6192,-1332
2433,1997,1,4829,12862,-8033
2433,1997,2,4828,1772,3056
2433,1997,3,4834,4172,662
2433,1997,4,4843,1772,3071
2433,1997,5,4850,4972,-122
2433,1997,6,4848,8822,-3974
2433,1997,7,4831,4572,259
2433,1997,8,4840,1772,3068
2433,1997,9,4840,7612,-2772
2433,1997,10,4840,2172,2668
2433,1997,11,4852,1772,3080
2433,1997,12,4864,2322,2542
2433,1998,1,4854,12552,-7698
2433,1998,2,4843,1772,3071
2433,1998,3,4844,5692,-848
2433,1998,4,4852,1772,3080
2433,1998,5,4860,3372,1488
2433,1998,6,4867,5522,-655
2433,1998,7,4868,1772,3096
2433,1998,8,4881,2572,2309
2433,1998,9,4890,1772,3118
2433,1998,10,4903,1772,3131
2433,1998,11,4916,1772,3144
2433,1998,12,4928,2607,2321
2434,1993,2,5004,0,5004
2434,1993,3,15052,0,15052
2434,1993,4,7795,0,7795
2434,1993,5,4517,700,3817
2434,1993,6,6676,25642,-18966
2434,1993,7,9262,2942,6320
2434,1993,8,9386,2942,6444
2434,1993,9,4500,5542,-1042
2434,1993,10,4496,3042,1454
2434,1993,11,7276,14942,-7666
2434,1993,12,9571,7582,1989
2434,1994,1,11756,14222,-2466
2434,1994,2,5969,2942,3027
2434,1994,3,5478,5222,256
2434,1994,4,4582,2942,1640
2434,1994,5,6184,6302,-118
2434,1994,6,9966,13102,-3136
2434,1994,7,4475,3642,833
2434,1994,8,7081,2942,4139
2434,1994,9,4487,7482,-2995
2434,1994,10,4482,4742,-260
2434,1994,11,6376,6182,194
2434,1994,12,8375,7422,953
2434,1995,1,10063,15342,-5279
2434,1995,2,5065,2942,2123
2434,1995,3,5074,5702,-628
2434,1995,4,4469,5242,-773
2434,1995,5,5069,2942,2127
2434,1995,6,7858,11262,-3404
2434,1995,7,5155,7742,-2587
2434,1995,8,4449,4442,7
2434,1995,9,5553,2942,2611
2434,1995,10,4457,6022,-1565
2434,1995,11,4556,2942,1614
2434,1995,12,6652,9162,-2510
2434,1996,1,4448,5002,-554
2434,1996,2,5151,2942,2209
2434,1996,3,4453,6042,-1589
2434,1996,4,6656,2942,3714
2434,1996,5,4466,3842,624
2434,1996,6,6660,8142,-1482
2434,1996,7,4459,5102,-643
2434,1996,8,4461,2942,1519
2434,1996,9,4450,10542,-6092
2434,1996,10,4442,4342,100
2434,1996,11,4442,2942,1500
2434,1996,12,6633,9742,-3109
2434,1997,1,4436,2942,1494
2434,1997,2,4442,2942,1500
2434,1997,3,4433,9042,-4609
2434,1997,4,4429,2942,1487
2434,1997,5,4435,2942,1493
2434,1997,6,6641,2942,3699
2434,1997,7,4456,2942,1514
2434,1997,8,4463,2942,1521
2434,1997,9,4469,2942,1527
2434,1997,10,4475,2942,1533
2434,1997,11,4478,4742,-264
2434,1997,12,6673,6462,211
2434,1998,1,4460,11442,-6982
2434,1998,2,4452,2942,1510
2434,1998,3,4458,2942,1516
2434,1998,4,4465,2942,1523
2434,1998,5,4471,2942,1529
2434,1998,6,6657,11242,-4585
2434,1998,7,4458,2942,1516
2434,1998,8,4464,2942,1522
2434,1998,9,4456,8742,-4286
2434,1998,10,4453,2942,1511
2434,1998,11,4455,4742,-287
2434,1998,12,6658,2927,3731
2435,1993,11,200,0,200
2435,1993,12,21835,1100,20735
2435,1994,1,53485,23700,29785
2435,1994,2,25821,6015,19806
2435,1994,3,63682,78319,-14637
2435,1994,4,48505,45019,3486
2435,1994,5,12575,27619,-15044
2435,1994,6,42146,44119,-1973
2435,1994,7,49055,40495,8560
2435,1994,8,42046,40219,1827
2435,1994,9,185,21019,-20834
2435,1994,10,45427,19819,25608
2435,1994,11,36523,43619,-7096
2435,1994,12,102850,111319,-8469
2435,1995,1,14290,33019,-18729
2435,1995,2,44308,36222,8086
2435,1995,3,43688,31519,12169
2435,1995,4,147,17430,-17283
2435,1995,5,4806,7919,-3113
2435,1995,6,2891,7919,-5028
2435,1995,7,5973,7919,-1946
2435,1995,8,40345,19719,20626
2435,1995,9,67346,28219,39127
2435,1995,10,74852,76719,-1867
2435,1995,11,17911,41519,-23608
2435,1995,12,17024,41605,-24581
2435,1996,1,80971,28742,52229
2435,1996,2,29822,69855,-40033
2435,1996,3,86220,73619,12601
2435,1996,4,21275,36284,-15009
2435,1996,5,50295,56665,-6370
2435,1996,6,16232,10919,5313
2435,1996,7,20882,23019,-2137
2435,1996,8,99,17219,-17120
2435,1996,9,61,7919,-7858
2435,1996,10,61267,39765,21502
2435,1996,11,110121,77319,32802
2435,1996,12,290,34619,-34329
2435,1997,1,74,10619,-10545
2435,1997,2,94261,44019,50242
2435,1997,3,89932,75919,14013
2435,1997,4,43960,87519,-43559
2435,1997,5,50045,54552,-4507
2435,1997,6,36997,7919,29078
2435,1997,7,14343,44519,-30176
2435,1997,8,16660,14383,2277
2435,1997,9,85483,11574,73909
2435,1997,10,47487,73616,-26129
2435,1997,11,85116,104390,-19274
2435,1997,12,152,35719,-35567
2435,1998,1,9501,7919,1582
2435,1998,2,114,7919,-7805
2435,1998,3,82,7919,-7837
2435,1998,4,49,7919,-7870
2435,1998,5,54813,15,54798
2435,1998,6,75802,64920,10882
2435,1998,7,54874,37242,17632
2435,1998,8,75887,50519,25368
2435,1998,9,86339,135219,-48880
2435,1998,10,48934,61715,-12781
2435,1998,11,87,36019,-35932
2435,1998,12,51567,13904,37663
2436,1993,5,400,0,400
2436,1993,6,16426,0,16426
2436,1993,7,8616,2800,5816
2436,1993,8,8639,4900,3739
2436,1993,9,8652,6800,1852
2436,1993,10,8657,8635,22
2436,1993,11,8659,8135,524
2436,1993,12,12934,11895,1039
2436,1994,1,11251,18495,-7244
2436,1994,2,8639,5115,3524
2436,1994,3,8657,3115,5542
2436,1994,4,8673,7855,818
2436,1994,5,8676,7815,861
2436,1994,6,12951,11315,1636
2436,1994,7,8687,7915,772
2436,1994,8,8693,6415,2278
2436,1994,9,8696,9875,-1179
2436,1994,10,8700,5415,3285
2436,1994,11,8707,8315,392
2436,1994,12,12984,12335,649
2436,1995,1,8687,15535,-6848
2436,1995,2,8689,5515,3174
2436,1995,3,8704,4715,3989
2436,1995,4,8716,8135,581
2436,1995,5,8713,10935,-2222
2436,1995,6,12981,11015,1966
2436,1995,7,8716,8535,181
2436,1995,8,8713,9115,-402
2436,1995,9,8715,7615,1100
2436,1995,10,8711,12695,-3984
2436,1995,11,8697,9915,-1218
2436,1995,12,12981,7475,5506
2436,1996,1,8716,13875,-5159
2436,1996,2,8712,3955,4757
2436,1996,3,8734,2515,6219
2436,1996,4,8744,7275,1469
2436,1996,5,8762,3615,5147
2436,1996,6,13041,30955,-17914
2436,1996,7,14736,15,14721
2436,1996,8,8774,2315,6459
2436,1996,9,8771,10475,-1704
2436,1996,10,8791,3215,5576
2436,1996,11,8778,13015,-4237
2436,1996,12,13068,5715,7353
2436,1997,1,8771,23075,-14304
2436,1997,2,10179,15,10164
2436,1997,3,8802,5915,2887
2436,1997,4,8808,14175,-5367
2436,1997,5,8800,2815,5985
2436,1997,6,22138,28815,-6677
2436,1997,7,8800,1715,7085
2436,1997,8,8814,8015,799
2436,1997,9,8802,12755,-3953
2436,1997,10,8811,5715,3096
2436,1997,11,8809,8815,-6
2436,1997,12,13092,13995,-903
2436,1998,1,10808,10575,233
2436,1998,2,8807,4915,3892
2436,1998,3,8824,715,8109
2436,1998,4,8866,7535,1331
2436,1998,5,8861,9115,-254
2436,1998,6,27961,41295,-13334
2436,1998,7,8808,2315,6493
2436,1998,8,8835,1915,6920
2436,1998,9,8864,10015,-1151
2436,1998,10,8855,7815,1040
2436,1998,11,8860,7515,1345
2436,1998,12,13133,14740,-1607
2437,1995,12,3500,0,3500
2437,1996,1,3006,0,3006
2437,1996,2,3006,0,3006
2437,1996,3,3006,0,3006
2437,1996,4,3007,15,2992
2437,1996,5,3058,2759,299
2437,1996,6,3059,2009,1050
2437,1996,7,3059,3719,-660
2437,1996,8,3060,2459,601
2437,1996,9,3063,2009,1054
2437,1996,10,3067,2009,1058
2437,1996,11,3072,2009,1063
2437,1996,12,3075,2429,646
2437,1997,1,3072,5819,-2747
2437,1997,2,3067,2009,1058
2437,1997,3,3072,2009,1063
2437,1997,4,3076,2009,1067
2437,1997,5,3079,2519,560
2437,1997,6,3070,11159,-8089
2437,1997,7,3049,2009,1040
2437,1997,8,3053,2879,174
2437,1997,9,3054,2009,1045
2437,1997,10,3059,2009,1050
2437,1997,11,3061,4009,-948
2437,1997,12,3057,2579,478
2437,1998,1,3054,5639,-2585
2437,1998,2,3050,2999,51
2437,1998,3,3050,2009,1041
2437,1998,4,3055,2009,1046
2437,1998,5,3059,2789,270
2437,1998,6,3055,3749,-694
2437,1998,7,3052,3839,-787
2437,1998,8,3054,2009,1045
2437,1998,9,3057,2399,658
2437,1998,10,3061,2219,842
2437,1998,11,3064,2009,1055
2437,1998,12,3066,4214,-1148
2438,1997,11,300,0,300
2438,1997,12,18915,0,18915
2438,1998,1,9874,5000,4874
2438,1998,2,9880,11300,-1420
2438,1998,3,9882,7500,2382
2438,1998,4,9884,11315,-1431
2438,1998,5,9860,17137,-7277
2438,1998,6,14745,14237,508
2438,1998,7,9843,13637,-3794
2438,1998,8,9844,6537,3307
2438,1998,9,9858,6537,3321
2438,1998,10,9840,18637,-8797
2438,1998,11,9835,6537,3298
2438,1998,12,14755,6522,8233
2439,1996,8,500,0,500
2439,1996,9,6457,0,6457
2439,1996,10,6457,0,6457
2439,1996,11,6457,0,6457
2439,1996,12,6525,2400,4125
2439,1997,1,6560,7695,-1135
2439,1997,2,6553,5811,742
2439,1997,3,6567,6811,-244
2439,1997,4,6564,2831,3733
2439,1997,5,6570,6011,559
2439,1997,6,6581,10211,-3630
2439,1997,7,6562,4271,2291
2439,1997,8,6573,3711,2862
2439,1997,9,6580,5311,1269
2439,1997,10,6577,7591,-1014
2439,1997,11,6564,11611,-5047
2439,1997,12,6567,3411,3156
2439,1998,1,6531,20311,-13780
2439,1998,2,6525,2211,4314
2439,1998,3,6543,2311,4232
2439,1998,4,6553,6591,-38
2439,1998,5,6554,4511,2043
2439,1998,6,6541,11611,-5070
2439,1998,7,6537,5911,626
2439,1998,8,6541,5311,1230
2439,1998,9,6542,6611,-69
2439,1998,10,6529,10911,-4382
2439,1998,11,6538,2111,4427
2439,1998,12,6543,6646,-103
2440,1997,12,1100,0,1100
2440,1998,1,23736,400,23336
2440,1998,2,23802,16700,7102
2440,1998,3,23835,14700,9135
2440,1998,4,23863,20400,3463
2440,1998,5,23869,24315,-446
2440,1998,6,35696,44125,-8429
2440,1998,7,23830,22425,1405
2440,1998,8,23828,30025,-6197
2440,1998,9,23809,23425,384
2440,1998,10,23845,27225,-3380
2440,1998,11,23833,8125,15708
2440,1998,12,35743,19410,16333
2441,1996,12,200,0,200
2441,1997,1,20230,0,20230
2441,1997,2,18305,3600,14705
2441,1997,3,18357,10300,8057
2441,1997,4,18382,16100,2282
2441,1997,5,18408,22709,-4301
2441,1997,6,27492,28409,-917
2441,1997,7,18395,15909,2486
2441,1997,8,18402,17009,1393
2441,1997,9,18409,15809,2600
2441,1997,10,18410,20609,-2199
2441,1997,11,18405,18309,96
2441,1997,12,27518,29609,-2091
2441,1998,1,18346,34609,-16263
2441,1998,2,18329,16709,1620
2441,1998,3,18337,16909,1428
2441,1998,4,18331,26209,-7878
2441,1998,5,18315,12509,5806
2441,1998,6,27450,37309,-9859
2441,1998,7,18303,11509,6794
2441,1998,8,18333,10209,8124
2441,1998,9,18349,17409,940
2441,1998,10,18359,14709,3650
2441,1998,11,18357,20909,-2552
2441,1998,12,27465,25794,1671
2442,1997,8,600,0,600
2442,1997,9,3163,0,3163
2442,1997,10,3163,0,3163
2442,1997,11,3163,0,3163
2442,1997,12,3163,0,3163
2442,1998,1,3197,3195,2
2442,1998,2,3219,2123,1096
2442,1998,3,3224,2123,1101
2442,1998,4,3228,2123,1105
2442,1998,5,3232,3533,-301
2442,1998,6,3232,2123,1109
2442,1998,7,3237,2123,1114
2442,1998,8,3241,2423,818
2442,1998,9,3239,5643,-2404
2442,1998,10,3230,4323,-1093
2442,1998,11,3230,2123,1107
2442,1998,12,3233,2798,435
2443,1997,6,1000,0,1000
2443,1997,7,24389,500,23889
2443,1997,8,24478,16800,7678
2443,1997,9,24506,20500,4006
2443,1997,10,24516,25800,-1284
2443,1997,11,24544,26549,-2005
2443,1997,12,36731,34049,2682
2443,1998,1,24509,40349,-15840
2443,1998,2,24469,25449,-980
2443,1998,3,24476,25149,-673
2443,1998,4,24465,24149,316
2443,1998,5,24471,26149,-1678
2443,1998,6,36656,36449,207
2443,1998,7,24463,20549,3914
2443,1998,8,24473,23049,1424
2443,1998,9,24483,19749,4734
2443,1998,10,24513,17349,7164
2443,1998,11,24519,25849,-1330
2443,1998,12,36707,37534,-827
2444,1997,9,30313,0,30313
2444,1997,10,29533,1200,28333
2444,1997,11,29602,16100,13502
2444,1997,12,44335,25100,19235
2444,1998,1,29604,82937,-53333
2444,1998,2,29867,15,29852
2444,1998,3,29642,16115,13527
2444,1998,4,29646,34417,-4771
2444,1998,5,29664,20615,9049
2444,1998,6,44345,40269,4076
2444,1998,7,29667,66350,-36683
2444,1998,8,29568,35736,-6168
2444,1998,9,29603,615,28988
2444,1998,10,29682,13815,15867
2444,1998,11,29655,59628,-29973
2444,1998,12,44340,27405,16935
2445,1996,7,800,0,800
2445,1996,8,52283,0,52283
2445,1996,9,40750,13200,27550
2445,1996,10,110039,116215,-6176
2445,1996,11,130403,114486,15917
2445,1996,12,251,39015,-38764
2445,1997,1,15117,47265,-32148
2445,1997,2,64497,3615,60882
2445,1997,3,125,59146,-59021
2445,1997,4,20724,20315,409
2445,1997,5,1385,4415,-3030
2445,1997,6,86532,16214,70318
2445,1997,7,41144,47815,-6671
2445,1997,8,7502,54215,-46713
2445,1997,9,10906,20115,-9209
2445,1997,10,107,10115,-10008
2445,1997,11,13031,10315,2716
2445,1997,12,2478,4315,-1837
2445,1998,1,32788,27401,5387
2445,1998,2,49217,4901,44316
2445,1998,3,137739,139801,-2062
2445,1998,4,106114,110924,-4810
2445,1998,5,235,22401,-22166
2445,1998,6,153,7501,-7348
2445,1998,7,121,9201,-9080
2445,1998,8,106022,88238,17784
2445,1998,9,52147,40701,11446
2445,1998,10,94626,94801,-175
2445,1998,11,29468,32901,-3433
2445,1998,12,125090,100986,24104
2446,1995,1,700,0,700
2446,1995,2,19015,0,19015
2446,1995,3,11968,6100,5868
2446,1995,4,11985,9800,2185
2446,1995,5,11995,9500,2495
2446,1995,6,17944,18387,-443
2446,1995,7,11995,14907,-2912
2446,1995,8,11988,11287,701
2446,1995,9,11973,19427,-7454
2446,1995,10,11966,9087,2879
2446,1995,11,11971,12187,-216
2446,1995,12,17907,18787,-880
2446,1996,1,11949,19947,-7998
2446,1996,2,15961,6387,9574
2446,1996,3,11975,13827,-1852
2446,1996,4,15291,6387,8904
2446,1996,5,13510,10947,2563
2446,1996,6,17975,9847,8128
2446,1996,7,12033,20327,-8294
2446,1996,8,12022,9087,2935
2446,1996,9,12013,17567,-5554
2446,1996,10,12419,6387,6032
2446,1996,11,12027,12387,-360
2446,1996,12,17986,11647,6339
2446,1997,1,12020,27307,-15287
2446,1997,2,12003,6687,5316
2446,1997,3,12025,6787,5238
2446,1997,4,12034,12047,-13
2446,1997,5,12039,8667,3372
2446,1997,6,18004,13007,4997
2446,1997,7,12062,15547,-3485
2446,1997,8,12052,12287,-235
2446,1997,9,12055,11287,768
2446,1997,10,12066,8087,3979
2446,1997,11,12054,14447,-2393
2446,1997,12,18012,21327,-3315
2446,1998,1,13339,17067,-3728
2446,1998,2,12029,14547,-2518
2446,1998,3,16044,8307,7737
2446,1998,4,12063,11187,876
2446,1998,5,12066,12287,-221
2446,1998,6,18016,11587,6429
2446,1998,7,12091,12987,-896
2446,1998,8,12085,14787,-2702
2446,1998,9,12571,9987,2584
2446,1998,10,12083,14307,-2224
2446,1998,11,12074,13487,-1413
2446,1998,12,18024,7332,10692
2447,1997,7,12281,0,12281
2447,1997,8,17344,0,17344
2447,1997,9,12192,4400,7792
2447,1997,10,12219,6900,5319
2447,1997,11,12237,8815,3422
2447,1997,12,18252,21706,-3454
2447,1998,1,12182,28066,-15884
2447,1998,2,12158,15606,-3448
2447,1998,3,12360,6926,5434
2447,1998,4,12180,7326,4854
2447,1998,5,12603,6926,5677
2447,1998,6,18227,21786,-3559
2447,1998,7,12208,7926,4282
2447,1998,8,12214,12426,-212
2447,1998,9,12225,7826,4399
2447,1998,10,12225,15146,-2921
2447,1998,11,12226,9626,2600
2447,1998,12,18270,15151,3119
2448,1997,5,1000,0,1000
2448,1997,6,3390,0,3390
2448,1997,7,3390,0,3390
2448,1997,8,3390,0,3390
2448,1997,9,3390,0,3390
2448,1997,10,3444,1215,2229
2448,1997,11,3458,4615,-1157
2448,1997,12,3456,2995,461
2448,1998,1,3458,2905,553
2448,1998,2,3460,3075,385
2448,1998,3,3462,3475,-13
2448,1998,4,3462,2875,587
2448,1998,5,3463,3485,-22
2448,1998,6,3462,3505,-43
2448,1998,7,3455,5445,-1990
2448,1998,8,3457,3745,-288
2448,1998,9,3457,2275,1182
2448,1998,10,3457,3375,82
2448,1998,11,3457,3475,-18
2448,1998,12,3460,3080,380
2449,1997,8,200,0,200
2449,1997,9,12500,0,12500
2449,1997,10,10400,0,10400
2449,1997,11,5100,0,5100
2449,1997,12,0,300,-300
2449,1998,1,600,0,600
2449,1998,2,2700,0,2700
2449,1998,3,13473,4500,8973
2449,1998,4,167,7600,-7433
2449,1998,5,167,2100,-1933
2449,1998,6,1067,0,1067
2449,1998,7,56028,22600,33428
2449,1998,8,272,8000,-7728
2449,1998,9,272,7000,-6728
2449,1998,10,972,0,972
2449,1998,11,3900,0,3900
2450,1996,4,25724,0,25724
2450,1996,5,26434,0,26434
2450,1996,6,37419,11400,26019
2450,1996,7,25080,25400,-320
2450,1996,8,25088,21915,3173
2450,1996,9,25060,31785,-6725
2450,1996,10,25043,29085,-4042
2450,1996,11,25039,24885,154
2450,1996,12,37434,29685,7749
2450,1997,1,25020,44485,-19465
2450,1997,2,25021,14185,10836
2450,1997,3,25046,21485,3561
2450,1997,4,25055,23685,1370
2450,1997,5,25064,22385,2679
2450,1997,6,37464,27185,10279
2450,1997,7,25098,29585,-4487
2450,1997,8,25077,29585,-4508
2450,1997,9,25065,27085,-2020
2450,1997,10,25060,26185,-1125
2450,1997,11,25057,25585,-528
2450,1997,12,37442,49185,-11743
2450,1998,1,25027,31685,-6658
2450,1998,2,25018,12185,12833
2450,1998,3,25043,33385,-8342
2450,1998,4,25038,22085,2953
2450,1998,5,25053,20085,4968
2450,1998,6,37422,38185,-763
2450,1998,7,25073,22085,2988
2450,1998,8,25085,19885,5200
2450,1998,9,25104,22285,2819
2450,1998,10,25115,21985,3130
2450,1998,11,25124,26485,-1361
2450,1998,12,37523,28070,9453
2451,1997,4,300,0,300
2451,1997,5,17815,0,17815
2451,1997,6,23644,8000,15644
2451,1997,7,15849,14600,1249
2451,1997,8,15852,17500,-1648
2451,1997,9,15880,18559,-2679
2451,1997,10,15855,15659,196
2451,1997,11,15856,14659,1197
2451,1997,12,23726,23179,547
2451,1998,1,15839,28499,-12660
2451,1998,2,15825,12559,3266
2451,1998,3,15823,15059,764
2451,1998,4,15824,17059,-1235
2451,1998,5,15828,19559,-3731
2451,1998,6,23662,23159,503
2451,1998,7,15805,15859,-54
2451,1998,8,15820,12259,3561
2451,1998,9,15810,19619,-3809
2451,1998,10,15813,9759,6054
2451,1998,11,15826,15459,367
2451,1998,12,23733,8864,14869
2452,1997,7,600,0,600
2452,1997,8,5563,0,5563
2452,1997,9,5563,0,5563
2452,1997,10,5563,0,5563
2452,1997,11,5563,0,5563
2452,1997,12,5624,7259,-1635
2452,1998,1,5648,8619,-2971
2452,1998,2,5645,3259,2386
2452,1998,3,5646,7179,-1533
2452,1998,4,5648,3259,2389
2452,1998,5,5659,3259,2400
2452,1998,6,5652,11379,-5727
2452,1998,7,5640,6059,-419
2452,1998,8,5645,3899,1746
2452,1998,9,5647,5499,148
2452,1998,10,5647,4859,788
2452,1998,11,5652,4859,793
2452,1998,12,5656,4094,1562
2453,1993,3,3694,0,3694
2453,1993,4,3300,0,3300
2453,1993,5,3300,0,3300
2453,1993,6,3300,0,3300
2453,1993,7,3304,1425,1879
2453,1993,8,3352,2205,1147
2453,1993,9,3357,2205,1152
2453,1993,10,3362,2205,1157
2453,1993,11,3360,3615,-255
2453,1993,12,3365,2595,770
2453,1994,1,3351,6345,-2994
2453,1994,2,3356,2205,1151
2453,1994,3,3359,3495,-136
2453,1994,4,3360,2535,825
2453,1994,5,3364,2205,1159
2453,1994,6,3369,2205,1164
2453,1994,7,3374,2205,1169
2453,1994,8,3375,2565,810
2453,1994,9,3382,2205,1177
2453,1994,10,3387,2205,1182
2453,1994,11,3392,2205,1187
2453,1994,12,3391,5355,-1964
2453,1995,1,3383,3225,158
2453,1995,2,3389,2205,1184
2453,1995,3,3394,2205,1189
2453,1995,4,3399,2205,1194
2453,1995,5,3404,2205,1199
2453,1995,6,3380,10005,-6625
2453,1995,7,3380,3615,-235
2453,1995,8,3376,3465,-89
2453,1995,9,3379,2775,604
2453,1995,10,3382,2205,1177
2453,1995,11,3386,3435,-49
2453,1995,12,3382,3375,7
2453,1996,1,3381,4695,-1314
2453,1996,2,3381,2205,1176
2453,1996,3,3386,2595,791
2453,1996,4,3389,2205,1184
2453,1996,5,3394,2205,1189
2453,1996,6,3370,9945,-6575
2453,1996,7,3367,3075,292
2453,1996,8,3373,2205,1168
2453,1996,9,3371,3585,-214
2453,1996,10,3377,2205,1172
2453,1996,11,3382,2205,1177
2453,1996,12,3386,2505,881
2453,1997,1,3381,4875,-1494
2453,1997,2,3384,2205,1179
2453,1997,3,3389,2985,404
2453,1997,4,3390,2205,1185
2453,1997,5,3395,2205,1190
2453,1997,6,3379,8535,-5156
2453,1997,7,3378,2205,1173
2453,1997,8,3383,2205,1178
2453,1997,9,3388,2205,1183
2453,1997,10,3390,3645,-255
2453,1997,11,3392,2205,1187
2453,1997,12,3395,3285,110
2453,1998,1,3390,4725,-1335
2453,1998,2,3390,3495,-105
2453,1998,3,3385,3315,70
2453,1998,4,3391,2205,1186
2453,1998,5,3395,3195,200
2453,1998,6,3388,7215,-3827
2453,1998,7,3381,2205,1176
2453,1998,8,3386,2205,1181
2453,1998,9,3390,2205,1185
2453,1998,10,3394,2925,469
2453,1998,11,3397,2205,1192
2453,1998,12,3401,2520,881
2454,1994,5,28226,0,28226
2454,1994,6,3009,10215,-7206
2454,1994,7,5801,15,5786
2454,1994,8,4422,15,4407
2454,1994,9,3027,3915,-888
2454,1994,10,3032,315,2717
2454,1994,11,3036,3515,-479
2454,1994,12,3022,6215,-3193
2454,1995,1,3013,8665,-5652
2454,1995,2,6412,15,6397
2454,1995,3,45077,3715,41362
2454,1995,4,37772,23515,14257
2454,1995,5,3151,30965,-27814
2454,1995,6,3064,26615,-23551
2454,1995,7,3038,9315,-6277
2454,1995,8,3021,3715,-694
2454,1995,9,3018,4315,-1297
2454,1995,10,4213,915,3298
2454,1995,11,3025,6515,-3490
2454,1995,12,3011,3515,-504
2454,1996,1,3600,10365,-6765
2454,1996,2,4683,15,4668
2454,1996,3,2999,5215,-2216
2454,1996,4,4090,1865,2225
2454,1996,5,2997,4315,-1318
2454,1996,6,2989,10165,-7176
2454,1996,7,3167,15,3152
2454,1996,8,52368,1515,50853
2454,1996,9,3161,27865,-24704
2454,1996,10,3074,11715,-8641
2454,1996,11,3039,10765,-7726
2454,1996,12,45730,24915,20815
2454,1997,1,3061,23065,-20004
2454,1997,2,3017,4315,-1298
2454,1997,3,19397,13115,6282
2454,1997,4,3033,7565,-4532
2454,1997,5,50273,12315,37958
2454,1997,6,3139,36515,-33376
2454,1997,7,3025,11365,-8340
2454,1997,8,3009,415,2594
2454,1997,9,3013,3815,-802
2454,1997,10,3014,1415,1599
2454,1997,11,3016,3815,-799
2454,1997,12,3010,4365,-1355
2454,1998,1,7386,10815,-3429
2454,1998,2,71645,15,71630
2454,1998,3,3229,34115,-30886
2454,1998,4,3128,20515,-17387
2454,1998,5,3070,13515,-10445
2454,1998,6,3021,19415,-16394
2454,1998,7,2984,315,2669
2454,1998,8,5000,15,4985
2454,1998,9,3012,2115,897
2454,1998,10,3019,715,2304
2454,1998,11,3024,3765,-741
2454,1998,12,8035,1800,6235
2455,1997,2,6434,0,6434
2455,1997,3,6243,0,6243
2455,1997,4,6243,0,6243
2455,1997,5,6243,0,6243
2455,1997,6,6286,8895,-2609
2455,1997,7,6319,3277,3042
2455,1997,8,6327,7837,-1510
2455,1997,9,6320,6237,83
2455,1997,10,6325,3277,3048
2455,1997,11,6338,3277,3061
2455,1997,12,6339,5927,412
2455,1998,1,6328,10787,-4459
2455,1998,2,6334,3277,3057
2455,1998,3,6347,3277,3070
2455,1998,4,6344,10237,-3893
2455,1998,5,6343,3277,3066
2455,1998,6,6349,9827,-3478
2455,1998,7,6342,3277,3065
2455,1998,8,6354,3477,2877
2455,1998,9,6365,5677,688
2455,1998,10,6353,8617,-2264
2455,1998,11,6355,9637,-3282
2455,1998,12,6341,4662,1679
2456,1995,9,25785,0,25785
2456,1995,10,26395,0,26395
2456,1995,11,25372,11900,13472
2456,1995,12,38002,20100,17902
2456,1996,1,25449,42815,-17366
2456,1996,2,25346,34269,-8923
2456,1996,3,25319,36523,-11204
2456,1996,4,25297,27869,-2572
2456,1996,5,25305,37453,-12148
2456,1996,6,40722,49756,-9034
2456,1996,7,30848,17656,13192
2456,1996,8,26870,40825,-13955
2456,1996,9,30852,13756,17096
2456,1996,10,33472,31375,2097
2456,1996,11,25313,16056,9257
2456,1996,12,37888,30656,7232
2456,1997,1,26103,50656,-24553
2456,1997,2,25282,13756,11526
2456,1997,3,25228,46985,-21757
2456,1997,4,34565,13756,20809
2456,1997,5,28435,21156,7279
2456,1997,6,37887,48665,-10778
2456,1997,7,30375,30451,-76
2456,1997,8,28292,23056,5236
2456,1997,9,25331,20256,5075
2456,1997,10,25352,22356,2996
2456,1997,11,25331,28656,-3325
2456,1997,12,44279,54744,-10465
2456,1998,1,32895,30256,2639
2456,1998,2,25320,16256,9064
2456,1998,3,25346,29841,-4495
2456,1998,4,25338,15356,9982
2456,1998,5,26437,31173,-4736
2456,1998,6,38828,34859,3969
2456,1998,7,25353,24155,1198
2456,1998,8,25336,31554,-6218
2456,1998,9,31624,35170,-3546
2456,1998,10,25310,41497,-16187
2456,1998,11,31883,15556,16327
2456,1998,12,37888,41187,-3299
2457,1993,11,500,0,500
2457,1993,12,18080,0,18080
2457,1994,1,5844,700,5144
2457,1994,2,7472,0,7472
2457,1994,3,5877,7400,-1523
2457,1994,4,5874,7849,-1975
2457,1994,5,5868,6949,-1081
2457,1994,6,8941,8549,392
2457,1994,7,5865,6449,-584
2457,1994,8,7174,3849,3325
2457,1994,9,5862,10749,-4887
2457,1994,10,6465,3849,2616
2457,1994,11,5862,9249,-3387
2457,1994,12,12641,9249,3392
2457,1995,1,6056,9649,-3593
2457,1995,2,7153,7149,4
2457,1995,3,6056,6849,-793
2457,1995,4,5848,6549,-701
2457,1995,5,6856,3849,3007
2457,1995,6,8747,4949,3798
2457,1995,7,5871,7249,-1378
2457,1995,8,5862,8249,-2387
2457,1995,9,5864,4349,1515
2457,1995,10,5866,5849,17
2457,1995,11,5862,7249,-1387
2457,1995,12,8736,12049,-3313
2457,1996,1,6649,3849,2800
2457,1996,2,5860,7649,-1789
2457,1996,3,5852,6649,-797
2457,1996,4,5849,6749,-900
2457,1996,5,5845,9449,-3604
2457,1996,6,8912,5849,3063
2457,1996,7,5842,6649,-807
2457,1996,8,7132,7849,-717
2457,1996,9,5835,7349,-1514
2457,1996,10,5829,8349,-2520
2457,1996,11,5816,8349,-2533
2457,1996,12,8691,4549,4142
2457,1997,1,5819,9949,-4130
2457,1997,2,5807,6649,-842
2457,1997,3,5804,5449,355
2457,1997,4,5805,6149,-344
2457,1997,5,5806,3849,1957
2457,1997,6,8696,4949,3747
2457,1997,7,5822,9849,-4027
2457,1997,8,5813,3849,1964
2457,1997,9,5821,3849,1972
2457,1997,10,5823,8049,-2226
2457,1997,11,5817,5449,368
2457,1997,12,8698,7049,1649
2457,1998,1,5820,8449,-2629
2457,1998,2,7519,3849,3670
2457,1998,3,5830,5249,581
2457,1998,4,6335,3849,2486
2457,1998,5,6144,6649,-505
2457,1998,6,8720,9749,-1029
2457,1998,7,5835,5449,386
2457,1998,8,5832,7749,-1917
2457,1998,9,5819,9749,-3930
2457,1998,10,5806,7949,-2143
2457,1998,11,7009,3849,3160
2457,1998,12,8704,4834,3870
2458,1993,3,1100,0,1100
2458,1993,4,26288,0,26288
2458,1993,5,26070,11800,14270
2458,1993,6,39084,27200,11884
2458,1993,7,26141,26700,-559
2458,1993,8,26171,16430,9741
2458,1993,9,26199,19630,6569
2458,1993,10,26221,21830,4391
2458,1993,11,26231,24830,1401
2458,1993,12,39213,27730,11483
2458,1994,1,26150,81067,-54917
2458,1994,2,29186,13316,15870
2458,1994,3,26154,13030,13124
2458,1994,4,26161,26594,-433
2458,1994,5,26174,35642,-9468
2458,1994,6,39162,12430,26732
2458,1994,7,26192,43001,-16809
2458,1994,8,26195,20230,5965
2458,1994,9,26203,24030,2173
2458,1994,10,26188,25430,758
2458,1994,11,26196,38600,-12404
2458,1994,12,39153,22630,16523
2458,1995,1,26072,72938,-46866
2458,1995,2,26073,19825,6248
2458,1995,3,26115,4630,21485
2458,1995,4,26136,22130,4006
2458,1995,5,26180,19730,6450
2458,1995,6,39086,67154,-28068
2458,1995,7,26112,11430,14682
2458,1995,8,26104,49230,-23126
2458,1995,9,26038,25530,508
2458,1995,10,26044,33865,-7821
2458,1995,11,26013,27230,-1217
2458,1995,12,38981,38537,444
2458,1996,1,26028,18330,7698
2458,1996,2,26050,30430,-4380
2458,1996,3,26033,11730,14303
2458,1996,4,26097,39830,-13733
2458,1996,5,26018,28530,-2512
2458,1996,6,38971,35330,3641
2458,1996,7,26027,32898,-6871
2458,1996,8,26019,16155,9864
2458,1996,9,26063,37483,-11420
2458,1996,10,25992,30,25962
2458,1996,11,26081,39830,-13749
2458,1996,12,39022,45930,-6908
2458,1997,1,26043,21330,4713
2458,1997,2,26018,36130,-10112
2458,1997,3,26009,13530,12479
2458,1997,4,26025,37630,-11605
2458,1997,5,25994,30,25964
2458,1997,6,39068,57330,-18262
2458,1997,7,26047,3630,22417
2458,1997,8,26071,53930,-27859
2458,1997,9,26003,30,25973
2458,1997,10,26066,49930,-23864
2458,1997,11,26012,30,25982
2458,1997,12,39053,64530,-25477
2458,1998,1,26049,16230,9819
2458,1998,2,26073,24245,1828
2458,1998,3,26080,33296,-7216
2458,1998,4,26051,10706,15345
2458,1998,5,26130,11795,14335
2458,1998,6,39044,71130,-32086
2458,1998,7,26019,20104,5915
2458,1998,8,26079,8481,17598
2458,1998,9,26143,14730,11413
2458,1998,10,26166,30,26136
2458,1998,11,26118,87730,-61612
2458,1998,12,38990,29156,9834
2459,1997,9,5261,0,5261
2459,1997,10,5071,0,5071
2459,1997,11,5071,0,5071
2459,1997,12,5071,0,5071
2459,1998,1,5105,4895,210
2459,1998,2,5133,6306,-1173
2459,1998,3,5138,1986,3152
2459,1998,4,5151,1986,3165
2459,1998,5,5164,1986,3178
2459,1998,6,5163,7136,-1973
2459,1998,7,5169,1986,3183
2459,1998,8,5163,7786,-2623
2459,1998,9,5164,3486,1678
2459,1998,10,5153,8786,-3633
2459,1998,11,5136,8146,-3010
2459,1998,12,5150,3171,1979
2460,1993,11,700,0,700
2460,1993,12,18312,0,18312
2460,1994,1,7003,0,7003
2460,1994,2,7018,3000,4018
2460,1994,3,7048,7600,-552
2460,1994,4,7047,6515,532
2460,1994,5,7049,7315,-266
2460,1994,6,10491,19115,-8624
2460,1994,7,7019,5815,1204
2460,1994,8,7025,2115,4910
2460,1994,9,7036,7515,-479
2460,1994,10,7043,5515,1528
2460,1994,11,7039,8315,-1276
2460,1994,12,10505,9215,1290
2460,1995,1,7017,17115,-10098
2460,1995,2,7002,8515,-1513
2460,1995,3,7006,615,6391
2460,1995,4,7026,4115,2911
2460,1995,5,7039,3615,3424
2460,1995,6,10997,15315,-4318
2460,1995,7,7037,3015,4022
2460,1995,8,7046,8015,-969
2460,1995,9,7251,3115,4136
2460,1995,10,7054,8715,-1661
2460,1995,11,7060,3415,3645
2460,1995,12,10536,8715,1821
2460,1996,1,12938,20715,-7777
2460,1996,2,7159,15,7144
2460,1996,3,7081,3115,3966
2460,1996,4,7088,6915,173
2460,1996,5,7094,4615,2479
2460,1996,6,10541,33715,-23174
2460,1996,7,12124,3715,8409
2460,1996,8,10554,8015,2539
2460,1996,9,8769,15,8754
2460,1996,10,7083,5715,1368
2460,1996,11,7090,6415,675
2460,1996,12,10565,7515,3050
2460,1997,1,7658,20215,-12557
2460,1997,2,7061,3915,3146
2460,1997,3,7077,2415,4662
2460,1997,4,7079,9015,-1936
2460,1997,5,7084,4115,2969
2460,1997,6,10508,32115,-21607
2460,1997,7,15137,15,15122
2460,1997,8,9686,15,9671
2460,1997,9,7112,3115,3997
2460,1997,10,7130,2715,4415
2460,1997,11,7116,13915,-6799
2460,1997,12,10584,11815,-1231
2460,1998,1,10301,13715,-3414
2460,1998,2,7090,15,7075
2460,1998,3,7127,5315,1812
2460,1998,4,7125,10515,-3390
2460,1998,5,7112,4915,2197
2460,1998,6,10584,9615,969
2460,1998,7,7126,2515,4611
2460,1998,8,7149,8115,-966
2460,1998,9,7141,5115,2026
2460,1998,10,7150,3415,3735
2460,1998,11,7165,3815,3350
2460,1998,12,10662,1600,9062
2461,1997,9,200,0,200
2461,1997,10,11506,0,11506
2461,1997,11,4251,0,4251
2461,1997,12,5602,0,5602
2461,1998,1,8186,7315,871
2461,1998,2,1393,2665,-1272
2461,1998,3,4692,615,4077
2461,1998,4,1405,2115,-710
2461,1998,5,1401,4965,-3564
2461,1998,6,1384,5415,-4031
2461,1998,7,3171,2265,906
2461,1998,8,17290,6215,11075
2461,1998,9,1414,7115,-5701
2461,1998,10,1393,4415,-3022
2461,1998,11,1374,9315,-7941
2461,1998,12,10235,0,10235
2463,1994,10,600,0,600
2463,1994,11,21123,0,21123
2463,1994,12,23317,10800,12517
2463,1995,1,15609,13300,2309
2463,1995,2,15660,17900,-2240
2463,1995,3,15623,15892,-269
2463,1995,4,15594,18192,-2598
2463,1995,5,15589,16392,-803
2463,1995,6,23328,20392,2936
2463,1995,7,15590,20932,-5342
2463,1995,8,15605,7812,7793
2463,1995,9,15612,17332,-1720
2463,1995,10,15609,13992,1617
2463,1995,11,15610,15592,18
2463,1995,12,23361,17612,5749
2463,1996,1,15600,31752,-16152
2463,1996,2,15574,11732,3842
2463,1996,3,15586,14952,634
2463,1996,4,15594,12992,2602
2463,1996,5,15603,13392,2211
2463,1996,6,23317,31312,-7995
2463,1996,7,15595,11812,3783
2463,1996,8,15606,21592,-5986
2463,1996,9,15595,14592,1003
2463,1996,10,15598,15392,206
2463,1996,11,15598,13892,1706
2463,1996,12,23353,19352,4001
2463,1997,1,15603,25352,-9749
2463,1997,2,15580,11492,4088
2463,1997,3,15584,21412,-5828
2463,1997,4,15557,19532,-3975
2463,1997,5,15556,12432,3124
2463,1997,6,23305,23752,-447
2463,1997,7,15565,13952,1613
2463,1997,8,15572,10892,4680
2463,1997,9,15588,14592,996
2463,1997,10,15591,15092,499
2463,1997,11,15591,17772,-2181
2463,1997,12,23332,12912,10420
2463,1998,1,15606,31952,-16346
2463,1998,2,15558,12492,3066
2463,1998,3,15548,22452,-6904
2463,1998,4,15541,13892,1649
2463,1998,5,15561,7652,7909
2463,1998,6,23326,22792,534
2463,1998,7,15575,18692,-3117
2463,1998,8,15556,21292,-5736
2463,1998,9,15537,16692,-1155
2463,1998,10,15545,8852,6693
2463,1998,11,15581,3092,12489
2463,1998,12,23375,6757,16618
2464,1993,7,37542,0,37542
2464,1993,8,76435,76455,-20
2464,1993,9,14289,28068,-13779
2464,1993,10,60877,35536,25341
2464,1993,11,64474,61672,2802
2464,1993,12,53740,61934,-8194
2464,1994,1,7799,30136,-22337
2464,1994,2,68615,41536,27079
2464,1994,3,9754,19736,-9982
2464,1994,4,42555,30436,12119
2464,1994,5,175,23536,-23361
2464,1994,6,5690,10336,-4646
2464,1994,7,9173,10336,-1163
2464,1994,8,53978,13736,40242
2464,1994,9,216,23536,-23320
2464,1994,10,133,10436,-10303
2464,1994,11,40224,24136,16088
2464,1994,12,39083,29636,9447
2464,1995,1,26573,40336,-13763
2464,1995,2,137,13636,-13499
2464,1995,3,44441,26736,17705
2464,1995,4,153,14136,-13983
2464,1995,5,4703,10336,-5633
2464,1995,6,4480,10336,-5856
2464,1995,7,29290,10336,18954
2464,1995,8,2332,10336,-8004
2464,1995,9,21199,19236,1963
2464,1995,10,1105,10336,-9231
2464,1995,11,5975,10336,-4361
2464,1995,12,8562,10336,-1774
2464,1996,1,10659,10336,323
2464,1996,2,10361,10336,25
2464,1996,3,11562,10336,1226
2464,1996,4,15727,10336,5391
2464,1996,5,115133,49836,65297
2464,1996,6,36405,35536,869
2464,1996,7,288,36136,-35848
2464,1996,8,35537,32036,3501
2464,1996,9,2644,34000,-31356
2464,1996,10,6694,10336,-3642
2464,1996,11,6492,10336,-3844
2464,1996,12,46,10336,-10290
2464,1997,1,124253,76635,47618
2464,1997,2,85988,61336,24652
2464,1997,3,245,33436,-33191
2464,1997,4,54359,74067,-19708
2464,1997,5,27986,11336,16650
2464,1997,6,11847,19716,-7869
2464,1997,7,29605,23736,5869
2464,1997,8,53026,49072,3954
2464,1997,9,50188,27136,23052
2464,1997,10,24669,60636,-35967
2464,1997,11,26534,23736,2798
2464,1997,12,173488,156636,16852
2464,1998,1,69398,76437,-7039
2464,1998,2,109,27636,-27527
2464,1998,3,99671,25825,73846
2464,1998,4,50140,82113,-31973
2464,1998,5,144,34836,-34692
2464,1998,6,32791,17636,15155
2464,1998,7,88,26136,-26048
2464,1998,8,123628,35036,88592
2464,1998,9,60134,53836,6298
2464,1998,10,52128,74236,-22108
2464,1998,11,54199,44336,9863
2464,1998,12,62782,73861,-11079
2465,1996,10,7020,0,7020
2465,1996,11,6032,0,6032
2465,1996,12,6032,0,6032
2465,1997,1,6032,0,6032
2465,1997,2,6085,715,5370
2465,1997,3,6130,4545,1585
2465,1997,4,6126,12305,-6179
2465,1997,5,6094,11085,-4991
2465,1997,6,6084,6695,-611
2465,1997,7,6086,6285,-199
2465,1997,8,6091,3645,2446
2465,1997,9,6101,3645,2456
2465,1997,10,6102,7045,-943
2465,1997,11,6106,6845,-739
2465,1997,12,6102,5395,707
2465,1998,1,6085,11725,-5640
2465,1998,2,6083,3645,2438
2465,1998,3,6088,6765,-677
2465,1998,4,6089,7645,-1556
2465,1998,5,6083,6845,-762
2465,1998,6,6078,8925,-2847
2465,1998,7,6068,4645,1423
2465,1998,8,6074,4445,1629
2465,1998,9,6080,5545,535
2465,1998,10,6080,9225,-3145
2465,1998,11,6067,7345,-1278
2465,1998,12,6065,3630,2435
2466,1997,4,21196,0,21196
2466,1997,5,23792,0,23792
2466,1997,6,31365,5900,25465
2466,1997,7,21038,19900,1138
2466,1997,8,21030,25085,-4055
2466,1997,9,21027,19985,1042
2466,1997,10,21036,18085,2951
2466,1997,11,21043,21445,-402
2466,1997,12,31438,16725,14713
2466,1998,1,21030,41105,-20075
2466,1998,2,21025,18625,2400
2466,1998,3,21039,16085,4954
2466,1998,4,21056,17585,3471
2466,1998,5,21061,24585,-3524
2466,1998,6,31389,31405,-16
2466,1998,7,21055,20985,70
2466,1998,8,21026,23385,-2359
2466,1998,9,21040,20085,955
2466,1998,10,21040,21585,-545
2466,1998,11,21021,29285,-8264
2466,1998,12,31390,17770,13620
2467,1993,5,400,0,400
2467,1993,6,34142,5000,29142
2467,1993,7,22881,13700,9181
2467,1993,8,22918,17400,5518
2467,1993,9,22939,19500,3439
2467,1993,10,22952,22115,837
2467,1993,11,22970,30787,-7817
2467,1993,12,34354,33207,1147
2467,1994,1,22878,44407,-21529
2467,1994,2,22877,13947,8930
2467,1994,3,22888,19707,3181
2467,1994,4,22925,17447,5478
2467,1994,5,22942,22047,895
2467,1994,6,34350,25147,9203
2467,1994,7,22980,23647,-667
2467,1994,8,22961,27347,-4386
2467,1994,9,22957,21747,1210
2467,1994,10,22948,25467,-2519
2467,1994,11,22952,20347,2605
2467,1994,12,34338,32647,1691
2467,1995,1,22921,43827,-20906
2467,1995,2,22892,12547,10345
2467,1995,3,22930,17147,5783
2467,1995,4,22949,19447,3502
2467,1995,5,22965,18347,4618
2467,1995,6,34346,33787,559
2467,1995,7,22977,22247,730
2467,1995,8,22958,26307,-3349
2467,1995,9,22957,24547,-1590
2467,1995,10,22957,21147,1810
2467,1995,11,22955,24747,-1792
2467,1995,12,34349,28607,5742
2467,1996,1,22920,47547,-24627
2467,1996,2,22880,23927,-1047
2467,1996,3,22891,12547,10344
2467,1996,4,22919,17847,5072
2467,1996,5,22930,21947,983
2467,1996,6,34313,35867,-1554
2467,1996,7,22940,16447,6493
2467,1996,8,22940,27087,-4147
2467,1996,9,23178,8947,14231
2467,1996,10,23016,12547,10469
2467,1996,11,23041,19547,3494
2467,1996,12,34458,22847,11611
2467,1997,1,23050,46167,-23117
2467,1997,2,23001,18127,4874
2467,1997,3,23032,16347,6685
2467,1997,4,23046,19947,3099
2467,1997,5,23054,21547,1507
2467,1997,6,34470,42787,-8317
2467,1997,7,23046,14247,8799
2467,1997,8,23072,16947,6125
2467,1997,9,23075,22247,828
2467,1997,10,23072,24047,-975
2467,1997,11,23074,22247,827
2467,1997,12,34460,31007,3453
2467,1998,1,23019,52107,-29088
2467,1998,2,23006,12047,10959
2467,1998,3,23040,15747,7293
2467,1998,4,23054,23127,-73
2467,1998,5,23070,15747,7323
2467,1998,6,34463,33847,616
2467,1998,7,23092,18547,4545
2467,1998,8,23059,49287,-26228
2467,1998,9,23038,23067,-29
2467,1998,10,23048,24247,-1199
2467,1998,11,23043,22747,296
2467,1998,12,34455,6732,27723
2468,1996,7,400,0,400
2468,1996,8,3141,0,3141
2468,1996,9,3141,0,3141
2468,1996,10,3141,0,3141
2468,1996,11,3141,0,3141
2468,1996,12,3182,2109,1073
2468,1997,1,3200,5019,-1819
2468,1997,2,3195,2109,1086
2468,1997,3,3200,2109,1091
2468,1997,4,3204,2109,1095
2468,1997,5,3215,2109,1106
2468,1997,6,3213,2109,1104
2468,1997,7,3224,2109,1115
2468,1997,8,3222,2979,243
2468,1997,9,3224,2109,1115
2468,1997,10,3233,2409,824
2468,1997,11,3233,2919,314
2468,1997,12,3233,2379,854
2468,1998,1,3238,3759,-521
2468,1998,2,3231,3369,-138
2468,1998,3,3234,2109,1125
2468,1998,4,3236,3039,197
2468,1998,5,3245,2109,1136
2468,1998,6,3242,3189,53
2468,1998,7,3244,2109,1135
2468,1998,8,3247,2859,388
2468,1998,9,3256,2109,1147
2468,1998,10,3261,2109,1152
2468,1998,11,3260,2109,1151
2468,1998,12,3270,2394,876
2469,1996,2,200,0,200
2469,1996,3,3330,0,3330
2469,1996,4,3330,0,3330
2469,1996,5,3330,0,3330
2469,1996,6,3330,0,3330
2469,1996,7,3371,2235,1136
2469,1996,8,3394,2235,1159
2469,1996,9,3399,2235,1164
2469,1996,10,3404,2235,1169
2469,1996,11,3408,2865,543
2469,1996,12,3409,3105,304
2469,1997,1,3405,5805,-2400
2469,1997,2,3402,2235,1167
2469,1997,3,3407,2235,1172
2469,1997,4,3411,3015,396
2469,1997,5,3411,3645,-234
2469,1997,6,3403,5835,-2432
2469,1997,7,3403,2235,1168
2469,1997,8,3407,2235,1172
2469,1997,9,3410,3105,305
2469,1997,10,3414,2235,1179
2469,1997,11,3418,2235,1183
2469,1997,12,3418,4305,-887
2469,1998,1,3413,8835,-5422
2469,1998,2,3397,2235,1162
2469,1998,3,3401,3135,266
2469,1998,4,3403,2235,1168
2469,1998,5,3408,2235,1173
2469,1998,6,3407,4875,-1468
2469,1998,7,3405,3615,-210
2469,1998,8,3405,4095,-690
2469,1998,9,3401,2865,536
2469,1998,10,3405,2235,1170
2469,1998,11,3410,2235,1175
2469,1998,12,3414,2790,624
2470,1994,7,700,0,700
2470,1994,8,21647,0,21647
2470,1994,9,18823,9600,9223
2470,1994,10,18856,13700,5156
2470,1994,11,18873,16500,2373
2470,1994,12,28276,28191,85
2470,1995,1,18854,37733,-18879
2470,1995,2,18833,10273,8560
2470,1995,3,18863,14473,4390
2470,1995,4,18874,18273,601
2470,1995,5,18880,15773,3107
2470,1995,6,33214,48473,-15259
2470,1995,7,18842,8373,10469
2470,1995,8,18872,15573,3299
2470,1995,9,18875,23253,-4378
2470,1995,10,18864,16273,2591
2470,1995,11,18865,20953,-2088
2470,1995,12,28249,18733,9516
2470,1996,1,18859,35573,-16714
2470,1996,2,18847,10773,8074
2470,1996,3,18869,19593,-724
2470,1996,4,18853,20373,-1520
2470,1996,5,18854,17573,1281
2470,1996,6,28213,32113,-3900
2470,1996,7,18840,18073,767
2470,1996,8,18830,20213,-1383
2470,1996,9,18835,17873,962
2470,1996,10,18837,18473,364
2470,1996,11,18837,18473,364
2470,1996,12,28234,24493,3741
2470,1997,1,18804,35073,-16269
2470,1997,2,19521,7673,11848
2470,1997,3,18868,19673,-805
2470,1997,4,18812,24313,-5501
2470,1997,5,18795,23993,-5198
2470,1997,6,28209,7673,20536
2470,1997,7,18858,21873,-3015
2470,1997,8,18845,22213,-3368
2470,1997,9,18831,21273,-2442
2470,1997,10,18860,11393,7467
2470,1997,11,18839,25173,-6334
2470,1997,12,28235,14793,13442
2470,1998,1,18818,43833,-25015
2470,1998,2,18824,7673,11151
2470,1998,3,18815,26913,-8098
2470,1998,4,18837,7673,11164
2470,1998,5,18842,19573,-731
2470,1998,6,28236,17373,10863
2470,1998,7,18884,19873,-989
2470,1998,8,18883,25773,-6890
2470,1998,9,18898,16573,2325
2470,1998,10,18900,18873,27
2470,1998,11,18894,29233,-10339
2470,1998,12,28249,10058,18191
2471,1994,7,44349,0,44349
2471,1994,8,43906,7500,36406
2471,1994,9,43980,29600,14380
2471,1994,10,44018,74600,-30582
2471,1994,11,43854,66407,-22553
2471,1994,12,65653,59407,6246
2471,1995,1,43910,40807,3103
2471,1995,2,43925,36507,7418
2471,1995,3,43954,42207,1747
2471,1995,4,43943,44607,-664
2471,1995,5,43956,36807,7149
2471,1995,6,65717,76207,-10490
2471,1995,7,43937,38007,5930
2471,1995,8,43957,38607,5350
2471,1995,9,43828,64207,-20379
2471,1995,10,43883,33007,10876
2471,1995,11,43854,54328,-10474
2471,1995,12,65649,58807,6842
2471,1996,1,43901,57307,-13406
2471,1996,2,43868,25507,18361
2471,1996,3,43936,34007,9929
2471,1996,4,43931,43707,224
2471,1996,5,43859,57207,-13348
2471,1996,6,65679,62307,3372
2471,1996,7,43927,36507,7420
2471,1996,8,43942,39548,4394
2471,1996,9,43894,62207,-18313
2471,1996,10,43905,26507,17398
2471,1996,11,43900,51407,-7507
2471,1996,12,65733,58907,6826
2471,1997,1,43937,48807,-4870
2471,1997,2,43914,52953,-9039
2471,1997,3,43885,37307,6578
2471,1997,4,43916,45781,-1865
2471,1997,5,43894,42407,1487
2471,1997,6,68708,95707,-26999
2471,1997,7,43834,19807,24027
2471,1997,8,43909,30607,13302
2471,1997,9,45820,71248,-25428
2471,1997,10,43853,28907,14946
2471,1997,11,43904,36607,7297
2471,1997,12,65634,100959,-35325
2471,1998,1,43803,24407,19396
2471,1998,2,43876,28207,15669
2471,1998,3,47882,83951,-36069
2471,1998,4,43824,16107,27717
2471,1998,5,43895,43085,810
2471,1998,6,65648,70307,-4659
2471,1998,7,43864,44369,-505
2471,1998,8,43853,41556,2297
2471,1998,9,43825,50511,-6686
2471,1998,10,43894,44407,-513
2471,1998,11,43827,39323,4504
2471,1998,12,65626,66092,-466
2472,1994,2,16775,0,16775
2472,1994,3,22261,0,22261
2472,1994,4,16116,8400,7716
2472,1994,5,16145,9800,6345
2472,1994,6,24088,45104,-21016
2472,1994,7,16092,11024,5068
2472,1994,8,16101,11624,4477
2472,1994,9,16122,10724,5398
2472,1994,10,16141,12324,3817
2472,1994,11,16153,13724,2429
2472,1994,12,24137,20904,3233
2472,1995,1,16110,34544,-18434
2472,1995,2,16111,8724,7387
2472,1995,3,16141,9524,6617
2472,1995,4,16159,13124,3035
2472,1995,5,16167,15024,1143
2472,1995,6,24147,22104,2043
2472,1995,7,16194,12024,4170
2472,1995,8,16198,15024,1174
2472,1995,9,16198,16924,-726
2472,1995,10,16199,29124,-12925
2472,1995,11,16167,15384,783
2472,1995,12,24167,18944,5223
2472,1996,1,16145,31004,-14859
2472,1996,2,16125,10924,5201
2472,1996,3,16153,12024,4129
2472,1996,4,16169,15124,1045
2472,1996,5,16173,12424,3749
2472,1996,6,31991,42364,-10373
2472,1996,7,16146,9324,6822
2472,1996,8,16171,12624,3547
2472,1996,9,16183,14204,1979
2472,1996,10,16189,17164,-975
2472,1996,11,16187,13124,3063
2472,1996,12,24178,18824,5354
2472,1997,1,16187,35184,-18997
2472,1997,2,16147,6824,9323
2472,1997,3,16179,11724,4455
2472,1997,4,16202,10124,6078
2472,1997,5,16226,11224,5002
2472,1997,6,24214,48364,-24150
2472,1997,7,20761,4124,16637
2472,1997,8,16218,7824,8394
2472,1997,9,16246,12024,4222
2472,1997,10,16245,20164,-3919
2472,1997,11,16247,11124,5123
2472,1997,12,24240,20424,3816
2472,1998,1,16244,41784,-25540
2472,1998,2,18892,4124,14768
2472,1998,3,16241,10024,6217
2472,1998,4,16261,12224,4037
2472,1998,5,16274,14224,2050
2472,1998,6,24258,23184,1074
2472,1998,7,16285,15524,761
2472,1998,8,16283,16024,259
2472,1998,9,16287,13924,2363
2472,1998,10,16287,18324,-2037
2472,1998,11,16296,14124,2172
2472,1998,12,24286,26309,-2023
2473,1996,2,200,0,200
2473,1996,3,2995,0,2995
2473,1996,4,2995,0,2995
2473,1996,5,2995,0,2995
2473,1996,6,2995,0,2995
2473,1996,7,3033,1775,1258
2473,1996,8,3055,2011,1044
2473,1996,9,3059,2011,1048
2473,1996,10,3063,2011,1052
2473,1996,11,3065,3481,-416
2473,1996,12,3064,2821,243
2473,1997,1,3061,5161,-2100
2473,1997,2,3058,2011,1047
2473,1997,3,3062,2521,541
2473,1997,4,3064,2161,903
2473,1997,5,3069,2011,1058
2473,1997,6,3066,6811,-3745
2473,1997,7,3052,3331,-279
2473,1997,8,3056,2011,1045
2473,1997,9,3061,2011,1050
2473,1997,10,3065,2011,1054
2473,1997,11,3069,2011,1058
2473,1997,12,3072,2551,521
2473,1998,1,3068,5761,-2693
2473,1998,2,3065,2011,1054
2473,1998,3,3069,2011,1058
2473,1998,4,3073,2161,912
2473,1998,5,3074,3361,-287
2473,1998,6,3072,3481,-409
2473,1998,7,3074,2011,1063
2473,1998,8,3079,2011,1068
2473,1998,9,3083,2461,622
2473,1998,10,3083,3151,-68
2473,1998,11,3085,2011,1074
2473,1998,12,3088,2506,582
2474,1996,4,200,0,200
2474,1996,5,12179,0,12179
2474,1996,6,4418,0,4418
2474,1996,7,3631,2100,1531
2474,1996,8,3640,1100,2540
2474,1996,9,3638,7787,-4149
2474,1996,10,3625,5907,-2282
2474,1996,11,6427,2717,3710
2474,1996,12,5740,3257,2483
2474,1997,1,4546,4877,-331
2474,1997,2,3640,6187,-2547
2474,1997,3,3634,3387,247
2474,1997,4,3628,6287,-2659
2474,1997,5,3612,8657,-5045
2474,1997,6,3603,3087,516
2474,1997,7,3605,3187,418
2474,1997,8,4210,2387,1823
2474,1997,9,3610,4787,-1177
2474,1997,10,4615,2387,2228
2474,1997,11,3619,3187,432
2474,1997,12,3618,4407,-789
2474,1998,1,3615,4727,-1112
2474,1998,2,3614,2787,827
2474,1998,3,3617,3087,530
2474,1998,4,3619,3187,432
2474,1998,5,3614,5387,-1773
2474,1998,6,3609,4587,-978
2474,1998,7,4514,2387,2127
2474,1998,8,3616,3987,-371
2474,1998,9,3819,2387,1432
2474,1998,10,3619,4327,-708
2474,1998,11,3621,2387,1234
2474,1998,12,3623,3752,-129
2475,1996,10,600,0,600
2475,1996,11,16362,0,16362
2475,1996,12,18728,6900,11828
2475,1997,1,12558,4600,7958
2475,1997,2,12581,8100,4481
2475,1997,3,12570,20560,-7990
2475,1997,4,12554,14093,-1539
2475,1997,5,12556,9693,2863
2475,1997,6,18707,43693,-24986
2475,1997,7,24002,8293,15709
2475,1997,8,16245,8293,7952
2475,1997,9,12557,11093,1464
2475,1997,10,12549,15433,-2884
2475,1997,11,12542,14093,-1551
2475,1997,12,18758,16693,2065
2475,1998,1,12521,26573,-14052
2475,1998,2,15710,8893,6817
2475,1998,3,12514,13413,-899
2475,1998,4,12516,12093,423
2475,1998,5,12523,10293,2230
2475,1998,6,18710,29733,-11023
2475,1998,7,12483,14253,-1770
2475,1998,8,12485,8393,4092
2475,1998,9,12477,17313,-4836
2475,1998,10,12481,8793,3688
2475,1998,11,12494,9713,2781
2475,1998,12,18711,14598,4113
2476,1993,12,900,0,900
2476,1994,1,4281,0,4281
2476,1994,2,4281,0,4281
2476,1994,3,4281,0,4281
2476,1994,4,4281,0,4281
2476,1994,5,4342,3175,1167
2476,1994,6,4358,11419,-7061
2476,1994,7,4336,2869,1467
2476,1994,8,4342,2869,1473
2476,1994,9,4348,2869,1479
2476,1994,10,4355,2869,1486
2476,1994,11,4351,6149,-1798
2476,1994,12,4352,3669,683
2476,1995,1,4352,5089,-737
2476,1995,2,4353,2869,1484
2476,1995,3,4359,2869,1490
2476,1995,4,4365,2869,1496
2476,1995,5,4366,4309,57
2476,1995,6,4362,5719,-1357
2476,1995,7,4366,2869,1497
2476,1995,8,4372,2869,1503
2476,1995,9,4377,3669,708
2476,1995,10,4382,2869,1513
2476,1995,11,4379,5669,-1290
2476,1995,12,4377,4829,-452
2476,1996,1,4373,7809,-3436
2476,1996,2,4366,2869,1497
2476,1996,3,4372,2869,1503
2476,1996,4,4379,2869,1510
2476,1996,5,4384,5369,-985
2476,1996,6,4363,10019,-5656
2476,1996,7,4356,3509,847
2476,1996,8,4360,4069,291
2476,1996,9,4359,7969,-3610
2476,1996,10,4346,4429,-83
2476,1996,11,4345,4569,-224
2476,1996,12,4343,3749,594
2476,1997,1,4347,4219,128
2476,1997,2,4348,2869,1479
2476,1997,3,4355,2869,1486
2476,1997,4,4352,5469,-1117
2476,1997,5,4354,4869,-515
2476,1997,6,4351,5469,-1118
2476,1997,7,4348,4069,279
2476,1997,8,4348,4769,-421
2476,1997,9,4345,5869,-1524
2476,1997,10,4342,2869,1473
2476,1997,11,4347,3509,838
2476,1997,12,4350,3669,681
2476,1998,1,4354,2869,1485
2476,1998,2,4360,2869,1491
2476,1998,3,4367,2869,1498
2476,1998,4,4361,10269,-5908
2476,1998,5,4348,2869,1479
2476,1998,6,4347,7369,-3022
2476,1998,7,4339,4369,-30
2476,1998,8,4339,4369,-30
2476,1998,9,4339,3869,470
2476,1998,10,4343,2869,1474
2476,1998,11,4349,2869,1480
2476,1998,12,4346,7054,-2708
2477,1997,2,5447,0,5447
2477,1997,3,11289,0,11289
2477,1997,4,4725,600,4125
2477,1997,5,4741,1300,3441
2477,1997,6,7072,6015,1057
2477,1997,7,4752,8551,-3799
2477,1997,8,4734,4811,-77
2477,1997,9,6933,6951,-18
2477,1997,10,4731,5611,-880
2477,1997,11,4716,10811,-6095
2477,1997,12,7036,5271,1765
2477,1998,1,4707,6951,-2244
2477,1998,2,6813,3111,3702
2477,1998,3,5826,3111,2715
2477,1998,4,4934,3111,1823
2477,1998,5,4724,8711,-3987
2477,1998,6,7047,5451,1596
2477,1998,7,4716,7911,-3195
2477,1998,8,4700,8911,-4211
2477,1998,9,4701,3111,1590
2477,1998,10,4708,3111,1597
2477,1998,11,4714,3111,1603
2477,1998,12,7044,5896,1148
2479,1993,10,7108,0,7108
2479,1993,11,16565,0,16565
2479,1993,12,9100,1900,7200
2479,1994,1,6120,4400,1720
2479,1994,2,6125,5737,388
2479,1994,3,6113,11806,-5693
2479,1994,4,6104,5106,998
2479,1994,5,6101,7206,-1105
2479,1994,6,9090,10106,-1016
2479,1994,7,7207,4006,3201
2479,1994,8,6089,12106,-6017
2479,1994,9,6091,4206,1885
2479,1994,10,7705,4006,3699
2479,1994,11,6097,11506,-5409
2479,1994,12,9291,5606,3685
2479,1995,1,6080,19506,-13426
2479,1995,2,9854,8006,1848
2479,1995,3,10274,4006,6268
2479,1995,4,6076,6706,-630
2479,1995,5,6082,4206,1876
2479,1995,6,11299,4906,6393
2479,1995,7,6097,13706,-7609
2479,1995,8,6084,8806,-2722
2479,1995,9,6074,4906,1168
2479,1995,10,6078,6506,-428
2479,1995,11,6075,11006,-4931
2479,1995,12,9056,7006,2050
2479,1996,1,6853,9106,-2253
2479,1996,2,7650,6206,1444
2479,1996,3,6061,5006,1055
2479,1996,4,6064,6706,-642
2479,1996,5,6060,7706,-1646
2479,1996,6,9056,8406,650
2479,1996,7,6058,5106,952
2479,1996,8,6563,4006,2557
2479,1996,9,6066,10506,-4440
2479,1996,10,6050,7906,-1856
2479,1996,11,6047,4006,2041
2479,1996,12,9045,12106,-3061
2479,1997,1,6038,5806,232
2479,1997,2,6043,4006,2037
2479,1997,3,6052,4006,2046
2479,1997,4,6052,10006,-3954
2479,1997,5,6044,4006,2038
2479,1997,6,9054,4006,5048
2479,1997,7,6073,4006,2067
2479,1997,8,6063,13606,-7543
2479,1997,9,6050,4006,2044
2479,1997,10,6059,4006,2053
2479,1997,11,6067,4006,2061
2479,1997,12,9075,6106,2969
2479,1998,1,6060,13606,-7546
2479,1998,2,6056,4006,2050
2479,1998,3,6065,4006,2059
2479,1998,4,6073,4006,2067
2479,1998,5,6070,8306,-2236
2479,1998,6,9074,4006,5068
2479,1998,7,6073,13006,-6933
2479,1998,8,6065,4006,2059
2479,1998,9,6060,7806,-1746
2479,1998,10,6041,13606,-7565
2479,1998,11,6034,4006,2028
2479,1998,12,9041,5491,3550
2480,1997,9,57920,0,57920
2480,1997,10,44913,18700,26213
2480,1997,11,73402,85168,-11766
2480,1997,12,48310,37215,11095
2480,1998,1,44648,68315,-23667
2480,1998,2,233,27415,-27182
2480,1998,3,74099,51898,22201
2480,1998,4,42149,41421,728
2480,1998,5,49176,32734,16442
2480,1998,6,75245,79715,-4470
2480,1998,7,34260,28882,5378
2480,1998,8,31577,26415,5162
2480,1998,9,58169,56600,1569
2480,1998,10,73076,89353,-16277
2480,1998,11,50066,27615,22451
2480,1998,12,291,77923,-77632
2481,1995,10,1100,0,1100
2481,1995,11,15300,0,15300
2481,1995,12,4200,0,4200
2481,1996,1,2000,0,2000
2481,1996,2,5800,0,5800
2481,1996,3,700,0,700
2481,1996,4,0,1300,-1300
2481,1996,5,0,700,-700
2481,1996,6,0,1600,-1600
2481,1996,7,900,0,900
2481,1996,8,0,1800,-1800
2481,1996,9,200,0,200
2481,1996,10,100,0,100
2481,1996,11,0,2600,-2600
2481,1996,12,0,5400,-5400
2481,1997,1,0,300,-300
2481,1997,2,3200,0,3200
2481,1997,3,0,2800,-2800
2481,1997,4,0,1400,-1400
2481,1997,5,0,4300,-4300
2481,1997,6,2100,0,2100
2481,1997,7,900,0,900
2481,1997,8,0,1100,-1100
2481,1997,9,300,0,300
2481,1997,10,2500,0,2500
2481,1997,11,0,1600,-1600
2481,1997,12,0,1700,-1700
2481,1998,1,0,600,-600
2481,1998,2,0,1300,-1300
2481,1998,3,0,1200,-1200
2481,1998,4,1300,0,1300
2481,1998,5,900,0,900
2481,1998,6,0,1700,-1700
2481,1998,7,300,0,300
2481,1998,8,3300,0,3300
2481,1998,9,2700,0,2700
2481,1998,10,0,3700,-3700
2481,1998,11,600,0,600
2481,1998,12,1600,0,1600
2482,1994,2,500,0,500
2482,1994,3,18636,0,18636
2482,1994,4,11608,600,11008
2482,1994,5,11648,7600,4048
2482,1994,6,17424,13000,4424
2482,1994,7,11683,16263,-4580
2482,1994,8,11670,12063,-393
2482,1994,9,11666,13763,-2097
2482,1994,10,11659,10763,896
2482,1994,11,11653,14163,-2510
2482,1994,12,17430,12663,4767
2482,1995,1,11656,22263,-10607
2482,1995,2,12732,10563,2169
2482,1995,3,11636,11563,73
2482,1995,4,12243,7663,4580
2482,1995,5,11653,14563,-2910
2482,1995,6,19578,24863,-5285
2482,1995,7,11623,9563,2060
2482,1995,8,11627,13263,-1636
2482,1995,9,11620,11663,-43
2482,1995,10,11622,10463,1159
2482,1995,11,11630,9063,2567
2482,1995,12,17397,22363,-4966
2482,1996,1,11609,16463,-4854
2482,1996,2,11597,10063,1534
2482,1996,3,12612,7663,4949
2482,1996,4,11621,11263,358
2482,1996,5,11618,12863,-1245
2482,1996,6,17389,15163,2226
2482,1996,7,11618,13863,-2245
2482,1996,8,11604,16363,-4759
2482,1996,9,11596,11063,533
2482,1996,10,11606,9263,2343
2482,1996,11,11598,13963,-2365
2482,1996,12,17357,20363,-3006
2482,1997,1,11586,10563,1023
2482,1997,2,11587,11363,224
2482,1997,3,14596,16463,-1867
2482,1997,4,12798,7663,5135
2482,1997,5,14224,7663,6561
2482,1997,6,17417,9663,7754
2482,1997,7,11658,13263,-1605
2482,1997,8,12470,7663,4807
2482,1997,9,11683,9263,2420
2482,1997,10,12897,12663,234
2482,1997,11,13404,7663,5741
2482,1997,12,17488,12163,5325
2482,1998,1,11718,21863,-10145
2482,1998,2,12002,7663,4339
2482,1998,3,11715,8763,2952
2482,1998,4,11722,10063,1659
2482,1998,5,11704,17163,-5459
2482,1998,6,17422,37363,-19941
2482,1998,7,15644,9163,6481
2482,1998,8,11645,14763,-3118
2482,1998,9,11645,10663,982
2482,1998,10,11639,14963,-3324
2482,1998,11,11637,10163,1474
2482,1998,12,17421,10048,7373
2483,1996,9,600,0,600
2483,1996,10,25264,0,25264
2483,1996,11,23668,9200,14468
2483,1996,12,35507,20000,15507
2483,1997,1,23788,20200,3588
2483,1997,2,23819,25515,-1696
2483,1997,3,23817,27237,-3420
2483,1997,4,23815,25437,-1622
2483,1997,5,23807,23937,-130
2483,1997,6,35547,44837,-9290
2483,1997,7,23765,24937,-1172
2483,1997,8,23762,20637,3125
2483,1997,9,23759,28437,-4678
2483,1997,10,23754,20837,2917
2483,1997,11,23759,23837,-78
2483,1997,12,35559,32237,3322
2483,1998,1,23735,35837,-12102
2483,1998,2,23729,18637,5092
2483,1998,3,23747,22337,1410
2483,1998,4,23756,19437,4319
2483,1998,5,23764,26137,-2373
2483,1998,6,35559,28737,6822
2483,1998,7,23779,26537,-2758
2483,1998,8,23758,28637,-4879
2483,1998,9,23732,26337,-2605
2483,1998,10,23726,26637,-2911
2483,1998,11,23723,23737,-14
2483,1998,12,35562,10722,24840
2484,1993,1,15922,0,15922
2484,1993,2,20397,0,20397
2484,1993,3,14948,8100,6848
2484,1993,4,14976,8300,6676
2484,1993,5,14991,13114,1877
2484,1993,6,22346,30025,-7679
2484,1993,7,14959,13325,1634
2484,1993,8,14950,26285,-11335
2484,1993,9,14945,14945,0
2484,1993,10,14948,13945,1003
2484,1993,11,14948,14385,563
2484,1993,12,22355,24985,-2630
2484,1994,1,14915,18245,-3330
2484,1994,2,14924,13385,1539
2484,1994,3,14931,15085,-154
2484,1994,4,14930,15085,-155
2484,1994,5,14912,13385,1527
2484,1994,6,22342,15585,6757
2484,1994,7,14945,20805,-5860
2484,1994,8,14936,13885,1051
2484,1994,9,14941,13585,1356
2484,1994,10,14943,16185,-1242
2484,1994,11,14940,12985,1955
2484,1994,12,22354,19925,2429
2484,1995,1,14929,22625,-7696
2484,1995,2,14923,12505,2418
2484,1995,3,14934,14185,749
2484,1995,4,14937,13985,952
2484,1995,5,14919,25145,-10226
2484,1995,6,22303,15385,6918
2484,1995,7,14923,15185,-262
2484,1995,8,14923,13785,1138
2484,1995,9,14920,18285,-3365
2484,1995,10,14911,14385,526
2484,1995,11,14906,18385,-3479
2484,1995,12,22289,24005,-1716
2484,1996,1,14874,23165,-8291
2484,1996,2,14854,14285,569
2484,1996,3,14856,13225,1631
2484,1996,4,14864,13345,1519
2484,1996,5,14866,18185,-3319
2484,1996,6,22256,16985,5271
2484,1996,7,14875,15245,-370
2484,1996,8,14869,15885,-1016
2484,1996,9,14866,14065,801
2484,1996,10,14892,11985,2907
2484,1996,11,14879,15085,-206
2484,1996,12,22270,24265,-1995
2484,1997,1,14856,21205,-6349
2484,1997,2,18778,4885,13893
2484,1997,3,14889,21445,-6556
2484,1997,4,14874,15365,-491
2484,1997,5,14869,20885,-6016
2484,1997,6,22280,4885,17395
2484,1997,7,14911,16685,-1774
2484,1997,8,14892,22445,-7553
2484,1997,9,14905,4885,10020
2484,1997,10,14906,17925,-3019
2484,1997,11,14927,6565,8362
2484,1997,12,22320,25425,-3105
2484,1998,1,14926,15925,-999
2484,1998,2,14868,33265,-18397
2484,1998,3,14874,8965,5909
2484,1998,4,14899,4885,10014
2484,1998,5,14882,22485,-7603
2484,1998,6,22314,7525,14789
2484,1998,7,14897,25785,-10888
2484,1998,8,14919,7165,7754
2484,1998,9,14904,19285,-4381
2484,1998,10,14939,4885,10054
2484,1998,11,14892,29185,-14293
2484,1998,12,22319,8070,14249
2485,1997,8,800,0,800
2485,1997,9,4042,0,4042
2485,1997,10,4042,0,4042
2485,1997,11,4042,0,4042
2485,1997,12,4042,0,4042
2485,1998,1,4077,8859,-4782
2485,1998,2,4098,1959,2139
2485,1998,3,4107,1959,2148
2485,1998,4,4111,3959,152
2485,1998,5,4116,2359,1757
2485,1998,6,4124,1959,2165
2485,1998,7,4123,8999,-4876
2485,1998,8,4112,1959,2153
2485,1998,9,4121,1959,2162
2485,1998,10,4130,1959,2171
2485,1998,11,4139,1959,2180
2485,1998,12,4147,2894,1253
2486,1993,2,200,0,200
2486,1993,3,38833,7900,30933
2486,1993,4,72027,64100,7927
2486,1993,5,86535,75915,10620
2486,1993,6,67491,77815,-10324
2486,1993,7,106024,125688,-19664
2486,1993,8,24157,19283,4874
2486,1993,9,201,2115,-1914
2486,1993,10,116087,50669,65418
2486,1993,11,44099,53490,-9391
2486,1993,12,75033,75057,-24
2486,1994,1,27902,69822,-41920
2486,1994,2,19469,18958,511
2486,1994,3,11299,34053,-22754
2486,1994,4,25370,8658,16712
2486,1994,5,76092,21158,54934
2486,1994,6,70800,67342,3458
2486,1994,7,35781,85129,-49348
2486,1994,8,98958,96158,2800
2486,1994,9,33636,44792,-11156
2486,1994,10,48305,51682,-3377
2486,1994,11,44207,22958,21249
2486,1994,12,60832,34962,25870
2486,1995,1,27288,69428,-42140
2486,1995,2,60469,52780,7689
2486,1995,3,70935,70615,320
2486,1995,4,441,14851,-14410
2486,1995,5,39613,5215,34398
2486,1995,6,96354,106315,-9961
2486,1995,7,92399,65529,26870
2486,1995,8,14727,38252,-23525
2486,1995,9,26567,43637,-17070
2486,1995,10,99845,72115,27730
2486,1995,11,42101,70633,-28532
2486,1995,12,10147,12015,-1868
2486,1996,1,57481,88424,-30943
2486,1996,2,12218,15,12203
2486,1996,3,48831,13158,35673
2486,1996,4,136943,135215,1728
2486,1996,5,147,26415,-26268
2486,1996,6,49777,40666,9111
2486,1996,7,46666,68644,-21978
2486,1996,8,25794,37450,-11656
2486,1996,9,66847,12908,53939
2486,1996,10,197,36295,-36098
2486,1996,11,122071,31383,90688
2486,1996,12,317,52315,-51998
2486,1997,1,144,43279,-43135
2486,1997,2,71264,9515,61749
2486,1997,3,156875,148474,8401
2486,1997,4,73266,67015,6251
2486,1997,5,56392,94879,-38487
2486,1997,6,15095,15315,-220
2486,1997,7,128062,89626,38436
2486,1997,8,87145,76815,10330
2486,1997,9,29714,74881,-45167
2486,1997,10,184,33494,-33310
2486,1997,11,89,2915,-2826
2486,1997,12,74484,14915,59569
2486,1998,1,36635,87361,-50726
2486,1998,2,47998,5215,42783
2486,1998,3,55517,45322,10195
2486,1998,4,36475,33715,2760
2486,1998,5,103445,112315,-8870
2486,1998,6,29755,54015,-24260
2486,1998,7,13845,41115,-27270
2486,1998,8,12353,13115,-762
2486,1998,9,13053,14115,-1062
2486,1998,10,17386,20515,-3129
2486,1998,11,45461,37290,8171
2486,1998,12,56891,10200,46691
2487,1995,10,900,0,900
2487,1995,11,13862,0,13862
2487,1995,12,7182,1600,5582
2487,1996,1,4831,1400,3431
2487,1996,2,4843,2600,2243
2487,1996,3,4846,8775,-3929
2487,1996,4,4833,5375,-542
2487,1996,5,6825,7675,-850
2487,1996,6,11585,15175,-3590
2487,1996,7,6722,3175,3547
2487,1996,8,4831,4275,556
2487,1996,9,4832,4775,57
2487,1996,10,6640,4575,2065
2487,1996,11,5045,3175,1870
2487,1996,12,7226,6075,1151
2487,1997,1,5927,19475,-13548
2487,1997,2,8809,3175,5634
2487,1997,3,5325,3175,2150
2487,1997,4,4826,5775,-949
2487,1997,5,6625,5675,950
2487,1997,6,8912,4975,3937
2487,1997,7,5350,3175,2175
2487,1997,8,4849,6675,-1826
2487,1997,9,6254,3175,3079
2487,1997,10,6861,5575,1286
2487,1997,11,5671,3175,2496
2487,1997,12,7245,7475,-230
2487,1998,1,4850,20075,-15225
2487,1998,2,9328,3175,6153
2487,1998,3,4833,5475,-642
2487,1998,4,4836,3475,1361
2487,1998,5,4829,8375,-3546
2487,1998,6,7195,9875,-2680
2487,1998,7,5017,3175,1842
2487,1998,8,6326,4875,1451
2487,1998,9,4926,7075,-2149
2487,1998,10,9234,5075,4159
2487,1998,11,14172,3175,10997
2487,1998,12,10573,3960,6613
2488,1993,4,3457,0,3457
2488,1993,5,3060,0,3060
2488,1993,6,3060,0,3060
2488,1993,7,3060,0,3060
2488,1993,8,3086,2045,1041
2488,1993,9,3105,2645,460
2488,1993,10,3105,3275,-170
2488,1993,11,3107,2045,1062
2488,1993,12,3111,2765,346
2488,1994,1,3113,2045,1068
2488,1994,2,3117,2045,1072
2488,1994,3,3122,2045,1077
2488,1994,4,3126,2045,1081
2488,1994,5,3131,2525,606
2488,1994,6,3116,8135,-5019
2488,1994,7,3109,3545,-436
2488,1994,8,3110,2045,1065
2488,1994,9,3114,2975,139
2488,1994,10,3115,2045,1070
2488,1994,11,3120,2045,1075
2488,1994,12,3123,2735,388
2488,1995,1,3126,2045,1081
2488,1995,2,3130,2045,1085
2488,1995,3,3135,2045,1090
2488,1995,4,3139,2045,1094
2488,1995,5,3144,2045,1099
2488,1995,6,3143,6305,-3162
2488,1995,7,3133,3365,-232
2488,1995,8,3133,2615,518
2488,1995,9,3136,2045,1091
2488,1995,10,3141,2045,1096
2488,1995,11,3144,3155,-11
2488,1995,12,3143,3875,-732
2488,1996,1,3139,3335,-196
2488,1996,2,3141,2045,1096
2488,1996,3,3146,2045,1101
2488,1996,4,3150,2045,1105
2488,1996,5,3155,2045,1110
2488,1996,6,3133,10925,-7792
2488,1996,7,3126,3275,-149
2488,1996,8,3126,2045,1081
2488,1996,9,3131,2045,1086
2488,1996,10,3135,2045,1090
2488,1996,11,3140,2045,1095
2488,1996,12,3145,2525,620
2488,1997,1,3147,2525,622
2488,1997,2,3149,2045,1104
2488,1997,3,3154,2045,1109
2488,1997,4,3156,3275,-119
2488,1997,5,3158,2045,1113
2488,1997,6,3162,4175,-1013
2488,1997,7,3158,2045,1113
2488,1997,8,3163,2045,1118
2488,1997,9,3167,2645,522
2488,1997,10,3168,3095,73
2488,1997,11,3170,2735,435
2488,1997,12,3172,2465,707
2488,1998,1,3174,2045,1129
2488,1998,2,3178,3125,53
2488,1998,3,3177,2975,202
2488,1998,4,3178,3095,83
2488,1998,5,3180,2045,1135
2488,1998,6,3180,5105,-1925
2488,1998,7,3177,2045,1132
2488,1998,8,3179,3065,114
2488,1998,9,3181,2315,866
2488,1998,10,3185,2045,1140
2488,1998,11,3190,2045,1145
2488,1998,12,3194,2630,564
2489,1993,3,6697,0,6697
2489,1993,4,5809,0,5809
2489,1993,5,5809,0,5809
2489,1993,6,5809,0,5809
2489,1993,7,5862,1315,4547
2489,1993,8,5894,6829,-935
2489,1993,9,5892,5169,723
2489,1993,10,5894,6289,-395
2489,1993,11,5895,4869,1026
2489,1993,12,5885,9239,-3354
2489,1994,1,5871,11809,-5938
2489,1994,2,5868,3869,1999
2489,1994,3,5872,5869,3
2489,1994,4,5876,3869,2007
2489,1994,5,5882,7549,-1667
2489,1994,6,5867,6669,-802
2489,1994,7,5875,3869,2006
2489,1994,8,5883,3869,2014
2489,1994,9,5891,3869,2022
2489,1994,10,5899,5069,830
2489,1994,11,5903,5109,794
2489,1994,12,5901,4119,1782
2489,1995,1,5871,19189,-13318
2489,1995,2,5858,3869,1989
2489,1995,3,5866,3869,1997
2489,1995,4,5869,5449,420
2489,1995,5,5876,3869,2007
2489,1995,6,5879,10589,-4710
2489,1995,7,5865,3869,1996
2489,1995,8,5873,3869,2004
2489,1995,9,5878,6429,-551
2489,1995,10,5879,3869,2010
2489,1995,11,5887,4989,898
2489,1995,12,5884,4819,1065
2489,1996,1,5871,15489,-9618
2489,1996,2,5855,3869,1986
2489,1996,3,5864,3869,1995
2489,1996,4,5872,3869,2003
2489,1996,5,5867,6429,-562
2489,1996,6,5860,12719,-6859
2489,1996,7,5849,3869,1980
2489,1996,8,5858,3869,1989
2489,1996,9,5858,4829,1029
2489,1996,10,5870,3869,2001
2489,1996,11,5875,6749,-874
2489,1996,12,5858,8839,-2981
2489,1997,1,5845,8749,-2904
2489,1997,2,5850,3869,1981
2489,1997,3,5856,5869,-13
2489,1997,4,5858,3869,1989
2489,1997,5,5866,3869,1997
2489,1997,6,5867,8919,-3052
2489,1997,7,5862,3869,1993
2489,1997,8,5870,3869,2001
2489,1997,9,5878,3869,2009
2489,1997,10,5887,3869,2018
2489,1997,11,5892,5789,103
2489,1997,12,5894,4969,925
2489,1998,1,5880,8969,-3089
2489,1998,2,5885,6349,-464
2489,1998,3,5872,8109,-2237
2489,1998,4,5875,3869,2006
2489,1998,5,5883,3869,2014
2489,1998,6,5882,10119,-4237
2489,1998,7,5872,4829,1043
2489,1998,8,5878,3869,2009
2489,1998,9,5886,3869,2017
2489,1998,10,5893,4669,1224
2489,1998,11,5899,3869,2030
2489,1998,12,5901,7304,-1403
2490,1995,2,700,0,700
2490,1995,3,20705,0,20705
2490,1995,4,14477,7000,7477
2490,1995,5,14503,11700,2803
2490,1995,6,21710,14100,7610
2490,1995,7,14552,16890,-2338
2490,1995,8,14537,18490,-3953
2490,1995,9,14522,21590,-7068
2490,1995,10,14497,14490,7
2490,1995,11,14498,13190,1308
2490,1995,12,21706,17190,4516
2490,1996,1,14487,20590,-6103
2490,1996,2,14500,10590,3910
2490,1996,3,14510,14390,120
2490,1996,4,14506,17190,-2684
2490,1996,5,14508,9590,4918
2490,1996,6,21715,20290,1425
2490,1996,7,14525,13290,1235
2490,1996,8,14523,16690,-2167
2490,1996,9,14509,17690,-3181
2490,1996,10,14494,20890,-6396
2490,1996,11,14495,6890,7605
2490,1996,12,21715,14990,6725
2490,1997,1,14626,19590,-4964
2490,1997,2,14526,9590,4936
2490,1997,3,14538,13490,1048
2490,1997,4,14540,13490,1050
2490,1997,5,14555,9690,4865
2490,1997,6,21760,34390,-12630
2490,1997,7,14525,8790,5735
2490,1997,8,14648,8590,6058
2490,1997,9,14568,11690,2878
2490,1997,10,14567,16290,-1723
2490,1997,11,14582,7490,7092
2490,1997,12,21800,15890,5910
2490,1998,1,14590,23290,-8700
2490,1998,2,14586,11390,3196
2490,1998,3,14607,10490,4117
2490,1998,4,14633,6390,8243
2490,1998,5,14654,11090,3564
2490,1998,6,21851,37490,-15639
2490,1998,7,19937,4190,15747
2490,1998,8,14676,8890,5786
2490,1998,9,14682,18190,-3508
2490,1998,10,14646,19590,-4944
2490,1998,11,14648,14990,-342
2490,1998,12,21847,18575,3272
2491,1996,3,14437,0,14437
2491,1996,4,7073,1300,5773
2491,1996,5,7097,2900,4197
2491,1996,6,10620,7000,3620
2491,1996,7,7137,12548,-5411
2491,1996,8,7117,5748,1369
2491,1996,9,7121,8148,-1027
2491,1996,10,7116,7848,-732
2491,1996,11,7112,8848,-1736
2491,1996,12,10621,8748,1873
2491,1997,1,9182,17048,-7866
2491,1997,2,8680,6948,1732
2491,1997,3,7090,5348,1742
2491,1997,4,7094,8848,-1754
2491,1997,5,7085,9548,-2463
2491,1997,6,10583,10748,-165
2491,1997,7,7075,7248,-173
2491,1997,8,7078,4248,2830
2491,1997,9,7088,5448,1640
2491,1997,10,7096,4648,2448
2491,1997,11,8610,3248,5362
2491,1997,12,10641,6548,4093
2491,1998,1,7118,23948,-16830
2491,1998,2,9376,7548,1828
2491,1998,3,8687,3248,5439
2491,1998,4,7107,3748,3359
2491,1998,5,7113,8848,-1735
2491,1998,6,10623,8248,2375
2491,1998,7,7119,7048,71
2491,1998,8,7120,5448,1672
2491,1998,9,7126,5948,1178
2491,1998,10,7132,5548,1584
2491,1998,11,7126,11248,-4122
2491,1998,12,10631,8933,1698
2492,1997,9,7620,0,7620
2492,1997,10,6933,0,6933
2492,1997,11,6934,2500,4434
2492,1997,12,6981,2700,4281
2492,1998,1,7012,5421,1591
2492,1998,2,7003,9136,-2133
2492,1998,3,6998,8596,-1598
2492,1998,4,6996,9756,-2760
2492,1998,5,6979,7596,-617
2492,1998,6,6982,8716,-1734
2492,1998,7,6972,6556,416
2492,1998,8,6970,5756,1214
2492,1998,9,6980,6956,24
2492,1998,10,6977,7796,-819
2492,1998,11,6975,9956,-2981
2492,1998,12,6961,4641,2320
2493,1993,3,300,0,300
2493,1993,4,14769,0,14769
2493,1993,5,10131,0,10131
2493,1993,6,12202,7000,5202
2493,1993,7,8190,7700,490
2493,1993,8,8193,6515,1678
2493,1993,9,8202,9710,-1508
2493,1993,10,8192,13290,-5098
2493,1993,11,8177,6690,1487
2493,1993,12,12217,10710,1507
2493,1994,1,11275,13550,-2275
2493,1994,2,8177,9490,-1313
2493,1994,3,11673,10550,1123
2493,1994,4,9277,10550,-1273
2493,1994,5,8175,5490,2685
2493,1994,6,12224,8490,3734
2493,1994,7,8198,9110,-912
2493,1994,8,11885,12230,-345
2493,1994,9,8194,6990,1204
2493,1994,10,8195,10650,-2455
2493,1994,11,8185,6830,1355
2493,1994,12,12223,11170,1053
2493,1995,1,8197,19290,-11093
2493,1995,2,12362,5390,6972
2493,1995,3,14084,9590,4494
2493,1995,4,8603,5390,3213
2493,1995,5,9110,9470,-360
2493,1995,6,12231,22670,-10439
2493,1995,7,14182,8870,5312
2493,1995,8,11888,11750,138
2493,1995,9,13205,5390,7815
2493,1995,10,10932,7310,3622
2493,1995,11,8842,5390,3452
2493,1995,12,12289,10610,1679
2493,1996,1,12453,11310,1143
2493,1996,2,8264,6590,1674
2493,1996,3,8274,5590,2684
2493,1996,4,9087,5390,3697
2493,1996,5,8281,11930,-3649
2493,1996,6,15931,21630,-5699
2493,1996,7,17384,8150,9234
2493,1996,8,12511,5390,7121
2493,1996,9,9232,5390,3842
2493,1996,10,8737,9350,-613
2493,1996,11,8336,6890,1446
2493,1996,12,16692,8430,8262
2493,1997,1,10959,14510,-3551
2493,1997,2,8356,8490,-134
2493,1997,3,8344,11850,-3506
2493,1997,4,8342,8090,252
2493,1997,5,8341,9330,-989
2493,1997,6,16637,24430,-7793
2493,1997,7,10117,6350,3767
2493,1997,8,8319,8890,-571
2493,1997,9,8317,8890,-573
2493,1997,10,9021,7790,1231
2493,1997,11,12643,5390,7253
2493,1997,12,12399,10130,2269
2493,1998,1,9654,14870,-5216
2493,1998,2,9543,10910,-1367
2493,1998,3,14561,5390,9171
2493,1998,4,8374,7390,984
2493,1998,5,8366,11250,-2884
2493,1998,6,14849,50030,-35181
2493,1998,7,34483,5390,29093
2493,1998,8,8347,6390,1957
2493,1998,9,11652,6110,5542
2493,1998,10,8378,6290,2088
2493,1998,11,8386,6990,1396
2493,1998,12,12432,10615,1817
2494,1994,4,200,0,200
2494,1994,5,40195,9000,31195
2494,1994,6,60402,32300,28102
2494,1994,7,40408,37500,2908
2494,1994,8,40422,36400,4022
2494,1994,9,40356,71742,-31386
2494,1994,10,40393,25261,15132
2494,1994,11,40437,35861,4576
2494,1994,12,60530,58918,1612
2494,1995,1,40423,64861,-24438
2494,1995,2,40358,52128,-11770
2494,1995,3,40338,19261,21077
2494,1995,4,40355,60702,-20347
2494,1995,5,40316,23561,16755
2494,1995,6,60502,41774,18728
2494,1995,7,40446,40461,-15
2494,1995,8,40435,49769,-9334
2494,1995,9,40382,50730,-10348
2494,1995,10,40371,31661,8710
2494,1995,11,40386,45861,-5475
2494,1995,12,60499,44061,16438
2494,1996,1,40378,71261,-30883
2494,1996,2,40307,37866,2441
2494,1996,3,40337,28661,11676
2494,1996,4,40362,38635,1727
2494,1996,5,40353,49011,-8658
2494,1996,6,60467,40361,20106
2494,1996,7,40358,55726,-15368
2494,1996,8,40348,35161,5187
2494,1996,9,40348,42260,-1912
2494,1996,10,40344,40505,-161
2494,1996,11,40355,34661,5694
2494,1996,12,60447,66585,-6138
2494,1997,1,40339,40061,278
2494,1997,2,40294,52761,-12467
2494,1997,3,40305,33561,6744
2494,1997,4,40316,37761,2555
2494,1997,5,40327,37361,2966
2494,1997,6,60427,64415,-3988
2494,1997,7,40317,40761,-444
2494,1997,8,40382,33468,6914
2494,1997,9,40343,37878,2465
2494,1997,10,40407,21861,18546
2494,1997,11,40432,43261,-2829
2494,1997,12,60559,37961,22598
2494,1998,1,40476,53036,-12560
2494,1998,2,40450,47261,-6811
2494,1998,3,40416,46307,-5891
2494,1998,4,40400,38761,1639
2494,1998,5,40381,58040,-17659
2494,1998,6,60504,35161,25343
2494,1998,7,40427,77861,-37434
2494,1998,8,40355,31211,9144
2494,1998,9,40371,50188,-9817
2494,1998,10,40379,43261,-2882
2494,1998,11,40367,40761,-394
2494,1998,12,60504,31511,28993
2495,1997,3,200,0,200
2495,1997,4,11700,0,11700
2495,1997,5,2400,0,2400
2495,1997,6,3800,0,3800
2495,1997,7,1700,0,1700
2495,1997,8,0,800,-800
2495,1997,9,300,0,300
2495,1997,10,2200,0,2200
2495,1997,11,0,2400,-2400
2495,1997,12,0,2600,-2600
2495,1998,1,4400,0,4400
2495,1998,2,0,2700,-2700
2495,1998,3,4000,0,4000
2495,1998,4,3300,0,3300
2495,1998,5,4400,0,4400
2495,1998,6,1700,0,1700
2495,1998,7,2100,0,2100
2495,1998,8,1800,0,1800
2495,1998,9,5100,0,5100
2495,1998,10,2900,0,2900
2495,1998,11,500,0,500
2495,1998,12,5400,0,5400
2496,1994,5,1100,0,1100
2496,1994,6,19241,0,19241
2496,1994,7,7568,1100,6468
2496,1994,8,7588,5500,2088
2496,1994,9,7595,6300,1295
2496,1994,10,7589,14917,-7328
2496,1994,11,8266,13937,-5671
2496,1994,12,14088,14577,-489
2496,1995,1,13129,15797,-2668
2496,1995,2,11941,7677,4264
2496,1995,3,12963,7697,5266
2496,1995,4,9678,6997,2681
2496,1995,5,8686,8297,389
2496,1995,6,11331,7797,3534
2496,1995,7,7597,9097,-1500
2496,1995,8,9397,7397,2000
2496,1995,9,7588,12497,-4909
2496,1995,10,7574,13897,-6323
2496,1995,11,8263,4997,3266
2496,1995,12,11293,15677,-4384
2496,1996,1,13049,14589,-1540
2496,1996,2,12054,9309,2745
2496,1996,3,12568,7749,4819
2496,1996,4,13166,15549,-2383
2496,1996,5,7564,8149,-585
2496,1996,6,11305,9249,2056
2496,1996,7,7567,12449,-4882
2496,1996,8,7539,11749,-4210
2496,1996,9,10640,7749,2891
2496,1996,10,7945,7749,196
2496,1996,11,7538,10449,-2911
2496,1996,12,11280,7749,3531
2496,1997,1,7534,11449,-3915
2496,1997,2,7531,7749,-218
2496,1997,3,7530,7749,-219
2496,1997,4,7529,7749,-220
2496,1997,5,7529,7749,-220
2496,1997,6,11274,7749,3525
2496,1997,7,7541,7749,-208
2496,1997,8,7541,7749,-208
2496,1997,9,7540,7749,-209
2496,1997,10,9545,7749,1796
2496,1997,11,7547,7749,-202
2496,1997,12,11285,11269,16
2496,1998,1,7939,10149,-2210
2496,1998,2,7536,7749,-213
2496,1998,3,7535,7749,-214
2496,1998,4,7534,7749,-215
2496,1998,5,7533,7749,-216
2496,1998,6,11279,7749,3530
2496,1998,7,7547,7749,-202
2496,1998,8,7545,7749,-204
2496,1998,9,7545,7749,-204
2496,1998,10,7543,7749,-206
2496,1998,11,7542,7749,-207
2496,1998,12,11289,7734,3555
2497,1993,3,300,0,300
2497,1993,4,15591,0,15591
2497,1993,5,7339,0,7339
2497,1993,6,9048,1600,7448
2497,1993,7,6082,6600,-518
2497,1993,8,6076,8185,-2109
2497,1993,9,6066,8585,-2519
2497,1993,10,6062,7445,-1383
2497,1993,11,6049,11685,-5636
2497,1993,12,9020,8825,195
2497,1994,1,8424,14105,-5681
2497,1994,2,11317,9505,1812
2497,1994,3,7027,3985,3042
2497,1994,4,6030,9985,-3955
2497,1994,5,8027,3985,4042
2497,1994,6,9024,4485,4539
2497,1994,7,6050,6485,-435
2497,1994,8,6052,5285,767
2497,1994,9,6053,6285,-232
2497,1994,10,6048,11125,-5077
2497,1994,11,6036,4985,1051
2497,1994,12,9021,9545,-524
2497,1995,1,10522,15905,-5383
2497,1995,2,11121,8785,2336
2497,1995,3,6028,4085,1943
2497,1995,4,6839,3985,2854
2497,1995,5,6044,5185,859
2497,1995,6,9024,8585,439
2497,1995,7,6032,11125,-5093
2497,1995,8,8742,3985,4757
2497,1995,9,6036,8685,-2649
2497,1995,10,6035,5785,250
2497,1995,11,6035,5985,50
2497,1995,12,9016,13705,-4689
2497,1996,1,6511,7345,-834
2497,1996,2,6014,6085,-71
2497,1996,3,6214,3985,2229
2497,1996,4,6023,6185,-162
2497,1996,5,6023,8525,-2502
2497,1996,6,8997,6485,2512
2497,1996,7,6020,7785,-1765
2497,1996,8,6015,3985,2030
2497,1996,9,6020,9385,-3365
2497,1996,10,6009,3985,2024
2497,1996,11,6018,3985,2033
2497,1996,12,9011,10405,-1394
2497,1997,1,6004,10425,-4421
2497,1997,2,6902,3985,2917
2497,1997,3,6012,5785,227
2497,1997,4,6015,3985,2030
2497,1997,5,6018,6265,-247
2497,1997,6,9008,4585,4423
2497,1997,7,6041,3985,2056
2497,1997,8,6049,3985,2064
2497,1997,9,6054,8425,-2371
2497,1997,10,6048,3985,2063
2497,1997,11,6056,3985,2071
2497,1997,12,9049,6225,2824
2497,1998,1,6047,19185,-13138
2497,1998,2,6021,3985,2036
2497,1998,3,6030,3985,2045
2497,1998,4,6038,3985,2053
2497,1998,5,6047,3985,2062
2497,1998,6,9041,3985,5056
2497,1998,7,6077,3985,2092
2497,1998,8,6085,3985,2100
2497,1998,9,6094,3985,2109
2497,1998,10,6098,6025,73
2497,1998,11,6103,3985,2118
2497,1998,12,9091,7770,1321
2498,1996,3,15850,0,15850
2498,1996,4,9691,1200,8491
2498,1996,5,9727,4400,5327
2498,1996,6,14559,14000,559
2498,1996,7,9759,12838,-3079
2498,1996,8,9747,10038,-291
2498,1996,9,9744,13538,-3794
2498,1996,10,9731,7838,1893
2498,1996,11,9737,9338,399
2498,1996,12,14562,10038,4524
2498,1997,1,10424,21138,-10714
2498,1997,2,12218,4238,7980
2498,1997,3,9748,6538,3210
2498,1997,4,9757,12138,-2381
2498,1997,5,9739,14538,-4799
2498,1997,6,14552,9438,5114
2498,1997,7,9749,9838,-89
2498,1997,8,9742,14638,-4896
2498,1997,9,9727,9538,189
2498,1997,10,9724,12138,-2414
2498,1997,11,9717,10938,-1221
2498,1997,12,14535,10238,4297
2498,1998,1,9711,18538,-8827
2498,1998,2,13899,7438,6461
2498,1998,3,10729,4238,6491
2498,1998,4,9751,6438,3313
2498,1998,5,9760,13338,-3578
2498,1998,6,14570,8938,5632
2498,1998,7,9773,6338,3435
2498,1998,8,9788,5938,3850
2498,1998,9,9798,8438,1360
2498,1998,10,9798,12338,-2540
2498,1998,11,9781,14138,-4357
2498,1998,12,14603,6523,8080
2499,1996,2,6271,0,6271
2499,1996,3,18130,0,18130
2499,1996,4,8278,0,8278
2499,1996,5,6004,1200,4804
2499,1996,6,8942,28948,-20006
2499,1996,7,15346,8718,6628
2499,1996,8,9873,3918,5955
2499,1996,9,11298,7818,3480
2499,1996,10,8409,3918,4491
2499,1996,11,6003,7818,-1815
2499,1996,12,8942,5218,3724
2499,1997,1,5986,27718,-21732
2499,1997,2,14464,3918,10546
2499,1997,3,5976,4718,1258
2499,1997,4,5966,10818,-4852
2499,1997,5,8471,8518,-47
2499,1997,6,8887,7618,1269
2499,1997,7,5964,5018,946
2499,1997,8,9853,12518,-2665
2499,1997,9,6458,5018,1440
2499,1997,10,9460,8518,942
2499,1997,11,5972,4618,1354
2499,1997,12,8903,7518,1385
2499,1998,1,15235,21818,-6583
2499,1998,2,8157,3918,4239
2499,1998,3,5972,8518,-2546
2499,1998,4,7264,3918,3346
2499,1998,5,7866,9718,-1852
2499,1998,6,12706,3918,8788
2499,1998,7,11693,8518,3175
2499,1998,8,6018,5918,100
2499,1998,9,6017,6818,-801
2499,1998,10,6014,6518,-504
2499,1998,11,6011,6618,-607
2499,1998,12,8945,5003,3942
2500,1995,10,700,0,700
2500,1995,11,10900,0,10900
2500,1995,12,6100,0,6100
2500,1996,1,23488,0,23488
2500,1996,2,172,10500,-10328
2500,1996,3,172,6200,-6028
2500,1996,4,172,2300,-2128
2500,1996,5,172,2900,-2728
2500,1996,6,1972,0,1972
2500,1996,7,972,0,972
2500,1996,9,172,700,-528
2500,1996,10,372,0,372
2500,1996,11,23837,11500,12337
2500,1996,12,146,7300,-7154
2500,1997,1,8054,7600,454
2500,1997,2,118,3100,-2982
2500,1997,3,118,5100,-4982
2500,1997,4,118,3500,-3382
2500,1997,5,118,2800,-2682
2500,1997,6,918,0,918
2500,1997,7,2318,0,2318
2500,1997,8,6218,0,6218
2500,1997,9,4669,0,4669
2500,1997,10,118,1500,-1382
2500,1997,11,2318,0,2318
2500,1997,12,118,300,-182
2500,1998,1,4170,15915,-11745
2500,1998,2,2476,1165,1311
2500,1998,3,478,615,-137
2500,1998,4,3878,15,3863
2500,1998,5,2094,15,2079
2500,1998,6,6898,8415,-1517
2500,1998,7,4796,15,4781
2500,1998,8,115,215,-100
2500,1998,9,115,2815,-2700
2500,1998,10,95,2965,-2870
2500,1998,11,692,565,127
2500,1998,12,5502,2500,3002
2501,1994,2,600,0,600
2501,1994,3,20232,0,20232
2501,1994,4,18614,6500,12114
2501,1994,5,18660,15600,3060
2501,1994,6,27936,21600,6336
2501,1994,7,18697,19115,-418
2501,1994,8,18728,20126,-1398
2501,1994,9,18722,18626,96
2501,1994,10,18719,21926,-3207
2501,1994,11,18710,15726,2984
2501,1994,12,28005,21926,6079
2501,1995,1,18740,20226,-1486
2501,1995,2,18734,21026,-2292
2501,1995,3,18716,21826,-3110
2501,1995,4,18709,23126,-4417
2501,1995,5,18702,13926,4776
2501,1995,6,28003,20226,7777
2501,1995,7,18741,24326,-5585
2501,1995,8,18723,16726,1997
2501,1995,9,18724,18126,598
2501,1995,10,18731,18126,605
2501,1995,11,18730,18726,4
2501,1995,12,28011,23226,4785
2501,1996,1,18747,18626,121
2501,1996,2,18740,22026,-3286
2501,1996,3,18738,16926,1812
2501,1996,4,18740,21826,-3086
2501,1996,5,18722,19726,-1004
2501,1996,6,28010,19826,8184
2501,1996,7,18753,19226,-473
2501,1996,8,18740,22926,-4186
2501,1996,9,18738,15726,3012
2501,1996,10,18742,18926,-184
2501,1996,11,18737,19726,-989
2501,1996,12,28020,21426,6594
2501,1997,1,18761,18926,-165
2501,1997,2,18753,20826,-2073
2501,1997,3,18748,21026,-2278
2501,1997,4,18749,16426,2323
2501,1997,5,18743,22026,-3283
2501,1997,6,28015,23126,4889
2501,1997,7,18751,20626,-1875
2501,1997,8,18748,21026,-2278
2501,1997,9,18726,25426,-6700
2501,1997,10,18718,15326,3392
2501,1997,11,18732,15226,3506
2501,1997,12,28005,25526,2479
2501,1998,1,18783,7026,11757
2501,1998,2,18802,18326,476
2501,1998,3,18779,24226,-5447
2501,1998,4,18800,11226,7574
2501,1998,5,18837,8826,10011
2501,1998,6,28150,14126,14024
2501,1998,7,18881,24326,-5445
2501,1998,8,18872,19826,-954
2501,1998,9,18872,18726,146
2501,1998,10,18877,17426,1451
2501,1998,11,18883,17226,1657
2501,1998,12,28169,20411,7758
2502,1996,10,800,0,800
2502,1996,11,14952,0,14952
2502,1996,12,8821,400,8421
2502,1997,1,5931,4500,1431
2502,1997,2,5928,9500,-3572
2502,1997,3,5919,8200,-2281
2502,1997,4,5906,10000,-4094
2502,1997,5,5889,9500,-3611
2502,1997,6,8803,5800,3003
2502,1997,7,5890,7100,-1210
2502,1997,8,5883,8000,-2117
2502,1997,9,5883,3900,1983
2502,1997,10,5885,6600,-715
2502,1997,11,5886,4600,1286
2502,1997,12,8806,8400,406
2502,1998,1,5884,7620,-1736
2502,1998,2,5887,3900,1987
2502,1998,3,5896,3900,1996
2502,1998,4,5887,11200,-5313
2502,1998,5,5882,3900,1982
2502,1998,6,8813,3900,4913
2502,1998,7,5911,3900,2011
2502,1998,8,5919,3900,2019
2502,1998,9,5921,8220,-2299
2502,1998,10,5918,3900,2018
2502,1998,11,5926,3900,2026
2502,1998,12,8851,6765,2086
2503,1993,3,600,0,600
2503,1993,4,22557,0,22557
2503,1993,5,9806,0,9806
2503,1993,6,14543,2000,12543
2503,1993,7,9755,12000,-2245
2503,1993,8,9740,16654,-6914
2503,1993,9,9723,12494,-2771
2503,1993,10,9716,15594,-5878
2503,1993,11,9693,12434,-2741
2503,1993,12,14492,11574,2918
2503,1994,1,9697,9094,603
2503,1994,2,9699,9394,305
2503,1994,3,9698,12114,-2416
2503,1994,4,9691,9994,-303
2503,1994,5,9689,9194,495
2503,1994,6,14490,8934,5556
2503,1994,7,9712,12594,-2882
2503,1994,8,9702,7994,1708
2503,1994,9,9710,7394,2316
2503,1994,10,9716,10994,-1278
2503,1994,11,9711,10394,-683
2503,1994,12,14505,11794,2711
2503,1995,1,9717,11894,-2177
2503,1995,2,9711,8794,917
2503,1995,3,9713,11494,-1781
2503,1995,4,9704,13354,-3650
2503,1995,5,10196,6294,3902
2503,1995,6,14501,13994,507
2503,1995,7,9700,18334,-8634
2503,1995,8,12981,8814,4167
2503,1995,9,9694,6394,3300
2503,1995,10,9703,9894,-191
2503,1995,11,9706,7194,2512
2503,1995,12,14519,11814,2705
2503,1996,1,9723,12694,-2971
2503,1996,2,10923,8934,1989
2503,1996,3,9718,10194,-476
2503,1996,4,9713,15934,-6221
2503,1996,5,9696,6594,3102
2503,1996,6,14505,7794,6711
2503,1996,7,9731,9494,237
2503,1996,8,9720,14554,-4834
2503,1996,9,9707,11094,-1387
2503,1996,10,9697,13094,-3397
2503,1996,11,10313,6294,4019
2503,1996,12,14488,17534,-3046
2503,1997,1,9691,11294,-1603
2503,1997,2,9677,14394,-4717
2503,1997,3,9666,10834,-1168
2503,1997,4,9667,8294,1373
2503,1997,5,9672,9094,578
2503,1997,6,14464,15374,-910
2503,1997,7,9676,6594,3082
2503,1997,8,9667,17554,-7887
2503,1997,9,10662,6294,4368
2503,1997,10,13188,6294,6894
2503,1997,11,9700,8594,1106
2503,1997,12,14499,13034,1465
2503,1998,1,11218,11694,-476
2503,1998,2,9717,6694,3023
2503,1998,3,9727,6694,3033
2503,1998,4,9742,6394,3348
2503,1998,5,9751,11114,-1363
2503,1998,6,14530,22054,-7524
2503,1998,7,13934,6294,7640
2503,1998,8,10857,6294,4563
2503,1998,9,10160,8814,1346
2503,1998,10,9764,13434,-3670
2503,1998,11,18294,6294,12000
2503,1998,12,19631,9319,10312
2504,1993,12,35450,0,35450
2504,1994,1,23569,4700,18869
2504,1994,2,23621,14700,8921
2504,1994,3,23648,19700,3948
2504,1994,4,23653,29015,-5362
2504,1994,5,23602,28028,-4426
2504,1994,6,35289,29128,6161
2504,1994,7,23615,30628,-7013
2504,1994,8,23604,22828,776
2504,1994,9,23601,24828,-1227
2504,1994,10,23594,24828,-1234
2504,1994,11,23594,24028,-434
2504,1994,12,35312,22628,12684
2504,1995,1,23610,50828,-27218
2504,1995,2,23550,16328,7222
2504,1995,3,23578,19828,3750
2504,1995,4,23579,22828,751
2504,1995,5,23591,20028,3563
2504,1995,6,35243,39528,-4285
2504,1995,7,23586,20628,2958
2504,1995,8,23585,42928,-19343
2504,1995,9,23567,30128,-6561
2504,1995,10,23559,20428,3131
2504,1995,11,23541,24528,-987
2504,1995,12,35251,26328,8923
2504,1996,1,23537,35928,-12391
2504,1996,2,23520,20328,3192
2504,1996,3,23520,26328,-2808
2504,1996,4,23519,25328,-1809
2504,1996,5,23510,21628,1882
2504,1996,6,35219,28528,6691
2504,1996,7,23543,23828,-285
2504,1996,8,23531,27328,-3797
2504,1996,9,23525,21328,2197
2504,1996,10,23529,25528,-1999
2504,1996,11,23518,26028,-2510
2504,1996,12,35214,33328,1886
2504,1997,1,23497,27928,-4431
2504,1997,2,23490,29728,-6238
2504,1997,3,23471,24828,-1357
2504,1997,4,23463,24628,-1165
2504,1997,5,23463,20928,2535
2504,1997,6,35173,31128,4045
2504,1997,7,23511,5528,17983
2504,1997,8,23530,40028,-16498
2504,1997,9,23510,9528,13982
2504,1997,10,23503,44028,-20525
2504,1997,11,23488,5528,17960
2504,1997,12,35200,48228,-13028
2504,1998,1,23496,11228,12268
2504,1998,2,23556,6428,17128
2504,1998,3,23542,52828,-29286
2504,1998,4,23508,5528,17980
2504,1998,5,23584,5528,18056
2504,1998,6,35286,30128,5158
2504,1998,7,23546,67928,-44382
2504,1998,8,23495,5528,17967
2504,1998,9,23569,5528,18041
2504,1998,10,23645,8128,15517
2504,1998,11,23703,8828,14875
2504,1998,12,35349,59513,-24164
2505,1996,5,200,0,200
2505,1996,6,4431,0,4431
2505,1996,7,4431,0,4431
2505,1996,8,4431,0,4431
2505,1996,9,4431,0,4431
2505,1996,10,4434,15,4419
2505,1996,11,4530,1976,2554
2505,1996,12,4535,5166,-631
2505,1997,1,4512,11436,-6924
2505,1997,2,4507,4616,-109
2505,1997,3,4508,2536,1972
2505,1997,4,4514,2856,1658
2505,1997,5,4524,1976,2548
2505,1997,6,4530,9426,-4896
2505,1997,7,4514,1976,2538
2505,1997,8,4525,1976,2549
2505,1997,9,4535,1976,2559
2505,1997,10,4546,1976,2570
2505,1997,11,4553,3096,1457
2505,1997,12,4559,4036,523
2505,1998,1,4538,15596,-11058
2505,1998,2,4518,4216,302
2505,1998,3,4520,5496,-976
2505,1998,4,4516,1976,2540
2505,1998,5,4527,1976,2551
2505,1998,6,4535,7526,-2991
2505,1998,7,4524,4216,308
2505,1998,8,4526,1976,2550
2505,1998,9,4535,2456,2079
2505,1998,10,4545,1976,2569
2505,1998,11,4551,4056,495
2505,1998,12,4555,6451,-1896
2506,1996,7,47909,0,47909
2506,1996,8,199,11000,-10801
2506,1996,9,21570,14300,7270
2506,1996,10,184,12400,-12216
2506,1996,11,84136,80876,3260
2506,1996,12,99,19176,-19077
2506,1997,1,50012,30876,19136
2506,1997,2,49215,22176,27039
2506,1997,3,106296,71276,35020
2506,1997,4,286,50176,-49890
2506,1997,5,25602,31005,-5403
2506,1997,6,14710,15176,-466
2506,1997,7,13178,18276,-5098
2506,1997,8,14879,22576,-7697
2506,1997,9,35354,10276,25078
2506,1997,10,49951,46566,3385
2506,1997,11,32989,54276,-21287
2506,1997,12,26314,36441,-10127
2506,1998,1,1779,13176,-11397
2506,1998,2,93099,19788,73311
2506,1998,3,43838,52176,-8338
2506,1998,4,210,41585,-41375
2506,1998,5,100167,74276,25891
2506,1998,6,69683,41376,28307
2506,1998,7,54263,52301,1962
2506,1998,8,67297,102676,-35379
2506,1998,9,38839,41376,-2537
2506,1998,10,186,24076,-23890
2506,1998,11,47886,38176,9710
2506,1998,12,69201,18476,50725
2507,1996,12,700,0,700
2507,1997,1,12143,0,12143
2507,1997,2,8891,0,8891
2507,1997,3,6927,1500,5427
2507,1997,4,6946,9100,-2154
2507,1997,5,6936,12071,-5135
2507,1997,6,14847,17471,-2624
2507,1997,7,8220,4571,3649
2507,1997,8,6929,8771,-1842
2507,1997,9,6918,5171,1747
2507,1997,10,7226,4571,2655
2507,1997,11,10046,4571,5475
2507,1997,12,10386,7071,3315
2507,1998,1,8553,16971,-8418
2507,1998,2,11632,11071,561
2507,1998,3,10440,7471,2969
2507,1998,4,8160,4571,3589
2507,1998,5,6971,6271,700
2507,1998,6,10385,12371,-1986
2507,1998,7,6958,7571,-613
2507,1998,8,6953,9371,-2418
2507,1998,9,6945,9871,-2926
2507,1998,10,8043,4571,3472
2507,1998,11,6944,9371,-2427
2507,1998,12,10374,6356,4018
2508,1993,3,700,0,700
2508,1993,4,4271,0,4271
2508,1993,5,4271,0,4271
2508,1993,6,4271,0,4271
2508,1993,7,4271,0,4271
2508,1993,8,4330,2208,2122
2508,1993,9,4353,5088,-735
2508,1993,10,4357,5248,-891
2508,1993,11,4353,2208,2145
2508,1993,12,4360,3208,1152
2508,1994,1,4342,13438,-9096
2508,1994,2,4329,2208,2121
2508,1994,3,4338,2208,2130
2508,1994,4,4347,2208,2139
2508,1994,5,4356,2208,2148
2508,1994,6,4356,9718,-5362
2508,1994,7,4342,2208,2134
2508,1994,8,4353,2308,2045
2508,1994,9,4357,5408,-1051
2508,1994,10,4353,3408,945
2508,1994,11,4356,5488,-1132
2508,1994,12,4353,3108,1245
2508,1995,1,4348,10458,-6110
2508,1995,2,4333,3408,925
2508,1995,3,4338,2208,2130
2508,1995,4,4339,5728,-1389
2508,1995,5,4341,2208,2133
2508,1995,6,4350,2208,2142
2508,1995,7,4359,2208,2151
2508,1995,8,4368,3108,1260
2508,1995,9,4373,5008,-635
2508,1995,10,4374,2808,1566
2508,1995,11,4377,2208,2169
2508,1995,12,4374,6868,-2494
2508,1996,1,4353,12808,-8455
2508,1996,2,4340,2208,2132
2508,1996,3,4349,2208,2141
2508,1996,4,4355,6308,-1953
2508,1996,5,4345,4368,-23
2508,1996,6,4341,7388,-3047
2508,1996,7,4335,4508,-173
2508,1996,8,4333,4908,-575
2508,1996,9,4334,2208,2126
2508,1996,10,4340,3008,1332
2508,1996,11,4346,4048,298
2508,1996,12,4343,7208,-2865
2508,1997,1,4328,5408,-1080
2508,1997,2,4332,2208,2124
2508,1997,3,4341,2208,2133
2508,1997,4,4346,5908,-1562
2508,1997,5,4340,4808,-468
2508,1997,6,4339,4528,-189
2508,1997,7,4340,3008,1332
2508,1997,8,4338,5888,-1550
2508,1997,9,4340,2208,2132
2508,1997,10,4339,7508,-3169
2508,1997,11,4335,2208,2127
2508,1997,12,4344,3108,1236
2508,1998,1,4337,6608,-2271
2508,1998,2,4339,2208,2131
2508,1998,3,4340,5328,-988
2508,1998,4,4342,3088,1254
2508,1998,5,4343,5088,-745
2508,1998,6,4346,2208,2138
2508,1998,7,4355,2928,1427
2508,1998,8,4361,2208,2153
2508,1998,9,4370,2208,2162
2508,1998,10,4379,2208,2171
2508,1998,11,4357,14708,-10351
2508,1998,12,4343,4263,80
2509,1997,6,7334,0,7334
2509,1997,7,90315,29600,60715
2509,1997,8,51458,23815,27643
2509,1997,9,142856,180815,-37959
2509,1997,10,13872,28515,-14643
2509,1997,11,63368,30415,32953
2509,1997,12,73211,74015,-804
2509,1998,1,126669,120694,5975
2509,1998,2,18213,77248,-59035
2509,1998,3,8071,13415,-5344
2509,1998,4,129867,78815,51052
2509,1998,5,43232,32415,10817
2509,1998,6,205,42515,-42310
2509,1998,7,47124,14715,32409
2509,1998,8,29290,57202,-27912
2509,1998,9,37676,17715,19961
2509,1998,10,61866,35966,25900
2509,1998,11,185,65542,-65357
2509,1998,12,5060,13400,-8340
2510,1993,8,1100,0,1100
2510,1993,9,20063,100,19963
2510,1993,10,20148,6600,13548
2510,1993,11,20199,13900,6299
2510,1993,12,30251,24000,6251
2510,1994,1,20266,30115,-9849
2510,1994,2,20223,17933,2290
2510,1994,3,20218,21533,-1315
2510,1994,4,20228,19033,1195
2510,1994,5,20224,22633,-2409
2510,1994,6,30253,36933,-6680
2510,1994,7,20197,14533,5664
2510,1994,8,20212,21133,-921
2510,1994,9,20209,19133,1076
2510,1994,10,20210,23033,-2823
2510,1994,11,20201,18433,1768
2510,1994,12,30250,25433,4817
2510,1995,1,20208,33033,-12825
2510,1995,2,20183,11233,8950
2510,1995,3,20216,16033,4183
2510,1995,4,20218,21133,-915
2510,1995,5,20224,18633,1591
2510,1995,6,30252,34933,-4681
2510,1995,7,20216,15133,5083
2510,1995,8,20223,22033,-1810
2510,1995,9,20224,16833,3391
2510,1995,10,20231,20533,-302
2510,1995,11,20221,26133,-5912
2510,1995,12,30249,22933,7316
2510,1996,1,20201,35733,-15532
2510,1996,2,20181,13533,6648
2510,1996,3,20202,17233,2969
2510,1996,4,20215,16133,4082
2510,1996,5,20229,17733,2496
2510,1996,6,30270,24733,5537
2510,1996,7,20240,26133,-5893
2510,1996,8,20254,10833,9421
2510,1996,9,20271,18133,2138
2510,1996,10,20272,21233,-961
2510,1996,11,20274,18533,1741
2510,1996,12,30326,20533,9793
2510,1997,1,20281,31333,-11052
2510,1997,2,20262,21333,-1071
2510,1997,3,20270,19233,1037
2510,1997,4,20276,17633,2643
2510,1997,5,20279,22333,-2054
2510,1997,6,30288,44633,-14345
2510,1997,7,20216,18133,2083
2510,1997,8,20220,22533,-2313
2510,1997,9,20199,21633,-1434
2510,1997,10,20208,17433,2775
2510,1997,11,20220,18333,1887
2510,1997,12,30250,26033,4217
2510,1998,1,20185,37933,-17748
2510,1998,2,20195,9833,10362
2510,1998,3,20208,18633,1575
2510,1998,4,20217,17933,2284
2510,1998,5,20211,22333,-2122
2510,1998,6,30231,28833,1398
2510,1998,7,20235,14633,5602
2510,1998,8,20245,18433,1812
2510,1998,9,20262,16533,3729
2510,1998,10,20273,24333,-4060
2510,1998,11,20288,15433,4855
2510,1998,12,30361,10418,19943
2511,1994,5,16741,0,16741
2511,1994,6,20168,5300,14868
2511,1994,7,13529,13100,429
2511,1994,8,13530,13100,430
2511,1994,9,13551,15170,-1619
2511,1994,10,13542,20230,-6688
2511,1994,11,13518,9570,3948
2511,1994,12,20240,19030,1210
2511,1995,1,13517,18090,-4573
2511,1995,2,13518,11770,1748
2511,1995,3,13525,12270,1255
2511,1995,4,13530,12270,1260
2511,1995,5,13537,9570,3967
2511,1995,6,20254,23370,-3116
2511,1995,7,13543,8050,5493
2511,1995,8,13563,10030,3533
2511,1995,9,13577,9370,4207
2511,1995,10,13580,15170,-1590
2511,1995,11,13580,18890,-5310
2511,1995,12,20260,18570,1690
2511,1996,1,19545,24970,-5425
2511,1996,2,14255,5770,8485
2511,1996,3,13575,13730,-155
2511,1996,4,13577,13270,307
2511,1996,5,13578,13810,-232
2511,1996,6,20289,16570,3719
2511,1996,7,13595,11170,2425
2511,1996,8,13599,14070,-471
2511,1996,9,13598,13470,128
2511,1996,10,13597,13770,-173
2511,1996,11,13603,10370,3233
2511,1996,12,20310,22470,-2160
2511,1997,1,13604,14750,-1146
2511,1997,2,13584,17730,-4146
2511,1997,3,13574,15570,-1996
2511,1997,4,13565,14970,-1405
2511,1997,5,13561,14610,-1049
2511,1997,6,20262,23790,-3528
2511,1997,7,13546,12810,736
2511,1997,8,13529,23530,-10001
2511,1997,9,13508,10970,2538
2511,1997,10,13505,15970,-2465
2511,1997,11,13496,15570,-2074
2511,1997,12,20195,22810,-2615
2511,1998,1,13490,10770,2720
2511,1998,2,13501,11070,2431
2511,1998,3,13520,7170,6350
2511,1998,4,13522,15830,-2308
2511,1998,5,13523,12170,1353
2511,1998,6,20239,15370,4869
2511,1998,7,13527,22990,-9463
2511,1998,8,13506,15550,-2044
2511,1998,9,15327,5770,9557
2511,1998,10,13546,11570,1976
2511,1998,11,13556,10170,3386
2511,1998,12,20273,15955,4318
2513,1993,7,200,0,200
2513,1993,8,13804,0,13804
2513,1993,9,8454,0,8454
2513,1993,10,4078,2900,1178
2513,1993,11,4085,1800,2285
2513,1993,12,4091,4110,-19
2513,1994,1,4086,7350,-3264
2513,1994,2,4077,4570,-493
2513,1994,3,4075,5160,-1085
2513,1994,4,6879,2910,3969
2513,1994,5,5493,3420,2073
2513,1994,6,4080,12970,-8890
2513,1994,7,7068,2670,4398
2513,1994,8,4077,4640,-563
2513,1994,9,6583,3600,2983
2513,1994,10,4083,6070,-1987
2513,1994,11,4078,4270,-192
2513,1994,12,4984,2850,2134
2513,1995,1,4486,5820,-1334
2513,1995,2,4082,3870,212
2513,1995,3,4080,5170,-1090
2513,1995,4,4081,2670,1411
2513,1995,5,4090,3970,120
2513,1995,6,9377,12000,-2623
2513,1995,7,4879,2670,2209
2513,1995,8,5989,3930,2059
2513,1995,9,4090,4270,-180
2513,1995,10,4093,3830,263
2513,1995,11,5799,2670,3129
2513,1995,12,4093,7600,-3507
2513,1996,1,4072,10720,-6648
2513,1996,2,4065,2670,1395
2513,1996,3,4063,5870,-1807
2513,1996,4,4565,2670,1895
2513,1996,5,4069,3670,399
2513,1996,6,4061,7270,-3209
2513,1996,7,4057,3870,187
2513,1996,8,4048,7270,-3222
2513,1996,9,4046,2670,1376
2513,1996,10,4051,3180,871
2513,1996,11,4056,2670,1386
2513,1996,12,4056,5850,-1794
2513,1997,1,4045,6650,-2605
2513,1997,2,6047,3540,2507
2513,1997,3,4053,2970,1083
2513,1997,4,4058,2670,1388
2513,1997,5,4061,3770,291
2513,1997,6,4059,5170,-1111
2513,1997,7,4060,6970,-2910
2513,1997,8,4053,3540,513
2513,1997,9,4045,4800,-755
2513,1997,10,4045,3870,175
2513,1997,11,4047,3090,957
2513,1997,12,4051,2880,1171
2513,1998,1,4051,6030,-1979
2513,1998,2,4047,2670,1377
2513,1998,3,4052,3540,512
2513,1998,4,4055,2670,1385
2513,1998,5,4057,8670,-4613
2513,1998,6,4041,3970,71
2513,1998,7,4042,2670,1372
2513,1998,8,4048,2670,1378
2513,1998,9,4053,2670,1383
2513,1998,10,4059,2670,1389
2513,1998,11,4059,8380,-4321
2513,1998,12,4047,2655,1392
2514,1995,8,200,0,200
2514,1995,9,19768,0,19768
2514,1995,10,16528,5400,11128
2514,1995,11,16590,13100,3490
2514,1995,12,24798,19500,5298
2514,1996,1,16583,29216,-12633
2514,1996,2,16560,5216,11344
2514,1996,3,16587,12616,3971
2514,1996,4,16609,10716,5893
2514,1996,5,16619,18316,-1697
2514,1996,6,24823,20216,4607
2514,1996,7,16615,19316,-2701
2514,1996,8,16614,18016,-1402
2514,1996,9,16611,17116,-505
2514,1996,10,16600,17016,-416
2514,1996,11,16613,15716,897
2514,1996,12,24850,14916,9934
2514,1997,1,16620,32416,-15796
2514,1997,2,16595,11816,4779
2514,1997,3,16635,6116,10519
2514,1997,4,16671,9516,7155
2514,1997,5,16683,15616,1067
2514,1997,6,24918,31316,-6398
2514,1997,7,16680,8716,7964
2514,1997,8,16692,15116,1576
2514,1997,9,16713,11116,5597
2514,1997,10,16720,29416,-12696
2514,1997,11,16699,17616,-917
2514,1997,12,24916,23416,1500
2514,1998,1,16662,31216,-14554
2514,1998,2,16640,12816,3824
2514,1998,3,16656,14316,2340
2514,1998,4,16660,15116,1544
2514,1998,5,16667,12916,3751
2514,1998,6,24869,20216,4653
2514,1998,7,16704,13116,3588
2514,1998,8,16717,15216,1501
2514,1998,9,16718,14216,2502
2514,1998,10,16735,11016,5719
2514,1998,11,16756,13316,3440
2514,1998,12,24990,22501,2489
2515,1995,10,800,0,800
2515,1995,11,13800,0,13800
2515,1995,12,4100,0,4100
2515,1996,2,2000,0,2000
2515,1996,3,700,0,700
2515,1996,4,3000,0,3000
2515,1996,5,0,1600,-1600
2515,1996,6,0,3400,-3400
2515,1996,7,50575,0,50575
2515,1996,8,291,22900,-22609
2515,1996,9,291,14400,-14109
2515,1996,10,291,4200,-3909
2515,1996,11,291,900,-609
2515,1996,12,491,0,491
2515,1997,1,3391,0,3391
2515,1997,2,35083,7800,27283
2515,1997,3,249,12000,-11751
2515,1997,4,23438,6400,17038
2515,1997,5,271,16600,-16329
2515,1997,6,48994,6615,42379
2515,1997,7,377,26215,-25838
2515,1997,8,270,14415,-14145
2515,1997,9,212,6715,-6503
2515,1997,10,63872,26215,37657
2515,1997,11,119142,116515,2627
2515,1997,12,343,26615,-26272
2515,1998,1,60561,71654,-11093
2515,1998,2,5255,20060,-14805
2515,1998,3,3633,5415,-1782
2515,1998,4,44699,15,44684
2515,1998,5,20996,48214,-27218
2515,1998,6,184,15615,-15431
2515,1998,7,5929,8503,-2574
2515,1998,8,85346,31862,53484
2515,1998,9,316,38893,-38577
2515,1998,10,188,1315,-1127
2515,1998,11,9913,32235,-22322
2515,1998,12,36869,15900,20969
2516,1995,11,300,0,300
2516,1995,12,23884,200,23684
2516,1996,1,16010,6000,10010
2516,1996,2,16037,12700,3337
2516,1996,3,16047,19500,-3453
2516,1996,4,16036,13115,2921
2516,1996,5,16050,14315,1735
2516,1996,6,23994,28615,-4621
2516,1996,7,16054,15515,539
2516,1996,8,16045,12615,3430
2516,1996,9,16018,29975,-13957
2516,1996,10,15999,12115,3884
2516,1996,11,16001,22515,-6514
2516,1996,12,23961,11375,12586
2516,1997,1,20623,45315,-24692
2516,1997,2,28001,7315,20686
2516,1997,3,16032,10335,5697
2516,1997,4,22678,12415,10263
2516,1997,5,20520,10615,9905
2516,1997,6,24062,61215,-37153
2516,1997,7,31017,14776,16241
2516,1997,8,22868,14776,8092
2516,1997,9,20697,10576,10121
2516,1997,10,16123,9736,6387
2516,1997,11,16140,14536,1604
2516,1997,12,24107,19196,4911
2516,1998,1,16084,46176,-30092
2516,1998,2,22172,9736,12436
2516,1998,3,16091,15136,955
2516,1998,4,16098,14036,2062
2516,1998,5,16098,16836,-738
2516,1998,6,24053,28356,-4303
2516,1998,7,17986,15616,2370
2516,1998,8,16093,14536,1557
2516,1998,9,16101,14036,2065
2516,1998,10,16075,27296,-11221
2516,1998,11,16069,17436,-1367
2516,1998,12,24023,16641,7382
2517,1996,11,600,0,600
2517,1996,12,46787,15700,31087
2517,1997,1,31293,20700,10593
2517,1997,2,31367,10200,21167
2517,1997,3,31371,38500,-7129
2517,1997,4,31331,43969,-12638
2517,1997,5,31288,46069,-14781
2517,1997,6,46836,40269,6567
2517,1997,7,31260,44417,-13157
2517,1997,8,31280,13069,18211
2517,1997,9,31311,34669,-3358
2517,1997,10,31317,20969,10348
2517,1997,11,31341,26969,4372
2517,1997,12,46950,37569,9381
2517,1998,1,31345,38569,-7224
2517,1998,2,31353,39569,-8216
2517,1998,3,31325,33869,-2544
2517,1998,4,31334,28569,2765
2517,1998,5,31354,20869,10485
2517,1998,6,46932,77569,-30637
2517,1998,7,31295,12869,18426
2517,1998,8,31321,25269,6052
2517,1998,9,31358,25369,5989
2517,1998,10,31342,54269,-22927
2517,1998,11,31303,33469,-2166
2517,1998,12,46921,14469,32452
2519,1993,1,500,0,500
2519,1993,2,5544,0,5544
2519,1993,3,5544,0,5544
2519,1993,4,5544,0,5544
2519,1993,5,5593,1300,4293
2519,1993,6,5638,11514,-5876
2519,1993,7,5612,4894,718
2519,1993,8,5622,1614,4008
2519,1993,9,5638,1614,4024
2519,1993,10,5648,5534,114
2519,1993,11,5655,2414,3241
2519,1993,12,5662,5214,448
2519,1994,1,5649,12804,-7155
2519,1994,2,5634,5594,40
2519,1994,3,5641,2414,3227
2519,1994,4,5648,4614,1034
2519,1994,5,5654,4114,1540
2519,1994,6,5641,12764,-7123
2519,1994,7,5637,3014,2623
2519,1994,8,5650,1814,3836
2519,1994,9,5652,7514,-1862
2519,1994,10,5643,7754,-2111
2519,1994,11,5646,1614,4032
2519,1994,12,5662,4114,1548
2519,1995,1,5627,18614,-12987
2519,1995,2,5615,1614,4001
2519,1995,3,5632,1614,4018
2519,1995,4,5643,4174,1469
2519,1995,5,5655,1614,4041
2519,1995,6,5654,17114,-11460
2519,1995,7,5621,3374,2247
2519,1995,8,5633,1614,4019
2519,1995,9,5650,1614,4036
2519,1995,10,5666,3474,2192
2519,1995,11,5672,7014,-1342
2519,1995,12,5671,4664,1007
2519,1996,1,5638,12934,-7296
2519,1996,2,5643,1614,4029
2519,1996,3,5660,3514,2146
2519,1996,4,5664,8154,-2490
2519,1996,5,5654,4494,1160
2519,1996,6,5654,13064,-7410
2519,1996,7,5633,1614,4019
2519,1996,8,5648,2814,2834
2519,1996,9,5661,1614,4047
2519,1996,10,5675,5214,461
2519,1996,11,5675,7514,-1839
2519,1996,12,5670,5664,6
2519,1997,1,5641,17254,-11613
2519,1997,2,5623,1614,4009
2519,1997,3,5640,1614,4026
2519,1997,4,5648,7134,-1486
2519,1997,5,5651,1614,4037
2519,1997,6,5647,11814,-6167
2519,1997,7,5642,1614,4028
2519,1997,8,5657,3454,2203
2519,1997,9,5667,1614,4053
2519,1997,10,5681,3774,1907
2519,1997,11,5692,1614,4078
2519,1997,12,5707,3814,1893
2519,1998,1,5702,9974,-4272
2519,1998,2,5698,1614,4084
2519,1998,3,5716,1614,4102
2519,1998,4,5733,1614,4119
2519,1998,5,5746,3814,1932
2519,1998,6,5727,13304,-7577
2519,1998,7,5726,1614,4112
2519,1998,8,5736,4914,822
2519,1998,9,5742,5254,488
2519,1998,10,5739,8234,-2495
2519,1998,11,5733,3914,1819
2519,1998,12,5744,2249,3495
2520,1995,7,400,0,400
2520,1995,8,15750,0,15750
2520,1995,9,7008,0,7008
2520,1995,10,3632,1200,2432
2520,1995,11,3642,1200,2442
2520,1995,12,3648,4775,-1127
2520,1996,1,3637,8690,-5053
2520,1996,2,3622,5780,-2158
2520,1996,3,3616,3460,156
2520,1996,4,3612,6770,-3158
2520,1996,5,3600,4840,-1240
2520,1996,6,3597,4170,-573
2520,1996,7,3595,3970,-375
2520,1996,8,3592,4670,-1078
2520,1996,9,4090,3240,850
2520,1996,10,3595,2370,1225
2520,1996,11,3598,3570,28
2520,1996,12,3594,5240,-1646
2520,1997,1,3594,2790,804
2520,1997,2,3594,3660,-66
2520,1997,3,3597,2370,1227
2520,1997,4,3602,2370,1232
2520,1997,5,3606,3450,156
2520,1997,6,3597,6030,-2433
2520,1997,7,3596,3450,146
2520,1997,8,3598,2370,1228
2520,1997,9,3603,2370,1233
2520,1997,10,3608,2370,1238
2520,1997,11,3613,2790,823
2520,1997,12,3614,3150,464
2520,1998,1,3612,4560,-948
2520,1998,2,3613,3150,463
2520,1998,3,3616,2370,1246
2520,1998,4,3621,3060,561
2520,1998,5,3624,2370,1254
2520,1998,6,3606,11010,-7404
2520,1998,7,3598,2370,1228
2520,1998,8,3602,2580,1022
2520,1998,9,3606,2820,786
2520,1998,10,3611,3060,551
2520,1998,11,3614,2370,1244
2520,1998,12,3617,2715,902
2521,1995,5,1000,0,1000
2521,1995,6,36121,4800,31321
2521,1995,7,24197,13400,10797
2521,1995,8,24227,21100,3127
2521,1995,9,24234,24300,-66
2521,1995,10,24236,23015,1221
2521,1995,11,24260,23817,443
2521,1995,12,36302,32717,3585
2521,1996,1,24245,37817,-13572
2521,1996,2,24224,20417,3807
2521,1996,3,24234,23517,717
2521,1996,4,24230,25017,-787
2521,1996,5,24238,20417,3821
2521,1996,6,36280,34517,1763
2521,1996,7,24258,21317,2941
2521,1996,8,24250,28217,-3967
2521,1996,9,24240,23017,1223
2521,1996,10,24259,19917,4342
2521,1996,11,24267,22417,1850
2521,1996,12,36302,34117,2185
2521,1997,1,24247,41217,-16970
2521,1997,2,24260,18517,5743
2521,1997,3,24246,19517,4729
2521,1997,4,24250,23617,633
2521,1997,5,24234,29617,-5383
2521,1997,6,36198,54017,-17819
2521,1997,7,24194,18817,5377
2521,1997,8,24231,6917,17314
2521,1997,9,24271,16617,7654
2521,1997,10,24296,21017,3279
2521,1997,11,24286,23917,369
2521,1997,12,36360,21817,14543
2521,1998,1,24319,39517,-15198
2521,1998,2,24313,15917,8396
2521,1998,3,24305,29417,-5112
2521,1998,4,24295,24617,-322
2521,1998,5,24304,24317,-13
2521,1998,6,36320,32617,3703
2521,1998,7,24312,23917,395
2521,1998,8,24308,39917,-15609
2521,1998,9,24326,23617,709
2521,1998,10,24326,24217,109
2521,1998,11,24312,24817,-505
2521,1998,12,36372,7802,28570
2522,1996,1,1100,0,1100
2522,1996,2,24563,0,24563
2522,1996,3,23347,13900,9447
2522,1996,4,23382,16700,6682
2522,1996,5,23403,21400,2003
2522,1996,6,34986,59891,-24905
2522,1996,7,23333,7215,16118
2522,1996,8,23389,14215,9174
2522,1996,9,23413,52850,-29437
2522,1996,10,25330,34926,-9596
2522,1996,11,23292,1715,21577
2522,1996,12,34984,19615,15369
2522,1997,1,23397,35715,-12318
2522,1997,2,23338,37272,-13934
2522,1997,3,23320,14544,8776
2522,1997,4,23335,22143,1192
2522,1997,5,23281,52051,-28770
2522,1997,6,38454,37559,895
2522,1997,7,23257,20709,2548
2522,1997,8,24074,9044,15030
2522,1997,9,23279,29279,-6000
2522,1997,10,23271,24970,-1699
2522,1997,11,23256,28070,-4814
2522,1997,12,34890,29779,5111
2522,1998,1,23249,34333,-11084
2522,1998,2,23264,8624,14640
2522,1998,3,23289,20605,2684
2522,1998,4,23321,10815,12506
2522,1998,5,23295,41451,-18156
2522,1998,6,34904,27140,7764
2522,1998,7,23312,27046,-3734
2522,1998,8,23319,10615,12704
2522,1998,9,23333,22615,718
2522,1998,10,23341,21115,2226
2522,1998,11,23333,44613,-21280
2522,1998,12,34924,24600,10324
2523,1993,5,400,0,400
2523,1993,6,12561,0,12561
2523,1993,7,7098,0,7098
2523,1993,8,4721,0,4721
2523,1993,9,3436,0,3436
2523,1993,10,3142,3057,85
2523,1993,11,3141,3330,-189
2523,1993,12,3130,6270,-3140
2523,1994,1,3125,3930,-805
2523,1994,2,3127,2520,607
2523,1994,3,3733,2030,1703
2523,1994,4,4140,2480,1660
2523,1994,5,3136,4830,-1694
2523,1994,6,3428,5090,-1662
2523,1994,7,4234,2030,2204
2523,1994,8,3539,2570,969
2523,1994,9,3134,4570,-1436
2523,1994,10,3126,5430,-2304
2523,1994,11,3117,5230,-2113
2523,1994,12,3108,6860,-3752
2523,1995,1,6916,2030,4886
2523,1995,2,3124,2030,1094
2523,1995,3,3126,2730,396
2523,1995,4,3127,2830,297
2523,1995,5,3124,6340,-3216
2523,1995,6,3113,6300,-3187
2523,1995,7,3104,5530,-2426
2523,1995,8,3093,4730,-1637
2523,1995,9,3087,3940,-853
2523,1995,10,3083,3930,-847
2523,1995,11,4180,2600,1580
2523,1995,12,3086,3210,-124
2523,1996,1,4886,2420,2466
2523,1996,2,3097,2130,967
2523,1996,3,3097,6160,-3063
2523,1996,4,3087,2930,157
2523,1996,5,4486,3470,1016
2523,1996,6,3193,2030,1163
2523,1996,7,3094,5030,-1936
2523,1996,8,3590,2030,1560
2523,1996,9,3090,6330,-3240
2523,1996,10,3282,2030,1252
2523,1996,11,3085,3830,-745
2523,1996,12,3083,2840,243
2523,1997,1,3081,4630,-1549
2523,1997,2,3079,2030,1049
2523,1997,3,3078,5130,-2052
2523,1997,4,3074,2030,1044
2523,1997,5,3074,3800,-726
2523,1997,6,3075,2030,1045
2523,1997,7,3080,2030,1050
2523,1997,8,3084,2030,1054
2523,1997,9,3088,2030,1058
2523,1997,10,3091,2750,341
2523,1997,11,3094,2030,1064
2523,1997,12,3097,2990,107
2523,1998,1,3099,2030,1069
2523,1998,2,3103,2030,1073
2523,1998,3,3107,2870,237
2523,1998,4,3109,2030,1079
2523,1998,5,3109,3230,-121
2523,1998,6,3112,2030,1082
2523,1998,7,3115,2690,425
2523,1998,8,3119,2030,1089
2523,1998,9,3123,2030,1093
2523,1998,10,3127,2030,1097
2523,1998,11,3132,2030,1102
2523,1998,12,3136,2315,821
2524,1994,12,300,0,300
2524,1995,1,6263,0,6263
2524,1995,2,6263,0,6263
2524,1995,3,6263,0,6263
2524,1995,4,6307,1000,5307
2524,1995,5,6372,2515,3857
2524,1995,6,6376,11365,-4989
2524,1995,7,6362,5965,397
2524,1995,8,6360,7565,-1205
2524,1995,9,6360,5025,1335
2524,1995,10,6371,2665,3706
2524,1995,11,6386,6365,21
2524,1995,12,6376,12495,-6119
2524,1996,1,6343,9845,-3502
2524,1996,2,6346,2565,3781
2524,1996,3,6349,6245,104
2524,1996,4,6362,2565,3797
2524,1996,5,6373,4365,2008
2524,1996,6,6352,20635,-14283
2524,1996,7,6327,2565,3762
2524,1996,8,6336,6045,291
2524,1996,9,6339,3765,2574
2524,1996,10,6341,6365,-24
2524,1996,11,6332,8865,-2533
2524,1996,12,6344,3215,3129
2524,1997,1,6327,13665,-7338
2524,1997,2,6322,4885,1437
2524,1997,3,6333,2565,3768
2524,1997,4,6348,2565,3783
2524,1997,5,6343,8165,-1822
2524,1997,6,6343,11315,-4972
2524,1997,7,6336,2565,3771
2524,1997,8,6350,4565,1785
2524,1997,9,6331,10645,-4314
2524,1997,10,6320,7465,-1145
2524,1997,11,6322,5365,957
2524,1997,12,6322,6315,7
2524,1998,1,6333,8765,-2432
2524,1998,2,6329,2565,3764
2524,1998,3,6345,2565,3780
2524,1998,4,6361,2565,3796
2524,1998,5,6328,15885,-9557
2524,1998,6,6337,2565,3772
2524,1998,7,6326,9065,-2739
2524,1998,8,6341,2565,3776
2524,1998,9,6339,8325,-1986
2524,1998,10,6348,2565,3783
2524,1998,11,6364,2565,3799
2524,1998,12,6362,6790,-428
2525,1995,5,8530,0,8530
2525,1995,6,17994,0,17994
2525,1995,7,8127,4400,3727
2525,1995,8,8137,6300,1837
2525,1995,9,8145,6115,2030
2525,1995,10,8133,11352,-3219
2525,1995,11,8112,17832,-9720
2525,1995,12,15322,7752,7570
2525,1996,1,9780,25072,-15292
2525,1996,2,12480,10032,2448
2525,1996,3,16306,5352,10954
2525,1996,4,10130,5352,4778
2525,1996,5,9530,10512,-982
2525,1996,6,14343,21192,-6849
2525,1996,7,13627,5352,8275
2525,1996,8,8143,12392,-4249
2525,1996,9,8128,7652,476
2525,1996,10,9216,9432,-216
2525,1996,11,8128,9252,-1124
2525,1996,12,12129,9792,2337
2525,1997,1,8092,21472,-13380
2525,1997,2,8077,10632,-2555
2525,1997,3,8067,6852,1215
2525,1997,4,8072,7852,220
2525,1997,5,8073,7452,621
2525,1997,6,12087,10552,1535
2525,1997,7,8079,10252,-2173
2525,1997,8,8073,6252,1821
2525,1997,9,8077,9292,-1215
2525,1997,10,8071,10452,-2381
2525,1997,11,8066,5752,2314
2525,1997,12,12077,14372,-2295
2525,1998,1,9565,8352,1213
2525,1998,2,8070,5752,2318
2525,1998,3,8075,10252,-2177
2525,1998,4,8065,10852,-2787
2525,1998,5,8060,5352,2708
2525,1998,6,12077,11452,625
2525,1998,7,8066,10652,-2586
2525,1998,8,8063,5352,2711
2525,1998,9,8074,7152,922
2525,1998,10,8067,11552,-3485
2525,1998,11,8058,8452,-394
2525,1998,12,12076,5337,6739
2526,1996,7,6877,0,6877
2526,1996,8,6086,0,6086
2526,1996,9,6086,0,6086
2526,1996,10,6086,0,6086
2526,1996,11,6153,1315,4838
2526,1996,12,6169,10729,-4560
2526,1997,1,6137,16939,-10802
2526,1997,2,6124,3979,2145
2526,1997,3,6133,3979,2154
2526,1997,4,6142,3979,2163
2526,1997,5,6151,3979,2172
2526,1997,6,6153,7879,-1726
2526,1997,7,6153,3979,2174
2526,1997,8,6156,10599,-4443
2526,1997,9,6130,11119,-4989
2526,1997,10,6123,3979,2144
2526,1997,11,6131,4879,1252
2526,1997,12,6136,5429,707
2526,1998,1,6126,11329,-5203
2526,1998,2,6118,3979,2139
2526,1998,3,6127,3979,2148
2526,1998,4,6136,3979,2157
2526,1998,5,6143,5279,864
2526,1998,6,6143,8039,-1896
2526,1998,7,6139,6059,80
2526,1998,8,6137,7379,-1242
2526,1998,9,6132,5639,493
2526,1998,10,6123,10119,-3996
2526,1998,11,6120,4379,1741
2526,1998,12,6124,4764,1360
2527,1993,3,28342,0,28342
2527,1993,4,118,3400,-3282
2527,1993,5,42104,20900,21204
2527,1993,6,93154,75615,17539
2527,1993,7,78425,69289,9136
2527,1993,8,15507,37089,-21582
2527,1993,9,90464,39989,50475
2527,1993,10,17761,87777,-70016
2527,1993,11,48849,21190,27659
2527,1993,12,138009,108412,29597
2527,1994,1,214,66889,-66675
2527,1994,2,95780,11389,84391
2527,1994,3,328,50189,-49861
2527,1994,4,19130,17489,1641
2527,1994,5,201,16689,-16488
2527,1994,6,24376,10389,13987
2527,1994,7,176,28727,-28551
2527,1994,8,13054,5789,7265
2527,1994,9,44095,6589,37506
2527,1994,10,29209,41789,-12580
2527,1994,11,189,19489,-19300
2527,1994,12,128,11589,-11461
2527,1995,1,16779,11189,5590
2527,1995,2,12178,17311,-5133
2527,1995,3,40959,5789,35170
2527,1995,4,192845,155789,37056
2527,1995,5,97066,125123,-28057
2527,1995,6,32368,25189,7179
2527,1995,7,241,28089,-27848
2527,1995,8,140076,122089,17987
2527,1995,9,37427,23889,13538
2527,1995,10,90703,62089,28614
2527,1995,11,32401,69066,-36665
2527,1995,12,65237,109489,-44252
2527,1996,1,54419,55789,-1370
2527,1996,2,6297,9689,-3392
2527,1996,3,54543,5789,48754
2527,1996,4,88611,79689,8922
2527,1996,5,36582,48636,-12054
2527,1996,6,180,47811,-47631
2527,1996,7,43853,18889,24964
2527,1996,8,150086,117364,32722
2527,1996,9,17422,35670,-18248
2527,1996,10,34085,35463,-1378
2527,1996,11,76091,62331,13760
2527,1996,12,57357,71189,-13832
2527,1997,1,21868,38789,-16921
2527,1997,2,9035,17189,-8154
2527,1997,3,18245,5789,12456
2527,1997,4,7279,18389,-11110
2527,1997,5,8062,5789,2273
2527,1997,6,17182,23689,-6507
2527,1997,7,12348,5789,6559
2527,1997,8,47638,23489,24149
2527,1997,9,1466,5789,-4323
2527,1997,10,54347,26789,27558
2527,1997,11,48126,26089,22037
2527,1997,12,425,27689,-27264
2527,1998,1,38232,51089,-12857
2527,1998,2,1765,12389,-10624
2527,1998,3,103619,66989,36630
2527,1998,4,47660,67957,-20297
2527,1998,5,52790,55820,-3030
2527,1998,6,283,13654,-13371
2527,1998,7,64002,30883,33119
2527,1998,8,54729,79189,-24460
2527,1998,9,43056,26889,16167
2527,1998,10,303,22888,-22585
2527,1998,11,36686,11135,25551
2527,1998,12,299,21974,-21675
2528,1993,3,1000,0,1000
2528,1993,4,4236,0,4236
2528,1993,5,4236,0,4236
2528,1993,6,4236,0,4236
2528,1993,7,4236,0,4236
2528,1993,8,4283,2839,1444
2528,1993,9,4318,3719,599
2528,1993,10,4322,3559,763
2528,1993,11,4326,2839,1487
2528,1993,12,4332,3589,743
2528,1994,1,4317,12549,-8232
2528,1994,2,4296,5479,-1183
2528,1994,3,4296,2839,1457
2528,1994,4,4298,4519,-221
2528,1994,5,4298,4519,-221
2528,1994,6,4300,2839,1461
2528,1994,7,4306,2839,1467
2528,1994,8,4312,2839,1473
2528,1994,9,4318,2839,1479
2528,1994,10,4325,2839,1486
2528,1994,11,4328,4039,289
2528,1994,12,4329,5279,-950
2528,1995,1,4307,11559,-7252
2528,1995,2,4298,2839,1459
2528,1995,3,4301,4279,22
2528,1995,4,4304,2839,1465
2528,1995,5,4308,4199,109
2528,1995,6,4310,2839,1471
2528,1995,7,4317,2839,1478
2528,1995,8,4323,2839,1484
2528,1995,9,4328,3479,849
2528,1995,10,4329,4539,-210
2528,1995,11,4329,4199,130
2528,1995,12,4329,4189,140
2528,1996,1,4321,11869,-7548
2528,1996,2,4301,2839,1462
2528,1996,3,4307,2839,1468
2528,1996,4,4313,2839,1474
2528,1996,5,4307,8039,-3732
2528,1996,6,4304,2839,1465
2528,1996,7,4310,2839,1471
2528,1996,8,4316,2839,1477
2528,1996,9,4318,4679,-361
2528,1996,10,4320,2839,1481
2528,1996,11,4325,5239,-914
2528,1996,12,4322,3639,683
2528,1997,1,4307,10769,-6462
2528,1997,2,4298,2839,1459
2528,1997,3,4304,2839,1465
2528,1997,4,4310,2839,1471
2528,1997,5,4317,2839,1478
2528,1997,6,4318,4999,-681
2528,1997,7,4320,2839,1481
2528,1997,8,4326,2839,1487
2528,1997,9,4332,2839,1493
2528,1997,10,4337,3479,858
2528,1997,11,4337,5239,-902
2528,1997,12,4336,4139,197
2528,1998,1,4322,12199,-7877
2528,1998,2,4306,2839,1467
2528,1998,3,4312,2839,1473
2528,1998,4,4318,2839,1479
2528,1998,5,4324,2839,1485
2528,1998,6,4330,2839,1491
2528,1998,7,4336,2839,1497
2528,1998,8,4340,3799,541
2528,1998,9,4345,2839,1506
2528,1998,10,4346,5959,-1613
2528,1998,11,4337,5879,-1542
2528,1998,12,4336,3424,912
2530,1996,7,25123,0,25123
2530,1996,8,26530,14000,12530
2530,1996,9,24813,21700,3113
2530,1996,10,24827,22000,2827
2530,1996,11,24876,25492,-616
2530,1996,12,37242,35051,2191
2530,1997,1,24868,34511,-9643
2530,1997,2,24850,27991,-3141
2530,1997,3,24829,23591,1238
2530,1997,4,24839,31231,-6392
2530,1997,5,24805,25391,-586
2530,1997,6,37167,31291,5876
2530,1997,7,24839,28191,-3352
2530,1997,8,24808,26351,-1543
2530,1997,9,24800,25291,-491
2530,1997,10,24811,25591,-780
2530,1997,11,24793,24491,302
2530,1997,12,37146,35831,1315
2530,1998,1,24780,32711,-7931
2530,1998,2,24768,21091,3677
2530,1998,3,24762,28431,-3669
2530,1998,4,24769,20191,4578
2530,1998,5,24793,21491,3302
2530,1998,6,37147,31491,5656
2530,1998,7,24825,27191,-2366
2530,1998,8,24801,28431,-3630
2530,1998,9,24803,20891,3912
2530,1998,10,24809,27091,-2282
2530,1998,11,24798,24091,707
2530,1998,12,37142,33436,3706
2531,1996,12,200,0,200
2531,1997,1,6294,0,6294
2531,1997,2,6294,0,6294
2531,1997,3,6294,0,6294
2531,1997,4,6328,3300,3028
2531,1997,5,6393,2015,4378
2531,1997,6,6405,7879,-1474
2531,1997,7,6407,6029,378
2531,1997,8,6408,5329,1079
2531,1997,9,6413,4929,1484
2531,1997,10,6419,4729,1690
2531,1997,11,6423,6389,34
2531,1997,12,6419,8229,-1810
2531,1998,1,6408,11969,-5561
2531,1998,2,6388,5749,639
2531,1998,3,6405,1629,4776
2531,1998,4,6419,3929,2490
2531,1998,5,6429,4429,2000
2531,1998,6,6436,8279,-1843
2531,1998,7,6436,1629,4807
2531,1998,8,6456,1629,4827
2531,1998,9,6461,7229,-768
2531,1998,10,6466,3929,2537
2531,1998,11,6470,10589,-4119
2531,1998,12,6452,5834,618
2532,1996,12,500,0,500
2532,1997,1,49011,11800,37211
2532,1997,2,49139,33100,16039
2532,1997,3,49198,40500,8698
2532,1997,4,49209,67100,-17891
2532,1997,5,49166,36215,12951
2532,1997,6,73666,91148,-17482
2532,1997,7,49207,37348,11859
2532,1997,8,49236,49248,-12
2532,1997,9,49228,52948,-3720
2532,1997,10,49221,45648,3573
2532,1997,11,49212,61789,-12577
2532,1997,12,73656,75972,-2316
2532,1998,1,49117,63648,-14531
2532,1998,2,49119,36348,12771
2532,1998,3,49139,61144,-12005
2532,1998,4,49118,40348,8770
2532,1998,5,49131,54280,-5149
2532,1998,6,73662,51148,22514
2532,1998,7,49210,46248,2962
2532,1998,8,49213,48548,665
2532,1998,9,49182,56548,-7366
2532,1998,10,49168,55900,-6732
2532,1998,11,49147,48548,599
2532,1998,12,73622,86923,-13301
2533,1995,6,1100,0,1100
2533,1995,7,11166,0,11166
2533,1995,8,4913,0,4913
2533,1995,9,4130,3500,630
2533,1995,10,4736,0,4736
2533,1995,11,4152,3515,637
2533,1995,12,6389,5255,1134
2533,1996,1,10232,23535,-13303
2533,1996,2,12003,8055,3948
2533,1996,3,4926,15,4911
2533,1996,4,4140,4615,-475
2533,1996,5,4139,3715,424
2533,1996,6,6168,7855,-1687
2533,1996,7,5441,15,5426
2533,1996,8,4159,2115,2044
2533,1996,9,4168,1915,2253
2533,1996,10,4171,5615,-1444
2533,1996,11,4161,7915,-3754
2533,1996,12,6182,6015,167
2533,1997,1,6301,28695,-22394
2533,1997,2,11281,15,11266
2533,1997,3,7621,15,7606
2533,1997,4,5348,15,5333
2533,1997,5,4165,1815,2350
2533,1997,6,6201,9255,-3054
2533,1997,7,4156,4615,-459
2533,1997,8,4160,2115,2045
2533,1997,9,4168,3555,613
2533,1997,10,4171,2215,1956
2533,1997,11,5889,15,5874
2533,1997,12,6234,5615,619
2533,1998,1,9887,20495,-10608
2533,1998,2,8372,3255,5117
2533,1998,3,9894,6855,3039
2533,1998,4,6407,4455,1952
2533,1998,5,10213,4695,5518
2533,1998,6,10063,46775,-36712
2533,1998,7,25441,15,25426
2533,1998,8,17615,4095,13520
2533,1998,9,6952,15,6937
2533,1998,10,4263,3115,1148
2533,1998,11,5480,1335,4145
2533,1998,12,6295,11960,-5665
2534,1993,6,8092,0,8092
2534,1993,7,12079,0,12079
2534,1993,8,6916,0,6916
2534,1993,9,5236,1800,3436
2534,1993,10,5241,9515,-4274
2534,1993,11,5234,7325,-2091
2534,1993,12,10778,9585,1193
2534,1994,1,8707,16225,-7518
2534,1994,2,6493,3425,3068
2534,1994,3,5206,4825,381
2534,1994,4,5207,3925,1282
2534,1994,5,5213,4025,1188
2534,1994,6,9558,10745,-1187
2534,1994,7,5213,3625,1588
2534,1994,8,5218,5125,93
2534,1994,9,6817,5465,1352
2534,1994,10,6025,8825,-2800
2534,1994,11,5614,3425,2189
2534,1994,12,7777,6705,1072
2534,1995,1,5320,7865,-2545
2534,1995,2,6417,3425,2992
2534,1995,3,6330,3425,2905
2534,1995,4,5238,6925,-1687
2534,1995,5,5635,3425,2210
2534,1995,6,7803,6725,1078
2534,1995,7,5235,6865,-1630
2534,1995,8,5927,8465,-2538
2534,1995,9,5229,4625,604
2534,1995,10,5226,8785,-3559
2534,1995,11,6119,3425,2694
2534,1995,12,7789,5705,2084
2534,1996,1,5225,6925,-1700
2534,1996,2,7234,3425,3809
2534,1996,3,5239,7425,-2186
2534,1996,4,7024,7985,-961
2534,1996,5,5226,11125,-5899
2534,1996,6,11572,5705,5867
2534,1996,7,8239,3425,4814
2534,1996,8,5245,7125,-1880
2534,1996,9,6448,3425,3023
2534,1996,10,5255,8425,-3170
2534,1996,11,8853,3425,5428
2534,1996,12,7823,7385,438
2534,1997,1,6155,9025,-2870
2534,1997,2,7562,3425,4137
2534,1997,3,5263,7725,-2462
2534,1997,4,5256,6425,-1169
2534,1997,5,5246,13045,-7799
2534,1997,6,7785,5125,2660
2534,1997,7,7643,3425,4218
2534,1997,8,5253,3925,1328
2534,1997,9,5257,4225,1032
2534,1997,10,5254,6525,-1271
2534,1997,11,5238,13365,-8127
2534,1997,12,7775,7025,750
2534,1998,1,5209,8585,-3376
2534,1998,2,8624,3425,5199
2534,1998,3,5215,9525,-4310
2534,1998,4,5206,6425,-1219
2534,1998,5,5191,9465,-4274
2534,1998,6,7749,5425,2324
2534,1998,7,5194,8345,-3151
2534,1998,8,5184,4925,259
2534,1998,9,5189,3725,1464
2534,1998,10,5181,7925,-2744
2534,1998,11,5186,3425,1761
2534,1998,12,7747,7730,17
2535,1997,1,1100,0,1100
2535,1997,2,22155,0,22155
2535,1997,3,14938,2100,12838
2535,1997,4,14976,13200,1776
2535,1997,5,14980,15600,-620
2535,1997,6,22391,25671,-3280
2535,1997,7,14988,13131,1857
2535,1997,8,14994,13471,1523
2535,1997,9,14980,23051,-8071
2535,1997,10,14963,13171,1792
2535,1997,11,14968,15531,-563
2535,1997,12,22394,20291,2103
2535,1998,1,14931,33591,-18660
2535,1998,2,14901,12231,2670
2535,1998,3,14909,14631,278
2535,1998,4,14912,16151,-1239
2535,1998,5,14912,10531,4381
2535,1998,6,22350,18431,3919
2535,1998,7,14934,15631,-697
2535,1998,8,14931,16091,-1160
2535,1998,9,14925,15031,-106
2535,1998,10,14928,14031,897
2535,1998,11,14932,13331,1601
2535,1998,12,22352,22116,236
2536,1994,10,500,0,500
2536,1994,11,6234,0,6234
2536,1994,12,6234,0,6234
2536,1995,1,6234,0,6234
2536,1995,2,6249,200,6049
2536,1995,3,6348,3851,2497
2536,1995,4,6359,3151,3208
2536,1995,5,6371,5151,1220
2536,1995,6,6355,19231,-12876
2536,1995,7,6324,3151,3173
2536,1995,8,6337,3151,3186
2536,1995,9,6350,3151,3199
2536,1995,10,6363,3151,3212
2536,1995,11,6373,5951,422
2536,1995,12,6372,7301,-929
2536,1996,1,6349,14711,-8362
2536,1996,2,6340,3151,3189
2536,1996,3,6353,3151,3202
2536,1996,4,6363,5631,732
2536,1996,5,6365,4751,1614
2536,1996,6,6349,20661,-14312
2536,1996,7,6316,3151,3165
2536,1996,8,6328,5711,617
2536,1996,9,6332,3151,3181
2536,1996,10,6345,3151,3194
2536,1996,11,6356,5631,725
2536,1996,12,6361,3751,2610
2536,1997,1,6343,15891,-9548
2536,1997,2,6332,3151,3181
2536,1997,3,6345,3651,2694
2536,1997,4,6354,4451,1903
2536,1997,5,6360,6671,-311
2536,1997,6,6328,14851,-8523
2536,1997,7,6325,5231,1094
2536,1997,8,6329,6731,-402
2536,1997,9,6329,4191,2138
2536,1997,10,6332,6031,301
2536,1997,11,6339,4271,2068
2536,1997,12,6349,3401,2948
2536,1998,1,6320,19511,-13191
2536,1998,2,6306,3151,3155
2536,1998,3,6319,3551,2768
2536,1998,4,6326,5691,635
2536,1998,5,6334,3151,3183
2536,1998,6,6326,11131,-4805
2536,1998,7,6327,3151,3176
2536,1998,8,6333,6051,282
2536,1998,9,6337,6111,226
2536,1998,10,6342,3151,3191
2536,1998,11,6353,4451,1902
2536,1998,12,6354,7036,-682
2537,1997,2,33448,0,33448
2537,1997,3,139,4400,-4261
2537,1997,4,104844,80915,23929
2537,1997,5,38624,46955,-8331
2537,1997,6,69328,21393,47935
2537,1997,7,17444,82181,-64737
2537,1997,8,80713,38280,42433
2537,1997,9,99053,130268,-31215
2537,1997,10,24555,20755,3800
2537,1997,11,111153,57555,53598
2537,1997,12,116219,122555,-6336
2537,1998,1,45898,116345,-70447
2537,1998,2,17823,13555,4268
2537,1998,3,37,17455,-17418
2537,1998,4,85681,6015,79666
2537,1998,5,41951,74592,-32641
2537,1998,6,41212,38755,2457
2537,1998,7,71327,38355,32972
2537,1998,8,104748,128050,-23302
2537,1998,9,46482,43815,2667
2537,1998,10,62355,60622,1733
2537,1998,11,40961,40055,906
2537,1998,12,145,46640,-46495
2538,1994,1,200,0,200
2538,1994,2,6379,0,6379
2538,1994,3,6379,0,6379
2538,1994,4,6379,0,6379
2538,1994,5,6385,2700,3685
2538,1994,6,6476,3715,2761
2538,1994,7,6493,3904,2589
2538,1994,8,6504,4304,2200
2538,1994,9,6510,9304,-2794
2538,1994,10,6502,3704,2798
2538,1994,11,6506,8104,-1598
2538,1994,12,6503,7504,-1001
2538,1995,1,6483,10984,-4501
2538,1995,2,6483,3704,2779
2538,1995,3,6495,4104,2391
2538,1995,4,6505,3704,2801
2538,1995,5,6517,3704,2813
2538,1995,6,6520,10754,-4234
2538,1995,7,6501,6664,-163
2538,1995,8,6510,7304,-794
2538,1995,9,6507,3704,2803
2538,1995,10,6516,5904,612
2538,1995,11,6513,7504,-991
2538,1995,12,6513,5014,1499
2538,1996,1,6502,12584,-6082
2538,1996,2,6483,7544,-1061
2538,1996,3,6487,7604,-1117
2538,1996,4,6486,6584,-98
2538,1996,5,6482,7544,-1062
2538,1996,6,6483,3704,2779
2538,1996,7,6487,7904,-1417
2538,1996,8,6481,8004,-1523
2538,1996,9,6476,6704,-228
2538,1996,10,6476,6504,-28
2538,1996,11,6461,10344,-3883
2538,1996,12,6455,8654,-2199
2538,1997,1,6440,8184,-1744
2538,1997,2,6448,3704,2744
2538,1997,3,6460,3704,2756
2538,1997,4,6466,5904,562
2538,1997,5,6473,4004,2469
2538,1997,6,6459,12444,-5985
2538,1997,7,6459,3704,2755
2538,1997,8,6469,5544,925
2538,1997,9,6472,8184,-1712
2538,1997,10,6461,4904,1557
2538,1997,11,6473,3704,2769
2538,1997,12,6481,4054,2427
2538,1998,1,6477,12504,-6027
2538,1998,2,6469,3704,2765
2538,1998,3,6473,5864,609
2538,1998,4,6484,3704,2780
2538,1998,5,6489,6904,-415
2538,1998,6,6479,11754,-5275
2538,1998,7,6470,4504,1966
2538,1998,8,6480,3704,2776
2538,1998,9,6491,3704,2787
2538,1998,10,6503,3704,2799
2538,1998,11,6514,3704,2810
2538,1998,12,6526,4089,2437
2539,1997,4,500,0,500
2539,1997,5,6160,0,6160
2539,1997,6,6160,0,6160
2539,1997,7,6160,0,6160
2539,1997,8,6160,0,6160
2539,1997,9,6252,6958,-706
2539,1997,10,6271,3838,2433
2539,1997,11,6279,5538,741
2539,1997,12,6280,6038,242
2539,1998,1,6261,16818,-10557
2539,1998,2,6241,3838,2403
2539,1998,3,6250,4938,1312
2539,1998,4,6255,4838,1417
2539,1998,5,6257,7678,-1421
2539,1998,6,6257,3838,2419
2539,1998,7,6262,8218,-1956
2539,1998,8,6259,3838,2421
2539,1998,9,6269,3838,2431
2539,1998,10,6279,3838,2441
2539,1998,11,6282,8238,-1956
2539,1998,12,6281,4123,2158
2540,1995,4,3207,0,3207
2540,1995,5,17840,0,17840
2540,1995,6,37792,15965,21827
2540,1995,7,2881,9015,-6134
2540,1995,8,2856,6415,-3559
2540,1995,9,2841,5115,-2274
2540,1995,10,2833,2615,218
2540,1995,11,2832,4015,-1183
2540,1995,12,2821,7915,-5094
2540,1996,1,2795,7215,-4420
2540,1996,2,2789,715,2074
2540,1996,3,2798,715,2083
2540,1996,4,2806,1615,1191
2540,1996,5,50256,24715,25541
2540,1996,6,2898,15415,-12517
2540,1996,7,2858,8015,-5157
2540,1996,8,2838,5515,-2677
2540,1996,9,2823,8315,-5492
2540,1996,10,13724,5715,8009
2540,1996,11,2834,6565,-3731
2540,1996,12,4828,2115,2713
2540,1997,1,4428,8215,-3787
2540,1997,2,5827,2465,3362
2540,1997,3,2833,3815,-982
2540,1997,4,5363,115,5248
2540,1997,5,5957,3515,2442
2540,1997,6,4947,9815,-4868
2540,1997,7,2841,1965,876
2540,1997,8,12552,15,12537
2540,1997,9,2896,2615,281
2540,1997,10,2896,3315,-419
2540,1997,11,2888,6315,-3427
2540,1997,12,4888,2515,2373
2540,1998,1,5488,6915,-1427
2540,1998,2,2888,915,1973
2540,1998,3,2890,4015,-1125
2540,1998,4,2888,2415,473
2540,1998,5,2888,3915,-1027
2540,1998,6,48328,40915,7413
2540,1998,7,2889,13915,-11026
2540,1998,8,2858,8415,-5557
2540,1998,9,2840,6015,-3175
2540,1998,10,2837,1315,1522
2540,1998,11,46742,26715,20027
2540,1998,12,2905,13300,-10395
2541,1994,11,13927,0,13927
2541,1994,12,24258,0,24258
2541,1995,1,13669,6200,7469
2541,1995,2,13680,13300,380
2541,1995,3,13684,13373,311
2541,1995,4,13672,14872,-1200
2541,1995,5,13665,16772,-3107
2541,1995,6,20412,16372,4040
2541,1995,7,13659,21192,-7533
2541,1995,8,13656,10172,3484
2541,1995,9,13655,14672,-1017
2541,1995,10,13658,12472,1186
2541,1995,11,13638,18712,-5074
2541,1995,12,21019,8692,12327
2541,1996,1,13633,37612,-23979
2541,1996,2,19032,5972,13060
2541,1996,3,13648,19752,-6104
2541,1996,4,13744,5972,7772
2541,1996,5,13658,19972,-6314
2541,1996,6,20407,19872,535
2541,1996,7,13651,12572,1079
2541,1996,8,13645,15172,-1527
2541,1996,9,13637,18472,-4835
2541,1996,10,13625,15412,-1787
2541,1996,11,13616,13612,4
2541,1996,12,20374,14432,5942
2541,1997,1,22192,30012,-7820
2541,1997,2,14314,5972,8342
2541,1997,3,13647,9672,3975
2541,1997,4,13658,10332,3326
2541,1997,5,13669,15652,-1983
2541,1997,6,21903,33772,-11869
2541,1997,7,14423,5972,8451
2541,1997,8,13654,8972,4682
2541,1997,9,13668,13272,396
2541,1997,10,13672,11372,2300
2541,1997,11,13678,12612,1066
2541,1997,12,20437,13932,6505
2541,1998,1,13677,31852,-18175
2541,1998,2,16639,7772,8867
2541,1998,3,13675,9672,4003
2541,1998,4,13691,10072,3619
2541,1998,5,13706,10072,3634
2541,1998,6,28043,34812,-6769
2541,1998,7,13691,10572,3119
2541,1998,8,13695,18832,-5137
2541,1998,9,13685,8172,5513
2541,1998,10,13712,6372,7340
2541,1998,11,13728,13572,156
2541,1998,12,20499,9637,10862
2542,1993,8,5385,0,5385
2542,1993,9,13328,0,13328
2542,1993,10,8171,0,8171
2542,1993,11,5191,2100,3091
2542,1993,12,7743,5095,2648
2542,1994,1,6870,21835,-14965
2542,1994,2,10948,9275,1673
2542,1994,3,7660,7235,425
2542,1994,4,5654,6755,-1101
2542,1994,5,7560,3395,4165
2542,1994,6,9907,12275,-2368
2542,1994,7,8570,3395,5175
2542,1994,8,5178,4295,883
2542,1994,9,6790,3395,3395
2542,1994,10,5197,4595,602
2542,1994,11,5201,6595,-1394
2542,1994,12,7722,10375,-2653
2542,1995,1,9249,19275,-10026
2542,1995,2,8443,3395,5048
2542,1995,3,8865,3395,5470
2542,1995,4,5186,4995,191
2542,1995,5,5186,5695,-509
2542,1995,6,10925,6875,4050
2542,1995,7,5200,6595,-1395
2542,1995,8,5194,5595,-401
2542,1995,9,6881,7835,-954
2542,1995,10,7492,3395,4097
2542,1995,11,5307,3395,1912
2542,1995,12,7752,8275,-523
2542,1996,1,5188,23455,-18267
2542,1996,2,9841,3395,6446
2542,1996,3,10863,5435,5428
2542,1996,4,6077,8795,-2718
2542,1996,5,7578,3395,4183
2542,1996,6,7731,5895,1836
2542,1996,7,5196,5895,-699
2542,1996,8,7689,8435,-746
2542,1996,9,5192,4195,997
2542,1996,10,5193,6095,-902
2542,1996,11,5191,4895,296
2542,1996,12,7730,6255,1475
2542,1997,1,5180,15215,-10035
2542,1997,2,8665,3395,5270
2542,1997,3,5176,6595,-1419
2542,1997,4,7780,3395,4385
2542,1997,5,5186,7295,-2109
2542,1997,6,7706,16855,-9149
2542,1997,7,5145,4295,850
2542,1997,8,5149,3795,1354
2542,1997,9,6258,3395,2863
2542,1997,10,5163,5095,68
2542,1997,11,5152,10055,-4903
2542,1997,12,8787,4675,4112
2542,1998,1,5147,12075,-6928
2542,1998,2,8235,3395,4840
2542,1998,3,5155,3495,1660
2542,1998,4,5157,5495,-338
2542,1998,5,5152,6595,-1443
2542,1998,6,7688,10455,-2767
2542,1998,7,9542,3395,6147
2542,1998,8,11185,3395,7790
2542,1998,9,5199,3995,1204
2542,1998,10,5202,5115,87
2542,1998,11,5201,4995,206
2542,1998,12,7712,24140,-16428
2543,1993,2,7264,0,7264
2543,1993,3,6178,0,6178
2543,1993,4,6178,0,6178
2543,1993,5,6178,0,6178
2543,1993,6,6234,1215,5019
2543,1993,7,6281,4260,2021
2543,1993,8,6280,8480,-2200
2543,1993,9,6275,5660,615
2543,1993,10,6273,6580,-307
2543,1993,11,6280,3960,2320
2543,1993,12,6286,5410,876
2543,1994,1,6274,15750,-9476
2543,1994,2,6260,2160,4100
2543,1994,3,6278,2160,4118
2543,1994,4,6280,6960,-680
2543,1994,5,6285,3760,2525
2543,1994,6,6279,8710,-2431
2543,1994,7,6286,8600,-2314
2543,1994,8,6272,4760,1512
2543,1994,9,6276,5280,996
2543,1994,10,6289,2900,3389
2543,1994,11,6303,2760,3543
2543,1994,12,6310,5310,1000
2543,1995,1,6281,20240,-13959
2543,1995,2,6263,2880,3383
2543,1995,3,6270,5240,1030
2543,1995,4,6283,2460,3823
2543,1995,5,6291,4960,1331
2543,1995,6,6251,18560,-12309
2543,1995,7,6256,2160,4096
2543,1995,8,6264,5280,984
2543,1995,9,6277,2160,4117
2543,1995,10,6294,5360,934
2543,1995,11,6298,2160,4138
2543,1995,12,6311,5710,601
2543,1996,1,6296,12800,-6504
2543,1996,2,6290,2160,4130
2543,1996,3,6307,2960,3347
2543,1996,4,6321,2160,4161
2543,1996,5,6337,4660,1677
2543,1996,6,6305,15070,-8765
2543,1996,7,6309,2160,4149
2543,1996,8,6324,5920,404
2543,1996,9,6328,2160,4168
2543,1996,10,6345,2160,4185
2543,1996,11,6360,4800,1560
2543,1996,12,6365,7200,-835
2543,1997,1,6328,15230,-8902
2543,1997,2,6327,2160,4167
2543,1997,3,6344,2720,3624
2543,1997,4,6350,6400,-50
2543,1997,5,6358,4480,1878
2543,1997,6,6335,11860,-5525
2543,1997,7,6345,2160,4185
2543,1997,8,6362,2160,4202
2543,1997,9,6379,2160,4219
2543,1997,10,6394,4800,1594
2543,1997,11,6403,2160,4243
2543,1997,12,6420,3210,3210
2543,1998,1,6413,17070,-10657
2543,1998,2,6389,2160,4229
2543,1998,3,6402,4860,1542
2543,1998,4,6403,4720,1683
2543,1998,5,6420,2160,4260
2543,1998,6,6436,8410,-1974
2543,1998,7,6429,2160,4269
2543,1998,8,6447,2160,4287
2543,1998,9,6464,2160,4304
2543,1998,10,6471,5120,1351
2543,1998,11,6487,2560,3927
2543,1998,12,6491,6545,-54
2544,1996,12,8238,0,8238
2544,1997,1,13856,0,13856
2544,1997,2,7189,0,7189
2544,1997,3,6015,0,6015
2544,1997,4,5418,6529,-1111
2544,1997,5,5416,5429,-13
2544,1997,6,11844,13449,-1605
2544,1997,7,7524,3529,3995
2544,1997,8,8123,7329,794
2544,1997,9,6333,3529,2804
2544,1997,10,5437,7329,-1892
2544,1997,11,7237,3529,3708
2544,1997,12,10690,6409,4281
2544,1998,1,21221,31049,-9828
2544,1998,2,15311,10489,4822
2544,1998,3,8950,3529,5421
2544,1998,4,10666,8329,2337
2544,1998,5,10584,3529,7055
2544,1998,6,23105,35209,-12104
2544,1998,7,17250,12289,4961
2544,1998,8,14782,9289,5493
2544,1998,9,5504,3529,1975
2544,1998,10,10016,3529,6487
2544,1998,11,9443,3529,5914
2544,1998,12,8200,7354,846
2545,1996,12,15297,0,15297
2545,1997,1,16450,0,16450
2545,1997,2,9591,800,8791
2545,1997,3,9612,5800,3812
2545,1997,4,9585,20536,-10951
2545,1997,5,9525,27516,-17991
2545,1997,6,19116,22456,-3340
2545,1997,7,12059,20036,-7977
2545,1997,8,23279,20836,2443
2545,1997,9,18679,4036,14643
2545,1997,10,16718,13936,2782
2545,1997,11,15233,11336,3897
2545,1997,12,14276,19216,-4940
2545,1998,1,14994,26516,-11522
2545,1998,2,12474,12136,338
2545,1998,3,14198,12969,1229
2545,1998,4,10601,12969,-2368
2545,1998,5,13673,12969,704
2545,1998,6,14202,16769,-2567
2545,1998,7,15167,12969,2198
2545,1998,8,10779,12969,-2190
2545,1998,9,14968,12969,1999
2545,1998,10,15893,12969,2924
2545,1998,11,19309,12969,6340
2545,1998,12,14240,14074,166
2546,1994,12,17650,0,17650
2546,1995,1,111907,60600,51307
2546,1995,2,32324,51832,-19508
2546,1995,3,144,24332,-24188
2546,1995,4,89180,24032,65148
2546,1995,5,20568,39432,-18864
2546,1995,6,49677,30532,19145
2546,1995,7,29296,39632,-10336
2546,1995,8,51017,32732,18285
2546,1995,9,268,43832,-43564
2546,1995,10,88683,40832,47851
2546,1995,11,68709,87468,-18759
2546,1995,12,58297,40932,17365
2546,1996,1,20435,86673,-66238
2546,1996,2,27794,7632,20162
2546,1996,3,158,21232,-21074
2546,1996,4,103,11832,-11729
2546,1996,5,46143,25432,20711
2546,1996,6,164,14832,-14668
2546,1996,7,15414,9432,5982
2546,1996,8,17304,16332,972
2546,1996,9,118,15032,-14914
2546,1996,10,18861,12232,6629
2546,1996,11,2000,4632,-2632
2546,1996,12,2689,4632,-1943
2546,1997,1,4483,4632,-149
2546,1997,2,3381,4632,-1251
2546,1997,3,2675,4632,-1957
2546,1997,4,7170,4632,2538
2546,1997,5,7081,4632,2449
2546,1997,6,4790,4632,158
2546,1997,7,5691,4632,1059
2546,1997,8,2994,4632,-1638
2546,1997,9,5889,7932,-2043
2546,1997,10,4781,4632,149
2546,1997,11,5382,4632,750
2546,1997,12,8490,4632,3858
2546,1998,1,4889,8232,-3343
2546,1998,2,5789,4632,1157
2546,1998,3,32952,19632,13320
2546,1998,4,123,17390,-17267
2546,1998,5,4976,4632,344
2546,1998,6,20108,12432,7676
2546,1998,7,96,8432,-8336
2546,1998,8,66,5232,-5166
2546,1998,9,45,4632,-4587
2546,1998,10,15359,4632,10727
2546,1998,11,71,4632,-4561
2546,1998,12,52,4617,-4565
2547,1995,4,800,0,800
2547,1995,5,24623,2200,22423
2547,1995,6,37024,14600,22424
2547,1995,7,24802,22100,2702
2547,1995,8,24815,19800,5015
2547,1995,9,24832,23715,1117
2547,1995,10,24873,24907,-34
2547,1995,11,24869,24027,842
2547,1995,12,37204,33207,3997
2547,1996,1,24850,40227,-15377
2547,1996,2,24833,16407,8426
2547,1996,3,24864,20507,4357
2547,1996,4,24877,23007,1870
2547,1996,5,24882,24907,-25
2547,1996,6,37206,33607,3599
2547,1996,7,24889,28207,-3318
2547,1996,8,24873,27407,-2534
2547,1996,9,24855,32007,-7152
2547,1996,10,24843,20207,4636
2547,1996,11,24861,19707,5154
2547,1996,12,37203,29027,8176
2547,1997,1,24878,43587,-18709
2547,1997,2,24841,17967,6874
2547,1997,3,24878,13807,11071
2547,1997,4,24899,26327,-1428
2547,1997,5,24903,20507,4396
2547,1997,6,37219,62647,-25428
2547,1997,7,24837,9607,15230
2547,1997,8,24884,16307,8577
2547,1997,9,24899,24307,592
2547,1997,10,24894,27987,-3093
2547,1997,11,24904,17207,7697
2547,1997,12,37238,34227,3011
2547,1998,1,24884,47547,-22663
2547,1998,2,24880,14107,10773
2547,1998,3,24883,23407,1476
2547,1998,4,24881,25407,-526
2547,1998,5,24893,19907,4986
2547,1998,6,37218,64307,-27089
2547,1998,7,24839,10607,14232
2547,1998,8,27483,12707,14776
2547,1998,9,24919,22807,2112
2547,1998,10,24922,21107,3815
2547,1998,11,24937,21207,3730
2547,1998,12,37275,29492,7783
2548,1996,1,5435,0,5435
2548,1996,2,18296,0,18296
2548,1996,3,7038,0,7038
2548,1996,4,5255,2300,2955
2548,1996,5,5267,2315,2952
2548,1996,6,7807,36295,-28488
2548,1996,7,11688,15,11673
2548,1996,8,6521,15,6506
2548,1996,9,5240,1115,4125
2548,1996,10,5662,15,5647
2548,1996,11,5278,2015,3263
2548,1996,12,7848,10495,-2647
2548,1997,1,7957,20975,-13018
2548,1997,2,5218,15,5203
2548,1997,3,6659,4675,1984
2548,1997,4,5265,2515,2750
2548,1997,5,5259,3115,2144
2548,1997,6,13226,10735,2491
2548,1997,7,5279,1815,3464
2548,1997,8,5293,2115,3178
2548,1997,9,5305,5615,-310
2548,1997,10,5302,7815,-2513
2548,1997,11,5298,9635,-4337
2548,1997,12,7845,8035,-190
2548,1998,1,9433,22015,-12582
2548,1998,2,7027,15,7012
2548,1998,3,5251,5115,136
2548,1998,4,5248,9515,-4267
2548,1998,5,5232,6315,-1083
2548,1998,6,14168,30735,-16567
2548,1998,7,6567,15,6552
2548,1998,8,5594,15,5579
2548,1998,9,8312,5775,2537
2548,1998,10,5225,1715,3510
2548,1998,11,5237,5995,-758
2548,1998,12,7803,3680,4123
2549,1993,11,6546,0,6546
2549,1993,12,6346,0,6346
2549,1994,1,6346,0,6346
2549,1994,2,6346,0,6346
2549,1994,3,6425,2515,3910
2549,1994,4,6479,2200,4279
2549,1994,5,6480,8720,-2240
2549,1994,6,6446,17770,-11324
2549,1994,7,6440,3060,3380
2549,1994,8,6455,2100,4355
2549,1994,9,6462,5600,862
2549,1994,10,6472,3400,3072
2549,1994,11,6481,4500,1981
2549,1994,12,6492,3850,2642
2549,1995,1,6447,20960,-14513
2549,1995,2,6448,2100,4348
2549,1995,3,6467,2100,4367
2549,1995,4,6463,9960,-3497
2549,1995,5,6470,2100,4370
2549,1995,6,6463,9950,-3487
2549,1995,7,6474,2100,4374
2549,1995,8,6488,3200,3288
2549,1995,9,6505,2100,4405
2549,1995,10,6510,9420,-2910
2549,1995,11,6501,6880,-379
2549,1995,12,6504,6020,484
2549,1996,1,6493,12700,-6207
2549,1996,2,6486,2100,4386
2549,1996,3,6504,2100,4404
2549,1996,4,6522,7400,-878
2549,1996,5,6514,3860,2654
2549,1996,6,6516,6200,316
2549,1996,7,6531,2600,3931
2549,1996,8,6536,6580,-44
2549,1996,9,6546,4900,1646
2549,1996,10,6551,6260,291
2549,1996,11,6552,7000,-448
2549,1996,12,6550,4450,2100
2549,1997,1,6542,15810,-9268
2549,1997,2,6522,3400,3122
2549,1997,3,6536,2100,4436
2549,1997,4,6549,6900,-351
2549,1997,5,6551,4500,2051
2549,1997,6,6549,7500,-951
2549,1997,7,6550,5620,930
2549,1997,8,6552,7500,-948
2549,1997,9,6549,8800,-2251
2549,1997,10,6540,7700,-1160
2549,1997,11,6538,5100,1438
2549,1997,12,6543,5900,643
2549,1998,1,6516,15850,-9334
2549,1998,2,6506,8620,-2114
2549,1998,3,6502,2800,3702
2549,1998,4,6518,2100,4418
2549,1998,5,6533,4100,2433
2549,1998,6,6542,5140,1402
2549,1998,7,6553,2100,4453
2549,1998,8,6567,4400,2167
2549,1998,9,6576,3900,2676
2549,1998,10,6580,7300,-720
2549,1998,11,6571,9820,-3249
2549,1998,12,6572,3085,3487
2550,1995,11,700,0,700
2550,1995,12,24415,0,24415
2550,1996,1,15550,9800,5750
2550,1996,2,15562,13800,1762
2550,1996,3,15570,13800,1770
2550,1996,4,15574,16454,-880
2550,1996,5,15574,14962,612
2550,1996,6,23285,27022,-3737
2550,1996,7,15565,13462,2103
2550,1996,8,15564,16582,-1018
2550,1996,9,15561,16162,-601
2550,1996,10,15561,17702,-2141
2550,1996,11,22502,7362,15140
2550,1996,12,23783,10722,13061
2550,1997,1,15626,37862,-22236
2550,1997,2,18310,7362,10948
2550,1997,3,17655,7362,10293
2550,1997,4,15648,25582,-9934
2550,1997,5,15644,9262,6382
2550,1997,6,23370,22242,1128
2550,1997,7,15678,7662,8016
2550,1997,8,15704,9862,5842
2550,1997,9,15700,17502,-1802
2550,1997,10,15708,17562,-1854
2550,1997,11,15722,12062,3660
2550,1997,12,23459,21042,2417
2550,1998,1,15700,29622,-13922
2550,1998,2,15689,10862,4827
2550,1998,3,15697,16722,-1025
2550,1998,4,15704,12162,3542
2550,1998,5,15719,11062,4657
2550,1998,6,27589,35682,-8093
2550,1998,7,16806,7362,9444
2550,1998,8,15742,11662,4080
2550,1998,9,15758,12262,3496
2550,1998,10,15767,13302,2465
2550,1998,11,15786,7962,7824
2550,1998,12,23539,14447,9092
2551,1996,2,31632,0,31632
2551,1996,3,28805,3300,25505
2551,1996,4,40912,17600,23312
2551,1996,5,6290,28015,-21725
2551,1996,6,17637,57350,-39713
2551,1996,7,48346,14434,33912
2551,1996,8,130,28534,-28404
2551,1996,9,52495,14434,38061
2551,1996,10,43996,78154,-34158
2551,1996,11,43176,17934,25242
2551,1996,12,96,36375,-36279
2551,1997,1,13689,14434,-745
2551,1997,2,3637,14434,-10797
2551,1997,3,19392,14434,4958
2551,1997,4,7825,14434,-6609
2551,1997,5,11710,14434,-2724
2551,1997,6,17216,14434,2782
2551,1997,7,47942,14434,33508
2551,1997,8,100050,90599,9451
2551,1997,9,37511,43834,-6323
2551,1997,10,124,19934,-19810
2551,1997,11,21051,25542,-4491
2551,1997,12,42004,27334,14670
2551,1998,1,172740,157386,15354
2551,1998,2,82158,99146,-16988
2551,1998,3,48120,40634,7486
2551,1998,4,92058,45434,46624
2551,1998,5,292,49840,-49548
2551,1998,6,60006,50634,9372
2551,1998,7,115430,113134,2296
2551,1998,8,14272,30734,-16462
2551,1998,9,6017,20034,-14017
2551,1998,10,60459,14434,46025
2551,1998,11,97663,111434,-13771
2551,1998,12,63256,31119,32137
2552,1993,7,19444,0,19444
2552,1993,8,18065,4700,13365
2552,1993,9,18118,11300,6818
2552,1993,10,18145,17200,945
2552,1993,11,18170,20450,-2280
2552,1993,12,27176,28450,-1274
2552,1994,1,18126,29450,-11324
2552,1994,2,18110,13850,4260
2552,1994,3,18132,13450,4682
2552,1994,4,18150,15450,2700
2552,1994,5,18158,20150,-1992
2552,1994,6,27118,33650,-6532
2552,1994,7,18126,13350,4776
2552,1994,8,18140,19050,-910
2552,1994,9,18117,23950,-5833
2552,1994,10,18115,14450,3665
2552,1994,11,18125,17750,375
2552,1994,12,27137,23050,4087
2552,1995,1,18126,24650,-6524
2552,1995,2,18117,15750,2367
2552,1995,3,18119,18550,-431
2552,1995,4,18128,13850,4278
2552,1995,5,18146,13450,4696
2552,1995,6,27117,34450,-7333
2552,1995,7,18142,13550,4592
2552,1995,8,18149,15450,2699
2552,1995,9,18151,20350,-2199
2552,1995,10,18147,17050,1097
2552,1995,11,18148,18350,-202
2552,1995,12,27159,20250,6909
2552,1996,1,18153,31150,-12997
2552,1996,2,18132,12050,6082
2552,1996,3,18145,17250,895
2552,1996,4,18146,21550,-3404
2552,1996,5,18141,14650,3491
2552,1996,6,27146,29250,-2104
2552,1996,7,18135,19550,-1415
2552,1996,8,18131,18050,81
2552,1996,9,18136,15550,2586
2552,1996,10,18134,20250,-2116
2552,1996,11,18115,25550,-7435
2552,1996,12,27105,22250,4855
2552,1997,1,18111,34750,-16639
2552,1997,2,18062,14850,3212
2552,1997,3,18082,12550,5532
2552,1997,4,18114,11950,6164
2552,1997,5,18139,14350,3789
2552,1997,6,27118,31150,-4032
2552,1997,7,18108,18350,-242
2552,1997,8,18114,16450,1664
2552,1997,9,18114,18850,-736
2552,1997,10,18119,17650,469
2552,1997,11,18133,14150,3983
2552,1997,12,27149,22250,4899
2552,1998,1,18138,25950,-7812
2552,1998,2,18144,11050,7094
2552,1998,3,18135,22450,-4315
2552,1998,4,18159,12950,5209
2552,1998,5,18173,11950,6223
2552,1998,6,27209,22250,4959
2552,1998,7,18200,18050,150
2552,1998,8,18197,20550,-2353
2552,1998,9,18207,13150,5057
2552,1998,10,18227,13250,4977
2552,1998,11,18239,15950,2289
2552,1998,12,27272,15035,12237
2553,1995,7,1100,0,1100
2553,1995,8,17716,0,17716
2553,1995,9,17586,5500,12086
2553,1995,10,17629,12300,5329
2553,1995,11,17643,18100,-457
2553,1995,12,26415,25502,913
2553,1996,1,17601,38882,-21281
2553,1996,2,17569,16602,967
2553,1996,3,17577,14302,3275
2553,1996,4,17587,16102,1485
2553,1996,5,17592,16702,890
2553,1996,6,26363,25622,741
2553,1996,7,17599,16102,1497
2553,1996,8,17595,19362,-1767
2553,1996,9,17599,14702,2897
2553,1996,10,17603,18522,-919
2553,1996,11,17597,23062,-5465
2553,1996,12,26342,21642,4700
2553,1997,1,17574,27742,-10168
2553,1997,2,17558,15302,2256
2553,1997,3,17571,14202,3369
2553,1997,4,17583,15102,2481
2553,1997,5,17577,21502,-3925
2553,1997,6,26334,20702,5632
2553,1997,7,17588,27142,-9554
2553,1997,8,17569,11302,6267
2553,1997,9,17576,21322,-3746
2553,1997,10,17560,18002,-442
2553,1997,11,17565,15302,2263
2553,1997,12,26341,23702,2639
2553,1998,1,17552,26562,-9010
2553,1998,2,22180,9702,12478
2553,1998,3,17616,13202,4414
2553,1998,4,17611,18202,-591
2553,1998,5,17601,20502,-2901
2553,1998,6,26382,16462,9920
2553,1998,7,17636,18502,-866
2553,1998,8,17632,18802,-1170
2553,1998,9,17635,16202,1433
2553,1998,10,17635,18202,-567
2553,1998,11,17635,17402,233
2553,1998,12,26406,19107,7299
2554,1993,6,400,0,400
2554,1993,7,24742,800,23942
2554,1993,8,24825,11200,13625
2554,1993,9,24866,18800,6066
2554,1993,10,24883,22800,2083
2554,1993,11,24899,25022,-123
2554,1993,12,37253,37062,191
2554,1994,1,24884,32522,-7638
2554,1994,2,24870,26662,-1792
2554,1994,3,24866,23602,1264
2554,1994,4,24864,24622,242
2554,1994,5,24871,22022,2849
2554,1994,6,37210,42522,-5312
2554,1994,7,24863,20222,4641
2554,1994,8,24869,24622,247
2554,1994,9,24875,22022,2853
2554,1994,10,24863,32082,-7219
2554,1994,11,24895,23422,1473
2554,1994,12,37223,31222,6001
2554,1995,1,24854,39222,-14368
2554,1995,2,24838,18922,5916
2554,1995,3,24892,17322,7570
2554,1995,4,24861,29122,-4261
2554,1995,5,24857,24722,135
2554,1995,6,37217,58982,-21765
2554,1995,7,24801,14322,10479
2554,1995,8,24827,20322,4505
2554,1995,9,24829,28282,-3453
2554,1995,10,24839,20122,4717
2554,1995,11,24892,8822,16070
2554,1995,12,37316,18922,18394
2554,1996,1,24967,30322,-5355
2554,1996,2,24971,21022,3949
2554,1996,3,24968,26622,-1654
2554,1996,4,24971,23722,1249
2554,1996,5,24975,27202,-2227
2554,1996,6,37359,23522,13837
2554,1996,7,24990,35422,-10432
2554,1996,8,24977,45022,-20045
2554,1996,9,24939,27022,-2083
2554,1996,10,24940,27022,-2082
2554,1996,11,24917,25222,-305
2554,1996,12,37303,30022,7281
2554,1997,1,24931,36522,-11591
2554,1997,2,24896,20322,4574
2554,1997,3,24925,23622,1303
2554,1997,4,24921,20822,4099
2554,1997,5,24936,22022,2914
2554,1997,6,37237,55442,-18205
2554,1997,7,24875,15222,9653
2554,1997,8,24907,23222,1685
2554,1997,9,24913,23522,1391
2554,1997,10,24918,23222,1696
2554,1997,11,24918,28922,-4004
2554,1997,12,37281,32522,4759
2554,1998,1,24900,37022,-12122
2554,1998,2,24876,23462,1414
2554,1998,3,24871,25502,-631
2554,1998,4,24873,25722,-849
2554,1998,5,24873,21322,3551
2554,1998,6,37225,42542,-5317
2554,1998,7,24862,21002,3860
2554,1998,8,24879,20222,4657
2554,1998,9,24891,24322,569
2554,1998,10,24895,22022,2873
2554,1998,11,24909,20422,4487
2554,1998,12,37298,29707,7591
2555,1993,3,20182,0,20182
2555,1993,4,22070,0,22070
2555,1993,5,19232,7500,11732
2555,1993,6,28801,13600,15201
2555,1993,7,19302,21715,-2413
2555,1993,8,19265,27340,-8075
2555,1993,9,19242,23340,-4098
2555,1993,10,19242,19240,2
2555,1993,11,19224,23640,-4416
2555,1993,12,28749,24540,4209
2555,1994,1,19194,35280,-16086
2555,1994,2,19190,13340,5850
2555,1994,3,19205,16640,2565
2555,1994,4,19208,18540,668
2555,1994,5,19207,19740,-533
2555,1994,6,28744,54900,-26156
2555,1994,7,23747,11220,12527
2555,1994,8,19184,9540,9644
2555,1994,9,19212,12840,6372
2555,1994,10,19230,27340,-8110
2555,1994,11,19207,21640,-2433
2555,1994,12,28733,25100,3633
2555,1995,1,19973,28900,-8927
2555,1995,2,19189,12640,6549
2555,1995,3,19217,18080,1137
2555,1995,4,19220,16500,2720
2555,1995,5,19233,13340,5893
2555,1995,6,33652,42300,-8648
2555,1995,7,19219,14740,4479
2555,1995,8,19237,15440,3797
2555,1995,9,19251,16240,3011
2555,1995,10,19262,16020,3242
2555,1995,11,19275,17540,1735
2555,1995,12,28811,26040,2771
2555,1996,1,19238,35540,-16302
2555,1996,2,19228,11620,7608
2555,1996,3,19259,13540,5719
2555,1996,4,19270,16380,2890
2555,1996,5,19289,17540,1749
2555,1996,6,28815,29900,-1085
2555,1996,7,19288,19640,-352
2555,1996,8,19287,17740,1547
2555,1996,9,19284,20360,-1076
2555,1996,10,19288,17240,2048
2555,1996,11,19292,19440,-148
2555,1996,12,28826,22060,6766
2555,1997,1,19296,34140,-14844
2555,1997,2,19264,14280,4984
2555,1997,3,19279,16840,2439
2555,1997,4,19292,16540,2752
2555,1997,5,19298,18840,458
2555,1997,6,28822,30860,-2038
2555,1997,7,19301,14540,4761
2555,1997,8,19311,17000,2311
2555,1997,9,19328,13540,5788
2555,1997,10,19327,24820,-5493
2555,1997,11,19310,21560,-2250
2555,1997,12,28825,26200,2625
2555,1998,1,19264,40900,-21636
2555,1998,2,19247,9440,9807
2555,1998,3,19271,17140,2131
2555,1998,4,19283,15240,4043
2555,1998,5,19295,17240,2055
2555,1998,6,28777,61980,-33203
2555,1998,7,25606,7740,17866
2555,1998,8,19252,11740,7512
2555,1998,9,19276,13940,5336
2555,1998,10,19315,16840,2475
2555,1998,11,19317,10440,8877
2555,1998,12,28873,21225,7648
2556,1997,10,800,0,800
2556,1997,11,3009,0,3009
2556,1997,12,3009,0,3009
2556,1998,1,3009,0,3009
2556,1998,2,3009,0,3009
2556,1998,3,3052,3521,-469
2556,1998,4,3063,2221,842
2556,1998,5,3066,3951,-885
2556,1998,6,3064,2021,1043
2556,1998,7,3062,4721,-1659
2556,1998,8,3062,2621,441
2556,1998,9,3059,3821,-762
2556,1998,10,3060,2021,1039
2556,1998,11,3063,2531,532
2556,1998,12,3064,2756,308
2557,1993,11,400,0,400
2557,1993,12,12941,0,12941
2557,1994,1,8984,0,8984
2557,1994,2,4308,1300,3008
2557,1994,3,4317,2700,1617
2557,1994,4,7119,12021,-4902
2557,1994,5,6410,2821,3589
2557,1994,6,6423,7121,-698
2557,1994,7,4314,4521,-207
2557,1994,8,4313,6221,-1908
2557,1994,9,4304,4621,-317
2557,1994,10,5611,2821,2790
2557,1994,11,4315,5221,-906
2557,1994,12,6414,8821,-2407
2557,1995,1,4282,12821,-8539
2557,1995,2,7679,2821,4858
2557,1995,3,4488,5121,-633
2557,1995,4,4285,3521,764
2557,1995,5,4287,3921,366
2557,1995,6,6395,6721,-326
2557,1995,7,4592,2821,1771
2557,1995,8,4280,9021,-4741
2557,1995,9,8291,2821,5470
2557,1995,10,4295,5221,-926
2557,1995,11,6805,2821,3984
2557,1995,12,6413,10721,-4308
2557,1996,1,7476,13221,-5745
2557,1996,2,4272,2921,1351
2557,1996,3,6996,2821,4175
2557,1996,4,4281,7521,-3240
2557,1996,5,5372,7321,-1949
2557,1996,6,11505,2821,8684
2557,1996,7,8019,4921,3098
2557,1996,8,4320,3421,899
2557,1996,9,5229,2821,2408
2557,1996,10,4331,7521,-3190
2557,1996,11,7133,2821,4312
2557,1996,12,8259,8521,-262
2557,1997,1,9503,16221,-6718
2557,1997,2,4309,9621,-5312
2557,1997,3,10693,2821,7872
2557,1997,4,7122,2821,4301
2557,1997,5,4337,4821,-484
2557,1997,6,7646,12121,-4475
2557,1997,7,4317,5821,-1504
2557,1997,8,4300,7421,-3121
2557,1997,9,4298,5621,-1323
2557,1997,10,4280,9821,-5541
2557,1997,11,4269,4721,-452
2557,1997,12,8283,2821,5462
2557,1998,1,8284,11221,-2937
2557,1998,2,9483,2821,6662
2557,1998,3,7805,6521,1284
2557,1998,4,4310,5121,-811
2557,1998,5,6110,2821,3289
2557,1998,6,6428,8921,-2493
2557,1998,7,4309,6321,-2012
2557,1998,8,4291,9121,-4830
2557,1998,9,4281,4121,160
2557,1998,10,4280,5621,-1341
2557,1998,11,6781,2821,3960
2557,1998,12,6403,4006,2397
2558,1997,8,3285,0,3285
2558,1997,9,2988,0,2988
2558,1997,10,2988,0,2988
2558,1997,11,2988,0,2988
2558,1997,12,3017,2657,360
2558,1998,1,3030,1997,1033
2558,1998,2,3034,1997,1037
2558,1998,3,3038,1997,1041
2558,1998,4,3043,1997,1046
2558,1998,5,3045,2777,268
2558,1998,6,3043,5087,-2044
2558,1998,7,3039,2477,562
2558,1998,8,3038,3467,-429
2558,1998,9,3040,1997,1043
2558,1998,10,3044,1997,1047
2558,1998,11,3045,3167,-122
2558,1998,12,3048,2252,796
2559,1995,6,17964,0,17964
2559,1995,7,14192,3000,11192
2559,1995,8,11390,8100,3290
2559,1995,9,11403,8900,2503
2559,1995,10,11427,12638,-1211
2559,1995,11,11412,10958,454
2559,1995,12,17069,16798,271
2559,1996,1,11417,16298,-4881
2559,1996,2,11403,12038,-635
2559,1996,3,11394,14678,-3284
2559,1996,4,11388,8438,2950
2559,1996,5,11401,8838,2563
2559,1996,6,20512,35058,-14546
2559,1996,7,11352,7038,4314
2559,1996,8,11357,12998,-1641
2559,1996,9,11359,10138,1221
2559,1996,10,11373,7578,3795
2559,1996,11,11382,9538,1844
2559,1996,12,17030,15498,1532
2559,1997,1,11384,13078,-1694
2559,1997,2,11388,7598,3790
2559,1997,3,11402,9738,1664
2559,1997,4,11410,8538,2872
2559,1997,5,11426,6038,5388
2559,1997,6,32164,42418,-10254
2559,1997,7,14512,5138,9374
2559,1997,8,16947,10178,6769
2559,1997,9,11471,6638,4833
2559,1997,10,11496,8178,3318
2559,1997,11,11492,12878,-1386
2559,1997,12,17133,14978,2155
2559,1998,1,11498,12978,-1480
2559,1998,2,11488,12438,-950
2559,1998,3,11477,16738,-5261
2559,1998,4,11471,8538,2933
2559,1998,5,11478,10938,540
2559,1998,6,17108,23818,-6710
2559,1998,7,11464,8438,3026
2559,1998,8,12271,10178,2093
2559,1998,9,11468,15478,-4010
2559,1998,10,11455,13798,-2343
2559,1998,11,13372,9098,4274
2559,1998,12,17131,7523,9608
2560,1997,6,800,0,800
2560,1997,7,15613,0,15613
2560,1997,8,10273,0,10273
2560,1997,9,8506,3800,4706
2560,1997,10,8519,7800,719
2560,1997,11,8524,6615,1909
2560,1997,12,12716,18446,-5730
2560,1998,1,12462,25206,-12744
2560,1998,2,8755,5606,3149
2560,1998,3,11976,5606,6370
2560,1998,4,8491,7306,1185
2560,1998,5,8499,6106,2393
2560,1998,6,12701,11206,1495
2560,1998,7,8514,6406,2108
2560,1998,8,8518,8406,112
2560,1998,9,9428,5606,3822
2560,1998,10,8526,10606,-2080
2560,1998,11,8517,10566,-2049
2560,1998,12,12702,20631,-7929
2561,1996,9,1100,0,1100
2561,1996,10,21986,0,21986
2561,1996,11,20680,5000,15680
2561,1996,12,31033,19700,11333
2561,1997,1,20785,20300,485
2561,1997,2,20800,20215,585
2561,1997,3,20810,28479,-7669
2561,1997,4,20780,22579,-1799
2561,1997,5,20768,24019,-3251
2561,1997,6,35311,50819,-15508
2561,1997,7,20699,13819,6880
2561,1997,8,20724,16779,3945
2561,1997,9,20738,17979,2759
2561,1997,10,20747,19879,868
2561,1997,11,20747,21979,-1232
2561,1997,12,31040,27139,3901
2561,1998,1,20709,46039,-25330
2561,1998,2,23070,7779,15291
2561,1998,3,20723,11319,9404
2561,1998,4,20765,12379,8386
2561,1998,5,20798,14279,6519
2561,1998,6,31129,20179,10950
2561,1998,7,20859,21479,-620
2561,1998,8,20847,23299,-2452
2561,1998,9,20838,24579,-3741
2561,1998,10,20829,20579,250
2561,1998,11,20830,19779,1051
2561,1998,12,31156,10964,20192
2562,1995,8,900,0,900
2562,1995,9,3353,0,3353
2562,1995,10,3353,0,3353
2562,1995,11,3353,0,3353
2562,1995,12,3353,0,3353
2562,1996,1,3400,2925,475
2562,1996,2,3413,3060,353
2562,1996,3,3416,3420,-4
2562,1996,4,3419,3270,149
2562,1996,5,3419,3630,-211
2562,1996,6,3419,2250,1169
2562,1996,7,3424,2250,1174
2562,1996,8,3429,2250,1179
2562,1996,9,3434,2250,1184
2562,1996,10,3433,3990,-557
2562,1996,11,3436,2250,1186
2562,1996,12,3434,3900,-466
2562,1997,1,3422,8100,-4678
2562,1997,2,3419,2670,749
2562,1997,3,3423,2250,1173
2562,1997,4,3428,2820,608
2562,1997,5,3430,2250,1180
2562,1997,6,3423,8820,-5397
2562,1997,7,3413,2250,1163
2562,1997,8,3418,2250,1168
2562,1997,9,3422,3720,-298
2562,1997,10,3421,2250,1171
2562,1997,11,3426,2250,1176
2562,1997,12,3431,2460,971
2562,1998,1,3422,8580,-5158
2562,1998,2,3413,2250,1163
2562,1998,3,3415,3570,-155
2562,1998,4,3417,2670,747
2562,1998,5,3421,2250,1171
2562,1998,6,3425,2250,1175
2562,1998,7,3429,4200,-771
2562,1998,8,3426,2550,876
2562,1998,9,3430,2820,610
2562,1998,10,3433,2250,1183
2562,1998,11,3438,2250,1188
2562,1998,12,3442,3075,367
2563,1995,1,300,0,300
2563,1995,2,16710,0,16710
2563,1995,3,8664,0,8664
2563,1995,4,4589,1800,2789
2563,1995,5,4598,3000,1598
2563,1995,6,6815,23159,-16344
2563,1995,7,10051,2999,7052
2563,1995,8,8878,2999,5879
2563,1995,9,7399,2999,4400
2563,1995,10,4607,4499,108
2563,1995,11,9712,7679,2033
2563,1995,12,6851,11359,-4508
2563,1996,1,9169,18719,-9550
2563,1996,2,11279,2999,8280
2563,1996,3,6295,6239,56
2563,1996,4,7600,6719,881
2563,1996,5,8711,2999,5712
2563,1996,6,6861,5799,1062
2563,1996,7,7020,7919,-899
2563,1996,8,5536,2999,2537
2563,1996,9,5638,2999,2639
2563,1996,10,4644,3699,945
2563,1996,11,5941,7679,-1738
2563,1996,12,6874,9099,-2225
2563,1997,1,4599,19859,-15260
2563,1997,2,12291,4919,7372
2563,1997,3,10118,2999,7119
2563,1997,4,7226,7799,-573
2563,1997,5,9945,2999,6946
2563,1997,6,9879,17799,-7920
2563,1997,7,6813,8759,-1946
2563,1997,8,13243,2999,10244
2563,1997,9,5460,2999,2461
2563,1997,10,7577,2999,4578
2563,1997,11,4682,4499,183
2563,1997,12,6915,8559,-1644
2563,1998,1,8119,22559,-14440
2563,1998,2,4615,7319,-2704
2563,1998,3,7218,2999,4219
2563,1998,4,8137,4079,4058
2563,1998,5,7953,2999,4954
2563,1998,6,12771,26519,-13748
2563,1998,7,10399,5879,4520
2563,1998,8,12528,2999,9529
2563,1998,9,9967,2999,6968
2563,1998,10,4689,8119,-3430
2563,1998,11,4675,10919,-6244
2563,1998,12,6897,3944,2953
2564,1997,6,29858,0,29858
2564,1997,7,19357,1400,17957
2564,1997,8,19405,10100,9305
2564,1997,9,19424,16600,2824
2564,1997,10,19420,46301,-26881
2564,1997,11,19367,21101,-1734
2564,1997,12,28948,31461,-2513
2564,1998,1,19301,25361,-6060
2564,1998,2,19306,21301,-1995
2564,1998,3,19324,22781,-3457
2564,1998,4,19280,23301,-4021
2564,1998,5,19263,19301,-38
2564,1998,6,28857,22341,6516
2564,1998,7,19279,13021,6258
2564,1998,8,19310,22901,-3591
2564,1998,9,19293,25501,-6208
2564,1998,10,19267,23101,-3834
2564,1998,11,19263,8101,11162
2564,1998,12,28928,9206,19722
2565,1995,10,2104,0,2104
2565,1995,11,11030,0,11030
2565,1995,12,8872,0,8872
2565,1996,1,3400,0,3400
2565,1996,2,15980,415,15565
2565,1996,3,24108,8015,16093
2565,1996,4,1909,16315,-14406
2565,1996,5,1846,23015,-21169
2565,1996,6,1797,6615,-4818
2565,1996,7,2473,365,2108
2565,1996,8,1779,2015,-236
2565,1996,9,1780,465,1315
2565,1996,10,1780,7215,-5435
2565,1996,11,1759,2715,-956
2565,1996,12,1756,2115,-359
2565,1997,1,4561,715,3846
2565,1997,2,3371,7415,-4044
2565,1997,3,3357,4315,-958
2565,1997,4,3354,2215,1139
2565,1997,5,3360,1015,2345
2565,1997,6,3367,3215,152
2565,1997,7,3365,5915,-2550
2565,1997,8,40039,24215,15824
2565,1997,9,3410,14415,-11005
2565,1997,10,3370,8715,-5345
2565,1997,11,3358,15,3343
2565,1997,12,3370,1315,2055
2565,1998,1,3371,5415,-2044
2565,1998,2,3361,7815,-4454
2565,1998,3,3353,15,3338
2565,1998,4,3367,15,3352
2565,1998,5,8458,15,8443
2565,1998,6,3389,16415,-13026
2565,1998,7,49217,35515,13702
2565,1998,8,3387,18415,-15028
2565,1998,9,3355,1065,2290
2565,1998,10,3365,4415,-1050
2565,1998,11,3355,3015,340
2565,1998,12,3358,2600,758
2566,1993,1,800,0,800
2566,1993,2,10700,0,10700
2566,1993,3,4300,0,4300
2566,1993,4,3400,0,3400
2566,1993,5,2900,0,2900
2566,1993,6,3400,0,3400
2566,1993,7,300,0,300
2566,1993,8,0,2800,-2800
2566,1993,9,200,0,200
2566,1993,10,0,1700,-1700
2566,1993,11,3600,0,3600
2566,1993,12,0,2300,-2300
2566,1994,1,100,0,100
2566,1994,2,0,2200,-2200
2566,1994,3,300,0,300
2566,1994,4,600,0,600
2566,1994,5,1500,0,1500
2566,1994,6,0,1700,-1700
2566,1994,7,0,2400,-2400
2566,1994,8,400,0,400
2566,1994,9,0,500,-500
2566,1994,10,1000,0,1000
2566,1994,11,1500,0,1500
2566,1994,12,0,1200,-1200
2566,1995,1,2000,0,2000
2566,1995,2,0,3400,-3400
2566,1995,3,1300,0,1300
2566,1995,4,0,200,-200
2566,1995,5,0,2800,-2800
2566,1995,6,0,200,-200
2566,1995,7,0,2600,-2600
2566,1995,8,2100,0,2100
2566,1995,9,0,3300,-3300
2566,1995,10,0,800,-800
2566,1995,11,0,700,-700
2566,1995,12,400,0,400
2566,1996,1,0,800,-800
2566,1996,2,0,2100,-2100
2566,1996,3,900,0,900
2566,1996,4,0,900,-900
2566,1996,5,200,0,200
2566,1996,6,1500,0,1500
2566,1996,7,0,1900,-1900
2566,1996,8,0,1700,-1700
2566,1996,9,0,1400,-1400
2566,1996,10,1300,0,1300
2566,1996,11,800,0,800
2566,1996,12,3200,0,3200
2566,1997,1,900,0,900
2566,1997,2,3200,0,3200
2566,1997,3,2700,0,2700
2566,1997,4,900,0,900
2566,1997,5,3200,0,3200
2566,1997,6,0,1100,-1100
2566,1997,7,0,600,-600
2566,1997,8,0,4600,-4600
2566,1997,9,1400,0,1400
2566,1997,10,0,2100,-2100
2566,1997,11,0,3300,-3300
2566,1997,12,0,3400,-3400
2566,1998,1,0,5100,-5100
2566,1998,3,1113,0,1113
2566,1998,4,13,100,-87
2566,1998,5,5413,0,5413
2566,1998,6,1813,0,1813
2566,1998,7,13,2600,-2587
2566,1998,8,3413,0,3413
2566,1998,9,1913,0,1913
2566,1998,10,13,3500,-3487
2566,1998,11,0,4700,-4700
2567,1996,1,4575,0,4575
2567,1996,2,11813,0,11813
2567,1996,3,5245,0,5245
2567,1996,4,5266,0,5266
2567,1996,5,5289,15,5274
2567,1996,6,3989,6009,-2020
2567,1996,7,3976,7489,-3513
2567,1996,8,3972,4089,-117
2567,1996,9,3972,3989,-17
2567,1996,10,3958,8949,-4991
2567,1996,11,3942,7089,-3147
2567,1996,12,3929,7949,-4020
2567,1997,1,4220,5349,-1129
2567,1997,2,3919,3699,220
2567,1997,3,3922,2589,1333
2567,1997,4,3915,6689,-2774
2567,1997,5,3913,4989,-1076
2567,1997,6,3913,2589,1324
2567,1997,7,3916,5589,-1673
2567,1997,8,3909,2589,1320
2567,1997,9,3915,2589,1326
2567,1997,10,3920,3289,631
2567,1997,11,3922,4089,-167
2567,1997,12,3922,6839,-2917
2567,1998,1,3910,3289,621
2567,1998,2,3911,4389,-478
2567,1998,3,3911,2589,1322
2567,1998,4,3916,2589,1327
2567,1998,5,3922,2589,1333
2567,1998,6,3927,2589,1338
2567,1998,7,3933,2589,1344
2567,1998,8,3938,2589,1349
2567,1998,9,3944,2589,1355
2567,1998,10,3950,2589,1361
2567,1998,11,3955,2589,1366
2567,1998,12,3959,2994,965
2568,1994,3,23658,0,23658
2568,1994,4,23150,1300,21850
2568,1994,5,23207,29000,-5793
2568,1994,6,34645,24400,10245
2568,1994,7,23241,28221,-4980
2568,1994,8,23214,26235,-3021
2568,1994,9,23200,26035,-2835
2568,1994,10,23187,24635,-1448
2568,1994,11,23180,21635,1545
2568,1994,12,34704,34535,169
2568,1995,1,23148,31635,-8487
2568,1995,2,23149,21735,1414
2568,1995,3,23159,21135,2024
2568,1995,4,23165,23435,-270
2568,1995,5,23147,22835,312
2568,1995,6,34684,40135,-5451
2568,1995,7,23143,18735,4408
2568,1995,8,23160,18135,5025
2568,1995,9,23179,19135,4044
2568,1995,10,23190,25335,-2145
2568,1995,11,23174,24735,-1561
2568,1995,12,34692,28735,5957
2568,1996,1,23162,40435,-17273
2568,1996,2,23128,19135,3993
2568,1996,3,23144,20235,2909
2568,1996,4,23142,25035,-1893
2568,1996,5,23143,22335,808
2568,1996,6,34641,37335,-2694
2568,1996,7,23135,20735,2400
2568,1996,8,23145,21935,1210
2568,1996,9,23140,26735,-3595
2568,1996,10,23129,21935,1194
2568,1996,11,23129,23335,-206
2568,1996,12,34645,30135,4510
2568,1997,1,23123,37635,-14512
2568,1997,2,23099,15735,7364
2568,1997,3,23121,20435,2686
2568,1997,4,23132,20335,2797
2568,1997,5,23149,18435,4714
2568,1997,6,34680,24435,10245
2568,1997,7,23187,27335,-4148
2568,1997,8,23175,28635,-5460
2568,1997,9,23161,20135,3026
2568,1997,10,23158,25735,-2577
2568,1997,11,23144,28935,-5791
2568,1997,12,34636,30835,3801
2568,1998,1,23112,32935,-9823
2568,1998,2,23109,19235,3874
2568,1998,3,23117,23635,-518
2568,1998,4,23111,26535,-3424
2568,1998,5,23116,18435,4681
2568,1998,6,34629,27835,6794
2568,1998,7,23149,23135,14
2568,1998,8,23180,11535,11645
2568,1998,9,23203,18935,4268
2568,1998,10,23206,23235,-29
2568,1998,11,23198,24635,-1437
2568,1998,12,34732,21220,13512
2569,1994,6,1000,0,1000
2569,1994,7,6772,0,6772
2569,1994,8,6772,0,6772
2569,1994,9,6837,1000,5837
2569,1994,10,6870,2800,4070
2569,1994,11,6894,515,6379
2569,1994,12,6901,6299,602
2569,1995,1,6872,19259,-12387
2569,1995,2,6854,5809,1045
2569,1995,3,6868,2649,4219
2569,1995,4,6883,3549,3334
2569,1995,5,6900,2549,4351
2569,1995,6,6875,16299,-9424
2569,1995,7,6878,3229,3649
2569,1995,8,6895,2349,4546
2569,1995,9,6904,5049,1855
2569,1995,10,6891,10649,-3758
2569,1995,11,6892,6049,843
2569,1995,12,6905,3849,3056
2569,1996,1,6887,16239,-9352
2569,1996,2,6879,5229,1650
2569,1996,3,6884,6709,175
2569,1996,4,6890,6449,441
2569,1996,5,6894,5249,1645
2569,1996,6,6881,12569,-5688
2569,1996,7,6865,7749,-884
2569,1996,8,6871,3949,2922
2569,1996,9,6882,4749,2133
2569,1996,10,6893,2349,4544
2569,1996,11,6909,6649,260
2569,1996,12,6907,8099,-1192
2569,1997,1,6882,13979,-7097
2569,1997,2,6877,3949,2928
2569,1997,3,6889,3749,3140
2569,1997,4,6900,3709,3191
2569,1997,5,6915,4249,2666
2569,1997,6,6884,14349,-7465
2569,1997,7,6891,4769,2122
2569,1997,8,6898,8449,-1551
2569,1997,9,6887,8049,-1162
2569,1997,10,6888,6249,639
2569,1997,11,6890,6649,241
2569,1997,12,6894,3649,3245
2569,1998,1,6887,19959,-13072
2569,1998,2,6856,2349,4507
2569,1998,3,6867,9509,-2642
2569,1998,4,6857,5549,1308
2569,1998,5,6865,5049,1816
2569,1998,6,6863,12289,-5426
2569,1998,7,6848,5549,1299
2569,1998,8,6851,6749,102
2569,1998,9,6850,7149,-299
2569,1998,10,6858,2349,4509
2569,1998,11,6862,11249,-4387
2569,1998,12,6859,2334,4525
2570,1995,12,400,0,400
2570,1996,1,3077,0,3077
2570,1996,2,3077,0,3077
2570,1996,3,3077,0,3077
2570,1996,4,3077,0,3077
2570,1996,5,3079,15,3064
2570,1996,6,3145,2266,879
2570,1996,7,3141,6846,-3705
2570,1996,8,3134,2066,1068
2570,1996,9,3137,2666,471
2570,1996,10,3140,2246,894
2570,1996,11,3144,2066,1078
2570,1996,12,3143,3056,87
2570,1997,1,3140,4256,-1116
2570,1997,2,3144,2066,1078
2570,1997,3,3149,2066,1083
2570,1997,4,3153,2066,1087
2570,1997,5,3156,3296,-140
2570,1997,6,3153,5966,-2813
2570,1997,7,3145,2276,869
2570,1997,8,3148,2636,512
2570,1997,9,3151,2066,1085
2570,1997,10,3155,2066,1089
2570,1997,11,3155,3356,-201
2570,1997,12,3159,2366,793
2570,1998,1,3147,6926,-3779
2570,1998,2,3147,2066,1081
2570,1998,3,3150,2456,694
2570,1998,4,3147,4346,-1199
2570,1998,5,3149,2066,1083
2570,1998,6,3148,3746,-598
2570,1998,7,3151,2066,1085
2570,1998,8,3150,3536,-386
2570,1998,9,3148,4136,-988
2570,1998,10,3150,2066,1084
2570,1998,11,3154,2066,1088
2570,1998,12,3152,3911,-759
2571,1997,1,700,0,700
2571,1997,2,47087,8200,38887
2571,1997,3,47197,31400,15797
2571,1997,4,47258,34100,13158
2571,1997,5,47286,53400,-6114
2571,1997,6,70715,107335,-36620
2571,1997,7,47168,30909,16259
2571,1997,8,47227,28530,18697
2571,1997,9,47238,56629,-9391
2571,1997,10,47203,62468,-15265
2571,1997,11,47229,18215,29014
2571,1997,12,70786,66615,4171
2571,1998,1,47202,101515,-54313
2571,1998,2,61936,15,61921
2571,1998,3,47284,61615,-14331
2571,1998,4,47381,63315,-15934
2571,1998,5,47253,26515,20738
2571,1998,6,70769,77015,-6246
2571,1998,7,47371,7015,40356
2571,1998,8,47308,85215,-37907
2571,1998,9,47376,8715,38661
2571,1998,10,47269,93715,-46446
2571,1998,11,47353,5415,41938
2571,1998,12,71001,66000,5001
2572,1994,11,600,0,600
2572,1994,12,73488,23100,50388
2572,1995,1,49299,38500,10799
2572,1995,2,49230,71800,-22570
2572,1995,3,49221,33100,16121
2572,1995,4,49331,39700,9631
2572,1995,5,49339,58700,-9361
2572,1995,6,73678,100594,-26916
2572,1995,7,49175,50218,-1043
2572,1995,8,49187,29000,20187
2572,1995,9,49241,45100,4141
2572,1995,10,49280,49800,-520
2572,1995,11,49289,47900,1389
2572,1995,12,73601,82700,-9099
2572,1996,1,49012,90715,-41703
2572,1996,2,61435,33626,27809
2572,1996,3,49120,43021,6099
2572,1996,4,49247,34867,14380
2572,1996,5,49409,27200,22209
2572,1996,6,73780,81100,-7320
2572,1996,7,49464,33078,16386
2572,1996,8,49577,33500,16077
2572,1996,9,49632,44700,4932
2572,1996,10,49333,110565,-61232
2572,1996,11,49354,15200,34154
2572,1996,12,73679,97000,-23321
2572,1997,1,56997,86955,-29958
2572,1997,2,49102,21400,27702
2572,1997,3,49314,27129,22185
2572,1997,4,49418,54641,-5223
2572,1997,5,49282,69805,-20523
2572,1997,6,81534,106605,-25071
2572,1997,7,55553,50911,4642
2572,1997,8,49182,27000,22182
2572,1997,9,49208,51690,-2482
2572,1997,10,49287,41900,7387
2572,1997,11,49431,38205,11226
2572,1997,12,73906,76805,-2899
2572,1998,1,49288,78705,-29417
2572,1998,2,49249,29052,20197
2572,1998,3,49277,58549,-9272
2572,1998,4,49194,45470,3724
2572,1998,5,49253,48628,625
2572,1998,6,73796,69216,4580
2572,1998,7,49332,37900,11432
2572,1998,8,49424,47200,2224
2572,1998,9,49398,51888,-2490
2572,1998,10,49386,44300,5086
2572,1998,11,49390,56293,-6903
2572,1998,12,73882,43200,30682
2573,1996,7,300,0,300
2573,1996,8,12600,0,12600
2573,1996,9,3600,0,3600
2573,1996,10,2000,0,2000
2573,1996,11,300,0,300
2573,1996,12,28188,16000,12188
2573,1997,1,129,8400,-8271
2573,1997,2,129,2100,-1971
2573,1997,3,129,700,-571
2573,1997,4,129,2400,-2271
2573,1997,5,129,400,-271
2573,1997,7,61367,2100,59267
2573,1997,8,320,37500,-37180
2573,1997,9,320,16600,-16280
2573,1997,10,320,9100,-8780
2573,1998,1,320,3000,-2680
2573,1998,5,4862,0,4862
2573,1998,10,22576,15,22561
2573,1998,11,161,26015,-25854
2574,1993,2,15458,0,15458
2574,1993,3,17330,0,17330
2574,1993,4,14477,6300,8177
2574,1993,5,14501,10200,4301
2574,1993,6,21690,12615,9075
2574,1993,7,14474,35261,-20787
2574,1993,8,14456,16961,-2505
2574,1993,9,14465,12861,1604
2574,1993,10,14471,15461,-990
2574,1993,11,14462,14861,-399
2574,1993,12,21624,19961,1663
2574,1994,1,20727,32761,-12034
2574,1994,2,16719,9561,7158
2574,1994,3,14446,14761,-315
2574,1994,4,14437,15161,-724
2574,1994,5,15238,12161,3077
2574,1994,6,24526,28861,-4335
2574,1994,7,14729,13361,1368
2574,1994,8,14443,11461,2982
2574,1994,9,14453,13261,1192
2574,1994,10,14458,13561,897
2574,1994,11,14461,13961,500
2574,1994,12,21633,21161,472
2574,1995,1,16136,25661,-9525
2574,1995,2,16226,12561,3665
2574,1995,3,14442,11761,2681
2574,1995,4,14451,14161,290
2574,1995,5,14455,11461,2994
2574,1995,6,24716,23461,1255
2574,1995,7,14474,9961,4513
2574,1995,8,14479,16661,-2182
2574,1995,9,14484,9661,4823
2574,1995,10,14501,11661,2840
2574,1995,11,14508,13361,1147
2574,1995,12,21674,21261,413
2574,1996,1,14463,30761,-16298
2574,1996,2,15155,9561,5594
2574,1996,3,15480,9561,5919
2574,1996,4,14500,10461,4039
2574,1996,5,14511,13561,950
2574,1996,6,23056,26861,-3805
2574,1996,7,14498,13761,737
2574,1996,8,14507,10961,3546
2574,1996,9,14511,15161,-650
2574,1996,10,14509,14061,448
2574,1996,11,14519,11161,3358
2574,1996,12,21696,19561,2135
2574,1997,1,15427,26161,-10734
2574,1997,2,24628,9561,15067
2574,1997,3,14561,10761,3800
2574,1997,4,14577,20361,-5784
2574,1997,5,14656,9561,5095
2574,1997,6,35240,27561,7679
2574,1997,7,18820,9561,9259
2574,1997,8,14630,14961,-331
2574,1997,9,14635,12861,1774
2574,1997,10,14649,10561,4088
2574,1997,11,14663,11561,3102
2574,1997,12,22752,14761,7991
2574,1998,1,15377,24461,-9084
2574,1998,2,19286,10761,8525
2574,1998,3,16818,9561,7257
2574,1998,4,14726,15761,-1035
2574,1998,5,16341,13761,2580
2574,1998,6,23868,79561,-55693
2574,1998,7,44298,10461,33837
2574,1998,8,28491,11361,17130
2574,1998,9,21246,9561,11685
2574,1998,10,15679,9561,6118
2574,1998,11,14794,44961,-30167
2574,1998,12,36638,12146,24492
2575,1997,4,1000,0,1000
2575,1997,5,6618,0,6618
2575,1997,6,6618,0,6618
2575,1997,7,6618,0,6618
2575,1997,8,6682,4700,1982
2575,1997,9,6731,615,6116
2575,1997,10,6749,10993,-4244
2575,1997,11,6723,6973,-250
2575,1997,12,6718,7153,-435
2575,1998,1,6687,17963,-11276
2575,1998,2,6682,2593,4089
2575,1998,3,6694,4273,2421
2575,1998,4,6704,5033,1671
2575,1998,5,6717,2593,4124
2575,1998,6,6713,11793,-5080
2575,1998,7,6704,5833,871
2575,1998,8,6697,12193,-5496
2575,1998,9,6693,2593,4100
2575,1998,10,6703,4593,2110
2575,1998,11,6719,2593,4126
2575,1998,12,6719,8158,-1439
2576,1993,9,104147,0,104147
2576,1993,10,61053,102815,-41762
2576,1993,11,129,41829,-41700
2576,1993,12,51994,29021,22973
2576,1994,1,3209,23121,-19912
2576,1994,2,98,8121,-8023
2576,1994,3,10556,8121,2435
2576,1994,4,8776,8121,655
2576,1994,5,6878,8121,-1243
2576,1994,6,8773,8121,652
2576,1994,7,6975,8121,-1146
2576,1994,8,6470,8121,-1651
2576,1994,9,7564,8121,-557
2576,1994,10,11064,8121,2943
2576,1994,11,8374,8121,253
2576,1994,12,6874,8121,-1247
2576,1995,1,48292,40321,7971
2576,1995,2,29744,21120,8624
2576,1995,3,63224,15721,47503
2576,1995,4,25067,58009,-32942
2576,1995,5,1465,20721,-19256
2576,1995,6,80113,38921,41192
2576,1995,7,124107,95015,29092
2576,1995,8,74306,136711,-62405
2576,1995,9,24867,8421,16446
2576,1995,10,35915,66565,-30650
2576,1995,11,94047,81421,12626
2576,1995,12,31527,41379,-9852
2576,1996,1,59322,59619,-297
2576,1996,2,92083,36621,55462
2576,1996,3,36900,42123,-5223
2576,1996,4,45349,42530,2819
2576,1996,5,42682,52521,-9839
2576,1996,6,42811,27821,14990
2576,1996,7,23812,60045,-36233
2576,1996,8,156,18721,-18565
2576,1996,9,78859,58366,20493
2576,1996,10,166,16521,-16355
2576,1996,11,17506,8121,9385
2576,1996,12,73071,59021,14050
2576,1997,1,1034,30321,-29287
2576,1997,2,1092,8121,-7029
2576,1997,3,6175,8121,-1946
2576,1997,4,9975,8121,1854
2576,1997,5,70673,36621,34052
2576,1997,6,163,23021,-22858
2576,1997,7,100,10021,-9921
2576,1997,8,5476,8121,-2645
2576,1997,9,7671,8121,-450
2576,1997,10,30544,8121,22423
2576,1997,11,12330,21921,-9591
2576,1997,12,10319,12021,-1702
2576,1998,1,78233,54021,24212
2576,1998,2,36864,48363,-11499
2576,1998,3,21326,33421,-12095
2576,1998,4,40035,28847,11188
2576,1998,5,64858,44862,19996
2576,1998,6,47970,56465,-8495
2576,1998,7,2405,32948,-30543
2576,1998,8,35957,8121,27836
2576,1998,9,71712,31898,39814
2576,1998,10,70928,81221,-10293
2576,1998,11,12522,47721,-35199
2576,1998,12,41991,22032,19959
2577,1995,7,1000,0,1000
2577,1995,8,5941,0,5941
2577,1995,9,5941,0,5941
2577,1995,10,5941,0,5941
2577,1995,11,5941,0,5941
2577,1995,12,6017,4302,1715
2577,1996,1,6028,17712,-11684
2577,1996,2,6010,3362,2648
2577,1996,3,6020,4882,1138
2577,1996,4,6026,3362,2664
2577,1996,5,6037,3362,2675
2577,1996,6,6040,8872,-2832
2577,1996,7,6036,3362,2674
2577,1996,8,6038,10642,-4604
2577,1996,9,6028,3362,2666
2577,1996,10,6039,3362,2677
2577,1996,11,6050,3362,2688
2577,1996,12,6059,4612,1447
2577,1997,1,6035,17512,-11477
2577,1997,2,6019,3362,2657
2577,1997,3,6025,5842,183
2577,1997,4,6025,5922,103
2577,1997,5,6030,5762,268
2577,1997,6,6019,10312,-4293
2577,1997,7,6015,3362,2653
2577,1997,8,6026,3362,2664
2577,1997,9,6037,3362,2675
2577,1997,10,6048,3362,2686
2577,1997,11,6059,3362,2697
2577,1997,12,6070,4012,2058
2577,1998,1,6061,14862,-8801
2577,1998,2,6042,3362,2680
2577,1998,3,6054,3362,2692
2577,1998,4,6065,3362,2703
2577,1998,5,6076,3362,2714
2577,1998,6,6058,18962,-12904
2577,1998,7,6027,6882,-855
2577,1998,8,6026,5682,344
2577,1998,9,6031,3362,2669
2577,1998,10,6030,8402,-2372
2577,1998,11,6031,4642,1389
2577,1998,12,6038,4297,1741
2578,1996,3,1100,0,1100
2578,1996,4,4269,0,4269
2578,1996,5,4269,0,4269
2578,1996,6,4269,0,4269
2578,1996,7,4269,0,4269
2578,1996,8,4298,1015,3283
2578,1996,9,4362,3361,1001
2578,1996,10,4352,6781,-2429
2578,1996,11,4355,3761,594
2578,1996,12,4346,9461,-5115
2578,1997,1,4331,6301,-1970
2578,1997,2,4327,4781,-454
2578,1997,3,4325,4941,-616
2578,1997,4,4325,2861,1464
2578,1997,5,4331,2861,1470
2578,1997,6,4337,2861,1476
2578,1997,7,4331,9261,-4930
2578,1997,8,4323,2861,1462
2578,1997,9,4329,2861,1468
2578,1997,10,4335,3261,1074
2578,1997,11,4339,2861,1478
2578,1997,12,4327,7251,-2924
2578,1998,1,4324,5501,-1177
2578,1998,2,4328,2861,1467
2578,1998,3,4334,2861,1473
2578,1998,4,4340,2861,1479
2578,1998,5,4330,9561,-5231
2578,1998,6,4325,2861,1464
2578,1998,7,4331,2861,1470
2578,1998,8,4337,2861,1476
2578,1998,9,4343,2861,1482
2578,1998,10,4349,2861,1488
2578,1998,11,4354,3661,693
2578,1998,12,4351,4976,-625
2579,1997,10,200,0,200
2579,1997,11,13759,0,13759
2579,1997,12,9124,0,9124
2579,1998,1,4130,3000,1130
2579,1998,2,4140,600,3540
2579,1998,3,4147,4903,-756
2579,1998,4,4141,6303,-2162
2579,1998,5,5141,2703,2438
2579,1998,6,6164,5503,661
2579,1998,7,6748,8583,-1835
2579,1998,8,4141,4303,-162
2579,1998,9,9457,2703,6754
2579,1998,10,4163,6103,-1940
2579,1998,11,4162,3403,759
2579,1998,12,6158,19168,-13010
2580,1995,11,12074,0,12074
2580,1995,12,23426,0,23426
2580,1996,1,11708,4700,7008
2580,1996,2,11728,8200,3528
2580,1996,3,11714,18111,-6397
2580,1996,4,11713,10731,982
2580,1996,5,11716,9731,1985
2580,1996,6,17504,10931,6573
2580,1996,7,11752,19411,-7659
2580,1996,8,11725,7820,3905
2580,1996,9,12031,12040,-9
2580,1996,10,11744,12660,-916
2580,1996,11,11732,15620,-3888
2580,1996,12,18010,7640,10370
2580,1997,1,11721,33000,-21279
2580,1997,2,20000,6520,13480
2580,1997,3,16665,6520,10145
2580,1997,4,11765,13000,-1235
2580,1997,5,11766,10420,1346
2580,1997,6,17489,36500,-19011
2580,1997,7,23311,10360,12951
2580,1997,8,12353,6520,5833
2580,1997,9,11777,7120,4657
2580,1997,10,13297,6520,6777
2580,1997,11,11837,10520,1317
2580,1997,12,17611,16760,851
2580,1998,1,20870,34000,-13130
2580,1998,2,12778,6520,6258
2580,1998,3,13007,7240,5767
2580,1998,4,16521,11440,5081
2580,1998,5,11848,9720,2128
2580,1998,6,17631,45220,-27589
2580,1998,7,17942,10120,7822
2580,1998,8,14081,6520,7561
2580,1998,9,11813,12120,-307
2580,1998,10,11801,11220,581
2580,1998,11,11814,7920,3894
2580,1998,12,17599,17065,534
2581,1993,3,20205,0,20205
2581,1993,4,23095,0,23095
2581,1993,5,19852,12200,7652
2581,1993,6,29736,11900,17836
2581,1993,7,19939,19815,124
2581,1993,8,19911,26444,-6533
2581,1993,9,19888,22324,-2436
2581,1993,10,19868,27164,-7296
2581,1993,11,19859,19584,275
2581,1993,12,29709,20984,8725
2581,1994,1,19805,47624,-27819
2581,1994,2,19815,8284,11531
2581,1994,3,19845,16844,3001
2581,1994,4,19839,20384,-545
2581,1994,5,19853,15704,4149
2581,1994,6,29702,32604,-2902
2581,1994,7,19859,17564,2295
2581,1994,8,19864,16484,3380
2581,1994,9,19871,20604,-733
2581,1994,10,19864,19684,180
2581,1994,11,19873,17084,2789
2581,1994,12,29732,40984,-11252
2581,1995,1,19853,32164,-12311
2581,1995,2,19827,4784,15043
2581,1995,3,19840,26584,-6744
2581,1995,4,19876,18184,1692
2581,1995,5,19886,19284,602
2581,1995,6,29670,36404,-6734
2581,1995,7,19841,14984,4857
2581,1995,8,19857,20484,-627
2581,1995,9,19839,19084,755
2581,1995,10,19854,21484,-1630
2581,1995,11,19847,20584,-737
2581,1995,12,29695,22784,6911
2581,1996,1,19831,44124,-24293
2581,1996,2,19778,8484,11294
2581,1996,3,19822,13084,6738
2581,1996,4,19847,15384,4463
2581,1996,5,19858,19384,474
2581,1996,6,32545,46544,-13999
2581,1996,7,19796,14384,5412
2581,1996,8,19831,12584,7247
2581,1996,9,19853,17784,2069
2581,1996,10,19857,21284,-1427
2581,1996,11,19856,16184,3672
2581,1996,12,29711,23384,6327
2581,1997,1,19827,36084,-16257
2581,1997,2,19828,14324,5504
2581,1997,3,19856,14284,5572
2581,1997,4,19875,15584,4291
2581,1997,5,19884,21184,-1300
2581,1997,6,29704,26584,3120
2581,1997,7,19889,20984,-1095
2581,1997,8,19886,18784,1102
2581,1997,9,19895,15984,3911
2581,1997,10,19926,22384,-2458
2581,1997,11,19881,27564,-7683
2581,1997,12,29713,18184,11529
2581,1998,1,19868,37364,-17496
2581,1998,2,19855,11184,8671
2581,1998,3,19873,19984,-111
2581,1998,4,19883,12484,7399
2581,1998,5,19895,20084,-189
2581,1998,6,29743,24784,4959
2581,1998,7,19950,19884,66
2581,1998,8,19929,11384,8545
2581,1998,9,19960,13884,6076
2581,1998,10,19971,18984,987
2581,1998,11,19976,17584,2392
2581,1998,12,29849,16769,13080
2582,1993,11,22456,0,22456
2582,1993,12,36334,18800,17534
2582,1994,1,22051,19300,2751
2582,1994,2,22061,0,22061
2582,1994,3,22130,39996,-17866
2582,1994,4,22138,20744,1394
2582,1994,5,22142,23144,-1002
2582,1994,6,33726,50464,-16738
2582,1994,7,22068,14844,7224
2582,1994,8,22084,19784,2300
2582,1994,9,22104,17444,4660
2582,1994,10,22122,17744,4378
2582,1994,11,22137,21044,1093
2582,1994,12,33106,30384,2722
2582,1995,1,22114,38704,-16590
2582,1995,2,22085,16144,5941
2582,1995,3,22107,19864,2243
2582,1995,4,22112,22664,-552
2582,1995,5,22100,20444,1656
2582,1995,6,33080,37764,-4684
2582,1995,7,22098,19744,2354
2582,1995,8,22109,16644,5465
2582,1995,9,22113,27384,-5271
2582,1995,10,22106,18244,3862
2582,1995,11,22110,24344,-2234
2582,1995,12,33067,28644,4423
2582,1996,1,22089,31744,-9655
2582,1996,2,22085,21504,581
2582,1996,3,22078,27404,-5326
2582,1996,4,22063,19144,2919
2582,1996,5,22074,18644,3430
2582,1996,6,33049,32424,625
2582,1996,7,22092,17544,4548
2582,1996,8,22090,24964,-2874
2582,1996,9,22088,23844,-1756
2582,1996,10,22086,17544,4542
2582,1996,11,22097,20944,1153
2582,1996,12,33054,30684,2370
2582,1997,1,22073,46464,-24391
2582,1997,2,22035,9444,12591
2582,1997,3,22071,15144,6927
2582,1997,4,22100,17344,4756
2582,1997,5,22133,22264,-131
2582,1997,6,33051,38384,-5333
2582,1997,7,22088,18944,3144
2582,1997,8,22096,19844,2252
2582,1997,9,22105,19244,2861
2582,1997,10,22125,16144,5981
2582,1997,11,22133,22844,-711
2582,1997,12,33088,28144,4944
2582,1998,1,22100,42364,-20264
2582,1998,2,22102,10244,11858
2582,1998,3,22125,18044,4081
2582,1998,4,22131,20844,1287
2582,1998,5,22134,21344,790
2582,1998,6,33049,60424,-27375
2582,1998,7,22052,13544,8508
2582,1998,8,22109,8444,13665
2582,1998,9,22126,17504,4622
2582,1998,10,22143,16644,5499
2582,1998,11,22160,19444,2716
2582,1998,12,33104,29929,3175
2583,1993,5,1000,0,1000
2583,1993,6,13900,0,13900
2583,1993,7,3200,0,3200
2583,1993,8,4400,0,4400
2583,1993,9,400,0,400
2583,1993,10,2800,0,2800
2583,1993,11,0,1100,-1100
2583,1993,12,1400,0,1400
2583,1994,1,0,1200,-1200
2583,1994,2,1500,0,1500
2583,1994,3,900,0,900
2583,1994,4,0,3400,-3400
2583,1994,5,2800,0,2800
2583,1994,6,200,0,200
2583,1994,7,0,400,-400
2583,1994,8,1000,0,1000
2583,1994,9,0,1800,-1800
2583,1994,10,0,800,-800
2583,1994,11,200,0,200
2583,1994,12,200,0,200
2583,1995,1,1003,1600,-597
2583,1995,3,1903,0,1903
2583,1995,4,103,600,-497
2583,1995,5,5203,0,5203
2583,1995,6,130,200,-70
2583,1995,7,2830,0,2830
2583,1995,8,2430,0,2430
2583,1995,9,130,2200,-2070
2583,1995,10,130,2000,-1870
2583,1995,11,2030,0,2030
2583,1995,12,2230,0,2230
2583,1996,1,1030,0,1030
2583,1996,2,3930,0,3930
2583,1996,3,330,0,330
2583,1996,4,630,0,630
2583,1996,5,130,1000,-870
2583,1996,6,1530,0,1530
2583,1996,7,2330,0,2330
2583,1996,8,2330,0,2330
2583,1996,9,130,700,-570
2583,1996,10,1830,0,1830
2583,1996,11,130,1000,-870
2583,1996,12,1430,0,1430
2583,1997,1,3230,0,3230
2583,1997,2,4830,0,4830
2583,1997,3,3930,0,3930
2583,1997,4,3230,0,3230
2583,1997,5,130,2400,-2270
2583,1997,6,230,0,230
2583,1997,7,130,2200,-2070
2583,1997,8,130,400,-270
2583,1997,9,3430,0,3430
2583,1997,10,2430,0,2430
2583,1997,11,130,2300,-2170
2583,1997,12,1230,0,1230
2583,1998,1,4630,0,4630
2583,1998,2,130,1800,-1670
2583,1998,3,130,3500,-3370
2583,1998,4,130,2500,-2370
2583,1998,5,2530,0,2530
2583,1998,6,1830,0,1830
2583,1998,7,4730,0,4730
2583,1998,8,2130,0,2130
2583,1998,9,3130,0,3130
2583,1998,10,2230,0,2230
2583,1998,11,130,600,-470
2583,1998,12,0,800,-800
2584,1993,7,4399,0,4399
2584,1993,8,4206,0,4206
2584,1993,9,4206,0,4206
2584,1993,10,4206,0,4206
2584,1993,11,4209,15,4194
2584,1993,12,4277,2691,1586
2584,1994,1,4266,11931,-7665
2584,1994,2,4256,1591,2665
2584,1994,3,4248,8311,-4063
2584,1994,4,4245,3991,254
2584,1994,5,4251,1591,2660
2584,1994,6,4262,1591,2671
2584,1994,7,4267,3351,916
2584,1994,8,4277,1591,2686
2584,1994,9,4281,3691,590
2584,1994,10,4291,1791,2500
2584,1994,11,4300,7791,-3491
2584,1994,12,4287,2791,1496
2584,1995,1,4267,13651,-9384
2584,1995,2,4253,2791,1462
2584,1995,3,4259,4791,-532
2584,1995,4,4253,5351,-1098
2584,1995,5,4253,2091,2162
2584,1995,6,4262,1591,2671
2584,1995,7,4269,4631,-362
2584,1995,8,4270,4791,-521
2584,1995,9,4269,2791,1478
2584,1995,10,4273,5491,-1218
2584,1995,11,4268,5191,-923
2584,1995,12,4265,3641,624
2584,1996,1,4255,9921,-5666
2584,1996,2,4243,3591,652
2584,1996,3,4244,4691,-447
2584,1996,4,4246,1591,2655
2584,1996,5,4253,5091,-838
2584,1996,6,4251,3791,460
2584,1996,7,4255,1891,2364
2584,1996,8,4261,4991,-730
2584,1996,9,4254,7351,-3097
2584,1996,10,4245,4291,-46
2584,1996,11,4245,4091,154
2584,1996,12,4241,6141,-1900
2584,1997,1,4241,2391,1850
2584,1997,2,4249,1591,2658
2584,1997,3,4248,8791,-4543
2584,1997,4,4242,1591,2651
2584,1997,5,4253,1591,2662
2584,1997,6,4247,8511,-4264
2584,1997,7,4246,1591,2655
2584,1997,8,4253,4551,-298
2584,1997,9,4253,3991,262
2584,1997,10,4257,1591,2666
2584,1997,11,4260,3831,429
2584,1997,12,4269,2591,1678
2584,1998,1,4255,9991,-5736
2584,1998,2,4252,1591,2661
2584,1998,3,4264,1591,2673
2584,1998,4,4274,1591,2683
2584,1998,5,4283,7431,-3148
2584,1998,6,4264,7071,-2807
2584,1998,7,4261,1591,2670
2584,1998,8,4272,1591,2681
2584,1998,9,4272,4711,-439
2584,1998,10,4278,2551,1727
2584,1998,11,4288,1591,2697
2584,1998,12,4298,4126,172
2585,1993,2,16001,0,16001
2585,1993,3,19279,0,19279
2585,1993,4,15130,6900,8230
2585,1993,5,15165,6800,8365
2585,1993,6,22678,36715,-14037
2585,1993,7,15141,7515,7626
2585,1993,8,15165,11275,3890
2585,1993,9,15171,16395,-1224
2585,1993,10,15173,11415,3758
2585,1993,11,15187,12855,2332
2585,1993,12,22667,17895,4772
2585,1994,1,15153,30995,-15842
2585,1994,2,15157,8915,6242
2585,1994,3,15174,13015,2159
2585,1994,4,15178,14715,463
2585,1994,5,15161,19275,-4114
2585,1994,6,22587,33715,-11128
2585,1994,7,15139,6015,9124
2585,1994,8,15163,11215,3948
2585,1994,9,15179,11315,3864
2585,1994,10,15177,21035,-5858
2585,1994,11,15171,11515,3656
2585,1994,12,22672,21635,1037
2585,1995,1,15141,37755,-22614
2585,1995,2,15142,15,15127
2585,1995,3,15155,12715,2440
2585,1995,4,15161,14315,846
2585,1995,5,15130,29195,-14065
2585,1995,6,22606,41635,-19029
2585,1995,7,15028,6415,8613
2585,1995,8,15087,13955,1132
2585,1995,9,15094,14735,359
2585,1995,10,15067,14515,552
2585,1995,11,15091,15475,-384
2585,1995,12,22553,17115,5438
2585,1996,1,15102,25875,-10773
2585,1996,2,15045,15295,-250
2585,1996,3,15061,10595,4466
2585,1996,4,15064,13515,1549
2585,1996,5,15071,12715,2356
2585,1996,6,22575,26715,-4140
2585,1996,7,15063,13015,2048
2585,1996,8,15066,17615,-2549
2585,1996,9,15053,19315,-4262
2585,1996,10,15038,17515,-2477
2585,1996,11,15026,20775,-5749
2585,1996,12,22503,20015,2488
2585,1997,1,15017,19195,-4178
2585,1997,2,15000,14315,685
2585,1997,3,15006,12515,2491
2585,1997,4,15014,13715,1299
2585,1997,5,15015,16715,-1700
2585,1997,6,22493,28635,-6142
2585,1997,7,14979,18115,-3136
2585,1997,8,14970,15915,-945
2585,1997,9,14966,15515,-549
2585,1997,10,14967,14115,852
2585,1997,11,14975,12555,2420
2585,1997,12,22474,15795,6679
2585,1998,1,14985,23875,-8890
2585,1998,2,14965,16517,-1552
2585,1998,3,14963,16813,-1850
2585,1998,4,14963,17636,-2673
2585,1998,5,14963,13240,1723
2585,1998,6,22453,15429,7024
2585,1998,7,14976,16015,-1039
2585,1998,8,15010,15515,-505
2585,1998,9,15003,2515,12488
2585,1998,10,15039,8715,6324
2585,1998,11,15047,16115,-1068
2585,1998,12,22545,14880,7665
2586,1997,4,1000,0,1000
2586,1997,5,24638,0,24638
2586,1997,6,24465,13000,11465
2586,1997,7,18549,13200,5349
2586,1997,8,176,7900,-7724
2586,1997,9,61817,17615,44202
2586,1997,10,274,29215,-28941
2586,1997,11,182,16115,-15933
2586,1997,12,12258,6315,5943
2586,1998,1,89294,104915,-15621
2586,1998,2,12203,9443,2760
2586,1998,3,26386,8746,17640
2586,1998,4,78914,74529,4385
2586,1998,5,93979,77115,16864
2586,1998,6,67798,97692,-29894
2586,1998,7,25908,14531,11377
2586,1998,8,110353,73736,36617
2586,1998,9,24263,9015,15248
2586,1998,10,43456,57517,-14061
2586,1998,11,46120,66915,-20795
2586,1998,12,26888,8400,18488
2587,1997,7,600,0,600
2587,1997,8,15355,0,15355
2587,1997,9,8914,200,8714
2587,1997,10,8941,8500,441
2587,1997,11,8945,6900,2045
2587,1997,12,13389,12415,974
2587,1998,1,8953,16315,-7362
2587,1998,2,8929,9215,-286
2587,1998,3,8921,10315,-1394
2587,1998,4,8915,11215,-2300
2587,1998,5,8905,10715,-1810
2587,1998,6,13302,24815,-11513
2587,1998,7,8864,7015,1849
2587,1998,8,8861,10815,-1954
2587,1998,9,8861,8015,846
2587,1998,10,8850,11915,-3065
2587,1998,11,8845,7415,1430
2587,1998,12,13306,1400,11906
2588,1993,12,26593,0,26593
2588,1994,1,17704,300,17404
2588,1994,2,17745,9000,8745
2588,1994,3,17765,13700,4065
2588,1994,4,17758,21024,-3266
2588,1994,5,17744,23724,-5980
2588,1994,6,26521,19924,6597
2588,1994,7,17740,24324,-6584
2588,1994,8,17733,26924,-9191
2588,1994,9,17724,18624,-900
2588,1994,10,17719,20424,-2705
2588,1994,11,17708,15724,1984
2588,1994,12,26506,20924,5582
2588,1995,1,17715,35924,-18209
2588,1995,2,17649,15324,2325
2588,1995,3,17674,13424,4250
2588,1995,4,17690,15524,2166
2588,1995,5,17698,16724,974
2588,1995,6,26436,33604,-7168
2588,1995,7,17672,14424,3248
2588,1995,8,17684,14524,3160
2588,1995,9,17698,18084,-386
2588,1995,10,17694,15124,2570
2588,1995,11,17703,16124,1579
2588,1995,12,26493,26384,109
2588,1996,1,18380,30404,-12024
2588,1996,2,17662,14464,3198
2588,1996,3,17677,11124,6553
2588,1996,4,17697,16424,1273
2588,1996,5,17698,17364,334
2588,1996,6,26450,28544,-2094
2588,1996,7,17689,18824,-1135
2588,1996,8,17687,16624,1063
2588,1996,9,17685,19724,-2039
2588,1996,10,17682,15824,1858
2588,1996,11,17683,19124,-1441
2588,1996,12,26468,22504,3964
2588,1997,1,17691,21804,-4113
2588,1997,2,17691,10424,7267
2588,1997,3,17715,14024,3691
2588,1997,4,17718,23704,-5986
2588,1997,5,17697,17724,-27
2588,1997,6,26478,22024,4454
2588,1997,7,17715,17504,211
2588,1997,8,17716,16324,1392
2588,1997,9,17718,18224,-506
2588,1997,10,17717,19604,-1887
2588,1997,11,17707,18104,-397
2588,1997,12,26480,26744,-264
2588,1998,1,18372,36284,-17912
2588,1998,2,20864,6524,14340
2588,1998,3,17703,11724,5979
2588,1998,4,17722,13324,4398
2588,1998,5,17732,16724,1008
2588,1998,6,26514,34984,-8470
2588,1998,7,17722,9944,7778
2588,1998,8,17736,14724,3012
2588,1998,9,17746,15124,2622
2588,1998,10,17758,14624,3134
2588,1998,11,17779,17824,-45
2588,1998,12,26535,24909,1626
2589,1996,12,6259,0,6259
2589,1997,1,5567,0,5567
2589,1997,2,5567,0,5567
2589,1997,3,5567,0,5567
2589,1997,4,5608,8773,-3165
2589,1997,5,5614,10789,-5175
2589,1997,6,5608,3709,1899
2589,1997,7,5598,9549,-3951
2589,1997,8,5599,3709,1890
2589,1997,9,5607,3709,1898
2589,1997,10,5606,7869,-2263
2589,1997,11,5605,6409,-804
2589,1997,12,5601,5959,-358
2589,1998,1,5595,6109,-514
2589,1998,2,5598,3709,1889
2589,1998,3,5605,7309,-1704
2589,1998,4,5599,3709,1890
2589,1998,5,5602,9229,-3627
2589,1998,6,5591,5809,-218
2589,1998,7,5591,3709,1882
2589,1998,8,5599,3709,1890
2589,1998,9,5607,3709,1898
2589,1998,10,5615,3709,1906
2589,1998,11,5614,11069,-5455
2589,1998,12,5599,4494,1105
2590,1996,12,3743,0,3743
2590,1997,1,3046,0,3046
2590,1997,2,3046,0,3046
2590,1997,3,3046,0,3046
2590,1997,4,3082,2035,1047
2590,1997,5,3093,2035,1058
2590,1997,6,3092,3635,-543
2590,1997,7,3095,2245,850
2590,1997,8,3096,3595,-499
2590,1997,9,3097,2035,1062
2590,1997,10,3101,2635,466
2590,1997,11,3102,5135,-2033
2590,1997,12,3093,2725,368
2590,1998,1,3088,5095,-2007
2590,1998,2,3087,2995,92
2590,1998,3,3088,2035,1053
2590,1998,4,3089,3025,64
2590,1998,5,3092,2635,457
2590,1998,6,3092,3425,-333
2590,1998,7,3092,3835,-743
2590,1998,8,3090,2035,1055
2590,1998,9,3093,3235,-142
2590,1998,10,3093,3815,-722
2590,1998,11,3085,5085,-2000
2590,1998,12,3082,2020,1062
2591,1996,5,6536,0,6536
2591,1996,6,5745,0,5745
2591,1996,7,5745,0,5745
2591,1996,8,5745,0,5745
2591,1996,9,5805,415,5390
2591,1996,10,5832,8756,-2924
2591,1996,11,5820,6716,-896
2591,1996,12,5822,6476,-654
2591,1997,1,5809,12716,-6907
2591,1997,2,5798,3316,2482
2591,1997,3,5809,3316,2493
2591,1997,4,5807,5856,-49
2591,1997,5,5819,7016,-1197
2591,1997,6,5813,6916,-1103
2591,1997,7,5810,5116,694
2591,1997,8,5796,9076,-3280
2591,1997,9,5798,4816,982
2591,1997,10,5803,3316,2487
2591,1997,11,5813,3516,2297
2591,1997,12,5822,3816,2006
2591,1998,1,5810,14606,-8796
2591,1998,2,5794,3316,2478
2591,1998,3,5803,5816,-13
2591,1998,4,5800,5716,84
2591,1998,5,5790,6996,-1206
2591,1998,6,5794,7636,-1842
2591,1998,7,5792,3316,2476
2591,1998,8,5802,3316,2486
2591,1998,9,5813,3316,2497
2591,1998,10,5823,3416,2407
2591,1998,11,5831,4816,1015
2591,1998,12,5825,7151,-1326
2592,1993,9,12393,0,12393
2592,1993,10,16657,3000,13657
2592,1993,11,11868,7900,3968
2592,1993,12,17765,9400,8365
2592,1994,1,11909,26484,-14575
2592,1994,2,11874,7444,4430
2592,1994,3,11894,12164,-270
2592,1994,4,11890,11544,346
2592,1994,5,11889,12084,-195
2592,1994,6,17781,12384,5397
2592,1994,7,11912,11744,168
2592,1994,8,11912,11844,68
2592,1994,9,11912,10444,1468
2592,1994,10,11914,15244,-3330
2592,1994,11,11905,9444,2461
2592,1994,12,17803,14024,3779
2592,1995,1,11900,36424,-24524
2592,1995,2,13833,6464,7369
2592,1995,3,14466,5144,9322
2592,1995,4,11899,7744,4155
2592,1995,5,11912,12144,-232
2592,1995,6,17801,13944,3857
2592,1995,7,11928,10444,1484
2592,1995,8,11931,12144,-213
2592,1995,9,11933,9444,2489
2592,1995,10,11941,11144,797
2592,1995,11,11950,7144,4806
2592,1995,12,17850,14504,3346
2592,1996,1,13940,32944,-19004
2592,1996,2,14912,5144,9768
2592,1996,3,11944,8904,3040
2592,1996,4,11955,8144,3811
2592,1996,5,11970,9124,2846
2592,1996,6,17851,18444,-593
2592,1996,7,11984,5944,6040
2592,1996,8,12000,10144,1856
2592,1996,9,12015,6644,5371
2592,1996,10,12023,13304,-1281
2592,1996,11,12022,11224,798
2592,1996,12,17895,25924,-8029
2592,1997,1,11968,25304,-13336
2592,1997,2,16455,9704,6751
2592,1997,3,13281,5144,8137
2592,1997,4,12009,8544,3465
2592,1997,5,12009,12204,-195
2592,1997,6,17829,47904,-30075
2592,1997,7,20023,5144,14879
2592,1997,8,18681,5144,13537
2592,1997,9,17536,5144,12392
2592,1997,10,12273,5144,7129
2592,1997,11,12084,11244,840
2592,1997,12,17995,6884,11111
2592,1998,1,12112,24064,-11952
2592,1998,2,12098,5944,6154
2592,1998,3,12107,12144,-37
2592,1998,4,12103,13544,-1441
2592,1998,5,12111,9224,2887
2592,1998,6,17893,52884,-34991
2592,1998,7,23116,9344,13772
2592,1998,8,21470,5144,16326
2592,1998,9,12110,5544,6566
2592,1998,10,12125,9844,2281
2592,1998,11,12122,14344,-2222
2592,1998,12,18004,16269,1735
2593,1996,7,20551,0,20551
2593,1996,8,20737,0,20737
2593,1996,9,19585,9700,9885
2593,1996,10,19608,14700,4908
2593,1996,11,19596,24615,-5019
2593,1996,12,29293,26375,2918
2593,1997,1,19556,38995,-19439
2593,1997,2,19529,19815,-286
2593,1997,3,19544,13715,5829
2593,1997,4,19550,20395,-845
2593,1997,5,19542,23875,-4333
2593,1997,6,29224,42235,-13011
2593,1997,7,19495,23455,-3960
2593,1997,8,19490,13955,5535
2593,1997,9,19512,19415,97
2593,1997,10,19496,24895,-5399
2593,1997,11,19488,18915,573
2593,1997,12,29205,25315,3890
2593,1998,1,19480,26335,-6855
2593,1998,2,19476,19915,-439
2593,1998,3,19474,20715,-1241
2593,1998,4,19470,18115,1355
2593,1998,5,19475,20215,-740
2593,1998,6,29183,24295,4888
2593,1998,7,19492,15915,3577
2593,1998,8,19505,16715,2790
2593,1998,9,19513,18635,878
2593,1998,10,19506,20795,-1289
2593,1998,11,19510,18895,615
2593,1998,12,29244,10340,18904
2594,1997,5,29755,0,29755
2594,1997,6,13061,1300,11761
2594,1997,7,172,12000,-11828
2594,1997,8,170,8300,-8130
2594,1997,9,90,200,-110
2594,1997,10,90,600,-510
2594,1997,11,90,4900,-4810
2594,1997,12,90,1000,-910
2594,1998,1,590,0,590
2594,1998,2,80699,42300,38399
2594,1998,3,101061,111212,-10151
2594,1998,4,21798,39239,-17441
2594,1998,5,2682,11518,-8836
2594,1998,6,82208,42718,39490
2594,1998,7,114266,77299,36967
2594,1998,8,39491,59924,-20433
2594,1998,9,65415,107263,-41848
2594,1998,10,49067,41754,7313
2594,1998,11,15660,26804,-11144
2594,1998,12,142281,107318,34963
2595,1997,8,300,0,300
2595,1997,9,6828,0,6828
2595,1997,10,6828,0,6828
2595,1997,11,6828,0,6828
2595,1997,12,6887,1700,5187
2595,1998,1,6931,13755,-6824
2595,1998,2,6915,3496,3419
2595,1998,3,6930,3496,3434
2595,1998,4,6944,3496,3448
2595,1998,5,6950,6616,334
2595,1998,6,6933,14196,-7263
2595,1998,7,6926,5656,1270
2595,1998,8,6935,3496,3439
2595,1998,9,6949,3496,3453
2595,1998,10,6956,9656,-2700
2595,1998,11,6952,3496,3456
2595,1998,12,6965,4231,2734
2596,1994,9,3637,0,3637
2596,1994,10,3443,0,3443
2596,1994,11,3443,0,3443
2596,1994,12,3443,0,3443
2596,1995,1,3472,1185,2287
2596,1995,2,3498,2300,1198
2596,1995,3,3503,3440,63
2596,1995,4,3503,2750,753
2596,1995,5,3504,2870,634
2596,1995,6,3501,8240,-4739
2596,1995,7,3490,2300,1190
2596,1995,8,3495,2300,1195
2596,1995,9,3498,3260,238
2596,1995,10,3501,2300,1201
2596,1995,11,3506,2300,1206
2596,1995,12,3510,2540,970
2596,1996,1,3505,5180,-1675
2596,1996,2,3508,2300,1208
2596,1996,3,3512,3740,-228
2596,1996,4,3504,3530,-26
2596,1996,5,3512,2300,1212
2596,1996,6,3512,2960,552
2596,1996,7,3518,2630,888
2596,1996,8,3523,2300,1223
2596,1996,9,3528,2300,1228
2596,1996,10,3533,2300,1233
2596,1996,11,3538,2300,1238
2596,1996,12,3540,3380,160
2596,1997,1,3537,4820,-1283
2596,1997,2,3538,2300,1238
2596,1997,3,3543,2540,1003
2596,1997,4,3544,2840,704
2596,1997,5,3549,3290,259
2596,1997,6,3547,9380,-5833
2596,1997,7,3527,2300,1227
2596,1997,8,3532,2300,1232
2596,1997,9,3537,2300,1237
2596,1997,10,3542,2300,1242
2596,1997,11,3548,2300,1248
2596,1997,12,3551,3950,-399
2596,1998,1,3540,5390,-1850
2596,1998,2,3539,3260,279
2596,1998,3,3544,2300,1244
2596,1998,4,3549,2300,1249
2596,1998,5,3554,4000,-446
2596,1998,6,3536,11800,-8264
2596,1998,7,3518,2300,1218
2596,1998,8,3523,2300,1223
2596,1998,9,3528,2300,1228
2596,1998,10,3533,2300,1233
2596,1998,11,3538,2300,1238
2596,1998,12,3537,3485,52
2597,1997,3,600,0,600
2597,1997,4,19877,1200,18677
2597,1997,5,19941,8100,11841
2597,1997,6,29898,22200,7698
2597,1997,7,19994,20500,-506
2597,1997,8,20010,19670,340
2597,1997,9,20010,19570,440
2597,1997,10,20014,19290,724
2597,1997,11,20018,17470,2548
2597,1997,12,29941,30510,-569
2597,1998,1,19978,35950,-15972
2597,1998,2,19956,17770,2186
2597,1998,3,19972,17030,2942
2597,1998,4,19966,23610,-3644
2597,1998,5,19957,19970,-13
2597,1998,6,29902,30410,-508
2597,1998,7,19950,20470,-520
2597,1998,8,19941,23490,-3549
2597,1998,9,19928,20670,-742
2597,1998,10,19933,18370,1563
2597,1998,11,19934,19230,704
2597,1998,12,29859,30935,-1076
2598,1996,3,900,0,900
2598,1996,4,57446,5500,51946
2598,1996,5,32547,28200,4347
2598,1996,6,118094,95315,22779
2598,1996,7,314,30202,-29888
2598,1996,8,29531,10215,19316
2598,1996,9,220,42916,-42696
2598,1996,10,13257,26048,-12791
2598,1996,11,55732,31799,23933
2598,1996,12,81443,24099,57344
2598,1997,1,161,88744,-88583
2598,1997,2,35704,3615,32089
2598,1997,3,61217,28656,32561
2598,1997,4,39509,17015,22494
2598,1997,5,251,53252,-53001
2598,1997,6,374,42236,-41862
2598,1997,7,18402,27,18375
2598,1997,8,28412,36061,-7649
2598,1997,9,11240,10852,388
2598,1997,10,14243,15,14228
2598,1997,11,8701,15,8686
2598,1997,12,9489,37695,-28206
2598,1998,1,86065,55215,30850
2598,1998,2,5648,15,5633
2598,1998,3,67364,15,67349
2598,1998,4,32275,42815,-10540
2598,1998,5,10074,24615,-14541
2598,1998,6,328,32715,-32387
2598,1998,7,71443,30215,41228
2598,1998,8,117752,135715,-17963
2598,1998,9,203715,200915,2800
2598,1998,10,107845,108715,-870
2598,1998,11,51585,65315,-13730
2598,1998,12,50215,4200,46015
2599,1993,4,600,0,600
2599,1993,5,10300,0,10300
2599,1993,6,9200,0,9200
2599,1993,7,2400,0,2400
2599,1993,8,0,1300,-1300
2599,1993,9,3800,0,3800
2599,1993,10,0,2100,-2100
2599,1993,11,0,600,-600
2599,1993,12,0,400,-400
2599,1994,1,700,0,700
2599,1994,2,2200,0,2200
2599,1994,3,53037,12400,40637
2599,1994,4,272,18800,-18528
2599,1994,5,24860,21900,2960
2599,1994,6,72967,53315,19652
2599,1994,7,31757,65092,-33335
2599,1994,8,2986,21515,-18529
2599,1994,9,10161,15615,-5454
2599,1994,10,14461,10815,3646
2599,1994,11,77050,17115,59935
2599,1994,12,194,41983,-41789
2599,1995,1,29457,30415,-958
2599,1995,2,94,14515,-14421
2599,1995,3,11709,12415,-706
2599,1995,4,15216,16115,-899
2599,1995,5,16876,14715,2161
2599,1995,6,17033,14415,2618
2599,1995,7,5660,15415,-9755
2599,1995,8,12239,15315,-3076
2599,1995,9,12435,13115,-680
2599,1995,10,10129,11615,-1486
2599,1995,11,15231,13315,1916
2599,1995,12,12836,12615,221
2599,1996,1,10915,17115,-6200
2599,1996,2,15721,12415,3306
2599,1996,3,17340,12915,4425
2599,1996,4,11242,11015,227
2599,1996,5,62193,12115,50078
2599,1996,6,159,24615,-24456
2599,1996,7,6113,15315,-9202
2599,1996,8,31953,12515,19438
2599,1996,9,92,27565,-27473
2599,1996,10,58768,39415,19353
2599,1996,11,8158,15,8143
2599,1996,12,7489,14315,-6826
2599,1997,1,8459,16015,-7556
2599,1997,2,16631,13115,3516
2599,1997,3,11943,17915,-5972
2599,1997,4,11419,12115,-696
2599,1997,5,115,12015,-11900
2599,1997,6,12868,15,12853
2599,1997,7,4620,15,4605
2599,1997,8,13537,15215,-1678
2599,1997,9,12728,16715,-3987
2599,1997,10,112,11515,-11403
2599,1997,11,66,15,51
2599,1997,12,66,15,51
2599,1998,1,66781,49115,17666
2599,1998,2,30884,23115,7769
2599,1998,3,75487,49615,25872
2599,1998,4,5835,27115,-21280
2599,1998,5,130973,79115,51858
2599,1998,6,35517,87443,-51926
2599,1998,7,5281,11315,-6034
2599,1998,8,16862,12415,4447
2599,1998,9,33773,26615,7158
2599,1998,10,107124,44415,62709
2599,1998,11,49590,91315,-41725
2599,1998,12,114485,64000,50485
2600,1996,2,1000,0,1000
2600,1996,3,101284,17800,83484
2600,1996,4,33929,29215,4714
2600,1996,5,18337,33394,-15057
2600,1996,6,113220,143094,-29874
2600,1996,7,90426,51794,38632
2600,1996,8,74863,63194,11669
2600,1996,9,79163,71494,7669
2600,1996,10,141415,174794,-33379
2600,1996,11,14246,22683,-8437
2600,1996,12,41191,39819,1372
2600,1997,1,95821,71694,24127
2600,1997,2,5936,50836,-44900
2600,1997,3,125244,93294,31950
2600,1997,4,24540,58453,-33913
2600,1997,5,47013,30894,16119
2600,1997,6,214,10494,-10280
2600,1997,7,48776,43994,4782
2600,1997,8,28118,11394,16724
2600,1997,9,199678,195908,3770
2600,1997,10,154,42546,-42392
2600,1997,11,26813,4394,22419
2600,1997,12,159,17994,-17835
2600,1998,1,4333,4394,-61
2600,1998,2,175126,100194,74932
2600,1998,3,82377,123394,-41017
2600,1998,4,111702,84544,27158
2600,1998,5,73415,100912,-27497
2600,1998,6,67056,56494,10562
2600,1998,7,172998,155094,17904
2600,1998,8,1168,55769,-54601
2600,1998,9,16215,13951,2264
2600,1998,10,1472,4394,-2922
2600,1998,11,9391,8094,1297
2600,1998,12,50553,6779,43774
2601,1996,11,200,0,200
2601,1996,12,10000,0,10000
2601,1997,1,7000,0,7000
2601,1997,2,0,700,-700
2601,1997,4,0,4500,-4500
2601,1997,5,3500,0,3500
2601,1997,6,2700,0,2700
2601,1997,7,0,700,-700
2601,1997,8,1200,0,1200
2601,1997,9,0,3000,-3000
2601,1997,10,0,3400,-3400
2601,1997,11,4100,0,4100
2601,1997,12,0,800,-800
2601,1998,1,700,0,700
2601,1998,2,300,0,300
2601,1998,3,0,2600,-2600
2601,1998,4,0,2300,-2300
2601,1998,5,500,0,500
2601,1998,6,1700,0,1700
2601,1998,7,0,1100,-1100
2601,1998,8,600,0,600
2601,1998,9,4000,0,4000
2601,1998,10,0,800,-800
2601,1998,11,3500,0,3500
2602,1996,6,300,0,300
2602,1996,7,18909,0,18909
2602,1996,8,11072,800,10272
2602,1996,9,11100,7600,3500
2602,1996,10,11113,8500,2613
2602,1996,11,11129,6515,4614
2602,1996,12,16622,15620,1002
2602,1997,1,11117,24780,-13663
2602,1997,2,13996,10100,3896
2602,1997,3,13803,17420,-3617
2602,1997,4,15810,6620,9190
2602,1997,5,11131,8220,2911
2602,1997,6,16582,41720,-25138
2602,1997,7,24348,5420,18928
2602,1997,8,18345,5420,12925
2602,1997,9,11170,8120,3050
2602,1997,10,11175,10720,455
2602,1997,11,11184,8120,3064
2602,1997,12,16679,14520,2159
2602,1998,1,11155,26200,-15045
2602,1998,2,14963,5420,9543
2602,1998,3,11179,9420,1759
2602,1998,4,11177,12220,-1043
2602,1998,5,11165,16280,-5115
2602,1998,6,16603,30380,-13777
2602,1998,7,15721,10100,5621
2602,1998,8,14851,5420,9431
2602,1998,9,11152,14400,-3248
2602,1998,10,11159,7080,4079
2602,1998,11,11177,6520,4657
2602,1998,12,16683,12885,3798
2603,1996,6,300,0,300
2603,1996,7,5416,0,5416
2603,1996,8,5416,0,5416
2603,1996,9,5416,0,5416
2603,1996,10,5416,0,5416
2603,1996,11,5493,3225,2268
2603,1996,12,5518,5675,-157
2603,1997,1,5500,14805,-9305
2603,1997,2,5484,3225,2259
2603,1997,3,5494,3225,2269
2603,1997,4,5503,4425,1078
2603,1997,5,5508,3225,2283
2603,1997,6,5498,9425,-3927
2603,1997,7,5494,5625,-131
2603,1997,8,5501,3225,2276
2603,1997,9,5509,3625,1884
2603,1997,10,5518,3225,2293
2603,1997,11,5527,3225,2302
2603,1997,12,5532,5535,-3
2603,1998,1,5502,18795,-13293
2603,1998,2,5481,3225,2256
2603,1998,3,5491,3225,2266
2603,1998,4,5500,3225,2275
2603,1998,5,5510,3225,2285
2603,1998,6,5516,5465,51
2603,1998,7,5516,4665,851
2603,1998,8,5523,3225,2298
2603,1998,9,5533,3225,2308
2603,1998,10,5542,3225,2317
2603,1998,11,5547,4925,622
2603,1998,12,5545,6110,-565
2604,1996,7,6895,0,6895
2604,1996,8,6202,0,6202
2604,1996,9,6202,0,6202
2604,1996,10,6202,0,6202
2604,1996,11,6266,8320,-2054
2604,1996,12,6274,10280,-4006
2604,1997,1,6232,13230,-6998
2604,1997,2,6231,3980,2251
2604,1997,3,6241,4380,1861
2604,1997,4,6247,5780,467
2604,1997,5,6248,6300,-52
2604,1997,6,6250,3980,2270
2604,1997,7,6260,3980,2280
2604,1997,8,6269,4180,2089
2604,1997,9,6276,7880,-1604
2604,1997,10,6271,4580,1691
2604,1997,11,6278,4780,1498
2604,1997,12,6282,5780,502
2604,1998,1,6272,9960,-3688
2604,1998,2,6271,3980,2291
2604,1998,3,6274,6540,-266
2604,1998,4,6279,3980,2299
2604,1998,5,6287,5340,947
2604,1998,6,6269,16660,-10391
2604,1998,7,6249,4780,1469
2604,1998,8,6256,3980,2276
2604,1998,9,6265,3980,2285
2604,1998,10,6275,3980,2295
2604,1998,11,6284,3980,2304
2604,1998,12,6281,7725,-1444
2605,1996,1,1000,0,1000
2605,1996,2,16922,0,16922
2605,1996,3,6458,1300,5158
2605,1996,4,6470,4500,1970
2605,1996,5,6480,4000,2480
2605,1996,6,9668,14960,-5292
2605,1996,7,9380,4260,5120
2605,1996,8,7184,10360,-3176
2605,1996,9,8687,4260,4427
2605,1996,10,6482,8860,-2378
2605,1996,11,7291,4260,3031
2605,1996,12,9681,8860,821
2605,1997,1,6454,23460,-17006
2605,1997,2,9343,4260,5083
2605,1997,3,6546,7160,-614
2605,1997,4,6439,8060,-1621
2605,1997,5,8151,4260,3891
2605,1997,6,9652,5260,4392
2605,1997,7,6469,7360,-891
2605,1997,8,6470,5760,710
2605,1997,9,6472,6260,212
2605,1997,10,6457,14460,-8003
2605,1997,11,6446,6060,386
2605,1997,12,9630,8360,1270
2605,1998,1,6736,10260,-3524
2605,1998,2,6432,5160,1272
2605,1998,3,6438,5560,878
2605,1998,4,8735,8760,-25
2605,1998,5,6440,8360,-1920
2605,1998,6,11814,10760,1054
2605,1998,7,8939,4260,4679
2605,1998,8,7258,4760,2498
2605,1998,9,8569,4260,4309
2605,1998,10,6485,4560,1925
2605,1998,11,10097,4260,5837
2605,1998,12,9713,5745,3968
2606,1994,7,1100,0,1100
2606,1994,8,4499,0,4499
2606,1994,9,4499,0,4499
2606,1994,10,4499,0,4499
2606,1994,11,4499,0,4499
2606,1994,12,4577,3839,738
2606,1995,1,4570,11709,-7139
2606,1995,2,4561,2489,2072
2606,1995,3,4566,5289,-723
2606,1995,4,4566,2489,2077
2606,1995,5,4575,2489,2086
2606,1995,6,4575,4789,-214
2606,1995,7,4576,5449,-873
2606,1995,8,4578,5289,-711
2606,1995,9,4576,2489,2087
2606,1995,10,4585,2489,2096
2606,1995,11,4593,2489,2104
2606,1995,12,4600,3589,1011
2606,1996,1,4577,14719,-10142
2606,1996,2,4564,2489,2075
2606,1996,3,4573,2489,2084
2606,1996,4,4581,2489,2092
2606,1996,5,4590,2489,2101
2606,1996,6,4599,2489,2110
2606,1996,7,4608,2489,2119
2606,1996,8,4616,2489,2127
2606,1996,9,4625,2489,2136
2606,1996,10,4627,5049,-422
2606,1996,11,4627,3929,698
2606,1996,12,4625,6519,-1894
2606,1997,1,4597,18749,-14152
2606,1997,2,4568,2489,2079
2606,1997,3,4577,2489,2088
2606,1997,4,4586,2489,2097
2606,1997,5,4591,4569,22
2606,1997,6,4582,8409,-3827
2606,1997,7,4578,2489,2089
2606,1997,8,4583,3929,654
2606,1997,9,4590,2489,2101
2606,1997,10,4598,2489,2109
2606,1997,11,4605,6329,-1724
2606,1997,12,4598,3489,1109
2606,1998,1,4590,12119,-7529
2606,1998,2,4573,2489,2084
2606,1998,3,4575,6249,-1674
2606,1998,4,4575,2489,2086
2606,1998,5,4583,2489,2094
2606,1998,6,4592,2489,2103
2606,1998,7,4601,2489,2112
2606,1998,8,4609,2489,2120
2606,1998,9,4618,2489,2129
2606,1998,10,4619,4729,-110
2606,1998,11,4627,2489,2138
2606,1998,12,4629,4964,-335
2607,1997,8,200,0,200
2607,1997,9,13624,0,13624
2607,1997,10,10773,1900,8873
2607,1997,11,10803,5700,5103
2607,1997,12,16178,9100,7078
2607,1998,1,10817,28325,-17508
2607,1998,2,10777,10905,-128
2607,1998,3,10793,4585,6208
2607,1998,4,10806,9985,821
2607,1998,5,10802,20505,-9703
2607,1998,6,16136,8885,7251
2607,1998,7,10794,16745,-5951
2607,1998,8,10778,8045,2733
2607,1998,9,10782,10325,457
2607,1998,10,10790,7985,2805
2607,1998,11,10791,12085,-1294
2607,1998,12,16145,16110,35
2608,1995,8,9198,0,9198
2608,1995,9,13748,0,13748
2608,1995,10,12101,0,12101
2608,1995,11,8721,7500,1221
2608,1995,12,13004,15223,-2219
2608,1996,1,8698,17123,-8425
2608,1996,2,8690,4903,3787
2608,1996,3,8688,11203,-2515
2608,1996,4,8682,9563,-881
2608,1996,5,8676,10403,-1727
2608,1996,6,12961,10463,2498
2608,1996,7,8670,13603,-4933
2608,1996,8,8671,6003,2668
2608,1996,9,8667,12843,-4176
2608,1996,10,8662,7703,959
2608,1996,11,10577,4803,5774
2608,1996,12,12986,11783,1203
2608,1997,1,9188,15363,-6175
2608,1997,2,8673,4803,3870
2608,1997,3,8678,9803,-1125
2608,1997,4,8685,5803,2882
2608,1997,5,8693,8563,130
2608,1997,6,12993,11503,1490
2608,1997,7,8702,9703,-1001
2608,1997,8,8698,9003,-305
2608,1997,9,8697,8103,594
2608,1997,10,8691,12003,-3312
2608,1997,11,11876,9843,2033
2608,1997,12,12980,14183,-1203
2608,1998,1,8675,15363,-6688
2608,1998,2,8658,10103,-1445
2608,1998,3,8646,10203,-1557
2608,1998,4,11143,8643,2500
2608,1998,5,10162,4803,5359
2608,1998,6,12964,13423,-459
2608,1998,7,8674,8323,351
2608,1998,8,8677,8903,-226
2608,1998,9,8676,8303,373
2608,1998,10,8680,6403,2277
2608,1998,11,8678,14703,-6025
2608,1998,12,12963,5908,7055
2609,1993,5,1000,0,1000
2609,1993,6,9900,0,9900
2609,1993,7,76327,0,76327
2609,1993,8,62948,105400,-42452
2609,1993,9,229817,217305,12512
2609,1993,10,52239,61815,-9576
2609,1993,11,74833,46281,28552
2609,1993,12,123520,153015,-29495
2609,1994,1,13752,38938,-25186
2609,1994,2,12509,3115,9394
2609,1994,3,3127,8367,-5240
2609,1994,4,107,2115,-2008
2609,1994,5,43885,1715,42170
2609,1994,6,163,38290,-38127
2609,1994,7,116,815,-699
2609,1994,8,113,315,-202
2609,1994,9,111,3715,-3604
2609,1994,10,2797,15,2782
2609,1994,11,29652,22315,7337
2609,1994,12,32730,25615,7115
2609,1995,1,115569,100713,14856
2609,1995,2,48833,67315,-18482
2609,1995,3,139,14870,-14731
2609,1995,4,49669,34272,15397
2609,1995,5,155,9915,-9760
2609,1995,6,133899,100115,33784
2609,1995,7,219,27715,-27496
2609,1995,8,119641,113138,6503
2609,1995,9,69693,65209,4484
2609,1995,10,67419,27015,40404
2609,1995,11,93017,103765,-10748
2609,1995,12,30190,42315,-12125
2609,1996,1,42447,66215,-23768
2609,1996,2,159,10415,-10256
2609,1996,3,118,2415,-2297
2609,1996,4,38466,24227,14239
2609,1996,5,167,6315,-6148
2609,1996,6,80541,77515,3026
2609,1996,7,145,10915,-10770
2609,1996,8,76086,41015,35071
2609,1996,9,49471,70915,-21444
2609,1996,10,142,9926,-9784
2609,1996,11,17281,10475,6806
2609,1996,12,50066,12915,37151
2609,1997,1,186,45715,-45529
2609,1997,2,117,4015,-3898
2609,1997,3,55872,7515,48357
2609,1997,4,248,33032,-32784
2609,1997,5,38738,8715,30023
2609,1997,6,202,42915,-42713
2609,1997,7,913,15,898
2609,1997,8,116,2815,-2699
2609,1997,9,105,3315,-3210
2609,1997,10,92,2215,-2123
2609,1997,11,25975,14015,11960
2609,1997,12,132,5615,-5483
2609,1998,1,109,3615,-3506
2609,1998,2,95631,15915,79716
2609,1998,3,349,64234,-63885
2609,1998,4,159,9715,-9556
2609,1998,5,41901,8515,33386
2609,1998,6,37578,25115,12463
2609,1998,7,24753,64238,-39485
2609,1998,8,144,16715,-16571
2609,1998,9,21415,10053,11362
2609,1998,10,9886,15,9871
2609,1998,11,55240,44301,10939
2609,1998,12,31099,27500,3599
2610,1996,12,300,0,300
2610,1997,1,6858,0,6858
2610,1997,2,6858,0,6858
2610,1997,3,6858,0,6858
2610,1997,4,6897,4300,2597
2610,1997,5,6954,9697,-2743
2610,1997,6,6955,3297,3658
2610,1997,7,6962,7157,-195
2610,1997,8,6955,9997,-3042
2610,1997,9,6955,3457,3498
2610,1997,10,6956,9857,-2901
2610,1997,11,6952,5937,1015
2610,1997,12,6946,11757,-4811
2610,1998,1,6944,8897,-1953
2610,1998,2,6933,3557,3376
2610,1998,3,6943,5057,1886
2610,1998,4,6948,8557,-1609
2610,1998,5,6943,6177,766
2610,1998,6,6955,1857,5098
2610,1998,7,6968,5657,1311
2610,1998,8,6983,2257,4726
2610,1998,9,7001,1857,5144
2610,1998,10,7008,8037,-1029
2610,1998,11,7018,1857,5161
2610,1998,12,7035,5092,1943
2611,1996,3,15890,0,15890
2611,1996,4,19867,0,19867
2611,1996,5,15719,6300,9419
2611,1996,6,23546,8100,15446
2611,1996,7,15790,18415,-2625
2611,1996,8,15772,15115,657
2611,1996,9,15804,10015,5789
2611,1996,10,15819,13015,2804
2611,1996,11,15819,17015,-1196
2611,1996,12,23599,35515,-11916
2611,1997,1,15769,12915,2854
2611,1997,2,15783,15,15768
2611,1997,3,15836,34415,-18579
2611,1997,4,15832,14315,1517
2611,1997,5,15775,13215,2560
2611,1997,6,23557,21715,1842
2611,1997,7,15825,13815,2010
2611,1997,8,15836,15015,821
2611,1997,9,15834,13515,2319
2611,1997,10,15818,16815,-997
2611,1997,11,15812,12115,3697
2611,1997,12,23641,25115,-1474
2611,1998,1,15822,12315,3507
2611,1998,2,15837,11415,4422
2611,1998,3,15853,14415,1438
2611,1998,4,15859,13415,2444
2611,1998,5,15864,19815,-3951
2611,1998,6,23621,24715,-1094
2611,1998,7,15843,18815,-2972
2611,1998,8,15835,14415,1420
2611,1998,9,15838,21015,-5177
2611,1998,10,15830,13815,2015
2611,1998,11,15823,17915,-2092
2611,1998,12,23623,22300,1323
2612,1997,4,300,0,300
2612,1997,5,22604,300,22304
2612,1997,6,33994,15000,18994
2612,1997,7,22769,20400,2369
2612,1997,8,22778,21800,978
2612,1997,9,22778,30093,-7315
2612,1997,10,22768,18165,4603
2612,1997,11,22764,31015,-8251
2612,1997,12,34038,43557,-9519
2612,1998,1,23902,27015,-3113
2612,1998,2,22690,15415,7275
2612,1998,3,22718,18415,4303
2612,1998,4,22737,17915,4822
2612,1998,5,22754,20715,2039
2612,1998,6,34034,48315,-14281
2612,1998,7,22716,10515,12201
2612,1998,8,22775,24915,-2140
2612,1998,9,22749,25515,-2766
2612,1998,10,22747,12315,10432
2612,1998,11,22788,23515,-727
2612,1998,12,34113,38309,-4196
2613,1993,10,5301,0,5301
2613,1993,11,5007,0,5007
2613,1993,12,5007,0,5007
2613,1994,1,5007,0,5007
2613,1994,2,5047,3110,1937
2613,1994,3,5087,3110,1977
2613,1994,4,5092,5010,82
2613,1994,5,5094,5610,-516
2613,1994,6,5053,18990,-13937
2613,1994,7,5031,3110,1921
2613,1994,8,5041,3110,1931
2613,1994,9,5049,3110,1939
2613,1994,10,5057,3110,1947
2613,1994,11,5063,3110,1953
2613,1994,12,5063,7300,-2237
2613,1995,1,5046,8710,-3664
2613,1995,2,5045,4710,335
2613,1995,3,5050,4870,180
2613,1995,4,5048,5270,-222
2613,1995,5,5045,4630,415
2613,1995,6,5054,3110,1944
2613,1995,7,5062,3110,1952
2613,1995,8,5064,4410,654
2613,1995,9,5068,3110,1958
2613,1995,10,5076,3110,1966
2613,1995,11,5082,5410,-328
2613,1995,12,5084,3660,1424
2613,1996,1,5075,11510,-6435
2613,1996,2,5066,3110,1956
2613,1996,3,5072,3110,1962
2613,1996,4,5080,3110,1970
2613,1996,5,5086,3110,1976
2613,1996,6,5092,4860,232
2613,1996,7,5100,3110,1990
2613,1996,8,5101,4790,311
2613,1996,9,5110,3110,2000
2613,1996,10,5115,3110,2005
2613,1996,11,5119,8950,-3831
2613,1996,12,5104,5060,44
2613,1997,1,5095,11350,-6255
2613,1997,2,5079,4510,569
2613,1997,3,5087,3110,1977
2613,1997,4,5089,3510,1579
2613,1997,5,5084,8710,-3626
2613,1997,6,5072,8330,-3258
2613,1997,7,5066,4810,256
2613,1997,8,5069,5210,-141
2613,1997,9,5068,3110,1958
2613,1997,10,5079,3310,1769
2613,1997,11,5076,6410,-1334
2613,1997,12,5057,11160,-6103
2613,1998,1,5040,9510,-4470
2613,1998,2,5038,3110,1928
2613,1998,3,5047,3110,1937
2613,1998,4,5044,6610,-1566
2613,1998,5,5043,3110,1933
2613,1998,6,5051,3110,1941
2613,1998,7,5059,3110,1949
2613,1998,8,5072,3110,1962
2613,1998,9,5074,5210,-136
2613,1998,10,5063,9410,-4347
2613,1998,11,5061,3110,1951
2613,1998,12,5063,4445,618
2614,1996,9,4140,0,4140
2614,1996,10,3246,0,3246
2614,1996,11,3246,0,3246
2614,1996,12,3246,0,3246
2614,1997,1,3272,4615,-1343
2614,1997,2,3284,2167,1117
2614,1997,3,3289,2167,1122
2614,1997,4,3293,2167,1126
2614,1997,5,3298,2587,711
2614,1997,6,3301,2167,1134
2614,1997,7,3296,4867,-1571
2614,1997,8,3299,2167,1132
2614,1997,9,3304,2917,387
2614,1997,10,3303,2467,836
2614,1997,11,3299,4467,-1168
2614,1997,12,3282,7807,-4525
2614,1998,1,3283,3457,-174
2614,1998,2,3284,2167,1117
2614,1998,3,3278,4767,-1489
2614,1998,4,3283,2167,1116
2614,1998,5,3286,3517,-231
2614,1998,6,3287,2167,1120
2614,1998,7,3291,2167,1124
2614,1998,8,3296,2167,1129
2614,1998,9,3280,7467,-4187
2614,1998,10,3283,2167,1116
2614,1998,11,3288,2167,1121
2614,1998,12,3289,2752,537
2615,1994,7,400,0,400
2615,1994,8,17741,0,17741
2615,1994,9,10497,1800,8697
2615,1994,10,10520,7500,3020
2615,1994,11,10534,7200,3334
2615,1994,12,15750,12015,3735
2615,1995,1,10526,26915,-16389
2615,1995,2,10499,5915,4584
2615,1995,3,10506,10515,-9
2615,1995,4,10512,8115,2397
2615,1995,5,10515,11215,-700
2615,1995,6,15715,24815,-9100
2615,1995,7,10487,8315,2172
2615,1995,8,10496,6415,4081
2615,1995,9,10501,10715,-214
2615,1995,10,10522,13815,-3293
2615,1995,11,10509,3015,7494
2615,1995,12,15728,12815,2913
2615,1996,1,10478,28115,-17637
2615,1996,2,10474,2315,8159
2615,1996,3,10504,6015,4489
2615,1996,4,10510,10315,195
2615,1996,5,10515,8715,1800
2615,1996,6,15731,11415,4316
2615,1996,7,10527,13315,-2788
2615,1996,8,10514,13915,-3401
2615,1996,9,10532,4315,6217
2615,1996,10,10526,13815,-3289
2615,1996,11,10510,14415,-3905
2615,1996,12,15738,7515,8223
2615,1997,1,10496,29315,-18819
2615,1997,2,10468,1415,9053
2615,1997,3,10500,15,10485
2615,1997,4,10514,20215,-9701
2615,1997,5,10504,15,10489
2615,1997,6,15749,15,15734
2615,1997,7,10545,33715,-23170
2615,1997,8,10516,15,10501
2615,1997,9,10561,8215,2346
2615,1997,10,10558,34715,-24157
2615,1997,11,10469,15,10454
2615,1997,12,15755,1215,14540
2615,1998,1,10577,14315,-3738
2615,1998,2,10577,3015,7562
2615,1998,3,10589,15,10574
2615,1998,4,10610,48215,-37605
2615,1998,5,10476,15,10461
2615,1998,6,15730,3815,11915
2615,1998,7,10584,1815,8769
2615,1998,8,10586,43515,-32929
2615,1998,9,10468,15,10453
2615,1998,10,10512,15,10497
2615,1998,11,10555,15,10540
2615,1998,12,15841,600,15241
2616,1993,8,900,0,900
2616,1993,9,20930,0,20930
2616,1993,10,20404,7400,13004
2616,1993,11,20441,15400,5041
2616,1993,12,30617,20500,10117
2616,1994,1,20451,38123,-17672
2616,1994,2,20432,21663,-1231
2616,1994,3,20422,19203,1219
2616,1994,4,20432,19723,709
2616,1994,5,20423,21403,-980
2616,1994,6,30577,28723,1854
2616,1994,7,20431,19203,1228
2616,1994,8,20433,22863,-2430
2616,1994,9,20413,23703,-3290
2616,1994,10,20405,21503,-1098
2616,1994,11,20396,23403,-3007
2616,1994,12,30543,29783,760
2616,1995,1,20398,25443,-5045
2616,1995,2,20380,20123,257
2616,1995,3,20386,16703,3683
2616,1995,4,20390,20803,-413
2616,1995,5,20394,19003,1391
2616,1995,6,30555,31223,-668
2616,1995,7,20406,16603,3803
2616,1995,8,20419,17903,2516
2616,1995,9,20431,26183,-5752
2616,1995,10,20381,25703,-5322
2616,1995,11,24431,11323,13108
2616,1995,12,30624,17223,13401
2616,1996,1,20459,36703,-16244
2616,1996,2,20438,14903,5535
2616,1996,3,20446,22343,-1897
2616,1996,4,20431,22423,-1992
2616,1996,5,20436,17203,3233
2616,1996,6,30610,23703,6907
2616,1996,7,20448,26003,-5555
2616,1996,8,20430,39103,-18673
2616,1996,9,20391,16703,3688
2616,1996,10,20394,21863,-1469
2616,1996,11,20397,20063,334
2616,1996,12,30558,25003,5555
2616,1997,1,20397,31123,-10726
2616,1997,2,20378,13703,6675
2616,1997,3,20397,19823,574
2616,1997,4,20405,21603,-1198
2616,1997,5,20400,20303,97
2616,1997,6,30570,27783,2787
2616,1997,7,20401,24363,-3962
2616,1997,8,20391,20703,-312
2616,1997,9,20388,21803,-1415
2616,1997,10,20383,20203,180
2616,1997,11,20381,21563,-1182
2616,1997,12,30555,24863,5692
2616,1998,1,20392,25763,-5371
2616,1998,2,20374,21803,-1429
2616,1998,3,20374,18003,2371
2616,1998,4,20378,22303,-1925
2616,1998,5,20373,19203,1170
2616,1998,6,30517,31663,-1146
2616,1998,7,20370,20103,267
2616,1998,8,20365,23103,-2738
2616,1998,9,20356,20603,-247
2616,1998,10,20365,16723,3642
2616,1998,11,20389,8203,12186
2616,1998,12,30553,40888,-10335
2617,1993,9,400,0,400
2617,1993,10,3050,0,3050
2617,1993,11,3050,0,3050
2617,1993,12,3050,0,3050
2617,1994,1,3050,0,3050
2617,1994,2,3078,1455,1623
2617,1994,3,3112,2048,1064
2617,1994,4,3111,4748,-1637
2617,1994,5,3104,3638,-534
2617,1994,6,3107,2048,1059
2617,1994,7,3111,2048,1063
2617,1994,8,3116,2048,1068
2617,1994,9,3118,2738,380
2617,1994,10,3122,2048,1074
2617,1994,11,3126,2048,1078
2617,1994,12,3130,2768,362
2617,1995,1,3126,4508,-1382
2617,1995,2,3126,2048,1078
2617,1995,3,3131,2048,1083
2617,1995,4,3135,2048,1087
2617,1995,5,3140,2048,1092
2617,1995,6,3135,4898,-1763
2617,1995,7,3137,2048,1089
2617,1995,8,3135,4508,-1373
2617,1995,9,3136,2048,1088
2617,1995,10,3141,2048,1093
2617,1995,11,3145,2258,887
2617,1995,12,3147,2678,469
2617,1996,1,3150,2948,202
2617,1996,2,3151,2048,1103
2617,1996,3,3156,2048,1108
2617,1996,4,3160,2228,932
2617,1996,5,3164,2048,1116
2617,1996,6,3145,9218,-6073
2617,1996,7,3144,2048,1096
2617,1996,8,3148,2048,1100
2617,1996,9,3153,2048,1105
2617,1996,10,3155,3368,-213
2617,1996,11,3156,2048,1108
2617,1996,12,3158,3668,-510
2617,1997,1,3153,4508,-1355
2617,1997,2,3153,2048,1105
2617,1997,3,3158,2048,1110
2617,1997,4,3162,2048,1114
2617,1997,5,3164,3158,6
2617,1997,6,3136,10208,-7072
2617,1997,7,3137,2048,1089
2617,1997,8,3141,2648,493
2617,1997,9,3142,2918,224
2617,1997,10,3140,3518,-378
2617,1997,11,3143,2048,1095
2617,1997,12,3147,2858,289
2617,1998,1,3146,3818,-672
2617,1998,2,3145,2918,227
2617,1998,3,3147,2048,1099
2617,1998,4,3151,2048,1103
2617,1998,5,3156,2048,1108
2617,1998,6,3131,11798,-8667
2617,1998,7,3123,2798,325
2617,1998,8,3122,3218,-96
2617,1998,9,3122,2888,234
2617,1998,10,3122,3428,-306
2617,1998,11,3124,2048,1076
2617,1998,12,3128,2663,465
2618,1993,3,600,0,600
2618,1993,4,6559,0,6559
2618,1993,5,6559,0,6559
2618,1993,6,6559,0,6559
2618,1993,7,6606,200,6406
2618,1993,8,6677,4115,2562
2618,1993,9,6681,8258,-1577
2618,1993,10,6669,9398,-2729
2618,1993,11,6674,3238,3436
2618,1993,12,6681,7138,-457
2618,1994,1,6658,14418,-7760
2618,1994,2,6653,3438,3215
2618,1994,3,6665,4038,2627
2618,1994,4,6670,6738,-68
2618,1994,5,6665,10598,-3933
2618,1994,6,6661,3238,3423
2618,1994,7,6672,4738,1934
2618,1994,8,6670,9498,-2828
2618,1994,9,6665,5838,827
2618,1994,10,6659,10098,-3439
2618,1994,11,6651,6938,-287
2618,1994,12,6641,10518,-3877
2618,1995,1,6625,9718,-3093
2618,1995,2,6630,3238,3392
2618,1995,3,6645,3238,3407
2618,1995,4,6642,9118,-2476
2618,1995,5,6636,8258,-1622
2618,1995,6,6642,3238,3404
2618,1995,7,6643,7998,-1355
2618,1995,8,6632,8738,-2106
2618,1995,9,6634,8918,-2284
2618,1995,10,6632,3238,3394
2618,1995,11,6637,5598,1039
2618,1995,12,6639,6288,351
2618,1996,1,6621,12618,-5997
2618,1996,2,6625,3338,3287
2618,1996,3,6634,4738,1896
2618,1996,4,6639,5538,1101
2618,1996,5,6639,6838,-199
2618,1996,6,6635,7838,-1203
2618,1996,7,6630,7738,-1108
2618,1996,8,6630,6538,92
2618,1996,9,6629,7718,-1089
2618,1996,10,6624,7238,-614
2618,1996,11,6635,3238,3397
2618,1996,12,6644,12338,-5694
2618,1997,1,6620,6118,502
2618,1997,2,6627,3238,3389
2618,1997,3,6642,3238,3404
2618,1997,4,6656,3238,3418
2618,1997,5,6664,18438,-11774
2618,1997,6,6621,3238,3383
2618,1997,7,6630,4918,1712
2618,1997,8,6633,5558,1075
2618,1997,9,6644,4838,1806
2618,1997,10,6654,3238,3416
2618,1997,11,6668,3238,3430
2618,1997,12,6667,18838,-12171
2618,1998,1,6624,6198,426
2618,1998,2,6633,3238,3395
2618,1998,3,6647,3238,3409
2618,1998,4,6661,3238,3423
2618,1998,5,6659,18238,-11579
2618,1998,6,6627,3238,3389
2618,1998,7,6640,3638,3002
2618,1998,8,6654,3238,3416
2618,1998,9,6662,4598,2064
2618,1998,10,6671,4438,2233
2618,1998,11,6676,7638,-962
2618,1998,12,6678,4023,2655
2619,1996,5,1100,0,1100
2619,1996,6,22126,0,22126
2619,1996,7,11417,7600,3817
2619,1996,8,11428,9300,2128
2619,1996,9,11441,8100,3341
2619,1996,10,11444,11815,-371
2619,1996,11,11452,8069,3383
2619,1996,12,17129,11329,5800
2619,1997,1,11461,18309,-6848
2619,1997,2,11442,13869,-2427
2619,1997,3,11460,5669,5791
2619,1997,4,11478,7469,4009
2619,1997,5,11475,13769,-2294
2619,1997,6,17150,9469,7681
2619,1997,7,11493,15269,-3776
2619,1997,8,11460,19029,-7569
2619,1997,9,11461,10469,992
2619,1997,10,11469,9169,2300
2619,1997,11,11471,11469,2
2619,1997,12,17117,17229,-112
2619,1998,1,11425,26149,-14724
2619,1998,2,11420,7969,3451
2619,1998,3,11428,10409,1019
2619,1998,4,11409,19689,-8280
2619,1998,5,11396,10669,727
2619,1998,6,17063,12869,4194
2619,1998,7,11396,17169,-5773
2619,1998,8,11409,5469,5940
2619,1998,9,11427,11349,78
2619,1998,10,11430,10749,681
2619,1998,11,11436,5469,5967
2619,1998,12,17122,9614,7508
2620,1993,8,6301,0,6301
2620,1993,9,15051,0,15051
2620,1993,10,9599,0,9599
2620,1993,11,5918,3500,2418
2620,1993,12,8813,13255,-4442
2620,1994,1,12473,19470,-6997
2620,1994,2,5877,8310,-2433
2620,1994,3,10161,9390,771
2620,1994,4,6273,3870,2403
2620,1994,5,5883,3970,1913
2620,1994,6,10553,13310,-2757
2620,1994,7,7580,3870,3710
2620,1994,8,5894,5770,124
2620,1994,9,6395,3870,2525
2620,1994,10,5889,8850,-2961
2620,1994,11,5892,5770,122
2620,1994,12,13478,10110,3368
2620,1995,1,6386,15390,-9004
2620,1995,2,8362,7710,652
2620,1995,3,7574,3870,3704
2620,1995,4,6189,3870,2319
2620,1995,5,5883,9150,-3267
2620,1995,6,8782,5670,3112
2620,1995,7,5884,8010,-2126
2620,1995,8,5886,6070,-184
2620,1995,9,5883,7270,-1387
2620,1995,10,7478,5550,1928
2620,1995,11,5886,6970,-1084
2620,1995,12,8774,10210,-1436
2620,1996,1,8355,13950,-5595
2620,1996,2,5854,4970,884
2620,1996,3,5856,5870,-14
2620,1996,4,7061,3870,3191
2620,1996,5,5868,6670,-802
2620,1996,6,8768,4070,4698
2620,1996,7,5882,7270,-1388
2620,1996,8,5874,8370,-2496
2620,1996,9,5871,4770,1101
2620,1996,10,5870,8010,-2140
2620,1996,11,7371,3870,3501
2620,1996,12,8764,11550,-2786
2620,1997,1,9848,14190,-4342
2620,1997,2,5850,5070,780
2620,1997,3,8758,8550,208
2620,1997,4,8162,3870,4292
2620,1997,5,5872,4870,1002
2620,1997,6,8766,13630,-4864
2620,1997,7,7663,3870,3793
2620,1997,8,8481,3870,4611
2620,1997,9,5883,7470,-1587
2620,1997,10,5883,5170,713
2620,1997,11,10597,5070,5527
2620,1997,12,15027,6430,8597
2620,1998,1,11018,21750,-10732
2620,1998,2,12121,3870,8251
2620,1998,3,11253,3870,7383
2620,1998,4,9478,3870,5608
2620,1998,5,5984,6170,-186
2620,1998,6,8881,6170,2711
2620,1998,7,7305,3870,3435
2620,1998,8,6004,6870,-866
2620,1998,9,5994,8570,-2576
2620,1998,10,5979,13410,-7431
2620,1998,11,5968,5870,98
2620,1998,12,12781,4655,8126
2621,1995,10,200,0,200
2621,1995,11,15035,0,15035
2621,1995,12,8612,0,8612
2621,1996,1,4329,2400,1929
2621,1996,2,4337,3300,1037
2621,1996,3,4341,3815,526
2621,1996,4,4343,7934,-3591
2621,1996,5,4330,5034,-704
2621,1996,6,6446,6234,212
2621,1996,7,4327,5034,-707
2621,1996,8,4316,6354,-2038
2621,1996,9,4312,8234,-3922
2621,1996,10,4299,4634,-335
2621,1996,11,4296,6434,-2138
2621,1996,12,6406,6934,-528
2621,1997,1,4286,4734,-448
2621,1997,2,4284,4734,-450
2621,1997,3,4279,6254,-1975
2621,1997,4,4277,2834,1443
2621,1997,5,5585,2834,2751
2621,1997,6,6915,2834,4081
2621,1997,7,5510,9074,-3564
2621,1997,8,4292,5134,-842
2621,1997,9,5495,2834,2661
2621,1997,10,4295,7434,-3139
2621,1997,11,5092,2834,2258
2621,1997,12,6412,8194,-1782
2621,1998,1,4279,7034,-2755
2621,1998,2,6085,2834,3251
2621,1998,3,4289,5934,-1645
2621,1998,4,4287,3434,853
2621,1998,5,4286,5434,-1148
2621,1998,6,6394,8334,-1940
2621,1998,7,4279,2834,1445
2621,1998,8,4285,2834,1451
2621,1998,9,4290,2834,1456
2621,1998,10,4297,2834,1463
2621,1998,11,4303,2834,1469
2621,1998,12,6421,9259,-2838
2622,1996,8,300,0,300
2622,1996,9,16427,0,16427
2622,1996,10,10684,2500,8184
2622,1996,11,10713,5400,5313
2622,1996,12,16037,10400,5637
2622,1997,1,10715,32802,-22087
2622,1997,2,19370,12382,6988
2622,1997,3,18792,14682,4110
2622,1997,4,15107,18182,-3075
2622,1997,5,13499,18262,-4763
2622,1997,6,22205,10922,11283
2622,1997,7,16531,12182,4349
2622,1997,8,20763,13082,7681
2622,1997,9,16777,13382,3395
2622,1997,10,14395,14982,-587
2622,1997,11,10781,11982,-1201
2622,1997,12,16081,19202,-3121
2622,1998,1,22321,45742,-23421
2622,1998,2,23724,7082,16642
2622,1998,3,19752,13182,6570
2622,1998,4,11568,14282,-2714
2622,1998,5,17762,13682,4080
2622,1998,6,16592,12763,3829
2622,1998,7,11397,12763,-1366
2622,1998,8,12663,18643,-5980
2622,1998,9,11340,18403,-7063
2622,1998,10,17045,17323,-278
2622,1998,11,16757,12763,3994
2622,1998,12,16053,19088,-3035
2623,1993,10,4749,0,4749
2623,1993,11,12386,0,12386
2623,1993,12,7996,0,7996
2623,1994,1,5354,0,5354
2623,1994,2,4465,3815,650
2623,1994,3,4462,9866,-5404
2623,1994,4,4736,9866,-5130
2623,1994,5,8241,2906,5335
2623,1994,6,7524,2906,4618
2623,1994,7,4452,7866,-3414
2623,1994,8,4447,5426,-979
2623,1994,9,5351,2906,2445
2623,1994,10,4457,7066,-2609
2623,1994,11,4549,2906,1643
2623,1994,12,8124,7226,898
2623,1995,1,4529,18066,-13537
2623,1995,2,11018,2906,8112
2623,1995,3,8943,4946,3997
2623,1995,4,6458,2906,3552
2623,1995,5,6372,2906,3466
2623,1995,6,6656,3106,3550
2623,1995,7,4490,9446,-4956
2623,1995,8,4880,2906,1974
2623,1995,9,8181,5066,3115
2623,1995,10,4497,3306,1191
2623,1995,11,6996,6026,970
2623,1995,12,6679,5566,1113
2623,1996,1,11174,21506,-10332
2623,1996,2,11750,12266,-516
2623,1996,3,8869,2906,5963
2623,1996,4,5691,2906,2785
2623,1996,5,7199,6506,693
2623,1996,6,11348,17626,-6278
2623,1996,7,8475,5546,2929
2623,1996,8,4891,2906,1985
2623,1996,9,10099,6266,3833
2623,1996,10,5116,2906,2210
2623,1996,11,4519,7006,-2487
2623,1996,12,6780,7546,-766
2623,1997,1,15875,27626,-11751
2623,1997,2,10669,2906,7763
2623,1997,3,5593,7586,-1993
2623,1997,4,7389,2906,4483
2623,1997,5,12804,7346,5458
2623,1997,6,9599,8306,1293
2623,1997,7,11133,6386,4747
2623,1997,8,6956,2906,4050
2623,1997,9,4567,3506,1061
2623,1997,10,8270,6506,1764
2623,1997,11,4579,3106,1473
2623,1997,12,6749,7046,-297
2623,1998,1,9822,27186,-17364
2623,1998,2,10725,2906,7819
2623,1998,3,10636,9026,1610
2623,1998,4,9662,2906,6756
2623,1998,5,9579,7106,2473
2623,1998,6,13045,18506,-5461
2623,1998,7,8776,2906,5870
2623,1998,8,6796,2906,3890
2623,1998,9,4601,5066,-465
2623,1998,10,5204,3746,1458
2623,1998,11,8119,2906,5213
2623,1998,12,6795,7111,-316
2624,1996,3,400,0,400
2624,1996,4,26750,2200,24550
2624,1996,5,26849,13600,13249
2624,1996,6,40271,28600,11671
2624,1996,7,26946,23800,3146
2624,1996,8,26979,40259,-13280
2624,1996,9,26936,22959,3977
2624,1996,10,26948,27359,-411
2624,1996,11,26943,28859,-1916
2624,1996,12,40333,35059,5274
2624,1997,1,26919,51259,-24340
2624,1997,2,30354,20359,9995
2624,1997,3,26907,21659,5248
2624,1997,4,29789,41969,-12180
2624,1997,5,26884,14759,12125
2624,1997,6,40256,46879,-6623
2624,1997,7,26907,13659,13248
2624,1997,8,26949,21559,5390
2624,1997,9,26961,28261,-1300
2624,1997,10,26966,21059,5907
2624,1997,11,26981,25859,1122
2624,1997,12,40383,32559,7824
2624,1998,1,31174,47600,-16426
2624,1998,2,26945,42912,-15967
2624,1998,3,39222,14938,24284
2624,1998,4,37732,55984,-18252
2624,1998,5,44318,34801,9517
2624,1998,6,40348,53659,-13311
2624,1998,7,37828,17628,20200
2624,1998,8,26994,15159,11835
2624,1998,9,27022,23559,3463
2624,1998,10,26986,58054,-31068
2624,1998,11,27414,22506,4908
2624,1998,12,40368,17344,23024
2625,1996,7,45478,0,45478
2625,1996,8,50009,12248,37761
2625,1996,9,65354,98108,-32754
2625,1996,10,143,21737,-21594
2625,1996,11,69200,34873,34327
2625,1996,12,55191,35214,19977
2625,1997,1,28899,86196,-57297
2625,1997,2,31508,33192,-1684
2625,1997,3,36286,5608,30678
2625,1997,4,124437,122425,2012
2625,1997,5,60636,52638,7998
2625,1997,6,200,26508,-26308
2625,1997,7,67779,14208,53571
2625,1997,8,41209,69641,-28432
2625,1997,9,94631,82473,12158
2625,1997,10,30640,48508,-17868
2625,1997,11,106503,76033,30470
2625,1997,12,70742,109308,-38566
2625,1998,1,28903,48030,-19127
2625,1998,2,41718,10295,31423
2625,1998,3,86041,86508,-467
2625,1998,4,81501,88606,-7105
2625,1998,5,105856,77808,28048
2625,1998,6,116059,156499,-40440
2625,1998,7,48253,35324,12929
2625,1998,8,221,15108,-14887
2625,1998,9,8418,20259,-11841
2625,1998,10,94585,67808,26777
2625,1998,11,36332,31208,5124
2625,1998,12,240,9178,-8938
2627,1994,10,5439,0,5439
2627,1994,11,4845,0,4845
2627,1994,12,4845,0,4845
2627,1995,1,4845,0,4845
2627,1995,2,4887,576,4311
2627,1995,3,4931,6955,-2024
2627,1995,4,4923,3655,1268
2627,1995,5,4927,7755,-2828
2627,1995,6,4902,7605,-2703
2627,1995,7,4896,4795,101
2627,1995,8,4906,2155,2751
2627,1995,9,4917,2155,2762
2627,1995,10,4927,4955,-28
2627,1995,11,4918,8135,-3217
2627,1995,12,4913,4025,888
2627,1996,1,4903,11475,-6572
2627,1996,2,4892,2155,2737
2627,1996,3,4903,2155,2748
2627,1996,4,4913,3355,1558
2627,1996,5,4916,8555,-3639
2627,1996,6,4896,7675,-2779
2627,1996,7,4894,2155,2739
2627,1996,8,4898,6995,-2097
2627,1996,9,4896,2795,2101
2627,1996,10,4897,8155,-3258
2627,1996,11,4892,2155,2737
2627,1996,12,4890,10455,-5565
2627,1997,1,4878,3115,1763
2627,1997,2,4881,4555,326
2627,1997,3,4887,2875,2012
2627,1997,4,4897,2155,2742
2627,1997,5,4909,2155,2754
2627,1997,6,4920,2155,2765
2627,1997,7,4931,2155,2776
2627,1997,8,4943,2155,2788
2627,1997,9,4955,2155,2800
2627,1997,10,4965,5915,-950
2627,1997,11,4962,2155,2807
2627,1997,12,4971,3355,1616
2627,1998,1,4952,11665,-6713
2627,1998,2,4952,2155,2797
2627,1998,3,4964,2155,2809
2627,1998,4,4973,3115,1858
2627,1998,5,4983,2155,2828
2627,1998,6,4913,31455,-26542
2627,1998,7,4885,2155,2730
2627,1998,8,4896,2155,2741
2627,1998,9,4907,2155,2752
2627,1998,10,4913,5755,-842
2627,1998,11,4915,2155,2760
2627,1998,12,4917,5640,-723
2628,1994,2,119474,52300,67174
2628,1994,3,91344,87911,3433
2628,1994,4,53980,55694,-1714
2628,1994,5,33367,44741,-11374
2628,1994,6,34092,53800,-19708
2628,1994,7,47542,52181,-4639
2628,1994,8,38361,16400,21961
2628,1994,9,15739,32431,-16692
2628,1994,10,104305,43307,60998
2628,1994,11,56767,61200,-4433
2628,1994,12,81684,76600,5084
2628,1995,1,181,82700,-82519
2628,1995,2,94511,26397,68114
2628,1995,3,241,41149,-40908
2628,1995,4,75,40896,-40821
2628,1995,5,7421,9959,-2538
2628,1995,6,10329,2500,7829
2628,1995,7,36771,12900,23871
2628,1995,8,137,4100,-3963
2628,1995,9,120,4000,-3880
2628,1995,10,11000,23678,-12678
2628,1995,11,12952,13071,-119
2628,1995,12,13342,12701,641
2628,1996,1,114569,92500,22069
2628,1996,2,86181,79316,6865
2628,1996,3,42966,55623,-12657
2628,1996,4,60834,33800,27034
2628,1996,5,232,14000,-13768
2628,1996,6,43893,46900,-3007
2628,1996,7,33132,39121,-5989
2628,1996,8,5688,35073,-29385
2628,1996,9,120835,67021,53814
2628,1996,10,105158,96994,8164
2628,1996,11,61307,40093,21214
2628,1996,12,115513,163532,-48019
2628,1997,1,23976,48100,-24124
2628,1997,2,118020,91068,26952
2628,1997,3,38802,32600,6202
2628,1997,4,53497,46759,6738
2628,1997,5,7981,21900,-13919
2628,1997,6,40333,64781,-24448
2628,1997,7,59202,14900,44302
2628,1997,8,62360,21400,40960
2628,1997,9,48368,96900,-48532
2628,1997,10,26822,24500,2322
2628,1997,11,58208,62143,-3935
2628,1997,12,89524,47400,42124
2628,1998,1,227,56600,-56373
2628,1998,2,152,14800,-14648
2628,1998,3,31069,7300,23769
2628,1998,4,30179,24700,5479
2628,1998,5,198,24220,-24022
2628,1998,6,94,13312,-13218
2628,1998,7,1759,100,1659
2628,1998,8,6259,9304,-3045
2628,1998,9,7954,100,7854
2628,1998,10,85,1400,-1315
2628,1998,11,3760,14583,-10823
2628,1998,12,11247,12000,-753
2629,1996,9,19256,0,19256
2629,1996,10,18636,0,18636
2629,1996,11,18398,5900,12498
2629,1996,12,27555,15000,12555
2629,1997,1,18442,37355,-18913
2629,1997,2,18415,9215,9200
2629,1997,3,18436,17135,1301
2629,1997,4,18437,18715,-278
2629,1997,5,18439,20855,-2416
2629,1997,6,27511,31295,-3784
2629,1997,7,18384,22975,-4591
2629,1997,8,18397,16315,2082
2629,1997,9,18408,14915,3493
2629,1997,10,18416,17915,501
2629,1997,11,18420,17115,1305
2629,1997,12,27543,21315,6228
2629,1998,1,18373,38155,-19782
2629,1998,2,18354,19815,-1461
2629,1998,3,18373,12615,5758
2629,1998,4,18386,17315,1071
2629,1998,5,18376,25175,-6799
2629,1998,6,27463,38695,-11232
2629,1998,7,18333,11875,6458
2629,1998,8,18358,25315,-6957
2629,1998,9,18311,15615,2696
2629,1998,10,18320,23515,-5195
2629,1998,11,18300,17415,885
2629,1998,12,27418,3200,24218
2630,1995,12,400,0,400
2630,1996,1,22156,0,22156
2630,1996,2,19834,7300,12534
2630,1996,3,19870,17000,2870
2630,1996,4,19882,17500,2382
2630,1996,5,19882,23315,-3433
2630,1996,6,29725,36115,-6390
2630,1996,7,19849,19915,-66
2630,1996,8,19844,21115,-1271
2630,1996,9,19839,21115,-1276
2630,1996,10,19843,23615,-3772
2630,1996,11,19830,15515,4315
2630,1996,12,29707,29115,592
2630,1997,1,19839,30515,-10676
2630,1997,2,19820,9715,10105
2630,1997,3,19851,14115,5736
2630,1997,4,19856,22415,-2559
2630,1997,5,19850,20615,-765
2630,1997,6,29703,33515,-3812
2630,1997,7,19820,25015,-5195
2630,1997,8,19862,16515,3347
2630,1997,9,19843,13615,6228
2630,1997,10,19866,14515,5351
2630,1997,11,19857,23315,-3458
2630,1997,12,29752,17215,12537
2630,1998,1,19857,41515,-21658
2630,1998,2,19842,11215,8627
2630,1998,3,19854,21715,-1861
2630,1998,4,19843,21815,-1972
2630,1998,5,19846,17515,2331
2630,1998,6,29716,31615,-1899
2630,1998,7,19838,21015,-1177
2630,1998,8,19835,20415,-580
2630,1998,9,19824,23415,-3591
2630,1998,10,19818,20815,-997
2630,1998,11,19826,15415,4411
2630,1998,12,29688,25500,4188
2631,1996,3,900,0,900
2631,1996,4,3436,0,3436
2631,1996,5,3436,0,3436
2631,1996,6,3436,0,3436
2631,1996,7,3436,0,3436
2631,1996,8,3477,2140,1337
2631,1996,9,3505,2830,675
2631,1996,10,3509,2680,829
2631,1996,11,3512,2140,1372
2631,1996,12,3516,3650,-134
2631,1997,1,3512,5410,-1898
2631,1997,2,3509,2140,1369
2631,1997,3,3512,4510,-998
2631,1997,4,3511,2140,1371
2631,1997,5,3515,2860,655
2631,1997,6,3519,2140,1379
2631,1997,7,3523,3450,73
2631,1997,8,3525,2140,1385
2631,1997,9,3530,2940,590
2631,1997,10,3533,2650,883
2631,1997,11,3536,2840,696
2631,1997,12,3540,2470,1070
2631,1998,1,3542,4630,-1088
2631,1998,2,3540,2140,1400
2631,1998,3,3546,2140,1406
2631,1998,4,3552,2140,1412
2631,1998,5,3558,2140,1418
2631,1998,6,3559,4180,-621
2631,1998,7,3561,2140,1421
2631,1998,8,3567,2140,1427
2631,1998,9,3571,3490,81
2631,1998,10,3573,2140,1433
2631,1998,11,3579,3460,119
2631,1998,12,3579,2365,1214
2632,1993,1,15412,0,15412
2632,1993,2,19486,0,19486
2632,1993,3,14432,6900,7532
2632,1993,4,14456,9100,5356
2632,1993,5,14459,15557,-1098
2632,1993,6,21572,23298,-1726
2632,1993,7,14442,27198,-12756
2632,1993,8,14437,16398,-1961
2632,1993,9,14418,13198,1220
2632,1993,10,14422,12298,2124
2632,1993,11,14431,11998,2433
2632,1993,12,21586,18898,2688
2632,1994,1,14417,24098,-9681
2632,1994,2,14411,12298,2113
2632,1994,3,14419,12998,1421
2632,1994,4,14425,12798,1627
2632,1994,5,14426,12798,1628
2632,1994,6,21575,21898,-323
2632,1994,7,14435,13398,1037
2632,1994,8,14434,18298,-3864
2632,1994,9,14415,16598,-2183
2632,1994,10,14414,10498,3916
2632,1994,11,14425,14998,-573
2632,1994,12,21557,22598,-1041
2632,1995,1,14398,18798,-4400
2632,1995,2,14403,11098,3305
2632,1995,3,14415,12898,1517
2632,1995,4,14406,15998,-1592
2632,1995,5,14413,13398,1015
2632,1995,6,21521,25698,-4177
2632,1995,7,14400,12698,1702
2632,1995,8,14405,12798,1607
2632,1995,9,14409,14198,211
2632,1995,10,14395,20398,-6003
2632,1995,11,14383,14398,-15
2632,1995,12,21531,16398,5133
2632,1996,1,14374,28998,-14624
2632,1996,2,14353,8198,6155
2632,1996,3,14366,12898,1468
2632,1996,4,14372,14298,74
2632,1996,5,14374,12998,1376
2632,1996,6,21510,30598,-9088
2632,1996,7,14346,11098,3248
2632,1996,8,14361,9898,4463
2632,1996,9,14361,16998,-2637
2632,1996,10,14369,9498,4871
2632,1996,11,14368,19898,-5530
2632,1996,12,21506,15698,5808
2632,1997,1,14370,17198,-2828
2632,1997,2,14375,10298,4077
2632,1997,3,14389,13498,891
2632,1997,4,14389,15298,-909
2632,1997,5,14382,14798,-416
2632,1997,6,21515,17998,3517
2632,1997,7,14392,13798,594
2632,1997,8,14385,17298,-2913
2632,1997,9,14398,10298,4100
2632,1997,10,14418,7298,7120
2632,1997,11,14431,11898,2533
2632,1997,12,21584,16498,5086
2632,1998,1,14428,29498,-15070
2632,1998,2,14421,5298,9123
2632,1998,3,14444,10198,4246
2632,1998,4,14454,11898,2556
2632,1998,5,14472,13998,474
2632,1998,6,21607,19798,1809
2632,1998,7,14465,14198,267
2632,1998,8,14480,10498,3982
2632,1998,9,14483,14098,385
2632,1998,10,14486,13898,588
2632,1998,11,14490,13398,1092
2632,1998,12,21644,15683,5961
2633,1996,3,12662,0,12662
2633,1996,4,55669,23900,31769
2633,1996,5,185,11500,-11315
2633,1996,6,111966,128515,-16549
2633,1996,7,168894,101023,67871
2633,1996,8,348,28515,-28167
2633,1996,9,64996,34015,30981
2633,1996,10,57042,79015,-21973
2633,1996,11,12315,23415,-11100
2633,1996,12,47367,17715,29652
2633,1997,1,207,58758,-58551
2633,1997,2,98017,48915,49102
2633,1997,3,77111,71915,5196
2633,1997,4,80382,66515,13867
2633,1997,5,61792,90915,-29123
2633,1997,6,63791,42015,21776
2633,1997,7,69643,63215,6428
2633,1997,8,183583,211615,-28032
2633,1997,9,25070,4615,20455
2633,1997,10,90736,68915,21821
2633,1997,11,125918,123715,2203
2633,1997,12,45074,102576,-57502
2633,1998,1,118183,99221,18962
2633,1998,2,91368,70627,20741
2633,1998,3,96425,118415,-21990
2633,1998,4,53501,28463,25038
2633,1998,5,269,50215,-49946
2633,1998,6,48112,80215,-32103
2633,1998,7,11350,15,11335
2633,1998,8,44930,22515,22415
2633,1998,9,168579,154715,13864
2633,1998,10,62341,65215,-2874
2633,1998,11,171889,155815,16074
2633,1998,12,259,24390,-24131
2634,1997,10,600,0,600
2634,1997,11,21498,0,21498
2634,1997,12,30185,13800,16385
2634,1998,1,20188,19200,988
2634,1998,2,20205,15700,4505
2634,1998,3,20202,22015,-1813
2634,1998,4,20196,21755,-1559
2634,1998,5,20189,21615,-1426
2634,1998,6,30200,36495,-6295
2634,1998,7,20230,11275,8955
2634,1998,8,20271,215,20056
2634,1998,9,20318,10215,10103
2634,1998,10,20353,12315,8038
2634,1998,11,20374,15815,4559
2634,1998,12,30426,20920,9506
2635,1996,2,30860,0,30860
2635,1996,3,30276,3500,26776
2635,1996,4,30355,13000,17355
2635,1996,5,30390,24100,6290
2635,1996,6,45452,47615,-2163
2635,1996,7,30394,46360,-15966
2635,1996,8,30360,20289,10071
2635,1996,9,30373,28715,1658
2635,1996,10,30358,50444,-20086
2635,1996,11,30287,25515,4772
2635,1996,12,45435,38415,7020
2635,1997,1,30371,42715,-12344
2635,1997,2,30331,26715,3616
2635,1997,3,30283,42294,-12011
2635,1997,4,30251,22815,7436
2635,1997,5,30306,26515,3791
2635,1997,6,45901,69615,-23714
2635,1997,7,30260,19615,10645
2635,1997,8,30284,27215,3069
2635,1997,9,30301,30186,115
2635,1997,10,30258,24815,5443
2635,1997,11,30279,26815,3464
2635,1997,12,45326,39915,5411
2635,1998,1,30310,49380,-19070
2635,1998,2,30241,21415,8826
2635,1998,3,30333,26340,3993
2635,1998,4,30289,27415,2874
2635,1998,5,30305,23915,6390
2635,1998,6,45414,56296,-10882
2635,1998,7,30287,43872,-13585
2635,1998,8,30240,22211,8029
2635,1998,9,30292,21215,9077
2635,1998,10,30310,19115,11195
2635,1998,11,30354,30430,-76
2635,1998,12,45376,63940,-18564
2636,1996,11,600,0,600
2636,1996,12,4882,0,4882
2636,1997,1,4882,0,4882
2636,1997,2,4882,0,4882
2636,1997,3,4882,0,4882
2636,1997,4,4933,3455,1478
2636,1997,5,4975,4769,206
2636,1997,6,4974,5219,-245
2636,1997,7,4961,6869,-1908
2636,1997,8,4969,3269,1700
2636,1997,9,4969,4469,500
2636,1997,10,4972,9109,-4137
2636,1997,11,4947,6309,-1362
2636,1997,12,4952,5829,-877
2636,1998,1,4942,6949,-2007
2636,1998,2,4943,3269,1674
2636,1998,3,4950,3269,1681
2636,1998,4,4952,6369,-1417
2636,1998,5,4951,3269,1682
2636,1998,6,4958,3269,1689
2636,1998,7,4965,3269,1696
2636,1998,8,4972,3269,1703
2636,1998,9,4978,5829,-851
2636,1998,10,4971,6149,-1178
2636,1998,11,4964,6469,-1505
2636,1998,12,4964,3254,1710
2637,1997,1,18449,400,18049
2637,1997,2,17967,0,17967
2637,1997,3,18047,10000,8047
2637,1997,4,18101,9500,8601
2637,1997,5,18110,35115,-17005
2637,1997,6,27041,39809,-12768
2637,1997,7,18017,15569,2448
2637,1997,8,18033,15209,2824
2637,1997,9,18045,13109,4936
2637,1997,10,18061,19609,-1548
2637,1997,11,18057,15209,2848
2637,1997,12,27021,20649,6372
2637,1998,1,18067,24749,-6682
2637,1998,2,18064,18009,55
2637,1998,3,18061,16149,1912
2637,1998,4,18072,18009,63
2637,1998,5,18069,18689,-620
2637,1998,6,27031,38229,-11198
2637,1998,7,18025,12809,5216
2637,1998,8,18041,16909,1132
2637,1998,9,18041,20509,-2468
2637,1998,10,18026,23509,-5483
2637,1998,11,18006,20209,-2203
2637,1998,12,26990,5194,21796
2638,1994,6,31304,0,31304
2638,1994,7,20258,2900,17358
2638,1994,8,20306,26100,-5794
2638,1994,9,20260,18100,2160
2638,1994,10,20268,21215,-947
2638,1994,11,20288,23739,-3451
2638,1994,12,30344,25959,4385
2638,1995,1,20277,25759,-5482
2638,1995,2,20275,16799,3476
2638,1995,3,20289,21799,-1510
2638,1995,4,20283,18699,1584
2638,1995,5,20289,17699,2590
2638,1995,6,30358,29499,859
2638,1995,7,20295,23899,-3604
2638,1995,8,20279,21339,-1060
2638,1995,9,20277,21399,-1122
2638,1995,10,20276,16199,4077
2638,1995,11,20275,23039,-2764
2638,1995,12,30335,23199,7136
2638,1996,1,20260,37579,-17319
2638,1996,2,20238,13799,6439
2638,1996,3,20256,23979,-3723
2638,1996,4,20240,17699,2541
2638,1996,5,20257,15999,4258
2638,1996,6,30330,24299,6031
2638,1996,7,20280,24879,-4599
2638,1996,8,20274,18899,1375
2638,1996,9,20274,21099,-825
2638,1996,10,20273,19699,574
2638,1996,11,20273,20099,174
2638,1996,12,30325,29399,926
2638,1997,1,20267,23099,-2832
2638,1997,2,20262,19599,663
2638,1997,3,20268,19599,669
2638,1997,4,20275,16599,3676
2638,1997,5,20284,19599,685
2638,1997,6,30333,29299,1034
2638,1997,7,20277,25499,-5222
2638,1997,8,20264,20899,-635
2638,1997,9,20260,20199,61
2638,1997,10,20258,20999,-741
2638,1997,11,20246,23599,-3353
2638,1997,12,30298,26399,3899
2638,1998,1,20262,31399,-11137
2638,1998,2,24254,6299,17955
2638,1998,3,20275,24099,-3824
2638,1998,4,20286,23679,-3393
2638,1998,5,20288,17899,2389
2638,1998,6,30365,7899,22466
2638,1998,7,20350,24779,-4429
2638,1998,8,20347,15499,4848
2638,1998,9,20361,16999,3362
2638,1998,10,20374,17499,2875
2638,1998,11,20378,19199,1179
2638,1998,12,30453,19184,11269
2639,1993,4,800,0,800
2639,1993,5,24687,0,24687
2639,1993,6,36521,16900,19621
2639,1993,7,24455,23000,1455
2639,1993,8,24460,23400,1060
2639,1993,9,24475,23215,1260
2639,1993,10,24485,30748,-6263
2639,1993,11,24462,28948,-4486
2639,1993,12,36602,27848,8754
2639,1994,1,24462,35548,-11086
2639,1994,2,24434,24048,386
2639,1994,3,24439,21948,2491
2639,1994,4,24445,25548,-1103
2639,1994,5,24443,23848,595
2639,1994,6,36578,35348,1230
2639,1994,7,24449,22648,1801
2639,1994,8,24448,25648,-1200
2639,1994,9,24429,29248,-4819
2639,1994,10,24425,24448,-23
2639,1994,11,24428,21848,2580
2639,1994,12,36578,31248,5330
2639,1995,1,24437,35448,-11011
2639,1995,2,24409,22748,1661
2639,1995,3,24423,21448,2975
2639,1995,4,24412,28648,-4236
2639,1995,5,24411,25948,-1537
2639,1995,6,36575,44348,-7773
2639,1995,7,24380,18848,5532
2639,1995,8,24388,23048,1340
2639,1995,9,24386,26648,-2262
2639,1995,10,24390,21348,3042
2639,1995,11,24432,26848,-2416
2639,1995,12,36528,30948,5580
2639,1996,1,24386,31448,-7062
2639,1996,2,24417,8648,15769
2639,1996,3,24449,20648,3801
2639,1996,4,24453,25248,-795
2639,1996,5,24449,24948,-499
2639,1996,6,36589,44048,-7459
2639,1996,7,24433,18148,6285
2639,1996,8,24440,23048,1392
2639,1996,9,24449,23248,1201
2639,1996,10,24453,23648,805
2639,1996,11,24424,31248,-6824
2639,1996,12,36563,33348,3215
2639,1997,1,24410,42948,-18538
2639,1997,2,24385,16048,8337
2639,1997,3,24408,21448,2960
2639,1997,4,24387,27148,-2761
2639,1997,5,24402,22648,1754
2639,1997,6,36570,24148,12422
2639,1997,7,24442,28848,-4406
2639,1997,8,24432,26448,-2016
2639,1997,9,24416,28748,-4332
2639,1997,10,24407,25548,-1141
2639,1997,11,24408,23648,760
2639,1997,12,36572,45548,-8976
2639,1998,1,24382,29848,-5466
2639,1998,2,24395,8648,15747
2639,1998,3,24436,29448,-5012
2639,1998,4,24415,23348,1067
2639,1998,5,24438,21848,2590
2639,1998,6,36604,25548,11056
2639,1998,7,24496,24948,-452
2639,1998,8,24470,30348,-5878
2639,1998,9,24466,24348,118
2639,1998,10,24464,25848,-1384
2639,1998,11,24454,30248,-5794
2639,1998,12,36611,9133,27478
2640,1996,9,600,0,600
2640,1996,10,17104,0,17104
2640,1996,11,15772,2400,13372
2640,1996,12,23656,17200,6456
2640,1997,1,15834,15800,34
2640,1997,2,15841,16687,-846
2640,1997,3,15835,18687,-2852
2640,1997,4,15830,14587,1243
2640,1997,5,15838,12487,3351
2640,1997,6,23663,42287,-18624
2640,1997,7,22894,8887,14007
2640,1997,8,17642,10287,7355
2640,1997,9,16562,12287,4275
2640,1997,10,16890,8887,8003
2640,1997,11,15916,11087,4829
2640,1997,12,23788,18187,5601
2640,1998,1,19026,31587,-12561
2640,1998,2,18114,10787,7327
2640,1998,3,15934,13387,2547
2640,1998,4,16642,15187,1455
2640,1998,5,18045,16587,1458
2640,1998,6,29255,37687,-8432
2640,1998,7,15925,10787,5138
2640,1998,8,15939,13287,2652
2640,1998,9,15958,10287,5671
2640,1998,10,15970,14587,1383
2640,1998,11,15999,14787,1212
2640,1998,12,23814,25372,-1558
2641,1993,5,22192,0,22192
2641,1993,6,32626,0,32626
2641,1993,7,21672,35600,-13928
2641,1993,8,21604,16900,4704
2641,1993,9,21672,22241,-569
2641,1993,10,21667,25241,-3574
2641,1993,11,21640,23541,-1901
2641,1993,12,32380,26041,6339
2641,1994,1,21638,29741,-8103
2641,1994,2,21636,17641,3995
2641,1994,3,21652,20941,711
2641,1994,4,21640,26341,-4701
2641,1994,5,21637,18541,3096
2641,1994,6,32327,37941,-5614
2641,1994,7,21619,16741,4878
2641,1994,8,21634,21641,-7
2641,1994,9,21627,20541,1086
2641,1994,10,21642,17741,3901
2641,1994,11,21652,21541,111
2641,1994,12,32384,26341,6043
2641,1995,1,21657,29041,-7384
2641,1995,2,21644,20541,1103
2641,1995,3,21639,22541,-902
2641,1995,4,21645,21041,604
2641,1995,5,21652,17241,4411
2641,1995,6,32383,38241,-5858
2641,1995,7,21637,17341,4296
2641,1995,8,21649,20841,808
2641,1995,9,21655,20441,1214
2641,1995,10,21660,16941,4719
2641,1995,11,21671,20941,730
2641,1995,12,32411,27741,4670
2641,1996,1,21677,28241,-6564
2641,1996,2,21660,21541,119
2641,1996,3,21673,18141,3532
2641,1996,4,21687,16141,5546
2641,1996,5,21704,19741,1963
2641,1996,6,32417,41641,-9224
2641,1996,7,21673,19441,2232
2641,1996,8,21689,14741,6948
2641,1996,9,21701,20941,760
2641,1996,10,21712,17941,3771
2641,1996,11,21713,22341,-628
2641,1996,12,32439,29741,2698
2641,1997,1,21735,21541,194
2641,1997,2,21752,15341,6411
2641,1997,3,21763,21941,-178
2641,1997,4,21780,15141,6639
2641,1997,5,21804,16341,5463
2641,1997,6,32498,43441,-10943
2641,1997,7,21754,21941,-187
2641,1997,8,21769,18541,3228
2641,1997,9,21770,20341,1429
2641,1997,10,21799,16341,5458
2641,1997,11,21812,19941,1871
2641,1997,12,32522,27441,5081
2641,1998,1,21755,44441,-22686
2641,1998,2,21752,13441,8311
2641,1998,3,21780,19841,1939
2641,1998,4,21787,20241,1546
2641,1998,5,21791,21041,750
2641,1998,6,32480,47741,-15261
2641,1998,7,21734,15141,6593
2641,1998,8,21775,14541,7234
2641,1998,9,21801,15741,6060
2641,1998,10,21811,16641,5170
2641,1998,11,21825,21841,-16
2641,1998,12,32584,15226,17358
2642,1995,6,20285,0,20285
2642,1995,7,16216,0,16216
2642,1995,8,13059,4700,8359
2642,1995,9,13081,9000,4081
2642,1995,10,13074,19598,-6524
2642,1995,11,13032,21554,-8522
2642,1995,12,19475,15754,3721
2642,1996,1,15479,33534,-18055
2642,1996,2,12991,3914,9077
2642,1996,3,13012,12034,978
2642,1996,4,13034,14914,-1880
2642,1996,5,13037,12414,623
2642,1996,6,19447,21994,-2547
2642,1996,7,13015,10614,2401
2642,1996,8,13022,10614,2408
2642,1996,9,13035,11814,1221
2642,1996,10,13038,12414,624
2642,1996,11,13040,12614,426
2642,1996,12,19503,12714,6789
2642,1997,1,13024,28234,-15210
2642,1997,2,13011,6214,6797
2642,1997,3,13034,12294,740
2642,1997,4,13036,13614,-578
2642,1997,5,13023,12914,109
2642,1997,6,19447,26454,-7007
2642,1997,7,12999,14294,-1295
2642,1997,8,13000,9614,3386
2642,1997,9,13016,7214,5802
2642,1997,10,13033,12314,719
2642,1997,11,13033,13914,-881
2642,1997,12,19479,22714,-3235
2642,1998,1,12982,32434,-19452
2642,1998,2,12940,11294,1646
2642,1998,3,12947,10114,2833
2642,1998,4,12958,10514,2444
2642,1998,5,12935,17354,-4419
2642,1998,6,25452,32084,-6632
2642,1998,7,12920,10174,2746
2642,1998,8,12924,14214,-1290
2642,1998,9,12918,13814,-896
2642,1998,10,12917,12614,303
2642,1998,11,12910,15914,-3004
2642,1998,12,19357,18703,654
2644,1997,8,5601,0,5601
2644,1997,9,5007,0,5007
2644,1997,10,5007,0,5007
2644,1997,11,5007,0,5007
2644,1997,12,5060,2878,2182
2644,1998,1,5064,12422,-7358
2644,1998,2,5055,2702,2353
2644,1998,3,5068,3982,1086
2644,1998,4,5069,2702,2367
2644,1998,5,5073,5822,-749
2644,1998,6,5065,8442,-3377
2644,1998,7,5062,2702,2360
2644,1998,8,5071,3002,2069
2644,1998,9,5077,5182,-105
2644,1998,10,5080,2702,2378
2644,1998,11,5090,2702,2388
2644,1998,12,5103,3837,1266
2645,1993,5,600,0,600
2645,1993,6,21076,0,21076
2645,1993,7,11332,3800,7532
2645,1993,8,11356,8800,2556
2645,1993,9,11365,10200,1165
2645,1993,10,11378,9725,1653
2645,1993,11,11368,16202,-4834
2645,1993,12,16980,13502,3478
2645,1994,1,11368,12202,-834
2645,1994,2,11366,11602,-236
2645,1994,3,11360,15002,-3642
2645,1994,4,11349,12302,-953
2645,1994,5,11340,13302,-1962
2645,1994,6,16938,19602,-2664
2645,1994,7,13941,7502,6439
2645,1994,8,11347,12902,-1555
2645,1994,9,11351,9302,2049
2645,1994,10,11956,12202,-246
2645,1994,11,11353,11202,151
2645,1994,12,16975,15602,1373
2645,1995,1,16762,16202,560
2645,1995,2,14178,7502,6676
2645,1995,3,11392,10502,890
2645,1995,4,11396,16802,-5406
2645,1995,5,16495,7502,8993
2645,1995,6,17008,35802,-18794
2645,1995,7,17344,13702,3642
2645,1995,8,15166,7502,7664
2645,1995,9,13994,7502,6492
2645,1995,10,11402,12702,-1300
2645,1995,11,11390,13302,-1912
2645,1995,12,17009,13802,3207
2645,1996,1,11402,14702,-3300
2645,1996,2,11390,10302,1088
2645,1996,3,11403,7902,3501
2645,1996,4,11413,12702,-1289
2645,1996,5,11411,7902,3509
2645,1996,6,17035,36202,-19167
2645,1996,7,19568,10502,9066
2645,1996,8,11377,13602,-2225
2645,1996,9,11370,9102,2268
2645,1996,10,11376,10502,874
2645,1996,11,11386,8502,2884
2645,1996,12,17005,16102,903
2645,1997,1,12571,17502,-4931
2645,1997,2,11383,7502,3881
2645,1997,3,11381,12602,-1221
2645,1997,4,11389,9302,2087
2645,1997,5,11390,12502,-1112
2645,1997,6,17003,21002,-3999
2645,1997,7,11386,10202,1184
2645,1997,8,11378,15402,-4024
2645,1997,9,12163,13802,-1639
2645,1997,10,11958,11402,556
2645,1997,11,11364,8302,3062
2645,1997,12,16997,15002,1995
2645,1998,1,11380,12902,-1522
2645,1998,2,12279,7502,4777
2645,1998,3,11397,10202,1195
2645,1998,4,14500,9302,5198
2645,1998,5,11713,11602,111
2645,1998,6,23639,35202,-11563
2645,1998,7,11375,9602,1773
2645,1998,8,11384,8302,3082
2645,1998,9,11392,11502,-110
2645,1998,10,11385,17202,-5817
2645,1998,11,11359,17402,-6043
2645,1998,12,16972,9287,7685
2646,1997,7,1000,0,1000
2646,1997,8,12100,0,12100
2646,1997,9,49913,17500,32413
2646,1997,10,189,10400,-10211
2646,1997,11,82843,55800,27043
2646,1997,12,259,20000,-19741
2646,1998,1,259,12900,-12641
2646,1998,2,93229,21315,71914
2646,1998,3,18410,99054,-80644
2646,1998,4,42800,35317,7483
2646,1998,5,56258,45734,10524
2646,1998,6,135054,96675,38379
2646,1998,7,85902,91249,-5347
2646,1998,8,142442,141262,1180
2646,1998,9,57682,83275,-25593
2646,1998,10,47613,42849,4764
2646,1998,11,170,19575,-19405
2646,1998,12,52649,23260,29389
2647,1993,2,12450,0,12450
2647,1993,3,13707,0,13707
2647,1993,4,12155,1200,10955
2647,1993,5,12180,8500,3680
2647,1993,6,18187,30115,-11928
2647,1993,7,13558,5318,8240
2647,1993,8,12178,8718,3460
2647,1993,9,12173,13818,-1645
2647,1993,10,12159,16718,-4559
2647,1993,11,12153,11918,235
2647,1993,12,18170,16218,1952
2647,1994,1,12129,32218,-20089
2647,1994,2,18620,5818,12802
2647,1994,3,12146,7918,4228
2647,1994,4,12133,22418,-10285
2647,1994,5,13633,8318,5315
2647,1994,6,19322,29718,-10396
2647,1994,7,19031,5318,13713
2647,1994,8,12160,6818,5342
2647,1994,9,12184,6218,5966
2647,1994,10,12192,19118,-6926
2647,1994,11,12194,10118,2076
2647,1994,12,18207,15218,2989
2647,1995,1,20374,32318,-11944
2647,1995,2,12155,9618,2537
2647,1995,3,12166,10118,2048
2647,1995,4,12174,9918,2256
2647,1995,5,12183,9518,2665
2647,1995,6,22378,28018,-5640
2647,1995,7,12171,7218,4953
2647,1995,8,12191,7718,4473
2647,1995,9,12200,13418,-1218
2647,1995,10,12203,9118,3085
2647,1995,11,12216,8418,3798
2647,1995,12,18246,19318,-1072
2647,1996,1,14074,23118,-9044
2647,1996,2,12188,7718,4470
2647,1996,3,12207,8818,3389
2647,1996,4,12219,10818,1401
2647,1996,5,12222,10118,2104
2647,1996,6,24321,31318,-6997
2647,1996,7,12811,5318,7493
2647,1996,8,12231,12418,-187
2647,1996,9,13230,9818,3412
2647,1996,10,12237,18618,-6381
2647,1996,11,12221,9418,2803
2647,1996,12,18249,14718,3531
2647,1997,1,17613,22818,-5205
2647,1997,2,12226,8318,3908
2647,1997,3,12247,6318,5929
2647,1997,4,12263,10818,1445
2647,1997,5,12267,11518,749
2647,1997,6,18271,34618,-16347
2647,1997,7,21232,5318,15914
2647,1997,8,12470,9418,3052
2647,1997,9,14696,6518,8178
2647,1997,10,12827,5318,7509
2647,1997,11,12344,10818,1526
2647,1997,12,18368,12218,6150
2647,1998,1,13260,16218,-2958
2647,1998,2,12365,9618,2747
2647,1998,3,12369,18118,-5749
2647,1998,4,17571,8818,8753
2647,1998,5,17695,10218,7477
2647,1998,6,18398,25718,-7320
2647,1998,7,18316,5318,12998
2647,1998,8,12744,9618,3126
2647,1998,9,12467,5318,7149
2647,1998,10,38131,63618,-25487
2647,1998,11,32248,22418,9830
2647,1998,12,37588,29403,8185
2648,1993,4,400,0,400
2648,1993,5,13200,0,13200
2648,1993,6,6500,0,6500
2648,1993,8,3700,0,3700
2648,1993,9,26945,14700,12245
2648,1993,10,150,8000,-7850
2648,1993,11,650,0,650
2648,1993,12,150,4400,-4250
2648,1994,1,3584,0,3584
2648,1994,2,117,3200,-3083
2648,1994,3,1417,0,1417
2648,1994,4,117,2600,-2483
2648,1994,5,117,1200,-1083
2648,1994,6,117,2200,-2083
2648,1994,7,3617,0,3617
2648,1994,8,28478,14200,14278
2648,1994,9,161,5200,-5039
2648,1994,10,161,6300,-6139
2648,1994,11,161,500,-339
2648,1994,12,161,1500,-1339
2648,1995,1,961,0,961
2648,1995,2,42881,2800,40081
2648,1995,3,278,22500,-22222
2648,1995,4,278,11100,-10822
2648,1995,5,278,7200,-6922
2648,1995,6,278,3400,-3122
2648,1995,7,29375,2315,27060
2648,1995,8,209,17015,-16806
2648,1995,9,142,2515,-2373
2648,1995,10,341,2165,-1824
2648,1995,11,123,4665,-4542
2648,1995,12,2598,3315,-717
2648,1996,1,4200,7515,-3315
2648,1996,2,588,15,573
2648,1996,3,3091,15,3076
2648,1996,4,2603,2065,538
2648,1996,5,505,765,-260
2648,1996,6,104,1615,-1511
2648,1996,7,798,915,-117
2648,1996,8,395,2315,-1920
2648,1996,9,46540,21515,25025
2648,1996,10,192,10015,-9823
2648,1996,11,140,10765,-10625
2648,1996,12,16104,6515,9589
2648,1997,1,118,18815,-18697
2648,1997,2,2770,15,2755
2648,1997,3,81,4115,-4034
2648,1997,4,64,615,-551
2648,1997,5,3262,15,3247
2648,1997,6,3776,15,3761
2648,1997,7,1490,2065,-575
2648,1997,8,7122,15,7107
2648,1997,9,2018,15,2003
2648,1997,10,25668,3115,22553
2648,1997,11,201,10815,-10614
2648,1997,12,167,4715,-4548
2648,1998,1,3339,12715,-9376
2648,1998,2,718,15,703
2648,1998,3,42429,23215,19214
2648,1998,4,181,11265,-11084
2648,1998,5,153,3915,-3762
2648,1998,6,4218,12565,-8347
2648,1998,7,2304,2015,289
2648,1998,8,1104,15,1089
2648,1998,9,1409,865,544
2648,1998,10,34875,2815,32060
2648,1998,11,242,19115,-18873
2648,1998,12,0,1100,-1100
2649,1993,9,11464,0,11464
2649,1993,10,13016,0,13016
2649,1993,11,10557,1700,8857
2649,1993,12,15811,6100,9711
2649,1994,1,10584,29149,-18565
2649,1994,2,12133,13926,-1793
2649,1994,3,10531,10326,205
2649,1994,4,13548,6966,6582
2649,1994,5,10554,10166,388
2649,1994,6,15788,9766,6022
2649,1994,7,10577,11366,-789
2649,1994,8,10565,13286,-2721
2649,1994,9,10559,12166,-1607
2649,1994,10,10543,18606,-8063
2649,1994,11,12743,9006,3737
2649,1994,12,15884,6966,8918
2649,1995,1,14943,25866,-10923
2649,1995,2,10543,9606,937
2649,1995,3,13860,6966,6894
2649,1995,4,10561,11366,-805
2649,1995,5,10569,13066,-2497
2649,1995,6,15785,12186,3599
2649,1995,7,10578,7966,2612
2649,1995,8,12372,13566,-1194
2649,1995,9,10884,6966,3918
2649,1995,10,11986,16566,-4580
2649,1995,11,11081,6966,4115
2649,1995,12,15825,12166,3659
2649,1996,1,11781,20766,-8985
2649,1996,2,10674,9966,708
2649,1996,3,15971,11766,4205
2649,1996,4,13096,7806,5290
2649,1996,5,11418,7566,3852
2649,1996,6,18642,19486,-844
2649,1996,7,10831,6966,3865
2649,1996,8,10646,7166,3480
2649,1996,9,10651,12226,-1575
2649,1996,10,10754,6966,3788
2649,1996,11,10668,8666,2002
2649,1996,12,15901,11566,4335
2649,1997,1,10668,20846,-10178
2649,1997,2,10653,7366,3287
2649,1997,3,10663,13086,-2423
2649,1997,4,10654,8666,1988
2649,1997,5,10665,6966,3699
2649,1997,6,32822,49366,-16544
2649,1997,7,14919,6966,7953
2649,1997,8,10641,13046,-2405
2649,1997,9,14445,6966,7479
2649,1997,10,11066,6966,4100
2649,1997,11,10665,19686,-9021
2649,1997,12,15872,8666,7206
2649,1998,1,10660,15006,-4346
2649,1998,2,10656,7166,3490
2649,1998,3,10668,8166,2502
2649,1998,4,10669,12266,-1597
2649,1998,5,10874,6966,3908
2649,1998,6,30343,43766,-13423
2649,1998,7,16749,6966,9783
2649,1998,8,12881,6966,5915
2649,1998,9,10683,11826,-1143
2649,1998,10,10676,12526,-1850
2649,1998,11,11789,6966,4823
2649,1998,12,15923,11951,3972
2650,1996,3,800,0,800
2650,1996,4,20738,0,20738
2650,1996,5,17122,4400,12722
2650,1996,6,25683,14300,11383
2650,1996,7,17210,17100,110
2650,1996,8,17207,22375,-5168
2650,1996,9,17205,15478,1727
2650,1996,10,17211,15778,1433
2650,1996,11,17213,18278,-1065
2650,1996,12,25716,24598,1118
2650,1997,1,17185,24738,-7553
2650,1997,2,17188,11678,5510
2650,1997,3,17204,20238,-3034
2650,1997,4,17195,14978,2217
2650,1997,5,17202,13538,3664
2650,1997,6,25732,25398,334
2650,1997,7,17214,17678,-464
2650,1997,8,17206,19798,-2592
2650,1997,9,17203,15278,1925
2650,1997,10,17208,16478,730
2650,1997,11,17206,18158,-952
2650,1997,12,25730,17918,7812
2650,1998,1,17211,42318,-25107
2650,1998,2,26024,9738,16286
2650,1998,3,17211,10498,6713
2650,1998,4,17235,13178,4057
2650,1998,5,17244,16678,566
2650,1998,6,25715,51858,-26143
2650,1998,7,17465,4578,12887
2650,1998,8,17219,4578,12641
2650,1998,9,20160,10458,9702
2650,1998,10,17291,11098,6193
2650,1998,11,17306,14978,2328
2650,1998,12,25832,19883,5949
2651,1993,3,200,0,200
2651,1993,4,35974,6700,29274
2651,1993,5,36075,21200,14875
2651,1993,6,54109,35700,18409
2651,1993,7,36185,39000,-2815
2651,1993,8,36193,37079,-886
2651,1993,9,36178,59104,-22926
2651,1993,10,36104,40677,-4573
2651,1993,11,36096,25377,10719
2651,1993,12,54092,66689,-12597
2651,1994,1,36055,42476,-6421
2651,1994,2,36069,20177,15892
2651,1994,3,36105,40327,-4222
2651,1994,4,36071,49540,-13469
2651,1994,5,36043,33024,3019
2651,1994,6,54057,43277,10780
2651,1994,7,36061,48103,-12042
2651,1994,8,36071,19577,16494
2651,1994,9,36110,44983,-8873
2651,1994,10,36084,26077,10007
2651,1994,11,36158,12777,23381
2651,1994,12,54239,28077,26162
2651,1995,1,36230,72977,-36747
2651,1995,2,36174,24377,11797
2651,1995,3,36234,22677,13557
2651,1995,4,36225,49854,-13629
2651,1995,5,36195,44607,-8412
2651,1995,6,54178,31365,22813
2651,1995,7,36254,34977,1277
2651,1995,8,36206,51145,-14939
2651,1995,9,36196,31877,4319
2651,1995,10,36210,46877,-10667
2651,1995,11,36131,53796,-17665
2651,1995,12,54140,28272,25868
2651,1996,1,36129,56591,-20462
2651,1996,2,36141,30433,5708
2651,1996,3,36160,45240,-9080
2651,1996,4,36147,19977,16170
2651,1996,5,36161,33393,2768
2651,1996,6,54209,50924,3285
2651,1996,7,36202,34977,1225
2651,1996,8,36217,29777,6440
2651,1996,9,36225,35977,248
2651,1996,10,36227,59077,-22850
2651,1996,11,36227,36557,-330
2651,1996,12,54177,53195,982
2651,1997,1,41790,61591,-19801
2651,1997,2,36122,22277,13845
2651,1997,3,36136,42177,-6041
2651,1997,4,36153,29477,6676
2651,1997,5,36175,37456,-1281
2651,1997,6,54172,46177,7995
2651,1997,7,36160,45996,-9836
2651,1997,8,36120,45978,-9858
2651,1997,9,36090,41277,-5187
2651,1997,10,36097,27277,8820
2651,1997,11,36127,32877,3250
2651,1997,12,54143,44777,9366
2651,1998,1,36099,57306,-21207
2651,1998,2,36090,30077,6013
2651,1998,3,36095,42336,-6241
2651,1998,4,36086,33077,3009
2651,1998,5,36078,43846,-7768
2651,1998,6,54068,39577,14491
2651,1998,7,36107,41477,-5370
2651,1998,8,36086,40877,-4791
2651,1998,9,36064,40377,-4313
2651,1998,10,36088,10877,25211
2651,1998,11,36119,53177,-17058
2651,1998,12,54052,61262,-7210
2652,1996,7,900,0,900
2652,1996,8,22347,0,22347
2652,1996,9,21122,12900,8222
2652,1996,10,21155,14400,6755
2652,1996,11,21171,21300,-129
2652,1996,12,31714,31346,368
2652,1997,1,21131,39021,-17890
2652,1997,2,21124,12201,8923
2652,1997,3,21154,17501,3653
2652,1997,4,21166,18601,2565
2652,1997,5,21179,20401,778
2652,1997,6,31704,25501,6203
2652,1997,7,21193,24521,-3328
2652,1997,8,21191,19401,1790
2652,1997,9,21203,16701,4502
2652,1997,10,21225,14701,6524
2652,1997,11,21232,21801,-569
2652,1997,12,31746,30881,865
2652,1998,1,21220,37921,-16701
2652,1998,2,21175,19501,1674
2652,1998,3,21191,13301,7890
2652,1998,4,21198,22801,-1603
2652,1998,5,21196,20441,755
2652,1998,6,31714,57481,-25767
2652,1998,7,22090,8101,13989
2652,1998,8,21175,11101,10074
2652,1998,9,21195,18301,2894
2652,1998,10,21221,18901,2320
2652,1998,11,21196,25801,-4605
2652,1998,12,31728,24206,7522
2653,1997,1,23348,0,23348
2653,1997,2,23235,2300,20935
2653,1997,3,23292,13500,9792
2653,1997,4,23317,18500,4817
2653,1997,5,23323,25225,-1902
2653,1997,6,34861,35005,-144
2653,1997,7,23309,22905,404
2653,1997,8,23298,27205,-3907
2653,1997,9,23308,18805,4503
2653,1997,10,23322,21305,2017
2653,1997,11,23300,27305,-4005
2653,1997,12,34871,23405,11466
2653,1998,1,23301,40505,-17204
2653,1998,2,23288,19005,4283
2653,1998,3,23289,25205,-1916
2653,1998,4,23291,23205,86
2653,1998,5,23273,25205,-1932
2653,1998,6,34839,32405,2434
2653,1998,7,23288,24705,-1417
2653,1998,8,23279,33605,-10326
2653,1998,9,23306,16705,6601
2653,1998,10,23318,23605,-287
2653,1998,11,23308,23305,3
2653,1998,12,34894,8590,26304
2654,1994,7,900,0,900
2654,1994,8,6179,0,6179
2654,1994,9,6179,0,6179
2654,1994,10,6179,0,6179
2654,1994,11,6222,2100,4122
2654,1994,12,6279,5826,453
2654,1995,1,6265,14216,-7951
2654,1995,2,6251,3876,2375
2654,1995,3,6261,4276,1985
2654,1995,4,6270,3876,2394
2654,1995,5,6285,5236,1049
2654,1995,6,6282,5076,1206
2654,1995,7,6289,3876,2413
2654,1995,8,6287,9476,-3189
2654,1995,9,6287,7076,-789
2654,1995,10,6282,6276,6
2654,1995,11,6281,4616,1665
2654,1995,12,6284,5976,308
2654,1996,1,6269,14376,-8107
2654,1996,2,6251,7236,-985
2654,1996,3,6262,3876,2386
2654,1996,4,6271,3876,2395
2654,1996,5,6282,3876,2406
2654,1996,6,6278,6816,-538
2654,1996,7,6281,3876,2405
2654,1996,8,6299,3876,2423
2654,1996,9,6284,9016,-2732
2654,1996,10,6291,8216,-1925
2654,1996,11,6290,3876,2414
2654,1996,12,6289,5726,563
2654,1997,1,6258,16226,-9968
2654,1997,2,6251,3876,2375
2654,1997,3,6262,3876,2386
2654,1997,4,6272,3876,2396
2654,1997,5,6279,4976,1303
2654,1997,6,6283,15986,-9703
2654,1997,7,6255,3876,2379
2654,1997,8,6256,3876,2380
2654,1997,9,6257,7876,-1619
2654,1997,10,6268,3876,2392
2654,1997,11,6275,4876,1399
2654,1997,12,6259,10476,-4217
2654,1998,1,6248,9206,-2958
2654,1998,2,6245,3876,2369
2654,1998,3,6257,6876,-619
2654,1998,4,6252,5916,336
2654,1998,5,6251,6556,-305
2654,1998,6,6261,9776,-3515
2654,1998,7,6248,3876,2372
2654,1998,8,6246,4356,1890
2654,1998,9,6261,7676,-1415
2654,1998,10,6256,5376,880
2654,1998,11,6252,5776,476
2654,1998,12,6261,5311,950
2655,1996,9,72319,0,72319
2655,1996,10,11799,30700,-18901
2655,1996,11,30570,28500,2070
2655,1996,12,44787,43477,1310
2655,1997,1,36216,48743,-12527
2655,1997,2,16364,8943,7421
2655,1997,3,1138,25702,-24564
2655,1997,4,47156,4343,42813
2655,1997,5,205,33643,-33438
2655,1997,6,86,20374,-20288
2655,1997,7,7679,4343,3336
2655,1997,8,47284,24840,22444
2655,1997,9,131,16643,-16512
2655,1997,10,59252,6143,53109
2655,1997,11,38677,57972,-19295
2655,1997,12,41011,44743,-3732
2655,1998,1,5644,34043,-28399
2655,1998,2,102,4343,-4241
2655,1998,3,3193,5543,-2350
2655,1998,4,4575,4343,232
2655,1998,5,42292,21443,20849
2655,1998,6,159,12843,-12684
2655,1998,7,21468,11743,9725
2655,1998,8,40330,26143,14187
2655,1998,9,193,14743,-14550
2655,1998,10,36763,25261,11502
2655,1998,11,190,12343,-12153
2655,1998,12,135,8528,-8393
2656,1997,2,900,0,900
2656,1997,3,5046,0,5046
2656,1997,4,5046,0,5046
2656,1997,5,5046,0,5046
2656,1997,6,5046,0,5046
2656,1997,7,5050,15,5035
2656,1997,8,5159,3222,1937
2656,1997,9,5163,5042,121
2656,1997,10,5170,2342,2828
2656,1997,11,5170,6462,-1292
2656,1997,12,5168,5842,-674
2656,1998,1,5138,18482,-13344
2656,1998,2,5112,5262,-150
2656,1998,3,5117,2142,2975
2656,1998,4,5127,3342,1785
2656,1998,5,5128,6042,-914
2656,1998,6,5133,2242,2891
2656,1998,7,5145,5642,-497
2656,1998,8,5138,4142,996
2656,1998,9,5143,5102,41
2656,1998,10,5148,2142,3006
2656,1998,11,5160,2142,3018
2656,1998,12,5173,2127,3046
2657,1996,10,4695,0,4695
2657,1996,11,4301,0,4301
2657,1996,12,4301,0,4301
2657,1997,1,4301,0,4301
2657,1997,2,4322,6575,-2253
2657,1997,3,4351,2189,2162
2657,1997,4,4360,2189,2171
2657,1997,5,4362,4829,-467
2657,1997,6,4365,3869,496
2657,1997,7,4368,3389,979
2657,1997,8,4373,2189,2184
2657,1997,9,4382,2189,2193
2657,1997,10,4392,2189,2203
2657,1997,11,4401,2189,2212
2657,1997,12,4410,2589,1821
2657,1998,1,4397,14399,-10002
2657,1998,2,4376,2189,2187
2657,1998,3,4385,2189,2196
2657,1998,4,4394,2189,2205
2657,1998,5,4403,2189,2214
2657,1998,6,4386,11239,-6853
2657,1998,7,4379,3789,590
2657,1998,8,4386,2189,2197
2657,1998,9,4395,2189,2206
2657,1998,10,4396,7869,-3473
2657,1998,11,4390,2189,2201
2657,1998,12,4398,3124,1274
2658,1997,11,1000,0,1000
2658,1997,12,3406,0,3406
2658,1998,1,3406,0,3406
2658,1998,2,3406,0,3406
2658,1998,3,3406,0,3406
2658,1998,4,3461,4175,-714
2658,1998,5,3469,2285,1184
2658,1998,6,3473,3365,108
2658,1998,7,3476,2285,1191
2658,1998,8,3479,2285,1194
2658,1998,9,3484,2285,1199
2658,1998,10,3489,2285,1204
2658,1998,11,3494,2915,579
2658,1998,12,3497,2900,597
2659,1996,3,600,0,600
2659,1996,4,15708,0,15708
2659,1996,5,7274,500,6774
2659,1996,6,10904,4000,6904
2659,1996,7,7327,7700,-373
2659,1996,8,7336,6915,421
2659,1996,9,7333,10055,-2722
2659,1996,10,7318,5615,1703
2659,1996,11,7327,3415,3912
2659,1996,12,10945,9195,1750
2659,1997,1,7639,20255,-12616
2659,1997,2,9703,15,9688
2659,1997,3,7338,4315,3023
2659,1997,4,7349,5715,1634
2659,1997,5,7351,12835,-5484
2659,1997,6,11151,5655,5496
2659,1997,7,7354,7715,-361
2659,1997,8,7355,6015,1340
2659,1997,9,7359,7015,344
2659,1997,10,7365,7655,-290
2659,1997,11,7359,8195,-836
2659,1997,12,10980,8315,2665
2659,1998,1,13831,27535,-13704
2659,1998,2,9224,15,9209
2659,1998,3,7354,3215,4139
2659,1998,4,7372,3015,4357
2659,1998,5,7378,10215,-2837
2659,1998,6,10979,8635,2344
2659,1998,7,7381,6815,566
2659,1998,8,7389,7235,154
2659,1998,9,9086,8415,671
2659,1998,10,7400,1015,6385
2659,1998,11,7416,5815,1601
2659,1998,12,11007,17600,-6593
2660,1993,10,300,0,300
2660,1993,11,10300,0,10300
2660,1993,12,9100,0,9100
2660,1994,1,1000,0,1000
2660,1994,2,1800,0,1800
2660,1994,3,0,1400,-1400
2660,1994,4,900,0,900
2660,1994,5,7804,5400,2404
2660,1994,6,8846,2400,6446
2660,1994,7,128,7000,-6872
2660,1994,8,14244,1100,13144
2660,1994,9,154,6900,-6746
2660,1994,10,111493,32330,79163
2660,1994,11,290,58630,-58340
2660,1994,12,71050,47930,23120
2660,1995,1,126,55030,-54904
2660,1995,2,33,16130,-16097
2660,1995,3,66525,4530,61995
2660,1995,4,210,34730,-34520
2660,1995,5,39869,34930,4939
2660,1995,6,63,28130,-28067
2660,1995,7,35505,24038,11467
2660,1995,8,28863,9630,19233
2660,1995,9,106,30730,-30624
2660,1995,10,4010,16664,-12654
2660,1995,11,22161,14853,7308
2660,1995,12,19714,30,19684
2660,1996,1,132608,100430,32178
2660,1996,2,7873,53830,-45957
2660,1996,3,28766,29704,-938
2660,1996,4,22408,26530,-4122
2660,1996,5,38502,12271,26231
2660,1996,6,117376,59290,58086
2660,1996,7,167,54530,-54363
2660,1996,8,48299,44631,3668
2660,1996,9,31058,25030,6028
2660,1996,10,74013,81941,-7928
2660,1996,11,68763,59830,8933
2660,1996,12,87486,89630,-2144
2660,1997,1,54550,79130,-24580
2660,1997,2,6371,11530,-5159
2660,1997,3,128772,102965,25807
2660,1997,4,78754,79530,-776
2660,1997,5,131830,101059,30771
2660,1997,6,66834,111830,-44996
2660,1997,7,39753,30963,8790
2660,1997,8,74463,56130,18333
2660,1997,9,74452,84882,-10430
2660,1997,10,69768,68792,976
2660,1997,11,145892,105630,40262
2660,1997,12,45332,89930,-44598
2660,1998,1,46048,61230,-15182
2660,1998,2,90141,66499,23642
2660,1998,3,161,27003,-26842
2660,1998,4,40921,40981,-60
2660,1998,5,120185,67328,52857
2660,1998,6,20845,78130,-57285
2660,1998,7,141674,64792,76882
2660,1998,8,108609,157930,-49321
2660,1998,9,64453,35030,29423
2660,1998,10,105782,118041,-12259
2660,1998,11,8816,42030,-33214
2660,1998,12,45711,42700,3011
2661,1997,2,800,0,800
2661,1997,3,15586,0,15586
2661,1997,4,8547,2500,6047
2661,1997,5,8568,8800,-232
2661,1997,6,12804,12600,204
2661,1997,7,8568,8315,253
2661,1997,8,8573,10519,-1946
2661,1997,9,8570,5179,3391
2661,1997,10,9373,8619,754
2661,1997,11,8583,8079,504
2661,1997,12,12821,16899,-4078
2661,1998,1,11045,18819,-7774
2661,1998,2,13146,4779,8367
2661,1998,3,8569,9479,-910
2661,1998,4,8562,12619,-4057
2661,1998,5,8550,7979,571
2661,1998,6,12797,13039,-242
2661,1998,7,8551,7979,572
2661,1998,8,8554,7179,1375
2661,1998,9,8553,11219,-2666
2661,1998,10,8543,11919,-3376
2661,1998,11,9340,4779,4561
2661,1998,12,12794,9244,3550
2662,1994,5,600,0,600
2662,1994,6,5500,0,5500
2662,1994,7,5500,0,5500
2662,1994,8,5500,0,5500
2662,1994,9,5500,0,5500
2662,1994,10,5535,4895,640
2662,1994,11,5602,5480,122
2662,1994,12,5599,6740,-1141
2662,1995,1,5574,15340,-9766
2662,1995,2,5558,3640,1918
2662,1995,3,5566,3640,1926
2662,1995,4,5574,3640,1934
2662,1995,5,5581,4680,901
2662,1995,6,5583,5590,-7
2662,1995,7,5586,3640,1946
2662,1995,8,5594,3640,1954
2662,1995,9,5602,3640,1962
2662,1995,10,5610,3640,1970
2662,1995,11,5618,3640,1978
2662,1995,12,5622,4940,682
2662,1996,1,5599,14510,-8911
2662,1996,2,5592,3640,1952
2662,1996,3,5588,7320,-1732
2662,1996,4,5593,3640,1953
2662,1996,5,5598,6840,-1242
2662,1996,6,5589,8740,-3151
2662,1996,7,5582,4440,1142
2662,1996,8,5588,3640,1948
2662,1996,9,5595,4360,1235
2662,1996,10,5594,6200,-606
2662,1996,11,5598,3640,1958
2662,1996,12,5605,4890,715
2662,1997,1,5587,15690,-10103
2662,1997,2,5567,3640,1927
2662,1997,3,5575,3640,1935
2662,1997,4,5583,3640,1943
2662,1997,5,5591,3640,1951
2662,1997,6,5581,11240,-5659
2662,1997,7,5576,3640,1936
2662,1997,8,5584,3640,1944
2662,1997,9,5592,3640,1952
2662,1997,10,5600,3640,1960
2662,1997,11,5608,3640,1968
2662,1997,12,5613,4340,1273
2662,1998,1,5596,17810,-12214
2662,1998,2,5570,3640,1930
2662,1998,3,5571,6280,-709
2662,1998,4,5575,3640,1935
2662,1998,5,5576,5800,-224
2662,1998,6,5582,3640,1942
2662,1998,7,5590,3640,1950
2662,1998,8,5598,3640,1958
2662,1998,9,5607,4440,1167
2662,1998,10,5610,4840,770
2662,1998,11,5614,3640,1974
2662,1998,12,5619,4625,994
2663,1995,1,700,0,700
2663,1995,2,6362,0,6362
2663,1995,3,6362,0,6362
2663,1995,4,6362,0,6362
2663,1995,5,6385,2100,4285
2663,1995,6,6457,11115,-4658
2663,1995,7,6439,9732,-3293
2663,1995,8,6435,3892,2543
2663,1995,9,6446,3892,2554
2663,1995,10,6456,3892,2564
2663,1995,11,6463,6612,-149
2663,1995,12,6463,9012,-2549
2663,1996,1,6440,9252,-2812
2663,1996,2,6443,4592,1851
2663,1996,3,6450,5652,798
2663,1996,4,6449,6452,-3
2663,1996,5,6455,3892,2563
2663,1996,6,6450,9732,-3282
2663,1996,7,6452,3892,2560
2663,1996,8,6463,3892,2571
2663,1996,9,6471,4992,1479
2663,1996,10,6478,4592,1886
2663,1996,11,6486,4292,2194
2663,1996,12,6481,9012,-2531
2663,1997,1,6458,17642,-11184
2663,1997,2,6439,3892,2547
2663,1997,3,6443,6892,-449
2663,1997,4,6438,6872,-434
2663,1997,5,6440,6292,148
2663,1997,6,6442,5392,1050
2663,1997,7,6451,3892,2559
2663,1997,8,6442,10772,-4330
2663,1997,9,6444,3892,2552
2663,1997,10,6454,3892,2562
2663,1997,11,6461,4392,2069
2663,1997,12,6464,6992,-528
2663,1998,1,6449,12832,-6383
2663,1998,2,6444,3892,2552
2663,1998,3,6447,5972,475
2663,1998,4,6452,4852,1600
2663,1998,5,6464,3892,2572
2663,1998,6,6464,7742,-1278
2663,1998,7,6469,3892,2577
2663,1998,8,6466,8532,-2066
2663,1998,9,6471,3892,2579
2663,1998,10,6480,5252,1228
2663,1998,11,6487,3892,2595
2663,1998,12,6497,4677,1820
2664,1994,1,400,0,400
2664,1994,2,19868,0,19868
2664,1994,3,15333,7900,7433
2664,1994,4,15361,10400,4961
2664,1994,5,15383,9300,6083
2664,1994,6,23052,39143,-16091
2664,1994,7,15365,11943,3422
2664,1994,8,15384,9543,5841
2664,1994,9,15392,14443,949
2664,1994,10,15394,16643,-1249
2664,1994,11,15398,12843,2555
2664,1994,12,23023,22843,180
2664,1995,1,15376,23743,-8367
2664,1995,2,15377,10743,4634
2664,1995,3,15386,13543,1843
2664,1995,4,15390,18043,-2653
2664,1995,5,15385,14243,1142
2664,1995,6,23019,22443,576
2664,1995,7,15387,13543,1844
2664,1995,8,15386,17343,-1957
2664,1995,9,15392,11943,3449
2664,1995,10,15401,12543,2858
2664,1995,11,15404,16643,-1239
2664,1995,12,23048,15643,7405
2664,1996,1,15399,29343,-13944
2664,1996,2,15397,6543,8854
2664,1996,3,15415,12443,2972
2664,1996,4,15420,15043,377
2664,1996,5,15424,13643,1781
2664,1996,6,23055,47643,-24588
2664,1996,7,15760,3943,11817
2664,1996,8,15393,8643,6750
2664,1996,9,15404,13243,2161
2664,1996,10,15415,13543,1872
2664,1996,11,15430,13643,1787
2664,1996,12,23080,16143,6937
2664,1997,1,15438,28643,-13205
2664,1997,2,15428,7643,7785
2664,1997,3,15477,17443,-1966
2664,1997,4,15434,10543,4891
2664,1997,5,15450,12243,3207
2664,1997,6,23085,17643,5442
2664,1997,7,15462,18443,-2981
2664,1997,8,15476,14943,533
2664,1997,9,15467,14643,824
2664,1997,10,15477,25643,-10166
2664,1997,11,15464,16743,-1279
2664,1997,12,23119,13143,9976
2664,1998,1,17766,23943,-6177
2664,1998,2,15487,11043,4444
2664,1998,3,15482,11143,4339
2664,1998,4,15508,13143,2365
2664,1998,5,15511,18243,-2732
2664,1998,6,23280,28943,-5663
2664,1998,7,15480,14843,637
2664,1998,8,15482,16643,-1161
2664,1998,9,15486,14143,1343
2664,1998,10,15495,7343,8152
2664,1998,11,15517,9843,5674
2664,1998,12,23196,5028,18168
2665,1993,11,42959,0,42959
2665,1993,12,3365,10015,-6650
2665,1994,1,3912,15165,-11253
2665,1994,2,40481,6115,34366
2665,1994,3,3422,17465,-14043
2665,1994,4,3375,8415,-5040
2665,1994,5,3360,6815,-3455
2665,1994,6,6732,13765,-7033
2665,1994,7,3330,515,2815
2665,1994,8,3333,4115,-782
2665,1994,9,3327,6765,-3438
2665,1994,10,3317,3165,152
2665,1994,11,3317,5015,-1698
2665,1994,12,3312,4465,-1153
2665,1995,1,9881,21465,-11584
2665,1995,2,7575,15,7560
2665,1995,3,6204,15,6189
2665,1995,4,31948,3115,28833
2665,1995,5,3407,15615,-12208
2665,1995,6,18559,30415,-11856
2665,1995,7,3338,1815,1523
2665,1995,8,3325,9665,-6340
2665,1995,9,3923,15,3908
2665,1995,10,3329,4315,-986
2665,1995,11,3318,6215,-2897
2665,1995,12,3312,3915,-603
2665,1996,1,4670,15515,-10845
2665,1996,2,8584,15,8569
2665,1996,3,5816,15,5801
2665,1996,4,5036,1065,3971
2665,1996,5,4252,1915,2337
2665,1996,6,5348,10815,-5467
2665,1996,7,4935,1615,3320
2665,1996,8,3647,2065,1582
2665,1996,9,3353,3115,238
2665,1996,10,14306,11565,2741
2665,1996,11,3367,3665,-298
2665,1996,12,6250,8715,-2465
2665,1997,1,11522,19415,-7893
2665,1997,2,7323,2015,5308
2665,1997,3,3647,15,3632
2665,1997,4,3356,4615,-1259
2665,1997,5,3355,1615,1740
2665,1997,6,7042,20265,-13223
2665,1997,7,8518,15,8503
2665,1997,8,5947,15,5932
2665,1997,9,53252,28315,24937
2665,1997,10,3454,14715,-11261
2665,1997,11,3407,13965,-10558
2665,1997,12,3377,8215,-4838
2665,1998,1,18172,14265,3907
2665,1998,2,3363,9465,-6102
2665,1998,3,43247,27015,16232
2665,1998,4,3396,16615,-13219
2665,1998,5,3350,9615,-6265
2665,1998,6,5212,18215,-13003
2665,1998,7,3274,5515,-2241
2665,1998,8,5478,15,5463
2665,1998,9,3296,4215,-919
2665,1998,10,3277,7915,-4638
2665,1998,11,3273,15,3258
2665,1998,12,3280,3600,-320
2666,1993,3,3510,0,3510
2666,1993,4,2916,0,2916
2666,1993,5,2916,0,2916
2666,1993,6,2916,0,2916
2666,1993,7,2917,15,2902
2666,1993,8,2967,1949,1018
2666,1993,9,2970,2219,751
2666,1993,10,2974,1949,1025
2666,1993,11,2976,2669,307
2666,1993,12,2979,2459,520
2666,1994,1,2969,7109,-4140
2666,1994,2,2963,2609,354
2666,1994,3,2966,1949,1017
2666,1994,4,2970,1949,1021
2666,1994,5,2974,1949,1025
2666,1994,6,2979,1949,1030
2666,1994,7,2983,1949,1034
2666,1994,8,2987,1949,1038
2666,1994,9,2990,2429,561
2666,1994,10,2994,1949,1045
2666,1994,11,2998,1949,1049
2666,1994,12,3001,2549,452
2666,1995,1,2999,5699,-2700
2666,1995,2,2989,3419,-430
2666,1995,3,2991,1949,1042
2666,1995,4,2996,1949,1047
2666,1995,5,3000,1949,1051
2666,1995,6,2995,8479,-5484
2666,1995,7,2980,3349,-369
2666,1995,8,2979,2749,230
2666,1995,9,2980,2749,231
2666,1995,10,2981,2349,632
2666,1995,11,2984,1949,1035
2666,1995,12,2986,3299,-313
2666,1996,1,2983,4049,-1066
2666,1996,2,2983,1949,1034
2666,1996,3,2987,1949,1038
2666,1996,4,2990,2749,241
2666,1996,5,2992,1949,1043
2666,1996,6,2985,9199,-6214
2666,1996,7,2969,2549,420
2666,1996,8,2971,2449,522
2666,1996,9,2966,6749,-3783
2666,1996,10,2957,2549,408
2666,1996,11,2958,3149,-191
2666,1996,12,2958,2849,109
2666,1997,1,2960,1949,1011
2666,1997,2,2964,1949,1015
2666,1997,3,2963,4749,-1786
2666,1997,4,2961,1949,1012
2666,1997,5,2965,2049,916
2666,1997,6,2968,3119,-151
2666,1997,7,2964,3749,-785
2666,1997,8,2962,2849,113
2666,1997,9,2965,1949,1016
2666,1997,10,2968,2249,719
2666,1997,11,2972,1949,1023
2666,1997,12,2976,2519,457
2666,1998,1,2967,5999,-3032
2666,1998,2,2961,3249,-288
2666,1998,3,2964,3449,-485
2666,1998,4,2962,1949,1013
2666,1998,5,2966,1949,1017
2666,1998,6,2969,3239,-270
2666,1998,7,2969,1949,1020
2666,1998,8,2973,1949,1024
2666,1998,9,2968,5149,-2181
2666,1998,10,2965,2949,16
2666,1998,11,2968,1949,1019
2666,1998,12,2971,2324,647
2667,1993,10,700,0,700
2667,1993,11,3270,0,3270
2667,1993,12,3270,0,3270
2667,1994,1,3270,0,3270
2667,1994,2,3270,0,3270
2667,1994,3,3320,2195,1125
2667,1994,4,3334,3365,-31
2667,1994,5,3336,2195,1141
2667,1994,6,3339,6935,-3596
2667,1994,7,3325,2195,1130
2667,1994,8,3328,3395,-67
2667,1994,9,3330,2195,1135
2667,1994,10,3335,2195,1140
2667,1994,11,3339,2195,1144
2667,1994,12,3343,2855,488
2667,1995,1,3335,5915,-2580
2667,1995,2,3335,2195,1140
2667,1995,3,3340,2195,1145
2667,1995,4,3343,3215,128
2667,1995,5,3345,2435,910
2667,1995,6,3345,3515,-170
2667,1995,7,3348,2195,1153
2667,1995,8,3353,2195,1158
2667,1995,9,3358,2195,1163
2667,1995,10,3360,3395,-35
2667,1995,11,3363,2195,1168
2667,1995,12,3367,3575,-208
2667,1996,1,3360,6005,-2645
2667,1996,2,3356,2195,1161
2667,1996,3,3354,4595,-1241
2667,1996,4,3351,3695,-344
2667,1996,5,3348,4045,-697
2667,1996,6,3350,2495,855
2667,1996,7,3354,2295,1059
2667,1996,8,3342,7295,-3953
2667,1996,9,3342,4195,-853
2667,1996,10,3340,3805,-465
2667,1996,11,3334,2995,339
2667,1996,12,3334,4715,-1381
2667,1997,1,3323,5045,-1722
2667,1997,2,3325,2195,1130
2667,1997,3,3330,2195,1135
2667,1997,4,3314,7995,-4681
2667,1997,5,3315,2195,1120
2667,1997,6,3319,2195,1124
2667,1997,7,3324,2195,1129
2667,1997,8,3329,2195,1134
2667,1997,9,3333,2195,1138
2667,1997,10,3335,3845,-510
2667,1997,11,3336,2195,1141
2667,1997,12,3340,2585,755
2667,1998,1,3335,5765,-2430
2667,1998,2,3333,2195,1138
2667,1998,3,3338,2195,1143
2667,1998,4,3343,2195,1148
2667,1998,5,3348,2195,1153
2667,1998,6,3351,2765,586
2667,1998,7,3355,2375,980
2667,1998,8,3359,2195,1164
2667,1998,9,3363,3365,-2
2667,1998,10,3364,2195,1169
2667,1998,11,3368,2195,1173
2667,1998,12,3373,2360,1013
2668,1997,5,900,0,900
2668,1997,6,23780,0,23780
2668,1997,7,14942,7000,7942
2668,1997,8,14978,6000,8978
2668,1997,9,15005,11600,3405
2668,1997,10,15016,15299,-283
2668,1997,11,15016,18099,-3083
2668,1997,12,22443,25699,-3256
2668,1998,1,14980,20099,-5119
2668,1998,2,14965,16599,-1634
2668,1998,3,14957,16899,-1942
2668,1998,4,14961,10899,4062
2668,1998,5,14968,15399,-431
2668,1998,6,22387,20799,1588
2668,1998,7,14972,15399,-427
2668,1998,8,14962,18299,-3337
2668,1998,9,14946,18999,-4053
2668,1998,10,14922,21299,-6377
2668,1998,11,14907,16599,-1692
2668,1998,12,22352,15184,7168
2670,1993,1,1100,0,1100
2670,1993,2,24392,1400,22992
2670,1993,3,24489,10200,14289
2670,1993,4,24544,19000,5544
2670,1993,5,24566,20500,4066
2670,1993,6,36831,50567,-13736
2670,1993,7,24563,23767,796
2670,1993,8,24568,20347,4221
2670,1993,9,24579,25247,-668
2670,1993,10,24580,20947,3633
2670,1993,11,24590,26047,-1457
2670,1993,12,36801,32927,3874
2670,1994,1,24597,24447,150
2670,1994,2,24593,26347,-1754
2670,1994,3,24591,26047,-1456
2670,1994,4,24585,24947,-362
2670,1994,5,24580,26247,-1667
2670,1994,6,36784,35647,1137
2670,1994,7,24577,25347,-770
2670,1994,8,24573,24247,326
2670,1994,9,24578,26007,-1429
2670,1994,10,24566,24547,19
2670,1994,11,24569,22247,2322
2670,1994,12,36796,36887,-91
2670,1995,1,24566,26847,-2281
2670,1995,2,24562,24347,215
2670,1995,3,24564,28507,-3943
2670,1995,4,24551,22347,2204
2670,1995,5,24556,23847,709
2670,1995,6,36768,36067,701
2670,1995,7,24555,26047,-1492
2670,1995,8,24545,26547,-2002
2670,1995,9,24543,23347,1196
2670,1995,10,24555,24747,-192
2670,1995,11,24534,27747,-3213
2670,1995,12,36730,38347,-1617
2670,1996,1,24514,29247,-4733
2670,1996,2,24496,25147,-651
2670,1996,3,24495,24947,-452
2670,1996,4,24495,23347,1148
2670,1996,5,24492,26247,-1755
2670,1996,6,36691,32847,3844
2670,1996,7,24497,26447,-1950
2670,1996,8,24500,30327,-5827
2670,1996,9,24463,26647,-2184
2670,1996,10,24462,23847,615
2670,1996,11,24459,26047,-1588
2670,1996,12,36656,36987,-331
2670,1997,1,24432,31447,-7015
2670,1997,2,24470,13907,10563
2670,1997,3,24446,31547,-7101
2670,1997,4,24486,8747,15739
2670,1997,5,24445,42347,-17902
2670,1997,6,36629,40247,-3618
2670,1997,7,24462,8747,15715
2670,1997,8,24528,8747,15781
2670,1997,9,24516,34107,-9591
2670,1997,10,24549,11547,13002
2670,1997,11,24607,8747,15860
2670,1997,12,36797,47047,-10250
2670,1998,1,24528,40647,-16119
2670,1998,2,24554,13547,11007
2670,1998,3,24521,38147,-13626
2670,1998,4,24552,8747,15805
2670,1998,5,24612,49747,-25135
2670,1998,6,36726,17047,19679
2670,1998,7,24602,10547,14055
2670,1998,8,24635,53747,-29112
2670,1998,9,24531,8747,15784
2670,1998,10,24598,8747,15851
2670,1998,11,24634,60847,-36213
2670,1998,12,36723,17772,18951
2671,1993,9,400,0,400
2671,1993,10,15312,0,15312
2671,1993,11,6156,0,6156
2671,1993,12,4077,0,4077
2671,1994,1,3080,4400,-1320
2671,1994,2,3884,1999,1885
2671,1994,3,3089,3699,-610
2671,1994,4,3085,3209,-124
2671,1994,5,3075,7219,-4144
2671,1994,6,3065,6609,-3544
2671,1994,7,3456,1999,1457
2671,1994,8,5568,1999,3569
2671,1994,9,3376,2389,987
2671,1994,10,3480,3019,461
2671,1994,11,3684,1999,1685
2671,1994,12,3084,4169,-1085
2671,1995,1,3076,5279,-2203
2671,1995,2,3070,3759,-689
2671,1995,3,3070,2799,271
2671,1995,4,7483,3259,4224
2671,1995,5,3083,4589,-1506
2671,1995,6,3082,5039,-1957
2671,1995,7,4882,1999,2883
2671,1995,8,3189,1999,1190
2671,1995,9,3292,2629,663
2671,1995,10,3797,2419,1378
2671,1995,11,3098,3399,-301
2671,1995,12,3601,2269,1332
2671,1996,1,3097,6079,-2982
2671,1996,2,3087,4279,-1192
2671,1996,3,5696,1999,3697
2671,1996,4,3103,1999,1104
2671,1996,5,3104,3799,-695
2671,1996,6,3992,7279,-3287
2671,1996,7,4395,4999,-604
2671,1996,8,3488,1999,1489
2671,1996,9,3794,1999,1795
2671,1996,10,3100,4899,-1799
2671,1996,11,3093,3369,-276
2671,1996,12,3090,6259,-3169
2671,1997,1,4079,3559,520
2671,1997,2,3081,2799,282
2671,1997,3,3082,3199,-117
2671,1997,4,3081,3299,-218
2671,1997,5,4282,1999,2283
2671,1997,6,3379,6169,-2790
2671,1997,7,3879,3469,410
2671,1997,8,4582,1999,2583
2671,1997,9,3191,1999,1192
2671,1997,10,3094,3319,-225
2671,1997,11,3094,2459,635
2671,1997,12,4696,4219,477
2671,1998,1,4493,6139,-1646
2671,1998,2,3089,4699,-1610
2671,1998,3,5489,1999,3490
2671,1998,4,3094,7929,-4835
2671,1998,5,3482,1999,1483
2671,1998,6,10585,10519,66
2671,1998,7,3084,3599,-515
2671,1998,8,3082,3199,-117
2671,1998,9,4185,1999,2186
2671,1998,10,3991,3139,852
2671,1998,11,10008,3379,6629
2671,1998,12,5728,2374,3354
2672,1997,3,300,0,300
2672,1997,4,3484,0,3484
2672,1997,5,3484,0,3484
2672,1997,6,3484,0,3484
2672,1997,7,3515,2600,915
2672,1997,8,3541,3126,415
2672,1997,9,3534,3937,-403
2672,1997,10,3537,2337,1200
2672,1997,11,3530,5937,-2407
2672,1997,12,3531,2337,1194
2672,1998,1,3535,2697,838
2672,1998,2,3540,2337,1203
2672,1998,3,3545,2727,818
2672,1998,4,3548,2337,1211
2672,1998,5,3553,2337,1216
2672,1998,6,3552,5967,-2415
2672,1998,7,3548,2337,1211
2672,1998,8,3550,3147,403
2672,1998,9,3555,2337,1218
2672,1998,10,3559,3537,22
2672,1998,11,3557,3897,-340
2672,1998,12,3559,3162,397
2673,1994,1,13343,0,13343
2673,1994,2,18918,0,18918
2673,1994,3,12574,11200,1374
2673,1994,4,12577,2400,10177
2673,1994,5,12558,20985,-8427
2673,1994,6,18762,16185,2577
2673,1994,7,12545,17485,-4940
2673,1994,8,12552,7685,4867
2673,1994,9,12559,11185,1374
2673,1994,10,12571,15785,-3214
2673,1994,11,12566,16085,-3519
2673,1994,12,18775,13485,5290
2673,1995,1,13449,19585,-6136
2673,1995,2,12550,9385,3165
2673,1995,3,12561,14585,-2024
2673,1995,4,12554,10285,2269
2673,1995,5,12564,8885,3679
2673,1995,6,18774,17985,789
2673,1995,7,12574,14585,-2011
2673,1995,8,12568,11685,883
2673,1995,9,12573,14385,-1812
2673,1995,10,12560,13585,-1025
2673,1995,11,12563,10685,1878
2673,1995,12,18782,16785,1997
2673,1996,1,12558,18185,-5627
2673,1996,2,12543,13585,-1042
2673,1996,3,12545,14685,-2140
2673,1996,4,12535,11885,650
2673,1996,5,12542,11085,1457
2673,1996,6,18735,19885,-1150
2673,1996,7,12544,9885,2659
2673,1996,8,12548,14985,-2437
2673,1996,9,12536,15485,-2949
2673,1996,10,12528,11885,643
2673,1996,11,12513,20585,-8072
2673,1996,12,18708,15785,2923
2673,1997,1,12488,20685,-8197
2673,1997,2,12477,10185,2292
2673,1997,3,12491,7785,4706
2673,1997,4,12505,9985,2520
2673,1997,5,12513,11585,928
2673,1997,6,18726,16085,2641
2673,1997,7,12508,20085,-7577
2673,1997,8,12487,15285,-2798
2673,1997,9,12485,10385,2100
2673,1997,10,12489,12285,204
2673,1997,11,12479,16685,-4206
2673,1997,12,18695,10985,7710
2673,1998,1,12486,19385,-6899
2673,1998,2,12490,5885,6605
2673,1998,3,12484,19985,-7501
2673,1998,4,12472,11585,887
2673,1998,5,12477,11085,1392
2673,1998,6,18678,18285,393
2673,1998,7,12478,15085,-2607
2673,1998,8,13690,5885,7805
2673,1998,9,12508,9585,2923
2673,1998,10,12526,8385,4141
2673,1998,11,12520,14885,-2365
2673,1998,12,18726,15970,2756
2674,1995,10,2305,0,2305
2674,1995,11,12838,0,12838
2674,1995,12,8684,0,8684
2674,1996,1,25130,4865,20265
2674,1996,2,1443,13015,-11572
2674,1996,3,1425,6015,-4590
2674,1996,4,1416,1615,-199
2674,1996,5,1808,4165,-2357
2674,1996,6,2910,6415,-3505
2674,1996,7,5702,15,5687
2674,1996,8,1411,2965,-1554
2674,1996,9,1409,1115,294
2674,1996,10,1407,2615,-1208
2674,1996,11,1404,1715,-311
2674,1996,12,37020,3015,34005
2674,1997,1,1462,24765,-23303
2674,1997,2,1444,3315,-1871
2674,1997,3,1430,4265,-2835
2674,1997,4,1422,2715,-1293
2674,1997,5,32425,15,32410
2674,1997,6,1407,42415,-41008
2674,1997,7,8595,2365,6230
2674,1997,8,1411,3965,-2554
2674,1997,9,1401,5215,-3814
2674,1997,10,39184,4115,35069
2674,1997,11,1525,19365,-17840
2674,1997,12,1451,13315,-11864
2674,1998,1,1391,13265,-11874
2674,1998,2,1359,15,1344
2674,1998,3,2363,2165,198
2674,1998,4,22649,9315,13334
2674,1998,5,1418,5515,-4097
2674,1998,6,1389,10015,-8626
2674,1998,7,2368,1265,1103
2674,1998,8,46847,22515,24332
2674,1998,9,1458,16415,-14957
2674,1998,10,1406,5715,-4309
2674,1998,11,1391,2315,-924
2674,1998,12,1384,4700,-3316
2675,1994,2,900,0,900
2675,1994,3,12400,0,12400
2675,1994,4,7100,0,7100
2675,1994,5,2400,0,2400
2675,1994,6,0,1000,-1000
2675,1994,7,34745,15300,19445
2675,1994,8,172,7500,-7328
2675,1994,9,172,7500,-7328
2675,1994,10,172,3500,-3328
2675,1994,12,36985,18000,18985
2675,1995,1,175,9600,-9425
2675,1995,2,175,4400,-4225
2675,1995,3,175,2300,-2125
2675,1995,4,175,3300,-3125
2675,1995,5,175,2000,-1825
2675,1995,6,575,0,575
2675,1995,7,175,2000,-1825
2675,1995,8,2575,0,2575
2675,1995,9,39527,20000,19527
2675,1995,10,176,6800,-6624
2675,1995,11,32896,24200,8696
2675,1995,12,184,12700,-12516
2675,1996,1,184,4400,-4216
2675,1996,2,184,3200,-3016
2675,1996,3,184,2100,-1916
2675,1996,4,29369,15815,13554
2675,1996,5,150,10915,-10765
2675,1996,6,38472,30315,8157
2675,1996,7,139,5715,-5576
2675,1996,8,116,6715,-6599
2675,1996,9,86,3515,-3429
2675,1996,10,74,5115,-5041
2675,1996,11,54,15,39
2675,1996,12,54,15,39
2675,1997,1,0,15,-15
2675,1997,2,314,15,299
2675,1997,3,0,15,-15
2675,1997,4,112,15,97
2675,1997,5,8853,315,8538
2675,1997,6,90,4015,-3925
2675,1997,7,74,15,59
2675,1997,8,0,15,-15
2675,1997,9,151,1815,-1664
2675,1997,10,0,15,-15
2675,1997,11,137,15,122
2675,1997,12,21197,21215,-18
2675,1998,1,63,1315,-1252
2675,1998,2,63,15,48
2675,1998,3,13929,15,13914
2675,1998,4,121,1615,-1494
2675,1998,5,0,15,-15
2675,1998,6,245,6115,-5870
2675,1998,7,90,15,75
2675,1998,8,89,2115,-2026
2675,1998,9,49370,36915,12455
2675,1998,10,133,1315,-1182
2675,1998,11,126,16315,-16189
2676,1993,1,200,0,200
2676,1993,2,18585,0,18585
2676,1993,3,15354,4500,10854
2676,1993,4,15394,8800,6594
2676,1993,5,15416,13200,2216
2676,1993,6,23084,19054,4030
2676,1993,7,15449,16812,-1363
2676,1993,8,15432,18332,-2900
2676,1993,9,15411,21152,-5741
2676,1993,10,15404,16012,-608
2676,1993,11,15403,14112,1291
2676,1993,12,23048,19092,3956
2676,1994,1,15400,28332,-12932
2676,1994,2,15382,7512,7870
2676,1994,3,15400,16552,-1152
2676,1994,4,15405,10912,4493
2676,1994,5,15411,16712,-1301
2676,1994,6,23039,22012,1027
2676,1994,7,15412,19692,-4280
2676,1994,8,15403,10912,4491
2676,1994,9,15403,18112,-2709
2676,1994,10,15402,13712,1690
2676,1994,11,15409,17752,-2343
2676,1994,12,23057,20772,2285
2676,1995,1,19372,25892,-6520
2676,1995,2,17004,5212,11792
2676,1995,3,15440,21492,-6052
2676,1995,4,15405,12212,3193
2676,1995,5,15416,16852,-1436
2676,1995,6,23068,10612,12456
2676,1995,7,15455,17012,-1557
2676,1995,8,15441,17712,-2271
2676,1995,9,15430,21252,-5822
2676,1995,10,15412,15512,-100
2676,1995,11,15417,14212,1205
2676,1995,12,23053,21212,1841
2676,1996,1,15372,38552,-23180
2676,1996,2,16763,5212,11551
2676,1996,3,15389,15532,-143
2676,1996,4,15399,8512,6887
2676,1996,5,15420,9732,5688
2676,1996,6,23070,33532,-10462
2676,1996,7,15394,13812,1582
2676,1996,8,15411,12472,2939
2676,1996,9,15405,13912,1493
2676,1996,10,15411,13412,1999
2676,1996,11,15416,14912,504
2676,1996,12,23078,12692,10386
2676,1997,1,16894,34252,-17358
2676,1997,2,15423,5212,10211
2676,1997,3,15447,9612,5835
2676,1997,4,15444,20252,-4808
2676,1997,5,15438,21812,-6374
2676,1997,6,23052,26012,-2960
2676,1997,7,15429,14612,817
2676,1997,8,15430,17212,-1782
2676,1997,9,15400,19172,-3772
2676,1997,10,15405,11512,3893
2676,1997,11,15421,10712,4709
2676,1997,12,23081,16592,6489
2676,1998,1,17394,33532,-16138
2676,1998,2,15400,7172,8228
2676,1998,3,15439,7812,7627
2676,1998,4,15463,13812,1651
2676,1998,5,15472,13512,1960
2676,1998,6,23113,30632,-7519
2676,1998,7,15446,13112,2334
2676,1998,8,15452,16912,-1460
2676,1998,9,15446,16012,-566
2676,1998,10,15442,16312,-870
2676,1998,11,15438,14012,1426
2676,1998,12,23104,6797,16307
2677,1996,8,900,0,900
2677,1996,9,22047,0,22047
2677,1996,10,20037,8400,11637
2677,1996,11,20082,14200,5882
2677,1996,12,30076,21900,8176
2677,1997,1,20171,22573,-2402
2677,1997,2,20143,26559,-6416
2677,1997,3,20119,23119,-3000
2677,1997,4,20114,17939,2175
2677,1997,5,20121,19439,682
2677,1997,6,30095,32039,-1944
2677,1997,7,20113,20939,-826
2677,1997,8,20101,24559,-4458
2677,1997,9,20076,22559,-2483
2677,1997,10,20082,16539,3543
2677,1997,11,20092,19339,753
2677,1997,12,30068,36459,-6391
2677,1998,1,20068,17939,2129
2677,1998,2,20070,22739,-2669
2677,1998,3,20062,21639,-1577
2677,1998,4,20058,19139,919
2677,1998,5,20062,18739,1323
2677,1998,6,30057,21639,8418
2677,1998,7,20091,23939,-3848
2677,1998,8,20063,31879,-11816
2677,1998,9,20026,24399,-4373
2677,1998,10,20014,18639,1375
2677,1998,11,20016,18119,1897
2677,1998,12,30045,8244,21801
2678,1997,7,200,0,200
2678,1997,8,37997,10600,27397
2678,1997,9,38085,21800,16285
2678,1997,10,38134,29400,8734
2678,1997,11,38160,33700,4460
2678,1997,12,57140,60715,-3575
2678,1998,1,38083,72810,-34727
2678,1998,2,38067,17315,20752
2678,1998,3,38065,54539,-16474
2678,1998,4,38075,26815,11260
2678,1998,5,38079,49525,-11446
2678,1998,6,57049,60110,-3061
2678,1998,7,38070,33153,4917
2678,1998,8,38090,25242,12848
2678,1998,9,38140,21215,16925
2678,1998,10,38140,50711,-12571
2678,1998,11,38176,26415,11761
2678,1998,12,57213,49300,7913
2679,1997,7,1100,0,1100
2679,1997,8,6654,0,6654
2679,1997,9,6654,0,6654
2679,1997,10,6680,1500,5180
2679,1997,11,6739,4400,2339
2679,1997,12,6751,2865,3886
2679,1998,1,6748,15937,-9189
2679,1998,2,6727,7777,-1050
2679,1998,3,6726,3857,2869
2679,1998,4,6737,6657,80
2679,1998,5,6738,3857,2881
2679,1998,6,6746,12107,-5361
2679,1998,7,6728,3857,2871
2679,1998,8,6740,3857,2883
2679,1998,9,6752,3857,2895
2679,1998,10,6764,3857,2907
2679,1998,11,6772,6977,-205
2679,1998,12,6774,4292,2482
2680,1995,3,18167,0,18167
2680,1995,4,20751,0,20751
2680,1995,5,17194,8600,8594
2680,1995,6,25755,10300,15455
2680,1995,7,23634,68063,-44429
2680,1995,8,17083,515,16568
2680,1995,9,17150,14215,2935
2680,1995,10,17161,13915,3246
2680,1995,11,17171,23962,-6791
2680,1995,12,25664,28242,-2578
2680,1996,1,31188,55962,-24774
2680,1996,2,25155,8715,16440
2680,1996,3,17106,7215,9891
2680,1996,4,18139,23607,-5468
2680,1996,5,17102,24708,-7606
2680,1996,6,25593,26742,-1149
2680,1996,7,21794,19394,2400
2680,1996,8,17887,28684,-10797
2680,1996,9,19364,13644,5720
2680,1996,10,19669,23114,-3445
2680,1996,11,21692,7215,14477
2680,1996,12,25644,17946,7698
2680,1997,1,32968,57833,-24865
2680,1997,2,19567,20216,-649
2680,1997,3,22271,15,22256
2680,1997,4,17147,7815,9332
2680,1997,5,17143,30580,-13437
2680,1997,6,25640,20815,4825
2680,1997,7,17154,6615,10539
2680,1997,8,17193,10015,7178
2680,1997,9,17219,12515,4704
2680,1997,10,17244,9415,7829
2680,1997,11,17249,27047,-9798
2680,1997,12,25680,56315,-30635
2680,1998,1,25625,22215,3410
2680,1998,2,17916,21331,-3415
2680,1998,3,20529,9315,11214
2680,1998,4,17165,10784,6381
2680,1998,5,17136,43650,-26514
2680,1998,6,27198,23886,3312
2680,1998,7,31038,24286,6752
2680,1998,8,17088,27679,-10591
2680,1998,9,19597,14913,4684
2680,1998,10,19709,21992,-2283
2680,1998,11,19101,5415,13686
2680,1998,12,25684,6300,19384
2681,1995,1,1100,0,1100
2681,1995,2,23975,2300,21675
2681,1995,3,24049,13800,10249
2681,1995,4,24085,18200,5885
2681,1995,5,24108,19400,4708
2681,1995,6,36084,44377,-8293
2681,1995,7,24123,17877,6246
2681,1995,8,24135,23677,458
2681,1995,9,24140,21177,2963
2681,1995,10,24149,22777,1372
2681,1995,11,24156,21277,2879
2681,1995,12,36146,34277,1869
2681,1996,1,24155,40177,-16022
2681,1996,2,24118,15577,8541
2681,1996,3,24146,21677,2469
2681,1996,4,24154,19977,4177
2681,1996,5,24167,21477,2690
2681,1996,6,36108,46577,-10469
2681,1996,7,24140,20877,3263
2681,1996,8,24145,23377,768
2681,1996,9,24151,18977,5174
2681,1996,10,24174,18677,5497
2681,1996,11,24194,18777,5417
2681,1996,12,36176,37777,-1601
2681,1997,1,24174,36877,-12703
2681,1997,2,24152,20677,3475
2681,1997,3,24161,24577,-416
2681,1997,4,24204,20377,3827
2681,1997,5,24156,28877,-4721
2681,1997,6,36080,48377,-12297
2681,1997,7,24119,17277,6842
2681,1997,8,24130,22677,1453
2681,1997,9,24177,10777,13400
2681,1997,10,24211,19577,4634
2681,1997,11,24228,17677,6551
2681,1997,12,36259,20577,15682
2681,1998,1,24274,40677,-16403
2681,1998,2,24242,20477,3765
2681,1998,3,24258,23177,1081
2681,1998,4,24270,18277,5993
2681,1998,5,24270,30977,-6707
2681,1998,6,36242,26577,9665
2681,1998,7,24286,24277,9
2681,1998,8,24276,43477,-19201
2681,1998,9,24265,23377,888
2681,1998,10,24267,20377,3890
2681,1998,11,24280,28477,-4197
2681,1998,12,36275,6562,29713
2684,1997,9,2906,0,2906
2684,1997,10,11140,0,11140
2684,1997,11,7874,0,7874
2684,1997,12,10047,3215,6832
2684,1998,1,6694,15715,-9021
2684,1998,2,1886,215,1671
2684,1998,3,5200,15,5185
2684,1998,4,36382,15115,21267
2684,1998,5,1979,9915,-7936
2684,1998,6,1924,25115,-23191
2684,1998,7,6284,15,6269
2684,1998,8,1898,815,1083
2684,1998,9,32967,15,32952
2684,1998,10,2006,17765,-15759
2684,1998,11,1972,1915,57
2684,1998,12,1968,2200,-232
2685,1996,11,4921,0,4921
2685,1996,12,4723,0,4723
2685,1997,1,4723,0,4723
2685,1997,2,4723,0,4723
2685,1997,3,4769,5951,-1182
2685,1997,4,4775,6991,-2216
2685,1997,5,4769,5791,-1022
2685,1997,6,4771,2591,2180
2685,1997,7,4780,2591,2189
2685,1997,8,4782,5631,-849
2685,1997,9,4785,3791,994
2685,1997,10,4790,2591,2199
2685,1997,11,4799,2591,2208
2685,1997,12,4806,3391,1415
2685,1998,1,4809,7041,-2232
2685,1998,2,4798,4751,47
2685,1998,3,4805,2591,2214
2685,1998,4,4814,2591,2223
2685,1998,5,4814,6111,-1297
2685,1998,6,4790,17091,-12301
2685,1998,7,4767,2591,2176
2685,1998,8,4776,2591,2185
2685,1998,9,4785,2591,2194
2685,1998,10,4794,2591,2203
2685,1998,11,4803,2591,2212
2685,1998,12,4813,2826,1987
2686,1996,1,6813,0,6813
2686,1996,2,5921,0,5921
2686,1996,3,5921,0,5921
2686,1996,4,5921,0,5921
2686,1996,5,5983,2611,3372
2686,1996,6,5977,19731,-13754
2686,1996,7,5966,2011,3955
2686,1996,8,5978,3691,2287
2686,1996,9,5989,3111,2878
2686,1996,10,5994,5611,383
2686,1996,11,5986,10331,-4345
2686,1996,12,5973,9641,-3668
2686,1997,1,5958,8111,-2153
2686,1997,2,5955,5011,944
2686,1997,3,5967,2011,3956
2686,1997,4,5962,11491,-5529
2686,1997,5,5960,2011,3949
2686,1997,6,5977,2011,3966
2686,1997,7,5969,10911,-4942
2686,1997,8,5967,4211,1756
2686,1997,9,5971,5611,360
2686,1997,10,5965,8731,-2766
2686,1997,11,5969,2611,3358
2686,1997,12,5962,10951,-4989
2686,1998,1,5960,3051,2909
2686,1998,2,5974,2011,3963
2686,1998,3,5967,11111,-5144
2686,1998,4,5969,5051,918
2686,1998,5,5976,5711,265
2686,1998,6,5974,4511,1463
2686,1998,7,5980,5511,469
2686,1998,8,5980,8411,-2431
2686,1998,9,5969,8611,-2642
2686,1998,10,5958,7111,-1153
2686,1998,11,5955,5111,844
2686,1998,12,5959,2596,3363
2687,1993,7,7454,0,7454
2687,1993,8,6367,0,6367
2687,1993,9,6367,0,6367
2687,1993,10,6367,0,6367
2687,1993,11,6424,7845,-1421
2687,1993,12,6445,5995,450
2687,1994,1,6427,13535,-7108
2687,1994,2,6416,5605,811
2687,1994,3,6429,5925,504
2687,1994,4,6433,3845,2588
2687,1994,5,6435,3845,2590
2687,1994,6,6444,8295,-1851
2687,1994,7,6438,4045,2393
2687,1994,8,6446,6645,-199
2687,1994,9,6447,6625,-178
2687,1994,10,6451,4645,1806
2687,1994,11,6458,5865,593
2687,1994,12,6456,8945,-2489
2687,1995,1,6418,17095,-10677
2687,1995,2,6409,3845,2564
2687,1995,3,6411,4885,1526
2687,1995,4,6419,3845,2574
2687,1995,5,6427,6565,-138
2687,1995,6,6437,3845,2592
2687,1995,7,6440,6345,95
2687,1995,8,6435,6745,-310
2687,1995,9,6432,6785,-353
2687,1995,10,6446,3845,2601
2687,1995,11,6442,7345,-903
2687,1995,12,6436,9545,-3109
2687,1996,1,6410,12395,-5985
2687,1996,2,6406,3845,2561
2687,1996,3,6414,5245,1169
2687,1996,4,6415,7405,-990
2687,1996,5,6408,7725,-1317
2687,1996,6,6403,7945,-1542
2687,1996,7,6397,7745,-1348
2687,1996,8,6400,3845,2555
2687,1996,9,6419,3845,2574
2687,1996,10,6421,3845,2576
2687,1996,11,6414,11145,-4731
2687,1996,12,6416,5265,1151
2687,1997,1,6403,9655,-3252
2687,1997,2,6411,3845,2566
2687,1997,3,6414,3845,2569
2687,1997,4,6423,5685,738
2687,1997,5,6421,7285,-864
2687,1997,6,6424,3845,2579
2687,1997,7,6443,3845,2598
2687,1997,8,6454,3845,2609
2687,1997,9,6430,14945,-8515
2687,1997,10,6429,3845,2584
2687,1997,11,6430,7365,-935
2687,1997,12,6421,6255,166
2687,1998,1,6411,10645,-4234
2687,1998,2,6410,3845,2565
2687,1998,3,6430,3845,2585
2687,1998,4,6429,7205,-776
2687,1998,5,6430,5525,905
2687,1998,6,6426,8145,-1719
2687,1998,7,6425,3845,2580
2687,1998,8,6439,6085,354
2687,1998,9,6445,3845,2600
2687,1998,10,6448,3845,2603
2687,1998,11,6451,6725,-274
2687,1998,12,6455,4630,1825
2688,1995,2,200,0,200
2688,1995,3,4204,0,4204
2688,1995,4,4204,0,4204
2688,1995,5,4204,0,4204
2688,1995,6,4204,0,4204
2688,1995,7,4251,6577,-2326
2688,1995,8,4275,2817,1458
2688,1995,9,4275,2817,1458
2688,1995,10,4281,2817,1464
2688,1995,11,4287,2817,1470
2688,1995,12,4293,3897,396
2688,1996,1,4286,7217,-2931
2688,1996,2,4279,6577,-2298
2688,1996,3,4267,5617,-1350
2688,1996,4,4267,2817,1450
2688,1996,5,4266,6117,-1851
2688,1996,6,4266,2817,1449
2688,1996,7,4271,3217,1054
2688,1996,8,4276,5117,-841
2688,1996,9,4262,7117,-2855
2688,1996,10,4250,6817,-2567
2688,1996,11,4250,3217,1033
2688,1996,12,4251,4317,-66
2688,1997,1,4251,4317,-66
2688,1997,2,4252,4417,-165
2688,1997,3,4253,2817,1436
2688,1997,4,4245,8017,-3772
2688,1997,5,4243,2817,1426
2688,1997,6,4249,3717,532
2688,1997,7,4250,3817,433
2688,1997,8,4250,5077,-827
2688,1997,9,4250,2817,1433
2688,1997,10,4256,2817,1439
2688,1997,11,4261,2817,1444
2688,1997,12,4266,4017,249
2688,1998,1,4262,5717,-1455
2688,1998,2,4264,2917,1347
2688,1998,3,4263,5017,-754
2688,1998,4,4265,3517,748
2688,1998,5,4268,3297,971
2688,1998,6,4263,6367,-2104
2688,1998,7,4262,3917,345
2688,1998,8,4254,7457,-3203
2688,1998,9,4251,2817,1434
2688,1998,10,4257,2817,1440
2688,1998,11,4263,2817,1446
2688,1998,12,4267,4252,15
2689,1997,1,24359,0,24359
2689,1997,2,19993,0,19993
2689,1997,3,20102,6100,14002
2689,1997,4,20148,15600,4548
2689,1997,5,20143,36563,-16420
2689,1997,6,30062,36463,-6401
2689,1997,7,20114,19263,851
2689,1997,8,20099,20363,-264
2689,1997,9,20086,20263,-177
2689,1997,10,20088,20663,-575
2689,1997,11,20095,13463,6632
2689,1997,12,30090,22663,7427
2689,1998,1,20108,32063,-11955
2689,1998,2,20103,12463,7640
2689,1998,3,20132,16163,3969
2689,1998,4,20147,19563,584
2689,1998,5,20145,24063,-3918
2689,1998,6,30088,52463,-22375
2689,1998,7,20049,6663,13386
2689,1998,8,20083,20363,-280
2689,1998,9,20092,15963,4129
2689,1998,10,20106,18963,1143
2689,1998,11,20107,20463,-356
2689,1998,12,30067,29748,319
2690,1997,3,600,0,600
2690,1997,4,6632,0,6632
2690,1997,5,6632,0,6632
2690,1997,6,6632,0,6632
2690,1997,7,6632,0,6632
2690,1997,8,6724,5572,1152
2690,1997,9,6765,2032,4733
2690,1997,10,6785,2032,4753
2690,1997,11,6791,6252,539
2690,1997,12,6790,10312,-3522
2690,1998,1,6759,18412,-11653
2690,1998,2,6737,4432,2305
2690,1998,3,6747,4332,2415
2690,1998,4,6744,10212,-3468
2690,1998,5,6720,13492,-6772
2690,1998,6,6712,5882,830
2690,1998,7,6719,3732,2987
2690,1998,8,6726,5432,1294
2690,1998,9,6717,10432,-3715
2690,1998,10,6701,11052,-4351
2690,1998,11,6707,2232,4475
2690,1998,12,6724,3117,3607
2691,1993,9,700,0,700
2691,1993,10,13000,0,13000
2691,1993,11,4500,0,4500
2691,1993,12,800,0,800
2691,1994,1,300,0,300
2691,1994,2,4600,0,4600
2691,1994,3,0,1200,-1200
2691,1994,4,500,0,500
2691,1994,5,0,700,-700
2691,1994,6,0,800,-800
2691,1994,7,2700,0,2700
2691,1994,8,500,0,500
2691,1994,9,1000,0,1000
2691,1994,10,0,1900,-1900
2691,1994,11,0,1200,-1200
2691,1994,12,3100,0,3100
2691,1995,1,3,2300,-2297
2691,1995,3,1198,0,1198
2691,1995,4,98,300,-202
2691,1995,5,1098,1700,-602
2691,1995,6,100,2200,-2100
2691,1995,7,100,800,-700
2691,1995,8,100,600,-500
2691,1995,9,100,700,-600
2691,1995,10,500,0,500
2691,1995,11,1400,0,1400
2691,1995,12,100,200,-100
2691,1996,1,100,700,-600
2691,1996,3,1900,0,1900
2691,1996,4,700,0,700
2691,1996,5,100,800,-700
2691,1996,6,400,0,400
2691,1996,7,100,300,-200
2691,1996,8,1500,0,1500
2691,1996,9,100,2700,-2600
2691,1996,10,200,0,200
2691,1996,11,4100,0,4100
2691,1996,12,1900,0,1900
2691,1997,1,100,600,-500
2691,1997,2,100,100,0
2691,1997,3,1800,0,1800
2691,1997,4,100,1700,-1600
2691,1997,5,100,1400,-1300
2691,1997,6,100,500,-400
2691,1997,7,4000,0,4000
2691,1997,8,400,0,400
2691,1997,9,2800,0,2800
2691,1997,10,100,4500,-4400
2691,1997,11,1200,0,1200
2691,1997,12,400,0,400
2691,1998,1,100,1100,-1000
2691,1998,2,100,3400,-3300
2691,1998,3,100,900,-800
2691,1998,4,100,3000,-2900
2691,1998,5,100,200,-100
2691,1998,6,100,1300,-1200
2691,1998,7,100,700,-600
2691,1998,8,100,5800,-5700
2691,1998,9,0,3100,-3100
2692,1995,12,6830,0,6830
2692,1996,1,5737,0,5737
2692,1996,2,5737,0,5737
2692,1996,3,5737,0,5737
2692,1996,4,5792,3401,2391
2692,1996,5,5826,3401,2425
2692,1996,6,5824,8121,-2297
2692,1996,7,5826,3401,2425
2692,1996,8,5820,9721,-3901
2692,1996,9,5820,3401,2419
2692,1996,10,5819,9081,-3262
2692,1996,11,5816,3401,2415
2692,1996,12,5827,3751,2076
2692,1997,1,5811,11801,-5990
2692,1997,2,5810,3401,2409
2692,1997,3,5820,3401,2419
2692,1997,4,5830,3401,2429
2692,1997,5,5838,5081,757
2692,1997,6,5834,7751,-1917
2692,1997,7,5836,3401,2435
2692,1997,8,5846,3401,2445
2692,1997,9,5856,3401,2455
2692,1997,10,5866,3401,2465
2692,1997,11,5875,4201,1674
2692,1997,12,5883,3701,2182
2692,1998,1,5868,15401,-9533
2692,1998,2,5844,6841,-997
2692,1998,3,5848,3401,2447
2692,1998,4,5858,3401,2457
2692,1998,5,5866,4681,1185
2692,1998,6,5837,21431,-15594
2692,1998,7,5808,3401,2407
2692,1998,8,5818,3401,2417
2692,1998,9,5828,3401,2427
2692,1998,10,5839,3401,2438
2692,1998,11,5849,3401,2448
2692,1998,12,5858,4536,1322
2693,1997,11,1100,0,1100
2693,1997,12,25456,0,25456
2693,1998,1,15736,4700,11036
2693,1998,2,15775,7700,8075
2693,1998,3,15793,15200,593
2693,1998,4,15797,14415,1382
2693,1998,5,15805,15267,538
2693,1998,6,23581,28167,-4586
2693,1998,7,15791,13667,2124
2693,1998,8,15798,13867,1931
2693,1998,9,15813,15767,46
2693,1998,10,15801,15367,434
2693,1998,11,15816,9667,6149
2693,1998,12,23629,19632,3997
2694,1993,3,18339,0,18339
2694,1993,4,23229,0,23229
2694,1993,5,17782,9400,8382
2694,1993,6,26628,12000,14628
2694,1993,7,17805,29647,-11842
2694,1993,8,17780,23347,-5567
2694,1993,9,17761,25647,-7886
2694,1993,10,17746,20047,-2301
2694,1993,11,17753,16387,1366
2694,1993,12,26572,21747,4825
2694,1994,1,17728,28247,-10519
2694,1994,2,18051,11547,6504
2694,1994,3,17751,17283,468
2694,1994,4,17747,22863,-5116
2694,1994,5,17740,14583,3157
2694,1994,6,26565,18603,7962
2694,1994,7,17780,24483,-6703
2694,1994,8,17775,17383,392
2694,1994,9,17755,20103,-2348
2694,1994,10,17750,20223,-2473
2694,1994,11,17744,17283,461
2694,1994,12,26554,20983,5571
2694,1995,1,22339,31503,-9164
2694,1995,2,19420,16703,2717
2694,1995,3,17734,26747,-9013
2694,1995,4,17724,9047,8677
2694,1995,5,17727,20887,-3160
2694,1995,6,28701,32107,-3406
2694,1995,7,17723,18247,-524
2694,1995,8,17710,14507,3203
2694,1995,9,17718,24347,-6629
2694,1995,10,17717,5347,12370
2694,1995,11,17734,19567,-1833
2694,1995,12,26561,19407,7154
2694,1996,1,25131,33427,-8296
2694,1996,2,19632,18727,905
2694,1996,3,18559,10547,8012
2694,1996,4,17783,13447,4336
2694,1996,5,17787,18647,-860
2694,1996,6,34943,45267,-10324
2694,1996,7,18439,13947,4492
2694,1996,8,18158,14667,3491
2694,1996,9,17772,15047,2725
2694,1996,10,17777,17747,30
2694,1996,11,17794,27287,-9493
2694,1996,12,26570,13947,12623
2694,1997,1,17760,28347,-10587
2694,1997,2,20770,18227,2543
2694,1997,3,17791,11847,5944
2694,1997,4,17805,8047,9758
2694,1997,5,17829,13847,3982
2694,1997,6,26640,32727,-6087
2694,1997,7,17814,16067,1747
2694,1997,8,17825,17687,138
2694,1997,9,18736,11947,6789
2694,1997,10,17835,28147,-10312
2694,1997,11,17829,6947,10882
2694,1997,12,26648,24967,1681
2694,1998,1,17837,46247,-28410
2694,1998,2,21066,9427,11639
2694,1998,3,26440,9947,16493
2694,1998,4,17859,19007,-1148
2694,1998,5,17863,20147,-2284
2694,1998,6,34462,46607,-12145
2694,1998,7,17786,17927,-141
2694,1998,8,23733,8947,14786
2694,1998,9,17863,21847,-3984
2694,1998,10,17862,14547,3315
2694,1998,11,17879,5147,12732
2694,1998,12,26731,20392,6339
2695,1993,9,700,0,700
2695,1993,10,22656,0,22656
2695,1993,11,20928,9600,11328
2695,1993,12,31373,22400,8973
2695,1994,1,20990,19800,1190
2695,1994,2,20989,22415,-1426
2695,1994,3,20985,23838,-2853
2695,1994,4,20972,23138,-2166
2695,1994,5,20962,21138,-176
2695,1994,6,31370,36898,-5528
2695,1994,7,20948,18538,2410
2695,1994,8,20971,15438,5533
2695,1994,9,20996,11638,9358
2695,1994,10,21026,14738,6288
2695,1994,11,21039,18438,2601
2695,1994,12,31469,22018,9451
2695,1995,1,21040,41478,-20438
2695,1995,2,21006,15738,5268
2695,1995,3,21034,15938,5096
2695,1995,4,21035,21538,-503
2695,1995,5,21049,16238,4811
2695,1995,6,31412,57818,-26406
2695,1995,7,20984,7938,13046
2695,1995,8,21033,10838,10195
2695,1995,9,21046,20438,608
2695,1995,10,21036,22358,-1322
2695,1995,11,21036,18558,2478
2695,1995,12,31485,19758,11727
2695,1996,1,21036,49918,-28882
2695,1996,2,21014,7638,13376
2695,1996,3,21037,17838,3199
2695,1996,4,21044,19738,1306
2695,1996,5,21058,17238,3820
2695,1996,6,31444,56618,-25174
2695,1996,7,21007,5938,15069
2695,1996,8,21046,24538,-3492
2695,1996,9,21042,23278,-2236
2695,1996,10,21048,17598,3450
2695,1996,11,21065,16338,4727
2695,1996,12,31499,26738,4761
2695,1997,1,21075,33618,-12543
2695,1997,2,21050,15538,5512
2695,1997,3,21071,24338,-3267
2695,1997,4,21059,17538,3521
2695,1997,5,21071,21338,-267
2695,1997,6,31495,24638,6857
2695,1997,7,21072,25418,-4346
2695,1997,8,21077,18738,2339
2695,1997,9,21083,21838,-755
2695,1997,10,21080,19838,1242
2695,1997,11,21083,20238,845
2695,1997,12,31494,28438,3056
2695,1998,1,21064,25878,-4814
2695,1998,2,21081,14758,6323
2695,1998,3,21107,18238,2869
2695,1998,4,21116,18938,2178
2695,1998,5,21127,16938,4189
2695,1998,6,31582,37178,-5596
2695,1998,7,21127,10118,11009
2695,1998,8,21162,17538,3624
2695,1998,9,21154,22938,-1784
2695,1998,10,21134,26938,-5804
2695,1998,11,21146,14838,6308
2695,1998,12,31579,28823,2756
2696,1997,1,600,0,600
2696,1997,2,4673,0,4673
2696,1997,3,4673,0,4673
2696,1997,4,4673,0,4673
2696,1997,5,4673,0,4673
2696,1997,6,4704,5565,-861
2696,1997,7,4754,3130,1624
2696,1997,8,4759,6690,-1931
2696,1997,9,4753,3130,1623
2696,1997,10,4748,5930,-1182
2696,1997,11,4755,3130,1625
2696,1997,12,4753,7410,-2657
2696,1998,1,4737,8730,-3993
2696,1998,2,4726,4890,-164
2696,1998,3,4733,3130,1603
2696,1998,4,4740,3130,1610
2696,1998,5,4746,3130,1616
2696,1998,6,4753,3130,1623
2696,1998,7,4760,3130,1630
2696,1998,8,4767,3130,1637
2696,1998,9,4773,3130,1643
2696,1998,10,4778,5610,-832
2696,1998,11,4771,4170,601
2696,1998,12,4765,8185,-3420
2697,1993,6,200,0,200
2697,1993,7,14436,0,14436
2697,1993,8,7792,0,7792
2697,1993,9,6320,3800,2520
2697,1993,10,6328,5600,728
2697,1993,11,6337,5635,702
2697,1993,12,9456,10804,-1348
2697,1994,1,10110,19404,-9294
2697,1994,2,8597,5364,3233
2697,1994,3,9015,4164,4851
2697,1994,4,6329,6164,165
2697,1994,5,6330,6164,166
2697,1994,6,9453,5564,3889
2697,1994,7,6842,11124,-4282
2697,1994,8,8321,9444,-1123
2697,1994,9,7228,4164,3064
2697,1994,10,6340,4164,2176
2697,1994,11,6344,6664,-320
2697,1994,12,9448,11324,-1876
2697,1995,1,9113,15324,-6211
2697,1995,2,10220,4884,5336
2697,1995,3,6332,5964,368
2697,1995,4,6336,4664,1672
2697,1995,5,6340,6064,276
2697,1995,6,9460,7364,2096
2697,1995,7,6347,7264,-917
2697,1995,8,6346,10184,-3838
2697,1995,9,6642,4164,2478
2697,1995,10,7648,4164,3484
2697,1995,11,6350,7564,-1214
2697,1995,12,9456,11324,-1868
2697,1996,1,13700,26244,-12544
2697,1996,2,11806,4764,7042
2697,1996,3,6311,10604,-4293
2697,1996,4,12222,4164,8058
2697,1996,5,9446,5004,4442
2697,1996,6,9466,13464,-3998
2697,1996,7,10352,4164,6188
2697,1996,8,6354,8064,-1710
2697,1996,9,10472,4164,6308
2697,1996,10,8291,4164,4127
2697,1996,11,6398,5464,934
2697,1996,12,9508,11864,-2356
2697,1997,1,6357,25324,-18967
2697,1997,2,15548,4164,11384
2697,1997,3,11780,9204,2576
2697,1997,4,9884,5964,3920
2697,1997,5,6887,7044,-157
2697,1997,6,13225,4164,9061
2697,1997,7,7130,4164,2966
2697,1997,8,6425,8464,-2039
2697,1997,9,6427,5364,1063
2697,1997,10,7538,7524,14
2697,1997,11,8142,4164,3978
2697,1997,12,13085,7684,5401
2697,1998,1,20953,27524,-6571
2697,1998,2,6448,4164,2284
2697,1998,3,13574,8604,4970
2697,1998,4,6478,4164,2314
2697,1998,5,6486,7564,-1078
2697,1998,6,25327,31684,-6357
2697,1998,7,11657,4884,6773
2697,1998,8,7985,4164,3821
2697,1998,9,8601,4164,4437
2697,1998,10,10020,4164,5856
2697,1998,11,6538,9364,-2826
2697,1998,12,9646,6869,2777
2698,1997,5,1000,0,1000
2698,1997,6,13600,0,13600
2698,1997,7,42120,10900,31220
2698,1997,8,30938,10100,20838
2698,1997,9,277,17200,-16923
2698,1997,10,277,11500,-11223
2698,1997,11,277,5400,-5123
2698,1997,12,1577,0,1577
2698,1998,1,25151,12100,13051
2698,1998,2,199,10200,-10001
2698,1998,3,199,5100,-4901
2698,1998,4,199,3000,-2801
2698,1998,5,17598,14000,3598
2698,1998,6,141,7600,-7459
2698,1998,7,141,2400,-2259
2698,1998,8,141,1000,-859
2698,1998,9,141,1400,-1259
2698,1998,11,0,2600,-2600
2699,1996,12,300,0,300
2699,1997,1,44934,13100,31834
2699,1997,2,45049,26300,18749
2699,1997,3,45115,39900,5215
2699,1997,4,45138,56500,-11362
2699,1997,5,45172,30415,14757
2699,1997,6,67651,82420,-14769
2699,1997,7,45159,36720,8439
2699,1997,8,45179,48420,-3241
2699,1997,9,45144,41620,3524
2699,1997,10,45187,40420,4767
2699,1997,11,45197,43520,1677
2699,1997,12,67599,88033,-20434
2699,1998,1,45072,63220,-18148
2699,1998,2,45075,17620,27455
2699,1998,3,45107,62700,-17593
2699,1998,4,45073,43820,1253
2699,1998,5,45076,51918,-6842
2699,1998,6,67574,33620,33954
2699,1998,7,45190,39320,5870
2699,1998,8,45138,64920,-19782
2699,1998,9,45086,61832,-16746
2699,1998,10,45087,23136,21951
2699,1998,11,45164,38060,7104
2699,1998,12,67604,73096,-5492
2700,1993,11,1100,0,1100
2700,1993,12,45724,11900,33824
2700,1994,1,30586,20700,9886
2700,1994,2,30699,26600,4099
2700,1994,3,30644,28200,2444
2700,1994,4,30569,56811,-26242
2700,1994,5,30531,29311,1220
2700,1994,6,45736,46111,-375
2700,1994,7,30551,32011,-1460
2700,1994,8,30975,27482,3493
2700,1994,9,30529,38411,-7882
2700,1994,10,30528,26411,4117
2700,1994,11,30562,19011,11551
2700,1994,12,45814,34046,11768
2700,1995,1,30542,53650,-23108
2700,1995,2,30540,33773,-3233
2700,1995,3,30561,16611,13950
2700,1995,4,30596,22411,8185
2700,1995,5,30608,28411,2197
2700,1995,6,45789,63797,-18008
2700,1995,7,30529,37490,-6961
2700,1995,8,30534,26411,4123
2700,1995,9,30560,30011,549
2700,1995,10,30536,33611,-3075
2700,1995,11,30522,33142,-2620
2700,1995,12,45752,41111,4641
2700,1996,1,30527,36711,-6184
2700,1996,2,30494,31742,-1248
2700,1996,3,30522,26211,4311
2700,1996,4,30518,34111,-3593
2700,1996,5,30513,29511,1002
2700,1996,6,45706,40939,4767
2700,1996,7,30528,34111,-3583
2700,1996,8,30511,23353,7158
2700,1996,9,30536,32588,-2052
2700,1996,10,30528,36011,-5483
2700,1996,11,30503,35511,-5008
2700,1996,12,45721,39811,5910
2700,1997,1,30521,25311,5210
2700,1997,2,30563,22319,8244
2700,1997,3,30548,31068,-520
2700,1997,4,30544,45511,-14967
2700,1997,5,30510,23211,7299
2700,1997,6,45703,52911,-7208
2700,1997,7,30518,19218,11300
2700,1997,8,30562,28311,2251
2700,1997,9,30523,47011,-16488
2700,1997,10,30515,14811,15704
2700,1997,11,30572,34741,-4169
2700,1997,12,45735,49611,-3876
2700,1998,1,30529,28311,2218
2700,1998,2,30562,14811,15751
2700,1998,3,30632,21707,8925
2700,1998,4,30637,26511,4126
2700,1998,5,30589,63114,-32525
2700,1998,6,45731,40902,4829
2700,1998,7,30564,22821,7743
2700,1998,8,30556,38762,-8206
2700,1998,9,30554,14811,15743
2700,1998,10,30628,50911,-20283
2700,1998,11,30547,14811,15736
2700,1998,12,45720,61596,-15876
2701,1993,7,300,0,300
2701,1993,8,17390,0,17390
2701,1993,9,9457,700,8757
2701,1993,10,9489,6000,3489
2701,1993,11,9502,7700,1802
2701,1993,12,14214,12184,2030
2701,1994,1,12074,27105,-15031
2701,1994,2,9463,6265,3198
2701,1994,3,10467,8425,2042
2701,1994,4,9881,10585,-704
2701,1994,5,9481,7365,2116
2701,1994,6,14160,17885,-3725
2701,1994,7,9473,8165,1308
2701,1994,8,9481,6465,3016
2701,1994,9,9491,7765,1726
2701,1994,10,9498,8265,1233
2701,1994,11,9502,8765,737
2701,1994,12,14198,13645,553
2701,1995,1,9478,25305,-15827
2701,1995,2,14454,6265,8189
2701,1995,3,10581,6265,4316
2701,1995,4,9488,12165,-2677
2701,1995,5,9471,10165,-694
2701,1995,6,14175,15605,-1430
2701,1995,7,9984,6265,3719
2701,1995,8,10595,6865,3730
2701,1995,9,9492,14945,-5453
2701,1995,10,11089,6265,4824
2701,1995,11,9505,7065,2440
2701,1995,12,14195,15865,-1670
2701,1996,1,15579,22625,-7046
2701,1996,2,9780,6265,3515
2701,1996,3,10998,6265,4733
2701,1996,4,9505,9465,40
2701,1996,5,9506,9065,441
2701,1996,6,14206,10265,3941
2701,1996,7,9529,7165,2364
2701,1996,8,9518,15385,-5867
2701,1996,9,17139,6265,10874
2701,1996,10,14376,6265,8111
2701,1996,11,9590,7465,2125
2701,1996,12,16600,8985,7615
2701,1997,1,13875,33465,-19590
2701,1997,2,18469,11425,7044
2701,1997,3,10987,6265,4722
2701,1997,4,12206,8305,3901
2701,1997,5,9612,7865,1747
2701,1997,6,14814,19225,-4411
2701,1997,7,12114,6265,5849
2701,1997,8,9613,10565,-952
2701,1997,9,10428,6265,4163
2701,1997,10,9631,9365,266
2701,1997,11,9622,12065,-2443
2701,1997,12,14296,18065,-3769
2701,1998,1,9548,32185,-22637
2701,1998,2,20461,6265,14196
2701,1998,3,10956,15525,-4569
2701,1998,4,9663,6265,3398
2701,1998,5,9569,8965,604
2701,1998,6,15866,35225,-19359
2701,1998,7,18129,6965,11164
2701,1998,8,11143,8165,2978
2701,1998,9,9560,7865,1695
2701,1998,10,11666,8265,3401
2701,1998,11,9579,10765,-1186
2701,1998,12,14271,10730,3541
2702,1996,2,25523,0,25523
2702,1996,3,26233,0,26233
2702,1996,4,24704,10100,14604
2702,1996,5,24727,43800,-19073
2702,1996,6,36954,30352,6602
2702,1996,7,24755,29581,-4826
2702,1996,8,24693,25801,-1108
2702,1996,9,24702,24981,-279
2702,1996,10,24693,27901,-3208
2702,1996,11,24675,26121,-1446
2702,1996,12,36919,37981,-1062
2702,1997,1,24638,32281,-7643
2702,1997,2,24641,22481,2160
2702,1997,3,24647,28181,-3534
2702,1997,4,24635,22981,1654
2702,1997,5,24635,28781,-4146
2702,1997,6,36771,44981,-8210
2702,1997,7,24575,29681,-5106
2702,1997,8,24547,27761,-3214
2702,1997,9,24569,3581,20988
2702,1997,10,24620,33681,-9061
2702,1997,11,24583,29581,-4998
2702,1997,12,36810,35221,1589
2702,1998,1,24551,30161,-5610
2702,1998,2,24553,23181,1372
2702,1998,3,24560,23581,979
2702,1998,4,24557,27881,-3324
2702,1998,5,24577,3581,20996
2702,1998,6,36850,53181,-16331
2702,1998,7,24596,3581,21015
2702,1998,8,24620,39781,-15161
2702,1998,9,24563,34981,-10418
2702,1998,10,24577,3581,20996
2702,1998,11,24582,45881,-21299
2702,1998,12,36825,9786,27039
2703,1997,10,1000,0,1000
2703,1997,11,3124,0,3124
2703,1997,12,3124,0,3124
2703,1998,1,3124,0,3124
2703,1998,2,3124,0,3124
2703,1998,3,3126,15,3111
2703,1998,4,3191,3537,-346
2703,1998,5,3195,2097,1098
2703,1998,6,3197,4927,-1730
2703,1998,7,3192,2097,1095
2703,1998,8,3197,2097,1100
2703,1998,9,3199,2427,772
2703,1998,10,3204,3147,57
2703,1998,11,3205,2097,1108
2703,1998,12,3207,2592,615
2705,1993,7,16297,0,16297
2705,1993,8,21179,0,21179
2705,1993,9,15839,3900,11939
2705,1993,10,15863,12900,2963
2705,1993,11,15838,21500,-5662
2705,1993,12,23627,46474,-22847
2705,1994,1,17846,20931,-3085
2705,1994,2,15743,13431,2312
2705,1994,3,17557,13431,4126
2705,1994,4,15762,16831,-1069
2705,1994,5,16968,14131,2837
2705,1994,6,23612,21676,1936
2705,1994,7,15784,17331,-1547
2705,1994,8,15778,14531,1247
2705,1994,9,18877,24062,-5185
2705,1994,10,15762,14431,1331
2705,1994,11,16261,17835,-1574
2705,1994,12,23606,18431,5175
2705,1995,1,18450,26031,-7581
2705,1995,2,19653,13431,6222
2705,1995,3,17378,13431,3947
2705,1995,4,19858,25431,-5573
2705,1995,5,15770,14231,1539
2705,1995,6,23622,16231,7391
2705,1995,7,19873,28408,-8535
2705,1995,8,20869,23931,-3062
2705,1995,9,21365,13431,7934
2705,1995,10,16092,13431,2661
2705,1995,11,16404,13431,2973
2705,1995,12,23742,21531,2211
2705,1996,1,20069,30651,-10582
2705,1996,2,21674,24358,-2684
2705,1996,3,21978,13431,8547
2705,1996,4,15804,13831,1973
2705,1996,5,24178,28500,-4322
2705,1996,6,23633,19431,4202
2705,1996,7,18116,13431,4685
2705,1996,8,22476,37823,-15347
2705,1996,9,21579,13431,8148
2705,1996,10,20811,13431,7380
2705,1996,11,26209,28131,-1922
2705,1996,12,23651,24323,-672
2705,1997,1,20990,34923,-13933
2705,1997,2,23778,13423,10355
2705,1997,3,15778,26623,-10845
2705,1997,4,22475,13523,8952
2705,1997,5,17192,17623,-431
2705,1997,6,24242,13523,10719
2705,1997,7,15794,35502,-19708
2705,1997,8,20574,12623,7951
2705,1997,9,18801,13123,5678
2705,1997,10,15911,13723,2188
2705,1997,11,15817,23123,-7306
2705,1997,12,26027,20123,5904
2705,1998,1,24774,37323,-12549
2705,1998,2,27205,10823,16382
2705,1998,3,22705,28315,-5610
2705,1998,4,17807,13323,4484
2705,1998,5,18514,20873,-2359
2705,1998,6,37660,35273,2387
2705,1998,7,40360,28222,12138
2705,1998,8,27079,31337,-4258
2705,1998,9,36062,37965,-1903
2705,1998,10,31189,26129,5060
2705,1998,11,25795,25641,154
2705,1998,12,36720,26723,9997
2706,1996,6,1100,0,1100
2706,1996,7,12400,0,12400
2706,1996,8,7700,0,7700
2706,1996,9,7400,0,7400
2706,1996,10,0,800,-800
2706,1996,11,0,100,-100
2706,1996,12,0,1600,-1600
2706,1997,1,900,0,900
2706,1997,2,800,0,800
2706,1997,3,0,700,-700
2706,1997,4,0,5100,-5100
2706,1997,5,1500,0,1500
2706,1997,6,900,0,900
2706,1997,7,200,0,200
2706,1997,8,0,500,-500
2706,1997,9,2800,0,2800
2706,1997,10,0,700,-700
2706,1997,11,1700,0,1700
2706,1997,12,0,3300,-3300
2706,1998,1,0,4300,-4300
2706,1998,2,800,0,800
2706,1998,3,0,5500,-5500
2706,1998,4,3600,0,3600
2706,1998,5,3400,0,3400
2706,1998,6,2700,0,2700
2706,1998,7,6000,0,6000
2706,1998,8,2700,0,2700
2706,1998,9,0,4000,-4000
2706,1998,10,1700,0,1700
2706,1998,11,3500,0,3500
2706,1998,12,1200,0,1200
2707,1994,11,400,0,400
2707,1994,12,13400,0,13400
2707,1995,1,142812,68115,74697
2707,1995,2,33088,63993,-30905
2707,1995,3,56214,88356,-32142
2707,1995,4,45444,23793,21651
2707,1995,5,8110,21432,-13322
2707,1995,6,45485,27193,18292
2707,1995,7,74933,67051,7882
2707,1995,8,96852,56793,40059
2707,1995,9,94476,146981,-52505
2707,1995,10,60149,55249,4900
2707,1995,11,31690,12893,18797
2707,1995,12,92690,114435,-21745
2707,1996,1,12026,31093,-19067
2707,1996,2,11420,17571,-6151
2707,1996,3,12102,5593,6509
2707,1996,4,40118,14393,25725
2707,1996,5,35959,26993,8966
2707,1996,6,57495,62294,-4799
2707,1996,7,22882,31332,-8450
2707,1996,8,35280,11493,23787
2707,1996,9,258,27293,-27035
2707,1996,10,777,13208,-12431
2707,1996,11,11635,16645,-5010
2707,1996,12,9223,12193,-2970
2707,1997,1,78712,48130,30582
2707,1997,2,201,20348,-20147
2707,1997,3,12368,19911,-7543
2707,1997,4,35320,5593,29727
2707,1997,5,12366,43610,-31244
2707,1997,6,38221,28993,9228
2707,1997,7,57794,25693,32101
2707,1997,8,254,14793,-14539
2707,1997,9,85476,34853,50623
2707,1997,10,61329,71254,-9925
2707,1997,11,47291,60293,-13002
2707,1997,12,144879,137393,7486
2707,1998,1,275,49296,-49021
2707,1998,2,11594,5593,6001
2707,1998,3,16808,19759,-2951
2707,1998,4,14907,13788,1119
2707,1998,5,19678,35999,-16321
2707,1998,6,20639,20446,193
2707,1998,7,13350,5593,7757
2707,1998,8,11139,22385,-11246
2707,1998,9,20958,5593,15365
2707,1998,10,13789,16735,-2946
2707,1998,11,12082,5593,6489
2707,1998,12,10996,8878,2118
2708,1996,3,400,0,400
2708,1996,4,23796,0,23796
2708,1996,5,21486,9400,12086
2708,1996,6,32223,19400,12823
2708,1996,7,21576,21500,76
2708,1996,8,21580,18415,3165
2708,1996,9,21588,24715,-3127
2708,1996,10,21588,24355,-2767
2708,1996,11,21568,19915,1653
2708,1996,12,32269,28135,4134
2708,1997,1,21592,33755,-12163
2708,1997,2,21548,16975,4573
2708,1997,3,21574,20155,1419
2708,1997,4,21565,20915,650
2708,1997,5,21568,20515,1053
2708,1997,6,32215,42175,-9960
2708,1997,7,21535,18415,3120
2708,1997,8,21558,13515,8043
2708,1997,9,21576,21315,261
2708,1997,10,21580,19915,1665
2708,1997,11,21576,24815,-3239
2708,1997,12,32265,29695,2570
2708,1998,1,21576,30935,-9359
2708,1998,2,21563,14515,7048
2708,1998,3,21563,25015,-3452
2708,1998,4,21604,24315,-2711
2708,1998,5,21543,24315,-2772
2708,1998,6,32254,53595,-21341
2708,1998,7,31119,15,31104
2708,1998,8,21603,9215,12388
2708,1998,9,21640,15215,6425
2708,1998,10,21651,19235,2416
2708,1998,11,21659,22715,-1056
2708,1998,12,32368,24200,8168
2709,1996,10,600,0,600
2709,1996,11,3037,0,3037
2709,1996,12,3037,0,3037
2709,1997,1,3037,0,3037
2709,1997,2,3037,0,3037
2709,1997,3,3076,2683,393
2709,1997,4,3094,2489,605
2709,1997,5,3095,2789,306
2709,1997,6,3099,2039,1060
2709,1997,7,3103,2039,1064
2709,1997,8,3104,3299,-195
2709,1997,9,3107,2609,498
2709,1997,10,3107,2759,348
2709,1997,11,3110,2039,1071
2709,1997,12,3114,2399,715
2709,1998,1,3103,8099,-4996
2709,1998,2,3097,2039,1058
2709,1998,3,3101,2219,882
2709,1998,4,3105,2039,1066
2709,1998,5,3109,2039,1070
2709,1998,6,3103,7199,-4096
2709,1998,7,3097,2039,1058
2709,1998,8,3101,2039,1062
2709,1998,9,3101,3389,-288
2709,1998,10,3104,2039,1065
2709,1998,11,3109,2039,1070
2709,1998,12,3111,3224,-113
2710,1996,6,800,0,800
2710,1996,7,49521,0,49521
2710,1996,8,209,16200,-15991
2710,1996,9,49444,28300,21144
2710,1996,10,230,15900,-15670
2710,1996,11,39278,5600,33678
2710,1996,12,242836,220815,22021
2710,1997,1,41074,112515,-71441
2710,1997,2,28761,22189,6572
2710,1997,3,127,5815,-5688
2710,1997,4,11530,15,11515
2710,1997,5,35159,28804,6355
2710,1997,6,118,18015,-17897
2710,1997,7,142706,88915,53791
2710,1997,8,172224,192415,-20191
2710,1997,9,88094,71715,16379
2710,1997,10,220,40080,-39860
2710,1997,11,67684,35515,32169
2710,1997,12,110914,79615,31299
2710,1998,1,50166,76415,-26249
2710,1998,2,285,33838,-33553
2710,1998,3,24289,20803,3486
2710,1998,4,173,9315,-9142
2710,1998,5,136,7215,-7079
2710,1998,6,107,515,-408
2710,1998,7,22021,3315,18706
2710,1998,8,181,14115,-13934
2710,1998,9,25066,24481,585
2710,1998,10,37894,37329,565
2710,1998,11,31621,23115,8506
2710,1998,12,160,16200,-16040
2711,1993,5,400,0,400
2711,1993,6,30000,3700,26300
2711,1993,7,20099,9600,10499
2711,1993,8,20128,17500,2628
2711,1993,9,20140,17000,3140
2711,1993,10,20142,25615,-5473
2711,1993,11,20126,21415,-1289
2711,1993,12,30139,26115,4024
2711,1994,1,20136,32715,-12579
2711,1994,2,20093,16515,3578
2711,1994,3,20111,16715,3396
2711,1994,4,20125,16115,4010
2711,1994,5,20128,21815,-1687
2711,1994,6,30108,36695,-6587
2711,1994,7,20106,16215,3891
2711,1994,8,20127,18495,1632
2711,1994,9,20110,22915,-2805
2711,1994,10,20102,21615,-1513
2711,1994,11,20108,17815,2293
2711,1994,12,30096,30935,-839
2711,1995,1,20094,30255,-10161
2711,1995,2,20082,15315,4767
2711,1995,3,20092,17515,2577
2711,1995,4,20096,21435,-1339
2711,1995,5,20099,17315,2784
2711,1995,6,30100,27175,2925
2711,1995,7,20098,27635,-7537
2711,1995,8,20071,25655,-5584
2711,1995,9,20102,8015,12087
2711,1995,10,20125,19055,1070
2711,1995,11,20141,12615,7526
2711,1995,12,30151,27355,2796
2711,1996,1,20142,27295,-7153
2711,1996,2,20136,18015,2121
2711,1996,3,20145,18015,2130
2711,1996,4,20152,18315,1837
2711,1996,5,20120,34215,-14095
2711,1996,6,30081,30255,-174
2711,1996,7,20112,14815,5297
2711,1996,8,20125,25575,-5450
2711,1996,9,20121,18115,2006
2711,1996,10,20128,20715,-587
2711,1996,11,20124,18275,1849
2711,1996,12,30132,26575,3557
2711,1997,1,20131,26315,-6184
2711,1997,2,20126,19095,1031
2711,1997,3,20124,20015,109
2711,1997,4,20124,18515,1609
2711,1997,5,20140,19715,425
2711,1997,6,30142,22815,7327
2711,1997,7,20157,23615,-3458
2711,1997,8,20143,20415,-272
2711,1997,9,20141,20015,126
2711,1997,10,20139,22315,-2176
2711,1997,11,20130,21015,-885
2711,1997,12,30124,28775,1349
2711,1998,1,20123,28795,-8672
2711,1998,2,20100,14215,5885
2711,1998,3,20125,14995,5130
2711,1998,4,20147,13715,6432
2711,1998,5,20166,20415,-249
2711,1998,6,30130,36055,-5925
2711,1998,7,20142,17115,3027
2711,1998,8,20142,25115,-4973
2711,1998,9,20129,18915,1214
2711,1998,10,20143,13015,7128
2711,1998,11,20168,19435,733
2711,1998,12,30171,21300,8871
2712,1993,3,400,0,400
2712,1993,4,6604,0,6604
2712,1993,5,6604,0,6604
2712,1993,6,6604,0,6604
2712,1993,7,6604,0,6604
2712,1993,8,6609,15,6594
2712,1993,9,6737,8871,-2134
2712,1993,10,6729,7991,-1262
2712,1993,11,6737,3491,3246
2712,1993,12,6736,8941,-2205
2712,1994,1,6726,10751,-4025
2712,1994,2,6718,6911,-193
2712,1994,3,6723,3591,3132
2712,1994,4,6730,5691,1039
2712,1994,5,6730,6991,-261
2712,1994,6,6719,13231,-6512
2712,1994,7,6715,2991,3724
2712,1994,8,6713,7731,-1018
2712,1994,9,6719,5091,1628
2712,1994,10,6720,9831,-3111
2712,1994,11,6720,2991,3729
2712,1994,12,6735,3541,3194
2712,1995,1,6717,16891,-10174
2712,1995,2,6700,6111,589
2712,1995,3,6709,2991,3718
2712,1995,4,6705,8191,-1486
2712,1995,5,6718,2991,3727
2712,1995,6,6695,15241,-8546
2712,1995,7,6687,6271,416
2712,1995,8,6700,2991,3709
2712,1995,9,6712,4511,2201
2712,1995,10,6724,2991,3733
2712,1995,11,6740,2991,3749
2712,1995,12,6754,5591,1163
2712,1996,1,6740,13951,-7211
2712,1996,2,6723,5071,1652
2712,1996,3,6737,3191,3546
2712,1996,4,6742,8311,-1569
2712,1996,5,6744,4391,2353
2712,1996,6,6719,14391,-7672
2712,1996,7,6717,6271,446
2712,1996,8,6722,5191,1531
2712,1996,9,6730,3591,3139
2712,1996,10,6735,9291,-2556
2712,1996,11,6727,7291,-564
2712,1996,12,6721,9541,-2820
2712,1997,1,6697,15971,-9274
2712,1997,2,6680,3091,3589
2712,1997,3,6690,6191,499
2712,1997,4,6686,8951,-2265
2712,1997,5,6682,6491,191
2712,1997,6,6686,6341,345
2712,1997,7,6686,6691,-5
2712,1997,8,6688,3791,2897
2712,1997,9,6689,9491,-2802
2712,1997,10,6679,8391,-1712
2712,1997,11,6682,2991,3691
2712,1997,12,6692,4571,2121
2712,1998,1,6691,12431,-5740
2712,1998,2,6682,2991,3691
2712,1998,3,6698,2991,3707
2712,1998,4,6713,2991,3722
2712,1998,5,6729,2991,3738
2712,1998,6,6735,8991,-2256
2712,1998,7,6735,2991,3744
2712,1998,8,6750,2991,3759
2712,1998,9,6766,2991,3775
2712,1998,10,6781,2991,3790
2712,1998,11,6797,2991,3806
2712,1998,12,6716,36776,-30060
2713,1994,4,6939,0,6939
2713,1994,5,6451,0,6451
2713,1994,6,6451,0,6451
2713,1994,7,6451,0,6451
2713,1994,8,6513,5902,611
2713,1994,9,6550,6802,-252
2713,1994,10,6553,7602,-1049
2713,1994,11,6541,7842,-1301
2713,1994,12,6529,7002,-473
2713,1995,1,6499,14282,-7783
2713,1995,2,6504,3402,3102
2713,1995,3,6509,3502,3007
2713,1995,4,6522,3402,3120
2713,1995,5,6535,3402,3133
2713,1995,6,6534,12402,-5868
2713,1995,7,6523,5002,1521
2713,1995,8,6535,4802,1733
2713,1995,9,6530,6282,248
2713,1995,10,6533,7962,-1429
2713,1995,11,6533,5162,1371
2713,1995,12,6534,6552,-18
2713,1996,1,6517,17212,-10695
2713,1996,2,6501,3402,3099
2713,1996,3,6506,3402,3104
2713,1996,4,6513,6682,-169
2713,1996,5,6514,5242,1272
2713,1996,6,6513,7652,-1139
2713,1996,7,6519,3402,3117
2713,1996,8,6532,3402,3130
2713,1996,9,6545,3402,3143
2713,1996,10,6558,3402,3156
2713,1996,11,6571,3402,3169
2713,1996,12,6583,3902,2681
2713,1997,1,6577,14002,-7425
2713,1997,2,6571,3402,3169
2713,1997,3,6577,6682,-105
2713,1997,4,6577,3402,3175
2713,1997,5,6583,6842,-259
2713,1997,6,6562,17502,-10940
2713,1997,7,6543,3402,3141
2713,1997,8,6556,3402,3154
2713,1997,9,6577,3402,3175
2713,1997,10,6582,3402,3180
2713,1997,11,6596,3402,3194
2713,1997,12,6610,3952,2658
2713,1998,1,6602,11752,-5150
2713,1998,2,6605,3402,3203
2713,1998,3,6612,3402,3210
2713,1998,4,6622,6042,580
2713,1998,5,6627,3402,3225
2713,1998,6,6617,20062,-13445
2713,1998,7,6582,4602,1980
2713,1998,8,6601,3402,3199
2713,1998,9,6614,3402,3212
2713,1998,10,6627,3402,3225
2713,1998,11,6639,4122,2517
2713,1998,12,6642,3987,2655
2714,1993,1,800,0,800
2714,1993,2,1300,0,1300
2714,1993,3,19837,0,19837
2714,1993,4,3992,0,3992
2714,1993,5,10055,7515,2540
2714,1993,6,1419,815,604
2714,1993,7,1419,5815,-4396
2714,1993,8,1403,1115,288
2714,1993,9,1404,915,489
2714,1993,10,1405,3615,-2210
2714,1993,11,30401,14565,15836
2714,1993,12,1457,9315,-7858
2714,1994,1,4897,17065,-12168
2714,1994,2,1681,15,1666
2714,1994,3,3389,15,3374
2714,1994,4,33074,17015,16059
2714,1994,5,1461,7515,-6054
2714,1994,6,16845,28315,-11470
2714,1994,7,2497,515,1982
2714,1994,8,1403,815,588
2714,1994,9,2007,15,1992
2714,1994,10,1408,4915,-3507
2714,1994,11,1701,15,1686
2714,1994,12,1404,2915,-1511
2714,1995,1,6068,12065,-5997
2714,1995,2,36263,16165,20098
2714,1995,3,1445,10215,-8770
2714,1995,4,1414,5715,-4301
2714,1995,5,1401,2815,-1414
2714,1995,6,4096,3615,481
2714,1995,7,1399,1465,-66
2714,1995,8,1400,615,785
2714,1995,9,1605,15,1590
2714,1995,10,1408,3665,-2257
2714,1995,11,37774,19215,18559
2714,1995,12,1456,10715,-9259
2714,1996,1,1413,18815,-17402
2714,1996,2,4976,15,4961
2714,1996,3,50726,315,50411
2714,1996,4,1543,24365,-22822
2714,1996,5,1496,13815,-12319
2714,1996,6,1426,20315,-18889
2714,1996,7,7283,2115,5168
2714,1996,8,3400,15,3385
2714,1996,9,1407,915,492
2714,1996,10,34585,5465,29120
2714,1996,11,1492,16915,-15423
2714,1996,12,1423,15115,-13692
2714,1997,1,1372,12215,-10843
2714,1997,2,3570,15,3555
2714,1997,3,1378,815,563
2714,1997,4,1382,415,967
2714,1997,5,29401,1065,28336
2714,1997,6,1447,23215,-21768
2714,1997,7,1400,4115,-2715
2714,1997,8,1402,715,687
2714,1997,9,1805,15,1790
2714,1997,10,1410,1015,395
2714,1997,11,46757,25365,21392
2714,1997,12,1435,19515,-18080
2714,1998,1,1386,15415,-14029
2714,1998,2,1366,15,1351
2714,1998,3,1371,1415,-44
2714,1998,4,1675,15,1660
2714,1998,5,36861,18815,18046
2714,1998,6,1434,10915,-9481
2714,1998,7,1412,2215,-803
2714,1998,8,19251,4065,15186
2714,1998,9,1449,11015,-9566
2714,1998,10,1417,13315,-11898
2714,1998,11,1384,2015,-631
2714,1998,12,1382,3850,-2468
2715,1997,10,4239,0,4239
2715,1997,11,3347,0,3347
2715,1997,12,3347,0,3347
2715,1998,1,3347,0,3347
2715,1998,2,3349,15,3334
2715,1998,3,3404,2234,1170
2715,1998,4,3409,2234,1175
2715,1998,5,3413,3374,39
2715,1998,6,3409,4574,-1165
2715,1998,7,3407,3044,363
2715,1998,8,3411,2954,457
2715,1998,9,3413,2234,1179
2715,1998,10,3418,2234,1184
2715,1998,11,3423,2234,1189
2715,1998,12,3427,2399,1028
2716,1996,1,20900,0,20900
2716,1996,2,21387,0,21387
2716,1996,3,20742,10900,9842
2716,1996,4,20759,18700,2059
2716,1996,5,20748,25860,-5112
2716,1996,6,31017,27620,3397
2716,1996,7,20756,21060,-304
2716,1996,8,20746,23860,-3114
2716,1996,9,20739,21860,-1121
2716,1996,10,20735,21460,-725
2716,1996,11,20726,23560,-2834
2716,1996,12,31011,29640,1371
2716,1997,1,20663,52260,-31597
2716,1997,2,25448,8460,16988
2716,1997,3,20683,15860,4823
2716,1997,4,20675,31240,-10565
2716,1997,5,20650,18560,2090
2716,1997,6,30945,23060,7885
2716,1997,7,20643,40660,-20017
2716,1997,8,20631,20660,-29
2716,1997,9,20630,21060,-430
2716,1997,10,20621,22560,-1939
2716,1997,11,20618,19860,758
2716,1997,12,30914,25460,5454
2716,1998,1,20620,25120,-4500
2716,1998,2,20629,8460,12169
2716,1998,3,20670,30760,-10090
2716,1998,4,20637,12460,8177
2716,1998,5,20664,23560,-2896
2716,1998,6,30930,37820,-6890
2716,1998,7,20624,19760,864
2716,1998,8,20625,20660,-35
2716,1998,9,20622,18860,1762
2716,1998,10,20633,17660,2973
2716,1998,11,20639,22760,-2121
2716,1998,12,30941,9445,21496
2717,1996,7,1000,0,1000
2717,1996,8,3407,0,3407
2717,1996,9,3407,0,3407
2717,1996,10,3407,0,3407
2717,1996,11,3407,0,3407
2717,1996,12,3452,2286,1166
2717,1997,1,3470,6096,-2626
2717,1997,2,3465,2286,1179
2717,1997,3,3470,2286,1184
2717,1997,4,3475,2286,1189
2717,1997,5,3468,6006,-2538
2717,1997,6,3469,2286,1183
2717,1997,7,3474,2286,1188
2717,1997,8,3478,3156,322
2717,1997,9,3477,3726,-249
2717,1997,10,3480,2286,1194
2717,1997,11,3484,2286,1198
2717,1997,12,3489,2706,783
2717,1998,1,3479,8646,-5167
2717,1998,2,3471,2286,1185
2717,1998,3,3475,2976,499
2717,1998,4,3478,2286,1192
2717,1998,5,3483,2286,1197
2717,1998,6,3487,4566,-1079
2717,1998,7,3484,2286,1198
2717,1998,8,3489,2286,1203
2717,1998,9,3493,2386,1107
2717,1998,10,3497,3036,461
2717,1998,11,3500,3306,194
2717,1998,12,3499,4101,-602
2718,1995,2,2706,0,2706
2718,1995,3,13045,0,13045
2718,1995,4,4976,0,4976
2718,1995,5,2292,0,2292
2718,1995,6,1694,11015,-9321
2718,1995,7,4667,15,4652
2718,1995,8,1981,15,1966
2718,1995,9,2389,15,2374
2718,1995,10,1680,5415,-3735
2718,1995,11,4385,2465,1920
2718,1995,12,15478,8915,6563
2718,1996,1,1808,8315,-6507
2718,1996,2,1687,15,1672
2718,1996,3,2992,2715,277
2718,1996,4,2688,4265,-1577
2718,1996,5,42970,17565,25405
2718,1996,6,2633,24715,-22082
2718,1996,7,1702,2815,-1113
2718,1996,8,4900,15,4885
2718,1996,9,1717,3515,-1798
2718,1996,10,1710,2315,-605
2718,1996,11,2109,15,2094
2718,1996,12,8058,5615,2443
2718,1997,1,1701,11015,-9314
2718,1997,2,4591,15,4576
2718,1997,3,1707,2265,-558
2718,1997,4,1703,4365,-2662
2718,1997,5,1693,2215,-522
2718,1997,6,48315,30715,17600
2718,1997,7,1752,13115,-11363
2718,1997,8,1711,6715,-5004
2718,1997,9,28910,815,28095
2718,1997,10,1794,15915,-14121
2718,1997,11,1743,10215,-8472
2718,1997,12,1705,10165,-8460
2718,1998,1,1873,6515,-4642
2718,1998,2,1662,3115,-1453
2718,1998,3,12890,2765,10125
2718,1998,4,1695,5715,-4020
2718,1998,5,1684,1515,169
2718,1998,6,37867,7115,30752
2718,1998,7,1787,16315,-14528
2718,1998,8,1738,9015,-7277
2718,1998,9,1717,3915,-2198
2718,1998,10,1699,8915,-7216
2718,1998,11,1676,4765,-3089
2718,1998,12,4774,2100,2674
2719,1996,2,6470,0,6470
2719,1996,3,5982,0,5982
2719,1996,4,5982,0,5982
2719,1996,5,5982,0,5982
2719,1996,6,5994,11715,-5721
2719,1996,7,6039,3464,2575
2719,1996,8,6049,6264,-215
2719,1996,9,6035,6584,-549
2719,1996,10,6046,5064,982
2719,1996,11,6052,2904,3148
2719,1996,12,6053,6564,-511
2719,1997,1,6036,13644,-7608
2719,1997,2,6031,2904,3127
2719,1997,3,6044,2904,3140
2719,1997,4,6057,2904,3153
2719,1997,5,6066,3304,2762
2719,1997,6,6056,12304,-6248
2719,1997,7,6045,5004,1041
2719,1997,8,6056,4404,1652
2719,1997,9,6066,9104,-3038
2719,1997,10,6054,5804,250
2719,1997,11,6053,4844,1209
2719,1997,12,6053,10134,-4081
2719,1998,1,6024,10694,-4670
2719,1998,2,6023,2904,3119
2719,1998,3,6036,5204,832
2719,1998,4,6040,2904,3136
2719,1998,5,6045,5624,421
2719,1998,6,6037,11004,-4967
2719,1998,7,6034,3304,2730
2719,1998,8,6044,5004,1040
2719,1998,9,6031,11084,-5053
2719,1998,10,6027,4404,1623
2719,1998,11,6030,8804,-2774
2719,1998,12,6024,2889,3135
2720,1997,6,17694,0,17694
2720,1997,7,96323,34100,62223
2720,1997,8,79816,65455,14361
2720,1997,9,50163,69555,-19392
2720,1997,10,116312,121055,-4743
2720,1997,11,16798,37255,-20457
2720,1997,12,129458,145955,-16497
2720,1998,1,126367,69555,56812
2720,1998,2,275,40155,-39880
2720,1998,3,144,22555,-22411
2720,1998,4,60587,12955,47632
2720,1998,5,45479,44615,864
2720,1998,6,24967,42725,-17758
2720,1998,7,20666,29363,-8697
2720,1998,8,86965,70050,16915
2720,1998,9,45543,62563,-17020
2720,1998,10,20980,44953,-23973
2720,1998,11,48543,18508,30035
2720,1998,12,87637,67833,19804
2721,1997,11,300,0,300
2721,1997,12,25274,4700,20574
2721,1998,1,16920,10100,6820
2721,1998,2,16944,11800,5144
2721,1998,3,16954,16200,754
2721,1998,4,16961,19331,-2370
2721,1998,5,16952,18511,-1559
2721,1998,6,25361,30611,-5250
2721,1998,7,16923,18731,-1808
2721,1998,8,16911,18711,-1800
2721,1998,9,16906,17411,-505
2721,1998,10,16906,16711,195
2721,1998,11,16903,17611,-708
2721,1998,12,25321,23516,1805
2722,1997,7,500,0,500
2722,1997,8,5820,0,5820
2722,1997,9,5820,0,5820
2722,1997,10,5820,0,5820
2722,1997,11,5853,300,5553
2722,1997,12,5926,2986,2940
2722,1998,1,5939,3936,2003
2722,1998,2,5944,4486,1458
2722,1998,3,5945,8886,-2941
2722,1998,4,5935,8686,-2751
2722,1998,5,5917,10686,-4769
2722,1998,6,5887,12536,-6649
2722,1998,7,5884,1686,4198
2722,1998,8,5901,1686,4215
2722,1998,9,5908,7606,-1698
2722,1998,10,5912,1686,4226
2722,1998,11,5929,1686,4243
2722,1998,12,5942,4631,1311
2723,1995,3,9141,0,9141
2723,1995,4,17398,0,17398
2723,1995,5,8446,1300,7146
2723,1995,6,12638,4700,7938
2723,1995,7,8493,7815,678
2723,1995,8,8478,12161,-3683
2723,1995,9,8483,6761,1722
2723,1995,10,8487,7661,826
2723,1995,11,8461,17681,-9220
2723,1995,12,12603,13541,-938
2723,1996,1,8414,23001,-14587
2723,1996,2,12502,5561,6941
2723,1996,3,10425,5561,4864
2723,1996,4,8436,8061,375
2723,1996,5,8438,6161,2277
2723,1996,6,12612,7861,4751
2723,1996,7,8454,10361,-1907
2723,1996,8,8451,8961,-510
2723,1996,9,8449,8761,-312
2723,1996,10,8456,6161,2295
2723,1996,11,8442,16981,-8539
2723,1996,12,12596,10561,2035
2723,1997,1,14511,19361,-4850
2723,1997,2,8424,5561,2863
2723,1997,3,10237,8461,1776
2723,1997,4,8432,8441,-9
2723,1997,5,11431,10721,710
2723,1997,6,21085,23001,-1916
2723,1997,7,9539,5561,3978
2723,1997,8,9144,7721,1423
2723,1997,9,8458,11361,-2903
2723,1997,10,8446,9761,-1315
2723,1997,11,8443,6261,2182
2723,1997,12,12605,15101,-2496
2723,1998,1,8401,17561,-9160
2723,1998,2,8402,6561,1841
2723,1998,3,14707,10721,3986
2723,1998,4,8423,7501,922
2723,1998,5,8428,9161,-733
2723,1998,6,12591,13061,-470
2723,1998,7,8405,14061,-5656
2723,1998,8,8398,9161,-763
2723,1998,9,8391,11961,-3570
2723,1998,10,8985,5561,3424
2723,1998,11,11703,5561,6142
2723,1998,12,12594,5546,7048
2724,1996,8,500,0,500
2724,1996,9,21484,0,21484
2724,1996,10,15826,9300,6526
2724,1996,11,15843,12600,3243
2724,1996,12,23728,16200,7528
2724,1997,1,15844,30814,-14970
2724,1997,2,15830,13614,2216
2724,1997,3,15833,17314,-1481
2724,1997,4,15840,11114,4726
2724,1997,5,15851,13614,2237
2724,1997,6,23722,24614,-892
2724,1997,7,15856,17014,-1158
2724,1997,8,15867,9614,6253
2724,1997,9,15878,16814,-936
2724,1997,10,15874,13714,2160
2724,1997,11,15900,9214,6686
2724,1997,12,23794,17314,6480
2724,1998,1,15915,26014,-10099
2724,1998,2,15906,6414,9492
2724,1998,3,15943,11514,4429
2724,1998,4,15947,15714,233
2724,1998,5,15956,21914,-5958
2724,1998,6,23776,25814,-2038
2724,1998,7,15932,9114,6818
2724,1998,8,15956,13014,2942
2724,1998,9,15969,15614,355
2724,1998,10,15976,18914,-2938
2724,1998,11,15963,14014,1949
2724,1998,12,23841,19199,4642
2725,1997,4,21409,0,21409
2725,1997,5,23104,0,23104
2725,1997,6,30616,10400,20216
2725,1997,7,20509,42200,-21691
2725,1997,8,20469,23778,-3309
2725,1997,9,20461,18939,1522
2725,1997,10,20468,17839,2629
2725,1997,11,20470,17639,2831
2725,1997,12,30634,24539,6095
2725,1998,1,20462,38699,-18237
2725,1998,2,20427,19719,708
2725,1998,3,20433,13439,6994
2725,1998,4,20456,19399,1057
2725,1998,5,20467,17339,3128
2725,1998,6,35245,50959,-15714
2725,1998,7,20421,9439,10982
2725,1998,8,20463,17299,3164
2725,1998,9,20469,19039,1430
2725,1998,10,20472,16939,3533
2725,1998,11,20489,14773,5716
2725,1998,12,30672,8558,22114
2726,1995,4,200,0,200
2726,1995,5,25263,0,25263
2726,1995,6,34219,16200,18019
2726,1995,7,22910,18600,4310
2726,1995,8,22918,24300,-1382
2726,1995,9,22923,27512,-4589
2726,1995,10,22911,23512,-601
2726,1995,11,22917,20912,2005
2726,1995,12,34291,35312,-1021
2726,1996,1,22887,27332,-4445
2726,1996,2,22897,20612,2285
2726,1996,3,22894,27432,-4538
2726,1996,4,22891,19012,3879
2726,1996,5,22889,26872,-3983
2726,1996,6,34259,29072,5187
2726,1996,7,22910,18712,4198
2726,1996,8,22912,23312,-400
2726,1996,9,22915,20812,2103
2726,1996,10,22918,23412,-494
2726,1996,11,22923,28192,-5269
2726,1996,12,34277,33212,1065
2726,1997,1,22934,22132,802
2726,1997,2,22936,10212,12724
2726,1997,3,22946,32192,-9246
2726,1997,4,22949,15512,7437
2726,1997,5,22961,17592,5369
2726,1997,6,34379,16312,18067
2726,1997,7,23032,26252,-3220
2726,1997,8,23013,27912,-4899
2726,1997,9,23008,22712,296
2726,1997,10,23017,19912,3105
2726,1997,11,23031,24612,-1581
2726,1997,12,34420,23052,11368
2726,1998,1,23031,37272,-14241
2726,1998,2,23019,17112,5907
2726,1998,3,23055,18312,4743
2726,1998,4,23064,16812,6252
2726,1998,5,23072,23012,60
2726,1998,6,34447,32912,1535
2726,1998,7,23066,25912,-2846
2726,1998,8,23093,14012,9081
2726,1998,9,23122,22012,1110
2726,1998,10,23104,40412,-17308
2726,1998,11,23085,19312,3773
2726,1998,12,34434,37297,-2863
2727,1995,10,300,0,300
2727,1995,11,22197,0,22197
2727,1995,12,21220,7800,13420
2727,1996,1,14222,16100,-1878
2727,1996,2,14215,15700,-1485
2727,1996,3,14211,13415,796
2727,1996,4,14216,12615,1601
2727,1996,5,14217,16615,-2398
2727,1996,6,21260,17435,3825
2727,1996,7,14230,11915,2315
2727,1996,8,14235,14815,-580
2727,1996,9,14232,15675,-1443
2727,1996,10,14247,14295,-48
2727,1996,11,14226,14715,-489
2727,1996,12,21276,27495,-6219
2727,1997,1,15378,30095,-14717
2727,1997,2,14157,4315,9842
2727,1997,3,14187,14495,-308
2727,1997,4,14189,8115,6074
2727,1997,5,14209,11575,2634
2727,1997,6,21270,18635,2635
2727,1997,7,14231,11215,3016
2727,1997,8,14238,15855,-1617
2727,1997,9,14236,14575,-339
2727,1997,10,14237,13015,1222
2727,1997,11,14242,10915,3327
2727,1997,12,21300,20695,605
2727,1998,1,14202,32115,-17913
2727,1998,2,14185,10515,3670
2727,1998,3,14198,11315,2883
2727,1998,4,14204,13815,389
2727,1998,5,14210,11915,2295
2727,1998,6,21230,39495,-18265
2727,1998,7,14152,9275,4877
2727,1998,8,14162,15175,-1013
2727,1998,9,14158,15455,-1297
2727,1998,10,14165,8715,5450
2727,1998,11,14171,14115,56
2727,1998,12,21198,26860,-5662
2728,1997,7,27532,0,27532
2728,1997,8,70949,20300,50649
2728,1997,9,42414,25900,16514
2728,1997,10,394,33800,-33406
2728,1997,11,19273,14930,4343
2728,1997,12,38115,37810,305
2728,1998,1,69581,101052,-31471
2728,1998,2,48533,14352,34181
2728,1998,3,199,27552,-27353
2728,1998,4,23578,13952,9626
2728,1998,5,169,15252,-15083
2728,1998,6,29602,20226,9376
2728,1998,7,8358,13859,-5501
2728,1998,8,13533,13859,-326
2728,1998,9,37679,40259,-2580
2728,1998,10,81613,49459,32154
2728,1998,11,41307,39259,2048
2728,1998,12,243,18329,-18086
2729,1995,1,700,0,700
2729,1995,2,17538,0,17538
2729,1995,3,13197,2500,10697
2729,1995,4,13233,7000,6233
2729,1995,5,13253,10200,3053
2729,1995,6,19815,17115,2700
2729,1995,7,13253,21248,-7995
2729,1995,8,13228,16748,-3520
2729,1995,9,14034,8748,5286
2729,1995,10,13242,14208,-966
2729,1995,11,14552,8748,5804
2729,1995,12,19799,23208,-3409
2729,1996,1,13231,23868,-10637
2729,1996,2,16821,8748,8073
2729,1996,3,15052,8748,6304
2729,1996,4,13270,9148,4122
2729,1996,5,13283,10648,2635
2729,1996,6,19815,44528,-24713
2729,1996,7,23032,8748,14284
2729,1996,8,14947,14028,919
2729,1996,9,13253,10548,2705
2729,1996,10,13950,23508,-9558
2729,1996,11,20552,8748,11804
2729,1996,12,19842,10148,9694
2729,1997,1,13281,23848,-10567
2729,1997,2,13258,13168,90
2729,1997,3,13778,8748,5030
2729,1997,4,13285,11868,1417
2729,1997,5,13301,9448,3853
2729,1997,6,19875,11548,8327
2729,1997,7,13335,14848,-1513
2729,1997,8,13336,12448,888
2729,1997,9,13340,12048,1292
2729,1997,10,13354,9448,3906
2729,1997,11,13344,17328,-3984
2729,1997,12,22227,11908,10319
2729,1998,1,14775,18228,-3453
2729,1998,2,13389,8748,4641
2729,1998,3,13398,16148,-2750
2729,1998,4,13397,10648,2749
2729,1998,5,13397,15188,-1791
2729,1998,6,20662,19788,874
2729,1998,7,16601,12468,4133
2729,1998,8,13419,13848,-429
2729,1998,9,13417,12648,769
2729,1998,10,13419,15048,-1629
2729,1998,11,13413,12648,765
2729,1998,12,19981,12893,7088
2730,1996,5,4442,0,4442
2730,1996,6,3445,0,3445
2730,1996,7,3445,0,3445
2730,1996,8,3445,0,3445
2730,1996,9,3489,3079,410
2730,1996,10,3494,2299,1195
2730,1996,11,3499,2299,1200
2730,1996,12,3507,3439,68
2730,1997,1,3497,6559,-3062
2730,1997,2,3499,2299,1200
2730,1997,3,3504,2299,1205
2730,1997,4,3497,3679,-182
2730,1997,5,3508,2299,1209
2730,1997,6,3506,2449,1057
2730,1997,7,3510,2299,1211
2730,1997,8,3515,3649,-134
2730,1997,9,3518,3589,-71
2730,1997,10,3514,2299,1215
2730,1997,11,3517,3349,168
2730,1997,12,3519,3259,260
2730,1998,1,3506,8119,-4613
2730,1998,2,3498,3559,-61
2730,1998,3,3506,2959,547
2730,1998,4,3509,2629,880
2730,1998,5,3508,2299,1209
2730,1998,6,3507,4369,-862
2730,1998,7,3509,2299,1210
2730,1998,8,3514,2299,1215
2730,1998,9,3519,2299,1220
2730,1998,10,3531,2659,872
2730,1998,11,3528,2299,1229
2730,1998,12,3531,4174,-643
2731,1995,9,300,0,300
2731,1995,10,22871,100,22771
2731,1995,11,22957,12400,10557
2731,1995,12,34428,23400,11028
2731,1996,1,23041,19600,3441
2731,1996,2,23075,25659,-2584
2731,1996,3,23063,25259,-2196
2731,1996,4,23068,19659,3409
2731,1996,5,23076,24159,-1083
2731,1996,6,34508,32359,2149
2731,1996,7,23076,20559,2517
2731,1996,8,23084,24259,-1175
2731,1996,9,23078,23559,-481
2731,1996,10,23062,27759,-4697
2731,1996,11,23050,25159,-2109
2731,1996,12,34486,27759,6727
2731,1997,1,23035,36959,-13924
2731,1997,2,23014,18859,4155
2731,1997,3,23040,17959,5081
2731,1997,4,23032,30859,-7827
2731,1997,5,23020,21559,1461
2731,1997,6,34469,26159,8310
2731,1997,7,23052,24859,-1807
2731,1997,8,23044,22159,885
2731,1997,9,23036,26759,-3723
2731,1997,10,23035,20259,2776
2731,1997,11,23034,24259,-1225
2731,1997,12,34464,33159,1305
2731,1998,1,23015,32359,-9344
2731,1998,2,23028,13759,9269
2731,1998,3,23022,28659,-5637
2731,1998,4,23064,23659,-595
2731,1998,5,23063,27859,-4796
2731,1998,6,34453,22759,11694
2731,1998,7,23045,19359,3686
2731,1998,8,23057,20959,2098
2731,1998,9,23080,19959,3121
2731,1998,10,23083,24359,-1276
2731,1998,11,23091,18359,4732
2731,1998,12,34554,23344,11210
2732,1993,7,800,0,800
2732,1993,8,63031,0,63031
2732,1993,9,33362,36000,-2638
2732,1993,10,82093,123237,-41144
2732,1993,11,53570,22915,30655
2732,1993,12,47944,33635,14309
2732,1994,1,45796,48915,-3119
2732,1994,2,229,27417,-27188
2732,1994,3,18994,19157,-163
2732,1994,4,18867,27533,-8666
2732,1994,5,49714,26115,23599
2732,1994,6,31537,42953,-11416
2732,1994,7,69262,73837,-4575
2732,1994,8,139,5015,-4876
2732,1994,9,19113,11215,7898
2732,1994,10,134,10915,-10781
2732,1994,11,107,1815,-1708
2732,1994,12,200,15,185
2732,1995,1,111631,99615,12016
2732,1995,2,5910,9963,-4053
2732,1995,3,34929,19215,15714
2732,1995,4,82116,67215,14901
2732,1995,5,139919,148899,-8980
2732,1995,6,118230,108215,10015
2732,1995,7,227,29815,-29588
2732,1995,8,33065,18327,14738
2732,1995,9,91195,64482,26713
2732,1995,10,311,25115,-24804
2732,1995,11,26383,42814,-16431
2732,1995,12,50988,10215,40773
2732,1996,1,195,48815,-48620
2732,1996,2,145397,85872,59525
2732,1996,3,145780,166315,-20535
2732,1996,4,248,24515,-24267
2732,1996,5,38861,31815,7046
2732,1996,6,140,21515,-21375
2732,1996,7,16446,15015,1431
2732,1996,8,115,5715,-5600
2732,1996,9,105739,29015,76724
2732,1996,10,374,57119,-56745
2732,1996,11,44047,8115,35932
2732,1996,12,69716,42575,27141
2732,1997,1,10148,54215,-44067
2732,1997,2,181,21415,-21234
2732,1997,3,81910,29115,52795
2732,1997,4,6570,63775,-57205
2732,1997,5,842,9315,-8473
2732,1997,6,63689,15,63674
2732,1997,7,9634,31415,-21781
2732,1997,8,162658,131415,31243
2732,1997,9,411,32815,-32404
2732,1997,10,105215,118815,-13600
2732,1997,11,51107,11615,39492
2732,1997,12,17065,57115,-40050
2732,1998,1,75169,79347,-4178
2732,1998,2,202,11715,-11513
2732,1998,3,47885,8215,39670
2732,1998,4,9592,33459,-23867
2732,1998,5,22799,11915,10884
2732,1998,6,264,13715,-13451
2732,1998,7,19365,27915,-8550
2732,1998,8,8210,11815,-3605
2732,1998,9,33506,9243,24263
2732,1998,10,23850,30215,-6365
2732,1998,11,230,19915,-19685
2732,1998,12,0,3000,-3000
2733,1993,12,700,0,700
2733,1994,1,3488,0,3488
2733,1994,2,3488,0,3488
2733,1994,3,3488,0,3488
2733,1994,4,3488,0,3488
2733,1994,5,3530,795,2735
2733,1994,6,3565,2340,1225
2733,1994,7,3569,2820,749
2733,1994,8,3573,2540,1033
2733,1994,9,3577,3750,-173
2733,1994,10,3577,2340,1237
2733,1994,11,3579,4080,-501
2733,1994,12,3579,2490,1089
2733,1995,1,3569,7350,-3781
2733,1995,2,3568,3120,448
2733,1995,3,3570,2340,1230
2733,1995,4,3575,2340,1235
2733,1995,5,3581,2340,1241
2733,1995,6,3582,4230,-648
2733,1995,7,3583,2580,1003
2733,1995,8,3587,2340,1247
2733,1995,9,3588,3360,228
2733,1995,10,3593,2340,1253
2733,1995,11,3599,2340,1259
2733,1995,12,3599,4350,-751
2733,1996,1,3596,4440,-844
2733,1996,2,3597,2340,1257
2733,1996,3,3601,3570,31
2733,1996,4,3601,2910,691
2733,1996,5,3605,2340,1265
2733,1996,6,3609,3480,129
2733,1996,7,3611,2340,1271
2733,1996,8,3615,3180,435
2733,1996,9,3618,2340,1278
2733,1996,10,3623,2340,1283
2733,1996,11,3626,3690,-64
2733,1996,12,3623,4290,-667
2733,1997,1,3619,4290,-671
2733,1997,2,3622,2340,1282
2733,1997,3,3627,2550,1077
2733,1997,4,3630,3000,630
2733,1997,5,3635,3180,455
2733,1997,6,3621,6780,-3159
2733,1997,7,3619,3540,79
2733,1997,8,3624,2340,1284
2733,1997,9,3628,3060,568
2733,1997,10,3631,2340,1291
2733,1997,11,3632,3480,152
2733,1997,12,3634,3180,454
2733,1998,1,3633,6060,-2427
2733,1998,2,3628,2520,1108
2733,1998,3,3633,2340,1293
2733,1998,4,3639,2340,1299
2733,1998,5,3642,3450,192
2733,1998,6,3635,11790,-8155
2733,1998,7,3609,3300,309
2733,1998,8,3612,2340,1272
2733,1998,9,3617,2340,1277
2733,1998,10,3622,2340,1282
2733,1998,11,3627,2340,1287
2733,1998,12,3631,3075,556
2734,1996,12,500,0,500
2734,1997,1,19475,0,19475
2734,1997,2,8329,500,7829
2734,1997,3,8347,7100,1247
2734,1997,4,8353,6700,1653
2734,1997,5,8354,10218,-1864
2734,1997,6,12457,20001,-7544
2734,1997,7,8320,9001,-681
2734,1997,8,8322,7101,1221
2734,1997,9,8307,14861,-6554
2734,1997,10,11913,5501,6412
2734,1997,11,13546,8741,4805
2734,1997,12,12468,14321,-1853
2734,1998,1,8307,19541,-11234
2734,1998,2,9706,6701,3005
2734,1998,3,10715,8141,2574
2734,1998,4,8720,5501,3219
2734,1998,5,8332,8501,-169
2734,1998,6,12452,9001,3451
2734,1998,7,8339,7501,838
2734,1998,8,8559,5501,3058
2734,1998,9,8369,6001,2368
2734,1998,10,9369,8021,1348
2734,1998,11,14398,5501,8897
2734,1998,12,13043,7086,5957
2736,1993,7,9941,0,9941
2736,1993,8,16599,0,16599
2736,1993,9,9519,4200,5319
2736,1993,10,9541,9400,141
2736,1993,11,9553,11919,-2366
2736,1993,12,14255,11539,2716
2736,1994,1,11033,21419,-10386
2736,1994,2,9505,8859,646
2736,1994,3,9916,4619,5297
2736,1994,4,9522,11859,-2337
2736,1994,5,9527,6419,3108
2736,1994,6,14255,10519,3736
2736,1994,7,9551,12219,-2668
2736,1994,8,9541,10119,-578
2736,1994,9,9540,8419,1121
2736,1994,10,9540,12499,-2959
2736,1994,11,9531,14039,-4508
2736,1994,12,14227,9299,4928
2736,1995,1,11002,19819,-8817
2736,1995,2,9486,11099,-1613
2736,1995,3,9489,9019,470
2736,1995,4,9493,6219,3274
2736,1995,5,9500,15659,-6159
2736,1995,6,14195,7739,6456
2736,1995,7,9499,9179,320
2736,1995,8,9500,12319,-2819
2736,1995,9,9485,11619,-2134
2736,1995,10,9485,8419,1066
2736,1995,11,9486,9719,-233
2736,1995,12,14191,16999,-2808
2736,1996,1,9474,9119,355
2736,1996,2,9472,10419,-947
2736,1996,3,9468,10619,-1151
2736,1996,4,9475,4619,4856
2736,1996,5,9468,15039,-5571
2736,1996,6,14172,12619,1553
2736,1996,7,9478,4619,4859
2736,1996,8,9479,13319,-3840
2736,1996,9,9468,10419,-951
2736,1996,10,9478,4619,4859
2736,1996,11,9475,14019,-4544
2736,1996,12,14171,14519,-348
2736,1997,1,9478,4619,4859
2736,1997,2,9480,15319,-5839
2736,1997,3,9474,4619,4855
2736,1997,4,9494,4619,4875
2736,1997,5,9487,14719,-5232
2736,1997,6,14174,17219,-3045
2736,1997,7,9472,7119,2353
2736,1997,8,9468,12319,-2851
2736,1997,9,9464,9919,-455
2736,1997,10,9459,10619,-1160
2736,1997,11,9450,12319,-2869
2736,1997,12,14158,11919,2239
2736,1998,1,9464,7619,1845
2736,1998,2,9469,8339,1130
2736,1998,3,9478,6319,3159
2736,1998,4,9474,11719,-2245
2736,1998,5,9482,8739,743
2736,1998,6,15616,4619,10997
2736,1998,7,9509,14959,-5450
2736,1998,8,9481,15039,-5558
2736,1998,9,9483,7219,2264
2736,1998,10,9486,9019,467
2736,1998,11,9499,5819,3680
2736,1998,12,14231,7564,6667
2737,1996,7,20054,0,20054
2737,1996,8,20840,0,20840
2737,1996,9,19408,3900,15508
2737,1996,10,19434,15700,3734
2737,1996,11,19435,21171,-1736
2737,1996,12,29041,23791,5250
2737,1997,1,19403,36331,-16928
2737,1997,2,19406,13071,6335
2737,1997,3,19430,14071,5359
2737,1997,4,19441,17371,2070
2737,1997,5,19458,14871,4587
2737,1997,6,29068,25271,3797
2737,1997,7,19471,38411,-18940
2737,1997,8,19453,16771,2682
2737,1997,9,19437,16471,2966
2737,1997,10,19443,19951,-508
2737,1997,11,19443,22071,-2628
2737,1997,12,29058,29991,-933
2737,1998,1,19381,33871,-14490
2737,1998,2,19386,9251,10135
2737,1998,3,19413,14971,4442
2737,1998,4,19429,16771,2658
2737,1998,5,19431,20531,-1100
2737,1998,6,29039,42171,-13132
2737,1998,7,19383,15191,4192
2737,1998,8,19395,16151,3244
2737,1998,9,19410,13071,6339
2737,1998,10,19428,24831,-5403
2737,1998,11,19411,14671,4740
2737,1998,12,29039,21356,7683
2738,1993,11,800,0,800
2738,1993,12,23360,0,23360
2738,1994,1,14455,5800,8655
2738,1994,2,14477,10600,3877
2738,1994,3,14481,14900,-419
2738,1994,4,14478,16729,-2251
2738,1994,5,14487,17329,-2842
2738,1994,6,21627,21829,-202
2738,1994,7,14454,16229,-1775
2738,1994,8,14448,15929,-1481
2738,1994,9,14430,21829,-7399
2738,1994,10,14413,15629,-1216
2738,1994,11,14412,17929,-3517
2738,1994,12,21581,17929,3652
2738,1995,1,14407,19129,-4722
2738,1995,2,14404,12429,1975
2738,1995,3,14409,14029,380
2738,1995,4,14403,16829,-2426
2738,1995,5,14401,12629,1772
2738,1995,6,21583,17529,4054
2738,1995,7,14421,14129,292
2738,1995,8,15445,8929,6516
2738,1995,9,14460,11329,3131
2738,1995,10,14469,12429,2040
2738,1995,11,14449,20829,-6380
2738,1995,12,21635,15329,6306
2738,1996,1,14441,25529,-11088
2738,1996,2,14433,8929,5504
2738,1996,3,14457,12629,1828
2738,1996,4,14460,18529,-4069
2738,1996,5,14445,16029,-1584
2738,1996,6,21617,20629,988
2738,1996,7,14439,13729,710
2738,1996,8,14443,16029,-1586
2738,1996,9,14439,13429,1010
2738,1996,10,14438,15829,-1391
2738,1996,11,14437,11829,2608
2738,1996,12,21633,19929,1704
2738,1997,1,14431,26029,-11598
2738,1997,2,15204,13229,1975
2738,1997,3,14413,13629,784
2738,1997,4,14419,9929,4490
2738,1997,5,14436,11429,3007
2738,1997,6,26061,36129,-10068
2738,1997,7,14406,13629,777
2738,1997,8,17416,8929,8487
2738,1997,9,14445,10429,4016
2738,1997,10,15351,13829,1522
2738,1997,11,14466,13529,937
2738,1997,12,21865,11729,10136
2738,1998,1,14502,19329,-4827
2738,1998,2,14490,12329,2161
2738,1998,3,16902,11829,5073
2738,1998,4,14516,15429,-913
2738,1998,5,14515,13229,1286
2738,1998,6,21687,34029,-12342
2738,1998,7,15575,11929,3646
2738,1998,8,14487,10829,3658
2738,1998,9,14493,15429,-936
2738,1998,10,14497,11529,2968
2738,1998,11,14504,13729,775
2738,1998,12,21688,16914,4774
2739,1993,11,600,0,600
2739,1993,12,17329,0,17329
2739,1994,1,6958,2500,4458
2739,1994,2,6975,2800,4175
2739,1994,3,6993,3000,3993
2739,1994,4,7013,8942,-1929
2739,1994,5,6999,17442,-10443
2739,1994,6,13609,9042,4567
2739,1994,7,7685,4602,3083
2739,1994,8,7298,4602,2696
2739,1994,9,7007,6102,905
2739,1994,10,6996,11622,-4626
2739,1994,11,6992,5602,1390
2739,1994,12,10442,12162,-1720
2739,1995,1,6971,11942,-4971
2739,1995,2,7772,4602,3170
2739,1995,3,6983,5502,1481
2739,1995,4,6986,8102,-1116
2739,1995,5,6980,8042,-1062
2739,1995,6,10422,12362,-1940
2739,1995,7,6965,8722,-1757
2739,1995,8,6963,6802,161
2739,1995,9,6963,7002,-39
2739,1995,10,6950,10362,-3412
2739,1995,11,6951,5102,1849
2739,1995,12,10398,11322,-924
2739,1996,1,6946,9602,-2656
2739,1996,2,6937,8802,-1865
2739,1996,3,6937,4702,2235
2739,1996,4,6937,9402,-2465
2739,1996,5,6936,4602,2334
2739,1996,6,10386,10502,-116
2739,1996,7,6939,7502,-563
2739,1996,8,6943,4602,2341
2739,1996,9,6944,7842,-898
2739,1996,10,6948,4602,2346
2739,1996,11,6939,12202,-5263
2739,1996,12,10388,7002,3386
2739,1997,1,6950,4602,2348
2739,1997,2,6960,4602,2358
2739,1997,3,6970,4602,2368
2739,1997,4,6962,10362,-3400
2739,1997,5,6965,4602,2363
2739,1997,6,10393,17002,-6609
2739,1997,7,6948,4602,2346
2739,1997,8,6957,4602,2355
2739,1997,9,6954,8922,-1968
2739,1997,10,6942,9762,-2820
2739,1997,11,6947,4602,2345
2739,1997,12,10401,8762,1639
2739,1998,1,6967,7322,-355
2739,1998,2,6962,4602,2360
2739,1998,3,6964,7842,-878
2739,1998,4,6968,4602,2366
2739,1998,5,6978,4602,2376
2739,1998,6,10440,4602,5838
2739,1998,7,7012,4602,2410
2739,1998,8,7022,4602,2420
2739,1998,9,7032,4602,2430
2739,1998,10,7042,4602,2440
2739,1998,11,7033,10362,-3329
2739,1998,12,10484,11147,-663
2740,1994,5,22590,0,22590
2740,1994,6,33776,0,33776
2740,1994,7,22375,17000,5375
2740,1994,8,22390,19600,2790
2740,1994,9,22403,19015,3388
2740,1994,10,22407,22815,-408
2740,1994,11,22405,23415,-1010
2740,1994,12,33486,19515,13971
2740,1995,1,22396,39915,-17519
2740,1995,2,22394,20115,2279
2740,1995,3,22404,19915,2489
2740,1995,4,22407,22515,-108
2740,1995,5,22399,25115,-2716
2740,1995,6,33429,55515,-22086
2740,1995,7,22308,18315,3993
2740,1995,8,22333,33515,-11182
2740,1995,9,22274,20915,1359
2740,1995,10,22280,19715,2565
2740,1995,11,22289,25415,-3126
2740,1995,12,33342,28515,4827
2740,1996,1,22310,31115,-8805
2740,1996,2,22260,23315,-1055
2740,1996,3,22256,22815,-559
2740,1996,4,22299,23915,-1616
2740,1996,5,22245,24015,-1770
2740,1996,6,33307,42515,-9208
2740,1996,7,22202,21015,1187
2740,1996,8,22205,22915,-710
2740,1996,9,22200,24515,-2315
2740,1996,10,22193,22215,-22
2740,1996,11,22213,24115,-1902
2740,1996,12,33306,28715,4591
2740,1997,1,22227,25715,-3488
2740,1997,2,22191,20315,1876
2740,1997,3,22201,19615,2586
2740,1997,4,22209,21015,1194
2740,1997,5,22226,25415,-3189
2740,1997,6,33278,31715,1563
2740,1997,7,22207,21215,992
2740,1997,8,22237,20915,1322
2740,1997,9,22218,20115,2103
2740,1997,10,22227,20315,1912
2740,1997,11,22227,24415,-2188
2740,1997,12,33322,25115,8207
2740,1998,1,22253,36915,-14662
2740,1998,2,22208,15215,6993
2740,1998,3,22228,27615,-5387
2740,1998,4,22196,25215,-3019
2740,1998,5,22192,15,22177
2740,1998,6,33342,36415,-3073
2740,1998,7,22242,34115,-11873
2740,1998,8,22211,29815,-7604
2740,1998,9,22197,18015,4182
2740,1998,10,22204,22015,189
2740,1998,11,22208,21015,1193
2740,1998,12,33283,30700,2583
2741,1993,6,1100,0,1100
2741,1993,7,61465,0,61465
2741,1993,8,260,19200,-18940
2741,1993,9,38737,7500,31237
2741,1993,10,311,26000,-25689
2741,1993,11,311,12200,-11889
2741,1993,12,53332,8115,45217
2741,1994,1,46366,69627,-23261
2741,1994,2,94,39402,-39308
2741,1994,3,52656,15,52641
2741,1994,4,171,40607,-40436
2741,1994,5,43973,3915,40058
2741,1994,6,43115,34843,8272
2741,1994,7,187,46716,-46529
2741,1994,8,140,5915,-5775
2741,1994,9,21841,16594,5247
2741,1994,10,537,9315,-8778
2741,1994,11,23926,14315,9611
2741,1994,12,67400,39315,28085
2741,1995,1,250,39154,-38904
2741,1995,2,47929,20315,27614
2741,1995,3,146,27706,-27560
2741,1995,4,197,15,182
2741,1995,5,98,515,-417
2741,1995,6,96,1415,-1319
2741,1995,7,1691,15,1676
2741,1995,8,496,2115,-1619
2741,1995,9,54870,10415,44455
2741,1995,10,251,26115,-25864
2741,1995,11,167,5915,-5748
2741,1995,12,124,11184,-11060
2741,1996,1,127450,81138,46312
2741,1996,2,71055,80037,-8982
2741,1996,3,26686,27715,-1029
2741,1996,4,26622,29215,-2593
2741,1996,5,213,29615,-29402
2741,1996,6,2229,15,2214
2741,1996,7,27176,16815,10361
2741,1996,8,34581,115,34466
2741,1996,9,106799,103829,2970
2741,1996,10,46121,19815,26306
2741,1996,11,71743,87615,-15872
2741,1996,12,329,31215,-30886
2741,1997,1,226,14539,-14313
2741,1997,2,37392,36580,812
2741,1997,3,59487,23265,36222
2741,1997,4,44261,17115,27146
2741,1997,5,97973,129054,-31081
2741,1997,6,263,24664,-24401
2741,1997,7,19572,13715,5857
2741,1997,8,16475,22443,-5968
2741,1997,9,12586,19215,-6629
2741,1997,10,47933,25415,22518
2741,1997,11,102204,100188,2016
2741,1997,12,37336,20015,17321
2741,1998,1,260,36371,-36111
2741,1998,2,174,12432,-12258
2741,1998,3,2036,9915,-7879
2741,1998,4,49819,29161,20658
2741,1998,5,39809,13015,26794
2741,1998,6,273,31315,-31042
2741,1998,7,36421,12815,23606
2741,1998,8,247,38832,-38585
2741,1998,9,1328,15,1313
2741,1998,10,1628,5952,-4324
2741,1998,11,5416,15,5401
2741,1998,12,1434,3600,-2166
2742,1994,10,700,0,700
2742,1994,11,21794,0,21794
2742,1994,12,23438,9900,13538
2742,1995,1,15692,15200,492
2742,1995,2,15694,15000,694
2742,1995,3,15695,18721,-3026
2742,1995,4,15688,15621,67
2742,1995,5,15673,24261,-8588
2742,1995,6,23447,14921,8526
2742,1995,7,15695,12421,3274
2742,1995,8,15699,15621,78
2742,1995,9,15696,16121,-425
2742,1995,10,15672,25841,-10169
2742,1995,11,15668,14161,1507
2742,1995,12,23446,22001,1445
2742,1996,1,15663,18841,-3178
2742,1996,2,15666,12321,3345
2742,1996,3,15685,10221,5464
2742,1996,4,15693,20041,-4348
2742,1996,5,15686,13301,2385
2742,1996,6,23442,37521,-14079
2742,1996,7,15762,5021,10741
2742,1996,8,15694,9221,6473
2742,1996,9,15724,8881,6843
2742,1996,10,15734,13181,2553
2742,1996,11,15760,9121,6639
2742,1996,12,23556,18701,4855
2742,1997,1,15723,35021,-19298
2742,1997,2,15727,9321,6406
2742,1997,3,15734,17541,-1807
2742,1997,4,15725,15021,704
2742,1997,5,15730,14321,1409
2742,1997,6,26680,32421,-5741
2742,1997,7,15734,12121,3613
2742,1997,8,15745,13841,1904
2742,1997,9,15753,18501,-2748
2742,1997,10,15745,9621,6124
2742,1997,11,15768,15021,747
2742,1997,12,23560,22921,639
2742,1998,1,15742,22221,-6479
2742,1998,2,15744,14421,1323
2742,1998,3,15751,13921,1830
2742,1998,4,15757,15621,136
2742,1998,5,15753,21221,-5468
2742,1998,6,23446,35381,-11935
2742,1998,7,15686,11721,3965
2742,1998,8,15699,14721,978
2742,1998,9,15699,17821,-2122
2742,1998,10,15688,19021,-3333
2742,1998,11,15671,13821,1850
2742,1998,12,23480,21206,2274
2743,1997,5,200,0,200
2743,1997,6,30436,3800,26636
2743,1997,7,20389,12600,7789
2743,1997,8,20421,13500,6921
2743,1997,9,20446,16100,4346
2743,1997,10,20460,24945,-4485
2743,1997,11,20444,22626,-2182
2743,1997,12,30579,30206,373
2743,1998,1,20405,36086,-15681
2743,1998,2,20383,14726,5657
2743,1998,3,20404,17726,2678
2743,1998,4,20403,25366,-4963
2743,1998,5,20384,21826,-1442
2743,1998,6,30524,28286,2238
2743,1998,7,20382,23426,-3044
2743,1998,8,20368,23326,-2958
2743,1998,9,20365,18746,1619
2743,1998,10,20372,21626,-1254
2743,1998,11,20338,27206,-6868
2743,1998,12,30485,22671,7814
2744,1997,4,900,0,900
2744,1997,5,19037,0,19037
2744,1997,6,23812,9400,14412
2744,1997,7,15945,16000,-55
2744,1997,8,15942,16900,-958
2744,1997,9,15923,25214,-9291
2744,1997,10,15884,25114,-9230
2744,1997,11,15910,14414,1496
2744,1997,12,23842,14414,9428
2744,1998,1,15936,21108,-5172
2744,1998,2,15932,14414,1518
2744,1998,3,15941,14414,1527
2744,1998,4,15946,14414,1532
2744,1998,5,15936,19859,-3923
2744,1998,6,23796,23555,241
2744,1998,7,15895,14414,1481
2744,1998,8,15901,14414,1487
2744,1998,9,15908,14414,1494
2744,1998,10,15956,14414,1542
2744,1998,11,15962,14414,1548
2744,1998,12,23828,22184,1644
2745,1997,9,700,0,700
2745,1997,10,21093,0,21093
2745,1997,11,19878,9300,10578
2745,1997,12,29814,18300,11514
2745,1998,1,19966,16000,3966
2745,1998,2,20009,19776,233
2745,1998,3,20004,19842,162
2745,1998,4,19997,21482,-1485
2745,1998,5,19988,18362,1626
2745,1998,6,29890,58842,-28952
2745,1998,7,23491,10982,12509
2745,1998,8,19940,10942,8998
2745,1998,9,19973,14042,5931
2745,1998,10,19995,18322,1673
2745,1998,11,19987,20582,-595
2745,1998,12,29908,15087,14821
2746,1996,8,1100,0,1100
2746,1996,9,6556,0,6556
2746,1996,10,6556,0,6556
2746,1996,11,6556,0,6556
2746,1996,12,6592,2800,3792
2746,1997,1,6650,16019,-9369
2746,1997,2,6631,2419,4212
2746,1997,3,6646,4019,2627
2746,1997,4,6660,2419,4241
2746,1997,5,6678,2419,4259
2746,1997,6,6666,11089,-4423
2746,1997,7,6646,11779,-5133
2746,1997,8,6656,2419,4237
2746,1997,9,6666,6019,647
2746,1997,10,6673,3819,2854
2746,1997,11,6685,3519,3166
2746,1997,12,6691,6719,-28
2746,1998,1,6671,14759,-8088
2746,1998,2,6660,5619,1041
2746,1998,3,6662,6819,-157
2746,1998,4,6661,6819,-158
2746,1998,5,6670,2419,4251
2746,1998,6,6681,4769,1912
2746,1998,7,6682,7899,-1217
2746,1998,8,6690,2619,4071
2746,1998,9,6703,4019,2684
2746,1998,10,6697,10419,-3722
2746,1998,11,6691,6719,-28
2746,1998,12,6683,11344,-4661
2747,1994,8,200,0,200
2747,1994,9,13173,0,13173
2747,1994,10,11625,0,11625
2747,1994,11,5848,4400,1448
2747,1994,12,8729,5200,3529
2747,1995,1,5856,9241,-3385
2747,1995,2,5849,8261,-2412
2747,1995,3,5836,7941,-2105
2747,1995,4,5839,3941,1898
2747,1995,5,8153,3841,4312
2747,1995,6,8737,8381,356
2747,1995,7,5852,9041,-3189
2747,1995,8,7659,3841,3818
2747,1995,9,6973,3841,3132
2747,1995,10,5879,7301,-1422
2747,1995,11,6378,3841,2537
2747,1995,12,8750,9321,-571
2747,1996,1,5868,11041,-5173
2747,1996,2,5856,7841,-1985
2747,1996,3,5850,5641,209
2747,1996,4,5847,6841,-994
2747,1996,5,5834,9841,-4007
2747,1996,6,8694,13321,-4627
2747,1996,7,5810,5841,-31
2747,1996,8,5811,5341,470
2747,1996,9,5814,3841,1973
2747,1996,10,5803,11341,-5538
2747,1996,11,5799,3841,1958
2747,1996,12,8677,9581,-904
2747,1997,1,5800,5441,359
2747,1997,2,5800,6001,-201
2747,1997,3,5804,3841,1963
2747,1997,4,5812,3841,1971
2747,1997,5,5819,10141,-4322
2747,1997,6,8671,9481,-810
2747,1997,7,5799,3841,1958
2747,1997,8,5807,3841,1966
2747,1997,9,5815,3841,1974
2747,1997,10,5815,8281,-2466
2747,1997,11,5809,8401,-2592
2747,1997,12,8679,3841,4838
2747,1998,1,5819,9281,-3462
2747,1998,2,5806,5641,165
2747,1998,3,5809,3841,1968
2747,1998,4,5814,5401,413
2747,1998,5,5814,6601,-787
2747,1998,6,8692,3841,4851
2747,1998,7,5835,3841,1994
2747,1998,8,5843,3841,2002
2747,1998,9,5852,3841,2011
2747,1998,10,5860,3841,2019
2747,1998,11,5868,3841,2027
2747,1998,12,8752,6546,2206
2749,1994,5,8834,0,8834
2749,1994,6,67269,4200,63069
2749,1994,7,34953,50615,-15662
2749,1994,8,1459,28935,-27476
2749,1994,9,50569,14535,36034
2749,1994,10,8000,38048,-30048
2749,1994,11,89878,63191,26687
2749,1994,12,62154,51097,11057
2749,1995,1,23953,30435,-6482
2749,1995,2,39964,51214,-11250
2749,1995,3,147,23635,-23488
2749,1995,4,45503,32557,12946
2749,1995,5,26569,28035,-1466
2749,1995,6,25477,42223,-16746
2749,1995,7,122223,102735,19488
2749,1995,8,2663,14535,-11872
2749,1995,9,101318,86214,15104
2749,1995,10,81549,61738,19811
2749,1995,11,68885,76030,-7145
2749,1995,12,183,32535,-32352
2749,1996,1,6400,14535,-8135
2749,1996,2,11579,14535,-2956
2749,1996,3,15978,14535,1443
2749,1996,4,15984,14535,1449
2749,1996,5,9773,14535,-4762
2749,1996,6,16271,14535,1736
2749,1996,7,17481,14535,2946
2749,1996,8,11677,14535,-2858
2749,1996,9,12567,14535,-1968
2749,1996,10,16371,14535,1836
2749,1996,11,16680,14535,2145
2749,1996,12,13879,14535,-656
2749,1997,1,74784,55235,19549
2749,1997,2,75612,59235,16377
2749,1997,3,11031,23835,-12804
2749,1997,4,105449,56435,49014
2749,1997,5,232,52923,-52691
2749,1997,6,68736,53835,14901
2749,1997,7,25647,29842,-4195
2749,1997,8,61022,31320,29702
2749,1997,9,125923,151718,-25795
2749,1997,10,25380,52494,-27114
2749,1997,11,47495,14535,32960
2749,1997,12,1585,17535,-15950
2749,1998,1,47491,38811,8680
2749,1998,2,58007,27435,30572
2749,1998,3,44119,34248,9871
2749,1998,4,123721,142935,-19214
2749,1998,5,4151,27307,-23156
2749,1998,6,85437,54135,31302
2749,1998,7,58919,45047,13872
2749,1998,8,148604,154635,-6031
2749,1998,9,22901,14535,8366
2749,1998,10,75347,64435,10912
2749,1998,11,15597,14535,1062
2749,1998,12,56956,67920,-10964
2750,1995,4,500,0,500
2750,1995,5,13211,0,13211
2750,1995,6,9646,100,9546
2750,1995,7,6489,300,6189
2750,1995,8,6511,1900,4611
2750,1995,9,6510,9694,-3184
2750,1995,10,6497,9594,-3097
2750,1995,11,6493,7194,-701
2750,1995,12,9675,12894,-3219
2750,1996,1,7662,14094,-6432
2750,1996,2,7260,3994,3266
2750,1996,3,10685,3994,6691
2750,1996,4,6690,7294,-604
2750,1996,5,6496,4594,1902
2750,1996,6,9696,7494,2202
2750,1996,7,6505,6794,-289
2750,1996,8,6501,9194,-2693
2750,1996,9,6501,4494,2007
2750,1996,10,6487,10794,-4307
2750,1996,11,8596,8294,302
2750,1996,12,12599,6894,5705
2750,1997,1,7302,15794,-8492
2750,1997,2,11699,3994,7705
2750,1997,3,6512,4694,1818
2750,1997,4,6517,5594,923
2750,1997,5,6522,5194,1328
2750,1997,6,11633,8994,2639
2750,1997,7,8219,12094,-3875
2750,1997,8,7319,7794,-475
2750,1997,9,6521,5994,527
2750,1997,10,8125,3994,4131
2750,1997,11,6541,5194,1347
2750,1997,12,9740,10694,-954
2750,1998,1,12924,18994,-6070
2750,1998,2,13220,3994,9226
2750,1998,3,8049,6894,1155
2750,1998,4,6659,5494,1165
2750,1998,5,6556,10094,-3538
2750,1998,6,15199,23594,-8395
2750,1998,7,10719,3994,6725
2750,1998,8,6543,4994,1549
2750,1998,9,6549,4794,1755
2750,1998,10,8159,3994,4165
2750,1998,11,6569,8894,-2325
2750,1998,12,9748,9679,69
2751,1995,4,600,0,600
2751,1995,5,14996,0,14996
2751,1995,6,10953,0,10953
2751,1995,7,6699,5700,999
2751,1995,8,6705,3800,2905
2751,1995,9,6722,7798,-1076
2751,1995,10,6719,5598,1121
2751,1995,11,6720,7878,-1158
2751,1995,12,10020,6738,3282
2751,1996,1,11313,16158,-4845
2751,1996,2,9915,8118,1797
2751,1996,3,6721,4798,1923
2751,1996,4,6725,7598,-873
2751,1996,5,9727,6318,3409
2751,1996,6,11447,4638,6809
2751,1996,7,6766,5398,1368
2751,1996,8,6768,7598,-830
2751,1996,9,6766,6998,-232
2751,1996,10,6764,8098,-1334
2751,1996,11,6757,7698,-941
2751,1996,12,10051,13238,-3187
2751,1997,1,6731,14278,-7547
2751,1997,2,8318,3798,4520
2751,1997,3,8435,9198,-763
2751,1997,4,6831,4398,2433
2751,1997,5,6739,4698,2041
2751,1997,6,10049,6498,3551
2751,1997,7,6753,8898,-2145
2751,1997,8,6752,5198,1554
2751,1997,9,6753,7598,-845
2751,1997,10,6756,4698,2058
2751,1997,11,6766,7998,-1232
2751,1997,12,10045,14318,-4273
2751,1998,1,10113,18678,-8565
2751,1998,2,9315,3798,5517
2751,1998,3,13432,12078,1354
2751,1998,4,7538,3798,3740
2751,1998,5,7947,6798,1149
2751,1998,6,10864,3798,7066
2751,1998,7,6774,9238,-2464
2751,1998,8,8477,4998,3479
2751,1998,9,6785,5398,1387
2751,1998,10,9203,3798,5405
2751,1998,11,6801,8998,-2197
2751,1998,12,10306,10703,-397
2752,1996,5,1001,0,1001
2752,1996,6,14738,0,14738
2752,1996,7,1368,0,1368
2752,1996,8,35558,16015,19543
2752,1996,9,639,6315,-5676
2752,1996,10,618,4715,-4097
2752,1996,11,611,915,-304
2752,1996,12,49500,2715,46785
2752,1997,1,39114,49715,-10601
2752,1997,2,42630,17815,24815
2752,1997,3,786,31515,-30729
2752,1997,4,705,15015,-14310
2752,1997,5,669,3815,-3146
2752,1997,6,1628,18815,-17187
2752,1997,7,4301,15,4286
2752,1997,8,3316,1065,2251
2752,1997,9,4626,2315,2311
2752,1997,10,2334,15,2319
2752,1997,11,941,15,926
2752,1997,12,1641,1615,26
2752,1998,1,24435,19015,5420
2752,1998,2,1959,3365,-1406
2752,1998,3,1956,3015,-1059
2752,1998,4,1948,4765,-2817
2752,1998,5,1943,1615,328
2752,1998,6,42972,16065,26907
2752,1998,7,2029,12815,-10786
2752,1998,8,2003,5615,-3612
2752,1998,9,1977,7815,-5838
2752,1998,10,1958,6265,-4307
2752,1998,11,4763,15,4748
2752,1998,12,1960,4200,-2240
2753,1996,2,700,0,700
2753,1996,3,23680,0,23680
2753,1996,4,22150,10900,11250
2753,1996,5,22170,21800,370
2753,1996,6,33205,24200,9005
2753,1996,7,22196,30284,-8088
2753,1996,8,22174,25484,-3310
2753,1996,9,22151,30184,-8033
2753,1996,10,22125,25484,-3359
2753,1996,11,22122,20384,1738
2753,1996,12,33168,28584,4584
2753,1997,1,22114,32584,-10470
2753,1997,2,22133,15284,6849
2753,1997,3,22137,20884,1253
2753,1997,4,22148,18784,3364
2753,1997,5,22142,25184,-3042
2753,1997,6,33144,40084,-6940
2753,1997,7,22102,22084,18
2753,1997,8,22103,24584,-2481
2753,1997,9,22100,21384,716
2753,1997,10,22089,24852,-2763
2753,1997,11,22123,12252,9871
2753,1997,12,33149,32783,366
2753,1998,1,22114,28077,-5963
2753,1998,2,22143,11752,10391
2753,1998,3,22176,14452,7724
2753,1998,4,22173,27552,-5379
2753,1998,5,22173,17952,4221
2753,1998,6,33234,20052,13182
2753,1998,7,22187,40252,-18065
2753,1998,8,22183,26952,-4769
2753,1998,9,22156,28427,-6271
2753,1998,10,22135,24572,-2437
2753,1998,11,22137,13352,8785
2753,1998,12,33187,27637,5550
2754,1996,1,500,0,500
2754,1996,2,41935,10200,31735
2754,1996,3,42059,25900,16159
2754,1996,4,42120,33300,8820
2754,1996,5,42153,38900,3253
2754,1996,6,63182,75433,-12251
2754,1996,7,42163,44638,-2475
2754,1996,8,42135,49238,-7103
2754,1996,9,42079,49456,-7377
2754,1996,10,42056,45750,-3694
2754,1996,11,42068,39638,2430
2754,1996,12,63064,58838,4226
2754,1997,1,42084,48938,-6854
2754,1997,2,42060,38438,3622
2754,1997,3,42071,48340,-6269
2754,1997,4,42067,36938,5129
2754,1997,5,42069,42823,-754
2754,1997,6,63042,69390,-6348
2754,1997,7,42027,47223,-5196
2754,1997,8,42016,41923,93
2754,1997,9,42059,17606,24453
2754,1997,10,42087,52023,-9936
2754,1997,11,42056,47023,-4967
2754,1997,12,63030,54823,8207
2754,1998,1,42051,50923,-8872
2754,1998,2,42019,48223,-6204
2754,1998,3,42013,43423,-1410
2754,1998,4,42000,43223,-1223
2754,1998,5,42054,21645,20409
2754,1998,6,63036,64623,-1587
2754,1998,7,42040,54523,-12483
2754,1998,8,41992,50923,-8931
2754,1998,9,42074,10123,31951
2754,1998,10,42155,67823,-25668
2754,1998,11,42100,10123,31977
2754,1998,12,63125,40993,22132
2755,1995,1,400,0,400
2755,1995,2,5651,0,5651
2755,1995,3,5651,0,5651
2755,1995,4,5651,0,5651
2755,1995,5,5651,0,5651
2755,1995,6,5706,8032,-2326
2755,1995,7,5735,8262,-2527
2755,1995,8,5732,3782,1950
2755,1995,9,5731,7622,-1891
2755,1995,10,5732,3782,1950
2755,1995,11,5740,3782,1958
2755,1995,12,5747,4382,1365
2755,1996,1,5739,12102,-6363
2755,1996,2,5727,3782,1945
2755,1996,3,5735,4662,1073
2755,1996,4,5740,3782,1958
2755,1996,5,5752,5302,450
2755,1996,6,5753,4582,1171
2755,1996,7,5755,4182,1573
2755,1996,8,5758,6662,-904
2755,1996,9,5758,3782,1976
2755,1996,10,5763,5382,381
2755,1996,11,5767,3782,1985
2755,1996,12,5776,5182,594
2755,1997,1,5763,12882,-7119
2755,1997,2,5748,3782,1966
2755,1997,3,5757,3782,1975
2755,1997,4,5762,5082,680
2755,1997,5,5768,3782,1986
2755,1997,6,5752,12872,-7120
2755,1997,7,5746,3782,1964
2755,1997,8,5741,9302,-3561
2755,1997,9,5736,6182,-446
2755,1997,10,5736,6162,-426
2755,1997,11,5729,6582,-853
2755,1997,12,5727,7382,-1655
2755,1998,1,5716,8022,-2306
2755,1998,2,5715,4662,1053
2755,1998,3,5715,6342,-627
2755,1998,4,5717,3782,1935
2755,1998,5,5725,3782,1943
2755,1998,6,5730,6422,-692
2755,1998,7,5730,3782,1948
2755,1998,8,5734,6482,-748
2755,1998,9,5735,3782,1953
2755,1998,10,5745,4682,1063
2755,1998,11,5743,6582,-839
2755,1998,12,5726,10417,-4691
2756,1997,10,700,0,700
2756,1997,11,23433,0,23433
2756,1997,12,30722,13400,17322
2756,1998,1,20576,16300,4276
2756,1998,2,20582,23000,-2418
2756,1998,3,20575,21215,-640
2756,1998,4,20578,30417,-9839
2756,1998,5,20538,29817,-9279
2756,1998,6,30710,33717,-3007
2756,1998,7,20501,20217,284
2756,1998,8,20493,19817,676
2756,1998,9,20500,21117,-617
2756,1998,10,20504,17917,2587
2756,1998,11,20505,21917,-1412
2756,1998,12,30718,28202,2516
2757,1996,5,300,0,300
2757,1996,6,3116,0,3116
2757,1996,7,3116,0,3116
2757,1996,8,3116,0,3116
2757,1996,9,3116,0,3116
2757,1996,10,3158,2392,766
2757,1996,11,3173,2782,391
2757,1996,12,3174,3322,-148
2757,1997,1,3169,4372,-1203
2757,1997,2,3171,2092,1079
2757,1997,3,3182,2092,1090
2757,1997,4,3179,2722,457
2757,1997,5,3188,2092,1096
2757,1997,6,3188,6622,-3434
2757,1997,7,3173,2092,1081
2757,1997,8,3177,2092,1085
2757,1997,9,3187,2092,1095
2757,1997,10,3192,2092,1100
2757,1997,11,3196,2302,894
2757,1997,12,3196,2632,564
2757,1998,1,3191,5032,-1841
2757,1998,2,3185,3412,-227
2757,1998,3,3194,2092,1102
2757,1998,4,3190,3322,-132
2757,1998,5,3198,2092,1106
2757,1998,6,3193,5812,-2619
2757,1998,7,3186,2092,1094
2757,1998,8,3190,2092,1098
2757,1998,9,3194,2812,382
2757,1998,10,3197,2092,1105
2757,1998,11,3199,4402,-1203
2757,1998,12,3193,3127,66
2758,1993,5,900,0,900
2758,1993,6,16189,0,16189
2758,1993,7,7121,1400,5721
2758,1993,8,7145,1400,5745
2758,1993,9,7160,5800,1360
2758,1993,10,7167,7935,-768
2758,1993,11,7156,9407,-2251
2758,1993,12,10667,10247,420
2758,1994,1,7124,19847,-12723
2758,1994,2,12819,4707,8112
2758,1994,3,8940,6987,1953
2758,1994,4,7140,7907,-767
2758,1994,5,7546,4707,2839
2758,1994,6,10670,17227,-6557
2758,1994,7,10638,4707,5931
2758,1994,8,7138,12907,-5769
2758,1994,9,10639,4707,5932
2758,1994,10,9561,4707,4854
2758,1994,11,7172,5107,2065
2758,1994,12,10691,12427,-1736
2758,1995,1,11919,24067,-12148
2758,1995,2,14445,4707,9738
2758,1995,3,7556,10227,-2671
2758,1995,4,10153,8667,1486
2758,1995,5,9366,4707,4659
2758,1995,6,14086,20307,-6221
2758,1995,7,8356,4707,3649
2758,1995,8,10879,8787,2092
2758,1995,9,7176,5007,2169
2758,1995,10,7685,4707,2978
2758,1995,11,9102,4707,4395
2758,1995,12,10722,13327,-2605
2758,1996,1,9281,23027,-13746
2758,1996,2,13267,4707,8560
2758,1996,3,8787,4707,4080
2758,1996,4,7189,7107,82
2758,1996,5,7186,9887,-2701
2758,1996,6,13223,8907,4316
2758,1996,7,7198,6607,591
2758,1996,8,12201,8547,3654
2758,1996,9,7223,7927,-704
2758,1996,10,7223,6607,616
2758,1996,11,7926,4707,3219
2758,1996,12,15543,12227,3316
2758,1997,1,15591,27787,-12196
2758,1997,2,11203,4707,6496
2758,1997,3,8630,4707,3923
2758,1997,4,7243,9907,-2664
2758,1997,5,8529,11547,-3018
2758,1997,6,11750,4707,7043
2758,1997,7,13341,15507,-2166
2758,1997,8,7230,10647,-3417
2758,1997,9,10816,14787,-3971
2758,1997,10,8212,4707,3505
2758,1997,11,7425,4707,2718
2758,1997,12,12966,5507,7459
2758,1998,1,18213,30907,-12694
2758,1998,2,13621,4707,8914
2758,1998,3,10855,4707,6148
2758,1998,4,7274,6487,787
2758,1998,5,7580,4707,2873
2758,1998,6,12208,37227,-25019
2758,1998,7,17301,4707,12594
2758,1998,8,17143,7587,9556
2758,1998,9,9783,4707,5076
2758,1998,10,7300,5207,2093
2758,1998,11,7305,7307,-2
2758,1998,12,11234,8212,3022
2759,1996,10,900,0,900
2759,1996,11,33067,8500,24567
2759,1996,12,68019,21900,46119
2759,1997,1,40356,27700,12656
2759,1997,2,350,31000,-30650
2759,1997,3,350,17900,-17550
2759,1997,4,350,9300,-8950
2759,1997,5,350,3700,-3350
2759,1997,6,9458,15,9443
2759,1997,7,1019,12707,-11688
2759,1997,8,5276,12707,-7431
2759,1997,9,18955,15107,3848
2759,1997,10,10991,12707,-1716
2759,1997,11,66,12707,-12641
2759,1997,12,41637,1515,40122
2759,1998,1,45181,63807,-18626
2759,1998,2,66191,37207,28984
2759,1998,3,70926,46199,24727
2759,1998,4,204,49518,-49314
2759,1998,5,25656,20407,5249
2759,1998,6,48374,12707,35667
2759,1998,7,46880,49403,-2523
2759,1998,8,87087,116142,-29055
2759,1998,9,119329,65207,54122
2759,1998,10,67415,107354,-39939
2759,1998,11,40762,36509,4253
2759,1998,12,16669,41992,-25323
2760,1997,3,900,0,900
2760,1997,4,21676,0,21676
2760,1997,5,15044,3200,11844
2760,1997,6,22539,16500,6039
2760,1997,7,15090,14300,790
2760,1997,8,15093,15484,-391
2760,1997,9,15078,20360,-5282
2760,1997,10,15063,22860,-7797
2760,1997,11,15052,13080,1972
2760,1997,12,23055,12580,10475
2760,1998,1,15026,39060,-24034
2760,1998,2,23630,11540,12090
2760,1998,3,21274,14540,6734
2760,1998,4,15068,14640,428
2760,1998,5,15064,17620,-2556
2760,1998,6,22514,23380,-866
2760,1998,7,15066,11660,3406
2760,1998,8,22611,9860,12751
2760,1998,9,15941,9860,6081
2760,1998,10,15147,14660,487
2760,1998,11,15144,15960,-816
2760,1998,12,22632,15645,6987
2761,1996,12,900,0,900
2761,1997,1,18119,400,17719
2761,1997,2,18184,10800,7384
2761,1997,3,18213,12900,5313
2761,1997,4,18231,17900,331
2761,1997,5,18234,16915,1319
2761,1997,6,27328,23353,3975
2761,1997,7,18270,21353,-3083
2761,1997,8,18254,22653,-4399
2761,1997,9,18241,17253,988
2761,1997,10,18239,19753,-1514
2761,1997,11,18235,19253,-1018
2761,1997,12,27288,29153,-1865
2761,1998,1,18191,29153,-10962
2761,1998,2,18169,21653,-3484
2761,1998,3,18166,16353,1813
2761,1998,4,18167,19853,-1686
2761,1998,5,18182,6253,11929
2761,1998,6,27266,30053,-2787
2761,1998,7,18187,24753,-6566
2761,1998,8,18165,20853,-2688
2761,1998,9,18174,9153,9021
2761,1998,10,18219,6253,11966
2761,1998,11,18200,34553,-16353
2761,1998,12,27276,6238,21038
2762,1993,3,30889,0,30889
2762,1993,4,72860,39300,33560
2762,1993,5,105251,109540,-4289
2762,1993,6,32729,52340,-19611
2762,1993,7,118868,57740,61128
2762,1993,8,87168,127442,-40274
2762,1993,9,32050,43440,-11390
2762,1993,10,49780,22920,26860
2762,1993,11,61609,42740,18869
2762,1993,12,96489,112407,-15918
2762,1994,1,51097,77579,-26482
2762,1994,2,47661,27340,20321
2762,1994,3,57052,97340,-40288
2762,1994,4,132903,83340,49563
2762,1994,5,38602,35040,3562
2762,1994,6,7297,73240,-65943
2762,1994,7,187234,114481,72753
2762,1994,8,95624,111081,-15457
2762,1994,9,81429,103681,-22252
2762,1994,10,80142,69881,10261
2762,1994,11,52010,63241,-11231
2762,1994,12,137,33181,-33044
2762,1995,1,4171,12281,-8110
2762,1995,2,8162,12281,-4119
2762,1995,3,101533,12281,89252
2762,1995,4,15544,87981,-72437
2762,1995,5,3202,12281,-9079
2762,1995,6,3950,12281,-8331
2762,1995,7,24297,12281,12016
2762,1995,8,5469,12281,-6812
2762,1995,9,4739,12281,-7542
2762,1995,10,20844,12281,8563
2762,1995,11,4143,12281,-8138
2762,1995,12,10925,12281,-1356
2762,1996,1,49879,39046,10833
2762,1996,2,111342,46081,65261
2762,1996,3,137643,133473,4170
2762,1996,4,70867,88781,-17914
2762,1996,5,92840,87381,5459
2762,1996,6,221,32581,-32360
2762,1996,7,58096,26940,31156
2762,1996,8,31676,52040,-20364
2762,1996,9,32981,27540,5441
2762,1996,10,14274,40489,-26215
2762,1996,11,83081,44140,38941
2762,1996,12,37835,44540,-6705
2762,1997,1,3341,37540,-34199
2762,1997,2,58970,31540,27430
2762,1997,3,13469,23440,-9971
2762,1997,4,52250,31040,21210
2762,1997,5,66483,33340,33143
2762,1997,6,170928,200840,-29912
2762,1997,7,95068,97840,-2772
2762,1997,8,65654,61448,4206
2762,1997,9,23977,48546,-24569
2762,1997,10,77341,35765,41576
2762,1997,11,22467,53896,-31429
2762,1997,12,49759,49256,503
2762,1998,1,53667,35540,18127
2762,1998,2,91320,88640,2680
2762,1998,3,59139,107130,-47991
2762,1998,4,62871,47737,15134
2762,1998,5,15660,17640,-1980
2762,1998,6,14966,17640,-2674
2762,1998,7,17758,17482,276
2762,1998,8,58976,11740,47236
2762,1998,9,88595,60240,28355
2762,1998,10,43840,107090,-63250
2762,1998,11,42300,30096,12204
2762,1998,12,29174,45957,-16783
2763,1993,2,200,0,200
2763,1993,3,65176,18300,46876
2763,1993,4,45214,8600,36614
2763,1993,5,348,29200,-28852
2763,1993,6,49366,12200,37166
2763,1993,7,46079,49615,-3536
2763,1993,8,229,63648,-63419
2763,1993,9,31627,23595,8032
2763,1993,10,34772,38871,-4099
2763,1993,11,93,10495,-10402
2763,1993,12,2157,9495,-7338
2763,1994,1,90479,24195,66284
2763,1994,2,40246,78892,-38646
2763,1994,3,26484,13695,12789
2763,1994,4,91134,65595,25539
2763,1994,5,33540,51616,-18076
2763,1994,6,130,39313,-39183
2763,1994,7,28510,9495,19015
2763,1994,8,102504,59288,43216
2763,1994,9,203,43795,-43592
2763,1994,10,97302,93895,3407
2763,1994,11,46838,19895,26943
2763,1994,12,36193,45820,-9627
2763,1995,1,18627,54595,-35968
2763,1995,2,109208,48695,60513
2763,1995,3,193321,207395,-14074
2763,1995,4,42906,40962,1944
2763,1995,5,94040,109795,-15755
2763,1995,6,38185,43095,-4910
2763,1995,7,80143,89895,-9752
2763,1995,8,167,15995,-15828
2763,1995,9,202677,166195,36482
2763,1995,10,39349,57495,-18146
2763,1995,11,34795,17495,17300
2763,1995,12,54631,53595,1036
2763,1996,1,200,36795,-36595
2763,1996,2,16207,9495,6712
2763,1996,3,92778,55590,37188
2763,1996,4,49037,63755,-14718
2763,1996,5,87847,107772,-19925
2763,1996,6,84443,71295,13148
2763,1996,7,144,21995,-21851
2763,1996,8,71187,48488,22699
2763,1996,9,177,21095,-20918
2763,1996,10,101,9795,-9694
2763,1996,11,71,9495,-9424
2763,1996,12,34107,15,34092
2763,1997,1,55237,46995,8242
2763,1997,2,41354,53388,-12034
2763,1997,3,87027,40595,46432
2763,1997,4,93051,139285,-46234
2763,1997,5,135,16795,-16660
2763,1997,6,42396,9495,32901
2763,1997,7,148,32630,-32482
2763,1997,8,43370,24195,19175
2763,1997,9,59578,38395,21183
2763,1997,10,53004,58586,-5582
2763,1997,11,78866,47079,31787
2763,1997,12,127454,111395,16059
2763,1998,1,243,77390,-77147
2763,1998,2,112,9495,-9383
2763,1998,3,51187,9495,41692
2763,1998,4,180,32495,-32315
2763,1998,5,111,9495,-9384
2763,1998,6,67861,23595,44266
2763,1998,7,49658,68528,-18870
2763,1998,8,5232,16995,-11763
2763,1998,9,128,9495,-9367
2763,1998,10,52427,9495,42932
2763,1998,11,167,38595,-38428
2763,1998,12,48131,9480,38651
2764,1996,8,1100,0,1100
2764,1996,9,22226,0,22226
2764,1996,10,16690,7500,9190
2764,1996,11,16728,8100,8628
2764,1996,12,25049,16200,8849
2764,1997,1,16763,42201,-25438
2764,1997,2,16705,7421,9284
2764,1997,3,16732,13841,2891
2764,1997,4,16756,14561,2195
2764,1997,5,16775,9821,6954
2764,1997,6,25061,29061,-4000
2764,1997,7,16756,14821,1935
2764,1997,8,16768,14561,2207
2764,1997,9,16779,12021,4758
2764,1997,10,16782,20421,-3639
2764,1997,11,16779,13021,3758
2764,1997,12,25077,22721,2356
2764,1998,1,16748,35421,-18673
2764,1998,2,16745,8221,8524
2764,1998,3,16776,8621,8155
2764,1998,4,16802,11621,5181
2764,1998,5,16786,27981,-11195
2764,1998,6,25036,27661,-2625
2764,1998,7,16775,9721,7054
2764,1998,8,16925,3421,13504
2764,1998,9,16856,9901,6955
2764,1998,10,16874,13621,3253
2764,1998,11,16897,10921,5976
2764,1998,12,25226,13706,11520
2765,1997,9,400,0,400
2765,1997,10,20214,0,20214
2765,1997,11,7976,2600,5376
2765,1997,12,11937,7600,4337
2765,1998,1,8001,11400,-3399
2765,1998,2,7983,14369,-6386
2765,1998,3,7960,12669,-4709
2765,1998,4,7941,12569,-4628
2765,1998,5,7934,6709,1225
2765,1998,6,11889,5269,6620
2765,1998,7,7946,15369,-7423
2765,1998,8,7936,5269,2667
2765,1998,9,7947,5269,2678
2765,1998,10,7958,5269,2689
2765,1998,11,7969,5269,2700
2765,1998,12,11895,23394,-11499
2766,1997,2,1100,0,1100
2766,1997,3,18073,0,18073
2766,1997,4,7237,0,7237
2766,1997,5,5363,800,4563
2766,1997,6,7999,8100,-101
2766,1997,7,5369,10795,-5426
2766,1997,8,9644,12033,-2389
2766,1997,9,7652,3513,4139
2766,1997,10,11062,8073,2989
2766,1997,11,5879,3513,2366
2766,1997,12,8017,6273,1744
2766,1998,1,11194,7513,3681
2766,1998,2,5410,3513,1897
2766,1998,3,6620,3513,3107
2766,1998,4,5423,7313,-1890
2766,1998,5,7517,6633,884
2766,1998,6,8559,3513,5046
2766,1998,7,8755,3513,5242
2766,1998,8,8076,3513,4563
2766,1998,9,9599,3513,6086
2766,1998,10,7419,3513,3906
2766,1998,11,5525,6813,-1288
2766,1998,12,8147,8318,-171
2767,1996,3,600,0,600
2767,1996,4,23639,0,23639
2767,1996,5,19422,10000,9422
2767,1996,6,29118,19100,10018
2767,1996,7,19491,19100,391
2767,1996,8,19502,22348,-2846
2767,1996,9,19489,19587,-98
2767,1996,10,19488,19987,-499
2767,1996,11,19477,20127,-650
2767,1996,12,29156,21147,8009
2767,1997,1,19508,22287,-2779
2767,1997,2,19497,21487,-1990
2767,1997,3,19489,22927,-3438
2767,1997,4,19470,24287,-4817
2767,1997,5,19459,19487,-28
2767,1997,6,29089,46767,-17678
2767,1997,7,19396,14087,5309
2767,1997,8,19419,14067,5352
2767,1997,9,19436,14887,4549
2767,1997,10,19444,19287,157
2767,1997,11,19447,17987,1460
2767,1997,12,29125,21907,7218
2767,1998,1,19467,23287,-3820
2767,1998,2,19485,9787,9698
2767,1998,3,19499,21087,-1588
2767,1998,4,19489,21687,-2198
2767,1998,5,19483,21007,-1524
2767,1998,6,30444,38327,-7883
2767,1998,7,22889,7287,15602
2767,1998,8,19641,9567,10074
2767,1998,9,19561,14567,4994
2767,1998,10,19572,18107,1465
2767,1998,11,19590,15567,4023
2767,1998,12,29272,18632,10640
2768,1993,12,900,0,900
2768,1994,1,14977,0,14977
2768,1994,2,7627,0,7627
2768,1994,3,4854,0,4854
2768,1994,4,3965,5200,-1235
2768,1994,5,3963,3115,848
2768,1994,6,3961,8650,-4689
2768,1994,7,3945,4970,-1025
2768,1994,8,4245,3460,785
2768,1994,9,3948,2670,1278
2768,1994,10,5257,2170,3087
2768,1994,11,3964,3470,494
2768,1994,12,4869,2950,1919
2768,1995,1,3962,9610,-5648
2768,1995,2,5858,2380,3478
2768,1995,3,3963,4270,-307
2768,1995,4,6270,3100,3170
2768,1995,5,3977,4300,-323
2768,1995,6,6867,9760,-2893
2768,1995,7,6070,3280,2790
2768,1995,8,3978,2270,1708
2768,1995,9,3977,5270,-1293
2768,1995,10,3968,6770,-2802
2768,1995,11,5672,2170,3502
2768,1995,12,3980,3080,900
2768,1996,1,3977,6810,-2833
2768,1996,2,4375,2350,2025
2768,1996,3,3974,5770,-1796
2768,1996,4,3970,4170,-200
2768,1996,5,3973,2770,1203
2768,1996,6,7262,10690,-3428
2768,1996,7,6569,3430,3139
2768,1996,8,3974,3870,104
2768,1996,9,3976,3160,816
2768,1996,10,5686,2170,3516
2768,1996,11,3982,6640,-2658
2768,1996,12,3978,4180,-202
2768,1997,1,3970,6860,-2890
2768,1997,2,3964,5950,-1986
2768,1997,3,3958,4270,-312
2768,1997,4,4560,3520,1040
2768,1997,5,4969,3310,1659
2768,1997,6,6979,6220,759
2768,1997,7,7385,3010,4375
2768,1997,8,7103,2770,4333
2768,1997,9,4011,6260,-2249
2768,1997,10,4003,4770,-767
2768,1997,11,4098,3310,788
2768,1997,12,6102,2980,3122
2768,1998,1,4014,6790,-2776
2768,1998,2,4004,3770,234
2768,1998,3,6006,2170,3836
2768,1998,4,4019,6970,-2951
2768,1998,5,4008,4970,-962
2768,1998,6,4000,12680,-8680
2768,1998,7,5069,2170,2899
2768,1998,8,8784,2530,6254
2768,1998,9,6809,2170,4639
2768,1998,10,4021,5440,-1419
2768,1998,11,5818,3460,2358
2768,1998,12,4029,2905,1124
2770,1993,12,1100,0,1100
2770,1994,1,12370,0,12370
2770,1994,2,9720,0,9720
2770,1994,3,3953,1900,2053
2770,1994,4,3960,3800,160
2770,1994,5,5267,2585,2682
2770,1994,6,3965,15525,-11560
2770,1994,7,7934,2765,5169
2770,1994,8,4751,2945,1806
2770,1994,9,3958,2785,1173
2770,1994,10,3961,3885,76
2770,1994,11,3962,3285,677
2770,1994,12,5367,3695,1672
2770,1995,1,5568,6515,-947
2770,1995,2,3961,6365,-2404
2770,1995,3,3959,2985,974
2770,1995,4,6564,3695,2869
2770,1995,5,4175,2585,1590
2770,1995,6,3973,10405,-6432
2770,1995,7,7361,2585,4776
2770,1995,8,4075,2585,1490
2770,1995,9,3968,7315,-3347
2770,1995,10,5170,2585,2585
2770,1995,11,3971,5585,-1614
2770,1995,12,4773,3095,1678
2770,1996,1,3968,6585,-2617
2770,1996,2,3960,5385,-1425
2770,1996,3,4658,3905,753
2770,1996,4,3955,5705,-1750
2770,1996,5,3955,3085,870
2770,1996,6,4449,11105,-6656
2770,1996,7,9748,2585,7163
2770,1996,8,3959,3885,74
2770,1996,9,3958,4205,-247
2770,1996,10,7773,2585,5188
2770,1996,11,3975,6785,-2810
2770,1996,12,6778,3245,3533
2770,1997,1,3969,9395,-5426
2770,1997,2,3962,2885,1077
2770,1997,3,3963,4185,-222
2770,1997,4,5070,2585,2485
2770,1997,5,6084,2585,3499
2770,1997,6,4983,6095,-1112
2770,1997,7,3974,6285,-2311
2770,1997,8,5582,3395,2187
2770,1997,9,3978,5085,-1107
2770,1997,10,5688,2585,3103
2770,1997,11,5099,2585,2514
2770,1997,12,4906,4295,611
2770,1998,1,3986,9715,-5729
2770,1998,2,7797,2585,5212
2770,1998,3,7920,2585,5335
2770,1998,4,4024,4115,-91
2770,1998,5,4025,3185,840
2770,1998,6,5930,7265,-1335
2770,1998,7,7036,2585,4451
2770,1998,8,4034,11985,-7951
2770,1998,9,6907,3725,3182
2770,1998,10,4022,3595,427
2770,1998,11,4023,4965,-942
2770,1998,12,4020,2900,1120
2771,1993,8,400,0,400
2771,1993,9,23709,0,23709
2771,1993,10,19678,11700,7978
2771,1993,11,19711,12300,7411
2771,1993,12,29519,23900,5619
2771,1994,1,19713,50383,-30670
2771,1994,2,19653,12143,7510
2771,1994,3,19679,13103,6576
2771,1994,4,19702,18083,1619
2771,1994,5,19702,17843,1859
2771,1994,6,29490,42183,-12693
2771,1994,7,19675,9403,10272
2771,1994,8,19697,17863,1834
2771,1994,9,19702,17903,1799
2771,1994,10,19715,16103,3612
2771,1994,11,19717,20103,-386
2771,1994,12,29521,24723,4798
2771,1995,1,19727,27183,-7456
2771,1995,2,19738,17703,2035
2771,1995,3,19715,19403,312
2771,1995,4,19709,22763,-3054
2771,1995,5,19716,14603,5113
2771,1995,6,29490,33823,-4333
2771,1995,7,19713,16303,3410
2771,1995,8,19708,22503,-2795
2771,1995,9,19710,23743,-4033
2771,1995,10,19689,19903,-214
2771,1995,11,19726,11843,7883
2771,1995,12,29554,22043,7511
2771,1996,1,19729,32823,-13094
2771,1996,2,19717,16943,2774
2771,1996,3,19720,18043,1677
2771,1996,4,19744,11403,8341
2771,1996,5,19758,17803,1955
2771,1996,6,29513,39543,-10030
2771,1996,7,19738,14983,4755
2771,1996,8,19749,16303,3446
2771,1996,9,19747,21003,-1256
2771,1996,10,19745,32503,-12758
2771,1996,11,19743,17703,2040
2771,1996,12,29543,29243,300
2771,1997,1,19704,32963,-13259
2771,1997,2,19681,11503,8178
2771,1997,3,19714,18303,1411
2771,1997,4,19720,17703,2017
2771,1997,5,19724,19783,-59
2771,1997,6,29534,25003,4531
2771,1997,7,19738,23383,-3645
2771,1997,8,19723,21403,-1680
2771,1997,9,19708,25203,-5495
2771,1997,10,19697,16503,3194
2771,1997,11,19703,23803,-4100
2771,1997,12,29496,27263,2233
2771,1998,1,19648,28143,-8495
2771,1998,2,19666,15103,4563
2771,1998,3,19679,25403,-5724
2771,1998,4,19657,19203,454
2771,1998,5,19656,20703,-1047
2771,1998,6,29460,22403,7057
2771,1998,7,19679,24503,-4824
2771,1998,8,19654,22423,-2769
2771,1998,9,19649,17803,1846
2771,1998,10,19655,18403,1252
2771,1998,11,19650,19323,327
2771,1998,12,29474,12688,16786
2772,1996,2,300,0,300
2772,1996,3,16107,0,16107
2772,1996,4,11469,2600,8869
2772,1996,5,11505,4200,7305
2772,1996,6,17231,10700,6531
2772,1996,7,11555,10915,640
2772,1996,8,11559,14309,-2750
2772,1996,9,11532,15509,-3977
2772,1996,10,11534,11809,-275
2772,1996,11,11537,8409,3128
2772,1996,12,17249,15909,1340
2772,1997,1,11514,24209,-12695
2772,1997,2,14308,7609,6699
2772,1997,3,11522,17809,-6287
2772,1997,4,11506,7609,3897
2772,1997,5,14427,7609,6818
2772,1997,6,17219,32409,-15190
2772,1997,7,20103,7609,12494
2772,1997,8,11538,8309,3229
2772,1997,9,11547,10509,1038
2772,1997,10,11556,8309,3247
2772,1997,11,11565,9809,1756
2772,1997,12,17269,16709,560
2772,1998,1,13533,21309,-7776
2772,1998,2,13051,7609,5442
2772,1998,3,11670,7609,4061
2772,1998,4,12074,9809,2265
2772,1998,5,13401,7609,5792
2772,1998,6,17302,38209,-20907
2772,1998,7,21559,7609,13950
2772,1998,8,14892,7609,7283
2772,1998,9,19834,16809,3025
2772,1998,10,15143,7609,7534
2772,1998,11,11665,7609,4056
2772,1998,12,17383,11394,5989
2773,1996,6,800,0,800
2773,1996,7,18197,0,18197
2773,1996,8,17265,8200,9065
2773,1996,9,17302,9400,7902
2773,1996,10,17321,18800,-1479
2773,1996,11,17320,15415,1905
2773,1996,12,25936,22238,3698
2773,1997,1,17331,24318,-6987
2773,1997,2,17321,15518,1803
2773,1997,3,17320,17938,-618
2773,1997,4,17330,13918,3412
2773,1997,5,17331,21218,-3887
2773,1997,6,25916,21938,3978
2773,1997,7,17333,19018,-1685
2773,1997,8,17323,19418,-2095
2773,1997,9,17308,24118,-6810
2773,1997,10,17296,17958,-662
2773,1997,11,17285,16918,367
2773,1997,12,25887,21838,4049
2773,1998,1,17287,24578,-7291
2773,1998,2,17299,4118,13181
2773,1998,3,17331,15518,1813
2773,1998,4,17330,18418,-1088
2773,1998,5,17329,15518,1811
2773,1998,6,25967,12578,13389
2773,1998,7,17406,13718,3688
2773,1998,8,17404,16078,1326
2773,1998,9,17413,15018,2395
2773,1998,10,17416,17618,-202
2773,1998,11,17407,20998,-3591
2773,1998,12,26012,14863,11149
2774,1996,2,5761,0,5761
2774,1996,3,15418,0,15418
2774,1996,4,5544,1300,4244
2774,1996,5,5559,2100,3459
2774,1996,6,8262,22303,-14041
2774,1996,7,8823,3643,5180
2774,1996,8,10952,3643,7309
2774,1996,9,5533,12283,-6750
2774,1996,10,6941,3643,3298
2774,1996,11,5542,6343,-801
2774,1996,12,8265,12523,-4258
2774,1997,1,6619,7243,-624
2774,1997,2,5523,3643,1880
2774,1997,3,5520,8743,-3223
2774,1997,4,5516,8843,-3327
2774,1997,5,7004,3643,3361
2774,1997,6,8248,7143,1105
2774,1997,7,5513,8323,-2810
2774,1997,8,5510,3643,1867
2774,1997,9,5514,11443,-5929
2774,1997,10,5493,3643,1850
2774,1997,11,5499,4863,636
2774,1997,12,9728,5563,4165
2774,1998,1,5517,7083,-1566
2774,1998,2,5511,7143,-1632
2774,1998,3,5506,5203,303
2774,1998,4,5509,3643,1866
2774,1998,5,5516,3643,1873
2774,1998,6,8253,3643,4610
2774,1998,7,5539,5563,-24
2774,1998,8,5538,6163,-625
2774,1998,9,5541,3643,1898
2774,1998,10,5548,3643,1905
2774,1998,11,5556,3643,1913
2774,1998,12,8273,12508,-4235
2775,1997,12,1000,0,1000
2775,1998,1,34655,5800,28855
2775,1998,2,34749,14100,20649
2775,1998,3,34793,26100,8693
2775,1998,4,34805,33600,1205
2775,1998,5,34744,58228,-23484
2775,1998,6,52026,50006,2020
2775,1998,7,34730,31806,2924
2775,1998,8,34731,56760,-22029
2775,1998,9,37414,21306,16108
2775,1998,10,36187,17706,18481
2775,1998,11,34833,21806,13027
2775,1998,12,52186,36491,15695
2776,1997,8,500,0,500
2776,1997,9,4760,0,4760
2776,1997,10,4760,0,4760
2776,1997,11,4760,0,4760
2776,1997,12,4760,0,4760
2776,1998,1,4815,10915,-6100
2776,1998,2,4826,1662,3164
2776,1998,3,4840,1662,3178
2776,1998,4,4853,1662,3191
2776,1998,5,4866,5062,-196
2776,1998,6,4848,11462,-6614
2776,1998,7,4833,4222,611
2776,1998,8,4822,7142,-2320
2776,1998,9,4831,1662,3169
2776,1998,10,4840,3022,1818
2776,1998,11,4822,10062,-5240
2776,1998,12,4824,3247,1577
2777,1996,12,700,0,700
2777,1997,1,10100,0,10100
2777,1997,2,5500,0,5500
2777,1997,3,1300,0,1300
2777,1997,4,0,900,-900
2777,1997,5,500,0,500
2777,1997,6,4300,0,4300
2777,1997,7,3000,0,3000
2777,1997,9,0,300,-300
2777,1997,10,500,0,500
2777,1997,11,4900,0,4900
2777,1997,12,0,1000,-1000
2777,1998,1,0,3700,-3700
2777,1998,2,0,1000,-1000
2777,1998,3,1300,0,1300
2777,1998,4,2300,0,2300
2777,1998,5,3100,0,3100
2777,1998,6,0,1600,-1600
2777,1998,7,0,6800,-6800
2777,1998,8,0,800,-800
2777,1998,9,2800,0,2800
2777,1998,10,0,1400,-1400
2777,1998,11,3800,0,3800
2778,1993,12,500,0,500
2778,1994,1,17149,0,17149
2778,1994,2,13117,1600,11517
2778,1994,3,13165,7500,5665
2778,1994,4,13187,11500,1687
2778,1994,5,13204,18628,-5424
2778,1994,6,19726,16428,3298
2778,1994,7,13199,17228,-4029
2778,1994,8,13173,18008,-4835
2778,1994,9,13163,13528,-365
2778,1994,10,13161,17248,-4087
2778,1994,11,13146,10128,3018
2778,1994,12,19689,17028,2661
2778,1995,1,13168,10828,2340
2778,1995,2,13175,13728,-553
2778,1995,3,13170,17028,-3858
2778,1995,4,13155,15428,-2273
2778,1995,5,13147,13828,-681
2778,1995,6,19667,18348,1319
2778,1995,7,13147,15488,-2341
2778,1995,8,13142,10628,2514
2778,1995,9,13150,12028,1122
2778,1995,10,13147,16928,-3781
2778,1995,11,13135,14128,-993
2778,1995,12,19664,19268,396
2778,1996,1,13127,16328,-3201
2778,1996,2,13118,12528,590
2778,1996,3,13117,15368,-2251
2778,1996,4,13110,13828,-718
2778,1996,5,13113,10328,2785
2778,1996,6,19653,15728,3925
2778,1996,7,13130,15528,-2398
2778,1996,8,13126,13088,38
2778,1996,9,13121,14228,-1107
2778,1996,10,13111,16128,-3017
2778,1996,11,13120,14228,-1108
2778,1996,12,19633,15928,3705
2778,1997,1,13110,14588,-1478
2778,1997,2,13100,15828,-2728
2778,1997,3,13115,6028,7087
2778,1997,4,13122,14828,-1706
2778,1997,5,13120,12828,292
2778,1997,6,19638,21708,-2070
2778,1997,7,13111,13128,-17
2778,1997,8,13111,13328,-217
2778,1997,9,13092,19028,-5936
2778,1997,10,13100,7828,5272
2778,1997,11,13086,21628,-8542
2778,1997,12,19597,19428,169
2778,1998,1,13091,6028,7063
2778,1998,2,13112,11428,1684
2778,1998,3,13079,22628,-9549
2778,1998,4,13087,6028,7059
2778,1998,5,13116,6028,7088
2778,1998,6,19681,8908,10773
2778,1998,7,13190,9268,3922
2778,1998,8,13156,24248,-11092
2778,1998,9,13160,6028,7132
2778,1998,10,13147,21028,-7881
2778,1998,11,13132,15328,-2196
2778,1998,12,19671,13293,6378
2779,1993,6,1100,0,1100
2779,1993,7,20157,0,20157
2779,1993,8,17419,7900,9519
2779,1993,9,17455,9700,7755
2779,1993,10,17473,15600,1873
2779,1993,11,17483,15015,2468
2779,1993,12,26140,24926,1214
2779,1994,1,17509,23726,-6217
2779,1994,2,17472,14686,2786
2779,1994,3,17469,18726,-1257
2779,1994,4,17454,21826,-4372
2779,1994,5,17453,18926,-1473
2779,1994,6,28452,8326,20126
2779,1994,7,17527,16426,1101
2779,1994,8,17524,23046,-5522
2779,1994,9,17517,12766,4751
2779,1994,10,17522,17626,-104
2779,1994,11,17532,15326,2206
2779,1994,12,26206,22886,3320
2779,1995,1,17539,18726,-1187
2779,1995,2,17521,21426,-3905
2779,1995,3,17533,14266,3267
2779,1995,4,17551,12826,4725
2779,1995,5,17551,20866,-3315
2779,1995,6,26200,26266,-66
2779,1995,7,17538,17926,-388
2779,1995,8,17531,19326,-1795
2779,1995,9,17535,16026,1509
2779,1995,10,17540,16326,1214
2779,1995,11,17535,19026,-1491
2779,1995,12,26202,20646,5556
2779,1996,1,17549,31126,-13577
2779,1996,2,17533,8326,9207
2779,1996,3,17546,25266,-7720
2779,1996,4,17544,13826,3718
2779,1996,5,17554,15226,2328
2779,1996,6,26239,22126,4113
2779,1996,7,17576,23326,-5750
2779,1996,8,17554,16326,1228
2779,1996,9,17556,19826,-2270
2779,1996,10,17538,16506,1032
2779,1996,11,17553,15326,2227
2779,1996,12,26231,21026,5205
2779,1997,1,17580,17026,554
2779,1997,2,17581,19126,-1545
2779,1997,3,17577,20326,-2749
2779,1997,4,17566,15526,2040
2779,1997,5,17577,11826,5751
2779,1997,6,26268,22626,3642
2779,1997,7,17610,16726,884
2779,1997,8,17615,15326,2289
2779,1997,9,17617,21126,-3509
2779,1997,10,17604,17726,-122
2779,1997,11,17604,16726,878
2779,1997,12,26281,21626,4655
2779,1998,1,17616,23886,-6270
2779,1998,2,17602,14726,2876
2779,1998,3,17613,17326,287
2779,1998,4,17609,19226,-1617
2779,1998,5,17605,16326,1279
2779,1998,6,26278,22726,3552
2779,1998,7,17618,20426,-2808
2779,1998,8,17609,17526,83
2779,1998,9,17620,11626,5994
2779,1998,10,17637,15426,2211
2779,1998,11,17638,19026,-1388
2779,1998,12,26293,28411,-2118
2780,1995,12,600,0,600
2780,1996,1,17815,0,17815
2780,1996,2,14085,7400,6685
2780,1996,3,14111,10300,3811
2780,1996,4,14128,8100,6028
2780,1996,5,14152,11215,2937
2780,1996,6,21166,23815,-2649
2780,1996,7,14173,11315,2858
2780,1996,8,14164,14015,149
2780,1996,9,14164,14315,-151
2780,1996,10,14164,17615,-3451
2780,1996,11,14152,18815,-4663
2780,1996,12,21146,18015,3131
2780,1997,1,14150,17515,-3365
2780,1997,2,14137,9415,4722
2780,1997,3,14152,11115,3037
2780,1997,4,14169,7415,6754
2780,1997,5,14196,9115,5081
2780,1997,6,21225,28615,-7390
2780,1997,7,14194,11315,2879
2780,1997,8,14201,8215,5986
2780,1997,9,14222,10415,3807
2780,1997,10,14235,16715,-2480
2780,1997,11,14226,11915,2311
2780,1997,12,21245,22015,-770
2780,1998,1,14213,23715,-9502
2780,1998,2,14189,13715,474
2780,1998,3,14191,13915,276
2780,1998,4,14183,21315,-7132
2780,1998,5,14155,17415,-3260
2780,1998,6,21165,15415,5750
2780,1998,7,14175,12615,1560
2780,1998,8,14171,18815,-4644
2780,1998,9,14164,11715,2449
2780,1998,10,14175,12215,1960
2780,1998,11,14206,17015,-2809
2780,1998,12,21186,15200,5986
2781,1995,6,200,0,200
2781,1995,7,34523,4800,29723
2781,1995,8,1822,3415,-1593
2781,1995,9,1821,2415,-594
2781,1995,10,20170,2715,17455
2781,1995,11,1867,13765,-11898
2781,1995,12,1831,5515,-3684
2781,1996,1,5077,17015,-11938
2781,1996,2,2479,15,2464
2781,1996,3,4191,2615,1576
2781,1996,4,2094,15,2079
2781,1996,5,3902,2465,1437
2781,1996,6,3297,13915,-10618
2781,1996,7,39811,3115,36696
2781,1996,8,1895,8715,-6820
2781,1996,9,1877,4915,-3038
2781,1996,10,1868,3815,-1947
2781,1996,11,2570,15,2555
2781,1996,12,4184,615,3569
2781,1997,1,6664,17565,-10901
2781,1997,2,6855,1565,5290
2781,1997,3,5679,15,5664
2781,1997,4,6304,15,6289
2781,1997,5,1911,3915,-2004
2781,1997,6,1868,25865,-23997
2781,1997,7,14539,15,14524
2781,1997,8,48619,15,48604
2781,1997,9,2031,19615,-17584
2781,1997,10,50614,47315,3299
2781,1997,11,1982,13015,-11033
2781,1997,12,1946,7715,-5769
2781,1998,1,1909,18065,-16156
2781,1998,2,6186,15,6171
2781,1998,3,4709,15,4694
2781,1998,4,20719,215,20504
2781,1998,5,1981,10615,-8634
2781,1998,6,31256,44665,-13409
2781,1998,7,7828,2315,5513
2781,1998,8,6147,15,6132
2781,1998,9,1956,3415,-1459
2781,1998,10,1942,6565,-4623
2781,1998,11,1935,1565,370
2781,1998,12,3437,2400,1037
2782,1997,2,700,0,700
2782,1997,3,27740,0,27740
2782,1997,4,26152,13200,12952
2782,1997,5,26202,21600,4602
2782,1997,6,39241,25400,13841
2782,1997,7,26295,33968,-7673
2782,1997,8,26241,35867,-9626
2782,1997,9,26212,18515,7697
2782,1997,10,26263,26315,-52
2782,1997,11,26255,29215,-2960
2782,1997,12,39238,43003,-3765
2782,1998,1,26188,46615,-20427
2782,1998,2,26134,17915,8219
2782,1998,3,26209,11515,14694
2782,1998,4,26229,17415,8814
2782,1998,5,26261,22215,4046
2782,1998,6,52753,87615,-34862
2782,1998,7,26149,9715,16434
2782,1998,8,26210,27515,-1305
2782,1998,9,26198,20815,5383
2782,1998,10,26224,18915,7309
2782,1998,11,26269,26079,190
2782,1998,12,39269,35200,4069
2783,1995,11,300,0,300
2783,1995,12,13343,0,13343
2783,1996,1,5465,15,5450
2783,1996,2,3284,15,3269
2783,1996,3,3098,15,3083
2783,1996,4,1304,3215,-1911
2783,1996,5,37979,21915,16064
2783,1996,6,3722,25215,-21493
2783,1996,7,5284,15,5269
2783,1996,8,1297,2265,-968
2783,1996,9,19951,15,19936
2783,1996,10,1366,6915,-5549
2783,1996,11,1348,4115,-2767
2783,1996,12,1341,1315,26
2783,1997,1,3247,5815,-2568
2783,1997,2,5342,15,5327
2783,1997,3,1352,2115,-763
2783,1997,4,40025,21715,18310
2783,1997,5,1410,8515,-7105
2783,1997,6,6631,29415,-22784
2783,1997,7,7014,1515,5499
2783,1997,8,6238,15,6223
2783,1997,9,1345,3015,-1670
2783,1997,10,5455,1365,4090
2783,1997,11,5371,865,4506
2783,1997,12,14308,1715,12593
2783,1998,1,1418,8915,-7497
2783,1998,2,1496,2465,-969
2783,1998,3,1395,1815,-420
2783,1998,4,26018,15,26003
2783,1998,5,1470,12665,-11195
2783,1998,6,1374,33765,-32391
2783,1998,7,59715,15,59700
2783,1998,8,1539,17615,-16076
2783,1998,9,1485,9515,-8030
2783,1998,10,1454,7915,-6461
2783,1998,11,1435,3015,-1580
2783,1998,12,1432,4900,-3468
2784,1997,10,300,0,300
2784,1997,11,6778,0,6778
2784,1997,12,6778,0,6778
2784,1998,1,6778,0,6778
2784,1998,2,6778,0,6778
2784,1998,3,6821,4955,1866
2784,1998,4,6905,8282,-1377
2784,1998,5,6902,6522,380
2784,1998,6,6894,8322,-1428
2784,1998,7,6898,3882,3016
2784,1998,8,6911,3322,3589
2784,1998,9,6926,3322,3604
2784,1998,10,6935,9822,-2887
2784,1998,11,6926,6722,204
2784,1998,12,6926,4257,2669
2787,1997,12,30703,0,30703
2787,1998,1,19990,1400,18590
2787,1998,2,20024,14700,5324
2787,1998,3,20060,10700,9360
2787,1998,4,20051,25971,-5920
2787,1998,5,20019,26671,-6652
2787,1998,6,29909,59971,-30062
2787,1998,7,19921,11271,8650
2787,1998,8,19931,19271,660
2787,1998,9,19936,18371,1565
2787,1998,10,19946,18071,1875
2787,1998,11,19950,18671,1279
2787,1998,12,29868,25556,4312
2788,1994,10,14112,0,14112
2788,1994,11,21087,0,21087
2788,1994,12,20847,6400,14447
2788,1995,1,13987,12000,1987
2788,1995,2,13991,13815,176
2788,1995,3,13977,18518,-4541
2788,1995,4,13970,14118,-148
2788,1995,5,13963,21218,-7255
2788,1995,6,20844,14418,6426
2788,1995,7,13962,17238,-3276
2788,1995,8,13933,18398,-4465
2788,1995,9,13945,9818,4127
2788,1995,10,13959,11318,2641
2788,1995,11,13961,14318,-357
2788,1995,12,20859,20178,681
2788,1996,1,13935,23078,-9143
2788,1996,2,13932,11418,2514
2788,1996,3,13946,10318,3628
2788,1996,4,13948,15118,-1170
2788,1996,5,13947,13718,229
2788,1996,6,20849,18538,2311
2788,1996,7,13922,23878,-9956
2788,1996,8,13925,14338,-413
2788,1996,9,13920,11418,2502
2788,1996,10,13909,27478,-13569
2788,1996,11,13893,10918,2975
2788,1996,12,20806,20738,68
2788,1997,1,13876,21818,-7942
2788,1997,2,13872,8918,4954
2788,1997,3,13882,14898,-1016
2788,1997,4,13887,13018,869
2788,1997,5,13887,17938,-4051
2788,1997,6,20776,18418,2358
2788,1997,7,13868,19258,-5390
2788,1997,8,13864,3818,10046
2788,1997,9,13891,24518,-10627
2788,1997,10,13862,3818,10044
2788,1997,11,13887,22618,-8731
2788,1997,12,20755,22618,-1863
2788,1998,1,13846,10898,2948
2788,1998,2,13870,3818,10052
2788,1998,3,13883,24958,-11075
2788,1998,4,13866,3818,10048
2788,1998,5,13906,4658,9248
2788,1998,6,20816,35918,-15102
2788,1998,7,13884,3818,10066
2788,1998,8,13891,29618,-15727
2788,1998,9,13856,9338,4518
2788,1998,10,13879,3818,10061
2788,1998,11,13920,3818,10102
2788,1998,12,20804,43603,-22799
2789,1994,1,20196,0,20196
2789,1994,2,12834,0,12834
2789,1994,3,12910,3100,9810
2789,1994,4,12933,11400,1533
2789,1994,5,12931,23371,-10440
2789,1994,6,19277,24371,-5094
2789,1994,7,12892,10371,2521
2789,1994,8,12901,11571,1330
2789,1994,9,12906,9771,3135
2789,1994,10,12919,10971,1948
2789,1994,11,12926,12871,55
2789,1994,12,19316,22771,-3455
2789,1995,1,12904,15071,-2167
2789,1995,2,12904,7871,5033
2789,1995,3,12922,14071,-1149
2789,1995,4,12917,13971,-1054
2789,1995,5,12912,12571,341
2789,1995,6,19298,24671,-5373
2789,1995,7,12894,8571,4323
2789,1995,8,12911,9071,3840
2789,1995,9,12921,12171,750
2789,1995,10,12933,12471,462
2789,1995,11,12928,11271,1657
2789,1995,12,19316,21171,-1855
2789,1996,1,13411,17671,-4260
2789,1996,2,12913,8171,4742
2789,1996,3,12922,13471,-549
2789,1996,4,12930,7771,5159
2789,1996,5,12942,13771,-829
2789,1996,6,21374,33771,-12397
2789,1996,7,12896,7371,5525
2789,1996,8,12918,10171,2747
2789,1996,9,12926,8871,4055
2789,1996,10,12942,9471,3471
2789,1996,11,12952,11471,1481
2789,1996,12,19343,15171,4172
2789,1997,1,12961,24871,-11910
2789,1997,2,12934,6571,6363
2789,1997,3,12965,5071,7894
2789,1997,4,12987,9671,3316
2789,1997,5,13000,10171,2829
2789,1997,6,19382,39171,-19789
2789,1997,7,14647,3971,10676
2789,1997,8,12979,8971,4008
2789,1997,9,12990,9171,3819
2789,1997,10,12999,11671,1328
2789,1997,11,12985,22571,-9586
2789,1997,12,19347,15871,3476
2789,1998,1,12957,21871,-8914
2789,1998,2,12939,16571,-3632
2789,1998,3,12928,12971,-43
2789,1998,4,12936,8771,4165
2789,1998,5,12931,16571,-3640
2789,1998,6,19290,42871,-23581
2789,1998,7,25393,4871,20522
2789,1998,8,14246,4671,9575
2789,1998,9,12981,4971,8010
2789,1998,10,14322,3971,10351
2789,1998,11,13261,3971,9290
2789,1998,12,19484,7556,11928
2790,1994,10,200,0,200
2790,1994,11,22124,0,22124
2790,1994,12,23637,12500,11137
2790,1995,1,15825,13500,2325
2790,1995,2,15841,10100,5741
2790,1995,3,15849,21877,-6028
2790,1995,4,15829,18777,-2948
2790,1995,5,15825,14777,1048
2790,1995,6,23688,17977,5711
2790,1995,7,15849,16277,-428
2790,1995,8,15843,18577,-2734
2790,1995,9,15843,12677,3166
2790,1995,10,15848,15777,71
2790,1995,11,15854,14377,1477
2790,1995,12,23712,19877,3835
2790,1996,1,15853,30377,-14524
2790,1996,2,21142,8877,12265
2790,1996,3,15863,14777,1086
2790,1996,4,15862,16677,-815
2790,1996,5,15879,9077,6802
2790,1996,6,23697,41777,-18080
2790,1996,7,25262,13677,11585
2790,1996,8,15877,10877,5000
2790,1996,9,15879,17277,-1398
2790,1996,10,15883,13877,2006
2790,1996,11,17000,12577,4423
2790,1996,12,26499,10377,16122
2790,1997,1,15942,30977,-15035
2790,1997,2,15925,10677,5248
2790,1997,3,15939,15377,562
2790,1997,4,15947,11177,4770
2790,1997,5,15958,13777,2181
2790,1997,6,26342,18677,7665
2790,1997,7,15992,16077,-85
2790,1997,8,16001,13277,2724
2790,1997,9,17331,8877,8454
2790,1997,10,16040,16677,-637
2790,1997,11,17363,8877,8486
2790,1997,12,28740,49277,-20537
2790,1998,1,28470,30677,-2207
2790,1998,2,15985,13377,2608
2790,1998,3,21125,11377,9748
2790,1998,4,16046,12477,3569
2790,1998,5,16865,8877,7988
2790,1998,6,35979,46377,-10398
2790,1998,7,21453,8877,12576
2790,1998,8,16101,14377,1724
2790,1998,9,16109,9377,6732
2790,1998,10,17672,31677,-14005
2790,1998,11,16078,9977,6101
2790,1998,12,23827,58862,-35035
2791,1997,12,1100,0,1100
2791,1998,1,5372,0,5372
2791,1998,2,5372,0,5372
2791,1998,3,5372,0,5372
2791,1998,4,5410,1800,3610
2791,1998,5,5465,4935,530
2791,1998,6,5463,13130,-7667
2791,1998,7,5435,3230,2205
2791,1998,8,5444,3230,2214
2791,1998,9,5441,6590,-1149
2791,1998,10,5449,3230,2219
2791,1998,11,5457,3630,1827
2791,1998,12,5451,7865,-2414
2792,1996,8,300,0,300
2792,1996,9,15804,0,15804
2792,1996,10,9667,0,9667
2792,1996,11,3597,4200,-603
2792,1996,12,3598,1100,2498
2792,1997,1,6808,4952,1856
2792,1997,2,3617,2842,775
2792,1997,3,3619,4242,-623
2792,1997,4,3614,4442,-828
2792,1997,5,3610,6042,-2432
2792,1997,6,3601,5242,-1641
2792,1997,7,3595,4342,-747
2792,1997,8,3585,9452,-5867
2792,1997,9,4872,2342,2530
2792,1997,10,4481,2972,1509
2792,1997,11,5289,2342,2947
2792,1997,12,3599,3812,-213
2792,1998,1,10007,4862,5145
2792,1998,2,3618,2842,776
2792,1998,3,4925,2342,2583
2792,1998,4,4332,3512,820
2792,1998,5,7844,2762,5082
2792,1998,6,5161,2342,2819
2792,1998,7,3770,2342,1428
2792,1998,8,3669,5442,-1773
2792,1998,9,3656,8622,-4966
2792,1998,10,5953,2342,3611
2792,1998,11,3659,4002,-343
2792,1998,12,7269,3257,4012
2793,1993,10,800,0,800
2793,1993,11,3452,0,3452
2793,1993,12,3452,0,3452
2793,1994,1,3452,0,3452
2793,1994,2,3452,0,3452
2793,1994,3,3499,3036,463
2793,1994,4,3518,2316,1202
2793,1994,5,3523,2316,1207
2793,1994,6,3528,3336,192
2793,1994,7,3529,2316,1213
2793,1994,8,3534,2316,1218
2793,1994,9,3538,3786,-248
2793,1994,10,3538,2316,1222
2793,1994,11,3543,3486,57
2793,1994,12,3543,2736,807
2793,1995,1,3531,8016,-4485
2793,1995,2,3528,2316,1212
2793,1995,3,3531,3426,105
2793,1995,4,3533,2316,1217
2793,1995,5,3538,2586,952
2793,1995,6,3522,9906,-6384
2793,1995,7,3516,2316,1200
2793,1995,8,3521,2316,1205
2793,1995,9,3524,3096,428
2793,1995,10,3528,2316,1212
2793,1995,11,3533,2316,1217
2793,1995,12,3537,2946,591
2793,1996,1,3528,7206,-3678
2793,1996,2,3525,2316,1209
2793,1996,3,3530,2316,1214
2793,1996,4,3535,2526,1009
2793,1996,5,3539,2316,1223
2793,1996,6,3535,10116,-6581
2793,1996,7,3517,2316,1201
2793,1996,8,3522,2316,1206
2793,1996,9,3527,2646,881
2793,1996,10,3530,2316,1214
2793,1996,11,3535,2316,1219
2793,1996,12,3539,3156,383
2793,1997,1,3527,7386,-3859
2793,1997,2,3524,3306,218
2793,1997,3,3526,3156,370
2793,1997,4,3528,2316,1212
2793,1997,5,3533,2586,947
2793,1997,6,3533,4266,-733
2793,1997,7,3532,3396,136
2793,1997,8,3534,2316,1218
2793,1997,9,3539,2316,1223
2793,1997,10,3543,2916,627
2793,1997,11,3547,2316,1231
2793,1997,12,3552,2946,606
2793,1998,1,3548,8226,-4678
2793,1998,2,3535,2316,1219
2793,1998,3,3540,2316,1224
2793,1998,4,3545,2316,1229
2793,1998,5,3550,2316,1234
2793,1998,6,3531,10446,-6915
2793,1998,7,3526,2316,1210
2793,1998,8,3531,2676,855
2793,1998,9,3535,2316,1219
2793,1998,10,3540,2316,1224
2793,1998,11,3545,2316,1229
2793,1998,12,3549,3051,498
2794,1996,8,1000,0,1000
2794,1996,9,19956,0,19956
2794,1996,10,12311,1300,11011
2794,1996,11,12331,9400,2931
2794,1996,12,18457,9700,8757
2794,1997,1,12359,19735,-7376
2794,1997,2,12347,10015,2332
2794,1997,3,12341,15015,-2674
2794,1997,4,12333,14015,-1682
2794,1997,5,12332,12015,317
2794,1997,6,18409,44995,-26586
2794,1997,7,15773,15,15758
2794,1997,8,12314,4515,7799
2794,1997,9,12321,11915,406
2794,1997,10,12324,11515,809
2794,1997,11,12313,16395,-4082
2794,1997,12,18405,30775,-12370
2794,1998,1,12266,27475,-15209
2794,1998,2,12208,5175,7033
2794,1998,3,12240,18015,-5775
2794,1998,4,12243,17016,-4773
2794,1998,5,12189,11741,448
2794,1998,6,18310,13203,5107
2794,1998,7,12226,13535,-1309
2794,1998,8,12195,16619,-4424
2794,1998,9,12189,12043,146
2794,1998,10,12197,12636,-439
2794,1998,11,12189,17640,-5451
2794,1998,12,18301,3230,15071
2795,1996,8,300,0,300
2795,1996,9,20548,0,20548
2795,1996,10,19715,10900,8815
2795,1996,11,19745,14600,5145
2795,1996,12,29577,23100,6477
2795,1997,1,19780,26815,-7035
2795,1997,2,19751,21172,-1421
2795,1997,3,19744,22652,-2908
2795,1997,4,19745,15672,4073
2795,1997,5,19758,20532,-774
2795,1997,6,29579,21472,8107
2795,1997,7,19769,24952,-5183
2795,1997,8,19756,21872,-2116
2795,1997,9,19753,19012,741
2795,1997,10,19761,16572,3189
2795,1997,11,19761,23412,-3651
2795,1997,12,29572,28352,1220
2795,1998,1,19730,31992,-12262
2795,1998,2,27748,9972,17776
2795,1998,3,19775,21072,-1297
2795,1998,4,19759,24272,-4513
2795,1998,5,19754,19172,582
2795,1998,6,29814,9972,19842
2795,1998,7,19847,15972,3875
2795,1998,8,19847,21072,-1225
2795,1998,9,19845,19572,273
2795,1998,10,19839,23712,-3873
2795,1998,11,19834,20192,-358
2795,1998,12,29659,24557,5102
2796,1997,12,62137,0,62137
2796,1998,1,40961,18100,22861
2796,1998,2,41028,27200,13828
2796,1998,3,40925,82100,-41175
2796,1998,4,40946,17421,23525
2796,1998,5,40969,41630,-661
2796,1998,6,61290,67102,-5812
2796,1998,7,40994,23902,17092
2796,1998,8,41036,41320,-284
2796,1998,9,40915,75002,-34087
2796,1998,10,40909,40402,507
2796,1998,11,40937,19502,21435
2796,1998,12,61208,91972,-30764
2797,1997,2,500,0,500
2797,1997,3,21535,0,21535
2797,1997,4,18618,12500,6118
2797,1997,5,18645,11000,7645
2797,1997,6,27939,18700,9239
2797,1997,7,18707,22315,-3608
2797,1997,8,18694,20715,-2021
2797,1997,9,18685,21215,-2530
2797,1997,10,18685,23855,-5170
2797,1997,11,18654,19415,-761
2797,1997,12,27977,26975,1002
2797,1998,1,18649,31075,-12426
2797,1998,2,18608,15115,3493
2797,1998,3,18621,17015,1606
2797,1998,4,18619,24015,-5396
2797,1998,5,18595,25495,-6900
2797,1998,6,27909,38895,-10986
2797,1998,7,18542,9515,9027
2797,1998,8,18587,20735,-2148
2797,1998,9,18566,12815,5751
2797,1998,10,18585,17335,1250
2797,1998,11,18594,19475,-881
2797,1998,12,27923,5040,22883
2798,1994,8,200,0,200
2798,1994,9,21333,0,21333
2798,1994,10,19909,11500,8409
2798,1994,11,19940,14300,5640
2798,1994,12,29871,22700,7171
2798,1995,1,19974,39009,-19035
2798,1995,2,19933,16609,3324
2798,1995,3,19914,27165,-7251
2798,1995,4,19922,13009,6913
2798,1995,5,19942,18909,1033
2798,1995,6,30320,37309,-6989
2798,1995,7,19922,14809,5113
2798,1995,8,19936,18709,1227
2798,1995,9,19946,14909,5037
2798,1995,10,19962,17309,2653
2798,1995,11,19945,32820,-12875
2798,1995,12,29855,23979,5876
2798,1996,1,23111,29809,-6698
2798,1996,2,23204,20581,2623
2798,1996,3,19935,13109,6826
2798,1996,4,19959,13809,6150
2798,1996,5,19973,19856,117
2798,1996,6,29874,37809,-7935
2798,1996,7,19948,15947,4001
2798,1996,8,19941,31786,-11845
2798,1996,9,19929,10309,9620
2798,1996,10,19969,8809,11160
2798,1996,11,19975,27509,-7534
2798,1996,12,29904,20609,9295
2798,1997,1,20149,40324,-20175
2798,1997,2,19938,19609,329
2798,1997,3,25738,21711,4027
2798,1997,4,19946,25477,-5531
2798,1997,5,22836,23316,-480
2798,1997,6,29847,15809,14038
2798,1997,7,19952,31758,-11806
2798,1997,8,19936,11509,8427
2798,1997,9,19955,16909,3046
2798,1997,10,19937,26812,-6875
2798,1997,11,19927,20909,-982
2798,1997,12,29829,34809,-4980
2798,1998,1,19889,25809,-5920
2798,1998,2,19916,6109,13807
2798,1998,3,19930,21909,-1979
2798,1998,4,19908,26009,-6101
2798,1998,5,19901,24209,-4308
2798,1998,6,29867,8809,21058
2798,1998,7,19938,31309,-11371
2798,1998,8,19941,16009,3932
2798,1998,9,19953,17009,2944
2798,1998,10,19969,16109,3860
2798,1998,11,19988,18909,1079
2798,1998,12,29916,38393,-8477
2799,1994,4,200,0,200
2799,1994,5,66832,0,66832
2799,1994,6,53752,21700,32052
2799,1994,7,63686,88500,-24814
2799,1994,8,85011,102436,-17425
2799,1994,9,46633,44036,2597
2799,1994,10,104484,104936,-452
2799,1994,11,49264,73736,-24472
2799,1994,12,41164,29036,12128
2799,1995,1,67202,61036,6166
2799,1995,2,189,22136,-21947
2799,1995,3,47694,35536,12158
2799,1995,4,39142,33692,5450
2799,1995,5,42381,47311,-4930
2799,1995,6,79744,71498,8246
2799,1995,7,63349,57977,5372
2799,1995,8,47143,44643,2500
2799,1995,9,108785,95676,13109
2799,1995,10,41845,65450,-23605
2799,1995,11,106796,50936,55860
2799,1995,12,14804,84446,-69642
2799,1996,1,6583,21336,-14753
2799,1996,2,6070,8436,-2366
2799,1996,3,9664,8436,1228
2799,1996,4,9770,8436,1334
2799,1996,5,3367,8436,-5069
2799,1996,6,42,8436,-8394
2799,1996,7,20,3566,-3546
2799,1996,8,14,2523,-2509
2799,1996,9,4,30,-26
2799,1996,10,0,30,-30
2799,1996,11,8,30,-22
2799,1996,12,4,30,-26
2799,1997,1,116078,18036,98042
2799,1997,2,15491,56801,-41310
2799,1997,3,186,24536,-24350
2799,1997,4,43455,50436,-6981
2799,1997,5,41550,8436,33114
2799,1997,6,115874,89136,26738
2799,1997,7,60189,111864,-51675
2799,1997,8,86644,49436,37208
2799,1997,9,103340,135678,-32338
2799,1997,10,43163,41669,1494
2799,1997,11,66234,23044,43190
2799,1997,12,27665,73090,-45425
2799,1998,1,21568,36336,-14768
2799,1998,2,75,8436,-8361
2799,1998,3,39,8436,-8397
2799,1998,4,17,3566,-3549
2799,1998,5,12,1073,-1061
2799,1998,6,84460,42510,41950
2799,1998,7,48055,19536,28519
2799,1998,8,148,52236,-52088
2799,1998,9,17372,12467,4905
2799,1998,10,52593,8436,44157
2799,1998,11,90763,53736,37027
2799,1998,12,47798,82106,-34308
2800,1997,5,20298,0,20298
2800,1997,6,30882,0,30882
2800,1997,7,19573,12700,6873
2800,1997,8,19590,16800,2790
2800,1997,9,19590,21655,-2065
2800,1997,10,19579,22755,-3176
2800,1997,11,19563,23755,-4192
2800,1997,12,29228,24355,4873
2800,1998,1,19536,37655,-18119
2800,1998,2,19501,16755,2746
2800,1998,3,19513,19055,458
2800,1998,4,19521,17355,2166
2800,1998,5,19528,18155,1373
2800,1998,6,29194,30855,-1661
2800,1998,7,19519,20855,-1336
2800,1998,8,19514,25755,-6241
2800,1998,9,19514,19955,-441
2800,1998,10,19509,19555,-46
2800,1998,11,19512,16355,3157
2800,1998,12,29218,28140,1078
2801,1996,9,900,0,900
2801,1996,10,5962,0,5962
2801,1996,11,5962,0,5962
2801,1996,12,5962,0,5962
2801,1997,1,5962,0,5962
2801,1997,2,5967,15,5952
2801,1997,3,6083,6899,-816
2801,1997,4,6093,3539,2554
2801,1997,5,6102,4259,1843
2801,1997,6,6101,7179,-1078
2801,1997,7,6107,3539,2568
2801,1997,8,6116,4439,1677
2801,1997,9,6124,3539,2585
2801,1997,10,6131,6819,-688
2801,1997,11,6128,5439,689
2801,1997,12,6121,8819,-2698
2801,1998,1,6096,12339,-6243
2801,1998,2,6094,6259,-165
2801,1998,3,6097,3539,2558
2801,1998,4,6104,7459,-1355
2801,1998,5,6086,7219,-1133
2801,1998,6,6097,3539,2558
2801,1998,7,6108,3539,2569
2801,1998,8,6117,4819,1298
2801,1998,9,6124,3539,2585
2801,1998,10,6135,3539,2596
2801,1998,11,6145,3539,2606
2801,1998,12,6148,4974,1174
2802,1993,9,900,0,900
2802,1993,10,12849,0,12849
2802,1993,11,8996,0,8996
2802,1993,12,3719,1200,2519
2802,1994,1,3729,1500,2229
2802,1994,2,3733,3715,18
2802,1994,3,3728,6427,-2699
2802,1994,4,3719,5137,-1418
2802,1994,5,3714,4627,-913
2802,1994,6,3709,7437,-3728
2802,1994,7,6207,2727,3480
2802,1994,8,3715,2727,988
2802,1994,9,7629,2427,5202
2802,1994,10,3736,3827,-91
2802,1994,11,3736,3527,209
2802,1994,12,3732,5747,-2015
2802,1995,1,5025,6807,-1782
2802,1995,2,6229,3297,2932
2802,1995,3,3730,4727,-997
2802,1995,4,6939,3807,3132
2802,1995,5,3738,5327,-1589
2802,1995,6,4234,9657,-5423
2802,1995,7,5120,2427,2693
2802,1995,8,5533,2427,3106
2802,1995,9,3741,2427,1314
2802,1995,10,3741,3827,-86
2802,1995,11,4949,2427,2522
2802,1995,12,3744,6937,-3193
2802,1996,1,3722,9577,-5855
2802,1996,2,7128,2427,4701
2802,1996,3,3729,5127,-1398
2802,1996,4,5336,2427,2909
2802,1996,5,3737,5757,-2020
2802,1996,6,3728,6047,-2319
2802,1996,7,5029,2427,2602
2802,1996,8,3734,3427,307
2802,1996,9,5638,3177,2461
2802,1996,10,4144,3627,517
2802,1996,11,3751,2527,1224
2802,1996,12,5355,3057,2298
2802,1997,1,3760,7887,-4127
2802,1997,2,3747,3567,180
2802,1997,3,3748,4827,-1079
2802,1997,4,3744,2927,817
2802,1997,5,5148,2427,2721
2802,1997,6,3745,10607,-6862
2802,1997,7,3726,5497,-1771
2802,1997,8,3720,5427,-1707
2802,1997,9,3713,5797,-2084
2802,1997,10,3705,3727,-22
2802,1997,11,4502,4017,485
2802,1997,12,5109,2997,2112
2802,1998,1,5508,8667,-3159
2802,1998,2,3702,3477,225
2802,1998,3,3703,3827,-124
2802,1998,4,3700,6227,-2527
2802,1998,5,7298,2427,4871
2802,1998,6,6811,9837,-3026
2802,1998,7,7406,2427,4979
2802,1998,8,5324,2427,2897
2802,1998,9,5435,3297,2138
2802,1998,10,5241,3177,2064
2802,1998,11,6455,3087,3368
2802,1998,12,8668,4932,3736
2803,1995,12,44398,10100,34298
2803,1996,1,85026,72400,12626
2803,1996,2,131451,132815,-1364
2803,1996,3,41518,40048,1470
2803,1996,4,26827,19615,7212
2803,1996,5,61127,59378,1749
2803,1996,6,19935,23215,-3280
2803,1996,7,5816,10715,-4899
2803,1996,8,45385,40497,4888
2803,1996,9,49481,37015,12466
2803,1996,10,39690,44015,-4325
2803,1996,11,35516,19115,16401
2803,1996,12,14381,31915,-17534
2803,1997,1,12471,50415,-37944
2803,1997,2,2991,15,2976
2803,1997,3,2803,15,2788
2803,1997,4,49731,20015,29716
2803,1997,5,2659,25215,-22556
2803,1997,6,5337,11768,-6431
2803,1997,7,116,3815,-3699
2803,1997,8,42116,33415,8701
2803,1997,9,124,9908,-9784
2803,1997,10,1697,15,1682
2803,1997,11,103,2915,-2812
2803,1997,12,1292,15,1277
2803,1998,1,93359,28442,64917
2803,1998,2,24020,41991,-17971
2803,1998,3,23594,43680,-20086
2803,1998,4,28852,48737,-19885
2803,1998,5,111338,35629,75709
2803,1998,6,382,56315,-55933
2803,1998,7,73881,31915,41966
2803,1998,8,147227,136976,10251
2803,1998,9,82122,77310,4812
2803,1998,10,35417,86268,-50851
2803,1998,11,44603,23115,21488
2803,1998,12,58664,55298,3366
2804,1996,2,900,0,900
2804,1996,3,13981,0,13981
2804,1996,4,10738,0,10738
2804,1996,5,6374,2700,3674
2804,1996,6,9517,8800,717
2804,1996,7,6393,4815,1578
2804,1996,8,6397,5015,1382
2804,1996,9,6400,6415,-15
2804,1996,10,6398,7715,-1317
2804,1996,11,6395,6315,80
2804,1996,12,9542,4715,4827
2804,1997,1,6403,14715,-8312
2804,1997,2,6388,2515,3873
2804,1997,3,6402,5615,787
2804,1997,4,6405,3615,2790
2804,1997,5,6418,3015,3403
2804,1997,6,9553,12215,-2662
2804,1997,7,6419,4315,2104
2804,1997,8,6430,3215,3215
2804,1997,9,6434,8615,-2181
2804,1997,10,6425,7515,-1090
2804,1997,11,6427,4515,1912
2804,1997,12,9565,9215,350
2804,1998,1,8714,15015,-6301
2804,1998,2,11220,4415,6805
2804,1998,3,6443,2715,3728
2804,1998,4,6466,4015,2451
2804,1998,5,6463,5315,1148
2804,1998,6,24392,25115,-723
2804,1998,7,8183,15,8168
2804,1998,8,6489,8815,-2326
2804,1998,9,6481,11815,-5334
2804,1998,10,6474,4515,1959
2804,1998,11,6479,3615,2864
2804,1998,12,9619,7300,2319
2805,1996,5,1000,0,1000
2805,1996,6,3026,0,3026
2805,1996,7,3026,0,3026
2805,1996,8,3026,0,3026
2805,1996,9,3026,0,3026
2805,1996,10,3068,2032,1036
2805,1996,11,3088,2032,1056
2805,1996,12,3091,2632,459
2805,1997,1,3088,5182,-2094
2805,1997,2,3085,2032,1053
2805,1997,3,3090,2032,1058
2805,1997,4,3093,2812,281
2805,1997,5,3096,2032,1064
2805,1997,6,3100,2032,1068
2805,1997,7,3104,2032,1072
2805,1997,8,3108,2332,776
2805,1997,9,3103,5862,-2759
2805,1997,10,3101,2032,1069
2805,1997,11,3105,2032,1073
2805,1997,12,3108,3742,-634
2805,1998,1,3098,5602,-2504
2805,1998,2,3096,2032,1064
2805,1998,3,3097,3262,-165
2805,1998,4,3099,3092,7
2805,1998,5,3098,3392,-294
2805,1998,6,3094,3832,-738
2805,1998,7,3081,7232,-4151
2805,1998,8,3078,2032,1046
2805,1998,9,3083,2032,1051
2805,1998,10,3086,2362,724
2805,1998,11,3090,2032,1058
2805,1998,12,3093,2677,416
2806,1997,6,500,0,500
2806,1997,7,14080,0,14080
2806,1997,8,11840,0,11840
2806,1997,9,9682,5700,3982
2806,1997,10,9696,8400,1296
2806,1997,11,9710,7583,2127
2806,1997,12,14508,15303,-795
2806,1998,1,9705,19363,-9658
2806,1998,2,9673,9183,490
2806,1998,3,9880,5083,4797
2806,1998,4,9695,8983,712
2806,1998,5,9698,8783,915
2806,1998,6,14495,11683,2812
2806,1998,7,9711,9883,-172
2806,1998,8,9706,12383,-2677
2806,1998,9,9699,9683,16
2806,1998,10,9701,11643,-1942
2806,1998,11,10400,5083,5317
2806,1998,12,14498,16328,-1830
2807,1996,10,37351,0,37351
2807,1996,11,29032,5300,23732
2807,1996,12,254,19300,-19046
2807,1997,1,254,7300,-7046
2807,1997,2,27576,7474,20102
2807,1997,3,148,21615,-21467
2807,1997,4,43490,7115,36375
2807,1997,5,43956,31029,12927
2807,1997,6,32571,29115,3456
2807,1997,7,301,55415,-55114
2807,1997,8,18885,13815,5070
2807,1997,9,30269,25415,4854
2807,1997,10,139,24620,-24481
2807,1997,11,32111,34019,-1908
2807,1997,12,61,815,-754
2807,1998,1,31054,29415,1639
2807,1998,2,65,2315,-2250
2807,1998,3,54697,31115,23582
2807,1998,4,142,21615,-21473
2807,1998,5,164,15,149
2807,1998,6,2865,15,2850
2807,1998,7,51758,15,51743
2807,1998,8,271,31115,-30844
2807,1998,9,146,18209,-18063
2807,1998,10,88,2915,-2827
2807,1998,11,76,15,61
2807,1998,12,11187,3000,8187
2808,1994,12,700,0,700
2808,1995,1,10200,0,10200
2808,1995,2,59179,0,59179
2808,1995,3,292,25300,-25008
2808,1995,4,292,8200,-7908
2808,1995,5,292,3600,-3308
2808,1995,6,292,2200,-1908
2808,1995,7,292,100,192
2808,1995,8,292,1100,-808
2808,1995,9,892,0,892
2808,1995,10,2692,0,2692
2808,1995,11,592,0,592
2808,1995,12,1292,0,1292
2808,1996,1,292,1200,-908
2808,1996,2,9379,0,9379
2808,1996,3,188,3500,-3312
2808,1996,4,188,1500,-1312
2808,1996,5,46795,23000,23795
2808,1996,6,267,14300,-14033
2808,1996,7,267,5500,-5233
2808,1996,8,267,5700,-5433
2808,1996,9,267,700,-433
2808,1996,10,267,2600,-2333
2808,1996,11,1467,0,1467
2808,1996,12,4567,0,4567
2808,1997,1,1367,0,1367
2808,1997,2,1067,0,1067
2808,1997,3,28433,3015,25418
2808,1997,4,38430,14015,24415
2808,1997,5,392,26815,-26423
2808,1997,6,242,18765,-18523
2808,1997,7,203,6415,-6212
2808,1997,8,483,15,468
2808,1997,9,881,2365,-1484
2808,1997,10,173,4415,-4242
2808,1997,11,1360,15,1345
2808,1997,12,1361,2815,-1454
2808,1998,1,7160,3215,3945
2808,1998,2,37180,815,36365
2808,1998,3,12828,16165,-3337
2808,1998,4,297,14265,-13968
2808,1998,5,254,7115,-6861
2808,1998,6,9125,19915,-10790
2808,1998,7,6582,15,6567
2808,1998,8,2708,1515,1193
2808,1998,9,6314,15,6299
2808,1998,10,239,215,24
2808,1998,11,6940,15,6925
2808,1998,12,255,4650,-4395
2809,1994,12,22756,0,22756
2809,1995,1,15600,0,15600
2809,1995,2,14845,5200,9645
2809,1995,3,14868,11200,3668
2809,1995,4,14864,18979,-4115
2809,1995,5,14842,18418,-3576
2809,1995,6,22119,38718,-16599
2809,1995,7,14791,8218,6573
2809,1995,8,14793,16018,-1225
2809,1995,9,14785,17318,-2533
2809,1995,10,14783,14118,665
2809,1995,11,14785,14618,167
2809,1995,12,22129,17318,4811
2809,1996,1,14795,18118,-3323
2809,1996,2,14787,15918,-1131
2809,1996,3,14781,16618,-1837
2809,1996,4,14772,16318,-1546
2809,1996,5,14767,21318,-6551
2809,1996,6,22117,13118,8999
2809,1996,7,14788,18918,-4130
2809,1996,8,14780,12918,1862
2809,1996,9,14794,10218,4576
2809,1996,10,14810,14318,492
2809,1996,11,14800,16818,-2018
2809,1996,12,22154,14218,7936
2809,1997,1,14829,18118,-3289
2809,1997,2,14824,11018,3806
2809,1997,3,14837,16618,-1781
2809,1997,4,14824,15718,-894
2809,1997,5,14823,17818,-2995
2809,1997,6,22137,32518,-10381
2809,1997,7,14770,12118,2652
2809,1997,8,14784,11018,3766
2809,1997,9,14795,14118,677
2809,1997,10,14799,12818,1981
2809,1997,11,14801,17218,-2417
2809,1997,12,22137,21718,419
2809,1998,1,14792,15518,-726
2809,1998,2,14791,15018,-227
2809,1998,3,14790,16718,-1928
2809,1998,4,14777,16418,-1641
2809,1998,5,14778,13018,1760
2809,1998,6,22127,21118,1009
2809,1998,7,14783,16018,-1235
2809,1998,8,14782,13518,1264
2809,1998,9,14783,15218,-435
2809,1998,10,14787,12218,2569
2809,1998,11,14783,19018,-4235
2809,1998,12,22114,22303,-189
2810,1995,3,1000,0,1000
2810,1995,4,19057,0,19057
2810,1995,5,11508,5900,5608
2810,1995,6,17243,9600,7643
2810,1995,7,11559,8100,3459
2810,1995,8,11562,12907,-1345
2810,1995,9,11554,13623,-2069
2810,1995,10,11539,16023,-4484
2810,1995,11,11526,14023,-2497
2810,1995,12,17232,16423,809
2810,1996,1,11512,17523,-6011
2810,1996,2,11805,7623,4182
2810,1996,3,11511,14123,-2612
2810,1996,4,13619,8823,4796
2810,1996,5,11526,12823,-1297
2810,1996,6,23168,14623,8545
2810,1996,7,11557,14423,-2866
2810,1996,8,11530,18423,-6893
2810,1996,9,11516,10723,793
2810,1996,10,11510,13623,-2113
2810,1996,11,11516,9123,2393
2810,1996,12,17243,13023,4220
2810,1997,1,11535,15323,-3788
2810,1997,2,11528,8723,2805
2810,1997,3,11527,12423,-896
2810,1997,4,11538,8323,3215
2810,1997,5,11531,14123,-2592
2810,1997,6,17228,22223,-4995
2810,1997,7,13509,15423,-1914
2810,1997,8,11916,7623,4293
2810,1997,9,12536,7623,4913
2810,1997,10,11542,18123,-6581
2810,1997,11,11525,10323,1202
2810,1997,12,17252,13823,3429
2810,1998,1,11925,14323,-2398
2810,1998,2,11533,13323,-1790
2810,1998,3,11521,15523,-4002
2810,1998,4,11509,11323,186
2810,1998,5,11510,9223,2287
2810,1998,6,17214,18023,-809
2810,1998,7,11509,12223,-714
2810,1998,8,12214,7623,4591
2810,1998,9,11524,11123,401
2810,1998,10,12833,12123,710
2810,1998,11,11536,9223,2313
2810,1998,12,17251,15608,1643
2811,1996,1,26207,0,26207
2811,1996,2,1006,0,1006
2811,1996,3,42152,300,41852
2811,1996,4,45554,22200,23354
2811,1996,5,22001,55700,-33699
2811,1996,6,245,15700,-15455
2811,1996,7,142530,130103,12427
2811,1996,8,6958,24199,-17241
2811,1996,9,11077,33198,-22121
2811,1996,10,36436,20499,15937
2811,1996,11,112368,93699,18669
2811,1996,12,40501,46268,-5767
2811,1997,1,10875,31399,-20524
2811,1997,2,41433,25299,16134
2811,1997,3,70032,39399,30633
2811,1997,4,271,37999,-37728
2811,1997,5,136426,95199,41227
2811,1997,6,46395,61999,-15604
2811,1997,7,141965,102399,39566
2811,1997,8,64819,103899,-39080
2811,1997,9,47802,48899,-1097
2811,1997,10,93029,70699,22330
2811,1997,11,17088,38999,-21911
2811,1997,12,25911,29799,-3888
2811,1998,1,87152,67357,19795
2811,1998,2,93561,122399,-28838
2811,1998,3,65898,54497,11401
2811,1998,4,217,22399,-22182
2811,1998,5,10239,20899,-10660
2811,1998,6,45646,14599,31047
2811,1998,7,78348,28699,49649
2811,1998,8,345,51899,-51554
2811,1998,9,25230,27299,-2069
2811,1998,10,75722,50208,25514
2811,1998,11,274,24099,-23825
2811,1998,12,1192,21784,-20592
2812,1996,7,24770,0,24770
2812,1996,8,24665,3000,21665
2812,1996,9,24734,11500,13234
2812,1996,10,24779,16000,8779
2812,1996,11,24800,22415,2385
2812,1996,12,37031,40126,-3095
2812,1997,1,24654,70206,-45552
2812,1997,2,24639,8226,16413
2812,1997,3,24667,20326,4341
2812,1997,4,24667,26226,-1559
2812,1997,5,24644,47146,-22502
2812,1997,6,36882,43526,-6644
2812,1997,7,24596,24726,-130
2812,1997,8,24595,19926,4669
2812,1997,9,24611,26026,-1415
2812,1997,10,24603,26086,-1483
2812,1997,11,24597,24526,71
2812,1997,12,36872,32726,4146
2812,1998,1,24593,19626,4967
2812,1998,2,24627,33526,-8899
2812,1998,3,24608,8226,16382
2812,1998,4,24655,36926,-12271
2812,1998,5,24609,27826,-3217
2812,1998,6,36867,37346,-479
2812,1998,7,24609,8226,16383
2812,1998,8,24644,39726,-15082
2812,1998,9,24614,8226,16388
2812,1998,10,24642,42226,-17584
2812,1998,11,24609,8226,16383
2812,1998,12,36947,12691,24256
2813,1993,12,800,0,800
2813,1994,1,17266,0,17266
2813,1994,2,14525,2900,11625
2813,1994,3,14553,11200,3353
2813,1994,4,14564,12600,1964
2813,1994,5,14575,11315,3260
2813,1994,6,21783,28086,-6303
2813,1994,7,14551,17386,-2835
2813,1994,8,14549,13186,1363
2813,1994,9,14546,18406,-3860
2813,1994,10,14533,14886,-353
2813,1994,11,14529,15486,-957
2813,1994,12,21735,24546,-2811
2813,1995,1,14495,22606,-8111
2813,1995,2,14805,6786,8019
2813,1995,3,14516,14186,330
2813,1995,4,14529,10286,4243
2813,1995,5,14527,16686,-2159
2813,1995,6,21749,17186,4563
2813,1995,7,14539,15686,-1147
2813,1995,8,14553,9986,4567
2813,1995,9,14565,11786,2779
2813,1995,10,14580,14966,-386
2813,1995,11,14556,16586,-2030
2813,1995,12,21793,17506,4287
2813,1996,1,14545,27186,-12641
2813,1996,2,14529,12106,2423
2813,1996,3,14544,10746,3798
2813,1996,4,14553,14226,327
2813,1996,5,14549,14446,103
2813,1996,6,21788,12986,8802
2813,1996,7,14571,17986,-3415
2813,1996,8,14554,27586,-13032
2813,1996,9,14535,15266,-731
2813,1996,10,14540,9386,5154
2813,1996,11,14557,16686,-2129
2813,1996,12,21784,15806,5978
2813,1997,1,14561,24306,-9745
2813,1997,2,14534,12986,1548
2813,1997,3,14540,15786,-1246
2813,1997,4,14535,15086,-551
2813,1997,5,14533,12386,2147
2813,1997,6,21765,21346,419
2813,1997,7,14532,18846,-4314
2813,1997,8,14522,15386,-864
2813,1997,9,14519,14286,233
2813,1997,10,14517,15386,-869
2813,1997,11,14511,17786,-3275
2813,1997,12,21734,10346,11388
2813,1998,1,14530,18426,-3896
2813,1998,2,14538,6786,7752
2813,1998,3,14548,28186,-13638
2813,1998,4,14515,6786,7729
2813,1998,5,14546,6786,7760
2813,1998,6,21772,39086,-17314
2813,1998,7,14507,6786,7721
2813,1998,8,14532,10866,3666
2813,1998,9,14553,6786,7767
2813,1998,10,14583,7986,6597
2813,1998,11,14613,6786,7827
2813,1998,12,21800,52671,-30871
2814,1993,4,500,0,500
2814,1993,5,4544,0,4544
2814,1993,6,4544,0,4544
2814,1993,7,4544,0,4544
2814,1993,8,4544,0,4544
2814,1993,9,4572,815,3757
2814,1993,10,4642,2642,2000
2814,1993,11,4651,2642,2009
2814,1993,12,4651,7672,-3021
2814,1994,1,4624,15322,-10698
2814,1994,2,4602,2642,1960
2814,1994,3,4610,2642,1968
2814,1994,4,4618,2642,1976
2814,1994,5,4622,3842,780
2814,1994,6,4630,2642,1988
2814,1994,7,4635,3442,1193
2814,1994,8,4642,6182,-1540
2814,1994,9,4636,2642,1994
2814,1994,10,4644,3042,1602
2814,1994,11,4651,2642,2009
2814,1994,12,4659,3192,1467
2814,1995,1,4637,13632,-8995
2814,1995,2,4628,2642,1986
2814,1995,3,4637,2642,1995
2814,1995,4,4645,2642,2003
2814,1995,5,4653,2642,2011
2814,1995,6,4645,16092,-11447
2814,1995,7,4614,2642,1972
2814,1995,8,4621,4162,459
2814,1995,9,4614,5842,-1228
2814,1995,10,4619,2642,1977
2814,1995,11,4627,2642,1985
2814,1995,12,4635,3742,893
2814,1996,1,4614,12052,-7438
2814,1996,2,4608,2642,1966
2814,1996,3,4616,2642,1974
2814,1996,4,4612,8322,-3710
2814,1996,5,4609,2642,1967
2814,1996,6,4617,2642,1975
2814,1996,7,4624,4002,622
2814,1996,8,4621,6162,-1541
2814,1996,9,4621,2642,1979
2814,1996,10,4629,2642,1987
2814,1996,11,4638,2642,1996
2814,1996,12,4645,5332,-687
2814,1997,1,4627,11592,-6965
2814,1997,2,4614,2642,1972
2814,1997,3,4622,2642,1980
2814,1997,4,4630,2642,1988
2814,1997,5,4638,2642,1996
2814,1997,6,4630,10452,-5822
2814,1997,7,4622,2642,1980
2814,1997,8,4624,4882,-258
2814,1997,9,4629,2642,1987
2814,1997,10,4638,2642,1996
2814,1997,11,4646,2642,2004
2814,1997,12,4653,3142,1511
2814,1998,1,4640,10322,-5682
2814,1998,2,4636,2642,1994
2814,1998,3,4645,2642,2003
2814,1998,4,4653,2642,2011
2814,1998,5,4662,2642,2020
2814,1998,6,4661,5642,-981
2814,1998,7,4666,2642,2024
2814,1998,8,4674,2642,2032
2814,1998,9,4682,2642,2040
2814,1998,10,4674,10082,-5408
2814,1998,11,4664,5602,-938
2814,1998,12,4664,3877,787
2816,1997,5,18893,0,18893
2816,1997,6,27264,0,27264
2816,1997,7,17957,8200,9757
2816,1997,8,17982,13600,4382
2816,1997,9,17980,23072,-5092
2816,1997,10,17960,36492,-18532
2816,1997,11,17947,16692,1255
2816,1997,12,26813,26132,681
2816,1998,1,20846,34792,-13946
2816,1998,2,17874,8812,9062
2816,1998,3,17903,18112,-209
2816,1998,4,17894,15152,2742
2816,1998,5,17917,16192,1725
2816,1998,6,26814,18592,8222
2816,1998,7,17957,17192,765
2816,1998,8,17957,18392,-435
2816,1998,9,17941,22532,-4591
2816,1998,10,17935,17492,443
2816,1998,11,17931,20872,-2941
2816,1998,12,26824,8897,17927
2817,1993,4,13918,0,13918
2817,1993,5,13775,200,13575
2817,1993,6,21193,0,21193
2817,1993,7,13874,14000,-126
2817,1993,8,13888,9515,4373
2817,1993,9,13894,13415,479
2817,1993,10,13886,16315,-2429
2817,1993,11,13878,15915,-2037
2817,1993,12,20725,14315,6410
2817,1994,1,13848,31915,-18067
2817,1994,2,13856,5015,8841
2817,1994,3,13870,12715,1155
2817,1994,4,13874,12115,1759
2817,1994,5,13893,8815,5078
2817,1994,6,20712,33015,-12303
2817,1994,7,13871,17015,-3144
2817,1994,8,13858,12915,943
2817,1994,9,13838,8915,4923
2817,1994,10,13866,12215,1651
2817,1994,11,13889,15315,-1426
2817,1994,12,20716,16015,4701
2817,1995,1,13894,28815,-14921
2817,1995,2,13833,6915,6918
2817,1995,3,13845,11515,2330
2817,1995,4,13883,14415,-532
2817,1995,5,13855,8915,4940
2817,1995,6,20738,25215,-4477
2817,1995,7,13858,7915,5943
2817,1995,8,13880,11315,2565
2817,1995,9,13888,14615,-727
2817,1995,10,13887,12215,1672
2817,1995,11,13891,14915,-1024
2817,1995,12,20728,16915,3813
2817,1996,1,13907,23715,-9808
2817,1996,2,13867,10315,3552
2817,1996,3,13881,10715,3166
2817,1996,4,13892,12915,977
2817,1996,5,13899,12015,1884
2817,1996,6,20718,29915,-9197
2817,1996,7,13877,15615,-1738
2817,1996,8,13855,14515,-660
2817,1996,9,13853,13815,38
2817,1996,10,13857,14115,-258
2817,1996,11,13856,11615,2241
2817,1996,12,20707,20415,292
2817,1997,1,13853,25115,-11262
2817,1997,2,13836,3915,9921
2817,1997,3,13864,10115,3749
2817,1997,4,13885,20315,-6430
2817,1997,5,13857,8315,5542
2817,1997,6,20710,35015,-14305
2817,1997,7,13826,5815,8011
2817,1997,8,13855,8115,5740
2817,1997,9,13874,10415,3459
2817,1997,10,13908,11915,1993
2817,1997,11,13892,11915,1977
2817,1997,12,20745,16615,4130
2817,1998,1,13897,23515,-9618
2817,1998,2,13893,7615,6278
2817,1998,3,13914,9615,4299
2817,1998,4,13941,4915,9026
2817,1998,5,13964,12015,1949
2817,1998,6,20764,31615,-10851
2817,1998,7,13937,6615,7322
2817,1998,8,13950,12715,1235
2817,1998,9,13961,13715,246
2817,1998,10,13957,12215,1742
2817,1998,11,13981,17015,-3034
2817,1998,12,20841,12200,8641
2818,1993,7,1000,0,1000
2818,1993,8,41074,10100,30974
2818,1993,9,41183,24500,16683
2818,1993,10,41243,30300,10943
2818,1993,11,41271,40300,971
2818,1993,12,61800,70362,-8562
2818,1994,1,41193,73564,-32371
2818,1994,2,41157,20962,20195
2818,1994,3,41231,37211,4020
2818,1994,4,41223,39456,1767
2818,1994,5,41252,53465,-12213
2818,1994,6,61743,38262,23481
2818,1994,7,41265,62049,-20784
2818,1994,8,41198,37262,3936
2818,1994,9,41210,33762,7448
2818,1994,10,41237,37465,3772
2818,1994,11,41238,39862,1376
2818,1994,12,61743,88469,-26726
2818,1995,1,41131,45362,-4231
2818,1995,2,41147,28762,12385
2818,1995,3,41236,35562,5674
2818,1995,4,41218,38162,3056
2818,1995,5,41187,50820,-9633
2818,1995,6,61727,42062,19665
2818,1995,7,41218,63221,-22003
2818,1995,8,41174,34862,6312
2818,1995,9,41186,41162,24
2818,1995,10,41206,32762,8444
2818,1995,11,41152,73640,-32488
2818,1995,12,61686,49262,12424
2818,1996,1,44560,42981,1579
2818,1996,2,41240,9462,31778
2818,1996,3,41329,23462,17867
2818,1996,4,41366,34962,6404
2818,1996,5,41347,52590,-11243
2818,1996,6,61864,52962,8902
2818,1996,7,41376,44262,-2886
2818,1996,8,41369,35262,6107
2818,1996,9,41374,60588,-19214
2818,1996,10,41253,76019,-34766
2818,1996,11,41217,25435,15782
2818,1996,12,61813,35021,26792
2818,1997,1,50002,88733,-38731
2818,1997,2,41192,43985,-2793
2818,1997,3,44929,28158,16771
2818,1997,4,41427,8962,32465
2818,1997,5,41405,53262,-11857
2818,1997,6,61895,68212,-6317
2818,1997,7,41352,36262,5090
2818,1997,8,41357,41799,-442
2818,1997,9,41342,42697,-1355
2818,1997,10,41351,42768,-1417
2818,1997,11,41350,35562,5788
2818,1997,12,61880,60762,1118
2818,1998,1,41329,53162,-11833
2818,1998,2,41328,28662,12666
2818,1998,3,41383,31362,10021
2818,1998,4,41389,48562,-7173
2818,1998,5,41353,44032,-2679
2818,1998,6,62937,93308,-30371
2818,1998,7,41265,14962,26303
2818,1998,8,41340,36452,4888
2818,1998,9,49892,72862,-22970
2818,1998,10,41283,23662,17621
2818,1998,11,41329,65925,-24596
2818,1998,12,61822,16147,45675
2819,1994,7,900,0,900
2819,1994,8,19812,0,19812
2819,1994,9,17871,9300,8571
2819,1994,10,17898,13100,4798
2819,1994,11,17914,14700,3214
2819,1994,12,26820,31516,-4696
2819,1995,1,17880,27676,-9796
2819,1995,2,17882,11476,6406
2819,1995,3,17905,15076,2829
2819,1995,4,17905,24596,-6691
2819,1995,5,17893,14096,3797
2819,1995,6,26781,35776,-8995
2819,1995,7,17861,13896,3965
2819,1995,8,17881,12876,5005
2819,1995,9,17904,14476,3428
2819,1995,10,17909,16476,1433
2819,1995,11,17923,12576,5347
2819,1995,12,26843,17016,9827
2819,1996,1,17942,35136,-17194
2819,1996,2,17922,9776,8146
2819,1996,3,17945,14956,2989
2819,1996,4,17952,15956,1996
2819,1996,5,17973,12876,5097
2819,1996,6,26816,61616,-34800
2819,1996,7,29892,9476,20416
2819,1996,8,24254,14996,9258
2819,1996,9,17965,13676,4289
2819,1996,10,17971,17016,955
2819,1996,11,17991,12276,5715
2819,1996,12,26890,28196,-1306
2819,1997,1,24340,35596,-11256
2819,1997,2,17975,9476,8499
2819,1997,3,17995,14576,3419
2819,1997,4,20118,14636,5482
2819,1997,5,18016,25496,-7480
2819,1997,6,27619,30916,-3297
2819,1997,7,18002,12076,5926
2819,1997,8,18017,17936,81
2819,1997,9,18020,15776,2244
2819,1997,10,18031,11776,6255
2819,1997,11,18047,18176,-129
2819,1997,12,26954,21736,5218
2819,1998,1,18254,27356,-9102
2819,1998,2,18042,15076,2966
2819,1998,3,18046,22436,-4390
2819,1998,4,18036,14576,3460
2819,1998,5,18041,16536,1505
2819,1998,6,26939,26316,623
2819,1998,7,18048,16196,1852
2819,1998,8,18056,17236,820
2819,1998,9,18056,23856,-5800
2819,1998,10,18031,20276,-2245
2819,1998,11,18032,15676,2356
2819,1998,12,26927,28561,-1634
2820,1997,12,300,0,300
2820,1998,1,5175,0,5175
2820,1998,2,5175,0,5175
2820,1998,3,5213,2300,2913
2820,1998,4,5243,1200,4043
2820,1998,5,5249,5782,-533
2820,1998,6,5255,2982,2273
2820,1998,7,5264,5622,-358
2820,1998,8,5263,2982,2281
2820,1998,9,5258,7222,-1964
2820,1998,10,5264,2982,2282
2820,1998,11,5264,5622,-358
2820,1998,12,5270,4317,953
2821,1996,7,1000,0,1000
2821,1996,8,14326,0,14326
2821,1996,9,9170,1100,8070
2821,1996,10,9198,3000,6198
2821,1996,11,9224,3000,6224
2821,1996,12,13776,13937,-161
2821,1997,1,9196,29970,-20774
2821,1997,2,12255,8370,3885
2821,1997,3,12687,6070,6617
2821,1997,4,9190,9870,-680
2821,1997,5,9289,7970,1319
2821,1997,6,13720,17870,-4150
2821,1997,7,9163,11470,-2307
2821,1997,8,9170,8470,700
2821,1997,9,9172,8670,502
2821,1997,10,9156,13370,-4214
2821,1997,11,9151,9070,81
2821,1997,12,13701,12170,1531
2821,1998,1,10152,15170,-5018
2821,1998,2,9145,7570,1575
2821,1998,3,9154,7170,1984
2821,1998,4,9137,11870,-2733
2821,1998,5,9156,6070,3086
2821,1998,6,13723,6070,7653
2821,1998,7,9161,17370,-8209
2821,1998,8,9160,13870,-4710
2821,1998,9,9156,6070,3086
2821,1998,10,9147,10570,-1423
2821,1998,11,9153,6070,3083
2821,1998,12,13711,8355,5356
2823,1993,4,300,0,300
2823,1993,5,3316,0,3316
2823,1993,6,3316,0,3316
2823,1993,7,3316,0,3316
2823,1993,8,3316,0,3316
2823,1993,9,3359,2225,1134
2823,1993,10,3381,2225,1156
2823,1993,11,3385,2225,1160
2823,1993,12,3390,2405,985
2823,1994,1,3389,6065,-2676
2823,1994,2,3383,2225,1158
2823,1994,3,3387,2915,472
2823,1994,4,3390,2225,1165
2823,1994,5,3393,3455,-62
2823,1994,6,3392,4805,-1413
2823,1994,7,3389,2225,1164
2823,1994,8,3394,3365,29
2823,1994,9,3394,2225,1169
2823,1994,10,3398,2225,1173
2823,1994,11,3401,3225,176
2823,1994,12,3403,2975,428
2823,1995,1,3401,6155,-2754
2823,1995,2,3394,2225,1169
2823,1995,3,3399,2225,1174
2823,1995,4,3404,2225,1179
2823,1995,5,3409,2225,1184
2823,1995,6,3397,9905,-6508
2823,1995,7,3385,2975,410
2823,1995,8,3388,2225,1163
2823,1995,9,3393,3665,-272
2823,1995,10,3390,3455,-65
2823,1995,11,3389,3575,-186
2823,1995,12,3389,3655,-266
2823,1996,1,3387,5375,-1988
2823,1996,2,3381,2225,1156
2823,1996,3,3386,2225,1161
2823,1996,4,3390,2855,535
2823,1996,5,3393,2225,1168
2823,1996,6,3392,6395,-3003
2823,1996,7,3385,2645,740
2823,1996,8,3386,3395,-9
2823,1996,9,3388,2225,1163
2823,1996,10,3393,2225,1168
2823,1996,11,3395,3425,-30
2823,1996,12,3398,2675,723
2823,1997,1,3388,6695,-3307
2823,1997,2,3387,2225,1162
2823,1997,3,3392,2225,1167
2823,1997,4,3394,3335,59
2823,1997,5,3396,2705,691
2823,1997,6,3400,2225,1175
2823,1997,7,3405,2225,1180
2823,1997,8,3409,2225,1184
2823,1997,9,3414,3695,-281
2823,1997,10,3414,2225,1189
2823,1997,11,3418,2225,1193
2823,1997,12,3420,4205,-785
2823,1998,1,3413,6185,-2772
2823,1998,2,3406,3335,71
2823,1998,3,3408,2625,783
2823,1998,4,3405,7025,-3620
2823,1998,5,3394,4025,-631
2823,1998,6,3392,3065,327
2823,1998,7,3395,2225,1170
2823,1998,8,3399,2735,664
2823,1998,9,3397,5125,-1728
2823,1998,10,3389,5525,-2136
2823,1998,11,3386,2225,1161
2823,1998,12,3389,3710,-321
2824,1993,10,800,0,800
2824,1993,11,18818,0,18818
2824,1993,12,23036,7800,15236
2824,1994,1,15433,13600,1833
2824,1994,2,15438,15800,-362
2824,1994,3,15446,15804,-358
2824,1994,4,15445,16804,-1359
2824,1994,5,15434,19704,-4270
2824,1994,6,23081,19284,3797
2824,1994,7,15432,16704,-1272
2824,1994,8,15421,18985,-3564
2824,1994,9,15422,11345,4077
2824,1994,10,15426,17145,-1719
2824,1994,11,15415,18585,-3170
2824,1994,12,23073,17005,6068
2824,1995,1,15416,23825,-8409
2824,1995,2,16117,8145,7972
2824,1995,3,15443,10845,4598
2824,1995,4,15442,20225,-4783
2824,1995,5,15436,13045,2391
2824,1995,6,28766,34705,-5939
2824,1995,7,15823,12705,3118
2824,1995,8,15418,16645,-1227
2824,1995,9,15426,13345,2081
2824,1995,10,15439,12045,3394
2824,1995,11,15432,21025,-5593
2824,1995,12,23084,17245,5839
2824,1996,1,15429,19905,-4476
2824,1996,2,15440,14605,835
2824,1996,3,15441,11445,3996
2824,1996,4,15459,11545,3914
2824,1996,5,15456,17145,-1689
2824,1996,6,24352,8145,16207
2824,1996,7,15529,13545,1984
2824,1996,8,15538,13145,2393
2824,1996,9,15534,16425,-891
2824,1996,10,15535,17105,-1570
2824,1996,11,15541,12245,3296
2824,1996,12,23220,15685,7535
2824,1997,1,15548,29925,-14377
2824,1997,2,15536,9045,6491
2824,1997,3,15561,9745,5816
2824,1997,4,15555,18925,-3370
2824,1997,5,15566,11145,4421
2824,1997,6,23230,21785,1445
2824,1997,7,15593,17745,-2152
2824,1997,8,15593,17545,-1952
2824,1997,9,15577,13945,1632
2824,1997,10,15581,20045,-4464
2824,1997,11,15566,11345,4221
2824,1997,12,23243,19305,3938
2824,1998,1,15578,24065,-8487
2824,1998,2,16365,8145,8220
2824,1998,3,15598,9945,5653
2824,1998,4,15621,11985,3636
2824,1998,5,15636,11345,4291
2824,1998,6,28826,40785,-11959
2824,1998,7,20610,8145,12465
2824,1998,8,15959,8865,7094
2824,1998,9,15682,12845,2837
2824,1998,10,15695,11045,4650
2824,1998,11,17904,14445,3459
2824,1998,12,23341,28330,-4989
2825,1996,7,24930,0,24930
2825,1996,8,25535,0,25535
2825,1996,9,24102,12400,11702
2825,1996,10,24132,19300,4832
2825,1996,11,24150,19815,4335
2825,1996,12,36093,30399,5694
2825,1997,1,24131,34999,-10868
2825,1997,2,24114,27399,-3285
2825,1997,3,24094,32099,-8005
2825,1997,4,24072,27499,-3427
2825,1997,5,24067,23199,868
2825,1997,6,35988,36099,-111
2825,1997,7,24048,31599,-7551
2825,1997,8,24041,22299,1742
2825,1997,9,24046,22999,1047
2825,1997,10,24036,29999,-5963
2825,1997,11,24044,17299,6745
2825,1997,12,36012,25999,10013
2825,1998,1,24063,50799,-26736
2825,1998,2,24032,8899,15133
2825,1998,3,24042,24599,-557
2825,1998,4,24043,23499,544
2825,1998,5,24051,37999,-13948
2825,1998,6,35981,38099,-2118
2825,1998,7,24045,19699,4346
2825,1998,8,24050,21899,2151
2825,1998,9,24058,22099,1959
2825,1998,10,24059,24999,-940
2825,1998,11,24058,24899,-841
2825,1998,12,36021,7384,28637
2826,1996,11,300,0,300
2826,1996,12,25175,0,25175
2826,1997,1,14744,6200,8544
2826,1997,2,14770,11400,3370
2826,1997,3,14782,12200,2582
2826,1997,4,14795,11315,3480
2826,1997,5,14815,16255,-1440
2826,1997,6,22120,33595,-11475
2826,1997,7,14761,12715,2046
2826,1997,8,14776,17115,-2339
2826,1997,9,14774,7555,7219
2826,1997,10,14791,14455,336
2826,1997,11,14796,11955,2841
2826,1997,12,22108,25175,-3067
2826,1998,1,14762,28855,-14093
2826,1998,2,14740,9655,5085
2826,1998,3,14747,16055,-1308
2826,1998,4,14752,11255,3497
2826,1998,5,14759,14455,304
2826,1998,6,22054,31475,-9421
2826,1998,7,14730,10355,4375
2826,1998,8,14742,12895,1847
2826,1998,9,14732,22195,-7463
2826,1998,10,14719,11855,2864
2826,1998,11,14713,18395,-3682
2826,1998,12,22065,6040,16025
2827,1996,12,300,0,300
2827,1997,1,24886,0,24886
2827,1997,2,21064,8700,12364
2827,1997,3,21110,11200,9910
2827,1997,4,21142,16100,5042
2827,1997,5,21159,18655,2504
2827,1997,6,34000,47535,-13535
2827,1997,7,21130,10515,10615
2827,1997,8,21172,12115,9057
2827,1997,9,21197,17715,3482
2827,1997,10,21210,18715,2495
2827,1997,11,21214,25095,-3881
2827,1997,12,31694,20215,11479
2827,1998,1,21236,32295,-11059
2827,1998,2,21222,12615,8607
2827,1998,3,21245,17315,3930
2827,1998,4,21257,19315,1942
2827,1998,5,21270,17215,4055
2827,1998,6,31671,60775,-29104
2827,1998,7,21190,8715,12475
2827,1998,8,21217,20475,742
2827,1998,9,21235,13015,8220
2827,1998,10,21248,21075,173
2827,1998,11,21262,15715,5547
2827,1998,12,34400,44000,-9600
2829,1997,8,500,0,500
2829,1997,9,11423,0,11423
2829,1997,10,10406,0,10406
2829,1997,11,1091,1900,-809
2829,1997,12,2494,15,2479
2829,1998,1,37046,13965,23081
2829,1998,2,1162,16215,-15053
2829,1998,3,12350,11665,685
2829,1998,4,1122,7615,-6493
2829,1998,5,1105,3115,-2010
2829,1998,6,1098,2415,-1317
2829,1998,7,2189,5415,-3226
2829,1998,8,2180,3915,-1735
2829,1998,9,2174,2015,159
2829,1998,10,2178,915,1263
2829,1998,11,2184,215,1969
2829,1998,12,2183,5000,-2817
2830,1995,8,14660,0,14660
2830,1995,9,16426,0,16426
2830,1995,10,13867,6000,7867
2830,1995,11,13889,9300,4589
2830,1995,12,20746,24446,-3700
2830,1996,1,13834,36746,-22912
2830,1996,2,13799,9146,4653
2830,1996,3,13814,16046,-2232
2830,1996,4,13809,13146,663
2830,1996,5,13815,13446,369
2830,1996,6,20689,20046,643
2830,1996,7,13814,13146,668
2830,1996,8,13816,13746,70
2830,1996,9,13809,17146,-3337
2830,1996,10,13801,14546,-745
2830,1996,11,13791,15746,-1955
2830,1996,12,20665,16646,4019
2830,1997,1,15379,20646,-5267
2830,1997,2,14689,9146,5543
2830,1997,3,13807,14646,-839
2830,1997,4,13806,11046,2760
2830,1997,5,13817,11546,2271
2830,1997,6,20682,23846,-3164
2830,1997,7,13813,11746,2067
2830,1997,8,13820,10646,3174
2830,1997,9,13834,11846,1988
2830,1997,10,14747,9146,5601
2830,1997,11,13849,16946,-3097
2830,1997,12,20728,14246,6482
2830,1998,1,13857,28046,-14189
2830,1998,2,20934,9146,11788
2830,1998,3,17076,10646,6430
2830,1998,4,13895,13546,349
2830,1998,5,13893,14046,-153
2830,1998,6,25707,35046,-9339
2830,1998,7,13850,13546,304
2830,1998,8,13856,12746,1110
2830,1998,9,13854,15246,-1392
2830,1998,10,13852,13746,106
2830,1998,11,13858,10946,2912
2830,1998,12,20726,21331,-605
2831,1997,11,24438,0,24438
2831,1997,12,35013,0,35013
2831,1998,1,23502,11400,12102
2831,1998,2,23576,21500,2076
2831,1998,3,23592,19529,4063
2831,1998,4,23596,23371,225
2831,1998,5,23587,26771,-3184
2831,1998,6,35220,30651,4569
2831,1998,7,23569,30371,-6802
2831,1998,8,23542,30951,-7409
2831,1998,9,23526,26251,-2725
2831,1998,10,23527,21171,2356
2831,1998,11,23533,21871,1662
2831,1998,12,35184,29376,5808
2832,1997,11,700,0,700
2832,1997,12,3244,0,3244
2832,1998,1,3244,0,3244
2832,1998,2,3244,0,3244
2832,1998,3,3244,0,3244
2832,1998,4,3285,2137,1148
2832,1998,5,3307,2827,480
2832,1998,6,3308,3337,-29
2832,1998,7,3309,3517,-208
2832,1998,8,3310,2137,1173
2832,1998,9,3312,3337,-25
2832,1998,10,3314,3097,217
2832,1998,11,3316,2137,1179
2832,1998,12,3321,2122,1199
2833,1995,8,400,0,400
2833,1995,9,4455,0,4455
2833,1995,10,4455,0,4455
2833,1995,11,4455,0,4455
2833,1995,12,4455,0,4455
2833,1996,1,4458,15,4443
2833,1996,2,4546,4905,-359
2833,1996,3,4545,6345,-1800
2833,1996,4,4544,2985,1559
2833,1996,5,4551,2985,1566
2833,1996,6,4536,9325,-4789
2833,1996,7,4535,5225,-690
2833,1996,8,4535,2985,1550
2833,1996,9,4541,3385,1156
2833,1996,10,4540,5625,-1085
2833,1996,11,4541,2985,1556
2833,1996,12,4548,3335,1213
2833,1997,1,4553,2985,1568
2833,1997,2,4555,6185,-1630
2833,1997,3,4548,6485,-1937
2833,1997,4,4544,3465,1079
2833,1997,5,4543,5185,-642
2833,1997,6,4534,9685,-5151
2833,1997,7,4525,2985,1540
2833,1997,8,4528,4685,-157
2833,1997,9,4521,8385,-3864
2833,1997,10,4513,3785,728
2833,1997,11,4517,2985,1532
2833,1997,12,4513,6835,-2322
2833,1998,1,4514,2985,1529
2833,1998,2,4520,2985,1535
2833,1998,3,4527,2985,1542
2833,1998,4,4533,2985,1548
2833,1998,5,4534,5865,-1331
2833,1998,6,4524,5545,-1021
2833,1998,7,4521,5225,-704
2833,1998,8,4527,2985,1542
2833,1998,9,4533,2985,1548
2833,1998,10,4540,2985,1555
2833,1998,11,4545,4905,-360
2833,1998,12,4542,3870,672
2834,1995,10,1000,0,1000
2834,1995,11,20773,0,20773
2834,1995,12,28814,10900,17914
2834,1996,1,19293,16000,3293
2834,1996,2,19350,18900,450
2834,1996,3,19329,21030,-1701
2834,1996,4,19287,20194,-907
2834,1996,5,19290,19094,196
2834,1996,6,29868,26194,3674
2834,1996,7,19319,12894,6425
2834,1996,8,19344,13194,6150
2834,1996,9,19348,20494,-1146
2834,1996,10,19364,13294,6070
2834,1996,11,19374,17294,2080
2834,1996,12,28967,18094,10873
2834,1997,1,19398,35694,-16296
2834,1997,2,19353,19894,-541
2834,1997,3,19357,17594,1763
2834,1997,4,19376,14094,5282
2834,1997,5,19389,17994,1395
2834,1997,6,28955,36994,-8039
2834,1997,7,19353,18794,559
2834,1997,8,19368,14694,4674
2834,1997,9,19356,23394,-4038
2834,1997,10,19353,19594,-241
2834,1997,11,19358,17894,1464
2834,1997,12,28948,18494,10454
2834,1998,1,19374,43794,-24420
2834,1998,2,19342,7594,11748
2834,1998,3,19357,19894,-537
2834,1998,4,19357,16594,2763
2834,1998,5,19362,29694,-10332
2834,1998,6,28920,29594,-674
2834,1998,7,19352,21594,-2242
2834,1998,8,19340,23494,-4154
2834,1998,9,19326,19294,32
2834,1998,10,19323,17594,1729
2834,1998,11,19328,19694,-366
2834,1998,12,28904,31779,-2875
2835,1995,10,501,0,501
2835,1995,11,6506,0,6506
2835,1995,12,7848,0,7848
2835,1996,1,13275,3965,9310
2835,1996,2,401,15,386
2835,1996,3,12887,3515,9372
2835,1996,4,47072,27415,19657
2835,1996,5,520,11915,-11395
2835,1996,6,6627,24615,-17988
2835,1996,7,1801,365,1436
2835,1996,8,3409,15,3394
2835,1996,9,5024,15,5009
2835,1996,10,942,15,927
2835,1996,11,2443,2465,-22
2835,1996,12,437,4365,-3928
2835,1997,1,10806,14015,-3209
2835,1997,2,1116,15,1101
2835,1997,3,2923,15,2908
2835,1997,4,1931,1715,216
2835,1997,5,734,15,719
2835,1997,6,8413,11915,-3502
2835,1997,7,24551,9815,14736
2835,1997,8,475,6365,-5890
2835,1997,9,448,8515,-8067
2835,1997,10,417,5815,-5398
2835,1997,11,402,515,-113
2835,1997,12,399,1715,-1316
2835,1998,1,4081,8915,-4834
2835,1998,2,8786,1515,7271
2835,1998,3,17906,15,17891
2835,1998,4,465,9465,-9000
2835,1998,5,438,3715,-3277
2835,1998,6,2403,12015,-9612
2835,1998,7,387,1615,-1228
2835,1998,8,485,15,470
2835,1998,9,378,4765,-4387
2835,1998,10,365,1415,-1050
2835,1998,11,10707,8215,2492
2835,1998,12,369,1500,-1131
2836,1995,11,1100,0,1100
2836,1995,12,28908,0,28908
2836,1996,1,18917,7000,11917
2836,1996,2,18948,15800,3148
2836,1996,3,18962,15400,3562
2836,1996,4,18977,21387,-2410
2836,1996,5,18963,25927,-6964
2836,1996,6,28346,30367,-2021
2836,1996,7,18941,15187,3754
2836,1996,8,18949,18187,762
2836,1996,9,18953,17387,1566
2836,1996,10,18938,27027,-8089
2836,1996,11,18916,21847,-2931
2836,1996,12,28327,18787,9540
2836,1997,1,18918,35287,-16369
2836,1997,2,24721,9487,15234
2836,1997,3,18955,14787,4168
2836,1997,4,18973,13887,5086
2836,1997,5,18977,20687,-1710
2836,1997,6,38089,57367,-19278
2836,1997,7,20714,13487,7227
2836,1997,8,19852,9487,10365
2836,1997,9,18968,17087,1881
2836,1997,10,18961,21687,-2726
2836,1997,11,18985,20387,-1402
2836,1997,12,28338,30147,-1809
2836,1998,1,18894,37987,-19093
2836,1998,2,21908,9487,12421
2836,1998,3,18956,15987,2969
2836,1998,4,18911,24687,-5776
2836,1998,5,18893,22887,-3994
2836,1998,6,28882,37167,-8285
2836,1998,7,21997,9487,12510
2836,1998,8,18918,15287,3631
2836,1998,9,18906,27867,-8961
2836,1998,10,18888,28427,-9539
2836,1998,11,18861,13887,4974
2836,1998,12,28299,13272,15027
2837,1996,6,32332,0,32332
2837,1996,7,21341,4300,17041
2837,1996,8,21365,36000,-14635
2837,1996,9,21295,20100,1195
2837,1996,10,21300,21715,-415
2837,1996,11,21298,23015,-1717
2837,1996,12,31940,36615,-4675
2837,1997,1,21282,35455,-14173
2837,1997,2,21214,14115,7099
2837,1997,3,21243,18315,2928
2837,1997,4,21255,18415,2840
2837,1997,5,21301,23055,-1754
2837,1997,6,31814,46455,-14641
2837,1997,7,21205,10115,11090
2837,1997,8,21248,15215,6033
2837,1997,9,21294,21795,-501
2837,1997,10,21280,29955,-8675
2837,1997,11,21267,21935,-668
2837,1997,12,31879,25335,6544
2837,1998,1,21281,27535,-6254
2837,1998,2,21229,20515,714
2837,1998,3,21231,22795,-1564
2837,1998,4,21226,20815,411
2837,1998,5,21264,23875,-2611
2837,1998,6,31807,30855,952
2837,1998,7,21221,20315,906
2837,1998,8,21255,22515,-1260
2837,1998,9,21233,22375,-1142
2837,1998,10,21217,18815,2402
2837,1998,11,21255,18315,2940
2837,1998,12,31861,29260,2601
2838,1993,4,900,0,900
2838,1993,5,62391,0,62391
2838,1993,6,27610,21500,6110
2838,1993,7,29285,37300,-8015
2838,1993,8,410,17500,-17090
2838,1993,9,410,7400,-6990
2838,1993,10,33157,7930,25227
2838,1993,11,43940,32648,11292
2838,1993,12,37898,28548,9350
2838,1994,1,72197,113248,-41051
2838,1994,2,44254,12448,31806
2838,1994,3,74065,79696,-5631
2838,1994,4,213,22548,-22335
2838,1994,5,152,11948,-11796
2838,1994,6,38076,8548,29528
2838,1994,7,45192,23748,21444
2838,1994,8,92901,105348,-12447
2838,1994,9,190227,192948,-2721
2838,1994,10,172,32748,-32576
2838,1994,11,80572,57848,22724
2838,1994,12,98042,59548,38494
2838,1995,1,16340,81348,-65008
2838,1995,2,29150,4048,25102
2838,1995,3,23565,22048,1517
2838,1995,4,75260,69748,5512
2838,1995,5,91192,76148,15044
2838,1995,6,32250,34548,-2298
2838,1995,7,95644,84848,10796
2838,1995,8,33955,71917,-37962
2838,1995,9,72795,63351,9444
2838,1995,10,31995,32648,-653
2838,1995,11,40335,32548,7787
2838,1995,12,71589,77948,-6359
2838,1996,1,48332,57648,-9316
2838,1996,2,30544,23907,6637
2838,1996,3,45980,36048,9932
2838,1996,4,95722,112948,-17226
2838,1996,5,62326,38048,24278
2838,1996,6,262,25148,-24886
2838,1996,7,45596,24348,21248
2838,1996,8,46671,14248,32423
2838,1996,9,118652,125448,-6796
2838,1996,10,33359,66548,-33189
2838,1996,11,5417,21848,-16431
2838,1996,12,27131,17948,9183
2838,1997,1,91988,73248,18740
2838,1997,2,91824,69248,22576
2838,1997,3,50036,55448,-5412
2838,1997,4,102296,129348,-27052
2838,1997,5,63858,73148,-9290
2838,1997,6,215,7048,-6833
2838,1997,7,47912,26448,21464
2838,1997,8,70814,26048,44766
2838,1997,9,68462,85848,-17386
2838,1997,10,137921,136048,1873
2838,1997,11,26250,73148,-46898
2838,1997,12,107308,60448,46860
2838,1998,1,99463,153148,-53685
2838,1998,2,42746,9348,33398
2838,1998,3,37483,29648,7835
2838,1998,4,111104,83048,28056
2838,1998,5,417,27648,-27231
2838,1998,6,47886,73048,-25162
2838,1998,7,73512,22948,50564
2838,1998,8,413,22548,-22135
2838,1998,9,61178,51048,10130
2838,1998,10,75651,101848,-26197
2838,1998,11,145843,144548,1295
2838,1998,12,31550,10518,21032
2839,1995,4,20898,0,20898
2839,1995,5,23896,0,23896
2839,1995,6,30292,11600,18692
2839,1995,7,20296,19300,996
2839,1995,8,20263,34086,-13823
2839,1995,9,20234,22292,-2058
2839,1995,10,20221,34692,-14471
2839,1995,11,20213,20232,-19
2839,1995,12,30249,27232,3017
2839,1996,1,20190,28972,-8782
2839,1996,2,20190,15192,4998
2839,1996,3,20209,19392,817
2839,1996,4,20205,23892,-3687
2839,1996,5,20195,17492,2703
2839,1996,6,30223,31912,-1689
2839,1996,7,20200,14692,5508
2839,1996,8,20216,17892,2324
2839,1996,9,20221,18012,2209
2839,1996,10,20235,20992,-757
2839,1996,11,20235,17492,2743
2839,1996,12,30270,30972,-702
2839,1997,1,20785,36752,-15967
2839,1997,2,20176,16192,3984
2839,1997,3,20188,20292,-104
2839,1997,4,20187,19432,755
2839,1997,5,20185,22432,-2247
2839,1997,6,30745,39472,-8727
2839,1997,7,20153,11392,8761
2839,1997,8,20180,17392,2788
2839,1997,9,20180,24792,-4612
2839,1997,10,20164,22192,-2028
2839,1997,11,20153,28532,-8379
2839,1997,12,30166,25832,4334
2839,1998,1,20131,22392,-2261
2839,1998,2,20128,21092,-964
2839,1998,3,20122,22552,-2430
2839,1998,4,20117,19192,925
2839,1998,5,20124,17392,2732
2839,1998,6,30175,21292,8883
2839,1998,7,20157,24092,-3935
2839,1998,8,20155,16692,3463
2839,1998,9,20165,18492,1673
2839,1998,10,20183,13192,6991
2839,1998,11,20196,19492,704
2839,1998,12,30224,29817,407
2840,1994,10,400,0,400
2840,1994,11,57646,0,57646
2840,1994,12,31731,17600,14131
2840,1995,1,56659,28115,28544
2840,1995,2,6136,66210,-60074
2840,1995,3,37727,17497,20230
2840,1995,4,177,30697,-30520
2840,1995,5,168721,115885,52836
2840,1995,6,185,50497,-50312
2840,1995,7,14330,15397,-1067
2840,1995,8,59139,19214,39925
2840,1995,9,46753,33697,13056
2840,1995,10,10105,52897,-42792
2840,1995,11,135,15997,-15862
2840,1995,12,47588,13097,34491
2840,1996,1,107,43297,-43190
2840,1996,2,19052,11297,7755
2840,1996,3,70650,11297,59353
2840,1996,4,248,41397,-41149
2840,1996,5,9363,23097,-13734
2840,1996,6,21663,13297,8366
2840,1996,7,5822,14781,-8959
2840,1996,8,9119,11297,-2178
2840,1996,9,12905,13697,-792
2840,1996,10,20517,14597,5920
2840,1996,11,6930,11297,-4367
2840,1996,12,130582,93497,37085
2840,1997,1,10250,40997,-30747
2840,1997,2,56823,14297,42526
2840,1997,3,302,22897,-22595
2840,1997,4,23233,27397,-4164
2840,1997,5,22241,31297,-9056
2840,1997,6,50244,11297,38947
2840,1997,7,30201,70797,-40596
2840,1997,8,19716,23297,-3581
2840,1997,9,4638,11297,-6659
2840,1997,10,54925,26797,28128
2840,1997,11,213,17497,-17284
2840,1997,12,143798,91897,51901
2840,1998,1,249,67997,-67748
2840,1998,2,20409,11297,9112
2840,1998,3,16542,11297,5245
2840,1998,4,26443,18797,7646
2840,1998,5,63014,32797,30217
2840,1998,6,36867,32204,4663
2840,1998,7,311,14097,-13786
2840,1998,8,92468,55843,36625
2840,1998,9,19553,23797,-4244
2840,1998,10,358,28260,-27902
2840,1998,11,12479,11297,1182
2840,1998,12,11711,44196,-32485
2841,1993,7,1100,0,1100
2841,1993,8,14823,0,14823
2841,1993,9,9082,2200,6882
2841,1993,10,9109,5100,4009
2841,1993,11,9123,7100,2023
2841,1993,12,13655,11051,2604
2841,1994,1,12920,28911,-15991
2841,1994,2,9089,3851,5238
2841,1994,3,9113,8611,502
2841,1994,4,11114,7031,4083
2841,1994,5,9125,8151,974
2841,1994,6,13645,9051,4594
2841,1994,7,9145,11411,-2266
2841,1994,8,9140,10051,-911
2841,1994,9,9127,9751,-624
2841,1994,10,9134,11891,-2757
2841,1994,11,9124,4891,4233
2841,1994,12,13654,10051,3603
2841,1995,1,9139,25431,-16292
2841,1995,2,14096,7031,7065
2841,1995,3,9112,8251,861
2841,1995,4,9601,13151,-3550
2841,1995,5,9106,6491,2615
2841,1995,6,13627,21411,-7784
2841,1995,7,11687,7751,3936
2841,1995,8,9100,6751,2349
2841,1995,9,9108,6851,2257
2841,1995,10,9116,6751,2365
2841,1995,11,9107,14711,-5604
2841,1995,12,13608,11351,2257
2841,1996,1,11882,20031,-8149
2841,1996,2,10187,7871,2316
2841,1996,3,9080,9451,-371
2841,1996,4,9077,9651,-574
2841,1996,5,9078,8451,627
2841,1996,6,13614,14431,-817
2841,1996,7,9099,3551,5548
2841,1996,8,9110,7851,1259
2841,1996,9,9104,8351,753
2841,1996,10,9100,10951,-1851
2841,1996,11,9103,10451,-1348
2841,1996,12,13623,7651,5972
2841,1997,1,9085,20471,-11386
2841,1997,2,9088,5351,3737
2841,1997,3,9107,4351,4756
2841,1997,4,9107,8251,856
2841,1997,5,9109,12051,-2942
2841,1997,6,13597,17751,-4154
2841,1997,7,9089,9431,-342
2841,1997,8,9083,10451,-1368
2841,1997,9,9082,6671,2411
2841,1997,10,9091,5651,3440
2841,1997,11,9097,11471,-2374
2841,1997,12,13627,4051,9576
2841,1998,1,9101,21571,-12470
2841,1998,2,11795,3551,8244
2841,1998,3,9120,8051,1069
2841,1998,4,9123,8351,772
2841,1998,5,9111,11811,-2700
2841,1998,6,13633,7951,5682
2841,1998,7,9124,11951,-2827
2841,1998,8,9430,10391,-961
2841,1998,9,9118,14691,-5573
2841,1998,10,9100,12851,-3751
2841,1998,11,9085,8071,1014
2841,1998,12,13610,3536,10074
2842,1993,12,200,0,200
2842,1994,1,3225,0,3225
2842,1994,2,3225,0,3225
2842,1994,3,3225,0,3225
2842,1994,4,3225,0,3225
2842,1994,5,3264,373,2891
2842,1994,6,3294,2165,1129
2842,1994,7,3296,2885,411
2842,1994,8,3301,2165,1136
2842,1994,9,3305,2165,1140
2842,1994,10,3310,2165,1145
2842,1994,11,3313,3255,58
2842,1994,12,3313,3815,-502
2842,1995,1,3310,4355,-1045
2842,1995,2,3309,2165,1144
2842,1995,3,3313,2365,948
2842,1995,4,3317,2165,1152
2842,1995,5,3320,5055,-1735
2842,1995,6,3315,2165,1150
2842,1995,7,3315,5665,-2350
2842,1995,8,3310,2165,1145
2842,1995,9,3311,4515,-1204
2842,1995,10,3310,2165,1145
2842,1995,11,3314,2365,949
2842,1995,12,3316,3905,-589
2842,1996,1,3308,5585,-2277
2842,1996,2,3306,2165,1141
2842,1996,3,3304,5865,-2561
2842,1996,4,3297,3625,-328
2842,1996,5,3295,4165,-870
2842,1996,6,3288,4185,-897
2842,1996,7,3292,2165,1127
2842,1996,8,3293,3365,-72
2842,1996,9,3288,6045,-2757
2842,1996,10,3284,2165,1119
2842,1996,11,3288,2975,313
2842,1996,12,3287,2885,402
2842,1997,1,3278,7295,-4017
2842,1997,2,3272,3265,7
2842,1997,3,3275,2165,1110
2842,1997,4,3280,2165,1115
2842,1997,5,3284,2165,1119
2842,1997,6,3286,3395,-109
2842,1997,7,3288,2825,463
2842,1997,8,3290,3545,-255
2842,1997,9,3289,2165,1124
2842,1997,10,3294,2165,1129
2842,1997,11,3298,2495,803
2842,1997,12,3298,3125,173
2842,1998,1,3293,5495,-2202
2842,1998,2,3293,2165,1128
2842,1998,3,3298,2525,773
2842,1998,4,3301,2165,1136
2842,1998,5,3306,2165,1141
2842,1998,6,3308,4325,-1017
2842,1998,7,3305,2555,750
2842,1998,8,3309,2165,1144
2842,1998,9,3314,2165,1149
2842,1998,10,3319,2165,1154
2842,1998,11,3323,2525,798
2842,1998,12,3326,2420,906
2843,1997,3,600,0,600
2843,1997,4,22581,0,22581
2843,1997,5,17672,9500,8172
2843,1997,6,26491,19600,6891
2843,1997,7,17730,18000,-270
2843,1997,8,17740,25161,-7421
2843,1997,9,17712,21161,-3449
2843,1997,10,17695,22761,-5066
2843,1997,11,17679,15961,1718
2843,1997,12,26513,20821,5692
2843,1998,1,17692,25881,-8189
2843,1998,2,17680,19461,-1781
2843,1998,3,17665,20701,-3036
2843,1998,4,17658,13061,4597
2843,1998,5,17671,18561,-890
2843,1998,6,26478,34861,-8383
2843,1998,7,17653,13661,3992
2843,1998,8,17647,17861,-214
2843,1998,9,17645,17661,-16
2843,1998,10,17642,19261,-1619
2843,1998,11,17639,16261,1378
2843,1998,12,26465,11426,15039
2844,1996,1,400,0,400
2844,1996,2,21679,0,21679
2844,1996,3,21252,10500,10752
2844,1996,4,21289,14900,6389
2844,1996,5,21315,15300,6015
2844,1996,6,31917,22915,9002
2844,1996,7,21368,30035,-8667
2844,1996,8,21327,22655,-1328
2844,1996,9,21332,18215,3117
2844,1996,10,21339,23535,-2196
2844,1996,11,21337,17915,3422
2844,1996,12,31919,31315,604
2844,1997,1,21324,31455,-10131
2844,1997,2,21348,15375,5973
2844,1997,3,21346,14015,7331
2844,1997,4,21369,18295,3074
2844,1997,5,21373,20815,558
2844,1997,6,31949,38495,-6546
2844,1997,7,21349,21195,154
2844,1997,8,21389,5615,15774
2844,1997,9,21427,15715,5712
2844,1997,10,21448,16815,4633
2844,1997,11,21446,26775,-5329
2844,1997,12,32041,21595,10446
2844,1998,1,21435,30135,-8700
2844,1998,2,21441,21015,426
2844,1998,3,21448,19215,2233
2844,1998,4,21453,20615,838
2844,1998,5,21464,17915,3549
2844,1998,6,31999,66915,-34916
2844,1998,7,21363,6275,15088
2844,1998,8,21420,8915,12505
2844,1998,9,21448,18515,2933
2844,1998,10,21459,18015,3444
2844,1998,11,21469,20675,794
2844,1998,12,32044,22920,9124
2845,1997,8,1000,0,1000
2845,1997,9,26177,0,26177
2845,1997,10,21667,10000,11667
2845,1997,11,21706,15900,5806
2845,1997,12,32499,26000,6499
2845,1998,1,21761,25174,-3413
2845,1998,2,21753,23874,-2121
2845,1998,3,21744,21574,170
2845,1998,4,21747,21374,373
2845,1998,5,21753,18474,3279
2845,1998,6,32521,46274,-13753
2845,1998,7,21712,16874,4838
2845,1998,8,21732,15374,6358
2845,1998,9,21755,16974,4781
2845,1998,10,21768,19974,1794
2845,1998,11,21770,21774,-4
2845,1998,12,32547,35259,-2712
2846,1997,9,800,0,800
2846,1997,10,6134,0,6134
2846,1997,11,6134,0,6134
2846,1997,12,6134,0,6134
2846,1998,1,6153,5500,653
2846,1998,2,6221,915,5306
2846,1998,3,6241,6332,-91
2846,1998,4,6249,4972,1277
2846,1998,5,6245,10812,-4567
2846,1998,6,6219,11672,-5453
2846,1998,7,6209,5352,857
2846,1998,8,6209,7672,-1463
2846,1998,9,6210,4232,1978
2846,1998,10,6220,2472,3748
2846,1998,11,6232,4972,1260
2846,1998,12,6236,7697,-1461
2847,1994,5,1100,0,1100
2847,1994,6,19536,0,19536
2847,1994,7,7885,1400,6485
2847,1994,8,7902,4700,3202
2847,1994,9,7908,6700,1208
2847,1994,10,7903,10000,-2097
2847,1994,11,7892,12300,-4408
2847,1994,12,11788,9100,2688
2847,1995,1,7880,21400,-13520
2847,1995,2,13260,9800,3460
2847,1995,3,11476,5200,6276
2847,1995,4,7876,10100,-2224
2847,1995,5,12195,5200,6995
2847,1995,6,11810,9400,2410
2847,1995,7,7915,6200,1715
2847,1995,8,7918,8100,-182
2847,1995,9,7922,8500,-578
2847,1995,10,7915,9500,-1585
2847,1995,11,7911,12300,-4389
2847,1995,12,11791,13100,-1309
2847,1996,1,9572,17000,-7428
2847,1996,2,10659,5200,5459
2847,1996,3,8179,6900,1279
2847,1996,4,7886,5800,2086
2847,1996,5,10482,10100,382
2847,1996,6,18667,16300,2367
2847,1996,7,11008,5900,5108
2847,1996,8,10614,10100,514
2847,1996,9,10832,5200,5632
2847,1996,10,7948,9600,-1652
2847,1996,11,7944,6800,1144
2847,1996,12,14943,9900,5043
2847,1997,1,11751,18800,-7049
2847,1997,2,14450,5200,9250
2847,1997,3,9182,5200,3982
2847,1997,4,12283,16300,-4017
2847,1997,5,7980,5700,2280
2847,1997,6,11878,14600,-2722
2847,1997,7,7975,7900,75
2847,1997,8,9570,9300,270
2847,1997,9,7974,8700,-726
2847,1997,10,7971,9700,-1729
2847,1997,11,7965,7800,165
2847,1997,12,11864,7900,3964
2847,1998,1,9356,24700,-15344
2847,1998,2,15735,8700,7035
2847,1998,3,10847,8500,2347
2847,1998,4,8359,8200,159
2847,1998,5,12772,5200,7572
2847,1998,6,12164,15200,-3036
2847,1998,7,7963,12500,-4537
2847,1998,8,7957,7000,957
2847,1998,9,7951,11400,-3449
2847,1998,10,7950,5800,2150
2847,1998,11,7957,6200,1757
2847,1998,12,11865,7185,4680
2849,1993,9,900,0,900
2849,1993,10,6677,0,6677
2849,1993,11,6677,0,6677
2849,1993,12,6677,0,6677
2849,1994,1,6743,400,6343
2849,1994,2,6793,7839,-1046
2849,1994,3,6785,9819,-3034
2849,1994,4,6785,2719,4066
2849,1994,5,6783,14559,-7776
2849,1994,6,6750,11919,-5169
2849,1994,7,6755,2719,4036
2849,1994,8,6762,5839,923
2849,1994,9,6762,5019,1743
2849,1994,10,6774,5819,955
2849,1994,11,6785,3219,3566
2849,1994,12,6796,4319,2477
2849,1995,1,6771,17269,-10498
2849,1995,2,6752,6079,673
2849,1995,3,6762,6159,603
2849,1995,4,6770,4119,2651
2849,1995,5,6772,4619,2153
2849,1995,6,6771,10679,-3908
2849,1995,7,6776,3119,3657
2849,1995,8,6776,8619,-1843
2849,1995,9,6767,7799,-1032
2849,1995,10,6766,6179,587
2849,1995,11,6765,6899,-134
2849,1995,12,6770,4269,2501
2849,1996,1,6748,16539,-9791
2849,1996,2,6744,2719,4025
2849,1996,3,6757,5679,1078
2849,1996,4,6767,4919,1848
2849,1996,5,6767,4919,1848
2849,1996,6,6760,8639,-1879
2849,1996,7,6759,7819,-1060
2849,1996,8,6758,9419,-2661
2849,1996,9,6757,7019,-262
2849,1996,10,6755,7119,-364
2849,1996,11,6762,2719,4043
2849,1996,12,6772,7119,-347
2849,1997,1,6752,11539,-4787
2849,1997,2,6757,2719,4038
2849,1997,3,6767,3019,3748
2849,1997,4,6782,4719,2063
2849,1997,5,6792,5359,1433
2849,1997,6,6785,8319,-1534
2849,1997,7,6788,6159,629
2849,1997,8,6787,6459,328
2849,1997,9,6795,7819,-1024
2849,1997,10,6793,4919,1874
2849,1997,11,6797,8919,-2122
2849,1997,12,6781,9279,-2498
2849,1998,1,6758,13969,-7211
2849,1998,2,6742,6159,583
2849,1998,3,6751,2719,4032
2849,1998,4,6774,2719,4055
2849,1998,5,6781,3919,2862
2849,1998,6,6783,16369,-9586
2849,1998,7,6748,5839,909
2849,1998,8,6750,6559,191
2849,1998,9,6768,2719,4049
2849,1998,10,6785,2719,4066
2849,1998,11,6792,4319,2473
2849,1998,12,6809,3204,3605
2850,1997,11,400,0,400
2850,1997,12,3057,0,3057
2850,1998,1,3057,0,3057
2850,1998,2,3057,0,3057
2850,1998,3,3057,0,3057
2850,1998,4,3076,615,2461
2850,1998,5,3123,2533,590
2850,1998,6,3125,2053,1072
2850,1998,7,3125,3073,52
2850,1998,8,3130,2053,1077
2850,1998,9,3135,2053,1082
2850,1998,10,3139,2053,1086
2850,1998,11,3138,4513,-1375
2850,1998,12,3138,2668,470
2851,1995,12,51215,0,51215
2851,1996,1,40014,43015,-3001
2851,1996,2,2673,15,2658
2851,1996,3,50390,46915,3475
2851,1996,4,2697,18615,-15918
2851,1996,5,2561,11215,-8654
2851,1996,6,2721,12315,-9594
2851,1996,7,4089,15,4074
2851,1996,8,5305,1065,4240
2851,1996,9,2522,715,1807
2851,1996,10,2528,3615,-1087
2851,1996,11,2521,6715,-4194
2851,1996,12,2602,2915,-313
2851,1997,1,24428,18615,5813
2851,1997,2,2524,8115,-5591
2851,1997,3,34703,23315,11388
2851,1997,4,2544,12915,-10371
2851,1997,5,2510,1915,595
2851,1997,6,2510,4015,-1505
2851,1997,7,2502,5015,-2513
2851,1997,8,2495,2015,480
2851,1997,9,6604,765,5839
2851,1997,10,2516,5515,-2999
2851,1997,11,4110,1715,2395
2851,1997,12,5121,2215,2906
2851,1998,1,8034,6365,1669
2851,1998,2,7785,15,7770
2851,1998,3,2566,4015,-1449
2851,1998,4,2554,7115,-4561
2851,1998,5,2542,3215,-673
2851,1998,6,2539,2715,-176
2851,1998,7,2531,8715,-6184
2851,1998,8,2517,2815,-298
2851,1998,9,2501,7815,-5314
2851,1998,10,37488,7815,29673
2851,1998,11,2574,24415,-21841
2851,1998,12,2489,17500,-15011
2852,1996,12,1000,0,1000
2852,1997,1,11600,0,11600
2852,1997,2,8400,0,8400
2852,1997,3,4900,0,4900
2852,1997,4,2000,0,2000
2852,1997,5,2600,0,2600
2852,1997,6,2700,0,2700
2852,1997,7,700,0,700
2852,1997,8,1800,0,1800
2852,1997,9,700,0,700
2852,1997,10,0,1000,-1000
2852,1997,11,0,1000,-1000
2852,1997,12,0,3700,-3700
2852,1998,1,0,700,-700
2852,1998,2,0,3300,-3300
2852,1998,3,0,4600,-4600
2852,1998,4,3000,0,3000
2852,1998,5,1100,0,1100
2852,1998,6,0,4200,-4200
2852,1998,7,0,600,-600
2852,1998,8,2100,0,2100
2852,1998,9,5800,0,5800
2852,1998,10,1100,0,1100
2852,1998,11,0,3200,-3200
2852,1998,12,0,600,-600
2853,1995,9,4322,0,4322
2853,1995,10,13970,0,13970
2853,1995,11,8310,0,8310
2853,1995,12,6841,0,6841
2853,1996,1,3849,1965,1884
2853,1996,2,3848,6287,-2439
2853,1996,3,3843,4487,-644
2853,1996,4,4649,2487,2162
2853,1996,5,3850,4037,-187
2853,1996,6,3811,17067,-13256
2853,1996,7,8415,2487,5928
2853,1996,8,3820,3987,-167
2853,1996,9,5327,3117,2210
2853,1996,10,4034,2487,1547
2853,1996,11,3838,2987,851
2853,1996,12,5643,3087,2556
2853,1997,1,5751,4527,1224
2853,1997,2,3859,2487,1372
2853,1997,3,9077,2487,6590
2853,1997,4,3891,3217,674
2853,1997,5,6896,2487,4409
2853,1997,6,7714,4407,3307
2853,1997,7,7929,2487,5442
2853,1997,8,5850,3927,1923
2853,1997,9,7959,2667,5292
2853,1997,10,4180,2487,1693
2853,1997,11,6188,2487,3701
2853,1997,12,6002,2787,3215
2853,1998,1,4410,4287,123
2853,1998,2,4009,9007,-4998
2853,1998,3,5692,3867,1825
2853,1998,4,7005,2487,4518
2853,1998,5,4521,2487,2034
2853,1998,6,5124,5787,-663
2853,1998,7,4023,6677,-2654
2853,1998,8,4013,4487,-474
2853,1998,9,4312,3717,595
2853,1998,10,4015,3287,728
2853,1998,11,4018,2887,1131
2853,1998,12,5825,3282,2543
2854,1997,1,500,0,500
2854,1997,2,22900,0,22900
2854,1997,3,20283,4300,15983
2854,1997,4,20336,12200,8136
2854,1997,5,20360,17600,2760
2854,1997,6,30490,24501,5989
2854,1997,7,20405,23801,-3396
2854,1997,8,20383,25901,-5518
2854,1997,9,20394,19501,893
2854,1997,10,20379,18101,2278
2854,1997,11,20385,18901,1484
2854,1997,12,30484,25901,4583
2854,1998,1,20394,30301,-9907
2854,1998,2,20393,10601,9792
2854,1998,3,20416,16201,4215
2854,1998,4,20430,16701,3729
2854,1998,5,20436,20501,-65
2854,1998,6,30539,25301,5238
2854,1998,7,20454,23601,-3147
2854,1998,8,20447,18001,2446
2854,1998,9,20453,18801,1652
2854,1998,10,20472,14501,5971
2854,1998,11,20501,12601,7900
2854,1998,12,30539,45086,-14547
2855,1995,8,400,0,400
2855,1995,9,4189,0,4189
2855,1995,10,4189,0,4189
2855,1995,11,4189,0,4189
2855,1995,12,4189,0,4189
2855,1996,1,4224,4395,-171
2855,1996,2,4265,2884,1381
2855,1996,3,4268,2884,1384
2855,1996,4,4273,3604,669
2855,1996,5,4281,1604,2677
2855,1996,6,4263,9654,-5391
2855,1996,7,4266,2484,1782
2855,1996,8,4278,1604,2674
2855,1996,9,4289,1604,2685
2855,1996,10,4300,1604,2696
2855,1996,11,4311,1604,2707
2855,1996,12,4319,2354,1965
2855,1997,1,4317,9404,-5087
2855,1997,2,4309,1604,2705
2855,1997,3,4321,1604,2717
2855,1997,4,4332,1604,2728
2855,1997,5,4334,6924,-2590
2855,1997,6,4325,6954,-2629
2855,1997,7,4321,1604,2717
2855,1997,8,4333,1604,2729
2855,1997,9,4344,1604,2740
2855,1997,10,4346,4004,342
2855,1997,11,4349,3444,905
2855,1997,12,4360,2404,1956
2855,1998,1,4361,5504,-1143
2855,1998,2,4364,1604,2760
2855,1998,3,4375,1604,2771
2855,1998,4,4387,1604,2783
2855,1998,5,4398,3444,954
2855,1998,6,4367,16454,-12087
2855,1998,7,4352,1604,2748
2855,1998,8,4363,1604,2759
2855,1998,9,4375,1604,2771
2855,1998,10,4381,4724,-343
2855,1998,11,4385,1604,2781
2855,1998,12,4396,1889,2507
2856,1995,3,600,0,600
2856,1995,4,20601,0,20601
2856,1995,5,14366,5300,9066
2856,1995,6,21529,15300,6229
2856,1995,7,14416,12500,1916
2856,1995,8,14417,17514,-3097
2856,1995,9,14397,19914,-5517
2856,1995,10,14377,18414,-4037
2856,1995,11,14370,16854,-2484
2856,1995,12,21501,17494,4007
2856,1996,1,14365,28574,-14209
2856,1996,2,14335,7314,7021
2856,1996,3,14354,10814,3540
2856,1996,4,14368,10974,3394
2856,1996,5,14399,11114,3285
2856,1996,6,21522,19814,1708
2856,1996,7,14384,20174,-5790
2856,1996,8,14371,14314,57
2856,1996,9,14377,18714,-4337
2856,1996,10,14367,10214,4153
2856,1996,11,14369,15314,-945
2856,1996,12,21497,22514,-1017
2856,1997,1,14350,24014,-9664
2856,1997,2,17557,17294,263
2856,1997,3,14340,10914,3426
2856,1997,4,14365,6914,7451
2856,1997,5,14367,15314,-947
2856,1997,6,21537,9914,11623
2856,1997,7,14420,12814,1606
2856,1997,8,14419,14914,-495
2856,1997,9,14420,17034,-2614
2856,1997,10,14398,17534,-3136
2856,1997,11,14381,18594,-4213
2856,1997,12,21535,12994,8541
2856,1998,1,14347,35034,-20687
2856,1998,2,14343,6614,7729
2856,1998,3,14353,16114,-1761
2856,1998,4,14369,6614,7755
2856,1998,5,14361,30314,-15953
2856,1998,6,21484,21514,-30
2856,1998,7,14349,12134,2215
2856,1998,8,14344,6614,7730
2856,1998,9,14372,9014,5358
2856,1998,10,14386,29314,-14928
2856,1998,11,14335,6614,7721
2856,1998,12,21511,10279,11232
2857,1997,4,900,0,900
2857,1997,5,9900,0,9900
2857,1997,6,39740,13700,26040
2857,1997,7,69214,31500,37714
2857,1997,8,310,23400,-23090
2857,1997,9,43248,34000,9248
2857,1997,10,46354,14715,31639
2857,1997,11,19407,32932,-13525
2857,1997,12,263,31632,-31369
2857,1998,1,23032,33032,-10000
2857,1998,2,14498,23354,-8856
2857,1998,3,26398,15484,10914
2857,1998,4,109196,87932,21264
2857,1998,5,56576,55272,1304
2857,1998,6,71961,60532,11429
2857,1998,7,114867,123305,-8438
2857,1998,8,9410,33602,-24192
2857,1998,9,118397,106860,11537
2857,1998,10,84571,105252,-20681
2857,1998,11,109,13532,-13423
2857,1998,12,66152,59517,6635
2858,1995,8,200,0,200
2858,1995,9,18705,0,18705
2858,1995,10,9258,0,9258
2858,1995,11,9279,4500,4779
2858,1995,12,13907,12900,1007
2858,1996,1,9302,25254,-15952
2858,1996,2,12756,11894,862
2858,1996,3,11875,6134,5741
2858,1996,4,9283,9834,-551
2858,1996,5,9281,11294,-2013
2858,1996,6,13872,10534,3338
2858,1996,7,9295,7034,2261
2858,1996,8,9299,8834,465
2858,1996,9,9294,10834,-1540
2858,1996,10,9291,9134,157
2858,1996,11,9293,8534,759
2858,1996,12,16681,15934,747
2858,1997,1,13475,27614,-14139
2858,1997,2,16165,6134,10031
2858,1997,3,13097,6134,6963
2858,1997,4,11623,6134,5489
2858,1997,5,11731,15014,-3283
2858,1997,6,19053,14134,4919
2858,1997,7,10449,6134,4315
2858,1997,8,9352,10934,-1582
2858,1997,9,9336,15994,-6658
2858,1997,10,9319,10674,-1355
2858,1997,11,9325,6934,2391
2858,1997,12,13928,12554,1374
2858,1998,1,12414,22374,-9960
2858,1998,2,11814,7334,4480
2858,1998,3,9300,12734,-3434
2858,1998,4,13829,9494,4335
2858,1998,5,9318,7934,1384
2858,1998,6,14602,26134,-11532
2858,1998,7,16203,6134,10069
2858,1998,8,11831,6134,5697
2858,1998,9,9342,7834,1508
2858,1998,10,9349,7534,1815
2858,1998,11,9661,9974,-313
2858,1998,12,13956,10859,3097
2859,1993,10,73804,0,73804
2859,1993,11,53401,87315,-33914
2859,1993,12,3138,18615,-15477
2859,1994,1,68902,29315,39587
2859,1994,2,6898,21915,-15017
2859,1994,3,200821,146715,54106
2859,1994,4,43069,61515,-18446
2859,1994,5,50362,95115,-44753
2859,1994,6,133348,105844,27504
2859,1994,7,103910,76615,27295
2859,1994,8,24311,80815,-56504
2859,1994,9,11376,32534,-21158
2859,1994,10,27085,9815,17270
2859,1994,11,111973,62415,49558
2859,1994,12,50692,38715,11977
2859,1995,1,7789,63715,-55926
2859,1995,2,165,8915,-8750
2859,1995,3,14917,4390,10527
2859,1995,4,56070,37115,18955
2859,1995,5,200,24155,-23955
2859,1995,6,95,35069,-34974
2859,1995,7,15119,6315,8804
2859,1995,8,54267,8715,45552
2859,1995,9,65715,26915,38800
2859,1995,10,65164,91381,-26217
2859,1995,11,9676,26915,-17239
2859,1995,12,176,13815,-13639
2859,1996,1,97,34039,-33942
2859,1996,2,12624,8350,4274
2859,1996,3,12033,11715,318
2859,1996,4,11635,15,11620
2859,1996,5,8973,13890,-4917
2859,1996,6,9570,8115,1455
2859,1996,7,12369,15,12354
2859,1996,8,29463,28878,585
2859,1996,9,1621,15,1606
2859,1996,10,11900,19943,-8043
2859,1996,11,12559,4088,8471
2859,1996,12,6354,33786,-27432
2859,1997,1,19127,17715,1412
2859,1997,2,22524,15,22509
2859,1997,3,37781,15,37766
2859,1997,4,28514,10915,17599
2859,1997,5,248,26715,-26467
2859,1997,6,175,29115,-28940
2859,1997,7,5102,10515,-5413
2859,1997,8,10584,22515,-11931
2859,1997,9,22892,3315,19577
2859,1997,10,9724,15,9709
2859,1997,11,58233,15,58218
2859,1997,12,377,30915,-30538
2859,1998,1,71517,63885,7632
2859,1998,2,47565,38215,9350
2859,1998,3,109501,117478,-7977
2859,1998,4,84769,82315,2454
2859,1998,5,30872,31422,-550
2859,1998,6,14215,39615,-25400
2859,1998,7,20815,24941,-4126
2859,1998,8,104509,84332,20177
2859,1998,9,62453,77315,-14862
2859,1998,10,37919,6715,31204
2859,1998,11,27546,35168,-7622
2859,1998,12,7914,14907,-6993
2860,1997,5,600,0,600
2860,1997,6,38777,6400,32377
2860,1997,7,93255,32800,60455
2860,1997,8,19621,63730,-44109
2860,1997,9,142673,157330,-14657
2860,1997,10,55189,36530,18659
2860,1997,11,54560,67130,-12570
2860,1997,12,38479,35430,3049
2860,1998,1,44113,63938,-19825
2860,1998,2,397,3630,-3233
2860,1998,3,86,4130,-4044
2860,1998,4,69,2130,-2061
2860,1998,5,42709,20730,21979
2860,1998,6,36004,54030,-18026
2860,1998,7,77,5330,-5253
2860,1998,8,43865,22130,21735
2860,1998,9,63663,9930,53733
2860,1998,10,20965,33530,-12565
2860,1998,11,313,28830,-28517
2860,1998,12,189,14100,-13911
2861,1993,2,300,0,300
2861,1993,3,5915,0,5915
2861,1993,4,5915,0,5915
2861,1993,5,5915,0,5915
2861,1993,6,5915,0,5915
2861,1993,7,5979,9248,-3269
2861,1993,8,6010,2628,3382
2861,1993,9,6021,7228,-1207
2861,1993,10,6020,3728,2292
2861,1993,11,6022,5828,194
2861,1993,12,6013,8878,-2865
2861,1994,1,5999,14648,-8649
2861,1994,2,5981,2628,3353
2861,1994,3,5995,2628,3367
2861,1994,4,6009,5028,981
2861,1994,5,6008,8948,-2940
2861,1994,6,5999,8078,-2079
2861,1994,7,5992,2628,3364
2861,1994,8,6006,2628,3378
2861,1994,9,6020,2628,3392
2861,1994,10,6034,2628,3406
2861,1994,11,6052,3328,2724
2861,1994,12,6061,2978,3083
2861,1995,1,6043,16688,-10645
2861,1995,2,6026,6148,-122
2861,1995,3,6032,2928,3104
2861,1995,4,6045,3028,3017
2861,1995,5,6052,7208,-1156
2861,1995,6,6025,13328,-7303
2861,1995,7,6017,4228,1789
2861,1995,8,6022,4148,1874
2861,1995,9,6025,8388,-2363
2861,1995,10,6023,3328,2695
2861,1995,11,6029,6588,-559
2861,1995,12,6026,6518,-492
2861,1996,1,6018,10308,-4290
2861,1996,2,6012,2628,3384
2861,1996,3,6022,8108,-2086
2861,1996,4,6013,7428,-1415
2861,1996,5,6011,3128,2883
2861,1996,6,6019,5528,491
2861,1996,7,6025,2628,3397
2861,1996,8,6036,5028,1008
2861,1996,9,6037,7428,-1391
2861,1996,10,6031,8448,-2417
2861,1996,11,6024,5128,896
2861,1996,12,6026,6938,-912
2861,1997,1,6009,14628,-8619
2861,1997,2,5991,2628,3363
2861,1997,3,6005,2628,3377
2861,1997,4,6014,5828,186
2861,1997,5,6011,8428,-2417
2861,1997,6,5996,9728,-3732
2861,1997,7,5985,7828,-1843
2861,1997,8,5984,3728,2256
2861,1997,9,5996,2628,3368
2861,1997,10,6008,6068,-60
2861,1997,11,5998,7708,-1710
2861,1997,12,5989,9178,-3189
2861,1998,1,5977,8428,-2451
2861,1998,2,5972,5808,164
2861,1998,3,5975,4428,1547
2861,1998,4,5974,7828,-1854
2861,1998,5,5975,4548,1427
2861,1998,6,5983,2728,3255
2861,1998,7,5985,8048,-2063
2861,1998,8,5983,5748,235
2861,1998,9,5970,10028,-4058
2861,1998,10,5972,3128,2844
2861,1998,11,5984,2628,3356
2861,1998,12,6000,3563,2437
2862,1993,6,36692,0,36692
2862,1993,7,24281,19600,4681
2862,1993,8,24296,5900,18396
2862,1993,9,24324,15500,8824
2862,1993,10,24311,32114,-7803
2862,1993,11,24295,26914,-2619
2862,1993,12,36352,24114,12238
2862,1994,1,24305,39114,-14809
2862,1994,2,24285,23414,871
2862,1994,3,24276,27114,-2838
2862,1994,4,24275,23814,461
2862,1994,5,24284,21614,2670
2862,1994,6,36326,35614,712
2862,1994,7,24285,25514,-1229
2862,1994,8,24285,38214,-13929
2862,1994,9,24263,24314,-51
2862,1994,10,24266,24514,-248
2862,1994,11,24263,26214,-1951
2862,1994,12,36302,33414,2888
2862,1995,1,24220,35814,-11594
2862,1995,2,24219,19614,4605
2862,1995,3,24239,19014,5225
2862,1995,4,24258,22114,2144
2862,1995,5,24264,25614,-1350
2862,1995,6,36318,33614,2704
2862,1995,7,24267,26714,-2447
2862,1995,8,24254,30314,-6060
2862,1995,9,24243,22514,1729
2862,1995,10,24219,28514,-4295
2862,1995,11,24221,18914,5307
2862,1995,12,36300,30614,5686
2862,1996,1,24228,34614,-10386
2862,1996,2,24222,17914,6308
2862,1996,3,24243,22314,1929
2862,1996,4,24246,25714,-1468
2862,1996,5,24237,28714,-4477
2862,1996,6,36265,34514,1751
2862,1996,7,24223,26514,-2291
2862,1996,8,24213,26014,-1801
2862,1996,9,24210,21414,2796
2862,1996,10,24219,22514,1705
2862,1996,11,24218,26114,-1896
2862,1996,12,36251,33314,2937
2862,1997,1,24208,39814,-15606
2862,1997,2,24171,16414,7757
2862,1997,3,24196,22214,1982
2862,1997,4,24208,22514,1694
2862,1997,5,24210,21514,2696
2862,1997,6,36247,35514,733
2862,1997,7,24212,29214,-5002
2862,1997,8,24190,25414,-1224
2862,1997,9,24185,24614,-429
2862,1997,10,24191,21814,2377
2862,1997,11,24185,26514,-2329
2862,1997,12,36222,36114,108
2862,1998,1,24158,35714,-11556
2862,1998,2,24136,21614,2522
2862,1998,3,24154,20114,4040
2862,1998,4,24170,24614,-444
2862,1998,5,24155,25314,-1159
2862,1998,6,36190,30614,5576
2862,1998,7,24166,31014,-6848
2862,1998,8,24113,34514,-10401
2862,1998,9,24147,7114,17033
2862,1998,10,24138,35314,-11176
2862,1998,11,24108,29914,-5806
2862,1998,12,36133,33799,2334
2863,1996,1,200,0,200
2863,1996,2,15074,0,15074
2863,1996,3,9328,1000,8328
2863,1996,4,9355,6300,3055
2863,1996,5,9365,8000,1365
2863,1996,6,14005,14823,-818
2863,1996,7,9372,8683,689
2863,1996,8,9376,7683,1693
2863,1996,9,9386,6383,3003
2863,1996,10,9391,9783,-392
2863,1996,11,9385,12183,-2798
2863,1996,12,13996,23743,-9747
2863,1997,1,12444,8943,3501
2863,1997,2,15063,9303,5760
2863,1997,3,10486,7623,2863
2863,1997,4,9395,6483,2912
2863,1997,5,10303,9543,760
2863,1997,6,20501,26823,-6322
2863,1997,7,11690,6183,5507
2863,1997,8,12816,6183,6633
2863,1997,9,11024,12423,-1399
2863,1997,10,10431,6183,4248
2863,1997,11,9442,7683,1759
2863,1997,12,14081,12383,1698
2863,1998,1,9446,20063,-10617
2863,1998,2,11920,7743,4177
2863,1998,3,13647,10263,3384
2863,1998,4,10852,6183,4669
2863,1998,5,9448,13123,-3675
2863,1998,6,20836,36223,-15387
2863,1998,7,14102,6183,7919
2863,1998,8,9401,14483,-5082
2863,1998,9,10807,6183,4624
2863,1998,10,10723,6183,4540
2863,1998,11,15458,7863,7595
2863,1998,12,14097,12408,1689
2864,1996,3,800,0,800
2864,1996,4,21108,0,21108
2864,1996,5,14771,5500,9271
2864,1996,6,22137,14100,8037
2864,1996,7,14834,9800,5034
2864,1996,8,14863,18726,-3863
2864,1996,9,14826,16226,-1400
2864,1996,10,14825,15286,-461
2864,1996,11,14824,13626,1198
2864,1996,12,22174,17166,5008
2864,1997,1,14788,40166,-25378
2864,1997,2,14752,10926,3826
2864,1997,3,14760,14366,394
2864,1997,4,14771,10026,4745
2864,1997,5,14783,13026,1757
2864,1997,6,22101,37666,-15565
2864,1997,7,14742,7826,6916
2864,1997,8,14754,14566,188
2864,1997,9,14735,19726,-4991
2864,1997,10,14725,16426,-1701
2864,1997,11,18862,7626,11236
2864,1997,12,22143,10126,12017
2864,1998,1,14788,38426,-23638
2864,1998,2,16953,7626,9327
2864,1998,3,16380,18426,-2046
2864,1998,4,17786,7626,10160
2864,1998,5,14797,15006,-209
2864,1998,6,22130,30386,-8256
2864,1998,7,17693,7626,10067
2864,1998,8,16729,9066,7663
2864,1998,9,14850,9826,5024
2864,1998,10,14865,11526,3339
2864,1998,11,14871,12826,2045
2864,1998,12,22215,20331,1884
2865,1995,3,12311,0,12311
2865,1995,4,18884,0,18884
2865,1995,5,12225,4400,7825
2865,1995,6,18300,7800,10500
2865,1995,7,12266,26008,-13742
2865,1995,8,12250,15728,-3478
2865,1995,9,12217,12028,189
2865,1995,10,12228,10508,1720
2865,1995,11,12234,13008,-774
2865,1995,12,18286,12968,5318
2865,1996,1,12228,21988,-9760
2865,1996,2,12220,8108,4112
2865,1996,3,12235,11808,427
2865,1996,4,12228,13208,-980
2865,1996,5,12223,13408,-1185
2865,1996,6,18226,26128,-7902
2865,1996,7,12187,10008,2179
2865,1996,8,12195,18248,-6053
2865,1996,9,12174,5108,7066
2865,1996,10,12202,11108,1094
2865,1996,11,12206,12968,-762
2865,1996,12,18243,15048,3195
2865,1997,1,12194,20088,-7894
2865,1997,2,12182,10408,1774
2865,1997,3,12189,11608,581
2865,1997,4,12185,12188,-3
2865,1997,5,12185,11808,377
2865,1997,6,18232,16008,2224
2865,1997,7,12184,20788,-8604
2865,1997,8,12159,13108,-949
2865,1997,9,12138,16728,-4590
2865,1997,10,12136,10308,1828
2865,1997,11,12140,11508,632
2865,1997,12,18186,18828,-642
2865,1998,1,12132,13668,-1536
2865,1998,2,12143,8428,3715
2865,1998,3,12142,16208,-4066
2865,1998,4,12148,3508,8640
2865,1998,5,12157,18128,-5971
2865,1998,6,18211,3508,14703
2865,1998,7,12229,3508,8721
2865,1998,8,12186,32408,-20222
2865,1998,9,12172,3508,8664
2865,1998,10,12217,3508,8709
2865,1998,11,12162,34608,-22446
2865,1998,12,18205,4453,13752
2866,1995,9,900,0,900
2866,1995,10,20312,0,20312
2866,1995,11,17480,4700,12780
2866,1995,12,26203,17100,9103
2866,1996,1,17532,19100,-1568
2866,1996,2,17505,29566,-12061
2866,1996,3,17492,14126,3366
2866,1996,4,17500,16826,674
2866,1996,5,17512,15706,1806
2866,1996,6,26171,33966,-7795
2866,1996,7,17485,14726,2759
2866,1996,8,17489,18966,-1477
2866,1996,9,17498,15926,1572
2866,1996,10,17491,18006,-515
2866,1996,11,17521,7526,9995
2866,1996,12,26248,13986,12262
2866,1997,1,17489,53346,-35857
2866,1997,2,21784,5726,16058
2866,1997,3,17518,11326,6192
2866,1997,4,17536,13486,4050
2866,1997,5,17542,16926,616
2866,1997,6,26218,28366,-2148
2866,1997,7,17540,15426,2114
2866,1997,8,17561,11926,5635
2866,1997,9,17570,20986,-3416
2866,1997,10,17574,10946,6628
2866,1997,11,17575,20086,-2511
2866,1997,12,26282,30506,-4224
2866,1998,1,18765,24646,-5881
2866,1998,2,17547,5726,11821
2866,1998,3,17584,23866,-6282
2866,1998,4,17571,10126,7445
2866,1998,5,17599,19726,-2127
2866,1998,6,26275,27666,-1391
2866,1998,7,17583,23046,-5463
2866,1998,8,17558,19326,-1768
2866,1998,9,17547,24326,-6779
2866,1998,10,17518,22426,-4908
2866,1998,11,17499,19626,-2127
2866,1998,12,26189,17311,8878
2867,1993,11,22271,0,22271
2867,1993,12,33952,0,33952
2867,1994,1,21559,16600,4959
2867,1994,2,21575,18000,3575
2867,1994,3,21582,21215,367
2867,1994,4,21561,28338,-6777
2867,1994,5,21538,26238,-4700
2867,1994,6,32179,33338,-1159
2867,1994,7,21524,22838,-1314
2867,1994,8,21521,34738,-13217
2867,1994,9,21505,18338,3167
2867,1994,10,21516,23338,-1822
2867,1994,11,21509,20038,1471
2867,1994,12,32177,29038,3139
2867,1995,1,21502,32438,-10936
2867,1995,2,21481,16738,4743
2867,1995,3,21500,20938,562
2867,1995,4,21496,20038,1458
2867,1995,5,21507,21138,369
2867,1995,6,32158,37938,-5780
2867,1995,7,21477,17338,4139
2867,1995,8,21501,17238,4263
2867,1995,9,21516,18938,2578
2867,1995,10,21527,18638,2889
2867,1995,11,21534,21838,-304
2867,1995,12,32203,27638,4565
2867,1996,1,21526,27838,-6312
2867,1996,2,21527,14638,6889
2867,1996,3,21552,21638,-86
2867,1996,4,21557,16038,5519
2867,1996,5,21574,20138,1436
2867,1996,6,32239,37738,-5499
2867,1996,7,21561,16438,5123
2867,1996,8,21577,19138,2439
2867,1996,9,21589,18038,3551
2867,1996,10,21600,19938,1662
2867,1996,11,21606,18738,2868
2867,1996,12,32282,28438,3844
2867,1997,1,21587,34738,-13151
2867,1997,2,21580,16538,5042
2867,1997,3,21604,16438,5166
2867,1997,4,21609,20738,871
2867,1997,5,21624,18038,3586
2867,1997,6,32273,44438,-12165
2867,1997,7,21601,13438,8163
2867,1997,8,22245,7538,14707
2867,1997,9,21678,21838,-160
2867,1997,10,21685,15238,6447
2867,1997,11,21706,16838,4868
2867,1997,12,47507,72338,-24831
2867,1998,1,33015,27438,5577
2867,1998,2,30291,7538,22753
2867,1998,3,21748,15138,6610
2867,1998,4,38914,54038,-15124
2867,1998,5,21875,7538,14337
2867,1998,6,46407,92538,-46131
2867,1998,7,55491,7538,47953
2867,1998,8,24858,61938,-37080
2867,1998,9,45906,7538,38368
2867,1998,10,25299,48538,-23239
2867,1998,11,37345,7538,29807
2867,1998,12,36918,62523,-25605
2868,1994,6,800,0,800
2868,1994,7,4960,0,4960
2868,1994,8,4960,0,4960
2868,1994,9,4960,0,4960
2868,1994,10,4960,0,4960
2868,1994,11,5030,5161,-131
2868,1994,12,5047,4571,476
2868,1995,1,5032,12961,-7929
2868,1995,2,5020,3321,1699
2868,1995,3,5027,3321,1706
2868,1995,4,5025,6921,-1896
2868,1995,5,5026,3321,1705
2868,1995,6,5033,3321,1712
2868,1995,7,5040,3421,1619
2868,1995,8,5047,3321,1726
2868,1995,9,5041,7561,-2520
2868,1995,10,5044,3321,1723
2868,1995,11,5045,6761,-1716
2868,1995,12,5043,4071,972
2868,1996,1,5021,11551,-6530
2868,1996,2,5021,3321,1700
2868,1996,3,5026,4021,1005
2868,1996,4,5028,5801,-773
2868,1996,5,5029,3321,1708
2868,1996,6,5035,3961,1074
2868,1996,7,5040,5081,-41
2868,1996,8,5040,3321,1719
2868,1996,9,5047,3321,1726
2868,1996,10,5054,3321,1733
2868,1996,11,5062,3321,1741
2868,1996,12,5068,3771,1297
2868,1997,1,5055,11741,-6686
2868,1997,2,5046,3321,1725
2868,1997,3,5053,3321,1732
2868,1997,4,5051,6361,-1310
2868,1997,5,5055,4201,854
2868,1997,6,5045,10921,-5876
2868,1997,7,5034,3321,1713
2868,1997,8,5037,5001,36
2868,1997,9,5032,6121,-1089
2868,1997,10,5037,3321,1716
2868,1997,11,5042,4121,921
2868,1997,12,5047,3571,1476
2868,1998,1,5040,9801,-4761
2868,1998,2,5034,3321,1713
2868,1998,3,5041,3321,1720
2868,1998,4,5045,5801,-756
2868,1998,5,5036,7241,-2205
2868,1998,6,5036,3321,1715
2868,1998,7,5043,3321,1722
2868,1998,8,5050,3321,1729
2868,1998,9,5057,3321,1736
2868,1998,10,5064,3321,1743
2868,1998,11,5071,3321,1750
2868,1998,12,5078,4556,522
2869,1996,9,200,0,200
2869,1996,10,5289,0,5289
2869,1996,11,5289,0,5289
2869,1996,12,5289,0,5289
2869,1997,1,5308,1600,3708
2869,1997,2,5380,2577,2803
2869,1997,3,5389,5237,152
2869,1997,4,5384,6297,-913
2869,1997,5,5386,5377,9
2869,1997,6,5380,7627,-2247
2869,1997,7,5379,2577,2802
2869,1997,8,5391,2577,2814
2869,1997,9,5390,7737,-2347
2869,1997,10,5391,3477,1914
2869,1997,11,5398,4577,821
2869,1997,12,5397,5497,-100
2869,1998,1,5389,12257,-6868
2869,1998,2,5375,2577,2798
2869,1998,3,5383,3937,1446
2869,1998,4,5389,4017,1372
2869,1998,5,5396,4077,1319
2869,1998,6,5383,9727,-4344
2869,1998,7,5380,6257,-877
2869,1998,8,5377,5277,100
2869,1998,9,5372,10197,-4825
2869,1998,10,5351,8377,-3026
2869,1998,11,5344,4977,367
2869,1998,12,5349,3662,1687
2870,1996,6,800,0,800
2870,1996,7,13504,0,13504
2870,1996,8,8853,800,8053
2870,1996,9,8884,2000,6884
2870,1996,10,8910,3500,5410
2870,1996,11,8929,5966,2963
2870,1996,12,13334,12386,948
2870,1997,1,9319,24226,-14907
2870,1997,2,15309,5866,9443
2870,1997,3,12030,5866,6164
2870,1997,4,8937,12006,-3069
2870,1997,5,11546,14386,-2840
2870,1997,6,17735,10186,7549
2870,1997,7,13057,10546,2511
2870,1997,8,8976,6666,2310
2870,1997,9,8964,13246,-4282
2870,1997,10,10159,5866,4293
2870,1997,11,11171,9106,2065
2870,1997,12,14488,6986,7502
2870,1998,1,8961,26766,-17805
2870,1998,2,12147,5866,6281
2870,1998,3,9080,5866,3214
2870,1998,4,8991,6566,2425
2870,1998,5,9403,9706,-303
2870,1998,6,13356,26866,-13510
2870,1998,7,16062,5866,10196
2870,1998,8,8967,9066,-99
2870,1998,9,8968,16306,-7338
2870,1998,10,8926,12506,-3580
2870,1998,11,11131,7306,3825
2870,1998,12,13355,7851,5504
2871,1995,10,600,0,600
2871,1995,11,6683,0,6683
2871,1995,12,6683,0,6683
2871,1996,1,6683,0,6683
2871,1996,2,6683,0,6683
2871,1996,3,6700,2015,4685
2871,1996,4,6818,9084,-2266
2871,1996,5,6815,4344,2471
2871,1996,6,6820,12594,-5774
2871,1996,7,6798,7124,-326
2871,1996,8,6800,3844,2956
2871,1996,9,6805,12524,-5719
2871,1996,10,6787,5444,1343
2871,1996,11,6794,4484,2310
2871,1996,12,6803,4494,2309
2871,1997,1,6796,14734,-7938
2871,1997,2,6768,7444,-676
2871,1997,3,6776,4724,2052
2871,1997,4,6786,3844,2942
2871,1997,5,6798,3844,2954
2871,1997,6,6798,9914,-3116
2871,1997,7,6798,3844,2954
2871,1997,8,6810,3844,2966
2871,1997,9,6814,8544,-1730
2871,1997,10,6805,9644,-2839
2871,1997,11,6794,7624,-830
2871,1997,12,6793,6794,-1
2871,1998,1,6774,17394,-10620
2871,1998,2,6751,4484,2267
2871,1998,3,6765,3844,2921
2871,1998,4,6776,4144,2632
2871,1998,5,6773,8504,-1731
2871,1998,6,6769,9294,-2525
2871,1998,7,6766,5844,922
2871,1998,8,6774,3844,2930
2871,1998,9,6786,3844,2942
2871,1998,10,6798,3844,2954
2871,1998,11,6801,10184,-3383
2871,1998,12,6795,4329,2466
2872,1996,9,12394,0,12394
2872,1996,10,17163,0,17163
2872,1996,11,12310,1600,10710
2872,1996,12,18423,9500,8923
2872,1997,1,12279,46534,-34255
2872,1997,2,16240,12414,3826
2872,1997,3,13944,12214,1730
2872,1997,4,12225,15614,-3389
2872,1997,5,12207,16614,-4407
2872,1997,6,18305,12686,5619
2872,1997,7,12210,18486,-6276
2872,1997,8,12201,13186,-985
2872,1997,9,12197,12586,-389
2872,1997,10,12195,12586,-391
2872,1997,11,12193,12586,-393
2872,1997,12,18286,12586,5700
2872,1998,1,12205,16546,-4341
2872,1998,2,12198,12586,-388
2872,1998,3,12196,12586,-390
2872,1998,4,12194,12586,-392
2872,1998,5,12192,12586,-394
2872,1998,6,18285,12586,5699
2872,1998,7,12214,12586,-372
2872,1998,8,12209,14746,-2537
2872,1998,9,12202,12586,-384
2872,1998,10,12201,12586,-385
2872,1998,11,12199,12586,-387
2872,1998,12,18292,12571,5721
2873,1996,12,1100,0,1100
2873,1997,1,22965,0,22965
2873,1997,2,15717,9300,6417
2873,1997,3,15738,11300,4438
2873,1997,4,15755,12000,3755
2873,1997,5,15776,11140,4636
2873,1997,6,23550,49549,-25999
2873,1997,7,18503,8009,10494
2873,1997,8,15729,11609,4120
2873,1997,9,15724,21389,-5665
2873,1997,10,15720,12109,3611
2873,1997,11,15726,15709,17
2873,1997,12,23544,17129,6415
2873,1998,1,18751,31369,-12618
2873,1998,2,30458,11969,18489
2873,1998,3,15778,14769,1009
2873,1998,4,22826,8009,14817
2873,1998,5,17061,11369,5692
2873,1998,6,24961,35369,-10408
2873,1998,7,18254,8009,10245
2873,1998,8,15861,18209,-2348
2873,1998,9,15859,13309,2550
2873,1998,10,15869,13509,2360
2873,1998,11,15873,15009,864
2873,1998,12,23710,13174,10536
2874,1997,4,3509,0,3509
2874,1997,5,3115,0,3115
2874,1997,6,3115,0,3115
2874,1997,7,3115,0,3115
2874,1997,8,3116,15,3101
2874,1997,9,3166,2981,185
2874,1997,10,3170,2981,189
2874,1997,11,3169,4251,-1082
2874,1997,12,3159,3791,-632
2874,1998,1,3159,3971,-812
2874,1998,2,3154,5661,-2507
2874,1998,3,3150,2081,1069
2874,1998,4,3154,2291,863
2874,1998,5,3158,2081,1077
2874,1998,6,3159,3741,-582
2874,1998,7,3159,2591,568
2874,1998,8,3159,5081,-1922
2874,1998,9,3154,2081,1073
2874,1998,10,3158,3101,57
2874,1998,11,3159,2081,1078
2874,1998,12,3157,3776,-619
2875,1996,12,800,0,800
2875,1997,1,23383,0,23383
2875,1997,2,17465,7400,10065
2875,1997,3,17499,15400,2099
2875,1997,4,17509,13800,3709
2875,1997,5,17521,17015,506
2875,1997,6,26184,38215,-12031
2875,1997,7,17479,13115,4364
2875,1997,8,17493,16015,1478
2875,1997,9,17504,13215,4289
2875,1997,10,17517,18215,-698
2875,1997,11,17517,14215,3302
2875,1997,12,26232,24315,1917
2875,1998,1,17520,30315,-12795
2875,1998,2,17523,8215,9308
2875,1998,3,17527,12915,4612
2875,1998,4,17552,10015,7537
2875,1998,5,17591,16615,976
2875,1998,6,26246,30915,-4669
2875,1998,7,17557,16215,1342
2875,1998,8,17552,22915,-5363
2875,1998,9,17536,18215,-679
2875,1998,10,17538,16915,623
2875,1998,11,17548,19315,-1767
2875,1998,12,26283,2300,23983
2876,1993,4,200,0,200
2876,1993,5,20913,0,20913
2876,1993,6,26188,10300,15888
2876,1993,7,17543,14900,2643
2876,1993,8,17551,16800,751
2876,1993,9,17566,17746,-180
2876,1993,10,17561,20346,-2785
2876,1993,11,17551,18246,-695
2876,1993,12,26258,22446,3812
2876,1994,1,17544,33146,-15602
2876,1994,2,17506,13446,4060
2876,1994,3,17522,15246,2276
2876,1994,4,17535,12546,4989
2876,1994,5,17548,16246,1302
2876,1994,6,26241,37446,-11205
2876,1994,7,17510,15146,2364
2876,1994,8,17524,11546,5978
2876,1994,9,17537,16446,1091
2876,1994,10,17540,16846,694
2876,1994,11,17533,20646,-3113
2876,1994,12,26232,25246,986
2876,1995,1,17507,36546,-19039
2876,1995,2,18080,8246,9834
2876,1995,3,17503,13146,4357
2876,1995,4,17530,13746,3784
2876,1995,5,17533,14446,3087
2876,1995,6,26227,28946,-2719
2876,1995,7,17534,19046,-1512
2876,1995,8,17512,19746,-2234
2876,1995,9,17489,25746,-8257
2876,1995,10,17468,23946,-6478
2876,1995,11,17453,16446,1007
2876,1995,12,26169,20646,5523
2876,1996,1,17468,23246,-5778
2876,1996,2,17460,15746,1714
2876,1996,3,17456,18546,-1090
2876,1996,4,17455,17646,-191
2876,1996,5,17451,19246,-1795
2876,1996,6,26147,27246,-1099
2876,1996,7,17454,17246,208
2876,1996,8,17475,5246,12229
2876,1996,9,17487,20746,-3259
2876,1996,10,17494,14146,3348
2876,1996,11,17494,18046,-552
2876,1996,12,26219,19046,7173
2876,1997,1,17483,30646,-13163
2876,1997,2,17496,6746,10750
2876,1997,3,17543,5246,12297
2876,1997,4,17517,30546,-13029
2876,1997,5,17537,25146,-7609
2876,1997,6,26211,29746,-3535
2876,1997,7,17489,19546,-2057
2876,1997,8,17482,8546,8936
2876,1997,9,17514,24246,-6732
2876,1997,10,17485,20646,-3161
2876,1997,11,17473,16546,927
2876,1997,12,26194,16346,9848
2876,1998,1,17480,27846,-10366
2876,1998,2,17477,9546,7931
2876,1998,3,17506,17246,260
2876,1998,4,17504,14546,2958
2876,1998,5,17521,13846,3675
2876,1998,6,27558,27846,-288
2876,1998,7,17528,15346,2182
2876,1998,8,17536,15346,2190
2876,1998,9,17551,12246,5305
2876,1998,10,17567,15746,1821
2876,1998,11,17574,20046,-2472
2876,1998,12,26273,23431,2842
2877,1995,6,67612,0,67612
2877,1995,7,44760,21100,23660
2877,1995,8,44820,34300,10520
2877,1995,9,44857,93500,-48643
2877,1995,10,44773,21515,23258
2877,1995,11,44764,32320,12444
2877,1995,12,66934,111020,-44086
2877,1996,1,44644,47620,-2976
2877,1996,2,44687,33220,11467
2877,1996,3,44734,36420,8314
2877,1996,4,44766,39220,5546
2877,1996,5,44630,81820,-37190
2877,1996,6,66898,32520,34378
2877,1996,7,44748,48920,-4172
2877,1996,8,44711,49920,-5209
2877,1996,9,44656,50156,-5500
2877,1996,10,44673,43061,1612
2877,1996,11,44704,37020,7684
2877,1996,12,66838,82620,-15782
2877,1997,1,44614,42920,1694
2877,1997,2,44639,41407,3232
2877,1997,3,44661,40130,4531
2877,1997,4,44660,49934,-5274
2877,1997,5,44656,38270,6386
2877,1997,6,66894,61620,5274
2877,1997,7,44710,41320,3390
2877,1997,8,44677,56935,-12258
2877,1997,9,44692,29220,15472
2877,1997,10,44715,47982,-3267
2877,1997,11,44717,43320,1397
2877,1997,12,66919,69560,-2641
2877,1998,1,44674,64220,-19546
2877,1998,2,44644,29820,14824
2877,1998,3,44695,40320,4375
2877,1998,4,44701,45520,-819
2877,1998,5,44692,50820,-6128
2877,1998,6,66879,64720,2159
2877,1998,7,44692,39020,5672
2877,1998,8,44699,40320,4379
2877,1998,9,44715,43320,1395
2877,1998,10,44696,51420,-6724
2877,1998,11,44692,39120,5572
2877,1998,12,66871,81305,-14434
2878,1997,6,700,0,700
2878,1997,7,6863,0,6863
2878,1997,8,6863,0,6863
2878,1997,9,6863,0,6863
2878,1997,10,6919,7500,-581
2878,1997,11,6949,7007,-58
2878,1997,12,6941,10407,-3466
2878,1998,1,6930,11527,-4597
2878,1998,2,6918,6107,811
2878,1998,3,6921,6407,514
2878,1998,4,6928,4507,2421
2878,1998,5,6941,9207,-2266
2878,1998,6,6926,6607,319
2878,1998,7,6913,10107,-3194
2878,1998,8,6902,9407,-2505
2878,1998,9,6910,3207,3703
2878,1998,10,6917,6407,510
2878,1998,11,6927,3207,3720
2878,1998,12,6925,9592,-2667
2879,1997,10,600,0,600
2879,1997,11,15530,0,15530
2879,1997,12,16279,5800,10479
2879,1998,1,10904,9700,1204
2879,1998,2,10910,9300,1610
2879,1998,3,10890,22428,-11538
2879,1998,4,11777,7208,4569
2879,1998,5,10890,8608,2282
2879,1998,6,16305,10408,5897
2879,1998,7,10909,13908,-2999
2879,1998,8,10902,15408,-4506
2879,1998,9,10872,16308,-5436
2879,1998,10,10852,15108,-4256
2879,1998,11,11551,10928,623
2879,1998,12,16260,13813,2447
2880,1993,6,600,0,600
2880,1993,7,21033,0,21033
2880,1993,8,17402,6500,10902
2880,1993,9,17428,15100,2328
2880,1993,10,17436,15700,1736
2880,1993,11,17436,19216,-1780
2880,1993,12,26086,25896,190
2880,1994,1,17419,31896,-14477
2880,1994,2,17375,17076,299
2880,1994,3,17396,9016,8380
2880,1994,4,17422,19776,-2354
2880,1994,5,17404,15516,1888
2880,1994,6,26063,21916,4147
2880,1994,7,17418,21076,-3658
2880,1994,8,17413,16616,797
2880,1994,9,17407,20016,-2609
2880,1994,10,17388,26016,-8628
2880,1994,11,21812,7516,14296
2880,1994,12,26113,14056,12057
2880,1995,1,17443,33836,-16393
2880,1995,2,17426,11716,5710
2880,1995,3,17451,11416,6035
2880,1995,4,17470,18936,-1466
2880,1995,5,17455,16416,1039
2880,1995,6,28085,30076,-1991
2880,1995,7,17459,13916,3543
2880,1995,8,17462,19696,-2234
2880,1995,9,17454,17236,218
2880,1995,10,17451,17456,-5
2880,1995,11,17440,22936,-5496
2880,1995,12,26104,16636,9468
2880,1996,1,17397,39396,-21999
2880,1996,2,20117,7516,12601
2880,1996,3,17453,13936,3517
2880,1996,4,17454,14716,2738
2880,1996,5,17449,26136,-8687
2880,1996,6,26107,33176,-7069
2880,1996,7,17418,12636,4782
2880,1996,8,17432,13616,3816
2880,1996,9,17446,15616,1830
2880,1996,10,17451,19816,-2365
2880,1996,11,17438,21616,-4178
2880,1996,12,26086,21916,4170
2880,1997,1,17417,25756,-8339
2880,1997,2,17408,13316,4092
2880,1997,3,17426,18076,-650
2880,1997,4,17419,17416,3
2880,1997,5,17420,15616,1804
2880,1997,6,26089,20816,5273
2880,1997,7,17431,26336,-8905
2880,1997,8,17413,12616,4797
2880,1997,9,17429,15216,2213
2880,1997,10,17437,16416,1021
2880,1997,11,17442,18376,-934
2880,1997,12,26104,21616,4488
2880,1998,1,20335,24636,-4301
2880,1998,2,17438,14216,3222
2880,1998,3,17454,13316,4138
2880,1998,4,17460,20936,-3476
2880,1998,5,17453,15416,2037
2880,1998,6,26101,28156,-2055
2880,1998,7,17448,18296,-848
2880,1998,8,17450,13216,4234
2880,1998,9,17457,20016,-2559
2880,1998,10,17439,22136,-4697
2880,1998,11,17438,11816,5622
2880,1998,12,26114,19961,6153
2881,1993,1,7679,0,7679
2881,1993,2,14024,0,14024
2881,1993,3,9774,0,9774
2881,1993,4,7095,5100,1995
2881,1993,5,7101,6015,1086
2881,1993,6,10575,10954,-379
2881,1993,7,7089,9854,-2765
2881,1993,8,7087,6554,533
2881,1993,9,7087,6774,313
2881,1993,10,7067,16314,-9247
2881,1993,11,7061,6154,907
2881,1993,12,12443,8534,3909
2881,1994,1,9542,21294,-11752
2881,1994,2,12428,7174,5254
2881,1994,3,8454,4654,3800
2881,1994,4,7069,4854,2215
2881,1994,5,8079,4654,3425
2881,1994,6,10579,9554,1025
2881,1994,7,7081,9474,-2393
2881,1994,8,7782,5614,2168
2881,1994,9,7095,5754,1341
2881,1994,10,8385,9454,-1069
2881,1994,11,7798,4654,3144
2881,1994,12,10594,9694,900
2881,1995,1,15070,27614,-12544
2881,1995,2,14267,10534,3733
2881,1995,3,10180,4654,5526
2881,1995,4,12105,4654,7451
2881,1995,5,7128,7174,-46
2881,1995,6,13474,19534,-6060
2881,1995,7,10897,14014,-3117
2881,1995,8,14202,4654,9548
2881,1995,9,9736,4654,5082
2881,1995,10,7151,6054,1097
2881,1995,11,7150,12254,-5104
2881,1995,12,10611,9734,877
2881,1996,1,21271,33894,-12623
2881,1996,2,13098,4654,8444
2881,1996,3,9928,4654,5274
2881,1996,4,10525,12694,-2169
2881,1996,5,7130,5594,1536
2881,1996,6,10610,27454,-16844
2881,1996,7,10979,4654,6325
2881,1996,8,10605,4654,5951
2881,1996,9,7116,8454,-1338
2881,1996,10,9623,4654,4969
2881,1996,11,7136,5154,1982
2881,1996,12,10630,6974,3656
2881,1997,1,7415,24814,-17399
2881,1997,2,16511,4654,11857
2881,1997,3,10834,7894,2940
2881,1997,4,8352,4654,3698
2881,1997,5,8769,4654,4115
2881,1997,6,10660,10294,366
2881,1997,7,9790,4654,5136
2881,1997,8,7201,5654,1547
2881,1997,9,7205,5954,1251
2881,1997,10,7209,6774,435
2881,1997,11,7200,10534,-3334
2881,1997,12,10678,13954,-3276
2881,1998,1,10680,26134,-15454
2881,1998,2,19559,4654,14905
2881,1998,3,11902,4654,7248
2881,1998,4,7213,5254,1959
2881,1998,5,7217,6654,563
2881,1998,6,10668,49694,-39026
2881,1998,7,21707,4654,17053
2881,1998,8,11437,12214,-777
2881,1998,9,15856,4654,11202
2881,1998,10,7172,9174,-2002
2881,1998,11,7167,4754,2413
2881,1998,12,10655,10979,-324
2882,1996,7,600,0,600
2882,1996,8,49916,12700,37216
2882,1996,9,157,5200,-5043
2882,1996,10,157,1800,-1643
2882,1996,11,157,5100,-4943
2882,1996,12,157,1300,-1143
2882,1997,1,157,200,-43
2882,1997,2,157,2800,-2643
2882,1997,3,46583,23700,22883
2882,1997,4,74153,72600,1553
2882,1997,5,194,14000,-13806
2882,1997,6,28788,21915,6873
2882,1997,7,130,20117,-19987
2882,1997,8,5877,8017,-2140
2882,1997,9,52565,36680,15885
2882,1997,10,109,11917,-11808
2882,1997,11,2275,8017,-5742
2882,1997,12,66,8017,-7951
2882,1998,1,21512,8017,13495
2882,1998,2,1571,8017,-6446
2882,1998,3,34582,8017,26565
2882,1998,4,19224,22217,-2993
2882,1998,5,117,15517,-15400
2882,1998,6,7846,13917,-6071
2882,1998,7,70,8017,-7947
2882,1998,8,58954,8017,50937
2882,1998,9,30511,31317,-806
2882,1998,10,53222,29117,24105
2882,1998,11,246,38217,-37971
2882,1998,12,37099,25402,11697
2883,1997,6,200,0,200
2883,1997,7,5237,0,5237
2883,1997,8,5237,0,5237
2883,1997,9,5237,0,5237
2883,1997,10,5250,1600,3650
2883,1997,11,5319,2735,2584
2883,1997,12,5337,4722,615
2883,1998,1,5337,4232,1105
2883,1998,2,5343,2512,2831
2883,1998,3,5352,4712,640
2883,1998,4,5352,9112,-3760
2883,1998,5,5338,7512,-2174
2883,1998,6,5323,5552,-229
2883,1998,7,5328,6312,-984
2883,1998,8,5326,3912,1414
2883,1998,9,5324,11112,-5788
2883,1998,10,5308,4012,1296
2883,1998,11,5310,5372,-62
2883,1998,12,5311,3297,2014
2884,1993,2,6929,0,6929
2884,1993,3,14179,0,14179
2884,1993,4,5912,700,5212
2884,1993,5,5927,3300,2627
2884,1993,6,8849,3815,5034
2884,1993,7,5942,8469,-2527
2884,1993,8,5942,5069,873
2884,1993,9,5934,8869,-2935
2884,1993,10,5928,6869,-941
2884,1993,11,8021,9149,-1128
2884,1993,12,8829,7429,1400
2884,1994,1,6915,14429,-7514
2884,1994,2,5897,6689,-792
2884,1994,3,8599,11549,-2950
2884,1994,4,9691,9029,662
2884,1994,5,7485,7349,136
2884,1994,6,10509,3869,6640
2884,1994,7,5917,4169,1748
2884,1994,8,6024,5309,715
2884,1994,9,5925,4769,1156
2884,1994,10,5927,5769,158
2884,1994,11,5935,5869,66
2884,1994,12,8850,8169,681
2884,1995,1,12815,16109,-3294
2884,1995,2,8724,3869,4855
2884,1995,3,6228,9989,-3761
2884,1995,4,12304,13349,-1045
2884,1995,5,12926,5189,7737
2884,1995,6,9069,3869,5200
2884,1995,7,5976,6969,-993
2884,1995,8,5973,4969,1004
2884,1995,9,5976,5869,107
2884,1995,10,5975,6249,-274
2884,1995,11,5976,4669,1307
2884,1995,12,9696,3869,5827
2884,1996,1,6784,18629,-11845
2884,1996,2,8760,3869,4891
2884,1996,3,10281,6749,3532
2884,1996,4,8790,5309,3481
2884,1996,5,7609,3869,3740
2884,1996,6,18101,25789,-7688
2884,1996,7,12599,3869,8730
2884,1996,8,7629,3869,3760
2884,1996,9,6038,6069,-31
2884,1996,10,6743,3869,2874
2884,1996,11,6047,7769,-1722
2884,1996,12,8949,9869,-920
2884,1997,1,6029,12269,-6240
2884,1997,2,8721,3869,4852
2884,1997,3,6033,6069,-36
2884,1997,4,6938,3869,3069
2884,1997,5,6040,11249,-5209
2884,1997,6,16511,21629,-5118
2884,1997,7,15525,3869,11656
2884,1997,8,10963,4949,6014
2884,1997,9,9787,3869,5918
2884,1997,10,8308,3869,4439
2884,1997,11,8415,7349,1066
2884,1997,12,11044,3869,7175
2884,1998,1,11028,19229,-8201
2884,1998,2,6723,3869,2854
2884,1998,3,10339,5069,5270
2884,1998,4,6154,4369,1785
2884,1998,5,9065,5069,3996
2884,1998,6,9035,32209,-23174
2884,1998,7,15801,7949,7852
2884,1998,8,16745,3869,12876
2884,1998,9,9778,3869,5909
2884,1998,10,11708,3869,7839
2884,1998,11,8933,3869,5064
2884,1998,12,9143,8654,489
2885,1996,9,20354,0,20354
2885,1996,10,23148,0,23148
2885,1996,11,19705,8200,11505
2885,1996,12,29519,11100,18419
2885,1997,1,19749,39520,-19771
2885,1997,2,19704,22920,-3216
2885,1997,3,19714,17620,2094
2885,1997,4,19722,16620,3102
2885,1997,5,19723,20220,-497
2885,1997,6,29468,46820,-17352
2885,1997,7,19679,16720,2959
2885,1997,8,19682,13220,6462
2885,1997,9,19707,18320,1387
2885,1997,10,19711,21220,-1509
2885,1997,11,19705,17920,1785
2885,1997,12,29485,24320,5165
2885,1998,1,19706,29420,-9714
2885,1998,2,19695,10920,8775
2885,1998,3,19727,15420,4307
2885,1998,4,19749,13720,6029
2885,1998,5,19773,15120,4653
2885,1998,6,29524,36120,-6596
2885,1998,7,19759,20920,-1161
2885,1998,8,19768,18320,1448
2885,1998,9,19764,14420,5344
2885,1998,10,19784,16020,3764
2885,1998,11,19802,12820,6982
2885,1998,12,29615,10705,18910
2886,1994,4,900,0,900
2886,1994,5,13255,0,13255
2886,1994,6,10909,0,10909
2886,1994,7,5314,4900,414
2886,1994,8,5320,3700,1620
2886,1994,9,5313,8487,-3174
2886,1994,10,5309,6187,-878
2886,1994,11,5312,4187,1125
2886,1994,12,7926,6387,1539
2886,1995,1,5314,12487,-7173
2886,1995,2,8407,3487,4920
2886,1995,3,5311,4687,624
2886,1995,4,5315,4587,728
2886,1995,5,6624,4587,2037
2886,1995,6,8433,11587,-3154
2886,1995,7,9131,3487,5644
2886,1995,8,5325,10787,-5462
2886,1995,9,8005,8187,-182
2886,1995,10,7514,4387,3127
2886,1995,11,8326,3487,4839
2886,1995,12,7950,8687,-737
2886,1996,1,9928,14987,-5059
2886,1996,2,8322,3487,4835
2886,1996,3,6542,3487,3055
2886,1996,4,5352,7087,-1735
2886,1996,5,6637,7687,-1050
2886,1996,6,8541,14187,-5646
2886,1996,7,6019,3487,2532
2886,1996,8,5328,4787,541
2886,1996,9,5327,9387,-4060
2886,1996,10,6816,5987,829
2886,1996,11,10315,7087,3228
2886,1996,12,11743,6287,5456
2886,1997,1,12828,23987,-11159
2886,1997,2,12315,3487,8828
2886,1997,3,11946,7887,4059
2886,1997,4,5658,7787,-2129
2886,1997,5,5849,7587,-1738
2886,1997,6,13912,24987,-11075
2886,1997,7,9705,3487,6218
2886,1997,8,5320,5887,-567
2886,1997,9,5321,3887,1434
2886,1997,10,5328,4887,441
2886,1997,11,5323,7687,-2364
2886,1997,12,7923,8887,-964
2886,1998,1,9800,14687,-4887
2886,1998,2,5293,4587,706
2886,1998,3,5290,9787,-4497
2886,1998,4,10589,3487,7102
2886,1998,5,5309,3487,1822
2886,1998,6,7921,6687,1234
2886,1998,7,5310,8487,-3177
2886,1998,8,5299,7287,-1988
2886,1998,9,5281,11287,-6006
2886,1998,10,5266,6887,-1621
2886,1998,11,5268,3487,1781
2886,1998,12,7886,6372,1514
2887,1996,7,900,0,900
2887,1996,8,25234,0,25234
2887,1996,9,22222,3300,18922
2887,1996,10,22280,11500,10780
2887,1996,11,22312,16000,6312
2887,1996,12,33374,27060,6314
2887,1997,1,22304,42760,-20456
2887,1997,2,22274,18760,3514
2887,1997,3,22283,21160,1123
2887,1997,4,22270,24660,-2390
2887,1997,5,22254,27760,-5506
2887,1997,6,33304,26060,7244
2887,1997,7,22258,28760,-6502
2887,1997,8,22261,19960,2301
2887,1997,9,22252,21760,492
2887,1997,10,22267,21960,307
2887,1997,11,22274,19560,2714
2887,1997,12,33340,19460,13880
2887,1998,1,22288,38860,-16572
2887,1998,2,22284,15660,6624
2887,1998,3,22287,21360,927
2887,1998,4,22294,24160,-1866
2887,1998,5,22288,23060,-772
2887,1998,6,33319,35960,-2641
2887,1998,7,22287,18260,4027
2887,1998,8,22287,22260,27
2887,1998,9,22291,23060,-769
2887,1998,10,22285,39660,-17375
2887,1998,11,22253,21960,293
2887,1998,12,33313,8545,24768
2888,1996,5,700,0,700
2888,1996,6,4006,0,4006
2888,1996,7,4006,0,4006
2888,1996,8,4006,0,4006
2888,1996,9,4006,0,4006
2888,1996,10,4058,2407,1651
2888,1996,11,4074,8227,-4153
2888,1996,12,4068,3107,961
2888,1997,1,4061,6727,-2666
2888,1997,2,4063,2407,1656
2888,1997,3,4069,3007,1062
2888,1997,4,4074,2407,1667
2888,1997,5,4079,3707,372
2888,1997,6,4081,3607,474
2888,1997,7,4082,3807,275
2888,1997,8,4076,7107,-3031
2888,1997,9,4067,5207,-1140
2888,1997,10,4069,2407,1662
2888,1997,11,4069,5207,-1138
2888,1997,12,4065,4557,-492
2888,1998,1,4057,7027,-2970
2888,1998,2,4056,2407,1649
2888,1998,3,4063,2407,1656
2888,1998,4,4058,6907,-2849
2888,1998,5,4058,2407,1651
2888,1998,6,4065,2407,1658
2888,1998,7,4068,4167,-99
2888,1998,8,4071,2407,1664
2888,1998,9,4078,2407,1671
2888,1998,10,4085,2407,1678
2888,1998,11,4070,10307,-6237
2888,1998,12,4061,4292,-231
2889,1996,3,900,0,900
2889,1996,4,37398,6200,31198
2889,1996,5,37515,20300,17215
2889,1996,6,56261,42400,13861
2889,1996,7,37618,39500,-1882
2889,1996,8,37647,43553,-5906
2889,1996,9,37626,43025,-5399
2889,1996,10,37603,38753,-1150
2889,1996,11,37592,41753,-4161
2889,1996,12,56224,67127,-10903
2889,1997,1,37492,51453,-13961
2889,1997,2,37490,32859,4631
2889,1997,3,37484,34204,3280
2889,1997,4,37520,29353,8167
2889,1997,5,37535,52820,-15285
2889,1997,6,56216,31453,24763
2889,1997,7,37524,51508,-13984
2889,1997,8,37519,32359,5160
2889,1997,9,37534,37251,283
2889,1997,10,37553,27353,10200
2889,1997,11,37573,34804,2769
2889,1997,12,56246,68957,-12711
2889,1998,1,37522,49286,-11764
2889,1998,2,37518,23920,13598
2889,1998,3,37565,24653,12912
2889,1998,4,37611,26353,11258
2889,1998,5,37640,33245,4395
2889,1998,6,56278,86657,-30379
2889,1998,7,37560,31782,5778
2889,1998,8,37591,31753,5838
2889,1998,9,37610,21053,16557
2889,1998,10,37627,55824,-18197
2889,1998,11,37601,26253,11348
2889,1998,12,56340,41538,14802
2890,1996,2,23760,0,23760
2890,1996,3,25164,0,25164
2890,1996,4,23416,15100,8316
2890,1996,5,23440,18600,4840
2890,1996,6,35016,56568,-21552
2890,1996,7,23367,21468,1899
2890,1996,8,23378,19868,3510
2890,1996,9,23380,23968,-588
2890,1996,10,23369,25068,-1699
2890,1996,11,23366,24568,-1202
2890,1996,12,35000,22468,12532
2890,1997,1,23364,37068,-13704
2890,1997,2,23369,20968,2401
2890,1997,3,23366,25168,-1802
2890,1997,4,23355,30968,-7613
2890,1997,5,23343,21468,1875
2890,1997,6,34963,28168,6795
2890,1997,7,23355,47968,-24613
2890,1997,8,23337,24668,-1331
2890,1997,9,23303,24068,-765
2890,1997,10,23297,26568,-3271
2890,1997,11,23291,5668,17623
2890,1997,12,34974,35168,-194
2890,1998,1,23321,38468,-15147
2890,1998,2,23290,25468,-2178
2890,1998,3,23283,22168,1115
2890,1998,4,23287,21368,1919
2890,1998,5,23305,5668,17637
2890,1998,6,34971,44968,-9997
2890,1998,7,23317,12668,10649
2890,1998,8,23349,39568,-16219
2890,1998,9,23295,27568,-4273
2890,1998,10,23295,5668,17627
2890,1998,11,23328,39968,-16640
2890,1998,12,34925,6453,28472
2891,1997,5,300,0,300
2891,1997,6,28255,5400,22855
2891,1997,7,18930,11300,7630
2891,1997,8,18958,15700,3258
2891,1997,9,18971,17000,1971
2891,1997,10,18987,29797,-10810
2891,1997,11,18959,21457,-2498
2891,1997,12,28388,27417,971
2891,1998,1,18926,27957,-9031
2891,1998,2,18925,16757,2168
2891,1998,3,18929,15857,3072
2891,1998,4,18926,23457,-4531
2891,1998,5,18921,20657,-1736
2891,1998,6,28350,24757,3593
2891,1998,7,18923,16637,2286
2891,1998,8,18930,20657,-1727
2891,1998,9,18918,24057,-5139
2891,1998,10,18923,9557,9366
2891,1998,11,18925,28657,-9732
2891,1998,12,28368,11622,16746
2892,1997,12,200,0,200
2892,1998,1,11700,0,11700
2892,1998,2,4200,0,4200
2892,1998,3,100,0,100
2892,1998,4,2500,0,2500
2892,1998,5,3700,0,3700
2892,1998,6,900,0,900
2892,1998,7,3000,0,3000
2892,1998,8,0,1400,-1400
2892,1998,9,5000,0,5000
2892,1998,10,1800,0,1800
2892,1998,11,3200,0,3200
2892,1998,12,3000,0,3000
2893,1996,2,700,0,700
2893,1996,3,3382,0,3382
2893,1996,4,3382,0,3382
2893,1996,5,3382,0,3382
2893,1996,6,3382,0,3382
2893,1996,7,3432,2869,563
2893,1996,8,3449,2269,1180
2893,1996,9,3452,2269,1183
2893,1996,10,3455,3739,-284
2893,1996,11,3457,2469,988
2893,1996,12,3465,2629,836
2893,1997,1,3455,7299,-3844
2893,1997,2,3447,4279,-832
2893,1997,3,3448,2269,1179
2893,1997,4,3445,3649,-204
2893,1997,5,3451,3019,432
2893,1997,6,3452,2269,1183
2893,1997,7,3457,2269,1188
2893,1997,8,3464,2269,1195
2893,1997,9,3462,2989,473
2893,1997,10,3466,2269,1197
2893,1997,11,3474,2269,1205
2893,1997,12,3475,2899,576
2893,1998,1,3464,8569,-5105
2893,1998,2,3462,2269,1193
2893,1998,3,3467,2269,1198
2893,1998,4,3470,2269,1201
2893,1998,5,3470,3559,-89
2893,1998,6,3456,8749,-5293
2893,1998,7,3450,2269,1181
2893,1998,8,3457,2659,798
2893,1998,9,3458,2269,1189
2893,1998,10,3463,2599,864
2893,1998,11,3469,2269,1200
2893,1998,12,3472,2524,948
2894,1993,8,1100,0,1100
2894,1993,9,46063,13700,32363
2894,1993,10,139,2800,-2661
2894,1993,11,45040,23800,21240
2894,1993,12,33902,29800,4102
2894,1994,1,27808,36515,-8707
2894,1994,2,27202,28427,-1225
2894,1994,3,70415,75625,-5210
2894,1994,4,33270,25315,7955
2894,1994,5,202,13615,-13413
2894,1994,6,98366,66915,31451
2894,1994,7,27822,31615,-3793
2894,1994,8,36792,38954,-2162
2894,1994,9,41821,41915,-94
2894,1994,10,252,17715,-17463
2894,1994,11,59993,32046,27947
2894,1994,12,27207,48296,-21089
2894,1995,1,63039,71915,-8876
2894,1995,2,172,5615,-5443
2894,1995,3,129780,112515,17265
2894,1995,4,37178,62988,-25810
2894,1995,5,6721,2415,4306
2894,1995,6,106397,73815,32582
2894,1995,7,11648,15215,-3567
2894,1995,8,229,13015,-12786
2894,1995,9,38311,24015,14296
2894,1995,10,45745,53215,-7470
2894,1995,11,77194,72015,5179
2894,1995,12,68474,69115,-641
2894,1996,1,40935,21015,19920
2894,1996,2,75006,93015,-18009
2894,1996,3,50036,26515,23521
2894,1996,4,49856,62415,-12559
2894,1996,5,170260,153915,16345
2894,1996,6,59999,90315,-30316
2894,1996,7,159195,117015,42180
2894,1996,8,24136,31415,-7279
2894,1996,9,112142,113715,-1573
2894,1996,10,65265,62515,2750
2894,1996,11,67074,89815,-22741
2894,1996,12,236,22115,-21879
2894,1997,1,18455,37015,-18560
2894,1997,2,33387,3115,30272
2894,1997,3,253,6915,-6662
2894,1997,4,69821,34163,35658
2894,1997,5,252,49973,-49721
2894,1997,6,13797,18860,-5063
2894,1997,7,11047,15,11032
2894,1997,8,168,15835,-15667
2894,1997,9,28755,15068,13687
2894,1997,10,3360,13234,-9874
2894,1997,11,89359,32915,56444
2894,1997,12,267,38515,-38248
2894,1998,1,42440,13715,28725
2894,1998,2,18358,11115,7243
2894,1998,3,70011,41715,28296
2894,1998,4,67226,73915,-6689
2894,1998,5,67844,106315,-38471
2894,1998,6,121444,88515,32929
2894,1998,7,6023,30915,-24892
2894,1998,8,74369,66515,7854
2894,1998,9,88808,67615,21193
2894,1998,10,22964,33615,-10651
2894,1998,11,60726,59232,1494
2894,1998,12,89057,129200,-40143
2895,1993,3,18491,0,18491
2895,1993,4,18767,0,18767
2895,1993,5,18333,5100,13233
2895,1993,6,27461,13800,13661
2895,1993,7,18407,20615,-2208
2895,1993,8,18385,22513,-4128
2895,1993,9,18370,21613,-3243
2895,1993,10,18361,19913,-1552
2895,1993,11,18330,22833,-4503
2895,1993,12,27425,22573,4852
2895,1994,1,18298,39873,-21575
2895,1994,2,18300,7213,11087
2895,1994,3,18324,15813,2511
2895,1994,4,18336,15213,3123
2895,1994,5,18335,21073,-2738
2895,1994,6,27366,44353,-16987
2895,1994,7,18278,10993,7285
2895,1994,8,18295,26553,-8258
2895,1994,9,18290,12613,5677
2895,1994,10,18312,17913,399
2895,1994,11,18311,20373,-2062
2895,1994,12,27393,22033,5360
2895,1995,1,18777,32493,-13716
2895,1995,2,18267,15433,2834
2895,1995,3,18283,12013,6270
2895,1995,4,18299,17813,486
2895,1995,5,18307,16513,1794
2895,1995,6,27403,25613,1790
2895,1995,7,18310,23493,-5183
2895,1995,8,18296,19513,-1217
2895,1995,9,18291,19833,-1542
2895,1995,10,18289,17013,1276
2895,1995,11,18287,19673,-1386
2895,1995,12,27368,24773,2595
2895,1996,1,18266,30173,-11907
2895,1996,2,18241,15553,2688
2895,1996,3,18253,16333,1920
2895,1996,4,18259,17213,1046
2895,1996,5,18266,14813,3453
2895,1996,6,27360,24313,3047
2895,1996,7,18280,19553,-1273
2895,1996,8,18282,16413,1869
2895,1996,9,18276,23953,-5677
2895,1996,10,18261,18913,-652
2895,1996,11,18259,17113,1146
2895,1996,12,27342,30593,-3251
2895,1997,1,18228,24293,-6065
2895,1997,2,18231,12713,5518
2895,1997,3,18245,15553,2692
2895,1997,4,18251,18933,-682
2895,1997,5,18254,17313,941
2895,1997,6,27339,23113,4226
2895,1997,7,18265,21513,-3248
2895,1997,8,18260,16613,1647
2895,1997,9,18289,20613,-2324
2895,1997,10,18254,18533,-279
2895,1997,11,18277,6413,11864
2895,1997,12,27388,19393,7995
2895,1998,1,18292,40133,-21841
2895,1998,2,18270,5613,12657
2895,1998,3,18305,14033,4272
2895,1998,4,18321,12813,5508
2895,1998,5,18322,21013,-2691
2895,1998,6,27390,31113,-3723
2895,1998,7,18312,19253,-941
2895,1998,8,18306,14813,3493
2895,1998,9,18305,20113,-1808
2895,1998,10,18310,15813,2497
2895,1998,11,18328,12913,5415
2895,1998,12,27424,22558,4866
2896,1993,3,400,0,400
2896,1993,4,3221,0,3221
2896,1993,5,3221,0,3221
2896,1993,6,3221,0,3221
2896,1993,7,3221,0,3221
2896,1993,8,3262,1867,1395
2896,1993,9,3290,2162,1128
2896,1993,10,3287,4202,-915
2896,1993,11,3286,2162,1124
2896,1993,12,3284,4232,-948
2896,1994,1,3280,5432,-2152
2896,1994,2,3275,3602,-327
2896,1994,3,3282,2162,1120
2896,1994,4,3286,2162,1124
2896,1994,5,3291,2162,1129
2896,1994,6,3286,5492,-2206
2896,1994,7,3285,2732,553
2896,1994,8,3284,2162,1122
2896,1994,9,3293,2162,1131
2896,1994,10,3298,2162,1136
2896,1994,11,3295,3272,23
2896,1994,12,3302,2432,870
2896,1995,1,3290,5732,-2442
2896,1995,2,3288,3542,-254
2896,1995,3,3290,2372,918
2896,1995,4,3294,2162,1132
2896,1995,5,3299,2162,1137
2896,1995,6,3298,5072,-1774
2896,1995,7,3301,2162,1139
2896,1995,8,3299,2852,447
2896,1995,9,3302,2162,1140
2896,1995,10,3307,2162,1145
2896,1995,11,3312,2492,820
2896,1995,12,3315,2372,943
2896,1996,1,3304,9152,-5848
2896,1996,2,3300,2162,1138
2896,1996,3,3300,2162,1138
2896,1996,4,3309,2162,1147
2896,1996,5,3310,3512,-202
2896,1996,6,3305,4832,-1527
2896,1996,7,3302,2492,810
2896,1996,8,3310,2162,1148
2896,1996,9,3315,2162,1153
2896,1996,10,3315,3602,-287
2896,1996,11,3314,2972,342
2896,1996,12,3313,3962,-649
2896,1997,1,3300,6722,-3422
2896,1997,2,3302,2162,1140
2896,1997,3,3307,2162,1145
2896,1997,4,3307,2162,1145
2896,1997,5,3312,2162,1150
2896,1997,6,3311,5642,-2331
2896,1997,7,3312,2162,1150
2896,1997,8,3312,2162,1150
2896,1997,9,3316,2162,1154
2896,1997,10,3320,2672,648
2896,1997,11,3324,2162,1162
2896,1997,12,3328,2432,896
2896,1998,1,3324,6902,-3578
2896,1998,2,3322,2162,1160
2896,1998,3,3320,2942,378
2896,1998,4,3328,2162,1166
2896,1998,5,3327,3332,-5
2896,1998,6,3319,9482,-6163
2896,1998,7,3302,3182,120
2896,1998,8,3304,3422,-118
2896,1998,9,3299,3302,-3
2896,1998,10,3302,2162,1140
2896,1998,11,3307,2162,1145
2896,1998,12,3311,2357,954
2897,1997,10,800,0,800
2897,1997,11,71572,0,71572
2897,1997,12,49893,29100,20793
2897,1998,1,69328,108566,-39238
2897,1998,2,166,23066,-22900
2897,1998,3,40691,32866,7825
2897,1998,4,118961,88966,29995
2897,1998,5,88159,96466,-8307
2897,1998,6,186,25166,-24980
2897,1998,7,99526,68866,30660
2897,1998,8,23515,36456,-12941
2897,1998,9,121226,101866,19360
2897,1998,10,66332,37466,28866
2897,1998,11,123827,147666,-23839
2897,1998,12,98183,84451,13732
2898,1996,11,800,0,800
2898,1996,12,25118,2400,22718
2898,1997,1,16830,12900,3930
2898,1997,2,16849,10100,6749
2898,1997,3,16872,14800,2072
2898,1997,4,16890,19570,-2680
2898,1997,5,16882,16770,112
2898,1997,6,25250,30710,-5460
2898,1997,7,16873,6870,10003
2898,1997,8,16902,14770,2132
2898,1997,9,16910,17610,-700
2898,1997,10,16910,13390,3520
2898,1997,11,16924,14090,2834
2898,1997,12,25303,24350,953
2898,1998,1,16929,19590,-2661
2898,1998,2,16927,12770,4157
2898,1998,3,16931,20570,-3639
2898,1998,4,16913,21930,-5017
2898,1998,5,16901,16770,131
2898,1998,6,25265,30130,-4865
2898,1998,7,17192,12310,4882
2898,1998,8,16909,12270,4639
2898,1998,9,16916,19730,-2814
2898,1998,10,16902,17970,-1068
2898,1998,11,16908,13070,3838
2898,1998,12,25285,31455,-6170
2899,1997,4,24771,0,24771
2899,1997,5,23766,2100,21666
2899,1997,6,35661,12100,23561
2899,1997,7,23892,24100,-208
2899,1997,8,23872,50818,-26946
2899,1997,9,23822,25018,-1196
2899,1997,10,23815,20718,3097
2899,1997,11,23827,22518,1309
2899,1997,12,35658,29618,6040
2899,1998,1,23793,44918,-21125
2899,1998,2,23769,16918,6851
2899,1998,3,23793,27518,-3725
2899,1998,4,23781,19318,4463
2899,1998,5,23799,23018,781
2899,1998,6,35619,31318,4301
2899,1998,7,23816,23818,-2
2899,1998,8,23815,22618,1197
2899,1998,9,23819,21818,2001
2899,1998,10,23826,22618,1208
2899,1998,11,23834,17918,5916
2899,1998,12,35699,10303,25396
2900,1997,5,500,0,500
2900,1997,6,12000,0,12000
2900,1997,7,5100,0,5100
2900,1997,8,24230,200,24030
2900,1997,9,16434,16600,-166
2900,1997,10,172,7000,-6828
2900,1997,11,172,7200,-7028
2900,1997,12,172,6000,-5828
2900,1998,1,44103,5300,38803
2900,1998,2,9926,27800,-17874
2900,1998,3,177,21100,-20923
2900,1998,4,177,7500,-7323
2900,1998,5,0,2700,-2700
2901,1997,4,600,0,600
2901,1997,5,16759,0,16759
2901,1997,6,11209,2000,9209
2901,1997,7,7529,3200,4329
2901,1997,8,7546,3700,3846
2901,1997,9,9164,4951,4213
2901,1997,10,7540,17611,-10071
2901,1997,11,9535,6511,3024
2901,1997,12,11252,10011,1241
2901,1998,1,9423,17111,-7688
2901,1998,2,20254,10231,10023
2901,1998,3,11476,4951,6525
2901,1998,4,10590,8671,1919
2901,1998,5,10607,6271,4336
2901,1998,6,13406,15671,-2265
2901,1998,7,9415,7831,1584
2901,1998,8,7623,6651,972
2901,1998,9,8017,4951,3066
2901,1998,10,8549,6751,1798
2901,1998,11,7637,7851,-214
2901,1998,12,11345,9096,2249
2902,1993,1,200,0,200
2902,1993,2,24120,0,24120
2902,1993,3,20319,8700,11619
2902,1993,4,20364,16300,4064
2902,1993,5,20382,15900,4482
2902,1993,6,30575,52605,-22030
2902,1993,7,20357,11905,8452
2902,1993,8,20380,20805,-425
2902,1993,9,20385,16705,3680
2902,1993,10,20399,17605,2794
2902,1993,11,20411,17105,3306
2902,1993,12,30551,31105,-554
2902,1994,1,20391,29405,-9014
2902,1994,2,20386,15005,5381
2902,1994,3,20401,26005,-5604
2902,1994,4,20382,17505,2877
2902,1994,5,20394,16705,3689
2902,1994,6,30528,35505,-4977
2902,1994,7,20383,19405,978
2902,1994,8,20391,15605,4786
2902,1994,9,20402,21105,-703
2902,1994,10,20397,21805,-1408
2902,1994,11,20396,18205,2191
2902,1994,12,30537,25605,4932
2902,1995,1,20390,28705,-8315
2902,1995,2,20386,19105,1281
2902,1995,3,20388,24005,-3617
2902,1995,4,20379,18905,1474
2902,1995,5,20383,19105,1278
2902,1995,6,30511,31505,-994
2902,1995,7,20379,19905,474
2902,1995,8,20379,20305,74
2902,1995,9,20378,20605,-227
2902,1995,10,20374,21805,-1431
2902,1995,11,20375,17805,2570
2902,1995,12,30507,27905,2602
2902,1996,1,20349,38605,-18256
2902,1996,2,20325,15305,5020
2902,1996,3,20345,15505,4840
2902,1996,4,20358,18205,2153
2902,1996,5,20354,23505,-3151
2902,1996,6,30423,36705,-6282
2902,1996,7,20339,15205,5134
2902,1996,8,20378,19805,573
2902,1996,9,20334,22305,-1971
2902,1996,10,20318,24105,-3787
2902,1996,11,20315,19505,810
2902,1996,12,30439,27905,2534
2902,1997,1,20315,27705,-7390
2902,1997,2,20305,16505,3800
2902,1997,3,20292,25805,-5513
2902,1997,4,20294,18005,2289
2902,1997,5,20286,23405,-3119
2902,1997,6,30409,25505,4904
2902,1997,7,20301,20805,-504
2902,1997,8,20297,20305,-8
2902,1997,9,20330,11005,9325
2902,1997,10,20343,18105,2238
2902,1997,11,20338,22205,-1867
2902,1997,12,30483,19705,10778
2902,1998,1,20331,42105,-21774
2902,1998,2,20330,9305,11025
2902,1998,3,20357,14605,5752
2902,1998,4,20373,16705,3668
2902,1998,5,20377,20005,372
2902,1998,6,30462,37305,-6843
2902,1998,7,20346,33205,-12859
2902,1998,8,20348,23105,-2757
2902,1998,9,20330,18305,2025
2902,1998,10,20336,19605,731
2902,1998,11,20338,20305,33
2902,1998,12,30484,8790,21694
2903,1994,5,300,0,300
2903,1994,6,33220,5800,27420
2903,1994,7,22247,12000,10247
2903,1994,8,22275,20100,2175
2903,1994,9,22286,19100,3186
2903,1994,10,22299,19515,2784
2903,1994,11,22303,28341,-6038
2903,1994,12,33362,27961,5401
2903,1995,1,22285,34821,-12536
2903,1995,2,22258,23221,-963
2903,1995,3,22261,22101,160
2903,1995,4,22262,19841,2421
2903,1995,5,22269,20941,1328
2903,1995,6,33326,42901,-9575
2903,1995,7,22240,18241,3999
2903,1995,8,22251,19741,2510
2903,1995,9,22257,20741,1516
2903,1995,10,22265,22701,-436
2903,1995,11,22264,19541,2723
2903,1995,12,33336,27641,5695
2903,1996,1,22295,35141,-12846
2903,1996,2,25186,7841,17345
2903,1996,3,22319,26521,-4202
2903,1996,4,22318,15021,7297
2903,1996,5,22337,16041,6296
2903,1996,6,33387,41101,-7714
2903,1996,7,22326,16741,5585
2903,1996,8,22349,16141,6208
2903,1996,9,22364,18641,3723
2903,1996,10,22362,25761,-3399
2903,1996,11,22357,20841,1516
2903,1996,12,33440,24381,9059
2903,1997,1,22368,33241,-10873
2903,1997,2,22347,23061,-714
2903,1997,3,22332,28781,-6449
2903,1997,4,22340,18701,3639
2903,1997,5,22346,18541,3805
2903,1997,6,33446,36381,-2935
2903,1997,7,22366,14841,7525
2903,1997,8,22382,33341,-10959
2903,1997,9,22380,20141,2239
2903,1997,10,22398,26801,-4403
2903,1997,11,22368,18841,3527
2903,1997,12,33467,26661,6806
2903,1998,1,22364,33381,-11017
2903,1998,2,22363,21041,1322
2903,1998,3,22365,30061,-7696
2903,1998,4,22335,22941,-606
2903,1998,5,22330,23841,-1511
2903,1998,6,33405,36501,-3096
2903,1998,7,22290,28261,-5971
2903,1998,8,22280,25941,-3661
2903,1998,9,22256,24021,-1765
2903,1998,10,22251,27021,-4770
2903,1998,11,22233,26641,-4408
2903,1998,12,33298,31466,1832
2904,1996,3,800,0,800
2904,1996,4,17677,0,17677
2904,1996,5,16044,4100,11944
2904,1996,6,24058,17000,7058
2904,1996,7,16105,14400,1705
2904,1996,8,16106,17615,-1509
2904,1996,9,16104,17115,-1011
2904,1996,10,16104,13715,2389
2904,1996,11,16113,14215,1898
2904,1996,12,24054,47815,-23761
2904,1997,1,21288,40821,-19533
2904,1997,2,32909,2426,30483
2904,1997,3,16045,31364,-15319
2904,1997,4,16009,15464,545
2904,1997,5,18410,15,18395
2904,1997,6,42972,37933,5039
2904,1997,7,16123,5915,10208
2904,1997,8,17937,18121,-184
2904,1997,9,16150,10215,5935
2904,1997,10,21682,62524,-40842
2904,1997,11,30868,15,30853
2904,1997,12,25533,8715,16818
2904,1998,1,17616,43215,-25599
2904,1998,2,18629,15,18614
2904,1998,3,16184,19430,-3246
2904,1998,4,16176,5615,10561
2904,1998,5,16218,6615,9603
2904,1998,6,24144,52643,-28499
2904,1998,7,16521,12531,3990
2904,1998,8,16154,7115,9039
2904,1998,9,16193,6515,9678
2904,1998,10,16203,26815,-10612
2904,1998,11,16166,12115,4051
2904,1998,12,24170,12100,12070
2905,1994,10,13683,0,13683
2905,1994,11,18456,0,18456
2905,1994,12,19133,5700,13433
2905,1995,1,12822,22400,-9578
2905,1995,2,12787,15,12772
2905,1995,3,12804,22955,-10151
2905,1995,4,12803,10715,2088
2905,1995,5,12809,20515,-7706
2905,1995,6,25651,43375,-17724
2905,1995,7,12701,3515,9186
2905,1995,8,12739,6315,6424
2905,1995,9,12765,8515,4250
2905,1995,10,12784,8315,4469
2905,1995,11,12799,14655,-1856
2905,1995,12,19135,20175,-1040
2905,1996,1,12782,27335,-14553
2905,1996,2,12746,6255,6491
2905,1996,3,12759,6815,5944
2905,1996,4,12783,14615,-1832
2905,1996,5,12773,10615,2158
2905,1996,6,19107,18275,832
2905,1996,7,12794,12515,279
2905,1996,8,12788,10115,2673
2905,1996,9,12793,14915,-2122
2905,1996,10,12783,17915,-5132
2905,1996,11,12770,9115,3655
2905,1996,12,19140,15195,3945
2905,1997,1,12797,18515,-5718
2905,1997,2,12774,12215,559
2905,1997,3,12783,14575,-1792
2905,1997,4,12771,10315,2456
2905,1997,5,12784,9155,3629
2905,1997,6,19123,14775,4348
2905,1997,7,12821,6715,6106
2905,1997,8,12839,11315,1524
2905,1997,9,12845,11315,1530
2905,1997,10,12856,9315,3541
2905,1997,11,12860,15355,-2495
2905,1997,12,19190,11035,8155
2905,1998,1,12856,32415,-19559
2905,1998,2,13836,15,13821
2905,1998,3,12878,5515,7363
2905,1998,4,12912,8535,4377
2905,1998,5,12915,11115,1800
2905,1998,6,19204,31075,-11871
2905,1998,7,12887,5215,7672
2905,1998,8,12908,14135,-1227
2905,1998,9,12899,11715,1184
2905,1998,10,12897,13915,-1018
2905,1998,11,12887,19275,-6388
2905,1998,12,19201,16880,2321
2906,1996,9,200,0,200
2906,1996,10,19349,0,19349
2906,1996,11,16215,6300,9915
2906,1996,12,24314,15300,9014
2906,1997,1,16278,15600,678
2906,1997,2,16286,17173,-887
2906,1997,3,16280,19673,-3393
2906,1997,4,16266,18773,-2507
2906,1997,5,16268,11873,4395
2906,1997,6,24334,45973,-21639
2906,1997,7,23408,12573,10835
2906,1997,8,17938,13873,4065
2906,1997,9,19458,14173,5285
2906,1997,10,16280,11673,4607
2906,1997,11,16285,19473,-3188
2906,1997,12,24343,23273,1070
2906,1998,1,16251,29773,-13522
2906,1998,2,16228,14173,2055
2906,1998,3,16240,12373,3867
2906,1998,4,16244,17373,-1129
2906,1998,5,16238,17573,-1335
2906,1998,6,24294,25173,-879
2906,1998,7,16224,18973,-2749
2906,1998,8,16223,14673,1550
2906,1998,9,16216,21273,-5057
2906,1998,10,16201,17073,-872
2906,1998,11,16187,20973,-4786
2906,1998,12,24238,25458,-1220
2907,1993,9,700,0,700
2907,1993,10,6891,0,6891
2907,1993,11,6891,0,6891
2907,1993,12,6958,600,6358
2907,1994,1,6996,1400,5596
2907,1994,2,7003,7298,-295
2907,1994,3,7004,6398,606
2907,1994,4,6993,10698,-3705
2907,1994,5,6981,9398,-2417
2907,1994,6,6976,14148,-7172
2907,1994,7,6955,3998,2957
2907,1994,8,6960,7758,-798
2907,1994,9,6964,3998,2966
2907,1994,10,6976,3998,2978
2907,1994,11,6988,3998,2990
2907,1994,12,6997,6898,99
2907,1995,1,6982,15508,-8526
2907,1995,2,6962,6878,84
2907,1995,3,6964,4798,2166
2907,1995,4,6973,9438,-2465
2907,1995,5,6959,7198,-239
2907,1995,6,6964,3998,2966
2907,1995,7,6977,5498,1479
2907,1995,8,6982,6898,84
2907,1995,9,6983,3998,2985
2907,1995,10,6994,5198,1796
2907,1995,11,7005,7098,-93
2907,1995,12,7003,5348,1655
2907,1996,1,6978,18198,-11220
2907,1996,2,6962,3998,2964
2907,1996,3,6975,3998,2977
2907,1996,4,6987,3998,2989
2907,1996,5,6999,4898,2101
2907,1996,6,6998,8648,-1650
2907,1996,7,6997,7598,-601
2907,1996,8,6997,5098,1899
2907,1996,9,7004,5998,1006
2907,1996,10,6998,12918,-5920
2907,1996,11,6976,7918,-942
2907,1996,12,6975,9248,-2273
2907,1997,1,6959,11178,-4219
2907,1997,2,6952,5898,1054
2907,1997,3,6955,7098,-143
2907,1997,4,6954,6798,156
2907,1997,5,6951,8898,-1947
2907,1997,6,6946,6898,48
2907,1997,7,6947,6698,249
2907,1997,8,6952,3998,2954
2907,1997,9,6964,3998,2966
2907,1997,10,6977,3998,2979
2907,1997,11,6985,6798,187
2907,1997,12,6989,5248,1741
2907,1998,1,6981,13338,-6357
2907,1998,2,6969,5358,1611
2907,1998,3,6977,3998,2979
2907,1998,4,6989,3998,2991
2907,1998,5,7002,3998,3004
2907,1998,6,7004,19228,-12224
2907,1998,7,6960,6718,242
2907,1998,8,6964,3998,2966
2907,1998,9,6976,3998,2978
2907,1998,10,6989,3998,2991
2907,1998,11,6996,6318,678
2907,1998,12,6999,9313,-2314
2908,1997,3,600,0,600
2908,1997,4,21921,0,21921
2908,1997,5,17086,7700,9386
2908,1997,6,25609,17000,8609
2908,1997,7,17142,16100,1042
2908,1997,8,17160,10615,6545
2908,1997,9,17172,16122,1050
2908,1997,10,17194,9522,7672
2908,1997,11,17230,7222,10008
2908,1997,12,25757,14522,11235
2908,1998,1,17254,28322,-11068
2908,1998,2,17244,15622,1622
2908,1998,3,17265,12422,4843
2908,1998,4,17268,20522,-3254
2908,1998,5,17268,18022,-754
2908,1998,6,25693,40422,-14729
2908,1998,7,17218,7822,9396
2908,1998,8,17254,9122,8132
2908,1998,9,17254,18722,-1468
2908,1998,10,17260,15122,2138
2908,1998,11,17262,18222,-960
2908,1998,12,25767,17407,8360
2909,1996,4,10792,0,10792
2909,1996,5,19969,0,19969
2909,1996,6,16002,3900,12102
2909,1996,7,10740,8600,2140
2909,1996,8,10735,14551,-3816
2909,1996,9,10736,9751,985
2909,1996,10,10742,12151,-1409
2909,1996,11,10734,8151,2583
2909,1996,12,16028,17851,-1823
2909,1997,1,13111,23051,-9940
2909,1997,2,10695,7851,2844
2909,1997,3,14408,7051,7357
2909,1997,4,10737,8351,2386
2909,1997,5,10747,8251,2496
2909,1997,6,20999,31751,-10752
2909,1997,7,10709,11851,-1142
2909,1997,8,11909,7051,4858
2909,1997,9,13931,7051,6880
2909,1997,10,10746,13951,-3205
2909,1997,11,13841,14651,-810
2909,1997,12,16035,14351,1684
2909,1998,1,16212,26751,-10539
2909,1998,2,15709,11151,4558
2909,1998,3,12514,14651,-2137
2909,1998,4,11014,7051,3963
2909,1998,5,10727,9551,1176
2909,1998,6,15994,20951,-4957
2909,1998,7,11409,9551,1858
2909,1998,8,10718,9951,767
2909,1998,9,14713,15651,-938
2909,1998,10,10718,9251,1467
2909,1998,11,10716,14751,-4035
2909,1998,12,15999,7736,8263
2910,1997,10,900,0,900
2910,1997,11,43797,12400,31397
2910,1997,12,65797,40800,24997
2910,1998,1,43987,43100,887
2910,1998,2,43989,44500,-511
2910,1998,3,44007,52015,-8008
2910,1998,4,43960,56749,-12789
2910,1998,5,43916,48649,-4733
2910,1998,6,65821,58949,6872
2910,1998,7,43937,46949,-3012
2910,1998,8,43920,45749,-1829
2910,1998,9,43907,45840,-1933
2910,1998,10,43903,45240,-1337
2910,1998,11,43894,46730,-2836
2910,1998,12,65809,51625,14184
2911,1995,2,900,0,900
2911,1995,3,19081,0,19081
2911,1995,4,11458,1300,10158
2911,1995,5,11497,6900,4597
2911,1995,6,17199,14200,2999
2911,1995,7,11530,21993,-10463
2911,1995,8,11494,12793,-1299
2911,1995,9,11489,12493,-1004
2911,1995,10,11485,12093,-608
2911,1995,11,11961,18393,-6432
2911,1995,12,17153,14893,2260
2911,1996,1,11466,10093,1373
2911,1996,2,11467,12193,-726
2911,1996,3,11463,13293,-1830
2911,1996,4,11460,10993,467
2911,1996,5,11459,12493,-1034
2911,1996,6,17148,17093,55
2911,1996,7,11461,8393,3068
2911,1996,8,11462,13593,-2131
2911,1996,9,11465,7793,3672
2911,1996,10,11468,13693,-2225
2911,1996,11,11750,14913,-3163
2911,1996,12,17134,19613,-2479
2911,1997,1,12548,10113,2435
2911,1997,2,11451,11193,258
2911,1997,3,11857,9393,2464
2911,1997,4,16065,11673,4392
2911,1997,5,11483,12233,-750
2911,1997,6,17173,26853,-9680
2911,1997,7,16555,9033,7522
2911,1997,8,13181,7593,5588
2911,1997,9,11700,7593,4107
2911,1997,10,11505,11893,-388
2911,1997,11,11493,14713,-3220
2911,1997,12,17170,20613,-3443
2911,1998,1,11478,19733,-8255
2911,1998,2,14360,7593,6767
2911,1998,3,16595,7593,9002
2911,1998,4,14622,9153,5469
2911,1998,5,11528,11293,235
2911,1998,6,17226,18373,-1147
2911,1998,7,11934,13233,-1299
2911,1998,8,14038,7593,6445
2911,1998,9,11554,8993,2561
2911,1998,10,12665,7593,5072
2911,1998,11,14699,7593,7106
2911,1998,12,20729,9498,11231
2912,1994,7,1100,0,1100
2912,1994,8,13700,0,13700
2912,1994,9,2400,0,2400
2912,1994,10,4800,0,4800
2912,1994,11,88332,54500,33832
2912,1994,12,45952,36600,9352
2912,1995,1,93266,112915,-19649
2912,1995,2,45870,36615,9255
2912,1995,3,34879,36315,-1436
2912,1995,4,28395,30615,-2220
2912,1995,5,43648,45315,-1667
2912,1995,6,79355,60015,19340
2912,1995,7,148958,131330,17628
2912,1995,8,30157,60615,-30458
2912,1995,9,222,15115,-14893
2912,1995,10,51656,38115,13541
2912,1995,11,57083,49015,8068
2912,1995,12,89061,101315,-12254
2912,1996,1,10739,34490,-23751
2912,1996,2,8708,10756,-2048
2912,1996,3,43605,46670,-3065
2912,1996,4,58171,6351,51820
2912,1996,5,80153,61651,18502
2912,1996,6,74195,73551,644
2912,1996,7,64721,60119,4602
2912,1996,8,57977,95951,-37974
2912,1996,9,93229,67851,25378
2912,1996,10,44727,49651,-4924
2912,1996,11,71783,46851,24932
2912,1996,12,71263,98151,-26888
2912,1997,1,7318,33651,-26333
2912,1997,2,47137,71508,-24371
2912,1997,3,110965,38551,72414
2912,1997,4,48483,115674,-67191
2912,1997,5,76930,56645,20285
2912,1997,6,27106,41788,-14682
2912,1997,7,74276,32333,41943
2912,1997,8,63743,62308,1435
2912,1997,9,252,31651,-31399
2912,1997,10,162,15951,-15789
2912,1997,11,43613,15251,28362
2912,1997,12,67129,88451,-21322
2912,1998,1,66701,13751,52950
2912,1998,2,306,32451,-32145
2912,1998,3,115410,107570,7840
2912,1998,4,37342,25377,11965
2912,1998,5,48123,28051,20072
2912,1998,6,128742,126551,2191
2912,1998,7,77135,116951,-39816
2912,1998,8,16820,30451,-13631
2912,1998,9,131227,82551,48676
2912,1998,10,237,58140,-57903
2912,1998,11,80026,47051,32975
2912,1998,12,27204,42717,-15513
2913,1993,12,1100,0,1100
2913,1994,1,4471,0,4471
2913,1994,2,4471,0,4471
2913,1994,3,4471,0,4471
2913,1994,4,4471,0,4471
2913,1994,5,4485,2515,1970
2913,1994,6,4549,7565,-3016
2913,1994,7,4547,2995,1552
2913,1994,8,4554,2995,1559
2913,1994,9,4552,6695,-2143
2913,1994,10,4539,6835,-2296
2913,1994,11,4542,2995,1547
2913,1994,12,4547,3295,1252
2913,1995,1,4526,11155,-6629
2913,1995,2,4525,4195,330
2913,1995,3,4527,2995,1532
2913,1995,4,4533,2995,1538
2913,1995,5,4539,3695,844
2913,1995,6,4541,4495,46
2913,1995,7,4543,3695,848
2913,1995,8,4547,2995,1552
2913,1995,9,4546,7255,-2709
2913,1995,10,4542,2995,1547
2913,1995,11,4545,5795,-1250
2913,1995,12,4536,5945,-1409
2913,1996,1,4527,6595,-2068
2913,1996,2,4529,2995,1534
2913,1996,3,4529,5995,-1466
2913,1996,4,4528,3555,973
2913,1996,5,4529,4995,-466
2913,1996,6,4526,5495,-969
2913,1996,7,4527,2995,1532
2913,1996,8,4534,2995,1539
2913,1996,9,4533,6035,-1502
2913,1996,10,4534,2995,1539
2913,1996,11,4540,2995,1545
2913,1996,12,4540,5065,-525
2913,1997,1,4536,7635,-3099
2913,1997,2,4531,2995,1536
2913,1997,3,4538,2995,1543
2913,1997,4,4540,4495,45
2913,1997,5,4544,2995,1549
2913,1997,6,4551,2995,1556
2913,1997,7,4550,5235,-685
2913,1997,8,4551,3895,656
2913,1997,9,4557,2995,1562
2913,1997,10,4557,4675,-118
2913,1997,11,4556,4995,-439
2913,1997,12,4549,9005,-4456
2913,1998,1,4532,6595,-2063
2913,1998,2,4533,2995,1538
2913,1998,3,4540,2995,1545
2913,1998,4,4534,6595,-2061
2913,1998,5,4538,2995,1543
2913,1998,6,4543,3395,1148
2913,1998,7,4538,5775,-1237
2913,1998,8,4535,5495,-960
2913,1998,9,4540,2995,1545
2913,1998,10,4533,6435,-1902
2913,1998,11,4535,3795,740
2913,1998,12,4541,3380,1161
2914,1996,9,8105,0,8105
2914,1996,10,17465,0,17465
2914,1996,11,10317,0,10317
2914,1996,12,11844,4600,7244
2914,1997,1,7954,12737,-4783
2914,1997,2,7936,8804,-868
2914,1997,3,7922,13004,-5082
2914,1997,4,7917,7304,613
2914,1997,5,7920,7204,716
2914,1997,6,11796,20004,-8208
2914,1997,7,13113,5204,7909
2914,1997,8,8831,5204,3627
2914,1997,9,7941,5704,2237
2914,1997,10,7950,5904,2046
2914,1997,11,7941,11304,-3363
2914,1997,12,12651,6204,6447
2914,1998,1,8922,20604,-11682
2914,1998,2,7927,5204,2723
2914,1998,3,7926,8304,-378
2914,1998,4,7925,8004,-79
2914,1998,5,7913,18904,-10991
2914,1998,6,11803,10704,1099
2914,1998,7,7886,10604,-2718
2914,1998,8,10068,13704,-3636
2914,1998,9,15468,5704,9764
2914,1998,10,10911,5204,5707
2914,1998,11,9734,5204,4530
2914,1998,12,11840,10289,1551
2915,1993,7,500,0,500
2915,1993,8,48035,9600,38435
2915,1993,9,48167,31900,16267
2915,1993,10,48224,40100,8124
2915,1993,11,48286,65700,-17414
2915,1993,12,72278,61915,10363
2915,1994,1,48195,58515,-10320
2915,1994,2,48171,55959,-7788
2915,1994,3,48209,34763,13446
2915,1994,4,48216,36915,11301
2915,1994,5,48231,79085,-30854
2915,1994,6,72544,79700,-7156
2915,1994,7,48139,20215,27924
2915,1994,8,48210,60460,-12250
2915,1994,9,48204,39315,8889
2915,1994,10,48198,57455,-9257
2915,1994,11,48187,36892,11295
2915,1994,12,72166,81452,-9286
2915,1995,1,48184,51315,-3131
2915,1995,2,48191,28715,19476
2915,1995,3,48249,38115,10134
2915,1995,4,48288,51215,-2927
2915,1995,5,48194,71315,-23121
2915,1995,6,72209,65015,7194
2915,1995,7,48227,33315,14912
2915,1995,8,48219,67585,-19366
2915,1995,9,48217,33019,15198
2915,1995,10,48233,50615,-2382
2915,1995,11,48253,41715,6538
2915,1995,12,72160,110658,-38498
2915,1996,1,52516,13515,39001
2915,1996,2,48322,30615,17707
2915,1996,3,48365,33715,14650
2915,1996,4,48434,32415,16019
2915,1996,5,48380,78267,-29887
2915,1996,6,72211,126315,-54104
2915,1996,7,52558,8271,44287
2915,1996,8,48365,22315,26050
2915,1996,9,48309,91763,-43454
2915,1996,10,48284,31691,16593
2915,1996,11,48290,48419,-129
2915,1996,12,72349,76715,-4366
2915,1997,1,48176,87899,-39723
2915,1997,2,56359,15,56344
2915,1997,3,48372,31719,16653
2915,1997,4,48290,102613,-54323
2915,1997,5,48302,6115,42187
2915,1997,6,72287,102615,-30328
2915,1997,7,48329,13415,34914
2915,1997,8,48341,79015,-30674
2915,1997,9,48277,61288,-13011
2915,1997,10,48261,39392,8869
2915,1997,11,48266,42461,5805
2915,1997,12,72309,83715,-11406
2915,1998,1,48228,68403,-20175
2915,1998,2,48161,33057,15104
2915,1998,3,48282,40986,7296
2915,1998,4,48301,42792,5509
2915,1998,5,48233,51664,-3431
2915,1998,6,72275,97897,-25622
2915,1998,7,48121,36515,11606
2915,1998,8,48252,45809,2443
2915,1998,9,48231,38735,9496
2915,1998,10,48264,43690,4574
2915,1998,11,48297,47215,1082
2915,1998,12,72235,68200,4035
2916,1996,12,20049,0,20049
2916,1997,1,14487,0,14487
2916,1997,2,12826,3800,9026
2916,1997,3,12846,8800,4046
2916,1997,4,12845,14378,-1533
2916,1997,5,12846,15178,-2332
2916,1997,6,19173,21578,-2405
2916,1997,7,12835,20078,-7243
2916,1997,8,12808,15278,-2470
2916,1997,9,12796,10878,1918
2916,1997,10,12811,11378,1433
2916,1997,11,12809,16778,-3969
2916,1997,12,19144,17178,1966
2916,1998,1,19276,29978,-10702
2916,1998,2,12765,8678,4087
2916,1998,3,12775,10778,1997
2916,1998,4,15876,13378,2498
2916,1998,5,12798,11778,1020
2916,1998,6,19139,19778,-639
2916,1998,7,12799,11678,1121
2916,1998,8,12801,14178,-1377
2916,1998,9,12797,11378,1419
2916,1998,10,12798,18178,-5380
2916,1998,11,12769,12078,691
2916,1998,12,19136,6363,12773
2917,1996,8,300,0,300
2917,1996,9,28371,0,28371
2917,1996,10,17037,5100,11937
2917,1996,11,17077,8300,8777
2917,1996,12,25558,15300,10258
2917,1997,1,17092,34975,-17883
2917,1997,2,17055,15272,1783
2917,1997,3,17051,22592,-5541
2917,1997,4,17030,20472,-3442
2917,1997,5,17026,15072,1954
2917,1997,6,25409,46132,-20723
2917,1997,7,17280,6172,11108
2917,1997,8,16998,14912,2086
2917,1997,9,16998,16272,726
2917,1997,10,16994,20892,-3898
2917,1997,11,16978,19212,-2234
2917,1997,12,25456,34612,-9156
2917,1998,1,16958,15532,1426
2917,1998,2,16979,6172,10807
2917,1998,3,17022,28972,-11950
2917,1998,4,16975,6172,10803
2917,1998,5,17014,29672,-12658
2917,1998,6,25434,6172,19262
2917,1998,7,17048,6172,10876
2917,1998,8,17056,44032,-26976
2917,1998,9,16980,6172,10808
2917,1998,10,17010,15292,1718
2917,1998,11,17024,8092,8932
2917,1998,12,25519,16037,9482
2918,1997,12,8017,0,8017
2918,1998,1,17053,3200,13853
2918,1998,2,1291,0,1291
2918,1998,3,25568,4100,21468
2918,1998,4,25511,14700,10811
2918,1998,5,30547,47436,-16889
2918,1998,6,69,32087,-32018
2918,1998,7,47479,21387,26092
2918,1998,8,21365,25587,-4222
2918,1998,9,128114,106787,21327
2918,1998,10,110540,103541,6999
2918,1998,11,8863,41516,-32653
2918,1998,12,47048,17587,29461
2919,1995,5,14201,0,14201
2919,1995,6,25070,0,25070
2919,1995,7,14140,8800,5340
2919,1995,8,14153,12300,1853
2919,1995,9,14169,9015,5154
2919,1995,10,14153,22346,-8193
2919,1995,11,14132,17646,-3514
2919,1995,12,21093,22946,-1853
2919,1996,1,14075,28326,-14251
2919,1996,2,14071,12086,1985
2919,1996,3,14052,21606,-7554
2919,1996,4,14045,14806,-761
2919,1996,5,15156,7346,7810
2919,1996,6,21068,15426,5642
2919,1996,7,14098,11246,2852
2919,1996,8,14103,13446,657
2919,1996,9,14101,15346,-1245
2919,1996,10,14092,22746,-8654
2919,1996,11,14081,16946,-2865
2919,1996,12,21061,22966,-1905
2919,1997,1,14035,21166,-7131
2919,1997,2,14027,11186,2841
2919,1997,3,14037,15726,-1689
2919,1997,4,14036,11646,2390
2919,1997,5,14044,16846,-2802
2919,1997,6,21023,16786,4237
2919,1997,7,14050,13346,704
2919,1997,8,14053,12546,1507
2919,1997,9,14053,20446,-6393
2919,1997,10,14029,11786,2243
2919,1997,11,14045,7346,6699
2919,1997,12,21057,22366,-1309
2919,1998,1,14038,17426,-3388
2919,1998,2,14048,12246,1802
2919,1998,3,14055,13246,809
2919,1998,4,14057,13766,291
2919,1998,5,14058,14586,-528
2919,1998,6,21049,20146,903
2919,1998,7,14061,12546,1515
2919,1998,8,14062,15346,-1284
2919,1998,9,14044,18326,-4282
2919,1998,10,14036,16746,-2710
2919,1998,11,14038,7346,6692
2919,1998,12,21054,11651,9403
2920,1997,11,200,0,200
2920,1997,12,33123,7000,26123
2920,1998,1,22175,11600,10575
2920,1998,2,22201,18200,4001
2920,1998,3,22200,24700,-2500
2920,1998,4,22188,25808,-3620
2920,1998,5,22167,30848,-8681
2920,1998,6,33176,30008,3168
2920,1998,7,22149,26308,-4159
2920,1998,8,22150,20108,2042
2920,1998,9,22163,21808,355
2920,1998,10,22175,15708,6467
2920,1998,11,22175,27568,-5393
2920,1998,12,33203,28713,4490
2921,1996,9,500,0,500
2921,1996,10,19832,0,19832
2921,1996,11,13797,6900,6897
2921,1996,12,20679,12600,8079
2921,1997,1,13846,15400,-1554
2921,1997,2,13840,15415,-1575
2921,1997,3,13818,22412,-8594
2921,1997,4,13803,17512,-3709
2921,1997,5,13797,9312,4485
2921,1997,6,22988,25912,-2924
2921,1997,7,15609,10312,5297
2921,1997,8,13820,11812,2008
2921,1997,9,13821,15112,-1291
2921,1997,10,13818,13912,-94
2921,1997,11,13810,13812,-2
2921,1997,12,20683,15312,5371
2921,1998,1,13812,21912,-8100
2921,1998,2,19833,6812,13021
2921,1998,3,13841,20712,-6871
2921,1998,4,13845,16612,-2767
2921,1998,5,13806,19912,-6106
2921,1998,6,20671,8512,12159
2921,1998,7,13837,15412,-1575
2921,1998,8,13837,12212,1625
2921,1998,9,13833,15512,-1679
2921,1998,10,13822,16912,-3090
2921,1998,11,13805,17612,-3807
2921,1998,12,20667,16497,4170
2922,1994,6,20828,0,20828
2922,1994,7,36062,11800,24262
2922,1994,8,59450,40173,19277
2922,1994,9,206,31915,-31709
2922,1994,10,66387,21978,44409
2922,1994,11,147,45810,-45663
2922,1994,12,58958,6715,52243
2922,1995,1,210,59415,-59205
2922,1995,2,2913,4728,-1815
2922,1995,3,20111,14777,5334
2922,1995,4,116,1915,-1799
2922,1995,5,109,415,-306
2922,1995,6,107,2315,-2208
2922,1995,7,48959,25015,23944
2922,1995,8,180,28888,-28708
2922,1995,9,19487,12315,7172
2922,1995,10,105,8286,-8181
2922,1995,11,21577,13815,7762
2922,1995,12,102,9015,-8913
2922,1996,1,69,2615,-2546
2922,1996,2,82710,34915,47795
2922,1996,3,61771,50664,11107
2922,1996,4,280,35115,-34835
2922,1996,5,23359,14615,8744
2922,1996,6,78164,91461,-13297
2922,1996,7,100864,46915,53949
2922,1996,8,9516,44515,-34999
2922,1996,9,58044,58215,-171
2922,1996,10,67978,48715,19263
2922,1996,11,69902,97915,-28013
2922,1996,12,21253,36523,-15270
2922,1997,1,36458,15615,20843
2922,1997,2,36084,41415,-5331
2922,1997,3,79354,80215,-861
2922,1997,4,64047,24815,39232
2922,1997,5,77012,101715,-24703
2922,1997,6,62925,57715,5210
2922,1997,7,90019,96515,-6496
2922,1997,8,31343,36415,-5072
2922,1997,9,90494,57915,32579
2922,1997,10,16048,43615,-27567
2922,1997,11,270,20115,-19845
2922,1997,12,17882,21915,-4033
2922,1998,1,21977,27315,-5338
2922,1998,2,109,6015,-5906
2922,1998,3,32241,21715,10526
2922,1998,4,14774,21815,-7041
2922,1998,5,0,15,-15
2922,1998,6,58265,22315,35950
2922,1998,7,183,28915,-28732
2922,1998,8,123,12015,-11892
2922,1998,9,7362,15,7347
2922,1998,10,109,5315,-5206
2922,1998,11,88,1815,-1727
2922,1998,12,0,1600,-1600
2923,1995,1,500,0,500
2923,1995,2,4179,0,4179
2923,1995,3,4179,0,4179
2923,1995,4,4179,0,4179
2923,1995,5,4179,0,4179
2923,1995,6,4231,2801,1430
2923,1995,7,4261,2801,1460
2923,1995,8,4264,4561,-297
2923,1995,9,4255,6501,-2246
2923,1995,10,4252,4961,-709
2923,1995,11,4253,2801,1452
2923,1995,12,4244,8661,-4417
2923,1996,1,4230,7121,-2891
2923,1996,2,4229,2801,1428
2923,1996,3,4235,2801,1434
2923,1996,4,4241,2801,1440
2923,1996,5,4247,2801,1446
2923,1996,6,4243,6511,-2268
2923,1996,7,4243,2801,1442
2923,1996,8,4246,7041,-2795
2923,1996,9,4234,4401,-167
2923,1996,10,4237,2801,1436
2923,1996,11,4243,2801,1442
2923,1996,12,4248,4251,-3
2923,1997,1,4240,6721,-2481
2923,1997,2,4238,2801,1437
2923,1997,3,4244,3761,483
2923,1997,4,4244,3921,323
2923,1997,5,4248,2801,1447
2923,1997,6,4254,2801,1453
2923,1997,7,4260,2801,1459
2923,1997,8,4266,2801,1465
2923,1997,9,4272,2801,1471
2923,1997,10,4275,4961,-686
2923,1997,11,4275,2801,1474
2923,1997,12,4276,5611,-1335
2923,1998,1,4267,9371,-5104
2923,1998,2,4252,3761,491
2923,1998,3,4256,2801,1455
2923,1998,4,4262,3001,1261
2923,1998,5,4264,6401,-2137
2923,1998,6,4259,2801,1458
2923,1998,7,4265,2801,1464
2923,1998,8,4269,4001,268
2923,1998,9,4261,7601,-3340
2923,1998,10,4258,2801,1457
2923,1998,11,4259,5601,-1342
2923,1998,12,4251,7286,-3035
2924,1994,10,700,0,700
2924,1994,11,18281,0,18281
2924,1994,12,15912,5100,10812
2924,1995,1,10672,6900,3772
2924,1995,2,10704,8100,2604
2924,1995,3,10710,12715,-2005
2924,1995,4,10690,6815,3875
2924,1995,5,10704,7915,2789
2924,1995,6,18449,27515,-9066
2924,1995,7,10681,8815,1866
2924,1995,8,10705,615,10090
2924,1995,9,10729,7615,3114
2924,1995,10,10739,8715,2024
2924,1995,11,10741,10615,126
2924,1995,12,16018,11715,4303
2924,1996,1,10731,25115,-14384
2924,1996,2,10715,4715,6000
2924,1996,3,10741,4815,5926
2924,1996,4,10745,12715,-1970
2924,1996,5,10721,14715,-3994
2924,1996,6,16008,11415,4593
2924,1996,7,10752,7815,2937
2924,1996,8,10754,12515,-1761
2924,1996,9,10745,12415,-1670
2924,1996,10,10736,12015,-1279
2924,1996,11,10735,11215,-480
2924,1996,12,16004,11615,4389
2924,1997,1,10708,21415,-10707
2924,1997,2,10711,9515,1196
2924,1997,3,10722,7315,3407
2924,1997,4,10702,17615,-6913
2924,1997,5,10710,6215,4495
2924,1997,6,15967,17515,-1548
2924,1997,7,10709,9215,1494
2924,1997,8,10707,25715,-15008
2924,1997,9,10669,8915,1754
2924,1997,10,10662,8315,2347
2924,1997,11,10672,7215,3457
2924,1997,12,15981,14215,1766
2924,1998,1,10688,18915,-8227
2924,1998,2,10659,7115,3544
2924,1998,3,10685,13415,-2730
2924,1998,4,10662,8315,2347
2924,1998,5,10688,11515,-827
2924,1998,6,15933,23415,-7482
2924,1998,7,10633,16315,-5682
2924,1998,8,10618,11215,-597
2924,1998,9,10612,7915,2697
2924,1998,10,10623,8915,1708
2924,1998,11,10626,13915,-3289
2924,1998,12,15808,0,15808
2925,1993,1,7466,0,7466
2925,1993,2,15616,0,15616
2925,1993,3,6554,1900,4654
2925,1993,4,6578,100,6478
2925,1993,5,6578,14712,-8134
2925,1993,6,9790,4312,5478
2925,1993,7,6554,18312,-11758
2925,1993,8,7638,4312,3326
2925,1993,9,9557,4312,5245
2925,1993,10,6872,4312,2560
2925,1993,11,6576,6312,264
2925,1993,12,9795,12912,-3117
2925,1994,1,6549,14712,-8163
2925,1994,2,10546,4812,5734
2925,1994,3,6556,5512,1044
2925,1994,4,8067,5512,2555
2925,1994,5,7065,8412,-1347
2925,1994,6,12006,4312,7694
2925,1994,7,6585,11212,-4627
2925,1994,8,6580,4812,1768
2925,1994,9,6790,4312,2478
2925,1994,10,6592,7212,-620
2925,1994,11,6582,11312,-4730
2925,1994,12,9802,8712,1090
2925,1995,1,12645,16412,-3767
2925,1995,2,6561,6212,349
2925,1995,3,9066,8012,1054
2925,1995,4,6570,5512,1058
2925,1995,5,6576,4412,2164
2925,1995,6,9812,8912,900
2925,1995,7,6586,7112,-526
2925,1995,8,7385,4312,3073
2925,1995,9,6595,8512,-1917
2925,1995,10,6581,12612,-6031
2925,1995,11,6556,8912,-2356
2925,1995,12,9781,9112,669
2925,1996,1,7144,13512,-6368
2925,1996,2,11432,7312,4120
2925,1996,3,7949,4312,3637
2925,1996,4,6560,6812,-252
2925,1996,5,6558,7812,-1254
2925,1996,6,9780,10512,-732
2925,1996,7,6544,10112,-3568
2925,1996,8,6532,8812,-2280
2925,1996,9,6519,10812,-4293
2925,1996,10,6510,4812,1698
2925,1996,11,6510,9212,-2702
2925,1996,12,9733,6412,3321
2925,1997,1,6516,6412,104
2925,1997,2,6520,4312,2208
2925,1997,3,6529,4312,2217
2925,1997,4,6538,4312,2226
2925,1997,5,6548,4312,2236
2925,1997,6,9757,21012,-11255
2925,1997,7,6510,4312,2198
2925,1997,8,6519,4312,2207
2925,1997,9,6528,4312,2216
2925,1997,10,6524,9712,-3188
2925,1997,11,6520,6512,8
2925,1997,12,9749,7212,2537
2925,1998,1,6525,10212,-3687
2925,1998,2,6518,4312,2206
2925,1998,3,6528,4312,2216
2925,1998,4,6533,6312,221
2925,1998,5,6530,7912,-1382
2925,1998,6,9762,4312,5450
2925,1998,7,6555,4312,2243
2925,1998,8,6564,4312,2252
2925,1998,9,6573,4312,2261
2925,1998,10,6581,8912,-2331
2925,1998,11,6565,7912,-1347
2925,1998,12,9795,5897,3898
2926,1993,1,600,0,600
2926,1993,2,19632,0,19632
2926,1993,3,10681,4900,5781
2926,1993,4,10701,6800,3901
2926,1993,5,10716,7500,3216
2926,1993,6,16025,14830,1195
2926,1993,7,10727,13023,-2296
2926,1993,8,10717,12123,-1406
2926,1993,9,10704,14583,-3879
2926,1993,10,10710,7423,3287
2926,1993,11,10716,8923,1793
2926,1993,12,16010,17323,-1313
2926,1994,1,10686,23703,-13017
2926,1994,2,14991,4023,10968
2926,1994,3,10703,11023,-320
2926,1994,4,10709,9223,1486
2926,1994,5,10711,10423,288
2926,1994,6,19521,15023,4498
2926,1994,7,10737,7423,3314
2926,1994,8,10743,10263,480
2926,1994,9,10736,13603,-2867
2926,1994,10,10728,12243,-1515
2926,1994,11,10737,6323,4414
2926,1994,12,16061,12103,3958
2926,1995,1,10726,22423,-11697
2926,1995,2,10731,4923,5808
2926,1995,3,10733,17223,-6490
2926,1995,4,12133,4023,8110
2926,1995,5,10746,9423,1323
2926,1995,6,16067,6923,9144
2926,1995,7,10772,14223,-3451
2926,1995,8,10766,12663,-1897
2926,1995,9,10768,8123,2645
2926,1995,10,10760,19303,-8543
2926,1995,11,10751,11043,-292
2926,1995,12,16055,17503,-1448
2926,1996,1,20627,22143,-1516
2926,1996,2,13339,7023,6316
2926,1996,3,10763,8003,2760
2926,1996,4,10755,16203,-5448
2926,1996,5,10757,9423,1334
2926,1996,6,16047,18583,-2536
2926,1996,7,10752,10323,429
2926,1996,8,10753,9423,1330
2926,1996,9,10761,8723,2038
2926,1996,10,10766,8623,2143
2926,1996,11,10769,13803,-3034
2926,1996,12,16070,9023,7047
2926,1997,1,10764,24523,-13759
2926,1997,2,10735,7603,3132
2926,1997,3,10752,4523,6229
2926,1997,4,10769,10363,406
2926,1997,5,10774,7423,3351
2926,1997,6,24416,30103,-5687
2926,1997,7,11171,4023,7148
2926,1997,8,10797,5123,5674
2926,1997,9,10811,10623,188
2926,1997,10,10810,12523,-1713
2926,1997,11,10785,16303,-5518
2926,1997,12,16076,18923,-2847
2926,1998,1,10748,20123,-9375
2926,1998,2,14046,4023,10023
2926,1998,3,10767,11583,-816
2926,1998,4,10769,11003,-234
2926,1998,5,10764,11723,-959
2926,1998,6,19223,36583,-17360
2926,1998,7,10697,6523,4174
2926,1998,8,10715,6223,4492
2926,1998,9,10735,5023,5712
2926,1998,10,10751,8523,2228
2926,1998,11,10756,12803,-2047
2926,1998,12,16060,10548,5512
2927,1997,8,300,0,300
2927,1997,9,54460,0,54460
2927,1997,10,228,18200,-17972
2927,1997,11,228,2600,-2372
2927,1997,12,228,6500,-6272
2927,1998,1,4625,0,4625
2927,1998,3,1936,0,1936
2927,1998,4,136,100,36
2927,1998,5,48110,18800,29310
2927,1998,6,35809,25800,10009
2927,1998,7,309,7000,-6691
2927,1998,8,32897,1215,31682
2927,1998,9,14496,57315,-42819
2927,1998,10,10594,22585,-11991
2927,1998,11,46579,26312,20267
2927,1998,12,10189,39250,-29061
2928,1993,12,500,0,500
2928,1994,1,5531,0,5531
2928,1994,2,5531,0,5531
2928,1994,3,5531,0,5531
2928,1994,4,5531,0,5531
2928,1994,5,5601,715,4886
2928,1994,6,5629,11581,-5952
2928,1994,7,5626,3581,2045
2928,1994,8,5634,3581,2053
2928,1994,9,5631,7541,-1910
2928,1994,10,5635,3581,2054
2928,1994,11,5636,8261,-2625
2928,1994,12,5630,4731,899
2928,1995,1,5635,7731,-2096
2928,1995,2,5627,3581,2046
2928,1995,3,5627,9261,-3634
2928,1995,4,5621,3581,2040
2928,1995,5,5629,4781,848
2928,1995,6,5626,15581,-9955
2928,1995,7,5591,3581,2010
2928,1995,8,5600,3581,2019
2928,1995,9,5608,3581,2027
2928,1995,10,5616,4221,1395
2928,1995,11,5621,5981,-360
2928,1995,12,5615,4081,1534
2928,1996,1,5607,8131,-2524
2928,1996,2,5616,3581,2035
2928,1996,3,5625,3581,2044
2928,1996,4,5634,3581,2053
2928,1996,5,5632,5821,-189
2928,1996,6,5641,3581,2060
2928,1996,7,5638,8221,-2583
2928,1996,8,5639,3581,2058
2928,1996,9,5643,3981,1662
2928,1996,10,5655,5421,234
2928,1996,11,5658,3581,2077
2928,1996,12,5658,6611,-953
2928,1997,1,5649,8741,-3092
2928,1997,2,5647,3581,2066
2928,1997,3,5655,4941,714
2928,1997,4,5658,3581,2077
2928,1997,5,5666,4701,965
2928,1997,6,5636,16501,-10865
2928,1997,7,5625,3981,1644
2928,1997,8,5633,3581,2052
2928,1997,9,5641,3581,2060
2928,1997,10,5650,3581,2069
2928,1997,11,5655,7041,-1386
2928,1997,12,5648,7181,-1533
2928,1998,1,5638,6731,-1093
2928,1998,2,5641,3581,2060
2928,1998,3,5648,4981,667
2928,1998,4,5637,11801,-6164
2928,1998,5,5626,4081,1545
2928,1998,6,5631,5181,450
2928,1998,7,5635,3581,2054
2928,1998,8,5637,8501,-2864
2928,1998,9,5631,3581,2050
2928,1998,10,5639,5021,618
2928,1998,11,5639,6441,-802
2928,1998,12,5638,4216,1422
2929,1996,4,400,0,400
2929,1996,5,36696,4600,32096
2929,1996,6,55089,32800,22289
2929,1996,7,36817,35000,1817
2929,1996,8,36896,15700,21196
2929,1996,9,36918,37630,-712
2929,1996,10,36913,37930,-1017
2929,1996,11,36888,41281,-4393
2929,1996,12,55167,60630,-5463
2929,1997,1,36804,73578,-36774
2929,1997,2,36773,21330,15443
2929,1997,3,36780,53705,-16925
2929,1997,4,38001,17268,20733
2929,1997,5,36833,41730,-4897
2929,1997,6,55140,59100,-3960
2929,1997,7,36813,27830,8983
2929,1997,8,36819,47666,-10847
2929,1997,9,36804,22730,14074
2929,1997,10,36866,31930,4936
2929,1997,11,36878,29230,7648
2929,1997,12,55145,67868,-12723
2929,1998,1,43600,59130,-15530
2929,1998,2,38973,24222,14751
2929,1998,3,36853,28630,8223
2929,1998,4,36885,28930,7955
2929,1998,5,36912,35930,982
2929,1998,6,55217,63230,-8013
2929,1998,7,36886,28630,8256
2929,1998,8,36914,31930,4984
2929,1998,9,36919,46748,-9829
2929,1998,10,36897,27130,9767
2929,1998,11,36867,49030,-12163
2929,1998,12,55184,46330,8854
2930,1996,8,900,0,900
2930,1996,9,46175,9700,36475
2930,1996,10,6583,8200,-1617
2930,1996,11,53382,30900,22482
2930,1996,12,27920,34147,-6227
2930,1997,1,8555,30347,-21792
2930,1997,2,58738,31347,27391
2930,1997,3,42453,30660,11793
2930,1997,4,57948,76647,-18699
2930,1997,5,36702,28147,8555
2930,1997,6,59077,27447,31630
2930,1997,7,40037,92067,-52030
2930,1997,8,15631,20447,-4816
2930,1997,9,75392,37547,37845
2930,1997,10,16797,25247,-8450
2930,1997,11,53882,80347,-26465
2930,1997,12,93049,57247,35802
2930,1998,1,107589,76800,30789
2930,1998,2,56879,127548,-70669
2930,1998,3,66607,12047,54560
2930,1998,4,3196,26447,-23251
2930,1998,5,53313,12047,41266
2930,1998,6,335,52380,-52045
2930,1998,7,38403,28958,9445
2930,1998,8,40880,25747,15133
2930,1998,9,38650,34236,4414
2930,1998,10,46752,71347,-24595
2930,1998,11,60225,49247,10978
2930,1998,12,30880,13832,17048
2931,1995,5,4839,0,4839
2931,1995,6,4346,0,4346
2931,1995,7,4346,0,4346
2931,1995,8,4346,0,4346
2931,1995,9,4349,15,4334
2931,1995,10,4418,4579,-161
2931,1995,11,4422,2899,1523
2931,1995,12,4426,3799,627
2931,1996,1,4403,12179,-7776
2931,1996,2,4398,2899,1499
2931,1996,3,4405,2899,1506
2931,1996,4,4411,2899,1512
2931,1996,5,4410,4819,-409
2931,1996,6,4415,2899,1516
2931,1996,7,4413,4739,-326
2931,1996,8,4405,6739,-2334
2931,1996,9,4407,6979,-2572
2931,1996,10,4403,2899,1504
2931,1996,11,4406,2899,1507
2931,1996,12,4409,5099,-690
2931,1997,1,4383,9789,-5406
2931,1997,2,4387,2899,1488
2931,1997,3,4389,5619,-1230
2931,1997,4,4388,2899,1489
2931,1997,5,4389,3779,610
2931,1997,6,4397,2899,1498
2931,1997,7,4403,2899,1504
2931,1997,8,4409,2899,1510
2931,1997,9,4415,2899,1516
2931,1997,10,4414,7939,-3525
2931,1997,11,4405,6419,-2014
2931,1997,12,4393,4919,-526
2931,1998,1,4389,5299,-910
2931,1998,2,4392,2899,1493
2931,1998,3,4399,2899,1500
2931,1998,4,4405,2899,1506
2931,1998,5,4411,3459,952
2931,1998,6,4415,2899,1516
2931,1998,7,4421,2899,1522
2931,1998,8,4425,5139,-714
2931,1998,9,4425,2899,1526
2931,1998,10,4425,4499,-74
2931,1998,11,4430,2899,1531
2931,1998,12,4434,3984,450
2932,1993,5,23229,0,23229
2932,1993,6,49902,0,49902
2932,1993,7,87870,83615,4255
2932,1993,8,16765,42684,-25919
2932,1993,9,112792,76372,36420
2932,1993,10,134599,183271,-48672
2932,1993,11,928,13897,-12969
2932,1993,12,109666,91972,17694
2932,1994,1,36472,48548,-12076
2932,1994,2,51150,36072,15078
2932,1994,3,46168,37072,9096
2932,1994,4,95315,92272,3043
2932,1994,5,179,27572,-27393
2932,1994,6,35659,20772,14887
2932,1994,7,43394,39772,3622
2932,1994,8,26442,28172,-1730
2932,1994,9,69937,55341,14596
2932,1994,10,162242,135472,26770
2932,1994,11,103385,137244,-33859
2932,1994,12,77332,77672,-340
2932,1995,1,43897,66672,-22775
2932,1995,2,123,5672,-5549
2932,1995,3,4404,4972,-568
2932,1995,4,2700,4972,-2272
2932,1995,5,4793,4972,-179
2932,1995,6,17786,8472,9314
2932,1995,7,30472,8208,22264
2932,1995,8,203,16272,-16069
2932,1995,9,47185,32072,15113
2932,1995,10,183,28161,-27978
2932,1995,11,3703,4972,-1269
2932,1995,12,5501,4972,529
2932,1996,1,166110,97372,68738
2932,1996,2,21342,42912,-21570
2932,1996,3,91076,99072,-7996
2932,1996,4,210,25816,-25606
2932,1996,5,46483,5272,41211
2932,1996,6,274,29572,-29298
2932,1996,7,54603,40472,14131
2932,1996,8,35095,21111,13984
2932,1996,9,79019,81772,-2753
2932,1996,10,188126,182572,5554
2932,1996,11,39813,62072,-22259
2932,1996,12,146690,100872,45818
2932,1997,1,275,67272,-66997
2932,1997,2,3957,4972,-1015
2932,1997,3,2431,12832,-10401
2932,1997,4,8017,7023,994
2932,1997,5,36767,4972,31795
2932,1997,6,48856,72072,-23216
2932,1997,7,11284,4972,6312
2932,1997,8,7725,22150,-14425
2932,1997,9,32369,4972,27397
2932,1997,10,189,14572,-14383
2932,1997,11,56904,17572,39332
2932,1997,12,231,40872,-40641
2932,1998,1,20689,30872,-10183
2932,1998,2,52387,4972,47415
2932,1998,3,221,46590,-46369
2932,1998,4,22133,10472,11661
2932,1998,5,147,8872,-8725
2932,1998,6,119,6172,-6053
2932,1998,7,37798,10272,27526
2932,1998,8,61978,41119,20859
2932,1998,9,58366,59270,-904
2932,1998,10,31623,41166,-9543
2932,1998,11,161,31870,-31709
2932,1998,12,13533,14457,-924
2933,1993,6,23913,0,23913
2933,1993,7,42309,21200,21109
2933,1993,8,46164,74078,-27914
2933,1993,9,5771,5922,-151
2933,1993,10,61821,46913,14908
2933,1993,11,161410,146322,15088
2933,1993,12,30226,23331,6895
2933,1994,1,129,32522,-32393
2933,1994,2,10704,5922,4782
2933,1994,3,57142,34622,22520
2933,1994,4,174,16722,-16548
2933,1994,5,28059,30150,-2091
2933,1994,6,5711,10464,-4753
2933,1994,7,11405,10464,941
2933,1994,8,9016,10464,-1448
2933,1994,9,34294,10464,23830
2933,1994,10,142,20221,-20079
2933,1994,11,54303,21564,32739
2933,1994,12,14407,31764,-17357
2933,1995,1,3414,25464,-22050
2933,1995,2,7583,10464,-2881
2933,1995,3,21165,10464,10701
2933,1995,4,3502,10464,-6962
2933,1995,5,48206,25664,22542
2933,1995,6,147,13064,-12917
2933,1995,7,3512,10464,-6952
2933,1995,8,5092,10464,-5372
2933,1995,9,18556,10464,8092
2933,1995,10,5601,10464,-4863
2933,1995,11,6584,10464,-3880
2933,1995,12,9878,10464,-586
2933,1996,1,6966,10464,-3498
2933,1996,2,12570,10464,2106
2933,1996,3,76533,27209,49324
2933,1996,4,125202,87564,37638
2933,1996,5,53445,47064,6381
2933,1996,6,273,70064,-69791
2933,1996,7,132,10964,-10832
2933,1996,8,7694,10464,-2770
2933,1996,9,93830,49064,44766
2933,1996,10,23704,39364,-15660
2933,1996,11,46912,52064,-5152
2933,1996,12,138723,121664,17059
2933,1997,1,186,38364,-38178
2933,1997,2,107008,79961,27047
2933,1997,3,154,24964,-24810
2933,1997,4,77766,38864,38902
2933,1997,5,45797,50464,-4667
2933,1997,6,130065,119164,10901
2933,1997,7,212,41974,-41762
2933,1997,8,112,13064,-12952
2933,1997,9,16146,14364,1782
2933,1997,10,187319,160864,26455
2933,1997,11,153,23939,-23786
2933,1997,12,8605,10464,-1859
2933,1998,1,136897,126426,10471
2933,1998,2,22325,10464,11861
2933,1998,3,81555,68033,13522
2933,1998,4,22275,40964,-18689
2933,1998,5,33244,41870,-8626
2933,1998,6,65927,55464,10463
2933,1998,7,72249,69324,2925
2933,1998,8,48529,55127,-6598
2933,1998,9,88716,23664,65052
2933,1998,10,63003,81564,-18561
2933,1998,11,280,44764,-44484
2933,1998,12,132,11949,-11817
2934,1996,10,6579,0,6579
2934,1996,11,49293,13200,36093
2934,1996,12,177,8000,-7823
2934,1997,1,41280,2415,38865
2934,1997,2,19621,28915,-9294
2934,1997,3,267,13715,-13448
2934,1997,4,212,3515,-3303
2934,1997,5,82478,42215,40263
2934,1997,6,291,23715,-23424
2934,1997,7,267,9615,-9348
2934,1997,8,71941,67915,4026
2934,1997,9,244,12715,-12471
2934,1997,10,6962,9315,-2353
2934,1997,11,104616,56715,47901
2934,1997,12,88492,107115,-18623
2934,1998,1,78305,95515,-17210
2934,1998,2,230,26580,-26350
2934,1998,3,54715,22822,31893
2934,1998,4,56138,50716,5422
2934,1998,5,34349,34815,-466
2934,1998,6,21911,47803,-25892
2934,1998,7,35334,34763,571
2934,1998,8,28789,38913,-10124
2934,1998,9,26331,22826,3505
2934,1998,10,88425,44715,43710
2934,1998,11,52501,67708,-15207
2934,1998,12,49175,28100,21075
2935,1995,5,200,0,200
2935,1995,6,3150,0,3150
2935,1995,7,3150,0,3150
2935,1995,8,3150,0,3150
2935,1995,9,3150,0,3150
2935,1995,10,3190,2355,835
2935,1995,11,3215,2115,1100
2935,1995,12,3216,3225,-9
2935,1996,1,3209,5535,-2326
2935,1996,2,3204,2115,1089
2935,1996,3,3209,3465,-256
2935,1996,4,3208,2115,1093
2935,1996,5,3217,2835,382
2935,1996,6,3217,3615,-398
2935,1996,7,3212,2115,1097
2935,1996,8,3214,3375,-161
2935,1996,9,3216,2115,1101
2935,1996,10,3219,2775,444
2935,1996,11,3223,2115,1108
2935,1996,12,3227,2355,872
2935,1997,1,3218,7395,-4177
2935,1997,2,3213,2115,1098
2935,1997,3,3218,2115,1103
2935,1997,4,3224,3465,-241
2935,1997,5,3222,2115,1107
2935,1997,6,3220,6405,-3185
2935,1997,7,3218,2115,1103
2935,1997,8,3223,2115,1108
2935,1997,9,3224,3555,-331
2935,1997,10,3225,2475,750
2935,1997,11,3229,2115,1114
2935,1997,12,3232,2685,547
2935,1998,1,3214,7545,-4331
2935,1998,2,3212,2115,1097
2935,1998,3,3223,2115,1108
2935,1998,4,3221,2475,746
2935,1998,5,3223,2865,358
2935,1998,6,3231,4635,-1404
2935,1998,7,3220,2115,1105
2935,1998,8,3221,4125,-904
2935,1998,9,3221,2115,1106
2935,1998,10,3224,2925,299
2935,1998,11,3227,2115,1112
2935,1998,12,3231,2760,471
2936,1996,3,200,0,200
2936,1996,4,15082,0,15082
2936,1996,5,6437,3000,3437
2936,1996,6,9639,3500,6139
2936,1996,7,6478,2900,3578
2936,1996,8,6483,9162,-2679
2936,1996,9,7579,14562,-6983
2936,1996,10,12329,18562,-6233
2936,1996,11,15120,13362,1758
2936,1996,12,11621,11262,359
2936,1997,1,10324,11562,-1238
2936,1997,2,6407,14522,-8115
2936,1997,3,15410,4262,11148
2936,1997,4,14642,11262,3380
2936,1997,5,15568,15362,206
2936,1997,6,16547,11862,4685
2936,1997,7,14074,10762,3312
2936,1997,8,10474,14462,-3988
2936,1997,9,11665,11762,-97
2936,1997,10,13863,14662,-799
2936,1997,11,16367,17162,-795
2936,1997,12,21171,12862,8309
2936,1998,1,13771,22222,-8451
2936,1998,2,20175,12662,7513
2936,1998,3,14893,12662,2231
2936,1998,4,14188,21542,-7354
2936,1998,5,20384,12662,7722
2936,1998,6,16295,12662,3633
2936,1998,7,21020,18302,2718
2936,1998,8,16434,14342,2092
2936,1998,9,18862,12662,6200
2936,1998,10,11159,12662,-1503
2936,1998,11,13760,12662,1098
2936,1998,12,14047,15367,-1320
2937,1997,2,800,0,800
2937,1997,3,4845,0,4845
2937,1997,4,4845,0,4845
2937,1997,5,4845,0,4845
2937,1997,6,4845,0,4845
2937,1997,7,4899,6075,-1176
2937,1997,8,4924,7445,-2521
2937,1997,9,4914,6445,-1531
2937,1997,10,4908,6245,-1337
2937,1997,11,4906,3245,1661
2937,1997,12,4903,7815,-2912
2937,1998,1,4899,3965,934
2937,1998,2,4903,4045,858
2937,1998,3,4903,6745,-1842
2937,1998,4,4900,3245,1655
2937,1998,5,4900,7605,-2705
2937,1998,6,4896,3245,1651
2937,1998,7,4899,5945,-1046
2937,1998,8,4899,3245,1654
2937,1998,9,4899,6545,-1646
2937,1998,10,4899,3245,1654
2937,1998,11,4896,7845,-2949
2937,1998,12,4893,3230,1663
2938,1993,8,63452,0,63452
2938,1993,9,10211,17100,-6889
2938,1993,10,40775,14915,25860
2938,1993,11,188,52957,-52769
2938,1993,12,5091,13057,-7966
2938,1994,1,28499,25457,3042
2938,1994,2,17784,22801,-5017
2938,1994,3,121845,50757,71088
2938,1994,4,32538,59957,-27419
2938,1994,5,126647,140956,-14309
2938,1994,6,11299,33557,-22258
2938,1994,7,72999,48724,24275
2938,1994,8,42505,60386,-17881
2938,1994,9,100847,81757,19090
2938,1994,10,54912,29957,24955
2938,1994,11,84628,73583,11045
2938,1994,12,137749,162064,-24315
2938,1995,1,40840,51290,-10450
2938,1995,2,63622,38457,25165
2938,1995,3,122407,113057,9350
2938,1995,4,313,33857,-33544
2938,1995,5,32936,43257,-10321
2938,1995,6,92608,93957,-1349
2938,1995,7,73132,37557,35575
2938,1995,8,268,41857,-41589
2938,1995,9,6074,12657,-6583
2938,1995,10,101134,78457,22677
2938,1995,11,81717,44557,37160
2938,1995,12,42036,91757,-49721
2938,1996,1,127,12757,-12630
2938,1996,2,5489,11057,-5568
2938,1996,3,12676,11057,1619
2938,1996,4,45364,37590,7774
2938,1996,5,22056,28851,-6795
2938,1996,6,11784,11057,727
2938,1996,7,12088,11057,1031
2938,1996,8,13196,11057,2139
2938,1996,9,11903,12857,-954
2938,1996,10,11298,11057,241
2938,1996,11,76699,42873,33826
2938,1996,12,31737,54141,-22404
2938,1997,1,61120,36157,24963
2938,1997,2,43308,28022,15286
2938,1997,3,54432,86964,-32532
2938,1997,4,151,13257,-13106
2938,1997,5,6014,11057,-5043
2938,1997,6,48410,20657,27753
2938,1997,7,37712,42006,-4294
2938,1997,8,47271,19002,28269
2938,1997,9,60854,67976,-7122
2938,1997,10,76799,48257,28542
2938,1997,11,291,49389,-49098
2938,1997,12,74364,27554,46810
2938,1998,1,92157,90657,1500
2938,1998,2,33914,33307,607
2938,1998,3,86948,97357,-10409
2938,1998,4,148891,142757,6134
2938,1998,5,309,30157,-29848
2938,1998,6,22982,28545,-5563
2938,1998,7,99291,100310,-1019
2938,1998,8,74238,90910,-16672
2938,1998,9,161412,95270,66142
2938,1998,10,420,37357,-36937
2938,1998,11,43205,28257,14948
2938,1998,12,248,38742,-38494
2939,1997,6,200,0,200
2939,1997,7,5680,0,5680
2939,1997,8,5680,0,5680
2939,1997,9,5680,0,5680
2939,1997,10,5680,0,5680
2939,1997,11,5701,3515,2186
2939,1997,12,5786,8897,-3111
2939,1998,1,5779,5297,482
2939,1998,2,5780,5997,-217
2939,1998,3,5778,6997,-1219
2939,1998,4,5777,2897,2880
2939,1998,5,5787,3297,2490
2939,1998,6,5791,9017,-3226
2939,1998,7,5783,8377,-2594
2939,1998,8,5767,8897,-3130
2939,1998,9,5756,4997,759
2939,1998,10,5753,8137,-2384
2939,1998,11,5755,2897,2858
2939,1998,12,5766,3682,2084
2940,1993,6,24126,0,24126
2940,1993,7,62181,13415,48766
2940,1993,8,271,26771,-26500
2940,1993,9,7974,27240,-19266
2940,1993,10,97310,39471,57839
2940,1993,11,47630,86171,-38541
2940,1993,12,28652,33971,-5319
2940,1994,1,1702,22650,-20948
2940,1994,2,4079,7171,-3092
2940,1994,3,6069,7171,-1102
2940,1994,4,10171,7171,3000
2940,1994,5,57127,7171,49956
2940,1994,6,200,32449,-32249
2940,1994,7,136,8671,-8535
2940,1994,8,10357,11371,-1014
2940,1994,9,4882,11222,-6340
2940,1994,10,7988,7171,817
2940,1994,11,6388,7171,-783
2940,1994,12,5783,7171,-1388
2940,1995,1,7982,7171,811
2940,1995,2,6983,7171,-188
2940,1995,3,38065,7171,30894
2940,1995,4,175,16571,-16396
2940,1995,5,28861,11371,17490
2940,1995,6,3894,33273,-29379
2940,1995,7,1480,7171,-5691
2940,1995,8,26549,15571,10978
2940,1995,9,76875,28671,48204
2940,1995,10,233,31171,-30938
2940,1995,11,142,16271,-16129
2940,1995,12,25583,8671,16912
2940,1996,1,37453,60271,-22818
2940,1996,2,29787,7171,22616
2940,1996,3,31131,32771,-1640
2940,1996,4,132,16471,-16339
2940,1996,5,79,11371,-11292
2940,1996,6,92554,51271,41283
2940,1996,7,93995,49334,44661
2940,1996,8,75656,115515,-39859
2940,1996,9,37096,24171,12925
2940,1996,10,33594,45371,-11777
2940,1996,11,46643,24171,22472
2940,1996,12,170831,175571,-4740
2940,1997,1,137,57071,-56934
2940,1997,2,66,9471,-9405
2940,1997,3,33476,16771,16705
2940,1997,4,99,8471,-8372
2940,1997,5,68,7471,-7403
2940,1997,6,6261,7171,-910
2940,1997,7,2242,7171,-4929
2940,1997,8,6336,7171,-835
2940,1997,9,9544,7171,2373
2940,1997,10,35538,11071,24467
2940,1997,11,1847,7171,-5324
2940,1997,12,21459,21571,-112
2940,1998,1,7225,7171,54
2940,1998,2,10325,7171,3154
2940,1998,3,32142,31624,518
2940,1998,4,17589,17313,276
2940,1998,5,12443,7171,5272
2940,1998,6,11526,16471,-4945
2940,1998,7,11844,7171,4673
2940,1998,8,15630,25347,-9717
2940,1998,9,16527,7171,9356
2940,1998,10,15331,11701,3630
2940,1998,11,14151,10476,3675
2940,1998,12,181,8956,-8775
2942,1997,9,1100,0,1100
2942,1997,10,14802,0,14802
2942,1997,11,11264,0,11264
2942,1997,12,8050,200,7850
2942,1998,1,5434,3100,2334
2942,1998,2,5445,1215,4230
2942,1998,3,6363,3538,2825
2942,1998,4,5975,3538,2437
2942,1998,5,5474,12218,-6744
2942,1998,6,8095,10298,-2203
2942,1998,7,5439,5698,-259
2942,1998,8,5437,7958,-2521
2942,1998,9,5432,6858,-1426
2942,1998,10,12328,8218,4110
2942,1998,11,9053,3538,5515
2942,1998,12,8119,3523,4596
2944,1996,1,6763,0,6763
2944,1996,2,14109,0,14109
2944,1996,3,9156,0,9156
2944,1996,4,5876,3900,1976
2944,1996,5,5883,5455,428
2944,1996,6,8720,21054,-12334
2944,1996,7,9544,3614,5930
2944,1996,8,6562,3614,2948
2944,1996,9,5846,10614,-4768
2944,1996,10,5844,5314,530
2944,1996,11,5832,12174,-6342
2944,1996,12,8699,11774,-3075
2944,1997,1,11210,12974,-1764
2944,1997,2,6909,3614,3295
2944,1997,3,6220,3614,2606
2944,1997,4,5825,5014,811
2944,1997,5,8123,8654,-531
2944,1997,6,10216,3614,6602
2944,1997,7,6059,3614,2445
2944,1997,8,5853,12154,-6301
2944,1997,9,5945,3614,2331
2944,1997,10,9766,3614,6152
2944,1997,11,6279,10454,-4175
2944,1997,12,15159,4734,10425
2944,1998,1,17884,18014,-130
2944,1998,2,5903,3614,2289
2944,1998,3,7117,6414,703
2944,1998,4,10119,3614,6505
2944,1998,5,5942,6014,-72
2944,1998,6,28791,41214,-12423
2944,1998,7,10292,3614,6678
2944,1998,8,9320,3614,5706
2944,1998,9,5937,10834,-4897
2944,1998,10,10625,3614,7011
2944,1998,11,5950,3714,2236
2944,1998,12,8833,13199,-4366
2945,1996,7,300,0,300
2945,1996,8,5959,0,5959
2945,1996,9,5959,0,5959
2945,1996,10,5959,0,5959
2945,1996,11,6022,1300,4722
2945,1996,12,6054,6269,-215
2945,1997,1,6034,15979,-9945
2945,1997,2,6023,1969,4054
2945,1997,3,6027,6069,-42
2945,1997,4,6035,3769,2266
2945,1997,5,6044,3869,2175
2945,1997,6,6053,4169,1884
2945,1997,7,6052,7269,-1217
2945,1997,8,6039,10169,-4130
2945,1997,9,6029,7569,-1540
2945,1997,10,6037,1869,4168
2945,1997,11,6037,8669,-2632
2945,1997,12,6027,8219,-2192
2945,1998,1,6016,9149,-3133
2945,1998,2,6021,1869,4152
2945,1998,3,6037,2869,3168
2945,1998,4,6042,5769,273
2945,1998,5,6039,7269,-1230
2945,1998,6,6030,8569,-2539
2945,1998,7,6025,8089,-2064
2945,1998,8,6028,3969,2059
2945,1998,9,6036,6069,-33
2945,1998,10,6035,7869,-1834
2945,1998,11,6028,5969,59
2945,1998,12,6022,6274,-252
2946,1996,5,5120,0,5120
2946,1996,6,4029,0,4029
2946,1996,7,4029,0,4029
2946,1996,8,4029,0,4029
2946,1996,9,4032,15,4017
2946,1996,10,4091,4587,-496
2946,1996,11,4092,5807,-1715
2946,1996,12,4090,3637,453
2946,1997,1,4076,8607,-4531
2946,1997,2,4073,2687,1386
2946,1997,3,4079,2687,1392
2946,1997,4,4080,5187,-1107
2946,1997,5,4080,3167,913
2946,1997,6,4084,2687,1397
2946,1997,7,4084,3787,297
2946,1997,8,4079,6287,-2208
2946,1997,9,4081,5287,-1206
2946,1997,10,4073,5767,-1694
2946,1997,11,4070,3487,583
2946,1997,12,4072,3987,85
2946,1998,1,4066,5567,-1501
2946,1998,2,4066,2687,1379
2946,1998,3,4072,2687,1385
2946,1998,4,4077,4887,-810
2946,1998,5,4072,4767,-695
2946,1998,6,4068,7087,-3019
2946,1998,7,4059,2687,1372
2946,1998,8,4065,2687,1378
2946,1998,9,4070,2687,1383
2946,1998,10,4072,6787,-2715
2946,1998,11,4065,2687,1378
2946,1998,12,4069,3272,797
2947,1996,8,6213,0,6213
2947,1996,9,5222,0,5222
2947,1996,10,5222,0,5222
2947,1996,11,5222,0,5222
2947,1996,12,5270,2243,3027
2947,1997,1,5282,13913,-8631
2947,1997,2,5271,2243,3028
2947,1997,3,5284,2243,3041
2947,1997,4,5297,2243,3054
2947,1997,5,5302,5343,-41
2947,1997,6,5289,8503,-3214
2947,1997,7,5284,5963,-679
2947,1997,8,5291,3243,2048
2947,1997,9,5301,2243,3058
2947,1997,10,5306,5683,-377
2947,1997,11,5313,2243,3070
2947,1997,12,5324,2993,2331
2947,1998,1,5304,14683,-9379
2947,1998,2,5281,8803,-3522
2947,1998,3,5280,4723,557
2947,1998,4,5283,2243,3040
2947,1998,5,5293,8823,-3530
2947,1998,6,5280,5143,137
2947,1998,7,5282,2243,3039
2947,1998,8,5295,2243,3052
2947,1998,9,5307,2243,3064
2947,1998,10,5319,4043,1276
2947,1998,11,5323,4283,1040
2947,1998,12,5325,7678,-2353
2949,1994,10,400,0,400
2949,1994,11,6410,0,6410
2949,1994,12,6410,0,6410
2949,1995,1,6410,0,6410
2949,1995,2,6410,0,6410
2949,1995,3,6491,5883,608
2949,1995,4,6530,3966,2564
2949,1995,5,6533,8266,-1733
2949,1995,6,6524,10646,-4122
2949,1995,7,6514,5166,1348
2949,1995,8,6509,8926,-2417
2949,1995,9,6507,6366,141
2949,1995,10,6495,9786,-3291
2949,1995,11,6496,5166,1330
2949,1995,12,6494,10616,-4122
2949,1996,1,6475,8556,-2081
2949,1996,2,6485,2066,4419
2949,1996,3,6487,7266,-779
2949,1996,4,6493,5006,1487
2949,1996,5,6503,2066,4437
2949,1996,6,6496,16066,-9570
2949,1996,7,6482,2066,4416
2949,1996,8,6499,5366,1133
2949,1996,9,6508,2066,4442
2949,1996,10,6512,5866,646
2949,1996,11,6529,2066,4463
2949,1996,12,6535,7416,-881
2949,1997,1,6522,15196,-8674
2949,1997,2,6501,3746,2755
2949,1997,3,6510,5366,1144
2949,1997,4,6508,7186,-678
2949,1997,5,6516,2466,4050
2949,1997,6,6493,18216,-11723
2949,1997,7,6482,3106,3376
2949,1997,8,6500,2066,4434
2949,1997,9,6516,2566,3950
2949,1997,10,6522,5766,756
2949,1997,11,6529,4666,1863
2949,1997,12,6540,3866,2674
2949,1998,1,6502,19716,-13214
2949,1998,2,6494,5106,1388
2949,1998,3,6500,4966,1534
2949,1998,4,6495,9646,-3151
2949,1998,5,6498,2566,3932
2949,1998,6,6494,12466,-5972
2949,1998,7,6486,3766,2720
2949,1998,8,6503,5066,1437
2949,1998,9,6512,9366,-2854
2949,1998,10,6499,8566,-2067
2949,1998,11,6488,2066,4422
2949,1998,12,6492,11531,-5039
2950,1996,6,1000,0,1000
2950,1996,7,20200,0,20200
2950,1996,8,19983,11000,8983
2950,1996,9,20019,13300,6719
2950,1996,10,20046,15100,4946
2950,1996,11,20084,23168,-3084
2950,1996,12,30050,25208,4842
2950,1997,1,20079,36888,-16809
2950,1997,2,20025,17268,2757
2950,1997,3,20040,13868,6172
2950,1997,4,20061,18668,1393
2950,1997,5,20064,21068,-1004
2950,1997,6,34818,53788,-18970
2950,1997,7,19990,11368,8622
2950,1997,8,20023,13568,6455
2950,1997,9,20045,16568,3477
2950,1997,10,20064,17728,2336
2950,1997,11,20060,21588,-1528
2950,1997,12,30031,23208,6823
2950,1998,1,20051,30428,-10377
2950,1998,2,20043,17668,2375
2950,1998,3,20050,20568,-518
2950,1998,4,20050,21148,-1098
2950,1998,5,20056,12368,7688
2950,1998,6,30026,41048,-11022
2950,1998,7,20023,24048,-4025
2950,1998,8,20015,16868,3147
2950,1998,9,20034,13268,6766
2950,1998,10,20049,19568,481
2950,1998,11,20051,18868,1183
2950,1998,12,30048,11053,18995
2951,1993,9,11943,0,11943
2951,1993,10,19416,0,19416
2951,1993,11,11861,4000,7861
2951,1993,12,17749,9500,8249
2951,1994,1,11890,23188,-11298
2951,1994,2,11859,10330,1529
2951,1994,3,11874,8210,3664
2951,1994,4,11880,10430,1450
2951,1994,5,11873,15270,-3397
2951,1994,6,17728,17070,658
2951,1994,7,11868,12330,-462
2951,1994,8,11872,10630,1242
2951,1994,9,11885,8430,3455
2951,1994,10,11882,19130,-7248
2951,1994,11,11888,12430,-542
2951,1994,12,17746,17010,736
2951,1995,1,11860,16810,-4950
2951,1995,2,11868,7430,4438
2951,1995,3,11886,9530,2356
2951,1995,4,11890,14110,-2220
2951,1995,5,11884,13730,-1846
2951,1995,6,17747,13830,3917
2951,1995,7,11881,14150,-2269
2951,1995,8,11883,9630,2253
2951,1995,9,11880,14190,-2310
2951,1995,10,11881,9730,2151
2951,1995,11,11889,11630,259
2951,1995,12,17754,14310,3444
2951,1996,1,11875,20010,-8135
2951,1996,2,11869,10330,1539
2951,1996,3,11876,10230,1646
2951,1996,4,11876,11730,146
2951,1996,5,11884,8230,3654
2951,1996,6,17759,17270,489
2951,1996,7,11891,13110,-1219
2951,1996,8,11887,10390,1497
2951,1996,9,11903,7470,4433
2951,1996,10,11921,6830,5091
2951,1996,11,11939,8530,3409
2951,1996,12,17815,17950,-135
2951,1997,1,11920,20310,-8390
2951,1997,2,11918,7330,4588
2951,1997,3,11936,8230,3706
2951,1997,4,11952,8130,3822
2951,1997,5,11961,11430,531
2951,1997,6,17830,13530,4300
2951,1997,7,11985,8930,3055
2951,1997,8,11979,15850,-3871
2951,1997,9,11978,9530,2448
2951,1997,10,11985,11230,755
2951,1997,11,11982,12830,-848
2951,1997,12,17829,21330,-3501
2951,1998,1,11941,23870,-11929
2951,1998,2,11931,5330,6601
2951,1998,3,11945,12470,-525
2951,1998,4,11961,13530,-1569
2951,1998,5,11954,13430,-1476
2951,1998,6,17788,15630,2158
2951,1998,7,11919,17530,-5611
2951,1998,8,11901,14830,-2929
2951,1998,9,11885,21150,-9265
2951,1998,10,11859,11330,529
2951,1998,11,11845,16230,-4385
2951,1998,12,17687,22295,-4608
2952,1997,4,900,0,900
2952,1997,5,4833,0,4833
2952,1997,6,4833,0,4833
2952,1997,7,4833,0,4833
2952,1997,8,4833,0,4833
2952,1997,9,4901,1644,3257
2952,1997,10,4938,3494,1444
2952,1997,11,4942,5674,-732
2952,1997,12,4937,7594,-2657
2952,1998,1,4910,10964,-6054
2952,1998,2,4905,3674,1231
2952,1998,3,4907,6194,-1287
2952,1998,4,4896,6874,-1978
2952,1998,5,4888,6114,-1226
2952,1998,6,4891,3494,1397
2952,1998,7,4897,3294,1603
2952,1998,8,4896,8494,-3598
2952,1998,9,4886,5094,-208
2952,1998,10,4889,2394,2495
2952,1998,11,4895,5094,-199
2952,1998,12,4896,3689,1207
2953,1996,9,6064,0,6064
2953,1996,10,13215,0,13215
2953,1996,11,9556,0,9556
2953,1996,12,7853,3100,4753
2953,1997,1,10369,16943,-6574
2953,1997,2,5241,14543,-9302
2953,1997,3,16162,3443,12719
2953,1997,4,10876,3443,7433
2953,1997,5,7307,3443,3864
2953,1997,6,14459,18943,-4484
2953,1997,7,9003,4743,4260
2953,1997,8,9216,7943,1273
2953,1997,9,5326,5543,-217
2953,1997,10,5325,4543,782
2953,1997,11,8832,3443,5389
2953,1997,12,8024,5943,2081
2953,1998,1,14230,16543,-2313
2953,1998,2,8953,3443,5510
2953,1998,3,5371,6143,-772
2953,1998,4,6471,3443,3028
2953,1998,5,5382,4643,739
2953,1998,6,10638,12043,-1405
2953,1998,7,5378,5143,235
2953,1998,8,5377,6443,-1066
2953,1998,9,5368,9943,-4575
2953,1998,10,5350,9043,-3693
2953,1998,11,5336,6243,-907
2953,1998,12,7909,6128,1781
2954,1997,4,24558,0,24558
2954,1997,5,23954,2200,21754
2954,1997,6,35954,9600,26354
2954,1997,7,24112,18700,5412
2954,1997,8,24118,25315,-1197
2954,1997,9,24068,31321,-7253
2954,1997,10,24045,29421,-5376
2954,1997,11,24012,35721,-11709
2954,1997,12,35918,24121,11797
2954,1998,1,23997,39021,-15024
2954,1998,2,23995,19521,4474
2954,1998,3,24016,18921,5095
2954,1998,4,24031,23321,710
2954,1998,5,24021,23121,900
2954,1998,6,35938,32021,3917
2954,1998,7,24052,21121,2931
2954,1998,8,24038,40321,-16283
2954,1998,9,24047,19521,4526
2954,1998,10,24065,19821,4244
2954,1998,11,24080,23321,759
2954,1998,12,36005,9806,26199
2955,1996,9,900,0,900
2955,1996,10,5079,0,5079
2955,1996,11,5079,0,5079
2955,1996,12,5079,0,5079
2955,1997,1,5079,0,5079
2955,1997,2,5134,3401,1733
2955,1997,3,5173,6521,-1348
2955,1997,4,5173,3401,1772
2955,1997,5,5169,8361,-3192
2955,1997,6,5167,3401,1766
2955,1997,7,5175,3401,1774
2955,1997,8,5182,3401,1781
2955,1997,9,5188,7241,-2053
2955,1997,10,5179,5641,-462
2955,1997,11,5179,3401,1778
2955,1997,12,5186,3851,1335
2955,1998,1,5167,16281,-11114
2955,1998,2,5145,3401,1744
2955,1998,3,5153,3401,1752
2955,1998,4,5160,3401,1759
2955,1998,5,5169,6761,-1592
2955,1998,6,5151,8441,-3290
2955,1998,7,5143,5641,-498
2955,1998,8,5145,3401,1744
2955,1998,9,5152,3401,1751
2955,1998,10,5160,3401,1759
2955,1998,11,5167,3401,1766
2955,1998,12,5174,3986,1188
2956,1997,6,400,0,400
2956,1997,7,20864,0,20864
2956,1997,8,19246,0,19246
2956,1997,9,14694,6300,8394
2956,1997,10,14714,11200,3514
2956,1997,11,14714,16415,-1701
2956,1997,12,21972,17817,4155
2956,1998,1,14639,43337,-28698
2956,1998,2,14616,10757,3859
2956,1998,3,16448,9057,7391
2956,1998,4,14663,10857,3806
2956,1998,5,14671,13157,1514
2956,1998,6,21943,15157,6786
2956,1998,7,14704,13757,947
2956,1998,8,14694,19437,-4743
2956,1998,9,14685,16057,-1372
2956,1998,10,17297,13737,3560
2956,1998,11,14712,9157,5555
2956,1998,12,21979,18242,3737
2957,1995,7,500,0,500
2957,1995,8,24026,0,24026
2957,1995,9,21617,13300,8317
2957,1995,10,21651,14900,6751
2957,1995,11,21679,15400,6279
2957,1995,12,32499,30715,1784
2957,1996,1,21705,49175,-27470
2957,1996,2,21624,12155,9469
2957,1996,3,21658,18855,2803
2957,1996,4,21669,19235,2434
2957,1996,5,21679,18455,3224
2957,1996,6,33080,48735,-15655
2957,1996,7,21621,15035,6586
2957,1996,8,21657,19635,2022
2957,1996,9,21674,14155,7519
2957,1996,10,21689,17955,3734
2957,1996,11,21705,20515,1190
2957,1996,12,32476,25115,7361
2957,1997,1,21710,38955,-17245
2957,1997,2,21676,10255,11421
2957,1997,3,21720,18295,3425
2957,1997,4,21723,22195,-472
2957,1997,5,21708,25415,-3707
2957,1997,6,32477,27255,5222
2957,1997,7,21722,21355,367
2957,1997,8,21726,19055,2671
2957,1997,9,21734,19555,2179
2957,1997,10,21735,24675,-2940
2957,1997,11,21706,30095,-8389
2957,1997,12,32462,26055,6407
2957,1998,1,21659,41975,-20316
2957,1998,2,21651,14055,7596
2957,1998,3,21686,16255,5431
2957,1998,4,21685,21755,-70
2957,1998,5,21689,23995,-2306
2957,1998,6,32459,21655,10804
2957,1998,7,21703,29095,-7392
2957,1998,8,21686,23255,-1569
2957,1998,9,21705,14155,7550
2957,1998,10,21721,19555,2166
2957,1998,11,21726,24135,-2409
2957,1998,12,32490,25020,7470
2958,1993,9,400,0,400
2958,1993,10,5265,0,5265
2958,1993,11,5265,0,5265
2958,1993,12,5265,0,5265
2958,1994,1,5265,0,5265
2958,1994,2,5269,15,5254
2958,1994,3,5372,9576,-4204
2958,1994,4,5353,7676,-2323
2958,1994,5,5354,3276,2078
2958,1994,6,5344,14676,-9332
2958,1994,7,5324,3756,1568
2958,1994,8,5331,3276,2055
2958,1994,9,5339,3276,2063
2958,1994,10,5348,3276,2072
2958,1994,11,5356,3276,2080
2958,1994,12,5364,4126,1238
2958,1995,1,5337,15966,-10629
2958,1995,2,5326,3276,2050
2958,1995,3,5330,5756,-426
2958,1995,4,5332,3276,2056
2958,1995,5,5341,3276,2065
2958,1995,6,5339,6316,-977
2958,1995,7,5346,3276,2070
2958,1995,8,5354,3276,2078
2958,1995,9,5352,6636,-1284
2958,1995,10,5358,3276,2082
2958,1995,11,5363,3776,1587
2958,1995,12,5370,3876,1494
2958,1996,1,5349,13916,-8567
2958,1996,2,5343,3276,2067
2958,1996,3,5352,3276,2076
2958,1996,4,5360,3276,2084
2958,1996,5,5365,4076,1289
2958,1996,6,5354,8756,-3402
2958,1996,7,5354,4776,578
2958,1996,8,5356,4976,380
2958,1996,9,5364,5436,-72
2958,1996,10,5336,11636,-6300
2958,1996,11,5337,3276,2061
2958,1996,12,5342,4326,1016
2958,1997,1,5331,10916,-5585
2958,1997,2,5327,3276,2051
2958,1997,3,5335,3276,2059
2958,1997,4,5335,5876,-541
2958,1997,5,5337,8276,-2939
2958,1997,6,5328,5176,152
2958,1997,7,5330,4636,694
2958,1997,8,5335,3276,2059
2958,1997,9,5341,3276,2065
2958,1997,10,5338,8716,-3378
2958,1997,11,5333,7076,-1743
2958,1997,12,5328,4176,1152
2958,1998,1,5328,7356,-2028
2958,1998,2,5323,5176,147
2958,1998,3,5325,3276,2049
2958,1998,4,5333,5596,-263
2958,1998,5,5331,4096,1235
2958,1998,6,5335,5976,-641
2958,1998,7,5332,5516,-184
2958,1998,8,5328,5596,-268
2958,1998,9,5329,6276,-947
2958,1998,10,5329,3276,2053
2958,1998,11,5330,7736,-2406
2958,1998,12,5327,3261,2066
2959,1994,2,1000,0,1000
2959,1994,3,12400,0,12400
2959,1994,4,31205,10000,21205
2959,1994,5,75293,66400,8893
2959,1994,6,111767,76322,35445
2959,1994,7,134326,137915,-3589
2959,1994,8,70908,99118,-28210
2959,1994,9,174,20838,-20664
2959,1994,10,54961,42115,12846
2959,1994,11,69126,52002,17124
2959,1994,12,31349,38386,-7037
2959,1995,1,27901,46515,-18614
2959,1995,2,90870,40815,50055
2959,1995,3,29796,60914,-31118
2959,1995,4,24882,41012,-16130
2959,1995,5,49434,24315,25119
2959,1995,6,49500,59715,-10215
2959,1995,7,201,15915,-15714
2959,1995,8,136,5715,-5579
2959,1995,9,57057,31315,25742
2959,1995,10,32019,32515,-496
2959,1995,11,61687,63615,-1928
2959,1995,12,35370,45115,-9745
2959,1996,1,106687,111715,-5028
2959,1996,2,35225,22415,12810
2959,1996,3,69971,84339,-14368
2959,1996,4,85077,45515,39562
2959,1996,5,30722,53622,-22900
2959,1996,6,100464,78044,22420
2959,1996,7,24423,71371,-46948
2959,1996,8,112765,33315,79450
2959,1996,9,366,52915,-52549
2959,1996,10,69575,49637,19938
2959,1996,11,299,32215,-31916
2959,1996,12,21300,34715,-13415
2959,1997,1,55,22315,-22260
2959,1997,2,104769,14515,90254
2959,1997,3,38580,54515,-15935
2959,1997,4,64974,57306,7668
2959,1997,5,20980,51815,-30835
2959,1997,6,231,25615,-25384
2959,1997,7,82540,10415,72125
2959,1997,8,106262,116915,-10653
2959,1997,9,12227,50015,-37788
2959,1997,10,81204,96315,-15111
2959,1997,11,6780,18715,-11935
2959,1997,12,41211,36115,5096
2959,1998,1,47306,58715,-11409
2959,1998,2,63,16694,-16631
2959,1998,3,18,8900,-8882
2959,1998,4,18,1100,-1082
2959,1998,5,18,600,-582
2959,1998,6,18,3800,-3782
2959,1998,7,1618,0,1618
2959,1998,8,18,1000,-982
2959,1998,9,18,600,-582
2959,1998,10,32156,2515,29641
2959,1998,11,77,16615,-16538
2959,1998,12,57443,14000,43443
2960,1994,9,1100,0,1100
2960,1994,10,17756,0,17756
2960,1994,11,13419,4900,8519
2960,1994,12,20116,12600,7516
2960,1995,1,13470,13900,-430
2960,1995,2,13472,11715,1757
2960,1995,3,13463,17299,-3836
2960,1995,4,13459,15699,-2240
2960,1995,5,13455,12599,856
2960,1995,6,20129,16799,3330
2960,1995,7,13468,14899,-1431
2960,1995,8,13458,16199,-2741
2960,1995,9,13454,13499,-45
2960,1995,10,13458,14299,-841
2960,1995,11,13438,13299,139
2960,1995,12,20138,11299,8839
2960,1996,1,21468,25499,-4031
2960,1996,2,15882,8899,6983
2960,1996,3,13504,9899,3605
2960,1996,4,13508,13699,-191
2960,1996,5,13514,11299,2215
2960,1996,6,22386,20299,2087
2960,1996,7,13524,13499,25
2960,1996,8,13516,15399,-1883
2960,1996,9,13505,17799,-4294
2960,1996,10,13472,18299,-4827
2960,1996,11,13474,12799,675
2960,1996,12,20148,17599,2549
2960,1997,1,13456,26899,-13443
2960,1997,2,13438,9499,3939
2960,1997,3,13450,14299,-849
2960,1997,4,13442,15299,-1857
2960,1997,5,13433,13299,134
2960,1997,6,21514,13299,8215
2960,1997,7,13459,15399,-1940
2960,1997,8,13450,17299,-3849
2960,1997,9,13426,17099,-3673
2960,1997,10,13422,14099,-677
2960,1997,11,13416,14699,-1283
2960,1997,12,20075,18899,1176
2960,1998,1,13387,24599,-11212
2960,1998,2,13379,11399,1980
2960,1998,3,13409,8899,4510
2960,1998,4,13388,16799,-3411
2960,1998,5,13400,9699,3701
2960,1998,6,20107,8899,11208
2960,1998,7,13472,32599,-19127
2960,1998,8,13396,8899,4497
2960,1998,9,13414,8899,4515
2960,1998,10,13433,8899,4534
2960,1998,11,13445,13699,-254
2960,1998,12,20125,12184,7941
2961,1996,7,400,0,400
2961,1996,8,5012,0,5012
2961,1996,9,5012,0,5012
2961,1996,10,5012,0,5012
2961,1996,11,5012,0,5012
2961,1996,12,5078,1921,3157
2961,1997,1,5100,12986,-7886
2961,1997,2,5088,1676,3412
2961,1997,3,5102,2156,2946
2961,1997,4,5115,1676,3439
2961,1997,5,5129,1676,3453
2961,1997,6,5112,12926,-7814
2961,1997,7,5111,1676,3435
2961,1997,8,5125,1676,3449
2961,1997,9,5128,5036,92
2961,1997,10,5133,3676,1457
2961,1997,11,5126,10036,-4910
2961,1997,12,5120,5426,-306
2961,1998,1,5103,10416,-5313
2961,1998,2,5102,1676,3426
2961,1998,3,5107,6396,-1289
2961,1998,4,5111,1676,3435
2961,1998,5,5125,1676,3449
2961,1998,6,5097,12876,-7779
2961,1998,7,5107,1676,3431
2961,1998,8,5121,1676,3445
2961,1998,9,5133,3996,1137
2961,1998,10,5139,6976,-1837
2961,1998,11,5132,1676,3456
2961,1998,12,5146,2561,2585
2962,1993,5,1000,0,1000
2962,1993,6,63244,20000,43244
2962,1993,7,184,7900,-7716
2962,1993,8,184,5900,-5716
2962,1993,9,32619,19100,13519
2962,1993,10,184,8600,-8416
2962,1993,11,184,5400,-5216
2962,1993,12,83281,54436,28845
2962,1994,1,2756,42015,-39259
2962,1994,2,104268,40715,63553
2962,1994,3,297,38894,-38597
2962,1994,4,7101,14315,-7214
2962,1994,5,148619,92115,56504
2962,1994,6,143427,149891,-6464
2962,1994,7,102994,123292,-20298
2962,1994,8,61164,37515,23649
2962,1994,9,43620,83454,-39834
2962,1994,10,29405,14915,14490
2962,1994,11,222,30815,-30593
2962,1994,12,52333,27614,24719
2962,1995,1,52768,70231,-17463
2962,1995,2,42649,35420,7229
2962,1995,3,19050,33951,-14901
2962,1995,4,92023,36820,55203
2962,1995,5,50145,69620,-19475
2962,1995,6,49843,24120,25723
2962,1995,7,299,48839,-48540
2962,1995,8,48564,23320,25244
2962,1995,9,6860,31144,-24284
2962,1995,10,123553,71520,52033
2962,1995,11,11483,59520,-48037
2962,1995,12,64766,23849,40917
2962,1996,1,214,68415,-68201
2962,1996,2,43339,12262,31077
2962,1996,3,207,11815,-11608
2962,1996,4,147,18415,-18268
2962,1996,5,4111,2315,1796
2962,1996,6,1716,2015,-299
2962,1996,7,3318,2315,1003
2962,1996,8,14362,14315,47
2962,1996,9,119,1115,-996
2962,1996,10,106,4015,-3909
2962,1996,11,392,4515,-4123
2962,1996,12,1880,3215,-1335
2962,1997,1,25213,15115,10098
2962,1997,2,66526,50714,15812
2962,1997,3,89305,43295,46010
2962,1997,4,16365,56071,-39706
2962,1997,5,45145,21515,23630
2962,1997,6,19277,41515,-22238
2962,1997,7,90145,38515,51630
2962,1997,8,44538,44615,-77
2962,1997,9,98366,133115,-34749
2962,1997,10,72251,40915,31336
2962,1997,11,100020,120715,-20695
2962,1997,12,20127,46315,-26188
2962,1998,1,35405,19715,15690
2962,1998,2,44920,26015,18905
2962,1998,3,56531,72966,-16435
2962,1998,4,234,29915,-29681
2962,1998,5,13256,14415,-1159
2962,1998,6,129,13015,-12886
2962,1998,7,109,1515,-1406
2962,1998,8,44717,15412,29305
2962,1998,9,171,22915,-22744
2962,1998,10,47654,33615,14039
2962,1998,11,188,12615,-12427
2962,1998,12,0,2300,-2300
2963,1996,12,23792,0,23792
2963,1997,1,15290,500,14790
2963,1997,2,15338,5200,10138
2963,1997,3,15369,9800,5569
2963,1997,4,15392,10015,5377
2963,1997,5,15394,14716,678
2963,1997,6,22957,25316,-2359
2963,1997,7,15387,16316,-929
2963,1997,8,15381,14216,1165
2963,1997,9,15380,15816,-436
2963,1997,10,15374,16916,-1542
2963,1997,11,15371,16316,-945
2963,1997,12,22954,19416,3538
2963,1998,1,15347,26116,-10769
2963,1998,2,15352,11316,4036
2963,1998,3,15356,15416,-60
2963,1998,4,15345,18216,-2871
2963,1998,5,15328,19816,-4488
2963,1998,6,22905,28516,-5611
2963,1998,7,15329,7516,7813
2963,1998,8,15348,19916,-4568
2963,1998,9,15354,10516,4838
2963,1998,10,15380,17216,-1836
2963,1998,11,15354,17816,-2462
2963,1998,12,22950,7801,15149
2964,1997,1,4709,0,4709
2964,1997,2,4418,0,4418
2964,1997,3,4418,0,4418
2964,1997,4,4418,0,4418
2964,1997,5,4436,2335,2101
2964,1997,6,4467,10171,-5704
2964,1997,7,4463,2321,2142
2964,1997,8,4472,2321,2151
2964,1997,9,4481,2321,2160
2964,1997,10,4490,2321,2169
2964,1997,11,4499,2321,2178
2964,1997,12,4506,3121,1385
2964,1998,1,4503,7891,-3388
2964,1998,2,4496,3361,1135
2964,1998,3,4500,4961,-461
2964,1998,4,4502,2321,2181
2964,1998,5,4509,4481,28
2964,1998,6,4510,13121,-8611
2964,1998,7,4476,2321,2155
2964,1998,8,4484,2721,1763
2964,1998,9,4488,5121,-633
2964,1998,10,4489,2321,2168
2964,1998,11,4498,2321,2177
2964,1998,12,4505,3756,749
2965,1995,10,900,0,900
2965,1995,11,5617,0,5617
2965,1995,12,5617,0,5617
2965,1996,1,5617,0,5617
2965,1996,2,5617,0,5617
2965,1996,3,5708,3863,1845
2965,1996,4,5729,2663,3066
2965,1996,5,5738,5383,355
2965,1996,6,5743,8363,-2620
2965,1996,7,5730,5263,467
2965,1996,8,5737,4663,1074
2965,1996,9,5739,2663,3076
2965,1996,10,5754,4063,1691
2965,1996,11,5743,8603,-2860
2965,1996,12,5743,8083,-2340
2965,1997,1,5719,9433,-3714
2965,1997,2,5715,6903,-1188
2965,1997,3,5710,6463,-753
2965,1997,4,5694,10063,-4369
2965,1997,5,5692,5563,129
2965,1997,6,5673,11763,-6090
2965,1997,7,5667,5383,284
2965,1997,8,5672,2663,3009
2965,1997,9,5683,6763,-1080
2965,1997,10,5678,5623,55
2965,1997,11,5680,2663,3017
2965,1997,12,5690,4113,1577
2965,1998,1,5696,5943,-247
2965,1998,2,5697,2663,3034
2965,1998,3,5708,5783,-75
2965,1998,4,5710,2663,3047
2965,1998,5,5713,15943,-10230
2965,1998,6,5680,2663,3017
2965,1998,7,5689,5143,546
2965,1998,8,5692,4823,869
2965,1998,9,5698,2663,3035
2965,1998,10,5704,6583,-879
2965,1998,11,5707,2663,3044
2965,1998,12,5720,3198,2522
2966,1997,3,10431,0,10431
2966,1997,4,28127,3700,24427
2966,1997,5,145,4200,-4055
2966,1997,6,58371,33875,24496
2966,1997,7,19889,26975,-7086
2966,1997,8,21940,45536,-23596
2966,1997,9,33940,18975,14965
2966,1997,10,42942,26075,16867
2966,1997,11,5166,31711,-26545
2966,1997,12,51858,25175,26683
2966,1998,1,15135,36975,-21840
2966,1998,2,109924,47575,62349
2966,1998,3,83714,107275,-23561
2966,1998,4,29228,19275,9953
2966,1998,5,16632,31675,-15043
2966,1998,6,54919,58575,-3656
2966,1998,7,29834,20375,9459
2966,1998,8,68936,39075,29861
2966,1998,9,49435,94875,-45440
2966,1998,10,65398,69175,-3777
2966,1998,11,50356,6475,43881
2966,1998,12,65120,86160,-21040
2967,1996,11,400,0,400
2967,1996,12,22145,0,22145
2967,1997,1,13978,4600,9378
2967,1997,2,13994,12900,1094
2967,1997,3,14004,10800,3204
2967,1997,4,14002,17023,-3021
2967,1997,5,13991,19652,-5661
2967,1997,6,20914,20412,502
2967,1997,7,13968,21992,-8024
2967,1997,8,13952,14772,-820
2967,1997,9,13954,10412,3542
2967,1997,10,13961,13012,949
2967,1997,11,13946,18612,-4666
2967,1997,12,20874,21352,-478
2967,1998,1,13913,21932,-8019
2967,1998,2,13924,8212,5712
2967,1998,3,13930,13812,118
2967,1998,4,13928,16112,-2184
2967,1998,5,13934,10412,3522
2967,1998,6,24017,8212,15805
2967,1998,7,13982,21012,-7030
2967,1998,8,13969,14312,-343
2967,1998,9,13969,13812,157
2967,1998,10,13952,18912,-4960
2967,1998,11,13969,8212,5757
2967,1998,12,20912,24457,-3545
2968,1995,2,36741,0,36741
2968,1995,3,35779,6600,29179
2968,1995,4,35858,22000,13858
2968,1995,5,35898,28900,6998
2968,1995,6,53694,51193,2501
2968,1995,7,35919,36193,-274
2968,1995,8,35910,38993,-3083
2968,1995,9,35905,36193,-288
2968,1995,10,35867,38093,-2226
2968,1995,11,35898,34993,905
2968,1995,12,53531,102193,-48662
2968,1996,1,35723,37193,-1470
2968,1996,2,35762,13293,22469
2968,1996,3,35818,48593,-12775
2968,1996,4,35762,40053,-4291
2968,1996,5,35792,28993,6799
2968,1996,6,53599,52293,1306
2968,1996,7,35819,36393,-574
2968,1996,8,35798,39393,-3595
2968,1996,9,35796,34293,1503
2968,1996,10,35800,35093,707
2968,1996,11,35746,46293,-10547
2968,1996,12,53550,47593,5957
2968,1997,1,35739,48185,-12446
2968,1997,2,35725,39170,-3445
2968,1997,3,35723,23493,12230
2968,1997,4,35764,31893,3871
2968,1997,5,35749,41993,-6244
2968,1997,6,53514,58217,-4703
2968,1997,7,35719,39793,-4074
2968,1997,8,35708,31893,3815
2968,1997,9,35721,35493,228
2968,1997,10,35725,28593,7132
2968,1997,11,35746,33293,2453
2968,1997,12,53554,43193,10361
2968,1998,1,35731,61163,-25432
2968,1998,2,35689,31893,3796
2968,1998,3,35713,29593,6120
2968,1998,4,35724,33384,2340
2968,1998,5,35732,41821,-6089
2968,1998,6,53511,48310,5201
2968,1998,7,35752,42199,-6447
2968,1998,8,35704,30793,4911
2968,1998,9,35721,34349,1372
2968,1998,10,35732,28193,7539
2968,1998,11,35731,44792,-9061
2968,1998,12,53503,47785,5718
2969,1995,5,300,0,300
2969,1995,6,11000,0,11000
2969,1995,7,5900,0,5900
2969,1995,8,1700,0,1700
2969,1995,9,1400,0,1400
2969,1995,10,1900,0,1900
2969,1995,12,0,900,-900
2969,1996,1,600,0,600
2969,1996,2,0,300,-300
2969,1996,3,1600,0,1600
2969,1996,4,800,0,800
2969,1996,5,3400,0,3400
2969,1996,6,2300,0,2300
2969,1996,7,0,400,-400
2969,1996,8,1800,0,1800
2969,1996,9,0,3700,-3700
2969,1996,10,0,800,-800
2969,1996,11,4200,0,4200
2969,1996,12,0,800,-800
2969,1997,1,0,1500,-1500
2969,1997,2,600,0,600
2969,1997,3,1300,0,1300
2969,1997,4,0,1800,-1800
2969,1997,5,2800,0,2800
2969,1997,6,0,1400,-1400
2969,1997,7,300,0,300
2969,1997,8,0,2800,-2800
2969,1997,9,1000,0,1000
2969,1997,10,1200,0,1200
2969,1997,11,1000,0,1000
2969,1997,12,0,2800,-2800
2969,1998,1,0,2700,-2700
2969,1998,2,0,600,-600
2969,1998,3,1100,0,1100
2969,1998,4,0,1800,-1800
2969,1998,5,1500,0,1500
2969,1998,6,3400,0,3400
2969,1998,7,3300,0,3300
2969,1998,8,100,0,100
2969,1998,9,2800,0,2800
2969,1998,10,1000,0,1000
2969,1998,11,2600,0,2600
2969,1998,12,0,900,-900
2970,1993,1,400,0,400
2970,1993,2,19081,0,19081
2970,1993,3,9746,4300,5446
2970,1993,4,9766,6000,3766
2970,1993,5,9781,6700,3081
2970,1993,6,14612,20275,-5663
2970,1993,7,9771,7295,2476
2970,1993,8,9784,9995,-211
2970,1993,9,9785,4715,5070
2970,1993,10,9796,10215,-419
2970,1993,11,9794,10615,-821
2970,1993,12,14638,10655,3983
2970,1994,1,9800,19595,-9795
2970,1994,2,9775,6215,3560
2970,1994,3,9789,6315,3474
2970,1994,4,9797,9815,-18
2970,1994,5,9800,8315,1485
2970,1994,6,14638,11915,2723
2970,1994,7,9807,16735,-6928
2970,1994,8,9787,9115,672
2970,1994,9,9792,8215,1577
2970,1994,10,9796,9215,581
2970,1994,11,9820,10815,-995
2970,1994,12,14636,9215,5421
2970,1995,1,9808,11995,-2187
2970,1995,2,9823,2815,7008
2970,1995,3,9824,14115,-4291
2970,1995,4,9828,5415,4413
2970,1995,5,9843,6815,3028
2970,1995,6,14679,19015,-4336
2970,1995,7,9830,9715,115
2970,1995,8,9820,12215,-2395
2970,1995,9,9821,11715,-1894
2970,1995,10,9820,7015,2805
2970,1995,11,9828,8115,1713
2970,1995,12,14670,14155,515
2970,1996,1,9817,15375,-5558
2970,1996,2,9815,7915,1900
2970,1996,3,9797,13835,-4038
2970,1996,4,9803,10095,-292
2970,1996,5,9797,11615,-1818
2970,1996,6,14601,24435,-9834
2970,1996,7,9767,3515,6252
2970,1996,8,9762,10535,-773
2970,1996,9,9776,9015,761
2970,1996,10,9788,5515,4273
2970,1996,11,9790,11615,-1825
2970,1996,12,14631,8515,6116
2970,1997,1,9787,26195,-16408
2970,1997,2,9745,15,9730
2970,1997,3,9783,10115,-332
2970,1997,4,9786,8415,1371
2970,1997,5,9788,22615,-12827
2970,1997,6,14565,8515,6050
2970,1997,7,9761,8015,1746
2970,1997,8,9767,9615,152
2970,1997,9,9768,9315,453
2970,1997,10,9768,13315,-3547
2970,1997,11,9752,14415,-4663
2970,1997,12,14565,12615,1950
2970,1998,1,9740,13615,-3875
2970,1998,2,9741,4335,5406
2970,1998,3,9756,1095,8661
2970,1998,4,9777,21515,-11738
2970,1998,5,9737,15,9722
2970,1998,6,14617,12615,2002
2970,1998,7,9771,24115,-14344
2970,1998,8,9726,15,9711
2970,1998,9,9767,15,9752
2970,1998,10,9785,26415,-16630
2970,1998,11,9738,15,9723
2970,1998,12,14487,0,14487
2971,1993,12,500,0,500
2971,1994,1,70572,23000,47572
2971,1994,2,199,9500,-9301
2971,1994,3,199,6700,-6501
2971,1994,4,199,2300,-2101
2971,1994,5,199,4500,-4301
2971,1994,6,199,1800,-1601
2971,1994,7,299,0,299
2971,1994,8,299,0,299
2971,1994,9,31576,0,31576
2971,1994,10,234,15900,-15666
2971,1994,11,234,10000,-9766
2971,1994,12,234,2100,-1866
2971,1995,1,35925,20700,15225
2971,1995,2,184,5800,-5616
2971,1995,3,9428,19651,-10223
2971,1995,4,77588,48719,28869
2971,1995,5,9135,20430,-11295
2971,1995,6,5646,18130,-12484
2971,1995,7,39998,3830,36168
2971,1995,8,95431,88732,6699
2971,1995,9,10502,51730,-41228
2971,1995,10,145,10930,-10785
2971,1995,11,101,3130,-3029
2971,1995,12,88,3630,-3542
2971,1996,1,1774,30,1744
2971,1996,2,81,3230,-3149
2971,1996,3,0,30,-30
2971,1996,4,138,30,108
2971,1996,5,0,30,-30
2971,1996,6,138,30,108
2971,1996,7,68,30,38
2971,1996,8,0,30,-30
2971,1996,9,138,1730,-1592
2971,1996,10,161,30,131
2971,1996,11,62,30,32
2971,1996,12,62,30,32
2971,1997,1,0,30,-30
2971,1997,2,130,30,100
2971,1997,3,56906,30,56876
2971,1997,4,174,36091,-35917
2971,1997,5,77486,40230,37256
2971,1997,6,146689,171940,-25251
2971,1997,7,196,23530,-23334
2971,1997,8,34066,12630,21436
2971,1997,9,187,24930,-24743
2971,1997,10,0,30,-30
2971,1997,11,83576,30,83546
2971,1997,12,49305,64730,-15425
2971,1998,1,33665,103630,-69965
2971,1998,2,40098,30,40068
2971,1998,3,25003,35230,-10227
2971,1998,4,200,21030,-20830
2971,1998,5,115,9730,-9615
2971,1998,6,86066,57330,28736
2971,1998,7,31637,49061,-17424
2971,1998,8,26268,30,26238
2971,1998,9,64447,71830,-7383
2971,1998,10,81308,54630,26678
2971,1998,11,54373,38183,16190
2971,1998,12,0,2400,-2400
2972,1993,11,500,0,500
2972,1993,12,68554,0,68554
2972,1994,1,288,20000,-19712
2972,1994,2,93369,84200,9169
2972,1994,3,243,18900,-18657
2972,1994,4,243,6400,-6157
2972,1994,5,243,3900,-3657
2972,1994,6,243,1700,-1457
2972,1994,8,243,2200,-1957
2972,1994,9,243,2500,-2257
2972,1994,10,943,0,943
2972,1994,11,1243,0,1243
2972,1994,12,443,0,443
2972,1995,1,53816,5615,48201
2972,1995,2,310,25015,-24705
2972,1995,3,87417,85415,2002
2972,1995,4,61576,106887,-45311
2972,1995,5,121623,61895,59728
2972,1995,6,108402,79656,28746
2972,1995,7,394,36615,-36221
2972,1995,8,15896,35986,-20090
2972,1995,9,23572,11215,12357
2972,1995,10,40803,23556,17247
2972,1995,11,100371,94495,5876
2972,1995,12,249,39364,-39115
2972,1996,1,5925,33815,-27890
2972,1996,2,54521,14115,40406
2972,1996,3,99071,44615,54456
2972,1996,4,40968,71615,-30647
2972,1996,5,30638,57991,-27353
2972,1996,6,34908,53115,-18207
2972,1996,7,31630,19015,12615
2972,1996,8,160,9715,-9555
2972,1996,9,15095,9015,6080
2972,1996,10,146,5615,-5469
2972,1996,11,123,4215,-4092
2972,1996,12,68565,20115,48450
2972,1997,1,62133,60552,1581
2972,1997,2,9315,26215,-16900
2972,1997,3,10934,29605,-18671
2972,1997,4,173838,117715,56123
2972,1997,5,80117,96015,-15898
2972,1997,6,59946,88453,-28507
2972,1997,7,32710,11215,21495
2972,1997,8,302,18715,-18413
2972,1997,9,132463,99115,33348
2972,1997,10,50116,30914,19202
2972,1997,11,48904,57615,-8711
2972,1997,12,72056,78815,-6759
2972,1998,1,39897,76015,-36118
2972,1998,2,9386,9915,-529
2972,1998,3,77109,19840,57269
2972,1998,4,404,49815,-49411
2972,1998,5,62678,59415,3263
2972,1998,6,271,17901,-17630
2972,1998,7,25846,25725,121
2972,1998,8,40603,30315,10288
2972,1998,9,95927,101655,-5728
2972,1998,10,31029,26828,4201
2972,1998,11,230,10980,-10750
2972,1998,12,36415,7800,28615
2973,1996,8,500,0,500
2973,1996,9,19616,0,19616
2973,1996,10,16473,7900,8573
2973,1996,11,16524,1200,15324
2973,1996,12,24768,11700,13068
2973,1997,1,16593,23215,-6622
2973,1997,2,16574,16000,574
2973,1997,3,16573,21500,-4927
2973,1997,4,16553,19100,-2547
2973,1997,5,16549,16500,49
2973,1997,6,24728,25800,-1072
2973,1997,7,16529,21000,-4471
2973,1997,8,16518,17500,-982
2973,1997,9,16520,17500,-980
2973,1997,10,16530,10500,6030
2973,1997,11,16544,14300,2244
2973,1997,12,24747,19200,5547
2973,1998,1,16544,30500,-13956
2973,1998,2,16513,16000,513
2973,1998,3,16530,10900,5630
2973,1998,4,16544,14000,2544
2973,1998,5,16561,12000,4561
2973,1998,6,24747,23700,1047
2973,1998,7,16563,19500,-2937
2973,1998,8,16556,17500,-944
2973,1998,9,16557,16800,-243
2973,1998,10,16550,20400,-3850
2973,1998,11,16553,14300,2253
2973,1998,12,24767,11285,13482
2974,1993,3,1100,0,1100
2974,1993,4,5582,0,5582
2974,1993,5,5582,0,5582
2974,1993,6,5582,0,5582
2974,1993,7,5582,0,5582
2974,1993,8,5586,15,5571
2974,1993,9,5714,1561,4153
2974,1993,10,5724,3661,2063
2974,1993,11,5722,7041,-1319
2974,1993,12,5717,7011,-1294
2974,1994,1,5715,6511,-796
2974,1994,2,5713,5261,452
2974,1994,3,5717,7201,-1484
2974,1994,4,5715,3361,2354
2974,1994,5,5724,3461,2263
2974,1994,6,5721,6861,-1140
2974,1994,7,5717,8241,-2524
2974,1994,8,5710,6361,-651
2974,1994,9,5719,2261,3458
2974,1994,10,5724,5361,363
2974,1994,11,5733,2861,2872
2974,1994,12,5737,5311,426
2974,1995,1,5725,8461,-2736
2974,1995,2,5733,6521,-788
2974,1995,3,5729,3861,1868
2974,1995,4,5732,5461,271
2974,1995,5,5734,8761,-3027
2974,1995,6,5720,14961,-9241
2974,1995,7,5695,1561,4134
2974,1995,8,5712,1561,4151
2974,1995,9,5729,1561,4168
2974,1995,10,5746,3561,2185
2974,1995,11,5755,2861,2894
2974,1995,12,5759,7541,-1782
2974,1996,1,5759,2111,3648
2974,1996,2,5769,6381,-612
2974,1996,3,5763,11801,-6038
2974,1996,4,5746,2561,3185
2974,1996,5,5760,2661,3099
2974,1996,6,5752,15161,-9409
2974,1996,7,5734,1561,4173
2974,1996,8,5742,5321,421
2974,1996,9,5752,2201,3551
2974,1996,10,5766,2961,2805
2974,1996,11,5775,4461,1314
2974,1996,12,5774,7211,-1437
2974,1997,1,5766,7911,-2145
2974,1997,2,5765,4461,1304
2974,1997,3,5766,8461,-2695
2974,1997,4,5757,3561,2196
2974,1997,5,5772,2261,3511
2974,1997,6,5769,14011,-8242
2974,1997,7,5753,1561,4192
2974,1997,8,5765,4661,1104
2974,1997,9,5764,5981,-217
2974,1997,10,5767,5661,106
2974,1997,11,5769,3961,1808
2974,1997,12,5768,8261,-2493
2974,1998,1,5750,11271,-5521
2974,1998,2,5735,5481,254
2974,1998,3,5748,1561,4187
2974,1998,4,5765,1861,3904
2974,1998,5,5773,4601,1172
2974,1998,6,5759,15711,-9952
2974,1998,7,5743,4201,1542
2974,1998,8,5751,1561,4190
2974,1998,9,5768,1561,4207
2974,1998,10,5782,2941,2841
2974,1998,11,5797,7861,-2064
2974,1998,12,5779,5196,583
2976,1996,8,800,0,800
2976,1996,9,21701,0,21701
2976,1996,10,16670,7800,8870
2976,1996,11,16705,9000,7705
2976,1996,12,25019,16600,8419
2976,1997,1,16725,38248,-21523
2976,1997,2,16685,9588,7097
2976,1997,3,16702,18268,-1566
2976,1997,4,16702,13228,3474
2976,1997,5,16715,13588,3127
2976,1997,6,24979,36768,-11789
2976,1997,7,16680,12988,3692
2976,1997,8,16696,12488,4208
2976,1997,9,16718,18888,-2170
2976,1997,10,16710,18828,-2118
2976,1997,11,16669,23568,-6899
2976,1997,12,24955,19788,5167
2976,1998,1,16667,26228,-9561
2976,1998,2,20870,8488,12382
2976,1998,3,16673,22748,-6075
2976,1998,4,16678,11688,4990
2976,1998,5,16691,14588,2103
2976,1998,6,24986,21788,3198
2976,1998,7,16705,17588,-883
2976,1998,8,16702,15928,774
2976,1998,9,16698,18068,-1370
2976,1998,10,16700,16788,-88
2976,1998,11,16683,20328,-3645
2976,1998,12,24972,23833,1139
2977,1996,6,1100,0,1100
2977,1996,7,38348,8300,30048
2977,1996,8,38457,21800,16657
2977,1996,9,38516,27700,10816
2977,1996,10,38553,32600,5953
2977,1996,11,38588,34870,3718
2977,1996,12,57686,82636,-24950
2977,1997,1,38441,62370,-23929
2977,1997,2,38443,9870,28573
2977,1997,3,38529,32569,5960
2977,1997,4,38492,66645,-28153
2977,1997,5,38467,13870,24597
2977,1997,6,57691,47428,10263
2977,1997,7,38490,67834,-29344
2977,1997,8,38466,38924,-458
2977,1997,9,38443,35104,3339
2977,1997,10,38486,21470,17016
2977,1997,11,38590,7070,31520
2977,1997,12,57764,89939,-32175
2977,1998,1,38506,44270,-5764
2977,1998,2,38869,3070,35799
2977,1998,3,38685,18370,20315
2977,1998,4,38622,79670,-41048
2977,1998,5,38619,10170,28449
2977,1998,6,57787,109970,-52183
2977,1998,7,45656,3070,42586
2977,1998,8,38655,22570,16085
2977,1998,9,38590,82570,-43980
2977,1998,10,38594,3070,35524
2977,1998,11,38699,21270,17429
2977,1998,12,57827,81255,-23428
2978,1995,1,5436,0,5436
2978,1995,2,14986,0,14986
2978,1995,3,8630,0,8630
2978,1995,4,5055,0,5055
2978,1995,5,4949,8927,-3978
2978,1995,6,7329,21527,-14198
2978,1995,7,9604,7227,2377
2978,1995,8,5400,4427,973
2978,1995,9,4903,3827,1076
2978,1995,10,6615,3227,3388
2978,1995,11,4915,6127,-1212
2978,1995,12,7309,11327,-4018
2978,1996,1,9687,10927,-1240
2978,1996,2,4895,3227,1668
2978,1996,3,6095,6027,68
2978,1996,4,6100,6627,-527
2978,1996,5,5196,7327,-2131
2978,1996,6,7304,6327,977
2978,1996,7,4894,6127,-1233
2978,1996,8,4886,9427,-4541
2978,1996,9,6172,3227,2945
2978,1996,10,5784,3227,2557
2978,1996,11,4891,8027,-3136
2978,1996,12,7287,7627,-340
2978,1997,1,4875,6227,-1352
2978,1997,2,4873,5127,-254
2978,1997,3,5974,3227,2747
2978,1997,4,5385,3227,2158
2978,1997,5,5294,3227,2067
2978,1997,6,7300,13627,-6327
2978,1997,7,7679,3227,4452
2978,1997,8,4889,7527,-2638
2978,1997,9,4883,3327,1556
2978,1997,10,4886,5827,-941
2978,1997,11,4885,3827,1058
2978,1997,12,7299,6627,672
2978,1998,1,10788,13127,-2339
2978,1998,2,9690,3227,6463
2978,1998,3,4902,9727,-4825
2978,1998,4,4889,3927,962
2978,1998,5,4884,9027,-4143
2978,1998,6,9696,3227,6469
2978,1998,7,4893,8327,-3434
2978,1998,8,4887,4227,660
2978,1998,9,7687,9127,-1440
2978,1998,10,4882,4827,55
2978,1998,11,4879,6527,-1648
2978,1998,12,7284,8312,-1028
2979,1997,11,700,0,700
2979,1997,12,5241,0,5241
2979,1998,1,5241,0,5241
2979,1998,2,5262,700,4562
2979,1998,3,5311,2100,3211
2979,1998,4,5318,6915,-1597
2979,1998,5,5318,3509,1809
2979,1998,6,5315,8959,-3644
2979,1998,7,5306,6309,-1003
2979,1998,8,5300,6649,-1349
2979,1998,9,5294,4309,985
2979,1998,10,5304,3509,1795
2979,1998,11,5312,3509,1803
2979,1998,12,5316,4444,872
2980,1993,12,1000,0,1000
2980,1994,1,4974,0,4974
2980,1994,2,4974,0,4974
2980,1994,3,4974,0,4974
2980,1994,4,4974,0,4974
2980,1994,5,5038,6331,-1293
2980,1994,6,5056,4981,75
2980,1994,7,5058,4831,227
2980,1994,8,5054,8691,-3637
2980,1994,9,5047,3331,1716
2980,1994,10,5054,3331,1723
2980,1994,11,5061,3331,1730
2980,1994,12,5067,4131,936
2980,1995,1,5050,14721,-9671
2980,1995,2,5032,3331,1701
2980,1995,3,5039,3331,1708
2980,1995,4,5046,3331,1715
2980,1995,5,5053,3331,1722
2980,1995,6,5041,11651,-6610
2980,1995,7,5030,4691,339
2980,1995,8,5034,3331,1703
2980,1995,9,5041,3331,1710
2980,1995,10,5048,3331,1717
2980,1995,11,5055,3331,1724
2980,1995,12,5060,4331,729
2980,1996,1,5046,12001,-6955
2980,1996,2,5037,3331,1706
2980,1996,3,5044,3331,1713
2980,1996,4,5051,3331,1720
2980,1996,5,5054,5491,-437
2980,1996,6,5056,3331,1725
2980,1996,7,5063,4031,1032
2980,1996,8,5067,3931,1136
2980,1996,9,5072,3931,1141
2980,1996,10,5062,10131,-5069
2980,1996,11,5056,3331,1725
2980,1996,12,5061,4781,280
2980,1997,1,5054,9851,-4797
2980,1997,2,5042,4531,511
2980,1997,3,5046,3731,1315
2980,1997,4,5049,5031,18
2980,1997,5,5051,3731,1320
2980,1997,6,5054,5831,-777
2980,1997,7,5053,3731,1322
2980,1997,8,5055,6211,-1156
2980,1997,9,5054,3331,1723
2980,1997,10,5060,4131,929
2980,1997,11,5058,6211,-1153
2980,1997,12,5060,3881,1179
2980,1998,1,5032,14611,-9579
2980,1998,2,5025,3331,1694
2980,1998,3,5032,3331,1701
2980,1998,4,5039,3331,1708
2980,1998,5,5041,5731,-690
2980,1998,6,5044,3331,1713
2980,1998,7,5047,5031,16
2980,1998,8,5047,5631,-584
2980,1998,9,5041,7331,-2290
2980,1998,10,5037,4131,906
2980,1998,11,5041,4471,570
2980,1998,12,5046,3766,1280
2981,1997,1,3643,0,3643
2981,1997,2,11277,0,11277
2981,1997,3,5109,0,5109
2981,1997,4,4027,0,4027
2981,1997,5,3133,3205,-72
2981,1997,6,4133,3627,506
2981,1997,7,3130,4837,-1707
2981,1997,8,3127,3037,90
2981,1997,9,5136,2037,3099
2981,1997,10,3128,7337,-4209
2981,1997,11,3119,4537,-1418
2981,1997,12,7231,2487,4744
2981,1998,1,3123,7307,-4184
2981,1998,2,3114,5037,-1923
2981,1998,3,3104,5437,-2333
2981,1998,4,3090,6937,-3847
2981,1998,5,4793,2607,2186
2981,1998,6,3092,5207,-2115
2981,1998,7,3089,2037,1052
2981,1998,8,3094,2037,1057
2981,1998,9,3090,4637,-1547
2981,1998,10,3089,2837,252
2981,1998,11,3089,2887,202
2981,1998,12,3088,3832,-744
2982,1996,6,74265,0,74265
2982,1996,7,49148,22000,27148
2982,1996,8,49214,84400,-35186
2982,1996,9,49166,19700,29466
2982,1996,10,49129,62248,-13119
2982,1996,11,49048,81958,-32910
2982,1996,12,73462,61071,12391
2982,1997,1,53285,88163,-34878
2982,1997,2,48969,18371,30598
2982,1997,3,49074,49371,-297
2982,1997,4,49008,64628,-15620
2982,1997,5,49041,32873,16168
2982,1997,6,73446,71757,1689
2982,1997,7,49061,52371,-3310
2982,1997,8,48988,60742,-11754
2982,1997,9,48995,51963,-2968
2982,1997,10,48983,41722,7261
2982,1997,11,49037,46571,2466
2982,1997,12,73383,81671,-8288
2982,1998,1,48994,42071,6923
2982,1998,2,49036,54817,-5781
2982,1998,3,49869,54433,-4564
2982,1998,4,49024,32271,16753
2982,1998,5,49083,39709,9374
2982,1998,6,78603,106874,-28271
2982,1998,7,49011,25609,23402
2982,1998,8,49033,47762,1271
2982,1998,9,49074,49295,-221
2982,1998,10,49099,32609,16490
2982,1998,11,57941,87782,-29841
2982,1998,12,73438,52153,21285
2983,1996,7,1000,0,1000
2983,1996,8,15827,0,15827
2983,1996,9,10290,0,10290
2983,1996,10,7531,0,7531
2983,1996,11,5851,7000,-1149
2983,1996,12,8708,5215,3493
2983,1997,1,5849,14215,-8366
2983,1997,2,8641,1915,6726
2983,1997,3,5859,4015,1844
2983,1997,4,5865,5215,650
2983,1997,5,5866,8315,-2449
2983,1997,6,16190,28215,-12025
2983,1997,7,5815,315,5500
2983,1997,8,5837,1315,4522
2983,1997,9,5848,6015,-167
2983,1997,10,5847,5915,-68
2983,1997,11,5848,5315,533
2983,1997,12,9315,5215,4100
2983,1998,1,9352,17815,-8463
2983,1998,2,7947,15,7932
2983,1998,3,5872,1615,4257
2983,1998,4,5885,4315,1570
2983,1998,5,5886,6515,-629
2983,1998,6,8734,11315,-2581
2983,1998,7,5864,13615,-7751
2983,1998,8,5841,6415,-574
2983,1998,9,5842,4715,1127
2983,1998,10,6962,15,6947
2983,1998,11,5882,2415,3467
2983,1998,12,8761,1900,6861
2985,1993,4,4931,0,4931
2985,1993,5,4540,0,4540
2985,1993,6,4540,0,4540
2985,1993,7,4540,0,4540
2985,1993,8,4542,15,4527
2985,1993,9,4621,2128,2493
2985,1993,10,4631,2128,2503
2985,1993,11,4631,5328,-697
2985,1993,12,4630,5028,-398
2985,1994,1,4621,9328,-4707
2985,1994,2,4595,8768,-4173
2985,1994,3,4600,2128,2472
2985,1994,4,4604,3888,716
2985,1994,5,4613,4328,285
2985,1994,6,4614,3428,1186
2985,1994,7,4619,4828,-209
2985,1994,8,4608,5488,-880
2985,1994,9,4614,4448,166
2985,1994,10,4616,2128,2488
2985,1994,11,4626,2128,2498
2985,1994,12,4635,3628,1007
2985,1995,1,4618,10688,-6070
2985,1995,2,4613,5568,-955
2985,1995,3,4608,2848,1760
2985,1995,4,4618,2688,1930
2985,1995,5,4627,2128,2499
2985,1995,6,4636,2528,2108
2985,1995,7,4638,4568,70
2985,1995,8,4646,2128,2518
2985,1995,9,4656,2128,2528
2985,1995,10,4666,3228,1438
2985,1995,11,4670,4328,342
2985,1995,12,4668,4378,290
2985,1996,1,4660,9508,-4848
2985,1996,2,4655,2128,2527
2985,1996,3,4662,4828,-166
2985,1996,4,4656,6468,-1812
2985,1996,5,4651,5928,-1277
2985,1996,6,4651,2428,2223
2985,1996,7,4655,6228,-1573
2985,1996,8,4655,2128,2527
2985,1996,9,4665,2128,2537
2985,1996,10,4666,5108,-442
2985,1996,11,4670,3828,842
2985,1996,12,4673,3128,1545
2985,1997,1,4662,12448,-7786
2985,1997,2,4650,2128,2522
2985,1997,3,4661,2128,2533
2985,1997,4,4672,2128,2544
2985,1997,5,4673,6908,-2235
2985,1997,6,4668,10728,-6060
2985,1997,7,4647,2128,2519
2985,1997,8,4651,4628,23
2985,1997,9,4643,7528,-2885
2985,1997,10,4633,7048,-2415
2985,1997,11,4621,6788,-2167
2985,1997,12,4615,6278,-1663
2985,1998,1,4600,10208,-5608
2985,1998,2,4596,2128,2468
2985,1998,3,4606,2128,2478
2985,1998,4,4607,5028,-421
2985,1998,5,4611,3028,1583
2985,1998,6,4604,7428,-2824
2985,1998,7,4602,4028,574
2985,1998,8,4593,7928,-3335
2985,1998,9,4593,5088,-495
2985,1998,10,4594,2328,2266
2985,1998,11,4605,2128,2477
2985,1998,12,4599,6123,-1524
2986,1996,4,500,0,500
2986,1996,5,23497,1800,21697
2986,1996,6,35298,15900,19398
2986,1996,7,23613,20000,3613
2986,1996,8,23627,21300,2327
2986,1996,9,23613,28506,-4893
2986,1996,10,23603,25706,-2103
2986,1996,11,23592,32186,-8594
2986,1996,12,35303,29106,6197
2986,1997,1,23585,30966,-7381
2986,1997,2,23605,10506,13099
2986,1997,3,23596,29726,-6130
2986,1997,4,23623,13906,9717
2986,1997,5,23639,24366,-727
2986,1997,6,35385,27726,7659
2986,1997,7,23665,20526,3139
2986,1997,8,23647,29206,-5559
2986,1997,9,23671,17506,6165
2986,1997,10,23669,44506,-20837
2986,1997,11,23660,23606,54
2986,1997,12,35403,24859,10544
2986,1998,1,23662,27239,-3577
2986,1998,2,23677,23839,-162
2986,1998,3,23676,23639,37
2986,1998,4,23672,23339,333
2986,1998,5,23673,21139,2534
2986,1998,6,35324,53399,-18075
2986,1998,7,23610,12839,10771
2986,1998,8,23654,16639,7015
2986,1998,9,23680,17639,6041
2986,1998,10,23703,21539,2164
2986,1998,11,23710,22339,1371
2986,1998,12,35486,6524,28962
2987,1993,9,700,0,700
2987,1993,10,23597,2100,21497
2987,1993,11,23669,11300,12369
2987,1993,12,35496,22900,12596
2987,1994,1,23747,22800,947
2987,1994,2,23735,31084,-7349
2987,1994,3,23731,21384,2347
2987,1994,4,23733,23984,-251
2987,1994,5,23736,22084,1652
2987,1994,6,35504,42324,-6820
2987,1994,7,23716,20684,3032
2987,1994,8,23720,22984,736
2987,1994,9,23720,24284,-564
2987,1994,10,23716,24984,-1268
2987,1994,11,23719,22284,1435
2987,1994,12,35495,37724,-2229
2987,1995,1,23693,44744,-21051
2987,1995,2,23665,10984,12681
2987,1995,3,23686,24064,-378
2987,1995,4,23687,20184,3503
2987,1995,5,23698,21284,2414
2987,1995,6,35497,28884,6613
2987,1995,7,23717,27184,-3467
2987,1995,8,23711,24884,-1173
2987,1995,9,23709,24184,-475
2987,1995,10,23714,22284,1430
2987,1995,11,23766,8884,14882
2987,1995,12,35594,25004,10590
2987,1996,1,23779,48064,-24285
2987,1996,2,23739,19284,4455
2987,1996,3,23756,17984,5772
2987,1996,4,23781,18184,5597
2987,1996,5,23802,20684,3118
2987,1996,6,35583,54984,-19401
2987,1996,7,23745,15964,7781
2987,1996,8,23765,31684,-7919
2987,1996,9,23757,21184,2573
2987,1996,10,23766,25584,-1818
2987,1996,11,23758,21284,2474
2987,1996,12,35570,34164,1406
2987,1997,1,23772,35904,-12132
2987,1997,2,23721,21384,2337
2987,1997,3,23731,29104,-5373
2987,1997,4,23717,21284,2433
2987,1997,5,23712,31544,-7832
2987,1997,6,35485,29184,6301
2987,1997,7,23704,27984,-4280
2987,1997,8,23684,26984,-3300
2987,1997,9,23672,23284,388
2987,1997,10,23673,22484,1189
2987,1997,11,23674,24784,-1110
2987,1997,12,35479,28544,6935
2987,1998,1,23704,32884,-9180
2987,1998,2,23664,17084,6580
2987,1998,3,23692,19184,4508
2987,1998,4,23709,19484,4225
2987,1998,5,23718,25984,-2266
2987,1998,6,35488,37124,-1636
2987,1998,7,23711,16484,7227
2987,1998,8,23729,23684,45
2987,1998,9,23728,23384,344
2987,1998,10,23736,18484,5252
2987,1998,11,23753,20784,2969
2987,1998,12,35589,9729,25860
2988,1996,10,8159,0,8159
2988,1996,11,6834,0,6834
2988,1996,12,2834,0,2834
2988,1997,1,50037,43100,6937
2988,1997,2,123691,56100,67591
2988,1997,3,71054,79308,-8254
2988,1997,4,131980,113800,18180
2988,1997,5,53137,120850,-67713
2988,1997,6,38933,52142,-13209
2988,1997,7,12591,11800,791
2988,1997,8,1280,6700,-5420
2988,1997,9,43442,5800,37642
2988,1997,10,48874,22600,26274
2988,1997,11,49232,97234,-48002
2988,1997,12,23637,29900,-6263
2988,1998,1,93627,20600,73027
2988,1998,2,8016,45400,-37384
2988,1998,3,18214,29500,-11286
2988,1998,4,163,20800,-20637
2988,1998,5,114,13500,-13386
2988,1998,6,22521,7800,14721
2988,1998,7,108824,40284,68540
2988,1998,8,69604,78784,-9180
2988,1998,9,49530,99984,-50454
2988,1998,10,124,16384,-16260
2988,1998,11,66,12684,-12618
2988,1998,12,46946,8700,38246
2989,1993,11,600,0,600
2989,1993,12,5093,0,5093
2989,1994,1,5093,0,5093
2989,1994,2,5093,0,5093
2989,1994,3,5104,600,4504
2989,1994,4,5179,15,5164
2989,1994,5,5198,7670,-2472
2989,1994,6,5161,15010,-9849
2989,1994,7,5154,3410,1744
2989,1994,8,5161,3410,1751
2989,1994,9,5161,5410,-249
2989,1994,10,5167,3410,1757
2989,1994,11,5175,3410,1765
2989,1994,12,5177,4710,467
2989,1995,1,5163,11970,-6807
2989,1995,2,5155,3410,1745
2989,1995,3,5153,6450,-1297
2989,1995,4,5157,3410,1747
2989,1995,5,5165,3410,1755
2989,1995,6,5172,3410,1762
2989,1995,7,5174,8610,-3436
2989,1995,8,5165,3410,1755
2989,1995,9,5172,3410,1762
2989,1995,10,5174,6610,-1436
2989,1995,11,5171,5410,-239
2989,1995,12,5171,4110,1061
2989,1996,1,5157,10420,-5263
2989,1996,2,5155,3410,1745
2989,1996,3,5162,3410,1752
2989,1996,4,5170,3410,1760
2989,1996,5,5173,6130,-957
2989,1996,6,5173,3410,1763
2989,1996,7,5180,3410,1770
2989,1996,8,5188,3410,1778
2989,1996,9,5195,3410,1785
2989,1996,10,5196,5890,-694
2989,1996,11,5199,3410,1789
2989,1996,12,5205,4110,1095
2989,1997,1,5183,14280,-9097
2989,1997,2,5173,3970,1203
2989,1997,3,5178,3410,1768
2989,1997,4,5186,3410,1776
2989,1997,5,5193,3410,1783
2989,1997,6,5200,3410,1790
2989,1997,7,5206,5010,196
2989,1997,8,5209,3410,1799
2989,1997,9,5216,3410,1806
2989,1997,10,5223,3410,1813
2989,1997,11,5231,3810,1421
2989,1997,12,5236,4210,1026
2989,1998,1,5215,13190,-7975
2989,1998,2,5208,3410,1798
2989,1998,3,5210,5970,-760
2989,1998,4,5210,5170,40
2989,1998,5,5212,3410,1802
2989,1998,6,5214,7700,-2486
2989,1998,7,5209,3410,1799
2989,1998,8,5216,3410,1806
2989,1998,9,5221,7090,-1869
2989,1998,10,5216,3410,1806
2989,1998,11,5223,3410,1813
2989,1998,12,5221,9085,-3864
2990,1996,9,900,0,900
2990,1996,10,12418,0,12418
2990,1996,11,8363,0,8363
2990,1996,12,8944,0,8944
2990,1997,1,4217,3900,317
2990,1997,2,4217,4941,-724
2990,1997,3,6124,2741,3383
2990,1997,4,4238,3141,1097
2990,1997,5,5842,2741,3101
2990,1997,6,6278,21341,-15063
2990,1997,7,7797,2741,5056
2990,1997,8,4911,2741,2170
2990,1997,9,4210,6541,-2331
2990,1997,10,4811,2741,2070
2990,1997,11,5319,4041,1278
2990,1997,12,9377,4641,4736
2990,1998,1,6419,17841,-11422
2990,1998,2,11113,2741,8372
2990,1998,3,8743,2741,6002
2990,1998,4,9570,2741,6829
2990,1998,5,4274,6941,-2667
2990,1998,6,19608,20641,-1033
2990,1998,7,4266,3441,825
2990,1998,8,4268,4041,227
2990,1998,9,4268,4241,27
2990,1998,10,4266,4641,-375
2990,1998,11,4265,4841,-576
2990,1998,12,6309,5526,783
2991,1993,5,600,0,600
2991,1993,6,33580,5300,28280
2991,1993,7,22494,13400,9094
2991,1993,8,22524,18300,4224
2991,1993,9,22537,21700,837
2991,1993,10,22549,27750,-5201
2991,1993,11,22539,26210,-3671
2991,1993,12,33729,31610,2119
2991,1994,1,22536,21270,1266
2991,1994,2,22541,21170,1371
2991,1994,3,22545,22670,-125
2991,1994,4,22545,22170,375
2991,1994,5,22540,26630,-4090
2991,1994,6,33738,25970,7768
2991,1994,7,22549,26970,-4421
2991,1994,8,22543,20570,1973
2991,1994,9,22541,24470,-1929
2991,1994,10,22535,26710,-4175
2991,1994,11,22542,25270,-2728
2991,1994,12,33719,29350,4369
2991,1995,1,22508,29250,-6742
2991,1995,2,22496,21670,826
2991,1995,3,22492,24790,-2298
2991,1995,4,22495,20170,2325
2991,1995,5,22495,25350,-2855
2991,1995,6,33691,27370,6321
2991,1995,7,22483,34230,-11747
2991,1995,8,22455,24070,-1615
2991,1995,9,22445,24470,-2025
2991,1995,10,22442,22670,-228
2991,1995,11,22437,23370,-933
2991,1995,12,33627,34510,-883
2991,1996,1,22436,20670,1766
2991,1996,2,22426,25470,-3044
2991,1996,3,22420,23870,-1450
2991,1996,4,22450,13550,8900
2991,1996,5,22452,24670,-2218
2991,1996,6,33605,39670,-6065
2991,1996,7,22395,29270,-6875
2991,1996,8,22436,9470,12966
2991,1996,9,22490,9470,13020
2991,1996,10,22512,17510,5002
2991,1996,11,22494,28970,-6476
2991,1996,12,33690,28670,5020
2991,1997,1,22478,31670,-9192
2991,1997,2,22520,9470,13050
2991,1997,3,22480,35370,-12890
2991,1997,4,22520,9470,13050
2991,1997,5,22570,43170,-20600
2991,1997,6,33705,36970,-3265
2991,1997,7,22474,10310,12164
2991,1997,8,22512,34230,-11718
2991,1997,9,22467,15350,7117
2991,1997,10,22506,9470,13036
2991,1997,11,22560,9470,13090
2991,1997,12,33799,59990,-26191
2991,1998,1,22506,9470,13036
2991,1998,2,22539,43870,-21331
2991,1998,3,22462,17870,4592
2991,1998,4,22490,9470,13020
2991,1998,5,22544,9470,13074
2991,1998,6,33779,57930,-24151
2991,1998,7,22498,9470,13028
2991,1998,8,22552,9470,13082
2991,1998,9,22557,53470,-30913
2991,1998,10,22467,12950,9517
2991,1998,11,22516,12590,9926
2991,1998,12,33776,10575,23201
2992,1997,7,900,0,900
2992,1997,8,17938,0,17938
2992,1997,9,11483,4100,7383
2992,1997,10,11495,10000,1495
2992,1997,11,11525,2400,9125
2992,1997,12,17241,18391,-1150
2992,1998,1,14284,32931,-18647
2992,1998,2,11774,5411,6363
2992,1998,3,11490,8811,2679
2992,1998,4,11492,11431,61
2992,1998,5,11511,5811,5700
2992,1998,6,17219,17071,148
2992,1998,7,11523,9811,1712
2992,1998,8,11521,12611,-1090
2992,1998,9,11535,6511,5024
2992,1998,10,11544,10611,933
2992,1998,11,11554,8311,3243
2992,1998,12,17267,14656,2611
2993,1996,2,62554,0,62554
2993,1996,3,87869,83630,4239
2993,1996,4,41880,21330,20550
2993,1996,5,102057,89030,13027
2993,1996,6,111286,107930,3356
2993,1996,7,13629,38263,-24634
2993,1996,8,29268,39169,-9901
2993,1996,9,248,35630,-35382
2993,1996,10,113,12030,-11917
2993,1996,11,3191,30,3161
2993,1996,12,43177,2430,40747
2993,1997,1,53682,71654,-17972
2993,1997,2,123032,112729,10303
2993,1997,3,32624,22138,10486
2993,1997,4,9356,52783,-43427
2993,1997,5,99979,64930,35049
2993,1997,6,7366,16985,-9619
2993,1997,7,154,18232,-18078
2993,1997,8,17975,4230,13745
2993,1997,9,33601,11230,22371
2993,1997,10,283,13030,-12747
2993,1997,11,80581,35365,45216
2993,1997,12,43881,82409,-38528
2993,1998,1,15033,46130,-31097
2993,1998,2,25044,13230,11814
2993,1998,3,28183,4237,23946
2993,1998,4,69967,45860,24107
2993,1998,5,52724,72307,-19583
2993,1998,6,14330,61230,-46900
2993,1998,7,31922,18367,13555
2993,1998,8,80995,47598,33397
2993,1998,9,37050,39728,-2678
2993,1998,10,2282,18696,-16414
2993,1998,11,20421,36651,-16230
2993,1998,12,7311,28922,-21611
2994,1996,5,20023,0,20023
2994,1996,6,33475,0,33475
2994,1996,7,19308,13000,6308
2994,1996,8,19317,35300,-15983
2994,1996,9,19277,24792,-5515
2994,1996,10,19265,20186,-921
2994,1996,11,19259,18706,553
2994,1996,12,28801,26526,2275
2994,1997,1,23117,36506,-13389
2994,1997,2,19217,11186,8031
2994,1997,3,19251,12886,6365
2994,1997,4,19275,17186,2089
2994,1997,5,19282,18486,796
2994,1997,6,28828,29266,-438
2994,1997,7,19278,19486,-208
2994,1997,8,19279,17486,1793
2994,1997,9,19285,18986,299
2994,1997,10,19286,18486,800
2994,1997,11,19288,18486,802
2994,1997,12,28843,20986,7857
2994,1998,1,19298,29286,-9988
2994,1998,2,19284,14086,5198
2994,1998,3,19304,17786,1518
2994,1998,4,19306,20686,-1380
2994,1998,5,19297,22386,-3089
2994,1998,6,28833,36786,-7953
2994,1998,7,19253,18986,267
2994,1998,8,19247,22826,-3579
2994,1998,9,19242,14886,4356
2994,1998,10,19250,20986,-1736
2994,1998,11,19243,22546,-3303
2994,1998,12,28784,25691,3093
2995,1996,12,35545,0,35545
2995,1997,1,148,9300,-9152
2995,1997,2,148,5000,-4852
2995,1997,3,148,1300,-1152
2995,1997,4,4048,0,4048
2995,1997,5,2348,0,2348
2995,1997,6,148,300,-152
2995,1997,7,2348,0,2348
2995,1997,8,148,2100,-1952
2995,1997,9,7429,3500,3929
2995,1997,10,128,2500,-2372
2995,1997,11,528,0,528
2995,1997,12,3828,0,3828
2995,1998,1,1628,0,1628
2995,1998,2,3328,0,3328
2995,1998,3,48539,24500,24039
2995,1998,4,18732,13200,5532
2995,1998,5,40846,84715,-43869
2995,1998,6,15710,34515,-18805
2995,1998,7,5020,15,5005
2995,1998,8,8324,16215,-7891
2995,1998,9,15895,13434,2461
2995,1998,10,9413,11415,-2002
2995,1998,11,10503,13217,-2714
2995,1998,12,7300,12241,-4941
2996,1994,5,400,0,400
2996,1994,6,23292,0,23292
2996,1994,7,13679,5000,8679
2996,1994,8,13704,10200,3504
2996,1994,9,13719,10400,3319
2996,1994,10,13727,14416,-689
2996,1994,11,13739,13613,126
2996,1994,12,20507,22313,-1806
2996,1995,1,13694,27813,-14119
2996,1995,2,16481,7813,8668
2996,1995,3,13699,12213,1486
2996,1995,4,13708,10913,2795
2996,1995,5,13718,11713,2005
2996,1995,6,20504,30613,-10109
2996,1995,7,13693,8313,5380
2996,1995,8,13708,10913,2795
2996,1995,9,13716,11813,1903
2996,1995,10,13723,12213,1510
2996,1995,11,13728,14913,-1185
2996,1995,12,20517,15813,4704
2996,1996,1,13721,21813,-8092
2996,1996,2,15127,7813,7314
2996,1996,3,13752,8513,5239
2996,1996,4,13769,9513,4256
2996,1996,5,13780,11513,2267
2996,1996,6,20576,19213,1363
2996,1996,7,13782,14513,-731
2996,1996,8,13772,16413,-2641
2996,1996,9,13758,17313,-3555
2996,1996,10,13761,12413,1348
2996,1996,11,13753,15613,-1860
2996,1996,12,20547,16513,4034
2996,1997,1,19628,32013,-12385
2996,1997,2,13741,7813,5928
2996,1997,3,13763,8213,5550
2996,1997,4,13772,12213,1559
2996,1997,5,13776,19413,-5637
2996,1997,6,20488,32113,-11625
2996,1997,7,13723,10913,2810
2996,1997,8,14536,7813,6723
2996,1997,9,13762,12113,1649
2996,1997,10,13762,10813,2949
2996,1997,11,13781,10813,2968
2996,1997,12,20580,22713,-2133
2996,1998,1,13748,28413,-14665
2996,1998,2,15725,7813,7912
2996,1998,3,13755,10913,2842
2996,1998,4,13767,10913,2854
2996,1998,5,13981,7813,6168
2996,1998,6,21795,23413,-1618
2996,1998,7,13794,13413,381
2996,1998,8,13794,13913,-119
2996,1998,9,13791,16513,-2722
2996,1998,10,13783,13013,770
2996,1998,11,14593,7813,6780
2996,1998,12,20612,13898,6714
2997,1997,9,4079,0,4079
2997,1997,10,15827,0,15827
2997,1997,11,6869,0,6869
2997,1997,12,3079,3000,79
2997,1998,1,3072,8105,-5033
2997,1998,2,3059,2693,366
2997,1998,3,3261,2923,338
2997,1998,4,3059,3493,-434
2997,1998,5,3362,3043,319
2997,1998,6,4162,3313,849
2997,1998,7,4070,1993,2077
2997,1998,8,5984,1993,3991
2997,1998,9,5698,3073,2625
2997,1998,10,3096,4293,-1197
2997,1998,11,3082,7433,-4351
2997,1998,12,4684,2458,2226
2998,1997,11,22520,0,22520
2998,1997,12,36633,0,36633
2998,1998,1,22412,18200,4212
2998,1998,2,22426,19100,3326
2998,1998,3,22415,28488,-6073
2998,1998,4,22382,29816,-7434
2998,1998,5,22362,26416,-4054
2998,1998,6,33466,22416,11050
2998,1998,7,22371,32916,-10545
2998,1998,8,22356,23516,-1160
2998,1998,9,22343,26856,-4513
2998,1998,10,22335,22416,-81
2998,1998,11,22314,28556,-6242
2998,1998,12,33416,23701,9715
2999,1996,10,1000,0,1000
2999,1996,11,12555,0,12555
2999,1996,12,10105,0,10105
2999,1997,1,4424,0,4424
2999,1997,2,4342,5800,-1458
2999,1997,3,4315,7321,-3006
2999,1997,4,4313,6221,-1908
2999,1997,5,4606,2821,1785
2999,1997,6,6410,7521,-1111
2999,1997,7,4290,7921,-3631
2999,1997,8,6400,4501,1899
2999,1997,9,8115,2821,5294
2999,1997,10,4314,5421,-1107
2999,1997,11,5519,4021,1498
2999,1997,12,6399,14761,-8362
2999,1998,1,10379,11341,-962
2999,1998,2,4285,2821,1464
2999,1998,3,11719,2821,8898
2999,1998,4,10150,2821,7329
2999,1998,5,4352,9121,-4769
2999,1998,6,9021,14501,-5480
2999,1998,7,7317,2821,4496
2999,1998,8,4335,4421,-86
2999,1998,9,5135,2821,2314
2999,1998,10,5345,2821,2524
2999,1998,11,4352,10921,-6569
2999,1998,12,6426,9606,-3180
3000,1993,7,1000,0,1000
3000,1993,8,16573,0,16573
3000,1993,9,7114,2100,5014
3000,1993,10,7141,100,7041
3000,1993,11,7148,8200,-1052
3000,1993,12,10661,11235,-574
3000,1994,1,7133,12235,-5102
3000,1994,2,9749,2175,7574
3000,1994,3,7157,6215,942
3000,1994,4,7179,6615,564
3000,1994,5,7181,7415,-234
3000,1994,6,10695,3415,7280
3000,1994,7,7191,6915,276
3000,1994,8,7187,8715,-1528
3000,1994,9,7182,8315,-1133
3000,1994,10,7186,5215,1971
3000,1994,11,7190,6615,575
3000,1994,12,10703,10495,208
3000,1995,1,7170,18235,-11065
3000,1995,2,9465,8415,1050
3000,1995,3,7169,515,6654
3000,1995,4,7194,1515,5679
3000,1995,5,7206,6555,651
3000,1995,6,10671,29055,-18384
3000,1995,7,10458,15,10443
3000,1995,8,7189,1015,6174
3000,1995,9,7199,5295,1904
3000,1995,10,7212,4515,2697
3000,1995,11,7214,7615,-401
3000,1995,12,10710,21615,-10905
3000,1996,1,7752,12495,-4743
3000,1996,2,7849,5655,2194
3000,1996,3,7158,6875,283
3000,1996,4,7170,5115,2055
3000,1996,5,7170,5435,1735
3000,1996,6,12680,13615,-935
3000,1996,7,7173,2715,4458
3000,1996,8,7206,2275,4931
3000,1996,9,7213,3955,3258
3000,1996,10,7225,4215,3010
3000,1996,11,7249,6075,1174
3000,1996,12,10772,7015,3757
3000,1997,1,9042,15495,-6453
3000,1997,2,7232,3015,4217
3000,1997,3,7251,1715,5536
3000,1997,4,7278,5875,1403
3000,1997,5,7279,3115,4164
3000,1997,6,10785,51055,-40270
3000,1997,7,18446,15,18431
3000,1997,8,8812,15,8797
3000,1997,9,7243,3315,3928
3000,1997,10,7260,2615,4645
3000,1997,11,7277,4215,3062
3000,1997,12,10803,9535,1268
3000,1998,1,7976,15735,-7759
3000,1998,2,7267,1715,5552
3000,1998,3,7285,4615,2670
3000,1998,4,7292,6915,377
3000,1998,5,7289,12615,-5326
3000,1998,6,10752,37835,-27083
3000,1998,7,16789,15,16774
3000,1998,8,7743,15,7728
3000,1998,9,7258,10775,-3517
3000,1998,10,7252,3815,3437
3000,1998,11,8473,3135,5338
3000,1998,12,10808,6720,4088
3001,1993,3,400,0,400
3001,1993,4,14318,0,14318
3001,1993,5,6470,0,6470
3001,1993,6,2693,15,2678
3001,1993,7,2201,1615,586
3001,1993,8,33077,17015,16062
3001,1993,9,2257,9365,-7108
3001,1993,10,19764,3115,16649
3001,1993,11,2288,14915,-12627
3001,1993,12,2239,11015,-8776
3001,1994,1,4987,18565,-13578
3001,1994,2,6374,15,6359
3001,1994,3,2192,915,1277
3001,1994,4,3094,3965,-871
3001,1994,5,2189,3415,-1226
3001,1994,6,28284,15,28269
3001,1994,7,2289,10015,-7726
3001,1994,8,2262,6365,-4103
3001,1994,9,2246,6115,-3869
3001,1994,10,2239,1515,724
3001,1994,11,27611,2915,24696
3001,1994,12,2309,16315,-14006
3001,1995,1,2233,24465,-22232
3001,1995,2,6506,15,6491
3001,1995,3,2219,2415,-196
3001,1995,4,3125,15,3110
3001,1995,5,2234,1315,919
3001,1995,6,2227,5815,-3588
3001,1995,7,2216,4515,-2299
3001,1995,8,2207,3215,-1008
3001,1995,9,2311,15,2296
3001,1995,10,2212,3815,-1603
3001,1995,11,2208,2315,-107
3001,1995,12,51092,16365,34727
3001,1996,1,16666,34315,-17649
3001,1996,2,2269,8615,-6346
3001,1996,3,2252,2715,-463
3001,1996,4,2249,2815,-566
3001,1996,5,2352,1415,937
3001,1996,6,5212,18215,-13003
3001,1996,7,7114,1765,5349
3001,1996,8,28453,415,28038
3001,1996,9,2307,14015,-11708
3001,1996,10,2276,8515,-6239
3001,1996,11,2257,5115,-2858
3001,1996,12,2241,3815,-1574
3001,1997,1,2217,10315,-8098
3001,1997,2,7026,15,7011
3001,1997,3,3046,15,3031
3001,1997,4,7201,2465,4736
3001,1997,5,2267,3915,-1648
3001,1997,6,2182,23515,-21333
3001,1997,7,13595,15,13580
3001,1997,8,5433,1915,3518
3001,1997,9,3551,15,3536
3001,1997,10,2263,4615,-2352
3001,1997,11,51351,29615,21736
3001,1997,12,2328,18565,-16237
3001,1998,1,12817,23565,-10748
3001,1998,2,2231,4415,-2184
3001,1998,3,2221,5115,-2894
3001,1998,4,48855,24615,24240
3001,1998,5,2304,12815,-10511
3001,1998,6,11934,29515,-17581
3001,1998,7,7599,15,7584
3001,1998,8,2226,1115,1111
3001,1998,9,2227,4015,-1788
3001,1998,10,2220,3515,-1295
3001,1998,11,2213,3465,-1252
3001,1998,12,2208,2800,-592
3003,1993,11,500,0,500
3003,1993,12,12700,0,12700
3003,1994,1,7400,0,7400
3003,1994,2,0,300,-300
3003,1994,3,17910,9100,8810
3003,1994,4,121,2800,-2679
3003,1994,5,14911,6700,8211
3003,1994,6,144,3500,-3356
3003,1994,7,144,900,-756
3003,1994,8,144,3700,-3556
3003,1994,9,144,3100,-2956
3003,1994,10,144,100,44
3003,1994,11,1244,0,1244
3003,1994,12,244,0,244
3003,1995,1,144,1000,-856
3003,1995,2,344,0,344
3003,1995,3,3344,0,3344
3003,1995,4,33537,1200,32337
3003,1995,5,252,14500,-14248
3003,1995,6,36943,26700,10243
3003,1995,7,235,13600,-13365
3003,1995,8,235,6600,-6365
3003,1995,9,235,1200,-965
3003,1995,10,935,0,935
3003,1995,11,235,900,-665
3003,1995,12,1235,0,1235
3003,1996,1,3911,915,2996
3003,1996,2,168,3615,-3447
3003,1996,3,17686,8915,8771
3003,1996,4,178,5615,-5437
3003,1996,5,168,115,53
3003,1996,6,3960,25115,-21155
3003,1996,7,9291,2715,6576
3003,1996,8,1907,15,1892
3003,1996,9,4515,15,4500
3003,1996,10,6434,15,6419
3003,1996,11,4061,15,4046
3003,1996,12,177,1415,-1238
3003,1997,1,6160,12815,-6655
3003,1997,2,5845,15,5830
3003,1997,3,5169,15,5154
3003,1997,4,3690,15,3675
3003,1997,5,45721,415,45306
3003,1997,6,269,48415,-48146
3003,1997,7,6811,715,6096
3003,1997,8,3618,15,3603
3003,1997,9,36885,14315,22570
3003,1997,10,326,6315,-5989
3003,1997,11,301,2615,-2314
3003,1997,12,2583,6765,-4182
3003,1998,1,3646,14315,-10669
3003,1998,2,6244,1315,4929
3003,1998,3,2650,15,2635
3003,1998,4,3067,515,2552
3003,1998,5,7397,465,6932
3003,1998,6,6869,19915,-13046
3003,1998,7,12947,15,12932
3003,1998,8,8301,15,8286
3003,1998,9,5935,15,5920
3003,1998,10,20886,15,20871
3003,1998,11,428,5715,-5287
3003,1998,12,15313,26000,-10687
3004,1996,8,700,0,700
3004,1996,9,4641,0,4641
3004,1996,10,4641,0,4641
3004,1996,11,4641,0,4641
3004,1996,12,4641,0,4641
3004,1997,1,4679,11217,-6538
3004,1997,2,4699,3109,1590
3004,1997,3,4705,3109,1596
3004,1997,4,4712,3109,1603
3004,1997,5,4710,5589,-879
3004,1997,6,4697,10109,-5412
3004,1997,7,4693,3109,1584
3004,1997,8,4698,3509,1189
3004,1997,9,4704,3109,1595
3004,1997,10,4701,7809,-3108
3004,1997,11,4696,3829,867
3004,1997,12,4700,3909,791
3004,1998,1,4698,5809,-1111
3004,1998,2,4699,6209,-1510
3004,1998,3,4694,3109,1585
3004,1998,4,4700,3109,1591
3004,1998,5,4707,3109,1598
3004,1998,6,4714,3109,1605
3004,1998,7,4717,4229,488
3004,1998,8,4716,5749,-1033
3004,1998,9,4718,3109,1609
3004,1998,10,4723,5349,-626
3004,1998,11,4722,3109,1613
3004,1998,12,4728,4044,684
3005,1997,1,600,0,600
3005,1997,2,13500,0,13500
3005,1997,3,4000,0,4000
3005,1997,4,4100,0,4100
3005,1997,5,1100,0,1100
3005,1997,6,0,1200,-1200
3005,1997,7,400,0,400
3005,1997,8,0,3300,-3300
3005,1997,9,0,5900,-5900
3005,1997,10,1700,0,1700
3005,1997,11,0,200,-200
3005,1997,12,4900,0,4900
3005,1998,1,41576,0,41576
3005,1998,2,29173,21800,7373
3005,1998,3,68363,53379,14984
3005,1998,4,79564,99579,-20015
3005,1998,5,161,40579,-40418
3005,1998,6,26833,22804,4029
3005,1998,7,98306,22804,75502
3005,1998,8,63803,112204,-48401
3005,1998,9,19062,47204,-28142
3005,1998,10,73232,22804,50428
3005,1998,11,178,53380,-53202
3005,1998,12,51191,31404,19787
3006,1995,1,6633,0,6633
3006,1995,2,6444,0,6444
3006,1995,3,6444,0,6444
3006,1995,4,6444,0,6444
3006,1995,5,6506,7515,-1009
3006,1995,6,6502,14848,-8346
3006,1995,7,6487,5558,929
3006,1995,8,6489,7558,-1069
3006,1995,9,6491,3798,2693
3006,1995,10,6501,6278,223
3006,1995,11,6503,3798,2705
3006,1995,12,6515,4798,1717
3006,1996,1,6495,14278,-7783
3006,1996,2,6485,7078,-593
3006,1996,3,6486,6038,448
3006,1996,4,6489,3798,2691
3006,1996,5,6500,3798,2702
3006,1996,6,6505,6748,-243
3006,1996,7,6510,3798,2712
3006,1996,8,6522,3798,2724
3006,1996,9,6533,3798,2735
3006,1996,10,6544,3798,2746
3006,1996,11,6550,6038,512
3006,1996,12,6551,7148,-597
3006,1997,1,6531,11958,-5427
3006,1997,2,6532,7318,-786
3006,1997,3,6535,4098,2437
3006,1997,4,6539,3798,2741
3006,1997,5,6548,5698,850
3006,1997,6,6523,15298,-8775
3006,1997,7,6516,4438,2078
3006,1997,8,6524,6278,246
3006,1997,9,6524,4838,1686
3006,1997,10,6534,3798,2736
3006,1997,11,6544,4698,1846
3006,1997,12,6538,13958,-7420
3006,1998,1,6503,11638,-5135
3006,1998,2,6500,3798,2702
3006,1998,3,6512,3798,2714
3006,1998,4,6523,3798,2725
3006,1998,5,6530,5798,732
3006,1998,6,6518,11198,-4680
3006,1998,7,6508,8458,-1950
3006,1998,8,6509,6598,-89
3006,1998,9,6509,3798,2711
3006,1998,10,6515,5598,917
3006,1998,11,6507,10618,-4111
3006,1998,12,6492,9133,-2641
3007,1993,2,23325,0,23325
3007,1993,3,23524,0,23524
3007,1993,4,22680,12300,10380
3007,1993,5,22711,15900,6811
3007,1993,6,33944,48099,-14155
3007,1993,7,22659,21796,863
3007,1993,8,22660,33596,-10936
3007,1993,9,22654,22796,-142
3007,1993,10,22668,23796,-1128
3007,1993,11,22654,22596,58
3007,1993,12,33908,28396,5512
3007,1994,1,22636,31496,-8860
3007,1994,2,22641,17696,4945
3007,1994,3,22654,23596,-942
3007,1994,4,22652,22796,-144
3007,1994,5,22652,24196,-1544
3007,1994,6,33853,38796,-4943
3007,1994,7,22627,18696,3931
3007,1994,8,22641,19296,3345
3007,1994,9,22651,23496,-845
3007,1994,10,22647,22196,451
3007,1994,11,22649,21296,1353
3007,1994,12,33905,32296,1609
3007,1995,1,22624,36896,-14272
3007,1995,2,22604,17496,5108
3007,1995,3,22624,19496,3128
3007,1995,4,22639,20496,2143
3007,1995,5,22641,22296,345
3007,1995,6,33883,38496,-4613
3007,1995,7,22624,19996,2628
3007,1995,8,22632,21296,1336
3007,1995,9,22634,22596,38
3007,1995,10,22628,25996,-3368
3007,1995,11,22615,24596,-1981
3007,1995,12,33868,25196,8672
3007,1996,1,22612,37096,-14484
3007,1996,2,22589,18996,3593
3007,1996,3,22597,23196,-599
3007,1996,4,22601,19296,3305
3007,1996,5,22600,26596,-3996
3007,1996,6,33825,31596,2229
3007,1996,7,22596,23196,-600
3007,1996,8,22591,23396,-805
3007,1996,9,22584,24596,-2012
3007,1996,10,22572,25696,-3124
3007,1996,11,22560,24596,-2036
3007,1996,12,33811,25896,7915
3007,1997,1,22570,31996,-9426
3007,1997,2,22540,25196,-2656
3007,1997,3,22536,23396,-860
3007,1997,4,22569,10896,11673
3007,1997,5,22565,29496,-6931
3007,1997,6,33788,31496,2292
3007,1997,7,22545,27896,-5351
3007,1997,8,22576,8996,13580
3007,1997,9,22533,42696,-20163
3007,1997,10,22548,8996,13552
3007,1997,11,22507,39296,-16789
3007,1997,12,33791,11696,22095
3007,1998,1,22601,21096,1505
3007,1998,2,22631,8996,13635
3007,1998,3,22557,51096,-28539
3007,1998,4,22556,13796,8760
3007,1998,5,22606,8996,13610
3007,1998,6,33913,35896,-1983
3007,1998,7,22654,8996,13658
3007,1998,8,22607,40996,-18389
3007,1998,9,22634,8996,13638
3007,1998,10,22595,35196,-12601
3007,1998,11,22638,8996,13642
3007,1998,12,33856,36981,-3125
3008,1993,2,200,0,200
3008,1993,3,6934,0,6934
3008,1993,4,6934,0,6934
3008,1993,5,6934,0,6934
3008,1993,6,6934,0,6934
3008,1993,7,7014,7835,-821
3008,1993,8,7055,6855,200
3008,1993,9,7054,5955,1099
3008,1993,10,7060,7755,-695
3008,1993,11,7054,9455,-2401
3008,1993,12,7051,5285,1766
3008,1994,1,7033,20185,-13152
3008,1994,2,7004,2135,4869
3008,1994,3,7025,2135,4890
3008,1994,4,7044,2635,4409
3008,1994,5,7057,7435,-378
3008,1994,6,7042,13225,-6183
3008,1994,7,7034,4535,2499
3008,1994,8,7041,5635,1406
3008,1994,9,7044,8335,-1291
3008,1994,10,7047,2135,4912
3008,1994,11,7055,9855,-2800
3008,1994,12,7052,3985,3067
3008,1995,1,7060,14535,-7475
3008,1995,2,7036,2135,4901
3008,1995,3,7054,4035,3019
3008,1995,4,7061,8015,-954
3008,1995,5,7055,7715,-660
3008,1995,6,7029,15235,-8206
3008,1995,7,7029,2135,4894
3008,1995,8,7048,2635,4413
3008,1995,9,7059,5735,1324
3008,1995,10,7069,5755,1314
3008,1995,11,7070,8455,-1385
3008,1995,12,7060,10255,-3195
3008,1996,1,7050,10415,-3365
3008,1996,2,7045,2135,4910
3008,1996,3,7070,2695,4375
3008,1996,4,7075,5935,1140
3008,1996,5,7080,5735,1345
3008,1996,6,7082,16185,-9103
3008,1996,7,7045,9655,-2610
3008,1996,8,7042,4135,2907
3008,1996,9,7056,4475,2581
3008,1996,10,7065,4235,2830
3008,1996,11,7079,2135,4944
3008,1996,12,7099,2635,4464
3008,1997,1,7083,21735,-14652
3008,1997,2,7057,2135,4922
3008,1997,3,7071,9895,-2824
3008,1997,4,7066,2135,4931
3008,1997,5,7089,3535,3554
3008,1997,6,7086,8235,-1149
3008,1997,7,7100,3235,3865
3008,1997,8,7113,2135,4978
3008,1997,9,7133,4035,3098
3008,1997,10,7142,5235,1907
3008,1997,11,7140,9535,-2395
3008,1997,12,7137,7035,102
3008,1998,1,7130,12135,-5005
3008,1998,2,7122,2135,4987
3008,1998,3,7141,4935,2206
3008,1998,4,7148,6535,613
3008,1998,5,7149,9975,-2826
3008,1998,6,7122,10235,-3113
3008,1998,7,7130,2135,4995
3008,1998,8,7151,2135,5016
3008,1998,9,7172,2135,5037
3008,1998,10,7192,2775,4417
3008,1998,11,7208,8135,-927
3008,1998,12,7196,7330,-134
3009,1996,1,900,0,900
3009,1996,2,4109,0,4109
3009,1996,3,4109,0,4109
3009,1996,4,4109,0,4109
3009,1996,5,4109,0,4109
3009,1996,6,4142,11054,-6912
3009,1996,7,4156,2754,1402
3009,1996,8,4162,2754,1408
3009,1996,9,4168,2754,1414
3009,1996,10,4174,2754,1420
3009,1996,11,4180,2754,1426
3009,1996,12,4184,3404,780
3009,1997,1,4189,2754,1435
3009,1997,2,4195,2754,1441
3009,1997,3,4200,4514,-314
3009,1997,4,4197,5634,-1437
3009,1997,5,4192,3554,638
3009,1997,6,4184,7904,-3720
3009,1997,7,4181,2754,1427
3009,1997,8,4187,2754,1433
3009,1997,9,4191,5234,-1043
3009,1997,10,4188,2754,1434
3009,1997,11,4194,3234,960
3009,1997,12,4198,3874,324
3009,1998,1,4199,3714,485
3009,1998,2,4201,2754,1447
3009,1998,3,4207,2754,1453
3009,1998,4,4211,3874,337
3009,1998,5,4210,4834,-624
3009,1998,6,4204,5954,-1750
3009,1998,7,4197,6034,-1837
3009,1998,8,4197,2754,1443
3009,1998,9,4203,2754,1449
3009,1998,10,4209,2754,1455
3009,1998,11,4207,6114,-1907
3009,1998,12,4204,4189,15
3010,1995,9,800,0,800
3010,1995,10,24537,0,24537
3010,1995,11,2306,0,2306
3010,1995,12,706,0,706
3010,1996,1,106,1400,-1294
3010,1996,2,2706,0,2706
3010,1996,3,1206,0,1206
3010,1996,4,1906,0,1906
3010,1996,5,106,100,6
3010,1996,6,2606,0,2606
3010,1996,7,7882,0,7882
3010,1996,8,180,800,-620
3010,1996,9,6196,4900,1296
3010,1996,10,183,1300,-1117
3010,1996,11,183,3100,-2917
3010,1996,12,183,200,-17
3010,1997,1,183,2600,-2417
3010,1997,2,1583,0,1583
3010,1997,3,183,700,-517
3010,1997,4,1383,0,1383
3010,1997,5,183,1600,-1417
3010,1997,6,183,3100,-2917
3010,1997,7,60162,13515,46647
3010,1997,8,340,24415,-24075
3010,1997,9,241,9415,-9174
3010,1997,10,200,6015,-5815
3010,1997,11,1681,15,1666
3010,1997,12,185,1615,-1430
3010,1998,1,2900,15,2885
3010,1998,2,394,1315,-921
3010,1998,3,21547,5715,15832
3010,1998,4,249,6215,-5966
3010,1998,5,230,3015,-2785
3010,1998,6,19417,27115,-7698
3010,1998,7,11090,2315,8775
3010,1998,8,5424,15,5409
3010,1998,9,17115,915,16200
3010,1998,10,4314,15,4299
3010,1998,11,1531,15,1516
3011,1993,9,3681,0,3681
3011,1993,10,3286,0,3286
3011,1993,11,3286,0,3286
3011,1993,12,3286,0,3286
3011,1994,1,3312,4655,-1343
3011,1994,2,3325,2195,1130
3011,1994,3,3329,3875,-546
3011,1994,4,3327,2195,1132
3011,1994,5,3330,3035,295
3011,1994,6,3333,3305,28
3011,1994,7,3334,2435,899
3011,1994,8,3337,2195,1142
3011,1994,9,3341,3335,6
3011,1994,10,3342,2195,1147
3011,1994,11,3346,3245,101
3011,1994,12,3346,2815,531
3011,1995,1,3342,7475,-4133
3011,1995,2,3332,2195,1137
3011,1995,3,3337,2595,742
3011,1995,4,3340,2195,1145
3011,1995,5,3344,3485,-141
3011,1995,6,3339,5455,-2116
3011,1995,7,3334,2675,659
3011,1995,8,3332,6885,-3553
3011,1995,9,3323,2195,1128
3011,1995,10,3325,4295,-970
3011,1995,11,3324,2195,1129
3011,1995,12,3329,2195,1134
3011,1996,1,3329,4205,-876
3011,1996,2,3329,2195,1134
3011,1996,3,3334,2195,1139
3011,1996,4,3337,4215,-878
3011,1996,5,3334,2695,639
3011,1996,6,3327,6725,-3398
3011,1996,7,3324,2195,1129
3011,1996,8,3328,2195,1133
3011,1996,9,3328,4305,-977
3011,1996,10,3328,2495,833
3011,1996,11,3330,3395,-65
3011,1996,12,3332,2195,1137
3011,1997,1,3331,4555,-1224
3011,1997,2,3324,5295,-1971
3011,1997,3,3323,2195,1128
3011,1997,4,3328,3095,233
3011,1997,5,3329,2195,1134
3011,1997,6,3325,5795,-2470
3011,1997,7,3323,2195,1128
3011,1997,8,3328,2195,1133
3011,1997,9,3333,2195,1138
3011,1997,10,3335,3095,240
3011,1997,11,3337,2705,632
3011,1997,12,3333,5195,-1862
3011,1998,1,3332,3155,177
3011,1998,2,3334,2195,1139
3011,1998,3,3332,4495,-1163
3011,1998,4,3334,2195,1139
3011,1998,5,3333,4175,-842
3011,1998,6,3335,2195,1140
3011,1998,7,3337,3095,242
3011,1998,8,3340,2195,1145
3011,1998,9,3345,3125,220
3011,1998,10,3347,2195,1152
3011,1998,11,3351,2195,1156
3011,1998,12,3354,3050,304
3012,1997,4,600,0,600
3012,1997,5,15232,0,15232
3012,1997,6,7482,0,7482
3012,1997,7,7314,0,7314
3012,1997,8,4037,300,3737
3012,1997,9,5251,2616,2635
3012,1997,10,4057,3716,341
3012,1997,11,4058,3896,162
3012,1997,12,4963,3156,1807
3012,1998,1,4061,6286,-2225
3012,1998,2,5363,2616,2747
3012,1998,3,6678,2616,4062
3012,1998,4,6294,2616,3678
3012,1998,5,5207,2616,2591
3012,1998,6,4107,8166,-4059
3012,1998,7,4092,5736,-1644
3012,1998,8,5294,2616,2678
3012,1998,9,4101,3216,885
3012,1998,10,4105,2916,1189
3012,1998,11,4095,7916,-3821
3012,1998,12,4082,7571,-3489
3013,1997,12,5529,0,5529
3013,1998,1,4734,0,4734
3013,1998,2,4734,0,4734
3013,1998,3,4734,0,4734
3013,1998,4,4782,6999,-2217
3013,1998,5,4792,3079,1713
3013,1998,6,4782,11069,-6287
3013,1998,7,4772,3959,813
3013,1998,8,4775,3719,1056
3013,1998,9,4780,3079,1701
3013,1998,10,4786,3879,907
3013,1998,11,4785,5379,-594
3013,1998,12,4788,3714,1074
3014,1995,3,78089,0,78089
3014,1995,4,115817,140130,-24313
3014,1995,5,64006,53480,10526
3014,1995,6,101960,84630,17330
3014,1995,7,101615,123951,-22336
3014,1995,8,42128,47130,-5002
3014,1995,9,13524,21830,-8306
3014,1995,10,24107,26230,-2123
3014,1995,11,78188,52433,25755
3014,1995,12,66583,84718,-18135
3014,1996,1,4327,29815,-25488
3014,1996,2,808,30,778
3014,1996,3,5513,2130,3383
3014,1996,4,5226,30,5196
3014,1996,5,5539,16920,-11381
3014,1996,6,5900,30,5870
3014,1996,7,6024,30,5994
3014,1996,8,2149,30,2119
3014,1996,9,1257,30,1227
3014,1996,10,7939,16180,-8241
3014,1996,11,7130,3841,3289
3014,1996,12,6434,5130,1304
3014,1997,1,26754,18630,8124
3014,1997,2,9868,19118,-9250
3014,1997,3,48464,18030,30434
3014,1997,4,41453,11430,30023
3014,1997,5,344,46396,-46052
3014,1997,6,4607,14284,-9677
3014,1997,7,11257,13757,-2500
3014,1997,8,4151,3487,664
3014,1997,9,100121,58851,41270
3014,1997,10,323,20330,-20007
3014,1997,11,217,12930,-12713
3014,1997,12,7334,21630,-14296
3014,1998,1,173244,135457,37787
3014,1998,2,342,39009,-38667
3014,1998,3,55330,4008,51322
3014,1998,4,13374,25330,-11956
3014,1998,5,14148,17630,-3482
3014,1998,6,103046,103502,-456
3014,1998,7,197560,197130,430
3014,1998,8,52544,21930,30614
3014,1998,9,68352,97957,-29605
3014,1998,10,240,34851,-34611
3014,1998,11,5140,2837,2303
3014,1998,12,4837,8400,-3563
3015,1996,6,900,0,900
3015,1996,7,3222,0,3222
3015,1996,8,3222,0,3222
3015,1996,9,3222,0,3222
3015,1996,10,3222,0,3222
3015,1996,11,3264,2163,1101
3015,1996,12,3284,3903,-619
3015,1997,1,3278,5373,-2095
3015,1997,2,3276,2163,1113
3015,1997,3,3281,2313,968
3015,1997,4,3284,2763,521
3015,1997,5,3287,2163,1124
3015,1997,6,3292,2163,1129
3015,1997,7,3297,2163,1134
3015,1997,8,3298,3723,-425
3015,1997,9,3299,2643,656
3015,1997,10,3302,2163,1139
3015,1997,11,3307,2163,1144
3015,1997,12,3311,2703,608
3015,1998,1,3309,6093,-2784
3015,1998,2,3302,2403,899
3015,1998,3,3306,2163,1143
3015,1998,4,3311,2733,578
3015,1998,5,3314,2343,971
3015,1998,6,3317,4953,-1636
3015,1998,7,3309,3003,306
3015,1998,8,3312,2163,1149
3015,1998,9,3317,2163,1154
3015,1998,10,3322,2163,1159
3015,1998,11,3326,2163,1163
3015,1998,12,3330,2538,792
3016,1996,2,700,0,700
3016,1996,3,16566,0,16566
3016,1996,4,15532,3400,12132
3016,1996,5,15574,11400,4174
3016,1996,6,23315,19000,4315
3016,1996,7,15604,22732,-7128
3016,1996,8,15580,17632,-2052
3016,1996,9,15576,14632,944
3016,1996,10,15581,13832,1749
3016,1996,11,15590,12332,3258
3016,1996,12,23327,29832,-6505
3016,1997,1,15560,26332,-10772
3016,1997,2,15533,10932,4601
3016,1997,3,16150,14832,1318
3016,1997,4,15560,9732,5828
3016,1997,5,15582,11332,4250
3016,1997,6,23290,39432,-16142
3016,1997,7,15738,8532,7206
3016,1997,8,15555,13332,2223
3016,1997,9,15569,11832,3737
3016,1997,10,15588,10132,5456
3016,1997,11,15598,15632,-34
3016,1997,12,23343,17432,5911
3016,1998,1,15604,26732,-11128
3016,1998,2,15572,18632,-3060
3016,1998,3,15566,14532,1034
3016,1998,4,15577,12832,2745
3016,1998,5,15587,11732,3855
3016,1998,6,23323,28332,-5009
3016,1998,7,15586,10432,5154
3016,1998,8,15571,23732,-8161
3016,1998,9,15556,17532,-1976
3016,1998,10,15548,18832,-3284
3016,1998,11,17867,8532,9335
3016,1998,12,24246,9217,15029
3017,1994,8,700,0,700
3017,1994,9,23260,0,23260
3017,1994,10,19317,10800,8517
3017,1994,11,19349,12300,7049
3017,1994,12,28968,24700,4268
3017,1995,1,19338,36130,-16792
3017,1995,2,19341,10363,8978
3017,1995,3,19360,18163,1197
3017,1995,4,19355,20663,-1308
3017,1995,5,19339,21463,-2124
3017,1995,6,28937,39643,-10706
3017,1995,7,19323,16703,2620
3017,1995,8,19331,11863,7468
3017,1995,9,19341,17663,1678
3017,1995,10,19330,21323,-1993
3017,1995,11,19331,17863,1468
3017,1995,12,28951,23123,5828
3017,1996,1,19295,40443,-21148
3017,1996,2,19282,15983,3299
3017,1996,3,19286,17463,1823
3017,1996,4,19332,6963,12369
3017,1996,5,19314,26163,-6849
3017,1996,6,28927,24163,4764
3017,1996,7,19313,24563,-5250
3017,1996,8,19298,33663,-14365
3017,1996,9,19314,18263,1051
3017,1996,10,19306,20883,-1577
3017,1996,11,19287,19763,-476
3017,1996,12,28910,26163,2747
3017,1997,1,19290,13083,6207
3017,1997,2,19303,26063,-6760
3017,1997,3,19292,20563,-1271
3017,1997,4,19289,18763,526
3017,1997,5,19289,16763,2526
3017,1997,6,28930,21763,7167
3017,1997,7,19321,25783,-6462
3017,1997,8,19302,21563,-2261
3017,1997,9,19295,18163,1132
3017,1997,10,19296,20063,-767
3017,1997,11,19290,17543,1747
3017,1997,12,28916,21983,6933
3017,1998,1,19290,28583,-9293
3017,1998,2,19286,16463,2823
3017,1998,3,19295,19763,-468
3017,1998,4,19291,22063,-2772
3017,1998,5,19286,18263,1023
3017,1998,6,28906,22263,6643
3017,1998,7,19298,25683,-6385
3017,1998,8,19281,19463,-182
3017,1998,9,19277,20163,-886
3017,1998,10,19274,20863,-1589
3017,1998,11,19269,18763,506
3017,1998,12,28905,11108,17797
3018,1996,12,600,0,600
3018,1997,1,23249,0,23249
3018,1997,2,99,2400,-2301
3018,1997,3,61470,0,61470
3018,1997,4,39598,30515,9083
3018,1997,5,117166,128015,-10849
3018,1997,6,44642,75664,-31022
3018,1997,7,109568,103515,6053
3018,1997,8,55000,46963,8037
3018,1997,9,29296,39615,-10319
3018,1997,10,153,31559,-31406
3018,1997,11,6992,10515,-3523
3018,1997,12,48573,28959,19614
3018,1998,1,39356,65128,-25772
3018,1998,2,1154,15,1139
3018,1998,3,19346,30272,-10926
3018,1998,4,8214,5115,3099
3018,1998,5,43086,16415,26671
3018,1998,6,10245,29078,-18833
3018,1998,7,3759,15,3744
3018,1998,8,1974,15,1959
3018,1998,9,6979,9315,-2336
3018,1998,10,21406,28829,-7423
3018,1998,11,11644,9177,2467
3018,1998,12,0,3600,-3600
3019,1996,4,300,0,300
3019,1996,5,19324,0,19324
3019,1996,6,25441,14600,10841
3019,1996,7,17021,17500,-479
3019,1996,8,17026,13400,3626
3019,1996,9,17035,16815,220
3019,1996,10,17035,17415,-380
3019,1996,11,17032,18015,-983
3019,1996,12,25520,25275,245
3019,1997,1,17048,18775,-1727
3019,1997,2,17031,13815,3216
3019,1997,3,17043,26555,-9512
3019,1997,4,16996,20355,-3359
3019,1997,5,16988,20275,-3287
3019,1997,6,25446,17415,8031
3019,1997,7,17006,15715,1291
3019,1997,8,17013,15215,1798
3019,1997,9,17011,18915,-1904
3019,1997,10,17003,19295,-2292
3019,1997,11,17005,14615,2390
3019,1997,12,25475,18915,6560
3019,1998,1,17018,28495,-11477
3019,1998,2,16986,17615,-629
3019,1998,3,16991,14715,2276
3019,1998,4,16995,17015,-20
3019,1998,5,16993,17515,-522
3019,1998,6,25451,23175,2276
3019,1998,7,17013,13215,3798
3019,1998,8,17027,13815,3212
3019,1998,9,17027,18215,-1188
3019,1998,10,17011,21715,-4704
3019,1998,11,17011,15615,1396
3019,1998,12,25428,38640,-13212
3020,1996,8,5613,0,5613
3020,1996,9,11045,15,11030
3020,1996,10,7683,2615,5068
3020,1996,11,6705,15,6690
3020,1996,12,3924,1215,2709
3020,1997,1,4516,13715,-9199
3020,1997,2,6102,15,6087
3020,1997,3,6730,15,6715
3020,1997,4,2745,2715,30
3020,1997,5,2750,215,2535
3020,1997,6,2722,18215,-15493
3020,1997,7,9113,15,9098
3020,1997,8,5734,2915,2819
3020,1997,9,10966,15,10951
3020,1997,10,3091,1515,1576
3020,1997,11,45868,3965,41903
3020,1997,12,13919,24115,-10196
3020,1998,1,2838,30765,-27927
3020,1998,2,2810,2065,745
3020,1998,3,3719,15,3704
3020,1998,4,15963,1765,14198
3020,1998,5,2870,7665,-4795
3020,1998,6,14965,36315,-21350
3020,1998,7,9583,15,9568
3020,1998,8,13119,7515,5604
3020,1998,9,2843,3615,-772
3020,1998,10,2838,6715,-3877
3020,1998,11,2821,6915,-4094
3020,1998,12,2804,1900,904
3021,1996,4,300,0,300
3021,1996,5,21787,0,21787
3021,1996,6,29296,12200,17096
3021,1996,7,19620,16100,3520
3021,1996,8,19624,21800,-2176
3021,1996,9,19626,21615,-1989
3021,1996,10,19620,21015,-1395
3021,1996,11,19618,24815,-5197
3021,1996,12,29298,39325,-10027
3021,1997,1,25838,29357,-3519
3021,1997,2,19543,15697,3846
3021,1997,3,19558,23444,-3886
3021,1997,4,19558,8857,10701
3021,1997,5,19584,21415,-1831
3021,1997,6,29321,26557,2764
3021,1997,7,19591,15257,4334
3021,1997,8,19598,18857,741
3021,1997,9,19572,32139,-12567
3021,1997,10,19574,21657,-2083
3021,1997,11,19538,19093,445
3021,1997,12,29272,30657,-1385
3021,1998,1,19538,18957,581
3021,1998,2,19555,13057,6498
3021,1998,3,19568,18157,1411
3021,1998,4,19566,20357,-791
3021,1998,5,19550,24657,-5107
3021,1998,6,29292,21757,7535
3021,1998,7,19565,25957,-6392
3021,1998,8,19560,23508,-3948
3021,1998,9,19574,3257,16317
3021,1998,10,19583,26778,-7195
3021,1998,11,19577,17257,2320
3021,1998,12,29298,39850,-10552
3022,1996,10,700,0,700
3022,1996,11,4755,0,4755
3022,1996,12,4755,0,4755
3022,1997,1,4755,0,4755
3022,1997,2,4755,0,4755
3022,1997,3,4824,3185,1639
3022,1997,4,4849,3745,1104
3022,1997,5,4847,7105,-2258
3022,1997,6,4840,5935,-1095
3022,1997,7,4839,5905,-1066
3022,1997,8,4835,3185,1650
3022,1997,9,4835,5505,-670
3022,1997,10,4839,3185,1654
3022,1997,11,4846,3185,1661
3022,1997,12,4853,3185,1668
3022,1998,1,4841,10075,-5234
3022,1998,2,4838,3185,1653
3022,1998,3,4845,3185,1660
3022,1998,4,4852,3185,1667
3022,1998,5,4859,5905,-1046
3022,1998,6,4845,7685,-2840
3022,1998,7,4842,3745,1097
3022,1998,8,4847,3185,1662
3022,1998,9,4854,3185,1669
3022,1998,10,4861,3185,1676
3022,1998,11,4868,3665,1203
3022,1998,12,4863,8450,-3587
3023,1997,10,6836,0,6836
3023,1997,11,6147,0,6147
3023,1997,12,6147,0,6147
3023,1998,1,6147,0,6147
3023,1998,2,6150,15,6135
3023,1998,3,6261,2228,4033
3023,1998,4,6272,4428,1844
3023,1998,5,6273,6728,-455
3023,1998,6,6233,21778,-15545
3023,1998,7,6200,8708,-2508
3023,1998,8,6201,7908,-1707
3023,1998,9,6201,2228,3973
3023,1998,10,6211,4128,2083
3023,1998,11,6227,2228,3999
3023,1998,12,6240,2863,3377
3024,1996,12,400,0,400
3024,1997,1,6713,0,6713
3024,1997,2,6713,0,6713
3024,1997,3,6713,0,6713
3024,1997,4,6764,1200,5564
3024,1997,5,6829,5176,1653
3024,1997,6,6806,14876,-8070
3024,1997,7,6794,8996,-2202
3024,1997,8,6796,3876,2920
3024,1997,9,6809,3376,3433
3024,1997,10,6813,7576,-763
3024,1997,11,6810,7376,-566
3024,1997,12,6815,5636,1179
3024,1998,1,6823,5276,1547
3024,1998,2,6825,6596,229
3024,1998,3,6824,5896,928
3024,1998,4,6835,2876,3959
3024,1998,5,6843,5976,867
3024,1998,6,6827,18976,-12149
3024,1998,7,6804,5316,1488
3024,1998,8,6812,2276,4536
3024,1998,9,6822,5376,1446
3024,1998,10,6828,9096,-2268
3024,1998,11,6810,8276,-1466
3024,1998,12,6797,10811,-4014
3025,1997,12,800,0,800
3025,1998,1,6367,0,6367
3025,1998,2,6367,0,6367
3025,1998,3,6380,200,6180
3025,1998,4,6453,1500,4953
3025,1998,5,6475,7095,-620
3025,1998,6,6459,11879,-5420
3025,1998,7,6452,3669,2783
3025,1998,8,6455,9429,-2974
3025,1998,9,6444,9469,-3025
3025,1998,10,6435,6469,-34
3025,1998,11,6437,4369,2068
3025,1998,12,6441,7954,-1513
3026,1993,2,400,0,400
3026,1993,3,24079,0,24079
3026,1993,4,20856,12400,8456
3026,1993,5,20886,15400,5486
3026,1993,6,31285,22800,8485
3026,1993,7,20933,26239,-5306
3026,1993,8,20916,22839,-1923
3026,1993,9,20909,22679,-1770
3026,1993,10,20902,21239,-337
3026,1993,11,20906,18139,2767
3026,1993,12,31280,35259,-3979
3026,1994,1,20890,26439,-5549
3026,1994,2,20876,19879,997
3026,1994,3,20879,21579,-700
3026,1994,4,20879,17439,3440
3026,1994,5,20884,21339,-455
3026,1994,6,31245,47779,-16534
3026,1994,7,20851,17699,3152
3026,1994,8,20825,26759,-5934
3026,1994,9,20823,13539,7284
3026,1994,10,20834,20739,95
3026,1994,11,21371,8039,13332
3026,1994,12,31298,17179,14119
3026,1995,1,20920,35359,-14439
3026,1995,2,20893,18839,2054
3026,1995,3,20909,16539,4370
3026,1995,4,20917,19939,978
3026,1995,5,20924,19039,1885
3026,1995,6,31279,35999,-4720
3026,1995,7,20908,20239,669
3026,1995,8,20903,23039,-2136
3026,1995,9,20900,21299,-399
3026,1995,10,20904,19039,1865
3026,1995,11,20912,18839,2073
3026,1995,12,31301,26619,4682
3026,1996,1,20887,35199,-14312
3026,1996,2,20888,15839,5049
3026,1996,3,20884,28739,-7855
3026,1996,4,20873,17039,3834
3026,1996,5,20879,20539,340
3026,1996,6,31247,25919,5328
3026,1996,7,20883,34799,-13916
3026,1996,8,20856,28739,-7883
3026,1996,9,20839,22839,-2000
3026,1996,10,20833,8039,12794
3026,1996,11,20880,30139,-9259
3026,1996,12,31234,31879,-645
3026,1997,1,20842,13439,7403
3026,1997,2,20873,8039,12834
3026,1997,3,20910,43299,-22389
3026,1997,4,20835,8039,12796
3026,1997,5,20873,15479,5394
3026,1997,6,31285,47039,-15754
3026,1997,7,20836,12839,7997
3026,1997,8,20879,8039,12840
3026,1997,9,20934,9239,11695
3026,1997,10,20935,52219,-31284
3026,1997,11,20849,8039,12810
3026,1997,12,31299,9159,22140
3026,1998,1,20929,58339,-37410
3026,1998,2,20837,8039,12798
3026,1998,3,20892,10799,10093
3026,1998,4,20934,8039,12895
3026,1998,5,20988,8039,12949
3026,1998,6,31357,71939,-40582
3026,1998,7,20873,8039,12834
3026,1998,8,20926,8039,12887
3026,1998,9,20979,8039,12940
3026,1998,10,21029,11159,9870
3026,1998,11,21069,11759,9310
3026,1998,12,31422,46184,-14762
3027,1996,4,1000,0,1000
3027,1996,5,4479,0,4479
3027,1996,6,4479,0,4479
3027,1996,7,4479,0,4479
3027,1996,8,4479,0,4479
3027,1996,9,4495,115,4380
3027,1996,10,4581,2646,1935
3027,1996,11,4588,3746,842
3027,1996,12,4589,5796,-1207
3027,1997,1,4566,12646,-8080
3027,1997,2,4553,2646,1907
3027,1997,3,4561,2646,1915
3027,1997,4,4569,2646,1923
3027,1997,5,4577,2646,1931
3027,1997,6,4582,5746,-1164
3027,1997,7,4578,4746,-168
3027,1997,8,4569,5826,-1257
3027,1997,9,4565,6366,-1801
3027,1997,10,4567,2646,1921
3027,1997,11,4573,3926,647
3027,1997,12,4567,8246,-3679
3027,1998,1,4544,9766,-5222
3027,1998,2,4540,2646,1894
3027,1998,3,4548,2646,1902
3027,1998,4,4552,5446,-894
3027,1998,5,4541,5446,-905
3027,1998,6,4549,2646,1903
3027,1998,7,4557,2646,1911
3027,1998,8,4552,7046,-2494
3027,1998,9,4554,2646,1908
3027,1998,10,4562,2646,1916
3027,1998,11,4570,2646,1924
3027,1998,12,4575,3181,1394
3028,1993,9,400,0,400
3028,1993,10,4214,0,4214
3028,1993,11,4214,0,4214
3028,1993,12,4214,0,4214
3028,1994,1,4214,0,4214
3028,1994,2,4217,15,4202
3028,1994,3,4309,2215,2094
3028,1994,4,4314,3715,599
3028,1994,5,4314,4615,-301
3028,1994,6,4302,14375,-10073
3028,1994,7,4277,2215,2062
3028,1994,8,4285,3495,790
3028,1994,9,4289,2215,2074
3028,1994,10,4298,2215,2083
3028,1994,11,4304,2615,1689
3028,1994,12,4301,9795,-5494
3028,1995,1,4272,8055,-3783
3028,1995,2,4274,2215,2059
3028,1995,3,4283,2215,2068
3028,1995,4,4285,4715,-430
3028,1995,5,4287,3115,1172
3028,1995,6,4288,4015,273
3028,1995,7,4288,4415,-127
3028,1995,8,4284,5515,-1231
3028,1995,9,4285,3715,570
3028,1995,10,4283,5395,-1112
3028,1995,11,4288,2215,2073
3028,1995,12,4291,4065,226
3028,1996,1,4278,9135,-4857
3028,1996,2,4277,2215,2062
3028,1996,3,4286,2215,2071
3028,1996,4,4293,2415,1878
3028,1996,5,4296,4015,281
3028,1996,6,4300,3015,1285
3028,1996,7,4296,5815,-1519
3028,1996,8,4297,4215,82
3028,1996,9,4303,2215,2088
3028,1996,10,4311,2415,1896
3028,1996,11,4318,3175,1143
3028,1996,12,4317,5935,-1618
3028,1997,1,4298,12765,-8467
3028,1997,2,4281,2515,1766
3028,1997,3,4282,7095,-2813
3028,1997,4,4277,2215,2062
3028,1997,5,4285,3615,670
3028,1997,6,4285,7615,-3330
3028,1997,7,4273,3815,458
3028,1997,8,4277,2215,2062
3028,1997,9,4276,8035,-3759
3028,1997,10,4268,3515,753
3028,1997,11,4272,2215,2057
3028,1997,12,4278,3465,813
3028,1998,1,4273,5735,-1462
3028,1998,2,4278,2215,2063
3028,1998,3,4284,4115,169
3028,1998,4,4287,2215,2072
3028,1998,5,4289,7115,-2826
3028,1998,6,4281,4015,266
3028,1998,7,4281,5315,-1034
3028,1998,8,4281,2215,2066
3028,1998,9,4289,2215,2074
3028,1998,10,4298,2215,2083
3028,1998,11,4291,10835,-6544
3028,1998,12,4275,3910,365
3029,1996,12,700,0,700
3029,1997,1,5978,0,5978
3029,1997,2,5978,0,5978
3029,1997,3,5978,0,5978
3029,1997,4,6003,2500,3503
3029,1997,5,6085,1529,4556
3029,1997,6,6070,18729,-12659
3029,1997,7,6048,3929,2119
3029,1997,8,6059,1829,4230
3029,1997,9,6070,6229,-159
3029,1997,10,6063,11029,-4966
3029,1997,11,6048,6429,-381
3029,1997,12,6052,2279,3773
3029,1998,1,6033,20879,-14846
3029,1998,2,6008,1529,4479
3029,1998,3,6027,1529,4498
3029,1998,4,6044,3049,2995
3029,1998,5,6055,3029,3026
3029,1998,6,6051,7729,-1678
3029,1998,7,6064,1529,4535
3029,1998,8,6073,7189,-1116
3029,1998,9,6078,1529,4549
3029,1998,10,6089,4929,1160
3029,1998,11,6082,8829,-2747
3029,1998,12,6087,2864,3223
3030,1994,6,800,0,800
3030,1994,7,3132,0,3132
3030,1994,8,3132,0,3132
3030,1994,9,3132,0,3132
3030,1994,10,3132,0,3132
3030,1994,11,3182,3303,-121
3030,1994,12,3191,2913,278
3030,1995,1,3188,4473,-1285
3030,1995,2,3187,2103,1084
3030,1995,3,3191,2103,1088
3030,1995,4,3193,2823,370
3030,1995,5,3198,2103,1095
3030,1995,6,3201,3063,138
3030,1995,7,3203,2103,1100
3030,1995,8,3207,2103,1104
3030,1995,9,3212,2103,1109
3030,1995,10,3216,2103,1113
3030,1995,11,3221,2103,1118
3030,1995,12,3229,2793,436
3030,1996,1,3219,5193,-1974
3030,1996,2,3219,2103,1116
3030,1996,3,3222,2793,429
3030,1996,4,3226,2103,1123
3030,1996,5,3230,2713,517
3030,1996,6,3225,8993,-5768
3030,1996,7,3206,3303,-97
3030,1996,8,3208,2103,1105
3030,1996,9,3210,2823,387
3030,1996,10,3214,2103,1111
3030,1996,11,3219,2103,1116
3030,1996,12,3223,2463,760
3030,1997,1,3216,6903,-3687
3030,1997,2,3209,4053,-844
3030,1997,3,3203,3603,-400
3030,1997,4,3206,2103,1103
3030,1997,5,3210,2343,867
3030,1997,6,3203,5163,-1960
3030,1997,7,3206,2103,1103
3030,1997,8,3207,3333,-126
3030,1997,9,3210,2103,1107
3030,1997,10,3214,2103,1111
3030,1997,11,3219,2103,1116
3030,1997,12,3222,2553,669
3030,1998,1,3219,6213,-2994
3030,1998,2,3214,2103,1111
3030,1998,3,3218,2103,1115
3030,1998,4,3223,2103,1120
3030,1998,5,3223,4593,-1370
3030,1998,6,3218,3843,-625
3030,1998,7,3218,2523,695
3030,1998,8,3222,2103,1119
3030,1998,9,3227,2103,1124
3030,1998,10,3231,2103,1128
3030,1998,11,3236,2103,1133
3030,1998,12,3237,4098,-861
3031,1997,3,4798,0,4798
3031,1997,4,4204,0,4204
3031,1997,5,4204,0,4204
3031,1997,6,4204,0,4204
3031,1997,7,4252,515,3737
3031,1997,8,4264,6304,-2040
3031,1997,9,4262,4404,-142
3031,1997,10,4260,4804,-544
3031,1997,11,4265,2804,1461
3031,1997,12,4256,7284,-3028
3031,1998,1,4247,7844,-3597
3031,1998,2,4243,2804,1439
3031,1998,3,4249,2804,1445
3031,1998,4,4255,2804,1451
3031,1998,5,4261,2804,1457
3031,1998,6,4267,2804,1463
3031,1998,7,4274,2804,1470
3031,1998,8,4280,2804,1476
3031,1998,9,4286,2804,1482
3031,1998,10,4284,6984,-2700
3031,1998,11,4281,2804,1477
3031,1998,12,4278,6829,-2551
3032,1993,6,300,0,300
3032,1993,7,6605,0,6605
3032,1993,8,6605,0,6605
3032,1993,9,6605,0,6605
3032,1993,10,6694,2100,4594
3032,1993,11,6716,5073,1643
3032,1993,12,6720,5923,797
3032,1994,1,6696,17573,-10877
3032,1994,2,6683,2873,3810
3032,1994,3,6695,6313,382
3032,1994,4,6701,2873,3828
3032,1994,5,6717,2873,3844
3032,1994,6,6723,10033,-3310
3032,1994,7,6718,4573,2145
3032,1994,8,6721,10373,-3652
3032,1994,9,6711,8593,-1882
3032,1994,10,6705,4473,2232
3032,1994,11,6714,3673,3041
3032,1994,12,6718,8603,-1885
3032,1995,1,6705,11453,-4748
3032,1995,2,6698,5473,1225
3032,1995,3,6703,6773,-70
3032,1995,4,6700,6593,107
3032,1995,5,6703,8753,-2050
3032,1995,6,6692,4473,2219
3032,1995,7,6702,8573,-1871
3032,1995,8,6696,4573,2123
3032,1995,9,6701,10613,-3912
3032,1995,10,6686,6873,-187
3032,1995,11,6689,2873,3816
3032,1995,12,6706,4423,2283
3032,1996,1,6696,13513,-6817
3032,1996,2,6686,2873,3813
3032,1996,3,6697,5253,1444
3032,1996,4,6694,10473,-3779
3032,1996,5,6688,5773,915
3032,1996,6,6689,10433,-3744
3032,1996,7,6680,2973,3707
3032,1996,8,6686,8973,-2287
3032,1996,9,6675,9573,-2898
3032,1996,10,6670,4553,2117
3032,1996,11,6673,8073,-1400
3032,1996,12,6676,3323,3353
3032,1997,1,6679,9913,-3234
3032,1997,2,6677,2873,3804
3032,1997,3,6693,2873,3820
3032,1997,4,6709,2873,3836
3032,1997,5,6725,2873,3852
3032,1997,6,6741,2873,3868
3032,1997,7,6704,27573,-20869
3032,1997,8,6670,2873,3797
3032,1997,9,6681,5113,1568
3032,1997,10,6689,6473,216
3032,1997,11,6686,5593,1093
3032,1997,12,6689,6213,476
3032,1998,1,6686,10873,-4187
3032,1998,2,6681,2873,3808
3032,1998,3,6698,2873,3825
3032,1998,4,6713,2873,3840
3032,1998,5,6729,2873,3856
3032,1998,6,6745,2873,3872
3032,1998,7,6761,2873,3888
3032,1998,8,6768,6233,535
3032,1998,9,6774,6633,141
3032,1998,10,6780,2873,3907
3032,1998,11,6796,2873,3923
3032,1998,12,6812,4258,2554
3033,1997,12,900,0,900
3033,1998,1,2902,0,2902
3033,1998,2,2902,0,2902
3033,1998,3,2902,0,2902
3033,1998,4,2902,0,2902
3033,1998,5,2942,1949,993
3033,1998,6,2961,1949,1012
3033,1998,7,2965,1949,1016
3033,1998,8,2968,2639,329
3033,1998,9,2971,1949,1022
3033,1998,10,2975,1949,1026
3033,1998,11,2979,2339,640
3033,1998,12,2982,2234,748
3035,1993,8,800,0,800
3035,1993,9,46391,11600,34791
3035,1993,10,46505,26900,19605
3035,1993,11,46520,56700,-10180
3035,1993,12,69708,55800,13908
3035,1994,1,46495,82649,-36154
3035,1994,2,46454,30673,15781
3035,1994,3,46517,34573,11944
3035,1994,4,46530,47650,-1120
3035,1994,5,46535,44073,2462
3035,1994,6,69686,70973,-1287
3035,1994,7,46523,52273,-5750
3035,1994,8,46528,40673,5855
3035,1994,9,46581,24719,21862
3035,1994,10,46629,44073,2556
3035,1994,11,46649,35273,11376
3035,1994,12,69806,76873,-7067
3035,1995,1,46532,88249,-41717
3035,1995,2,46548,15273,31275
3035,1995,3,46640,30173,16467
3035,1995,4,46656,50446,-3790
3035,1995,5,46640,48996,-2356
3035,1995,6,69697,103475,-33778
3035,1995,7,46576,18973,27603
3035,1995,8,46611,41470,5141
3035,1995,9,46632,46673,-41
3035,1995,10,46640,39473,7167
3035,1995,11,46631,66740,-20109
3035,1995,12,69812,40173,29639
3035,1996,1,46572,84973,-38401
3035,1996,2,46565,36373,10192
3035,1996,3,46561,53742,-7181
3035,1996,4,46533,61870,-15337
3035,1996,5,46525,35573,10952
3035,1996,6,69752,45735,24017
3035,1996,7,46628,74373,-27745
3035,1996,8,46613,44173,2440
3035,1996,9,46621,46673,-52
3035,1996,10,46609,60881,-14272
3035,1996,11,46560,37073,9487
3035,1996,12,69783,61073,8710
3035,1997,1,46586,74773,-28187
3035,1997,2,46514,36773,9741
3035,1997,3,46540,44973,1567
3035,1997,4,46526,52353,-5827
3035,1997,5,46530,43673,2857
3035,1997,6,69756,50673,19083
3035,1997,7,46613,49773,-3160
3035,1997,8,46593,52173,-5580
3035,1997,9,46573,44973,1600
3035,1997,10,46578,44473,2105
3035,1997,11,46584,44573,2011
3035,1997,12,69779,59773,10006
3035,1998,1,46491,77873,-31382
3035,1998,2,46483,44095,2388
3035,1998,3,46519,37873,8646
3035,1998,4,46552,37673,8879
3035,1998,5,46577,46957,-380
3035,1998,6,69736,62001,7735
3035,1998,7,46535,59058,-12523
3035,1998,8,46546,47873,-1327
3035,1998,9,46529,50986,-4457
3035,1998,10,46529,49256,-2727
3035,1998,11,46520,35573,10947
3035,1998,12,69701,69092,609
3036,1994,4,43334,0,43334
3036,1994,5,180,7700,-7520
3036,1994,6,52146,5200,46946
3036,1994,7,344,30800,-30456
3036,1994,8,19403,23700,-4297
3036,1994,9,199,13800,-13601
3036,1994,10,9215,5615,3600
3036,1994,11,110,18358,-18248
3036,1994,12,2083,15,2068
3036,1995,1,36867,10515,26352
3036,1995,2,195,19110,-18915
3036,1995,3,122,615,-493
3036,1995,4,204,5980,-5776
3036,1995,5,2795,3615,-820
3036,1995,6,4693,15,4678
3036,1995,7,101,4198,-4097
3036,1995,8,39562,715,38847
3036,1995,9,249,27215,-26966
3036,1995,10,143,5115,-4972
3036,1995,11,23122,4515,18607
3036,1995,12,49785,54732,-4947
3036,1996,1,127,22115,-21988
3036,1996,2,88,415,-327
3036,1996,3,7294,6615,679
3036,1996,4,89,5215,-5126
3036,1996,5,23001,14815,8186
3036,1996,6,102,4615,-4513
3036,1996,7,83,4415,-4332
3036,1996,8,0,15,-15
3036,1996,9,48751,29415,19336
3036,1996,10,38902,33115,5787
3036,1996,11,159,18615,-18456
3036,1996,12,92,8915,-8823
3036,1997,1,5860,15,5845
3036,1997,2,16961,21515,-4554
3036,1997,3,36677,27625,9052
3036,1997,4,24775,22115,2660
3036,1997,5,109,9115,-9006
3036,1997,6,24274,14315,9959
3036,1997,7,93844,61115,32729
3036,1997,8,172,38407,-38235
3036,1997,9,23200,1315,21885
3036,1997,10,16352,23348,-6996
3036,1997,11,151,8315,-8164
3036,1997,12,30826,4915,25911
3036,1998,1,36751,67515,-30764
3036,1998,2,97,4215,-4118
3036,1998,3,31659,23210,8449
3036,1998,4,79129,31115,48014
3036,1998,5,15498,43131,-27633
3036,1998,6,198,19215,-19017
3036,1998,7,97411,55715,41696
3036,1998,8,29012,72228,-43216
3036,1998,9,44232,28915,15317
3036,1998,10,126,23376,-23250
3036,1998,11,81,4315,-4234
3037,1994,5,1000,0,1000
3037,1994,6,12900,0,12900
3037,1994,7,16532,4600,11932
3037,1994,8,1808,0,1808
3037,1994,9,108,200,-92
3037,1994,10,26707,14900,11807
3037,1994,11,53623,6100,47523
3037,1994,12,361,32900,-32539
3037,1995,1,75260,109615,-34355
3037,1995,2,142760,73415,69345
3037,1995,3,294,40315,-40021
3037,1995,4,10883,27815,-16932
3037,1995,5,290,23015,-22725
3037,1995,6,70225,50027,20198
3037,1995,7,28691,30715,-2024
3037,1995,8,97993,40915,57078
3037,1995,9,44743,59215,-14472
3037,1995,10,240,36215,-35975
3037,1995,11,40349,42015,-1666
3037,1995,12,113,20515,-20402
3037,1996,1,51,8815,-8764
3037,1996,2,15,15,0
3037,1996,3,0,15,-15
3037,1996,4,8032,15,8017
3037,1996,5,47,6715,-6668
3037,1996,6,20,6516,-6496
3037,1996,7,0,31,-31
3037,1996,8,14702,31,14671
3037,1996,9,8155,7815,340
3037,1996,10,6958,6115,843
3037,1996,11,8444,14334,-5890
3037,1996,12,10623,15134,-4511
3037,1997,1,27781,19234,8547
3037,1997,2,27529,18734,8795
3037,1997,3,28931,13834,15097
3037,1997,4,76,32339,-32263
3037,1997,5,25920,5515,20405
3037,1997,6,91754,76734,15020
3037,1997,7,26230,35834,-9604
3037,1997,8,73204,45008,28196
3037,1997,9,51628,53730,-2102
3037,1997,10,113,37393,-37280
3037,1997,11,44376,16034,28342
3037,1997,12,35831,26934,8897
3037,1998,1,96,40434,-40338
3037,1998,2,63,7415,-7352
3037,1998,3,32,6015,-5983
3037,1998,4,8,15,-7
3037,1998,5,40457,15,40442
3037,1998,6,61,33034,-32973
3037,1998,7,8705,12434,-3729
3037,1998,8,0,15,-15
3037,1998,9,47,15,32
3037,1998,10,0,15,-15
3037,1998,11,24,15,9
3038,1996,4,1000,0,1000
3038,1996,5,22151,1700,20451
3038,1996,6,135806,64915,70891
3038,1996,7,50294,84496,-34202
3038,1996,8,57320,62320,-5000
3038,1996,9,80565,33315,47250
3038,1996,10,13716,56058,-42342
3038,1996,11,123760,113482,10278
3038,1996,12,32910,57375,-24465
3038,1997,1,128952,88615,40337
3038,1997,2,41939,64615,-22676
3038,1997,3,72706,41264,31442
3038,1997,4,72851,86815,-13964
3038,1997,5,29022,36415,-7393
3038,1997,6,49488,47421,2067
3038,1997,7,188563,186515,2048
3038,1997,8,313,16515,-16202
3038,1997,9,66429,20915,45514
3038,1997,10,10970,62615,-51645
3038,1997,11,96016,82115,13901
3038,1997,12,272,4215,-3943
3038,1998,1,57018,50080,6938
3038,1998,2,290,10249,-9959
3038,1998,3,223,24774,-24551
3038,1998,4,81766,23919,57847
3038,1998,5,304,61957,-61653
3038,1998,6,11033,15,11018
3038,1998,7,24729,24735,-6
3038,1998,8,53768,15,53753
3038,1998,9,69730,67469,2261
3038,1998,10,75606,64915,10691
3038,1998,11,66179,128936,-62757
3038,1998,12,31675,14700,16975
3039,1993,12,600,0,600
3039,1994,1,14349,0,14349
3039,1994,2,9488,2200,7288
3039,1994,3,9518,1900,7618
3039,1994,4,9526,9700,-174
3039,1994,5,9521,11583,-2062
3039,1994,6,14211,24263,-10052
3039,1994,7,9486,7183,2303
3039,1994,8,9499,6583,2916
3039,1994,9,9507,8183,1324
3039,1994,10,9513,8283,1230
3039,1994,11,9518,8983,535
3039,1994,12,15944,10923,5021
3039,1995,1,9494,26403,-16909
3039,1995,2,15497,6283,9214
3039,1995,3,10317,6283,4034
3039,1995,4,9630,7363,2267
3039,1995,5,9540,6483,3057
3039,1995,6,14258,9883,4375
3039,1995,7,9546,14603,-5057
3039,1995,8,9544,8083,1461
3039,1995,9,9555,6683,2872
3039,1995,10,9550,15663,-6113
3039,1995,11,10934,12523,-1589
3039,1995,12,14242,11003,3239
3039,1996,1,16995,27043,-10048
3039,1996,2,12704,6283,6421
3039,1996,3,9522,11883,-2361
3039,1996,4,10020,6283,3737
3039,1996,5,9533,10183,-650
3039,1996,6,14235,13143,1092
3039,1996,7,9535,8583,952
3039,1996,8,9525,13083,-3558
3039,1996,9,9525,7383,2142
3039,1996,10,9533,7983,1550
3039,1996,11,10142,6283,3859
3039,1996,12,14259,17003,-2744
3039,1997,1,14416,19003,-4587
3039,1997,2,13529,7123,6406
3039,1997,3,13044,11443,1601
3039,1997,4,10761,8923,1838
3039,1997,5,9668,6283,3385
3039,1997,6,17161,19563,-2402
3039,1997,7,9569,7883,1686
3039,1997,8,9573,8823,750
3039,1997,9,9577,8783,794
3039,1997,10,13381,12403,978
3039,1997,11,12087,13603,-1516
3039,1997,12,21802,10123,11679
3039,1998,1,17804,34363,-16559
3039,1998,2,21082,6283,14799
3039,1998,3,12528,11323,1205
3039,1998,4,13535,6283,7252
3039,1998,5,9959,6283,3676
3039,1998,6,14382,14643,-261
3039,1998,7,9667,12823,-3156
3039,1998,8,10661,6283,4378
3039,1998,9,9873,9163,710
3039,1998,10,9677,7683,1994
3039,1998,11,12399,6883,5516
3039,1998,12,14426,8508,5918
3040,1996,8,4317,0,4317
3040,1996,9,3321,0,3321
3040,1996,10,3321,0,3321
3040,1996,11,3321,0,3321
3040,1996,12,3364,2217,1147
3040,1997,1,3366,4107,-741
3040,1997,2,3368,2217,1151
3040,1997,3,3373,2217,1156
3040,1997,4,3377,3087,290
3040,1997,5,3379,2217,1162
3040,1997,6,3390,2217,1173
3040,1997,7,3388,2457,931
3040,1997,8,3399,2217,1182
3040,1997,9,3397,3987,-590
3040,1997,10,3401,2217,1184
3040,1997,11,3406,2217,1189
3040,1997,12,3411,2217,1194
3040,1998,1,3403,4917,-1514
3040,1998,2,3406,2577,829
3040,1998,3,3413,2217,1196
3040,1998,4,3410,3627,-217
3040,1998,5,3408,4287,-879
3040,1998,6,3387,10587,-7200
3040,1998,7,3377,2217,1160
3040,1998,8,3388,2217,1171
3040,1998,9,3386,2217,1169
3040,1998,10,3397,3447,-50
3040,1998,11,3398,2217,1181
3040,1998,12,3396,2202,1194
3041,1996,4,4563,0,4563
3041,1996,5,11602,0,11602
3041,1996,6,11875,0,11875
3041,1996,7,4168,3600,568
3041,1996,8,4175,1815,2360
3041,1996,9,4180,3215,965
3041,1996,10,5586,2715,2871
3041,1996,11,4198,2815,1383
3041,1996,12,6227,6515,-288
3041,1997,1,8179,16515,-8336
3041,1997,2,11053,9815,1238
3041,1997,3,4173,3515,658
3041,1997,4,4175,3915,260
3041,1997,5,4176,4315,-139
3041,1997,6,6605,7015,-410
3041,1997,7,4173,5815,-1642
3041,1997,8,4167,4415,-248
3041,1997,9,4257,5515,-1258
3041,1997,10,5556,5315,241
3041,1997,11,4159,7915,-3756
3041,1997,12,6171,10315,-4144
3041,1998,1,4107,11015,-6908
3041,1998,2,4501,2715,1786
3041,1998,3,7211,2715,4496
3041,1998,4,4121,8015,-3894
3041,1998,5,4811,2715,2096
3041,1998,6,6145,6415,-270
3041,1998,7,4109,6215,-2106
3041,1998,8,4109,2715,1394
3041,1998,9,4109,7115,-3006
3041,1998,10,4102,2715,1387
3041,1998,11,4108,2815,1293
3041,1998,12,6142,3400,2742
3042,1993,9,500,0,500
3042,1993,10,18449,0,18449
3042,1993,11,15313,3600,11713
3042,1993,12,22964,12300,10664
3042,1994,1,15376,16800,-1424
3042,1994,2,15378,15874,-496
3042,1994,3,15367,21158,-5791
3042,1994,4,15350,17318,-1968
3042,1994,5,15347,14858,489
3042,1994,6,22936,27178,-4242
3042,1994,7,15325,20138,-4813
3042,1994,8,15306,13718,1588
3042,1994,9,15322,12158,3164
3042,1994,10,15327,14958,369
3042,1994,11,15328,15058,270
3042,1994,12,22933,22158,775
3042,1995,1,15287,30278,-14991
3042,1995,2,18403,6358,12045
3042,1995,3,15325,16458,-1133
3042,1995,4,15300,19278,-3978
3042,1995,5,15298,14858,440
3042,1995,6,25246,10078,15168
3042,1995,7,15363,14258,1105
3042,1995,8,15358,16558,-1200
3042,1995,9,15356,15458,-102
3042,1995,10,15343,20218,-4875
3042,1995,11,15340,13958,1382
3042,1995,12,22954,20518,2436
3042,1996,1,15312,33558,-18246
3042,1996,2,16811,6358,10453
3042,1996,3,15320,15798,-478
3042,1996,4,15340,8458,6882
3042,1996,5,15350,13958,1392
3042,1996,6,22972,17058,5914
3042,1996,7,15359,19958,-4599
3042,1996,8,15329,34158,-18829
3042,1996,9,15308,15358,-50
3042,1996,10,15306,16158,-852
3042,1996,11,15304,13958,1346
3042,1996,12,22922,25838,-2916
3042,1997,1,15289,16178,-889
3042,1997,2,15295,6358,8937
3042,1997,3,15325,23778,-8453
3042,1997,4,15297,6358,8939
3042,1997,5,15325,24158,-8833
3042,1997,6,22925,6358,16567
3042,1997,7,15351,29658,-14307
3042,1997,8,15307,6358,8949
3042,1997,9,15327,26958,-11631
3042,1997,10,15296,6358,8938
3042,1997,11,15332,6358,8974
3042,1997,12,22957,41078,-18121
3042,1998,1,15282,13318,1964
3042,1998,2,15301,6358,8943
3042,1998,3,15331,12238,3093
3042,1998,4,15352,6358,8994
3042,1998,5,15390,6358,9032
3042,1998,6,23034,20758,2276
3042,1998,7,15437,6358,9079
3042,1998,8,15462,9478,5984
3042,1998,9,15412,63558,-48146
3042,1998,10,15299,6358,8941
3042,1998,11,15335,6358,8977
3042,1998,12,22995,11623,11372
3043,1996,12,800,0,800
3043,1997,1,4152,0,4152
3043,1997,2,4152,0,4152
3043,1997,3,4152,0,4152
3043,1997,4,4152,0,4152
3043,1997,5,4208,2783,1425
3043,1997,6,4231,9833,-5602
3043,1997,7,4211,2783,1428
3043,1997,8,4215,5283,-1068
3043,1997,9,4209,4943,-734
3043,1997,10,4208,4083,125
3043,1997,11,4209,3263,946
3043,1997,12,4211,4033,178
3043,1998,1,4207,5983,-1776
3043,1998,2,4207,2783,1424
3043,1998,3,4213,2783,1430
3043,1998,4,4216,4703,-487
3043,1998,5,4212,6883,-2671
3043,1998,6,4206,2783,1423
3043,1998,7,4212,2783,1429
3043,1998,8,4218,2783,1435
3043,1998,9,4222,5423,-1201
3043,1998,10,4219,2783,1436
3043,1998,11,4225,2783,1442
3043,1998,12,4224,6228,-2004
3044,1996,9,500,0,500
3044,1996,10,4134,0,4134
3044,1996,11,4134,0,4134
3044,1996,12,4134,0,4134
3044,1997,1,4134,0,4134
3044,1997,2,4137,15,4122
3044,1997,3,4217,5571,-1354
3044,1997,4,4221,2771,1450
3044,1997,5,4226,3331,895
3044,1997,6,4230,2771,1459
3044,1997,7,4237,2771,1466
3044,1997,8,4238,3971,267
3044,1997,9,4244,2771,1473
3044,1997,10,4250,2771,1479
3044,1997,11,4256,2771,1485
3044,1997,12,4253,8051,-3798
3044,1998,1,4220,12541,-8321
3044,1998,2,4202,5651,-1449
3044,1998,3,4206,2771,1435
3044,1998,4,4211,2771,1440
3044,1998,5,4215,3891,324
3044,1998,6,4212,5271,-1059
3044,1998,7,4214,2771,1443
3044,1998,8,4214,5571,-1357
3044,1998,9,4205,7571,-3366
3044,1998,10,4201,2771,1430
3044,1998,11,4207,2771,1436
3044,1998,12,4211,4056,155
3045,1995,6,300,0,300
3045,1995,7,6079,0,6079
3045,1995,8,6079,0,6079
3045,1995,9,6079,0,6079
3045,1995,10,6079,0,6079
3045,1995,11,6178,3281,2897
3045,1995,12,6206,5231,975
3045,1996,1,6179,17941,-11762
3045,1996,2,6158,4141,2017
3045,1996,3,6179,2381,3798
3045,1996,4,6195,2381,3814
3045,1996,5,6201,2681,3520
3045,1996,6,6208,9131,-2923
3045,1996,7,6207,3981,2226
3045,1996,8,6209,5281,928
3045,1996,9,6224,8501,-2277
3045,1996,10,6210,5381,829
3045,1996,11,6218,7181,-963
3045,1996,12,6205,5681,524
3045,1997,1,6183,15541,-9358
3045,1997,2,6170,3281,2889
3045,1997,3,6181,5621,560
3045,1997,4,6184,6181,3
3045,1997,5,6183,5781,402
3045,1997,6,6181,7181,-1000
3045,1997,7,6182,3581,2601
3045,1997,8,6195,6101,94
3045,1997,9,6191,5081,1110
3045,1997,10,6191,7801,-1610
3045,1997,11,6188,5581,607
3045,1997,12,6191,10301,-4110
3045,1998,1,6152,12291,-6139
3045,1998,2,6154,5381,773
3045,1998,3,6139,8841,-2702
3045,1998,4,6143,3821,2322
3045,1998,5,6150,4581,1569
3045,1998,6,6165,2481,3684
3045,1998,7,6175,6881,-706
3045,1998,8,6164,7481,-1317
3045,1998,9,6164,3981,2183
3045,1998,10,6165,9861,-3696
3045,1998,11,6168,2381,3787
3045,1998,12,6164,9216,-3052
3046,1997,8,1100,0,1100
3046,1997,9,15201,0,15201
3046,1997,10,7644,0,7644
3046,1997,11,4868,0,4868
3046,1997,12,3879,2000,1879
3046,1998,1,3874,7978,-4104
3046,1998,2,4171,2517,1654
3046,1998,3,3864,6717,-2853
3046,1998,4,6273,2517,3756
3046,1998,5,5987,2517,3470
3046,1998,6,3884,11677,-7793
3046,1998,7,4764,3597,1167
3046,1998,8,3841,9917,-6076
3046,1998,9,3840,3017,823
3046,1998,10,3839,4217,-378
3046,1998,11,3825,7617,-3792
3046,1998,12,3811,7252,-3441
3047,1993,2,600,0,600
3047,1993,3,3474,0,3474
3047,1993,4,3474,0,3474
3047,1993,5,3474,0,3474
3047,1993,6,3474,0,3474
3047,1993,7,3525,2331,1194
3047,1993,8,3543,2331,1212
3047,1993,9,3548,2331,1217
3047,1993,10,3553,2331,1222
3047,1993,11,3555,3381,174
3047,1993,12,3558,3261,297
3047,1994,1,3542,8451,-4909
3047,1994,2,3540,2331,1209
3047,1994,3,3545,3261,284
3047,1994,4,3545,3231,314
3047,1994,5,3547,2541,1006
3047,1994,6,3549,4131,-582
3047,1994,7,3549,2331,1218
3047,1994,8,3554,2331,1223
3047,1994,9,3559,2331,1228
3047,1994,10,3564,2331,1233
3047,1994,11,3567,3921,-354
3047,1994,12,3568,2331,1237
3047,1995,1,3554,7971,-4417
3047,1995,2,3552,3531,21
3047,1995,3,3554,2961,593
3047,1995,4,3557,2331,1226
3047,1995,5,3562,2331,1231
3047,1995,6,3551,8961,-5410
3047,1995,7,3541,3471,70
3047,1995,8,3545,2331,1214
3047,1995,9,3550,2331,1219
3047,1995,10,3555,2331,1224
3047,1995,11,3560,2331,1229
3047,1995,12,3565,2631,934
3047,1996,1,3558,7641,-4083
3047,1996,2,3552,2331,1221
3047,1996,3,3557,2331,1226
3047,1996,4,3562,2331,1231
3047,1996,5,3565,3141,424
3047,1996,6,3569,2331,1238
3047,1996,7,3574,2331,1243
3047,1996,8,3578,3801,-223
3047,1996,9,3578,2841,737
3047,1996,10,3581,2331,1250
3047,1996,11,3585,5131,-1546
3047,1996,12,3577,3411,166
3047,1997,1,3571,8361,-4790
3047,1997,2,3559,3321,238
3047,1997,3,3560,4531,-971
3047,1997,4,3557,2531,1026
3047,1997,5,3561,2841,720
3047,1997,6,3535,11301,-7766
3047,1997,7,3532,2331,1201
3047,1997,8,3537,2331,1206
3047,1997,9,3542,2331,1211
3047,1997,10,3544,3621,-77
3047,1997,11,3547,2331,1216
3047,1997,12,3552,2331,1221
3047,1998,1,3548,5961,-2413
3047,1998,2,3547,2331,1216
3047,1998,3,3552,2331,1221
3047,1998,4,3557,2481,1076
3047,1998,5,3557,3591,-34
3047,1998,6,3556,4431,-875
3047,1998,7,3557,2811,746
3047,1998,8,3560,2331,1229
3047,1998,9,3562,4131,-569
3047,1998,10,3561,3431,130
3047,1998,11,3561,3731,-170
3047,1998,12,3562,2526,1036
3048,1997,12,24419,0,24419
3048,1998,1,102,800,-698
3048,1998,2,7150,1400,5750
3048,1998,3,122,1900,-1778
3048,1998,4,122,2000,-1878
3048,1998,5,42643,24000,18643
3048,1998,6,185,10100,-9915
3048,1998,7,8332,0,8332
3048,1998,8,20549,3530,17019
3048,1998,9,247,15730,-15483
3048,1998,10,46056,27530,18526
3048,1998,11,261,10430,-10169
3048,1998,12,25338,3000,22338
3049,1994,9,4052,0,4052
3049,1994,10,11988,0,11988
3049,1994,11,8128,0,8128
3049,1994,12,3048,700,2348
3049,1995,1,3049,6145,-3096
3049,1995,2,3035,3676,-641
3049,1995,3,3739,2276,1463
3049,1995,4,3545,2366,1179
3049,1995,5,5055,1976,3079
3049,1995,6,3047,7516,-4469
3049,1995,7,3041,2676,365
3049,1995,8,3945,2606,1339
3049,1995,9,3049,2376,673
3049,1995,10,6663,2276,4387
3049,1995,11,3066,4426,-1360
3049,1995,12,4368,2636,1732
3049,1996,1,3056,11516,-8460
3049,1996,2,3039,1976,1063
3049,1996,3,6448,1976,4472
3049,1996,4,3061,4276,-1215
3049,1996,5,3757,1976,1781
3049,1996,6,3951,6656,-2705
3049,1996,7,6454,1976,4478
3049,1996,8,4171,2396,1775
3049,1996,9,3078,2676,402
3049,1996,10,3076,6976,-3900
3049,1996,11,3865,1976,1889
3049,1996,12,3068,5486,-2418
3049,1997,1,4455,6056,-1601
3049,1997,2,4156,1976,2180
3049,1997,3,5965,2336,3629
3049,1997,4,3077,4876,-1799
3049,1997,5,3067,4416,-1349
3049,1997,6,10152,8066,2086
3049,1997,7,3073,3176,-103
3049,1997,8,3071,4276,-1205
3049,1997,9,3470,1976,1494
3049,1997,10,6279,2276,4003
3049,1997,11,4694,1976,2718
3049,1997,12,6604,3836,2768
3049,1998,1,7909,5906,2003
3049,1998,2,9832,2186,7646
3049,1998,3,6359,1976,4383
3049,1998,4,8281,1976,6305
3049,1998,5,3600,1976,1624
3049,1998,6,6696,6356,340
3049,1998,7,3206,2576,630
3049,1998,8,3410,1976,1434
3049,1998,9,5620,2696,2924
3049,1998,10,3224,3576,-352
3049,1998,11,3220,4976,-1756
3049,1998,12,3209,6591,-3382
3050,1993,5,900,0,900
3050,1993,6,72903,0,72903
3050,1993,7,41813,22600,19213
3050,1993,8,41852,35400,6452
3050,1993,9,41868,38600,3268
3050,1993,10,41699,102294,-60595
3050,1993,11,41672,30291,11381
3050,1993,12,62461,58202,4259
3050,1994,1,41618,82676,-41058
3050,1994,2,42676,33659,9017
3050,1994,3,41628,24791,16837
3050,1994,4,41597,69256,-27659
3050,1994,5,43694,23267,20427
3050,1994,6,62438,31391,31047
3050,1994,7,41737,38582,3155
3050,1994,8,41745,63209,-21464
3050,1994,9,41721,44399,-2678
3050,1994,10,41689,44170,-2481
3050,1994,11,41681,43589,-1908
3050,1994,12,62419,66188,-3769
3050,1995,1,41615,55299,-13684
3050,1995,2,41627,23899,17728
3050,1995,3,41697,35899,5798
3050,1995,4,41647,50717,-9070
3050,1995,5,41682,32499,9183
3050,1995,6,64940,83669,-18729
3050,1995,7,41610,34699,6911
3050,1995,8,41668,30599,11069
3050,1995,9,41703,41091,612
3050,1995,10,41705,43352,-1647
3050,1995,11,41613,56261,-14648
3050,1995,12,62393,47195,15198
3050,1996,1,45559,60191,-14632
3050,1996,2,41641,29291,12350
3050,1996,3,41698,37791,3907
3050,1996,4,41696,40491,1205
3050,1996,5,41713,35891,5822
3050,1996,6,62412,74991,-12579
3050,1996,7,41680,36791,4889
3050,1996,8,41626,51891,-10265
3050,1996,9,41647,34191,7456
3050,1996,10,41657,55526,-13869
3050,1996,11,41626,46391,-4765
3050,1996,12,62387,44296,18091
3050,1997,1,43989,63214,-19225
3050,1997,2,41601,41642,-41
3050,1997,3,41596,37591,4005
3050,1997,4,41598,34691,6907
3050,1997,5,41654,37591,4063
3050,1997,6,66405,82891,-16486
3050,1997,7,41619,20891,20728
3050,1997,8,41645,48591,-6946
3050,1997,9,41642,33791,7851
3050,1997,10,41681,30591,11090
3050,1997,11,41684,42991,-1307
3050,1997,12,62358,89291,-26933
3050,1998,1,41613,46491,-4878
3050,1998,2,41605,21791,19814
3050,1998,3,41670,42424,-754
3050,1998,4,41658,31291,10367
3050,1998,5,41642,49476,-7834
3050,1998,6,62409,52324,10085
3050,1998,7,41645,62913,-21268
3050,1998,8,41596,38191,3405
3050,1998,9,41601,48417,-6816
3050,1998,10,41602,31991,9611
3050,1998,11,41622,36091,5531
3050,1998,12,62406,51076,11330
3051,1996,1,102129,52400,49729
3051,1996,2,37890,6615,31275
3051,1996,3,59361,76826,-17465
3051,1996,4,46681,44426,2255
3051,1996,5,60417,63926,-3509
3051,1996,6,71477,76661,-5184
3051,1996,7,83763,73826,9937
3051,1996,8,33771,43126,-9355
3051,1996,9,52149,45926,6223
3051,1996,10,73232,82495,-9263
3051,1996,11,75000,30726,44274
3051,1996,12,22190,35926,-13736
3051,1997,1,93318,114932,-21614
3051,1997,2,99267,114906,-15639
3051,1997,3,2316,28693,-26377
3051,1997,4,48512,21926,26586
3051,1997,5,23787,29443,-5656
3051,1997,6,7620,21925,-14305
3051,1997,7,47483,40726,6757
3051,1997,8,43388,33556,9832
3051,1997,9,77501,37984,39517
3051,1997,10,275,37967,-37692
3051,1997,11,48128,21690,26438
3051,1997,12,69511,91326,-21815
3051,1998,1,76318,51626,24692
3051,1998,2,31635,41567,-9932
3051,1998,3,61466,69626,-8160
3051,1998,4,62326,65326,-3000
3051,1998,5,36937,28326,8611
3051,1998,6,109830,72121,37709
3051,1998,7,102058,103326,-1268
3051,1998,8,12315,31526,-19211
3051,1998,9,92301,90526,1775
3051,1998,10,41496,21926,19570
3051,1998,11,18966,55626,-36660
3051,1998,12,48183,60411,-12228
3052,1997,4,800,0,800
3052,1997,5,11700,0,11700
3052,1997,6,7500,0,7500
3052,1997,7,4800,0,4800
3052,1997,8,0,3800,-3800
3052,1997,9,32283,17200,15083
3052,1997,10,150,9100,-8950
3052,1997,11,150,3400,-3250
3052,1997,12,150,4300,-4150
3052,1998,1,150,400,-250
3052,1998,2,150,2000,-1850
3052,1998,3,750,0,750
3052,1998,4,150,600,-450
3052,1998,5,3550,0,3550
3052,1998,6,19086,12500,6586
3052,1998,7,116,6700,-6584
3052,1998,8,32493,3500,28993
3052,1998,9,210,14700,-14490
3052,1998,10,210,7800,-7590
3052,1998,11,2210,0,2210
3052,1998,12,0,4600,-4600
3053,1993,8,900,0,900
3053,1993,9,17126,0,17126
3053,1993,10,12989,4500,8489
3053,1993,11,13021,7700,5321
3053,1993,12,19499,11100,8399
3053,1994,1,13069,19115,-6046
3053,1994,2,13044,16180,-3136
3053,1994,3,13038,12680,358
3053,1994,4,13034,17280,-4246
3053,1994,5,13020,13080,-60
3053,1994,6,20166,17780,2386
3053,1994,7,13033,10880,2153
3053,1994,8,13041,11280,1761
3053,1994,9,13038,16380,-3342
3053,1994,10,13036,11580,1456
3053,1994,11,13038,11480,1558
3053,1994,12,19500,16080,3420
3053,1995,1,13737,30980,-17243
3053,1995,2,16300,8980,7320
3053,1995,3,13024,8480,4544
3053,1995,4,13035,14880,-1845
3053,1995,5,13032,9780,3252
3053,1995,6,19497,16180,3317
3053,1995,7,13060,9380,3680
3053,1995,8,13071,15080,-2009
3053,1995,9,13272,7480,5792
3053,1995,10,13087,11680,1407
3053,1995,11,13093,10280,2813
3053,1995,12,19558,15880,3678
3053,1996,1,13072,30280,-17208
3053,1996,2,13456,7480,5976
3053,1996,3,13074,9580,3494
3053,1996,4,13088,11380,1708
3053,1996,5,13086,12780,306
3053,1996,6,19534,18980,554
3053,1996,7,13091,13780,-689
3053,1996,8,13082,13580,-498
3053,1996,9,13093,9380,3713
3053,1996,10,13102,11480,1622
3053,1996,11,13104,12880,224
3053,1996,12,19586,8780,10806
3053,1997,1,13101,34780,-21679
3053,1997,2,18292,7480,10812
3053,1997,3,13119,9980,3139
3053,1997,4,13126,10280,2846
3053,1997,5,13133,11680,1453
3053,1997,6,19583,20680,-1097
3053,1997,7,13743,9580,4163
3053,1997,8,13162,8580,4582
3053,1997,9,13167,11980,1187
3053,1997,10,13161,22180,-9019
3053,1997,11,13152,11880,1272
3053,1997,12,19615,14080,5535
3053,1998,1,16850,27280,-10430
3053,1998,2,13737,7480,6257
3053,1998,3,15760,9580,6180
3053,1998,4,13183,14680,-1497
3053,1998,5,13181,12580,601
3053,1998,6,19597,24380,-4783
3053,1998,7,18951,13580,5371
3053,1998,8,13187,8280,4907
3053,1998,9,13205,10580,2625
3053,1998,10,13217,8980,4237
3053,1998,11,13233,10980,2253
3053,1998,12,19704,12865,6839
3055,1996,5,900,0,900
3055,1996,6,6814,0,6814
3055,1996,7,6814,0,6814
3055,1996,8,6814,0,6814
3055,1996,9,6845,100,6745
3055,1996,10,6939,415,6524
3055,1996,11,6957,9534,-2577
3055,1996,12,6945,6384,561
3055,1997,1,6934,13634,-6700
3055,1997,2,6929,3534,3395
3055,1997,3,6935,10134,-3199
3055,1997,4,6928,5434,1494
3055,1997,5,6938,2534,4404
3055,1997,6,6948,8584,-1636
3055,1997,7,6950,3714,3236
3055,1997,8,6954,8514,-1560
3055,1997,9,6956,2734,4222
3055,1997,10,6970,4274,2696
3055,1997,11,6978,5934,1044
3055,1997,12,6973,9884,-2911
3055,1998,1,6958,9234,-2276
3055,1998,2,6959,6234,725
3055,1998,3,6959,8154,-1195
3055,1998,4,6951,10754,-3803
3055,1998,5,6942,7974,-1032
3055,1998,6,6902,15034,-8132
3055,1998,7,6912,2434,4478
3055,1998,8,6931,2434,4497
3055,1998,9,6949,5234,1715
3055,1998,10,6951,4514,2437
3055,1998,11,6966,2434,4532
3055,1998,12,6977,5669,1308
3056,1993,12,1100,0,1100
3056,1994,1,4352,0,4352
3056,1994,2,4352,0,4352
3056,1994,3,4352,0,4352
3056,1994,4,4352,0,4352
3056,1994,5,4411,883,3528
3056,1994,6,4427,9766,-5339
3056,1994,7,4428,2916,1512
3056,1994,8,4422,7956,-3534
3056,1994,9,4417,2916,1501
3056,1994,10,4417,5636,-1219
3056,1994,11,4418,2916,1502
3056,1994,12,4424,3616,808
3056,1995,1,4418,8116,-3698
3056,1995,2,4412,2916,1496
3056,1995,3,4421,2916,1505
3056,1995,4,4427,2916,1511
3056,1995,5,4433,2916,1517
3056,1995,6,4433,7616,-3183
3056,1995,7,4424,2916,1508
3056,1995,8,4431,2916,1515
3056,1995,9,4422,7956,-3534
3056,1995,10,4422,3396,1026
3056,1995,11,4428,2916,1512
3056,1995,12,4432,3966,466
3056,1996,1,4433,5516,-1083
3056,1996,2,4423,5636,-1213
3056,1996,3,4425,2916,1509
3056,1996,4,4431,2916,1515
3056,1996,5,4440,2916,1524
3056,1996,6,4446,2916,1530
3056,1996,7,4439,6516,-2077
3056,1996,8,4444,2916,1528
3056,1996,9,4448,2916,1532
3056,1996,10,4454,2916,1538
3056,1996,11,4455,7316,-2861
3056,1996,12,4445,3816,629
3056,1997,1,4442,8976,-4534
3056,1997,2,4432,2916,1516
3056,1997,3,4441,2916,1525
3056,1997,4,4445,2916,1529
3056,1997,5,4453,2916,1537
3056,1997,6,4436,12186,-7750
3056,1997,7,4427,2916,1511
3056,1997,8,4434,2916,1518
3056,1997,9,4432,4756,-324
3056,1997,10,4436,2916,1520
3056,1997,11,4442,2916,1526
3056,1997,12,4446,4226,220
3056,1998,1,4436,7316,-2880
3056,1998,2,4437,2916,1521
3056,1998,3,4444,2916,1528
3056,1998,4,4451,4196,255
3056,1998,5,4454,2916,1538
3056,1998,6,4460,2916,1544
3056,1998,7,4464,2916,1548
3056,1998,8,4470,2916,1554
3056,1998,9,4472,4996,-524
3056,1998,10,4477,2916,1561
3056,1998,11,4483,2916,1567
3056,1998,12,4487,3501,986
3057,1997,7,600,0,600
3057,1997,8,21065,0,21065
3057,1997,9,18338,9900,8438
3057,1997,10,18365,15500,2865
3057,1997,11,18379,14400,3979
3057,1997,12,27522,18315,9207
3057,1998,1,18421,30361,-11940
3057,1998,2,18387,20261,-1874
3057,1998,3,18386,18161,225
3057,1998,4,18381,20461,-2080
3057,1998,5,18369,18761,-392
3057,1998,6,27503,20861,6642
3057,1998,7,18412,11661,6751
3057,1998,8,18417,21561,-3144
3057,1998,9,18401,23561,-5160
3057,1998,10,18400,13461,4939
3057,1998,11,18404,20461,-2057
3057,1998,12,27529,25346,2183
3058,1994,10,700,0,700
3058,1994,11,23343,0,23343
3058,1994,12,29389,14900,14489
3058,1995,1,19679,15500,4179
3058,1995,2,19692,18200,1492
3058,1995,3,19698,18615,1083
3058,1995,4,19704,18215,1489
3058,1995,5,19723,22735,-3012
3058,1995,6,29461,28675,786
3058,1995,7,19709,22755,-3046
3058,1995,8,19690,17415,2275
3058,1995,9,19691,24875,-5184
3058,1995,10,19673,19915,-242
3058,1995,11,19671,20215,-544
3058,1995,12,29439,24015,5424
3058,1996,1,19670,37835,-18165
3058,1996,2,19640,8915,10725
3058,1996,3,19675,13615,6060
3058,1996,4,19684,20815,-1131
3058,1996,5,19684,18615,1069
3058,1996,6,29429,48035,-18606
3058,1996,7,19625,12815,6810
3058,1996,8,19639,19075,564
3058,1996,9,19673,6415,13258
3058,1996,10,19711,13115,6596
3058,1996,11,19727,17395,2332
3058,1996,12,29522,17755,11767
3058,1997,1,19749,31915,-12166
3058,1997,2,19742,14515,5227
3058,1997,3,19761,16115,3646
3058,1997,4,19765,23375,-3610
3058,1997,5,19767,13815,5952
3058,1997,6,29511,43235,-13724
3058,1997,7,19737,12815,6922
3058,1997,8,19765,12915,6850
3058,1997,9,19773,21515,-1742
3058,1997,10,19780,15215,4565
3058,1997,11,19783,21835,-2052
3058,1997,12,29531,23035,6496
3058,1998,1,19743,38015,-18272
3058,1998,2,19734,17815,1919
3058,1998,3,19743,17615,2128
3058,1998,4,19747,21535,-1788
3058,1998,5,19752,14615,5137
3058,1998,6,29538,21215,8323
3058,1998,7,19780,26075,-6295
3058,1998,8,19764,21315,-1551
3058,1998,9,19757,21415,-1658
3058,1998,10,19756,19315,441
3058,1998,11,19743,26115,-6372
3058,1998,12,29515,19920,9595
3059,1997,2,700,0,700
3059,1997,3,22792,0,22792
3059,1997,4,22775,7000,15775
3059,1997,5,22820,17200,5620
3059,1997,6,34171,26800,7371
3059,1997,7,22869,24735,-1866
3059,1997,8,22865,22235,630
3059,1997,9,22857,25335,-2478
3059,1997,10,22857,21035,1822
3059,1997,11,22856,23635,-779
3059,1997,12,34210,30135,4075
3059,1998,1,22830,52475,-29645
3059,1998,2,22775,12335,10440
3059,1998,3,22798,21935,863
3059,1998,4,22814,14935,7879
3059,1998,5,22829,21335,1494
3059,1998,6,34145,39895,-5750
3059,1998,7,22814,20735,2079
3059,1998,8,22820,24055,-1235
3059,1998,9,22809,24335,-1526
3059,1998,10,22814,20135,2679
3059,1998,11,22820,22035,785
3059,1998,12,34168,27620,6548
3060,1997,6,29596,0,29596
3060,1997,7,19572,6200,13372
3060,1997,8,19616,11200,8416
3060,1997,9,19641,15300,4341
3060,1997,10,19651,19135,516
3060,1997,11,19638,21035,-1397
3060,1997,12,29351,21815,7536
3060,1998,1,19639,33655,-14016
3060,1998,2,19600,21875,-2275
3060,1998,3,19595,21355,-1760
3060,1998,4,19590,19675,-85
3060,1998,5,19595,17975,1620
3060,1998,6,29319,22875,6444
3060,1998,7,19597,28775,-9178
3060,1998,8,19584,20075,-491
3060,1998,9,19589,17675,1914
3060,1998,10,19583,22575,-2992
3060,1998,11,19585,17475,2110
3060,1998,12,29271,29840,-569
3061,1995,11,3277,0,3277
3061,1995,12,2981,0,2981
3061,1996,1,2981,0,2981
3061,1996,2,2981,0,2981
3061,1996,3,3016,1993,1023
3061,1996,4,3024,3013,11
3061,1996,5,3025,1993,1032
3061,1996,6,3029,1993,1036
3061,1996,7,3034,1993,1041
3061,1996,8,3038,1993,1045
3061,1996,9,3043,1993,1050
3061,1996,10,3045,3013,32
3061,1996,11,3047,1993,1054
3061,1996,12,3046,3853,-807
3061,1997,1,3044,5083,-2039
3061,1997,2,3038,4363,-1325
3061,1997,3,3033,2623,410
3061,1997,4,3036,3163,-127
3061,1997,5,3042,1993,1049
3061,1997,6,3045,1993,1052
3061,1997,7,3044,1993,1051
3061,1997,8,3054,1993,1061
3061,1997,9,3053,1993,1060
3061,1997,10,3061,2473,588
3061,1997,11,3059,1993,1066
3061,1997,12,3062,2593,469
3061,1998,1,3064,4963,-1899
3061,1998,2,3058,1993,1065
3061,1998,3,3065,4273,-1208
3061,1998,4,3058,1993,1065
3061,1998,5,3067,1993,1074
3061,1998,6,3063,3733,-670
3061,1998,7,3067,2293,774
3061,1998,8,3069,2833,236
3061,1998,9,3066,3393,-327
3061,1998,10,3064,6093,-3029
3061,1998,11,3053,2623,430
3061,1998,12,3054,2368,686
3062,1997,8,400,0,400
3062,1997,9,4467,0,4467
3062,1997,10,4467,0,4467
3062,1997,11,4467,0,4467
3062,1997,12,4467,0,4467
3062,1998,1,4481,2575,1906
3062,1998,2,4556,2653,1903
3062,1998,3,4564,3613,951
3062,1998,4,4568,2653,1915
3062,1998,5,4576,2653,1923
3062,1998,6,4578,18323,-13745
3062,1998,7,4527,2653,1874
3062,1998,8,4535,2653,1882
3062,1998,9,4532,5693,-1161
3062,1998,10,4538,2653,1885
3062,1998,11,4546,2653,1893
3062,1998,12,4551,3488,1063
3063,1993,5,1100,0,1100
3063,1993,6,3495,0,3495
3063,1993,7,3495,0,3495
3063,1993,8,3495,0,3495
3063,1993,9,3495,0,3495
3063,1993,10,3550,2345,1205
3063,1993,11,3566,2615,951
3063,1993,12,3569,3095,474
3063,1994,1,3569,5915,-2346
3063,1994,2,3563,2345,1218
3063,1994,3,3568,2885,683
3063,1994,4,3571,2345,1226
3063,1994,5,3575,2705,870
3063,1994,6,3580,2345,1235
3063,1994,7,3585,2345,1240
3063,1994,8,3590,2345,1245
3063,1994,9,3594,2795,799
3063,1994,10,3598,2345,1253
3063,1994,11,3604,2345,1259
3063,1994,12,3606,4175,-569
3063,1995,1,3597,6815,-3218
3063,1995,2,3593,3575,18
3063,1995,3,3593,2345,1248
3063,1995,4,3598,2345,1253
3063,1995,5,3603,2345,1258
3063,1995,6,3609,2345,1264
3063,1995,7,3612,3125,487
3063,1995,8,3615,2915,700
3063,1995,9,3618,2795,823
3063,1995,10,3622,2345,1277
3063,1995,11,3627,2345,1282
3063,1995,12,3630,3155,475
3063,1996,1,3624,8195,-4571
3063,1996,2,3616,2345,1271
3063,1996,3,3621,2345,1276
3063,1996,4,3626,2345,1281
3063,1996,5,3631,2345,1286
3063,1996,6,3634,3705,-71
3063,1996,7,3632,3645,-13
3063,1996,8,3636,2345,1291
3063,1996,9,3632,6065,-2433
3063,1996,10,3629,3515,114
3063,1996,11,3630,3095,535
3063,1996,12,3634,2645,989
3063,1997,1,3629,6695,-3066
3063,1997,2,3625,2345,1280
3063,1997,3,3630,3515,115
3063,1997,4,3630,3455,175
3063,1997,5,3630,3665,-35
3063,1997,6,3631,3335,296
3063,1997,7,3631,2915,716
3063,1997,8,3633,3215,418
3063,1997,9,3637,2545,1092
3063,1997,10,3641,2345,1296
3063,1997,11,3645,2975,670
3063,1997,12,3647,3215,432
3063,1998,1,3648,4745,-1097
3063,1998,2,3646,2345,1301
3063,1998,3,3652,2345,1307
3063,1998,4,3657,2495,1162
3063,1998,5,3659,3425,234
3063,1998,6,3663,2345,1318
3063,1998,7,3668,2585,1083
3063,1998,8,3673,2345,1328
3063,1998,9,3677,4845,-1168
3063,1998,10,3672,4725,-1053
3063,1998,11,3668,2585,1083
3063,1998,12,3671,3140,531
3064,1993,5,1000,0,1000
3064,1993,6,16703,0,16703
3064,1993,7,9339,600,8739
3064,1993,8,9366,8100,1266
3064,1993,9,9375,5200,4175
3064,1993,10,9389,7815,1574
3064,1993,11,9390,10784,-1394
3064,1993,12,14011,15944,-1933
3064,1994,1,13344,30884,-17540
3064,1994,2,13408,11864,1544
3064,1994,3,13624,7184,6440
3064,1994,4,10243,7484,2759
3064,1994,5,9351,9784,-433
3064,1994,6,13985,10684,3301
3064,1994,7,10870,7084,3786
3064,1994,8,9379,8584,795
3064,1994,9,9383,8284,1099
3064,1994,10,9377,14304,-4927
3064,1994,11,9365,9404,-39
3064,1994,12,15397,10944,4453
3064,1995,1,9360,23224,-13864
3064,1995,2,17855,6184,11671
3064,1995,3,9781,6984,2797
3064,1995,4,9389,7969,1420
3064,1995,5,9394,7869,1525
3064,1995,6,19145,10229,8916
3064,1995,7,9423,16669,-7246
3064,1995,8,12410,12869,-459
3064,1995,9,9395,11369,-1974
3064,1995,10,9392,9569,-177
3064,1995,11,9379,14029,-4650
3064,1995,12,14110,10789,3321
3064,1996,1,13357,24029,-10672
3064,1996,2,14662,7469,7193
3064,1996,3,12586,8769,3817
3064,1996,4,10596,7384,3212
3064,1996,5,9408,7084,2324
3064,1996,6,14034,16904,-2870
3064,1996,7,9399,9084,315
3064,1996,8,10197,11604,-1407
3064,1996,9,9388,14444,-5056
3064,1996,10,10283,6184,4099
3064,1996,11,9386,10444,-1058
3064,1996,12,15432,10504,4928
3064,1997,1,9383,25864,-16481
3064,1997,2,22785,9104,13681
3064,1997,3,12509,7184,5325
3064,1997,4,13534,7484,6050
3064,1997,5,10649,8084,2565
3064,1997,6,14058,18404,-4346
3064,1997,7,18565,7084,11481
3064,1997,8,9486,7584,1902
3064,1997,9,9493,10084,-591
3064,1997,10,9490,9884,-394
3064,1997,11,9487,10484,-997
3064,1997,12,14111,16264,-2153
3064,1998,1,9452,20804,-11352
3064,1998,2,9428,7484,1944
3064,1998,3,9526,10844,-1318
3064,1998,4,9429,7584,1845
3064,1998,5,9427,14444,-5017
3064,1998,6,16438,16544,-106
3064,1998,7,14311,10024,4287
3064,1998,8,9733,8184,1549
3064,1998,9,11240,7184,4056
3064,1998,10,10753,8744,2009
3064,1998,11,9463,7584,1879
3064,1998,12,14100,11289,2811
3066,1996,8,700,0,700
3066,1996,9,17213,0,17213
3066,1996,10,12972,600,12372
3066,1996,11,12996,10600,2396
3066,1996,12,19451,12500,6951
3066,1997,1,12988,36116,-23128
3066,1997,2,13167,4216,8951
3066,1997,3,12989,7156,5833
3066,1997,4,12993,13556,-563
3066,1997,5,12989,14056,-1067
3066,1997,6,19432,18196,1236
3066,1997,7,13001,10056,2945
3066,1997,8,13003,13396,-393
3066,1997,9,12989,18076,-5087
3066,1997,10,12993,9656,3337
3066,1997,11,13001,12656,345
3066,1997,12,19437,19636,-199
3066,1998,1,23280,30056,-6776
3066,1998,2,15713,3256,12457
3066,1998,3,13019,13256,-237
3066,1998,4,13147,6856,6291
3066,1998,5,13064,7656,5408
3066,1998,6,23366,30776,-7410
3066,1998,7,13057,8636,4421
3066,1998,8,13064,11096,1968
3066,1998,9,13063,13156,-93
3066,1998,10,13057,28196,-15139
3066,1998,11,13024,14116,-1092
3066,1998,12,19473,6281,13192
3067,1997,1,800,0,800
3067,1997,2,5901,0,5901
3067,1997,3,16266,0,16266
3067,1997,4,5997,2200,3797
3067,1997,5,6012,6700,-688
3067,1997,6,8975,11529,-2554
3067,1997,7,6004,14989,-8985
3067,1997,8,9266,5869,3397
3067,1997,9,5981,7449,-1468
3067,1997,10,5976,5649,327
3067,1997,11,5976,7049,-1073
3067,1997,12,8931,6429,2502
3067,1998,1,6364,11509,-5145
3067,1998,2,7364,3949,3415
3067,1998,3,8575,6709,1866
3067,1998,4,5984,4349,1635
3067,1998,5,5988,6689,-701
3067,1998,6,8940,11869,-2929
3067,1998,7,7071,6949,122
3067,1998,8,5975,5149,826
3067,1998,9,5974,9249,-3275
3067,1998,10,7869,4909,2960
3067,1998,11,5975,6449,-474
3067,1998,12,8939,3934,5005
3068,1993,4,500,0,500
3068,1993,5,6193,0,6193
3068,1993,6,6193,0,6193
3068,1993,7,6193,0,6193
3068,1993,8,6193,0,6193
3068,1993,9,6227,4615,1612
3068,1993,10,6297,9273,-2976
3068,1993,11,6289,7053,-764
3068,1993,12,6292,5043,1249
3068,1994,1,6300,3893,2407
3068,1994,2,6305,7273,-968
3068,1994,3,6306,3893,2413
3068,1994,4,6307,9913,-3606
3068,1994,5,6292,10693,-4401
3068,1994,6,6269,6293,-24
3068,1994,7,6283,3893,2390
3068,1994,8,6293,3893,2400
3068,1994,9,6302,4933,1369
3068,1994,10,6306,5293,1013
3068,1994,11,6311,4493,1818
3068,1994,12,6312,7943,-1631
3068,1995,1,6291,12573,-6282
3068,1995,2,6283,7333,-1050
3068,1995,3,6282,4293,1989
3068,1995,4,6285,6593,-308
3068,1995,5,6286,5593,693
3068,1995,6,6292,6493,-201
3068,1995,7,6282,7893,-1611
3068,1995,8,6285,3893,2392
3068,1995,9,6295,3893,2402
3068,1995,10,6305,3893,2412
3068,1995,11,6304,7093,-789
3068,1995,12,6297,7493,-1196
3068,1996,1,6288,11073,-4785
3068,1996,2,6279,5393,886
3068,1996,3,6284,5293,991
3068,1996,4,6294,3893,2401
3068,1996,5,6288,8873,-2585
3068,1996,6,6281,6053,228
3068,1996,7,6266,10813,-4547
3068,1996,8,6274,4613,1661
3068,1996,9,6275,4793,1482
3068,1996,10,6269,8293,-2024
3068,1996,11,6280,3893,2387
3068,1996,12,6285,4293,1992
3068,1997,1,6256,14493,-8237
3068,1997,2,6256,4493,1763
3068,1997,3,6271,3893,2378
3068,1997,4,6255,9693,-3438
3068,1997,5,6259,4693,1566
3068,1997,6,6254,7793,-1539
3068,1997,7,6266,3893,2373
3068,1997,8,6275,6453,-178
3068,1997,9,6275,3893,2382
3068,1997,10,6279,8213,-1934
3068,1997,11,6277,3893,2384
3068,1997,12,6286,4443,1843
3068,1998,1,6289,6773,-484
3068,1998,2,6292,3893,2399
3068,1998,3,6283,9813,-3530
3068,1998,4,6287,3893,2394
3068,1998,5,6291,7413,-1122
3068,1998,6,6293,3893,2400
3068,1998,7,6303,3893,2410
3068,1998,8,6313,3893,2420
3068,1998,9,6315,5653,662
3068,1998,10,6325,3893,2432
3068,1998,11,6335,3893,2442
3068,1998,12,6343,5338,1005
3069,1993,3,400,0,400
3069,1993,4,23195,300,22895
3069,1993,5,23274,10900,12374
3069,1993,6,34901,24300,10601
3069,1993,7,23345,24800,-1455
3069,1993,8,23343,26419,-3076
3069,1993,9,23334,23419,-85
3069,1993,10,23337,21719,1618
3069,1993,11,23335,24919,-1584
3069,1993,12,34931,31719,3212
3069,1994,1,23329,38619,-15290
3069,1994,2,23282,22519,763
3069,1994,3,23298,17319,5979
3069,1994,4,23319,18219,5100
3069,1994,5,23366,21419,1947
3069,1994,6,34889,58919,-24030
3069,1994,7,23265,14619,8646
3069,1994,8,23289,17519,5770
3069,1994,9,23308,19819,3489
3069,1994,10,23318,23319,-1
3069,1994,11,23343,13819,9524
3069,1994,12,34986,15019,19967
3069,1995,1,23397,38519,-15122
3069,1995,2,23385,20519,2866
3069,1995,3,23399,18119,5280
3069,1995,4,23411,23019,392
3069,1995,5,23411,22319,1092
3069,1995,6,34961,47019,-12058
3069,1995,7,23380,15819,7561
3069,1995,8,23391,22119,1272
3069,1995,9,23419,16019,7400
3069,1995,10,23436,21119,2317
3069,1995,11,23449,19919,3530
3069,1995,12,35027,30719,4308
3069,1996,1,23395,52019,-28624
3069,1996,2,23372,16319,7053
3069,1996,3,23404,15519,7885
3069,1996,4,23423,20319,3104
3069,1996,5,23450,21119,2331
3069,1996,6,35013,33119,1894
3069,1996,7,23445,23519,-74
3069,1996,8,23457,36019,-12562
3069,1996,9,23453,26319,-2866
3069,1996,10,23413,21719,1694
3069,1996,11,23415,24419,-1004
3069,1996,12,35029,26119,8910
3069,1997,1,23416,34919,-11503
3069,1997,2,23403,15319,8084
3069,1997,3,23432,21919,1513
3069,1997,4,23442,18919,4523
3069,1997,5,23459,21719,1740
3069,1997,6,35026,37719,-2693
3069,1997,7,23455,18119,5336
3069,1997,8,23475,18519,4956
3069,1997,9,23492,25619,-2127
3069,1997,10,23484,19019,4465
3069,1997,11,23498,21519,1979
3069,1997,12,35114,30519,4595
3069,1998,1,23506,35919,-12413
3069,1998,2,23476,22519,957
3069,1998,3,23477,22619,858
3069,1998,4,23475,24319,-844
3069,1998,5,23476,20019,3457
3069,1998,6,35056,40119,-5063
3069,1998,7,23466,23819,-353
3069,1998,8,23475,18619,4856
3069,1998,9,23483,19819,3664
3069,1998,10,23495,25119,-1624
3069,1998,11,23490,19419,4071
3069,1998,12,35102,33404,1698
3070,1997,8,300,0,300
3070,1997,9,20952,0,20952
3070,1997,10,16829,4100,12729
3070,1997,11,16867,13100,3767
3070,1997,12,25249,18000,7249
3070,1998,1,16902,38629,-21727
3070,1998,2,16848,10849,5999
3070,1998,3,16861,19329,-2468
3070,1998,4,16858,10389,6469
3070,1998,5,16874,16089,785
3070,1998,6,25164,44609,-19445
3070,1998,7,16806,10589,6217
3070,1998,8,16818,16689,129
3070,1998,9,16821,14789,2032
3070,1998,10,16825,16789,36
3070,1998,11,16821,22709,-5888
3070,1998,12,25168,25374,-206
3071,1996,10,25237,0,25237
3071,1996,11,25241,0,25241
3071,1996,12,36683,10400,26283
3071,1997,1,24594,46700,-22106
3071,1997,2,24497,15,24482
3071,1997,3,24568,28705,-4137
3071,1997,4,24555,27905,-3350
3071,1997,5,24548,36505,-11957
3071,1997,6,36717,28605,8112
3071,1997,7,24580,27805,-3225
3071,1997,8,24561,34425,-9864
3071,1997,9,24525,21805,2720
3071,1997,10,24534,24905,-371
3071,1997,11,24532,22705,1827
3071,1997,12,36703,30865,5838
3071,1998,1,24559,25905,-1346
3071,1998,2,24555,28405,-3850
3071,1998,3,24538,27585,-3047
3071,1998,4,24523,29405,-4882
3071,1998,5,24488,30685,-6197
3071,1998,6,36640,30005,6635
3071,1998,7,24507,24105,402
3071,1998,8,24505,26105,-1600
3071,1998,9,24497,27365,-2868
3071,1998,10,24480,24505,-25
3071,1998,11,24483,23405,1078
3071,1998,12,36667,12890,23777
3072,1993,6,34459,0,34459
3072,1993,7,22430,5100,17330
3072,1993,8,22467,15200,7267
3072,1993,9,22492,16700,5792
3072,1993,10,22489,24983,-2494
3072,1993,11,22483,25683,-3200
3072,1993,12,33628,24683,8945
3072,1994,1,22450,53383,-30933
3072,1994,2,22441,7183,15258
3072,1994,3,22454,23083,-629
3072,1994,4,22466,15883,6583
3072,1994,5,22468,39983,-17515
3072,1994,6,33545,34283,-738
3072,1994,7,22443,21683,760
3072,1994,8,22445,21883,562
3072,1994,9,22447,21583,864
3072,1994,10,22449,21683,766
3072,1994,11,22449,23683,-1234
3072,1994,12,33587,29883,3704
3072,1995,1,22442,33783,-11341
3072,1995,2,22413,19483,2930
3072,1995,3,22425,20983,1442
3072,1995,4,22421,27783,-5362
3072,1995,5,22407,19783,2624
3072,1995,6,33536,46083,-12547
3072,1995,7,22366,17183,5183
3072,1995,8,22387,16483,5904
3072,1995,9,22405,21583,822
3072,1995,10,22406,23083,-677
3072,1995,11,22400,24183,-1783
3072,1995,12,33516,36883,-3367
3072,1996,1,22365,33383,-11018
3072,1996,2,22341,15483,6858
3072,1996,3,22356,24683,-2327
3072,1996,4,22351,20883,1468
3072,1996,5,22352,23383,-1031
3072,1996,6,33452,41183,-7731
3072,1996,7,22318,18983,3335
3072,1996,8,22334,18383,3951
3072,1996,9,22339,23183,-844
3072,1996,10,22322,27883,-5561
3072,1996,11,22347,5283,17064
3072,1996,12,33493,43683,-10190
3072,1997,1,22353,16583,5770
3072,1997,2,22340,31283,-8943
3072,1997,3,22354,8183,14171
3072,1997,4,22349,37483,-15134
3072,1997,5,22358,5283,17075
3072,1997,6,33489,43383,-9894
3072,1997,7,22385,8283,14102
3072,1997,8,22372,34583,-12211
3072,1997,9,22330,30083,-7753
3072,1997,10,22311,24583,-2272
3072,1997,11,22353,5283,17070
3072,1997,12,33463,45983,-12520
3072,1998,1,22346,17383,4963
3072,1998,2,22391,5283,17108
3072,1998,3,22464,5283,17181
3072,1998,4,22380,58483,-36103
3072,1998,5,22385,5283,17102
3072,1998,6,33553,24383,9170
3072,1998,7,22339,55483,-33144
3072,1998,8,22356,5283,17073
3072,1998,9,22426,5283,17143
3072,1998,10,22330,56083,-33753
3072,1998,11,22356,5283,17073
3072,1998,12,33432,53068,-19636
3074,1994,10,500,0,500
3074,1994,11,95950,0,95950
3074,1994,12,43002,58630,-15628
3074,1995,1,32791,92119,-59328
3074,1995,2,6230,28122,-21892
3074,1995,3,72221,32,72189
3074,1995,4,296,23830,-23534
3074,1995,5,153,22771,-22618
3074,1995,6,17334,14615,2719
3074,1995,7,8463,23627,-15164
3074,1995,8,6156,30,6126
3074,1995,9,80,1130,-1050
3074,1995,10,954,12638,-11684
3074,1995,11,7615,13760,-6145
3074,1995,12,90980,16830,74150
3074,1996,1,11604,71630,-60026
3074,1996,2,72709,6630,66079
3074,1996,3,19011,47530,-28519
3074,1996,4,83109,89630,-6521
3074,1996,5,18803,28503,-9700
3074,1996,6,40815,24330,16485
3074,1996,7,140352,139117,1235
3074,1996,8,221,9230,-9009
3074,1996,9,4553,24930,-20377
3074,1996,10,43278,18430,24848
3074,1996,11,5693,10730,-5037
3074,1996,12,179,14330,-14151
3074,1997,1,9467,27330,-17863
3074,1997,2,66673,27230,39443
3074,1997,3,39548,31230,8318
3074,1997,4,24410,28730,-4320
3074,1997,5,212,19330,-19118
3074,1997,6,100060,63930,36130
3074,1997,7,31251,51530,-20279
3074,1997,8,153852,116030,37822
3074,1997,9,30561,75530,-44969
3074,1997,10,184,10630,-10446
3074,1997,11,53904,33830,20074
3074,1997,12,59444,61430,-1986
3074,1998,1,41451,69783,-28332
3074,1998,2,79,15000,-14921
3074,1998,3,11646,5730,5916
3074,1998,4,65921,23677,42244
3074,1998,5,205,29280,-29075
3074,1998,6,99,11263,-11164
3074,1998,7,65379,7530,57849
3074,1998,8,25685,46180,-20495
3074,1998,9,60349,75430,-15081
3074,1998,10,87532,29077,58455
3074,1998,11,34586,45030,-10444
3074,1998,12,269,54200,-53931
3075,1997,6,400,0,400
3075,1997,7,5054,0,5054
3075,1997,8,5054,0,5054
3075,1997,9,5054,0,5054
3075,1997,10,5054,0,5054
3075,1997,11,5058,15,5043
3075,1997,12,5168,3138,2030
3075,1998,1,5144,13948,-8804
3075,1998,2,5137,3298,1839
3075,1998,3,5149,1538,3611
3075,1998,4,5160,4038,1122
3075,1998,5,5160,7638,-2478
3075,1998,6,5136,11658,-6522
3075,1998,7,5124,5158,-34
3075,1998,8,5130,2238,2892
3075,1998,9,5137,4538,599
3075,1998,10,5145,1838,3307
3075,1998,11,5157,2418,2739
3075,1998,12,5166,2923,2243
3076,1993,3,700,0,700
3076,1993,4,4164,0,4164
3076,1993,5,4164,0,4164
3076,1993,6,4164,0,4164
3076,1993,7,4164,0,4164
3076,1993,8,4187,115,4072
3076,1993,9,4251,4170,81
3076,1993,10,4257,2730,1527
3076,1993,11,4253,5450,-1197
3076,1993,12,4258,2980,1278
3076,1994,1,4235,12390,-8155
3076,1994,2,4230,2730,1500
3076,1994,3,4232,5850,-1618
3076,1994,4,4229,2730,1499
3076,1994,5,4236,2730,1506
3076,1994,6,4242,2730,1512
3076,1994,7,4248,3130,1118
3076,1994,8,4253,2730,1523
3076,1994,9,4259,2730,1529
3076,1994,10,4262,4630,-368
3076,1994,11,4262,3530,732
3076,1994,12,4257,7580,-3323
3076,1995,1,4226,11220,-6994
3076,1995,2,4224,2730,1494
3076,1995,3,4224,4170,54
3076,1995,4,4230,3450,780
3076,1995,5,4234,2730,1504
3076,1995,6,4235,7930,-3695
3076,1995,7,4224,2730,1494
3076,1995,8,4231,2730,1501
3076,1995,9,4237,2730,1507
3076,1995,10,4243,2730,1513
3076,1995,11,4244,4250,-6
3076,1995,12,4244,3930,314
3076,1996,1,4233,10240,-6007
3076,1996,2,4225,2730,1495
3076,1996,3,4232,2730,1502
3076,1996,4,4238,2730,1508
3076,1996,5,4244,2730,1514
3076,1996,6,4250,4410,-160
3076,1996,7,4242,4570,-328
3076,1996,8,4248,2730,1518
3076,1996,9,4255,2730,1525
3076,1996,10,4261,2730,1531
3076,1996,11,4264,4330,-66
3076,1996,12,4266,4130,136
3076,1997,1,4233,13020,-8787
3076,1997,2,4229,3290,939
3076,1997,3,4235,2730,1505
3076,1997,4,4241,2730,1511
3076,1997,5,4247,2730,1517
3076,1997,6,4240,6580,-2340
3076,1997,7,4243,6490,-2247
3076,1997,8,4234,2730,1504
3076,1997,9,4240,2730,1510
3076,1997,10,4247,2730,1517
3076,1997,11,4251,3770,481
3076,1997,12,4253,3580,673
3076,1998,1,4241,10120,-5879
3076,1998,2,4233,2730,1503
3076,1998,3,4239,2730,1509
3076,1998,4,4240,5130,-890
3076,1998,5,4242,2730,1512
3076,1998,6,4248,2730,1518
3076,1998,7,4254,2730,1524
3076,1998,8,4260,2730,1530
3076,1998,9,4264,4330,-66
3076,1998,10,4266,2730,1536
3076,1998,11,4273,2730,1543
3076,1998,12,4276,3265,1011
3077,1997,4,600,0,600
3077,1997,5,22535,0,22535
3077,1997,6,21101,8900,12201
3077,1997,7,14142,9700,4442
3077,1997,8,14149,14700,-551
3077,1997,9,14150,14713,-563
3077,1997,10,14129,23913,-9784
3077,1997,11,14115,11113,3002
3077,1997,12,21111,22433,-1322
3077,1998,1,14066,31853,-17787
3077,1998,2,19380,3713,15667
3077,1998,3,14120,8413,5707
3077,1998,4,14138,10293,3845
3077,1998,5,14181,9313,4868
3077,1998,6,21190,8913,12277
3077,1998,7,14209,15553,-1344
3077,1998,8,14203,17713,-3510
3077,1998,9,14204,10713,3491
3077,1998,10,14202,18213,-4011
3077,1998,11,14229,4313,9916
3077,1998,12,21246,12398,8848
3078,1993,7,200,0,200
3078,1993,8,3348,0,3348
3078,1993,9,3348,0,3348
3078,1993,10,3348,0,3348
3078,1993,11,3348,0,3348
3078,1993,12,3368,375,2993
3078,1994,1,3409,7707,-4298
3078,1994,2,3401,2967,434
3078,1994,3,3404,2247,1157
3078,1994,4,3409,2247,1162
3078,1994,5,3414,2247,1167
3078,1994,6,3419,2247,1172
3078,1994,7,3421,3567,-146
3078,1994,8,3423,2247,1176
3078,1994,9,3428,2247,1181
3078,1994,10,3433,2247,1186
3078,1994,11,3438,2247,1191
3078,1994,12,3439,4347,-908
3078,1995,1,3416,11037,-7621
3078,1995,2,3407,2247,1160
3078,1995,3,3412,2247,1165
3078,1995,4,3417,2247,1170
3078,1995,5,3422,2247,1175
3078,1995,6,3424,3747,-323
3078,1995,7,3425,2247,1178
3078,1995,8,3430,2247,1183
3078,1995,9,3435,2247,1188
3078,1995,10,3436,3547,-111
3078,1995,11,3438,2547,891
3078,1995,12,3429,6797,-3368
3078,1996,1,3423,7617,-4194
3078,1996,2,3411,2247,1164
3078,1996,3,3413,3297,116
3078,1996,4,3411,4267,-856
3078,1996,5,3413,2247,1166
3078,1996,6,3417,3147,270
3078,1996,7,3419,2247,1172
3078,1996,8,3424,2247,1177
3078,1996,9,3429,2247,1182
3078,1996,10,3434,2247,1187
3078,1996,11,3438,4147,-709
3078,1996,12,3433,4867,-1434
3078,1997,1,3414,7797,-4383
3078,1997,2,3410,2847,563
3078,1997,3,3414,2247,1167
3078,1997,4,3417,3487,-70
3078,1997,5,3417,3347,70
3078,1997,6,3418,2247,1171
3078,1997,7,3423,2247,1176
3078,1997,8,3428,2347,1081
3078,1997,9,3428,5847,-2419
3078,1997,10,3418,5547,-2129
3078,1997,11,3410,4647,-1237
3078,1997,12,3406,3947,-541
3078,1998,1,3406,2247,1159
3078,1998,2,3411,2247,1164
3078,1998,3,3411,4917,-1506
3078,1998,4,3407,3847,-440
3078,1998,5,3407,2647,760
3078,1998,6,3410,2247,1163
3078,1998,7,3415,3057,358
3078,1998,8,3417,2397,1020
3078,1998,9,3421,2247,1174
3078,1998,10,3424,2667,757
3078,1998,11,3429,2247,1182
3078,1998,12,3432,2562,870
3079,1996,2,1000,0,1000
3079,1996,3,3449,0,3449
3079,1996,4,3449,0,3449
3079,1996,5,3449,0,3449
3079,1996,6,3449,0,3449
3079,1996,7,3488,2314,1174
3079,1996,8,3521,3574,-53
3079,1996,9,3516,3454,62
3079,1996,10,3516,4474,-958
3079,1996,11,3519,2314,1205
3079,1996,12,3518,3064,454
3079,1997,1,3522,2314,1208
3079,1997,2,3523,4384,-861
3079,1997,3,3527,2314,1213
3079,1997,4,3528,2314,1214
3079,1997,5,3533,2314,1219
3079,1997,6,3531,9964,-6433
3079,1997,7,3511,2584,927
3079,1997,8,3515,2314,1201
3079,1997,9,3518,3784,-266
3079,1997,10,3519,2314,1205
3079,1997,11,3524,2314,1210
3079,1997,12,3529,3034,495
3079,1998,1,3530,3214,316
3079,1998,2,3532,2314,1218
3079,1998,3,3533,4744,-1211
3079,1998,4,3533,2314,1219
3079,1998,5,3538,2314,1224
3079,1998,6,3521,9544,-6023
3079,1998,7,3514,3664,-150
3079,1998,8,3516,2584,932
3079,1998,9,3520,2314,1206
3079,1998,10,3524,3094,430
3079,1998,11,3527,2314,1213
3079,1998,12,3530,3619,-89
3080,1995,10,400,0,400
3080,1995,11,5585,0,5585
3080,1995,12,5585,0,5585
3080,1996,1,5585,0,5585
3080,1996,2,5597,2700,2897
3080,1996,3,5669,4215,1454
3080,1996,4,5678,7674,-1996
3080,1996,5,5658,6814,-1156
3080,1996,6,5668,3374,2294
3080,1996,7,5672,8674,-3002
3080,1996,8,5656,5734,-78
3080,1996,9,5663,7114,-1451
3080,1996,10,5654,8614,-2960
3080,1996,11,5640,8174,-2534
3080,1996,12,5636,3374,2262
3080,1997,1,5639,5534,105
3080,1997,2,5645,3374,2271
3080,1997,3,5650,4354,1296
3080,1997,4,5655,7074,-1419
3080,1997,5,5654,3374,2280
3080,1997,6,5662,4374,1288
3080,1997,7,5669,3374,2295
3080,1997,8,5666,9934,-4268
3080,1997,9,5661,3374,2287
3080,1997,10,5661,9494,-3833
3080,1997,11,5654,3374,2280
3080,1997,12,5655,5474,181
3080,1998,1,5649,9074,-3425
3080,1998,2,5649,3674,1975
3080,1998,3,5659,3374,2285
3080,1998,4,5665,5294,371
3080,1998,5,5670,3374,2296
3080,1998,6,5664,9604,-3940
3080,1998,7,5647,7294,-1647
3080,1998,8,5656,3374,2282
3080,1998,9,5658,5934,-276
3080,1998,10,5664,3374,2290
3080,1998,11,5673,3374,2299
3080,1998,12,5679,3609,2070
3082,1997,11,700,0,700
3082,1997,12,18209,0,18209
3082,1998,1,11328,9400,1928
3082,1998,2,11335,9800,1535
3082,1998,3,11343,9100,2243
3082,1998,4,11345,12811,-1466
3082,1998,5,11327,18011,-6684
3082,1998,6,16932,22111,-5179
3082,1998,7,11301,7511,3790
3082,1998,8,11292,18511,-7219
3082,1998,9,11287,7511,3776
3082,1998,10,11303,7511,3792
3082,1998,11,11317,12211,-894
3082,1998,12,16950,8796,8154
3083,1997,3,200,0,200
3083,1997,4,22897,3000,19897
3083,1997,5,22968,9900,13068
3083,1997,6,34456,19500,14956
3083,1997,7,23050,26800,-3750
3083,1997,8,23038,25015,-1977
3083,1997,9,23040,23455,-415
3083,1997,10,23038,20915,2123
3083,1997,11,23042,22615,427
3083,1997,12,34485,30355,4130
3083,1998,1,23055,33375,-10320
3083,1998,2,23026,19615,3411
3083,1998,3,23035,21815,1220
3083,1998,4,23031,25015,-1984
3083,1998,5,23021,25815,-2794
3083,1998,6,34479,41155,-6676
3083,1998,7,22999,19215,3784
3083,1998,8,23011,20715,2296
3083,1998,9,23009,24415,-1406
3083,1998,10,23002,25755,-2753
3083,1998,11,23066,25515,-2449
3083,1998,12,34512,4480,30032
3084,1996,1,300,0,300
3084,1996,2,36279,5400,30879
3084,1996,3,130,2100,-1970
3084,1996,4,24993,12000,12993
3084,1996,5,69067,57000,12067
3084,1996,6,21397,53910,-32513
3084,1996,7,10592,9030,1562
3084,1996,8,8974,18930,-9956
3084,1996,9,8450,18830,-10380
3084,1996,10,10014,30,9984
3084,1996,11,18535,17990,545
3084,1996,12,13336,13973,-637
3084,1997,1,16734,21878,-5144
3084,1997,2,14241,7072,7169
3084,1997,3,9863,9730,133
3084,1997,4,15447,14272,1175
3084,1997,5,12071,9630,2441
3084,1997,6,38632,30372,8260
3084,1997,7,12181,25272,-13091
3084,1997,8,13368,7072,6296
3084,1997,9,15266,16372,-1106
3084,1997,10,51330,21272,30058
3084,1997,11,156,23972,-23816
3084,1997,12,6104,7072,-968
3084,1998,1,13771,27772,-14001
3084,1998,2,14958,7072,7886
3084,1998,3,85667,46772,38895
3084,1998,4,146,27150,-27004
3084,1998,5,67816,17172,50644
3084,1998,6,16889,65072,-48183
3084,1998,7,62693,27072,35621
3084,1998,8,8235,53122,-44887
3084,1998,9,5593,7072,-1479
3084,1998,10,52750,21772,30978
3084,1998,11,56054,70736,-14682
3084,1998,12,44116,12942,31174
3085,1997,7,12866,0,12866
3085,1997,8,16729,0,16729
3085,1997,9,12387,100,12287
3085,1997,10,12413,17200,-4787
3085,1997,11,12406,13442,-1036
3085,1997,12,18519,22305,-3786
3085,1998,1,12355,26425,-14070
3085,1998,2,12321,13345,-1024
3085,1998,3,12317,14045,-1728
3085,1998,4,12310,13045,-735
3085,1998,5,12307,11745,562
3085,1998,6,18437,17905,532
3085,1998,7,12309,14045,-1736
3085,1998,8,12306,6645,5661
3085,1998,9,12320,19645,-7325
3085,1998,10,12299,6645,5654
3085,1998,11,12322,6645,5677
3085,1998,12,18459,27430,-8971
3086,1993,11,21948,0,21948
3086,1993,12,32814,0,32814
3086,1994,1,21322,34400,-13078
3086,1994,2,21252,0,21252
3086,1994,3,21324,21315,9
3086,1994,4,21317,25137,-3820
3086,1994,5,21314,38137,-16823
3086,1994,6,31866,30437,1429
3086,1994,7,21299,21937,-638
3086,1994,8,21302,22137,-835
3086,1994,9,21299,21337,-38
3086,1994,10,21297,20837,460
3086,1994,11,21299,19837,1462
3086,1994,12,31853,28937,2916
3086,1995,1,21278,28037,-6759
3086,1995,2,21289,16437,4852
3086,1995,3,21299,20537,762
3086,1995,4,21310,19637,1673
3086,1995,5,21309,23237,-1928
3086,1995,6,31849,28337,3512
3086,1995,7,21319,21237,82
3086,1995,8,21320,18837,2483
3086,1995,9,21330,18037,3293
3086,1995,10,21342,18837,2505
3086,1995,11,21340,26637,-5297
3086,1995,12,31886,27337,4549
3086,1996,1,21331,23037,-1706
3086,1996,2,21336,19837,1499
3086,1996,3,21338,18937,2401
3086,1996,4,21350,20437,913
3086,1996,5,21351,21437,-86
3086,1996,6,31901,53737,-21836
3086,1996,7,21277,10537,10740
3086,1996,8,21309,15237,6072
3086,1996,9,21324,21037,287
3086,1996,10,21320,18637,2683
3086,1996,11,21337,19737,1600
3086,1996,12,31899,27737,4162
3086,1997,1,21344,26637,-5293
3086,1997,2,21333,20637,696
3086,1997,3,21345,17737,3608
3086,1997,4,21361,16837,4524
3086,1997,5,21381,16137,5244
3086,1997,6,31920,49737,-17817
3086,1997,7,21328,15337,5991
3086,1997,8,21349,17537,3812
3086,1997,9,21353,23137,-1784
3086,1997,10,21361,14437,6924
3086,1997,11,21361,24737,-3376
3086,1997,12,31922,22937,8985
3086,1998,1,21364,29637,-8273
3086,1998,2,21370,15737,5633
3086,1998,3,21392,17437,3955
3086,1998,4,21371,29837,-8466
3086,1998,5,21367,18637,2730
3086,1998,6,31831,58737,-26906
3086,1998,7,21506,6337,15169
3086,1998,8,21369,8937,12432
3086,1998,9,21392,14037,7355
3086,1998,10,21435,9637,11798
3086,1998,11,21458,16537,4921
3086,1998,12,32046,18522,13524
3087,1993,12,3509,0,3509
3087,1994,1,2915,0,2915
3087,1994,2,2915,0,2915
3087,1994,3,2915,0,2915
3087,1994,4,2941,708,2233
3087,1994,5,2960,2848,112
3087,1994,6,2961,3658,-697
3087,1994,7,2960,1948,1012
3087,1994,8,2964,1948,1016
3087,1994,9,2968,1948,1020
3087,1994,10,2971,3178,-207
3087,1994,11,2971,2128,843
3087,1994,12,2970,3838,-868
3087,1995,1,2962,5968,-3006
3087,1995,2,2958,3418,-460
3087,1995,3,2956,2548,408
3087,1995,4,2959,1948,1011
3087,1995,5,2963,1948,1015
3087,1995,6,2964,3118,-154
3087,1995,7,2966,1948,1018
3087,1995,8,2967,3088,-121
3087,1995,9,2970,1948,1022
3087,1995,10,2974,3238,-264
3087,1995,11,2973,1948,1025
3087,1995,12,2976,2458,518
3087,1996,1,2976,3808,-832
3087,1996,2,2976,1948,1028
3087,1996,3,2978,3118,-140
3087,1996,4,2980,1948,1032
3087,1996,5,2980,2998,-18
3087,1996,6,2978,4528,-1550
3087,1996,7,2977,1948,1029
3087,1996,8,2982,1948,1034
3087,1996,9,2985,2308,677
3087,1996,10,2986,4088,-1102
3087,1996,11,2980,3948,-968
3087,1996,12,2974,4048,-1074
3087,1997,1,2976,1948,1028
3087,1997,2,2973,4758,-1785
3087,1997,3,2972,1948,1024
3087,1997,4,2975,2748,227
3087,1997,5,2971,5208,-2237
3087,1997,6,2968,1948,1020
3087,1997,7,2972,1948,1024
3087,1997,8,2968,5748,-2780
3087,1997,9,2965,2348,617
3087,1997,10,2959,5248,-2289
3087,1997,11,2958,1948,1010
3087,1997,12,2961,2458,503
3087,1998,1,2964,1948,1016
3087,1998,2,2968,1948,1020
3087,1998,3,2972,1948,1024
3087,1998,4,2977,1948,1029
3087,1998,5,2979,2818,161
3087,1998,6,2981,1948,1033
3087,1998,7,2986,1948,1038
3087,1998,8,2990,1948,1042
3087,1998,9,2994,2278,716
3087,1998,10,2997,1948,1049
3087,1998,11,2999,2758,241
3087,1998,12,3003,2233,770
3088,1996,3,600,0,600
3088,1996,4,22835,2500,20335
3088,1996,5,22885,12900,9985
3088,1996,6,34366,7300,27066
3088,1996,7,23017,19800,3217
3088,1996,8,23011,26581,-3570
3088,1996,9,22994,27081,-4087
3088,1996,10,22994,21981,1013
3088,1996,11,22974,30041,-7067
3088,1996,12,34382,22341,12041
3088,1997,1,22968,37801,-14833
3088,1997,2,22963,20701,2262
3088,1997,3,22982,17481,5501
3088,1997,4,22988,22481,507
3088,1997,5,22983,24481,-1498
3088,1997,6,34364,44361,-9997
3088,1997,7,22937,33781,-10844
3088,1997,8,22951,23181,-230
3088,1997,9,22933,25181,-2248
3088,1997,10,22919,26081,-3162
3088,1997,11,22909,23781,-872
3088,1997,12,34309,31581,2728
3088,1998,1,22891,30381,-7490
3088,1998,2,22885,18581,4304
3088,1998,3,22900,22081,819
3088,1998,4,22906,19181,3725
3088,1998,5,22907,25401,-2494
3088,1998,6,35028,43321,-8293
3088,1998,7,22879,12981,9898
3088,1998,8,22913,19381,3532
3088,1998,9,22936,17281,5655
3088,1998,10,22949,19581,3368
3088,1998,11,22956,25701,-2745
3088,1998,12,34373,10506,23867
3089,1996,7,63101,0,63101
3089,1996,8,46143,56830,-10687
3089,1996,9,106995,97547,9448
3089,1996,10,31805,31430,375
3089,1996,11,253,24423,-24170
3089,1996,12,69799,70630,-831
3089,1997,1,19102,31530,-12428
3089,1997,2,18781,10652,8129
3089,1997,3,1437,30,1407
3089,1997,4,59066,37831,21235
3089,1997,5,22959,32030,-9071
3089,1997,6,1686,16054,-14368
3089,1997,7,12176,3330,8846
3089,1997,8,38319,30,38289
3089,1997,9,49418,57330,-7912
3089,1997,10,281,17230,-16949
3089,1997,11,41047,26330,14717
3089,1997,12,53125,42630,10495
3089,1998,1,48142,79062,-30920
3089,1998,2,35643,41698,-6055
3089,1998,3,39997,15630,24367
3089,1998,4,98319,85112,13207
3089,1998,5,73818,72959,859
3089,1998,6,30799,68220,-37421
3089,1998,7,41124,30,41094
3089,1998,8,142045,158486,-16441
3089,1998,9,21038,28861,-7823
3089,1998,10,842,16903,-16061
3089,1998,11,84102,68207,15895
3089,1998,12,73643,40900,32743
3090,1996,12,500,0,500
3090,1997,1,10200,0,10200
3090,1997,2,37481,0,37481
3090,1997,3,51471,15200,36271
3090,1997,4,351,31000,-30649
3090,1997,5,351,17700,-17349
3090,1997,6,33021,20500,12521
3090,1997,7,55755,33906,21849
3090,1997,8,13780,46301,-32521
3090,1997,9,142450,90624,51826
3090,1997,10,68902,80266,-11364
3090,1997,11,77371,54706,22665
3090,1997,12,27614,44906,-17292
3090,1998,1,161,62124,-61963
3090,1998,2,41007,17206,23801
3090,1998,3,34577,19206,15371
3090,1998,4,84914,64006,20908
3090,1998,5,161,51240,-51079
3090,1998,6,93,13106,-13013
3090,1998,7,52777,19906,32871
3090,1998,8,146,21306,-21160
3090,1998,9,58741,10006,48735
3090,1998,10,13239,46206,-32967
3090,1998,11,152,14106,-13954
3090,1998,12,41401,11191,30210
3091,1993,11,200,0,200
3091,1993,12,24020,100,23920
3091,1994,1,16113,100,16013
3091,1994,2,16153,9100,7053
3091,1994,3,16150,21000,-4850
3091,1994,4,16153,12937,3216
3091,1994,5,16151,18224,-2073
3091,1994,6,24132,29124,-4992
3091,1994,7,16146,13724,2422
3091,1994,8,16145,17424,-1279
3091,1994,9,16147,14624,1523
3091,1994,10,16150,15824,326
3091,1994,11,16158,13624,2534
3091,1994,12,24150,17924,6226
3091,1995,1,16137,34024,-17887
3091,1995,2,16128,10724,5404
3091,1995,3,16131,13124,3007
3091,1995,4,16161,11624,4537
3091,1995,5,16165,12224,3941
3091,1995,6,24162,25124,-962
3091,1995,7,16156,22024,-5868
3091,1995,8,16146,14424,1722
3091,1995,9,16169,10924,5245
3091,1995,10,16170,18224,-2054
3091,1995,11,16158,17024,-866
3091,1995,12,24171,20924,3247
3091,1996,1,18050,27524,-9474
3091,1996,2,16169,8524,7645
3091,1996,3,16200,11024,5176
3091,1996,4,16894,17424,-530
3091,1996,5,16196,17424,-1228
3091,1996,6,24182,25824,-1642
3091,1996,7,16187,14024,2163
3091,1996,8,16193,15424,769
3091,1996,9,16211,17624,-1413
3091,1996,10,16205,16624,-419
3091,1996,11,16190,18024,-1834
3091,1996,12,24183,21524,2659
3091,1997,1,16169,34724,-18555
3091,1997,2,22839,8324,14515
3091,1997,3,16168,18124,-1956
3091,1997,4,16161,14824,1337
3091,1997,5,16171,15724,447
3091,1997,6,24837,25624,-787
3091,1997,7,16184,12424,3760
3091,1997,8,16185,17224,-1039
3091,1997,9,16182,22224,-6042
3091,1997,10,16166,13324,2842
3091,1997,11,16166,16324,-158
3091,1997,12,24169,21524,2645
3091,1998,1,16156,24424,-8268
3091,1998,2,16149,10024,6125
3091,1998,3,16170,14524,1646
3091,1998,4,16181,11524,4657
3091,1998,5,16193,14024,2169
3091,1998,6,24190,47824,-23634
3091,1998,7,18620,8324,10296
3091,1998,8,17766,8324,9442
3091,1998,9,16195,11224,4971
3091,1998,10,16202,15824,378
3091,1998,11,16210,12324,3886
3091,1998,12,24219,19209,5010
3092,1995,12,1000,0,1000
3092,1996,1,5649,0,5649
3092,1996,2,5649,0,5649
3092,1996,3,5649,0,5649
3092,1996,4,5649,0,5649
3092,1996,5,5718,2326,3392
3092,1996,6,5739,11606,-5867
3092,1996,7,5738,9286,-3548
3092,1996,8,5729,3026,2703
3092,1996,9,5731,9866,-4135
3092,1996,10,5723,2966,2757
3092,1996,11,5731,4526,1205
3092,1996,12,5738,3826,1912
3092,1997,1,5730,13866,-8136
3092,1997,2,5709,5366,343
3092,1997,3,5715,3886,1829
3092,1997,4,5725,4326,1399
3092,1997,5,5728,5226,502
3092,1997,6,5726,4726,1000
3092,1997,7,5731,4326,1405
3092,1997,8,5733,6126,-393
3092,1997,9,5730,6626,-896
3092,1997,10,5731,6826,-1095
3092,1997,11,5725,5326,399
3092,1997,12,5726,6576,-850
3092,1998,1,5715,9456,-3741
3092,1998,2,5716,3726,1990
3092,1998,3,5727,3026,2701
3092,1998,4,5728,6926,-1198
3092,1998,5,5727,4026,1701
3092,1998,6,5741,4406,1335
3092,1998,7,5735,4826,909
3092,1998,8,5735,6526,-791
3092,1998,9,5720,11326,-5606
3092,1998,10,5719,2326,3393
3092,1998,11,5732,4826,906
3092,1998,12,5720,6721,-1001
3093,1996,11,500,0,500
3093,1996,12,32708,7200,25508
3093,1997,1,21906,10900,11006
3093,1997,2,21938,18800,3138
3093,1997,3,21945,23100,-1155
3093,1997,4,21947,18415,3532
3093,1997,5,21972,27253,-5281
3093,1997,6,32845,40613,-7768
3093,1997,7,21922,22853,-931
3093,1997,8,21914,23753,-1839
3093,1997,9,21895,25473,-3578
3093,1997,10,21885,25753,-3868
3093,1997,11,21874,26653,-4779
3093,1997,12,32776,23193,9583
3093,1998,1,21880,24593,-2713
3093,1998,2,21876,23453,-1577
3093,1998,3,21885,17853,4032
3093,1998,4,21891,28753,-6862
3093,1998,5,21873,16953,4920
3093,1998,6,32786,28553,4233
3093,1998,7,21896,22653,-757
3093,1998,8,21885,25213,-3328
3093,1998,9,21869,24673,-2804
3093,1998,10,21860,23453,-1593
3093,1998,11,21848,24453,-2605
3093,1998,12,32816,4238,28578
3094,1993,12,600,0,600
3094,1994,1,17414,0,17414
3094,1994,2,15477,3700,11777
3094,1994,3,15517,9300,6217
3094,1994,4,15540,10900,4640
3094,1994,5,15564,15453,111
3094,1994,6,23220,35484,-12264
3094,1994,7,15517,9784,5733
3094,1994,8,15524,18144,-2620
3094,1994,9,15519,15024,495
3094,1994,10,15524,13384,2140
3094,1994,11,15522,16744,-1222
3094,1994,12,23222,19004,4218
3094,1995,1,15554,18424,-2870
3094,1995,2,15532,12184,3348
3094,1995,3,15536,17484,-1948
3094,1995,4,15533,14884,649
3094,1995,5,15519,20284,-4765
3094,1995,6,23194,30084,-6890
3094,1995,7,15495,10264,5231
3094,1995,8,15518,11144,4374
3094,1995,9,15547,6184,9363
3094,1995,10,15581,7984,7597
3094,1995,11,15600,12084,3516
3094,1995,12,23311,17864,5447
3094,1996,1,15614,23244,-7630
3094,1996,2,15607,11084,4523
3094,1996,3,15619,13784,1835
3094,1996,4,15638,10384,5254
3094,1996,5,15646,17884,-2238
3094,1996,6,23339,16384,6955
3094,1996,7,15641,20704,-5063
3094,1996,8,15622,19784,-4162
3094,1996,9,15617,15684,-67
3094,1996,10,15618,15584,34
3094,1996,11,15609,17784,-2175
3094,1996,12,23314,21484,1830
3094,1997,1,15587,25064,-9477
3094,1997,2,15588,12084,3504
3094,1997,3,15594,14584,1010
3094,1997,4,15596,15184,412
3094,1997,5,15590,18524,-2934
3094,1997,6,23245,32684,-9439
3094,1997,7,15557,11644,3913
3094,1997,8,15555,26184,-10629
3094,1997,9,15539,16584,-1045
3094,1997,10,15546,14984,562
3094,1997,11,15548,12784,2764
3094,1997,12,23261,23764,-503
3094,1998,1,15545,25264,-9719
3094,1998,2,15515,15584,-69
3094,1998,3,15508,18564,-3056
3094,1998,4,15503,11584,3919
3094,1998,5,15519,11484,4035
3094,1998,6,23227,31444,-8217
3094,1998,7,15503,7984,7519
3094,1998,8,15527,15784,-257
3094,1998,9,15529,10444,5085
3094,1998,10,15546,16084,-538
3094,1998,11,15533,18264,-2731
3094,1998,12,23239,9789,13450
3096,1993,6,1000,0,1000
3096,1993,7,20693,400,20293
3096,1993,8,20778,11300,9478
3096,1993,9,20815,15900,4915
3096,1993,10,20836,15200,5636
3096,1993,11,20886,20234,652
3096,1993,12,31249,29453,1796
3096,1994,1,20869,31653,-10784
3096,1994,2,20858,19453,1405
3096,1994,3,20861,18053,2808
3096,1994,4,20871,18553,2318
3096,1994,5,20878,21053,-175
3096,1994,6,31244,26853,4391
3096,1994,7,20889,25053,-4164
3096,1994,8,20872,23553,-2681
3096,1994,9,20860,22653,-1793
3096,1994,10,20856,19653,1203
3096,1994,11,20858,21453,-595
3096,1994,12,31221,27753,3468
3096,1995,1,20825,35853,-15028
3096,1995,2,20798,20753,45
3096,1995,3,20812,17753,3059
3096,1995,4,20825,16553,4272
3096,1995,5,20831,23853,-3022
3096,1995,6,31186,26453,4733
3096,1995,7,20833,23953,-3120
3096,1995,8,20826,20853,-27
3096,1995,9,20826,20953,-127
3096,1995,10,20825,20153,672
3096,1995,11,20815,23153,-2338
3096,1995,12,31175,28453,2722
3096,1996,1,20819,23653,-2834
3096,1996,2,20811,20953,-142
3096,1996,3,20813,20353,460
3096,1996,4,20821,17153,3668
3096,1996,5,20822,22853,-2031
3096,1996,6,31176,28753,2423
3096,1996,7,20829,20253,576
3096,1996,8,20820,23153,-2333
3096,1996,9,20814,22553,-1739
3096,1996,10,20795,28353,-7558
3096,1996,11,20786,17353,3433
3096,1996,12,31160,21553,9607
3096,1997,1,20790,37753,-16963
3096,1997,2,23604,8153,15451
3096,1997,3,20804,27353,-6549
3096,1997,4,20789,23953,-3164
3096,1997,5,20782,20553,229
3096,1997,6,31182,12553,18629
3096,1997,7,20847,24153,-3306
3096,1997,8,20843,20253,590
3096,1997,9,20821,27253,-6432
3096,1997,10,20807,23253,-2446
3096,1997,11,20842,12453,8389
3096,1997,12,31185,29453,1732
3096,1998,1,20797,36453,-15656
3096,1998,2,20825,8153,12672
3096,1998,3,20820,24253,-3433
3096,1998,4,20810,22853,-2043
3096,1998,5,20856,8153,12703
3096,1998,6,31199,30853,346
3096,1998,7,20818,34153,-13335
3096,1998,8,20849,12753,8096
3096,1998,9,20813,28453,-7640
3096,1998,10,20801,22953,-2152
3096,1998,11,20846,32753,-11907
3096,1998,12,31185,15838,15347
3097,1997,8,900,0,900
3097,1997,9,13420,0,13420
3097,1997,10,3848,2200,1648
3097,1997,11,5364,0,5364
3097,1997,12,3877,2300,1577
3097,1998,1,4084,3154,930
3097,1998,2,3884,4337,-453
3097,1998,3,3881,4837,-956
3097,1998,4,3873,5937,-2064
3097,1998,5,3865,5937,-2072
3097,1998,6,6567,11297,-4730
3097,1998,7,8058,2537,5521
3097,1998,8,4269,2717,1552
3097,1998,9,3862,6737,-2875
3097,1998,10,3847,7537,-3690
3097,1998,11,3828,8637,-4809
3097,1998,12,3828,2522,1306
3098,1996,9,600,0,600
3098,1996,10,17420,0,17420
3098,1996,11,8675,0,8675
3098,1996,12,11496,5700,5796
3098,1997,1,7724,4300,3424
3098,1997,2,7719,12215,-4496
3098,1997,3,7713,8120,-407
3098,1997,4,7715,6420,1295
3098,1997,5,8993,14580,-5587
3098,1997,6,11704,4620,7084
3098,1997,7,7719,9320,-1601
3098,1997,8,7707,10220,-2513
3098,1997,9,7711,5320,2391
3098,1997,10,9115,13380,-4265
3098,1997,11,9490,4620,4870
3098,1997,12,11514,12660,-1146
3098,1998,1,19220,17380,1840
3098,1998,2,8226,7260,966
3098,1998,3,10720,4620,6100
3098,1998,4,7753,6320,1433
3098,1998,5,9365,9180,185
3098,1998,6,11496,37420,-25924
3098,1998,7,15480,4620,10860
3098,1998,8,10009,4620,5389
3098,1998,9,7824,4620,3204
3098,1998,10,10847,4620,6227
3098,1998,11,7752,8220,-468
3098,1998,12,12418,20765,-8347
3099,1993,5,800,0,800
3099,1993,6,6019,0,6019
3099,1993,7,6019,0,6019
3099,1993,8,6019,0,6019
3099,1993,9,6065,1000,5065
3099,1993,10,6120,6120,0
3099,1993,11,6125,4240,1885
3099,1993,12,6130,5870,260
3099,1994,1,6113,18400,-12287
3099,1994,2,6084,3220,2864
3099,1994,3,6095,5220,875
3099,1994,4,6099,3220,2879
3099,1994,5,6108,5380,728
3099,1994,6,6098,9420,-3322
3099,1994,7,6101,3220,2881
3099,1994,8,6113,3220,2893
3099,1994,9,6131,3820,2311
3099,1994,10,6136,8620,-2484
3099,1994,11,6124,3220,2904
3099,1994,12,6121,9700,-3579
3099,1995,1,6101,13150,-7049
3099,1995,2,6091,3220,2871
3099,1995,3,6103,4500,1603
3099,1995,4,6110,3220,2890
3099,1995,5,6122,3220,2902
3099,1995,6,6118,9320,-3202
3099,1995,7,6121,3220,2901
3099,1995,8,6133,3220,2913
3099,1995,9,6142,5520,622
3099,1995,10,6135,8120,-1985
3099,1995,11,6139,3220,2919
3099,1995,12,6146,7060,-914
3099,1996,1,6116,18050,-11934
3099,1996,2,6098,3220,2878
3099,1996,3,6110,3220,2890
3099,1996,4,6115,6420,-305
3099,1996,5,6116,5940,176
3099,1996,6,6116,6120,-4
3099,1996,7,6121,3220,2901
3099,1996,8,6136,3520,2616
3099,1996,9,6126,12360,-6234
3099,1996,10,6118,5620,498
3099,1996,11,6120,6120,0
3099,1996,12,6117,4320,1797
3099,1997,1,6111,12210,-6099
3099,1997,2,6102,3220,2882
3099,1997,3,6105,7140,-1035
3099,1997,4,6109,3220,2889
3099,1997,5,6122,3220,2902
3099,1997,6,6127,7880,-1753
3099,1997,7,6124,7620,-1496
3099,1997,8,6117,7920,-1803
3099,1997,9,6110,5620,490
3099,1997,10,6111,6820,-709
3099,1997,11,6110,5120,990
3099,1997,12,6113,5220,893
3099,1998,1,6105,12800,-6695
3099,1998,2,6090,3820,2270
3099,1998,3,6100,3220,2880
3099,1998,4,6112,3220,2892
3099,1998,5,6122,5020,1102
3099,1998,6,6127,6220,-93
3099,1998,7,6128,3220,2908
3099,1998,8,6137,5820,317
3099,1998,9,6135,8320,-2185
3099,1998,10,6123,9620,-3497
3099,1998,11,6105,10240,-4135
3099,1998,12,6101,5455,646
3100,1997,6,600,0,600
3100,1997,7,21578,0,21578
3100,1997,8,20347,15500,4847
3100,1997,9,20367,16000,4367
3100,1997,10,20382,18000,2382
3100,1997,11,20386,21615,-1229
3100,1997,12,30532,28712,1820
3100,1998,1,20398,21812,-1414
3100,1998,2,20382,24832,-4450
3100,1998,3,20373,23112,-2739
3100,1998,4,20361,22612,-2251
3100,1998,5,20361,17512,2849
3100,1998,6,30484,36772,-6288
3100,1998,7,20340,19912,428
3100,1998,8,20342,18812,1530
3100,1998,9,20347,18612,1735
3100,1998,10,20357,17512,2845
3100,1998,11,20347,24692,-4345
3100,1998,12,30469,34217,-3748
3101,1994,2,700,0,700
3101,1994,3,2907,0,2907
3101,1994,4,2907,0,2907
3101,1994,5,2907,0,2907
3101,1994,6,2907,0,2907
3101,1994,7,2915,765,2150
3101,1994,8,2970,1953,1017
3101,1994,9,2974,2223,751
3101,1994,10,2977,1953,1024
3101,1994,11,2982,1953,1029
3101,1994,12,2984,2373,611
3101,1995,1,2972,7503,-4531
3101,1995,2,2970,1953,1017
3101,1995,3,2974,1953,1021
3101,1995,4,2978,1953,1025
3101,1995,5,2982,1953,1029
3101,1995,6,2982,3153,-171
3101,1995,7,2985,2753,232
3101,1995,8,2987,1953,1034
3101,1995,9,2990,3783,-793
3101,1995,10,2983,3753,-770
3101,1995,11,2985,1953,1032
3101,1995,12,2988,3193,-205
3101,1996,1,2980,7773,-4793
3101,1996,2,2968,1953,1015
3101,1996,3,2972,1953,1019
3101,1996,4,2977,1953,1024
3101,1996,5,2981,1953,1028
3101,1996,6,2973,6993,-4020
3101,1996,7,2968,1953,1015
3101,1996,8,2967,3423,-456
3101,1996,9,2971,1953,1018
3101,1996,10,2975,1953,1022
3101,1996,11,2974,3123,-149
3101,1996,12,2977,4083,-1106
3101,1997,1,2966,4413,-1447
3101,1997,2,2968,1953,1015
3101,1997,3,2972,1953,1019
3101,1997,4,2976,1953,1023
3101,1997,5,2980,1953,1027
3101,1997,6,2981,2853,128
3101,1997,7,2985,2433,552
3101,1997,8,2987,1953,1034
3101,1997,9,2992,1953,1039
3101,1997,10,2996,1953,1043
3101,1997,11,3000,1953,1047
3101,1997,12,3004,2493,511
3101,1998,1,2989,8013,-5024
3101,1998,2,2983,2583,400
3101,1998,3,2987,1953,1034
3101,1998,4,2991,1953,1038
3101,1998,5,2996,1953,1043
3101,1998,6,2982,8223,-5241
3101,1998,7,2978,1953,1025
3101,1998,8,2982,2973,9
3101,1998,9,2982,1953,1029
3101,1998,10,2986,2103,883
3101,1998,11,2990,1953,1037
3101,1998,12,2993,2748,245
3102,1997,11,1100,0,1100
3102,1997,12,24542,2000,22542
3102,1998,1,16450,9100,7350
3102,1998,2,16475,13000,3475
3102,1998,3,16488,14200,2288
3102,1998,4,16498,13415,3083
3102,1998,5,16518,16937,-419
3102,1998,6,24702,18937,5765
3102,1998,7,16529,20057,-3528
3102,1998,8,16519,15037,1482
3102,1998,9,16530,15637,893
3102,1998,10,16537,13637,2900
3102,1998,11,16539,18537,-1998
3102,1998,12,24722,21622,3100
3103,1997,9,1000,0,1000
3103,1997,10,13200,0,13200
3103,1997,11,900,0,900
3103,1997,12,5100,0,5100
3103,1998,1,59031,0,59031
3103,1998,2,330,26100,-25770
3103,1998,3,330,11300,-10970
3103,1998,4,330,5000,-4670
3103,1998,5,330,2700,-2370
3103,1998,6,330,1400,-1070
3103,1998,7,330,1100,-770
3103,1998,8,630,0,630
3103,1998,9,330,1700,-1370
3103,1998,10,330,400,-70
3103,1998,11,330,400,-70
3103,1998,12,4400,0,4400
3104,1997,4,700,0,700
3104,1997,5,13712,0,13712
3104,1997,6,8370,0,8370
3104,1997,7,8805,0,8805
3104,1997,8,8043,0,8043
3104,1997,9,3172,1605,1567
3104,1997,10,3174,5979,-2805
3104,1997,11,3165,5099,-1934
3104,1997,12,3157,5209,-2052
3104,1998,1,5246,5109,137
3104,1998,2,5254,2019,3235
3104,1998,3,3163,5219,-2056
3104,1998,4,3156,3119,37
3104,1998,5,3156,2679,477
3104,1998,6,3157,4519,-1362
3104,1998,7,3147,8339,-5192
3104,1998,8,3127,5619,-2492
3104,1998,9,3117,4929,-1812
3104,1998,10,3114,2019,1095
3104,1998,11,3112,6619,-3507
3104,1998,12,3092,9904,-6812
3105,1997,11,1000,0,1000
3105,1997,12,3218,0,3218
3105,1998,1,3218,0,3218
3105,1998,2,3218,0,3218
3105,1998,3,3218,0,3218
3105,1998,4,3253,2160,1093
3105,1998,5,3283,2160,1123
3105,1998,6,3288,2160,1128
3105,1998,7,3292,2160,1132
3105,1998,8,3297,2160,1137
3105,1998,9,3301,2560,741
3105,1998,10,3306,2310,996
3105,1998,11,3308,3120,188
3105,1998,12,3313,2805,508
3106,1997,9,400,0,400
3106,1997,10,52009,700,51309
3106,1997,11,44832,33700,11132
3106,1997,12,103964,67030,36934
3106,1998,1,17983,68930,-50947
3106,1998,2,28007,33830,-5823
3106,1998,3,178,6130,-5952
3106,1998,4,22788,19097,3691
3106,1998,5,169,5430,-5261
3106,1998,6,74327,28330,45997
3106,1998,7,54188,78830,-24642
3106,1998,8,45661,46630,-969
3106,1998,9,15826,18530,-2704
3106,1998,10,220,11230,-11010
3106,1998,11,175,4930,-4755
3106,1998,12,22556,14900,7656
3107,1993,11,200,0,200
3107,1993,12,6300,0,6300
3107,1994,1,6300,0,6300
3107,1994,2,6300,0,6300
3107,1994,3,6300,0,6300
3107,1994,4,6368,2857,3511
3107,1994,5,6420,7957,-1537
3107,1994,6,6394,13907,-7513
3107,1994,7,6392,3537,2855
3107,1994,8,6403,5597,806
3107,1994,9,6406,3157,3249
3107,1994,10,6417,4177,2240
3107,1994,11,6425,4857,1568
3107,1994,12,6425,9457,-3032
3107,1995,1,6403,10337,-3934
3107,1995,2,6408,3057,3351
3107,1995,3,6417,9377,-2960
3107,1995,4,6409,2657,3752
3107,1995,5,6424,2657,3767
3107,1995,6,6419,10227,-3808
3107,1995,7,6416,6337,79
3107,1995,8,6425,2657,3768
3107,1995,9,6440,2657,3783
3107,1995,10,6451,5157,1294
3107,1995,11,6461,2657,3804
3107,1995,12,6469,6447,22
3107,1996,1,6466,8977,-2511
3107,1996,2,6461,5537,924
3107,1996,3,6470,2657,3813
3107,1996,4,6477,8177,-1700
3107,1996,5,6479,2657,3822
3107,1996,6,6486,6757,-271
3107,1996,7,6492,4257,2235
3107,1996,8,6496,6177,319
3107,1996,9,6504,2657,3847
3107,1996,10,6520,2657,3863
3107,1996,11,6534,4017,2517
3107,1996,12,6540,5997,543
3107,1997,1,6528,10017,-3489
3107,1997,2,6533,3057,3476
3107,1997,3,6548,3697,2851
3107,1997,4,6559,4657,1902
3107,1997,5,6568,2657,3911
3107,1997,6,6556,15307,-8751
3107,1997,7,6548,2657,3891
3107,1997,8,6562,4497,2065
3107,1997,9,6571,4417,2154
3107,1997,10,6582,2657,3925
3107,1997,11,6593,6577,16
3107,1997,12,6596,4007,2589
3107,1998,1,6596,9857,-3261
3107,1998,2,6594,2657,3937
3107,1998,3,6611,2657,3954
3107,1998,4,6627,2657,3970
3107,1998,5,6641,4577,2064
3107,1998,6,6640,8757,-2117
3107,1998,7,6643,2757,3886
3107,1998,8,6659,2757,3902
3107,1998,9,6673,4757,1916
3107,1998,10,6683,2757,3926
3107,1998,11,6697,3777,2920
3107,1998,12,6712,3192,3520
3108,1993,3,600,0,600
3108,1993,4,3063,0,3063
3108,1993,5,3063,0,3063
3108,1993,6,3063,0,3063
3108,1993,7,3063,0,3063
3108,1993,8,3081,735,2346
3108,1993,9,3127,2057,1070
3108,1993,10,3132,2057,1075
3108,1993,11,3136,2237,899
3108,1993,12,3138,3077,61
3108,1994,1,3132,6287,-3155
3108,1994,2,3123,3107,16
3108,1994,3,3126,2387,739
3108,1994,4,3126,3317,-191
3108,1994,5,3130,2057,1073
3108,1994,6,3134,2057,1077
3108,1994,7,3136,3017,119
3108,1994,8,3139,2057,1082
3108,1994,9,3140,3467,-327
3108,1994,10,3142,2057,1085
3108,1994,11,3147,2057,1090
3108,1994,12,3144,4287,-1143
3108,1995,1,3129,9737,-6608
3108,1995,2,3119,2057,1062
3108,1995,3,3123,2057,1066
3108,1995,4,3124,3107,17
3108,1995,5,3128,2057,1071
3108,1995,6,3132,2057,1075
3108,1995,7,3137,2057,1080
3108,1995,8,3133,4137,-1004
3108,1995,9,3137,3157,-20
3108,1995,10,3138,2457,681
3108,1995,11,3138,7457,-4319
3108,1995,12,3120,2747,373
3108,1996,1,3121,3047,74
3108,1996,2,3122,4657,-1535
3108,1996,3,3116,3357,-241
3108,1996,4,3116,2057,1059
3108,1996,5,3120,2057,1063
3108,1996,6,3125,2057,1068
3108,1996,7,3127,4457,-1330
3108,1996,8,3123,2557,566
3108,1996,9,3125,3257,-132
3108,1996,10,3125,2057,1068
3108,1996,11,3126,5457,-2331
3108,1996,12,3118,3857,-739
3108,1997,1,3116,2957,159
3108,1997,2,3117,2057,1060
3108,1997,3,3119,4057,-938
3108,1997,4,3118,2057,1061
3108,1997,5,3120,3757,-637
3108,1997,6,3119,2057,1062
3108,1997,7,3123,2777,346
3108,1997,8,3125,2057,1068
3108,1997,9,3130,2057,1073
3108,1997,10,3134,2057,1077
3108,1997,11,3133,5257,-2124
3108,1997,12,3127,2837,290
3108,1998,1,3125,4517,-1392
3108,1998,2,3125,2057,1068
3108,1998,3,3122,5757,-2635
3108,1998,4,3118,2057,1061
3108,1998,5,3123,2057,1066
3108,1998,6,3127,2057,1070
3108,1998,7,3127,4077,-950
3108,1998,8,3126,2757,369
3108,1998,9,3121,6177,-3056
3108,1998,10,3116,2057,1059
3108,1998,11,3120,2057,1063
3108,1998,12,3125,3032,93
3109,1995,4,1000,0,1000
3109,1995,5,19557,0,19557
3109,1995,6,25970,0,25970
3109,1995,7,15618,9100,6518
3109,1995,8,15627,14900,727
3109,1995,9,15626,16015,-389
3109,1995,10,15569,32793,-17224
3109,1995,11,15588,6215,9373
3109,1995,12,23317,23778,-461
3109,1996,1,15531,46015,-30484
3109,1996,2,20254,20406,-152
3109,1996,3,24088,16620,7468
3109,1996,4,19541,4815,14726
3109,1996,5,15588,13811,1777
3109,1996,6,23242,37284,-14042
3109,1996,7,23196,24128,-932
3109,1996,8,15502,23707,-8205
3109,1996,9,29376,27372,2004
3109,1996,10,30076,24771,5305
3109,1996,11,17906,15,17891
3109,1996,12,23328,21520,1808
3109,1997,1,34521,55815,-21294
3109,1997,2,15498,815,14683
3109,1997,3,15559,13415,2144
3109,1997,4,17450,21303,-3853
3109,1997,5,15556,14144,1412
3109,1997,6,31646,42015,-10369
3109,1997,7,15517,26477,-10960
3109,1997,8,19580,15,19565
3109,1997,9,15553,16815,-1262
3109,1997,10,15514,23471,-7957
3109,1997,11,15522,9477,6045
3109,1997,12,23232,26707,-3475
3109,1998,1,22338,42706,-20368
3109,1998,2,15442,5815,9627
3109,1998,3,19049,25747,-6698
3109,1998,4,15447,14715,732
3109,1998,5,15461,15246,215
3109,1998,6,23159,15515,7644
3109,1998,7,15472,32408,-16936
3109,1998,8,15407,15615,-208
3109,1998,9,15408,14515,893
3109,1998,10,15410,23525,-8115
3109,1998,11,15404,13558,1846
3109,1998,12,23107,22970,137
3110,1997,1,2506,0,2506
3110,1997,2,12134,0,12134
3110,1997,3,9782,0,9782
3110,1997,4,6518,0,6518
3110,1997,5,43936,1015,42921
3110,1997,6,51594,99715,-48121
3110,1997,7,7723,15,7708
3110,1997,8,1629,5715,-4086
3110,1997,9,1626,215,1411
3110,1997,10,1625,2165,-540
3110,1997,11,1628,915,713
3110,1997,12,1613,7015,-5402
3110,1998,1,3001,4915,-1914
3110,1998,2,5209,15,5194
3110,1998,3,1616,3415,-1799
3110,1998,4,1602,8165,-6563
3110,1998,5,1564,7265,-5701
3110,1998,6,1562,1315,247
3110,1998,7,2854,4015,-1161
3110,1998,8,46687,15,46672
3110,1998,9,3011,22415,-19404
3110,1998,10,2955,11115,-8160
3110,1998,11,15261,5215,10046
3110,1998,12,2944,14900,-11956
3111,1995,11,19110,0,19110
3111,1995,12,30953,0,30953
3111,1996,1,19071,15300,3771
3111,1996,2,19084,16100,2984
3111,1996,3,19087,19515,-428
3111,1996,4,19069,21656,-2587
3111,1996,5,19066,20856,-1790
3111,1996,6,28466,38656,-10190
3111,1996,7,19044,12556,6488
3111,1996,8,19045,18456,589
3111,1996,9,19048,17956,1092
3111,1996,10,19058,16656,2402
3111,1996,11,19072,15556,3516
3111,1996,12,28534,20636,7898
3111,1997,1,19076,38116,-19040
3111,1997,2,19081,6656,12425
3111,1997,3,19086,17256,1830
3111,1997,4,19088,19936,-848
3111,1997,5,19097,25856,-6759
3111,1997,6,28551,44096,-15545
3111,1997,7,19019,14516,4503
3111,1997,8,19062,15156,3906
3111,1997,9,19077,15156,3921
3111,1997,10,19086,17976,1110
3111,1997,11,19089,22336,-3247
3111,1997,12,28511,28876,-365
3111,1998,1,19054,25016,-5962
3111,1998,2,19053,17656,1397
3111,1998,3,19059,18456,603
3111,1998,4,19054,22796,-3742
3111,1998,5,19046,16356,2690
3111,1998,6,28469,41296,-12827
3111,1998,7,19005,12356,6649
3111,1998,8,19012,17076,1936
3111,1998,9,19026,19916,-890
3111,1998,10,19033,13856,5177
3111,1998,11,19033,27696,-8663
3111,1998,12,28462,22381,6081
3112,1994,8,31474,0,31474
3112,1994,9,131,3900,-3769
3112,1994,10,131,2500,-2369
3112,1994,11,1931,0,1931
3112,1994,12,131,1300,-1169
3112,1995,1,44762,16000,28762
3112,1995,2,228,11600,-11372
3112,1995,3,45678,4200,41478
3112,1995,4,60672,59767,905
3112,1995,5,88535,69467,19068
3112,1995,6,105487,118967,-13480
3112,1995,7,82226,87367,-5141
3112,1995,8,58184,57367,817
3112,1995,9,241,43267,-43026
3112,1995,10,144,13567,-13423
3112,1995,11,54728,29267,25461
3112,1995,12,83093,50867,32226
3112,1996,1,84202,82067,2135
3112,1996,2,123083,150271,-27188
3112,1996,3,71158,38734,32424
3112,1996,4,19156,50464,-31308
3112,1996,5,52237,30234,22003
3112,1996,6,32949,43176,-10227
3112,1996,7,50302,20534,29768
3112,1996,8,98329,134734,-36405
3112,1996,9,133475,122834,10641
3112,1996,10,49280,72334,-23054
3112,1996,11,26966,22234,4732
3112,1996,12,99718,89634,10084
3112,1997,1,55240,60536,-5296
3112,1997,2,16972,15834,1138
3112,1997,3,115799,111234,4565
3112,1997,4,44523,39834,4689
3112,1997,5,20100,26234,-6134
3112,1997,6,40925,65513,-24588
3112,1997,7,155214,126134,29080
3112,1997,8,17858,20734,-2876
3112,1997,9,132836,104834,28002
3112,1997,10,76061,70534,5527
3112,1997,11,17550,57134,-39584
3112,1997,12,36263,26834,9429
3112,1998,1,11895,54234,-42339
3112,1998,2,45947,29664,16283
3112,1998,3,14003,5634,8369
3112,1998,4,17112,17034,78
3112,1998,5,10930,12234,-1304
3112,1998,6,18794,19434,-640
3112,1998,7,17738,5634,12104
3112,1998,8,12670,32256,-19586
3112,1998,9,23819,5634,18185
3112,1998,10,48951,5634,43317
3112,1998,11,404,24984,-24580
3112,1998,12,328,8319,-7991
3113,1993,8,400,0,400
3113,1993,9,13300,0,13300
3113,1993,10,38100,14300,23800
3113,1993,11,156,7700,-7544
3113,1993,12,156,2500,-2344
3113,1994,1,24290,11800,12490
3113,1994,2,10500,12100,-1600
3113,1994,3,22936,9100,13836
3113,1994,4,17869,26683,-8814
3113,1994,5,6691,16981,-10290
3113,1994,6,43999,46181,-2182
3113,1994,7,2901,12781,-9880
3113,1994,8,5668,12781,-7113
3113,1994,9,6743,12781,-6038
3113,1994,10,11633,12781,-1148
3113,1994,11,155938,65681,90257
3113,1994,12,51489,63481,-11992
3113,1995,1,183,63881,-63698
3113,1995,2,33990,29281,4709
3113,1995,3,37184,32719,4465
3113,1995,4,26164,23550,2614
3113,1995,5,83178,21381,61797
3113,1995,6,45677,52381,-6704
3113,1995,7,27019,48381,-21362
3113,1995,8,5235,40981,-35746
3113,1995,9,70,19781,-19711
3113,1995,10,1717,12781,-11064
3113,1995,11,5572,738,4834
3113,1995,12,7310,12784,-5474
3113,1996,1,15951,740,15211
3113,1996,2,48664,25681,22983
3113,1996,3,17057,26781,-9724
3113,1996,4,147289,84184,63105
3113,1996,5,51363,64359,-12996
3113,1996,6,152,56375,-56223
3113,1996,7,43,16681,-16638
3113,1996,8,175780,113781,61999
3113,1996,9,32266,50781,-18515
3113,1996,10,36804,45081,-8277
3113,1996,11,77189,58581,18608
3113,1996,12,101546,102081,-535
3113,1997,1,68380,74481,-6101
3113,1997,2,197,20881,-20684
3113,1997,3,94247,73281,20966
3113,1997,4,180,19781,-19601
3113,1997,5,41045,29381,11664
3113,1997,6,22502,26481,-3979
3113,1997,7,21485,24981,-3496
3113,1997,8,83249,58591,24658
3113,1997,9,170760,135116,35644
3113,1997,10,277,67136,-66859
3113,1997,11,1984,15781,-13797
3113,1997,12,120235,87981,32254
3113,1998,1,118170,136081,-17911
3113,1998,2,93,13281,-13188
3113,1998,3,38,12781,-12743
3113,1998,4,49425,737,48688
3113,1998,5,62601,37381,25220
3113,1998,6,188,52791,-52603
3113,1998,7,16717,22781,-6064
3113,1998,8,47,12781,-12734
3113,1998,9,15,4780,-4765
3113,1998,10,46545,13170,33375
3113,1998,11,47121,41681,5440
3113,1998,12,135,12766,-12631
3114,1996,6,1403,0,1403
3114,1996,7,12935,0,12935
3114,1996,8,50734,0,50734
3114,1996,9,937,16915,-15978
3114,1996,10,905,8715,-7810
3114,1996,11,867,3115,-2248
3114,1996,12,856,3115,-2259
3114,1997,1,2638,10215,-7577
3114,1997,2,8842,15,8827
3114,1997,3,852,3315,-2463
3114,1997,4,5561,15,5546
3114,1997,5,1775,15,1760
3114,1997,6,7756,16015,-8259
3114,1997,7,9066,15,9051
3114,1997,8,5292,15,5277
3114,1997,9,1003,2415,-1412
3114,1997,10,2601,2065,536
3114,1997,11,5212,15,5197
3114,1997,12,47545,12015,35530
3114,1998,1,40380,77315,-36935
3114,1998,2,913,1915,-1002
3114,1998,3,912,715,197
3114,1998,4,5823,2415,3408
3114,1998,5,922,2915,-1993
3114,1998,6,40697,28815,11882
3114,1998,7,954,6115,-5161
3114,1998,8,941,3015,-2074
3114,1998,9,911,9915,-9004
3114,1998,10,893,3615,-2722
3114,1998,11,890,315,575
3114,1998,12,889,1900,-1011
3115,1996,3,700,0,700
3115,1996,4,32138,7300,24838
3115,1996,5,32240,15700,16540
3115,1996,6,48367,34000,14367
3115,1996,7,32355,31400,955
3115,1996,8,32407,59538,-27131
3115,1996,9,34163,44711,-10548
3115,1996,10,32219,32153,66
3115,1996,11,32278,24138,8140
3115,1996,12,48301,55379,-7078
3115,1997,1,32432,33291,-859
3115,1997,2,32742,23615,9127
3115,1997,3,32270,29044,3226
3115,1997,4,32284,28991,3293
3115,1997,5,32572,37979,-5407
3115,1997,6,48377,39491,8886
3115,1997,7,32300,40071,-7771
3115,1997,8,32265,35291,-3026
3115,1997,9,32237,37191,-4954
3115,1997,10,32241,31491,750
3115,1997,11,32251,29891,2360
3115,1997,12,48346,44391,3955
3115,1998,1,32222,44491,-12269
3115,1998,2,32220,31991,229
3115,1998,3,32211,33091,-880
3115,1998,4,32220,26691,5529
3115,1998,5,32228,33491,-1263
3115,1998,6,48290,48430,-140
3115,1998,7,32224,35391,-3167
3115,1998,8,32210,31391,819
3115,1998,9,32221,31191,1030
3115,1998,10,32207,38391,-6184
3115,1998,11,32227,20091,12136
3115,1998,12,48302,52576,-4274
3116,1996,4,18918,0,18918
3116,1996,5,20904,0,20904
3116,1996,6,26874,4300,22574
3116,1996,7,18033,13100,4933
3116,1996,8,18014,26752,-8738
3116,1996,9,17998,20652,-2654
3116,1996,10,17990,19752,-1762
3116,1996,11,17995,15952,2043
3116,1996,12,26894,34052,-7158
3116,1997,1,17983,20152,-2169
3116,1997,2,17975,9052,8923
3116,1997,3,17961,33072,-15111
3116,1997,4,17945,21272,-3327
3116,1997,5,17935,18152,-217
3116,1997,6,26835,18652,8183
3116,1997,7,17967,17852,115
3116,1997,8,17966,16552,1414
3116,1997,9,17970,15632,2338
3116,1997,10,17982,15352,2630
3116,1997,11,17990,18052,-62
3116,1997,12,26888,23852,3036
3116,1998,1,18005,18752,-747
3116,1998,2,17999,16352,1647
3116,1998,3,18005,19452,-1447
3116,1998,4,17999,17852,147
3116,1998,5,18005,14052,3953
3116,1998,6,26915,20352,6563
3116,1998,7,18038,21152,-3114
3116,1998,8,18017,25032,-7015
3116,1998,9,17996,20072,-2076
3116,1998,10,17993,13752,4241
3116,1998,11,18001,20652,-2651
3116,1998,12,26879,32377,-5498
3117,1993,2,900,0,900
3117,1993,3,5355,0,5355
3117,1993,4,5355,0,5355
3117,1993,5,5355,0,5355
3117,1993,6,5355,0,5355
3117,1993,7,5413,5185,228
3117,1993,8,5453,3585,1868
3117,1993,9,5445,11745,-6300
3117,1993,10,5435,3585,1850
3117,1993,11,5442,4185,1257
3117,1993,12,5446,4635,811
3117,1994,1,5425,14655,-9230
3117,1994,2,5412,3585,1827
3117,1994,3,5420,3585,1835
3117,1994,4,5428,3585,1843
3117,1994,5,5436,3585,1851
3117,1994,6,5433,8085,-2652
3117,1994,7,5432,3585,1847
3117,1994,8,5432,7025,-1593
3117,1994,9,5430,5425,5
3117,1994,10,5433,3585,1848
3117,1994,11,5441,3585,1856
3117,1994,12,5442,7395,-1953
3117,1995,1,5422,11505,-6083
3117,1995,2,5415,3585,1830
3117,1995,3,5423,3585,1838
3117,1995,4,5429,4185,1244
3117,1995,5,5429,6385,-956
3117,1995,6,5431,3585,1846
3117,1995,7,5435,6145,-710
3117,1995,8,5436,3585,1851
3117,1995,9,5442,4485,957
3117,1995,10,5448,3585,1863
3117,1995,11,5454,4485,969
3117,1995,12,5443,12855,-7412
3117,1996,1,5423,6785,-1362
3117,1996,2,5423,3585,1838
3117,1996,3,5431,3585,1846
3117,1996,4,5438,3585,1853
3117,1996,5,5432,8285,-2853
3117,1996,6,5434,3585,1849
3117,1996,7,5438,5105,333
3117,1996,8,5443,3585,1858
3117,1996,9,5439,9205,-3766
3117,1996,10,5435,3585,1850
3117,1996,11,5442,3585,1857
3117,1996,12,5448,4805,643
3117,1997,1,5429,12965,-7536
3117,1997,2,5421,3585,1836
3117,1997,3,5425,5905,-480
3117,1997,4,5426,4625,801
3117,1997,5,5430,3585,1845
3117,1997,6,5430,6535,-1105
3117,1997,7,5428,6785,-1357
3117,1997,8,5428,3585,1843
3117,1997,9,5435,3585,1850
3117,1997,10,5443,3785,1658
3117,1997,11,5449,5085,364
3117,1997,12,5449,4835,614
3117,1998,1,5428,12535,-7107
3117,1998,2,5424,3585,1839
3117,1998,3,5429,7045,-1616
3117,1998,4,5425,3585,1840
3117,1998,5,5432,3585,1847
3117,1998,6,5440,3585,1855
3117,1998,7,5448,3585,1863
3117,1998,8,5454,5185,269
3117,1998,9,5454,6485,-1031
3117,1998,10,5451,4985,466
3117,1998,11,5447,9685,-4238
3117,1998,12,5434,4570,864
3118,1996,3,16855,0,16855
3118,1996,4,20333,0,20333
3118,1996,5,16495,5100,11395
3118,1996,6,24699,12800,11899
3118,1996,7,16563,16715,-152
3118,1996,8,16531,26301,-9770
3118,1996,9,16505,21001,-4496
3118,1996,10,16493,18501,-2008
3118,1996,11,16488,17401,-913
3118,1996,12,24657,19261,5396
3118,1997,1,16444,41641,-25197
3118,1997,2,16424,9101,7323
3118,1997,3,16447,17141,-694
3118,1997,4,16451,9501,6950
3118,1997,5,16469,14101,2368
3118,1997,6,24650,24861,-211
3118,1997,7,16465,18001,-1536
3118,1997,8,16462,16901,-439
3118,1997,9,16455,18801,-2346
3118,1997,10,16453,22021,-5568
3118,1997,11,16450,20301,-3851
3118,1997,12,24582,21101,3481
3118,1998,1,18414,23581,-5167
3118,1998,2,16428,13001,3427
3118,1998,3,16449,11801,4648
3118,1998,4,16461,12601,3860
3118,1998,5,16476,15301,1175
3118,1998,6,24635,23481,1154
3118,1998,7,16487,11301,5186
3118,1998,8,16494,15661,833
3118,1998,9,16512,9201,7311
3118,1998,10,16526,16721,-195
3118,1998,11,16538,13801,2737
3118,1998,12,24720,22046,2674
3119,1997,5,4283,0,4283
3119,1997,6,3187,0,3187
3119,1997,7,3187,0,3187
3119,1997,8,3187,0,3187
3119,1997,9,3224,1159,2065
3119,1997,10,3237,3537,-300
3119,1997,11,3237,2127,1110
3119,1997,12,3240,2667,573
3119,1998,1,3234,6957,-3723
3119,1998,2,3232,2127,1105
3119,1998,3,3233,2127,1106
3119,1998,4,3233,3567,-334
3119,1998,5,3234,4227,-993
3119,1998,6,3236,2127,1109
3119,1998,7,3241,2127,1114
3119,1998,8,3242,2127,1115
3119,1998,9,3246,2127,1119
3119,1998,10,3251,2427,824
3119,1998,11,3258,2127,1131
3119,1998,12,3259,2502,757
3120,1996,6,400,0,400
3120,1996,7,5685,0,5685
3120,1996,8,5685,0,5685
3120,1996,9,5685,0,5685
3120,1996,10,5685,0,5685
3120,1996,11,5771,2919,2852
3120,1996,12,5802,3219,2583
3120,1997,1,5804,10359,-4555
3120,1997,2,5794,2919,2875
3120,1997,3,5806,2919,2887
3120,1997,4,5818,2919,2899
3120,1997,5,5820,7919,-2099
3120,1997,6,5778,19119,-13341
3120,1997,7,5766,2919,2847
3120,1997,8,5777,3719,2058
3120,1997,9,5787,2919,2868
3120,1997,10,5792,5079,713
3120,1997,11,5801,3019,2782
3120,1997,12,5806,5319,487
3120,1998,1,5794,13499,-7705
3120,1998,2,5770,6839,-1069
3120,1998,3,5768,6359,-591
3120,1998,4,5776,2919,2857
3120,1998,5,5790,4999,791
3120,1998,6,5782,9719,-3937
3120,1998,7,5775,2919,2856
3120,1998,8,5785,3479,2306
3120,1998,9,5796,2919,2877
3120,1998,10,5808,2919,2889
3120,1998,11,5812,8719,-2907
3120,1998,12,5796,6924,-1128
3121,1996,3,5367,0,5367
3121,1996,4,4375,0,4375
3121,1996,5,4375,0,4375
3121,1996,6,4375,0,4375
3121,1996,7,4378,15,4363
3121,1996,8,4452,2917,1535
3121,1996,9,4458,6277,-1819
3121,1996,10,4451,2917,1534
3121,1996,11,4457,2917,1540
3121,1996,12,4452,5797,-1345
3121,1997,1,4424,15277,-10853
3121,1997,2,4413,2917,1496
3121,1997,3,4419,2917,1502
3121,1997,4,4425,2917,1508
3121,1997,5,4426,6677,-2251
3121,1997,6,4422,2917,1505
3121,1997,7,4416,7017,-2601
3121,1997,8,4416,6077,-1661
3121,1997,9,4410,4417,-7
3121,1997,10,4410,4017,393
3121,1997,11,4412,2917,1495
3121,1997,12,4416,7767,-3351
3121,1998,1,4405,2917,1488
3121,1998,2,4410,5217,-807
3121,1998,3,4407,2917,1490
3121,1998,4,4413,2917,1496
3121,1998,5,4418,4917,-499
3121,1998,6,4416,4817,-401
3121,1998,7,4414,5017,-603
3121,1998,8,4413,2917,1496
3121,1998,9,4417,5517,-1100
3121,1998,10,4415,2917,1498
3121,1998,11,4418,5717,-1299
3121,1998,12,4415,3252,1163
3122,1997,5,1100,0,1100
3122,1997,6,19182,0,19182
3122,1997,7,7520,900,6620
3122,1997,8,7546,1600,5946
3122,1997,9,7563,4300,3263
3122,1997,10,8178,4959,3219
3122,1997,11,7575,16239,-8664
3122,1997,12,11267,9999,1268
3122,1998,1,12329,27959,-15630
3122,1998,2,11507,4959,6548
3122,1998,3,13239,4959,8280
3122,1998,4,12271,4959,7312
3122,1998,5,7600,5459,2141
3122,1998,6,11276,34419,-23143
3122,1998,7,18528,10479,8049
3122,1998,8,16260,9159,7101
3122,1998,9,14584,5799,8785
3122,1998,10,7574,12219,-4645
3122,1998,11,12797,4959,7838
3122,1998,12,12618,12504,114
3124,1995,6,500,0,500
3124,1995,7,19784,0,19784
3124,1995,8,15138,6900,8238
3124,1995,9,15161,11300,3861
3124,1995,10,15170,13800,1370
3124,1995,11,15172,16840,-1668
3124,1995,12,22678,26351,-3673
3124,1996,1,15132,25451,-10319
3124,1996,2,15120,11151,3969
3124,1996,3,15132,13051,2081
3124,1996,4,15138,13551,1587
3124,1996,5,15145,13351,1794
3124,1996,6,22713,9951,12762
3124,1996,7,15195,22651,-7456
3124,1996,8,15173,13551,1622
3124,1996,9,15197,8851,6346
3124,1996,10,15201,15551,-350
3124,1996,11,15199,14051,1148
3124,1996,12,22742,16851,5891
3124,1997,1,15183,28751,-13568
3124,1997,2,15185,11551,3634
3124,1997,3,15194,13551,1643
3124,1997,4,15200,13951,1249
3124,1997,5,15199,15451,-252
3124,1997,6,22717,33451,-10734
3124,1997,7,15167,11351,3816
3124,1997,8,15171,27451,-12280
3124,1997,9,15139,17151,-2012
3124,1997,10,15141,10551,4590
3124,1997,11,15158,14451,707
3124,1997,12,22696,17851,4845
3124,1998,1,15125,25951,-10826
3124,1998,2,15138,9251,5887
3124,1998,3,15156,17551,-2395
3124,1998,4,15150,15351,-201
3124,1998,5,15144,15251,-107
3124,1998,6,22662,25951,-3289
3124,1998,7,15135,9351,5784
3124,1998,8,15157,11851,3306
3124,1998,9,15169,13451,1718
3124,1998,10,15173,15551,-378
3124,1998,11,15171,16051,-880
3124,1998,12,22713,7936,14777
3125,1996,12,400,0,400
3125,1997,1,14903,0,14903
3125,1997,2,6443,1300,5143
3125,1997,3,6453,6200,253
3125,1997,4,6462,2800,3662
3125,1997,5,6475,3915,2560
3125,1997,6,9663,9960,-297
3125,1997,7,6458,17060,-10602
3125,1997,8,7241,4260,2981
3125,1997,9,10863,4260,6603
3125,1997,10,6475,5760,715
3125,1997,11,6474,6660,-186
3125,1997,12,12768,7940,4828
3125,1998,1,12989,12260,729
3125,1998,2,6491,7860,-1369
3125,1998,3,6487,7960,-1473
3125,1998,4,6486,5860,626
3125,1998,5,6477,11400,-4923
3125,1998,6,9657,6660,2997
3125,1998,7,6459,12760,-6301
3125,1998,8,6439,9540,-3101
3125,1998,9,6448,4260,2188
3125,1998,10,6458,4260,2198
3125,1998,11,6447,10560,-4113
3125,1998,12,9640,6325,3315
3126,1996,9,6407,0,6407
3126,1996,10,16161,0,16161
3126,1996,11,7905,0,7905
3126,1996,12,9131,1900,7231
3126,1997,1,9114,23507,-14393
3126,1997,2,6091,4007,2084
3126,1997,3,6096,6307,-211
3126,1997,4,6903,4007,2896
3126,1997,5,6111,10407,-4296
3126,1997,6,9791,11507,-1716
3126,1997,7,6084,10507,-4423
3126,1997,8,6066,7907,-1841
3126,1997,9,6360,4007,2353
3126,1997,10,6066,7807,-1741
3126,1997,11,6057,6707,-650
3126,1997,12,9058,9707,-649
3126,1998,1,6050,8607,-2557
3126,1998,2,6044,6007,37
3126,1998,3,7347,4007,3340
3126,1998,4,6057,7907,-1850
3126,1998,5,6048,9107,-3059
3126,1998,6,9038,8707,331
3126,1998,7,6041,4007,2034
3126,1998,8,6049,4007,2042
3126,1998,9,6058,4007,2051
3126,1998,10,6063,6007,56
3126,1998,11,6066,4007,2059
3126,1998,12,9073,6192,2881
3127,1993,8,43623,0,43623
3127,1993,9,181,9300,-9119
3127,1993,10,181,5300,-5119
3127,1993,11,181,3700,-3519
3127,1993,12,1881,0,1881
3127,1994,1,20020,100,19920
3127,1994,2,56220,22800,33420
3127,1994,3,38914,28615,10299
3127,1994,4,44859,92249,-47390
3127,1994,5,36536,13349,23187
3127,1994,6,179,27749,-27570
3127,1994,7,114,13649,-13535
3127,1994,8,28891,7349,21542
3127,1994,9,141,15549,-15408
3127,1994,10,48211,7349,40862
3127,1994,11,35994,29349,6645
3127,1994,12,5740,59049,-53309
3127,1995,1,44774,45149,-375
3127,1995,2,106,7349,-7243
3127,1995,3,65973,32449,33524
3127,1995,4,2813,23159,-20346
3127,1995,5,116907,75049,41858
3127,1995,6,61028,65749,-4721
3127,1995,7,33156,58193,-25037
3127,1995,8,45201,15349,29852
3127,1995,9,93586,64149,29437
3127,1995,10,163201,187249,-24048
3127,1995,11,33774,62949,-29175
3127,1995,12,71086,87149,-16063
3127,1996,1,9093,19049,-9956
3127,1996,2,9500,7349,2151
3127,1996,3,79881,38349,41532
3127,1996,4,44111,42949,1162
3127,1996,5,261,21449,-21188
3127,1996,6,25576,38849,-13273
3127,1996,7,2434,7349,-4915
3127,1996,8,69689,38349,31340
3127,1996,9,228,15949,-15721
3127,1996,10,173,8349,-8176
3127,1996,11,33242,34449,-1207
3127,1996,12,3631,10049,-6418
3127,1997,1,22642,25349,-2707
3127,1997,2,60384,11349,49035
3127,1997,3,73281,82449,-9168
3127,1997,4,9979,20449,-10470
3127,1997,5,25884,45386,-19502
3127,1997,6,41772,44254,-2482
3127,1997,7,26398,7349,19049
3127,1997,8,188,14149,-13961
3127,1997,9,7260,10949,-3689
3127,1997,10,51553,26512,25041
3127,1997,11,13441,25449,-12008
3127,1997,12,67521,37449,30072
3127,1998,1,22762,74549,-51787
3127,1998,2,105,7349,-7244
3127,1998,3,75,7349,-7274
3127,1998,4,73324,11349,61975
3127,1998,5,28098,61054,-32956
3127,1998,6,58816,61549,-2733
3127,1998,7,13878,21695,-7817
3127,1998,8,107073,33877,73196
3127,1998,9,32885,86449,-53564
3127,1998,10,148,21440,-21292
3127,1998,11,69908,42349,27559
3127,1998,12,37753,54408,-16655
3128,1995,1,7049,0,7049
3128,1995,2,13494,0,13494
3128,1995,3,8137,0,8137
3128,1995,4,6965,700,6265
3128,1995,5,6973,7215,-242
3128,1995,6,10397,7115,3282
3128,1995,7,6980,7435,-455
3128,1995,8,6973,16115,-9142
3128,1995,9,6957,3415,3542
3128,1995,10,6968,4815,2153
3128,1995,11,6974,5715,1259
3128,1995,12,10388,12875,-2487
3128,1996,1,9222,22295,-13073
3128,1996,2,6914,3255,3659
3128,1996,3,6945,3815,3130
3128,1996,4,6941,1515,5426
3128,1996,5,6969,6155,814
3128,1996,6,10388,6595,3793
3128,1996,7,6980,10215,-3235
3128,1996,8,6967,7415,-448
3128,1996,9,6966,5715,1251
3128,1996,10,6973,4315,2658
3128,1996,11,6985,2115,4870
3128,1996,12,10419,9195,1224
3128,1997,1,11495,12615,-1120
3128,1997,2,7005,4015,2990
3128,1997,3,7019,2315,4704
3128,1997,4,7034,9095,-2061
3128,1997,5,7025,8115,-1090
3128,1997,6,10438,8415,2023
3128,1997,7,7034,3215,3819
3128,1997,8,7048,5015,2033
3128,1997,9,7054,6815,239
3128,1997,10,7053,7915,-862
3128,1997,11,7047,11595,-4548
3128,1997,12,10448,12195,-1747
3128,1998,1,7012,16275,-9263
3128,1998,2,6995,715,6280
3128,1998,3,7018,2815,4203
3128,1998,4,7038,1115,5923
3128,1998,5,7060,3515,3545
3128,1998,6,10498,5135,5363
3128,1998,7,7092,6315,777
3128,1998,8,7088,9915,-2827
3128,1998,9,7077,9715,-2638
3128,1998,10,7075,6295,780
3128,1998,11,7480,4695,2785
3128,1998,12,10516,6920,3596
3129,1993,12,6944,0,6944
3129,1994,1,6756,0,6756
3129,1994,2,6756,0,6756
3129,1994,3,6756,0,6756
3129,1994,4,6760,15,6745
3129,1994,5,6858,9922,-3064
3129,1994,6,6842,18022,-11180
3129,1994,7,6815,4082,2733
3129,1994,8,6830,2722,4108
3129,1994,9,6826,8442,-1616
3129,1994,10,6830,9562,-2732
3129,1994,11,6820,7462,-642
3129,1994,12,6829,4072,2757
3129,1995,1,6815,11482,-4667
3129,1995,2,6809,8562,-1753
3129,1995,3,6811,2722,4089
3129,1995,4,6828,3522,3306
3129,1995,5,6839,7542,-703
3129,1995,6,6837,6522,315
3129,1995,7,6839,4822,2017
3129,1995,8,6847,4922,1925
3129,1995,9,6853,8482,-1629
3129,1995,10,6840,8142,-1302
3129,1995,11,6841,6322,519
3129,1995,12,6832,10392,-3560
3129,1996,1,6797,12962,-6165
3129,1996,2,6801,5042,1759
3129,1996,3,6813,3222,3591
3129,1996,4,6825,5822,1003
3129,1996,5,6828,6722,106
3129,1996,6,6826,5872,954
3129,1996,7,6826,11022,-4196
3129,1996,8,6812,7522,-710
3129,1996,9,6807,7702,-895
3129,1996,10,6811,3682,3129
3129,1996,11,6824,3522,3302
3129,1996,12,6839,3172,3667
3129,1997,1,6828,12622,-5794
3129,1997,2,6829,2722,4107
3129,1997,3,6839,9122,-2283
3129,1997,4,6837,2722,4115
3129,1997,5,6847,6822,25
3129,1997,6,6843,9322,-2479
3129,1997,7,6837,5642,1195
3129,1997,8,6849,2722,4127
3129,1997,9,6858,6422,436
3129,1997,10,6859,5922,937
3129,1997,11,6857,13082,-6225
3129,1997,12,6842,7722,-880
3129,1998,1,6823,11902,-5079
3129,1998,2,6820,3202,3618
3129,1998,3,6819,9822,-3003
3129,1998,4,6815,7842,-1027
3129,1998,5,6819,2722,4097
3129,1998,6,6831,8172,-1341
3129,1998,7,6829,3122,3707
3129,1998,8,6838,5422,1416
3129,1998,9,6839,7122,-283
3129,1998,10,6831,10022,-3191
3129,1998,11,6821,8422,-1601
3129,1998,12,6805,10457,-3652
3130,1996,3,500,0,500
3130,1996,4,6359,0,6359
3130,1996,5,6359,0,6359
3130,1996,6,6359,0,6359
3130,1996,7,6406,900,5506
3130,1996,8,6477,1561,4916
3130,1996,9,6491,4461,2030
3130,1996,10,6494,7261,-767
3130,1996,11,6501,2361,4140
3130,1996,12,6509,6511,-2
3130,1997,1,6490,14841,-8351
3130,1997,2,6482,3501,2981
3130,1997,3,6498,1561,4937
3130,1997,4,6512,4321,2191
3130,1997,5,6517,7581,-1064
3130,1997,6,6513,5321,1192
3130,1997,7,6524,3321,3203
3130,1997,8,6541,1561,4980
3130,1997,9,6546,7161,-615
3130,1997,10,6557,3761,2796
3130,1997,11,6564,4041,2523
3130,1997,12,6570,6161,409
3130,1998,1,6565,10521,-3956
3130,1998,2,6565,2361,4204
3130,1998,3,6579,3661,2918
3130,1998,4,6596,2441,4155
3130,1998,5,6613,1561,5052
3130,1998,6,6625,5081,1544
3130,1998,7,6641,1561,5080
3130,1998,8,6662,1561,5101
3130,1998,9,6683,1561,5122
3130,1998,10,6704,1561,5143
3130,1998,11,6725,1561,5164
3130,1998,12,6742,7866,-1124
3131,1995,10,300,0,300
3131,1995,11,21781,0,21781
3131,1995,12,31992,16900,15092
3131,1996,1,21412,18500,2912
3131,1996,2,21422,19700,1722
3131,1996,3,21431,33905,-12474
3131,1996,4,21384,30273,-8889
3131,1996,5,21367,12346,9021
3131,1996,6,32031,37182,-5151
3131,1996,7,21372,18746,2626
3131,1996,8,21374,22846,-1472
3131,1996,9,21369,23950,-2581
3131,1996,10,21346,24446,-3100
3131,1996,11,21355,19686,1669
3131,1996,12,32017,23946,8071
3131,1997,1,21353,30246,-8893
3131,1997,2,21355,16646,4709
3131,1997,3,21375,17546,3829
3131,1997,4,21383,21846,-463
3131,1997,5,21386,20446,940
3131,1997,6,32038,21146,10892
3131,1997,7,21422,23046,-1624
3131,1997,8,21405,30209,-8804
3131,1997,9,21813,9146,12667
3131,1997,10,21435,36215,-14780
3131,1997,11,21403,11046,10357
3131,1997,12,32093,22446,9647
3131,1998,1,21403,48446,-27043
3131,1998,2,21370,12046,9324
3131,1998,3,21600,22072,-472
3131,1998,4,21390,16946,4444
3131,1998,5,21407,17646,3761
3131,1998,6,32011,41846,-9835
3131,1998,7,21382,18046,3336
3131,1998,8,21408,14646,6762
3131,1998,9,21418,20646,772
3131,1998,10,21416,23346,-1930
3131,1998,11,21437,13546,7891
3131,1998,12,32117,18331,13786
3132,1995,10,7000,0,7000
3132,1995,11,17854,0,17854
3132,1995,12,10402,0,10402
3132,1996,1,6725,8500,-1775
3132,1996,2,6714,12135,-5421
3132,1996,3,6702,7703,-1001
3132,1996,4,6697,7803,-1106
3132,1996,5,6702,5003,1699
3132,1996,6,9977,14303,-4326
3132,1996,7,7689,4403,3286
3132,1996,8,6681,10003,-3322
3132,1996,9,6684,6703,-19
3132,1996,10,6678,6503,175
3132,1996,11,6690,5603,1087
3132,1996,12,10774,12803,-2029
3132,1997,1,10758,16203,-5445
3132,1997,2,6666,4403,2263
3132,1997,3,6666,7103,-437
3132,1997,4,6666,6803,-137
3132,1997,5,6655,9503,-2848
3132,1997,6,9951,9403,548
3132,1997,7,6654,9603,-2949
3132,1997,8,6652,4403,2249
3132,1997,9,6651,11003,-4352
3132,1997,10,6635,5303,1332
3132,1997,11,7647,4403,3244
3132,1997,12,9954,11303,-1349
3132,1998,1,7449,6803,646
3132,1998,2,9253,4403,4850
3132,1998,3,6671,5303,1368
3132,1998,4,7683,4403,3280
3132,1998,5,6687,7703,-1016
3132,1998,6,11391,4403,6988
3132,1998,7,6699,13703,-7004
3132,1998,8,6681,10603,-3922
3132,1998,9,8372,4403,3969
3132,1998,10,7591,4403,3188
3132,1998,11,6698,8103,-1405
3132,1998,12,9983,16488,-6505
3133,1993,6,1000,0,1000
3133,1993,7,22050,0,22050
3133,1993,8,19723,6700,13023
3133,1993,9,19796,15300,4496
3133,1993,10,19838,18100,1738
3133,1993,11,19818,12506,7312
3133,1993,12,29617,21133,8484
3133,1994,1,19765,40073,-20308
3133,1994,2,19756,20673,-917
3133,1994,3,19768,11733,8035
3133,1994,4,19791,14833,4958
3133,1994,5,19794,20733,-939
3133,1994,6,29554,43953,-14399
3133,1994,7,19747,14933,4814
3133,1994,8,19768,14833,4935
3133,1994,9,19774,19533,241
3133,1994,10,19770,24253,-4483
3133,1994,11,19757,19393,364
3133,1994,12,29576,20613,8963
3133,1995,1,19720,42893,-23173
3133,1995,2,21318,16133,5185
3133,1995,3,19735,14533,5202
3133,1995,4,19747,17853,1894
3133,1995,5,19763,15033,4730
3133,1995,6,29559,45033,-15474
3133,1995,7,19717,19553,164
3133,1995,8,19719,14933,4786
3133,1995,9,19738,15033,4705
3133,1995,10,19740,21233,-1493
3133,1995,11,19747,21813,-2066
3133,1995,12,29536,33893,-4357
3133,1996,1,21109,31933,-10824
3133,1996,2,19697,13833,5864
3133,1996,3,19726,19133,593
3133,1996,4,19722,17433,2289
3133,1996,5,19729,21433,-1704
3133,1996,6,29542,25533,4009
3133,1996,7,19738,19933,-195
3133,1996,8,19733,23533,-3800
3133,1996,9,19694,25113,-5419
3133,1996,10,19693,22533,-2840
3133,1996,11,19685,17533,2152
3133,1996,12,29494,28013,1481
3133,1997,1,19688,22573,-2885
3133,1997,2,19687,16933,2754
3133,1997,3,19699,21693,-1994
3133,1997,4,19688,18533,1155
3133,1997,5,19691,21393,-1702
3133,1997,6,29501,20033,9468
3133,1997,7,19724,17933,1791
3133,1997,8,19722,25933,-6211
3133,1997,9,19703,17853,1850
3133,1997,10,19713,16833,2880
3133,1997,11,19717,21033,-1316
3133,1997,12,29525,29113,412
3133,1998,1,19690,28933,-9243
3133,1998,2,19673,20533,-860
3133,1998,3,19689,9533,10156
3133,1998,4,19697,29893,-10196
3133,1998,5,19670,20233,-563
3133,1998,6,29476,27833,1643
3133,1998,7,19693,9533,10160
3133,1998,8,19726,13373,6353
3133,1998,9,19705,36633,-16928
3133,1998,10,19691,9533,10158
3133,1998,11,19723,13493,6230
3133,1998,12,29577,11278,18299
3134,1994,4,600,0,600
3134,1994,5,20159,0,20159
3134,1994,6,30021,11700,18321
3134,1994,7,20114,18800,1314
3134,1994,8,20122,15900,4222
3134,1994,9,20173,21583,-1410
3134,1994,10,20166,21583,-1417
3134,1994,11,20159,21183,-1024
3134,1994,12,30162,25783,4379
3134,1995,1,20133,32483,-12350
3134,1995,2,20128,11283,8845
3134,1995,3,20149,25463,-5314
3134,1995,4,20139,15883,4256
3134,1995,5,20143,20783,-640
3134,1995,6,30135,26703,3432
3134,1995,7,20160,20683,-523
3134,1995,8,20156,19783,373
3134,1995,9,20157,19283,874
3134,1995,10,20154,23563,-3409
3134,1995,11,20135,23383,-3248
3134,1995,12,30133,26863,3270
3134,1996,1,20115,38663,-18548
3134,1996,2,20076,11783,8293
3134,1996,3,20106,15283,4823
3134,1996,4,20122,16583,3539
3134,1996,5,20130,19983,147
3134,1996,6,30118,27003,3115
3134,1996,7,20140,20383,-243
3134,1996,8,20133,22383,-2250
3134,1996,9,20123,21383,-1260
3134,1996,10,20122,19283,839
3134,1996,11,20121,20483,-362
3134,1996,12,30105,31263,-1158
3134,1997,1,20091,33803,-13712
3134,1997,2,20075,11783,8292
3134,1997,3,20107,16903,3204
3134,1997,4,20112,16583,3529
3134,1997,5,20124,17883,2241
3134,1997,6,30100,31223,-1123
3134,1997,7,20140,12683,7457
3134,1997,8,20159,16383,3776
3134,1997,9,20169,21083,-914
3134,1997,10,20154,21483,-1329
3134,1997,11,20158,18583,1575
3134,1997,12,30147,26503,3644
3134,1998,1,20127,41183,-21056
3134,1998,2,20098,17463,2635
3134,1998,3,20110,16183,3927
3134,1998,4,20125,16683,3442
3134,1998,5,20139,16683,3456
3134,1998,6,30092,39463,-9371
3134,1998,7,20128,13043,7085
3134,1998,8,20144,17183,2961
3134,1998,9,20175,11783,8392
3134,1998,10,20189,20863,-674
3134,1998,11,20201,13483,6718
3134,1998,12,30224,20108,10116
3135,1993,12,200,0,200
3135,1994,1,24407,0,24407
3135,1994,2,20195,10500,9695
3135,1994,3,20233,14900,5333
3135,1994,4,20253,17900,2353
3135,1994,5,20285,24629,-4344
3135,1994,6,30339,23329,7010
3135,1994,7,20295,23329,-3034
3135,1994,8,20282,21229,-947
3135,1994,9,20277,21129,-852
3135,1994,10,20275,19529,746
3135,1994,11,20279,20829,-550
3135,1994,12,30330,28569,1761
3135,1995,1,20276,22649,-2373
3135,1995,2,20262,26589,-6327
3135,1995,3,20238,20929,-691
3135,1995,4,20243,19489,754
3135,1995,5,20244,18589,1655
3135,1995,6,30319,21129,9190
3135,1995,7,20281,23429,-3148
3135,1995,8,20271,20229,42
3135,1995,9,20263,27209,-6946
3135,1995,10,20242,19269,973
3135,1995,11,20239,22129,-1890
3135,1995,12,30290,28509,1781
3135,1996,1,20239,21929,-1690
3135,1996,2,20237,17929,2308
3135,1996,3,20242,20629,-387
3135,1996,4,20235,24649,-4414
3135,1996,5,20234,14429,5805
3135,1996,6,30303,30589,-286
3135,1996,7,20247,17929,2318
3135,1996,8,20247,21029,-782
3135,1996,9,20245,19829,416
3135,1996,10,20250,18529,1721
3135,1996,11,20272,19029,1243
3135,1996,12,30306,33469,-3163
3135,1997,1,20225,26529,-6304
3135,1997,2,20206,24329,-4123
3135,1997,3,20207,17529,2678
3135,1997,4,20207,21629,-1422
3135,1997,5,20212,17729,2483
3135,1997,6,30272,26429,3843
3135,1997,7,20221,23829,-3608
3135,1997,8,20225,20089,136
3135,1997,9,20225,21029,-804
3135,1997,10,20233,16729,3504
3135,1997,11,20375,6829,13546
3135,1997,12,30383,16269,14114
3135,1998,1,20355,17329,3026
3135,1998,2,20362,23369,-3007
3135,1998,3,20361,15529,4832
3135,1998,4,20380,15929,4451
3135,1998,5,20376,22429,-2053
3135,1998,6,30456,19129,11327
3135,1998,7,20375,36569,-16194
3135,1998,8,20367,16529,3838
3135,1998,9,20369,20629,-260
3135,1998,10,20393,13029,7364
3135,1998,11,20414,15829,4585
3135,1998,12,30498,22414,8084
3136,1993,8,900,0,900
3136,1993,9,21704,0,21704
3136,1993,10,11561,300,11261
3136,1993,11,11591,5000,6591
3136,1993,12,17348,6700,10648
3136,1994,1,11597,30759,-19162
3136,1994,2,11566,11459,107
3136,1994,3,11566,11459,107
3136,1994,4,11571,10159,1412
3136,1994,5,11568,12659,-1091
3136,1994,6,17306,10259,7047
3136,1994,7,11592,14259,-2667
3136,1994,8,11579,12259,-680
3136,1994,9,11585,10859,726
3136,1994,10,11586,16359,-4773
3136,1994,11,11586,13659,-2073
3136,1994,12,17291,19459,-2168
3136,1995,1,14352,15959,-1607
3136,1995,2,11547,11259,288
3136,1995,3,11557,8259,3298
3136,1995,4,11570,9359,2211
3136,1995,5,11579,8859,2720
3136,1995,6,17283,26159,-8876
3136,1995,7,11955,6159,5796
3136,1995,8,11578,7759,3819
3136,1995,9,11590,12859,-1269
3136,1995,10,11584,12159,-575
3136,1995,11,11584,9359,2225
3136,1995,12,17322,14159,3163
3136,1996,1,12991,18159,-5168
3136,1996,2,11586,7659,3927
3136,1996,3,11600,9659,1941
3136,1996,4,11609,8259,3350
3136,1996,5,11619,9559,2060
3136,1996,6,17351,39259,-21908
3136,1996,7,18953,6159,12794
3136,1996,8,13198,6159,7039
3136,1996,9,11623,7359,4264
3136,1996,10,11633,12159,-526
3136,1996,11,11632,11059,573
3136,1996,12,17357,15259,2098
3136,1997,1,15345,16559,-1214
3136,1997,2,11643,7859,3784
3136,1997,3,12662,7659,5003
3136,1997,4,13983,8159,5824
3136,1997,5,11699,10359,1340
3136,1997,6,17412,17859,-447
3136,1997,7,11703,9759,1944
3136,1997,8,11696,16059,-4363
3136,1997,9,11697,7459,4238
3136,1997,10,11697,13859,-2162
3136,1997,11,11701,9459,2242
3136,1997,12,17429,17759,-330
3136,1998,1,13577,22659,-9082
3136,1998,2,11667,10259,1408
3136,1998,3,11884,6159,5725
3136,1998,4,11703,7859,3844
3136,1998,5,11712,10859,853
3136,1998,6,17407,35659,-18252
3136,1998,7,11648,7159,4489
3136,1998,8,11663,8359,3304
3136,1998,9,11676,8959,2717
3136,1998,10,11692,6859,4833
3136,1998,11,13620,6159,7461
3136,1998,12,17442,20144,-2702
3137,1996,12,900,0,900
3137,1997,1,27528,0,27528
3137,1997,2,25508,12600,12908
3137,1997,3,25548,17900,7648
3137,1997,4,25567,23400,2167
3137,1997,5,25511,45207,-19696
3137,1997,6,38171,44317,-6146
3137,1997,7,25493,15315,10178
3137,1997,8,25498,31341,-5843
3137,1997,9,25511,21815,3696
3137,1997,10,25497,28015,-2518
3137,1997,11,25505,22115,3390
3137,1997,12,38192,45615,-7423
3137,1998,1,25474,33315,-7841
3137,1998,2,25465,16515,8950
3137,1998,3,25490,30115,-4625
3137,1998,4,25468,21415,4053
3137,1998,5,25501,18115,7386
3137,1998,6,38214,29915,8299
3137,1998,7,25539,26815,-1276
3137,1998,8,25532,25615,-83
3137,1998,9,25519,38512,-12993
3137,1998,10,25516,15342,10174
3137,1998,11,25545,27542,-1997
3137,1998,12,38263,24327,13936
3138,1996,3,300,0,300
3138,1996,4,41760,5000,36760
3138,1996,5,452,2400,-1948
3138,1996,6,445,1300,-855
3138,1996,7,440,2015,-1575
3138,1996,8,2783,1115,1668
3138,1996,9,544,15,529
3138,1996,10,442,2515,-2073
3138,1996,11,437,215,222
3138,1996,12,433,2815,-2382
3138,1997,1,29219,23115,6104
3138,1997,2,442,7215,-6773
3138,1997,3,1328,15,1313
3138,1997,4,429,1815,-1386
3138,1997,5,425,415,10
3138,1997,6,416,4715,-4299
3138,1997,7,404,2115,-1711
3138,1997,8,15651,4115,11536
3138,1997,9,429,10415,-9986
3138,1997,10,399,4015,-3616
3138,1997,11,390,1315,-925
3138,1997,12,372,7115,-6743
3138,1998,1,355,2515,-2160
3138,1998,2,352,115,237
3138,1998,3,352,15,337
3138,1998,4,1457,15,1442
3138,1998,5,360,15,345
3138,1998,6,22204,23215,-1011
3138,1998,7,357,15,342
3138,1998,8,6398,7315,-917
3138,1998,9,354,15,339
3138,1998,10,356,15,341
3138,1998,11,357,15,342
3138,1998,12,300,0,300
3139,1995,8,200,0,200
3139,1995,9,13200,0,13200
3139,1995,10,5600,0,5600
3139,1995,11,1900,0,1900
3139,1995,12,0,4200,-4200
3139,1996,1,400,0,400
3139,1996,2,0,1100,-1100
3139,1996,3,0,1300,-1300
3139,1996,4,100,0,100
3139,1996,5,56473,29500,26973
3139,1996,6,174,15300,-15126
3139,1996,7,174,7800,-7626
3139,1996,8,174,4000,-3826
3139,1996,9,174,400,-226
3139,1996,10,174,2700,-2526
3139,1997,6,24898,16900,7998
3139,1997,7,42969,28400,14569
3139,1997,8,145,15500,-15355
3139,1997,10,145,5400,-5255
3139,1997,12,145,3500,-3355
3139,1998,5,23286,15,23271
3139,1998,6,140,20015,-19875
3139,1998,7,60,15,45
3139,1998,8,60,765,-705
3139,1998,9,57,15,42
3139,1998,10,49823,31815,18008
3139,1998,11,130,15515,-15385
3139,1998,12,0,1200,-1200
3140,1997,5,1000,0,1000
3140,1997,6,14138,0,14138
3140,1997,7,6609,1400,5209
3140,1997,8,9342,0,9342
3140,1997,9,6673,100,6573
3140,1997,10,6675,9491,-2816
3140,1997,11,6670,8669,-1999
3140,1997,12,11534,9849,1685
3140,1998,1,6612,26529,-19917
3140,1998,2,12609,4369,8240
3140,1998,3,9335,4369,4966
3140,1998,4,6643,5969,674
3140,1998,5,6650,4469,2181
3140,1998,6,11315,13329,-2014
3140,1998,7,7543,10369,-2826
3140,1998,8,8734,13969,-5235
3140,1998,9,11531,4369,7162
3140,1998,10,6639,6969,-330
3140,1998,11,6633,8569,-1936
3140,1998,12,9871,17774,-7903
3141,1995,1,12010,0,12010
3141,1995,2,19082,0,19082
3141,1995,3,11004,9600,1404
3141,1995,4,11031,3100,7931
3141,1995,5,11028,23263,-12235
3141,1995,6,20458,9935,10523
3141,1995,7,11029,10735,294
3141,1995,8,11012,15835,-4823
3141,1995,9,11388,20621,-9233
3141,1995,10,14889,9935,4954
3141,1995,11,15684,20103,-4419
3141,1995,12,19642,9935,9707
3141,1996,1,21393,28235,-6842
3141,1996,2,10991,9935,1056
3141,1996,3,17911,9935,7976
3141,1996,4,11829,9935,1894
3141,1996,5,13828,18335,-4507
3141,1996,6,24162,20435,3727
3141,1996,7,11033,10335,698
3141,1996,8,17004,18935,-1931
3141,1996,9,13930,9935,3995
3141,1996,10,11713,18035,-6322
3141,1996,11,13416,19235,-5819
3141,1996,12,18646,15635,3011
3141,1997,1,22680,30635,-7955
3141,1997,2,21781,9935,11846
3141,1997,3,17326,11735,5591
3141,1997,4,20728,25654,-4926
3141,1997,5,16130,9935,6195
3141,1997,6,17778,30595,-12817
3141,1997,7,22210,9935,12275
3141,1997,8,27413,23903,3510
3141,1997,9,16971,9935,7036
3141,1997,10,19404,9935,9469
3141,1997,11,16135,14305,1830
3141,1997,12,27816,42566,-14750
3141,1998,1,33225,53735,-20510
3141,1998,2,30321,9935,20386
3141,1998,3,24493,12635,11858
3141,1998,4,19539,9935,9604
3141,1998,5,14372,9935,4437
3141,1998,6,32703,37535,-4832
3141,1998,7,19379,9935,9444
3141,1998,8,16814,9935,6879
3141,1998,9,17144,9935,7209
3141,1998,10,13759,20435,-6676
3141,1998,11,19852,9935,9917
3141,1998,12,19633,15005,4628
3142,1994,9,200,0,200
3142,1994,10,6029,0,6029
3142,1994,11,6029,0,6029
3142,1994,12,6029,0,6029
3142,1995,1,6029,0,6029
3142,1995,2,6098,3343,2755
3142,1995,3,6145,5243,902
3142,1995,4,6140,8343,-2203
3142,1995,5,6140,5043,1097
3142,1995,6,6141,6943,-802
3142,1995,7,6142,5603,539
3142,1995,8,6140,6343,-203
3142,1995,9,6134,9383,-3249
3142,1995,10,6120,12583,-6463
3142,1995,11,6105,3643,2462
3142,1995,12,6113,4693,1420
3142,1996,1,6096,11643,-5547
3142,1996,2,6100,3243,2857
3142,1996,3,6107,5163,944
3142,1996,4,6096,10443,-4347
3142,1996,5,6097,3243,2854
3142,1996,6,6098,8093,-1995
3142,1996,7,6101,3243,2858
3142,1996,8,6108,4943,1165
3142,1996,9,6118,3243,2875
3142,1996,10,6117,8143,-2026
3142,1996,11,6110,8863,-2753
3142,1996,12,6098,6243,-145
3142,1997,1,6096,8803,-2707
3142,1997,2,6097,6283,-186
3142,1997,3,6097,3243,2854
3142,1997,4,6108,3243,2865
3142,1997,5,6110,12143,-6033
3142,1997,6,6095,3943,2152
3142,1997,7,6104,4443,1661
3142,1997,8,6110,4843,1267
3142,1997,9,6108,6683,-575
3142,1997,10,6108,5743,365
3142,1997,11,6113,6343,-230
3142,1997,12,6111,7943,-1832
3142,1998,1,6097,9083,-2986
3142,1998,2,6093,3883,2210
3142,1998,3,6103,3743,2360
3142,1998,4,6109,9343,-3234
3142,1998,5,6099,3543,2556
3142,1998,6,6098,9343,-3245
3142,1998,7,6094,5443,651
3142,1998,8,6098,6283,-185
3142,1998,9,6098,3243,2855
3142,1998,10,6111,3243,2868
3142,1998,11,6121,4343,1778
3142,1998,12,6128,5028,1100
3143,1996,10,300,0,300
3143,1996,11,14741,0,14741
3143,1996,12,10151,100,10051
3143,1997,1,6829,800,6029
3143,1997,2,6844,5700,1144
3143,1997,3,6850,6615,235
3143,1997,4,7219,12889,-5670
3143,1997,5,9322,7989,1333
3143,1997,6,12683,13369,-686
3143,1997,7,11619,18189,-6570
3143,1997,8,14230,5809,8421
3143,1997,9,15241,10929,4312
3143,1997,10,13351,10889,2462
3143,1997,11,15483,11689,3794
3143,1997,12,13848,13589,259
3143,1998,1,15063,23769,-8706
3143,1998,2,18876,10289,8587
3143,1998,3,12280,9589,2691
3143,1998,4,12288,11809,479
3143,1998,5,12390,11789,601
3143,1998,6,11957,9943,2014
3143,1998,7,9502,9943,-441
3143,1998,8,13612,10903,2709
3143,1998,9,15832,9943,5889
3143,1998,10,9335,14743,-5408
3143,1998,11,11020,9943,1077
3143,1998,12,14884,12408,2476
3144,1996,3,800,0,800
3144,1996,4,6085,0,6085
3144,1996,5,6085,0,6085
3144,1996,6,6085,0,6085
3144,1996,7,6168,400,5768
3144,1996,8,6183,7901,-1718
3144,1996,9,6166,12721,-6555
3144,1996,10,6161,3801,2360
3144,1996,11,6171,4761,1410
3144,1996,12,6175,5921,254
3144,1997,1,6146,14051,-7905
3144,1997,2,6150,5721,429
3144,1997,3,6142,5561,581
3144,1997,4,6149,3801,2348
3144,1997,5,6158,4601,1557
3144,1997,6,6156,7081,-925
3144,1997,7,6151,7321,-1170
3144,1997,8,6144,10001,-3857
3144,1997,9,6140,3801,2339
3144,1997,10,6150,5501,649
3144,1997,11,6153,3801,2352
3144,1997,12,6162,4801,1361
3144,1998,1,6154,10121,-3967
3144,1998,2,6152,3801,2351
3144,1998,3,6158,5801,357
3144,1998,4,6162,6601,-439
3144,1998,5,6159,7901,-1742
3144,1998,6,6154,3801,2353
3144,1998,7,6164,3801,2363
3144,1998,8,6160,10681,-4521
3144,1998,9,6155,3801,2354
3144,1998,10,6159,9041,-2882
3144,1998,11,6152,3801,2351
3144,1998,12,6152,7236,-1084
3145,1993,12,5929,0,5929
3145,1994,1,5636,0,5636
3145,1994,2,5636,0,5636
3145,1994,3,5636,0,5636
3145,1994,4,5639,15,5624
3145,1994,5,5721,7182,-1461
3145,1994,6,5722,5542,180
3145,1994,7,5732,3142,2590
3145,1994,8,5744,7142,-1398
3145,1994,9,5727,6462,-735
3145,1994,10,5735,3542,2193
3145,1994,11,5743,5842,-99
3145,1994,12,5732,9092,-3360
3145,1995,1,5702,14842,-9140
3145,1995,2,5689,4382,1307
3145,1995,3,5682,8542,-2860
3145,1995,4,5686,2542,3144
3145,1995,5,5696,6642,-946
3145,1995,6,5689,7742,-2053
3145,1995,7,5686,2842,2844
3145,1995,8,5697,3442,2255
3145,1995,9,5707,2942,2765
3145,1995,10,5716,4682,1034
3145,1995,11,5721,4062,1659
3145,1995,12,5730,2792,2938
3145,1996,1,5706,15942,-10236
3145,1996,2,5694,6382,-688
3145,1996,3,5697,2542,3155
3145,1996,4,5698,5502,196
3145,1996,5,5706,6962,-1256
3145,1996,6,5699,9892,-4193
3145,1996,7,5688,2542,3146
3145,1996,8,5701,2542,3159
3145,1996,9,5714,2542,3172
3145,1996,10,5709,8782,-3073
3145,1996,11,5714,2542,3172
3145,1996,12,5722,3892,1830
3145,1997,1,5710,14222,-8512
3145,1997,2,5695,5422,273
3145,1997,3,5701,2542,3159
3145,1997,4,5714,2542,3172
3145,1997,5,5727,2542,3185
3145,1997,6,5730,10742,-5012
3145,1997,7,5719,2542,3177
3145,1997,8,5732,2542,3190
3145,1997,9,5746,2542,3204
3145,1997,10,5759,2542,3217
3145,1997,11,5769,4782,987
3145,1997,12,5775,3242,2533
3145,1998,1,5768,11812,-6044
3145,1998,2,5761,2542,3219
3145,1998,3,5775,2542,3233
3145,1998,4,5785,3822,1963
3145,1998,5,5796,2542,3254
3145,1998,6,5757,17902,-12145
3145,1998,7,5747,6942,-1195
3145,1998,8,5754,4622,1132
3145,1998,9,5761,2542,3219
3145,1998,10,5772,2542,3230
3145,1998,11,5785,2542,3243
3145,1998,12,5790,5267,523
3146,1993,10,300,0,300
3146,1993,11,12198,0,12198
3146,1993,12,7147,0,7147
3146,1994,1,6076,0,6076
3146,1994,2,3797,1400,2397
3146,1994,3,3809,3137,672
3146,1994,4,3810,3227,583
3146,1994,5,3810,5967,-2157
3146,1994,6,3799,6077,-2278
3146,1994,7,4397,2137,2260
3146,1994,8,3805,2737,1068
3146,1994,9,3808,3737,71
3146,1994,10,3807,4747,-940
3146,1994,11,3799,7137,-3338
3146,1994,12,3792,3557,235
3146,1995,1,3984,5677,-1693
3146,1995,2,4187,2137,2050
3146,1995,3,3789,6337,-2548
3146,1995,4,3781,4727,-946
3146,1995,5,5884,2137,3747
3146,1995,6,4073,9637,-5564
3146,1995,7,3769,3937,-168
3146,1995,8,5275,2137,3138
3146,1995,9,4786,3127,1659
3146,1995,10,3792,2237,1555
3146,1995,11,3784,8737,-4953
3146,1995,12,3774,4007,-233
3146,1996,1,3772,5947,-2175
3146,1996,2,5572,2137,3435
3146,1996,3,4283,2137,2146
3146,1996,4,4490,3637,853
3146,1996,5,3793,2537,1256
3146,1996,6,3787,9617,-5830
3146,1996,7,5079,2137,2942
3146,1996,8,3786,4727,-941
3146,1996,9,3778,4037,-259
3146,1996,10,3779,3237,542
3146,1996,11,5190,2137,3053
3146,1996,12,3784,7717,-3933
3146,1997,1,3774,4897,-1123
3146,1997,2,3776,2837,939
3146,1997,3,3772,5037,-1265
3146,1997,4,3765,5637,-1872
3146,1997,5,3745,9367,-5622
3146,1997,6,3741,3737,4
3146,1997,7,3744,2437,1307
3146,1997,8,6961,2137,4824
3146,1997,9,3764,4137,-373
3146,1997,10,3758,5737,-1979
3146,1997,11,3759,2537,1222
3146,1997,12,3756,5077,-1321
3146,1998,1,3757,3037,720
3146,1998,2,3761,2137,1624
3146,1998,3,3753,7137,-3384
3146,1998,4,3753,2137,1616
3146,1998,5,5467,3217,2250
3146,1998,6,3762,4837,-1075
3146,1998,7,3755,5537,-1782
3146,1998,8,7766,2137,5629
3146,1998,9,4281,2137,2144
3146,1998,10,6988,3547,3441
3146,1998,11,3802,6737,-2935
3146,1998,12,3787,4102,-315
3147,1995,4,12998,0,12998
3147,1995,5,20173,0,20173
3147,1995,6,19170,4900,14270
3147,1995,7,12855,14200,-1345
3147,1995,8,12838,20414,-7576
3147,1995,9,12814,14742,-1928
3147,1995,10,12816,12142,674
3147,1995,11,12820,11842,978
3147,1995,12,19164,20742,-1578
3147,1996,1,12803,19842,-7039
3147,1996,2,12788,16142,-3354
3147,1996,3,14380,13542,838
3147,1996,4,14587,9242,5345
3147,1996,5,12812,12842,-30
3147,1996,6,19124,21342,-2218
3147,1996,7,12804,8842,3962
3147,1996,8,12820,9742,3078
3147,1996,9,12833,17842,-5009
3147,1996,10,12809,12342,467
3147,1996,11,12811,12642,169
3147,1996,12,19158,14342,4816
3147,1997,1,12800,20242,-7442
3147,1997,2,12801,10342,2459
3147,1997,3,12807,15842,-3035
3147,1997,4,12998,11642,1356
3147,1997,5,12807,8142,4665
3147,1997,6,19160,24642,-5482
3147,1997,7,14206,7842,6364
3147,1997,8,12819,13442,-623
3147,1997,9,14129,7842,6287
3147,1997,10,12848,10042,2806
3147,1997,11,12859,11742,1117
3147,1997,12,19203,15442,3761
3147,1998,1,12864,18742,-5878
3147,1998,2,12856,10642,2214
3147,1998,3,13070,8542,4528
3147,1998,4,13991,7842,6149
3147,1998,5,12915,7842,5073
3147,1998,6,19441,19842,-401
3147,1998,7,12923,11742,1181
3147,1998,8,12932,11042,1890
3147,1998,9,12934,13642,-708
3147,1998,10,12929,14342,-1413
3147,1998,11,12928,13242,-314
3147,1998,12,19267,17927,1340
3148,1995,11,400,0,400
3148,1995,12,13242,0,13242
3148,1996,1,9292,0,9292
3148,1996,2,3818,1200,2618
3148,1996,3,3829,1000,2829
3148,1996,4,3837,4433,-596
3148,1996,5,5039,2493,2546
3148,1996,6,4830,10743,-5913
3148,1996,7,3821,3293,528
3148,1996,8,5629,2493,3136
3148,1996,9,5344,3393,1951
3148,1996,10,3846,7193,-3347
3148,1996,11,3823,6293,-2470
3148,1996,12,3818,4303,-485
3148,1997,1,3915,6813,-2898
3148,1997,2,3803,4893,-1090
3148,1997,3,3794,6503,-2709
3148,1997,4,5094,3363,1731
3148,1997,5,3796,4463,-667
3148,1997,6,3787,6543,-2756
3148,1997,7,4990,2493,2497
3148,1997,8,3789,5293,-1504
3148,1997,9,4794,2493,2301
3148,1997,10,3793,5093,-1300
3148,1997,11,3784,6293,-2509
3148,1997,12,3778,4823,-1045
3148,1998,1,3764,7793,-4029
3148,1998,2,5270,2493,2777
3148,1998,3,5780,3333,2447
3148,1998,4,3771,7163,-3392
3148,1998,5,4073,2493,1580
3148,1998,6,3773,4193,-420
3148,1998,7,4981,2493,2488
3148,1998,8,3781,4393,-612
3148,1998,9,6494,2493,4001
3148,1998,10,6507,4053,2454
3148,1998,11,6922,2493,4429
3148,1998,12,6640,2748,3892
3149,1996,6,800,0,800
3149,1996,7,12531,0,12531
3149,1996,8,8384,800,7584
3149,1996,9,8413,4000,4413
3149,1996,10,8428,7700,728
3149,1996,11,8440,8935,-495
3149,1996,12,12593,9675,2918
3149,1997,1,8428,22615,-14187
3149,1997,2,9191,15,9176
3149,1997,3,8426,3015,5411
3149,1997,4,8447,11655,-3208
3149,1997,5,8435,9115,-680
3149,1997,6,12592,10835,1757
3149,1997,7,8437,5815,2622
3149,1997,8,8452,2915,5537
3149,1997,9,8462,13775,-5313
3149,1997,10,8468,2035,6433
3149,1997,11,8474,7315,1159
3149,1997,12,12652,7155,5497
3149,1998,1,8481,30975,-22494
3149,1998,2,14732,15,14717
3149,1998,3,8480,4815,3665
3149,1998,4,8495,1515,6980
3149,1998,5,8516,7615,901
3149,1998,6,26820,40895,-14075
3149,1998,7,8568,4335,4233
3149,1998,8,9194,15,9179
3149,1998,9,8512,8515,-3
3149,1998,10,8511,9015,-504
3149,1998,11,8512,7615,897
3149,1998,12,12675,12700,-25
3151,1996,2,200,0,200
3151,1996,3,18470,0,18470
3151,1996,4,11731,5700,6031
3151,1996,5,11755,6400,5355
3151,1996,6,17604,10400,7204
3151,1996,7,11801,11115,686
3151,1996,8,11800,13959,-2159
3151,1996,9,11792,14059,-2267
3151,1996,10,11781,14859,-3078
3151,1996,11,11777,10759,1018
3151,1996,12,17608,14659,2949
3151,1997,1,12586,13859,-1273
3151,1997,2,11792,8759,3033
3151,1997,3,13893,11859,2034
3151,1997,4,11814,6859,4955
3151,1997,5,11827,9859,1968
3151,1997,6,17664,14259,3405
3151,1997,7,11847,11459,388
3151,1997,8,11846,12959,-1113
3151,1997,9,16370,4459,11911
3151,1997,10,11904,6459,5445
3151,1997,11,11927,6059,5868
3151,1997,12,17786,8259,9527
3151,1998,1,11960,18859,-6899
3151,1998,2,11946,13259,-1313
3151,1998,3,14063,6759,7304
3151,1998,4,13596,4459,9137
3151,1998,5,12932,4459,8473
3151,1998,6,23136,29859,-6723
3151,1998,7,12017,13859,-1842
3151,1998,8,12017,8359,3658
3151,1998,9,12244,5159,7085
3151,1998,10,12069,5959,6110
3151,1998,11,12080,10159,1921
3151,1998,12,17905,18144,-239
3152,1993,7,500,0,500
3152,1993,8,18465,0,18465
3152,1993,9,12021,3500,8521
3152,1993,10,12047,7700,4347
3152,1993,11,12055,11900,155
3152,1993,12,18025,20754,-2729
3152,1994,1,12037,16654,-4617
3152,1994,2,12023,13854,-1831
3152,1994,3,12031,7654,4377
3152,1994,4,12038,11054,984
3152,1994,5,12030,16254,-4224
3152,1994,6,17967,28954,-10987
3152,1994,7,13798,6354,7444
3152,1994,8,12016,9654,2362
3152,1994,9,12015,17454,-5439
3152,1994,10,12002,12554,-552
3152,1994,11,12004,9554,2450
3152,1994,12,17967,18354,-387
3152,1995,1,12005,13454,-1449
3152,1995,2,12002,11454,548
3152,1995,3,11998,12654,-656
3152,1995,4,11997,14554,-2557
3152,1995,5,11979,14954,-2975
3152,1995,6,17960,13954,4006
3152,1995,7,11999,10354,1645
3152,1995,8,12120,6354,5766
3152,1995,9,12031,10054,1977
3152,1995,10,12022,14954,-2932
3152,1995,11,12013,13954,-1941
3152,1995,12,17991,13054,4937
3152,1996,1,12011,16954,-4943
3152,1996,2,12027,7654,4373
3152,1996,3,12024,13654,-1630
3152,1996,4,12014,15954,-3940
3152,1996,5,12012,15254,-3242
3152,1996,6,17977,13554,4423
3152,1996,7,12029,14054,-2025
3152,1996,8,12006,18254,-6248
3152,1996,9,11985,6354,5631
3152,1996,10,12002,11254,748
3152,1996,11,12009,9354,2655
3152,1996,12,17995,25654,-7659
3152,1997,1,11977,12054,-77
3152,1997,2,11983,10854,1129
3152,1997,3,11995,6354,5641
3152,1997,4,12010,10954,1056
3152,1997,5,12023,6354,5669
3152,1997,6,18003,28854,-10851
3152,1997,7,12001,6354,5647
3152,1997,8,12024,6354,5670
3152,1997,9,12048,6354,5694
3152,1997,10,12072,6354,5718
3152,1997,11,12059,35354,-23295
3152,1997,12,17971,11854,6117
3152,1998,1,12022,15254,-3232
3152,1998,2,12009,6354,5655
3152,1998,3,12034,6354,5680
3152,1998,4,12057,6354,5703
3152,1998,5,12081,6354,5727
3152,1998,6,18038,44454,-26416
3152,1998,7,11994,6354,5640
3152,1998,8,12026,7154,4872
3152,1998,9,12038,6354,5684
3152,1998,10,12059,10454,1605
3152,1998,11,12065,10854,1211
3152,1998,12,18060,9439,8621
3153,1996,7,70290,0,70290
3153,1996,8,114761,94615,20146
3153,1996,9,84131,105881,-21750
3153,1996,10,41418,47603,-6185
3153,1996,11,75101,91204,-16103
3153,1996,12,50527,18391,32136
3153,1997,1,26403,74623,-48220
3153,1997,2,136274,103502,32772
3153,1997,3,105952,80414,25538
3153,1997,4,232,57453,-57221
3153,1997,5,49206,33191,16015
3153,1997,6,25530,24191,1339
3153,1997,7,46547,36991,9556
3153,1997,8,112094,92091,20003
3153,1997,9,30671,46119,-15448
3153,1997,10,78374,89991,-11617
3153,1997,11,116031,70091,45940
3153,1997,12,23669,88700,-65031
3153,1998,1,51349,38191,13158
3153,1998,2,70044,24991,45053
3153,1998,3,34902,58488,-23586
3153,1998,4,18189,24291,-6102
3153,1998,5,7354,20191,-12837
3153,1998,6,54085,60533,-6448
3153,1998,7,13432,17210,-3778
3153,1998,8,80440,62791,17649
3153,1998,9,208,6491,-6283
3153,1998,10,122791,101091,21700
3153,1998,11,83332,102333,-19001
3153,1998,12,136509,109137,27372
3154,1997,7,22881,0,22881
3154,1997,8,24679,11800,12879
3154,1997,9,22576,18100,4476
3154,1997,10,22594,19900,2694
3154,1997,11,22619,20975,1644
3154,1997,12,33883,27359,6524
3154,1998,1,22672,23359,-687
3154,1998,2,22668,24639,-1971
3154,1998,3,22663,20939,1724
3154,1998,4,22670,17339,5331
3154,1998,5,22690,19939,2751
3154,1998,6,33869,38759,-4890
3154,1998,7,22673,22179,494
3154,1998,8,22673,24379,-1706
3154,1998,9,22668,22339,329
3154,1998,10,22674,16739,5935
3154,1998,11,22694,19939,2755
3154,1998,12,33958,5724,28234
3155,1996,8,700,0,700
3155,1996,9,20984,0,20984
3155,1996,10,19472,6500,12972
3155,1996,11,19521,15600,3921
3155,1996,12,29226,23900,5326
3155,1997,1,19555,36575,-17020
3155,1997,2,19511,22019,-2508
3155,1997,3,19502,19619,-117
3155,1997,4,19496,21179,-1683
3155,1997,5,19485,19139,346
3155,1997,6,29192,30359,-1167
3155,1997,7,19488,20519,-1031
3155,1997,8,19481,17739,1742
3155,1997,9,19486,22519,-3033
3155,1997,10,19478,19559,-81
3155,1997,11,19467,21479,-2012
3155,1997,12,29173,28159,1014
3155,1998,1,19449,24119,-4670
3155,1998,2,19453,16719,2734
3155,1998,3,19461,20019,-558
3155,1998,4,19464,15819,3645
3155,1998,5,19470,23879,-4409
3155,1998,6,29166,22219,6947
3155,1998,7,19475,24119,-4644
3155,1998,8,19458,21619,-2161
3155,1998,9,19456,16919,2537
3155,1998,10,19465,17419,2046
3155,1998,11,19467,16479,2988
3155,1998,12,29201,16504,12697
3156,1997,11,200,0,200
3156,1997,12,11500,0,11500
3156,1998,1,37815,11500,26315
3156,1998,2,158,9600,-9442
3156,1998,3,22261,15500,6761
3156,1998,4,147,10000,-9853
3156,1998,5,10708,2400,8308
3156,1998,6,49569,6700,42869
3156,1998,7,147595,140700,6895
3156,1998,8,7130,42300,-35170
3156,1998,9,97515,58436,39079
3156,1998,10,317,43900,-43583
3156,1998,11,137,22151,-22014
3156,1998,12,83565,42000,41565
3157,1993,9,6692,0,6692
3157,1993,10,6301,0,6301
3157,1993,11,6301,0,6301
3157,1993,12,6301,0,6301
3157,1994,1,6360,7699,-1339
3157,1994,2,6385,2449,3936
3157,1994,3,6401,2649,3752
3157,1994,4,6412,3849,2563
3157,1994,5,6416,6829,-413
3157,1994,6,6399,20699,-14300
3157,1994,7,6367,2449,3918
3157,1994,8,6377,5489,888
3157,1994,9,6386,2449,3937
3157,1994,10,6395,4649,1746
3157,1994,11,6399,5249,1150
3157,1994,12,6403,5649,754
3157,1995,1,6393,17199,-10806
3157,1995,2,6363,5149,1214
3157,1995,3,6366,5549,817
3157,1995,4,6381,2449,3932
3157,1995,5,6390,4349,2041
3157,1995,6,6372,12429,-6057
3157,1995,7,6381,2449,3932
3157,1995,8,6397,4849,1548
3157,1995,9,6403,4349,2054
3157,1995,10,6412,2449,3963
3157,1995,11,6428,6149,279
3157,1995,12,6427,5139,1288
3157,1996,1,6418,11979,-5561
3157,1996,2,6412,2449,3963
3157,1996,3,6421,6289,132
3157,1996,4,6429,2949,3480
3157,1996,5,6442,4449,1993
3157,1996,6,6422,15749,-9327
3157,1996,7,6412,3849,2563
3157,1996,8,6423,2749,3674
3157,1996,9,6423,6409,14
3157,1996,10,6428,7049,-621
3157,1996,11,6432,6249,183
3157,1996,12,6427,7179,-752
3157,1997,1,6409,14269,-7860
3157,1997,2,6400,2449,3951
3157,1997,3,6398,8729,-2331
3157,1997,4,6403,5089,1314
3157,1997,5,6408,5749,659
3157,1997,6,6383,12949,-6566
3157,1997,7,6388,2449,3939
3157,1997,8,6403,3249,3154
3157,1997,9,6409,4669,1740
3157,1997,10,6424,2449,3975
3157,1997,11,6441,2449,3992
3157,1997,12,6457,3099,3358
3157,1998,1,6428,16669,-10241
3157,1998,2,6428,4129,2299
3157,1998,3,6438,2449,3989
3157,1998,4,6453,3009,3444
3157,1998,5,6458,7749,-1291
3157,1998,6,6451,7599,-1148
3157,1998,7,6458,2449,4009
3157,1998,8,6473,3349,3124
3157,1998,9,6467,11509,-5042
3157,1998,10,6454,7169,-715
3157,1998,11,6456,7629,-1173
3157,1998,12,6455,3084,3371
3158,1996,10,3361,0,3361
3158,1996,11,3165,0,3165
3158,1996,12,3165,0,3165
3158,1997,1,3165,0,3165
3158,1997,2,3179,1215,1964
3158,1997,3,3216,2115,1101
3158,1997,4,3220,2115,1105
3158,1997,5,3225,2115,1110
3158,1997,6,3230,2115,1115
3158,1997,7,3233,2955,278
3158,1997,8,3235,2115,1120
3158,1997,9,3235,3075,160
3158,1997,10,3241,2115,1126
3158,1997,11,3245,2115,1130
3158,1997,12,3249,2985,264
3158,1998,1,3247,3045,202
3158,1998,2,3252,2115,1137
3158,1998,3,3257,2115,1142
3158,1998,4,3261,2265,996
3158,1998,5,3266,2115,1151
3158,1998,6,3257,5355,-2098
3158,1998,7,3262,2115,1147
3158,1998,8,3265,3315,-50
3158,1998,9,3263,4715,-1452
3158,1998,10,3256,4125,-869
3158,1998,11,3255,3515,-260
3158,1998,12,3251,4230,-979
3160,1994,6,400,0,400
3160,1994,7,26049,0,26049
3160,1994,8,23133,12400,10733
3160,1994,9,23172,15700,7472
3160,1994,10,23196,19300,3896
3160,1994,11,23202,26479,-3277
3160,1994,12,34735,31479,3256
3160,1995,1,23190,34579,-11389
3160,1995,2,23217,24979,-1762
3160,1995,3,23156,22379,777
3160,1995,4,23150,25879,-2729
3160,1995,5,23141,24779,-1638
3160,1995,6,34649,33379,1270
3160,1995,7,23151,18879,4272
3160,1995,8,23156,24379,-1223
3160,1995,9,23139,32379,-9240
3160,1995,10,23125,20079,3046
3160,1995,11,23128,26379,-3251
3160,1995,12,34636,30079,4557
3160,1996,1,23129,33779,-10650
3160,1996,2,23133,14679,8454
3160,1996,3,23138,19579,3559
3160,1996,4,23127,31379,-8252
3160,1996,5,23119,19879,3240
3160,1996,6,34628,38379,-3751
3160,1996,7,23133,15479,7654
3160,1996,8,23156,18479,4677
3160,1996,9,23165,22279,886
3160,1996,10,23156,28879,-5723
3160,1996,11,23174,17679,5495
3160,1996,12,34697,29979,4718
3160,1997,1,23197,23579,-382
3160,1997,2,23228,10879,12349
3160,1997,3,23235,29979,-6744
3160,1997,4,23227,18579,4648
3160,1997,5,23227,26379,-3152
3160,1997,6,34745,38579,-3834
3160,1997,7,23232,13279,9953
3160,1997,8,23234,24179,-945
3160,1997,9,23238,22079,1159
3160,1997,10,23246,33579,-10333
3160,1997,11,23220,19579,3641
3160,1997,12,34779,25979,8800
3160,1998,1,23273,30979,-7706
3160,1998,2,23237,21679,1558
3160,1998,3,23265,21279,1986
3160,1998,4,23248,21979,1269
3160,1998,5,23252,21679,1573
3160,1998,6,34804,35079,-275
3160,1998,7,23260,16279,6981
3160,1998,8,23285,21679,1606
3160,1998,9,23308,23679,-371
3160,1998,10,23287,21379,1908
3160,1998,11,23315,17979,5336
3160,1998,12,34855,10264,24591
3161,1996,8,700,0,700
3161,1996,9,14075,0,14075
3161,1996,10,18875,900,17975
3161,1996,11,136,4800,-4664
3161,1996,12,136,3100,-2964
3161,1997,1,7574,300,7274
3161,1997,2,134,3700,-3566
3161,1997,3,134,1100,-966
3161,1997,4,834,0,834
3161,1997,5,38173,20100,18073
3161,1997,6,64267,56615,7652
3161,1997,7,60061,57231,2830
3161,1997,8,181,37557,-37376
3161,1997,9,3183,2715,468
3161,1997,10,32706,16274,16432
3161,1997,11,3444,9249,-5805
3161,1997,12,7467,6415,1052
3161,1998,1,70099,59615,10484
3161,1998,2,57068,18815,38253
3161,1998,3,283,30215,-29932
3161,1998,4,53506,51715,1791
3161,1998,5,42771,45640,-2869
3161,1998,6,47748,41615,6133
3161,1998,7,166,28916,-28750
3161,1998,8,69772,33416,36356
3161,1998,9,71702,57116,14586
3161,1998,10,239,37316,-37077
3161,1998,11,50621,16416,34205
3161,1998,12,77825,116701,-38876
3162,1996,5,700,0,700
3162,1996,6,21130,0,21130
3162,1996,7,103140,35230,67910
3162,1996,8,36782,50156,-13374
3162,1996,9,8911,43954,-35043
3162,1996,10,149,10380,-10231
3162,1996,11,26778,20355,6423
3162,1996,12,46468,35480,10988
3162,1997,1,54238,38947,15291
3162,1997,2,7365,24280,-16915
3162,1997,3,8623,23880,-15257
3162,1997,4,99,13180,-13081
3162,1997,5,59099,42080,17019
3162,1997,6,54564,38180,16384
3162,1997,7,38129,46842,-8713
3162,1997,8,61097,46480,14617
3162,1997,9,70783,49280,21503
3162,1997,10,194,58380,-58186
3162,1997,11,33875,20180,13695
3162,1997,12,24490,11680,12810
3162,1998,1,157,25880,-25723
3162,1998,2,54,11680,-11626
3162,1998,3,40,9380,-9340
3162,1998,4,14805,30,14775
3162,1998,5,13406,9380,4026
3162,1998,6,18376,12480,5896
3162,1998,7,73,9980,-9907
3162,1998,8,6053,9380,-3327
3162,1998,9,3632,9380,-5748
3162,1998,10,7921,9380,-1459
3162,1998,11,20,30,-10
3162,1998,12,62405,14450,47955
3163,1997,5,500,0,500
3163,1997,6,13600,0,13600
3163,1997,7,55401,0,55401
3163,1997,8,290,20200,-19910
3163,1997,9,290,9400,-9110
3163,1997,10,290,8300,-8010
3163,1997,11,290,2900,-2610
3163,1997,12,290,4100,-3810
3163,1998,1,75690,20000,55690
3163,1998,2,339,27400,-27061
3163,1998,3,66866,50610,16256
3163,1998,4,59763,35899,23864
3163,1998,5,50817,123112,-72295
3163,1998,6,67355,26799,40556
3163,1998,7,65639,88171,-22532
3163,1998,8,80979,81899,-920
3163,1998,9,119596,61680,57916
3163,1998,10,275,63669,-63394
3163,1998,11,92224,81499,10725
3163,1998,12,132721,89084,43637
3164,1993,12,1000,0,1000
3164,1994,1,6154,0,6154
3164,1994,2,6154,0,6154
3164,1994,3,6154,0,6154
3164,1994,4,6154,0,6154
3164,1994,5,6227,6668,-441
3164,1994,6,6243,10719,-4476
3164,1994,7,6247,4119,2128
3164,1994,8,6257,3419,2838
3164,1994,9,6261,7979,-1718
3164,1994,10,6256,6779,-523
3164,1994,11,6258,4319,1939
3164,1994,12,6257,7719,-1462
3164,1995,1,6242,12919,-6677
3164,1995,2,6225,10299,-4074
3164,1995,3,6212,5819,393
3164,1995,4,6216,4139,2077
3164,1995,5,6227,3419,2808
3164,1995,6,6220,8469,-2249
3164,1995,7,6228,4119,2109
3164,1995,8,6231,6519,-288
3164,1995,9,6236,3719,2517
3164,1995,10,6242,6999,-757
3164,1995,11,6229,10199,-3970
3164,1995,12,6215,8719,-2504
3164,1996,1,6212,7519,-1307
3164,1996,2,6208,4719,1489
3164,1996,3,6217,7519,-1302
3164,1996,4,6203,6819,-616
3164,1996,5,6209,3719,2490
3164,1996,6,6212,6519,-307
3164,1996,7,6208,7519,-1311
3164,1996,8,6213,3419,2794
3164,1996,9,6221,4319,1902
3164,1996,10,6224,5819,405
3164,1996,11,6224,6119,105
3164,1996,12,6227,5619,608
3164,1997,1,6222,10439,-4217
3164,1997,2,6219,3419,2800
3164,1997,3,6231,3419,2812
3164,1997,4,6243,3419,2824
3164,1997,5,6240,7179,-939
3164,1997,6,6251,3419,2832
3164,1997,7,6262,3419,2843
3164,1997,8,6274,7019,-745
3164,1997,9,6262,6859,-597
3164,1997,10,6269,3419,2850
3164,1997,11,6228,18719,-12491
3164,1997,12,6224,6999,-775
3164,1998,1,6215,7179,-964
3164,1998,2,6221,3419,2802
3164,1998,3,6233,3419,2814
3164,1998,4,6244,3419,2825
3164,1998,5,6256,3419,2837
3164,1998,6,6257,7069,-812
3164,1998,7,6264,3419,2845
3164,1998,8,6276,3419,2857
3164,1998,9,6285,6219,66
3164,1998,10,6288,3419,2869
3164,1998,11,6300,3419,2881
3164,1998,12,6309,7154,-845
3166,1993,8,1000,0,1000
3166,1993,9,13500,0,13500
3166,1993,10,46814,5500,41314
3166,1993,11,47820,27415,20405
3166,1993,12,21653,60158,-38505
3166,1994,1,83,40218,-40135
3166,1994,2,22090,5134,16956
3166,1994,3,3649,13015,-9366
3166,1994,4,27581,17588,9993
3166,1994,5,24117,36029,-11912
3166,1994,6,45195,30015,15180
3166,1994,7,24286,10315,13971
3166,1994,8,111,6715,-6604
3166,1994,9,93,4715,-4622
3166,1994,10,29219,2415,26804
3166,1994,11,97,34570,-34473
3166,1994,12,7935,18615,-10680
3166,1995,1,37870,42724,-4854
3166,1995,2,39177,17158,22019
3166,1995,3,7838,22859,-15021
3166,1995,4,90340,59299,31041
3166,1995,5,47257,10297,36960
3166,1995,6,113,68118,-68005
3166,1995,7,76012,33127,42885
3166,1995,8,64674,46159,18515
3166,1995,9,39092,50255,-11163
3166,1995,10,24792,34984,-10192
3166,1995,11,4473,13918,-9445
3166,1995,12,15491,26673,-11182
3166,1996,1,18237,22515,-4278
3166,1996,2,84010,30918,53092
3166,1996,3,43651,64418,-20767
3166,1996,4,615,3718,-3103
3166,1996,5,87629,67718,19911
3166,1996,6,7915,32218,-24303
3166,1996,7,67800,38618,29182
3166,1996,8,40287,14618,25669
3166,1996,9,78517,109218,-30701
3166,1996,10,44327,31118,13209
3166,1996,11,321,15818,-15497
3166,1996,12,37151,30018,7133
3166,1997,1,12223,55318,-43095
3166,1997,2,14940,12414,2526
3166,1997,3,11945,9658,2287
3166,1997,4,17906,10918,6988
3166,1997,5,14485,22291,-7806
3166,1997,6,29859,60069,-30210
3166,1997,7,77859,15,77844
3166,1997,8,32143,28595,3548
3166,1997,9,44867,53238,-8371
3166,1997,10,11635,40251,-28616
3166,1997,11,36156,5918,30238
3166,1997,12,267,26335,-26068
3166,1998,1,39937,52018,-12081
3166,1998,2,108720,71181,37539
3166,1998,3,307,8318,-8011
3166,1998,4,12085,11418,667
3166,1998,5,161959,124572,37387
3166,1998,6,54553,90418,-35865
3166,1998,7,22456,26018,-3562
3166,1998,8,768,6118,-5350
3166,1998,9,33724,24261,9463
3166,1998,10,1874,21104,-19230
3166,1998,11,74001,43984,30017
3166,1998,12,21733,40569,-18836
3167,1994,8,200,0,200
3167,1994,9,24238,0,24238
3167,1994,10,21390,12100,9290
3167,1994,11,21415,16200,5215
3167,1994,12,32160,24000,8160
3167,1995,1,21487,19315,2172
3167,1995,2,21480,14715,6765
3167,1995,3,21561,28615,-7054
3167,1995,4,21484,16315,5169
3167,1995,5,21496,17315,4181
3167,1995,6,32149,41515,-9366
3167,1995,7,21496,11215,10281
3167,1995,8,21516,17815,3701
3167,1995,9,21525,19715,1810
3167,1995,10,21525,21615,-90
3167,1995,11,21526,21315,211
3167,1995,12,32190,45215,-13025
3167,1996,1,21493,35015,-13522
3167,1996,2,21455,20215,1240
3167,1996,3,21423,17515,3908
3167,1996,4,21438,20015,1423
3167,1996,5,21444,20215,1229
3167,1996,6,32089,31115,974
3167,1996,7,21474,21515,-41
3167,1996,8,21453,20615,838
3167,1996,9,21457,19615,1842
3167,1996,10,21462,25315,-3853
3167,1996,11,21448,20315,1133
3167,1996,12,32114,30915,1199
3167,1997,1,21483,34615,-13132
3167,1997,2,21405,17715,3690
3167,1997,3,21421,17515,3906
3167,1997,4,21437,17915,3522
3167,1997,5,21462,22915,-1453
3167,1997,6,32091,34115,-2024
3167,1997,7,21438,17015,4423
3167,1997,8,21461,14515,6946
3167,1997,9,21485,21715,-230
3167,1997,10,21516,25115,-3599
3167,1997,11,21464,21515,-51
3167,1997,12,32138,27015,5123
3167,1998,1,21484,30015,-8531
3167,1998,2,21453,19015,2438
3167,1998,3,21465,17615,3850
3167,1998,4,21475,21415,60
3167,1998,5,21475,21215,260
3167,1998,6,32140,28915,3225
3167,1998,7,21496,17715,3781
3167,1998,8,21504,21615,-111
3167,1998,9,21504,21315,189
3167,1998,10,21512,18015,3497
3167,1998,11,21530,16615,4915
3167,1998,12,32276,1100,31176
3168,1993,2,1000,0,1000
3168,1993,3,6303,0,6303
3168,1993,4,6303,0,6303
3168,1993,5,6303,0,6303
3168,1993,6,6303,0,6303
3168,1993,7,6372,9187,-2815
3168,1993,8,6399,7227,-828
3168,1993,9,6398,8187,-1789
3168,1993,10,6398,3307,3091
3168,1993,11,6405,5907,498
3168,1993,12,6413,4917,1496
3168,1994,1,6396,15907,-9511
3168,1994,2,6377,4667,1710
3168,1994,3,6385,4027,2358
3168,1994,4,6396,3407,2989
3168,1994,5,6409,3307,3102
3168,1994,6,6413,10907,-4494
3168,1994,7,6403,3307,3096
3168,1994,8,6412,4707,1705
3168,1994,9,6410,9587,-3177
3168,1994,10,6408,4007,2401
3168,1994,11,6417,4287,2130
3168,1994,12,6422,7937,-1515
3168,1995,1,6405,16217,-9812
3168,1995,2,6379,4907,1472
3168,1995,3,6387,3307,3080
3168,1995,4,6396,5107,1289
3168,1995,5,6405,3707,2698
3168,1995,6,6381,14917,-8536
3168,1995,7,6372,6987,-615
3168,1995,8,6378,3307,3071
3168,1995,9,6389,5147,1242
3168,1995,10,6396,3307,3089
3168,1995,11,6409,3307,3102
3168,1995,12,6423,4157,2266
3168,1996,1,6405,15417,-9012
3168,1996,2,6392,3867,2525
3168,1996,3,6403,4427,1976
3168,1996,4,6409,6587,-178
3168,1996,5,6412,3307,3105
3168,1996,6,6396,14217,-7821
3168,1996,7,6392,3307,3085
3168,1996,8,6405,3307,3098
3168,1996,9,6414,6027,387
3168,1996,10,6419,3307,3112
3168,1996,11,6432,3307,3125
3168,1996,12,6432,10937,-4505
3168,1997,1,6407,14237,-7830
3168,1997,2,6393,3307,3086
3168,1997,3,6398,8667,-2269
3168,1997,4,6397,3307,3090
3168,1997,5,6402,6427,-25
3168,1997,6,6408,3707,2701
3168,1997,7,6422,3787,2635
3168,1997,8,6431,3307,3124
3168,1997,9,6439,8347,-1908
3168,1997,10,6436,3307,3129
3168,1997,11,6441,6747,-306
3168,1997,12,6445,5397,1048
3168,1998,1,6435,14777,-8342
3168,1998,2,6411,5947,464
3168,1998,3,6414,6107,307
3168,1998,4,6417,5307,1110
3168,1998,5,6425,3307,3118
3168,1998,6,6435,10907,-4472
3168,1998,7,6421,3787,2634
3168,1998,8,6430,4347,2083
3168,1998,9,6438,4507,1931
3168,1998,10,6443,5607,836
3168,1998,11,6450,3307,3143
3168,1998,12,6461,4442,2019
3169,1997,12,500,0,500
3169,1998,1,19851,0,19851
3169,1998,2,18513,9900,8613
3169,1998,3,18543,13100,5443
3169,1998,4,18560,16500,2060
3169,1998,5,18583,21251,-2668
3169,1998,6,27769,44465,-16696
3169,1998,7,18498,22565,-4067
3169,1998,8,18479,19325,-846
3169,1998,9,18476,18325,151
3169,1998,10,18484,15125,3359
3169,1998,11,18491,18625,-134
3169,1998,12,27719,22770,4949
3170,1996,1,900,0,900
3170,1996,2,16027,0,16027
3170,1996,3,10880,0,10880
3170,1996,4,6407,2500,3907
3170,1996,5,6431,2000,4431
3170,1996,6,9565,18715,-9150
3170,1996,7,9704,5102,4602
3170,1996,8,11132,4202,6930
3170,1996,9,6436,8102,-1666
3170,1996,10,6438,4302,2136
3170,1996,11,6441,6302,139
3170,1996,12,12902,6302,6600
3170,1997,1,6395,33102,-26707
3170,1997,2,10577,4202,6375
3170,1997,3,12613,4202,8411
3170,1997,4,6416,8602,-2186
3170,1997,5,6818,4202,2616
3170,1997,6,9746,22802,-13056
3170,1997,7,10988,4202,6786
3170,1997,8,9396,10502,-1106
3170,1997,9,8084,12102,-4018
3170,1997,10,12400,4202,8198
3170,1997,11,12132,4202,7930
3170,1997,12,9584,7802,1782
3170,1998,1,11124,18702,-7578
3170,1998,2,6419,7702,-1283
3170,1998,3,11332,7502,3830
3170,1998,4,6427,6002,425
3170,1998,5,6431,5302,1129
3170,1998,6,22666,30202,-7536
3170,1998,7,13005,8102,4903
3170,1998,8,11833,4202,7631
3170,1998,9,6461,5602,859
3170,1998,10,6464,6902,-438
3170,1998,11,6460,10002,-3542
3170,1998,12,9597,5387,4210
3171,1993,9,900,0,900
3171,1993,10,4848,0,4848
3171,1993,11,4848,0,4848
3171,1993,12,4848,0,4848
3171,1994,1,4848,0,4848
3171,1994,2,4862,1115,3747
3171,1994,3,4949,5997,-1048
3171,1994,4,4948,3117,1831
3171,1994,5,4954,4917,37
3171,1994,6,4945,10017,-5072
3171,1994,7,4935,3117,1818
3171,1994,8,4941,3917,1024
3171,1994,9,4944,4477,467
3171,1994,10,4946,5117,-171
3171,1994,11,4948,3217,1731
3171,1994,12,4949,5607,-658
3171,1995,1,4931,12477,-7546
3171,1995,2,4920,3117,1803
3171,1995,3,4928,3117,1811
3171,1995,4,4936,3117,1819
3171,1995,5,4943,5837,-894
3171,1995,6,4932,9767,-4835
3171,1995,7,4919,3117,1802
3171,1995,8,4927,3117,1810
3171,1995,9,4930,6957,-2027
3171,1995,10,4919,6877,-1958
3171,1995,11,4918,3117,1801
3171,1995,12,4923,3517,1406
3171,1996,1,4916,9117,-4201
3171,1996,2,4912,4317,595
3171,1996,3,4916,3117,1799
3171,1996,4,4923,3117,1806
3171,1996,5,4931,3117,1814
3171,1996,6,4921,7317,-2396
3171,1996,7,4928,3117,1811
3171,1996,8,4936,3117,1819
3171,1996,9,4930,6157,-1227
3171,1996,10,4934,3677,1257
3171,1996,11,4943,3117,1826
3171,1996,12,4951,4167,784
3171,1997,1,4924,12877,-7953
3171,1997,2,4921,3117,1804
3171,1997,3,4929,3117,1812
3171,1997,4,4936,3117,1819
3171,1997,5,4934,5757,-823
3171,1997,6,4932,6217,-1285
3171,1997,7,4935,3117,1818
3171,1997,8,4942,3117,1825
3171,1997,9,4950,3117,1833
3171,1997,10,4952,4957,-5
3171,1997,11,4951,4557,394
3171,1997,12,4952,6287,-1335
3171,1998,1,4933,11197,-6264
3171,1998,2,4919,6957,-2038
3171,1998,3,4917,4157,760
3171,1998,4,4922,3117,1805
3171,1998,5,4929,3117,1812
3171,1998,6,4934,5597,-663
3171,1998,7,4934,3117,1817
3171,1998,8,4930,5517,-587
3171,1998,9,4939,3117,1822
3171,1998,10,4946,3117,1829
3171,1998,11,4954,3117,1837
3171,1998,12,4951,7972,-3021
3172,1997,5,600,0,600
3172,1997,6,2913,0,2913
3172,1997,7,2913,0,2913
3172,1997,8,2913,0,2913
3172,1997,9,2913,0,2913
3172,1997,10,2952,1957,995
3172,1997,11,2971,1957,1014
3172,1997,12,2973,3037,-64
3172,1998,1,2967,4717,-1750
3172,1998,2,2968,1957,1011
3172,1998,3,2972,1957,1015
3172,1998,4,2976,1957,1019
3172,1998,5,2981,1957,1024
3172,1998,6,2983,2707,276
3172,1998,7,2981,4087,-1106
3172,1998,8,2981,1957,1024
3172,1998,9,2985,1957,1028
3172,1998,10,2988,2767,221
3172,1998,11,2987,3307,-320
3172,1998,12,2988,2512,476
3173,1993,5,1100,0,1100
3173,1993,6,4235,0,4235
3173,1993,7,4235,0,4235
3173,1993,8,4235,0,4235
3173,1993,9,4235,0,4235
3173,1993,10,4288,2804,1484
3173,1993,11,4320,3398,922
3173,1993,12,4318,4628,-310
3173,1994,1,4313,7288,-2975
3173,1994,2,4312,2838,1474
3173,1994,3,4309,6118,-1809
3173,1994,4,4310,2838,1472
3173,1994,5,4316,2838,1478
3173,1994,6,4303,9238,-4935
3173,1994,7,4298,4038,260
3173,1994,8,4303,2838,1465
3173,1994,9,4300,6998,-2698
3173,1994,10,4298,2838,1460
3173,1994,11,4301,5718,-1417
3173,1994,12,4297,4088,209
3173,1995,1,4294,5078,-784
3173,1995,2,4293,3798,495
3173,1995,3,4298,2838,1460
3173,1995,4,4304,2838,1466
3173,1995,5,4298,7018,-2720
3173,1995,6,4298,2838,1460
3173,1995,7,4304,2838,1466
3173,1995,8,4305,4738,-433
3173,1995,9,4303,5198,-895
3173,1995,10,4305,2838,1467
3173,1995,11,4309,3878,431
3173,1995,12,4310,4438,-128
3173,1996,1,4306,9988,-5682
3173,1996,2,4288,4238,50
3173,1996,3,4289,2838,1451
3173,1996,4,4295,2838,1457
3173,1996,5,4300,4838,-538
3173,1996,6,4297,6638,-2341
3173,1996,7,4289,2838,1451
3173,1996,8,4295,2838,1457
3173,1996,9,4301,2838,1463
3173,1996,10,4307,2838,1469
3173,1996,11,4313,2838,1475
3173,1996,12,4313,5188,-875
3173,1997,1,4313,3588,725
3173,1997,2,4315,3878,437
3173,1997,3,4320,2838,1482
3173,1997,4,4323,5958,-1635
3173,1997,5,4319,2838,1481
3173,1997,6,4322,3798,524
3173,1997,7,4328,2838,1490
3173,1997,8,4334,2838,1496
3173,1997,9,4340,2838,1502
3173,1997,10,4346,2838,1508
3173,1997,11,4330,17438,-13108
3173,1997,12,4296,3538,758
3173,1998,1,4301,2838,1463
3173,1998,2,4307,2838,1469
3173,1998,3,4312,3558,754
3173,1998,4,4316,2838,1478
3173,1998,5,4320,3638,682
3173,1998,6,4316,5838,-1522
3173,1998,7,4318,2838,1480
3173,1998,8,4325,2838,1487
3173,1998,9,4328,4198,130
3173,1998,10,4329,5158,-829
3173,1998,11,4328,2838,1490
3173,1998,12,4330,4273,57
3174,1997,12,400,0,400
3174,1998,1,5098,0,5098
3174,1998,2,5098,0,5098
3174,1998,3,5098,0,5098
3174,1998,4,5098,0,5098
3174,1998,5,5163,2874,2289
3174,1998,6,5192,6224,-1032
3174,1998,7,5196,2874,2322
3174,1998,8,5206,2874,2332
3174,1998,9,5211,5034,177
3174,1998,10,5216,3774,1442
3174,1998,11,5206,8774,-3568
3174,1998,12,5207,3509,1698
3175,1996,10,5535,0,5535
3175,1996,11,4943,0,4943
3175,1996,12,4943,0,4943
3175,1997,1,4943,0,4943
3175,1997,2,4982,3295,1687
3175,1997,3,5015,4095,920
3175,1997,4,5020,3295,1725
3175,1997,5,5025,4395,630
3175,1997,6,5026,17895,-12869
3175,1997,7,4976,3295,1681
3175,1997,8,4983,3295,1688
3175,1997,9,4990,3295,1695
3175,1997,10,4988,6815,-1827
3175,1997,11,4989,3295,1694
3175,1997,12,4995,4395,600
3175,1998,1,4977,10575,-5598
3175,1998,2,4975,3295,1680
3175,1998,3,4982,3695,1287
3175,1998,4,4988,3295,1693
3175,1998,5,4995,3295,1700
3175,1998,6,4981,11695,-6714
3175,1998,7,4974,3295,1679
3175,1998,8,4981,3295,1686
3175,1998,9,4988,3295,1693
3175,1998,10,4991,4975,16
3175,1998,11,4995,3295,1700
3175,1998,12,5002,3830,1172
3176,1997,3,600,0,600
3176,1997,4,4595,0,4595
3176,1997,5,4595,0,4595
3176,1997,6,4595,0,4595
3176,1997,7,4612,3000,1612
3176,1997,8,4669,2479,2190
3176,1997,9,4671,6719,-2048
3176,1997,10,4667,3979,688
3176,1997,11,4670,4079,591
3176,1997,12,4666,6479,-1813
3176,1998,1,4651,7919,-3268
3176,1998,2,4650,4679,-29
3176,1998,3,4651,3879,772
3176,1998,4,4650,5359,-709
3176,1998,5,4651,3239,1412
3176,1998,6,4652,6979,-2327
3176,1998,7,4646,4579,67
3176,1998,8,4648,3479,1169
3176,1998,9,4649,5479,-830
3176,1998,10,4647,4579,68
3176,1998,11,4651,2479,2172
3176,1998,12,4651,5434,-783
3177,1996,11,500,0,500
3177,1996,12,11800,0,11800
3177,1997,1,49355,0,49355
3177,1997,2,256,17100,-16844
3177,1997,3,9792,12400,-2608
3177,1997,4,175,6000,-5825
3177,1997,5,175,5900,-5725
3177,1997,6,175,100,75
3177,1997,7,175,400,-225
3177,1997,8,175,700,-525
3177,1997,9,3475,0,3475
3177,1997,10,175,1000,-825
3177,1997,12,175,2400,-2225
3177,1998,1,4075,0,4075
3177,1998,2,175,1300,-1125
3177,1998,3,16026,9300,6726
3177,1998,4,166,3100,-2934
3177,1998,5,166,3600,-3434
3177,1998,6,166,4500,-4334
3177,1998,7,3666,0,3666
3177,1998,8,166,2600,-2434
3177,1998,9,35282,2000,33282
3177,1998,10,265,14900,-14635
3177,1998,11,265,7200,-6935
3177,1998,12,0,6400,-6400
3178,1996,4,600,0,600
3178,1996,5,2929,0,2929
3178,1996,6,2929,0,2929
3178,1996,7,2929,0,2929
3178,1996,8,2929,0,2929
3178,1996,9,2966,302,2664
3178,1996,10,2992,3667,-675
3178,1996,11,2991,1967,1024
3178,1996,12,2995,2807,188
3178,1997,1,2985,6067,-3082
3178,1997,2,2983,1967,1016
3178,1997,3,2988,1967,1021
3178,1997,4,2992,1967,1025
3178,1997,5,2996,1967,1029
3178,1997,6,2993,6017,-3024
3178,1997,7,2986,2267,719
3178,1997,8,2991,1967,1024
3178,1997,9,2995,1967,1028
3178,1997,10,2999,1967,1032
3178,1997,11,3004,1967,1037
3178,1997,12,3005,3437,-432
3178,1998,1,2994,6647,-3653
3178,1998,2,2987,3047,-60
3178,1998,3,2989,3107,-118
3178,1998,4,2990,1967,1023
3178,1998,5,2994,1967,1027
3178,1998,6,2999,1967,1032
3178,1998,7,3003,1967,1036
3178,1998,8,3007,1967,1040
3178,1998,9,3009,3047,-38
3178,1998,10,3011,1967,1044
3178,1998,11,3013,3227,-214
3178,1998,12,3011,3512,-501
3179,1996,9,800,0,800
3179,1996,10,18377,0,18377
3179,1996,11,14942,5100,9842
3179,1996,12,22403,14500,7903
3179,1997,1,15002,13300,1702
3179,1997,2,15011,18486,-3475
3179,1997,3,15010,11786,3224
3179,1997,4,15014,15946,-932
3179,1997,5,15010,16386,-1376
3179,1997,6,22410,44426,-22016
3179,1997,7,14933,5286,9647
3179,1997,8,14970,6486,8484
3179,1997,9,14983,19906,-4923
3179,1997,10,14971,12166,2805
3179,1997,11,14980,13086,1894
3179,1997,12,22414,22966,-552
3179,1998,1,14970,18986,-4016
3179,1998,2,14945,21586,-6641
3179,1998,3,14936,15286,-350
3179,1998,4,14935,14686,249
3179,1998,5,14929,18806,-3877
3179,1998,6,22346,20786,1560
3179,1998,7,14930,13386,1544
3179,1998,8,14940,11286,3654
3179,1998,9,15466,7306,8160
3179,1998,10,14978,14426,552
3179,1998,11,14980,14986,-6
3179,1998,12,22418,18791,3627
3180,1996,6,500,0,500
3180,1996,7,19752,0,19752
3180,1996,8,16820,5900,10920
3180,1996,9,16847,15300,1547
3180,1996,10,16854,15000,1854
3180,1996,11,16857,20905,-4048
3180,1996,12,25203,27579,-2376
3180,1997,1,16807,24339,-7532
3180,1997,2,16824,12979,3845
3180,1997,3,16827,14279,2548
3180,1997,4,16829,17279,-450
3180,1997,5,16821,22219,-5398
3180,1997,6,25177,19179,5998
3180,1997,7,16839,12979,3860
3180,1997,8,16842,17979,-1137
3180,1997,9,16845,14179,2666
3180,1997,10,16851,15479,1372
3180,1997,11,16853,16679,174
3180,1997,12,25220,21799,3421
3180,1998,1,16821,37879,-21058
3180,1998,2,16808,12419,4389
3180,1998,3,16828,6179,10649
3180,1998,4,16835,19579,-2744
3180,1998,5,16827,18279,-1452
3180,1998,6,25223,20939,4284
3180,1998,7,16882,3179,13703
3180,1998,8,16856,32279,-15423
3180,1998,9,16826,20379,-3553
3180,1998,10,16860,3179,13681
3180,1998,11,16826,27859,-11033
3180,1998,12,25241,6684,18557
3181,1993,5,1000,0,1000
3181,1993,6,10726,0,10726
3181,1993,7,7165,0,7165
3181,1993,8,4289,0,4289
3181,1993,9,3905,0,3905
3181,1993,10,1412,1515,-103
3181,1993,11,1412,1415,-3
3181,1993,12,1412,2065,-653
3181,1994,1,2400,6865,-4465
3181,1994,2,33696,15,33681
3181,1994,3,1508,13115,-11607
3181,1994,4,1470,8015,-6545
3181,1994,5,1446,5815,-4369
3181,1994,6,34081,46115,-12034
3181,1994,7,5702,515,5187
3181,1994,8,1409,1515,-106
3181,1994,9,1612,15,1597
3181,1994,10,1817,865,952
3181,1994,11,1418,1715,-297
3181,1994,12,1415,5815,-4400
3181,1995,1,4905,6015,-1110
3181,1995,2,6005,15,5990
3181,1995,3,1422,115,1307
3181,1995,4,1424,2265,-841
3181,1995,5,4031,15,4016
3181,1995,6,1403,17115,-15712
3181,1995,7,4684,15,4669
3181,1995,8,5106,1815,3291
3181,1995,9,1406,4315,-2909
3181,1995,10,1395,715,680
3181,1995,11,37182,1915,35267
3181,1995,12,27959,19415,8544
3181,1996,1,22266,49465,-27199
3181,1996,2,1466,15,1451
3181,1996,3,1451,16365,-14914
3181,1996,4,1409,6115,-4706
3181,1996,5,1390,1415,-25
3181,1996,6,14121,16915,-2794
3181,1996,7,1378,1015,363
3181,1996,8,1380,3215,-1835
3181,1996,9,2373,15,2358
3181,1996,10,3984,15,3969
3181,1996,11,5101,15,5086
3181,1996,12,2720,1015,1705
3181,1997,1,5693,11465,-5772
3181,1997,2,9308,2165,7143
3181,1997,3,6134,2165,3969
3181,1997,4,3451,15,3436
3181,1997,5,49751,19815,29936
3181,1997,6,1552,23015,-21463
3181,1997,7,14285,8615,5670
3181,1997,8,1518,3215,-1697
3181,1997,9,1513,1765,-252
3181,1997,10,1614,15,1599
3181,1997,11,2021,15,2006
3181,1997,12,1528,1015,513
3181,1998,1,1987,15165,-13178
3181,1998,2,5682,15,5667
3181,1998,3,19068,9765,9303
3181,1998,4,2440,315,2125
3181,1998,5,1539,4815,-3276
3181,1998,6,17208,38315,-21107
3181,1998,7,11762,1715,10047
3181,1998,8,1486,815,671
3181,1998,9,7398,1815,5583
3181,1998,10,6323,15,6308
3181,1998,11,1534,2915,-1381
3181,1998,12,1528,2800,-1272
3182,1996,12,200,0,200
3182,1997,1,20445,0,20445
3182,1997,2,17110,8000,9110
3182,1997,3,17143,10900,6243
3182,1997,4,17161,15400,1761
3182,1997,5,17171,15535,1636
3182,1997,6,25713,20670,5043
3182,1997,7,17203,19870,-2667
3182,1997,8,17199,15470,1729
3182,1997,9,17188,22890,-5702
3182,1997,10,17170,20470,-3300
3182,1997,11,17155,20670,-3515
3182,1997,12,25654,28050,-2396
3182,1998,1,17115,28610,-11495
3182,1998,2,17089,16570,519
3182,1998,3,17095,14410,2685
3182,1998,4,17098,17490,-392
3182,1998,5,17094,19770,-2676
3182,1998,6,25604,23270,2334
3182,1998,7,17098,16570,528
3182,1998,8,17092,19170,-2078
3182,1998,9,17082,19170,-2088
3182,1998,10,17077,17970,-893
3182,1998,11,17076,17090,-14
3182,1998,12,25586,24055,1531
3183,1994,4,7498,0,7498
3183,1994,5,6908,0,6908
3183,1994,6,6908,0,6908
3183,1994,7,6908,0,6908
3183,1994,8,6918,4115,2803
3183,1994,9,7015,8339,-1324
3183,1994,10,7004,6179,825
3183,1994,11,7013,6439,574
3183,1994,12,7010,7169,-159
3183,1995,1,7001,11809,-4808
3183,1995,2,6996,3039,3957
3183,1995,3,7013,3739,3274
3183,1995,4,7024,7819,-795
3183,1995,5,7020,6919,101
3183,1995,6,6993,12039,-5046
3183,1995,7,7003,3139,3864
3183,1995,8,7015,5199,1816
3183,1995,9,7022,7339,-317
3183,1995,10,7022,5439,1583
3183,1995,11,7030,4139,2891
3183,1995,12,7015,12259,-5244
3183,1996,1,6991,17549,-10558
3183,1996,2,6976,4079,2897
3183,1996,3,6979,5719,1260
3183,1996,4,6992,4739,2253
3183,1996,5,7004,3239,3765
3183,1996,6,7004,8989,-1985
3183,1996,7,7004,7999,-995
3183,1996,8,7007,3439,3568
3183,1996,9,7014,4559,2455
3183,1996,10,7029,4839,2190
3183,1996,11,7026,10539,-3513
3183,1996,12,7010,10889,-3879
3183,1997,1,6975,17869,-10894
3183,1997,2,6965,3039,3926
3183,1997,3,6978,7339,-361
3183,1997,4,6975,5039,1936
3183,1997,5,6985,4139,2846
3183,1997,6,6977,12739,-5762
3183,1997,7,6974,3739,3235
3183,1997,8,6987,3839,3148
3183,1997,9,6993,5559,1434
3183,1997,10,6997,7039,-42
3183,1997,11,7001,14499,-7498
3183,1997,12,6971,5189,1782
3183,1998,1,6957,12979,-6022
3183,1998,2,6957,3139,3818
3183,1998,3,6943,14039,-7096
3183,1998,4,6945,3039,3906
3183,1998,5,6961,3039,3922
3183,1998,6,6977,3039,3938
3183,1998,7,6994,3039,3955
3183,1998,8,6998,5519,1479
3183,1998,9,7005,5279,1726
3183,1998,10,6973,17539,-10566
3183,1998,11,6979,3039,3940
3183,1998,12,6994,4324,2670
3184,1994,2,700,0,700
3184,1994,3,5115,0,5115
3184,1994,4,5115,0,5115
3184,1994,5,5115,0,5115
3184,1994,6,5153,100,5053
3184,1994,7,5204,15,5189
3184,1994,8,5226,5845,-619
3184,1994,9,5226,3525,1701
3184,1994,10,5234,3425,1809
3184,1994,11,5241,3425,1816
3184,1994,12,5244,6475,-1231
3184,1995,1,5227,12085,-6858
3184,1995,2,5215,3425,1790
3184,1995,3,5222,5585,-363
3184,1995,4,5214,6625,-1411
3184,1995,5,5212,5665,-453
3184,1995,6,5187,11625,-6438
3184,1995,7,5186,3425,1761
3184,1995,8,5194,3425,1769
3184,1995,9,5189,8145,-2956
3184,1995,10,5189,3425,1764
3184,1995,11,5196,3425,1771
3184,1995,12,5201,3775,1426
3184,1996,1,5181,13075,-7894
3184,1996,2,5176,3425,1751
3184,1996,3,5184,3425,1759
3184,1996,4,5191,3425,1766
3184,1996,5,5198,3425,1773
3184,1996,6,5205,3425,1780
3184,1996,7,5213,3425,1788
3184,1996,8,5220,3425,1795
3184,1996,9,5228,3425,1803
3184,1996,10,5227,5585,-358
3184,1996,11,5234,3425,1809
3184,1996,12,5240,4775,465
3184,1997,1,5203,18545,-13342
3184,1997,2,5187,3425,1762
3184,1997,3,5195,3425,1770
3184,1997,4,5200,3905,1295
3184,1997,5,5207,3425,1782
3184,1997,6,5215,3425,1790
3184,1997,7,5222,3425,1797
3184,1997,8,5227,4465,762
3184,1997,9,5233,3425,1808
3184,1997,10,5231,5905,-674
3184,1997,11,5237,3425,1812
3184,1997,12,5243,4275,968
3184,1998,1,5212,18765,-13553
3184,1998,2,5192,3425,1767
3184,1998,3,5196,6465,-1269
3184,1998,4,5194,3425,1769
3184,1998,5,5202,3425,1777
3184,1998,6,5209,3425,1784
3184,1998,7,5216,3425,1791
3184,1998,8,5210,9585,-4375
3184,1998,9,5205,3425,1780
3184,1998,10,5213,3425,1788
3184,1998,11,5220,3425,1795
3184,1998,12,5226,5360,-134
3185,1997,7,800,0,800
3185,1997,8,20335,0,20335
3185,1997,9,14420,0,14420
3185,1997,10,13575,9100,4475
3185,1997,11,13594,8600,4994
3185,1997,12,20361,17460,2901
3185,1998,1,13618,21680,-8062
3185,1998,2,14505,11820,2685
3185,1998,3,13618,14860,-1242
3185,1998,4,13918,8460,5458
3185,1998,5,13638,10820,2818
3185,1998,6,20376,23280,-2904
3185,1998,7,13634,13960,-326
3185,1998,8,14530,12760,1770
3185,1998,9,13639,15100,-1461
3185,1998,10,13624,14760,-1136
3185,1998,11,13627,14760,-1133
3185,1998,12,20350,12765,7585
3186,1995,5,700,0,700
3186,1995,6,31265,4600,26665
3186,1995,7,20952,12800,8152
3186,1995,8,20985,15700,5285
3186,1995,9,21006,17000,4006
3186,1995,10,21019,20815,204
3186,1995,11,21028,24771,-3743
3186,1995,12,31463,27971,3492
3186,1996,1,20989,34671,-13682
3186,1996,2,20981,15671,5310
3186,1996,3,21002,18571,2431
3186,1996,4,21014,20371,643
3186,1996,5,21008,27471,-6463
3186,1996,6,31419,24871,6548
3186,1996,7,21018,18071,2947
3186,1996,8,21018,26271,-5253
3186,1996,9,21004,18971,2033
3186,1996,10,21013,18671,2342
3186,1996,11,21008,25271,-4263
3186,1996,12,31420,29971,1449
3186,1997,1,20976,29771,-8795
3186,1997,2,20975,19271,1704
3186,1997,3,20987,14471,6516
3186,1997,4,21014,14371,6643
3186,1997,5,21021,23071,-2050
3186,1997,6,31429,32571,-1142
3186,1997,7,21014,20571,443
3186,1997,8,21018,18671,2347
3186,1997,9,21025,19371,1654
3186,1997,10,21022,23171,-2149
3186,1997,11,21019,19271,1748
3186,1997,12,31456,25371,6085
3186,1998,1,21007,48071,-27064
3186,1998,2,26683,7471,19212
3186,1998,3,21010,23271,-2261
3186,1998,4,20999,23871,-2872
3186,1998,5,20986,23571,-2585
3186,1998,6,31434,18571,12863
3186,1998,7,21031,22171,-1140
3186,1998,8,21015,25071,-4056
3186,1998,9,21008,21971,-963
3186,1998,10,21017,17271,3746
3186,1998,11,21017,23771,-2754
3186,1998,12,31455,22956,8499
3187,1997,12,500,0,500
3187,1998,1,11822,0,11822
3187,1998,2,4399,100,4299
3187,1998,3,667,2100,-1433
3187,1998,4,660,2315,-1655
3187,1998,5,653,2615,-1962
3187,1998,6,8378,2315,6063
3187,1998,7,2577,5915,-3338
3187,1998,8,2557,3515,-958
3187,1998,9,2555,2615,-60
3187,1998,10,2560,15,2545
3187,1998,11,2559,5215,-2656
3187,1998,12,2558,2200,358
3188,1997,2,400,0,400
3188,1997,3,18839,0,18839
3188,1997,4,15605,6700,8905
3188,1997,5,15639,9700,5939
3188,1997,6,23425,14900,8525
3188,1997,7,15694,21758,-6064
3188,1997,8,15673,17938,-2265
3188,1997,9,15662,18038,-2376
3188,1997,10,15655,16138,-483
3188,1997,11,15646,19338,-3692
3188,1997,12,23412,19138,4274
3188,1998,1,15626,27438,-11812
3188,1998,2,15605,15738,-133
3188,1998,3,15604,16578,-974
3188,1998,4,15596,17938,-2342
3188,1998,5,15587,17538,-1951
3188,1998,6,23346,23638,-292
3188,1998,7,15593,16298,-705
3188,1998,8,15591,11118,4473
3188,1998,9,15614,7638,7976
3188,1998,10,15610,22438,-6828
3188,1998,11,15593,17538,-1945
3188,1998,12,23350,23423,-73
3189,1995,11,800,0,800
3189,1995,12,35171,7100,28071
3189,1996,1,40418,19400,21018
3189,1996,2,207,11400,-11193
3189,1996,3,207,9000,-8793
3189,1996,4,31292,5700,25592
3189,1996,5,230,14600,-14370
3189,1996,6,26419,34215,-7796
3189,1996,7,40878,25140,15738
3189,1996,8,38993,15915,23078
3189,1996,9,40975,26815,14160
3189,1996,10,101309,97015,4294
3189,1996,11,8386,38015,-29629
3189,1996,12,10638,31215,-20577
3189,1997,1,13568,42418,-28850
3189,1997,2,18169,3718,14451
3189,1997,3,7705,6118,1587
3189,1997,4,3114,3718,-604
3189,1997,5,3713,3718,-5
3189,1997,6,1610,3718,-2108
3189,1997,7,2702,3718,-1016
3189,1997,8,595,3718,-3123
3189,1997,9,17843,26729,-8886
3189,1997,10,55675,14115,41560
3189,1997,11,199,13218,-13019
3189,1997,12,153,9018,-8865
3189,1998,1,42734,46215,-3481
3189,1998,2,6319,28297,-21978
3189,1998,3,47402,39088,8314
3189,1998,4,54994,18318,36676
3189,1998,5,175,15918,-15743
3189,1998,6,3644,11218,-7574
3189,1998,7,28962,28295,667
3189,1998,8,9510,11867,-2357
3189,1998,9,18963,11805,7158
3189,1998,10,117,11518,-11401
3189,1998,11,11611,3718,7893
3189,1998,12,9304,21746,-12442
3190,1996,12,1000,0,1000
3190,1997,1,18471,0,18471
3190,1997,2,10345,5300,5045
3190,1997,3,10367,5300,5067
3190,1997,4,10387,5900,4487
3190,1997,5,10406,7515,2891
3190,1997,6,15528,29380,-13852
3190,1997,7,10379,7800,2579
3190,1997,8,11293,3100,8193
3190,1997,9,10420,7200,3220
3190,1997,10,10831,8260,2571
3190,1997,11,10443,11700,-1257
3190,1997,12,15578,14300,1278
3190,1998,1,12517,19180,-6663
3190,1998,2,10416,9300,1116
3190,1998,3,10423,7600,2823
3190,1998,4,10436,6400,4036
3190,1998,5,10446,8840,1606
3190,1998,6,15594,16200,-606
3190,1998,7,10451,10700,-249
3190,1998,8,10448,11500,-1052
3190,1998,9,10440,13100,-2660
3190,1998,10,10432,10520,-88
3190,1998,11,10434,11360,-926
3190,1998,12,15564,10605,4959
3191,1996,9,900,0,900
3191,1996,10,15805,0,15805
3191,1996,11,10262,0,10262
3191,1996,12,14480,8700,5780
3191,1997,1,9705,10600,-895
3191,1997,2,9691,18795,-9104
3191,1997,3,9668,10295,-627
3191,1997,4,9671,8695,976
3191,1997,5,9675,7895,1780
3191,1997,6,14466,15295,-829
3191,1997,7,9666,12495,-2829
3191,1997,8,9662,10395,-733
3191,1997,9,9668,10495,-827
3191,1997,10,9664,6695,2969
3191,1997,11,9664,12095,-2431
3191,1997,12,14452,11495,2957
3191,1998,1,11864,19695,-7831
3191,1998,2,12654,6395,6259
3191,1998,3,9652,14695,-5043
3191,1998,4,9641,9795,-154
3191,1998,5,9644,8495,1149
3191,1998,6,14453,7395,7058
3191,1998,7,9670,11895,-2225
3191,1998,8,9661,11295,-1634
3191,1998,9,9665,8195,1470
3191,1998,10,9661,10695,-1034
3191,1998,11,9655,14295,-4640
3191,1998,12,14436,12480,1956
3192,1996,7,400,0,400
3192,1996,8,18825,0,18825
3192,1996,9,10399,0,10399
3192,1996,10,10142,2000,8142
3192,1996,11,10169,10300,-131
3192,1996,12,15193,15693,-500
3192,1997,1,18054,32125,-14071
3192,1997,2,11225,7405,3820
3192,1997,3,10147,5805,4342
3192,1997,4,10162,8605,1557
3192,1997,5,10169,7805,2364
3192,1997,6,15199,13205,1994
3192,1997,7,10179,9625,554
3192,1997,8,10180,8645,1535
3192,1997,9,10196,6505,3691
3192,1997,10,10206,10305,-99
3192,1997,11,10205,10105,100
3192,1997,12,15209,20085,-4876
3192,1998,1,18841,30685,-11844
3192,1998,2,12646,5365,7281
3192,1998,3,12580,3805,8775
3192,1998,4,10203,9105,1098
3192,1998,5,10197,14645,-4448
3192,1998,6,15192,18525,-3333
3192,1998,7,10175,8605,1570
3192,1998,8,10186,6005,4181
3192,1998,9,12586,11965,621
3192,1998,10,13916,6925,6991
3192,1998,11,10237,4905,5332
3192,1998,12,15258,13070,2188
3193,1996,2,400,0,400
3193,1996,3,22182,0,22182
3193,1996,4,18767,12700,6067
3193,1996,5,18792,14800,3992
3193,1996,6,28149,16600,11549
3193,1996,7,18870,22756,-3886
3193,1996,8,18854,21056,-2202
3193,1996,9,18846,19156,-310
3193,1996,10,18843,20156,-1313
3193,1996,11,18839,18056,783
3193,1996,12,28198,25456,2742
3193,1997,1,18826,25956,-7130
3193,1997,2,18813,20056,-1243
3193,1997,3,18819,18656,163
3193,1997,4,18815,20556,-1741
3193,1997,5,18811,17456,1355
3193,1997,6,28165,42256,-14091
3193,1997,7,18763,13756,5007
3193,1997,8,18764,22956,-4192
3193,1997,9,18764,14456,4308
3193,1997,10,18777,16956,1821
3193,1997,11,18784,16856,1928
3193,1997,12,28135,27556,579
3193,1998,1,18756,31256,-12500
3193,1998,2,18744,16456,2288
3193,1998,3,18749,18856,-107
3193,1998,4,18757,13156,5601
3193,1998,5,18770,18456,314
3193,1998,6,28095,36456,-8361
3193,1998,7,18734,19056,-322
3193,1998,8,18729,19856,-1127
3193,1998,9,18738,13756,4982
3193,1998,10,18737,22856,-4119
3193,1998,11,18737,15356,3381
3193,1998,12,28086,29241,-1155
3194,1997,4,1100,0,1100
3194,1997,5,16222,0,16222
3194,1997,6,20329,9900,10429
3194,1997,7,13606,14300,-694
3194,1997,8,13607,12100,1507
3194,1997,9,13606,16899,-3293
3194,1997,10,13587,20639,-7052
3194,1997,11,13563,16299,-2736
3194,1997,12,20326,11599,8727
3194,1998,1,13566,25299,-11733
3194,1998,2,13546,12599,947
3194,1998,3,13563,7599,5964
3194,1998,4,13563,18659,-5096
3194,1998,5,13554,12699,855
3194,1998,6,20326,17299,3027
3194,1998,7,13567,13699,-132
3194,1998,8,13561,16099,-2538
3194,1998,9,13566,13659,-93
3194,1998,10,13565,10999,2566
3194,1998,11,13686,7599,6087
3194,1998,12,20344,19484,860
3195,1993,9,5220,0,5220
3195,1993,10,16672,0,16672
3195,1993,11,5211,0,5211
3195,1993,12,7033,7300,-267
3195,1994,1,4726,3786,940
3195,1994,2,4726,3085,1641
3195,1994,3,5316,7285,-1969
3195,1994,4,4725,3985,740
3195,1994,5,4719,8285,-3566
3195,1994,6,7022,3285,3737
3195,1994,7,4728,4485,243
3195,1994,8,4729,3785,944
3195,1994,9,4733,4285,448
3195,1994,10,4734,4885,-151
3195,1994,11,4729,6185,-1456
3195,1994,12,7032,5785,1247
3195,1995,1,4731,8785,-4054
3195,1995,2,4716,4185,531
3195,1995,3,4711,5185,-474
3195,1995,4,4815,6885,-2070
3195,1995,5,8612,3085,5527
3195,1995,6,7036,7485,-449
3195,1995,7,4729,3985,744
3195,1995,8,4729,8085,-3356
3195,1995,9,6821,3085,3736
3195,1995,10,4730,8485,-3755
3195,1995,11,4718,3085,1633
3195,1995,12,7019,10485,-3466
3195,1996,1,4910,5285,-375
3195,1996,2,5410,3685,1725
3195,1996,3,4715,3585,1130
3195,1996,4,7325,3085,4240
3195,1996,5,4732,6785,-2053
3195,1996,6,7032,5685,1347
3195,1996,7,4734,3885,849
3195,1996,8,6643,3085,3558
3195,1996,9,4746,6785,-2039
3195,1996,10,4744,3785,959
3195,1996,11,4731,7885,-3154
3195,1996,12,7037,5485,1552
3195,1997,1,4742,6385,-1643
3195,1997,2,6038,3085,2953
3195,1997,3,4740,6185,-1445
3195,1997,4,4825,8185,-3360
3195,1997,5,4727,4085,642
3195,1997,6,7029,6885,144
3195,1997,7,4718,8285,-3567
3195,1997,8,8125,3085,5040
3195,1997,9,8733,9285,-552
3195,1997,10,12255,3085,9170
3195,1997,11,4763,6185,-1422
3195,1997,12,8371,5885,2486
3195,1998,1,5276,4285,991
3195,1998,2,8491,3085,5406
3195,1998,3,7106,4085,3021
3195,1998,4,7019,7585,-566
3195,1998,5,9025,3085,5940
3195,1998,6,10034,15485,-5451
3195,1998,7,7021,3085,3936
3195,1998,8,8738,4485,4253
3195,1998,9,7055,3085,3970
3195,1998,10,4848,9185,-4337
3195,1998,11,4838,5585,-747
3195,1998,12,7137,8470,-1333
3196,1993,12,700,0,700
3196,1994,1,5403,0,5403
3196,1994,2,5403,0,5403
3196,1994,3,5403,0,5403
3196,1994,4,5461,200,5261
3196,1994,5,5497,4904,593
3196,1994,6,5487,10854,-5367
3196,1994,7,5483,2404,3079
3196,1994,8,5495,5664,-169
3196,1994,9,5495,2404,3091
3196,1994,10,5508,2404,3104
3196,1994,11,5521,2404,3117
3196,1994,12,5522,9174,-3652
3196,1995,1,5513,8584,-3071
3196,1995,2,5506,2404,3102
3196,1995,3,5519,2404,3115
3196,1995,4,5535,2504,3031
3196,1995,5,5537,5684,-147
3196,1995,6,5536,10684,-5148
3196,1995,7,5521,3284,2237
3196,1995,8,5532,2404,3128
3196,1995,9,5545,2404,3141
3196,1995,10,5558,2404,3154
3196,1995,11,5571,2404,3167
3196,1995,12,5574,6704,-1130
3196,1996,1,5566,17194,-11628
3196,1996,2,5526,4804,722
3196,1996,3,5534,2404,3130
3196,1996,4,5547,2404,3143
3196,1996,5,5560,2404,3156
3196,1996,6,5567,12954,-7387
3196,1996,7,5542,2404,3138
3196,1996,8,5554,5844,-290
3196,1996,9,5554,2404,3150
3196,1996,10,5565,4884,681
3196,1996,11,5570,2404,3166
3196,1996,12,5583,3304,2279
3196,1997,1,5573,13694,-8121
3196,1997,2,5558,2404,3154
3196,1997,3,5571,2404,3167
3196,1997,4,5584,2404,3180
3196,1997,5,5598,3124,2474
3196,1997,6,5606,8194,-2588
3196,1997,7,5584,10004,-4420
3196,1997,8,5579,2404,3175
3196,1997,9,5592,2404,3188
3196,1997,10,5602,4704,898
3196,1997,11,5605,4644,961
3196,1997,12,5608,5164,444
3196,1998,1,5587,13014,-7427
3196,1998,2,5575,7204,-1629
3196,1998,3,5576,2404,3172
3196,1998,4,5584,5904,-320
3196,1998,5,5583,5604,-21
3196,1998,6,5559,19834,-14275
3196,1998,7,5528,2404,3124
3196,1998,8,5541,2404,3137
3196,1998,9,5554,2404,3150
3196,1998,10,5563,4564,999
3196,1998,11,5571,2404,3167
3196,1998,12,5583,2889,2694
3197,1993,12,300,0,300
3197,1994,1,3013,0,3013
3197,1994,2,3013,0,3013
3197,1994,3,3013,0,3013
3197,1994,4,3013,0,3013
3197,1994,5,3049,2023,1026
3197,1994,6,3071,2023,1048
3197,1994,7,3076,2023,1053
3197,1994,8,3080,2023,1057
3197,1994,9,3085,2023,1062
3197,1994,10,3090,2383,707
3197,1994,11,3091,2523,568
3197,1994,12,3091,3613,-522
3197,1995,1,3091,4153,-1062
3197,1995,2,3088,2023,1065
3197,1995,3,3092,2123,969
3197,1995,4,3095,2683,412
3197,1995,5,3098,2023,1075
3197,1995,6,3096,5593,-2497
3197,1995,7,3092,2023,1069
3197,1995,8,3096,2023,1073
3197,1995,9,3101,2023,1078
3197,1995,10,3107,2233,874
3197,1995,11,3106,3263,-157
3197,1995,12,3108,2503,605
3197,1996,1,3106,4933,-1827
3197,1996,2,3099,3973,-874
3197,1996,3,3099,2023,1076
3197,1996,4,3104,2023,1081
3197,1996,5,3108,2023,1085
3197,1996,6,3091,9163,-6072
3197,1996,7,3088,2023,1065
3197,1996,8,3090,3433,-343
3197,1996,9,3090,2653,437
3197,1996,10,3092,2233,859
3197,1996,11,3096,2023,1073
3197,1996,12,3098,3403,-305
3197,1997,1,3091,6553,-3462
3197,1997,2,3084,2263,821
3197,1997,3,3089,2503,586
3197,1997,4,3088,3433,-345
3197,1997,5,3089,2023,1066
3197,1997,6,3093,2023,1070
3197,1997,7,3098,2023,1075
3197,1997,8,3102,2023,1079
3197,1997,9,3106,2473,633
3197,1997,10,3109,2023,1086
3197,1997,11,3114,2023,1091
3197,1997,12,3116,2833,283
3197,1998,1,3117,3823,-706
3197,1998,2,3116,2023,1093
3197,1998,3,3121,2023,1098
3197,1998,4,3125,2023,1102
3197,1998,5,3130,2683,447
3197,1998,6,3121,9433,-6312
3197,1998,7,3105,2023,1082
3197,1998,8,3110,2023,1087
3197,1998,9,3114,2023,1091
3197,1998,10,3119,2023,1096
3197,1998,11,3123,2023,1100
3197,1998,12,3127,2488,639
3199,1996,6,30467,0,30467
3199,1996,7,19697,1900,17797
3199,1996,8,19728,15300,4428
3199,1996,9,19746,15200,4546
3199,1996,10,19739,23650,-3911
3199,1996,11,19729,21150,-1421
3199,1996,12,29512,26810,2702
3199,1997,1,19737,21050,-1313
3199,1997,2,19679,38046,-18367
3199,1997,3,19703,6250,13453
3199,1997,4,19675,27201,-7526
3199,1997,5,19716,9750,9966
3199,1997,6,29498,35616,-6118
3199,1997,7,19703,34232,-14529
3199,1997,8,19660,25050,-5390
3199,1997,9,19660,13150,6510
3199,1997,10,19663,26903,-7240
3199,1997,11,19646,16268,3378
3199,1997,12,29455,16950,12505
3199,1998,1,19692,20050,-358
3199,1998,2,19704,22039,-2335
3199,1998,3,19710,11850,7860
3199,1998,4,19739,15250,4489
3199,1998,5,19724,23250,-3526
3199,1998,6,29526,18550,10976
3199,1998,7,19785,17950,1835
3199,1998,8,19770,24450,-4680
3199,1998,9,19769,20150,-381
3199,1998,10,19749,24177,-4428
3199,1998,11,19753,13550,6203
3199,1998,12,29545,31335,-1790
3200,1995,10,1100,0,1100
3200,1995,11,18517,0,18517
3200,1995,12,82,100,-18
3200,1996,1,82,100,-18
3200,1996,2,82,2900,-2818
3200,1996,3,82,300,-218
3200,1996,4,1882,0,1882
3200,1996,5,482,0,482
3200,1996,6,2582,0,2582
3200,1996,7,1482,0,1482
3200,1996,8,1082,0,1082
3200,1996,9,82,400,-318
3200,1996,10,82,1000,-918
3200,1996,11,82,1300,-1218
3200,1996,12,36501,300,36201
3200,1997,1,13579,15800,-2221
3200,1997,2,22408,29100,-6692
3200,1997,3,49514,28461,21053
3200,1997,4,27770,39200,-11430
3200,1997,5,5810,29252,-23442
3200,1997,6,113,12700,-12587
3200,1997,7,93,300,-207
3200,1997,8,53053,1500,51553
3200,1997,9,18943,41992,-23049
3200,1997,10,198,16900,-16702
3200,1997,11,37897,8500,29397
3200,1997,12,53787,29800,23987
3200,1998,1,51362,117300,-65938
3200,1998,2,74881,35729,39152
3200,1998,3,53197,28922,24275
3200,1998,4,47893,34465,13428
3200,1998,5,83486,111500,-28014
3200,1998,6,136958,164400,-27442
3200,1998,7,120145,59300,60845
3200,1998,8,33336,44500,-11164
3200,1998,9,45761,50194,-4433
3200,1998,10,31354,35800,-4446
3200,1998,11,23722,23100,622
3200,1998,12,312,31300,-30988
3201,1994,4,300,0,300
3201,1994,5,17412,0,17412
3201,1994,6,14155,5800,8355
3201,1994,7,9492,5900,3592
3201,1994,8,9499,9500,-1
3201,1994,9,9497,12765,-3268
3201,1994,10,9483,14325,-4842
3201,1994,11,9475,8365,1110
3201,1994,12,14178,10465,3713
3201,1995,1,12058,25705,-13647
3201,1995,2,11247,6265,4982
3201,1995,3,9460,7265,2195
3201,1995,4,9873,6265,3608
3201,1995,5,9483,7765,1718
3201,1995,6,14187,17485,-3298
3201,1995,7,9479,6765,2714
3201,1995,8,9484,8865,619
3201,1995,9,9496,6265,3231
3201,1995,10,9489,17645,-8156
3201,1995,11,11080,6865,4215
3201,1995,12,14177,15945,-1768
3201,1996,1,12564,17785,-5221
3201,1996,2,12473,6265,6208
3201,1996,3,11394,6265,5129
3201,1996,4,9494,10665,-1171
3201,1996,5,9483,13105,-3622
3201,1996,6,14181,10465,3716
3201,1996,7,9489,11465,-1976
3201,1996,8,12306,6265,6041
3201,1996,9,9486,18965,-9479
3201,1996,10,9985,6265,3720
3201,1996,11,9491,7965,1526
3201,1996,12,14206,10405,3801
3201,1997,1,13295,19345,-6050
3201,1997,2,9496,6265,3231
3201,1997,3,13920,9145,4775
3201,1997,4,12639,6265,6374
3201,1997,5,10959,12265,-1306
3201,1997,6,14255,18625,-4370
3201,1997,7,9527,11525,-1998
3201,1997,8,9521,7565,1956
3201,1997,9,9530,9165,365
3201,1997,10,10232,6265,3967
3201,1997,11,9539,15185,-5646
3201,1997,12,14225,12865,1360
3201,1998,1,9710,19705,-9995
3201,1998,2,9588,6265,3323
3201,1998,3,9498,8925,573
3201,1998,4,13495,10345,3150
3201,1998,5,12621,6265,6356
3201,1998,6,14232,20565,-6333
3201,1998,7,12420,6265,6155
3201,1998,8,16130,11785,4345
3201,1998,9,12563,8545,4018
3201,1998,10,14183,6265,7918
3201,1998,11,9607,8565,1042
3201,1998,12,14319,6250,8069
3202,1997,6,5958,0,5958
3202,1997,7,4862,0,4862
3202,1997,8,4862,0,4862
3202,1997,9,4862,0,4862
3202,1997,10,4919,4136,783
3202,1997,11,4927,5036,-109
3202,1997,12,4931,6136,-1205
3202,1998,1,4912,9736,-4824
3202,1998,2,4906,4456,450
3202,1998,3,4910,2536,2374
3202,1998,4,4920,2536,2384
3202,1998,5,4930,2536,2394
3202,1998,6,4936,6096,-1160
3202,1998,7,4934,4836,98
3202,1998,8,4934,4536,398
3202,1998,9,4935,5036,-101
3202,1998,10,4931,7096,-2165
3202,1998,11,4922,6076,-1154
3202,1998,12,4919,3721,1198
3203,1995,8,4177,0,4177
3203,1995,9,3184,0,3184
3203,1995,10,3184,0,3184
3203,1995,11,3184,0,3184
3203,1995,12,3188,675,2513
3203,1996,1,3227,7136,-3909
3203,1996,2,3221,2126,1095
3203,1996,3,3226,2126,1100
3203,1996,4,3230,2126,1104
3203,1996,5,3235,2126,1109
3203,1996,6,3233,4886,-1653
3203,1996,7,3232,2126,1106
3203,1996,8,3237,2126,1111
3203,1996,9,3242,2226,1016
3203,1996,10,3245,4726,-1481
3203,1996,11,3240,2126,1114
3203,1996,12,3243,2996,247
3203,1997,1,3228,8456,-5228
3203,1997,2,3223,2126,1097
3203,1997,3,3228,2126,1102
3203,1997,4,3233,2126,1107
3203,1997,5,3237,2126,1111
3203,1997,6,3235,4316,-1081
3203,1997,7,3237,2126,1111
3203,1997,8,3242,2126,1116
3203,1997,9,3247,2126,1121
3203,1997,10,3251,2126,1125
3203,1997,11,3256,2126,1130
3203,1997,12,3258,4836,-1578
3203,1998,1,3246,7766,-4520
3203,1998,2,3231,3616,-385
3203,1998,3,3230,5426,-2196
3203,1998,4,3224,2126,1098
3203,1998,5,3228,2826,402
3203,1998,6,3226,5526,-2300
3203,1998,7,3221,2126,1095
3203,1998,8,3221,4826,-1605
3203,1998,9,3218,2826,392
3203,1998,10,3220,2126,1094
3203,1998,11,3220,4726,-1506
3203,1998,12,3219,2111,1108
3204,1996,7,12964,0,12964
3204,1996,8,20336,0,20336
3204,1996,9,12390,4600,7790
3204,1996,10,12415,7600,4815
3204,1996,11,12430,9515,2915
3204,1996,12,18564,15515,3049
3204,1997,1,12397,34115,-21718
3204,1997,2,12375,4915,7460
3204,1997,3,12409,4215,8194
3204,1997,4,12432,8615,3817
3204,1997,5,12440,12215,225
3204,1997,6,18552,15415,3137
3204,1997,7,12462,8915,3547
3204,1997,8,12477,8615,3862
3204,1997,9,12496,7315,5181
3204,1997,10,12510,10515,1995
3204,1997,11,12503,17215,-4712
3204,1997,12,18621,14915,3706
3204,1998,1,12452,33315,-20863
3204,1998,2,12444,2215,10229
3204,1998,3,12478,6915,5563
3204,1998,4,12498,8415,4083
3204,1998,5,12477,16615,-4138
3204,1998,6,18537,34115,-15578
3204,1998,7,12447,2315,10132
3204,1998,8,12471,9815,2656
3204,1998,9,12480,10815,1665
3204,1998,10,12482,23215,-10733
3204,1998,11,12477,13815,-1338
3204,1998,12,18587,2800,15787
3205,1995,12,700,0,700
3205,1996,1,4366,0,4366
3205,1996,2,4366,0,4366
3205,1996,3,4366,0,4366
3205,1996,4,4366,0,4366
3205,1996,5,4369,15,4354
3205,1996,6,4451,7739,-3288
3205,1996,7,4451,2779,1672
3205,1996,8,4444,7599,-3155
3205,1996,9,4447,2079,2368
3205,1996,10,4457,1579,2878
3205,1996,11,4463,3879,584
3205,1996,12,4461,5819,-1358
3205,1997,1,4451,7189,-2738
3205,1997,2,4452,2679,1773
3205,1997,3,4454,4379,75
3205,1997,4,4441,9179,-4738
3205,1997,5,4429,6379,-1950
3205,1997,6,4434,1579,2855
3205,1997,7,4426,8259,-3833
3205,1997,8,4430,1579,2851
3205,1997,9,4442,1579,2863
3205,1997,10,4454,1579,2875
3205,1997,11,4466,1579,2887
3205,1997,12,4469,4639,-170
3205,1998,1,4471,3829,642
3205,1998,2,4472,4459,13
3205,1998,3,4480,1579,2901
3205,1998,4,4481,5419,-938
3205,1998,5,4488,4939,-451
3205,1998,6,4457,11039,-6582
3205,1998,7,4457,2779,1678
3205,1998,8,4466,1579,2887
3205,1998,9,4478,1579,2899
3205,1998,10,4490,1579,2911
3205,1998,11,4497,5099,-602
3205,1998,12,4497,2714,1783
3206,1996,6,400,0,400
3206,1996,7,21208,0,21208
3206,1996,8,18989,5400,13589
3206,1996,9,19039,10200,8839
3206,1996,10,19066,16200,2866
3206,1996,11,19092,17426,1666
3206,1996,12,28557,26486,2071
3206,1997,1,19085,29806,-10721
3206,1997,2,19059,22626,-3567
3206,1997,3,19046,19766,-720
3206,1997,4,19040,19226,-186
3206,1997,5,19035,21126,-2091
3206,1997,6,28463,30566,-2103
3206,1997,7,19016,22066,-3050
3206,1997,8,19028,8646,10382
3206,1997,9,19051,17846,1205
3206,1997,10,19066,12526,6540
3206,1997,11,19084,15626,3458
3206,1997,12,28543,26826,1717
3206,1998,1,19097,20706,-1609
3206,1998,2,19085,21066,-1981
3206,1998,3,19070,27286,-8216
3206,1998,4,19059,13926,5133
3206,1998,5,19070,17926,1144
3206,1998,6,28514,41146,-12632
3206,1998,7,19034,13086,5948
3206,1998,8,19060,13986,5074
3206,1998,9,19071,16526,2545
3206,1998,10,19092,13686,5406
3206,1998,11,19104,19026,78
3206,1998,12,28552,24011,4541
3208,1997,8,900,0,900
3208,1997,9,33330,0,33330
3208,1997,10,30241,4900,25341
3208,1997,11,247,20000,-19753
3208,1997,12,44800,9600,35200
3208,1998,1,54718,85085,-30367
3208,1998,2,24498,13915,10583
3208,1998,3,155,44915,-44760
3208,1998,4,44203,24215,19988
3208,1998,5,85490,69215,16275
3208,1998,6,51453,81997,-30544
3208,1998,7,67473,55954,11519
3208,1998,8,8252,20415,-12163
3208,1998,9,36779,32115,4664
3208,1998,10,107068,72415,34653
3208,1998,11,49662,77939,-28277
3208,1998,12,24055,28000,-3945
3209,1997,12,600,0,600
3209,1998,1,22890,0,22890
3209,1998,2,16034,10100,5934
3209,1998,3,16044,14600,1444
3209,1998,4,16045,16300,-255
3209,1998,5,16045,16974,-929
3209,1998,6,24005,26254,-2249
3209,1998,7,16009,27054,-11045
3209,1998,8,16006,11074,4932
3209,1998,9,16029,10974,5055
3209,1998,10,16013,23794,-7781
3209,1998,11,16010,16274,-264
3209,1998,12,23975,26799,-2824
3210,1993,5,1000,0,1000
3210,1993,6,36718,8700,28018
3210,1993,7,24584,13400,11184
3210,1993,8,24613,21300,3313
3210,1993,9,24621,24000,621
3210,1993,10,24628,22215,2413
3210,1993,11,24650,16303,8347
3210,1993,12,36923,22223,14700
3210,1994,1,24709,33903,-9194
3210,1994,2,24693,22003,2690
3210,1994,3,24695,24523,172
3210,1994,4,24699,23103,1596
3210,1994,5,24708,22303,2405
3210,1994,6,36951,28563,8388
3210,1994,7,24728,30303,-5575
3210,1994,8,24704,33023,-8319
3210,1994,9,24681,23803,878
3210,1994,10,24696,20303,4393
3210,1994,11,24689,27003,-2314
3210,1994,12,36931,28623,8308
3210,1995,1,24695,32023,-7328
3210,1995,2,24674,29603,-4929
3210,1995,3,24682,21203,3479
3210,1995,4,24671,30403,-5732
3210,1995,5,24652,26683,-2031
3210,1995,6,38116,55923,-17807
3210,1995,7,24610,14463,10147
3210,1995,8,24639,19203,5436
3210,1995,9,24638,23403,1235
3210,1995,10,24640,27203,-2563
3210,1995,11,24641,23503,1138
3210,1995,12,36859,39143,-2284
3210,1996,1,24633,24703,-70
3210,1996,2,24621,27803,-3182
3210,1996,3,24619,25803,-1184
3210,1996,4,24609,26103,-1494
3210,1996,5,24595,42003,-17408
3210,1996,6,36794,40683,-3889
3210,1996,7,24576,21303,3273
3210,1996,8,24586,26103,-1517
3210,1996,9,24578,26903,-2325
3210,1996,10,24551,24423,128
3210,1996,11,24567,25103,-536
3210,1996,12,36806,30903,5903
3210,1997,1,24564,34943,-10379
3210,1997,2,24542,26603,-2061
3210,1997,3,24548,7403,17145
3210,1997,4,24590,31903,-7313
3210,1997,5,24570,30003,-5433
3210,1997,6,36792,31403,5389
3210,1997,7,24583,33303,-8720
3210,1997,8,24551,7403,17148
3210,1997,9,24612,41123,-16511
3210,1997,10,24554,7403,17151
3210,1997,11,24582,40603,-16021
3210,1997,12,36766,37503,-737
3210,1998,1,24553,10403,14150
3210,1998,2,24567,39403,-14836
3210,1998,3,24550,10903,13647
3210,1998,4,24564,38203,-13639
3210,1998,5,24551,7403,17148
3210,1998,6,36812,44803,-7991
3210,1998,7,24548,33003,-8455
3210,1998,8,24554,7403,17151
3210,1998,9,24579,32403,-7824
3210,1998,10,24557,25903,-1346
3210,1998,11,24552,24403,149
3210,1998,12,36793,29088,7705
3211,1997,6,3226,0,3226
3211,1997,7,3031,0,3031
3211,1997,8,3031,0,3031
3211,1997,9,3031,0,3031
3211,1997,10,3033,15,3018
3211,1997,11,3084,2027,1057
3211,1997,12,3088,2237,851
3211,1998,1,3083,6077,-2994
3211,1998,2,3080,2027,1053
3211,1998,3,3084,2027,1057
3211,1998,4,3089,2027,1062
3211,1998,5,3093,2237,856
3211,1998,6,3096,2747,349
3211,1998,7,3098,2027,1071
3211,1998,8,3103,2027,1076
3211,1998,9,3107,2807,300
3211,1998,10,3103,3027,76
3211,1998,11,3104,3347,-243
3211,1998,12,3107,2732,375
3212,1993,7,700,0,700
3212,1993,8,14000,0,14000
3212,1993,9,5852,0,5852
3212,1993,10,3572,1000,2572
3212,1993,11,4686,0,4686
3212,1993,12,3605,1425,2180
3212,1994,1,3696,8877,-5181
3212,1994,2,3586,4937,-1351
3212,1994,3,3582,4287,-705
3212,1994,4,4182,2337,1845
3212,1994,5,5392,2337,3055
3212,1994,6,5288,7437,-2149
3212,1994,7,3589,4637,-1048
3212,1994,8,3588,2737,851
3212,1994,9,3591,3347,244
3212,1994,10,3591,3237,354
3212,1994,11,5897,3597,2300
3212,1994,12,3600,4067,-467
3212,1995,1,4594,6837,-2243
3212,1995,2,5095,2337,2758
3212,1995,3,3597,5837,-2240
3212,1995,4,3890,4797,-907
3212,1995,5,3891,2337,1554
3212,1995,6,6201,3837,2364
3212,1995,7,3605,3037,568
3212,1995,8,4309,2337,1972
3212,1995,9,3616,2737,879
3212,1995,10,4022,2337,1685
3212,1995,11,3627,2937,690
3212,1995,12,3629,3047,582
3212,1996,1,3619,8427,-4808
3212,1996,2,7424,2337,5087
3212,1996,3,3626,5337,-1711
3212,1996,4,3928,2337,1591
3212,1996,5,4436,2337,2099
3212,1996,6,3634,10997,-7363
3212,1996,7,9027,2877,6150
3212,1996,8,6845,5187,1658
3212,1996,9,3638,4577,-939
3212,1996,10,7654,2337,5317
3212,1996,11,5368,2337,3031
3212,1996,12,5980,3147,2833
3212,1997,1,4074,7107,-3033
3212,1997,2,4175,2337,1838
3212,1997,3,3676,3837,-161
3212,1997,4,5286,2337,2949
3212,1997,5,7504,2967,4537
3212,1997,6,5507,8697,-3190
3212,1997,7,7712,2337,5375
3212,1997,8,7532,3237,4295
3212,1997,9,3733,3837,-104
3212,1997,10,5644,2337,3307
3212,1997,11,3744,4637,-893
3212,1997,12,7351,3037,4314
3212,1998,1,3747,8837,-5090
3212,1998,2,3744,2337,1407
3212,1998,3,4641,5337,-696
3212,1998,4,5147,2337,2810
3212,1998,5,3756,7037,-3281
3212,1998,6,3742,8537,-4795
3212,1998,7,3721,3237,484
3212,1998,8,3725,4337,-612
3212,1998,9,3723,2437,1286
3212,1998,10,3728,3137,591
3212,1998,11,4730,2937,1793
3212,1998,12,3737,2622,1115
3213,1993,4,400,0,400
3213,1993,5,3068,0,3068
3213,1993,6,3068,0,3068
3213,1993,7,3068,0,3068
3213,1993,8,3068,0,3068
3213,1993,9,3114,2060,1054
3213,1993,10,3129,2060,1069
3213,1993,11,3133,2060,1073
3213,1993,12,3136,2810,326
3213,1994,1,3133,6740,-3607
3213,1994,2,3124,2060,1064
3213,1994,3,3127,2810,317
3213,1994,4,3128,2750,378
3213,1994,5,3131,2450,681
3213,1994,6,3131,5000,-1869
3213,1994,7,3123,3140,-17
3213,1994,8,3126,2060,1066
3213,1994,9,3129,2840,289
3213,1994,10,3132,2060,1072
3213,1994,11,3136,3470,-334
3213,1994,12,3135,2390,745
3213,1995,1,3127,5720,-2593
3213,1995,2,3127,2060,1067
3213,1995,3,3132,2060,1072
3213,1995,4,3136,2060,1076
3213,1995,5,3141,2060,1081
3213,1995,6,3145,2360,785
3213,1995,7,3148,2060,1088
3213,1995,8,3153,3460,-307
3213,1995,9,3150,4220,-1070
3213,1995,10,3147,2450,697
3213,1995,11,3149,4860,-1711
3213,1995,12,3142,2520,622
3213,1996,1,3138,6110,-2972
3213,1996,2,3132,3360,-228
3213,1996,3,3132,2060,1072
3213,1996,4,3135,3560,-425
3213,1996,5,3135,2060,1075
3213,1996,6,3138,3560,-422
3213,1996,7,3135,2780,355
3213,1996,8,3136,3180,-44
3213,1996,9,3135,3170,-35
3213,1996,10,3138,2270,868
3213,1996,11,3140,3360,-220
3213,1996,12,3140,2270,870
3213,1997,1,3135,5060,-1925
3213,1997,2,3136,2330,806
3213,1997,3,3140,2060,1080
3213,1997,4,3142,4130,-988
3213,1997,5,3140,2690,450
3213,1997,6,3137,5330,-2193
3213,1997,7,3133,2060,1073
3213,1997,8,3137,2060,1077
3213,1997,9,3140,3060,80
3213,1997,10,3140,3060,80
3213,1997,11,3142,2160,982
3213,1997,12,3140,5090,-1950
3213,1998,1,3132,4550,-1418
3213,1998,2,3131,2510,621
3213,1998,3,3132,2900,232
3213,1998,4,3136,2060,1076
3213,1998,5,3140,2060,1080
3213,1998,6,3136,5270,-2134
3213,1998,7,3135,2060,1075
3213,1998,8,3140,2060,1080
3213,1998,9,3144,2900,244
3213,1998,10,3145,2570,575
3213,1998,11,3144,4810,-1666
3213,1998,12,3141,2255,886
3214,1997,5,4232,0,4232
3214,1997,6,4037,0,4037
3214,1997,7,4037,0,4037
3214,1997,8,4037,0,4037
3214,1997,9,4060,4495,-435
3214,1997,10,4089,2694,1395
3214,1997,11,4095,2694,1401
3214,1997,12,4100,3044,1056
3214,1998,1,4089,7394,-3305
3214,1998,2,4091,2694,1397
3214,1998,3,4097,2694,1403
3214,1998,4,4102,3734,368
3214,1998,5,4105,2694,1411
3214,1998,6,4096,9544,-5448
3214,1998,7,4088,2694,1394
3214,1998,8,4094,2694,1400
3214,1998,9,4099,3734,365
3214,1998,10,4098,3574,524
3214,1998,11,4100,4134,-34
3214,1998,12,4102,3579,523
3216,1995,8,200,0,200
3216,1995,9,33858,0,33858
3216,1995,10,44042,4800,39242
3216,1995,11,305,24200,-23895
3216,1995,12,305,11900,-11595
3216,1996,1,42648,5600,37048
3216,1996,2,311,25700,-25389
3216,1996,3,76399,63522,12877
3216,1996,4,73082,45661,27421
3216,1996,5,76501,82861,-6360
3216,1996,6,62180,47561,14619
3216,1996,7,253,50861,-50608
3216,1996,8,153360,111161,42199
3216,1996,9,50458,79726,-29268
3216,1996,10,16059,33070,-17011
3216,1996,11,38130,33661,4469
3216,1996,12,70990,39727,31263
3216,1997,1,62444,80611,-18167
3216,1997,2,47894,63857,-15963
3216,1997,3,83429,29061,54368
3216,1997,4,21921,59673,-37752
3216,1997,5,74857,32461,42396
3216,1997,6,252,58854,-58602
3216,1997,7,114,29261,-29147
3216,1997,8,59232,46189,13043
3216,1997,9,102223,52796,49427
3216,1997,10,44342,72461,-28119
3216,1997,11,86912,75722,11190
3216,1997,12,27041,59340,-32299
3216,1998,1,75,15061,-14986
3216,1998,2,32077,18761,13316
3216,1998,3,90,11861,-11771
3216,1998,4,34524,31466,3058
3216,1998,5,10504,12661,-2157
3216,1998,6,7001,9361,-2360
3216,1998,7,36,9361,-9325
3216,1998,8,47172,30015,17157
3216,1998,9,9366,9361,5
3216,1998,10,51510,30131,21379
3216,1998,11,142,22861,-22719
3216,1998,12,29262,21646,7616
3217,1997,4,300,0,300
3217,1997,5,28348,0,28348
3217,1997,6,134567,94200,40367
3217,1997,7,210,47360,-47150
3217,1997,8,48230,36972,11258
3217,1997,9,2717,12196,-9479
3217,1997,10,40554,27649,12905
3217,1997,11,25680,28783,-3103
3217,1997,12,110,10696,-10586
3217,1998,1,54410,20296,34114
3217,1998,2,206,17496,-17290
3217,1998,3,50752,11096,39656
3217,1998,4,35726,48918,-13192
3217,1998,5,62220,61896,324
3217,1998,6,229,24896,-24667
3217,1998,7,42657,27396,15261
3217,1998,8,45003,40696,4307
3217,1998,9,195,30796,-30601
3217,1998,10,119919,86796,33123
3217,1998,11,93721,87696,6025
3217,1998,12,42930,27896,15034
3218,1993,11,800,0,800
3218,1993,12,3175,0,3175
3218,1994,1,3175,0,3175
3218,1994,2,3175,0,3175
3218,1994,3,3175,0,3175
3218,1994,4,3182,975,2207
3218,1994,5,3242,2131,1111
3218,1994,6,3240,4471,-1231
3218,1994,7,3242,2131,1111
3218,1994,8,3247,2131,1116
3218,1994,9,3251,2131,1120
3218,1994,10,3256,2131,1125
3218,1994,11,3258,4021,-763
3218,1994,12,3256,2791,465
3218,1995,1,3252,5581,-2329
3218,1995,2,3248,2881,367
3218,1995,3,3243,4051,-808
3218,1995,4,3248,2131,1117
3218,1995,5,3252,2131,1121
3218,1995,6,3249,6571,-3322
3218,1995,7,3243,2131,1112
3218,1995,8,3243,3331,-88
3218,1995,9,3247,2491,756
3218,1995,10,3251,2131,1120
3218,1995,11,3255,2401,854
3218,1995,12,3259,2491,768
3218,1996,1,3258,5131,-1873
3218,1996,2,3250,3361,-111
3218,1996,3,3254,2131,1123
3218,1996,4,3258,2131,1127
3218,1996,5,3263,2131,1132
3218,1996,6,3253,8201,-4948
3218,1996,7,3247,3431,-184
3218,1996,8,3246,3231,15
3218,1996,9,3246,2131,1115
3218,1996,10,3246,5491,-2245
3218,1996,11,3241,2531,710
3218,1996,12,3243,2881,362
3218,1997,1,3241,4411,-1170
3218,1997,2,3236,3391,-155
3218,1997,3,3240,2131,1109
3218,1997,4,3245,2131,1114
3218,1997,5,3247,2911,336
3218,1997,6,3251,2371,880
3218,1997,7,3254,2131,1123
3218,1997,8,3254,4141,-887
3218,1997,9,3255,3271,-16
3218,1997,10,3255,2131,1124
3218,1997,11,3259,3421,-162
3218,1997,12,3259,2581,678
3218,1998,1,3253,6151,-2898
3218,1998,2,3250,2131,1119
3218,1998,3,3254,2131,1123
3218,1998,4,3256,3061,195
3218,1998,5,3260,2131,1129
3218,1998,6,3262,5581,-2319
3218,1998,7,3255,2131,1124
3218,1998,8,3255,3541,-286
3218,1998,9,3257,3571,-314
3218,1998,10,3256,2461,795
3218,1998,11,3259,2521,738
3218,1998,12,3262,2506,756
3219,1996,3,400,0,400
3219,1996,4,21885,0,21885
3219,1996,5,20373,5600,14773
3219,1996,6,30566,17600,12966
3219,1996,7,20476,18500,1976
3219,1996,8,20484,18815,1669
3219,1996,9,20499,23126,-2627
3219,1996,10,20482,29826,-9344
3219,1996,11,20454,18326,2128
3219,1996,12,30611,24426,6185
3219,1997,1,20474,20326,148
3219,1997,2,20484,19926,558
3219,1997,3,20486,22726,-2240
3219,1997,4,20472,21026,-554
3219,1997,5,20472,21426,-954
3219,1997,6,30610,29926,684
3219,1997,7,20467,23326,-2859
3219,1997,8,20461,18726,1735
3219,1997,9,20460,22626,-2166
3219,1997,10,20453,21226,-773
3219,1997,11,20439,26126,-5687
3219,1997,12,30565,30226,339
3219,1998,1,20406,31926,-11520
3219,1998,2,20401,20726,-325
3219,1998,3,20376,21326,-950
3219,1998,4,20366,24026,-3660
3219,1998,5,20362,18326,2036
3219,1998,6,30511,24526,5985
3219,1998,7,20387,23526,-3139
3219,1998,8,20396,10826,9570
3219,1998,9,20434,11726,8708
3219,1998,10,20454,18426,2028
3219,1998,11,20427,29526,-9099
3219,1998,12,30558,28511,2047
3220,1993,8,800,0,800
3220,1993,9,24574,0,24574
3220,1993,10,20739,12000,8739
3220,1993,11,20767,15400,5367
3220,1993,12,31098,24700,6398
3220,1994,1,20804,29415,-8611
3220,1994,2,20789,16595,4194
3220,1994,3,20783,20815,-32
3220,1994,4,20792,20895,-103
3220,1994,5,20785,21155,-370
3220,1994,6,31084,54055,-22971
3220,1994,7,20732,6575,14157
3220,1994,8,20771,12215,8556
3220,1994,9,20791,17315,3476
3220,1994,10,20799,19315,1484
3220,1994,11,20800,20915,-115
3220,1994,12,31110,32175,-1065
3220,1995,1,20799,43275,-22476
3220,1995,2,20771,615,20156
3220,1995,3,20798,17215,3583
3220,1995,4,20870,17515,3355
3220,1995,5,20816,20215,601
3220,1995,6,31165,53155,-21990
3220,1995,7,20789,3595,17194
3220,1995,8,20842,10455,10387
3220,1995,9,20866,13515,7351
3220,1995,10,20892,14715,6177
3220,1995,11,20897,20615,282
3220,1995,12,31237,20755,10482
3220,1996,1,20870,63995,-43125
3220,1996,2,20765,15,20750
3220,1996,3,20862,31715,-10853
3220,1996,4,20806,18915,1891
3220,1996,5,20884,21415,-531
3220,1996,6,31164,31695,-531
3220,1996,7,20806,20815,-9
3220,1996,8,20805,23675,-2870
3220,1996,9,20794,21555,-761
3220,1996,10,20794,15515,5279
3220,1996,11,20841,22055,-1214
3220,1996,12,31199,24575,6624
3220,1997,1,20853,33015,-12162
3220,1997,2,20832,14715,6117
3220,1997,3,20812,17415,3397
3220,1997,4,20846,19195,1651
3220,1997,5,20833,17815,3018
3220,1997,6,31163,37615,-6452
3220,1997,7,20839,20595,244
3220,1997,8,20819,18615,2204
3220,1997,9,20822,23215,-2393
3220,1997,10,20819,18015,2804
3220,1997,11,20843,21715,-872
3220,1997,12,31151,32815,-1664
3220,1998,1,20822,34935,-14113
3220,1998,2,20763,16415,4348
3220,1998,3,20780,17115,3665
3220,1998,4,20789,21215,-426
3220,1998,5,20786,22015,-1229
3220,1998,6,31142,31015,127
3220,1998,7,20787,18215,2572
3220,1998,8,20795,19615,1180
3220,1998,9,20802,18615,2187
3220,1998,10,20811,18615,2196
3220,1998,11,20827,19695,1132
3220,1998,12,31128,30920,208
3221,1993,8,900,0,900
3221,1993,9,5330,0,5330
3221,1993,10,5330,0,5330
3221,1993,11,5330,0,5330
3221,1993,12,5380,200,5180
3221,1994,1,5417,9253,-3836
3221,1994,2,5414,2901,2513
3221,1994,3,5426,2201,3225
3221,1994,4,5439,2401,3038
3221,1994,5,5447,4401,1046
3221,1994,6,5434,14001,-8567
3221,1994,7,5421,2201,3220
3221,1994,8,5434,2201,3233
3221,1994,9,5434,7981,-2547
3221,1994,10,5432,4101,1331
3221,1994,11,5438,4541,897
3221,1994,12,5440,4301,1139
3221,1995,1,5419,14071,-8652
3221,1995,2,5410,3801,1609
3221,1995,3,5419,3201,2218
3221,1995,4,5431,2201,3230
3221,1995,5,5437,5201,236
3221,1995,6,5438,4921,517
3221,1995,7,5440,6581,-1141
3221,1995,8,5443,2201,3242
3221,1995,9,5452,3301,2151
3221,1995,10,5464,4041,1423
3221,1995,11,5459,6121,-662
3221,1995,12,5456,6261,-805
3221,1996,1,5436,14911,-9475
3221,1996,2,5425,2201,3224
3221,1996,3,5439,2201,3238
3221,1996,4,5452,2201,3251
3221,1996,5,5466,2201,3265
3221,1996,6,5460,7151,-1691
3221,1996,7,5472,2201,3271
3221,1996,8,5465,9161,-3696
3221,1996,9,5470,2201,3269
3221,1996,10,5481,3801,1680
3221,1996,11,5491,2201,3290
3221,1996,12,5503,2701,2802
3221,1997,1,5482,14541,-9059
3221,1997,2,5478,2201,3277
3221,1997,3,5492,2801,2691
3221,1997,4,5503,2201,3302
3221,1997,5,5516,2601,2915
3221,1997,6,5522,7191,-1669
3221,1997,7,5522,2201,3321
3221,1997,8,5535,3301,2234
3221,1997,9,5542,5701,-159
3221,1997,10,5539,7201,-1662
3221,1997,11,5533,5901,-368
3221,1997,12,5528,10401,-4873
3221,1998,1,5487,13401,-7914
3221,1998,2,5481,5901,-420
3221,1998,3,5481,2201,3280
3221,1998,4,5493,3201,2292
3221,1998,5,5504,2201,3303
3221,1998,6,5508,9051,-3543
3221,1998,7,5503,2201,3302
3221,1998,8,5515,3001,2514
3221,1998,9,5526,2801,2725
3221,1998,10,5525,9501,-3976
3221,1998,11,5521,2901,2620
3221,1998,12,5521,6386,-865
3222,1993,7,800,0,800
3222,1993,8,3185,0,3185
3222,1993,9,3185,0,3185
3222,1993,10,3185,0,3185
3222,1993,11,3185,0,3185
3222,1993,12,3224,1548,1676
3222,1994,1,3243,5648,-2405
3222,1994,2,3242,2498,744
3222,1994,3,3243,3068,175
3222,1994,4,3246,2138,1108
3222,1994,5,3251,2138,1113
3222,1994,6,3253,2858,395
3222,1994,7,3257,2138,1119
3222,1994,8,3261,2798,463
3222,1994,9,3264,2138,1126
3222,1994,10,3269,2138,1131
3222,1994,11,3272,2768,504
3222,1994,12,3273,2768,505
3222,1995,1,3272,5978,-2706
3222,1995,2,3265,2638,627
3222,1995,3,3268,2338,930
3222,1995,4,3271,2738,533
3222,1995,5,3275,2138,1137
3222,1995,6,3266,9368,-6102
3222,1995,7,3254,2138,1116
3222,1995,8,3259,2138,1121
3222,1995,9,3259,3368,-109
3222,1995,10,3263,2138,1125
3222,1995,11,3268,2138,1130
3222,1995,12,3270,2738,532
3222,1996,1,3261,7118,-3857
3222,1996,2,3258,2138,1120
3222,1996,3,3263,2138,1125
3222,1996,4,3266,3248,18
3222,1996,5,3267,2828,439
3222,1996,6,3259,5588,-2329
3222,1996,7,3260,2138,1122
3222,1996,8,3264,2138,1126
3222,1996,9,3269,2138,1131
3222,1996,10,3274,2138,1136
3222,1996,11,3278,2138,1140
3222,1996,12,3283,2828,455
3222,1997,1,3273,6398,-3125
3222,1997,2,3269,3188,81
3222,1997,3,3272,2138,1134
3222,1997,4,3277,2138,1139
3222,1997,5,3282,2138,1144
3222,1997,6,3263,9548,-6285
3222,1997,7,3258,2858,400
3222,1997,8,3261,2678,583
3222,1997,9,3264,2138,1126
3222,1997,10,3269,2138,1131
3222,1997,11,3273,2138,1135
3222,1997,12,3277,2888,389
3222,1998,1,3268,7778,-4510
3222,1998,2,3261,2138,1123
3222,1998,3,3262,3278,-16
3222,1998,4,3265,2138,1127
3222,1998,5,3270,2138,1132
3222,1998,6,3272,7178,-3906
3222,1998,7,3258,2138,1120
3222,1998,8,3258,4658,-1400
3222,1998,9,3257,2138,1119
3222,1998,10,3261,2138,1123
3222,1998,11,3266,2138,1128
3222,1998,12,3270,2843,427
3223,1993,12,26339,0,26339
3223,1994,1,410,0,410
3223,1994,2,110,3400,-3290
3223,1994,3,8970,1600,7370
3223,1994,4,42219,5400,36819
3223,1994,5,281,21100,-20819
3223,1994,6,40794,11400,29394
3223,1994,7,316,24000,-23684
3223,1994,8,316,12200,-11884
3223,1994,9,63157,28515,34642
3223,1994,10,311,22015,-21704
3223,1994,11,187,18850,-18663
3223,1994,12,12126,6915,5211
3223,1995,1,64424,71665,-7241
3223,1995,2,116092,73515,42577
3223,1995,3,48014,22815,25199
3223,1995,4,80268,89472,-9204
3223,1995,5,351,51255,-50904
3223,1995,6,26692,22727,3965
3223,1995,7,45914,48153,-2239
3223,1995,8,11118,28883,-17765
3223,1995,9,49538,30516,19022
3223,1995,10,35802,26905,8897
3223,1995,11,214,23043,-22829
3223,1995,12,13722,9015,4707
3223,1996,1,38113,48115,-10002
3223,1996,2,9598,12015,-2417
3223,1996,3,1190,15,1175
3223,1996,4,42087,26315,15772
3223,1996,5,9504,14815,-5311
3223,1996,6,31393,27815,3578
3223,1996,7,13290,13315,-25
3223,1996,8,45971,5915,40056
3223,1996,9,275,30515,-30240
3223,1996,10,192,11515,-11323
3223,1996,11,34856,9215,25641
3223,1996,12,222,21115,-20893
3223,1997,1,12592,48679,-36087
3223,1997,2,12417,15,12402
3223,1997,3,119249,60015,59234
3223,1997,4,22550,58125,-35575
3223,1997,5,128,26258,-26130
3223,1997,6,42670,2818,39852
3223,1997,7,19026,23915,-4889
3223,1997,8,13150,22515,-9365
3223,1997,9,25125,47634,-22509
3223,1997,10,2365,3915,-1550
3223,1997,11,2853,7100,-4247
3223,1997,12,14170,18015,-3845
3223,1998,1,7630,9915,-2285
3223,1998,2,98025,32655,65370
3223,1998,3,49763,90224,-40461
3223,1998,4,46523,26315,20208
3223,1998,5,83702,57260,26442
3223,1998,6,38446,85415,-46969
3223,1998,7,93,15415,-15322
3223,1998,8,81179,12915,68264
3223,1998,9,108289,129014,-20725
3223,1998,10,164665,156840,7825
3223,1998,11,43608,46445,-2837
3223,1998,12,168,39582,-39414
3224,1996,11,6903,0,6903
3224,1996,12,6512,0,6512
3224,1997,1,6512,0,6512
3224,1997,2,6512,0,6512
3224,1997,3,6585,1590,4995
3224,1997,4,6615,7173,-558
3224,1997,5,6620,3973,2647
3224,1997,6,6626,6073,553
3224,1997,7,6633,3973,2660
3224,1997,8,6642,4473,2169
3224,1997,9,6652,5173,1479
3224,1997,10,6648,6773,-125
3224,1997,11,6651,5773,878
3224,1997,12,6639,10673,-4034
3224,1998,1,6597,17713,-11116
3224,1998,2,6599,3973,2626
3224,1998,3,6589,11333,-4744
3224,1998,4,6590,3973,2617
3224,1998,5,6592,6173,419
3224,1998,6,6575,18423,-11848
3224,1998,7,6554,3973,2581
3224,1998,8,6557,6773,-216
3224,1998,9,6563,3973,2590
3224,1998,10,6571,7013,-442
3224,1998,11,6572,3973,2599
3224,1998,12,6583,4608,1975
3225,1993,11,20506,0,20506
3225,1993,12,33751,16600,17151
3225,1994,1,20416,15900,4516
3225,1994,2,20433,0,20433
3225,1994,3,20480,41215,-20735
3225,1994,4,20461,22745,-2284
3225,1994,5,20474,24225,-3751
3225,1994,6,30562,37225,-6663
3225,1994,7,20405,17245,3160
3225,1994,8,20386,19245,1141
3225,1994,9,20421,17445,2976
3225,1994,10,20431,19645,786
3225,1994,11,20433,20945,-512
3225,1994,12,30577,24905,5672
3225,1995,1,20410,34565,-14155
3225,1995,2,20397,19845,552
3225,1995,3,20401,15545,4856
3225,1995,4,20418,18345,2073
3225,1995,5,20428,16145,4283
3225,1995,6,30589,25945,4644
3225,1995,7,20455,22245,-1790
3225,1995,8,20456,16145,4311
3225,1995,9,20472,16945,3527
3225,1995,10,20481,20445,36
3225,1995,11,20458,30525,-10067
3225,1995,12,30582,29185,1397
3225,1996,1,20422,26565,-6143
3225,1996,2,20425,14445,5980
3225,1996,3,20436,18525,1911
3225,1996,4,20436,19965,471
3225,1996,5,20447,23885,-3438
3225,1996,6,30568,27385,3183
3225,1996,7,20422,26365,-5943
3225,1996,8,20417,20365,52
3225,1996,9,20427,16545,3882
3225,1996,10,20441,18085,2356
3225,1996,11,20456,14245,6211
3225,1996,12,30605,23645,6960
3225,1997,1,20452,37025,-16573
3225,1997,2,26846,15245,11601
3225,1997,3,20470,24565,-4095
3225,1997,4,20460,22085,-1625
3225,1997,5,20480,11845,8635
3225,1997,6,34703,47645,-12942
3225,1997,7,28883,8045,20838
3225,1997,8,20948,8045,12903
3225,1997,9,20573,17345,3228
3225,1997,10,20587,17045,3542
3225,1997,11,20587,23385,-2798
3225,1997,12,30722,21725,8997
3225,1998,1,20582,37225,-16643
3225,1998,2,20557,14445,6112
3225,1998,3,20582,20365,217
3225,1998,4,20569,22705,-2136
3225,1998,5,20584,12745,7839
3225,1998,6,30735,33365,-2630
3225,1998,7,20597,14745,5852
3225,1998,8,20615,16045,4570
3225,1998,9,20629,16645,3984
3225,1998,10,20647,15745,4902
3225,1998,11,20662,16745,3917
3225,1998,12,30746,50830,-20084
3226,1994,8,1000,0,1000
3226,1994,9,13605,0,13605
3226,1994,10,7763,0,7763
3226,1994,11,4292,1600,2692
3226,1994,12,6402,4300,2102
3226,1995,1,4895,17113,-12218
3226,1995,2,8666,2813,5853
3226,1995,3,8586,6213,2373
3226,1995,4,4296,4313,-17
3226,1995,5,6091,6913,-822
3226,1995,6,12086,13813,-1727
3226,1995,7,9493,2813,6680
3226,1995,8,4310,5713,-1403
3226,1995,9,7413,2813,4600
3226,1995,10,4324,6013,-1689
3226,1995,11,4815,5413,-598
3226,1995,12,6418,7313,-895
3226,1996,1,7497,20313,-12816
3226,1996,2,8468,2813,5655
3226,1996,3,4284,3613,671
3226,1996,4,4280,6013,-1733
3226,1996,5,6470,7613,-1143
3226,1996,6,7582,2813,4769
3226,1996,7,4292,4413,-121
3226,1996,8,4293,3713,580
3226,1996,9,4293,4613,-320
3226,1996,10,4294,3713,581
3226,1996,11,4493,9713,-5220
3226,1996,12,6367,9113,-2746
3226,1997,1,4557,6513,-1956
3226,1997,2,4959,2813,2146
3226,1997,3,4264,3613,651
3226,1997,4,4256,7913,-3657
3226,1997,5,6258,2813,3445
3226,1997,6,6366,5213,1153
3226,1997,7,4272,3313,959
3226,1997,8,4269,5313,-1044
3226,1997,9,7281,2813,4468
3226,1997,10,4283,5513,-1230
3226,1997,11,4283,3813,470
3226,1997,12,6384,6113,271
3226,1998,1,4261,11713,-7452
3226,1998,2,4256,3713,543
3226,1998,3,4460,2813,1647
3226,1998,4,4264,3713,551
3226,1998,5,4261,5413,-1152
3226,1998,6,6361,6113,248
3226,1998,7,5467,4613,854
3226,1998,8,4266,3913,353
3226,1998,9,4361,6413,-2052
3226,1998,10,5266,2813,2453
3226,1998,11,6379,2813,3566
3226,1998,12,9400,4298,5102
3227,1996,6,300,0,300
3227,1996,7,24676,600,24076
3227,1996,8,24763,15400,9363
3227,1996,9,24795,21100,3695
3227,1996,10,24809,21800,3009
3227,1996,11,24840,25077,-237
3227,1996,12,37152,39262,-2110
3227,1997,1,24802,30462,-5660
3227,1997,2,24795,22162,2633
3227,1997,3,24824,25962,-1138
3227,1997,4,24801,23462,1339
3227,1997,5,24805,25362,-557
3227,1997,6,37101,35762,1339
3227,1997,7,24817,18162,6655
3227,1997,8,24839,20662,4177
3227,1997,9,24856,20062,4794
3227,1997,10,24871,22462,2409
3227,1997,11,24873,25362,-489
3227,1997,12,37219,30162,7057
3227,1998,1,24862,39362,-14500
3227,1998,2,24839,23462,1377
3227,1998,3,24852,22462,2390
3227,1998,4,24857,23762,1095
3227,1998,5,24856,27362,-2506
3227,1998,6,37173,48962,-11789
3227,1998,7,24834,15462,9372
3227,1998,8,24853,17962,6891
3227,1998,9,24897,13462,11435
3227,1998,10,24928,19662,5266
3227,1998,11,24947,17762,7185
3227,1998,12,37327,19547,17780
3228,1996,10,1100,0,1100
3228,1996,11,38152,6400,31752
3228,1996,12,32765,22000,10765
3228,1997,1,47349,32000,15349
3228,1997,2,26905,30415,-3510
3228,1997,3,33315,37762,-4447
3228,1997,4,17693,26199,-8506
3228,1997,5,105228,85490,19738
3228,1997,6,91626,106446,-14820
3228,1997,7,44612,28362,16250
3228,1997,8,216,22399,-22183
3228,1997,9,33846,32362,1484
3228,1997,10,148,12543,-12395
3228,1997,11,162300,133662,28638
3228,1997,12,71007,69522,1485
3228,1998,1,22149,53362,-31213
3228,1998,2,100472,90587,9885
3228,1998,3,132,15502,-15370
3228,1998,4,40027,26762,13265
3228,1998,5,16904,24260,-7356
3228,1998,6,113,9062,-8949
3228,1998,7,48826,37367,11459
3228,1998,8,117,12062,-11945
3228,1998,9,58428,37862,20566
3228,1998,10,24918,32962,-8044
3228,1998,11,103250,74420,28830
3228,1998,12,92844,104547,-11703
3229,1995,11,300,0,300
3229,1995,12,60661,7600,53061
3229,1996,1,81641,68800,12841
3229,1996,2,81568,47354,34214
3229,1996,3,39605,49654,-10049
3229,1996,4,45802,85254,-39452
3229,1996,5,25164,29754,-4590
3229,1996,6,47594,41454,6140
3229,1996,7,29993,25654,4339
3229,1996,8,63043,61515,1528
3229,1996,9,107211,78054,29157
3229,1996,10,279,32354,-32075
3229,1996,11,4775,24054,-19279
3229,1996,12,70586,18754,51832
3229,1997,1,207,55410,-55203
3229,1997,2,13525,16354,-2829
3229,1997,3,45784,15854,29930
3229,1997,4,1903,26354,-24451
3229,1997,5,62222,16506,45716
3229,1997,6,258,27706,-27448
3229,1997,7,53234,43706,9528
3229,1997,8,34211,38206,-3995
3229,1997,9,184,21206,-21022
3229,1997,10,51674,26271,25403
3229,1997,11,192,23406,-23214
3229,1997,12,21378,16506,4872
3229,1998,1,6210,32310,-26100
3229,1998,2,17083,16506,577
3229,1998,3,14677,16506,-1829
3229,1998,4,61552,19106,42446
3229,1998,5,6590,23454,-16864
3229,1998,6,125,17354,-17229
3229,1998,7,11898,16654,-4756
3229,1998,8,152977,76864,76113
3229,1998,9,211,59754,-59543
3229,1998,10,2715,16954,-14239
3229,1998,11,9880,17154,-7274
3229,1998,12,10959,13239,-2280
3230,1995,3,200,0,200
3230,1995,4,13100,0,13100
3230,1995,5,4600,0,4600
3230,1995,6,47435,0,47435
3230,1995,7,272,20200,-19928
3230,1995,8,272,10800,-10528
3230,1995,9,42165,600,41565
3230,1995,10,88669,55900,32769
3230,1995,11,454,37300,-36846
3230,1995,12,454,21800,-21346
3230,1996,1,47048,11315,35733
3230,1996,2,111738,158884,-47146
3230,1996,3,141,16015,-15874
3230,1996,4,20297,1615,18682
3230,1996,5,133,13415,-13282
3230,1996,6,145834,83315,62519
3230,1996,7,45818,113900,-68082
3230,1996,8,3100,1815,1285
3230,1996,9,103,1915,-1812
3230,1996,10,50394,37059,13335
3230,1996,11,48803,41792,7011
3230,1996,12,99760,83259,16501
3230,1997,1,62282,85180,-22898
3230,1997,2,38387,34659,3728
3230,1997,3,26246,40617,-14371
3230,1997,4,84151,59903,24248
3230,1997,5,151,23244,-23093
3230,1997,6,70455,42359,28096
3230,1997,7,134274,133483,791
3230,1997,8,172,34630,-34458
3230,1997,9,86,5259,-5173
3230,1997,10,30602,13859,16743
3230,1997,11,35984,29767,6217
3230,1997,12,69471,65116,4355
3230,1998,1,4715,37259,-32544
3230,1998,2,6849,5159,1690
3230,1998,3,33183,15859,17324
3230,1998,4,18177,14959,3218
3230,1998,5,129,8159,-8030
3230,1998,6,40221,12933,27288
3230,1998,7,141,27752,-27611
3230,1998,8,69021,54467,14554
3230,1998,9,142,15659,-15517
3230,1998,10,12983,15459,-2476
3230,1998,11,19022,6859,12163
3230,1998,12,82506,9044,73462
3231,1995,4,800,0,800
3231,1995,5,5575,0,5575
3231,1995,6,5575,0,5575
3231,1995,7,5575,0,5575
3231,1995,8,5623,900,4723
3231,1995,9,5672,3815,1857
3231,1995,10,5683,2951,2732
3231,1995,11,5692,8011,-2319
3231,1995,12,5684,3301,2383
3231,1996,1,5686,6151,-465
3231,1996,2,5683,8551,-2868
3231,1996,3,5680,3051,2629
3231,1996,4,5686,4851,835
3231,1996,5,5689,8251,-2562
3231,1996,6,5667,16571,-10904
3231,1996,7,5639,2651,2988
3231,1996,8,5652,2651,3001
3231,1996,9,5664,2651,3013
3231,1996,10,5677,2651,3026
3231,1996,11,5679,7271,-1592
3231,1996,12,5665,7991,-2326
3231,1997,1,5663,5991,-328
3231,1997,2,5658,7131,-1473
3231,1997,3,5658,6431,-773
3231,1997,4,5658,5771,-113
3231,1997,5,5662,2651,3011
3231,1997,6,5648,12871,-7223
3231,1997,7,5644,2651,2993
3231,1997,8,5648,5131,517
3231,1997,9,5659,2651,3008
3231,1997,10,5671,2651,3020
3231,1997,11,5684,2651,3033
3231,1997,12,5687,5691,-4
3231,1998,1,5696,2651,3045
3231,1998,2,5703,3951,1752
3231,1998,3,5696,8951,-3255
3231,1998,4,5699,3351,2348
3231,1998,5,5710,4171,1539
3231,1998,6,5694,11851,-6157
3231,1998,7,5693,3251,2442
3231,1998,8,5703,4051,1652
3231,1998,9,5707,9231,-3524
3231,1998,10,5695,2651,3044
3231,1998,11,5705,8451,-2746
3231,1998,12,5683,7576,-1893
3232,1996,10,5117,0,5117
3232,1996,11,4621,0,4621
3232,1996,12,4621,0,4621
3232,1997,1,4621,0,4621
3232,1997,2,4663,3388,1275
3232,1997,3,4690,8228,-3538
3232,1997,4,4675,6928,-2253
3232,1997,5,4665,6628,-1963
3232,1997,6,4658,2428,2230
3232,1997,7,4666,6428,-1762
3232,1997,8,4658,5988,-1330
3232,1997,9,4645,6028,-1383
3232,1997,10,4648,4528,120
3232,1997,11,4649,2428,2221
3232,1997,12,4656,5728,-1072
3232,1998,1,4653,3788,865
3232,1998,2,4657,2428,2229
3232,1998,3,4667,2428,2239
3232,1998,4,4673,6828,-2155
3232,1998,5,4667,2428,2239
3232,1998,6,4673,5628,-955
3232,1998,7,4666,5468,-802
3232,1998,8,4660,8368,-3708
3232,1998,9,4654,2428,2226
3232,1998,10,4657,6728,-2071
3232,1998,11,4650,5428,-778
3232,1998,12,4648,3563,1085
3233,1995,3,700,0,700
3233,1995,4,11100,0,11100
3233,1995,5,76514,0,76514
3233,1995,6,46485,110121,-63636
3233,1995,7,33412,29883,3529
3233,1995,8,46023,40057,5966
3233,1995,9,43879,27859,16020
3233,1995,10,203,15459,-15256
3233,1995,11,8520,10659,-2139
3233,1995,12,46512,55880,-9368
3233,1996,1,48320,46359,1961
3233,1996,2,1902,9059,-7157
3233,1996,3,74905,39759,35146
3233,1996,4,210,18059,-17849
3233,1996,5,138,11759,-11621
3233,1996,6,2394,9059,-6665
3233,1996,7,31205,9059,22146
3233,1996,8,66322,31759,34563
3233,1996,9,249,34559,-34310
3233,1996,10,151,11559,-11408
3233,1996,11,60114,35759,24355
3233,1996,12,43616,19159,24457
3233,1997,1,135436,124182,11254
3233,1997,2,139255,134359,4896
3233,1997,3,47837,69159,-21322
3233,1997,4,40868,75088,-34220
3233,1997,5,107343,43459,63884
3233,1997,6,60875,95687,-34812
3233,1997,7,14784,28559,-13775
3233,1997,8,36537,44172,-7635
3233,1997,9,4658,19854,-15196
3233,1997,10,15889,9059,6830
3233,1997,11,49182,35390,13792
3233,1997,12,14717,17399,-2682
3233,1998,1,11116,35459,-24343
3233,1998,2,17314,9059,8255
3233,1998,3,15633,23459,-7826
3233,1998,4,23422,12735,10687
3233,1998,5,39963,9059,30904
3233,1998,6,71320,82559,-11239
3233,1998,7,8423,9059,-636
3233,1998,8,13633,9059,4574
3233,1998,9,9441,9059,382
3233,1998,10,16189,34859,-18670
3233,1998,11,42371,9059,33312
3233,1998,12,26835,21344,5491
3234,1995,9,900,0,900
3234,1995,10,13320,0,13320
3234,1995,11,7866,0,7866
3234,1995,12,4391,0,4391
3234,1996,1,4101,3100,1001
3234,1996,2,4106,3145,961
3234,1996,3,6016,2674,3342
3234,1996,4,4116,6474,-2358
3234,1996,5,4112,3974,138
3234,1996,6,4099,11054,-6955
3234,1996,7,8394,4114,4280
3234,1996,8,4104,6874,-2770
3234,1996,9,4085,4914,-829
3234,1996,10,5193,2674,2519
3234,1996,11,4098,3074,1024
3234,1996,12,5006,3484,1522
3234,1997,1,4096,6974,-2878
3234,1997,2,4096,3474,622
3234,1997,3,4088,6774,-2686
3234,1997,4,4691,2674,2017
3234,1997,5,4086,5904,-1818
3234,1997,6,4074,10034,-5960
3234,1997,7,8078,2674,5404
3234,1997,8,4087,2774,1313
3234,1997,9,4077,6974,-2897
3234,1997,10,4064,7674,-3610
3234,1997,11,4063,3274,789
3234,1997,12,4058,5874,-1816
3234,1998,1,4058,3474,584
3234,1998,2,4047,7474,-3427
3234,1998,3,6758,2674,4084
3234,1998,4,4053,6374,-2321
3234,1998,5,4049,4874,-825
3234,1998,6,4054,2674,1380
3234,1998,7,4060,2674,1386
3234,1998,8,4066,6474,-2408
3234,1998,9,4061,6374,-2313
3234,1998,10,4051,2674,1377
3234,1998,11,4051,5774,-1723
3234,1998,12,4044,2659,1385
3235,1995,1,400,0,400
3235,1995,2,20342,0,20342
3235,1995,3,18923,9100,9823
3235,1995,4,18962,11200,7762
3235,1995,5,18990,17600,1390
3235,1995,6,28378,42195,-13817
3235,1995,7,18963,17664,1299
3235,1995,8,18969,15664,3305
3235,1995,9,18980,17764,1216
3235,1995,10,18981,20164,-1183
3235,1995,11,18978,18364,614
3235,1995,12,28410,27504,906
3235,1996,1,18954,30904,-11950
3235,1996,2,18936,15064,3872
3235,1996,3,18951,16164,2787
3235,1996,4,18961,19564,-603
3235,1996,5,18958,16864,2094
3235,1996,6,28397,23644,4753
3235,1996,7,18975,22364,-3389
3235,1996,8,18967,17964,1003
3235,1996,9,18962,22164,-3202
3235,1996,10,18954,19064,-110
3235,1996,11,18959,15664,3295
3235,1996,12,28385,26264,2121
3235,1997,1,18948,27024,-8076
3235,1997,2,18942,17264,1678
3235,1997,3,18954,19304,-350
3235,1997,4,18958,13364,5594
3235,1997,5,18976,15164,3812
3235,1997,6,28416,21864,6552
3235,1997,7,19005,20864,-1859
3235,1997,8,19000,18864,136
3235,1997,9,18992,21364,-2372
3235,1997,10,18991,18584,407
3235,1997,11,18988,18964,24
3235,1997,12,28445,24484,3961
3235,1998,1,19022,14064,4958
3235,1998,2,19032,17904,1128
3235,1998,3,19064,17364,1700
3235,1998,4,19055,11304,7751
3235,1998,5,19084,13064,6020
3235,1998,6,28531,22264,6267
3235,1998,7,19128,14664,4464
3235,1998,8,19146,14364,4782
3235,1998,9,19159,15764,3395
3235,1998,10,19172,15964,3208
3235,1998,11,19166,21864,-2698
3235,1998,12,28623,16249,12374
3236,1997,2,300,0,300
3236,1997,3,4414,0,4414
3236,1997,4,4414,0,4414
3236,1997,5,4414,0,4414
3236,1997,6,4414,0,4414
3236,1997,7,4429,3295,1134
3236,1997,8,4489,5363,-874
3236,1997,9,4489,3843,646
3236,1997,10,4494,3523,971
3236,1997,11,4500,2403,2097
3236,1997,12,4508,2853,1655
3236,1998,1,4516,2403,2113
3236,1998,2,4521,4763,-242
3236,1998,3,4521,3523,998
3236,1998,4,4528,2403,2125
3236,1998,5,4537,2403,2134
3236,1998,6,4528,7853,-3325
3236,1998,7,4518,8403,-3885
3236,1998,8,4501,8603,-4102
3236,1998,9,4487,6823,-2336
3236,1998,10,4481,5303,-822
3236,1998,11,4485,2403,2082
3236,1998,12,4489,5488,-999
3237,1993,10,17750,0,17750
3237,1993,11,21133,0,21133
3237,1993,12,26453,25900,553
3237,1994,1,17660,16900,760
3237,1994,2,17713,9110,8603
3237,1994,3,17718,28710,-10992
3237,1994,4,17669,23750,-6081
3237,1994,5,17677,16010,1667
3237,1994,6,26426,33510,-7084
3237,1994,7,17629,13510,4119
3237,1994,8,17645,13710,3935
3237,1994,9,17658,19910,-2252
3237,1994,10,17648,18890,-1242
3237,1994,11,17644,16110,1534
3237,1994,12,26420,21590,4830
3237,1995,1,17638,29150,-11512
3237,1995,2,17617,22170,-4553
3237,1995,3,17599,14470,3129
3237,1995,4,17608,17610,-2
3237,1995,5,17618,13710,3908
3237,1995,6,26416,27470,-1054
3237,1995,7,17652,12610,5042
3237,1995,8,17646,16010,1636
3237,1995,9,17643,21050,-3407
3237,1995,10,17639,15610,2029
3237,1995,11,17657,18810,-1153
3237,1995,12,26388,30750,-4362
3237,1996,1,17599,27350,-9751
3237,1996,2,17589,10610,6979
3237,1996,3,17619,19510,-1891
3237,1996,4,17619,12810,4809
3237,1996,5,17629,11210,6419
3237,1996,6,26407,23690,2717
3237,1996,7,17655,19910,-2255
3237,1996,8,17646,17010,636
3237,1996,9,17652,19010,-1358
3237,1996,10,17659,12710,4949
3237,1996,11,17644,24690,-7046
3237,1996,12,26397,25530,867
3237,1997,1,18610,28790,-10180
3237,1997,2,20798,17150,3648
3237,1997,3,20131,13310,6821
3237,1997,4,17651,10210,7441
3237,1997,5,17669,17150,519
3237,1997,6,26418,28610,-2192
3237,1997,7,17678,10910,6768
3237,1997,8,17694,13610,4084
3237,1997,9,17713,13310,4403
3237,1997,10,17712,19310,-1598
3237,1997,11,17706,18710,-1004
3237,1997,12,26469,23150,3319
3237,1998,1,21467,32830,-11363
3237,1998,2,23613,9110,14503
3237,1998,3,17726,21490,-3764
3237,1998,4,17735,14030,3705
3237,1998,5,17758,12850,4908
3237,1998,6,26460,52610,-26150
3237,1998,7,30504,10910,19594
3237,1998,8,19348,14150,5198
3237,1998,9,17750,15510,2240
3237,1998,10,17756,16710,1046
3237,1998,11,17769,13910,3859
3237,1998,12,26543,26795,-252
3238,1996,1,400,0,400
3238,1996,2,22538,1500,21038
3238,1996,3,22580,14600,7980
3238,1996,4,22665,17100,5565
3238,1996,5,22700,19700,3000
3238,1996,6,33857,54697,-20840
3238,1996,7,22611,9517,13094
3238,1996,8,22629,15877,6752
3238,1996,9,22641,16617,6024
3238,1996,10,22653,20517,2136
3238,1996,11,22659,20417,2242
3238,1996,12,33951,24597,9354
3238,1997,1,22643,51097,-28454
3238,1997,2,22628,8917,13711
3238,1997,3,22641,27417,-4776
3238,1997,4,22627,21017,1610
3238,1997,5,22629,32637,-10008
3238,1997,6,33859,37837,-3978
3238,1997,7,22612,18417,4195
3238,1997,8,22639,23217,-578
3238,1997,9,22625,19817,2808
3238,1997,10,22659,24817,-2158
3238,1997,11,22640,23837,-1197
3238,1997,12,33867,33377,490
3238,1998,1,24088,32317,-8229
3238,1998,2,22588,18217,4371
3238,1998,3,22605,21017,1588
3238,1998,4,22611,21417,1194
3238,1998,5,22613,24437,-1824
3238,1998,6,38593,43477,-4884
3238,1998,7,22591,17277,5314
3238,1998,8,22611,16317,6294
3238,1998,9,22652,21017,1635
3238,1998,10,22637,20437,2200
3238,1998,11,22660,23917,-1257
3238,1998,12,33930,10662,23268
3239,1996,6,200,0,200
3239,1996,7,21748,0,21748
3239,1996,8,20623,8900,11723
3239,1996,9,20655,18200,2455
3239,1996,10,20668,16700,3968
3239,1996,11,20672,26653,-5981
3239,1996,12,30947,29593,1354
3239,1997,1,20667,19253,1414
3239,1997,2,20681,22973,-2292
3239,1997,3,20669,17453,3216
3239,1997,4,20670,22453,-1783
3239,1997,5,20665,21053,-388
3239,1997,6,30931,27053,3878
3239,1997,7,20668,26253,-5585
3239,1997,8,20659,18553,2106
3239,1997,9,20660,21053,-393
3239,1997,10,20641,30713,-10072
3239,1997,11,20624,20473,151
3239,1997,12,30914,29953,961
3239,1998,1,20623,20153,470
3239,1998,2,20625,20753,-128
3239,1998,3,20617,24673,-4056
3239,1998,4,20611,19053,1558
3239,1998,5,20630,14653,5977
3239,1998,6,30917,23413,7504
3239,1998,7,20684,15953,4731
3239,1998,8,20689,21053,-364
3239,1998,9,20693,19853,840
3239,1998,10,20674,27853,-7179
3239,1998,11,20653,27533,-6880
3239,1998,12,30896,30358,538
3240,1996,5,6000,0,6000
3240,1996,6,31971,5400,26571
3240,1996,7,46405,6000,40405
3240,1996,8,47552,77230,-29678
3240,1996,9,56851,38104,18747
3240,1996,10,193311,201121,-7810
3240,1996,11,49440,36702,12738
3240,1996,12,15808,51375,-35567
3240,1997,1,113,6059,-5946
3240,1997,2,89,6059,-5970
3240,1997,3,43630,5459,38171
3240,1997,4,204,24859,-24655
3240,1997,5,44874,30510,14364
3240,1997,6,33862,27918,5944
3240,1997,7,24481,48199,-23718
3240,1997,8,46643,48759,-2116
3240,1997,9,8812,15759,-6947
3240,1997,10,14061,20759,-6698
3240,1997,11,40,5459,-5419
3240,1997,12,17,5459,-5442
3240,1998,1,5,5175,-5170
3240,1998,2,0,74,-74
3240,1998,3,0,75,-75
3240,1998,4,86796,27363,59433
3240,1998,5,172,34553,-34381
3240,1998,6,67236,64459,2777
3240,1998,7,39006,37259,1747
3240,1998,8,95,5459,-5364
3240,1998,9,73,5459,-5386
3240,1998,10,37081,37259,-178
3240,1998,11,50,5459,-5409
3240,1998,12,27,5429,-5402
3241,1993,7,200,0,200
3241,1993,8,6282,0,6282
3241,1993,9,6282,0,6282
3241,1993,10,6282,0,6282
3241,1993,11,6343,1100,5243
3241,1993,12,6386,5315,1071
3241,1994,1,6358,18859,-12501
3241,1994,2,6339,5209,1130
3241,1994,3,6349,3049,3300
3241,1994,4,6363,3049,3314
3241,1994,5,6374,3849,2525
3241,1994,6,6374,6349,25
3241,1994,7,6387,3049,3338
3241,1994,8,6401,3049,3352
3241,1994,9,6415,3049,3366
3241,1994,10,6414,7649,-1235
3241,1994,11,6407,7749,-1342
3241,1994,12,6406,7369,-963
3241,1995,1,6373,20179,-13806
3241,1995,2,6356,3529,2827
3241,1995,3,6365,3529,2836
3241,1995,4,6380,3049,3331
3241,1995,5,6388,5689,699
3241,1995,6,6394,4999,1395
3241,1995,7,6403,3049,3354
3241,1995,8,6405,6169,236
3241,1995,9,6410,5369,1041
3241,1995,10,6414,4949,1465
3241,1995,11,6428,3049,3379
3241,1995,12,6417,9289,-2872
3241,1996,1,6393,19239,-12846
3241,1996,2,6376,3049,3327
3241,1996,3,6367,9049,-2682
3241,1996,4,6372,5369,1003
3241,1996,5,6383,3609,2774
3241,1996,6,6392,4599,1793
3241,1996,7,6402,3049,3353
3241,1996,8,6416,3049,3367
3241,1996,9,6430,3049,3381
3241,1996,10,6436,4809,1627
3241,1996,11,6451,3049,3402
3241,1996,12,6464,4299,2165
3241,1997,1,6447,14729,-8282
3241,1997,2,6435,5129,1306
3241,1997,3,6445,3049,3396
3241,1997,4,6450,6889,-439
3241,1997,5,6457,3049,3408
3241,1997,6,6462,7409,-947
3241,1997,7,6467,3049,3418
3241,1997,8,6481,3049,3432
3241,1997,9,6495,3049,3446
3241,1997,10,6510,3049,3461
3241,1997,11,6513,6729,-216
3241,1997,12,6520,3999,2521
3241,1998,1,6499,17079,-10580
3241,1998,2,6489,3049,3440
3241,1998,3,6503,3049,3454
3241,1998,4,6518,3049,3469
3241,1998,5,6532,3049,3483
3241,1998,6,6536,7099,-563
3241,1998,7,6544,5769,775
3241,1998,8,6547,3049,3498
3241,1998,9,6561,5049,1512
3241,1998,10,6568,3049,3519
3241,1998,11,6581,5289,1292
3241,1998,12,6578,6224,354
3242,1997,3,9685,0,9685
3242,1997,4,11931,0,11931
3242,1997,5,11580,3900,7680
3242,1997,6,13260,7900,5360
3242,1997,7,8901,16893,-7992
3242,1997,8,8976,7453,1523
3242,1997,9,8885,7153,1732
3242,1997,10,8899,9753,-854
3242,1997,11,8883,12693,-3810
3242,1997,12,15144,16953,-1809
3242,1998,1,15742,25653,-9911
3242,1998,2,15124,7053,8071
3242,1998,3,11254,7353,3901
3242,1998,4,11182,7353,3829
3242,1998,5,8895,10453,-1558
3242,1998,6,16360,16413,-53
3242,1998,7,9587,7953,1634
3242,1998,8,8883,11813,-2930
3242,1998,9,8967,13853,-4886
3242,1998,10,11559,7153,4406
3242,1998,11,8873,6853,2020
3242,1998,12,13259,18838,-5579
3243,1993,11,300,0,300
3243,1993,12,6873,0,6873
3243,1994,1,6873,0,6873
3243,1994,2,6937,500,6437
3243,1994,3,6958,0,6958
3243,1994,4,6977,8815,-1838
3243,1994,5,6976,11161,-4185
3243,1994,6,6954,12151,-5197
3243,1994,7,6951,3901,3050
3243,1994,8,6963,3901,3062
3243,1994,9,6976,3901,3075
3243,1994,10,6985,7741,-756
3243,1994,11,6986,3901,3085
3243,1994,12,6996,5051,1945
3243,1995,1,6987,10551,-3564
3243,1995,2,6992,3901,3091
3243,1995,3,6998,6021,977
3243,1995,4,6988,9541,-2553
3243,1995,5,6977,9801,-2824
3243,1995,6,6957,17751,-10794
3243,1995,7,6941,3901,3040
3243,1995,8,6954,3901,3053
3243,1995,9,6959,6301,658
3243,1995,10,6969,3901,3068
3243,1995,11,6982,6201,781
3243,1995,12,6980,6301,679
3243,1996,1,6973,9451,-2478
3243,1996,2,6978,3901,3077
3243,1996,3,6990,5501,1489
3243,1996,4,6988,11281,-4293
3243,1996,5,6975,9981,-3006
3243,1996,6,6957,7301,-344
3243,1996,7,6957,7381,-424
3243,1996,8,6959,8501,-1542
3243,1996,9,6956,4301,2655
3243,1996,10,6963,8401,-1438
3243,1996,11,6958,7081,-123
3243,1996,12,6956,8051,-1095
3243,1997,1,6944,9851,-2907
3243,1997,2,6942,5401,1541
3243,1997,3,6943,9981,-3038
3243,1997,4,6935,6101,834
3243,1997,5,6937,7401,-464
3243,1997,6,6938,4401,2537
3243,1997,7,6936,9381,-2445
3243,1997,8,6939,4501,2438
3243,1997,9,6948,4701,2247
3243,1997,10,6953,7801,-848
3243,1997,11,6943,9381,-2438
3243,1997,12,6941,6151,790
3243,1998,1,6941,7851,-910
3243,1998,2,6944,3901,3043
3243,1998,3,6944,11401,-4457
3243,1998,4,6938,3901,3037
3243,1998,5,6951,3901,3050
3243,1998,6,6937,13901,-6964
3243,1998,7,6934,3901,3033
3243,1998,8,6935,9301,-2366
3243,1998,9,6932,6001,931
3243,1998,10,6935,6301,634
3243,1998,11,6943,3901,3042
3243,1998,12,6952,6086,866
3244,1995,1,4219,0,4219
3244,1995,2,3121,0,3121
3244,1995,3,3121,0,3121
3244,1995,4,3121,0,3121
3244,1995,5,3123,15,3108
3244,1995,6,3188,2092,1096
3244,1995,7,3192,2092,1100
3244,1995,8,3194,2962,232
3244,1995,9,3198,2092,1106
3244,1995,10,3203,2092,1111
3244,1995,11,3207,2092,1115
3244,1995,12,3208,3142,66
3244,1996,1,3207,5362,-2155
3244,1996,2,3199,2992,207
3244,1996,3,3204,2092,1112
3244,1996,4,3205,3022,183
3244,1996,5,3209,2092,1117
3244,1996,6,3193,8542,-5349
3244,1996,7,3192,2092,1100
3244,1996,8,3196,2092,1104
3244,1996,9,3200,3202,-2
3244,1996,10,3201,2092,1109
3244,1996,11,3200,4162,-962
3244,1996,12,3199,2722,477
3244,1997,1,3197,6112,-2915
3244,1997,2,3187,3412,-225
3244,1997,3,3184,4612,-1428
3244,1997,4,3184,2092,1092
3244,1997,5,3189,2092,1097
3244,1997,6,3193,2092,1101
3244,1997,7,3196,2492,704
3244,1997,8,3200,2432,768
3244,1997,9,3204,2092,1112
3244,1997,10,3208,3392,-184
3244,1997,11,3207,4692,-1485
3244,1997,12,3199,5642,-2443
3244,1998,1,3182,6732,-3550
3244,1998,2,3176,2092,1084
3244,1998,3,3178,4932,-1754
3244,1998,4,3173,2092,1081
3244,1998,5,3178,2092,1086
3244,1998,6,3182,2092,1090
3244,1998,7,3186,2422,764
3244,1998,8,3183,7012,-3829
3244,1998,9,3174,2092,1082
3244,1998,10,3178,2092,1086
3244,1998,11,3183,2092,1091
3244,1998,12,3187,2077,1110
3245,1997,6,1000,0,1000
3245,1997,7,6731,0,6731
3245,1997,8,6731,0,6731
3245,1997,9,6731,0,6731
3245,1997,10,6753,7300,-547
3245,1997,11,6817,7635,-818
3245,1997,12,6816,7243,-427
3245,1998,1,6800,12563,-5763
3245,1998,2,6793,6193,600
3245,1998,3,6789,8853,-2064
3245,1998,4,6790,3893,2897
3245,1998,5,6787,7813,-1026
3245,1998,6,6798,3893,2905
3245,1998,7,6798,12193,-5395
3245,1998,8,6786,5093,1693
3245,1998,9,6791,6293,498
3245,1998,10,6793,5793,1000
3245,1998,11,6801,3993,2808
3245,1998,12,6813,4778,2035
3246,1993,6,800,0,800
3246,1993,7,12865,0,12865
3246,1993,8,8009,0,8009
3246,1993,9,7036,1800,5236
3246,1993,10,7053,3500,3553
3246,1993,11,7056,8136,-1080
3246,1993,12,10515,13896,-3381
3246,1994,1,8424,21436,-13012
3246,1994,2,13626,4636,8990
3246,1994,3,7833,4636,3197
3246,1994,4,7042,5436,1606
3246,1994,5,8436,12676,-4240
3246,1994,6,10506,6356,4150
3246,1994,7,7040,7836,-796
3246,1994,8,7029,10436,-3407
3246,1994,9,7023,8136,-1113
3246,1994,10,7028,5336,1692
3246,1994,11,7024,9336,-2312
3246,1994,12,10490,12056,-1566
3246,1995,1,12714,18916,-6202
3246,1995,2,15023,4636,10387
3246,1995,3,7027,8436,-1409
3246,1995,4,7234,4636,2598
3246,1995,5,7035,7136,-101
3246,1995,6,10512,7376,3136
3246,1995,7,7055,7716,-661
3246,1995,8,7051,5536,1515
3246,1995,9,7056,5936,1120
3246,1995,10,7042,12156,-5114
3246,1995,11,8850,4636,4214
3246,1995,12,11537,10796,741
3246,1996,1,11711,22836,-11125
3246,1996,2,11514,5956,5558
3246,1996,3,12614,14716,-2102
3246,1996,4,10730,4636,6094
3246,1996,5,7054,5936,1118
3246,1996,6,10533,9536,997
3246,1996,7,7061,8336,-1275
3246,1996,8,7054,9336,-2282
3246,1996,9,7032,13696,-6664
3246,1996,10,8212,10396,-2184
3246,1996,11,7011,4736,2275
3246,1996,12,10489,15016,-4527
3246,1997,1,10787,11116,-329
3246,1997,2,6997,8336,-1339
3246,1997,3,6994,5136,1858
3246,1997,4,7002,5036,1966
3246,1997,5,7009,5436,1573
3246,1997,6,10489,8836,1653
3246,1997,7,7019,8736,-1717
3246,1997,8,7012,7636,-624
3246,1997,9,7001,10276,-3275
3246,1997,10,7100,4636,2464
3246,1997,11,7006,7336,-330
3246,1997,12,10478,9116,1362
3246,1998,1,10202,12796,-2594
3246,1998,2,7002,5436,1566
3246,1998,3,7007,6236,771
3246,1998,4,7012,5236,1776
3246,1998,5,12106,12196,-90
3246,1998,6,10494,5936,4558
3246,1998,7,7029,10036,-3007
3246,1998,8,7014,10436,-3422
3246,1998,9,7009,6136,873
3246,1998,10,6997,12096,-5099
3246,1998,11,6991,6136,855
3246,1998,12,10456,11141,-685
3247,1996,4,800,0,800
3247,1996,5,14654,0,14654
3247,1996,6,9607,0,9607
3247,1996,7,6121,3700,2421
3247,1996,8,6124,6200,-76
3247,1996,9,6115,9347,-3232
3247,1996,10,6112,6221,-109
3247,1996,11,6621,4021,2600
3247,1996,12,9123,13501,-4378
3247,1997,1,6081,15521,-9440
3247,1997,2,11089,4021,7068
3247,1997,3,6096,6321,-225
3247,1997,4,8609,4021,4588
3247,1997,5,8323,6781,1542
3247,1997,6,9540,5941,3599
3247,1997,7,6141,4121,2020
3247,1997,8,6130,12921,-6791
3247,1997,9,10436,4021,6415
3247,1997,10,7954,4021,3933
3247,1997,11,6162,4721,1441
3247,1997,12,9175,9321,-146
3247,1998,1,12973,29441,-16468
3247,1998,2,6080,10621,-4541
3247,1998,3,12906,4021,8885
3247,1998,4,9320,13141,-3821
3247,1998,5,16923,4021,12902
3247,1998,6,9171,7201,1970
3247,1998,7,8558,9061,-503
3247,1998,8,6161,7121,-960
3247,1998,9,6156,9921,-3765
3247,1998,10,6141,7221,-1080
3247,1998,11,6129,10381,-4252
3247,1998,12,9128,6886,2242
3248,1996,5,900,0,900
3248,1996,6,4965,0,4965
3248,1996,7,4965,0,4965
3248,1996,8,4965,0,4965
3248,1996,9,4965,0,4965
3248,1996,10,4969,15,4954
3248,1996,11,5058,8614,-3556
3248,1996,12,5058,4524,534
3248,1997,1,5042,12714,-7672
3248,1997,2,5031,3274,1757
3248,1997,3,5039,3274,1765
3248,1997,4,5040,5454,-414
3248,1997,5,5045,3274,1771
3248,1997,6,5051,3914,1137
3248,1997,7,5053,4554,499
3248,1997,8,5058,3374,1684
3248,1997,9,5062,4714,348
3248,1997,10,5057,6274,-1217
3248,1997,11,5053,6294,-1241
3248,1997,12,5041,8464,-3423
3248,1998,1,5025,9534,-4509
3248,1998,2,5023,3274,1749
3248,1998,3,5020,6474,-1454
3248,1998,4,5023,3914,1109
3248,1998,5,5030,3274,1756
3248,1998,6,5035,5674,-639
3248,1998,7,5034,3274,1760
3248,1998,8,5042,3274,1768
3248,1998,9,5045,6154,-1109
3248,1998,10,5041,4314,727
3248,1998,11,5048,3274,1774
3248,1998,12,5054,4009,1045
3249,1996,10,1100,0,1100
3249,1996,11,23032,0,23032
3249,1996,12,31138,15800,15338
3249,1997,1,20837,17300,3537
3249,1997,2,20848,18400,2448
3249,1997,3,20814,36912,-16098
3249,1997,4,20778,34532,-13754
3249,1997,5,20751,16792,3959
3249,1997,6,31095,37912,-6817
3249,1997,7,20731,22512,-1781
3249,1997,8,20733,15212,5521
3249,1997,9,20756,17889,2867
3249,1997,10,20765,17789,2976
3249,1997,11,28518,13889,14629
3249,1997,12,31201,21469,9732
3249,1998,1,20829,34329,-13500
3249,1998,2,20835,14489,6346
3249,1998,3,20850,24349,-3499
3249,1998,4,20828,22229,-1401
3249,1998,5,20819,21089,-270
3249,1998,6,31202,15689,15513
3249,1998,7,20864,25589,-4725
3249,1998,8,20848,24689,-3841
3249,1998,9,20827,24212,-3385
3249,1998,10,20833,23312,-2479
3249,1998,11,20844,15132,5712
3249,1998,12,31214,14737,16477
3250,1995,1,6511,0,6511
3250,1995,2,5717,0,5717
3250,1995,3,5717,0,5717
3250,1995,4,5717,0,5717
3250,1995,5,5785,2615,3170
3250,1995,6,5807,3695,2112
3250,1995,7,5809,5635,174
3250,1995,8,5803,7835,-2032
3250,1995,9,5790,8995,-3205
3250,1995,10,5786,7135,-1349
3250,1995,11,5795,2195,3600
3250,1995,12,5797,6545,-748
3250,1996,1,5790,11535,-5745
3250,1996,2,5785,1895,3890
3250,1996,3,5797,5995,-198
3250,1996,4,5795,6875,-1080
3250,1996,5,5795,6195,-400
3250,1996,6,5792,6095,-303
3250,1996,7,5789,8495,-2706
3250,1996,8,5776,6815,-1039
3250,1996,9,5776,2495,3281
3250,1996,10,5785,7735,-1950
3250,1996,11,5780,4595,1185
3250,1996,12,5783,6245,-462
3250,1997,1,5762,11735,-5973
3250,1997,2,5755,7695,-1940
3250,1997,3,5745,4215,1530
3250,1997,4,5755,5495,260
3250,1997,5,5757,3895,1862
3250,1997,6,5759,8495,-2736
3250,1997,7,5753,4395,1358
3250,1997,8,5757,5195,562
3250,1997,9,5762,2795,2967
3250,1997,10,5768,7395,-1627
3250,1997,11,5760,7855,-2095
3250,1997,12,5752,7095,-1343
3250,1998,1,5750,4615,1135
3250,1998,2,5754,4795,959
3250,1998,3,5757,5795,-38
3250,1998,4,5757,5495,262
3250,1998,5,5754,8095,-2341
3250,1998,6,5750,4295,1455
3250,1998,7,5751,6995,-1244
3250,1998,8,5755,1895,3860
3250,1998,9,5761,6175,-414
3250,1998,10,5755,8995,-3240
3250,1998,11,5755,1895,3860
3250,1998,12,5771,2780,2991
3251,1995,5,600,0,600
3251,1995,6,3032,0,3032
3251,1995,7,3032,0,3032
3251,1995,8,3032,0,3032
3251,1995,9,3032,0,3032
3251,1995,10,3065,2336,729
3251,1995,11,3091,2036,1055
3251,1995,12,3094,2606,488
3251,1996,1,3097,2516,581
3251,1996,2,3099,2036,1063
3251,1996,3,3104,2136,968
3251,1996,4,3105,3866,-761
3251,1996,5,3105,2036,1069
3251,1996,6,3107,3136,-29
3251,1996,7,3109,2036,1073
3251,1996,8,3113,2726,387
3251,1996,9,3117,2456,661
3251,1996,10,3118,2036,1082
3251,1996,11,3122,2836,286
3251,1996,12,3117,4926,-1809
3251,1997,1,3118,2536,582
3251,1997,2,3116,3206,-90
3251,1997,3,3118,2036,1082
3251,1997,4,3124,2636,488
3251,1997,5,3125,3136,-11
3251,1997,6,3125,2456,669
3251,1997,7,3127,2036,1091
3251,1997,8,3132,2036,1096
3251,1997,9,3136,2036,1100
3251,1997,10,3140,2966,174
3251,1997,11,3143,2576,567
3251,1997,12,3144,2636,508
3251,1998,1,3146,2036,1110
3251,1998,2,3150,2036,1114
3251,1998,3,3155,2036,1119
3251,1998,4,3160,2036,1124
3251,1998,5,3164,2036,1128
3251,1998,6,3167,4076,-909
3251,1998,7,3165,2426,739
3251,1998,8,3168,2036,1132
3251,1998,9,3171,3266,-95
3251,1998,10,3172,2036,1136
3251,1998,11,3176,2546,630
3251,1998,12,3179,3161,18
3252,1995,6,3975,0,3975
3252,1995,7,3083,0,3083
3252,1995,8,3083,0,3083
3252,1995,9,3083,0,3083
3252,1995,10,3110,1068,2042
3252,1995,11,3132,2059,1073
3252,1995,12,3133,2839,294
3252,1996,1,3128,5869,-2741
3252,1996,2,3126,2239,887
3252,1996,3,3129,2059,1070
3252,1996,4,3134,2059,1075
3252,1996,5,3134,3079,55
3252,1996,6,3139,2059,1080
3252,1996,7,3140,2839,301
3252,1996,8,3144,2059,1085
3252,1996,9,3141,4159,-1018
3252,1996,10,3145,3229,-84
3252,1996,11,3144,2059,1085
3252,1996,12,3149,2269,880
3252,1997,1,3143,5359,-2216
3252,1997,2,3139,3649,-510
3252,1997,3,3141,2059,1082
3252,1997,4,3145,2059,1086
3252,1997,5,3149,2629,520
3252,1997,6,3150,2259,891
3252,1997,7,3153,3319,-166
3252,1997,8,3155,2059,1096
3252,1997,9,3160,2059,1101
3252,1997,10,3164,3019,145
3252,1997,11,3165,2059,1106
3252,1997,12,3168,2839,329
3252,1998,1,3158,7519,-4361
3252,1998,2,3153,2059,1094
3252,1998,3,3157,2059,1098
3252,1998,4,3163,2059,1104
3252,1998,5,3167,2059,1108
3252,1998,6,3172,2059,1113
3252,1998,7,3175,2059,1116
3252,1998,8,3180,2059,1121
3252,1998,9,3186,2059,1127
3252,1998,10,3186,4039,-853
3252,1998,11,3187,2059,1128
3252,1998,12,3188,2764,424
3253,1994,3,29035,0,29035
3253,1994,4,121,1200,-1079
3253,1994,5,121,2500,-2379
3253,1994,6,46991,13800,33191
3253,1994,7,19551,16500,3051
3253,1994,8,68564,44100,24464
3253,1994,9,22298,46021,-23723
3253,1994,10,60576,20100,40476
3253,1994,11,424,37500,-37076
3253,1994,12,230,34400,-34170
3253,1995,1,13650,40100,-26450
3253,1995,2,32185,3700,28485
3253,1995,3,3218,10900,-7682
3253,1995,4,108,2700,-2592
3253,1995,5,359,22000,-21641
3253,1995,6,106345,88100,18245
3253,1995,7,1984,100,1884
3253,1995,8,29770,7098,22672
3253,1995,9,5835,12900,-7065
3253,1995,10,33512,5600,27912
3253,1995,11,64652,42200,22452
3253,1995,12,95357,82600,12757
3253,1996,1,243,67300,-67057
3253,1996,2,65302,26713,38589
3253,1996,3,96274,98100,-1826
3253,1996,4,41374,31956,9418
3253,1996,5,76106,67200,8906
3253,1996,6,227,59487,-59260
3253,1996,7,56570,3893,52677
3253,1996,8,19215,45200,-25985
3253,1996,9,231,15364,-15133
3253,1996,10,51660,42542,9118
3253,1996,11,89624,89713,-89
3253,1996,12,39377,38300,1077
3253,1997,1,8521,48100,-39579
3253,1997,2,4248,100,4148
3253,1997,3,36537,20725,15812
3253,1997,4,17217,26625,-9408
3253,1997,5,90,4100,-4010
3253,1997,6,33197,34300,-1103
3253,1997,7,3364,10900,-7536
3253,1997,8,938,100,838
3253,1997,9,41,2167,-2126
3253,1997,10,2732,100,2632
3253,1997,11,5440,8490,-3050
3253,1997,12,4130,4000,130
3253,1998,1,25321,28600,-3279
3253,1998,2,39977,17300,22677
3253,1998,3,27022,27064,-42
3253,1998,4,40696,23200,17496
3253,1998,5,167060,105500,61560
3253,1998,6,128122,150239,-22117
3253,1998,7,124443,125400,-957
3253,1998,8,339,32000,-31661
3253,1998,9,96519,40400,56119
3253,1998,10,40450,46600,-6150
3253,1998,11,62638,97000,-34362
3253,1998,12,47416,49000,-1584
3254,1995,8,800,0,800
3254,1995,9,17392,0,17392
3254,1995,10,7760,900,6860
3254,1995,11,7785,5700,2085
3254,1995,12,11634,9600,2034
3254,1996,1,7792,20954,-13162
3254,1996,2,14145,10534,3611
3254,1996,3,7767,5834,1933
3254,1996,4,10268,9694,574
3254,1996,5,9680,5134,4546
3254,1996,6,11643,8534,3109
3254,1996,7,7805,8534,-729
3254,1996,8,7803,7634,169
3254,1996,9,7803,8234,-431
3254,1996,10,7797,10534,-2737
3254,1996,11,8395,5134,3261
3254,1996,12,11660,8714,2946
3254,1997,1,7801,14734,-6933
3254,1997,2,14292,9814,4478
3254,1997,3,7806,7334,472
3254,1997,4,7806,8534,-728
3254,1997,5,7806,6534,1272
3254,1997,6,11640,16074,-4434
3254,1997,7,7791,7534,257
3254,1997,8,7781,12534,-4753
3254,1997,9,7770,8234,-464
3254,1997,10,7772,6334,1438
3254,1997,11,8783,5134,3649
3254,1997,12,11620,15954,-4334
3254,1998,1,9270,14614,-5344
3254,1998,2,7755,5334,2421
3254,1998,3,7755,9334,-1579
3254,1998,4,7757,5734,2023
3254,1998,5,8870,5134,3736
3254,1998,6,11639,7534,4105
3254,1998,7,7806,7834,-28
3254,1998,8,7795,7234,561
3254,1998,9,7787,10834,-3047
3254,1998,10,7782,8334,-552
3254,1998,11,7773,13834,-6061
3254,1998,12,12397,14239,-1842
3255,1993,9,900,0,900
3255,1993,10,11500,0,11500
3255,1993,11,7800,0,7800
3255,1993,12,2300,0,2300
3255,1994,1,1100,0,1100
3255,1994,2,0,1500,-1500
3255,1994,3,3100,0,3100
3255,1994,4,0,1500,-1500
3255,1994,5,0,700,-700
3255,1994,6,1400,0,1400
3255,1994,7,0,200,-200
3255,1994,8,400,0,400
3255,1994,9,0,600,-600
3255,1994,10,2100,0,2100
3255,1994,11,1800,0,1800
3255,1994,12,0,100,-100
3255,1995,1,0,900,-900
3255,1995,2,800,0,800
3255,1995,3,1900,0,1900
3255,1995,4,1600,0,1600
3255,1995,5,1700,0,1700
3255,1995,6,300,0,300
3255,1995,7,1400,0,1400
3255,1995,8,800,0,800
3255,1995,9,1300,0,1300
3255,1995,10,400,0,400
3255,1995,11,0,200,-200
3255,1995,12,5100,0,5100
3255,1996,1,3500,0,3500
3255,1996,2,1600,0,1600
3255,1996,3,400,0,400
3255,1996,4,0,800,-800
3255,1996,5,1600,0,1600
3255,1996,6,2300,0,2300
3255,1996,7,2307,1700,607
3255,1996,8,713,0,713
3255,1996,9,613,0,613
3255,1996,10,1313,0,1313
3255,1996,11,3113,0,3113
3255,1996,12,3513,0,3513
3255,1997,1,3813,0,3813
3255,1997,2,1413,0,1413
3255,1997,3,4113,0,4113
3255,1997,4,3013,0,3013
3255,1997,5,213,100,113
3255,1997,6,1313,0,1313
3255,1997,7,213,600,-387
3255,1997,8,1513,0,1513
3255,1997,9,3813,0,3813
3255,1997,10,2313,0,2313
3255,1997,11,2013,0,2013
3255,1997,12,213,2200,-1987
3255,1998,1,2513,0,2513
3255,1998,2,8413,0,8413
3255,1998,3,1813,0,1813
3255,1998,4,5913,0,5913
3255,1998,5,3313,0,3313
3255,1998,6,2113,0,2113
3255,1998,7,1613,0,1613
3255,1998,8,4713,0,4713
3255,1998,9,6013,0,6013
3255,1998,10,2713,0,2713
3255,1998,11,2313,0,2313
3255,1998,12,4400,0,4400
3256,1996,11,1000,0,1000
3256,1996,12,22968,0,22968
3256,1997,1,10194,4800,5394
3256,1997,2,10208,9200,1008
3256,1997,3,10214,8200,2014
3256,1997,4,10220,10955,-735
3256,1997,5,10215,11537,-1322
3256,1997,6,15239,32157,-16918
3256,1997,7,16561,6737,9824
3256,1997,8,12293,6737,5556
3256,1997,9,10211,6937,3274
3256,1997,10,10216,11037,-821
3256,1997,11,10203,13977,-3774
3256,1997,12,15243,14957,286
3256,1998,1,10166,24077,-13911
3256,1998,2,10149,9237,912
3256,1998,3,10145,10337,-192
3256,1998,4,10145,9737,408
3256,1998,5,10145,10437,-292
3256,1998,6,15207,12137,3070
3256,1998,7,10139,16737,-6598
3256,1998,8,10138,6737,3401
3256,1998,9,10152,6737,3415
3256,1998,10,10167,6737,3430
3256,1998,11,10178,7697,2481
3256,1998,12,15240,8802,6438
3258,1993,6,300,0,300
3258,1993,7,19099,0,19099
3258,1993,8,34103,0,34103
3258,1993,9,222,12600,-12378
3258,1993,10,222,6900,-6678
3258,1993,11,222,4500,-4278
3258,1993,12,222,2900,-2678
3258,1994,1,519,400,119
3258,1994,3,115,1800,-1685
3258,1994,4,21330,0,21330
3258,1994,5,37283,35700,1583
3258,1994,6,21910,23915,-2005
3258,1994,7,6554,15693,-9139
3258,1994,8,16141,18793,-2652
3258,1994,9,51019,33993,17026
3258,1994,10,185,15493,-15308
3258,1994,11,14522,14293,229
3258,1994,12,35843,34893,950
3258,1995,1,9985,23193,-13208
3258,1995,2,7480,8793,-1313
3258,1995,3,6373,8793,-2420
3258,1995,4,7464,8793,-1329
3258,1995,5,9461,8793,668
3258,1995,6,55093,8793,46300
3258,1995,7,228,29693,-29465
3258,1995,8,9952,8793,1159
3258,1995,9,102,16593,-16491
3258,1995,10,65637,8793,56844
3258,1995,11,272,30393,-30121
3258,1995,12,152,18293,-18141
3258,1996,1,11113,8793,2320
3258,1996,2,42274,31125,11149
3258,1996,3,34836,26293,8543
3258,1996,4,6373,31073,-24700
3258,1996,5,7698,8793,-1095
3258,1996,6,7677,13052,-5375
3258,1996,7,10778,8793,1985
3258,1996,8,10286,8793,1493
3258,1996,9,66900,29793,37107
3258,1996,10,71312,64593,6719
3258,1996,11,188,36093,-35905
3258,1996,12,7519,10293,-2774
3258,1997,1,33708,8793,24915
3258,1997,2,21932,37969,-16037
3258,1997,3,75837,42893,32944
3258,1997,4,89447,74093,15354
3258,1997,5,257,46044,-45787
3258,1997,6,20486,14493,5993
3258,1997,7,46239,27593,18646
3258,1997,8,67470,32793,34677
3258,1997,9,31697,36124,-4427
3258,1997,10,23104,74908,-51804
3258,1997,11,62497,42081,20416
3258,1997,12,30418,16693,13725
3258,1998,1,18281,50397,-32116
3258,1998,2,47037,41684,5353
3258,1998,3,65028,41093,23935
3258,1998,4,91844,105993,-14149
3258,1998,5,86532,64893,21639
3258,1998,6,75249,75293,-44
3258,1998,7,274,21593,-21319
3258,1998,8,39294,8793,30501
3258,1998,9,144197,138994,5203
3258,1998,10,47789,84548,-36759
3258,1998,11,30903,21693,9210
3258,1998,12,44282,25454,18828
3259,1994,4,700,0,700
3259,1994,5,12129,0,12129
3259,1994,6,5663,0,5663
3259,1994,7,6088,0,6088
3259,1994,8,3498,2700,798
3259,1994,9,3492,6227,-2735
3259,1994,10,3488,3477,11
3259,1994,11,3489,3077,412
3259,1994,12,3488,4167,-679
3259,1995,1,5486,7557,-2071
3259,1995,2,6994,2277,4717
3259,1995,3,3488,8297,-4809
3259,1995,4,5388,2277,3111
3259,1995,5,5600,3417,2183
3259,1995,6,4199,6747,-2548
3259,1995,7,5701,2277,3424
3259,1995,8,5408,4437,971
3259,1995,9,4916,2277,2639
3259,1995,10,3520,3087,433
3259,1995,11,3724,2277,1447
3259,1995,12,3520,4947,-1427
3259,1996,1,3718,5827,-2109
3259,1996,2,3515,2277,1238
3259,1996,3,5728,2377,3351
3259,1996,4,3534,3877,-343
3259,1996,5,5133,2277,2856
3259,1996,6,6734,8487,-1753
3259,1996,7,6639,2277,4362
3259,1996,8,3555,3177,378
3259,1996,9,6658,2607,4051
3259,1996,10,5775,2277,3498
3259,1996,11,4889,2277,2612
3259,1996,12,3594,6897,-3303
3259,1997,1,3575,8217,-4642
3259,1997,2,8169,3417,4752
3259,1997,3,3584,4477,-893
3259,1997,4,4082,2277,1805
3259,1997,5,3587,4477,-890
3259,1997,6,4979,5277,-298
3259,1997,7,4685,2577,2108
3259,1997,8,3991,3877,114
3259,1997,9,4394,2277,2117
3259,1997,10,5905,2277,3628
3259,1997,11,3613,5277,-1664
3259,1997,12,3607,4077,-470
3259,1998,1,3600,6477,-2877
3259,1998,2,5398,2277,3121
3259,1998,3,3605,4877,-1272
3259,1998,4,3596,6077,-2481
3259,1998,5,4093,2277,1816
3259,1998,6,3589,9477,-5888
3259,1998,7,3575,2277,1298
3259,1998,8,5083,2277,2806
3259,1998,9,4394,2277,2117
3259,1998,10,3599,2977,622
3259,1998,11,3600,4077,-477
3259,1998,12,4803,2862,1941
3260,1993,3,400,0,400
3260,1993,4,73323,23200,50123
3260,1993,5,307,12200,-11893
3260,1993,6,34068,7000,27068
3260,1993,7,55464,35415,20049
3260,1993,8,300,35617,-35317
3260,1993,9,175,22203,-22028
3260,1993,10,22836,18917,3919
3260,1993,11,7159,8517,-1358
3260,1993,12,43723,25251,18472
3260,1994,1,32782,39417,-6635
3260,1994,2,48944,44402,4542
3260,1994,3,35205,30717,4488
3260,1994,4,17618,25217,-7599
3260,1994,5,10327,27640,-17313
3260,1994,6,4399,8517,-4118
3260,1994,7,66016,20717,45299
3260,1994,8,43603,24617,18986
3260,1994,9,40468,41517,-1049
3260,1994,10,265,48817,-48552
3260,1994,11,35971,23317,12654
3260,1994,12,175,12317,-12142
3260,1995,1,90925,78734,12191
3260,1995,2,95714,45117,50597
3260,1995,3,82509,87790,-5281
3260,1995,4,23289,53493,-30204
3260,1995,5,74060,34017,40043
3260,1995,6,77402,104800,-27398
3260,1995,7,50877,57212,-6335
3260,1995,8,61150,64031,-2881
3260,1995,9,16037,22517,-6480
3260,1995,10,65000,28217,36783
3260,1995,11,78048,77217,831
3260,1995,12,29743,41017,-11274
3260,1996,1,100016,147517,-47501
3260,1996,2,45442,12608,32834
3260,1996,3,138991,152017,-13026
3260,1996,4,15037,32617,-17580
3260,1996,5,70610,8517,62093
3260,1996,6,102743,161906,-59163
3260,1996,7,49708,32217,17491
3260,1996,8,34039,49601,-15562
3260,1996,9,880,8517,-7637
3260,1996,10,84429,18517,65912
3260,1996,11,309,58175,-57866
3260,1996,12,89585,74417,15168
3260,1997,1,91714,62502,29212
3260,1997,2,34946,28017,6929
3260,1997,3,68858,68236,622
3260,1997,4,61968,95117,-33149
3260,1997,5,100964,87651,13313
3260,1997,6,89054,75160,13894
3260,1997,7,9455,32217,-22762
3260,1997,8,76582,88594,-12012
3260,1997,9,15539,38439,-22900
3260,1997,10,70333,35117,35216
3260,1997,11,39013,36817,2196
3260,1997,12,68796,72890,-4094
3260,1998,1,18610,47900,-29290
3260,1998,2,9632,14753,-5121
3260,1998,3,13869,8517,5352
3260,1998,4,7347,8517,-1170
3260,1998,5,122328,97517,24811
3260,1998,6,239,15517,-15278
3260,1998,7,74394,47689,26705
3260,1998,8,91687,88517,3170
3260,1998,9,268,34092,-33824
3260,1998,10,17368,13517,3851
3260,1998,11,5282,8517,-3235
3260,1998,12,27841,12702,15139
3261,1993,7,8995,0,8995
3261,1993,8,14249,0,14249
3261,1993,9,9192,0,9192
3261,1993,10,8911,5800,3111
3261,1993,11,8903,12659,-3756
3261,1993,12,13294,12179,1115
3261,1994,1,8871,25119,-16248
3261,1994,2,11648,8019,3629
3261,1994,3,10868,5859,5009
3261,1994,4,9384,5859,3525
3261,1994,5,8894,6659,2235
3261,1994,6,13290,10059,3231
3261,1994,7,8899,12259,-3360
3261,1994,8,8896,13259,-4363
3261,1994,9,8891,8059,832
3261,1994,10,10468,15099,-4631
3261,1994,11,10265,11019,-754
3261,1994,12,13255,10779,2476
3261,1995,1,14439,19659,-5220
3261,1995,2,12656,5859,6797
3261,1995,3,8984,5859,3125
3261,1995,4,8885,10419,-1534
3261,1995,5,8890,7359,1531
3261,1995,6,13275,15579,-2304
3261,1995,7,8883,10579,-1696
3261,1995,8,8880,6059,2821
3261,1995,9,8887,10759,-1872
3261,1995,10,8882,7459,1423
3261,1995,11,8869,14839,-5970
3261,1995,12,13255,9199,4056
3261,1996,1,13556,22419,-8863
3261,1996,2,12048,5859,6189
3261,1996,3,13457,11499,1958
3261,1996,4,11782,5859,5923
3261,1996,5,10801,10539,262
3261,1996,6,13294,10559,2735
3261,1996,7,9905,11019,-1114
3261,1996,8,8909,7059,1850
3261,1996,9,12720,7659,5061
3261,1996,10,8939,6159,2780
3261,1996,11,8950,6459,2491
3261,1996,12,13340,14139,-799
3261,1997,1,8926,24199,-15273
3261,1997,2,12300,5859,6441
3261,1997,3,8912,10499,-1587
3261,1997,4,11801,12579,-778
3261,1997,5,11616,5859,5757
3261,1997,6,13308,17619,-4311
3261,1997,7,8906,11059,-2153
3261,1997,8,8900,9359,-459
3261,1997,9,8890,12579,-3689
3261,1997,10,8885,7959,926
3261,1997,11,8890,7359,1531
3261,1997,12,13264,18599,-5335
3261,1998,1,8850,17039,-8189
3261,1998,2,13047,10659,2388
3261,1998,3,14167,5859,8308
3261,1998,4,8885,6859,2026
3261,1998,5,8891,7759,1132
3261,1998,6,13275,14799,-1524
3261,1998,7,8883,10019,-1136
3261,1998,8,10595,5859,4736
3261,1998,9,8898,9659,-761
3261,1998,10,8880,14159,-5279
3261,1998,11,8866,14879,-6013
3261,1998,12,13238,11804,1434
3262,1997,6,700,0,700
3262,1997,7,24530,2300,22230
3262,1997,8,24617,9000,15617
3262,1997,9,24663,21800,2863
3262,1997,10,24683,17000,7683
3262,1997,11,24746,25555,-809
3262,1997,12,37005,32855,4150
3262,1998,1,24697,44495,-19798
3262,1998,2,24662,24255,407
3262,1998,3,24670,26315,-1645
3262,1998,4,24673,23255,1418
3262,1998,5,24669,28055,-3386
3262,1998,6,36922,39955,-3033
3262,1998,7,24621,32115,-7494
3262,1998,8,24611,19055,5556
3262,1998,9,24642,19755,4887
3262,1998,10,24667,17555,7112
3262,1998,11,24662,27055,-2393
3262,1998,12,36961,16640,20321
3263,1996,3,900,0,900
3263,1996,4,12500,0,12500
3263,1996,5,8300,0,8300
3263,1996,6,3900,0,3900
3263,1996,7,0,900,-900
3263,1996,8,2000,0,2000
3263,1996,9,1700,0,1700
3263,1996,10,1800,0,1800
3263,1996,11,0,1100,-1100
3263,1996,12,2300,0,2300
3263,1997,1,1804,1600,204
3263,1997,3,1732,0,1732
3263,1997,4,132,3300,-3168
3263,1997,5,3231,4300,-1069
3263,1997,6,1021,0,1021
3263,1997,7,121,6100,-5979
3263,1997,8,121,3500,-3379
3263,1997,9,1221,0,1221
3263,1997,10,5321,0,5321
3263,1997,11,4321,0,4321
3263,1997,12,3921,0,3921
3263,1998,1,421,0,421
3263,1998,2,2721,0,2721
3263,1998,3,121,4300,-4179
3263,1998,4,121,2200,-2079
3263,1998,5,421,0,421
3263,1998,6,121,2400,-2279
3263,1998,7,121,1000,-879
3263,1998,8,4021,0,4021
3263,1998,9,6821,0,6821
3263,1998,10,121,1300,-1179
3263,1998,11,3600,0,3600
3264,1993,10,200,0,200
3264,1993,11,5096,0,5096
3264,1993,12,5096,0,5096
3264,1994,1,5096,0,5096
3264,1994,2,5096,0,5096
3264,1994,3,5176,1901,3275
3264,1994,4,5203,4401,802
3264,1994,5,5206,5261,-55
3264,1994,6,5194,14701,-9507
3264,1994,7,5170,1901,3269
3264,1994,8,5183,1901,3282
3264,1994,9,5199,2501,2698
3264,1994,10,5205,3701,1504
3264,1994,11,5208,4061,1147
3264,1994,12,5218,2501,2717
3264,1995,1,5200,14351,-9151
3264,1995,2,5192,1901,3291
3264,1995,3,5212,1901,3311
3264,1995,4,5205,8201,-2996
3264,1995,5,5214,1901,3313
3264,1995,6,5174,16701,-11527
3264,1995,7,5173,1901,3272
3264,1995,8,5187,1901,3286
3264,1995,9,5192,5581,-389
3264,1995,10,5189,5101,88
3264,1995,11,5196,3101,2095
3264,1995,12,5195,7371,-2176
3264,1996,1,5175,13141,-7966
3264,1996,2,5165,1901,3264
3264,1996,3,5185,1901,3284
3264,1996,4,5187,3701,1486
3264,1996,5,5198,2301,2897
3264,1996,6,5207,3101,2106
3264,1996,7,5217,2901,2316
3264,1996,8,5208,8621,-3413
3264,1996,9,5207,7541,-2334
3264,1996,10,5197,5041,156
3264,1996,11,5203,2701,2502
3264,1996,12,5209,4401,808
3264,1997,1,5185,17591,-12406
3264,1997,2,5168,1901,3267
3264,1997,3,5177,3101,2076
3264,1997,4,5188,4301,887
3264,1997,5,5194,4101,1093
3264,1997,6,5202,2601,2601
3264,1997,7,5203,3601,1602
3264,1997,8,5207,4501,706
3264,1997,9,5179,13181,-8002
3264,1997,10,5183,2501,2682
3264,1997,11,5194,4301,893
3264,1997,12,5183,8151,-2968
3264,1998,1,5166,11501,-6335
3264,1998,2,5166,1901,3265
3264,1998,3,5167,5581,-414
3264,1998,4,5172,1901,3271
3264,1998,5,5184,8101,-2917
3264,1998,6,5173,5301,-128
3264,1998,7,5172,5201,-29
3264,1998,8,5173,2201,2972
3264,1998,9,5191,1901,3290
3264,1998,10,5198,4101,1097
3264,1998,11,5200,3301,1899
3264,1998,12,5209,3036,2173
3265,1996,3,900,0,900
3265,1996,4,31872,1700,30172
3265,1996,5,111895,90400,21495
3265,1996,6,3089,28467,-25378
3265,1996,7,37115,26988,10127
3265,1996,8,2947,16000,-13053
3265,1996,9,4797,11300,-6503
3265,1996,10,92477,29800,62677
3265,1996,11,261,45201,-44940
3265,1996,12,173068,134700,38368
3265,1997,1,46535,78400,-31865
3265,1997,2,28696,51479,-22783
3265,1997,3,131662,119801,11861
3265,1997,4,115736,49800,65936
3265,1997,5,11901,42700,-30799
3265,1997,6,58297,41900,16397
3265,1997,7,173341,170123,3218
3265,1997,8,269,52750,-52481
3265,1997,9,27505,24845,2660
3265,1997,10,5237,13300,-8063
3265,1997,11,64236,45900,18336
3265,1997,12,68083,25200,42883
3265,1998,1,252,66800,-66548
3265,1998,2,19493,20400,-907
3265,1998,3,17892,15600,2292
3265,1998,4,35361,16600,18761
3265,1998,5,11906,30748,-18842
3265,1998,6,59897,17100,42797
3265,1998,7,235,21600,-21365
3265,1998,8,17395,35016,-17621
3265,1998,9,12212,12800,-588
3265,1998,10,33819,17300,16519
3265,1998,11,41474,56000,-14526
3265,1998,12,13224,10600,2624
3266,1997,3,1100,0,1100
3266,1997,4,4504,0,4504
3266,1997,5,4504,0,4504
3266,1997,6,4504,0,4504
3266,1997,7,4504,0,4504
3266,1997,8,4507,15,4492
3266,1997,9,4609,3102,1507
3266,1997,10,4615,3022,1593
3266,1997,11,4621,1662,2959
3266,1997,12,4628,3542,1086
3266,1998,1,4628,11142,-6514
3266,1998,2,4611,1662,2949
3266,1998,3,4616,4382,234
3266,1998,4,4623,3342,1281
3266,1998,5,4630,1662,2968
3266,1998,6,4637,11472,-6835
3266,1998,7,4615,1662,2953
3266,1998,8,4621,5422,-801
3266,1998,9,4623,1662,2961
3266,1998,10,4636,1662,2974
3266,1998,11,4644,4062,582
3266,1998,12,4650,2547,2103
3267,1993,7,300,0,300
3267,1993,8,20331,0,20331
3267,1993,9,12399,3400,8999
3267,1993,10,12425,9900,2525
3267,1993,11,12438,8600,3838
3267,1993,12,18599,22358,-3759
3267,1994,1,12418,23038,-10620
3267,1994,2,12397,8618,3779
3267,1994,3,12408,12018,390
3267,1994,4,12415,9398,3017
3267,1994,5,12423,10918,1505
3267,1994,6,18587,13318,5269
3267,1994,7,12440,16378,-3938
3267,1994,8,12432,11718,714
3267,1994,9,12420,22298,-9878
3267,1994,10,12506,6418,6088
3267,1994,11,12410,15518,-3108
3267,1994,12,18565,18098,467
3267,1995,1,12385,20618,-8233
3267,1995,2,12385,8258,4127
3267,1995,3,12390,12018,372
3267,1995,4,12380,20018,-7638
3267,1995,5,12370,8518,3852
3267,1995,6,18528,17838,690
3267,1995,7,12375,14018,-1643
3267,1995,8,12382,9238,3144
3267,1995,9,12401,6818,5583
3267,1995,10,12416,11338,1078
3267,1995,11,12408,14938,-2530
3267,1995,12,18555,20158,-1603
3267,1996,1,12378,21078,-8700
3267,1996,2,16989,6418,10571
3267,1996,3,12404,11318,1086
3267,1996,4,12411,12838,-427
3267,1996,5,12417,8518,3899
3267,1996,6,18589,12318,6271
3267,1996,7,12440,15418,-2978
3267,1996,8,12435,12718,-283
3267,1996,9,12431,16158,-3727
3267,1996,10,12423,15398,-2975
3267,1996,11,12413,11258,1155
3267,1996,12,18585,11598,6987
3267,1997,1,14808,22298,-7490
3267,1997,2,12418,9178,3240
3267,1997,3,12433,8918,3515
3267,1997,4,13457,6418,7039
3267,1997,5,12472,16518,-4046
3267,1997,6,18633,16338,2295
3267,1997,7,12468,15538,-3070
3267,1997,8,12455,16218,-3763
3267,1997,9,12440,12018,422
3267,1997,10,12442,10718,1724
3267,1997,11,12447,13418,-971
3267,1997,12,18602,12458,6144
3267,1998,1,15149,19378,-4229
3267,1998,2,12451,11118,1333
3267,1998,3,12452,11598,854
3267,1998,4,12462,8918,3544
3267,1998,5,12477,7718,4759
3267,1998,6,18655,19458,-803
3267,1998,7,12483,21638,-9155
3267,1998,8,12449,13418,-969
3267,1998,9,12448,9918,2530
3267,1998,10,12456,11158,1298
3267,1998,11,12768,6418,6350
3267,1998,12,18648,16023,2625
3268,1993,9,1000,0,1000
3268,1993,10,3420,0,3420
3268,1993,11,3420,0,3420
3268,1993,12,3420,0,3420
3268,1994,1,3420,0,3420
3268,1994,2,3475,2295,1180
3268,1994,3,3491,2295,1196
3268,1994,4,3496,2295,1201
3268,1994,5,3498,3675,-177
3268,1994,6,3492,4815,-1323
3268,1994,7,3494,2295,1199
3268,1994,8,3500,2295,1205
3268,1994,9,3505,2295,1210
3268,1994,10,3503,5095,-1592
3268,1994,11,3505,2295,1210
3268,1994,12,3503,4845,-1342
3268,1995,1,3494,7695,-4201
3268,1995,2,3482,3295,187
3268,1995,3,3482,4095,-613
3268,1995,4,3483,2295,1188
3268,1995,5,3485,3395,90
3268,1995,6,3484,4155,-671
3268,1995,7,3478,5095,-1617
3268,1995,8,3478,3045,433
3268,1995,9,3479,3435,44
3268,1995,10,3475,4795,-1320
3268,1995,11,3470,4095,-625
3268,1995,12,3471,2595,876
3268,1996,1,3475,2865,610
3268,1996,2,3480,3085,395
3268,1996,3,3478,3095,383
3268,1996,4,3481,2775,706
3268,1996,5,3478,4195,-717
3268,1996,6,3473,5295,-1822
3268,1996,7,3474,2295,1179
3268,1996,8,3478,2625,853
3268,1996,9,3482,2655,827
3268,1996,10,3487,3165,322
3268,1996,11,3489,2295,1194
3268,1996,12,3492,2715,777
3268,1997,1,3485,6795,-3310
3268,1997,2,3479,3225,254
3268,1997,3,3482,2295,1187
3268,1997,4,3486,3075,411
3268,1997,5,3489,2295,1194
3268,1997,6,3494,6285,-2791
3268,1997,7,3482,2295,1187
3268,1997,8,3487,3375,112
3268,1997,9,3488,2295,1193
3268,1997,10,3490,3495,-5
3268,1997,11,3492,2295,1197
3268,1997,12,3493,4155,-662
3268,1998,1,3483,5895,-2412
3268,1998,2,3485,2295,1190
3268,1998,3,3489,2715,774
3268,1998,4,3493,2835,658
3268,1998,5,3495,2655,840
3268,1998,6,3500,2295,1205
3268,1998,7,3504,2295,1209
3268,1998,8,3509,2295,1214
3268,1998,9,3513,2805,708
3268,1998,10,3513,3735,-222
3268,1998,11,3515,3105,410
3268,1998,12,3517,3000,517
3269,1995,9,85888,0,85888
3269,1995,10,357,29800,-29443
3269,1995,11,357,15900,-15543
3269,1995,12,357,3700,-3343
3269,1996,1,350,4600,-4250
3269,1996,2,20374,0,20374
3269,1996,3,140,15600,-15460
3269,1996,4,1359,0,1359
3269,1996,5,56889,26415,30474
3269,1996,6,42088,65315,-23227
3269,1996,7,795,15,780
3269,1996,8,101644,97290,4354
3269,1996,9,41121,38620,2501
3269,1996,10,817,14700,-13883
3269,1996,11,93331,52520,40811
3269,1996,12,26573,22115,4458
3269,1997,1,10327,64022,-53695
3269,1997,2,48745,16215,32530
3269,1997,3,6490,11715,-5225
3269,1997,4,67613,62715,4898
3269,1997,5,15451,13015,2436
3269,1997,6,256,22015,-21759
3269,1997,7,61225,29415,31810
3269,1997,8,268,20885,-20617
3269,1997,9,226,6015,-5789
3269,1997,10,18698,13115,5583
3269,1997,11,217,10915,-10698
3269,1997,12,19970,18715,1255
3269,1998,1,58617,43415,15202
3269,1998,2,231,16516,-16285
3269,1998,3,82293,47915,34378
3269,1998,4,35626,32215,3411
3269,1998,5,39986,69415,-29429
3269,1998,6,133326,102315,31011
3269,1998,7,129850,138215,-8365
3269,1998,8,64981,83504,-18523
3269,1998,9,70233,65715,4518
3269,1998,10,207,27283,-27076
3269,1998,11,8725,11215,-2490
3269,1998,12,49120,7100,42020
3270,1995,8,19593,0,19593
3270,1995,9,21981,0,21981
3270,1995,10,19330,10900,8430
3270,1995,11,19363,11400,7963
3270,1995,12,28958,25701,3257
3270,1996,1,19339,37681,-18342
3270,1996,2,19317,17821,1496
3270,1996,3,19324,17621,1703
3270,1996,4,19335,16521,2814
3270,1996,5,19342,17921,1421
3270,1996,6,28941,18521,10420
3270,1996,7,19370,24821,-5451
3270,1996,8,19364,19321,43
3270,1996,9,19361,20421,-1060
3270,1996,10,19367,29521,-10154
3270,1996,11,19347,20801,-1454
3270,1996,12,28936,24501,4435
3270,1997,1,19354,21461,-2107
3270,1997,2,19342,21421,-2079
3270,1997,3,19327,24081,-4754
3270,1997,4,19315,19321,-6
3270,1997,5,19314,19121,193
3270,1997,6,28902,23721,5181
3270,1997,7,19332,23761,-4429
3270,1997,8,19314,19621,-307
3270,1997,9,19315,15821,3494
3270,1997,10,19327,18221,1106
3270,1997,11,19331,18321,1010
3270,1997,12,28915,29641,-726
3270,1998,1,19327,25121,-5794
3270,1998,2,19307,17121,2186
3270,1998,3,19298,21521,-2223
3270,1998,4,19305,19421,-116
3270,1998,5,19304,19021,283
3270,1998,6,28893,19721,9172
3270,1998,7,19338,21821,-2483
3270,1998,8,19335,14721,4614
3270,1998,9,19338,26981,-7643
3270,1998,10,19320,15921,3399
3270,1998,11,19329,18721,608
3270,1998,12,28936,8906,20030
3271,1996,10,1000,0,1000
3271,1996,11,15637,0,15637
3271,1996,12,3870,500,3370
3271,1997,1,3986,0,3986
3271,1997,2,3900,700,3200
3271,1997,3,3903,4115,-212
3271,1997,4,3902,4642,-740
3271,1997,5,3897,4732,-835
3271,1997,6,3879,12522,-8643
3271,1997,7,4567,2542,2025
3271,1997,8,3864,5642,-1778
3271,1997,9,3844,9042,-5198
3271,1997,10,3844,2542,1302
3271,1997,11,3850,2542,1308
3271,1997,12,3854,2752,1102
3271,1998,1,3846,6472,-2626
3271,1998,2,3849,2542,1307
3271,1998,3,3854,2542,1312
3271,1998,4,3860,2542,1318
3271,1998,5,3865,2542,1323
3271,1998,6,3862,9142,-5280
3271,1998,7,3846,3742,104
3271,1998,8,3849,2542,1307
3271,1998,9,3855,2542,1313
3271,1998,10,3860,2542,1318
3271,1998,11,3865,2542,1323
3271,1998,12,3871,2857,1014
3272,1996,8,800,0,800
3272,1996,9,22034,0,22034
3272,1996,10,20627,12000,8627
3272,1996,11,20661,14000,6661
3272,1996,12,30953,25200,5753
3272,1997,1,20746,37880,-17134
3272,1997,2,20691,15480,5211
3272,1997,3,20710,20580,130
3272,1997,4,20710,20980,-270
3272,1997,5,20707,20580,127
3272,1997,6,30979,30100,879
3272,1997,7,20704,22760,-2056
3272,1997,8,20694,22480,-1786
3272,1997,9,20692,17980,2712
3272,1997,10,20694,26380,-5686
3272,1997,11,20674,21280,-606
3272,1997,12,30963,26540,4423
3272,1998,1,20680,26320,-5640
3272,1998,2,20666,20560,106
3272,1998,3,20672,16180,4492
3272,1998,4,20688,17280,3408
3272,1998,5,20701,20280,421
3272,1998,6,31703,47960,-16257
3272,1998,7,20639,13280,7359
3272,1998,8,20662,17680,2982
3272,1998,9,20667,21280,-613
3272,1998,10,20659,23580,-2921
3272,1998,11,20656,17880,2776
3272,1998,12,30961,22565,8396
3273,1995,12,600,0,600
3273,1996,1,49803,11100,38703
3273,1996,2,50105,31500,18605
3273,1996,3,50191,69300,-19109
3273,1996,4,50098,34100,15998
3273,1996,5,50385,46415,3970
3273,1996,6,79111,124715,-45604
3273,1996,7,50070,28215,21855
3273,1996,8,50210,39515,10695
3273,1996,9,50312,45315,4997
3273,1996,10,50198,63415,-13217
3273,1996,11,50196,49308,888
3273,1996,12,75131,68315,6816
3273,1997,1,50162,61015,-10853
3273,1997,2,50134,45115,5019
3273,1997,3,50096,83887,-33791
3273,1997,4,49921,28815,21106
3273,1997,5,50081,50915,-834
3273,1997,6,74992,80616,-5624
3273,1997,7,50011,53264,-3253
3273,1997,8,49948,34415,15533
3273,1997,9,50171,58468,-8297
3273,1997,10,49995,51638,-1643
3273,1997,11,50007,46091,3916
3273,1997,12,74883,104695,-29812
3273,1998,1,49829,52007,-2178
3273,1998,2,49823,37888,11935
3273,1998,3,49873,44015,5858
3273,1998,4,49902,46791,3111
3273,1998,5,49917,48891,1026
3273,1998,6,74774,92742,-17968
3273,1998,7,49808,43226,6582
3273,1998,8,49818,51995,-2177
3273,1998,9,49789,58319,-8530
3273,1998,10,49772,38195,11577
3273,1998,11,49842,46315,3527
3273,1998,12,74717,90292,-15575
3274,1997,9,400,0,400
3274,1997,10,24235,0,24235
3274,1997,11,22911,11400,11511
3274,1997,12,34344,26700,7644
3274,1998,1,22967,23000,-33
3274,1998,2,22982,25290,-2308
3274,1998,3,22974,26690,-3716
3274,1998,4,22962,23790,-828
3274,1998,5,22944,27690,-4746
3274,1998,6,34278,49730,-15452
3274,1998,7,22882,17090,5792
3274,1998,8,22902,21350,1552
3274,1998,9,22906,18390,4516
3274,1998,10,22913,28770,-5857
3274,1998,11,22884,27330,-4446
3274,1998,12,34296,24235,10061
3275,1994,6,1000,0,1000
3275,1994,7,12626,0,12626
3275,1994,8,7681,0,7681
3275,1994,9,7010,3800,3210
3275,1994,10,7025,2800,4225
3275,1994,11,7046,9391,-2345
3275,1994,12,10510,10831,-321
3275,1995,1,9524,14831,-5307
3275,1995,2,7614,5351,2263
3275,1995,3,7026,3891,3135
3275,1995,4,7035,8191,-1156
3275,1995,5,7036,7791,-755
3275,1995,6,10502,7891,2611
3275,1995,7,7038,7291,-253
3275,1995,8,8631,7871,760
3275,1995,9,7033,14151,-7118
3275,1995,10,7018,4291,2727
3275,1995,11,7025,3991,3034
3275,1995,12,10491,14011,-3520
3275,1996,1,7000,16291,-9291
3275,1996,2,7486,3191,4295
3275,1996,3,7000,8171,-1171
3275,1996,4,6998,5191,1807
3275,1996,5,7003,6791,212
3275,1996,6,10469,6891,3578
3275,1996,7,7015,6891,124
3275,1996,8,7008,9991,-2983
3275,1996,9,7008,4991,2017
3275,1996,10,7008,7691,-683
3275,1996,11,7013,3891,3122
3275,1996,12,10491,5911,4580
3275,1997,1,7031,19151,-12120
3275,1997,2,7903,3191,4712
3275,1997,3,7014,4791,2223
3275,1997,4,8128,3191,4937
3275,1997,5,7030,10491,-3461
3275,1997,6,10483,10591,-108
3275,1997,7,7017,8491,-1474
3275,1997,8,7014,10791,-3777
3275,1997,9,12621,7991,4630
3275,1997,10,8340,3191,5149
3275,1997,11,7012,16931,-9919
3275,1997,12,10483,4751,5732
3275,1998,1,7001,16851,-9850
3275,1998,2,6991,6191,800
3275,1998,3,6981,7791,-810
3275,1998,4,6977,7991,-1014
3275,1998,5,6986,3791,3195
3275,1998,6,10441,13391,-2950
3275,1998,7,6975,7691,-716
3275,1998,8,6970,10791,-3821
3275,1998,9,6968,3191,3777
3275,1998,10,6970,8391,-1421
3275,1998,11,6985,3191,3794
3275,1998,12,10461,4456,6005
3276,1997,12,1000,0,1000
3276,1998,1,16012,0,16012
3276,1998,2,8877,0,8877
3276,1998,3,6213,0,6213
3276,1998,4,5637,3400,2237
3276,1998,5,5654,3783,1871
3276,1998,6,16444,28963,-12519
3276,1998,7,6310,3683,2627
3276,1998,8,6922,3683,3239
3276,1998,9,9137,3683,5454
3276,1998,10,9360,3683,5677
3276,1998,11,5678,6483,-805
3276,1998,12,8432,5588,2844
3277,1993,7,17797,0,17797
3277,1993,8,21781,0,21781
3277,1993,9,16844,5900,10944
3277,1993,10,16870,14200,2670
3277,1993,11,16882,17855,-973
3277,1993,12,25200,17475,7725
3277,1994,1,16873,28835,-11962
3277,1994,2,16843,14815,2028
3277,1994,3,16867,14915,1952
3277,1994,4,16860,17195,-335
3277,1994,5,16880,13995,2885
3277,1994,6,25228,27715,-2487
3277,1994,7,16872,16315,557
3277,1994,8,16877,14915,1962
3277,1994,9,16885,15115,1770
3277,1994,10,16884,18515,-1631
3277,1994,11,16888,13815,3073
3277,1994,12,25226,24655,571
3277,1995,1,16840,40595,-23755
3277,1995,2,16804,12115,4689
3277,1995,3,16828,12215,4613
3277,1995,4,16841,14515,2326
3277,1995,5,16855,13015,3840
3277,1995,6,25210,15915,9295
3277,1995,7,16890,20815,-3925
3277,1995,8,16874,36815,-19941
3277,1995,9,16864,19135,-2271
3277,1995,10,16823,14755,2068
3277,1995,11,16811,18575,-1764
3277,1995,12,25165,22035,3130
3277,1996,1,16781,30415,-13634
3277,1996,2,16751,11015,5736
3277,1996,3,16772,16515,257
3277,1996,4,16778,17195,-417
3277,1996,5,16773,14015,2758
3277,1996,6,25123,23695,1428
3277,1996,7,16806,19335,-2529
3277,1996,8,16779,17495,-716
3277,1996,9,16779,12615,4164
3277,1996,10,16792,16515,277
3277,1996,11,16791,18715,-1924
3277,1996,12,25138,24515,623
3277,1997,1,16769,27915,-11146
3277,1997,2,16749,9615,7134
3277,1997,3,16789,15635,1154
3277,1997,4,16778,14015,2763
3277,1997,5,16790,17915,-1125
3277,1997,6,25131,17615,7516
3277,1997,7,16812,16915,-103
3277,1997,8,16811,17315,-504
3277,1997,9,16807,20875,-4068
3277,1997,10,16789,18715,-1926
3277,1997,11,16788,14615,2173
3277,1997,12,25124,25315,-191
3277,1998,1,16767,29195,-12428
3277,1998,2,16757,8415,8342
3277,1998,3,16784,13635,3149
3277,1998,4,16797,13155,3642
3277,1998,5,16804,19475,-2671
3277,1998,6,25132,18715,6417
3277,1998,7,16821,15515,1306
3277,1998,8,16811,23015,-6204
3277,1998,9,16836,12115,4721
3277,1998,10,16817,17015,-198
3277,1998,11,16827,11595,5232
3277,1998,12,25180,18280,6900
3278,1996,1,22604,0,22604
3278,1996,2,22195,0,22195
3278,1996,3,21938,13600,8338
3278,1996,4,21961,16900,5061
3278,1996,5,21977,39315,-17338
3278,1996,6,32809,33935,-1126
3278,1996,7,21888,20815,1073
3278,1996,8,21949,18935,3014
3278,1996,9,21905,21315,590
3278,1996,10,21909,17415,4494
3278,1996,11,21989,22075,-86
3278,1996,12,32791,27555,5236
3278,1997,1,21945,24015,-2070
3278,1997,2,21938,21715,223
3278,1997,3,21978,25115,-3137
3278,1997,4,21951,24555,-2604
3278,1997,5,21970,22075,-105
3278,1997,6,32776,41995,-9219
3278,1997,7,21917,21095,822
3278,1997,8,21886,16215,5671
3278,1997,9,21908,17815,4093
3278,1997,10,21967,20635,1332
3278,1997,11,21927,21015,912
3278,1997,12,32803,28595,4208
3278,1998,1,21955,16415,5540
3278,1998,2,21971,21115,856
3278,1998,3,21977,19315,2662
3278,1998,4,21987,22355,-368
3278,1998,5,21987,18815,3172
3278,1998,6,32857,42835,-9978
3278,1998,7,21958,19115,2843
3278,1998,8,21964,22615,-651
3278,1998,9,21997,22515,-518
3278,1998,10,21952,26515,-4563
3278,1998,11,21940,23715,-1775
3278,1998,12,32905,1120,31785
3279,1994,12,1100,0,1100
3279,1995,1,16039,0,16039
3279,1995,2,21852,7800,14052
3279,1995,3,16036,4900,11136
3279,1995,4,36036,29600,6436
3279,1995,5,202,12100,-11898
3279,1995,6,44103,19630,24473
3279,1995,7,195,26492,-26297
3279,1995,8,1321,11492,-10171
3279,1995,9,6992,11492,-4500
3279,1995,10,8377,11492,-3115
3279,1995,11,70114,11492,58622
3279,1995,12,48759,36761,11998
3279,1996,1,177,63492,-63315
3279,1996,2,59767,37792,21975
3279,1996,3,69429,48292,21137
3279,1996,4,176984,173892,3092
3279,1996,5,24816,46392,-21576
3279,1996,6,94219,46045,48174
3279,1996,7,50186,69192,-19006
3279,1996,8,67645,65292,2353
3279,1996,9,61222,51092,10130
3279,1996,10,51372,38492,12880
3279,1996,11,22199,44092,-21893
3279,1996,12,67521,90692,-23171
3279,1997,1,137,36792,-36655
3279,1997,2,62966,31092,31874
3279,1997,3,154,24535,-24381
3279,1997,4,14520,14192,328
3279,1997,5,10459,11492,-1033
3279,1997,6,51246,53492,-2246
3279,1997,7,54743,44177,10566
3279,1997,8,58069,11492,46577
3279,1997,9,195,48598,-48403
3279,1997,10,8769,11492,-2723
3279,1997,11,2200,11492,-9292
3279,1997,12,24397,11492,12905
3279,1998,1,12648,18692,-6044
3279,1998,2,98683,70992,27691
3279,1998,3,29090,35692,-6602
3279,1998,4,13900,27036,-13136
3279,1998,5,10355,11492,-1137
3279,1998,6,15873,22919,-7046
3279,1998,7,28825,11492,17333
3279,1998,8,31093,23592,7501
3279,1998,9,10394,23509,-13115
3279,1998,10,5967,11492,-5525
3279,1998,11,9546,11492,-1946
3279,1998,12,0,11462,-11462
3280,1996,4,1100,0,1100
3280,1996,5,19388,0,19388
3280,1996,6,21498,9300,12198
3280,1996,7,14404,12800,1604
3280,1996,8,14410,13400,1010
3280,1996,9,14418,18486,-4068
3280,1996,10,14403,17912,-3509
3280,1996,11,14392,14912,-520
3280,1996,12,21525,25692,-4167
3280,1997,1,14357,22772,-8415
3280,1997,2,14340,12112,2228
3280,1997,3,14349,12712,1637
3280,1997,4,14354,13912,442
3280,1997,5,14352,15712,-1360
3280,1997,6,21485,21732,-247
3280,1997,7,14344,15812,-1468
3280,1997,8,14342,13112,1230
3280,1997,9,14344,14112,232
3280,1997,10,14342,15112,-770
3280,1997,11,14342,13012,1330
3280,1997,12,21496,14612,6884
3280,1998,1,14353,25832,-11479
3280,1998,2,14317,16812,-2495
3280,1998,3,14338,4412,9926
3280,1998,4,14334,23412,-9078
3280,1998,5,14341,4412,9929
3280,1998,6,21481,25712,-4231
3280,1998,7,14319,22512,-8193
3280,1998,8,14330,5492,8838
3280,1998,9,14365,8852,5513
3280,1998,10,14391,4412,9979
3280,1998,11,14432,4412,10020
3280,1998,12,21543,34797,-13254
3281,1997,8,800,0,800
3281,1997,9,6288,0,6288
3281,1997,10,6288,0,6288
3281,1997,11,6288,0,6288
3281,1997,12,6374,2400,3974
3281,1998,1,6368,16429,-10061
3281,1998,2,6346,6409,-63
3281,1998,3,6348,5209,1139
3281,1998,4,6350,6649,-299
3281,1998,5,6354,5609,745
3281,1998,6,6351,7209,-858
3281,1998,7,6357,4709,1648
3281,1998,8,6357,6509,-152
3281,1998,9,6361,4609,1752
3281,1998,10,6367,8009,-1642
3281,1998,11,6361,3609,2752
3281,1998,12,6374,4094,2280
3282,1996,11,200,0,200
3282,1996,12,12215,0,12215
3282,1997,1,7062,0,7062
3282,1997,2,6288,915,5373
3282,1997,3,15224,7965,7259
3282,1997,4,2335,2615,-280
3282,1997,5,2329,6415,-4086
3282,1997,6,2313,5115,-2802
3282,1997,7,2301,6415,-4114
3282,1997,8,20655,3315,17340
3282,1997,9,2348,9915,-7567
3282,1997,10,2318,7965,-5647
3282,1997,11,2298,5515,-3217
3282,1997,12,2281,9115,-6834
3282,1998,1,2256,4515,-2259
3282,1998,2,6364,15,6349
3282,1998,3,2279,2365,-86
3282,1998,4,2282,5615,-3333
3282,1998,5,2268,5915,-3647
3282,1998,6,2252,1015,1237
3282,1998,7,2256,1415,841
3282,1998,8,2463,15,2448
3282,1998,9,2267,2815,-548
3282,1998,10,2270,15,2255
3282,1998,11,2273,3615,-1342
3282,1998,12,45254,1800,43454
3283,1993,3,300,0,300
3283,1993,4,18883,0,18883
3283,1993,5,18557,7800,10757
3283,1993,6,27836,16300,11536
3283,1993,7,18638,19400,-762
3283,1993,8,18649,18815,-166
3283,1993,9,18642,22235,-3593
3283,1993,10,18632,17835,797
3283,1993,11,18629,21635,-3006
3283,1993,12,27857,27135,722
3283,1994,1,18617,21435,-2818
3283,1994,2,18615,15335,3280
3283,1994,3,18624,19735,-1111
3283,1994,4,18606,23035,-4429
3283,1994,5,18605,16035,2570
3283,1994,6,27848,39235,-11387
3283,1994,7,18570,13035,5535
3283,1994,8,18584,19335,-751
3283,1994,9,18582,18035,547
3283,1994,10,18586,16835,1751
3283,1994,11,18586,19635,-1049
3283,1994,12,27820,29135,-1315
3283,1995,1,18563,23635,-5072
3283,1995,2,18564,14435,4129
3283,1995,3,18582,14935,3647
3283,1995,4,18587,22035,-3448
3283,1995,5,18576,17635,941
3283,1995,6,27821,31635,-3814
3283,1995,7,18574,12935,5639
3283,1995,8,18605,9535,9070
3283,1995,9,18627,14635,3992
3283,1995,10,18636,17735,901
3283,1995,11,18636,19135,-499
3283,1995,12,27887,19135,8752
3283,1996,1,18633,30835,-12202
3283,1996,2,18617,19835,-1218
3283,1996,3,18610,19435,-825
3283,1996,4,18606,22135,-3529
3283,1996,5,18604,16035,2569
3283,1996,6,27839,27735,104
3283,1996,7,18614,16535,2079
3283,1996,8,18611,20735,-2124
3283,1996,9,18617,14835,3782
3283,1996,10,18623,18535,88
3283,1996,11,18619,20235,-1616
3283,1996,12,27872,19035,8837
3283,1997,1,18610,27335,-8725
3283,1997,2,18608,22035,-3427
3283,1997,3,18570,24935,-6365
3283,1997,4,18572,20035,-1463
3283,1997,5,18570,18535,35
3283,1997,6,27821,19835,7986
3283,1997,7,18588,24235,-5647
3283,1997,8,18608,8735,9873
3283,1997,9,18585,31835,-13250
3283,1997,10,18580,12935,5645
3283,1997,11,18608,33035,-14427
3283,1997,12,27845,26635,1210
3283,1998,1,18557,15435,3122
3283,1998,2,18573,23235,-4662
3283,1998,3,18581,8735,9846
3283,1998,4,18581,28135,-9554
3283,1998,5,18556,8735,9821
3283,1998,6,27840,32335,-4495
3283,1998,7,18578,8735,9843
3283,1998,8,18604,30435,-11831
3283,1998,9,18569,8735,9834
3283,1998,10,18610,8735,9875
3283,1998,11,18628,36235,-17607
3283,1998,12,27813,29820,-2007
3284,1993,5,500,0,500
3284,1993,6,19906,0,19906
3284,1993,7,7406,1800,5606
3284,1993,8,7426,3400,4026
3284,1993,9,7433,7600,-167
3284,1993,10,7437,6387,1050
3284,1993,11,7433,13147,-5714
3284,1993,12,11076,9427,1649
3284,1994,1,10398,17047,-6649
3284,1994,2,10609,4887,5722
3284,1994,3,8921,9567,-646
3284,1994,4,7416,7187,229
3284,1994,5,7416,10767,-3351
3284,1994,6,15159,14327,832
3284,1994,7,7407,6587,820
3284,1994,8,7516,4887,2629
3284,1994,9,7426,4987,2439
3284,1994,10,7427,12247,-4820
3284,1994,11,7401,10087,-2686
3284,1994,12,11044,15367,-4323
3284,1995,1,13403,9527,3876
3284,1995,2,10507,7887,2620
3284,1995,3,7394,13847,-6453
3284,1995,4,11401,4887,6514
3284,1995,5,7406,8427,-1021
3284,1995,6,11880,4887,6993
3284,1995,7,7411,16427,-9016
3284,1995,8,7388,10567,-3179
3284,1995,9,10793,7167,3626
3284,1995,10,9712,4887,4825
3284,1995,11,7386,15967,-8581
3284,1995,12,13455,8727,4728
3284,1996,1,7396,8487,-1091
3284,1996,2,7398,6687,711
3284,1996,3,7397,7787,-390
3284,1996,4,7400,6287,1113
3284,1996,5,7399,9087,-1688
3284,1996,6,11067,5887,5180
3284,1996,7,7422,7887,-465
3284,1996,8,7420,8687,-1267
3284,1996,9,7402,11667,-4265
3284,1996,10,7392,10607,-3215
3284,1996,11,9679,9327,352
3284,1996,12,11051,5847,5204
3284,1997,1,11506,8447,3059
3284,1997,2,7412,9427,-2015
3284,1997,3,9107,7767,1340
3284,1997,4,7411,8427,-1016
3284,1997,5,7411,7087,324
3284,1997,6,11079,6587,4492
3284,1997,7,7427,10887,-3460
3284,1997,8,8319,4887,3432
3284,1997,9,7429,8287,-858
3284,1997,10,7422,12147,-4725
3284,1997,11,7405,8387,-982
3284,1997,12,11070,6287,4783
3284,1998,1,8000,16647,-8647
3284,1998,2,7388,5187,2201
3284,1998,3,7393,8187,-794
3284,1998,4,7388,8627,-1239
3284,1998,5,8290,4887,3403
3284,1998,6,11063,8887,2176
3284,1998,7,7403,10387,-2984
3284,1998,8,7390,11727,-4337
3284,1998,9,7380,5687,1693
3284,1998,10,7383,7587,-204
3284,1998,11,9892,4887,5005
3284,1998,12,11064,10172,892
3285,1996,5,3459,0,3459
3285,1996,6,3165,0,3165
3285,1996,7,3165,0,3165
3285,1996,8,3165,0,3165
3285,1996,9,3195,2115,1080
3285,1996,10,3211,2715,496
3285,1996,11,3213,2685,528
3285,1996,12,3220,2325,895
3285,1997,1,3214,5085,-1871
3285,1997,2,3216,2115,1101
3285,1997,3,3222,2115,1107
3285,1997,4,3226,2115,1111
3285,1997,5,3226,2115,1111
3285,1997,6,3235,2115,1120
3285,1997,7,3232,3555,-323
3285,1997,8,3231,3465,-234
3285,1997,9,3233,2115,1118
3285,1997,10,3238,2955,283
3285,1997,11,3244,2115,1129
3285,1997,12,3243,2505,738
3285,1998,1,3238,5235,-1997
3285,1998,2,3236,3195,41
3285,1998,3,3243,2115,1128
3285,1998,4,3248,2115,1133
3285,1998,5,3246,2985,261
3285,1998,6,3249,2115,1134
3285,1998,7,3251,3255,-4
3285,1998,8,3256,3285,-29
3285,1998,9,3253,2115,1138
3285,1998,10,3263,2115,1148
3285,1998,11,3262,3435,-173
3285,1998,12,3262,2640,622
3286,1996,2,300,0,300
3286,1996,3,34440,3300,31140
3286,1996,4,131,4300,-4169
3286,1996,5,631,0,631
3286,1996,6,24964,13500,11464
3286,1996,7,56383,34000,22383
3286,1996,8,48092,77854,-29762
3286,1996,9,39988,11800,28188
3286,1996,10,11218,35517,-24299
3286,1996,11,117067,98059,19008
3286,1996,12,23679,53303,-29624
3286,1997,1,43152,48100,-4948
3286,1997,2,26752,17100,9652
3286,1997,3,5495,15362,-9867
3286,1997,4,99228,17700,81528
3286,1997,5,96878,105000,-8122
3286,1997,6,13382,61931,-48549
3286,1997,7,62765,37979,24786
3286,1997,8,253,21200,-20947
3286,1997,9,85221,84936,285
3286,1997,10,7609,34264,-26655
3286,1997,11,18618,11800,6818
3286,1997,12,10014,14993,-4979
3286,1998,1,114176,62000,52176
3286,1998,2,59535,89637,-30102
3286,1998,3,49826,11800,38026
3286,1998,4,103230,111743,-8513
3286,1998,5,10377,38579,-28202
3286,1998,6,40721,27700,13021
3286,1998,7,68035,32499,35536
3286,1998,8,299,60615,-60316
3286,1998,9,16054,20686,-4632
3286,1998,10,63164,28354,34810
3286,1998,11,68987,75160,-6173
3286,1998,12,30146,51985,-21839
3287,1993,7,900,0,900
3287,1993,8,21956,1700,20256
3287,1993,9,22039,7100,14939
3287,1993,10,22089,19000,3089
3287,1993,11,22105,16000,6105
3287,1993,12,33100,26515,6585
3287,1994,1,22136,43863,-21727
3287,1994,2,22084,15883,6201
3287,1994,3,22106,21183,923
3287,1994,4,22110,20283,1827
3287,1994,5,22116,21183,933
3287,1994,6,33095,30963,2132
3287,1994,7,22122,27603,-5481
3287,1994,8,22106,18683,3423
3287,1994,9,22111,23083,-972
3287,1994,10,22110,21523,587
3287,1994,11,22109,22483,-374
3287,1994,12,33082,34043,-961
3287,1995,1,22062,35583,-13521
3287,1995,2,22054,16783,5271
3287,1995,3,22067,20743,1324
3287,1995,4,22063,25223,-3160
3287,1995,5,22061,21283,778
3287,1995,6,33031,43123,-10092
3287,1995,7,22034,14583,7451
3287,1995,8,22060,16583,5477
3287,1995,9,22072,20923,1149
3287,1995,10,22074,25443,-3369
3287,1995,11,22090,8283,13807
3287,1995,12,33120,17903,15217
3287,1996,1,22129,39983,-17854
3287,1996,2,22118,15483,6635
3287,1996,3,22126,24083,-1957
3287,1996,4,22120,22823,-703
3287,1996,5,22122,20783,1339
3287,1996,6,33076,43103,-10027
3287,1996,7,22098,15683,6415
3287,1996,8,22106,25463,-3357
3287,1996,9,22098,20683,1415
3287,1996,10,22099,22583,-484
3287,1996,11,22095,23283,-1188
3287,1996,12,33082,26923,6159
3287,1997,1,22065,37603,-15538
3287,1997,2,22067,16583,5484
3287,1997,3,22080,20683,1397
3287,1997,4,22088,20883,1205
3287,1997,5,22090,21183,907
3287,1997,6,33044,32743,301
3287,1997,7,22105,16983,5122
3287,1997,8,22112,24303,-2191
3287,1997,9,22116,17283,4833
3287,1997,10,22116,26323,-4207
3287,1997,11,22093,21243,850
3287,1997,12,33086,23063,10023
3287,1998,1,22055,51763,-29708
3287,1998,2,22064,6983,15081
3287,1998,3,22090,25283,-3193
3287,1998,4,22084,19183,2901
3287,1998,5,22092,36203,-14111
3287,1998,6,33053,34543,-1490
3287,1998,7,22057,25043,-2986
3287,1998,8,22043,25183,-3140
3287,1998,9,22036,6983,15053
3287,1998,10,22087,29883,-7796
3287,1998,11,22062,12863,9199
3287,1998,12,33093,12968,20125
3288,1994,9,700,0,700
3288,1994,10,5476,0,5476
3288,1994,11,5476,0,5476
3288,1994,12,5476,0,5476
3288,1995,1,5476,0,5476
3288,1995,2,5543,1515,4028
3288,1995,3,5595,2686,2909
3288,1995,4,5594,7786,-2192
3288,1995,5,5582,11566,-5984
3288,1995,6,5573,2486,3087
3288,1995,7,5586,2986,2600
3288,1995,8,5591,4386,1205
3288,1995,9,5597,4226,1371
3288,1995,10,5595,6886,-1291
3288,1995,11,5586,8926,-3340
3288,1995,12,5586,3486,2100
3288,1996,1,5569,14036,-8467
3288,1996,2,5557,3846,1711
3288,1996,3,5569,2486,3083
3288,1996,4,5579,4086,1493
3288,1996,5,5582,6546,-964
3288,1996,6,5584,2486,3098
3288,1996,7,5596,2586,3010
3288,1996,8,5603,4486,1117
3288,1996,9,5604,5786,-182
3288,1996,10,5613,2486,3127
3288,1996,11,5614,6486,-872
3288,1996,12,5605,8336,-2731
3288,1997,1,5575,14726,-9151
3288,1997,2,5572,4406,1166
3288,1997,3,5561,7966,-2405
3288,1997,4,5556,8106,-2550
3288,1997,5,5550,4686,864
3288,1997,6,5546,6506,-960
3288,1997,7,5556,7086,-1530
3288,1997,8,5550,2486,3064
3288,1997,9,5561,8786,-3225
3288,1997,10,5548,5686,-138
3288,1997,11,5546,7886,-2340
3288,1997,12,5537,5886,-349
3288,1998,1,5533,4266,1267
3288,1998,2,5541,5386,155
3288,1998,3,5542,4186,1356
3288,1998,4,5548,2586,2962
3288,1998,5,5558,7286,-1728
3288,1998,6,5549,9286,-3737
3288,1998,7,5538,2486,3052
3288,1998,8,5548,4486,1062
3288,1998,9,5548,8326,-2778
3288,1998,10,5540,5466,74
3288,1998,11,5537,5046,491
3288,1998,12,5546,2471,3075
3289,1994,6,19864,0,19864
3289,1994,7,14195,0,14195
3289,1994,8,12829,15100,-2271
3289,1994,9,12796,11200,1596
3289,1994,10,12820,15675,-2855
3289,1994,11,12810,13875,-1065
3289,1994,12,19158,16015,3143
3289,1995,1,14558,29395,-14837
3289,1995,2,14258,7275,6983
3289,1995,3,12784,13775,-991
3289,1995,4,12768,14515,-1747
3289,1995,5,12770,10775,1995
3289,1995,6,19136,12775,6361
3289,1995,7,12798,19935,-7137
3289,1995,8,12775,12875,-100
3289,1995,9,12779,10175,2604
3289,1995,10,12770,15555,-2785
3289,1995,11,12779,8175,4604
3289,1995,12,19144,15415,3729
3289,1996,1,13176,28475,-15299
3289,1996,2,16153,7275,8878
3289,1996,3,12786,7375,5411
3289,1996,4,12805,11975,830
3289,1996,5,12793,14695,-1902
3289,1996,6,19132,19755,-623
3289,1996,7,12791,14455,-1664
3289,1996,8,12791,9575,3216
3289,1996,9,12798,13115,-317
3289,1996,10,12783,16215,-3432
3289,1996,11,12789,9375,3414
3289,1996,12,19148,17095,2053
3289,1997,1,12976,29235,-16259
3289,1997,2,17458,7275,10183
3289,1997,3,12784,11275,1509
3289,1997,4,12792,9275,3517
3289,1997,5,13697,17715,-4018
3289,1997,6,22333,14715,7618
3289,1997,7,12809,16395,-3586
3289,1997,8,12805,12375,430
3289,1997,9,12806,10135,2671
3289,1997,10,12817,10475,2342
3289,1997,11,12832,8375,4457
3289,1997,12,19180,16615,2565
3289,1998,1,14710,30875,-16165
3289,1998,2,14400,7275,7125
3289,1998,3,14024,9555,4469
3289,1998,4,12830,12475,355
3289,1998,5,12830,16415,-3585
3289,1998,6,19177,10075,9102
3289,1998,7,12861,9275,3586
3289,1998,8,13886,7275,6611
3289,1998,9,12912,9375,3537
3289,1998,10,12906,12875,31
3289,1998,11,12901,14275,-1374
3289,1998,12,19237,18200,1037
3290,1996,12,58308,0,58308
3290,1997,1,38926,18500,20426
3290,1997,2,38978,29400,9578
3290,1997,3,39002,35100,3902
3290,1997,4,39013,36815,2198
3290,1997,5,39026,35915,3111
3290,1997,6,58312,68315,-10003
3290,1997,7,39002,34115,4887
3290,1997,8,38893,67945,-29052
3290,1997,9,38956,25815,13141
3290,1997,10,38947,48885,-9938
3290,1997,11,38929,22815,16114
3290,1997,12,58240,66410,-8170
3290,1998,1,38931,46515,-7584
3290,1998,2,38950,29415,9535
3290,1998,3,38984,24615,14369
3290,1998,4,39020,32515,6505
3290,1998,5,39033,37315,1718
3290,1998,6,58269,107715,-49446
3290,1998,7,38901,14815,24086
3290,1998,8,38976,53115,-14139
3290,1998,9,38877,35115,3762
3290,1998,10,39021,39115,-94
3290,1998,11,38887,36315,2572
3290,1998,12,58289,55700,2589
3291,1996,11,1000,0,1000
3291,1996,12,5355,0,5355
3291,1997,1,5355,0,5355
3291,1997,2,5355,0,5355
3291,1997,3,5355,0,5355
3291,1997,4,5359,15,5344
3291,1997,5,5472,5320,152
3291,1997,6,5453,15770,-10317
3291,1997,7,5436,2520,2916
3291,1997,8,5448,2520,2928
3291,1997,9,5460,2920,2540
3291,1997,10,5463,6140,-677
3291,1997,11,5465,3680,1785
3291,1997,12,5457,6780,-1323
3291,1998,1,5445,16590,-11145
3291,1998,2,5414,4120,1294
3291,1998,3,5429,2520,2909
3291,1998,4,5434,5160,274
3291,1998,5,5442,2520,2922
3291,1998,6,5454,2520,2934
3291,1998,7,5454,6120,-666
3291,1998,8,5457,4120,1337
3291,1998,9,5443,9520,-4077
3291,1998,10,5432,7820,-2388
3291,1998,11,5442,2520,2922
3291,1998,12,5431,10825,-5394
3292,1993,12,800,0,800
3292,1994,1,4805,0,4805
3292,1994,2,4805,0,4805
3292,1994,3,4805,0,4805
3292,1994,4,4805,0,4805
3292,1994,5,4837,2975,1862
3292,1994,6,4891,7025,-2134
3292,1994,7,4891,3285,1606
3292,1994,8,4898,3185,1713
3292,1994,9,4904,3785,1119
3292,1994,10,4910,3745,1165
3292,1994,11,4915,3185,1730
3292,1994,12,4908,10365,-5457
3292,1995,1,4897,4185,712
3292,1995,2,4900,4705,195
3292,1995,3,4902,3885,1017
3292,1995,4,4903,4665,238
3292,1995,5,4907,3785,1122
3292,1995,6,4899,7935,-3036
3292,1995,7,4891,7085,-2194
3292,1995,8,4889,4085,804
3292,1995,9,4889,8945,-4056
3292,1995,10,4877,3185,1692
3292,1995,11,4884,3185,1699
3292,1995,12,4890,3735,1155
3292,1996,1,4884,7785,-2901
3292,1996,2,4884,3185,1699
3292,1996,3,4891,3185,1706
3292,1996,4,4895,3985,910
3292,1996,5,4902,3185,1717
3292,1996,6,4903,4945,-42
3292,1996,7,4895,10805,-5910
3292,1996,8,4884,3185,1699
3292,1996,9,4891,3185,1706
3292,1996,10,4893,4685,208
3292,1996,11,4890,6085,-1195
3292,1996,12,4877,9435,-4558
3292,1997,1,4874,4885,-11
3292,1997,2,4864,6785,-1921
3292,1997,3,4865,4385,480
3292,1997,4,4867,3485,1382
3292,1997,5,4869,4885,-16
3292,1997,6,4875,3185,1690
3292,1997,7,4875,5285,-410
3292,1997,8,4868,7285,-2417
3292,1997,9,4870,3185,1685
3292,1997,10,4877,3185,1692
3292,1997,11,4884,3185,1699
3292,1997,12,4887,6565,-1678
3292,1998,1,4884,3185,1699
3292,1998,2,4890,6385,-1495
3292,1998,3,4890,3185,1705
3292,1998,4,4891,3185,1706
3292,1998,5,4893,5185,-292
3292,1998,6,4896,6185,-1289
3292,1998,7,4892,3185,1707
3292,1998,8,4896,5505,-609
3292,1998,9,4891,5345,-454
3292,1998,10,4894,3185,1709
3292,1998,11,4901,3185,1716
3292,1998,12,4904,4320,584
3293,1997,8,47251,0,47251
3293,1997,9,46297,15600,30697
3293,1997,10,46388,28700,17688
3293,1997,11,46433,38300,8133
3293,1997,12,69323,131361,-62038
3293,1998,1,46190,69549,-23359
3293,1998,2,48989,11992,36997
3293,1998,3,46287,26492,19795
3293,1998,4,46261,74530,-28269
3293,1998,5,46228,43197,3031
3293,1998,6,69289,63185,6104
3293,1998,7,46299,36992,9307
3293,1998,8,46300,39592,6708
3293,1998,9,46286,74980,-28694
3293,1998,10,46241,39799,6442
3293,1998,11,46261,38192,8069
3293,1998,12,69288,61904,7384
3294,1996,4,11575,0,11575
3294,1996,5,20148,0,20148
3294,1996,6,16132,2800,13332
3294,1996,7,10836,8100,2736
3294,1996,8,10850,7215,3635
3294,1996,9,10818,20084,-9266
3294,1996,10,10802,13884,-3082
3294,1996,11,10771,19364,-8593
3294,1996,12,17311,10704,6607
3294,1997,1,10779,20444,-9665
3294,1997,2,14174,8424,5750
3294,1997,3,12696,6384,6312
3294,1997,4,10812,7424,3388
3294,1997,5,13539,6384,7155
3294,1997,6,16683,39344,-22661
3294,1997,7,22304,6384,15920
3294,1997,8,16149,6384,9765
3294,1997,9,10859,10844,15
3294,1997,10,10868,10584,284
3294,1997,11,10875,8284,2591
3294,1997,12,17007,10864,6143
3294,1998,1,11583,18144,-6561
3294,1998,2,10883,11284,-401
3294,1998,3,10881,11784,-903
3294,1998,4,10878,9784,1094
3294,1998,5,10871,11084,-213
3294,1998,6,25975,37744,-11769
3294,1998,7,19020,10944,8076
3294,1998,8,10862,12024,-1162
3294,1998,9,10861,6484,4377
3294,1998,10,10865,14584,-3719
3294,1998,11,10844,15184,-4340
3294,1998,12,16179,7469,8710
3296,1996,3,1000,0,1000
3296,1996,4,46176,9700,36476
3296,1996,5,46285,29100,17185
3296,1996,6,69415,45600,23815
3296,1996,7,46458,28200,18258
3296,1996,8,46424,73915,-27491
3296,1996,9,46412,25254,21158
3296,1996,10,46465,38454,8011
3296,1996,11,46340,103154,-56814
3296,1996,12,72901,30854,42047
3296,1997,1,46324,89854,-43530
3296,1997,2,46306,17454,28852
3296,1997,3,46337,58190,-11853
3296,1997,4,46369,21754,24615
3296,1997,5,46418,45754,664
3296,1997,6,69474,49788,19686
3296,1997,7,46484,44354,2130
3296,1997,8,46465,68077,-21612
3296,1997,9,46411,41404,5007
3296,1997,10,46425,44154,2271
3296,1997,11,46368,65653,-19285
3296,1997,12,69462,38754,30708
3296,1998,1,46331,101154,-54823
3296,1998,2,46253,59665,-13412
3296,1998,3,46246,35997,10249
3296,1998,4,46298,23754,22544
3296,1998,5,46352,35854,10498
3296,1998,6,69418,57254,12164
3296,1998,7,46423,43598,2825
3296,1998,8,46433,42854,3579
3296,1998,9,46408,50725,-4317
3296,1998,10,46406,76079,-29673
3296,1998,11,46379,42717,3662
3296,1998,12,69401,73539,-4138
3297,1995,2,1100,0,1100
3297,1995,3,19498,0,19498
3297,1995,4,15861,8300,7561
3297,1995,5,15887,11700,4187
3297,1995,6,23789,17900,5889
3297,1995,7,15917,17915,-1998
3297,1995,8,15905,23275,-7370
3297,1995,9,15887,14375,1512
3297,1995,10,15898,13915,1983
3297,1995,11,15903,13315,2588
3297,1995,12,23798,22475,1323
3297,1996,1,15897,31215,-15318
3297,1996,2,15888,11315,4573
3297,1996,3,15878,11815,4063
3297,1996,4,15925,14415,1510
3297,1996,5,15882,19035,-3153
3297,1996,6,23792,22155,1637
3297,1996,7,15908,7315,8593
3297,1996,8,15935,12535,3400
3297,1996,9,15936,16655,-719
3297,1996,10,15930,16515,-585
3297,1996,11,15927,17815,-1888
3297,1996,12,23829,17395,6434
3297,1997,1,15942,21295,-5353
3297,1997,2,15939,10715,5224
3297,1997,3,15956,15615,341
3297,1997,4,15933,19635,-3702
3297,1997,5,15942,12515,3427
3297,1997,6,23857,32315,-8458
3297,1997,7,15939,5915,10024
3297,1997,8,15956,18895,-2939
3297,1997,9,15961,10315,5646
3297,1997,10,15950,23195,-7245
3297,1997,11,15940,13715,2225
3297,1997,12,23852,14475,9377
3297,1998,1,15969,22875,-6906
3297,1998,2,15971,9115,6856
3297,1998,3,15982,16015,-33
3297,1998,4,15973,19415,-3442
3297,1998,5,15972,14415,1557
3297,1998,6,23812,43515,-19703
3297,1998,7,15874,25395,-9521
3297,1998,8,15894,13215,2679
3297,1998,9,15863,15515,348
3297,1998,10,15885,19075,-3190
3297,1998,11,15883,14855,1028
3297,1998,12,23776,5520,18256
3298,1993,8,8346,0,8346
3298,1993,9,16600,0,16600
3298,1993,10,8851,0,8851
3298,1993,11,7373,4500,2873
3298,1993,12,10999,8515,2484
3298,1994,1,7360,17915,-10555
3298,1994,2,7359,915,6444
3298,1994,3,7376,5715,1661
3298,1994,4,7381,6515,866
3298,1994,5,7380,14515,-7135
3298,1994,6,10972,13415,-2443
3298,1994,7,7344,1915,5429
3298,1994,8,7365,6915,450
3298,1994,9,7367,6715,652
3298,1994,10,7369,7815,-446
3298,1994,11,7369,6415,954
3298,1994,12,10986,8915,2071
3298,1995,1,7359,16515,-9156
3298,1995,2,10351,4915,5436
3298,1995,3,7367,4715,2652
3298,1995,4,7376,6515,861
3298,1995,5,7380,6415,965
3298,1995,6,11006,8615,2391
3298,1995,7,7397,3215,4182
3298,1995,8,7408,9415,-2007
3298,1995,9,7403,6215,1188
3298,1995,10,7409,8715,-1306
3298,1995,11,7411,3615,3796
3298,1995,12,11034,9315,1719
3298,1996,1,7413,15015,-7602
3298,1996,2,8503,3515,4988
3298,1996,3,7418,4315,3103
3298,1996,4,7433,4715,2718
3298,1996,5,7439,6215,1224
3298,1996,6,11052,15315,-4263
3298,1996,7,7430,4315,3115
3298,1996,8,7438,6915,523
3298,1996,9,7440,9715,-2275
3298,1996,10,7434,5115,2319
3298,1996,11,7442,6315,1127
3298,1996,12,11066,7115,3951
3298,1997,1,7435,19915,-12480
3298,1997,2,7424,4315,3109
3298,1997,3,7433,2015,5418
3298,1997,4,7436,11815,-4379
3298,1997,5,7437,2415,5022
3298,1997,6,11045,31715,-20670
3298,1997,7,14591,715,13876
3298,1997,8,9338,2515,6823
3298,1997,9,7455,3615,3840
3298,1997,10,7457,9415,-1958
3298,1997,11,7456,6915,541
3298,1997,12,11066,11115,-49
3298,1998,1,7424,18515,-11091
3298,1998,2,7415,4515,2900
3298,1998,3,7431,3815,3616
3298,1998,4,7444,3715,3729
3298,1998,5,7448,8715,-1267
3298,1998,6,13029,25915,-12886
3298,1998,7,7395,6115,1280
3298,1998,8,7392,9315,-1923
3298,1998,9,7395,4815,2580
3298,1998,10,7401,9415,-2014
3298,1998,11,7402,2515,4887
3298,1998,12,11035,6800,4235
3299,1997,5,25203,0,25203
3299,1997,6,2205,0,2205
3299,1997,7,105,2000,-1895
3299,1997,8,1505,0,1505
3299,1997,9,1705,0,1705
3299,1997,10,105,1900,-1795
3299,1997,11,705,0,705
3299,1997,12,4405,0,4405
3299,1998,1,40608,21700,18908
3299,1998,2,21141,23600,-2459
3299,1998,3,28591,9200,19391
3299,1998,4,41152,20430,20722
3299,1998,5,19294,42130,-22836
3299,1998,6,21726,27430,-5704
3299,1998,7,178,28830,-28652
3299,1998,8,2623,4930,-2307
3299,1998,9,90193,24530,65663
3299,1998,10,75226,122598,-47372
3299,1998,11,6543,16330,-9787
3299,1998,12,24349,34203,-9854
3300,1997,9,1100,0,1100
3300,1997,10,46780,12700,34080
3300,1997,11,46899,28100,18799
3300,1997,12,70308,73500,-3192
3300,1998,1,46956,33800,13156
3300,1998,2,46954,69815,-22861
3300,1998,3,46884,61547,-14663
3300,1998,4,46872,36547,10325
3300,1998,5,46914,34047,12867
3300,1998,6,70326,63347,6979
3300,1998,7,46937,59647,-12710
3300,1998,8,46900,56547,-9647
3300,1998,9,46923,42447,4476
3300,1998,10,46941,42547,4394
3300,1998,11,46955,25809,21146
3300,1998,12,70403,51132,19271
3301,1996,4,900,0,900
3301,1996,5,22294,0,22294
3301,1996,6,24370,8500,15870
3301,1996,7,16339,12300,4039
3301,1996,8,16353,15000,1353
3301,1996,9,16367,23371,-7004
3301,1996,10,16333,22971,-6638
3301,1996,11,16312,21571,-5259
3301,1996,12,24400,19771,4629
3301,1997,1,16296,27271,-10975
3301,1997,2,16273,12271,4002
3301,1997,3,16285,16371,-86
3301,1997,4,16283,16471,-188
3301,1997,5,16282,16671,-389
3301,1997,6,24382,20671,3711
3301,1997,7,16293,17471,-1178
3301,1997,8,16285,18171,-1886
3301,1997,9,16272,19971,-3699
3301,1997,10,16259,18371,-2112
3301,1997,11,16254,16171,83
3301,1997,12,24348,24471,-123
3301,1998,1,16245,19071,-2826
3301,1998,2,16238,16671,-433
3301,1998,3,16235,18271,-2036
3301,1998,4,16231,15371,860
3301,1998,5,16258,4971,11287
3301,1998,6,24365,26371,-2006
3301,1998,7,16255,24471,-8216
3301,1998,8,16263,4971,11292
3301,1998,9,16262,22871,-6609
3301,1998,10,16268,12771,3497
3301,1998,11,16243,23971,-7728
3301,1998,12,24315,26156,-1841
3302,1993,3,3719,0,3719
3302,1993,4,13663,0,13663
3302,1993,5,8505,0,8505
3302,1993,6,3116,600,2516
3302,1993,7,3132,4787,-1655
3302,1993,8,3121,3820,-699
3302,1993,9,3111,6080,-2969
3302,1993,10,4808,2020,2788
3302,1993,11,3619,2020,1599
3302,1993,12,3122,3210,-88
3302,1994,1,3116,6680,-3564
3302,1994,2,3109,2220,889
3302,1994,3,3113,3120,-7
3302,1994,4,3113,3020,93
3302,1994,5,3113,3420,-307
3302,1994,6,3507,3790,-283
3302,1994,7,3712,2020,1692
3302,1994,8,5617,3490,2127
3302,1994,9,3125,3720,-595
3302,1994,10,3122,4420,-1298
3302,1994,11,3820,2020,1800
3302,1994,12,3327,2260,1067
3302,1995,1,4127,5980,-1853
3302,1995,2,5727,2020,3707
3302,1995,3,3639,2020,1619
3302,1995,4,3143,3520,-377
3302,1995,5,3142,3320,-178
3302,1995,6,7440,6730,710
3302,1995,7,3446,2020,1426
3302,1995,8,3149,3180,-31
3302,1995,9,3853,2020,1833
3302,1995,10,3154,5600,-2446
3302,1995,11,3850,2020,1830
3302,1995,12,3858,2230,1628
3302,1996,1,3151,8770,-5619
3302,1996,2,4441,2380,2061
3302,1996,3,3137,7220,-4083
3302,1996,4,3120,7480,-4360
3302,1996,5,3107,4620,-1513
3302,1996,6,6889,9550,-2661
3302,1996,7,4198,2020,2178
3302,1996,8,3102,3120,-18
3302,1996,9,3103,3120,-17
3302,1996,10,4706,3160,1546
3302,1996,11,3103,4880,-1777
3302,1996,12,5007,2890,2117
3302,1997,1,3701,8830,-5129
3302,1997,2,8105,2020,6085
3302,1997,3,4919,2500,2419
3302,1997,4,4830,2350,2480
3302,1997,5,3737,4000,-263
3302,1997,6,5234,5800,-566
3302,1997,7,10352,2830,7522
3302,1997,8,5370,3070,2300
3302,1997,9,8691,2020,6671
3302,1997,10,4003,2020,1983
3302,1997,11,3208,2120,1088
3302,1997,12,3205,4640,-1435
3302,1998,1,3199,8100,-4901
3302,1998,2,8303,2650,5653
3302,1998,3,7324,2020,5304
3302,1998,4,9654,2020,7634
3302,1998,5,3259,3420,-161
3302,1998,6,3259,5670,-2411
3302,1998,7,3234,8220,-4986
3302,1998,8,3224,4320,-1096
3302,1998,9,3216,5820,-2604
3302,1998,10,4922,2020,2902
3302,1998,11,7241,3720,3521
3302,1998,12,7356,2605,4751
3303,1995,11,800,0,800
3303,1995,12,30661,5200,25461
3303,1996,1,20528,13900,6628
3303,1996,2,20553,15200,5353
3303,1996,3,20565,20000,565
3303,1996,4,20559,23715,-3156
3303,1996,5,20551,24235,-3684
3303,1996,6,30811,20015,10796
3303,1996,7,20577,24775,-4198
3303,1996,8,20596,7915,12681
3303,1996,9,20630,18035,2595
3303,1996,10,20637,17115,3522
3303,1996,11,20650,17715,2935
3303,1996,12,30893,19875,11018
3303,1997,1,20648,38915,-18267
3303,1997,2,20634,16615,4019
3303,1997,3,20646,19015,1631
3303,1997,4,20641,24775,-4134
3303,1997,5,20640,17215,3425
3303,1997,6,30796,54335,-23539
3303,1997,7,20584,5515,15069
3303,1997,8,20628,13215,7413
3303,1997,9,20625,19355,1270
3303,1997,10,20644,21615,-971
3303,1997,11,20634,24215,-3581
3303,1997,12,30853,24015,6838
3303,1998,1,20603,38415,-17812
3303,1998,2,20599,12515,8084
3303,1998,3,20623,17115,3508
3303,1998,4,20636,17815,2821
3303,1998,5,20640,21375,-735
3303,1998,6,30840,51675,-20835
3303,1998,7,20584,7015,13569
3303,1998,8,20623,14115,6508
3303,1998,9,20652,13955,6697
3303,1998,10,20677,14315,6362
3303,1998,11,20692,20395,297
3303,1998,12,30885,20420,10465
3304,1997,1,800,0,800
3304,1997,2,15068,0,15068
3304,1997,3,11221,1500,9721
3304,1997,4,11242,10700,542
3304,1997,5,11251,7700,3551
3304,1997,6,17125,19395,-2270
3304,1997,7,11257,11335,-78
3304,1997,8,11258,8775,2483
3304,1997,9,11271,7675,3596
3304,1997,10,11281,10935,346
3304,1997,11,11280,10075,1205
3304,1997,12,16843,20495,-3652
3304,1998,1,11251,22135,-10884
3304,1998,2,11231,9115,2116
3304,1998,3,11215,18215,-7000
3304,1998,4,11217,5275,5942
3304,1998,5,11235,7775,3460
3304,1998,6,16840,11575,5265
3304,1998,7,11252,13975,-2723
3304,1998,8,11232,19635,-8403
3304,1998,9,11198,17115,-5917
3304,1998,10,11188,11975,-787
3304,1998,11,11183,12775,-1592
3304,1998,12,16760,13260,3500
3305,1995,12,7302,0,7302
3305,1996,1,6714,0,6714
3305,1996,2,6714,0,6714
3305,1996,3,6714,0,6714
3305,1996,4,6770,3915,2855
3305,1996,5,6805,8295,-1490
3305,1996,6,6793,20545,-13752
3305,1996,7,6755,2895,3860
3305,1996,8,6767,7675,-908
3305,1996,9,6761,5195,1566
3305,1996,10,6765,6395,370
3305,1996,11,6770,6955,-185
3305,1996,12,6758,9685,-2927
3305,1997,1,6738,10775,-4037
3305,1997,2,6741,5655,1086
3305,1997,3,6749,3535,3214
3305,1997,4,6759,4695,2064
3305,1997,5,6763,5615,1148
3305,1997,6,6761,12295,-5534
3305,1997,7,6745,8495,-1750
3305,1997,8,6745,7195,-450
3305,1997,9,6744,2895,3849
3305,1997,10,6760,4575,2185
3305,1997,11,6766,11595,-4829
3305,1997,12,6750,2895,3855
3305,1998,1,6755,9855,-3100
3305,1998,2,6749,8695,-1946
3305,1998,3,6744,5895,849
3305,1998,4,6748,2895,3853
3305,1998,5,6763,4795,1968
3305,1998,6,6764,7645,-881
3305,1998,7,6766,6795,-29
3305,1998,8,6766,6795,-29
3305,1998,9,6755,9915,-3160
3305,1998,10,6748,9195,-2447
3305,1998,11,6742,5595,1147
3305,1998,12,6744,7380,-636
3306,1993,8,800,0,800
3306,1993,9,18884,0,18884
3306,1993,10,11952,5500,6452
3306,1993,11,11974,9100,2874
3306,1993,12,17924,10400,7524
3306,1994,1,12013,17828,-5815
3306,1994,2,12006,9828,2178
3306,1994,3,12012,12428,-416
3306,1994,4,12009,13528,-1519
3306,1994,5,12006,10328,1678
3306,1994,6,17955,17128,827
3306,1994,7,12009,12828,-819
3306,1994,8,12009,11528,481
3306,1994,9,12010,11828,182
3306,1994,10,12013,12028,-15
3306,1994,11,12012,10828,1184
3306,1994,12,17963,13628,4335
3306,1995,1,12013,17728,-5715
3306,1995,2,12013,9428,2585
3306,1995,3,12020,11728,292
3306,1995,4,12025,9628,2397
3306,1995,5,12030,12228,-198
3306,1995,6,22901,45328,-22427
3306,1995,7,15858,5528,10330
3306,1995,8,11988,7328,4660
3306,1995,9,13305,8628,4677
3306,1995,10,12018,10728,1290
3306,1995,11,12013,14128,-2115
3306,1995,12,17957,12728,5229
3306,1996,1,12025,14128,-2103
3306,1996,2,12020,12828,-808
3306,1996,3,12015,13128,-1113
3306,1996,4,12005,14828,-2823
3306,1996,5,11985,17428,-5443
3306,1996,6,17859,34928,-17069
3306,1996,7,15236,5528,9708
3306,1996,8,11943,15928,-3985
3306,1996,9,11941,9428,2513
3306,1996,10,11951,9228,2723
3306,1996,11,11970,6828,5142
3306,1996,12,17937,8628,9309
3306,1997,1,11976,21428,-9452
3306,1997,2,11979,10328,1651
3306,1997,3,11979,12428,-449
3306,1997,4,11979,13228,-1249
3306,1997,5,11980,10028,1952
3306,1997,6,17950,6628,11322
3306,1997,7,12021,14028,-2007
3306,1997,8,12011,14928,-2917
3306,1997,9,12019,8628,3391
3306,1997,10,12033,8628,3405
3306,1997,11,12023,14128,-2105
3306,1997,12,17971,26728,-8757
3306,1998,1,11996,19328,-7332
3306,1998,2,11978,5528,6450
3306,1998,3,11984,18628,-6644
3306,1998,4,11981,14528,-2547
3306,1998,5,11965,10028,1937
3306,1998,6,17902,21928,-4026
3306,1998,7,11948,11128,820
3306,1998,8,11957,12228,-271
3306,1998,9,11947,9428,2519
3306,1998,10,11961,18128,-6167
3306,1998,11,11939,12428,-489
3306,1998,12,17891,5513,12378
3307,1994,3,3707,0,3707
3307,1994,4,13142,0,13142
3307,1994,5,44797,14815,29982
3307,1994,6,3030,22415,-19385
3307,1994,7,3016,2215,801
3307,1994,8,3017,3115,-98
3307,1994,9,3924,1865,2059
3307,1994,10,27627,4115,23512
3307,1994,11,3095,16415,-13320
3307,1994,12,3060,7015,-3955
3307,1995,1,3025,14915,-11890
3307,1995,2,5408,2465,2943
3307,1995,3,11074,415,10659
3307,1995,4,3057,4015,-958
3307,1995,5,3052,4315,-1263
3307,1995,6,2999,21515,-18516
3307,1995,7,12106,2065,10041
3307,1995,8,8033,15,8018
3307,1995,9,3153,15,3138
3307,1995,10,3052,4515,-1463
3307,1995,11,53099,865,52234
3307,1995,12,3206,24865,-21659
3307,1996,1,3102,27465,-24363
3307,1996,2,50796,15,50781
3307,1996,3,3255,21315,-18060
3307,1996,4,3189,16015,-12826
3307,1996,5,3154,11815,-8661
3307,1996,6,3789,19315,-15526
3307,1996,7,6568,1065,5503
3307,1996,8,4090,1215,2875
3307,1996,9,3098,2915,183
3307,1996,10,3101,2965,136
3307,1996,11,20390,7715,12675
3307,1996,12,3149,8615,-5466
3307,1997,1,3101,12765,-9664
3307,1997,2,3090,2715,375
3307,1997,3,3093,1365,1728
3307,1997,4,3097,4265,-1168
3307,1997,5,3092,6215,-3123
3307,1997,6,6967,8715,-1748
3307,1997,7,4878,15,4863
3307,1997,8,26895,15,26880
3307,1997,9,3191,15315,-12124
3307,1997,10,3155,1615,1540
3307,1997,11,3158,4115,-957
3307,1997,12,7978,6415,1563
3307,1998,1,9731,14865,-5134
3307,1998,2,3135,6215,-3080
3307,1998,3,3119,9715,-6596
3307,1998,4,3095,6015,-2920
3307,1998,5,3089,1465,1624
3307,1998,6,37304,58515,-21211
3307,1998,7,10622,15,10607
3307,1998,8,12367,1765,10602
3307,1998,9,3093,2415,678
3307,1998,10,3099,1015,2084
3307,1998,11,3109,115,2994
3307,1998,12,3111,5900,-2789
3308,1996,4,15380,0,15380
3308,1996,5,18153,0,18153
3308,1996,6,22596,4000,18596
3308,1996,7,15152,30600,-15448
3308,1996,8,15092,16655,-1563
3308,1996,9,15079,17415,-2336
3308,1996,10,15091,16975,-1884
3308,1996,11,15063,11715,3348
3308,1996,12,22570,21075,1495
3308,1997,1,15070,27155,-12085
3308,1997,2,15064,12935,2129
3308,1997,3,15041,13915,1126
3308,1997,4,15043,19315,-4272
3308,1997,5,15025,18115,-3090
3308,1997,6,22483,23015,-532
3308,1997,7,15040,18475,-3435
3308,1997,8,15017,3255,11762
3308,1997,9,15037,24715,-9678
3308,1997,10,15019,18315,-3296
3308,1997,11,14995,15,14980
3308,1997,12,22539,27835,-5296
3308,1998,1,15011,24975,-9964
3308,1998,2,14990,15715,-725
3308,1998,3,15024,3495,11529
3308,1998,4,15025,25795,-10770
3308,1998,5,15000,15,14985
3308,1998,6,22507,32015,-9508
3308,1998,7,15013,21255,-6242
3308,1998,8,14999,11415,3584
3308,1998,9,15005,15,14990
3308,1998,10,15033,33515,-18482
3308,1998,11,14990,15,14975
3308,1998,12,22580,2240,20340
3309,1993,11,1100,0,1100
3309,1993,12,22992,600,22392
3309,1994,1,15419,5000,10419
3309,1994,2,15452,10300,5152
3309,1994,3,15469,13000,2469
3309,1994,4,15485,19936,-4451
3309,1994,5,15463,20567,-5104
3309,1994,6,23115,19767,3348
3309,1994,7,15457,17067,-1610
3309,1994,8,15461,13867,1594
3309,1994,9,15463,15967,-504
3309,1994,10,15448,21267,-5819
3309,1994,11,15439,13567,1872
3309,1994,12,23104,21867,1237
3309,1995,1,15427,25367,-9940
3309,1995,2,15428,8667,6761
3309,1995,3,15438,14467,971
3309,1995,4,15446,12467,2979
3309,1995,5,15451,15367,84
3309,1995,6,23117,19267,3850
3309,1995,7,15461,17467,-2006
3309,1995,8,15453,18267,-2814
3309,1995,9,15442,15967,-525
3309,1995,10,15439,15967,-528
3309,1995,11,15427,23067,-7640
3309,1995,12,23076,19567,3509
3309,1996,1,15389,27367,-11978
3309,1996,2,15391,8667,6724
3309,1996,3,15403,13467,1936
3309,1996,4,15405,17167,-1762
3309,1996,5,15394,19267,-3873
3309,1996,6,23030,25767,-2737
3309,1996,7,15370,15167,203
3309,1996,8,15392,8267,7125
3309,1996,9,15415,10067,5348
3309,1996,10,15408,20567,-5159
3309,1996,11,15415,10367,5048
3309,1996,12,23111,11967,11144
3309,1997,1,15408,38967,-23559
3309,1997,2,15391,8067,7324
3309,1997,3,15410,11567,3843
3309,1997,4,15428,10867,4561
3309,1997,5,15414,21467,-6053
3309,1997,6,23110,7567,15543
3309,1997,7,15459,20467,-5008
3309,1997,8,15448,22967,-7519
3309,1997,9,15450,12367,3083
3309,1997,10,15461,14467,994
3309,1997,11,15463,19167,-3704
3309,1997,12,23118,25167,-2049
3309,1998,1,15402,24867,-9465
3309,1998,2,15400,18167,-2767
3309,1998,3,15392,6167,9225
3309,1998,4,15431,6167,9264
3309,1998,5,15455,32267,-16812
3309,1998,6,23074,13467,9607
3309,1998,7,15439,6167,9272
3309,1998,8,15471,9167,6304
3309,1998,9,15478,36867,-21389
3309,1998,10,15414,6167,9247
3309,1998,11,15430,29067,-13637
3309,1998,12,23072,6852,16220
3310,1993,9,900,0,900
3310,1993,10,4916,0,4916
3310,1993,11,4916,0,4916
3310,1993,12,4916,0,4916
3310,1994,1,4916,0,4916
3310,1994,2,4987,6112,-1125
3310,1994,3,5000,3992,1008
3310,1994,4,5005,3292,1713
3310,1994,5,5007,6812,-1805
3310,1994,6,4981,12142,-7161
3310,1994,7,4975,3292,1683
3310,1994,8,4982,3292,1690
3310,1994,9,4983,6012,-1029
3310,1994,10,4985,3292,1693
3310,1994,11,4985,6252,-1267
3310,1994,12,4982,6802,-1820
3310,1995,1,4979,3292,1687
3310,1995,2,4986,3292,1694
3310,1995,3,4993,3292,1701
3310,1995,4,5002,3692,1310
3310,1995,5,5008,3692,1316
3310,1995,6,5007,5442,-435
3310,1995,7,5002,6992,-1990
3310,1995,8,4998,5492,-494
3310,1995,9,4999,3292,1707
3310,1995,10,5006,6972,-1966
3310,1995,11,5003,3852,1151
3310,1995,12,5001,3992,1009
3310,1996,1,5007,3292,1715
3310,1996,2,5015,4292,723
3310,1996,3,5010,6252,-1242
3310,1996,4,5006,6392,-1386
3310,1996,5,5006,3292,1714
3310,1996,6,5007,7192,-2185
3310,1996,7,4993,13092,-8099
3310,1996,8,4970,3292,1678
3310,1996,9,4970,6192,-1222
3310,1996,10,4971,4492,479
3310,1996,11,4967,6252,-1285
3310,1996,12,4968,3292,1676
3310,1997,1,4975,3292,1683
3310,1997,2,4981,6292,-1311
3310,1997,3,4984,3772,1212
3310,1997,4,4982,3292,1690
3310,1997,5,4983,7832,-2849
3310,1997,6,4977,3292,1685
3310,1997,7,4986,5232,-246
3310,1997,8,4979,7592,-2613
3310,1997,9,4972,3292,1680
3310,1997,10,4976,5492,-516
3310,1997,11,4976,3292,1684
3310,1997,12,4979,7292,-2313
3310,1998,1,4974,3292,1682
3310,1998,2,4977,6292,-1315
3310,1998,3,4975,3292,1683
3310,1998,4,4981,5212,-231
3310,1998,5,4973,6892,-1919
3310,1998,6,4973,3292,1681
3310,1998,7,4980,3292,1688
3310,1998,8,4987,3292,1695
3310,1998,9,4990,5592,-602
3310,1998,10,4992,3292,1700
3310,1998,11,4993,5932,-939
3310,1998,12,4994,6607,-1613
3311,1996,8,1000,0,1000
3311,1996,9,11000,0,11000
3311,1996,10,27661,0,27661
3311,1996,11,43356,30300,13056
3311,1996,12,24171,32200,-8029
3311,1997,1,185,16800,-16615
3311,1997,2,185,10800,-10615
3311,1997,3,62822,10773,52049
3311,1997,4,181,44571,-44390
3311,1997,5,71366,67564,3802
3311,1997,6,68888,16371,52517
3311,1997,7,235,42071,-41836
3311,1997,8,27922,27356,566
3311,1997,9,67840,53771,14069
3311,1997,10,23143,51371,-28228
3311,1997,11,18391,26871,-8480
3311,1997,12,51907,13978,37929
3311,1998,1,120,34871,-34751
3311,1998,2,53575,39271,14304
3311,1998,3,80930,21871,59059
3311,1998,4,89410,95998,-6588
3311,1998,5,88127,116185,-28058
3311,1998,6,42842,35371,7471
3311,1998,7,38542,35266,3276
3311,1998,8,69801,36971,32830
3311,1998,9,25878,86871,-60993
3311,1998,10,99291,51739,47552
3311,1998,11,42194,38571,3623
3311,1998,12,96350,112056,-15706
3312,1996,12,3659,0,3659
3312,1997,1,16718,0,16718
3312,1997,2,3041,300,2741
3312,1997,3,3455,0,3455
3312,1997,4,5673,1166,4507
3312,1997,5,3074,3679,-605
3312,1997,6,4476,5759,-1283
3312,1997,7,3270,2729,541
3312,1997,8,5080,3209,1871
3312,1997,9,5882,2789,3093
3312,1997,10,3695,1979,1716
3312,1997,11,3100,3149,-49
3312,1997,12,3201,2369,832
3312,1998,1,9696,6479,3217
3312,1998,2,4818,2339,2479
3312,1998,3,3128,5579,-2451
3312,1998,4,3116,7459,-4343
3312,1998,5,3100,4479,-1379
3312,1998,6,3085,6869,-3784
3312,1998,7,3076,7179,-4103
3312,1998,8,3062,2579,483
3312,1998,9,3060,4249,-1189
3312,1998,10,3056,4879,-1823
3312,1998,11,3051,2779,272
3312,1998,12,3051,2714,337
3314,1996,10,1000,0,1000
3314,1996,11,14700,0,14700
3314,1996,12,5800,0,5800
3314,1997,1,5200,0,5200
3314,1997,2,800,0,800
3314,1997,3,9458,5400,4058
3314,1997,4,131,3700,-3569
3314,1997,5,131,300,-169
3314,1997,6,131,1300,-1169
3314,1997,7,131,3000,-2869
3314,1997,8,33136,21100,12036
3314,1997,9,149,8000,-7851
3314,1997,10,149,3500,-3351
3314,1997,11,3149,0,3149
3314,1997,12,1749,0,1749
3314,1998,1,98158,17500,80658
3314,1998,2,531,34800,-34269
3314,1998,3,531,12800,-12269
3314,1998,4,531,11500,-10969
3314,1998,5,531,5400,-4869
3314,1998,6,531,2600,-2069
3314,1998,7,5931,0,5931
3314,1998,8,1231,0,1231
3314,1998,9,531,200,331
3314,1998,10,531,900,-369
3314,1998,11,1031,0,1031
3314,1998,12,0,1200,-1200
3315,1995,8,200,0,200
3315,1995,9,18897,0,18897
3315,1995,10,11968,1900,10068
3315,1995,11,12002,8400,3602
3315,1995,12,17956,13700,4256
3315,1996,1,12029,20235,-8206
3315,1996,2,12017,6555,5462
3315,1996,3,12026,7315,4711
3315,1996,4,12047,6015,6032
3315,1996,5,12071,7875,4196
3315,1996,6,18032,16355,1677
3315,1996,7,12088,12015,73
3315,1996,8,12095,16255,-4160
3315,1996,9,12071,11715,356
3315,1996,10,12077,10735,1342
3315,1996,11,12080,10715,1365
3315,1996,12,18037,16215,1822
3315,1997,1,12082,20455,-8373
3315,1997,2,12072,7815,4257
3315,1997,3,12082,8115,3967
3315,1997,4,12099,8215,3884
3315,1997,5,12099,16595,-4496
3315,1997,6,18024,35175,-17151
3315,1997,7,12043,815,11228
3315,1997,8,12083,3915,8168
3315,1997,9,12110,7015,5095
3315,1997,10,12136,5115,7021
3315,1997,11,12149,11415,734
3315,1997,12,18098,16515,1583
3315,1998,1,12177,20375,-8198
3315,1998,2,12153,1215,10938
3315,1998,3,12169,11615,554
3315,1998,4,12203,10015,2188
3315,1998,5,12203,3815,8388
3315,1998,6,24839,21215,3624
3315,1998,7,12251,4315,7936
3315,1998,8,12269,9615,2654
3315,1998,9,12276,10715,1561
3315,1998,10,12273,14115,-1842
3315,1998,11,12264,13775,-1511
3315,1998,12,18235,10520,7715
3316,1993,5,16186,0,16186
3316,1993,6,26754,0,26754
3316,1993,7,15532,9000,6532
3316,1993,8,15552,11300,4252
3316,1993,9,15529,28110,-12581
3316,1993,10,15505,17470,-1965
3316,1993,11,15505,15370,135
3316,1993,12,23198,18110,5088
3316,1994,1,15496,31970,-16474
3316,1994,2,15461,9670,5791
3316,1994,3,15483,14770,713
3316,1994,4,15496,13970,1526
3316,1994,5,15481,23650,-8169
3316,1994,6,23145,18470,4675
3316,1994,7,15494,18170,-2676
3316,1994,8,15468,14470,998
3316,1994,9,15462,18810,-3348
3316,1994,10,15459,11870,3589
3316,1994,11,15470,19790,-4320
3316,1994,12,23136,15830,7306
3316,1995,1,15472,23850,-8378
3316,1995,2,15451,9870,5581
3316,1995,3,15474,11670,3804
3316,1995,4,15489,11570,3919
3316,1995,5,15496,20450,-4954
3316,1995,6,23169,21950,1219
3316,1995,7,15486,13590,1896
3316,1995,8,15499,17550,-2051
3316,1995,9,15486,14310,1176
3316,1995,10,15487,17450,-1963
3316,1995,11,15484,12470,3014
3316,1995,12,23170,22890,280
3316,1996,1,15491,23270,-7779
3316,1996,2,15465,11670,3795
3316,1996,3,15481,11970,3511
3316,1996,4,15492,13570,1922
3316,1996,5,15492,18470,-2978
3316,1996,6,23156,22650,506
3316,1996,7,15487,15070,417
3316,1996,8,15489,14470,1019
3316,1996,9,15493,14270,1223
3316,1996,10,15495,15470,25
3316,1996,11,15490,20830,-5340
3316,1996,12,23157,16170,6987
3316,1997,1,18897,24550,-5653
3316,1997,2,15486,10970,4516
3316,1997,3,15495,15970,-475
3316,1997,4,15493,15770,-277
3316,1997,5,15493,15270,223
3316,1997,6,23182,22510,672
3316,1997,7,15508,19370,-3862
3316,1997,8,15477,16570,-1093
3316,1997,9,15472,17170,-1698
3316,1997,10,15463,17770,-2307
3316,1997,11,15459,15970,-511
3316,1997,12,23123,25990,-2867
3316,1998,1,15631,23950,-8319
3316,1998,2,16023,13390,2633
3316,1998,3,15419,16670,-1251
3316,1998,4,15416,16370,-954
3316,1998,5,15428,10770,4658
3316,1998,6,23115,18670,4445
3316,1998,7,15451,16070,-619
3316,1998,8,15440,19070,-3630
3316,1998,9,15437,17530,-2093
3316,1998,10,15423,18610,-3187
3316,1998,11,19448,9670,9778
3316,1998,12,27255,17295,9960
3317,1995,10,3858,0,3858
3317,1995,11,3265,0,3265
3317,1995,12,3265,0,3265
3317,1996,1,3265,0,3265
3317,1996,2,3290,2181,1109
3317,1996,3,3315,3261,54
3317,1996,4,3313,2181,1132
3317,1996,5,3323,2181,1142
3317,1996,6,3321,3081,240
3317,1996,7,3329,2181,1148
3317,1996,8,3327,2751,576
3317,1996,9,3336,2181,1155
3317,1996,10,3334,3021,313
3317,1996,11,3342,2181,1161
3317,1996,12,3342,2481,861
3317,1997,1,3343,6321,-2978
3317,1997,2,3337,2181,1156
3317,1997,3,3338,2961,377
3317,1997,4,3343,2881,462
3317,1997,5,3342,5681,-2339
3317,1997,6,3319,9201,-5882
3317,1997,7,3310,2981,329
3317,1997,8,3308,2181,1127
3317,1997,9,3311,3781,-470
3317,1997,10,3312,3681,-369
3317,1997,11,3309,2581,728
3317,1997,12,3311,3321,-10
3317,1998,1,3309,4251,-942
3317,1998,2,3307,4981,-1674
3317,1998,3,3307,2181,1126
3317,1998,4,3306,3481,-175
3317,1998,5,3310,2181,1129
3317,1998,6,3315,2331,984
3317,1998,7,3315,2981,334
3317,1998,8,3313,3291,22
3317,1998,9,3315,2421,894
3317,1998,10,3319,2181,1138
3317,1998,11,3321,3801,-480
3317,1998,12,3319,3456,-137
3318,1996,6,1000,0,1000
3318,1996,7,2924,0,2924
3318,1996,8,2924,0,2924
3318,1996,9,2924,0,2924
3318,1996,10,2924,0,2924
3318,1996,11,2963,526,2437
3318,1996,12,2989,2114,875
3318,1997,1,2987,5384,-2397
3318,1997,2,2979,4364,-1385
3318,1997,3,2978,1964,1014
3318,1997,4,2982,2144,838
3318,1997,5,2985,1964,1021
3318,1997,6,2982,6064,-3082
3318,1997,7,2976,2354,622
3318,1997,8,2975,4064,-1089
3318,1997,9,2975,1964,1011
3318,1997,10,2978,1964,1014
3318,1997,11,2980,3254,-274
3318,1997,12,2979,2804,175
3318,1998,1,2979,2894,85
3318,1998,2,2982,1964,1018
3318,1998,3,2976,6744,-3768
3318,1998,4,2971,1964,1007
3318,1998,5,2974,1964,1010
3318,1998,6,2980,1964,1016
3318,1998,7,2981,3434,-453
3318,1998,8,2983,1964,1019
3318,1998,9,2986,1964,1022
3318,1998,10,2981,5664,-2683
3318,1998,11,2980,1964,1016
3318,1998,12,2981,3239,-258
3319,1993,8,1100,0,1100
3319,1993,9,13037,0,13037
3319,1993,10,7094,0,7094
3319,1993,11,4122,0,4122
3319,1993,12,3438,1400,2038
3319,1994,1,3445,5469,-2024
3319,1994,2,3440,2635,805
3319,1994,3,4244,2235,2009
3319,1994,4,3450,5235,-1785
3319,1994,5,3443,4135,-692
3319,1994,6,6833,8265,-1432
3319,1994,7,5437,2235,3202
3319,1994,8,3442,5085,-1643
3319,1994,9,3742,2955,787
3319,1994,10,4146,2235,1911
3319,1994,11,3446,6395,-2949
3319,1994,12,5442,2565,2877
3319,1995,1,3449,4535,-1086
3319,1995,2,3448,2435,1013
3319,1995,3,5055,2235,2820
3319,1995,4,3453,8915,-5462
3319,1995,5,3438,4135,-697
3319,1995,6,5428,9255,-3827
3319,1995,7,4824,2775,2049
3319,1995,8,5935,2235,3700
3319,1995,9,3444,3435,9
3319,1995,10,4548,2235,2313
3319,1995,11,3455,2895,560
3319,1995,12,3452,6105,-2653
3319,1996,1,4448,2655,1793
3319,1996,2,3449,4965,-1516
3319,1996,3,3749,2235,1514
3319,1996,4,3452,3705,-253
3319,1996,5,3452,2835,617
3319,1996,6,3453,3875,-422
3319,1996,7,4557,2235,2322
3319,1996,8,3569,2235,1334
3319,1996,9,3463,4835,-1372
3319,1996,10,3455,5535,-2080
3319,1996,11,9064,4485,4579
3319,1996,12,7184,2625,4559
3319,1997,1,3893,3525,368
3319,1997,2,6804,2235,4569
3319,1997,3,3511,3185,326
3319,1997,4,3507,5795,-2288
3319,1997,5,3503,2735,768
3319,1997,6,3494,8525,-5031
3319,1997,7,6195,2235,3960
3319,1997,8,8218,2595,5623
3319,1997,9,5934,2235,3699
3319,1997,10,3534,4435,-901
3319,1997,11,3531,4415,-884
3319,1997,12,5941,2715,3226
3319,1998,1,4049,2235,1814
3319,1998,2,3551,3235,316
3319,1998,3,3551,5615,-2064
3319,1998,4,3538,5035,-1497
3319,1998,5,7655,2235,5420
3319,1998,6,6861,9135,-2274
3319,1998,7,4758,2235,2523
3319,1998,8,3557,4235,-678
3319,1998,9,3544,7445,-3901
3319,1998,10,3529,6835,-3306
3319,1998,11,4735,2235,2500
3319,1998,12,3529,6840,-3311
3320,1995,12,4023,0,4023
3320,1996,1,3130,0,3130
3320,1996,2,3130,0,3130
3320,1996,3,3130,0,3130
3320,1996,4,3154,2090,1064
3320,1996,5,3179,2560,619
3320,1996,6,3178,2090,1088
3320,1996,7,3186,2990,196
3320,1996,8,3189,2090,1099
3320,1996,9,3188,2090,1098
3320,1996,10,3196,2600,596
3320,1996,11,3200,2090,1110
3320,1996,12,3200,2930,270
3320,1997,1,3192,9590,-6398
3320,1997,2,3174,2090,1084
3320,1997,3,3184,2090,1094
3320,1997,4,3188,2090,1098
3320,1997,5,3193,2090,1103
3320,1997,6,3197,3200,-3
3320,1997,7,3193,3890,-697
3320,1997,8,3184,4490,-1306
3320,1997,9,3184,2090,1094
3320,1997,10,3189,2090,1099
3320,1997,11,3198,2090,1108
3320,1997,12,3199,2690,509
3320,1998,1,3186,7850,-4664
3320,1998,2,3179,2870,309
3320,1998,3,3182,2090,1092
3320,1998,4,3191,2090,1101
3320,1998,5,3191,2090,1101
3320,1998,6,3188,5420,-2232
3320,1998,7,3189,2810,379
3320,1998,8,3192,2390,802
3320,1998,9,3191,2090,1101
3320,1998,10,3195,2090,1105
3320,1998,11,3200,2090,1110
3320,1998,12,3201,3605,-404
3321,1995,4,37327,0,37327
3321,1995,5,2950,5700,-2750
3321,1995,6,2920,24415,-21495
3321,1995,7,10573,2015,8558
3321,1995,8,6603,15,6588
3321,1995,9,4026,15,4011
3321,1995,10,2939,415,2524
3321,1995,11,2943,3415,-472
3321,1995,12,2940,3515,-575
3321,1996,1,2919,15715,-12796
3321,1996,2,5498,15,5483
3321,1996,3,5622,15,5607
3321,1996,4,2935,1815,1120
3321,1996,5,4046,365,3681
3321,1996,6,6134,12115,-5981
3321,1996,7,4637,3615,1022
3321,1996,8,46681,19015,27666
3321,1996,9,3019,14015,-10996
3321,1996,10,20976,18165,2811
3321,1996,11,2995,10415,-7420
3321,1996,12,2971,8315,-5344
3321,1997,1,50679,12165,38514
3321,1997,2,3087,21515,-18428
3321,1997,3,3026,10815,-7789
3321,1997,4,3003,6715,-3712
3321,1997,5,2985,6815,-3830
3321,1997,6,2921,24215,-21294
3321,1997,7,4902,15,4887
3321,1997,8,32515,12865,19650
3321,1997,9,2977,9415,-6438
3321,1997,10,2957,6615,-3658
3321,1997,11,2952,3165,-213
3321,1997,12,6859,2515,4344
3321,1998,1,5457,11665,-6208
3321,1998,2,37738,15,37723
3321,1998,3,3070,13815,-10745
3321,1998,4,3038,10015,-6977
3321,1998,5,3008,10065,-7057
3321,1998,6,2944,19865,-16921
3321,1998,7,6638,3215,3423
3321,1998,8,2944,1815,1129
3321,1998,9,2948,3665,-717
3321,1998,10,17823,9615,8208
3321,1998,11,2975,7265,-4290
3321,1998,12,2961,700,2261
3322,1996,3,400,0,400
3322,1996,4,81259,0,81259
3322,1996,5,72838,70900,1938
3322,1996,6,347,31000,-30653
3322,1996,7,33315,40762,-7447
3322,1996,8,151,24451,-24300
3322,1996,9,5192,3451,1741
3322,1996,10,2293,3451,-1158
3322,1996,11,985,3451,-2466
3322,1996,12,7289,3451,3838
3322,1997,1,42169,34651,7518
3322,1997,2,42280,26051,16229
3322,1997,3,173,9751,-9578
3322,1997,4,635,11551,-10916
3322,1997,5,69680,3451,66229
3322,1997,6,300,32151,-31851
3322,1997,7,222,12151,-11929
3322,1997,8,58674,34251,24423
3322,1997,9,270,12651,-12381
3322,1997,10,3286,31351,-28065
3322,1997,11,43008,3451,39557
3322,1997,12,253,16451,-16198
3322,1998,1,45363,38251,7112
3322,1998,2,39318,36537,2781
3322,1998,3,25263,32673,-7410
3322,1998,4,42738,59652,-16914
3322,1998,5,24246,36977,-12731
3322,1998,6,9829,8145,1684
3322,1998,7,4623,12239,-7616
3322,1998,8,12224,3451,8773
3322,1998,9,5538,3451,2087
3322,1998,10,57181,12751,44430
3322,1998,11,26115,36551,-10436
3322,1998,12,96478,73251,23227
3323,1993,9,22826,0,22826
3323,1993,10,25128,0,25128
3323,1993,11,21996,10900,11096
3323,1993,12,32941,16400,16541
3323,1994,1,22065,32775,-10710
3323,1994,2,22032,21113,919
3323,1994,3,22018,28093,-6075
3323,1994,4,22009,23193,-1184
3323,1994,5,22002,22413,-411
3323,1994,6,32849,39033,-6184
3323,1994,7,21972,24553,-2581
3323,1994,8,21976,18213,3763
3323,1994,9,21950,30313,-8363
3323,1994,10,21962,16413,5549
3323,1994,11,21985,16413,5572
3323,1994,12,32882,27633,5249
3323,1995,1,21978,50093,-28115
3323,1995,2,21950,3513,18437
3323,1995,3,21991,16213,5778
3323,1995,4,22008,18313,3695
3323,1995,5,22016,40813,-18797
3323,1995,6,32829,42293,-9464
3323,1995,7,21924,23393,-1469
3323,1995,8,21941,13813,8128
3323,1995,9,21971,19113,2858
3323,1995,10,21982,19813,2169
3323,1995,11,21978,23533,-1555
3323,1995,12,32881,26813,6068
3323,1996,1,21973,27393,-5420
3323,1996,2,21982,18713,3269
3323,1996,3,21996,19213,2783
3323,1996,4,21977,28773,-6796
3323,1996,5,21979,17013,4966
3323,1996,6,32899,38153,-5254
3323,1996,7,21963,20153,1810
3323,1996,8,21980,18413,3567
3323,1996,9,21993,18413,3580
3323,1996,10,22008,18213,3795
3323,1996,11,22008,25933,-3925
3323,1996,12,32901,29393,3508
3323,1997,1,21973,35413,-13440
3323,1997,2,21961,17713,4248
3323,1997,3,21980,18613,3367
3323,1997,4,21986,22333,-347
3323,1997,5,21986,20993,993
3323,1997,6,32866,29433,3433
3323,1997,7,22006,18813,3193
3323,1997,8,22012,21913,99
3323,1997,9,21995,25753,-3758
3323,1997,10,21996,20813,1183
3323,1997,11,21990,23473,-1483
3323,1997,12,32877,34373,-1496
3323,1998,1,21951,34713,-12762
3323,1998,2,21936,17013,4923
3323,1998,3,21956,19013,2943
3323,1998,4,21968,18413,3555
3323,1998,5,21972,23113,-1141
3323,1998,6,32848,35253,-2405
3323,1998,7,21959,22293,-334
3323,1998,8,21997,24713,-2716
3323,1998,9,21962,12913,9049
3323,1998,10,22004,11513,10491
3323,1998,11,22019,20913,1106
3323,1998,12,32942,19098,13844
3324,1997,10,500,0,500
3324,1997,11,17664,0,17664
3324,1997,12,10487,200,10287
3324,1998,1,7059,600,6459
3324,1998,2,7075,5400,1675
3324,1998,3,7790,4186,3604
3324,1998,4,7097,7732,-635
3324,1998,5,7901,4632,3269
3324,1998,6,10666,22732,-12066
3324,1998,7,16992,4632,12360
3324,1998,8,14918,12332,2586
3324,1998,9,9130,4632,4498
3324,1998,10,8346,4632,3714
3324,1998,11,7151,7432,-281
3324,1998,12,10622,7017,3605
3325,1997,11,36834,0,36834
3325,1997,12,55089,5200,49889
3325,1998,1,36905,28100,8805
3325,1998,2,36928,32100,4828
3325,1998,3,36944,90415,-53471
3325,1998,4,36869,4715,32154
3325,1998,5,36812,47255,-10443
3325,1998,6,55178,70415,-15237
3325,1998,7,36762,47217,-10455
3325,1998,8,36715,51233,-14518
3325,1998,9,36688,23128,13560
3325,1998,10,37983,57097,-19114
3325,1998,11,36649,22108,14541
3325,1998,12,55064,2400,52664
3326,1993,11,400,0,400
3326,1993,12,12200,0,12200
3326,1994,1,4600,0,4600
3326,1994,2,30722,12600,18122
3326,1994,3,47561,12100,35461
3326,1994,4,43693,61800,-18107
3326,1994,5,18199,12315,5884
3326,1994,6,85664,67715,17949
3326,1994,7,59027,38115,20912
3326,1994,8,347,44125,-43778
3326,1994,9,32155,22796,9359
3326,1994,10,11220,66637,-55417
3326,1994,11,50645,15,50630
3326,1994,12,22686,46577,-23891
3326,1995,1,105516,52082,53434
3326,1995,2,91684,93215,-1531
3326,1995,3,53799,47727,6072
3326,1995,4,68156,80615,-12459
3326,1995,5,25726,56522,-30796
3326,1995,6,72,37792,-37720
3326,1995,7,33370,15,33355
3326,1995,8,20559,35685,-15126
3326,1995,9,45,23024,-22979
3326,1995,10,43771,6015,37756
3326,1995,11,67671,37415,30256
3326,1995,12,168,54615,-54447
3326,1996,1,11171,13215,-2044
3326,1996,2,74,2215,-2141
3326,1996,3,30211,19515,10696
3326,1996,4,86602,66715,19887
3326,1996,5,189,20115,-19926
3326,1996,6,52892,29174,23718
3326,1996,7,52957,63620,-10663
3326,1996,8,118830,76805,42025
3326,1996,9,304,48983,-48679
3326,1996,10,57,34433,-34376
3326,1996,11,33172,19631,13541
3326,1996,12,56016,30215,25801
3326,1997,1,152,28115,-27963
3326,1997,2,39,11600,-11561
3326,1997,3,89427,40015,49412
3326,1997,4,123607,109015,14592
3326,1997,5,45849,93315,-47466
3326,1997,6,42126,17115,25011
3326,1997,7,61433,54215,7218
3326,1997,8,12159,35615,-23456
3326,1997,9,25805,48015,-22210
3326,1997,10,87771,34715,53056
3326,1997,11,218,42415,-42197
3326,1997,12,27085,39002,-11917
3326,1998,1,0,18906,-18906
3326,1998,2,0,5606,-5606
3326,1998,3,0,6406,-6406
3326,1998,4,31300,23298,8002
3326,1998,5,0,12136,-12136
3326,1998,6,0,5836,-5836
3326,1998,7,0,436,-436
3326,1998,8,23588,14884,8704
3326,1998,9,21427,6666,14761
3326,1998,10,0,17687,-17687
3326,1998,11,0,6087,-6087
3326,1998,12,44708,0,44708
3327,1993,4,1100,0,1100
3327,1993,5,15256,0,15256
3327,1993,6,16478,3700,12778
3327,1993,7,11052,6600,4452
3327,1993,8,11060,11100,-40
3327,1993,9,11061,12508,-1447
3327,1993,10,11044,15548,-4504
3327,1993,11,11045,9408,1637
3327,1993,12,16517,14268,2249
3327,1994,1,11044,15308,-4264
3327,1994,2,11043,8908,2135
3327,1994,3,11043,12308,-1265
3327,1994,4,11049,8108,2941
3327,1994,5,11055,10308,747
3327,1994,6,16526,14108,2418
3327,1994,7,11058,19148,-8090
3327,1994,8,11027,16268,-5241
3327,1994,9,11020,7608,3412
3327,1994,10,11034,8228,2806
3327,1994,11,11044,8208,2836
3327,1994,12,16513,15128,1385
3327,1995,1,11009,25728,-14719
3327,1995,2,11604,9688,1916
3327,1995,3,11207,9448,1759
3327,1995,4,11013,8908,2105
3327,1995,5,11021,9208,1813
3327,1995,6,16503,11708,4795
3327,1995,7,11033,14308,-3275
3327,1995,8,11040,7888,3152
3327,1995,9,11056,7408,3648
3327,1995,10,11063,9608,1455
3327,1995,11,11067,11068,-1
3327,1995,12,16519,20328,-3809
3327,1996,1,14534,16808,-2274
3327,1996,2,11052,6208,4844
3327,1996,3,11070,12608,-1538
3327,1996,4,11066,10508,558
3327,1996,5,11070,12408,-1338
3327,1996,6,16511,23808,-7297
3327,1996,7,11032,6208,4824
3327,1996,8,11041,11468,-427
3327,1996,9,11046,13148,-2102
3327,1996,10,11028,11988,-960
3327,1996,11,11030,9688,1342
3327,1996,12,16495,18828,-2333
3327,1997,1,11021,16388,-5367
3327,1997,2,13112,6208,6904
3327,1997,3,11027,13248,-2221
3327,1997,4,11030,6508,4522
3327,1997,5,11032,13708,-2676
3327,1997,6,17816,7048,10768
3327,1997,7,11082,6908,4174
3327,1997,8,11096,9508,1588
3327,1997,9,11105,6808,4297
3327,1997,10,11122,7508,3614
3327,1997,11,11134,12368,-1234
3327,1997,12,16600,13788,2812
3327,1998,1,11122,23108,-11986
3327,1998,2,14500,6208,8292
3327,1998,3,15136,6208,8928
3327,1998,4,11162,9108,2054
3327,1998,5,11157,16688,-5531
3327,1998,6,24604,25728,-1124
3327,1998,7,11147,6308,4839
3327,1998,8,11162,9108,2054
3327,1998,9,12453,19648,-7195
3327,1998,10,14052,6208,7844
3327,1998,11,12374,10168,2206
3327,1998,12,16661,8433,8228
3328,1997,3,800,0,800
3328,1997,4,4951,0,4951
3328,1997,5,4951,0,4951
3328,1997,6,4951,0,4951
3328,1997,7,4951,0,4951
3328,1997,8,4954,15,4939
3328,1997,9,5061,3315,1746
3328,1997,10,5069,3315,1754
3328,1997,11,5072,4315,757
3328,1997,12,5065,9125,-4060
3328,1998,1,5037,12125,-7088
3328,1998,2,5025,4035,990
3328,1998,3,5037,3315,1722
3328,1998,4,5035,4755,280
3328,1998,5,5045,3315,1730
3328,1998,6,5052,3315,1737
3328,1998,7,5060,3315,1745
3328,1998,8,5066,6275,-1209
3328,1998,9,5062,3315,1747
3328,1998,10,5065,6515,-1450
3328,1998,11,5058,7155,-2097
3328,1998,12,5045,4650,395
3329,1996,10,200,0,200
3329,1996,11,24397,0,24397
3329,1996,12,28241,12200,16041
3329,1997,1,18900,18000,900
3329,1997,2,18903,18300,603
3329,1997,3,18893,25164,-6271
3329,1997,4,18872,24044,-5172
3329,1997,5,18866,17364,1502
3329,1997,6,28282,33944,-5662
3329,1997,7,18846,17064,1782
3329,1997,8,18854,17464,1390
3329,1997,9,18837,26164,-7327
3329,1997,10,18835,15764,3071
3329,1997,11,18849,15964,2885
3329,1997,12,28226,32748,-4522
3329,1998,1,23141,25268,-2127
3329,1998,2,23768,10868,12900
3329,1998,3,18876,20268,-1392
3329,1998,4,21895,15308,6587
3329,1998,5,18917,13468,5449
3329,1998,6,28256,49148,-20892
3329,1998,7,19664,11468,8196
3329,1998,8,18888,13068,5820
3329,1998,9,18897,17668,1229
3329,1998,10,18888,23628,-4740
3329,1998,11,18874,21568,-2694
3329,1998,12,28266,23189,5077
3330,1995,7,400,0,400
3330,1995,8,11900,0,11900
3330,1995,9,6900,0,6900
3330,1995,10,10425,0,10425
3330,1995,11,123,1000,-877
3330,1995,12,1423,0,1423
3330,1996,1,84721,40800,43921
3330,1996,2,308,23700,-23392
3330,1996,3,308,8900,-8592
3330,1996,4,109358,70215,39143
3330,1996,5,42774,61428,-18654
3330,1996,6,135,36228,-36093
3330,1996,7,34005,10616,23389
3330,1996,8,28844,28828,16
3330,1996,9,83807,74828,8979
3330,1996,10,66906,82228,-15322
3330,1996,11,131038,120155,10883
3330,1996,12,43429,41028,2401
3330,1997,1,104520,97828,6692
3330,1997,2,32647,40828,-8181
3330,1997,3,75497,68728,6769
3330,1997,4,59727,74728,-15001
3330,1997,5,39256,32928,6328
3330,1997,6,96340,93728,2612
3330,1997,7,40756,40128,628
3330,1997,8,128077,79928,48149
3330,1997,9,68005,96728,-28723
3330,1997,10,53733,66828,-13095
3330,1997,11,241,21528,-21287
3330,1997,12,148,13228,-13080
3330,1998,1,107,9528,-9421
3330,1998,2,46341,29228,17113
3330,1998,3,33863,27728,6135
3330,1998,4,162,13128,-12966
3330,1998,5,18661,19928,-1267
3330,1998,6,63417,36634,26783
3330,1998,7,39384,40028,-644
3330,1998,8,43209,50857,-7648
3330,1998,9,115032,56828,58204
3330,1998,10,9976,71105,-61129
3330,1998,11,45943,17928,28015
3330,1998,12,27444,49313,-21869
3331,1997,2,400,0,400
3331,1997,3,18512,0,18512
3331,1997,4,13777,5900,7877
3331,1997,5,13802,11200,2602
3331,1997,6,20661,15100,5561
3331,1997,7,13850,15451,-1601
3331,1997,8,13844,12283,1561
3331,1997,9,13852,11083,2769
3331,1997,10,13847,19483,-5636
3331,1997,11,13826,17643,-3817
3331,1997,12,20669,18543,2126
3331,1998,1,15970,29963,-13993
3331,1998,2,13775,9583,4192
3331,1998,3,13786,13183,603
3331,1998,4,13786,16003,-2217
3331,1998,5,13794,6083,7711
3331,1998,6,20663,18943,1720
3331,1998,7,13812,15383,-1571
3331,1998,8,13807,14183,-376
3331,1998,9,13796,17483,-3687
3331,1998,10,13784,15623,-1839
3331,1998,11,13769,18383,-4614
3331,1998,12,20612,20208,404
3332,1997,3,300,0,300
3332,1997,4,12807,0,12807
3332,1997,5,7855,1700,6155
3332,1997,6,11775,8400,3375
3332,1997,7,7892,4400,3492
3332,1997,8,7909,2815,5094
3332,1997,9,7927,5715,2212
3332,1997,10,7933,7915,18
3332,1997,11,7937,8415,-478
3332,1997,12,11847,10015,1832
3332,1998,1,7926,15415,-7489
3332,1998,2,7920,615,7305
3332,1998,3,7936,10315,-2379
3332,1998,4,7928,7715,213
3332,1998,5,7934,5515,2419
3332,1998,6,11830,28815,-16985
3332,1998,7,14605,815,13790
3332,1998,8,11348,15,11333
3332,1998,9,7986,1715,6271
3332,1998,10,7999,7815,184
3332,1998,11,8008,4915,3093
3332,1998,12,11930,3500,8430
3333,1997,11,1100,0,1100
3333,1997,12,9707,0,9707
3333,1998,1,7451,0,7451
3333,1998,2,3778,0,3778
3333,1998,3,5795,0,5795
3333,1998,4,1417,15,1402
3333,1998,5,42784,21565,21219
3333,1998,6,1391,35465,-34074
3333,1998,7,11877,5065,6812
3333,1998,8,7204,15,7189
3333,1998,9,1327,1115,212
3333,1998,10,11576,6615,4961
3333,1998,11,1346,3215,-1869
3333,1998,12,1340,1100,240
3334,1996,7,700,0,700
3334,1996,10,11600,0,11600
3334,1996,11,1900,0,1900
3334,1996,12,0,800,-800
3334,1997,1,3000,0,3000
3334,1997,2,2300,0,2300
3334,1997,3,0,300,-300
3334,1997,4,700,0,700
3334,1997,5,18318,6200,12118
3334,1997,6,130,8400,-8270
3334,1997,7,130,5100,-4970
3334,1997,8,130,3000,-2870
3334,1997,9,830,0,830
3334,1997,10,40406,0,40406
3334,1997,11,234,17500,-17266
3334,1997,12,229,19100,-18871
3334,1998,1,900,0,900
3334,1998,2,93,0,93
3334,1998,3,4685,0,4685
3334,1998,4,107,300,-193
3334,1998,5,1107,0,1107
3334,1998,6,107,100,7
3334,1998,7,39507,21800,17707
3334,1998,8,185,6300,-6115
3334,1998,9,185,3500,-3315
3334,1998,10,42493,23300,19193
3334,1998,11,0,11900,-11900
3335,1996,2,1000,0,1000
3335,1996,3,3255,0,3255
3335,1996,4,3255,0,3255
3335,1996,5,3255,0,3255
3335,1996,6,3255,0,3255
3335,1996,7,3270,1575,1695
3335,1996,8,3324,2185,1139
3335,1996,9,3329,2185,1144
3335,1996,10,3333,2385,948
3335,1996,11,3337,2185,1152
3335,1996,12,3339,3085,254
3335,1997,1,3342,2725,617
3335,1997,2,3341,3885,-544
3335,1997,3,3343,2185,1158
3335,1997,4,3347,2395,952
3335,1997,5,3352,2185,1167
3335,1997,6,3349,5485,-2136
3335,1997,7,3348,2185,1163
3335,1997,8,3353,2185,1168
3335,1997,9,3357,2725,632
3335,1997,10,3361,2185,1176
3335,1997,11,3363,3165,198
3335,1997,12,3365,2965,400
3335,1998,1,3366,5605,-2239
3335,1998,2,3358,2425,933
3335,1998,3,3362,2185,1177
3335,1998,4,3367,2185,1182
3335,1998,5,3367,3265,102
3335,1998,6,3369,10075,-6706
3335,1998,7,3345,2185,1160
3335,1998,8,3349,2185,1164
3335,1998,9,3354,2185,1169
3335,1998,10,3359,2185,1174
3335,1998,11,3364,2185,1179
3335,1998,12,3365,3070,295
3336,1994,9,900,0,900
3336,1994,10,5692,0,5692
3336,1994,11,5692,0,5692
3336,1994,12,5692,0,5692
3336,1995,1,5739,600,5139
3336,1995,2,5791,4489,1302
3336,1995,3,5789,9209,-3420
3336,1995,4,5782,5209,573
3336,1995,5,5782,6389,-607
3336,1995,6,5783,4389,1394
3336,1995,7,5786,5689,97
3336,1995,8,5785,5989,-204
3336,1995,9,5791,2989,2802
3336,1995,10,5794,6789,-995
3336,1995,11,5781,10389,-4608
3336,1995,12,5766,8939,-3173
3336,1996,1,5764,4589,1175
3336,1996,2,5762,7569,-1807
3336,1996,3,5756,6629,-873
3336,1996,4,5756,5189,567
3336,1996,5,5760,4789,971
3336,1996,6,5762,6109,-347
3336,1996,7,5768,3089,2679
3336,1996,8,5768,6889,-1121
3336,1996,9,5754,9889,-4135
3336,1996,10,5748,6389,-641
3336,1996,11,5740,8089,-2349
3336,1996,12,5742,4289,1453
3336,1997,1,5740,8789,-3049
3336,1997,2,5734,2989,2745
3336,1997,3,5746,2989,2757
3336,1997,4,5754,5149,605
3336,1997,5,5759,3629,2130
3336,1997,6,5750,10539,-4789
3336,1997,7,5749,2989,2760
3336,1997,8,5761,2989,2772
3336,1997,9,5764,8749,-2985
3336,1997,10,5760,2989,2771
3336,1997,11,5771,2989,2782
3336,1997,12,5784,4339,1445
3336,1998,1,5789,2989,2800
3336,1998,2,5799,6029,-230
3336,1998,3,5799,2989,2810
3336,1998,4,5809,4589,1220
3336,1998,5,5816,2989,2827
3336,1998,6,5814,15089,-9275
3336,1998,7,5789,2989,2800
3336,1998,8,5801,2989,2812
3336,1998,9,5805,20589,-14784
3336,1998,10,5743,7069,-1326
3336,1998,11,5745,2989,2756
3336,1998,12,5756,4174,1582
3337,1997,2,500,0,500
3337,1997,3,41189,7000,34189
3337,1997,4,8993,9600,-607
3337,1997,5,61820,38200,23620
3337,1997,6,34028,26543,7485
3337,1997,7,194,36209,-36015
3337,1997,8,21127,17743,3384
3337,1997,9,114992,58927,56065
3337,1997,10,112605,105843,6762
3337,1997,11,52306,62443,-10137
3337,1997,12,31525,69943,-38418
3337,1998,1,78529,67443,11086
3337,1998,2,27547,32143,-4596
3337,1998,3,96646,91199,5447
3337,1998,4,206,21643,-21437
3337,1998,5,154362,142196,12166
3337,1998,6,56894,59243,-2349
3337,1998,7,33790,48641,-14851
3337,1998,8,64238,25043,39195
3337,1998,9,37896,77143,-39247
3337,1998,10,46711,31343,15368
3337,1998,11,158553,104943,53610
3337,1998,12,55844,52692,3152
3338,1995,12,300,0,300
3338,1996,1,17618,0,17618
3338,1996,2,14082,3800,10282
3338,1996,3,14116,11900,2216
3338,1996,4,14124,13000,1124
3338,1996,5,14127,14115,12
3338,1996,6,21125,25266,-4141
3338,1996,7,14117,15046,-929
3338,1996,8,14109,14806,-697
3338,1996,9,14103,18346,-4243
3338,1996,10,14086,17446,-3360
3338,1996,11,14078,13446,632
3338,1996,12,21090,16666,4424
3338,1997,1,14089,21266,-7177
3338,1997,2,14074,10146,3928
3338,1997,3,14087,12446,1641
3338,1997,4,14075,17786,-3711
3338,1997,5,14077,13146,931
3338,1997,6,21076,23046,-1970
3338,1997,7,14064,16546,-2482
3338,1997,8,14052,16746,-2694
3338,1997,9,14053,11746,2307
3338,1997,10,14060,12446,1614
3338,1997,11,14057,15846,-1789
3338,1997,12,21056,19946,1110
3338,1998,1,14075,7546,6529
3338,1998,2,14101,7546,6555
3338,1998,3,14091,22546,-8455
3338,1998,4,14092,19446,-5354
3338,1998,5,14072,7546,6526
3338,1998,6,21115,7546,13569
3338,1998,7,14156,7546,6610
3338,1998,8,14124,26846,-12722
3338,1998,9,14122,8746,5376
3338,1998,10,14152,7546,6606
3338,1998,11,14167,10906,3261
3338,1998,12,21198,15371,5827
3339,1996,9,900,0,900
3339,1996,10,17777,0,17777
3339,1996,11,7747,300,7447
3339,1996,12,11611,4000,7611
3339,1997,1,7806,5300,2506
3339,1997,2,7821,9169,-1348
3339,1997,3,7815,9769,-1954
3339,1997,4,7807,9769,-1962
3339,1997,5,7798,9369,-1571
3339,1997,6,11636,6669,4967
3339,1997,7,7807,11669,-3862
3339,1997,8,7793,10969,-3176
3339,1997,9,7777,10069,-2292
3339,1997,10,7772,7469,303
3339,1997,11,7774,7569,205
3339,1997,12,11609,13669,-2060
3339,1998,1,8352,17169,-8817
3339,1998,2,12042,3369,8673
3339,1998,3,7769,5769,2000
3339,1998,4,7775,6469,1306
3339,1998,5,8683,5969,2714
3339,1998,6,11623,11369,254
3339,1998,7,7791,7369,422
3339,1998,8,7791,8169,-378
3339,1998,9,7782,12669,-4887
3339,1998,10,7777,3969,3808
3339,1998,11,8795,3369,5426
3339,1998,12,11638,13554,-1916
3342,1997,10,15155,0,15155
3342,1997,11,21437,0,21437
3342,1997,12,22564,6000,16564
3342,1998,1,15145,9300,5845
3342,1998,2,15155,13815,1340
3342,1998,3,15125,23050,-7925
3342,1998,4,15095,22150,-7055
3342,1998,5,15085,16650,-1565
3342,1998,6,22561,15050,7511
3342,1998,7,15087,23250,-8163
3342,1998,8,15075,16950,-1875
3342,1998,9,15074,19910,-4836
3342,1998,10,15051,23150,-8099
3342,1998,11,15044,15650,-606
3342,1998,12,22514,12015,10499
3343,1997,8,23649,0,23649
3343,1997,9,25651,0,25651
3343,1997,10,22822,12500,10322
3343,1997,11,22852,17500,5352
3343,1997,12,34190,47215,-13025
3343,1998,1,22781,42268,-19487
3343,1998,2,22754,9888,12866
3343,1998,3,22781,29788,-7007
3343,1998,4,22780,15088,7692
3343,1998,5,22811,19688,3123
3343,1998,6,36772,46528,-9756
3343,1998,7,22784,12288,10496
3343,1998,8,22823,20888,1935
3343,1998,9,22830,21488,1342
3343,1998,10,22832,27608,-4776
3343,1998,11,22795,29868,-7073
3343,1998,12,34113,13233,20880
3344,1997,5,1000,0,1000
3344,1997,6,63032,0,63032
3344,1997,7,58217,38515,19702
3344,1997,8,16203,31852,-15649
3344,1997,9,43709,26052,17657
3344,1997,10,257,37352,-37095
3344,1997,11,74518,18652,55866
3344,1997,12,47377,49052,-1675
3344,1998,1,8571,77352,-68781
3344,1998,2,102,15952,-15850
3344,1998,3,155637,108352,47285
3344,1998,4,56038,25752,30286
3344,1998,5,108898,118450,-9552
3344,1998,6,37519,55853,-18334
3344,1998,7,24649,42293,-17644
3344,1998,8,166,15952,-15786
3344,1998,9,114337,91592,22745
3344,1998,10,27829,12852,14977
3344,1998,11,49248,23752,25496
3344,1998,12,49662,61037,-11375
3345,1993,12,600,0,600
3345,1994,1,4281,0,4281
3345,1994,2,4281,0,4281
3345,1994,3,4281,0,4281
3345,1994,4,4281,0,4281
3345,1994,5,4333,2815,1518
3345,1994,6,4354,8465,-4111
3345,1994,7,4341,6875,-2534
3345,1994,8,4338,2715,1623
3345,1994,9,4345,2015,2330
3345,1994,10,4353,2115,2238
3345,1994,11,4363,2615,1748
3345,1994,12,4359,10695,-6336
3345,1995,1,4328,11425,-7097
3345,1995,2,4313,3435,878
3345,1995,3,4317,2315,2002
3345,1995,4,4325,2215,2110
3345,1995,5,4337,3855,482
3345,1995,6,4324,8415,-4091
3345,1995,7,4319,3515,804
3345,1995,8,4324,2815,1509
3345,1995,9,4331,2315,2016
3345,1995,10,4333,5555,-1222
3345,1995,11,4336,3615,721
3345,1995,12,4337,6065,-1728
3345,1996,1,4306,17197,-12891
3345,1996,2,4281,3347,934
3345,1996,3,4282,2519,1763
3345,1996,4,4286,2315,1971
3345,1996,5,4298,4195,103
3345,1996,6,4287,7137,-2850
3345,1996,7,4285,2416,1869
3345,1996,8,4290,2615,1675
3345,1996,9,4300,3575,725
3345,1996,10,4304,4615,-311
3345,1996,11,4303,2215,2088
3345,1996,12,4312,3165,1147
3345,1997,1,4289,11736,-7447
3345,1997,2,4284,2418,1866
3345,1997,3,4292,2615,1677
3345,1997,4,4293,5295,-1002
3345,1997,5,4297,2975,1322
3345,1997,6,4297,2615,1682
3345,1997,7,4298,6695,-2397
3345,1997,8,4296,2715,1581
3345,1997,9,4301,2015,2286
3345,1997,10,4312,2215,2097
3345,1997,11,4310,9935,-5625
3345,1997,12,4299,3265,1034
3345,1998,1,4290,12131,-7841
3345,1998,2,4281,2346,1935
3345,1998,3,4281,4445,-164
3345,1998,4,4281,2429,1852
3345,1998,5,4283,5181,-898
3345,1998,6,4284,2217,2067
3345,1998,7,4291,2015,2276
3345,1998,8,4302,1915,2387
3345,1998,9,4306,2915,1391
3345,1998,10,4314,2615,1699
3345,1998,11,4307,6375,-2068
3345,1998,12,4314,3250,1064
3346,1997,7,400,0,400
3346,1997,8,24309,0,24309
3346,1997,9,23896,13700,10196
3346,1997,10,23936,16500,7436
3346,1997,11,23959,22700,1259
3346,1997,12,35912,38021,-2109
3346,1998,1,23933,43121,-19188
3346,1998,2,23908,23281,627
3346,1998,3,23913,21661,2252
3346,1998,4,23927,25501,-1574
3346,1998,5,23917,21021,2896
3346,1998,6,35841,43841,-8000
3346,1998,7,23902,17441,6461
3346,1998,8,23919,20521,3398
3346,1998,9,23936,19821,4115
3346,1998,10,23940,24761,-821
3346,1998,11,23937,24021,-84
3346,1998,12,35854,32486,3368
3347,1996,8,600,0,600
3347,1996,9,5357,0,5357
3347,1996,10,5357,0,5357
3347,1996,11,5357,0,5357
3347,1996,12,5357,0,5357
3347,1997,1,5413,7675,-2262
3347,1997,2,5447,2639,2808
3347,1997,3,5456,4439,1017
3347,1997,4,5463,2639,2824
3347,1997,5,5475,2639,2836
3347,1997,6,5463,9839,-4376
3347,1997,7,5469,2639,2830
3347,1997,8,5466,8639,-3173
3347,1997,9,5458,6339,-881
3347,1997,10,5440,13859,-8419
3347,1997,11,5427,3339,2088
3347,1997,12,5427,6039,-612
3347,1998,1,5409,10719,-5310
3347,1998,2,5412,2639,2773
3347,1998,3,5415,6139,-724
3347,1998,4,5421,2639,2782
3347,1998,5,5433,2639,2794
3347,1998,6,5444,2639,2805
3347,1998,7,5435,9839,-4404
3347,1998,8,5438,2639,2799
3347,1998,9,5449,2639,2810
3347,1998,10,5435,10639,-5204
3347,1998,11,5419,8639,-3220
3347,1998,12,5425,2974,2451
3348,1994,12,28266,0,28266
3348,1995,1,18217,3100,15117
3348,1995,2,18256,11000,7256
3348,1995,3,18286,11500,6786
3348,1995,4,18306,14615,3691
3348,1995,5,18292,21102,-2810
3348,1995,6,27277,46062,-18785
3348,1995,7,18242,8902,9340
3348,1995,8,18271,12902,5369
3348,1995,9,18252,22502,-4250
3348,1995,10,18256,16502,1754
3348,1995,11,18251,19902,-1651
3348,1995,12,27288,25422,1866
3348,1996,1,18219,34002,-15783
3348,1996,2,18233,6502,11731
3348,1996,3,18246,18162,84
3348,1996,4,18266,11402,6864
3348,1996,5,18273,27602,-9329
3348,1996,6,27283,31602,-4319
3348,1996,7,18262,15202,3060
3348,1996,8,18270,18202,68
3348,1996,9,18270,14982,3288
3348,1996,10,18284,15502,2782
3348,1996,11,18278,20242,-1964
3348,1996,12,27333,25982,1351
3348,1997,1,18253,34562,-16309
3348,1997,2,18228,6702,11526
3348,1997,3,18271,16502,1769
3348,1997,4,18259,18662,-403
3348,1997,5,18275,16902,1373
3348,1997,6,27319,30462,-3143
3348,1997,7,18269,13502,4767
3348,1997,8,18286,14502,3784
3348,1997,9,18298,17802,496
3348,1997,10,18305,12702,5603
3348,1997,11,18324,19982,-1658
3348,1997,12,27354,21802,5552
3348,1998,1,22366,39722,-17356
3348,1998,2,21082,5802,15280
3348,1998,3,18327,13902,4425
3348,1998,4,18350,13902,4448
3348,1998,5,18360,19602,-1242
3348,1998,6,27385,26402,983
3348,1998,7,18365,14402,3963
3348,1998,8,18375,17302,1073
3348,1998,9,18371,25022,-6651
3348,1998,10,18352,16102,2250
3348,1998,11,18351,21102,-2751
3348,1998,12,27391,24507,2884
3349,1996,3,500,0,500
3349,1996,4,24273,0,24273
3349,1996,5,18270,7000,11270
3349,1996,6,27394,18600,8794
3349,1996,7,18347,16400,1947
3349,1996,8,18365,22916,-4551
3349,1996,9,18360,22816,-4456
3349,1996,10,18333,15616,2717
3349,1996,11,18339,20116,-1777
3349,1996,12,27429,21916,5513
3349,1997,1,18340,29616,-11276
3349,1997,2,18328,15316,3012
3349,1997,3,18320,19416,-1096
3349,1997,4,18318,24316,-5998
3349,1997,5,18292,20216,-1924
3349,1997,6,27368,28216,-848
3349,1997,7,18276,19116,-840
3349,1997,8,18273,19516,-1243
3349,1997,9,18268,17216,1052
3349,1997,10,18275,15216,3059
3349,1997,11,18281,18716,-435
3349,1997,12,27399,25016,2383
3349,1998,1,18271,30816,-12545
3349,1998,2,18242,14416,3826
3349,1998,3,18245,22016,-3771
3349,1998,4,18231,20916,-2685
3349,1998,5,18225,18116,109
3349,1998,6,27327,16916,10411
3349,1998,7,18267,18316,-49
3349,1998,8,18277,12916,5361
3349,1998,9,18313,13816,4497
3349,1998,10,18333,15716,2617
3349,1998,11,18320,16816,1504
3349,1998,12,27426,29101,-1675
3350,1996,7,700,0,700
3350,1996,8,15272,0,15272
3350,1996,9,8206,4500,3706
3350,1996,10,8216,6300,1916
3350,1996,11,8213,10200,-1987
3350,1996,12,12279,11575,704
3350,1997,1,8192,15796,-7604
3350,1997,2,11205,3676,7529
3350,1997,3,8203,11876,-3673
3350,1997,4,8190,10776,-2586
3350,1997,5,8201,3676,4525
3350,1997,6,12283,8076,4207
3350,1997,7,8210,11876,-3666
3350,1997,8,8195,11876,-3681
3350,1997,9,8189,9556,-1367
3350,1997,10,8201,3676,4525
3350,1997,11,8220,3676,4544
3350,1997,12,12286,13536,-1250
3350,1998,1,8200,17116,-8916
3350,1998,2,8194,7036,1158
3350,1998,3,8201,3676,4525
3350,1998,4,8202,9176,-974
3350,1998,5,8216,3676,4540
3350,1998,6,12307,10236,2071
3350,1998,7,8244,3676,4568
3350,1998,8,8205,21276,-13071
3350,1998,9,8208,3676,4532
3350,1998,10,8227,3676,4551
3350,1998,11,8246,3676,4570
3350,1998,12,12331,8301,4030
3351,1996,3,5860,0,5860
3351,1996,4,5567,0,5567
3351,1996,5,5567,0,5567
3351,1996,6,5567,0,5567
3351,1996,7,5593,2895,2698
3351,1996,8,5657,2715,2942
3351,1996,9,5669,2715,2954
3351,1996,10,5674,7695,-2021
3351,1996,11,5673,2715,2958
3351,1996,12,5679,4465,1214
3351,1997,1,5672,11755,-6083
3351,1997,2,5664,2715,2949
3351,1997,3,5677,2715,2962
3351,1997,4,5689,2715,2974
3351,1997,5,5690,6555,-865
3351,1997,6,5698,2715,2983
3351,1997,7,5711,4715,996
3351,1997,8,5716,6015,-299
3351,1997,9,5709,4635,1074
3351,1997,10,5710,10315,-4605
3351,1997,11,5699,2715,2984
3351,1997,12,5706,7685,-1979
3351,1998,1,5682,11755,-6073
3351,1998,2,5677,2715,2962
3351,1998,3,5690,2715,2975
3351,1998,4,5697,5915,-218
3351,1998,5,5698,7515,-1817
3351,1998,6,5692,4815,877
3351,1998,7,5687,7395,-1708
3351,1998,8,5688,4515,1173
3351,1998,9,5685,7075,-1390
3351,1998,10,5683,8315,-2632
3351,1998,11,5671,9015,-3344
3351,1998,12,5657,7410,-1753
3352,1993,11,5323,0,5323
3352,1993,12,15979,0,15979
3352,1994,1,6816,0,6816
3352,1994,2,4530,2500,2030
3352,1994,3,4539,2515,2024
3352,1994,4,4534,6553,-2019
3352,1994,5,4524,11013,-6489
3352,1994,6,8225,2953,5272
3352,1994,7,4511,9033,-4522
3352,1994,8,4510,3853,657
3352,1994,9,4509,5153,-644
3352,1994,10,4506,5153,-647
3352,1994,11,6617,2953,3664
3352,1994,12,6713,9653,-2940
3352,1995,1,7492,17473,-9981
3352,1995,2,6778,2953,3825
3352,1995,3,5090,2953,2137
3352,1995,4,6804,2953,3851
3352,1995,5,6618,6553,65
3352,1995,6,8729,2953,5776
3352,1995,7,4527,8413,-3886
3352,1995,8,4521,3753,768
3352,1995,9,4524,2953,1571
3352,1995,10,4526,7173,-2647
3352,1995,11,4516,7433,-2917
3352,1995,12,6709,7433,-724
3352,1996,1,6778,12713,-5935
3352,1996,2,6080,2953,3127
3352,1996,3,4493,3053,1440
3352,1996,4,5098,7993,-2895
3352,1996,5,8589,3793,4796
3352,1996,6,6715,4753,1962
3352,1996,7,4514,3753,761
3352,1996,8,4516,4553,-37
3352,1996,9,4718,2953,1765
3352,1996,10,4521,5753,-1232
3352,1996,11,6922,2953,3969
3352,1996,12,6730,8833,-2103
3352,1997,1,6983,16993,-10010
3352,1997,2,6087,2953,3134
3352,1997,3,4498,3253,1245
3352,1997,4,7708,2953,4755
3352,1997,5,4517,7053,-2536
3352,1997,6,6709,8813,-2104
3352,1997,7,4500,5153,-653
3352,1997,8,4495,6553,-2058
3352,1997,9,4489,4553,-64
3352,1997,10,4479,9853,-5374
3352,1997,11,4470,2953,1517
3352,1997,12,6978,6793,185
3352,1998,1,4464,7693,-3229
3352,1998,2,4463,2953,1510
3352,1998,3,4469,2953,1516
3352,1998,4,4466,7253,-2787
3352,1998,5,4464,2953,1511
3352,1998,6,6676,5233,1443
3352,1998,7,4476,2953,1523
3352,1998,8,4476,5953,-1477
3352,1998,9,4476,2953,1523
3352,1998,10,4482,2953,1529
3352,1998,11,4488,2953,1535
3352,1998,12,6685,9658,-2973
3353,1996,8,200,0,200
3353,1996,9,44280,13000,31280
3353,1996,10,18990,13300,5690
3353,1996,11,53417,35100,18317
3353,1996,12,230,16100,-15870
3353,1997,1,33832,28015,5817
3353,1997,2,100404,71189,29215
3353,1997,3,78676,95511,-16835
3353,1997,4,1258,27689,-26431
3353,1997,5,32759,39389,-6630
3353,1997,6,85954,61274,24680
3353,1997,7,12929,23289,-10360
3353,1997,8,67562,17189,50373
3353,1997,9,66867,82089,-15222
3353,1997,10,100219,104889,-4670
3353,1997,11,33636,41309,-7673
3353,1997,12,37085,39189,-2104
3353,1998,1,12017,50822,-38805
3353,1998,2,15666,17189,-1523
3353,1998,3,13469,11103,2366
3353,1998,4,15367,17189,-1822
3353,1998,5,17364,17189,175
3353,1998,6,19670,17189,2481
3353,1998,7,19681,19289,392
3353,1998,8,15678,17189,-1511
3353,1998,9,43295,28689,14606
3353,1998,10,13630,17189,-3559
3353,1998,11,16122,17189,-1067
3353,1998,12,37400,28274,9126
3354,1993,11,11188,0,11188
3354,1993,12,21544,0,21544
3354,1994,1,10506,4900,5606
3354,1994,2,10517,8600,1917
3354,1994,3,10514,13155,-2641
3354,1994,4,10496,13048,-2552
3354,1994,5,10493,14048,-3555
3354,1994,6,15641,25448,-9807
3354,1994,7,11262,5163,6099
3354,1994,8,10771,9863,908
3354,1994,9,10487,5363,5124
3354,1994,10,10506,10663,-157
3354,1994,11,10508,13363,-2855
3354,1994,12,15687,12963,2724
3354,1995,1,13380,26263,-12883
3354,1995,2,10454,6763,3691
3354,1995,3,10469,8563,1906
3354,1995,4,10477,7663,2814
3354,1995,5,10488,8663,1825
3354,1995,6,15665,25063,-9398
3354,1995,7,15247,13848,1399
3354,1995,8,10462,8048,2414
3354,1995,9,10472,8048,2424
3354,1995,10,10475,12548,-2073
3354,1995,11,10471,10648,-177
3354,1995,12,15658,13348,2310
3354,1996,1,10459,19248,-8789
3354,1996,2,11847,6848,4999
3354,1996,3,10462,11448,-986
3354,1996,4,10457,12048,-1591
3354,1996,5,10448,12448,-2000
3354,1996,6,15626,19648,-4022
3354,1996,7,10424,9348,1076
3354,1996,8,10431,9148,1283
3354,1996,9,10436,7948,2488
3354,1996,10,10436,15448,-5012
3354,1996,11,10425,8448,1977
3354,1996,12,15611,14448,1163
3354,1997,1,15607,28548,-12941
3354,1997,2,11290,5048,6242
3354,1997,3,10413,6548,3865
3354,1997,4,10423,10148,275
3354,1997,5,10422,10448,-26
3354,1997,6,15615,9748,5867
3354,1997,7,10449,8648,1801
3354,1997,8,10446,13648,-3202
3354,1997,9,10438,10048,390
3354,1997,10,10431,13548,-3117
3354,1997,11,10430,8948,1482
3354,1997,12,16415,13348,3067
3354,1998,1,10416,27648,-17232
3354,1998,2,18716,2044,16672
3354,1998,3,11659,5048,6611
3354,1998,4,13790,5048,8742
3354,1998,5,10510,8748,1762
3354,1998,6,15680,19848,-4168
3354,1998,7,10484,15348,-4864
3354,1998,8,10484,10948,-464
3354,1998,9,10484,8448,2036
3354,1998,10,10480,11048,-568
3354,1998,11,10474,10648,-174
3354,1998,12,15654,15433,221
3355,1994,2,1100,0,1100
3355,1994,3,5768,0,5768
3355,1994,4,5768,0,5768
3355,1994,5,5768,0,5768
3355,1994,6,5768,0,5768
3355,1994,7,5842,2590,3252
3355,1994,8,5887,6790,-903
3355,1994,9,5885,4990,895
3355,1994,10,5888,5490,398
3355,1994,11,5888,4950,938
3355,1994,12,5891,6390,-499
3355,1995,1,5883,10510,-4627
3355,1995,2,5871,5370,501
3355,1995,3,5875,3990,1885
3355,1995,4,5883,4390,1493
3355,1995,5,5883,6030,-147
3355,1995,6,5886,10890,-5004
3355,1995,7,5868,3870,1998
3355,1995,8,5878,2590,3288
3355,1995,9,5891,3190,2701
3355,1995,10,5901,3390,2511
3355,1995,11,5913,2590,3323
3355,1995,12,5922,4620,1302
3355,1996,1,5908,12750,-6842
3355,1996,2,5900,4670,1230
3355,1996,3,5909,2590,3319
3355,1996,4,5919,5030,889
3355,1996,5,5921,5390,531
3355,1996,6,5919,8830,-2911
3355,1996,7,5917,2590,3327
3355,1996,8,5927,4270,1657
3355,1996,9,5937,2790,3147
3355,1996,10,5943,6550,-607
3355,1996,11,5948,2590,3358
3355,1996,12,5953,5790,163
3355,1997,1,5934,15310,-9376
3355,1997,2,5923,2590,3333
3355,1997,3,5937,2590,3347
3355,1997,4,5951,2590,3361
3355,1997,5,5965,2890,3075
3355,1997,6,5943,14590,-8647
3355,1997,7,5941,2590,3351
3355,1997,8,5955,2590,3365
3355,1997,9,5969,2590,3379
3355,1997,10,5977,5150,827
3355,1997,11,5985,5390,595
3355,1997,12,5988,3840,2148
3355,1998,1,5981,9230,-3249
3355,1998,2,5984,2590,3394
3355,1998,3,5996,4750,1246
3355,1998,4,6003,2590,3413
3355,1998,5,6007,6430,-423
3355,1998,6,6001,8090,-2089
3355,1998,7,6007,2590,3417
3355,1998,8,6018,4110,1908
3355,1998,9,6028,2590,3438
3355,1998,10,6043,2590,3453
3355,1998,11,6057,2590,3467
3355,1998,12,6062,7225,-1163
3357,1995,7,400,0,400
3357,1995,8,6741,0,6741
3357,1995,9,6741,0,6741
3357,1995,10,6741,0,6741
3357,1995,11,6767,3900,2867
3357,1995,12,6842,4615,2227
3357,1996,1,6856,5656,1200
3357,1996,2,6862,4996,1866
3357,1996,3,6859,9596,-2737
3357,1996,4,6853,8956,-2103
3357,1996,5,6834,11776,-4942
3357,1996,6,6832,2456,4376
3357,1996,7,6845,5856,989
3357,1996,8,6852,4156,2696
3357,1996,9,6856,7556,-700
3357,1996,10,6858,4956,1902
3357,1996,11,6866,4956,1910
3357,1996,12,6861,11206,-4345
3357,1997,1,6854,5356,1498
3357,1997,2,6854,8356,-1502
3357,1997,3,6848,7156,-308
3357,1997,4,6853,5356,1497
3357,1997,5,6847,8736,-1889
3357,1997,6,6844,8456,-1612
3357,1997,7,6845,5056,1789
3357,1997,8,6844,8256,-1412
3357,1997,9,6841,6756,85
3357,1997,10,6848,4156,2692
3357,1997,11,6841,10516,-3675
3357,1997,12,6847,3606,3241
3357,1998,1,6863,1856,5007
3357,1998,2,6878,4556,2322
3357,1998,3,6883,11136,-4253
3357,1998,4,6874,2336,4538
3357,1998,5,6889,3556,3333
3357,1998,6,6893,7056,-163
3357,1998,7,6908,1856,5052
3357,1998,8,6905,10256,-3351
3357,1998,9,6907,6936,-29
3357,1998,10,6911,2956,3955
3357,1998,11,6916,7056,-140
3357,1998,12,6897,12091,-5194
3358,1996,2,900,0,900
3358,1996,3,3279,0,3279
3358,1996,4,3279,0,3279
3358,1996,5,3279,0,3279
3358,1996,6,3279,0,3279
3358,1996,7,3320,461,2859
3358,1996,8,3353,2201,1152
3358,1996,9,3358,2201,1157
3358,1996,10,3361,2501,860
3358,1996,11,3358,5451,-2093
3358,1996,12,3355,3281,74
3358,1997,1,3346,6761,-3415
3358,1997,2,3342,2201,1141
3358,1997,3,3347,2561,786
3358,1997,4,3351,2201,1150
3358,1997,5,3356,2201,1155
3358,1997,6,3360,2201,1159
3358,1997,7,3365,2351,1014
3358,1997,8,3369,2201,1168
3358,1997,9,3375,2201,1174
3358,1997,10,3376,4751,-1375
3358,1997,11,3374,2201,1173
3358,1997,12,3378,2411,967
3358,1998,1,3369,7371,-4002
3358,1998,2,3365,2201,1164
3358,1998,3,3370,2201,1169
3358,1998,4,3367,5301,-1934
3358,1998,5,3357,5701,-2344
3358,1998,6,3358,2201,1157
3358,1998,7,3363,2201,1162
3358,1998,8,3368,2201,1167
3358,1998,9,3370,2601,769
3358,1998,10,3372,3011,361
3358,1998,11,3372,3641,-269
3358,1998,12,3371,3686,-315
3359,1996,7,500,0,500
3359,1996,8,12714,0,12714
3359,1996,9,5166,0,5166
3359,1996,10,3787,400,3387
3359,1996,11,4302,0,4302
3359,1996,12,3822,1945,1877
3359,1997,1,9226,6283,2943
3359,1997,2,7144,2863,4281
3359,1997,3,3859,4653,-794
3359,1997,4,3856,4553,-697
3359,1997,5,3854,2353,1501
3359,1997,6,9458,10663,-1205
3359,1997,7,4356,2053,2303
3359,1997,8,5267,2053,3214
3359,1997,9,3877,3853,24
3359,1997,10,3871,6683,-2812
3359,1997,11,3861,6953,-3092
3359,1997,12,3850,4073,-223
3359,1998,1,5346,5353,-7
3359,1998,2,3850,3953,-103
3359,1998,3,3851,3053,798
3359,1998,4,3849,7053,-3204
3359,1998,5,3837,5653,-1816
3359,1998,6,3822,6723,-2901
3359,1998,7,5325,2053,3272
3359,1998,8,3826,8253,-4427
3359,1998,9,3815,2853,962
3359,1998,10,3922,2053,1869
3359,1998,11,4531,2053,2478
3359,1998,12,3839,2638,1201
3360,1997,11,600,0,600
3360,1997,12,21962,0,21962
3360,1998,1,13979,6600,7379
3360,1998,2,14018,3800,10218
3360,1998,3,14027,15100,-1073
3360,1998,4,14012,21649,-7637
3360,1998,5,13993,16149,-2156
3360,1998,6,23909,32729,-8820
3360,1998,7,24099,10769,13330
3360,1998,8,17027,12089,4938
3360,1998,9,14747,9209,5538
3360,1998,10,14067,9709,4358
3360,1998,11,14080,11409,2671
3360,1998,12,21035,14334,6701
3361,1993,8,200,0,200
3361,1993,9,15144,0,15144
3361,1993,10,9504,0,9504
3361,1993,11,9337,6600,2737
3361,1993,12,13970,6200,7770
3361,1994,1,9368,19049,-9681
3361,1994,2,9343,10369,-1026
3361,1994,3,9341,8069,1272
3361,1994,4,9344,9869,-525
3361,1994,5,12133,11689,444
3361,1994,6,13971,19489,-5518
3361,1994,7,12029,6169,5860
3361,1994,8,13239,11449,1790
3361,1994,9,9354,8169,1185
3361,1994,10,9359,8269,1090
3361,1994,11,9361,9169,192
3361,1994,12,13975,18709,-4734
3361,1995,1,10238,12649,-2411
3361,1995,2,14531,13369,1162
3361,1995,3,10741,9889,852
3361,1995,4,13653,6169,7484
3361,1995,5,9372,8669,703
3361,1995,6,13999,11569,2430
3361,1995,7,9385,8769,616
3361,1995,8,9381,11269,-1888
3361,1995,9,9379,11169,-1790
3361,1995,10,9372,8369,1003
3361,1995,11,9882,6169,3713
3361,1995,12,14003,16669,-2666
3361,1996,1,9664,19729,-10065
3361,1996,2,11449,6169,5280
3361,1996,3,9766,6169,3597
3361,1996,4,13491,6169,7322
3361,1996,5,10012,6169,3843
3361,1996,6,14042,11569,2473
3361,1996,7,9421,14249,-4828
3361,1996,8,9408,9069,339
3361,1996,9,9422,10529,-1107
3361,1996,10,9403,9569,-166
3361,1996,11,9406,8929,477
3361,1996,12,14013,18449,-4436
3361,1997,1,14069,22249,-8180
3361,1997,2,18287,10009,8278
3361,1997,3,12393,18769,-6376
3361,1997,4,11579,6169,5410
3361,1997,5,12302,6169,6133
3361,1997,6,15856,15929,-73
3361,1997,7,16242,6169,10073
3361,1997,8,9459,6169,3290
3361,1997,9,9469,12149,-2680
3361,1997,10,10367,6169,4198
3361,1997,11,9472,8969,503
3361,1997,12,14409,9369,5040
3361,1998,1,12300,13129,-829
3361,1998,2,12209,6169,6040
3361,1998,3,9726,6169,3557
3361,1998,4,9530,9269,261
3361,1998,5,9529,9169,360
3361,1998,6,14099,53309,-39210
3361,1998,7,38932,10249,28683
3361,1998,8,15297,6169,9128
3361,1998,9,9922,10249,-327
3361,1998,10,9632,6169,3463
3361,1998,11,9544,10569,-1025
3361,1998,12,14150,13914,236
3362,1995,1,1100,0,1100
3362,1995,2,19357,0,19357
3362,1995,3,11034,2100,8934
3362,1995,4,11067,7100,3967
3362,1995,5,11084,7100,3984
3362,1995,6,16570,21009,-4439
3362,1995,7,11090,9409,1681
3362,1995,8,11093,12409,-1316
3362,1995,9,11087,12209,-1122
3362,1995,10,11088,7709,3379
3362,1995,11,11097,13209,-2112
3362,1995,12,16573,15109,1464
3362,1996,1,13953,30809,-16856
3362,1996,2,18642,7309,11333
3362,1996,3,12275,11409,866
3362,1996,4,13885,7309,6576
3362,1996,5,11104,9409,1695
3362,1996,6,16599,13309,3290
3362,1996,7,11116,14609,-3493
3362,1996,8,11107,11009,98
3362,1996,9,11105,14309,-3204
3362,1996,10,11099,12709,-1610
3362,1996,11,11090,11109,-19
3362,1996,12,16581,9509,7072
3362,1997,1,12605,18009,-5404
3362,1997,2,11097,8709,2388
3362,1997,3,12085,15209,-3124
3362,1997,4,11092,9709,1383
3362,1997,5,11094,11309,-215
3362,1997,6,21539,27609,-6070
3362,1997,7,11074,8409,2665
3362,1997,8,11081,10309,772
3362,1997,9,11072,14209,-3137
3362,1997,10,11067,11309,-242
3362,1997,11,11059,13409,-2350
3362,1997,12,16547,12309,4238
3362,1998,1,13849,28009,-14160
3362,1998,2,20455,7309,13146
3362,1998,3,11079,7809,3270
3362,1998,4,11088,9409,1679
3362,1998,5,11091,10409,682
3362,1998,6,16567,19509,-2942
3362,1998,7,11084,10409,675
3362,1998,8,11072,13909,-2837
3362,1998,9,11072,10109,963
3362,1998,10,11086,8809,2277
3362,1998,11,11082,12309,-1227
3362,1998,12,16537,20294,-3757
3363,1995,6,1100,0,1100
3363,1995,7,4412,0,4412
3363,1995,8,4412,0,4412
3363,1995,9,4412,0,4412
3363,1995,10,4412,0,4412
3363,1995,11,4461,2478,1983
3363,1995,12,4501,4428,73
3363,1996,1,4492,11838,-7346
3363,1996,2,4471,3278,1193
3363,1996,3,4478,2478,2000
3363,1996,4,4482,5038,-556
3363,1996,5,4484,2478,2006
3363,1996,6,4492,2478,2014
3363,1996,7,4494,5278,-784
3363,1996,8,4497,2478,2019
3363,1996,9,4506,2478,2028
3363,1996,10,4514,2478,2036
3363,1996,11,4522,2478,2044
3363,1996,12,4523,6998,-2475
3363,1997,1,4502,10958,-6456
3363,1997,2,4493,2478,2015
3363,1997,3,4502,2478,2024
3363,1997,4,4511,2478,2033
3363,1997,5,4514,5838,-1324
3363,1997,6,4513,2478,2035
3363,1997,7,4518,4398,120
3363,1997,8,4522,2478,2044
3363,1997,9,4531,2478,2053
3363,1997,10,4539,2478,2061
3363,1997,11,4547,5038,-491
3363,1997,12,4544,3428,1116
3363,1998,1,4535,10878,-6343
3363,1998,2,4524,2478,2046
3363,1998,3,4529,4078,451
3363,1998,4,4534,2478,2056
3363,1998,5,4543,2478,2065
3363,1998,6,4516,16978,-12462
3363,1998,7,4497,3998,499
3363,1998,8,4495,5278,-783
3363,1998,9,4498,2478,2020
3363,1998,10,4507,2478,2029
3363,1998,11,4508,5518,-1010
3363,1998,12,4508,3913,595
3364,1994,12,500,0,500
3364,1995,1,60664,0,60664
3364,1995,2,255,19200,-18945
3364,1995,3,59082,8400,50682
3364,1995,4,21023,36830,-15807
3364,1995,5,40372,31120,9252
3364,1995,6,57934,88920,-30986
3364,1995,7,159,21920,-21761
3364,1995,8,35096,12620,22476
3364,1995,9,96747,53020,43727
3364,1995,10,41590,88020,-46430
3364,1995,11,36409,36930,-521
3364,1995,12,30945,39720,-8775
3364,1996,1,77,28520,-28443
3364,1996,2,39751,27730,12021
3364,1996,3,31607,8120,23487
3364,1996,4,18511,42820,-24309
3364,1996,5,5587,8020,-2433
3364,1996,6,4383,6220,-1837
3364,1996,7,25666,26364,-698
3364,1996,8,44425,36340,8085
3364,1996,9,105,6520,-6415
3364,1996,10,2880,6220,-3340
3364,1996,11,1865,6220,-4355
3364,1996,12,8952,6220,2732
3364,1997,1,89457,70373,19084
3364,1997,2,1738,6220,-4482
3364,1997,3,96115,97044,-929
3364,1997,4,35706,30020,5686
3364,1997,5,39252,32500,6752
3364,1997,6,35725,27724,8001
3364,1997,7,116771,105244,11527
3364,1997,8,48401,46130,2271
3364,1997,9,74700,87720,-13020
3364,1997,10,122208,92937,29271
3364,1997,11,256,39220,-38964
3364,1997,12,57018,27864,29154
3364,1998,1,51113,43186,7927
3364,1998,2,34489,41601,-7112
3364,1998,3,7981,17120,-9139
3364,1998,4,61549,63365,-1816
3364,1998,5,9582,27600,-18018
3364,1998,6,110521,92620,17901
3364,1998,7,100419,58920,41499
3364,1998,8,87486,108302,-20816
3364,1998,9,2506,13242,-10736
3364,1998,10,5991,6220,-229
3364,1998,11,109403,112302,-2899
3364,1998,12,138025,118574,19451
3365,1997,11,1100,0,1100
3365,1997,12,6994,0,6994
3365,1998,1,7022,1000,6022
3365,1998,2,7066,400,6666
3365,1998,3,7086,3800,3286
3365,1998,4,7098,7590,-492
3365,1998,5,7094,6590,504
3365,1998,6,7100,6490,610
3365,1998,7,7099,8090,-991
3365,1998,8,7084,11630,-4546
3365,1998,9,7087,3090,3997
3365,1998,10,7097,5890,1207
3365,1998,11,7095,8030,-935
3365,1998,12,7102,4125,2977
3366,1996,3,14155,0,14155
3366,1996,4,21737,0,21737
3366,1996,5,14095,13200,895
3366,1996,6,21018,13300,7718
3366,1996,7,14116,20603,-6487
3366,1996,8,14090,16807,-2717
3366,1996,9,14081,9987,4094
3366,1996,10,14096,14887,-791
3366,1996,11,14092,15087,-995
3366,1996,12,21049,20127,922
3366,1997,1,14060,20947,-6887
3366,1997,2,14065,9587,4478
3366,1997,3,14083,11387,2696
3366,1997,4,14091,14787,-696
3366,1997,5,14091,10987,3104
3366,1997,6,21078,14187,6891
3366,1997,7,14120,18287,-4167
3366,1997,8,14092,18627,-4535
3366,1997,9,14093,11887,2206
3366,1997,10,14090,16687,-2597
3366,1997,11,14086,15687,-1601
3366,1997,12,21056,15087,5969
3366,1998,1,14090,30667,-16577
3366,1998,2,15246,8227,7019
3366,1998,3,14069,11927,2142
3366,1998,4,14083,7387,6696
3366,1998,5,14100,12607,1493
3366,1998,6,21075,18707,2368
3366,1998,7,14109,18187,-4078
3366,1998,8,14090,17727,-3637
3366,1998,9,14084,12787,1297
3366,1998,10,14080,19107,-5027
3366,1998,11,14068,12087,1981
3366,1998,12,21058,7772,13286
3367,1993,4,23467,0,23467
3367,1993,5,25068,13800,11268
3367,1993,6,34058,24600,9458
3367,1993,7,22793,20800,1993
3367,1993,8,22846,25319,-2473
3367,1993,9,22834,21038,1796
3367,1993,10,22837,23538,-701
3367,1993,11,22833,25038,-2205
3367,1993,12,34145,29818,4327
3367,1994,1,22835,23638,-803
3367,1994,2,22828,25258,-2430
3367,1994,3,22830,20438,2392
3367,1994,4,22831,24518,-1687
3367,1994,5,22820,22618,202
3367,1994,6,34156,27838,6318
3367,1994,7,22852,21938,914
3367,1994,8,22852,23038,-186
3367,1994,9,22833,28298,-5465
3367,1994,10,22829,21438,1391
3367,1994,11,22829,24298,-1469
3367,1994,12,34138,29018,5120
3367,1995,1,22841,23538,-697
3367,1995,2,22841,20938,1903
3367,1995,3,22852,21638,1214
3367,1995,4,22850,25338,-2488
3367,1995,5,22843,21838,1005
3367,1995,6,34166,29238,4928
3367,1995,7,22849,29658,-6809
3367,1995,8,22834,23498,-664
3367,1995,9,22837,16838,5999
3367,1995,10,22858,19238,3620
3367,1995,11,22877,16238,6639
3367,1995,12,34213,28118,6095
3367,1996,1,22899,31458,-8559
3367,1996,2,22872,24378,-1506
3367,1996,3,22875,21338,1537
3367,1996,4,22881,20898,1983
3367,1996,5,22868,26638,-3770
3367,1996,6,34194,24038,10156
3367,1996,7,22904,24138,-1234
3367,1996,8,22905,20338,2567
3367,1996,9,22923,15278,7645
3367,1996,10,22959,16038,6921
3367,1996,11,22974,19138,3836
3367,1996,12,34317,21758,12559
3367,1997,1,23025,24838,-1813
3367,1997,2,23022,21838,1184
3367,1997,3,23025,25138,-2113
3367,1997,4,23026,20338,2688
3367,1997,5,23038,20338,2700
3367,1997,6,34290,61118,-26828
3367,1997,7,22965,10138,12827
3367,1997,8,23003,14038,8965
3367,1997,9,23027,18298,4729
3367,1997,10,23045,18938,4107
3367,1997,11,23049,21938,1111
3367,1997,12,34209,91138,-56929
3367,1998,1,33514,3038,30476
3367,1998,2,22979,10978,12001
3367,1998,3,23028,15218,7810
3367,1998,4,23033,21098,1935
3367,1998,5,23053,15538,7515
3367,1998,6,34259,77218,-42959
3367,1998,7,31177,3038,28139
3367,1998,8,23048,9898,13150
3367,1998,9,23042,35118,-12076
3367,1998,10,23004,61758,-38754
3367,1998,11,36753,3038,33715
3367,1998,12,34251,65103,-30852
3368,1995,9,200,0,200
3368,1995,10,22602,0,22602
3368,1995,11,14570,3200,11370
3368,1995,12,21834,13700,8134
3368,1996,1,14628,12800,1828
3368,1996,2,14626,16823,-2197
3368,1996,3,14641,15223,-582
3368,1996,4,14613,17523,-2910
3368,1996,5,14612,13723,889
3368,1996,6,28797,46163,-17366
3368,1996,7,20766,17763,3003
3368,1996,8,15577,7923,7654
3368,1996,9,14587,15143,-556
3368,1996,10,14596,10623,3973
3368,1996,11,14603,18103,-3500
3368,1996,12,21825,20743,1082
3368,1997,1,27018,23923,3095
3368,1997,2,21147,7923,13224
3368,1997,3,14655,15823,-1168
3368,1997,4,14664,11523,3141
3368,1997,5,14679,11023,3656
3368,1997,6,21872,41303,-19431
3368,1997,7,15728,7923,7805
3368,1997,8,14746,10443,4303
3368,1997,9,14661,14123,538
3368,1997,10,16682,7923,8759
3368,1997,11,14705,10023,4682
3368,1997,12,21949,19683,2266
3368,1998,1,19589,29263,-9674
3368,1998,2,14695,7923,6772
3368,1998,3,14719,10323,4396
3368,1998,4,17656,7923,9733
3368,1998,5,14756,18923,-4167
3368,1998,6,32676,44723,-12047
3368,1998,7,23506,11763,11743
3368,1998,8,14761,12923,1838
3368,1998,9,16263,11523,4740
3368,1998,10,14788,10323,4465
3368,1998,11,14807,10423,4384
3368,1998,12,22068,15308,6760
3369,1994,12,14944,0,14944
3369,1995,1,8114,0,8114
3369,1995,2,4646,0,4646
3369,1995,3,4660,6400,-1740
3369,1995,4,4659,6715,-2056
3369,1995,5,4652,4848,-196
3369,1995,6,7432,3048,4384
3369,1995,7,4670,3548,1122
3369,1995,8,4673,6048,-1375
3369,1995,9,4669,3048,1621
3369,1995,10,4674,5748,-1074
3369,1995,11,4669,5748,-1079
3369,1995,12,9027,12248,-3221
3369,1996,1,5449,8148,-2699
3369,1996,2,4839,4148,691
3369,1996,3,4642,4448,194
3369,1996,4,5744,5848,-104
3369,1996,5,9550,3048,6502
3369,1996,6,8930,12348,-3418
3369,1996,7,4656,4848,-192
3369,1996,8,4656,4048,608
3369,1996,9,4658,4248,410
3369,1996,10,5755,5348,407
3369,1996,11,4659,5448,-789
3369,1996,12,6933,6448,485
3369,1997,1,4644,8148,-3504
3369,1997,2,7935,7948,-13
3369,1997,3,7651,3048,4603
3369,1997,4,4966,3048,1918
3369,1997,5,7076,3648,3428
3369,1997,6,12331,17148,-4817
3369,1997,7,5970,3048,2922
3369,1997,8,4674,7448,-2774
3369,1997,9,6266,5048,1218
3369,1997,10,6778,3048,3730
3369,1997,11,5390,3048,2342
3369,1997,12,9577,5948,3629
3369,1998,1,6294,12148,-5854
3369,1998,2,8598,3048,5550
3369,1998,3,4698,9748,-5050
3369,1998,4,8195,4248,3947
3369,1998,5,4808,3048,1760
3369,1998,6,6984,18048,-11064
3369,1998,7,9180,3048,6132
3369,1998,8,10309,3048,7261
3369,1998,9,9437,3048,6389
3369,1998,10,7156,3548,3608
3369,1998,11,4764,3648,1116
3369,1998,12,9753,8433,1320
3370,1993,11,600,0,600
3370,1993,12,35849,7300,28549
3370,1994,1,23995,16100,7895
3370,1994,2,24017,20500,3517
3370,1994,3,24028,22000,2028
3370,1994,4,24033,35415,-11382
3370,1994,5,23996,22715,1281
3370,1994,6,35933,33115,2818
3370,1994,7,24023,15815,8208
3370,1994,8,24014,36415,-12401
3370,1994,9,24004,17615,6389
3370,1994,10,24029,22715,1314
3370,1994,11,24030,19215,4815
3370,1994,12,35981,32915,3066
3370,1995,1,23985,70129,-46144
3370,1995,2,36229,17138,19091
3370,1995,3,23962,16015,7947
3370,1995,4,23991,23115,876
3370,1995,5,24007,33436,-9429
3370,1995,6,37359,15449,21910
3370,1995,7,24023,36987,-12964
3370,1995,8,23999,42518,-18519
3370,1995,9,30487,15,30472
3370,1995,10,23955,58012,-34057
3370,1995,11,30171,15,30156
3370,1995,12,36009,13015,22994
3370,1996,1,24006,74215,-50209
3370,1996,2,27438,29187,-1749
3370,1996,3,28973,15,28958
3370,1996,4,24005,24239,-234
3370,1996,5,24029,16515,7514
3370,1996,6,36031,13115,22916
3370,1996,7,24121,35815,-11694
3370,1996,8,24057,54850,-30793
3370,1996,9,23987,14815,9172
3370,1996,10,24001,32954,-8953
3370,1996,11,23956,13815,10141
3370,1996,12,36006,25315,10691
3370,1997,1,25837,60015,-34178
3370,1997,2,23909,19294,4615
3370,1997,3,23947,17092,6855
3370,1997,4,23950,11915,12035
3370,1997,5,23997,19315,4682
3370,1997,6,35944,30915,5029
3370,1997,7,24035,23515,520
3370,1997,8,24062,28015,-3953
3370,1997,9,24021,23415,606
3370,1997,10,24009,49600,-25591
3370,1997,11,23951,17320,6631
3370,1997,12,35881,26515,9366
3370,1998,1,23961,44515,-20554
3370,1998,2,23913,8315,15598
3370,1998,3,23972,14315,9657
3370,1998,4,24006,19915,4091
3370,1998,5,24019,23615,404
3370,1998,6,39865,76783,-36918
3370,1998,7,23892,5215,18677
3370,1998,8,23948,23097,851
3370,1998,9,23950,22015,1935
3370,1998,10,23951,42525,-18574
3370,1998,11,23890,16615,7275
3370,1998,12,35850,28400,7450
3371,1993,11,80047,0,80047
3371,1993,12,91445,111315,-19870
3371,1994,1,60321,54864,5457
3371,1994,2,24609,38858,-14249
3371,1994,3,24171,30664,-6493
3371,1994,4,11119,22864,-11745
3371,1994,5,13284,33293,-20009
3371,1994,6,85718,24764,60954
3371,1994,7,62621,35964,26657
3371,1994,8,88583,130864,-42281
3371,1994,9,11139,41469,-30330
3371,1994,10,9396,15264,-5868
3371,1994,11,64060,43664,20396
3371,1994,12,122,22064,-21942
3371,1995,1,5683,11564,-5881
3371,1995,2,8761,11564,-2803
3371,1995,3,47561,26064,21497
3371,1995,4,735,11564,-10829
3371,1995,5,21464,15264,6200
3371,1995,6,2815,11564,-8749
3371,1995,7,63983,40973,23010
3371,1995,8,60109,47664,12445
3371,1995,9,2053,32014,-29961
3371,1995,10,62993,37564,25429
3371,1995,11,7592,33388,-25796
3371,1995,12,75222,62514,12708
3371,1996,1,78039,36264,41775
3371,1996,2,49274,86564,-37290
3371,1996,3,35139,47786,-12647
3371,1996,4,48772,41726,7046
3371,1996,5,55465,43464,12001
3371,1996,6,28279,24564,3715
3371,1996,7,47628,74057,-26429
3371,1996,8,49732,18985,30747
3371,1996,9,116047,94483,21564
3371,1996,10,55883,62873,-6990
3371,1996,11,9228,37564,-28336
3371,1996,12,40177,39847,330
3371,1997,1,125,20464,-20339
3371,1997,2,5582,11564,-5982
3371,1997,3,68,11564,-11496
3371,1997,4,84396,15064,69332
3371,1997,5,229,45164,-44935
3371,1997,6,79603,13364,66239
3371,1997,7,80565,88464,-7899
3371,1997,8,279,37764,-37485
3371,1997,9,162,20064,-19902
3371,1997,10,29923,11564,18359
3371,1997,11,148,23449,-23301
3371,1997,12,5289,11564,-6275
3371,1998,1,77,11564,-11487
3371,1998,2,31,15,16
3371,1998,3,25010,7415,17595
3371,1998,4,31496,11564,19932
3371,1998,5,11720,24264,-12544
3371,1998,6,33450,35864,-2414
3371,1998,7,123,11564,-11441
3371,1998,8,47593,11564,36029
3371,1998,9,157,22664,-22507
3371,1998,10,14392,17364,-2972
3371,1998,11,118,11564,-11446
3371,1998,12,23940,11549,12391
3372,1994,5,1100,0,1100
3372,1994,6,35987,5300,30687
3372,1994,7,24111,17900,6211
3372,1994,8,24137,18200,5937
3372,1994,9,24159,20700,3459
3372,1994,10,24181,29353,-5172
3372,1994,11,24159,28733,-4574
3372,1994,12,36171,32253,3918
3372,1995,1,24139,31953,-7814
3372,1995,2,24131,20353,3778
3372,1995,3,24151,23233,918
3372,1995,4,24147,23953,194
3372,1995,5,24147,24353,-206
3372,1995,6,36133,36553,-420
3372,1995,7,24165,20713,3452
3372,1995,8,24151,26253,-2102
3372,1995,9,24147,25073,-926
3372,1995,10,24144,22153,1991
3372,1995,11,24158,18353,5805
3372,1995,12,36199,30733,5466
3372,1996,1,24169,33813,-9644
3372,1996,2,24157,20853,3304
3372,1996,3,24177,18653,5524
3372,1996,4,24191,22713,1478
3372,1996,5,24189,25653,-1464
3372,1996,6,36197,46093,-9896
3372,1996,7,24164,18133,6031
3372,1996,8,24169,30113,-5944
3372,1996,9,24145,28393,-4248
3372,1996,10,24131,24233,-102
3372,1996,11,24144,18553,5591
3372,1996,12,36158,30753,5405
3372,1997,1,24141,45593,-21452
3372,1997,2,24118,19193,4925
3372,1997,3,24147,11553,12594
3372,1997,4,24180,16853,7327
3372,1997,5,24195,22153,2042
3372,1997,6,36204,30353,5851
3372,1997,7,24234,21773,2461
3372,1997,8,24240,26653,-2413
3372,1997,9,24250,9853,14397
3372,1997,10,24300,19153,5147
3372,1997,11,24303,24953,-650
3372,1997,12,36323,24953,11370
3372,1998,1,24324,33593,-9269
3372,1998,2,24307,25753,-1446
3372,1998,3,24300,26353,-2053
3372,1998,4,24296,27593,-3297
3372,1998,5,24292,24253,39
3372,1998,6,36305,58973,-22668
3372,1998,7,24836,9853,14983
3372,1998,8,24238,28413,-4175
3372,1998,9,24251,18353,5898
3372,1998,10,24272,19453,4819
3372,1998,11,24282,22553,1729
3372,1998,12,36323,22338,13985
3373,1996,1,900,0,900
3373,1996,2,21337,0,21337
3373,1996,3,19103,10600,8503
3373,1996,4,19135,12900,6235
3373,1996,5,19149,19100,49
3373,1996,6,28615,42926,-14311
3373,1996,7,19103,18086,1017
3373,1996,8,19098,22226,-3128
3373,1996,9,19099,21326,-2227
3373,1996,10,19092,20526,-1434
3373,1996,11,19060,24926,-5866
3373,1996,12,28562,24926,3636
3373,1997,1,19053,26786,-7733
3373,1997,2,19057,9226,9831
3373,1997,3,19053,27126,-8073
3373,1997,4,19030,22526,-3496
3373,1997,5,19051,9226,9825
3373,1997,6,28553,32726,-4173
3373,1997,7,19074,9226,9848
3373,1997,8,19044,33326,-14282
3373,1997,9,19055,9226,9829
3373,1997,10,19097,9226,9871
3373,1997,11,19045,38926,-19881
3373,1997,12,28581,10026,18555
3373,1998,1,19105,20866,-1761
3373,1998,2,19124,9226,9898
3373,1998,3,19166,9226,9940
3373,1998,4,19058,55526,-36468
3373,1998,5,19055,9226,9829
3373,1998,6,28623,9226,19397
3373,1998,7,19177,9226,9951
3373,1998,8,19083,56326,-37243
3373,1998,9,19063,9226,9837
3373,1998,10,19099,14146,4953
3373,1998,11,19100,20026,-926
3373,1998,12,28638,14291,14347
3374,1993,2,200,0,200
3374,1993,3,35484,0,35484
3374,1993,4,132875,70615,62260
3374,1993,5,34992,64312,-29320
3374,1993,6,116380,123815,-7435
3374,1993,7,118729,99015,19714
3374,1993,8,154301,139415,14886
3374,1993,9,308,39415,-39107
3374,1993,10,127870,83615,44255
3374,1993,11,34105,95273,-61168
3374,1993,12,134,17515,-17381
3374,1994,1,49803,22515,27288
3374,1994,2,150,22615,-22465
3374,1994,3,8217,11515,-3298
3374,1994,4,10589,23915,-13326
3374,1994,5,12884,5615,7269
3374,1994,6,33969,23515,10454
3374,1994,7,20527,5015,15512
3374,1994,8,44165,17615,26550
3374,1994,9,47643,30415,17228
3374,1994,10,172,61355,-61183
3374,1994,11,5476,23215,-17739
3374,1994,12,7338,6115,1223
3374,1995,1,10434,14815,-4381
3374,1995,2,71023,9515,61508
3374,1995,3,141,52515,-52374
3374,1995,4,37,16017,-15980
3374,1995,5,7202,4919,2283
3374,1995,6,3,8418,-8415
3374,1995,7,37024,19530,17494
3374,1995,8,611,13328,-12717
3374,1995,9,0,44,-44
3374,1995,10,0,15,-15
3374,1995,11,0,74,-74
3374,1995,12,0,44,-44
3374,1996,1,0,15,-15
3374,1996,2,0,75,-75
3374,1996,3,0,15,-15
3374,1996,4,0,74,-74
3374,1996,5,0,15,-15
3374,1996,6,0,74,-74
3374,1996,7,0,44,-44
3374,1996,8,11524,43,11481
3374,1996,9,10,14357,-14347
3374,1996,10,0,15,-15
3374,1996,11,0,139,-139
3374,1996,12,22128,9868,12260
3374,1997,1,25,7415,-7390
3374,1997,2,0,28,-28
3374,1997,3,28402,12616,15786
3374,1997,4,24,21420,-21396
3374,1997,5,23889,9373,14516
3374,1997,6,8,11746,-11738
3374,1997,7,0,55,-55
3374,1997,8,0,15,-15
3374,1997,9,0,96,-96
3374,1997,10,0,15,-15
3374,1997,11,0,96,-96
3374,1997,12,38785,54,38731
3374,1998,1,38,27515,-27477
3374,1998,2,49168,34015,15153
3374,1998,3,43273,51015,-7742
3374,1998,4,52774,39120,13654
3374,1998,5,95941,67615,28326
3374,1998,6,9333,48115,-38782
3374,1998,7,132634,89715,42919
3374,1998,8,187,40115,-39928
3374,1998,9,25595,34115,-8520
3374,1998,10,58959,13015,45944
3374,1998,11,82699,110815,-28116
3374,1998,12,59559,16600,42959
3375,1997,1,800,0,800
3375,1997,2,17334,0,17334
3375,1997,3,10991,700,10291
3375,1997,4,11013,10800,213
3375,1997,5,11012,11400,-388
3375,1997,6,16480,40215,-23735
3375,1997,7,16252,15,16237
3375,1997,8,13512,1615,11897
3375,1997,9,11041,4715,6326
3375,1997,10,11076,2715,8361
3375,1997,11,11106,5115,5991
3375,1997,12,16579,8515,8064
3375,1998,1,11131,14915,-3784
3375,1998,2,11139,8715,2424
3375,1998,3,11146,9315,1831
3375,1998,4,11154,10015,1139
3375,1998,5,11163,8115,3048
3375,1998,6,16600,16715,-115
3375,1998,7,11160,14315,-3155
3375,1998,8,11156,10515,641
3375,1998,9,11155,12115,-960
3375,1998,10,11147,13815,-2668
3375,1998,11,11141,11715,-574
3375,1998,12,16591,15100,1491
3376,1996,11,300,0,300
3376,1996,12,29322,2600,26722
3376,1997,1,19642,11400,8242
3376,1997,2,19671,13500,6171
3376,1997,3,19690,16500,3190
3376,1997,4,19699,24809,-5110
3376,1997,5,19689,19409,280
3376,1997,6,29452,29369,83
3376,1997,7,19680,23309,-3629
3376,1997,8,19660,24309,-4649
3376,1997,9,19655,18349,1306
3376,1997,10,19651,22229,-2578
3376,1997,11,19634,23109,-3475
3376,1997,12,29376,36289,-6913
3376,1998,1,19603,17909,1694
3376,1998,2,19607,22369,-2762
3376,1998,3,19603,16909,2694
3376,1998,4,19615,15909,3706
3376,1998,5,19621,21529,-1908
3376,1998,6,29374,31169,-1795
3376,1998,7,19610,20029,-419
3376,1998,8,19618,20709,-1091
3376,1998,9,19594,20609,-1015
3376,1998,10,19582,24029,-4447
3376,1998,11,20617,6809,13808
3376,1998,12,29438,14374,15064
3377,1996,12,32731,0,32731
3377,1997,1,21554,15200,6354
3377,1997,2,21331,0,21331
3377,1997,3,21390,17900,3490
3377,1997,4,21435,20715,720
3377,1997,5,21413,42755,-21342
3377,1997,6,32000,25855,6145
3377,1997,7,21452,21255,197
3377,1997,8,21410,23055,-1645
3377,1997,9,21397,25675,-4278
3377,1997,10,21381,25555,-4174
3377,1997,11,21365,21055,310
3377,1997,12,31957,37255,-5298
3377,1998,1,21296,35215,-13919
3377,1998,2,21289,11155,10134
3377,1998,3,21328,19655,1673
3377,1998,4,21332,21555,-223
3377,1998,5,21327,25355,-4028
3377,1998,6,31914,25555,6359
3377,1998,7,21338,21155,183
3377,1998,8,21338,19355,1983
3377,1998,9,21347,17355,3992
3377,1998,10,21357,22655,-1298
3377,1998,11,21352,22395,-1043
3377,1998,12,31972,5000,26972
3378,1994,3,800,0,800
3378,1994,4,19726,0,19726
3378,1994,5,12380,4500,7880
3378,1994,6,18550,11400,7150
3378,1994,7,12426,11100,1326
3378,1994,8,12417,17402,-4985
3378,1994,9,12413,11662,751
3378,1994,10,12411,13002,-591
3378,1994,11,12404,14002,-1598
3378,1994,12,18554,17542,1012
3378,1995,1,12389,23462,-11073
3378,1995,2,12379,6902,5477
3378,1995,3,12385,12882,-497
3378,1995,4,12399,8802,3597
3378,1995,5,12414,7702,4712
3378,1995,6,18550,20662,-2112
3378,1995,7,12413,10602,1811
3378,1995,8,12417,11902,515
3378,1995,9,12418,13302,-884
3378,1995,10,12421,11262,1159
3378,1995,11,12437,7962,4475
3378,1995,12,19617,9442,10175
3378,1996,1,12450,28802,-16352
3378,1996,2,14943,6402,8541
3378,1996,3,12451,14422,-1971
3378,1996,4,12451,9302,3149
3378,1996,5,12453,16862,-4409
3378,1996,6,18544,39562,-21018
3378,1996,7,23801,6402,17399
3378,1996,8,12435,9902,2533
3378,1996,9,12445,9002,3443
3378,1996,10,12458,12502,-44
3378,1996,11,12456,16302,-3846
3378,1996,12,18597,12502,6095
3378,1997,1,12446,22722,-10276
3378,1997,2,12420,11182,1238
3378,1997,3,12428,10662,1766
3378,1997,4,12437,8402,4035
3378,1997,5,12445,15902,-3457
3378,1997,6,18592,15402,3190
3378,1997,7,12450,12102,348
3378,1997,8,12447,15002,-2555
3378,1997,9,12436,14802,-2366
3378,1997,10,12415,16262,-3847
3378,1997,11,12414,13222,-808
3378,1997,12,18564,15702,2862
3378,1998,1,12394,23662,-11268
3378,1998,2,12378,7802,4576
3378,1998,3,12392,12302,90
3378,1998,4,13286,11802,1484
3378,1998,5,12400,10202,2198
3378,1998,6,18564,12102,6462
3378,1998,7,12424,18302,-5878
3378,1998,8,12410,10502,1908
3378,1998,9,12403,18902,-6499
3378,1998,10,12383,14762,-2379
3378,1998,11,12380,10202,2178
3378,1998,12,18533,21287,-2754
3379,1997,1,600,0,600
3379,1997,2,19893,0,19893
3379,1997,3,14367,7000,7367
3379,1997,4,14395,9600,4795
3379,1997,5,14413,12600,1813
3379,1997,6,21558,18615,2943
3379,1997,7,14442,15815,-1373
3379,1997,8,14429,11315,3114
3379,1997,9,14437,14915,-478
3379,1997,10,14438,18615,-4177
3379,1997,11,14416,16015,-1599
3379,1997,12,21582,16815,4767
3379,1998,1,14429,20515,-6086
3379,1998,2,14412,10715,3697
3379,1998,3,14423,13315,1108
3379,1998,4,14437,11415,3022
3379,1998,5,14434,19115,-4681
3379,1998,6,21557,23615,-2058
3379,1998,7,14424,7515,6909
3379,1998,8,14438,15215,-777
3379,1998,9,14434,15515,-1081
3379,1998,10,14435,12815,1620
3379,1998,11,14440,13515,925
3379,1998,12,21636,1400,20236
3380,1993,12,10377,0,10377
3380,1994,1,13447,0,13447
3380,1994,2,9289,0,9289
3380,1994,3,6721,7200,-479
3380,1994,4,6701,9191,-2490
3380,1994,5,6688,7191,-503
3380,1994,6,9962,21091,-11129
3380,1994,7,12054,8991,3063
3380,1994,8,10685,4391,6294
3380,1994,9,7881,7891,-10
3380,1994,10,7689,4391,3298
3380,1994,11,6704,5891,813
3380,1994,12,9983,13191,-3208
3380,1995,1,6684,6591,93
3380,1995,2,7794,4391,3403
3380,1995,3,6688,9491,-2803
3380,1995,4,6668,11491,-4823
3380,1995,5,8478,4391,4087
3380,1995,6,12190,7891,4299
3380,1995,7,6719,4991,1728
3380,1995,8,6724,5491,1233
3380,1995,9,6708,13691,-6983
3380,1995,10,6703,5391,1312
3380,1995,11,6708,7991,-1283
3380,1995,12,9973,11591,-1618
3380,1996,1,7195,4391,2804
3380,1996,2,6695,5791,904
3380,1996,3,6698,7791,-1093
3380,1996,4,6691,12391,-5700
3380,1996,5,6681,6591,90
3380,1996,6,9959,13791,-3832
3380,1996,7,6657,9391,-2734
3380,1996,8,8847,8191,656
3380,1996,9,6655,5091,1564
3380,1996,10,6650,8691,-2041
3380,1996,11,6643,5691,952
3380,1996,12,9944,8891,1053
3380,1997,1,6650,6691,-41
3380,1997,2,6657,7591,-934
3380,1997,3,6653,8291,-1638
3380,1997,4,6641,5191,1450
3380,1997,5,7248,4391,2857
3380,1997,6,9940,10891,-951
3380,1997,7,6653,5991,662
3380,1997,8,6649,10291,-3642
3380,1997,9,6636,6691,-55
3380,1997,10,6631,11291,-4660
3380,1997,11,6623,4391,2232
3380,1997,12,9936,4391,5545
3380,1998,1,6655,4391,2264
3380,1998,2,6648,15991,-9343
3380,1998,3,6626,4391,2235
3380,1998,4,6634,5191,1443
3380,1998,5,6653,4391,2262
3380,1998,6,9942,4391,5551
3380,1998,7,6653,13291,-6638
3380,1998,8,6657,7691,-1034
3380,1998,9,6641,4391,2250
3380,1998,10,6650,4391,2259
3380,1998,11,6656,5691,965
3380,1998,12,9959,5476,4483
3381,1997,8,19334,0,19334
3381,1997,9,25733,0,25733
3381,1997,10,19293,22100,-2807
3381,1997,11,19250,17300,1950
3381,1997,12,28842,25355,3487
3381,1998,1,19268,29866,-10598
3381,1998,2,19254,20386,-1132
3381,1998,3,19249,22286,-3037
3381,1998,4,19232,23986,-4754
3381,1998,5,19202,28066,-8864
3381,1998,6,28743,22386,6357
3381,1998,7,19200,26086,-6886
3381,1998,8,19168,24966,-5798
3381,1998,9,19152,14986,4166
3381,1998,10,19169,14886,4283
3381,1998,11,19163,22646,-3483
3381,1998,12,28731,17371,11360
3382,1997,11,1000,0,1000
3382,1997,12,13400,0,13400
3382,1998,1,5200,0,5200
3382,1998,2,64638,13700,50938
3382,1998,3,46121,59200,-13079
3382,1998,4,43468,36900,6568
3382,1998,5,266,22700,-22434
3382,1998,6,266,9700,-9434
3382,1998,7,266,5400,-5134
3382,1998,8,216,4500,-4284
3382,1998,9,46015,31330,14685
3382,1998,10,24186,19600,4586
3382,1998,11,153,10330,-10177
3382,1998,12,31,28265,-28234
3383,1997,9,300,0,300
3383,1997,10,16013,0,16013
3383,1997,11,10877,0,10877
3383,1997,12,6315,2815,3500
3383,1998,1,11004,12615,-1611
3383,1998,2,8929,815,8114
3383,1998,3,2960,15,2945
3383,1998,4,5674,15,5659
3383,1998,5,2691,5415,-2724
3383,1998,6,10675,26815,-16140
3383,1998,7,11625,15,11610
3383,1998,8,5467,815,4652
3383,1998,9,8187,2065,6122
3383,1998,10,2709,915,1794
3383,1998,11,5991,1915,4076
3383,1998,12,2723,9100,-6377
3384,1995,11,7331,0,7331
3384,1995,12,6242,0,6242
3384,1996,1,6242,0,6242
3384,1996,2,6242,0,6242
3384,1996,3,6295,2950,3345
3384,1996,4,6332,6650,-318
3384,1996,5,6340,2950,3390
3384,1996,6,6347,6900,-553
3384,1996,7,6349,4070,2279
3384,1996,8,6361,2950,3411
3384,1996,9,6372,6710,-338
3384,1996,10,6374,2950,3424
3384,1996,11,6383,5830,553
3384,1996,12,6389,5970,419
3384,1997,1,6365,12780,-6415
3384,1997,2,6365,2950,3415
3384,1997,3,6380,2950,3430
3384,1997,4,6393,4250,2143
3384,1997,5,6402,5270,1132
3384,1997,6,6379,16180,-9801
3384,1997,7,6366,5310,1056
3384,1997,8,6365,9970,-3605
3384,1997,9,6348,8150,-1802
3384,1997,10,6349,2950,3399
3384,1997,11,6363,2950,3413
3384,1997,12,6379,3200,3179
3384,1998,1,6373,18610,-12237
3384,1998,2,6338,2950,3388
3384,1998,3,6353,2950,3403
3384,1998,4,6366,5110,1256
3384,1998,5,6367,6870,-503
3384,1998,6,6352,10250,-3898
3384,1998,7,6352,6690,-338
3384,1998,8,6352,2950,3402
3384,1998,9,6366,2950,3416
3384,1998,10,6378,4550,1828
3384,1998,11,6388,3150,3238
3384,1998,12,6402,3435,2967
3385,1997,12,600,0,600
3385,1998,1,17210,0,17210
3385,1998,2,6465,0,6465
3385,1998,3,5287,1800,3487
3385,1998,4,7107,0,7107
3385,1998,5,9227,7669,1558
3385,1998,6,7932,4869,3063
3385,1998,7,5341,9869,-4528
3385,1998,8,8337,3469,4868
3385,1998,9,6153,3469,2684
3385,1998,10,7166,3469,3697
3385,1998,11,5672,6769,-1097
3385,1998,12,7964,8654,-690
3386,1995,5,600,0,600
3386,1995,6,36809,4700,32109
3386,1995,7,46672,29300,17372
3386,1995,8,114037,112115,1922
3386,1995,9,83592,83265,327
3386,1995,10,26851,54513,-27662
3386,1995,11,103980,27915,76065
3386,1995,12,51327,107821,-56494
3386,1996,1,36308,82635,-46327
3386,1996,2,81734,26,81708
3386,1996,3,15824,31315,-15491
3386,1996,4,64442,37815,26627
3386,1996,5,58996,77766,-18770
3386,1996,6,83968,75645,8323
3386,1996,7,46885,38108,8777
3386,1996,8,233,62189,-61956
3386,1996,9,79784,62456,17328
3386,1996,10,31819,21555,10264
3386,1996,11,55170,58471,-3301
3386,1996,12,48016,50036,-2020
3386,1997,1,88209,47715,40494
3386,1997,2,50180,87157,-36977
3386,1997,3,22513,27115,-4602
3386,1997,4,77124,29115,48009
3386,1997,5,380,50015,-49635
3386,1997,6,27833,28726,-893
3386,1997,7,188,11215,-11027
3386,1997,8,34396,15115,19281
3386,1997,9,12518,25815,-13297
3386,1997,10,18840,31536,-12696
3386,1997,11,41258,22518,18740
3386,1997,12,85575,29544,56031
3386,1998,1,171,99643,-99472
3386,1998,2,2513,15,2498
3386,1998,3,2123,15,2108
3386,1998,4,31,2015,-1984
3386,1998,5,45045,315,44730
3386,1998,6,32099,26094,6005
3386,1998,7,230,28515,-28285
3386,1998,8,93,21115,-21022
3386,1998,9,10,5015,-5005
3386,1998,10,3408,15,3393
3386,1998,11,721,15,706
3386,1998,12,5325,3000,2325
3387,1996,12,500,0,500
3387,1997,1,33371,5100,28271
3387,1997,2,33480,15000,18480
3387,1997,3,33555,21400,12155
3387,1997,4,33601,30100,3501
3387,1997,5,33613,33630,-17
3387,1997,6,55073,95230,-40157
3387,1997,7,33524,11630,21894
3387,1997,8,33552,18230,15322
3387,1997,9,33637,37267,-3630
3387,1997,10,33594,26130,7464
3387,1997,11,33611,49580,-15969
3387,1997,12,50302,58654,-8352
3387,1998,1,48883,70274,-21391
3387,1998,2,36570,30,36540
3387,1998,3,33593,23430,10163
3387,1998,4,33630,26830,6800
3387,1998,5,33646,38015,-4369
3387,1998,6,50312,90730,-40418
3387,1998,7,33500,23574,9926
3387,1998,8,36477,10428,26049
3387,1998,9,33668,17458,16210
3387,1998,10,33708,28430,5278
3387,1998,11,33698,45131,-11433
3387,1998,12,51416,55606,-4190
3389,1996,1,1100,0,1100
3389,1996,2,55402,14800,40602
3389,1996,3,48326,31600,16726
3389,1996,4,243,15300,-15057
3389,1996,5,25867,23392,2475
3389,1996,6,67391,29297,38094
3389,1996,7,66922,84886,-17964
3389,1996,8,24234,26097,-1863
3389,1996,9,52118,52497,-379
3389,1996,10,66255,94844,-28589
3389,1996,11,67153,33297,33856
3389,1996,12,74544,76097,-1553
3389,1997,1,74168,102897,-28729
3389,1997,2,33480,33936,-456
3389,1997,3,13626,19111,-5485
3389,1997,4,47057,24327,22730
3389,1997,5,1603,14699,-13096
3389,1997,6,3870,16897,-13027
3389,1997,7,64188,32097,32091
3389,1997,8,29310,44602,-15292
3389,1997,9,3690,4897,-1207
3389,1997,10,63519,24897,38622
3389,1997,11,71162,76597,-5435
3389,1997,12,37566,46256,-8690
3389,1998,1,104031,127897,-23866
3389,1998,2,101761,89497,12264
3389,1998,3,34748,69410,-34662
3389,1998,4,4895,4897,-2
3389,1998,5,10204,4897,5307
3389,1998,6,69271,4897,64374
3389,1998,7,45266,56038,-10772
3389,1998,8,76977,117810,-40833
3389,1998,9,53494,19897,33597
3389,1998,10,76431,87697,-11266
3389,1998,11,50192,26997,23195
3389,1998,12,280,41082,-40802
3390,1996,12,1100,0,1100
3390,1997,1,22448,0,22448
3390,1997,2,20430,6300,14130
3390,1997,3,20474,17100,3374
3390,1997,4,20489,16700,3789
3390,1997,5,20524,20349,175
3390,1997,6,30701,29849,852
3390,1997,7,20523,24249,-3726
3390,1997,8,20499,22349,-1850
3390,1997,9,20504,16249,4255
3390,1997,10,20492,29614,-9122
3390,1997,11,20462,23349,-2887
3390,1997,12,30655,18249,12406
3390,1998,1,20483,31649,-11166
3390,1998,2,20494,15911,4583
3390,1998,3,20486,17171,3315
3390,1998,4,20511,14735,5776
3390,1998,5,20507,29899,-9392
3390,1998,6,30680,15235,15445
3390,1998,7,20545,20735,-190
3390,1998,8,20541,24635,-4094
3390,1998,9,20549,10735,9814
3390,1998,10,20564,28735,-8171
3390,1998,11,20515,24206,-3691
3390,1998,12,30678,26505,4173
3391,1993,4,17326,0,17326
3391,1993,5,21008,5400,15608
3391,1993,6,25609,15500,10109
3391,1993,7,17159,19300,-2141
3391,1993,8,17186,19628,-2442
3391,1993,9,17164,17710,-546
3391,1993,10,17155,17530,-375
3391,1993,11,17157,17010,147
3391,1993,12,25665,21530,4135
3391,1994,1,17139,26550,-9411
3391,1994,2,17133,16250,883
3391,1994,3,17142,14410,2732
3391,1994,4,17150,15910,1240
3391,1994,5,17155,18210,-1055
3391,1994,6,25596,31670,-6074
3391,1994,7,17114,14810,2304
3391,1994,8,17135,14610,2525
3391,1994,9,17143,16210,933
3391,1994,10,17146,16110,1036
3391,1994,11,17147,18010,-863
3391,1994,12,25637,23110,2527
3391,1995,1,17137,22010,-4873
3391,1995,2,17134,15910,1224
3391,1995,3,17145,13410,3735
3391,1995,4,17150,19410,-2260
3391,1995,5,17147,14310,2837
3391,1995,6,25644,37330,-11686
3391,1995,7,17106,15850,1256
3391,1995,8,17111,19110,-1999
3391,1995,9,17107,13310,3797
3391,1995,10,17127,10410,6717
3391,1995,11,17143,17170,-27
3391,1995,12,25645,20270,5375
3391,1996,1,17144,29590,-12446
3391,1996,2,17127,9010,8117
3391,1996,3,17141,18110,-969
3391,1996,4,17140,15390,1750
3391,1996,5,17154,13510,3644
3391,1996,6,25618,44170,-18552
3391,1996,7,17104,9670,7434
3391,1996,8,17126,11210,5916
3391,1996,9,17162,14810,2352
3391,1996,10,17157,12910,4247
3391,1996,11,17182,8810,8372
3391,1996,12,25727,14310,11417
3391,1997,1,17216,32350,-15134
3391,1997,2,17190,11510,5680
3391,1997,3,17218,12210,5008
3391,1997,4,17247,8710,8537
3391,1997,5,17253,18910,-1657
3391,1997,6,34731,33950,781
3391,1997,7,17258,18090,-832
3391,1997,8,17248,17430,-182
3391,1997,9,17255,13310,3945
3391,1997,10,17265,16210,1055
3391,1997,11,17253,23110,-5857
3391,1997,12,25753,17810,7943
3391,1998,1,17224,33210,-15986
3391,1998,2,17196,20710,-3514
3391,1998,3,17180,22210,-5030
3391,1998,4,17185,12010,5175
3391,1998,5,17202,13510,3692
3391,1998,6,25660,38070,-12410
3391,1998,7,17180,9510,7670
3391,1998,8,17205,11210,5995
3391,1998,9,17214,15910,1304
3391,1998,10,17220,19510,-2290
3391,1998,11,17234,8210,9024
3391,1998,12,25745,20495,5250
3392,1995,6,15215,0,15215
3392,1995,7,15457,0,15457
3392,1995,8,9597,1900,7697
3392,1995,9,9616,6200,3416
3392,1995,10,9620,9615,5
3392,1995,11,9608,15714,-6106
3392,1995,12,14330,10134,4196
3392,1996,1,9589,14454,-4865
3392,1996,2,9571,13934,-4363
3392,1996,3,9571,8854,717
3392,1996,4,9570,9954,-384
3392,1996,5,9578,7154,2424
3392,1996,6,14320,11774,2546
3392,1996,7,9584,11154,-1570
3392,1996,8,9573,16854,-7281
3392,1996,9,9569,8154,1415
3392,1996,10,10371,15154,-4783
3392,1996,11,10655,6154,4501
3392,1996,12,14305,14574,-269
3392,1997,1,9566,17314,-7748
3392,1997,2,9546,8854,692
3392,1997,3,9542,9454,88
3392,1997,4,9543,7154,2389
3392,1997,5,9550,11254,-1704
3392,1997,6,14280,11654,2626
3392,1997,7,9556,7254,2302
3392,1997,8,9550,12834,-3284
3392,1997,9,9552,6854,2698
3392,1997,10,9562,8554,1008
3392,1997,11,9562,11754,-2192
3392,1997,12,14265,18014,-3749
3392,1998,1,9541,8154,1387
3392,1998,2,9545,9154,391
3392,1998,3,9542,15494,-5952
3392,1998,4,11127,6154,4973
3392,1998,5,9546,6454,3092
3392,1998,6,15167,23834,-8667
3392,1998,7,14930,6154,8776
3392,1998,8,15052,11914,3138
3392,1998,9,10974,6154,4820
3392,1998,10,11996,6154,5842
3392,1998,11,9600,16234,-6634
3392,1998,12,14320,6939,7381
3393,1996,12,800,0,800
3393,1997,1,16395,0,16395
3393,1997,2,12053,3300,8753
3393,1997,3,12084,7100,4984
3393,1997,4,12099,11700,399
3393,1997,5,12981,22905,-9924
3393,1997,6,18049,17408,641
3393,1997,7,12067,11908,159
3393,1997,8,12074,8508,3566
3393,1997,9,12076,15008,-2932
3393,1997,10,12069,12008,61
3393,1997,11,12068,12908,-840
3393,1997,12,18053,19408,-1355
3393,1998,1,12042,17608,-5566
3393,1998,2,12034,13008,-974
3393,1998,3,12032,12208,-176
3393,1998,4,12031,12208,-177
3393,1998,5,12039,8008,4031
3393,1998,6,18033,19308,-1275
3393,1998,7,12037,13808,-1771
3393,1998,8,12026,15108,-3082
3393,1998,9,12024,10608,1416
3393,1998,10,12029,10708,1321
3393,1998,11,12025,14408,-2383
3393,1998,12,18014,15793,2221
3394,1996,10,6739,0,6739
3394,1996,11,6550,0,6550
3394,1996,12,6550,0,6550
3394,1997,1,6550,0,6550
3394,1997,2,6596,8933,-2337
3394,1997,3,6626,4704,1922
3394,1997,4,6634,4804,1830
3394,1997,5,6627,9704,-3077
3394,1997,6,6613,11754,-5141
3394,1997,7,6603,6104,499
3394,1997,8,6595,8584,-1989
3394,1997,9,6593,7604,-1011
3394,1997,10,6602,3004,3598
3394,1997,11,6602,7904,-1302
3394,1997,12,6607,4404,2203
3394,1998,1,6588,15104,-8516
3394,1998,2,6581,5344,1237
3394,1998,3,6594,1904,4690
3394,1998,4,6605,4604,2001
3394,1998,5,6616,3604,3012
3394,1998,6,6602,12254,-5652
3394,1998,7,6607,2904,3703
3394,1998,8,6625,3604,3021
3394,1998,9,6630,12704,-6074
3394,1998,10,6611,6804,-193
3394,1998,11,6611,5304,1307
3394,1998,12,6617,2389,4228
3395,1997,11,24649,0,24649
3395,1997,12,36172,700,35472
3395,1998,1,24229,19700,4529
3395,1998,2,24242,21400,2842
3395,1998,3,24235,29227,-4992
3395,1998,4,24238,20327,3911
3395,1998,5,24241,24427,-186
3395,1998,6,36254,24627,11627
3395,1998,7,24286,24927,-641
3395,1998,8,24280,25827,-1547
3395,1998,9,24283,27327,-3044
3395,1998,10,24270,41127,-16857
3395,1998,11,24252,24227,25
3395,1998,12,36275,6212,30063
3396,1997,11,1100,0,1100
3396,1997,12,22553,700,21853
3396,1998,1,15123,5600,9523
3396,1998,2,15154,10300,4854
3396,1998,3,15172,11400,3772
3396,1998,4,15180,16115,-935
3396,1998,5,15178,15415,-237
3396,1998,6,22648,37955,-15307
3396,1998,7,15127,8015,7112
3396,1998,8,15153,13655,1498
3396,1998,9,15153,13115,2038
3396,1998,10,15165,11715,3450
3396,1998,11,15168,18115,-2947
3396,1998,12,22684,20860,1824
3397,1996,8,20368,0,20368
3397,1996,9,22158,0,22158
3397,1996,10,20101,11600,8501
3397,1996,11,20117,16900,3217
3397,1996,12,30079,32855,-2776
3397,1997,1,20041,50155,-30114
3397,1997,2,20016,9415,10601
3397,1997,3,20040,18915,1125
3397,1997,4,20050,17415,2635
3397,1997,5,20057,28815,-8758
3397,1997,6,30014,24375,5639
3397,1997,7,20061,19955,106
3397,1997,8,20053,20655,-602
3397,1997,9,20051,19915,136
3397,1997,10,20051,19215,836
3397,1997,11,20053,19615,438
3397,1997,12,30020,32475,-2455
3397,1998,1,20517,29295,-8778
3397,1998,2,20010,14515,5495
3397,1998,3,20033,15915,4118
3397,1998,4,20049,16815,3234
3397,1998,5,20062,16415,3647
3397,1998,6,30025,34195,-4170
3397,1998,7,20059,16915,3144
3397,1998,8,20065,21915,-1850
3397,1998,9,20053,28595,-8542
3397,1998,10,20030,13815,6215
3397,1998,11,20046,21015,-969
3397,1998,12,30021,28420,1601
3398,1997,4,700,0,700
3398,1997,5,5891,0,5891
3398,1997,6,5891,0,5891
3398,1997,7,5891,0,5891
3398,1997,8,5891,0,5891
3398,1997,9,5963,3205,2758
3398,1997,10,6011,3505,2506
3398,1997,11,6016,5505,511
3398,1997,12,6013,7455,-1442
3398,1998,1,6002,15965,-9963
3398,1998,2,5977,2005,3972
3398,1998,3,5987,5705,282
3398,1998,4,5997,2505,3492
3398,1998,5,5997,7605,-1608
3398,1998,6,5991,14655,-8664
3398,1998,7,5964,3445,2519
3398,1998,8,5967,6905,-938
3398,1998,9,5967,9325,-3358
3398,1998,10,5966,2005,3961
3398,1998,11,5976,2005,3971
3398,1998,12,5995,2770,3225
3399,1996,9,900,0,900
3399,1996,10,21808,0,21808
3399,1996,11,16992,8200,8792
3399,1996,12,25474,16600,8874
3399,1997,1,17057,18100,-1043
3399,1997,2,17071,21624,-4553
3399,1997,3,17050,18661,-1611
3399,1997,4,17040,16441,599
3399,1997,5,17046,16701,345
3399,1997,6,25512,22361,3151
3399,1997,7,17060,18561,-1501
3399,1997,8,17055,15961,1094
3399,1997,9,17046,20041,-2995
3399,1997,10,17032,22021,-4989
3399,1997,11,17023,17061,-38
3399,1997,12,25480,23721,1759
3399,1998,1,17008,29141,-12133
3399,1998,2,16982,13261,3721
3399,1998,3,16992,17661,-669
3399,1998,4,16991,17061,-70
3399,1998,5,16985,15741,1244
3399,1998,6,25448,27941,-2493
3399,1998,7,16988,14961,2027
3399,1998,8,16994,14661,2333
3399,1998,9,17003,14161,2842
3399,1998,10,17012,16461,551
3399,1998,11,17005,20161,-3156
3399,1998,12,25479,10426,15053
3401,1997,10,27395,0,27395
3401,1997,11,114,1900,-1786
3401,1997,12,9679,0,9679
3401,1998,1,147,4500,-4353
3401,1998,2,42835,0,42835
3401,1998,3,306,15500,-15194
3401,1998,4,119706,130930,-11224
3401,1998,5,106,26515,-26409
3401,1998,6,42608,4277,38331
3401,1998,7,7638,37477,-29839
3401,1998,8,7324,4277,3047
3401,1998,9,53242,24177,29065
3401,1998,10,30884,53674,-22790
3401,1998,11,1160,4277,-3117
3401,1998,12,5459,17327,-11868
3402,1995,3,400,0,400
3402,1995,4,110333,26400,83933
3402,1995,5,66277,82630,-16353
3402,1995,6,66982,66710,272
3402,1995,7,11309,30410,-19101
3402,1995,8,63806,36810,26996
3402,1995,9,47846,65210,-17364
3402,1995,10,61633,42010,19623
3402,1995,11,12579,31310,-18731
3402,1995,12,178,33610,-33432
3402,1996,1,60511,46710,13801
3402,1996,2,66401,39095,27306
3402,1996,3,56060,39310,16750
3402,1996,4,83117,86510,-3393
3402,1996,5,79516,52910,26606
3402,1996,6,45702,104913,-59211
3402,1996,7,87471,34091,53380
3402,1996,8,25962,80597,-54635
3402,1996,9,210396,208710,1686
3402,1996,10,3148,26623,-23475
3402,1996,11,41296,8010,33286
3402,1996,12,27144,16010,11134
3402,1997,1,18016,46949,-28933
3402,1997,2,10043,24135,-14092
3402,1997,3,17741,8010,9731
3402,1997,4,49941,50223,-282
3402,1997,5,62919,8010,54909
3402,1997,6,314,21310,-20996
3402,1997,7,199,40061,-39862
3402,1997,8,17645,12510,5135
3402,1997,9,12146,21881,-9735
3402,1997,10,50753,21210,29543
3402,1997,11,21529,16110,5419
3402,1997,12,34373,23010,11363
3402,1998,1,109785,138083,-28298
3402,1998,2,30186,27510,2676
3402,1998,3,22861,14310,8551
3402,1998,4,16044,8010,8034
3402,1998,5,5239,14926,-9687
3402,1998,6,57112,8010,49102
3402,1998,7,50270,62510,-12240
3402,1998,8,101288,115610,-14322
3402,1998,9,95344,88610,6734
3402,1998,10,37508,20610,16898
3402,1998,11,54597,80332,-25735
3402,1998,12,150704,114680,36024
3403,1997,5,700,0,700
3403,1997,6,75818,4400,71418
3403,1997,7,12379,26700,-14321
3403,1997,8,32029,33415,-1386
3403,1997,9,19807,25515,-5708
3403,1997,10,8881,23215,-14334
3403,1997,11,138,6415,-6277
3403,1997,12,117747,76605,41142
3403,1998,1,54276,80393,-26117
3403,1998,2,13438,6715,6723
3403,1998,3,47881,54691,-6810
3403,1998,4,152,23730,-23578
3403,1998,5,38575,1715,36860
3403,1998,6,206,15700,-15494
3403,1998,7,28852,20110,8742
3403,1998,8,19528,18969,559
3403,1998,9,40487,29490,10997
3403,1998,10,85104,67310,17794
3403,1998,11,12858,28026,-15168
3403,1998,12,146884,104695,42189
3404,1997,11,19474,0,19474
3404,1997,12,29393,0,29393
3404,1998,1,18638,10900,7738
3404,1998,2,18650,16800,1850
3404,1998,3,18660,16315,2345
3404,1998,4,18658,19815,-1157
3404,1998,5,18680,12315,6365
3404,1998,6,27878,36515,-8637
3404,1998,7,18685,7415,11270
3404,1998,8,18712,31815,-13103
3404,1998,9,18641,16215,2426
3404,1998,10,18701,20615,-1914
3404,1998,11,18688,22715,-4027
3404,1998,12,27848,900,26948
3405,1994,3,20738,0,20738
3405,1994,4,22828,0,22828
3405,1994,5,20691,10300,10391
3405,1994,6,30994,13100,17894
3405,1994,7,20772,24015,-3243
3405,1994,8,20722,31358,-10636
3405,1994,9,20699,25058,-4359
3405,1994,10,20695,20358,337
3405,1994,11,20690,21558,-868
3405,1994,12,30962,21158,9804
3405,1995,1,20673,44158,-23485
3405,1995,2,20679,7558,13121
3405,1995,3,20688,21158,-470
3405,1995,4,20690,19758,932
3405,1995,5,20695,33558,-12863
3405,1995,6,30941,28758,2183
3405,1995,7,20681,23058,-2377
3405,1995,8,20678,19358,1320
3405,1995,9,20677,24158,-3481
3405,1995,10,20668,17558,3110
3405,1995,11,20678,24658,-3980
3405,1995,12,30914,27858,3056
3405,1996,1,20647,27058,-6411
3405,1996,2,20645,20358,287
3405,1996,3,20649,16958,3691
3405,1996,4,20660,20858,-198
3405,1996,5,20660,20458,202
3405,1996,6,30919,28758,2161
3405,1996,7,20663,23858,-3195
3405,1996,8,20651,22158,-1507
3405,1996,9,20639,22558,-1919
3405,1996,10,20633,18158,2475
3405,1996,11,20644,20658,-14
3405,1996,12,30902,29058,1844
3405,1997,1,20623,27758,-7135
3405,1997,2,20631,13058,7573
3405,1997,3,20659,16758,3901
3405,1997,4,20665,22658,-1993
3405,1997,5,20666,16058,4608
3405,1997,6,30929,30658,271
3405,1997,7,20674,22358,-1684
3405,1997,8,20651,24958,-4307
3405,1997,9,20656,16758,3898
3405,1997,10,20664,20758,-94
3405,1997,11,20657,26058,-5401
3405,1997,12,30907,21558,9349
3405,1998,1,20651,33958,-13307
3405,1998,2,20634,14258,6376
3405,1998,3,20659,16058,4601
3405,1998,4,20666,20858,-192
3405,1998,5,20653,25158,-4505
3405,1998,6,30912,21158,9754
3405,1998,7,20663,30458,-9795
3405,1998,8,20646,19258,1388
3405,1998,9,20652,27758,-7106
3405,1998,10,20618,20058,560
3405,1998,11,20650,8358,12292
3405,1998,12,30956,14043,16913
3406,1997,12,7214,0,7214
3406,1998,1,6119,0,6119
3406,1998,2,6119,0,6119
3406,1998,3,6119,0,6119
3406,1998,4,6188,4135,2053
3406,1998,5,6209,8355,-2146
3406,1998,6,6199,13335,-7136
3406,1998,7,6181,2835,3346
3406,1998,8,6181,6775,-594
3406,1998,9,6186,5135,1051
3406,1998,10,6183,7335,-1152
3406,1998,11,6180,7375,-1195
3406,1998,12,6185,4020,2165
3407,1993,8,600,0,600
3407,1993,9,78345,5400,72945
3407,1993,10,56860,65715,-8855
3407,1993,11,242,22015,-21773
3407,1993,12,157,12415,-12258
3407,1994,1,10649,44121,-33472
3407,1994,2,12702,42,12660
3407,1994,3,7042,15,7027
3407,1994,4,11115,3215,7900
3407,1994,5,6093,12615,-6522
3407,1994,6,33158,36015,-2857
3407,1994,7,13964,14115,-151
3407,1994,8,6764,15,6749
3407,1994,9,1992,15,1977
3407,1994,10,100,215,-115
3407,1994,11,94,7515,-7421
3407,1994,12,10758,15595,-4837
3407,1995,1,82170,88415,-6245
3407,1995,2,9324,15,9309
3407,1995,3,8064,6030,2034
3407,1995,4,9765,12015,-2250
3407,1995,5,55628,15015,40613
3407,1995,6,70894,37715,33179
3407,1995,7,308,40115,-39807
3407,1995,8,60302,23115,37187
3407,1995,9,352,32615,-32263
3407,1995,10,153798,114315,39483
3407,1995,11,382,34815,-34433
3407,1995,12,186,31215,-31029
3407,1996,1,8741,35801,-27060
3407,1996,2,16006,10215,5791
3407,1996,3,9626,15,9611
3407,1996,4,24472,15,24457
3407,1996,5,115,22399,-22284
3407,1996,6,2474,15,2459
3407,1996,7,2984,15,2969
3407,1996,8,3072,10515,-7443
3407,1996,9,5566,15,5551
3407,1996,10,3685,4851,-1166
3407,1996,11,6667,12215,-5548
3407,1996,12,7431,22550,-15119
3407,1997,1,12811,10516,2295
3407,1997,2,12008,15,11993
3407,1997,3,7369,2608,4761
3407,1997,4,1776,15,1761
3407,1997,5,4189,2415,1774
3407,1997,6,45760,15,45745
3407,1997,7,278,21715,-21437
3407,1997,8,190,14715,-14525
3407,1997,9,130,5115,-4985
3407,1997,10,1692,6015,-4323
3407,1997,11,92,1415,-1323
3407,1997,12,1568,13215,-11647
3407,1998,1,37021,36616,405
3407,1998,2,18247,15,18232
3407,1998,3,40053,37715,2338
3407,1998,4,74694,66315,8379
3407,1998,5,21046,15715,5331
3407,1998,6,98435,98363,72
3407,1998,7,36078,34415,1663
3407,1998,8,15489,26515,-11026
3407,1998,9,22800,41883,-19083
3407,1998,10,97060,21815,75245
3407,1998,11,56088,91915,-35827
3407,1998,12,67412,56000,11412
3408,1993,9,300,0,300
3408,1993,10,23062,0,23062
3408,1993,11,20641,8000,12641
3408,1993,12,30946,23400,7546
3408,1994,1,20701,20900,-199
3408,1994,2,20699,21615,-916
3408,1994,3,20697,22275,-1578
3408,1994,4,20698,17115,3583
3408,1994,5,20704,25395,-4691
3408,1994,6,30948,33255,-2307
3408,1994,7,20691,13815,6876
3408,1994,8,20707,20015,692
3408,1994,9,20712,19115,1597
3408,1994,10,20718,19315,1403
3408,1994,11,20719,25095,-4376
3408,1994,12,30975,29335,1640
3408,1995,1,20675,41835,-21160
3408,1995,2,20646,11215,9431
3408,1995,3,20682,12415,8267
3408,1995,4,20707,16015,4692
3408,1995,5,20713,21215,-502
3408,1995,6,30963,40635,-9672
3408,1995,7,20689,14515,6174
3408,1995,8,20692,22315,-1623
3408,1995,9,20697,18615,2082
3408,1995,10,20736,24695,-3959
3408,1995,11,20720,8415,12305
3408,1995,12,31033,19175,11858
3408,1996,1,20722,48495,-27773
3408,1996,2,20713,5615,15098
3408,1996,3,20743,16315,4428
3408,1996,4,20752,21635,-883
3408,1996,5,20758,16215,4543
3408,1996,6,31006,58215,-27209
3408,1996,7,20696,5915,14781
3408,1996,8,20732,14115,6617
3408,1996,9,20724,23315,-2591
3408,1996,10,20748,14315,6433
3408,1996,11,20764,17515,3249
3408,1996,12,31050,26495,4555
3408,1997,1,20647,68755,-48108
3408,1997,2,20590,15,20575
3408,1997,3,20691,14575,6116
3408,1997,4,20697,20715,-18
3408,1997,5,20701,35015,-14314
3408,1997,6,30891,37215,-6324
3408,1997,7,20611,20515,96
3408,1997,8,20611,21515,-904
3408,1997,9,20617,22975,-2358
3408,1997,10,20599,19035,1564
3408,1997,11,20602,23615,-3013
3408,1997,12,30900,30135,765
3408,1998,1,20626,16935,3691
3408,1998,2,20608,23415,-2807
3408,1998,3,20601,15,20586
3408,1998,4,20672,36815,-16143
3408,1998,5,20619,15,20604
3408,1998,6,30976,23055,7921
3408,1998,7,20712,44515,-23803
3408,1998,8,20686,855,19831
3408,1998,9,20705,49255,-28550
3408,1998,10,20633,4455,16178
3408,1998,11,20647,36115,-15468
3408,1998,12,30869,4920,25949
3409,1996,3,5811,0,5811
3409,1996,4,4920,0,4920
3409,1996,5,4920,0,4920
3409,1996,6,4923,4000,923
3409,1996,7,4969,3182,1787
3409,1996,8,4972,6462,-1490
3409,1996,9,4969,5482,-513
3409,1996,10,4967,5582,-615
3409,1996,11,4961,7302,-2341
3409,1996,12,4955,3732,1223
3409,1997,1,4952,7102,-2150
3409,1997,2,4951,4982,-31
3409,1997,3,4949,6682,-1733
3409,1997,4,4945,3182,1763
3409,1997,5,4951,4682,269
3409,1997,6,4953,3182,1771
3409,1997,7,4956,7382,-2426
3409,1997,8,4951,3182,1769
3409,1997,9,4958,3182,1776
3409,1997,10,4956,9782,-4826
3409,1997,11,4945,3182,1763
3409,1997,12,4952,3182,1770
3409,1998,1,4956,5342,-386
3409,1998,2,4958,3182,1776
3409,1998,3,4966,3182,1784
3409,1998,4,4973,3182,1791
3409,1998,5,4965,12582,-7617
3409,1998,6,4949,3182,1767
3409,1998,7,4956,3182,1774
3409,1998,8,4963,3182,1781
3409,1998,9,4971,3182,1789
3409,1998,10,4961,11582,-6621
3409,1998,11,4950,3182,1768
3409,1998,12,4958,3167,1791
3410,1995,7,15990,0,15990
3410,1995,8,17762,0,17762
3410,1995,9,15018,3000,12018
3410,1995,10,15046,22000,-6954
3410,1995,11,15005,16015,-1010
3410,1995,12,22459,19429,3030
3410,1996,1,18381,33529,-15148
3410,1996,2,14979,10609,4370
3410,1996,3,14982,14309,673
3410,1996,4,14998,7669,7329
3410,1996,5,15027,15809,-782
3410,1996,6,22441,19649,2792
3410,1996,7,15035,13209,1826
3410,1996,8,15038,17109,-2071
3410,1996,9,15030,15809,-779
3410,1996,10,15026,15209,-183
3410,1996,11,15023,16909,-1886
3410,1996,12,22448,21989,459
3410,1997,1,15982,28769,-12787
3410,1997,2,14969,10109,4860
3410,1997,3,14991,9909,5082
3410,1997,4,15011,10209,4802
3410,1997,5,15024,15609,-585
3410,1997,6,22459,16309,6150
3410,1997,7,15047,12769,2278
3410,1997,8,15051,14329,722
3410,1997,9,15048,20689,-5641
3410,1997,10,15022,20609,-5587
3410,1997,11,15007,16469,-1462
3410,1997,12,22422,30629,-8207
3410,1998,1,21251,28529,-7278
3410,1998,2,17247,7169,10078
3410,1998,3,14987,10209,4778
3410,1998,4,14999,11729,3270
3410,1998,5,15019,10409,4610
3410,1998,6,22464,19109,3355
3410,1998,7,15035,18509,-3474
3410,1998,8,15017,19109,-4092
3410,1998,9,15002,17109,-2107
3410,1998,10,15005,11909,3096
3410,1998,11,15004,19089,-4085
3410,1998,12,22458,6954,15504
3411,1996,12,900,0,900
3411,1997,1,16611,0,16611
3411,1997,2,13468,2900,10568
3411,1997,3,13507,5100,8407
3411,1997,4,13535,8300,5235
3411,1997,5,13551,11515,2036
3411,1997,6,20231,38158,-17927
3411,1997,7,18491,11258,7233
3411,1997,8,14230,6458,7772
3411,1997,9,13559,11678,1881
3411,1997,10,14769,6458,8311
3411,1997,11,14304,6458,7846
3411,1997,12,20317,15598,4719
3411,1998,1,13599,28658,-15059
3411,1998,2,18201,8738,9463
3411,1998,3,13630,9938,3692
3411,1998,4,13630,11958,1672
3411,1998,5,13626,15858,-2232
3411,1998,6,20305,43018,-22713
3411,1998,7,19365,6458,12907
3411,1998,8,15291,11618,3673
3411,1998,9,13600,11458,2142
3411,1998,10,13600,14558,-958
3411,1998,11,13603,12158,1445
3411,1998,12,20304,14963,5341
3412,1996,12,400,0,400
3412,1997,1,5703,0,5703
3412,1997,2,5703,0,5703
3412,1997,3,5703,0,5703
3412,1997,4,5739,1700,4039
3412,1997,5,5795,4715,1080
3412,1997,6,5785,14668,-8883
3412,1997,7,5764,4418,1346
3412,1997,8,5768,5218,550
3412,1997,9,5771,5018,753
3412,1997,10,5771,6118,-347
3412,1997,11,5770,4518,1252
3412,1997,12,5767,8768,-3001
3412,1998,1,5756,7718,-1962
3412,1998,2,5763,1718,4045
3412,1998,3,5768,7218,-1450
3412,1998,4,5772,2618,3154
3412,1998,5,5787,6518,-731
3412,1998,6,5775,9818,-4043
3412,1998,7,5767,1718,4049
3412,1998,8,5781,5478,303
3412,1998,9,5776,4758,1018
3412,1998,10,5781,4918,863
3412,1998,11,5783,5218,565
3412,1998,12,5777,8803,-3026
3413,1993,7,800,0,800
3413,1993,8,16427,0,16427
3413,1993,9,7571,1000,6571
3413,1993,10,7591,3700,3891
3413,1993,11,7606,3900,3706
3413,1993,12,11355,11554,-199
3413,1994,1,7612,7202,410
3413,1994,2,7618,5802,1816
3413,1994,3,7616,9102,-1486
3413,1994,4,7605,10322,-2717
3413,1994,5,8105,7162,943
3413,1994,6,11360,6802,4558
3413,1994,7,7629,6102,1527
3413,1994,8,7628,11282,-3654
3413,1994,9,7617,6902,715
3413,1994,10,7617,7802,-185
3413,1994,11,8128,5002,3126
3413,1994,12,11363,13142,-1779
3413,1995,1,7625,7002,623
3413,1995,2,8236,5002,3234
3413,1995,3,7645,5702,1943
3413,1995,4,7643,8702,-1059
3413,1995,5,7650,5502,2148
3413,1995,6,11701,25162,-13461
3413,1995,7,12220,5002,7218
3413,1995,8,9440,5002,4438
3413,1995,9,7645,7202,443
3413,1995,10,9354,7762,1592
3413,1995,11,12250,14242,-1992
3413,1995,12,17198,9922,7276
3413,1996,1,11885,5002,6883
3413,1996,2,7711,7002,709
3413,1996,3,7708,9562,-1854
3413,1996,4,7701,13662,-5961
3413,1996,5,10783,5002,5781
3413,1996,6,30403,40842,-10439
3413,1996,7,16959,7762,9197
3413,1996,8,15195,8122,7073
3413,1996,9,10732,5002,5730
3413,1996,10,9755,5002,4753
3413,1996,11,7768,7742,26
3413,1996,12,12926,5002,7924
3413,1997,1,10398,12202,-1804
3413,1997,2,8799,5002,3797
3413,1997,3,7813,6502,1311
3413,1997,4,8520,5002,3518
3413,1997,5,7831,7602,229
3413,1997,6,31082,49162,-18080
3413,1997,7,15971,5002,10969
3413,1997,8,15502,10282,5220
3413,1997,9,14222,11482,2740
3413,1997,10,8840,5002,3838
3413,1997,11,10859,5002,5857
3413,1997,12,11629,5302,6327
3413,1998,1,10509,5002,5507
3413,1998,2,7923,7302,621
3413,1998,3,27852,44622,-16770
3413,1998,4,16976,5002,11974
3413,1998,5,10714,5002,5712
3413,1998,6,20132,26322,-6190
3413,1998,7,8808,5002,3806
3413,1998,8,7913,9562,-1649
3413,1998,9,12205,11242,963
3413,1998,10,15124,10522,4602
3413,1998,11,32186,46402,-14216
3413,1998,12,11630,4987,6643
3415,1997,12,700,0,700
3415,1998,1,16793,0,16793
3415,1998,2,13683,0,13683
3415,1998,3,6411,2700,3711
3415,1998,4,6418,4900,1518
3415,1998,5,6423,8393,-1970
3415,1998,6,19842,24493,-4651
3415,1998,7,7719,4193,3526
3415,1998,8,7011,8793,-1782
3415,1998,9,6397,12293,-5896
3415,1998,10,6381,4493,1888
3415,1998,11,6605,4193,2412
3415,1998,12,11928,13278,-1350
3417,1995,9,1100,0,1100
3417,1995,10,12411,0,12411
3417,1995,11,9364,0,9364
3417,1995,12,5501,15,5486
3417,1996,1,6589,15865,-9276
3417,1996,2,5385,15,5370
3417,1996,3,41327,16215,25112
3417,1996,4,1999,12665,-10666
3417,1996,5,1958,8115,-6157
3417,1996,6,1929,15715,-13786
3417,1996,7,3283,515,2768
3417,1996,8,2595,15,2580
3417,1996,9,1896,6165,-4269
3417,1996,10,14656,7365,7291
3417,1996,11,1910,5115,-3205
3417,1996,12,1895,6115,-4220
3417,1997,1,1877,7965,-6088
3417,1997,2,1860,15,1845
3417,1997,3,1866,1415,451
3417,1997,4,39715,20915,18800
3417,1997,5,1929,11915,-9986
3417,1997,6,1893,7615,-5722
3417,1997,7,1877,3315,-1438
3417,1997,8,31859,15,31844
3417,1997,9,1978,17615,-15637
3417,1997,10,1924,10515,-8591
3417,1997,11,1896,6315,-4419
3417,1997,12,1873,8015,-6142
3417,1998,1,1862,2265,-403
3417,1998,2,1861,1165,696
3417,1998,3,1866,15,1851
3417,1998,4,1862,3815,-1953
3417,1998,5,1865,765,1100
3417,1998,6,1870,15,1855
3417,1998,7,1877,15,1862
3417,1998,8,22372,15,22357
3417,1998,9,16551,15,16536
3417,1998,10,1941,42565,-40624
3417,1998,11,1878,15,1863
3417,1998,12,1884,700,1184
3418,1996,9,400,0,400
3418,1996,10,12800,0,12800
3418,1996,11,51093,0,51093
3418,1996,12,52287,50800,1487
3418,1997,1,88456,130768,-42312
3418,1997,2,24626,3300,21326
3418,1997,3,89575,85043,4532
3418,1997,4,47344,31900,15444
3418,1997,5,79296,97883,-18587
3418,1997,6,30008,9618,20390
3418,1997,7,24138,34289,-10151
3418,1997,8,53541,45218,8323
3418,1997,9,8620,29818,-21198
3418,1997,10,27441,31426,-3985
3418,1997,11,37985,37516,469
3418,1997,12,153,10118,-9965
3418,1998,1,10762,34850,-24088
3418,1998,2,48543,23604,24939
3418,1998,3,107,18072,-17965
3418,1998,4,60991,40674,20317
3418,1998,5,124,14418,-14294
3418,1998,6,101306,70069,31237
3418,1998,7,79246,79618,-372
3418,1998,8,8989,34820,-25831
3418,1998,9,41261,12018,29243
3418,1998,10,125093,86718,38375
3418,1998,11,279,61869,-61590
3418,1998,12,29707,32218,-2511
3419,1994,10,800,0,800
3419,1994,11,18556,0,18556
3419,1994,12,17859,6900,10959
3419,1995,1,11976,9100,2876
3419,1995,2,11986,12300,-314
3419,1995,3,12001,15057,-3056
3419,1995,4,11984,13213,-1229
3419,1995,5,11970,16653,-4683
3419,1995,6,17860,24473,-6613
3419,1995,7,11932,10713,1219
3419,1995,8,11932,11133,799
3419,1995,9,12043,7913,4130
3419,1995,10,11956,11713,243
3419,1995,11,11957,11013,944
3419,1995,12,17888,20413,-2525
3419,1996,1,14116,20233,-6117
3419,1996,2,11923,10373,1550
3419,1996,3,11929,10893,1036
3419,1996,4,11935,10913,1022
3419,1996,5,11939,10553,1386
3419,1996,6,17873,20013,-2140
3419,1996,7,11930,12053,-123
3419,1996,8,11933,11613,320
3419,1996,9,11929,14513,-2584
3419,1996,10,12932,7913,5019
3419,1996,11,11945,11113,832
3419,1996,12,17878,14953,2925
3419,1997,1,14328,21233,-6905
3419,1997,2,16233,13193,3040
3419,1997,3,11949,9373,2576
3419,1997,4,12462,7913,4549
3419,1997,5,11970,14093,-2123
3419,1997,6,17903,13213,4690
3419,1997,7,11984,11113,871
3419,1997,8,11979,14313,-2334
3419,1997,9,11976,11513,463
3419,1997,10,11958,16593,-4635
3419,1997,11,11956,14613,-2657
3419,1997,12,17880,13393,4487
3419,1998,1,12151,20273,-8122
3419,1998,2,13543,12113,1430
3419,1998,3,11943,9413,2530
3419,1998,4,11954,9213,2741
3419,1998,5,11938,16933,-4995
3419,1998,6,17865,16773,1092
3419,1998,7,11934,14073,-2139
3419,1998,8,11940,9013,2927
3419,1998,9,11938,13293,-1355
3419,1998,10,11926,17513,-5587
3419,1998,11,11911,12513,-602
3419,1998,12,17844,16658,1186
3421,1995,2,18756,0,18756
3421,1995,3,21544,0,21544
3421,1995,4,18404,6900,11504
3421,1995,5,18429,14800,3629
3421,1995,6,27537,49915,-22378
3421,1995,7,18352,21255,-2903
3421,1995,8,18356,22475,-4119
3421,1995,9,18335,15655,2680
3421,1995,10,18344,19055,-711
3421,1995,11,18341,16855,1486
3421,1995,12,27471,21395,6076
3421,1996,1,18534,29615,-11081
3421,1996,2,18328,11155,7173
3421,1996,3,18354,18955,-601
3421,1996,4,18352,16655,1697
3421,1996,5,18358,17255,1103
3421,1996,6,27485,20955,6530
3421,1996,7,18385,21535,-3150
3421,1996,8,18376,15755,2621
3421,1996,9,18372,21515,-3143
3421,1996,10,18368,18655,-287
3421,1996,11,18366,22795,-4429
3421,1996,12,27467,24535,2932
3421,1997,1,19656,19775,-119
3421,1997,2,18462,13935,4527
3421,1997,3,18384,14455,3929
3421,1997,4,18400,14155,4245
3421,1997,5,18418,13855,4563
3421,1997,6,31519,46095,-14576
3421,1997,7,20875,14895,5980
3421,1997,8,18404,11255,7149
3421,1997,9,18412,22215,-3803
3421,1997,10,18419,10755,7664
3421,1997,11,18452,9755,8697
3421,1997,12,27596,20175,7421
3421,1998,1,18496,30095,-11599
3421,1998,2,18462,13055,5407
3421,1998,3,18477,17755,722
3421,1998,4,18482,16455,2027
3421,1998,5,18486,20395,-1909
3421,1998,6,27592,42695,-15103
3421,1998,7,18433,9955,8478
3421,1998,8,18451,17055,1396
3421,1998,9,18440,23255,-4815
3421,1998,10,18436,16655,1781
3421,1998,11,18433,19955,-1522
3421,1998,12,27569,15680,11889
3422,1996,3,700,0,700
3422,1996,4,24237,0,24237
3422,1996,5,23735,11300,12435
3422,1996,6,35597,26200,9397
3422,1996,7,23816,25800,-1984
3422,1996,8,23841,21955,1886
3422,1996,9,23842,25627,-1785
3422,1996,10,23832,27127,-3295
3422,1996,11,23814,27467,-3653
3422,1996,12,35639,32547,3092
3422,1997,1,23787,31387,-7600
3422,1997,2,23780,26527,-2747
3422,1997,3,23771,26427,-2656
3422,1997,4,23747,27687,-3940
3422,1997,5,23750,19327,4423
3422,1997,6,37544,50187,-12643
3422,1997,7,23728,10327,13401
3422,1997,8,23770,21847,1923
3422,1997,9,23778,17927,5851
3422,1997,10,23790,25507,-1717
3422,1997,11,23790,20527,3263
3422,1997,12,35620,30127,5493
3422,1998,1,23801,29327,-5526
3422,1998,2,23801,19727,4074
3422,1998,3,23798,27627,-3829
3422,1998,4,23792,24527,-735
3422,1998,5,23787,25527,-1740
3422,1998,6,35603,28007,7596
3422,1998,7,23804,29627,-5823
3422,1998,8,23796,20327,3469
3422,1998,9,23801,23727,74
3422,1998,10,23801,23727,74
3422,1998,11,23783,30327,-6544
3422,1998,12,35590,34752,838
3423,1997,11,6007,0,6007
3423,1997,12,18510,0,18510
3423,1998,1,7012,0,7012
3423,1998,2,5832,2300,3532
3423,1998,3,5828,10415,-4587
3423,1998,4,5806,8810,-3004
3423,1998,5,5794,8610,-2816
3423,1998,6,8744,5850,2894
3423,1998,7,5790,9710,-3920
3423,1998,8,5765,12010,-6245
3423,1998,9,5766,3810,1956
3423,1998,10,5775,3810,1965
3423,1998,11,5783,3810,1973
3423,1998,12,8607,18635,-10028
3424,1993,2,45136,0,45136
3424,1993,3,188,10400,-10212
3424,1993,4,188,3000,-2812
3424,1993,5,188,2900,-2712
3424,1993,6,188,1800,-1612
3424,1993,7,18891,2100,16791
3424,1993,8,82770,60315,22455
3424,1993,9,10911,37201,-26290
3424,1993,10,75704,48561,27143
3424,1993,11,30923,33317,-2394
3424,1993,12,35680,24621,11059
3424,1994,1,243,27821,-27578
3424,1994,2,8353,31921,-23568
3424,1994,3,71319,29221,42098
3424,1994,4,225,25721,-25496
3424,1994,5,47406,9821,37585
3424,1994,6,106509,90938,15571
3424,1994,7,245,62939,-62694
3424,1994,8,105,10621,-10516
3424,1994,9,6487,8721,-2234
3424,1994,10,12312,8721,3591
3424,1994,11,46607,27901,18706
3424,1994,12,44944,33456,11488
3424,1995,1,45363,26421,18942
3424,1995,2,60532,30121,30411
3424,1995,3,11262,56321,-45059
3424,1995,4,136535,128299,8236
3424,1995,5,36075,46021,-9946
3424,1995,6,184,21421,-21237
3424,1995,7,42178,10221,31957
3424,1995,8,213,21521,-21308
3424,1995,9,162,9621,-9459
3424,1995,10,2732,8721,-5989
3424,1995,11,4212,8721,-4509
3424,1995,12,27862,27921,-59
3424,1996,1,8105,8721,-616
3424,1996,2,12716,8721,3995
3424,1996,3,140907,63421,77486
3424,1996,4,46001,108035,-62034
3424,1996,5,16757,15321,1436
3424,1996,6,23038,14721,8317
3424,1996,7,44870,34621,10249
3424,1996,8,92691,70556,22135
3424,1996,9,275,28248,-27973
3424,1996,10,27725,32249,-4524
3424,1996,11,32444,36782,-4338
3424,1996,12,61955,36621,25334
3424,1997,1,25646,19221,6425
3424,1997,2,311,11221,-10910
3424,1997,3,28076,20421,7655
3424,1997,4,14912,16521,-1609
3424,1997,5,14713,59176,-44463
3424,1997,6,18420,8721,9699
3424,1997,7,14458,8721,5737
3424,1997,8,46306,44476,1830
3424,1997,9,40945,15521,25424
3424,1997,10,46300,35403,10897
3424,1997,11,1194,19821,-18627
3424,1997,12,80819,60823,19996
3424,1998,1,68110,77534,-9424
3424,1998,2,294,9021,-8727
3424,1998,3,61198,43353,17845
3424,1998,4,40808,53347,-12539
3424,1998,5,51952,54912,-2960
3424,1998,6,65391,21621,43770
3424,1998,7,41610,79715,-38105
3424,1998,8,40971,51791,-10820
3424,1998,9,17702,11986,5716
3424,1998,10,65857,60421,5436
3424,1998,11,76996,54361,22635
3424,1998,12,12848,17406,-4558
3425,1994,8,500,0,500
3425,1994,9,12284,0,12284
3425,1994,10,6231,0,6231
3425,1994,11,5256,0,5256
3425,1994,12,4072,3100,972
3425,1995,1,4074,4981,-907
3425,1995,2,4973,3951,1022
3425,1995,3,4078,3561,517
3425,1995,4,4081,2861,1220
3425,1995,5,4082,5961,-1879
3425,1995,6,4967,7551,-2584
3425,1995,7,4065,4461,-396
3425,1995,8,6170,2661,3509
3425,1995,9,4073,6371,-2298
3425,1995,10,6275,2661,3614
3425,1995,11,4587,2661,1926
3425,1995,12,4090,4641,-551
3425,1996,1,4082,9271,-5189
3425,1996,2,4069,3361,708
3425,1996,3,4073,2861,1212
3425,1996,4,4076,3661,415
3425,1996,5,6083,4011,2072
3425,1996,6,6682,9591,-2909
3425,1996,7,9289,2661,6628
3425,1996,8,6209,2661,3548
3425,1996,9,4116,4041,75
3425,1996,10,4121,4671,-550
3425,1996,11,4113,4161,-48
3425,1996,12,4914,4851,63
3425,1997,1,7219,5751,1468
3425,1997,2,4925,2661,2264
3425,1997,3,4127,4861,-734
3425,1997,4,5433,2661,2772
3425,1997,5,4134,5261,-1127
3425,1997,6,4732,4851,-119
3425,1997,7,4838,2661,2177
3425,1997,8,4133,6961,-2828
3425,1997,9,5435,3261,2174
3425,1997,10,5042,3411,1631
3425,1997,11,4650,2661,1989
3425,1997,12,6161,4281,1880
3425,1998,1,9674,7281,2393
3425,1998,2,4169,4561,-392
3425,1998,3,4974,3171,1803
3425,1998,4,4177,3661,516
3425,1998,5,5085,2661,2424
3425,1998,6,4168,11541,-7373
3425,1998,7,5966,2661,3305
3425,1998,8,6482,2661,3821
3425,1998,9,8302,2661,5641
3425,1998,10,6621,2661,3960
3425,1998,11,4226,4361,-135
3425,1998,12,4629,3366,1263
3426,1996,7,700,0,700
3426,1996,8,25526,3500,22026
3426,1996,9,25630,9500,16130
3426,1996,10,25667,15600,10067
3426,1996,11,25719,7400,18319
3426,1996,12,38441,62169,-23728
3426,1997,1,30283,51456,-21173
3426,1997,2,33687,31592,2095
3426,1997,3,36631,13606,23025
3426,1997,4,25672,21306,4366
3426,1997,5,25684,23406,2278
3426,1997,6,38431,44806,-6375
3426,1997,7,25687,16706,8981
3426,1997,8,25667,33875,-8208
3426,1997,9,25660,41369,-15709
3426,1997,10,28026,31113,-3087
3426,1997,11,26322,13606,12716
3426,1997,12,39403,33555,5848
3426,1998,1,25620,44706,-19086
3426,1998,2,28119,15406,12713
3426,1998,3,25668,14806,10862
3426,1998,4,25678,28106,-2428
3426,1998,5,25688,19606,6082
3426,1998,6,38475,22106,16369
3426,1998,7,25753,29506,-3753
3426,1998,8,25732,31006,-5274
3426,1998,9,25713,30306,-4593
3426,1998,10,25678,44606,-18928
3426,1998,11,25654,23606,2048
3426,1998,12,38439,17176,21263
3427,1996,8,1100,0,1100
3427,1996,9,23704,300,23404
3427,1996,10,23792,10900,12892
3427,1996,11,23832,20900,2932
3427,1996,12,35692,25600,10092
3427,1997,1,23875,29015,-5140
3427,1997,2,23865,28558,-4693
3427,1997,3,23858,22058,1800
3427,1997,4,23851,26458,-2607
3427,1997,5,23853,21858,1995
3427,1997,6,35645,42758,-7113
3427,1997,7,23837,18758,5079
3427,1997,8,23851,16558,7293
3427,1997,9,23880,23458,422
3427,1997,10,23881,21258,2623
3427,1997,11,23888,22558,1330
3427,1997,12,35747,28758,6989
3427,1998,1,23907,30658,-6751
3427,1998,2,23917,25258,-1341
3427,1998,3,23892,20658,3234
3427,1998,4,23905,20658,3247
3427,1998,5,23929,15658,8271
3427,1998,6,35824,51458,-15634
3427,1998,7,23879,23858,21
3427,1998,8,30327,9858,20469
3427,1998,9,23980,14758,9222
3427,1998,10,24010,18258,5752
3427,1998,11,24023,19658,4365
3427,1998,12,35893,24843,11050
3428,1997,7,300,0,300
3428,1997,8,26219,0,26219
3428,1997,9,13494,0,13494
3428,1997,10,11425,7500,3925
3428,1997,11,11432,11000,432
3428,1997,12,17069,13755,3314
3428,1998,1,11415,26475,-15060
3428,1998,2,11382,9595,1787
3428,1998,3,11383,18935,-7552
3428,1998,4,12392,15,12377
3428,1998,5,11418,9015,2403
3428,1998,6,17023,53375,-36352
3428,1998,7,15712,855,14857
3428,1998,8,11362,215,11147
3428,1998,9,11381,10315,1066
3428,1998,10,11382,14835,-3453
3428,1998,11,11387,4015,7372
3428,1998,12,17041,12300,4741
3429,1993,12,500,0,500
3429,1994,1,6664,0,6664
3429,1994,2,6664,0,6664
3429,1994,3,6664,0,6664
3429,1994,4,6719,1000,5719
3429,1994,5,6778,7635,-857
3429,1994,6,6769,7539,-770
3429,1994,7,6775,2979,3796
3429,1994,8,6786,7259,-473
3429,1994,9,6783,5379,1404
3429,1994,10,6792,4079,2713
3429,1994,11,6802,4379,2423
3429,1994,12,6804,8629,-1825
3429,1995,1,6774,16149,-9375
3429,1995,2,6771,1879,4892
3429,1995,3,6791,2379,4412
3429,1995,4,6809,2579,4230
3429,1995,5,6811,8519,-1708
3429,1995,6,6809,10979,-4170
3429,1995,7,6804,1879,4925
3429,1995,8,6820,3079,3741
3429,1995,9,6821,7819,-998
3429,1995,10,6825,5079,1746
3429,1995,11,6809,11739,-4930
3429,1995,12,6814,4479,2335
3429,1996,1,6797,14499,-7702
3429,1996,2,6794,3179,3615
3429,1996,3,6809,4079,2730
3429,1996,4,6810,9459,-2649
3429,1996,5,6814,2359,4455
3429,1996,6,6789,16379,-9590
3429,1996,7,6787,4039,2748
3429,1996,8,6799,3579,3220
3429,1996,9,6812,3679,3133
3429,1996,10,6816,6079,737
3429,1996,11,6829,3379,3450
3429,1996,12,6840,10629,-3789
3429,1997,1,6801,13759,-6958
3429,1997,2,6803,1879,4924
3429,1997,3,6800,8839,-2039
3429,1997,4,6813,7019,-206
3429,1997,5,6815,2079,4736
3429,1997,6,6785,17519,-10734
3429,1997,7,6790,1879,4911
3429,1997,8,6809,4479,2330
3429,1997,9,6807,7039,-232
3429,1997,10,6816,6479,337
3429,1997,11,6812,8399,-1587
3429,1997,12,6809,3179,3630
3429,1998,1,6791,14729,-7938
3429,1998,2,6794,1879,4915
3429,1998,3,6799,8359,-1560
3429,1998,4,6798,5319,1479
3429,1998,5,6811,4759,2052
3429,1998,6,6786,16779,-9993
3429,1998,7,6782,1879,4903
3429,1998,8,6802,1879,4923
3429,1998,9,6822,1879,4943
3429,1998,10,6832,8679,-1847
3429,1998,11,6835,1879,4956
3429,1998,12,6847,4384,2463
3430,1996,12,4356,0,4356
3430,1997,1,13199,0,13199
3430,1997,2,6133,0,6133
3430,1997,3,4054,0,4054
3430,1997,4,3961,3415,546
3430,1997,5,3960,4041,-81
3430,1997,6,3944,10021,-6077
3430,1997,7,3931,4941,-1010
3430,1997,8,3932,3761,171
3430,1997,9,3924,5941,-2017
3430,1997,10,4527,3911,616
3430,1997,11,7036,3701,3335
3430,1997,12,4344,3071,1273
3430,1998,1,3934,8321,-4387
3430,1998,2,7743,2441,5302
3430,1998,3,5354,3491,1863
3430,1998,4,6267,3251,3016
3430,1998,5,3961,6611,-2650
3430,1998,6,3952,8951,-4999
3430,1998,7,6549,2921,3628
3430,1998,8,7267,2441,4826
3430,1998,9,6181,3131,3050
3430,1998,10,13999,2441,11558
3430,1998,11,6833,3821,3012
3430,1998,12,4050,2876,1174
3431,1996,9,300,0,300
3431,1996,10,23007,0,23007
3431,1996,11,20989,8600,12389
3431,1996,12,31476,20300,11176
3431,1997,1,21073,18000,3073
3431,1997,2,21089,23464,-2375
3431,1997,3,21090,18264,2826
3431,1997,4,21097,20764,333
3431,1997,5,21095,22364,-1269
3431,1997,6,31528,36964,-5436
3431,1997,7,21069,22124,-1055
3431,1997,8,21052,25564,-4512
3431,1997,9,21037,22964,-1927
3431,1997,10,21033,21164,-131
3431,1997,11,21024,27124,-6100
3431,1997,12,31462,28804,2658
3431,1998,1,20968,38064,-17096
3431,1998,2,20961,12964,7997
3431,1998,3,20991,15564,5427
3431,1998,4,21016,13864,7152
3431,1998,5,21031,23104,-2073
3431,1998,6,31472,48504,-17032
3431,1998,7,22082,8664,13418
3431,1998,8,21004,20264,740
3431,1998,9,21011,18364,2647
3431,1998,10,21034,22064,-1030
3431,1998,11,21008,26204,-5196
3431,1998,12,31444,29129,2315
3432,1996,6,1000,0,1000
3432,1996,7,17119,0,17119
3432,1996,8,5383,0,5383
3432,1996,9,4204,300,3904
3432,1996,10,4219,1800,2419
3432,1996,11,4222,7615,-3393
3432,1996,12,6256,16309,-10053
3432,1997,1,7157,10909,-3752
3432,1997,2,5761,2749,3012
3432,1997,3,7973,4189,3784
3432,1997,4,5589,2749,2840
3432,1997,5,4193,6649,-2456
3432,1997,6,6240,6449,-209
3432,1997,7,4780,10789,-6009
3432,1997,8,8566,7789,777
3432,1997,9,8871,4789,4082
3432,1997,10,8090,2749,5341
3432,1997,11,4199,8529,-4330
3432,1997,12,6236,8589,-2353
3432,1998,1,7765,9949,-2184
3432,1998,2,4164,4449,-285
3432,1998,3,4160,6049,-1889
3432,1998,4,4155,4189,-34
3432,1998,5,4157,3649,508
3432,1998,6,6207,7849,-1642
3432,1998,7,4154,2749,1405
3432,1998,8,4152,5849,-1697
3432,1998,9,4153,2749,1404
3432,1998,10,4152,5349,-1197
3432,1998,11,5357,2749,2608
3432,1998,12,6215,5034,1181
3433,1997,7,4655,0,4655
3433,1997,8,4161,0,4161
3433,1997,9,4161,0,4161
3433,1997,10,4161,0,4161
3433,1997,11,4197,2318,1879
3433,1997,12,4221,4638,-417
3433,1998,1,4208,9898,-5690
3433,1998,2,4200,2318,1882
3433,1998,3,4208,2318,1890
3433,1998,4,4216,2318,1898
3433,1998,5,4220,4118,102
3433,1998,6,4224,2318,1906
3433,1998,7,4231,3218,1013
3433,1998,8,4220,9398,-5178
3433,1998,9,4215,2318,1897
3433,1998,10,4223,2318,1905
3433,1998,11,4228,3678,550
3433,1998,12,4233,2303,1930
3434,1996,5,900,0,900
3434,1996,6,2957,0,2957
3434,1996,7,2957,0,2957
3434,1996,8,2957,0,2957
3434,1996,9,2957,0,2957
3434,1996,10,3001,3576,-575
3434,1996,11,3012,1986,1026
3434,1996,12,3016,2376,640
3434,1997,1,3013,4296,-1283
3434,1997,2,3013,1986,1027
3434,1997,3,3017,2256,761
3434,1997,4,3021,1986,1035
3434,1997,5,3025,1986,1039
3434,1997,6,3025,4346,-1321
3434,1997,7,3024,1986,1038
3434,1997,8,3028,1986,1042
3434,1997,9,3032,1986,1046
3434,1997,10,3037,1986,1051
3434,1997,11,3036,3786,-750
3434,1997,12,3036,3396,-360
3434,1998,1,3017,8216,-5199
3434,1998,2,3015,1986,1029
3434,1998,3,3019,1986,1033
3434,1998,4,3018,3686,-668
3434,1998,5,3020,1986,1034
3434,1998,6,3012,5786,-2774
3434,1998,7,3009,3486,-477
3434,1998,8,3011,1986,1025
3434,1998,9,3014,2466,548
3434,1998,10,3017,2556,461
3434,1998,11,3019,2316,703
3434,1998,12,3016,4311,-1295
3435,1993,7,4851,0,4851
3435,1993,8,4655,0,4655
3435,1993,9,4655,0,4655
3435,1993,10,4655,0,4655
3435,1993,11,4696,3105,1591
3435,1993,12,4724,3705,1019
3435,1994,1,4713,13185,-8472
3435,1994,2,4693,3105,1588
3435,1994,3,4697,4785,-88
3435,1994,4,4699,3105,1594
3435,1994,5,4706,3105,1601
3435,1994,6,4713,3905,808
3435,1994,7,4716,3105,1611
3435,1994,8,4723,3105,1618
3435,1994,9,4729,3105,1624
3435,1994,10,4736,3105,1631
3435,1994,11,4743,3105,1638
3435,1994,12,4749,4105,644
3435,1995,1,4745,11505,-6760
3435,1995,2,4720,6865,-2145
3435,1995,3,4715,3105,1610
3435,1995,4,4722,3105,1617
3435,1995,5,4729,3745,984
3435,1995,6,4733,3105,1628
3435,1995,7,4740,3105,1635
3435,1995,8,4745,4385,360
3435,1995,9,4747,3705,1042
3435,1995,10,4750,4105,645
3435,1995,11,4748,6145,-1397
3435,1995,12,4748,3605,1143
3435,1996,1,4734,13825,-9091
3435,1996,2,4707,6625,-1918
3435,1996,3,4708,3105,1603
3435,1996,4,4714,3105,1609
3435,1996,5,4721,5345,-624
3435,1996,6,4712,6305,-1593
3435,1996,7,4712,3105,1607
3435,1996,8,4718,3105,1613
3435,1996,9,4725,3105,1620
3435,1996,10,4732,3105,1627
3435,1996,11,4735,4465,270
3435,1996,12,4741,3355,1386
3435,1997,1,4725,11905,-7180
3435,1997,2,4710,5425,-715
3435,1997,3,4712,3105,1607
3435,1997,4,4719,3105,1614
3435,1997,5,4724,6145,-1421
3435,1997,6,4720,3105,1615
3435,1997,7,4726,3105,1621
3435,1997,8,4733,3105,1628
3435,1997,9,4740,3105,1635
3435,1997,10,4746,3105,1641
3435,1997,11,4749,5265,-516
3435,1997,12,4749,5975,-1226
3435,1998,1,4725,13825,-9100
3435,1998,2,4708,3105,1603
3435,1998,3,4714,4945,-231
3435,1998,4,4713,3105,1608
3435,1998,5,4712,7585,-2873
3435,1998,6,4708,3105,1603
3435,1998,7,4715,3105,1610
3435,1998,8,4721,3105,1616
3435,1998,9,4728,3105,1623
3435,1998,10,4735,3105,1630
3435,1998,11,4741,3105,1636
3435,1998,12,4747,3590,1157
3436,1995,6,200,0,200
3436,1995,7,3365,0,3365
3436,1995,8,3365,0,3365
3436,1995,9,3365,0,3365
3436,1995,10,3365,0,3365
3436,1995,11,3398,3248,150
3436,1995,12,3423,3938,-515
3436,1996,1,3423,2258,1165
3436,1996,2,3428,2258,1170
3436,1996,3,3433,2258,1175
3436,1996,4,3438,2258,1180
3436,1996,5,3443,2258,1185
3436,1996,6,3443,4238,-795
3436,1996,7,3444,2258,1186
3436,1996,8,3446,3638,-192
3436,1996,9,3448,2258,1190
3436,1996,10,3453,2258,1195
3436,1996,11,3458,2258,1200
3436,1996,12,3465,2408,1057
3436,1997,1,3468,2258,1210
3436,1997,2,3473,2258,1215
3436,1997,3,3475,3548,-73
3436,1997,4,3477,2678,799
3436,1997,5,3480,3188,292
3436,1997,6,3478,7118,-3640
3436,1997,7,3466,2678,788
3436,1997,8,3470,2258,1212
3436,1997,9,3475,2258,1217
3436,1997,10,3480,2258,1222
3436,1997,11,3485,2258,1227
3436,1997,12,3486,4538,-1052
3436,1998,1,3484,3848,-364
3436,1998,2,3484,2258,1226
3436,1998,3,3488,3338,150
3436,1998,4,3490,3008,482
3436,1998,5,3492,2258,1234
3436,1998,6,3492,11048,-7556
3436,1998,7,3465,2258,1207
3436,1998,8,3470,2258,1212
3436,1998,9,3475,2258,1217
3436,1998,10,3480,2948,532
3436,1998,11,3483,3548,-65
3436,1998,12,3482,3023,459
3437,1996,11,400,0,400
3437,1996,12,13000,0,13000
3437,1997,1,4900,0,4900
3437,1997,2,63048,30000,33048
3437,1997,3,49705,41000,8705
3437,1997,4,41168,41300,-132
3437,1997,5,59142,37654,21488
3437,1997,6,130624,145213,-14589
3437,1997,7,112475,95154,17321
3437,1997,8,231,51035,-50804
3437,1997,9,70457,14108,56349
3437,1997,10,71773,101576,-29803
3437,1997,11,13840,16354,-2514
3437,1997,12,55200,25154,30046
3437,1998,1,60389,46354,14035
3437,1998,2,71187,92054,-20867
3437,1998,3,108707,91714,16993
3437,1998,4,99319,151454,-52135
3437,1998,5,113317,94054,19263
3437,1998,6,40802,27654,13148
3437,1998,7,78417,58354,20063
3437,1998,8,17105,81254,-64149
3437,1998,9,108,10154,-10046
3437,1998,10,30333,30954,-621
3437,1998,11,131080,75854,55226
3437,1998,12,74928,101826,-26898
3438,1996,12,1000,0,1000
3438,1997,1,5506,0,5506
3438,1997,2,5506,0,5506
3438,1997,3,5506,0,5506
3438,1997,4,5506,0,5506
3438,1997,5,5546,4015,1531
3438,1997,6,5605,9722,-4117
3438,1997,7,5598,2872,2726
3438,1997,8,5609,2872,2737
3438,1997,9,5609,9512,-3903
3438,1997,10,5604,2872,2732
3438,1997,11,5608,6372,-764
3438,1997,12,5600,7622,-2022
3438,1998,1,5578,13592,-8014
3438,1998,2,5563,6772,-1209
3438,1998,3,5566,2872,2694
3438,1998,4,5565,6572,-1007
3438,1998,5,5573,2872,2701
3438,1998,6,5572,8072,-2500
3438,1998,7,5574,2872,2702
3438,1998,8,5580,6472,-892
3438,1998,9,5577,4072,1505
3438,1998,10,5587,2872,2715
3438,1998,11,5584,7772,-2188
3438,1998,12,5587,4947,640
3439,1996,2,700,0,700
3439,1996,3,22060,0,22060
3439,1996,4,17826,9400,8426
3439,1996,5,17849,15500,2349
3439,1996,6,26729,18300,8429
3439,1996,7,17880,25015,-7135
3439,1996,8,17868,18156,-288
3439,1996,9,17871,15856,2015
3439,1996,10,17868,20256,-2388
3439,1996,11,17847,20656,-2809
3439,1996,12,26726,23856,2870
3439,1997,1,17858,19656,-1798
3439,1997,2,17856,16956,900
3439,1997,3,17842,23056,-5214
3439,1997,4,17829,20656,-2827
3439,1997,5,17821,21856,-4035
3439,1997,6,26690,18756,7934
3439,1997,7,17836,18756,-920
3439,1997,8,17838,16556,1282
3439,1997,9,17813,29856,-12043
3439,1997,10,17800,13956,3844
3439,1997,11,17819,12756,5063
3439,1997,12,26693,24356,2337
3439,1998,1,17945,16556,1389
3439,1998,2,18974,7556,11418
3439,1998,3,17919,20256,-2337
3439,1998,4,18388,13956,4432
3439,1998,5,17915,11456,6459
3439,1998,6,26806,27256,-450
3439,1998,7,17939,11256,6683
3439,1998,8,17934,20356,-2422
3439,1998,9,17927,20456,-2529
3439,1998,10,17937,13756,4181
3439,1998,11,17962,11456,6506
3439,1998,12,26853,18041,8812
3440,1995,9,500,0,500
3440,1995,10,23328,0,23328
3440,1995,11,17412,4900,12512
3440,1995,12,26110,16000,10110
3440,1996,1,17493,15200,2293
3440,1996,2,17502,20438,-2936
3440,1996,3,17497,21729,-4232
3440,1996,4,17478,22229,-4751
3440,1996,5,17460,19129,-1669
3440,1996,6,26130,19229,6901
3440,1996,7,17475,23529,-6054
3440,1996,8,17456,18429,-973
3440,1996,9,17448,20929,-3481
3440,1996,10,17422,26429,-9007
3440,1996,11,17406,16929,477
3440,1996,12,26073,19729,6344
3440,1997,1,17428,17929,-501
3440,1997,2,17431,15529,1902
3440,1997,3,17441,15029,2412
3440,1997,4,17448,16029,1419
3440,1997,5,17449,17829,-380
3440,1997,6,26078,38329,-12251
3440,1997,7,17936,9729,8207
3440,1997,8,17426,18929,-1503
3440,1997,9,17426,15929,1497
3440,1997,10,17428,17629,-201
3440,1997,11,17443,11929,5514
3440,1997,12,26120,21229,4891
3440,1998,1,17462,19329,-1867
3440,1998,2,17470,15729,1741
3440,1998,3,17469,17429,40
3440,1998,4,17457,22029,-4572
3440,1998,5,17447,17829,-382
3440,1998,6,26111,21729,4382
3440,1998,7,17486,11129,6357
3440,1998,8,20426,9729,10697
3440,1998,9,18555,16529,2026
3440,1998,10,17557,13129,4428
3440,1998,11,17580,11729,5851
3440,1998,12,26280,13914,12366
3442,1996,1,900,0,900
3442,1996,2,3345,0,3345
3442,1996,3,3345,0,3345
3442,1996,4,3345,0,3345
3442,1996,5,3345,0,3345
3442,1996,6,3347,15,3332
3442,1996,7,3418,3745,-327
3442,1996,8,3420,2245,1175
3442,1996,9,3423,2665,758
3442,1996,10,3420,4805,-1385
3442,1996,11,3413,5745,-2332
3442,1996,12,3411,2425,986
3442,1997,1,3396,8345,-4949
3442,1997,2,3396,2245,1151
3442,1997,3,3401,2245,1156
3442,1997,4,3405,2245,1160
3442,1997,5,3410,3355,55
3442,1997,6,3406,3745,-339
3442,1997,7,3409,2245,1164
3442,1997,8,3413,3355,58
3442,1997,9,3414,2245,1169
3442,1997,10,3419,2245,1174
3442,1997,11,3422,2695,727
3442,1997,12,3426,2935,491
3442,1998,1,3421,5965,-2544
3442,1998,2,3418,2245,1173
3442,1998,3,3423,2245,1178
3442,1998,4,3428,2395,1033
3442,1998,5,3428,3445,-17
3442,1998,6,3427,4855,-1428
3442,1998,7,3426,2245,1181
3442,1998,8,3429,3295,134
3442,1998,9,3432,2245,1187
3442,1998,10,3437,2245,1192
3442,1998,11,3442,2245,1197
3442,1998,12,3440,4780,-1340
3443,1996,7,400,0,400
3443,1996,8,4133,0,4133
3443,1996,9,4133,0,4133
3443,1996,10,4133,0,4133
3443,1996,11,4133,0,4133
3443,1996,12,4177,2770,1407
3443,1997,1,4200,7720,-3520
3443,1997,2,4194,5410,-1216
3443,1997,3,4193,2770,1423
3443,1997,4,4196,3890,306
3443,1997,5,4196,4850,-654
3443,1997,6,4197,2770,1427
3443,1997,7,4203,2770,1433
3443,1997,8,4201,6690,-2489
3443,1997,9,4198,3490,708
3443,1997,10,4202,2770,1432
3443,1997,11,4208,2770,1438
3443,1997,12,4214,3370,844
3443,1998,1,4213,4920,-707
3443,1998,2,4210,5810,-1600
3443,1998,3,4208,2770,1438
3443,1998,4,4214,2770,1444
3443,1998,5,4210,9410,-5200
3443,1998,6,4198,4850,-652
3443,1998,7,4195,2770,1425
3443,1998,8,4201,2770,1431
3443,1998,9,4207,2770,1437
3443,1998,10,4213,2770,1443
3443,1998,11,4218,3970,248
3443,1998,12,4219,4715,-496
3444,1997,9,17407,0,17407
3444,1997,10,21391,0,21391
3444,1997,11,17350,7400,9950
3444,1997,12,25982,12600,13382
3444,1998,1,17351,51430,-34079
3444,1998,2,19226,30,19196
3444,1998,3,17398,2730,14668
3444,1998,4,17417,30124,-12707
3444,1998,5,19708,9030,10678
3444,1998,6,26021,58530,-32509
3444,1998,7,38966,30,38936
3444,1998,8,22127,31754,-9627
3444,1998,9,17406,11930,5476
3444,1998,10,17427,5830,11597
3444,1998,11,17473,12430,5043
3444,1998,12,26091,15000,11091
3445,1994,2,1100,0,1100
3445,1994,3,16972,0,16972
3445,1994,4,11036,3900,7136
3445,1994,5,11062,7800,3262
3445,1994,6,16557,9900,6657
3445,1994,7,11097,14895,-3798
3445,1994,8,11089,12355,-1266
3445,1994,9,11086,6115,4971
3445,1994,10,11097,12215,-1118
3445,1994,11,11096,11915,-819
3445,1994,12,16575,15075,1500
3445,1995,1,11063,30235,-19172
3445,1995,2,12740,15,12725
3445,1995,3,11075,10955,120
3445,1995,4,11079,6415,4664
3445,1995,5,11095,8515,2580
3445,1995,6,16577,18275,-1698
3445,1995,7,11090,14035,-2945
3445,1995,8,11086,8615,2471
3445,1995,9,11091,11315,-224
3445,1995,10,11090,11935,-845
3445,1995,11,11112,9915,1197
3445,1995,12,16584,15475,1109
3445,1996,1,11088,30875,-19787
3445,1996,2,14447,15,14432
3445,1996,3,11079,10075,1004
3445,1996,4,11069,14615,-3546
3445,1996,5,11073,7555,3518
3445,1996,6,16576,7615,8961
3445,1996,7,11113,12015,-902
3445,1996,8,11106,13415,-2309
3445,1996,9,11092,15215,-4123
3445,1996,10,11071,16415,-5344
3445,1996,11,11059,13575,-2516
3445,1996,12,16567,815,15752
3445,1997,1,11065,35695,-24630
3445,1997,2,11016,15,11001
3445,1997,3,11080,975,10105
3445,1997,4,11079,21015,-9936
3445,1997,5,11067,8295,2772
3445,1997,6,16552,15,16537
3445,1997,7,11103,26915,-15812
3445,1997,8,11099,1215,9884
3445,1997,9,11118,15,11103
3445,1997,10,11109,33115,-22006
3445,1997,11,11081,3735,7346
3445,1997,12,16612,5335,11277
3445,1998,1,11137,18455,-7318
3445,1998,2,11136,2775,8361
3445,1998,3,11156,8535,2621
3445,1998,4,11164,4455,6709
3445,1998,5,11124,38615,-27491
3445,1998,6,16556,15,16541
3445,1998,7,11142,38315,-27173
3445,1998,8,11033,15,11018
3445,1998,9,11074,25315,-14241
3445,1998,10,11020,15,11005
3445,1998,11,11065,15,11050
3445,1998,12,16612,8600,8012
3446,1996,9,900,0,900
3446,1996,10,13300,0,13300
3446,1996,11,8300,0,8300
3446,1996,12,9456,0,9456
3446,1997,1,28034,12900,15134
3446,1997,2,54966,20200,34766
3446,1997,3,87196,102045,-14849
3446,1997,4,49680,46759,2921
3446,1997,5,49514,52459,-2945
3446,1997,6,64229,29459,34770
3446,1997,7,9652,37125,-27473
3446,1997,8,5658,23959,-18301
3446,1997,9,62452,65069,-2617
3446,1997,10,13778,25908,-12130
3446,1997,11,22988,27159,-4171
3446,1997,12,35513,35690,-177
3446,1998,1,40841,49959,-9118
3446,1998,2,15720,12759,2961
3446,1998,3,168293,129098,39195
3446,1998,4,89372,90459,-1087
3446,1998,5,86101,87759,-1658
3446,1998,6,169361,113259,56102
3446,1998,7,25952,101959,-76007
3446,1998,8,9106,30142,-21036
3446,1998,9,58297,16659,41638
3446,1998,10,227,27759,-27532
3446,1998,11,52641,14359,38282
3446,1998,12,106041,88991,17050
3448,1996,6,12256,0,12256
3448,1996,7,63493,3100,60393
3448,1996,8,302,26400,-26098
3448,1996,9,26280,11300,14980
3448,1996,10,24758,23730,1028
3448,1996,11,7539,26130,-18591
3448,1996,12,135,13830,-13695
3448,1997,1,14531,15030,-499
3448,1997,2,107,6030,-5923
3448,1997,3,91,3430,-3339
3448,1997,4,32547,1830,30717
3448,1997,5,172,17930,-17758
3448,1997,6,48918,13830,35088
3448,1997,7,280,37930,-37650
3448,1997,8,40765,29230,11535
3448,1997,9,151,20962,-20811
3448,1997,10,17912,18230,-318
3448,1997,11,3788,2891,897
3448,1997,12,89,3591,-3502
3448,1998,1,76,2891,-2815
3448,1998,2,4165,2891,1274
3448,1998,3,102988,35991,66997
3448,1998,4,50983,86991,-36008
3448,1998,5,32469,41491,-9022
3448,1998,6,44853,39091,5762
3448,1998,7,32587,39791,-7204
3448,1998,8,134,22091,-21957
3448,1998,9,21886,2891,18995
3448,1998,10,36412,43791,-7379
3448,1998,11,111,2891,-2780
3448,1998,12,45697,46361,-664
3449,1995,4,1000,0,1000
3449,1995,5,12409,0,12409
3449,1995,6,8262,0,8262
3449,1995,7,3393,0,3393
3449,1995,8,3107,0,3107
3449,1995,9,716,1515,-799
3449,1995,10,714,15,699
3449,1995,11,13258,4115,9143
3449,1995,12,5028,6665,-1637
3449,1996,1,739,8165,-7426
3449,1996,2,2220,15,2205
3449,1996,3,726,1065,-339
3449,1996,4,7116,1565,5551
3449,1996,5,744,4765,-4021
3449,1996,6,4025,7515,-3490
3449,1996,7,717,915,-198
3449,1996,8,44517,15,44502
3449,1996,9,867,19265,-18398
3449,1996,10,809,8715,-7906
3449,1996,11,789,2215,-1426
3449,1996,12,775,7515,-6740
3449,1997,1,746,8365,-7619
3449,1997,2,4333,815,3518
3449,1997,3,33198,15,33183
3449,1997,4,19210,14815,4395
3449,1997,5,869,13615,-12746
3449,1997,6,825,12215,-11390
3449,1997,7,1599,15,1584
3449,1997,8,2506,915,1591
3449,1997,9,1411,615,796
3449,1997,10,2518,15,2503
3449,1997,11,825,215,610
3449,1997,12,2925,2915,10
3449,1998,1,10159,4315,5844
3449,1998,2,842,3815,-2973
3449,1998,3,3246,15,3231
3449,1998,4,21908,12815,9093
3449,1998,5,870,10415,-9545
3449,1998,6,10800,27415,-16615
3449,1998,7,5593,15,5578
3449,1998,8,6513,3915,2598
3449,1998,9,811,2115,-1304
3449,1998,10,2815,15,2800
3449,1998,11,1918,2215,-297
3449,1998,12,3219,4800,-1581
3450,1996,12,39846,0,39846
3450,1997,1,166,7000,-6834
3450,1997,2,166,3400,-3234
3450,1997,3,166,2200,-2034
3450,1997,4,166,4200,-4034
3450,1997,5,32100,0,32100
3450,1997,6,53509,23400,30109
3450,1997,7,357,27500,-27143
3450,1997,8,357,16800,-16443
3450,1997,9,50089,6315,43774
3450,1997,10,337,41315,-40978
3450,1997,11,187,3915,-3728
3450,1997,12,33732,28115,5617
3450,1998,1,96677,85815,10862
3450,1998,2,179,29501,-29322
3450,1998,3,16564,15,16549
3450,1998,4,138357,98039,40318
3450,1998,5,53976,47351,6625
3450,1998,6,68483,63115,5368
3450,1998,7,50095,73795,-23700
3450,1998,8,36027,30047,5980
3450,1998,9,177496,178415,-919
3450,1998,10,37652,18015,19637
3450,1998,11,114308,147482,-33174
3450,1998,12,39408,41923,-2515
3451,1996,4,800,0,800
3451,1996,5,18781,1500,17281
3451,1996,6,28240,12600,15640
3451,1996,7,18912,14900,4012
3451,1996,8,18927,17400,1527
3451,1996,9,18953,18012,941
3451,1996,10,18954,20512,-1558
3451,1996,11,18948,19112,-164
3451,1996,12,28353,25992,2361
3451,1997,1,18939,28712,-9773
3451,1997,2,18919,14912,4007
3451,1997,3,18933,20312,-1379
3451,1997,4,18923,20712,-1789
3451,1997,5,18909,30192,-11283
3451,1997,6,28272,32892,-4620
3451,1997,7,18856,14612,4244
3451,1997,8,18869,16712,2157
3451,1997,9,18865,26532,-7667
3451,1997,10,18857,17492,1365
3451,1997,11,18843,19912,-1069
3451,1997,12,28240,25992,2248
3451,1998,1,18841,19912,-1071
3451,1998,2,18837,21812,-2975
3451,1998,3,18855,7112,11743
3451,1998,4,18895,10832,8063
3451,1998,5,18895,32972,-14077
3451,1998,6,28234,32812,-4578
3451,1998,7,18860,7112,11748
3451,1998,8,18871,28032,-9161
3451,1998,9,18870,7112,11758
3451,1998,10,18855,33612,-14757
3451,1998,11,18857,7112,11745
3451,1998,12,28313,14297,14016
3452,1996,12,5507,0,5507
3452,1997,1,4717,0,4717
3452,1997,2,4717,0,4717
3452,1997,3,4717,0,4717
3452,1997,4,4754,3144,1610
3452,1997,5,4786,3144,1642
3452,1997,6,4787,6844,-2057
3452,1997,7,4785,3144,1641
3452,1997,8,4792,3144,1648
3452,1997,9,4798,3144,1654
3452,1997,10,4805,3144,1661
3452,1997,11,4808,5704,-896
3452,1997,12,4799,5954,-1155
3452,1998,1,4793,9464,-4671
3452,1998,2,4784,3144,1640
3452,1998,3,4798,3144,1654
3452,1998,4,4805,3144,1661
3452,1998,5,4795,7544,-2749
3452,1998,6,4800,3144,1656
3452,1998,7,4800,3144,1656
3452,1998,8,4805,6664,-1859
3452,1998,9,4797,5144,-347
3452,1998,10,4804,6584,-1780
3452,1998,11,4790,3144,1646
3452,1998,12,4788,7359,-2571
3453,1995,6,33795,0,33795
3453,1995,7,22187,5400,16787
3453,1995,8,22222,16700,5522
3453,1995,9,22246,16200,6046
3453,1995,10,22262,26077,-3815
3453,1995,11,22229,24977,-2748
3453,1995,12,33251,24877,8374
3453,1996,1,22260,32177,-9917
3453,1996,2,22231,24977,-2746
3453,1996,3,22239,19077,3162
3453,1996,4,22250,19577,2673
3453,1996,5,22216,28177,-5961
3453,1996,6,33209,27377,5832
3453,1996,7,22228,30177,-7949
3453,1996,8,22212,41377,-19165
3453,1996,9,22183,20377,1806
3453,1996,10,22167,27077,-4910
3453,1996,11,22148,18777,3371
3453,1996,12,33186,28777,4409
3453,1997,1,22190,30677,-8487
3453,1997,2,22142,23577,-1435
3453,1997,3,22155,24977,-2822
3453,1997,4,22124,22677,-553
3453,1997,5,22124,22677,-553
3453,1997,6,33115,37977,-4862
3453,1997,7,22113,21677,436
3453,1997,8,22098,19577,2521
3453,1997,9,22121,21977,144
3453,1997,10,22109,17577,4532
3453,1997,11,22131,27077,-4946
3453,1997,12,33124,30077,3047
3453,1998,1,22103,25977,-3874
3453,1998,2,22103,15277,6826
3453,1998,3,22127,20877,1250
3453,1998,4,22133,18677,3456
3453,1998,5,22162,17577,4585
3453,1998,6,33164,33977,-813
3453,1998,7,22175,17577,4598
3453,1998,8,22180,26777,-4597
3453,1998,9,22157,19577,2580
3453,1998,10,22166,32877,-10711
3453,1998,11,22132,12677,9455
3453,1998,12,33210,9062,24148
3454,1996,10,500,0,500
3454,1996,11,6596,0,6596
3454,1996,12,6596,0,6596
3454,1997,1,6596,0,6596
3454,1997,2,6596,0,6596
3454,1997,3,6668,215,6453
3454,1997,4,6726,11523,-4797
3454,1997,5,6724,3223,3501
3454,1997,6,6709,15373,-8664
3454,1997,7,6688,9283,-2595
3454,1997,8,6691,6823,-132
3454,1997,9,6691,3223,3468
3454,1997,10,6684,11763,-5079
3454,1997,11,6682,3423,3259
3454,1997,12,6688,5873,815
3454,1998,1,6673,17013,-10340
3454,1998,2,6654,4903,1751
3454,1998,3,6658,4903,1755
3454,1998,4,6669,3923,2746
3454,1998,5,6684,3223,3461
3454,1998,6,6675,14623,-7948
3454,1998,7,6662,3523,3139
3454,1998,8,6663,7423,-760
3454,1998,9,6671,4023,2648
3454,1998,10,6664,10863,-4199
3454,1998,11,6668,3223,3445
3454,1998,12,6668,6978,-310
3455,1996,3,600,0,600
3455,1996,4,33814,4300,29514
3455,1996,5,33891,22200,11691
3455,1996,6,50821,34400,16421
3455,1996,7,33969,36800,-2831
3455,1996,8,33960,38215,-4255
3455,1996,9,33903,54394,-20491
3455,1996,10,33886,27315,6571
3455,1996,11,33907,32015,1892
3455,1996,12,50803,47715,3088
3455,1997,1,33860,55915,-22055
3455,1997,2,33842,28415,5427
3455,1997,3,33855,32195,1660
3455,1997,4,33875,26938,6937
3455,1997,5,33826,53326,-19500
3455,1997,6,50737,43478,7259
3455,1997,7,33832,35938,-2106
3455,1997,8,33822,38838,-5016
3455,1997,9,34270,22498,11772
3455,1997,10,33929,15338,18591
3455,1997,11,33967,27669,6298
3455,1997,12,50914,27738,23176
3455,1998,1,33985,55238,-21253
3455,1998,2,33989,28038,5951
3455,1998,3,34013,27815,6198
3455,1998,4,34026,31015,3011
3455,1998,5,34048,33715,333
3455,1998,6,50961,54815,-3854
3455,1998,7,34055,42615,-8560
3455,1998,8,34038,34415,-377
3455,1998,9,34007,24815,9192
3455,1998,10,34049,33315,734
3455,1998,11,34040,39315,-5275
3455,1998,12,50960,11600,39360
3456,1993,9,6762,0,6762
3456,1993,10,6471,0,6471
3456,1993,11,6471,0,6471
3456,1993,12,6471,0,6471
3456,1994,1,6535,4375,2160
3456,1994,2,6571,2215,4356
3456,1994,3,6569,11395,-4826
3456,1994,4,6565,3515,3050
3456,1994,5,6569,6115,454
3456,1994,6,6549,11765,-5216
3456,1994,7,6561,2715,3846
3456,1994,8,6559,9015,-2456
3456,1994,9,6561,4115,2446
3456,1994,10,6572,8915,-2343
3456,1994,11,6578,8915,-2337
3456,1994,12,6556,7485,-929
3456,1995,1,6544,8665,-2121
3456,1995,2,6549,1815,4734
3456,1995,3,6560,8235,-1675
3456,1995,4,6561,5415,1146
3456,1995,5,6566,5115,1451
3456,1995,6,6559,13895,-7336
3456,1995,7,6540,8195,-1655
3456,1995,8,6534,4315,2219
3456,1995,9,6538,6935,-397
3456,1995,10,6536,10715,-4179
3456,1995,11,6516,9175,-2659
3456,1995,12,6508,6765,-257
3456,1996,1,6509,4315,2194
3456,1996,2,6517,7915,-1398
3456,1996,3,6508,7395,-887
3456,1996,4,6510,3355,3155
3456,1996,5,6514,11115,-4601
3456,1996,6,6506,1515,4991
3456,1996,7,6527,1515,5012
3456,1996,8,6526,16815,-10289
3456,1996,9,6505,1515,4990
3456,1996,10,6526,1515,5011
3456,1996,11,6547,1515,5032
3456,1996,12,6566,2115,4451
3456,1997,1,6576,5675,901
3456,1997,2,6589,1515,5074
3456,1997,3,6560,30915,-24355
3456,1997,4,6508,4075,2433
3456,1997,5,6519,3035,3484
3456,1997,6,6531,4615,1916
3456,1997,7,6542,1515,5027
3456,1997,8,6560,2955,3605
3456,1997,9,6578,1515,5063
3456,1997,10,6599,1995,4604
3456,1997,11,6618,1515,5103
3456,1997,12,6638,2165,4473
3456,1998,1,6648,4115,2533
3456,1998,2,6567,41215,-34648
3456,1998,3,6524,1515,5009
3456,1998,4,6544,1515,5029
3456,1998,5,6565,1515,5050
3456,1998,6,6571,9765,-3194
3456,1998,7,6570,6555,15
3456,1998,8,6573,1515,5058
3456,1998,9,6594,1515,5079
3456,1998,10,6610,2635,3975
3456,1998,11,6631,1515,5116
3456,1998,12,6651,2920,3731
3457,1994,10,4409,0,4409
3457,1994,11,4212,0,4212
3457,1994,12,4212,0,4212
3457,1995,1,4212,0,4212
3457,1995,2,4256,2811,1445
3457,1995,3,4276,2811,1465
3457,1995,4,4281,3611,670
3457,1995,5,4280,4891,-611
3457,1995,6,4280,6651,-2371
3457,1995,7,4272,2811,1461
3457,1995,8,4278,2911,1367
3457,1995,9,4275,5851,-1576
3457,1995,10,4277,2811,1466
3457,1995,11,4283,2811,1472
3457,1995,12,4287,3611,676
3457,1996,1,4270,12011,-7741
3457,1996,2,4259,3291,968
3457,1996,3,4256,5531,-1275
3457,1996,4,4259,2811,1448
3457,1996,5,4261,6571,-2310
3457,1996,6,4244,6311,-2067
3457,1996,7,4246,2811,1435
3457,1996,8,4252,2811,1441
3457,1996,9,4258,2811,1447
3457,1996,10,4264,2811,1453
3457,1996,11,4270,2811,1459
3457,1996,12,4274,3911,363
3457,1997,1,4263,9291,-5028
3457,1997,2,4257,2811,1446
3457,1997,3,4256,4891,-635
3457,1997,4,4260,2811,1449
3457,1997,5,4262,4411,-149
3457,1997,6,4266,2811,1455
3457,1997,7,4269,6251,-1982
3457,1997,8,4263,2811,1452
3457,1997,9,4269,2811,1458
3457,1997,10,4274,3531,743
3457,1997,11,4278,2811,1467
3457,1997,12,4280,4261,19
3457,1998,1,4269,10251,-5982
3457,1998,2,4260,2811,1449
3457,1998,3,4266,2811,1455
3457,1998,4,4272,2811,1461
3457,1998,5,4278,2811,1467
3457,1998,6,4284,2811,1473
3457,1998,7,4290,2811,1479
3457,1998,8,4292,4971,-679
3457,1998,9,4293,2811,1482
3457,1998,10,4298,3371,927
3457,1998,11,4303,2811,1492
3457,1998,12,4305,4796,-491
3458,1995,7,4896,0,4896
3458,1995,8,4300,0,4300
3458,1995,9,4300,0,4300
3458,1995,10,4300,0,4300
3458,1995,11,4339,2693,1646
3458,1995,12,4357,6573,-2216
3458,1996,1,4343,8983,-4640
3458,1996,2,4337,2693,1644
3458,1996,3,4342,3653,689
3458,1996,4,4347,2693,1654
3458,1996,5,4343,7093,-2750
3458,1996,6,4342,2693,1649
3458,1996,7,4344,7173,-2829
3458,1996,8,4337,2693,1644
3458,1996,9,4344,2693,1651
3458,1996,10,4351,2693,1658
3458,1996,11,4351,5653,-1302
3458,1996,12,4349,3943,406
3458,1997,1,4346,6933,-2587
3458,1997,2,4343,2693,1650
3458,1997,3,4350,3573,777
3458,1997,4,4353,2693,1660
3458,1997,5,4357,4853,-496
3458,1997,6,4348,6373,-2025
3458,1997,7,4350,2693,1657
3458,1997,8,4355,3333,1022
3458,1997,9,4361,2693,1668
3458,1997,10,4368,2693,1675
3458,1997,11,4373,3993,380
3458,1997,12,4374,5703,-1329
3458,1998,1,4356,9413,-5057
3458,1998,2,4349,2693,1656
3458,1998,3,4354,3733,621
3458,1998,4,4359,2693,1666
3458,1998,5,4366,2693,1673
3458,1998,6,4369,5093,-724
3458,1998,7,4370,2693,1677
3458,1998,8,4376,4133,243
3458,1998,9,4376,3573,803
3458,1998,10,4381,2693,1688
3458,1998,11,4382,5093,-711
3458,1998,12,4383,3618,765
3459,1996,6,29580,0,29580
3459,1996,7,19429,4000,15429
3459,1996,8,19480,23000,-3520
3459,1996,9,19428,18800,628
3459,1996,10,19431,18815,616
3459,1996,11,19433,20515,-1082
3459,1996,12,29091,23215,5876
3459,1997,1,19461,34815,-15354
3459,1997,2,19391,13215,6176
3459,1997,3,19428,18515,913
3459,1997,4,19469,18815,654
3459,1997,5,19420,21315,-1895
3459,1997,6,29050,37115,-8065
3459,1997,7,19382,16415,2967
3459,1997,8,19408,17815,1593
3459,1997,9,19397,20715,-1318
3459,1997,10,19396,15915,3481
3459,1997,11,19408,18315,1093
3459,1997,12,29105,26215,2890
3459,1998,1,19420,34815,-15395
3459,1998,2,19368,11515,7853
3459,1998,3,19397,15415,3982
3459,1998,4,19413,16115,3298
3459,1998,5,19465,16115,3350
3459,1998,6,29107,29615,-508
3459,1998,7,19435,18515,920
3459,1998,8,19444,15015,4429
3459,1998,9,19460,17215,2245
3459,1998,10,19475,13815,5660
3459,1998,11,19492,17715,1777
3459,1998,12,29174,2000,27174
3460,1997,4,300,0,300
3460,1997,5,53782,11700,42082
3460,1997,6,50631,43024,7607
3460,1997,7,78003,26616,51387
3460,1997,8,39941,45515,-5574
3460,1997,9,31766,37315,-5549
3460,1997,10,5518,65020,-59502
3460,1997,11,36055,20015,16040
3460,1997,12,39003,19715,19288
3460,1998,1,106,44441,-44335
3460,1998,2,123690,68815,54875
3460,1998,3,7129,53275,-46146
3460,1998,4,25402,12615,12787
3460,1998,5,116,16415,-16299
3460,1998,6,23096,8446,14650
3460,1998,7,131,15546,-15415
3460,1998,8,89,10946,-10857
3460,1998,9,63,2946,-2883
3460,1998,10,8033,4846,3187
3460,1998,11,64,2946,-2882
3460,1998,12,0,2931,-2931
3461,1997,6,900,0,900
3461,1997,7,11200,0,11200
3461,1997,8,300,0,300
3461,1997,9,6600,0,6600
3461,1997,10,2000,0,2000
3461,1997,11,1300,0,1300
3461,1997,12,3100,0,3100
3461,1998,1,3200,0,3200
3461,1998,2,0,800,-800
3461,1998,3,1200,0,1200
3461,1998,4,0,1300,-1300
3461,1998,5,2400,0,2400
3461,1998,6,4100,0,4100
3461,1998,7,0,2900,-2900
3461,1998,8,0,5200,-5200
3461,1998,9,0,900,-900
3461,1998,10,2600,0,2600
3461,1998,11,0,1800,-1800
3461,1998,12,0,4600,-4600
3462,1996,3,10082,0,10082
3462,1996,4,15138,0,15138
3462,1996,5,9477,2600,6877
3462,1996,6,14194,3100,11094
3462,1996,7,9521,13449,-3928
3462,1996,8,9494,20249,-10755
3462,1996,9,11463,15549,-4086
3462,1996,10,9462,9749,-287
3462,1996,11,9461,9049,412
3462,1996,12,14146,13149,997
3462,1997,1,11643,16749,-5106
3462,1997,2,9446,7449,1997
3462,1997,3,9450,12749,-3299
3462,1997,4,9432,10449,-1017
3462,1997,5,9435,9149,286
3462,1997,6,14817,17449,-2632
3462,1997,7,9424,9849,-425
3462,1997,8,9423,8549,874
3462,1997,9,13325,9549,3776
3462,1997,10,10445,6249,4196
3462,1997,11,9460,8349,1111
3462,1997,12,14141,16049,-1908
3462,1998,1,9932,19149,-9217
3462,1998,2,15926,6249,9677
3462,1998,3,10360,6749,3611
3462,1998,4,10076,6249,3827
3462,1998,5,9490,6949,2541
3462,1998,6,15267,18949,-3682
3462,1998,7,13692,6249,7443
3462,1998,8,9515,8049,1466
3462,1998,9,9522,6749,2773
3462,1998,10,9533,7449,2084
3462,1998,11,9531,11549,-2018
3462,1998,12,14207,16334,-2127
3463,1997,9,500,0,500
3463,1997,10,15700,0,15700
3463,1997,11,12654,6000,6654
3463,1997,12,18975,8700,10275
3463,1998,1,12717,10700,2017
3463,1998,2,12743,7967,4776
3463,1998,3,12735,19099,-6364
3463,1998,4,12711,18199,-5488
3463,1998,5,12700,10999,1701
3463,1998,6,19000,19299,-299
3463,1998,7,12700,15199,-2499
3463,1998,8,12690,15399,-2709
3463,1998,9,12675,17099,-4424
3463,1998,10,15365,13099,2266
3463,1998,11,16889,8399,8490
3463,1998,12,19002,18884,118
3464,1995,5,8351,0,8351
3464,1995,6,19786,0,19786
3464,1995,7,7649,4800,2849
3464,1995,8,7667,3000,4667
3464,1995,9,7653,12569,-4916
3464,1995,10,7647,10869,-3222
3464,1995,11,7639,9469,-1830
3464,1995,12,12713,9829,2884
3464,1996,1,10336,13909,-3573
3464,1996,2,7641,10449,-2808
3464,1996,3,8531,4669,3862
3464,1996,4,7655,6069,1586
3464,1996,5,7645,9369,-1724
3464,1996,6,11426,10369,1057
3464,1996,7,7644,7289,355
3464,1996,8,7634,10509,-2875
3464,1996,9,8522,8269,253
3464,1996,10,10332,13429,-3097
3464,1996,11,7631,4669,2962
3464,1996,12,11401,10829,572
3464,1997,1,8418,17029,-8611
3464,1997,2,10103,4669,5434
3464,1997,3,7622,5769,1853
3464,1997,4,9628,7309,2319
3464,1997,5,9543,4669,4874
3464,1997,6,11442,7669,3773
3464,1997,7,7680,10569,-2889
3464,1997,8,7646,13389,-5743
3464,1997,9,7642,5969,1673
3464,1997,10,9359,4669,4690
3464,1997,11,7664,6169,1495
3464,1997,12,11430,14909,-3479
3464,1998,1,14344,13549,795
3464,1998,2,11367,4669,6698
3464,1998,3,8992,4669,4323
3464,1998,4,8409,4669,3740
3464,1998,5,7717,7969,-252
3464,1998,6,11487,10169,1318
3464,1998,7,7726,6869,857
3464,1998,8,7721,13709,-5988
3464,1998,9,12111,7789,4322
3464,1998,10,11231,4669,6562
3464,1998,11,9056,4669,4387
3464,1998,12,11539,12514,-975
3465,1993,7,400,0,400
3465,1993,8,15260,0,15260
3465,1993,9,10411,1000,9411
3465,1993,10,10434,7800,2634
3465,1993,11,10450,6000,4450
3465,1993,12,15633,14758,875
3465,1994,1,10435,30958,-20523
3465,1994,2,11298,4558,6740
3465,1994,3,10421,5958,4463
3465,1994,4,10734,7258,3476
3465,1994,5,10448,8258,2190
3465,1994,6,15626,11858,3768
3465,1994,7,10470,8958,1512
3465,1994,8,10465,13858,-3393
3465,1994,9,10464,7958,2506
3465,1994,10,10465,11058,-593
3465,1994,11,10471,8058,2413
3465,1994,12,15643,14658,985
3465,1995,1,10457,19058,-8601
3465,1995,2,11062,4558,6504
3465,1995,3,10467,12758,-2291
3465,1995,4,10477,4858,5619
3465,1995,5,10481,10558,-77
3465,1995,6,15623,27258,-11635
3465,1995,7,13862,5558,8304
3465,1995,8,10472,9358,1114
3465,1995,9,10894,4558,6336
3465,1995,10,10517,6158,4359
3465,1995,11,10535,5358,5177
3465,1995,12,15714,14958,756
3465,1996,1,10515,22958,-12443
3465,1996,2,15724,6758,8966
3465,1996,3,10532,8958,1574
3465,1996,4,11054,8458,2596
3465,1996,5,11267,7358,3909
3465,1996,6,15711,19758,-4047
3465,1996,7,10558,9258,1300
3465,1996,8,10555,12058,-1503
3465,1996,9,10561,5058,5503
3465,1996,10,10582,8358,2224
3465,1996,11,10590,10558,32
3465,1996,12,15768,13458,2310
3465,1997,1,13878,21558,-7680
3465,1997,2,10971,4558,6413
3465,1997,3,10596,7558,3038
3465,1997,4,10606,10758,-152
3465,1997,5,10604,10858,-254
3465,1997,6,15721,26758,-11037
3465,1997,7,10558,8558,2000
3465,1997,8,10569,5858,4711
3465,1997,9,10570,13458,-2888
3465,1997,10,10569,9558,1011
3465,1997,11,10581,6658,3923
3465,1997,12,15763,13058,2705
3465,1998,1,10587,23958,-13371
3465,1998,2,10553,4758,5795
3465,1998,3,13477,7858,5619
3465,1998,4,11996,6658,5338
3465,1998,5,10618,7958,2660
3465,1998,6,15770,34658,-18888
3465,1998,7,14250,9458,4792
3465,1998,8,12478,4558,7920
3465,1998,9,14013,4558,9455
3465,1998,10,10645,5458,5187
3465,1998,11,10650,12758,-2108
3465,1998,12,15832,7043,8789
3466,1995,2,600,0,600
3466,1995,3,25300,0,25300
3466,1995,4,24179,13700,10479
3466,1995,5,24211,19700,4511
3466,1995,6,36266,26700,9566
3466,1995,7,24268,29420,-5152
3466,1995,8,24258,24061,197
3466,1995,9,24256,27561,-3305
3466,1995,10,24242,24261,-19
3466,1995,11,24239,24661,-422
3466,1995,12,36277,34761,1516
3466,1996,1,24218,46061,-21843
3466,1996,2,24172,15461,8711
3466,1996,3,24206,17061,7145
3466,1996,4,24220,21961,2259
3466,1996,5,24239,18361,5878
3466,1996,6,36246,41161,-4915
3466,1996,7,24240,18861,5379
3466,1996,8,24241,24961,-720
3466,1996,9,24242,26261,-2019
3466,1996,10,24241,20661,3580
3466,1996,11,24301,6461,17840
3466,1996,12,36398,19461,16937
3466,1997,1,24351,36961,-12610
3466,1997,2,24346,19561,4785
3466,1997,3,24351,24861,-510
3466,1997,4,24348,24161,187
3466,1997,5,24354,25961,-1607
3466,1997,6,36329,46261,-9932
3466,1997,7,24337,13661,10676
3466,1997,8,24368,17761,6607
3466,1997,9,24377,23661,716
3466,1997,10,24368,31061,-6693
3466,1997,11,24353,22461,1892
3466,1997,12,36419,24261,12158
3466,1998,1,24344,54661,-30317
3466,1998,2,24347,4161,20186
3466,1998,3,24399,14061,10338
3466,1998,4,24416,24561,-145
3466,1998,5,24411,44061,-19650
3466,1998,6,36390,44661,-8271
3466,1998,7,24357,21861,2496
3466,1998,8,24360,28461,-4101
3466,1998,9,24347,20061,4286
3466,1998,10,24366,16161,8205
3466,1998,11,24396,19961,4435
3466,1998,12,36486,5446,31040
3467,1996,8,35187,0,35187
3467,1996,9,103864,85615,18249
3467,1996,10,2627,30277,-27650
3467,1996,11,28137,3577,24560
3467,1996,12,9914,31234,-21320
3467,1997,1,7601,11977,-4376
3467,1997,2,10206,3577,6629
3467,1997,3,24972,5977,18995
3467,1997,4,37764,17377,20387
3467,1997,5,12103,31356,-19253
3467,1997,6,119895,92577,27318
3467,1997,7,32165,36477,-4312
3467,1997,8,69932,72677,-2745
3467,1997,9,59683,81156,-21473
3467,1997,10,81816,54377,27439
3467,1997,11,11657,17577,-5920
3467,1997,12,32552,34977,-2425
3467,1998,1,44549,60577,-16028
3467,1998,2,4019,6277,-2258
3467,1998,3,10807,8677,2130
3467,1998,4,54210,23520,30690
3467,1998,5,9398,33119,-23721
3467,1998,6,8854,25777,-16923
3467,1998,7,18910,3577,15333
3467,1998,8,15569,3577,11992
3467,1998,9,16514,3577,12937
3467,1998,10,3344,6577,-3233
3467,1998,11,323,6277,-5954
3467,1998,12,3500,11062,-7562
3468,1996,2,300,0,300
3468,1996,3,21130,0,21130
3468,1996,4,10892,1700,9192
3468,1996,5,10915,7900,3015
3468,1996,6,16352,13600,2752
3468,1996,7,10980,12215,-1235
3468,1996,8,10938,5871,5067
3468,1996,9,10940,12571,-1631
3468,1996,10,10942,11531,-589
3468,1996,11,10937,10271,666
3468,1996,12,16338,12051,4287
3468,1997,1,10918,29331,-18413
3468,1997,2,10892,5471,5421
3468,1997,3,11523,4071,7452
3468,1997,4,10941,7371,3570
3468,1997,5,10950,9371,1579
3468,1997,6,16347,13331,3016
3468,1997,7,10964,11071,-107
3468,1997,8,10967,9971,996
3468,1997,9,10971,9971,1000
3468,1997,10,10971,11271,-300
3468,1997,11,10975,9571,1404
3468,1997,12,16394,7751,8643
3468,1998,1,10962,28571,-17609
3468,1998,2,12965,4071,8894
3468,1998,3,10993,5371,5622
3468,1998,4,11823,4071,7752
3468,1998,5,11043,7171,3872
3468,1998,6,16411,31811,-15400
3468,1998,7,17224,4671,12553
3468,1998,8,12055,8871,3184
3468,1998,9,11042,13231,-2189
3468,1998,10,16274,8871,7403
3468,1998,11,11091,9391,1700
3468,1998,12,16503,5336,11167
3469,1993,5,800,0,800
3469,1993,6,5822,0,5822
3469,1993,7,5822,0,5822
3469,1993,8,5822,0,5822
3469,1993,9,5860,1600,4260
3469,1993,10,5924,4215,1709
3469,1993,11,5936,2569,3367
3469,1993,12,5934,8269,-2335
3469,1994,1,5907,14659,-8752
3469,1994,2,5899,2569,3330
3469,1994,3,5910,4069,1841
3469,1994,4,5921,2569,3352
3469,1994,5,5927,6269,-342
3469,1994,6,5911,14529,-8618
3469,1994,7,5897,2569,3328
3469,1994,8,5911,2569,3342
3469,1994,9,5921,6669,-748
3469,1994,10,5921,2869,3052
3469,1994,11,5934,6169,-235
3469,1994,12,5931,3519,2412
3469,1995,1,5922,16779,-10857
3469,1995,2,5896,5129,767
3469,1995,3,5892,8089,-2197
3469,1995,4,5892,2569,3323
3469,1995,5,5905,4169,1736
3469,1995,6,5902,9369,-3467
3469,1995,7,5896,3529,2367
3469,1995,8,5909,2569,3340
3469,1995,9,5923,2569,3354
3469,1995,10,5937,2569,3368
3469,1995,11,5950,2569,3381
3469,1995,12,5964,2969,2995
3469,1996,1,5953,13699,-7746
3469,1996,2,5942,3269,2673
3469,1996,3,5947,5569,378
3469,1996,4,5951,4969,982
3469,1996,5,5952,5969,-17
3469,1996,6,5955,7409,-1454
3469,1996,7,5948,5269,679
3469,1996,8,5954,3969,1985
3469,1996,9,5960,5689,271
3469,1996,10,5954,8449,-2495
3469,1996,11,5957,2569,3388
3469,1996,12,5966,4319,1647
3469,1997,1,5949,14759,-8810
3469,1997,2,5940,2569,3371
3469,1997,3,5955,2569,3386
3469,1997,4,5969,2569,3400
3469,1997,5,5982,2669,3313
3469,1997,6,5977,13569,-7592
3469,1997,7,5956,9769,-3813
3469,1997,8,5949,2569,3380
3469,1997,9,5955,7529,-1574
3469,1997,10,5947,7089,-1142
3469,1997,11,5950,4369,1581
3469,1997,12,5957,4569,1388
3469,1998,1,5936,15099,-9163
3469,1998,2,5921,4009,1912
3469,1998,3,5933,2569,3364
3469,1998,4,5940,5769,171
3469,1998,5,5948,2569,3379
3469,1998,6,5913,15559,-9646
3469,1998,7,5910,7769,-1859
3469,1998,8,5914,2569,3345
3469,1998,9,5927,2569,3358
3469,1998,10,5939,4469,1470
3469,1998,11,5939,9169,-3230
3469,1998,12,5931,3354,2577
3470,1997,1,700,0,700
3470,1997,2,5427,0,5427
3470,1997,3,5427,0,5427
3470,1997,4,5427,0,5427
3470,1997,5,5427,0,5427
3470,1997,6,5431,15,5416
3470,1997,7,5549,5067,482
3470,1997,8,5553,4827,726
3470,1997,9,5557,2507,3050
3470,1997,10,5570,4607,963
3470,1997,11,5574,2507,3067
3470,1997,12,5580,5727,-147
3470,1998,1,5574,11867,-6293
3470,1998,2,5558,4427,1131
3470,1998,3,5564,2507,3057
3470,1998,4,5571,6427,-856
3470,1998,5,5574,2507,3067
3470,1998,6,5575,5707,-132
3470,1998,7,5578,4587,991
3470,1998,8,5590,2507,3083
3470,1998,9,5599,4587,1012
3470,1998,10,5607,2507,3100
3470,1998,11,5620,2507,3113
3470,1998,12,5630,3342,2288
3471,1997,1,400,0,400
3471,1997,2,23296,0,23296
3471,1997,3,22082,9400,12682
3471,1997,4,22128,14800,7328
3471,1997,5,22155,17700,4455
3471,1997,6,33195,44767,-11572
3471,1997,7,22148,16367,5781
3471,1997,8,22169,20207,1962
3471,1997,9,22173,20367,1806
3471,1997,10,22180,21707,473
3471,1997,11,22172,25067,-2895
3471,1997,12,33184,22307,10877
3471,1998,1,22192,35007,-12815
3471,1998,2,22171,14107,8064
3471,1998,3,22200,16127,6073
3471,1998,4,22214,23487,-1273
3471,1998,5,22226,13907,8319
3471,1998,6,33235,44127,-10892
3471,1998,7,22209,16987,5222
3471,1998,8,22228,17007,5221
3471,1998,9,22254,15407,6847
3471,1998,10,22276,17407,4869
3471,1998,11,22285,21207,1078
3471,1998,12,33299,24892,8407
3472,1996,7,1100,0,1100
3472,1996,8,19188,400,18788
3472,1996,9,19257,8300,10957
3472,1996,10,19291,15200,4091
3472,1996,11,19313,12600,6713
3472,1996,12,28935,26376,2559
3472,1997,1,20618,33803,-13185
3472,1997,2,19307,15603,3704
3472,1997,3,19323,14603,4720
3472,1997,4,19348,11703,7645
3472,1997,5,19365,18803,562
3472,1997,6,30692,39203,-8511
3472,1997,7,19345,12403,6942
3472,1997,8,19368,16303,3065
3472,1997,9,19373,19703,-330
3472,1997,10,19377,15403,3974
3472,1997,11,19384,19003,381
3472,1997,12,28975,28303,672
3472,1998,1,19363,28703,-9340
3472,1998,2,19368,11303,8065
3472,1998,3,19397,13303,6094
3472,1998,4,19417,15203,4214
3472,1998,5,19431,16403,3028
3472,1998,6,29018,28703,315
3472,1998,7,19447,15303,4144
3472,1998,8,19461,16103,3358
3472,1998,9,19475,15803,3672
3472,1998,10,19494,14603,4891
3472,1998,11,19490,22103,-2613
3472,1998,12,44002,68588,-24586
3474,1995,7,3713,0,3713
3474,1995,8,3318,0,3318
3474,1995,9,3318,0,3318
3474,1995,10,3318,0,3318
3474,1995,11,3351,255,3096
3474,1995,12,3375,3057,318
3474,1996,1,3372,5727,-2355
3474,1996,2,3368,2217,1151
3474,1996,3,3373,2217,1156
3474,1996,4,3378,2217,1161
3474,1996,5,3383,2217,1166
3474,1996,6,3387,3627,-240
3474,1996,7,3384,3747,-363
3474,1996,8,3383,2787,596
3474,1996,9,3387,2217,1170
3474,1996,10,3392,2217,1175
3474,1996,11,3397,2367,1030
3474,1996,12,3401,2847,554
3474,1997,1,3395,7437,-4042
3474,1997,2,3387,2217,1170
3474,1997,3,3389,3807,-418
3474,1997,4,3390,2217,1173
3474,1997,5,3395,2217,1178
3474,1997,6,3385,6627,-3242
3474,1997,7,3386,2667,719
3474,1997,8,3389,2397,992
3474,1997,9,3393,2217,1176
3474,1997,10,3398,2217,1181
3474,1997,11,3403,2217,1186
3474,1997,12,3405,3507,-102
3474,1998,1,3400,6507,-3107
3474,1998,2,3394,2217,1177
3474,1998,3,3399,2217,1182
3474,1998,4,3404,2217,1187
3474,1998,5,3408,2817,591
3474,1998,6,3392,12207,-8815
3474,1998,7,3372,3057,315
3474,1998,8,3376,2217,1159
3474,1998,9,3381,2217,1164
3474,1998,10,3386,2217,1169
3474,1998,11,3390,2577,813
3474,1998,12,3391,4092,-701
3476,1995,12,900,0,900
3476,1996,1,18453,0,18453
3476,1996,2,12708,4400,8308
3476,1996,3,12731,9700,3031
3476,1996,4,12748,8000,4748
3476,1996,5,12760,12662,98
3476,1996,6,19068,19142,-74
3476,1996,7,12756,13822,-1066
3476,1996,8,12754,13222,-468
3476,1996,9,12762,9122,3640
3476,1996,10,12772,10722,2050
3476,1996,11,12792,10722,2070
3476,1996,12,19086,19222,-136
3476,1997,1,12770,23882,-11112
3476,1997,2,12753,6322,6431
3476,1997,3,12753,15722,-2969
3476,1997,4,12754,11122,1632
3476,1997,5,12773,11822,951
3476,1997,6,19102,11022,8080
3476,1997,7,12801,15222,-2421
3476,1997,8,12765,17822,-5057
3476,1997,9,12779,11522,1257
3476,1997,10,12764,14022,-1258
3476,1997,11,12759,12922,-163
3476,1997,12,19075,16522,2553
3476,1998,1,12745,28522,-15777
3476,1998,2,14344,6322,8022
3476,1998,3,12747,11642,1105
3476,1998,4,12754,9022,3732
3476,1998,5,12763,13622,-859
3476,1998,6,19111,6922,12189
3476,1998,7,12784,19122,-6338
3476,1998,8,12794,12622,172
3476,1998,9,12764,18222,-5458
3476,1998,10,13092,12122,970
3476,1998,11,12795,10222,2573
3476,1998,12,19113,7107,12006
3477,1993,8,700,0,700
3477,1993,9,3199,0,3199
3477,1993,10,3199,0,3199
3477,1993,11,3199,0,3199
3477,1993,12,3199,0,3199
3477,1994,1,3238,4487,-1249
3477,1994,2,3253,2147,1106
3477,1994,3,3257,2147,1110
3477,1994,4,3262,2147,1115
3477,1994,5,3266,2897,369
3477,1994,6,3268,3197,71
3477,1994,7,3266,3227,39
3477,1994,8,3269,2147,1122
3477,1994,9,3267,4457,-1190
3477,1994,10,3267,3137,130
3477,1994,11,3269,2147,1122
3477,1994,12,3273,2657,616
3477,1995,1,3267,6377,-3110
3477,1995,2,3263,2147,1116
3477,1995,3,3268,2297,971
3477,1995,4,3272,2717,555
3477,1995,5,3275,2147,1128
3477,1995,6,3269,7757,-4488
3477,1995,7,3260,2147,1113
3477,1995,8,3265,2657,608
3477,1995,9,3267,2147,1120
3477,1995,10,3265,5047,-1782
3477,1995,11,3264,2147,1117
3477,1995,12,3255,7447,-4192
3477,1996,1,3247,4247,-1000
3477,1996,2,3245,3447,-202
3477,1996,3,3247,2147,1100
3477,1996,4,3251,2147,1104
3477,1996,5,3249,4847,-1598
3477,1996,6,3249,2147,1102
3477,1996,7,3254,2147,1107
3477,1996,8,3257,3077,180
3477,1996,9,3259,2147,1112
3477,1996,10,3263,2147,1116
3477,1996,11,3266,3347,-81
3477,1996,12,3268,2657,611
3477,1997,1,3263,5567,-2304
3477,1997,2,3260,2147,1113
3477,1997,3,3265,2147,1118
3477,1997,4,3267,3647,-380
3477,1997,5,3268,2147,1121
3477,1997,6,3266,5597,-2331
3477,1997,7,3263,2657,606
3477,1997,8,3261,4247,-986
3477,1997,9,3261,2327,934
3477,1997,10,3265,2147,1118
3477,1997,11,3269,2567,702
3477,1997,12,3272,2657,615
3477,1998,1,3266,6667,-3401
3477,1998,2,3261,2147,1114
3477,1998,3,3265,3947,-682
3477,1998,4,3262,2747,515
3477,1998,5,3265,2147,1118
3477,1998,6,3269,2147,1122
3477,1998,7,3271,7047,-3776
3477,1998,8,3258,2247,1011
3477,1998,9,3262,2147,1115
3477,1998,10,3264,3527,-263
3477,1998,11,3263,5447,-2184
3477,1998,12,3257,2132,1125
3478,1994,9,7782,0,7782
3478,1994,10,13731,0,13731
3478,1994,11,9776,0,9776
3478,1994,12,11196,2000,9196
3478,1995,1,7508,17475,-9967
3478,1995,2,7484,6621,863
3478,1995,3,7462,14521,-7059
3478,1995,4,7460,6881,579
3478,1995,5,7568,4921,2647
3478,1995,6,11156,8621,2535
3478,1995,7,7480,15121,-7641
3478,1995,8,7469,10121,-2652
3478,1995,9,9447,8161,1286
3478,1995,10,7453,9121,-1668
3478,1995,11,7447,6121,1326
3478,1995,12,11136,9761,1375
3478,1996,1,9537,14761,-5224
3478,1996,2,10633,8041,2592
3478,1996,3,9249,4921,4328
3478,1996,4,7466,4921,2545
3478,1996,5,7474,7921,-447
3478,1996,6,11161,9521,1640
3478,1996,7,7470,12401,-4931
3478,1996,8,9952,7321,2631
3478,1996,9,7471,5421,2050
3478,1996,10,7470,14301,-6831
3478,1996,11,8041,10681,-2640
3478,1996,12,15922,8441,7481
3478,1997,1,10348,13561,-3213
3478,1997,2,11851,8641,3210
3478,1997,3,7471,5521,1950
3478,1997,4,7878,9481,-1603
3478,1997,5,12158,13321,-1163
3478,1997,6,11140,10241,899
3478,1997,7,8774,4921,3853
3478,1997,8,7688,4921,2767
3478,1997,9,12408,4921,7487
3478,1997,10,7520,9061,-1541
3478,1997,11,7516,9021,-1505
3478,1997,12,11197,10961,236
3478,1998,1,13460,28481,-15021
3478,1998,2,15973,4921,11052
3478,1998,3,8203,4921,3282
3478,1998,4,7505,9921,-2416
3478,1998,5,7493,10821,-3328
3478,1998,6,11171,9421,1750
3478,1998,7,11007,4921,6086
3478,1998,8,7500,14141,-6641
3478,1998,9,8286,8401,-115
3478,1998,10,7491,6721,770
3478,1998,11,7495,6121,1374
3478,1998,12,11190,5866,5324
3479,1994,6,1100,0,1100
3479,1994,7,17078,0,17078
3479,1994,8,13837,3100,10737
3479,1994,9,13866,9500,4366
3479,1994,10,13884,9600,4284
3479,1994,11,13884,20551,-6667
3479,1994,12,20739,21731,-992
3479,1995,1,13826,28911,-15085
3479,1995,2,13823,14511,-688
3479,1995,3,18343,9171,9172
3479,1995,4,13833,13471,362
3479,1995,5,13830,15071,-1241
3479,1995,6,20692,26211,-5519
3479,1995,7,13825,14571,-746
3479,1995,8,13809,12371,1438
3479,1995,9,13821,10971,2850
3479,1995,10,13828,12571,1257
3479,1995,11,13823,17251,-3428
3479,1995,12,20697,18171,2526
3479,1996,1,13804,20731,-6927
3479,1996,2,21447,9171,12276
3479,1996,3,13846,17871,-4025
3479,1996,4,15152,10251,4901
3479,1996,5,13863,11071,2792
3479,1996,6,20722,29051,-8329
3479,1996,7,14570,9171,5399
3479,1996,8,15575,9171,6404
3479,1996,9,13892,10271,3621
3479,1996,10,13896,15391,-1495
3479,1996,11,13882,14971,-1089
3479,1996,12,20774,14171,6603
3479,1997,1,22398,36571,-14173
3479,1997,2,19257,9171,10086
3479,1997,3,15303,9171,6132
3479,1997,4,13936,14631,-695
3479,1997,5,14040,9171,4869
3479,1997,6,29338,35891,-6553
3479,1997,7,14217,10011,4206
3479,1997,8,15226,14571,655
3479,1997,9,13933,10471,3462
3479,1997,10,13946,12571,1375
3479,1997,11,13949,15371,-1422
3479,1997,12,20828,20011,817
3479,1998,1,18314,34011,-15697
3479,1998,2,15790,9171,6619
3479,1998,3,14815,9171,5644
3479,1998,4,13930,16271,-2341
3479,1998,5,13940,10931,3009
3479,1998,6,20820,20931,-111
3479,1998,7,13936,11671,2265
3479,1998,8,14449,9171,5278
3479,1998,9,13966,16951,-2985
3479,1998,10,13954,11671,2283
3479,1998,11,13970,14211,-241
3479,1998,12,20882,12916,7966
3480,1993,9,300,0,300
3480,1993,10,19570,0,19570
3480,1993,11,14739,0,14739
3480,1993,12,20612,5800,14812
3480,1994,1,13830,12600,1230
3480,1994,2,13834,13215,619
3480,1994,3,13838,12515,1323
3480,1994,4,13838,15115,-1277
3480,1994,5,13832,15215,-1383
3480,1994,6,20655,16515,4140
3480,1994,7,13839,19515,-5676
3480,1994,8,13825,12915,910
3480,1994,9,13829,10015,3814
3480,1994,10,13844,13215,629
3480,1994,11,13844,14415,-571
3480,1994,12,20650,16415,4235
3480,1995,1,13834,25015,-11181
3480,1995,2,13826,8415,5411
3480,1995,3,13842,13115,727
3480,1995,4,13849,9815,4034
3480,1995,5,13859,12615,1244
3480,1995,6,20630,27415,-6785
3480,1995,7,13847,7915,5932
3480,1995,8,13872,7915,5957
3480,1995,9,13894,8815,5079
3480,1995,10,13908,12115,1793
3480,1995,11,13916,12315,1601
3480,1995,12,20728,12915,7813
3480,1996,1,13907,26015,-12108
3480,1996,2,13905,13315,590
3480,1996,3,13913,9215,4698
3480,1996,4,13924,13715,209
3480,1996,5,13927,24915,-10988
3480,1996,6,20692,28915,-8223
3480,1996,7,13842,13215,627
3480,1996,8,13856,13915,-59
3480,1996,9,13869,14415,-546
3480,1996,10,13846,14615,-769
3480,1996,11,13856,16315,-2459
3480,1996,12,20661,18315,2346
3480,1997,1,13829,24915,-11086
3480,1997,2,13792,12415,1377
3480,1997,3,13815,12715,1100
3480,1997,4,13810,12015,1795
3480,1997,5,13809,13015,794
3480,1997,6,20639,17715,2924
3480,1997,7,13825,12215,1610
3480,1997,8,13829,15315,-1486
3480,1997,9,13826,16115,-2289
3480,1997,10,13814,13815,-1
3480,1997,11,13813,14315,-502
3480,1997,12,20636,24715,-4079
3480,1998,1,13786,19415,-5629
3480,1998,2,13775,11815,1960
3480,1998,3,13787,7415,6372
3480,1998,4,13807,18115,-4308
3480,1998,5,13798,6415,7383
3480,1998,6,20631,21815,-1184
3480,1998,7,13820,14315,-495
3480,1998,8,13811,13315,496
3480,1998,9,13816,11815,2001
3480,1998,10,13822,12815,1007
3480,1998,11,13826,13015,811
3480,1998,12,20686,800,19886
3482,1995,1,5289,0,5289
3482,1995,2,4696,0,4696
3482,1995,3,4696,0,4696
3482,1995,4,4696,0,4696
3482,1995,5,4699,15,4684
3482,1995,6,4753,15641,-10888
3482,1995,7,4734,3041,1693
3482,1995,8,4738,3601,1137
3482,1995,9,4745,3041,1704
3482,1995,10,4748,5121,-373
3482,1995,11,4745,5201,-456
3482,1995,12,4749,4041,708
3482,1996,1,4734,9601,-4867
3482,1996,2,4732,3041,1691
3482,1996,3,4730,6401,-1671
3482,1996,4,4732,3041,1691
3482,1996,5,4737,3761,976
3482,1996,6,4743,3041,1702
3482,1996,7,4750,3041,1709
3482,1996,8,4752,6801,-2049
3482,1996,9,4748,3041,1707
3482,1996,10,4743,6961,-2218
3482,1996,11,4746,3041,1705
3482,1996,12,4748,4491,257
3482,1997,1,4740,8721,-3981
3482,1997,2,4738,3041,1697
3482,1997,3,4745,3041,1704
3482,1997,4,4744,6001,-1257
3482,1997,5,4747,3041,1706
3482,1997,6,4753,7041,-2288
3482,1997,7,4744,3041,1703
3482,1997,8,4751,3041,1710
3482,1997,9,4754,5841,-1087
3482,1997,10,4745,7641,-2896
3482,1997,11,4739,4741,-2
3482,1997,12,4738,4741,-3
3482,1998,1,4731,7251,-2520
3482,1998,2,4731,3041,1690
3482,1998,3,4738,3041,1697
3482,1998,4,4740,4401,339
3482,1998,5,4746,3041,1705
3482,1998,6,4740,8541,-3801
3482,1998,7,4738,3041,1697
3482,1998,8,4745,3041,1704
3482,1998,9,4752,3041,1711
3482,1998,10,4757,6161,-1404
3482,1998,11,4753,3041,1712
3482,1998,12,4747,8896,-4149
3483,1993,10,300,0,300
3483,1993,11,3260,0,3260
3483,1993,12,3260,0,3260
3483,1994,1,3260,0,3260
3483,1994,2,3260,0,3260
3483,1994,3,3305,2188,1117
3483,1994,4,3326,3508,-182
3483,1994,5,3322,2908,414
3483,1994,6,3325,2188,1137
3483,1994,7,3328,3358,-30
3483,1994,8,3328,2758,570
3483,1994,9,3332,2188,1144
3483,1994,10,3335,3298,37
3483,1994,11,3336,2188,1148
3483,1994,12,3341,2788,553
3483,1995,1,3340,6988,-3648
3483,1995,2,3328,2188,1140
3483,1995,3,3333,2428,905
3483,1995,4,3337,2188,1149
3483,1995,5,3342,2188,1154
3483,1995,6,3339,6148,-2809
3483,1995,7,3334,2398,936
3483,1995,8,3339,2188,1151
3483,1995,9,3341,3538,-197
3483,1995,10,3343,2188,1155
3483,1995,11,3347,3238,109
3483,1995,12,3347,4328,-981
3483,1996,1,3335,6558,-3223
3483,1996,2,3330,3088,242
3483,1996,3,3331,2488,843
3483,1996,4,3334,4988,-1654
3483,1996,5,3327,3288,39
3483,1996,6,3328,3478,-150
3483,1996,7,3327,2988,339
3483,1996,8,3326,5388,-2062
3483,1996,9,3319,3288,31
3483,1996,10,3320,2188,1132
3483,1996,11,3323,3988,-665
3483,1996,12,3321,2428,893
3483,1997,1,3321,4428,-1107
3483,1997,2,3321,2188,1133
3483,1997,3,3322,5788,-2466
3483,1997,4,3315,2188,1127
3483,1997,5,3320,2188,1132
3483,1997,6,3324,2518,806
3483,1997,7,3328,2188,1140
3483,1997,8,3333,2188,1145
3483,1997,9,3337,2908,429
3483,1997,10,3339,2188,1151
3483,1997,11,3344,2188,1156
3483,1997,12,3348,3868,-520
3483,1998,1,3340,6148,-2808
3483,1998,2,3335,2188,1147
3483,1998,3,3339,2188,1151
3483,1998,4,3342,3388,-46
3483,1998,5,3344,2188,1156
3483,1998,6,3335,7828,-4493
3483,1998,7,3330,2188,1142
3483,1998,8,3334,2488,846
3483,1998,9,3334,3658,-324
3483,1998,10,3337,2188,1149
3483,1998,11,3341,2188,1153
3483,1998,12,3341,4183,-842
3484,1994,6,36905,0,36905
3484,1994,7,24543,20300,4243
3484,1994,8,24515,20100,4415
3484,1994,9,24532,22900,1632
3484,1994,10,24538,25415,-877
3484,1994,11,24555,28449,-3894
3484,1994,12,36746,29749,6997
3484,1995,1,24537,41849,-17312
3484,1995,2,24513,18749,5764
3484,1995,3,24536,22649,1887
3484,1995,4,24533,23949,584
3484,1995,5,24543,24649,-106
3484,1995,6,36733,53749,-17016
3484,1995,7,24478,16449,8029
3484,1995,8,24504,18849,5655
3484,1995,9,24523,24249,274
3484,1995,10,24520,26749,-2229
3484,1995,11,24511,25249,-738
3484,1995,12,36696,31349,5347
3484,1996,1,24498,39349,-14851
3484,1996,2,24465,23849,616
3484,1996,3,24471,22649,1822
3484,1996,4,24473,25549,-1076
3484,1996,5,24467,25749,-1282
3484,1996,6,36653,30849,5804
3484,1996,7,24482,26449,-1967
3484,1996,8,24469,27649,-3180
3484,1996,9,24444,28949,-4505
3484,1996,10,24426,27449,-3023
3484,1996,11,24429,22349,2080
3484,1996,12,36621,31849,4772
3484,1997,1,24433,32349,-7916
3484,1997,2,24414,25449,-1035
3484,1997,3,24416,24549,-133
3484,1997,4,24412,24949,-537
3484,1997,5,24407,25949,-1542
3484,1997,6,36591,29749,6842
3484,1997,7,24414,29049,-4635
3484,1997,8,24443,9849,14594
3484,1997,9,24439,35649,-11210
3484,1997,10,24414,26949,-2535
3484,1997,11,24454,6649,17805
3484,1997,12,36723,8349,28374
3484,1998,1,24535,51049,-26514
3484,1998,2,24534,6649,17885
3484,1998,3,24539,33249,-8710
3484,1998,4,24570,10149,14421
3484,1998,5,24530,50049,-25519
3484,1998,6,36672,35949,723
3484,1998,7,24522,12949,11573
3484,1998,8,24579,6649,17930
3484,1998,9,24519,49349,-24830
3484,1998,10,24550,6649,17901
3484,1998,11,24507,43849,-19342
3484,1998,12,36734,11334,25400
3485,1996,6,900,0,900
3485,1996,7,20871,0,20871
3485,1996,8,14036,7400,6636
3485,1996,9,14063,7900,6163
3485,1996,10,14082,11600,2482
3485,1996,11,14088,18442,-4354
3485,1996,12,21067,14442,6625
3485,1997,1,14095,19442,-5347
3485,1997,2,14091,11442,2649
3485,1997,3,14106,10342,3764
3485,1997,4,14108,17742,-3634
3485,1997,5,14096,13642,454
3485,1997,6,21057,38942,-17885
3485,1997,7,19944,10342,9602
3485,1997,8,14071,9642,4429
3485,1997,9,14080,14042,38
3485,1997,10,14081,12742,1339
3485,1997,11,14085,13642,443
3485,1997,12,21064,18642,2422
3485,1998,1,14093,16042,-1949
3485,1998,2,14090,12242,1848
3485,1998,3,14098,13242,856
3485,1998,4,14109,9842,4267
3485,1998,5,14118,12942,1176
3485,1998,6,21079,24242,-3163
3485,1998,7,14425,8942,5483
3485,1998,8,14122,16242,-2120
3485,1998,9,14110,15642,-1532
3485,1998,10,14102,18142,-4040
3485,1998,11,14092,13942,150
3485,1998,12,21082,15627,5455
3486,1995,10,5277,0,5277
3486,1995,11,4286,0,4286
3486,1995,12,4286,0,4286
3486,1996,1,4286,0,4286
3486,1996,2,4313,5699,-1386
3486,1996,3,4339,2099,2240
3486,1996,4,4348,2099,2249
3486,1996,5,4358,2099,2259
3486,1996,6,4363,4019,344
3486,1996,7,4366,3219,1147
3486,1996,8,4373,2099,2274
3486,1996,9,4383,2099,2284
3486,1996,10,4392,2099,2293
3486,1996,11,4401,5699,-1298
3486,1996,12,4387,4849,-462
3486,1997,1,4367,12279,-7912
3486,1997,2,4361,4179,182
3486,1997,3,4362,2099,2263
3486,1997,4,4372,2099,2273
3486,1997,5,4381,2099,2282
3486,1997,6,4390,3499,891
3486,1997,7,4387,5139,-752
3486,1997,8,4390,2659,1731
3486,1997,9,4398,2099,2299
3486,1997,10,4408,2099,2309
3486,1997,11,4417,3199,1218
3486,1997,12,4420,5599,-1179
3486,1998,1,4402,8259,-3857
3486,1998,2,4401,2099,2302
3486,1998,3,4411,2099,2312
3486,1998,4,4420,4179,241
3486,1998,5,4422,2099,2323
3486,1998,6,4431,2099,2332
3486,1998,7,4437,6019,-1582
3486,1998,8,4434,2099,2335
3486,1998,9,4444,2099,2345
3486,1998,10,4454,2099,2355
3486,1998,11,4460,3619,841
3486,1998,12,4458,6224,-1766
3487,1993,1,16757,0,16757
3487,1993,2,17826,0,17826
3487,1993,3,16089,3800,12289
3487,1993,4,16125,9600,6525
3487,1993,5,16141,14215,1926
3487,1993,6,24050,41930,-17880
3487,1993,7,16068,14910,1158
3487,1993,8,16062,20890,-4828
3487,1993,9,16053,18810,-2757
3487,1993,10,16049,11990,4059
3487,1993,11,16065,16670,-605
3487,1993,12,24035,13710,10325
3487,1994,1,16072,26930,-10858
3487,1994,2,16066,10590,5476
3487,1994,3,16078,15190,888
3487,1994,4,16061,20090,-4029
3487,1994,5,16056,15970,86
3487,1994,6,24029,24070,-41
3487,1994,7,16069,14830,1239
3487,1994,8,16073,20090,-4017
3487,1994,9,16074,18670,-2596
3487,1994,10,16044,19230,-3186
3487,1994,11,16047,9790,6257
3487,1994,12,24040,18930,5110
3487,1995,1,16070,24290,-8220
3487,1995,2,16053,13490,2563
3487,1995,3,17764,13450,4314
3487,1995,4,16087,14790,1297
3487,1995,5,16092,12090,4002
3487,1995,6,31570,39170,-7600
3487,1995,7,19175,15850,3325
3487,1995,8,16091,10690,5401
3487,1995,9,16111,13190,2921
3487,1995,10,16121,14990,1131
3487,1995,11,16125,15150,975
3487,1995,12,24101,21490,2611
3487,1996,1,16129,15910,219
3487,1996,2,16139,15870,269
3487,1996,3,16132,22490,-6358
3487,1996,4,16115,13590,2525
3487,1996,5,16126,13590,2536
3487,1996,6,24780,27490,-2710
3487,1996,7,16128,10390,5738
3487,1996,8,16150,12090,4060
3487,1996,9,16157,17290,-1133
3487,1996,10,16155,14910,1245
3487,1996,11,16154,20030,-3876
3487,1996,12,24109,21890,2219
3487,1997,1,16130,19970,-3840
3487,1997,2,16138,13790,2348
3487,1997,3,16154,10590,5564
3487,1997,4,16174,12090,4084
3487,1997,5,16184,15490,694
3487,1997,6,24151,20150,4001
3487,1997,7,16200,16590,-390
3487,1997,8,16199,15790,409
3487,1997,9,16190,23290,-7100
3487,1997,10,16176,13090,3086
3487,1997,11,16199,15990,209
3487,1997,12,24145,21510,2635
3487,1998,1,21103,17690,3413
3487,1998,2,16213,13270,2943
3487,1998,3,16236,21090,-4854
3487,1998,4,16195,17850,-1655
3487,1998,5,16208,9890,6318
3487,1998,6,24156,40150,-15994
3487,1998,7,18277,8290,9987
3487,1998,8,16193,16310,-117
3487,1998,9,16195,15430,765
3487,1998,10,16201,12850,3351
3487,1998,11,16223,10290,5933
3487,1998,12,24187,21875,2312
3489,1994,12,1000,0,1000
3489,1995,1,17465,0,17465
3489,1995,2,19644,0,19644
3489,1995,3,16365,15100,1265
3489,1995,4,16403,18600,-2197
3489,1995,5,16342,21388,-5046
3489,1995,6,24470,19928,4542
3489,1995,7,16383,8688,7695
3489,1995,8,16405,12225,4180
3489,1995,9,16416,14025,2391
3489,1995,10,16411,18325,-1914
3489,1995,11,16411,16365,46
3489,1995,12,24516,20785,3731
3489,1996,1,16407,23265,-6858
3489,1996,2,16404,15285,1119
3489,1996,3,16394,18725,-2331
3489,1996,4,16389,17325,-936
3489,1996,5,16387,29025,-12638
3489,1996,6,24447,31805,-7358
3489,1996,7,16332,9525,6807
3489,1996,8,16357,13125,3232
3489,1996,9,16370,16525,-155
3489,1996,10,16361,17785,-1424
3489,1996,11,16362,15525,837
3489,1996,12,24477,22305,2172
3489,1997,1,16338,23885,-7547
3489,1997,2,16346,7825,8521
3489,1997,3,16377,16105,272
3489,1997,4,16379,14525,1854
3489,1997,5,16384,15965,419
3489,1997,6,24504,28185,-3681
3489,1997,7,16377,14725,1652
3489,1997,8,16373,17588,-1215
3489,1997,9,16367,16548,-181
3489,1997,10,16373,14028,2345
3489,1997,11,16372,18128,-1756
3489,1997,12,24494,21628,2866
3489,1998,1,16382,17188,-806
3489,1998,2,16381,13688,2693
3489,1998,3,16393,13188,3205
3489,1998,4,16404,16588,-184
3489,1998,5,16408,16928,-520
3489,1998,6,24469,30068,-5599
3489,1998,7,16382,11188,5194
3489,1998,8,16393,16108,285
3489,1998,9,16389,18988,-2599
3489,1998,10,16374,19788,-3414
3489,1998,11,16354,24488,-8134
3489,1998,12,24484,7053,17431
3490,1995,11,400,0,400
3490,1995,12,11300,0,11300
3490,1996,1,6100,0,6100
3490,1996,2,0,600,-600
3490,1996,3,2000,0,2000
3490,1996,4,2700,0,2700
3490,1996,5,0,2500,-2500
3490,1996,6,2600,0,2600
3490,1996,7,1700,0,1700
3490,1996,8,0,600,-600
3490,1996,9,0,2800,-2800
3490,1996,10,200,0,200
3490,1996,11,0,4600,-4600
3490,1996,12,0,600,-600
3490,1997,1,2500,0,2500
3490,1997,2,0,800,-800
3490,1997,3,3300,0,3300
3490,1997,4,0,800,-800
3490,1997,5,3000,0,3000
3490,1997,6,0,4900,-4900
3490,1997,7,0,1500,-1500
3490,1997,8,0,2100,-2100
3490,1997,9,0,1400,-1400
3490,1997,10,4000,0,4000
3490,1997,11,2700,0,2700
3490,1997,12,600,0,600
3490,1998,1,1000,0,1000
3490,1998,3,0,2300,-2300
3490,1998,4,0,2200,-2200
3490,1998,5,0,2800,-2800
3490,1998,6,0,2200,-2200
3490,1998,7,3400,0,3400
3490,1998,8,4800,0,4800
3490,1998,10,0,5200,-5200
3490,1998,11,0,3400,-3400
3490,1998,12,0,500,-500
3491,1996,7,1100,0,1100
3491,1996,8,22103,0,22103
3491,1996,9,19188,9800,9388
3491,1996,10,19223,15800,3423
3491,1996,11,19234,19000,234
3491,1996,12,28815,28786,29
3491,1997,1,19230,36986,-17756
3491,1997,2,19189,13386,5803
3491,1997,3,19210,17486,1724
3491,1997,4,19213,22086,-2873
3491,1997,5,19201,21086,-1885
3491,1997,6,28750,25686,3064
3491,1997,7,19213,14086,5127
3491,1997,8,19230,16386,2844
3491,1997,9,19230,23886,-4656
3491,1997,10,19211,24686,-5475
3491,1997,11,19197,17186,2011
3491,1997,12,28765,22786,5979
3491,1998,1,19200,32886,-13686
3491,1998,2,19168,18486,682
3491,1998,3,19169,19886,-717
3491,1998,4,19181,11586,7595
3491,1998,5,19195,22386,-3191
3491,1998,6,28732,33786,-5054
3491,1998,7,19181,10086,9095
3491,1998,8,19198,19386,-188
3491,1998,9,19185,25186,-6001
3491,1998,10,19179,15886,3293
3491,1998,11,19190,20486,-1296
3491,1998,12,28741,25371,3370
3492,1995,9,600,0,600
3492,1995,10,21593,2400,19193
3492,1995,11,21659,7800,13859
3492,1995,12,32482,19600,12882
3492,1996,1,21720,24200,-2480
3492,1996,2,21705,26820,-5115
3492,1996,3,21686,26962,-5276
3492,1996,4,21678,22062,-384
3492,1996,5,21681,20762,919
3492,1996,6,32458,35862,-3404
3492,1996,7,21661,24922,-3261
3492,1996,8,23290,17142,6148
3492,1996,9,21702,14362,7340
3492,1996,10,21724,16662,5062
3492,1996,11,21720,23662,-1942
3492,1996,12,32517,24762,7755
3492,1997,1,21713,42022,-20309
3492,1997,2,21696,13462,8234
3492,1997,3,21716,17662,4054
3492,1997,4,21740,15462,6278
3492,1997,5,21763,16362,5401
3492,1997,6,32565,29962,2603
3492,1997,7,21778,31562,-9784
3492,1997,8,21784,23162,-1378
3492,1997,9,21772,22662,-890
3492,1997,10,21767,21662,105
3492,1997,11,21756,24822,-3066
3492,1997,12,32543,31242,1301
3492,1998,1,21742,24902,-3160
3492,1998,2,21748,16562,5186
3492,1998,3,21760,24322,-2562
3492,1998,4,21747,23542,-1795
3492,1998,5,21730,24742,-3012
3492,1998,6,32534,28162,4372
3492,1998,7,21747,25962,-4215
3492,1998,8,21723,26942,-5219
3492,1998,9,21689,33862,-12173
3492,1998,10,21655,23462,-1807
3492,1998,11,21647,23062,-1415
3492,1998,12,32459,10567,21892
3493,1993,7,800,0,800
3493,1993,8,3416,0,3416
3493,1993,9,3416,0,3416
3493,1993,10,3416,0,3416
3493,1993,11,3416,0,3416
3493,1993,12,3453,2892,561
3493,1994,1,3481,2802,679
3493,1994,2,3484,2292,1192
3493,1994,3,3488,2922,566
3493,1994,4,3495,2922,573
3493,1994,5,3491,3582,-91
3493,1994,6,3489,8652,-5163
3493,1994,7,3477,2292,1185
3493,1994,8,3482,2292,1190
3493,1994,9,3480,4272,-792
3493,1994,10,3479,2292,1187
3493,1994,11,3483,2292,1191
3493,1994,12,3493,2652,841
3493,1995,1,3494,3732,-238
3493,1995,2,3492,3162,330
3493,1995,3,3487,4572,-1085
3493,1995,4,3486,3222,264
3493,1995,5,3489,2292,1197
3493,1995,6,3494,4452,-958
3493,1995,7,3493,3162,331
3493,1995,8,3496,2292,1204
3493,1995,9,3496,2292,1204
3493,1995,10,3506,2292,1214
3493,1995,11,3511,2292,1219
3493,1995,12,3510,2862,648
3493,1996,1,3508,5082,-1574
3493,1996,2,3507,2292,1215
3493,1996,3,3512,2292,1220
3493,1996,4,3517,2292,1225
3493,1996,5,3528,2292,1236
3493,1996,6,3524,4512,-988
3493,1996,7,3524,2292,1232
3493,1996,8,3534,2292,1242
3493,1996,9,3532,3162,370
3493,1996,10,3536,4182,-646
3493,1996,11,3532,2292,1240
3493,1996,12,3541,2832,709
3493,1997,1,3540,2892,648
3493,1997,2,3548,2292,1256
3493,1997,3,3548,2292,1256
3493,1997,4,3554,2292,1262
3493,1997,5,3556,3552,4
3493,1997,6,3548,7752,-4204
3493,1997,7,3541,2862,679
3493,1997,8,3544,2292,1252
3493,1997,9,3549,2292,1257
3493,1997,10,3554,2712,842
3493,1997,11,3563,2292,1271
3493,1997,12,3564,3912,-348
3493,1998,1,3554,5202,-1648
3493,1998,2,3554,2292,1262
3493,1998,3,3560,2292,1268
3493,1998,4,3570,2292,1278
3493,1998,5,3570,2292,1278
3493,1998,6,3553,9492,-5939
3493,1998,7,3555,2562,993
3493,1998,8,3560,2292,1268
3493,1998,9,3560,2292,1268
3493,1998,10,3567,2792,775
3493,1998,11,3568,2292,1276
3493,1998,12,3573,2847,726
3494,1996,7,900,0,900
3494,1996,8,6027,0,6027
3494,1996,9,6027,0,6027
3494,1996,10,6027,0,6027
3494,1996,11,6065,2100,3965
3494,1996,12,6119,9164,-3045
3494,1997,1,6115,6454,-339
3494,1997,2,6117,3614,2503
3494,1997,3,6127,3614,2513
3494,1997,4,6138,3614,2524
3494,1997,5,6148,3614,2534
3494,1997,6,6118,19784,-13666
3494,1997,7,6094,6014,80
3494,1997,8,6102,3614,2488
3494,1997,9,6113,3614,2499
3494,1997,10,6122,4174,1948
3494,1997,11,6131,3614,2517
3494,1997,12,6141,4214,1927
3494,1998,1,6142,6684,-542
3494,1998,2,6145,4494,1651
3494,1998,3,6149,7534,-1385
3494,1998,4,6148,3614,2534
3494,1998,5,6159,3614,2545
3494,1998,6,6153,8514,-2361
3494,1998,7,6160,3614,2546
3494,1998,8,6170,4094,2076
3494,1998,9,6179,3614,2565
3494,1998,10,6190,3614,2576
3494,1998,11,6193,6014,179
3494,1998,12,6189,8449,-2260
3495,1996,5,500,0,500
3495,1996,6,12800,0,12800
3495,1996,7,7800,0,7800
3495,1996,8,6100,0,6100
3495,1996,9,29381,0,29381
3495,1996,10,236,14300,-14064
3495,1996,11,236,2900,-2664
3495,1996,12,236,3800,-3564
3495,1997,1,41742,6300,35442
3495,1997,2,47422,69800,-22378
3495,1997,3,11888,9515,2373
3495,1997,4,22668,53305,-30637
3495,1997,5,76354,34394,41960
3495,1997,6,45089,17489,27600
3495,1997,7,16799,41577,-24778
3495,1997,8,237,12694,-12457
3495,1997,9,7618,17994,-10376
3495,1997,10,162,5394,-5232
3495,1997,11,39358,7970,31388
3495,1997,12,95095,61794,33301
3495,1998,1,221,78594,-78373
3495,1998,2,12441,5094,7347
3495,1998,3,14869,5094,9775
3495,1998,4,51727,21153,30574
3495,1998,5,14371,25794,-11423
3495,1998,6,30167,65794,-35627
3495,1998,7,60881,5094,55787
3495,1998,8,231,30694,-30463
3495,1998,9,21935,18994,2941
3495,1998,10,16889,24132,-7243
3495,1998,11,30893,19094,11799
3495,1998,12,91400,63879,27521
3496,1997,6,700,0,700
3496,1997,7,30833,6200,24633
3496,1997,8,30912,15800,15112
3496,1997,9,30954,22900,8054
3496,1997,10,30982,24800,6182
3496,1997,11,31006,25715,5291
3496,1997,12,46397,46922,-525
3496,1998,1,30946,65949,-35003
3496,1998,2,35272,15755,19517
3496,1998,3,30912,48843,-17931
3496,1998,4,30903,32189,-1286
3496,1998,5,30926,35628,-4702
3496,1998,6,56213,15,56198
3496,1998,7,31015,74814,-43799
3496,1998,8,39893,40546,-653
3496,1998,9,43037,15,43022
3496,1998,10,31142,18251,12891
3496,1998,11,31181,14615,16566
3496,1998,12,46476,79700,-33224
3497,1994,8,20426,0,20426
3497,1994,9,20510,0,20510
3497,1994,10,19673,19800,-127
3497,1994,11,19639,16100,3539
3497,1994,12,29441,28583,858
3497,1995,1,19646,36334,-16688
3497,1995,2,19621,15894,3727
3497,1995,3,19647,15894,3753
3497,1995,4,19651,16194,3457
3497,1995,5,19663,19794,-131
3497,1995,6,33328,50434,-17106
3497,1995,7,19587,12394,7193
3497,1995,8,19621,15374,4247
3497,1995,9,19626,20714,-1088
3497,1995,10,19633,14994,4639
3497,1995,11,19649,18494,1155
3497,1995,12,29412,24834,4578
3497,1996,1,19639,33594,-13955
3497,1996,2,19611,16994,2617
3497,1996,3,19609,20834,-1225
3497,1996,4,19617,18674,943
3497,1996,5,19625,14394,5231
3497,1996,6,29397,22294,7103
3497,1996,7,19672,17094,2578
3497,1996,8,19674,21794,-2120
3497,1996,9,19663,22494,-2831
3497,1996,10,19657,16994,2663
3497,1996,11,19666,19194,472
3497,1996,12,29403,30994,-1591
3497,1997,1,19614,34754,-15140
3497,1997,2,19606,13094,6512
3497,1997,3,19635,12894,6741
3497,1997,4,19653,18294,1359
3497,1997,5,19650,23034,-3384
3497,1997,6,29399,20594,8805
3497,1997,7,19676,19794,-118
3497,1997,8,19667,23094,-3427
3497,1997,9,19651,23094,-3443
3497,1997,10,19637,20294,-657
3497,1997,11,19645,17294,2351
3497,1997,12,29396,24554,4842
3497,1998,1,20416,39154,-18738
3497,1998,2,19606,12494,7112
3497,1998,3,19642,10594,9048
3497,1998,4,19666,15994,3672
3497,1998,5,19675,17994,1681
3497,1998,6,29417,27494,1923
3497,1998,7,19690,17594,2096
3497,1998,8,19690,21494,-1804
3497,1998,9,20219,7394,12825
3497,1998,10,19730,21854,-2124
3497,1998,11,19745,12894,6851
3497,1998,12,29529,16299,13230
3498,1996,11,9069,0,9069
3498,1996,12,18404,0,18404
3498,1997,1,8080,600,7480
3498,1997,2,8100,5000,3100
3498,1997,3,8103,9515,-1412
3498,1997,4,8092,10146,-2054
3498,1997,5,8077,12346,-4269
3498,1997,6,12021,22466,-10445
3498,1997,7,8041,3546,4495
3498,1997,8,8059,3546,4513
3498,1997,9,8063,10926,-2863
3498,1997,10,8056,6386,1670
3498,1997,11,8053,9446,-1393
3498,1997,12,12030,11206,824
3498,1998,1,8036,21326,-13290
3498,1998,2,11226,3246,7980
3498,1998,3,8046,4146,3900
3498,1998,4,8057,5546,2511
3498,1998,5,8057,8966,-909
3498,1998,6,12028,12266,-238
3498,1998,7,8053,8146,-93
3498,1998,8,8056,7246,810
3498,1998,9,8060,8946,-886
3498,1998,10,8058,6546,1512
3498,1998,11,8067,5546,2521
3498,1998,12,12040,16531,-4491
3499,1996,9,200,0,200
3499,1996,10,42403,13100,29303
3499,1996,11,42499,24700,17799
3499,1996,12,63687,70900,-7213
3499,1997,1,42529,31200,11329
3499,1997,2,42530,57942,-15412
3499,1997,3,42488,44339,-1851
3499,1997,4,42541,27115,15426
3499,1997,5,42571,34215,8356
3499,1997,6,63772,59515,4257
3499,1997,7,42611,35415,7196
3499,1997,8,42563,71315,-28752
3499,1997,9,42526,51496,-8970
3499,1997,10,42510,32516,9994
3499,1997,11,42545,30115,12430
3499,1997,12,63682,77915,-14233
3499,1998,1,42625,58315,-15690
3499,1998,2,42509,26381,16128
3499,1998,3,42504,50839,-8335
3499,1998,4,42469,43115,-646
3499,1998,5,42505,52927,-10422
3499,1998,6,63747,20632,43115
3499,1998,7,42620,70906,-28286
3499,1998,8,42588,10115,32473
3499,1998,9,42635,32341,10294
3499,1998,10,42673,37815,4858
3499,1998,11,42611,65977,-23366
3499,1998,12,63771,67330,-3559
3501,1997,12,700,0,700
3501,1998,1,21642,0,21642
3501,1998,2,22431,0,22431
3501,1998,3,19576,16400,3176
3501,1998,4,19575,21900,-2325
3501,1998,5,19598,27415,-7817
3501,1998,6,31253,24430,6823
3501,1998,7,19556,21010,-1454
3501,1998,8,20040,28410,-8370
3501,1998,9,19529,18830,699
3501,1998,10,19510,26530,-7020
3501,1998,11,19500,21930,-2430
3501,1998,12,29182,26475,2707
3502,1996,3,23278,0,23278
3502,1996,4,24376,0,24376
3502,1996,5,22742,11300,11442
3502,1996,6,34066,15200,18866
3502,1996,7,22826,27015,-4189
3502,1996,8,22767,34933,-12166
3502,1996,9,22751,24853,-2102
3502,1996,10,22749,22073,676
3502,1996,11,22754,21913,841
3502,1996,12,34044,22833,11211
3502,1997,1,22761,43053,-20292
3502,1997,2,22731,17673,5058
3502,1997,3,22750,18833,3917
3502,1997,4,22736,25833,-3097
3502,1997,5,22741,22273,468
3502,1997,6,34026,23473,10553
3502,1997,7,22764,50133,-27369
3502,1997,8,22728,22373,355
3502,1997,9,22730,20373,2357
3502,1997,10,22739,18373,4366
3502,1997,11,22755,22073,682
3502,1997,12,34039,30673,3366
3502,1998,1,22746,34333,-11587
3502,1998,2,22711,20233,2478
3502,1998,3,22734,18973,3761
3502,1998,4,22747,20873,1874
3502,1998,5,22754,21073,1681
3502,1998,6,33997,46453,-12456
3502,1998,7,22710,16893,5817
3502,1998,8,22736,13473,9263
3502,1998,9,22759,23953,-1194
3502,1998,10,22765,15773,6992
3502,1998,11,22785,23573,-788
3502,1998,12,34061,14818,19243
3503,1994,7,800,0,800
3503,1994,8,21803,0,21803
3503,1994,9,20175,8000,12175
3503,1994,10,20211,14500,5711
3503,1994,11,20226,18400,1826
3503,1994,12,30263,28295,1968
3503,1995,1,20241,29895,-9654
3503,1995,2,20209,16015,4194
3503,1995,3,20218,19315,903
3503,1995,4,20216,23535,-3319
3503,1995,5,20216,16115,4101
3503,1995,6,30234,36455,-6221
3503,1995,7,20211,14915,5296
3503,1995,8,20222,19115,1107
3503,1995,9,20219,22795,-2576
3503,1995,10,20221,19955,266
3503,1995,11,20218,18815,1403
3503,1995,12,30255,27475,2780
3503,1996,1,20213,34275,-14062
3503,1996,2,20196,12915,7281
3503,1996,3,20216,16015,4201
3503,1996,4,20236,15315,4921
3503,1996,5,20233,22315,-2082
3503,1996,6,30187,65075,-34888
3503,1996,7,20156,4515,15641
3503,1996,8,20205,8975,11230
3503,1996,9,20233,10215,10018
3503,1996,10,20265,12915,7350
3503,1996,11,20283,14855,5428
3503,1996,12,30352,23795,6557
3503,1997,1,20273,45495,-25222
3503,1997,2,20258,7615,12643
3503,1997,3,20280,14775,5505
3503,1997,4,20311,18155,2156
3503,1997,5,20326,12415,7911
3503,1997,6,30371,56275,-25904
3503,1997,7,20272,18915,1357
3503,1997,8,20230,18915,1315
3503,1997,9,20237,14815,5422
3503,1997,10,20259,17315,2944
3503,1997,11,20271,18615,1656
3503,1997,12,30369,22595,7774
3503,1998,1,20325,28535,-8210
3503,1998,2,20277,14915,5362
3503,1998,3,20295,26875,-6580
3503,1998,4,20272,15215,5057
3503,1998,5,20296,15555,4741
3503,1998,6,30756,39495,-8739
3503,1998,7,20282,9315,10967
3503,1998,8,20326,12715,7611
3503,1998,9,20356,14615,5741
3503,1998,10,20374,20015,359
3503,1998,11,20379,16615,3764
3503,1998,12,30421,28000,2421
3504,1996,8,500,0,500
3504,1996,9,14044,0,14044
3504,1996,10,6103,0,6103
3504,1996,11,5126,3500,1626
3504,1996,12,7655,2700,4955
3504,1997,1,5145,9315,-4170
3504,1997,2,5140,5875,-735
3504,1997,3,5129,12375,-7246
3504,1997,4,5099,6675,-1576
3504,1997,5,5098,5675,-577
3504,1997,6,7626,3375,4251
3504,1997,7,5108,8875,-3767
3504,1997,8,5101,3375,1726
3504,1997,9,5108,3375,1733
3504,1997,10,5115,3375,1740
3504,1997,11,5117,5975,-858
3504,1997,12,7646,3375,4271
3504,1998,1,5122,7675,-2553
3504,1998,2,5126,3375,1751
3504,1998,3,5133,6975,-1842
3504,1998,4,5126,3375,1751
3504,1998,5,5133,3375,1758
3504,1998,6,7652,12175,-4523
3504,1998,7,5106,9675,-4569
3504,1998,8,5102,3375,1727
3504,1998,9,5107,3875,1232
3504,1998,10,5114,3375,1739
3504,1998,11,5118,6875,-1757
3504,1998,12,7638,8660,-1022
3505,1993,9,200,0,200
3505,1993,10,25752,0,25752
3505,1993,11,23744,11800,11944
3505,1993,12,35602,26200,9402
3505,1994,1,23821,21500,2321
3505,1994,2,23845,30998,-7153
3505,1994,3,23824,25278,-1454
3505,1994,4,23819,24138,-319
3505,1994,5,23823,23358,465
3505,1994,6,35642,34878,764
3505,1994,7,23820,23438,382
3505,1994,8,23820,23618,202
3505,1994,9,23813,29438,-5625
3505,1994,10,23797,21838,1959
3505,1994,11,23801,22538,1263
3505,1994,12,35648,32458,3190
3505,1995,1,23788,43258,-19470
3505,1995,2,23750,14938,8812
3505,1995,3,23775,24898,-1123
3505,1995,4,23769,22138,1631
3505,1995,5,23769,24838,-1069
3505,1995,6,35566,45358,-9792
3505,1995,7,23750,18318,5432
3505,1995,8,23767,18178,5589
3505,1995,9,23768,22338,1430
3505,1995,10,23776,21738,2038
3505,1995,11,23770,25838,-2068
3505,1995,12,35600,31018,4582
3505,1996,1,23743,47398,-23655
3505,1996,2,23703,22798,905
3505,1996,3,23728,13238,10490
3505,1996,4,23750,17838,5912
3505,1996,5,23759,23838,-79
3505,1996,6,35593,34338,1255
3505,1996,7,23779,18238,5541
3505,1996,8,23793,25258,-1465
3505,1996,9,23788,21438,2350
3505,1996,10,23802,20138,3664
3505,1996,11,23821,19338,4483
3505,1996,12,35655,36598,-943
3505,1997,1,27018,33318,-6300
3505,1997,2,23855,5838,18017
3505,1997,3,23864,30138,-6274
3505,1997,4,23855,20478,3377
3505,1997,5,23878,17438,6440
3505,1997,6,35674,57838,-22164
3505,1997,7,23844,8538,15306
3505,1997,8,23876,17538,6338
3505,1997,9,23895,20678,3217
3505,1997,10,23907,24098,-191
3505,1997,11,23915,17438,6477
3505,1997,12,35782,39118,-3336
3505,1998,1,23892,35738,-11846
3505,1998,2,23903,7918,15985
3505,1998,3,23949,27938,-3989
3505,1998,4,23956,20038,3918
3505,1998,5,23972,19238,4734
3505,1998,6,35788,40878,-5090
3505,1998,7,23968,17138,6830
3505,1998,8,23990,26238,-2248
3505,1998,9,23970,28738,-4768
3505,1998,10,23954,24618,-664
3505,1998,11,23951,28638,-4687
3505,1998,12,35777,11303,24474
3506,1997,5,12002,0,12002
3506,1997,6,22013,0,22013
3506,1997,7,11635,2900,8735
3506,1997,8,11659,7300,4359
3506,1997,9,11668,10815,853
3506,1997,10,11645,18361,-6716
3506,1997,11,11630,15161,-3531
3506,1997,12,17359,19161,-1802
3506,1998,1,11594,20661,-9067
3506,1998,2,14297,7661,6636
3506,1998,3,11605,11861,-256
3506,1998,4,11614,8361,3253
3506,1998,5,11628,8461,3167
3506,1998,6,17386,9961,7425
3506,1998,7,11663,11361,302
3506,1998,8,13858,14461,-603
3506,1998,9,11674,11161,513
3506,1998,10,11674,12061,-387
3506,1998,11,11673,12661,-988
3506,1998,12,17418,8946,8472
3507,1996,12,139703,65700,74003
3507,1997,1,98477,122516,-24039
3507,1997,2,23502,16172,7330
3507,1997,3,67532,82326,-14794
3507,1997,4,49130,36472,12658
3507,1997,5,119438,111072,8366
3507,1997,6,47698,43772,3926
3507,1997,7,265,20672,-20407
3507,1997,8,98902,57847,41055
3507,1997,9,235,43527,-43292
3507,1997,10,20159,35948,-15789
3507,1997,11,49570,18672,30898
3507,1997,12,125153,128772,-3619
3507,1998,1,87182,99437,-12255
3507,1998,2,117677,80172,37505
3507,1998,3,37719,67032,-29313
3507,1998,4,53692,40877,12815
3507,1998,5,39149,29240,9909
3507,1998,6,295,11172,-10877
3507,1998,7,57927,64972,-7045
3507,1998,8,89772,58272,31500
3507,1998,9,70198,91246,-21048
3507,1998,10,87310,74435,12875
3507,1998,11,83103,92835,-9732
3507,1998,12,273,11957,-11684
3508,1996,9,700,0,700
3508,1996,10,24059,0,24059
3508,1996,11,20324,10300,10024
3508,1996,12,30464,19800,10664
3508,1997,1,20382,20100,282
3508,1997,2,20380,21315,-935
3508,1997,3,20368,24515,-4147
3508,1997,4,20359,21415,-1056
3508,1997,5,20352,25415,-5063
3508,1997,6,30441,38615,-8174
3508,1997,7,20323,15615,4708
3508,1997,8,20333,17815,2518
3508,1997,9,20334,20015,319
3508,1997,10,20399,26015,-5616
3508,1997,11,20330,14515,5815
3508,1997,12,30470,19515,10955
3508,1998,1,20354,28615,-8261
3508,1998,2,20338,23015,-2677
3508,1998,3,20347,16615,3732
3508,1998,4,20350,18615,1735
3508,1998,5,20354,19715,639
3508,1998,6,30459,40315,-9856
3508,1998,7,20341,13715,6626
3508,1998,8,20363,17415,2948
3508,1998,9,20381,14015,6366
3508,1998,10,20397,17615,2782
3508,1998,11,20388,22915,-2527
3508,1998,12,30506,23500,7006
3509,1993,9,1100,0,1100
3509,1993,10,5812,0,5812
3509,1993,11,5812,0,5812
3509,1993,12,5812,0,5812
3509,1994,1,5812,0,5812
3509,1994,2,5905,5242,663
3509,1994,3,5923,3042,2881
3509,1994,4,5933,6062,-129
3509,1994,5,5932,5442,490
3509,1994,6,5924,18202,-12278
3509,1994,7,5884,6322,-438
3509,1994,8,5884,3042,2842
3509,1994,9,5888,6882,-994
3509,1994,10,5892,3042,2850
3509,1994,11,5903,3342,2561
3509,1994,12,5917,3492,2425
3509,1995,1,5916,9162,-3246
3509,1995,2,5907,5842,65
3509,1995,3,5911,3042,2869
3509,1995,4,5923,3042,2881
3509,1995,5,5933,5742,191
3509,1995,6,5934,4642,1292
3509,1995,7,5939,6142,-203
3509,1995,8,5938,6162,-224
3509,1995,9,5939,3682,2257
3509,1995,10,5946,5742,204
3509,1995,11,5943,7522,-1579
3509,1995,12,5938,6392,-454
3509,1996,1,5930,9092,-3162
3509,1996,2,5926,3762,2164
3509,1996,3,5937,3042,2895
3509,1996,4,5945,6902,-957
3509,1996,5,5944,3042,2902
3509,1996,6,5939,14192,-8253
3509,1996,7,5919,6642,-723
3509,1996,8,5919,3042,2877
3509,1996,9,5931,3042,2889
3509,1996,10,5943,3042,2901
3509,1996,11,5954,3542,2412
3509,1996,12,5958,6432,-474
3509,1997,1,5962,7692,-1730
3509,1997,2,5955,3042,2913
3509,1997,3,5963,5442,521
3509,1997,4,5966,4842,1124
3509,1997,5,5966,6622,-656
3509,1997,6,5970,4692,1278
3509,1997,7,5977,3042,2935
3509,1997,8,5978,8022,-2044
3509,1997,9,5971,7002,-1031
3509,1997,10,5972,4842,1130
3509,1997,11,5981,3042,2939
3509,1997,12,5990,4592,1398
3509,1998,1,5989,7912,-1923
3509,1998,2,5990,3042,2948
3509,1998,3,6003,3042,2961
3509,1998,4,6001,8442,-2441
3509,1998,5,6004,3922,2082
3509,1998,6,6003,18332,-12329
3509,1998,7,5957,5602,355
3509,1998,8,5963,3042,2921
3509,1998,9,5975,3042,2933
3509,1998,10,5987,3042,2945
3509,1998,11,6003,3762,2241
3509,1998,12,6010,3927,2083
3510,1993,1,23871,0,23871
3510,1993,2,99,1600,-1501
3510,1993,3,99,300,-201
3510,1993,4,3499,0,3499
3510,1993,5,1799,0,1799
3510,1993,6,16790,10900,5890
3510,1993,7,138,6300,-6162
3510,1993,8,138,1000,-862
3510,1993,9,138,2100,-1962
3510,1993,10,138,2200,-2062
3510,1993,11,3138,0,3138
3510,1993,12,238,0,238
3510,1994,1,80449,500,79949
3510,1994,2,143255,182227,-38972
3510,1994,3,129140,152233,-23093
3510,1994,4,66898,26461,40437
3510,1994,5,85212,71459,13753
3510,1994,6,229,69954,-69725
3510,1994,7,118719,85515,33204
3510,1994,8,253,14815,-14562
3510,1994,9,100972,82215,18757
3510,1994,10,38104,44647,-6543
3510,1994,11,132037,102946,29091
3510,1994,12,57250,80929,-23679
3510,1995,1,41854,57915,-16061
3510,1995,2,98090,93612,4478
3510,1995,3,45110,44215,895
3510,1995,4,32871,37660,-4789
3510,1995,5,87120,33315,53805
3510,1995,6,389,48960,-48571
3510,1995,7,40766,39206,1560
3510,1995,8,145651,136833,8818
3510,1995,9,71704,76015,-4311
3510,1995,10,19447,29225,-9778
3510,1995,11,58623,25028,33595
3510,1995,12,50059,90184,-40125
3510,1996,1,5024,18615,-13591
3510,1996,2,4924,15,4909
3510,1996,3,1744,15,1729
3510,1996,4,34128,20215,13913
3510,1996,5,12674,12815,-141
3510,1996,6,39226,34693,4533
3510,1996,7,22271,44031,-21760
3510,1996,8,5137,15,5122
3510,1996,9,24203,32774,-8571
3510,1996,10,53652,15,53637
3510,1996,11,341,22315,-21974
3510,1996,12,252,8315,-8063
3510,1997,1,5463,26415,-20952
3510,1997,2,30565,14900,15665
3510,1997,3,84363,34815,49548
3510,1997,4,345,46268,-45923
3510,1997,5,211,1715,-1504
3510,1997,6,205,3615,-3410
3510,1997,7,176,7115,-6939
3510,1997,8,1362,15,1347
3510,1997,9,26416,15683,10733
3510,1997,10,208,4515,-4307
3510,1997,11,14743,23915,-9172
3510,1997,12,37157,15,37142
3510,1998,1,141683,113290,28393
3510,1998,2,305,45620,-45315
3510,1998,3,56583,36044,20539
3510,1998,4,27158,48193,-21035
3510,1998,5,134915,139843,-4928
3510,1998,6,143296,96983,46313
3510,1998,7,37529,41206,-3677
3510,1998,8,29334,29715,-381
3510,1998,9,68644,80115,-11471
3510,1998,10,41711,28306,13405
3510,1998,11,24735,77417,-52682
3510,1998,12,28456,25900,2556
3511,1996,7,1000,0,1000
3511,1996,8,5485,0,5485
3511,1996,9,5485,0,5485
3511,1996,10,5485,0,5485
3511,1996,11,5485,0,5485
3511,1996,12,5489,15,5474
3511,1997,1,5576,14408,-8832
3511,1997,2,5573,3128,2445
3511,1997,3,5574,5848,-274
3511,1997,4,5585,2328,3257
3511,1997,5,5591,5048,543
3511,1997,6,5584,14578,-8994
3511,1997,7,5564,2328,3236
3511,1997,8,5563,6008,-445
3511,1997,9,5575,2808,2767
3511,1997,10,5584,3828,1756
3511,1997,11,5587,6228,-641
3511,1997,12,5588,4178,1410
3511,1998,1,5573,13528,-7955
3511,1998,2,5563,2728,2835
3511,1998,3,5570,5368,202
3511,1998,4,5577,2328,3249
3511,1998,5,5587,4708,879
3511,1998,6,5578,14128,-8550
3511,1998,7,5558,2328,3230
3511,1998,8,5572,2328,3244
3511,1998,9,5585,5848,-263
3511,1998,10,5585,5208,377
3511,1998,11,5583,3848,1735
3511,1998,12,5592,2563,3029
3512,1996,5,500,0,500
3512,1996,6,11000,0,11000
3512,1996,7,6800,0,6800
3512,1996,8,1000,0,1000
3512,1996,9,2900,0,2900
3512,1996,10,0,2800,-2800
3512,1996,11,2900,0,2900
3512,1996,12,700,0,700
3512,1997,1,3400,0,3400
3512,1997,3,500,0,500
3512,1997,4,0,1700,-1700
3512,1997,5,0,2200,-2200
3512,1997,6,0,2100,-2100
3512,1997,7,500,0,500
3512,1997,8,800,0,800
3512,1997,9,100,0,100
3512,1997,10,0,700,-700
3512,1997,11,0,2500,-2500
3512,1997,12,1300,0,1300
3512,1998,1,2,3600,-3598
3512,1998,3,970,0,970
3512,1998,4,70,900,-830
3512,1998,5,670,1400,-730
3512,1998,6,68,800,-732
3512,1998,7,468,0,468
3512,1998,8,68,600,-532
3512,1998,9,2868,0,2868
3512,1998,10,68,600,-532
3512,1998,11,0,3500,-3500
3513,1993,3,19625,0,19625
3513,1993,4,20608,0,20608
3513,1993,5,19266,10400,8866
3513,1993,6,28860,12100,16760
3513,1993,7,19347,40935,-21588
3513,1993,8,19283,21307,-2024
3513,1993,9,19277,23607,-4330
3513,1993,10,19258,21707,-2449
3513,1993,11,19249,16807,2442
3513,1993,12,28811,23267,5544
3513,1994,1,19266,33027,-13761
3513,1994,2,19224,13807,5417
3513,1994,3,19247,16807,2440
3513,1994,4,19257,15707,3550
3513,1994,5,19268,19807,-539
3513,1994,6,28807,34247,-5440
3513,1994,7,19244,17007,2237
3513,1994,8,19252,17107,2145
3513,1994,9,19255,17247,2008
3513,1994,10,19255,22507,-3252
3513,1994,11,19254,15607,3647
3513,1994,12,28816,26127,2689
3513,1995,1,19251,27227,-7976
3513,1995,2,19247,13607,5640
3513,1995,3,19265,20507,-1242
3513,1995,4,19257,24547,-5290
3513,1995,5,19246,12907,6339
3513,1995,6,28806,27367,1439
3513,1995,7,19266,19627,-361
3513,1995,8,19268,17307,1961
3513,1995,9,19279,14607,4672
3513,1995,10,19288,18847,441
3513,1995,11,19284,20047,-763
3513,1995,12,28837,23307,5530
3513,1996,1,19283,25427,-6144
3513,1996,2,19287,16407,2880
3513,1996,3,19306,12947,6359
3513,1996,4,19315,21347,-2032
3513,1996,5,19317,16207,3110
3513,1996,6,28840,46007,-17167
3513,1996,7,19276,7907,11369
3513,1996,8,19311,20727,-1416
3513,1996,9,23029,6707,16322
3513,1996,10,19373,12507,6866
3513,1996,11,19390,16607,2783
3513,1996,12,28948,26427,2521
3513,1997,1,19378,28107,-8729
3513,1997,2,19361,21007,-1646
3513,1997,3,19352,25907,-6555
3513,1997,4,19338,16907,2431
3513,1997,5,19345,18207,1138
3513,1997,6,28892,42767,-13875
3513,1997,7,19303,14007,5296
3513,1997,8,19327,13207,6120
3513,1997,9,19327,23267,-3940
3513,1997,10,19313,19367,-54
3513,1997,11,19313,21007,-1694
3513,1997,12,28873,22427,6446
3513,1998,1,19296,30307,-11011
3513,1998,2,19297,17107,2190
3513,1998,3,19302,23687,-4385
3513,1998,4,19297,13807,5490
3513,1998,5,19320,13807,5513
3513,1998,6,28857,25367,3490
3513,1998,7,19343,20447,-1104
3513,1998,8,19343,17007,2336
3513,1998,9,19349,18407,942
3513,1998,10,19342,23387,-4045
3513,1998,11,19340,16607,2733
3513,1998,12,28917,17232,11685
3514,1993,2,4012,0,4012
3514,1993,3,3416,0,3416
3514,1993,4,3416,0,3416
3514,1993,5,3416,0,3416
3514,1993,6,3452,2281,1171
3514,1993,7,3467,2281,1186
3514,1993,8,3472,2731,741
3514,1993,9,3472,3391,81
3514,1993,10,3471,3811,-340
3514,1993,11,3474,2281,1193
3514,1993,12,3475,3451,24
3514,1994,1,3468,7441,-3973
3514,1994,2,3462,2281,1181
3514,1994,3,3464,3541,-77
3514,1994,4,3459,4711,-1252
3514,1994,5,3462,2281,1181
3514,1994,6,3464,5311,-1847
3514,1994,7,3458,3361,97
3514,1994,8,3459,2281,1178
3514,1994,9,3464,2281,1183
3514,1994,10,3469,2281,1188
3514,1994,11,3474,2281,1193
3514,1994,12,3477,3151,326
3514,1995,1,3470,6271,-2801
3514,1995,2,3465,3751,-286
3514,1995,3,3467,3031,436
3514,1995,4,3469,2281,1188
3514,1995,5,3474,2281,1193
3514,1995,6,3467,6001,-2534
3514,1995,7,3469,2281,1188
3514,1995,8,3474,2281,1193
3514,1995,9,3478,2281,1197
3514,1995,10,3483,2821,662
3514,1995,11,3483,3361,122
3514,1995,12,3486,2581,905
3514,1996,1,3473,8971,-5498
3514,1996,2,3467,3271,196
3514,1996,3,3468,2281,1187
3514,1996,4,3470,3601,-131
3514,1996,5,3472,2281,1191
3514,1996,6,3476,3241,235
3514,1996,7,3478,2281,1197
3514,1996,8,3483,2281,1202
3514,1996,9,3488,2281,1207
3514,1996,10,3493,2281,1212
3514,1996,11,3498,2281,1217
3514,1996,12,3502,3151,351
3514,1997,1,3495,6211,-2716
3514,1997,2,3493,2281,1212
3514,1997,3,3496,3181,315
3514,1997,4,3500,2281,1219
3514,1997,5,3505,2281,1224
3514,1997,6,3505,5941,-2436
3514,1997,7,3499,3271,228
3514,1997,8,3500,2281,1219
3514,1997,9,3505,2281,1224
3514,1997,10,3508,3241,267
3514,1997,11,3510,3031,479
3514,1997,12,3512,2791,721
3514,1998,1,3506,7201,-3695
3514,1998,2,3499,2791,708
3514,1998,3,3504,2281,1223
3514,1998,4,3509,2281,1228
3514,1998,5,3514,2281,1233
3514,1998,6,3516,11101,-7585
3514,1998,7,3487,3451,36
3514,1998,8,3487,2281,1206
3514,1998,9,3490,3211,279
3514,1998,10,3492,2881,611
3514,1998,11,3496,2281,1215
3514,1998,12,3499,2986,513
3515,1996,6,400,0,400
3515,1996,7,4373,0,4373
3515,1996,8,4373,0,4373
3515,1996,9,4373,0,4373
3515,1996,10,4373,0,4373
3515,1996,11,4425,3878,547
3515,1996,12,4454,2928,1526
3515,1997,1,4461,4578,-117
3515,1997,2,4460,4078,382
3515,1997,3,4453,6178,-1725
3515,1997,4,4438,9158,-4720
3515,1997,5,4436,2578,1858
3515,1997,6,4443,6678,-2235
3515,1997,7,4428,4778,-350
3515,1997,8,4418,8078,-3660
3515,1997,9,4417,2578,1839
3515,1997,10,4425,2578,1847
3515,1997,11,4432,2578,1854
3515,1997,12,4438,3478,960
3515,1998,1,4434,6128,-1694
3515,1998,2,4437,2578,1859
3515,1998,3,4438,4978,-540
3515,1998,4,4441,3218,1223
3515,1998,5,4448,2578,1870
3515,1998,6,4455,2578,1877
3515,1998,7,4463,2578,1885
3515,1998,8,4471,2578,1893
3515,1998,9,4479,2578,1901
3515,1998,10,4448,15918,-11470
3515,1998,11,4435,5458,-1023
3515,1998,12,4435,2563,1872
3516,1997,9,1100,0,1100
3516,1997,10,15900,0,15900
3516,1997,11,3400,0,3400
3516,1997,12,3000,0,3000
3516,1998,1,60572,0,60572
3516,1998,2,33747,23100,10647
3516,1998,3,66802,78530,-11728
3516,1998,4,163463,205030,-41567
3516,1998,5,4673,30,4643
3516,1998,6,47667,56460,-8793
3516,1998,7,57426,40161,17265
3516,1998,8,112488,100057,12431
3516,1998,9,99687,104330,-4643
3516,1998,10,260,6930,-6670
3516,1998,11,55131,22673,32458
3516,1998,12,150233,152400,-2167
3517,1996,11,600,0,600
3517,1996,12,24005,0,24005
3517,1997,1,12287,9800,2487
3517,1997,2,12297,9400,2897
3517,1997,3,12307,11000,1307
3517,1997,4,12333,8835,3498
3517,1997,5,12323,14415,-2092
3517,1997,6,18385,37595,-19210
3517,1997,7,12246,6815,5431
3517,1997,8,12266,8515,3751
3517,1997,9,12291,11595,696
3517,1997,10,12288,6915,5373
3517,1997,11,12298,13715,-1417
3517,1997,12,18410,17015,1395
3517,1998,1,13692,18535,-4843
3517,1998,2,12294,5715,6579
3517,1998,3,12300,20355,-8055
3517,1998,4,12277,10615,1662
3517,1998,5,12283,13555,-1272
3517,1998,6,18361,24255,-5894
3517,1998,7,12256,10015,2241
3517,1998,8,12261,12115,146
3517,1998,9,12261,14935,-2674
3517,1998,10,12251,11615,636
3517,1998,11,12266,8215,4051
3517,1998,12,18420,1280,17140
3518,1996,7,700,0,700
3518,1996,8,23489,0,23489
3518,1996,9,22669,12700,9969
3518,1996,10,22705,16200,6505
3518,1996,11,22727,19400,3327
3518,1996,12,34018,32815,1203
3518,1997,1,22722,44053,-21331
3518,1997,2,22673,16053,6620
3518,1997,3,22694,23273,-579
3518,1997,4,22698,17153,5545
3518,1997,5,22715,24753,-2038
3518,1997,6,34002,23653,10349
3518,1997,7,22716,35053,-12337
3518,1997,8,22685,24353,-1668
3518,1997,9,22678,23053,-375
3518,1997,10,22671,25653,-2982
3518,1997,11,22660,23953,-1293
3518,1997,12,33999,32513,1486
3518,1998,1,22658,23253,-595
3518,1998,2,22673,15953,6720
3518,1998,3,22677,27733,-5056
3518,1998,4,22702,9573,13129
3518,1998,5,22721,22153,568
3518,1998,6,33997,32273,1724
3518,1998,7,22723,25053,-2330
3518,1998,8,22716,23653,-937
3518,1998,9,22717,21853,864
3518,1998,10,22706,28353,-5647
3518,1998,11,22697,21653,1044
3518,1998,12,33999,23658,10341
3519,1996,2,25026,0,25026
3519,1996,3,8300,0,8300
3519,1996,4,1732,5215,-3483
3519,1996,5,1722,2515,-793
3519,1996,6,1712,6415,-4703
3519,1996,7,3308,115,3193
3519,1996,8,3321,15,3306
3519,1996,9,3321,6415,-3094
3519,1996,10,3319,1415,1904
3519,1996,11,3312,8815,-5503
3519,1996,12,3284,7415,-4131
3519,1997,1,3268,8565,-5297
3519,1997,2,6074,15,6059
3519,1997,3,8362,2665,5697
3519,1997,4,3305,5115,-1810
3519,1997,5,3300,4315,-1015
3519,1997,6,3268,10115,-6847
3519,1997,7,3478,15,3463
3519,1997,8,1788,15,1773
3519,1997,9,26443,15,26428
3519,1997,10,1775,13115,-11340
3519,1997,11,1744,5815,-4071
3519,1997,12,1736,6715,-4979
3519,1998,1,3710,5565,-1855
3519,1998,2,3314,15,3299
3519,1998,3,6056,2115,3941
3519,1998,4,3341,6815,-3474
3519,1998,5,3731,15,3716
3519,1998,6,12235,19115,-6880
3519,1998,7,11902,2515,9387
3519,1998,8,3355,2515,840
3519,1998,9,3356,7115,-3759
3519,1998,10,3343,1415,1928
3519,1998,11,3350,2915,435
3519,1998,12,3350,7150,-3800
3520,1995,6,25884,0,25884
3520,1995,7,16829,200,16629
3520,1995,8,16871,10200,6671
3520,1995,9,16888,14100,2788
3520,1995,10,16844,45367,-28523
3520,1995,11,16806,14115,2691
3520,1995,12,25185,15915,9270
3520,1996,1,16821,30815,-13994
3520,1996,2,16767,8515,8252
3520,1996,3,16802,12115,4687
3520,1996,4,16822,23715,-6893
3520,1996,5,17824,13815,4009
3520,1996,6,25151,15615,9536
3520,1996,7,16848,15415,1433
3520,1996,8,16855,27157,-10302
3520,1996,9,16804,28120,-11316
3520,1996,10,16770,8315,8455
3520,1996,11,16829,16715,114
3520,1996,12,25145,19215,5930
3520,1997,1,16799,31615,-14816
3520,1997,2,16769,9015,7754
3520,1997,3,16794,16415,379
3520,1997,4,16794,18015,-1221
3520,1997,5,16794,13715,3079
3520,1997,6,25146,21815,3331
3520,1997,7,16811,22115,-5304
3520,1997,8,16798,14415,2383
3520,1997,9,16803,17915,-1112
3520,1997,10,16791,24815,-8024
3520,1997,11,16774,12215,4559
3520,1997,12,25150,26215,-1065
3520,1998,1,16783,20732,-3949
3520,1998,2,16769,14215,2554
3520,1998,3,16779,14515,2264
3520,1998,4,16782,22028,-5246
3520,1998,5,16758,19115,-2357
3520,1998,6,25096,22515,2581
3520,1998,7,16757,22415,-5658
3520,1998,8,16750,11415,5335
3520,1998,9,16757,19115,-2358
3520,1998,10,16760,12715,4045
3520,1998,11,16778,12315,4463
3520,1998,12,25165,8700,16465
3521,1993,6,700,0,700
3521,1993,7,46699,0,46699
3521,1993,8,42946,30700,12246
3521,1993,9,85066,85000,66
3521,1993,10,85187,96245,-11058
3521,1993,11,188,17725,-17537
3521,1993,12,80576,63815,16761
3521,1994,1,13440,38315,-24875
3521,1994,2,111985,73069,38916
3521,1994,3,255,20915,-20660
3521,1994,4,59942,37915,22027
3521,1994,5,166182,171715,-5533
3521,1994,6,21821,27915,-6094
3521,1994,7,101784,114515,-12731
3521,1994,8,74408,53815,20593
3521,1994,9,49875,43915,5960
3521,1994,10,105216,120715,-15499
3521,1994,11,128997,117715,11282
3521,1994,12,79874,90072,-10198
3521,1995,1,28097,32915,-4818
3521,1995,2,31517,15315,16202
3521,1995,3,67120,30515,36605
3521,1995,4,138835,143915,-5080
3521,1995,5,133392,122715,10677
3521,1995,6,25152,100115,-74963
3521,1995,7,101950,80415,21535
3521,1995,8,32785,13215,19570
3521,1995,9,36420,23015,13405
3521,1995,10,128819,109515,19304
3521,1995,11,303,41315,-41012
3521,1995,12,29959,36015,-6056
3521,1996,1,98945,101882,-2937
3521,1996,2,81229,39215,42014
3521,1996,3,24146,33715,-9569
3521,1996,4,49044,31315,17729
3521,1996,5,122437,124815,-2378
3521,1996,6,78760,146115,-67355
3521,1996,7,86878,87245,-367
3521,1996,8,21251,5815,15436
3521,1996,9,102224,60945,41279
3521,1996,10,67592,89801,-22209
3521,1996,11,277,23015,-22738
3521,1996,12,61513,21015,40498
3521,1997,1,62714,70015,-7301
3521,1997,2,35299,41043,-5744
3521,1997,3,73523,101241,-27718
3521,1997,4,67804,29109,38695
3521,1997,5,121460,98515,22945
3521,1997,6,31830,71153,-39323
3521,1997,7,39335,80615,-41280
3521,1997,8,30402,22315,8087
3521,1997,9,53585,50076,3509
3521,1997,10,31119,35715,-4596
3521,1997,11,47418,38815,8603
3521,1997,12,65769,30615,35154
3521,1998,1,29545,78715,-49170
3521,1998,2,49043,34915,14128
3521,1998,3,49907,44115,5792
3521,1998,4,19150,28115,-8965
3521,1998,5,27065,32428,-5363
3521,1998,6,130,10615,-10485
3521,1998,7,29863,23615,6248
3521,1998,8,0,15,-15
3521,1998,9,230,15,215
3521,1998,10,37372,34615,2757
3521,1998,11,125,15,110
3521,1998,12,16530,3900,12630
3522,1996,6,7938,0,7938
3522,1996,7,6952,0,6952
3522,1996,8,6952,0,6952
3522,1996,9,6995,2700,4295
3522,1996,10,7021,9738,-2717
3522,1996,11,7028,4238,2790
3522,1996,12,7034,4838,2196
3522,1997,1,7022,10778,-3756
3522,1997,2,7029,5938,1091
3522,1997,3,7029,7398,-369
3522,1997,4,7029,4938,2091
3522,1997,5,7027,10018,-2991
3522,1997,6,7018,16188,-9170
3522,1997,7,6987,6518,469
3522,1997,8,6995,6038,957
3522,1997,9,6998,10578,-3580
3522,1997,10,6988,7538,-550
3522,1997,11,6982,3738,3244
3522,1997,12,6988,10088,-3100
3522,1998,1,6987,3138,3849
3522,1998,2,7000,10438,-3438
3522,1998,3,6990,2438,4552
3522,1998,4,7003,13738,-6735
3522,1998,5,6972,6578,394
3522,1998,6,6977,2438,4539
3522,1998,7,6994,11338,-4344
3522,1998,8,6980,4038,2942
3522,1998,9,6988,7078,-90
3522,1998,10,6989,6198,791
3522,1998,11,6998,2438,4560
3522,1998,12,7008,3923,3085
3523,1996,5,600,0,600
3523,1996,6,12800,0,12800
3523,1996,7,4600,0,4600
3523,1996,8,2700,0,2700
3523,1996,9,3100,0,3100
3523,1996,10,600,0,600
3523,1996,11,1100,0,1100
3523,1996,12,0,3100,-3100
3523,1997,1,0,3400,-3400
3523,1997,2,0,1500,-1500
3523,1997,3,0,600,-600
3523,1997,4,4600,0,4600
3523,1997,5,1600,0,1600
3523,1997,6,2700,0,2700
3523,1997,7,3800,0,3800
3523,1997,8,0,1400,-1400
3523,1997,9,1000,0,1000
3523,1997,10,4600,0,4600
3523,1997,11,2300,0,2300
3523,1997,12,4000,0,4000
3523,1998,1,1200,0,1200
3523,1998,2,2000,0,2000
3523,1998,3,800,0,800
3523,1998,4,200,0,200
3523,1998,5,1800,0,1800
3523,1998,6,2300,0,2300
3523,1998,7,0,300,-300
3523,1998,8,1600,0,1600
3523,1998,9,0,3900,-3900
3523,1998,10,2706,4600,-1894
3523,1998,11,0,2800,-2800
3524,1997,6,200,0,200
3524,1997,7,4826,0,4826
3524,1997,8,4826,0,4826
3524,1997,9,4826,0,4826
3524,1997,10,4826,0,4826
3524,1997,11,4891,3075,1816
3524,1997,12,4909,10145,-5236
3524,1998,1,4885,8435,-3550
3524,1998,2,4880,4435,445
3524,1998,3,4886,3075,1811
3524,1998,4,4893,3375,1518
3524,1998,5,4896,6075,-1179
3524,1998,6,4886,8675,-3789
3524,1998,7,4878,3575,1303
3524,1998,8,4883,3575,1308
3524,1998,9,4882,8175,-3293
3524,1998,10,4874,4575,299
3524,1998,11,4867,6355,-1488
3524,1998,12,4871,3060,1811
3525,1995,12,16264,0,16264
3525,1996,1,9497,0,9497
3525,1996,2,4734,2300,2434
3525,1996,3,4745,3900,845
3525,1996,4,4750,9399,-4649
3525,1996,5,4730,8499,-3769
3525,1996,6,7033,8299,-1266
3525,1996,7,4709,5639,-930
3525,1996,8,4702,7799,-3097
3525,1996,9,5395,3099,2296
3525,1996,10,4704,3499,1205
3525,1996,11,4694,9259,-4565
3525,1996,12,7006,7139,-133
3525,1997,1,6684,7419,-735
3525,1997,2,5587,3099,2488
3525,1997,3,4693,7199,-2506
3525,1997,4,4685,4299,386
3525,1997,5,4688,3099,1589
3525,1997,6,7005,11099,-4094
3525,1997,7,4678,3099,1579
3525,1997,8,4684,3099,1585
3525,1997,9,4691,3099,1592
3525,1997,10,4697,3099,1598
3525,1997,11,4704,3819,885
3525,1997,12,7024,6139,885
3525,1998,1,4698,9459,-4761
3525,1998,2,4691,3099,1592
3525,1998,3,4698,3099,1599
3525,1998,4,4690,8979,-4289
3525,1998,5,4687,3099,1588
3525,1998,6,7003,7899,-896
3525,1998,7,4688,4179,509
3525,1998,8,4692,3099,1593
3525,1998,9,4698,3099,1599
3525,1998,10,4705,3099,1606
3525,1998,11,4712,3099,1613
3525,1998,12,7036,5004,2032
3526,1996,7,24427,0,24427
3526,1996,8,102,300,-198
3526,1996,9,23339,13300,10039
3526,1996,10,68745,1300,67445
3526,1996,11,38191,58174,-19983
3526,1996,12,282,29774,-29492
3526,1997,1,50202,42174,8028
3526,1997,2,118659,134947,-16288
3526,1997,3,23001,16774,6227
3526,1997,4,2155,21974,-19819
3526,1997,5,106967,76574,30393
3526,1997,6,34750,27230,7520
3526,1997,7,123683,96874,26809
3526,1997,8,80479,73274,7205
3526,1997,9,77113,100874,-23761
3526,1997,10,211304,223533,-12229
3526,1997,11,37210,40243,-3033
3526,1997,12,30806,46350,-15544
3526,1998,1,110849,80338,30511
3526,1998,2,25754,32524,-6770
3526,1998,3,60001,70328,-10327
3526,1998,4,148125,143474,4651
3526,1998,5,32045,21374,10671
3526,1998,6,156309,125061,31248
3526,1998,7,16162,63874,-47712
3526,1998,8,36434,19940,16494
3526,1998,9,67307,89974,-22667
3526,1998,10,38063,12364,25699
3526,1998,11,11835,31574,-19739
3526,1998,12,48467,14059,34408
3527,1997,1,24883,0,24883
3527,1997,2,24773,3700,21073
3527,1997,3,24835,15900,8935
3527,1997,4,24869,17100,7769
3527,1997,5,24884,24615,269
3527,1997,6,37169,45229,-8060
3527,1997,7,24856,18729,6127
3527,1997,8,24880,18329,6551
3527,1997,9,24884,24809,75
3527,1997,10,24886,25229,-343
3527,1997,11,24884,25389,-505
3527,1997,12,37227,22449,14778
3527,1998,1,24913,42829,-17916
3527,1998,2,24853,30049,-5196
3527,1998,3,24844,29189,-4345
3527,1998,4,24827,25729,-902
3527,1998,5,24826,25129,-303
3527,1998,6,37048,72509,-35461
3527,1998,7,24746,3429,21317
3527,1998,8,24764,25529,-765
3527,1998,9,24762,22529,2233
3527,1998,10,24791,18729,6062
3527,1998,11,24789,28029,-3240
3527,1998,12,37124,26814,10310
3528,1994,3,22853,0,22853
3528,1994,4,25054,0,25054
3528,1994,5,22119,10400,11719
3528,1994,6,33120,18100,15020
3528,1994,7,22170,32470,-10300
3528,1994,8,22122,28570,-6448
3528,1994,9,22132,21670,462
3528,1994,10,22099,39110,-17011
3528,1994,11,22090,23870,-1780
3528,1994,12,33049,27890,5159
3528,1995,1,22048,39530,-17482
3528,1995,2,22029,19870,2159
3528,1995,3,22040,18170,3870
3528,1995,4,22055,18870,3185
3528,1995,5,22066,22470,-404
3528,1995,6,33030,27270,5760
3528,1995,7,22079,27990,-5911
3528,1995,8,22060,22270,-210
3528,1995,9,22059,20270,1789
3528,1995,10,22063,23370,-1307
3528,1995,11,22060,22050,10
3528,1995,12,33021,28070,4951
3528,1996,1,22072,37890,-15818
3528,1996,2,22024,16390,5634
3528,1996,3,22037,18070,3967
3528,1996,4,22050,20170,1880
3528,1996,5,22053,24970,-2917
3528,1996,6,33015,31870,1145
3528,1996,7,22043,24470,-2427
3528,1996,8,22031,23970,-1939
3528,1996,9,22024,22070,-46
3528,1996,10,22033,22430,-397
3528,1996,11,22024,19570,2454
3528,1996,12,32999,28910,4089
3528,1997,1,22038,37430,-15392
3528,1997,2,21994,16190,5804
3528,1997,3,22006,22170,-164
3528,1997,4,22010,19070,2940
3528,1997,5,22011,25010,-2999
3528,1997,6,32946,37110,-4164
3528,1997,7,21994,16870,5124
3528,1997,8,22002,22570,-568
3528,1997,9,22005,19270,2735
3528,1997,10,22004,25890,-3886
3528,1997,11,21997,19870,2127
3528,1997,12,32963,32030,933
3528,1998,1,21982,33550,-11568
3528,1998,2,21964,21510,454
3528,1998,3,21981,12470,9511
3528,1998,4,22003,21950,53
3528,1998,5,22005,19370,2635
3528,1998,6,32968,27670,5298
3528,1998,7,22022,26070,-4048
3528,1998,8,22021,20270,1751
3528,1998,9,22015,25370,-3355
3528,1998,10,22014,23870,-1856
3528,1998,11,22017,18030,3987
3528,1998,12,33003,21855,11148
3529,1997,7,1100,0,1100
3529,1997,8,19761,1000,18761
3529,1997,9,19811,9800,10011
3529,1997,10,19887,13000,6887
3529,1997,11,19905,5600,14305
3529,1997,12,29798,17095,12703
3529,1998,1,19934,35155,-15221
3529,1998,2,19931,9615,10316
3529,1998,3,19968,12695,7273
3529,1998,4,19984,15415,4569
3529,1998,5,19986,20515,-529
3529,1998,6,29828,59795,-29967
3529,1998,7,19902,8575,11327
3529,1998,8,19924,15215,4709
3529,1998,9,19923,19515,408
3529,1998,10,19949,32015,-12066
3529,1998,11,19882,20015,-133
3529,1998,12,29815,3680,26135
3530,1996,1,7278,0,7278
3530,1996,2,6186,0,6186
3530,1996,3,6186,0,6186
3530,1996,4,6186,0,6186
3530,1996,5,6190,15,6175
3530,1996,6,6287,12142,-5855
3530,1996,7,6257,10552,-4295
3530,1996,8,6257,9872,-3615
3530,1996,9,6243,7592,-1349
3530,1996,10,6235,4652,1583
3530,1996,11,6243,6192,51
3530,1996,12,6241,8142,-1901
3530,1997,1,6228,9482,-3254
3530,1997,2,6223,2292,3931
3530,1997,3,6235,7072,-837
3530,1997,4,6234,6692,-458
3530,1997,5,6224,7312,-1088
3530,1997,6,6227,7092,-865
3530,1997,7,6222,8392,-2170
3530,1997,8,6218,1992,4226
3530,1997,9,6227,10092,-3865
3530,1997,10,6214,4072,2142
3530,1997,11,6220,9492,-3272
3530,1997,12,6211,4992,1219
3530,1998,1,6208,7372,-1164
3530,1998,2,6212,2952,3260
3530,1998,3,6224,5292,932
3530,1998,4,6224,6892,-668
3530,1998,5,6222,7392,-1170
3530,1998,6,6219,6092,127
3530,1998,7,6219,6292,-73
3530,1998,8,6214,8592,-2378
3530,1998,9,6214,1992,4222
3530,1998,10,6221,8592,-2371
3530,1998,11,6211,7892,-1681
3530,1998,12,6212,3127,3085
3531,1996,5,7885,0,7885
3531,1996,6,6995,0,6995
3531,1996,7,6995,0,6995
3531,1996,8,7054,5200,1854
3531,1996,9,7061,3915,3146
3531,1996,10,7086,5083,2003
3531,1996,11,7089,10543,-3454
3531,1996,12,7070,6003,1067
3531,1997,1,7060,14043,-6983
3531,1997,2,7052,5203,1849
3531,1997,3,7063,3583,3480
3531,1997,4,7076,6883,193
3531,1997,5,7077,6283,794
3531,1997,6,7048,16033,-8985
3531,1997,7,7037,8003,-966
3531,1997,8,7037,6683,354
3531,1997,9,7040,4883,2157
3531,1997,10,7051,2883,4168
3531,1997,11,7065,5383,1682
3531,1997,12,7072,6033,1039
3531,1998,1,7055,18093,-11038
3531,1998,2,7032,4003,3029
3531,1998,3,7046,2883,4163
3531,1998,4,7063,2883,4180
3531,1998,5,7076,6163,913
3531,1998,6,7072,9683,-2611
3531,1998,7,7072,4183,2889
3531,1998,8,7081,5843,1238
3531,1998,9,7086,3843,3243
3531,1998,10,7104,2883,4221
3531,1998,11,7118,5083,2035
3531,1998,12,7127,4018,3109
3532,1995,7,200,0,200
3532,1995,8,15388,0,15388
3532,1995,9,11941,2800,9141
3532,1995,10,11963,10400,1563
3532,1995,11,11973,8800,3173
3532,1995,12,17918,13915,4003
3532,1996,1,11962,29615,-17653
3532,1996,2,11939,5715,6224
3532,1996,3,11954,11115,839
3532,1996,4,11951,12315,-364
3532,1996,5,11947,13315,-1368
3532,1996,6,17853,37515,-19662
3532,1996,7,12887,4215,8672
3532,1996,8,15240,15,15225
3532,1996,9,11973,7915,4058
3532,1996,10,11988,8815,3173
3532,1996,11,12000,9315,2685
3532,1996,12,17942,12515,5427
3532,1997,1,11983,26415,-14432
3532,1997,2,11990,2415,9575
3532,1997,3,12027,4315,7712
3532,1997,4,12043,10315,1728
3532,1997,5,12032,17715,-5683
3532,1997,6,17957,30115,-12158
3532,1997,7,11996,4615,7381
3532,1997,8,12024,3815,8209
3532,1997,9,12039,10815,1224
3532,1997,10,12030,19515,-7485
3532,1997,11,12009,12615,-606
3532,1997,12,17954,11515,6439
3532,1998,1,11992,28315,-16323
3532,1998,2,11967,13815,-1848
3532,1998,3,11962,10315,1647
3532,1998,4,11952,16715,-4763
3532,1998,5,11945,12115,-170
3532,1998,6,17863,16615,1248
3532,1998,7,11941,14915,-2974
3532,1998,8,11943,24415,-12472
3532,1998,9,11944,9515,2429
3532,1998,10,11895,11015,880
3532,1998,11,11911,14215,-2304
3532,1998,12,17863,800,17063
3533,1994,8,800,0,800
3533,1994,9,13197,0,13197
3533,1994,10,6153,0,6153
3533,1994,11,3276,1700,1576
3533,1994,12,3282,2700,582
3533,1995,1,3286,4342,-1056
3533,1995,2,5484,2142,3342
3533,1995,3,5598,2142,3456
3533,1995,4,4011,2142,1869
3533,1995,5,3317,3502,-185
3533,1995,6,3315,7702,-4387
3533,1995,7,4701,2142,2559
3533,1995,8,5212,2142,3070
3533,1995,9,3924,2142,1782
3533,1995,10,3327,5722,-2395
3533,1995,11,3320,3732,-412
3533,1995,12,3318,3412,-94
3533,1996,1,3312,6092,-2780
3533,1996,2,3902,4902,-1000
3533,1996,3,5005,2142,2863
3533,1996,4,3313,3142,171
3533,1996,5,4016,2142,1874
3533,1996,6,3321,5102,-1781
3533,1996,7,3816,2142,1674
3533,1996,8,3420,3372,48
3533,1996,9,7430,2142,5288
3533,1996,10,3335,6542,-3207
3533,1996,11,6037,2142,3895
3533,1996,12,3345,3202,143
3533,1997,1,3337,8002,-4665
3533,1997,2,3327,2442,885
3533,1997,3,3327,4442,-1115
3533,1997,4,3324,3442,-118
3533,1997,5,3318,5932,-2614
3533,1997,6,7407,8982,-1575
3533,1997,7,3307,2862,445
3533,1997,8,3306,4102,-796
3533,1997,9,3307,3542,-235
3533,1997,10,6014,2142,3872
3533,1997,11,3321,2642,679
3533,1997,12,3320,4742,-1422
3533,1998,1,5624,3312,2312
3533,1998,2,3324,4242,-918
3533,1998,3,3317,5042,-1725
3533,1998,4,4321,2142,2179
3533,1998,5,3314,7072,-3758
3533,1998,6,3293,9802,-6509
3533,1998,7,4990,2142,2848
3533,1998,8,3292,3642,-350
3533,1998,9,4901,2142,2759
3533,1998,10,3300,4342,-1042
3533,1998,11,3295,4522,-1227
3533,1998,12,8012,3687,4325
3534,1996,4,600,0,600
3534,1996,5,17685,0,17685
3534,1996,6,19809,6400,13409
3534,1996,7,13276,7900,5376
3534,1996,8,13283,12300,983
3534,1996,9,13287,17979,-4692
3534,1996,10,13261,15479,-2218
3534,1996,11,13282,7879,5403
3534,1996,12,19882,12779,7103
3534,1997,1,13289,32599,-19310
3534,1997,2,18679,6279,12400
3534,1997,3,13307,7179,6128
3534,1997,4,13301,16799,-3498
3534,1997,5,13275,19659,-6384
3534,1997,6,28741,25119,3622
3534,1997,7,13295,9779,3516
3534,1997,8,13304,18999,-5695
3534,1997,9,13298,9479,3819
3534,1997,10,13318,7079,6239
3534,1997,11,13340,8879,4461
3534,1997,12,19937,16519,3418
3534,1998,1,14641,26539,-11898
3534,1998,2,13325,11079,2246
3534,1998,3,13329,17079,-3750
3534,1998,4,13315,12779,536
3534,1998,5,13306,20279,-6973
3534,1998,6,19875,15379,4496
3534,1998,7,13309,10179,3130
3534,1998,8,13317,15879,-2562
3534,1998,9,13286,16859,-3573
3534,1998,10,13284,17979,-4695
3534,1998,11,13266,11279,1987
3534,1998,12,19859,9664,10195
3535,1993,10,4310,0,4310
3535,1993,11,3215,0,3215
3535,1993,12,3215,0,3215
3535,1994,1,3215,0,3215
3535,1994,2,3217,15,3202
3535,1994,3,3268,2836,432
3535,1994,4,3273,2146,1127
3535,1994,5,3278,2146,1132
3535,1994,6,3267,7246,-3979
3535,1994,7,3266,2146,1120
3535,1994,8,3271,2146,1125
3535,1994,9,3276,2146,1130
3535,1994,10,3280,2716,564
3535,1994,11,3283,2146,1137
3535,1994,12,3286,2806,480
3535,1995,1,3281,7186,-3905
3535,1995,2,3273,2146,1127
3535,1995,3,3278,2146,1132
3535,1995,4,3282,2146,1136
3535,1995,5,3284,4156,-872
3535,1995,6,3279,6256,-2977
3535,1995,7,3271,2146,1125
3535,1995,8,3276,2146,1130
3535,1995,9,3277,4156,-879
3535,1995,10,3276,3076,200
3535,1995,11,3278,2146,1132
3535,1995,12,3280,2986,294
3535,1996,1,3274,8056,-4782
3535,1996,2,3263,2146,1117
3535,1996,3,3268,2146,1122
3535,1996,4,3273,2146,1127
3535,1996,5,3272,3466,-194
3535,1996,6,3274,7396,-4122
3535,1996,7,3259,2146,1113
3535,1996,8,3264,2146,1118
3535,1996,9,3269,2146,1123
3535,1996,10,3273,2386,887
3535,1996,11,3277,2146,1131
3535,1996,12,3281,2326,955
3535,1997,1,3274,5956,-2682
3535,1997,2,3274,2146,1128
3535,1997,3,3279,2146,1133
3535,1997,4,3284,2146,1138
3535,1997,5,3288,2146,1142
3535,1997,6,3284,7756,-4472
3535,1997,7,3274,2146,1128
3535,1997,8,3278,2986,292
3535,1997,9,3280,2146,1134
3535,1997,10,3285,2146,1139
3535,1997,11,3287,2776,511
3535,1997,12,3285,6256,-2971
3535,1998,1,3275,4936,-1661
3535,1998,2,3272,2146,1126
3535,1998,3,3277,2146,1131
3535,1998,4,3282,2146,1136
3535,1998,5,3286,2146,1140
3535,1998,6,3287,4336,-1049
3535,1998,7,3286,2146,1140
3535,1998,8,3291,2146,1145
3535,1998,9,3296,2986,310
3535,1998,10,3297,2146,1151
3535,1998,11,3302,2146,1156
3535,1998,12,3306,2551,755
3536,1994,8,6881,0,6881
3536,1994,9,6292,0,6292
3536,1994,10,6292,0,6292
3536,1994,11,6292,0,6292
3536,1994,12,6337,7924,-1587
3536,1995,1,6351,12764,-6413
3536,1995,2,6346,2604,3742
3536,1995,3,6362,2604,3758
3536,1995,4,6379,4404,1975
3536,1995,5,6386,5204,1182
3536,1995,6,6388,3804,2584
3536,1995,7,6387,10404,-4017
3536,1995,8,6384,5484,900
3536,1995,9,6386,5904,482
3536,1995,10,6386,7004,-618
3536,1995,11,6362,9684,-3322
3536,1995,12,6369,7874,-1505
3536,1996,1,6345,12364,-6019
3536,1996,2,6348,2604,3744
3536,1996,3,6365,2604,3761
3536,1996,4,6373,3644,2729
3536,1996,5,6385,5324,1061
3536,1996,6,6389,5204,1185
3536,1996,7,6384,12524,-6140
3536,1996,8,6371,7304,-933
3536,1996,9,6359,5684,675
3536,1996,10,6367,4304,2063
3536,1996,11,6380,6004,376
3536,1996,12,6377,4904,1473
3536,1997,1,6359,12524,-6165
3536,1997,2,6357,3004,3353
3536,1997,3,6371,5304,1067
3536,1997,4,6374,7504,-1130
3536,1997,5,6375,5204,1171
3536,1997,6,6377,8604,-2227
3536,1997,7,6356,8544,-2188
3536,1997,8,6356,5304,1052
3536,1997,9,6362,7004,-642
3536,1997,10,6351,10904,-4553
3536,1997,11,6334,8404,-2070
3536,1997,12,6330,4364,1966
3536,1998,1,6328,8264,-1936
3536,1998,2,6326,7564,-1238
3536,1998,3,6323,5704,619
3536,1998,4,6329,2604,3725
3536,1998,5,6343,6204,139
3536,1998,6,6340,6944,-604
3536,1998,7,6335,5884,451
3536,1998,8,6342,5904,438
3536,1998,9,6341,7004,-663
3536,1998,10,6331,9724,-3393
3536,1998,11,6322,6504,-182
3536,1998,12,6328,3629,2699
3537,1997,8,600,0,600
3537,1997,9,16367,0,16367
3537,1997,10,8126,0,8126
3537,1997,11,6853,3300,3553
3537,1997,12,10241,5000,5241
3537,1998,1,6868,17461,-10593
3537,1998,2,6822,12610,-5788
3537,1998,3,6815,8510,-1695
3537,1998,4,6810,6910,-100
3537,1998,5,6811,6210,601
3537,1998,6,10190,8810,1380
3537,1998,7,6801,11410,-4609
3537,1998,8,7505,4510,2995
3537,1998,9,10517,6910,3607
3537,1998,10,6827,6210,617
3537,1998,11,6823,9010,-2187
3537,1998,12,10186,13995,-3809
3538,1993,8,400,0,400
3538,1993,9,24009,0,24009
3538,1993,10,23675,9900,13775
3538,1993,11,23700,19800,3900
3538,1993,12,35499,26100,9399
3538,1994,1,23699,44815,-21116
3538,1994,2,23733,1515,22218
3538,1994,3,23733,27835,-4102
3538,1994,4,23719,26955,-3236
3538,1994,5,23799,21815,1984
3538,1994,6,35493,47155,-11662
3538,1994,7,23737,9215,14522
3538,1994,8,23769,14995,8774
3538,1994,9,23799,16315,7484
3538,1994,10,23817,19915,3902
3538,1994,11,23826,21915,1911
3538,1994,12,35636,53375,-17739
3538,1995,1,23772,41535,-17763
3538,1995,2,23684,15,23669
3538,1995,3,23804,38415,-14611
3538,1995,4,23755,20975,2780
3538,1995,5,23793,23915,-122
3538,1995,6,35493,33815,1678
3538,1995,7,23735,24315,-580
3538,1995,8,23732,25115,-1383
3538,1995,9,23727,23215,512
3538,1995,10,23784,22035,1749
3538,1995,11,23766,22815,951
3538,1995,12,35572,30995,4577
3538,1996,1,23788,38495,-14707
3538,1996,2,23732,18675,5057
3538,1996,3,23722,20315,3407
3538,1996,4,23736,25615,-1879
3538,1996,5,23728,20815,2913
3538,1996,6,35545,31415,4130
3538,1996,7,23757,21315,2442
3538,1996,8,23780,26715,-2935
3538,1996,9,23772,25415,-1643
3538,1996,10,23742,25315,-1573
3538,1996,11,23734,26415,-2681
3538,1996,12,35551,37515,-1964
3538,1997,1,23715,46235,-22520
3538,1997,2,23638,15015,8623
3538,1997,3,23664,21515,2149
3538,1997,4,23673,20915,2758
3538,1997,5,23686,20115,3571
3538,1997,6,35432,48695,-13263
3538,1997,7,23657,14015,9642
3538,1997,8,23702,19915,3787
3538,1997,9,23693,24415,-722
3538,1997,10,23688,25215,-1527
3538,1997,11,23701,25615,-1914
3538,1997,12,35460,29015,6445
3538,1998,1,23683,40315,-16632
3538,1998,2,23646,18715,4931
3538,1998,3,23681,20995,2686
3538,1998,4,23681,17415,6266
3538,1998,5,23702,19515,4187
3538,1998,6,35482,31715,3767
3538,1998,7,23734,27595,-3861
3538,1998,8,23707,24315,-608
3538,1998,9,23701,25315,-1614
3538,1998,10,23693,25715,-2022
3538,1998,11,23705,24315,-610
3538,1998,12,35483,26200,9283
3539,1994,6,2406,0,2406
3539,1994,7,12039,0,12039
3539,1994,8,6976,2415,4561
3539,1994,9,45209,5215,39994
3539,1994,10,2207,17915,-15708
3539,1994,11,2160,10415,-8255
3539,1994,12,2132,8315,-6183
3539,1995,1,30426,8815,21611
3539,1995,2,1677,11665,-9988
3539,1995,3,1647,6965,-5318
3539,1995,4,1637,5515,-3878
3539,1995,5,1624,3315,-1691
3539,1995,6,1587,14915,-13328
3539,1995,7,7787,15,7772
3539,1995,8,1596,3415,-1819
3539,1995,9,2998,15,2983
3539,1995,10,2510,1015,1495
3539,1995,11,2111,15,2096
3539,1995,12,1620,3015,-1395
3539,1996,1,8498,8715,-217
3539,1996,2,2116,2615,-499
3539,1996,3,2915,265,2650
3539,1996,4,14086,3115,10971
3539,1996,5,42045,23315,18730
3539,1996,6,2193,25715,-23522
3539,1996,7,2849,15,2834
3539,1996,8,1660,2665,-1005
3539,1996,9,1652,4515,-2863
3539,1996,10,2243,1565,678
3539,1996,11,2548,15,2533
3539,1996,12,3860,915,2945
3539,1997,1,23872,14515,9357
3539,1997,2,2206,3115,-909
3539,1997,3,32585,16865,15720
3539,1997,4,2260,12265,-10005
3539,1997,5,2219,8815,-6596
3539,1997,6,2184,13915,-11731
3539,1997,7,2154,415,1739
3539,1997,8,3263,15,3248
3539,1997,9,4278,15,4263
3539,1997,10,2189,2615,-426
3539,1997,11,2183,4815,-2632
3539,1997,12,2164,10465,-8301
3539,1998,1,58746,15265,43481
3539,1998,2,2282,24615,-22333
3539,1998,3,2206,15415,-13209
3539,1998,4,2168,5615,-3447
3539,1998,5,2160,2165,-5
3539,1998,6,8526,21315,-12789
3539,1998,7,1709,15,1694
3539,1998,8,5724,1415,4309
3539,1998,9,6143,15,6128
3539,1998,10,28184,13515,14669
3539,1998,11,1704,7015,-5311
3539,1998,12,1681,9400,-7719
3540,1997,1,4460,0,4460
3540,1997,2,11997,0,11997
3540,1997,3,9742,0,9742
3540,1997,4,6173,0,6173
3540,1997,5,3988,1815,2173
3540,1997,6,3967,9300,-5333
3540,1997,7,3963,5680,-1717
3540,1997,8,4767,4480,287
3540,1997,9,3970,5980,-2010
3540,1997,10,4359,2580,1779
3540,1997,11,7267,2580,4687
3540,1997,12,3985,3110,875
3540,1998,1,7784,4770,3014
3540,1998,2,4001,5480,-1479
3540,1998,3,5594,3630,1964
3540,1998,4,7605,2580,5025
3540,1998,5,4022,4790,-768
3540,1998,6,4019,6140,-2121
3540,1998,7,6614,2580,4034
3540,1998,8,4025,8180,-4155
3540,1998,9,4604,5220,-616
3540,1998,10,4910,2580,2330
3540,1998,11,4019,2680,1339
3540,1998,12,4024,3135,889
3541,1997,3,5900,0,5900
3541,1997,4,5510,0,5510
3541,1997,5,5510,0,5510
3541,1997,6,5512,700,4812
3541,1997,7,5582,2855,2727
3541,1997,8,5593,9806,-4213
3541,1997,9,5573,6986,-1413
3541,1997,10,5573,1706,3867
3541,1997,11,5586,6906,-1320
3541,1997,12,5574,5666,-92
3541,1998,1,5569,10266,-4697
3541,1998,2,5553,5466,87
3541,1998,3,5564,1706,3858
3541,1998,4,5571,5466,105
3541,1998,5,5578,3626,1952
3541,1998,6,5589,1706,3883
3541,1998,7,5605,1706,3899
3541,1998,8,5621,1906,3715
3541,1998,9,5631,6706,-1075
3541,1998,10,5627,6306,-679
3541,1998,11,5620,8706,-3086
3541,1998,12,5614,2641,2973
3542,1993,6,4011,0,4011
3542,1993,7,3418,0,3418
3542,1993,8,3418,0,3418
3542,1993,9,3418,0,3418
3542,1993,10,3420,15,3405
3542,1993,11,3477,3122,355
3542,1993,12,3478,2762,716
3542,1994,1,3475,4502,-1027
3542,1994,2,3473,3152,321
3542,1994,3,3479,2282,1197
3542,1994,4,3484,2282,1202
3542,1994,5,3489,2282,1207
3542,1994,6,3490,8282,-4792
3542,1994,7,3474,2282,1192
3542,1994,8,3479,2282,1197
3542,1994,9,3483,3212,271
3542,1994,10,3481,3032,449
3542,1994,11,3485,3182,303
3542,1994,12,3485,2972,513
3542,1995,1,3478,5912,-2434
3542,1995,2,3480,2282,1198
3542,1995,3,3485,2282,1203
3542,1995,4,3489,2672,817
3542,1995,5,3492,3572,-80
3542,1995,6,3474,7652,-4178
3542,1995,7,3476,2282,1194
3542,1995,8,3481,2282,1199
3542,1995,9,3482,2972,510
3542,1995,10,3488,2282,1206
3542,1995,11,3492,3602,-110
3542,1995,12,3487,3722,-235
3542,1996,1,3483,6272,-2789
3542,1996,2,3477,3452,25
3542,1996,3,3480,2282,1198
3542,1996,4,3485,2282,1203
3542,1996,5,3490,2282,1208
3542,1996,6,3484,6182,-2698
3542,1996,7,3483,3302,181
3542,1996,8,3484,2282,1202
3542,1996,9,3489,2282,1207
3542,1996,10,3494,2282,1212
3542,1996,11,3499,2282,1217
3542,1996,12,3503,2972,531
3542,1997,1,3500,4472,-972
3542,1997,2,3502,2282,1220
3542,1997,3,3507,2282,1225
3542,1997,4,3508,3002,506
3542,1997,5,3506,4532,-1026
3542,1997,6,3506,5762,-2256
3542,1997,7,3500,2282,1218
3542,1997,8,3505,2282,1223
3542,1997,9,3510,2732,778
3542,1997,10,3514,2282,1232
3542,1997,11,3519,2282,1237
3542,1997,12,3523,3062,461
3542,1998,1,3517,5222,-1705
3542,1998,2,3518,2282,1236
3542,1998,3,3524,2282,1242
3542,1998,4,3529,2282,1247
3542,1998,5,3534,2282,1252
3542,1998,6,3517,8672,-5155
3542,1998,7,3516,3212,304
3542,1998,8,3519,2282,1237
3542,1998,9,3524,2282,1242
3542,1998,10,3529,2282,1247
3542,1998,11,3534,2282,1252
3542,1998,12,3539,2417,1122
3543,1996,7,900,0,900
3543,1996,8,3141,0,3141
3543,1996,9,3141,0,3141
3543,1996,10,3141,0,3141
3543,1996,11,3141,0,3141
3543,1996,12,3143,15,3128
3543,1997,1,3206,4959,-1753
3543,1997,2,3206,2109,1097
3543,1997,3,3211,2109,1102
3543,1997,4,3216,2109,1107
3543,1997,5,3220,2109,1111
3543,1997,6,3225,2109,1116
3543,1997,7,3227,4289,-1062
3543,1997,8,3225,2109,1116
3543,1997,9,3230,2109,1121
3543,1997,10,3230,3519,-289
3543,1997,11,3231,3579,-348
3543,1997,12,3232,2109,1123
3543,1998,1,3217,10409,-7192
3543,1998,2,3198,5309,-2111
3543,1998,3,3192,4309,-1117
3543,1998,4,3190,3209,-19
3543,1998,5,3193,2109,1084
3543,1998,6,3197,2109,1088
3543,1998,7,3198,3219,-21
3543,1998,8,3198,3309,-111
3543,1998,9,3201,2109,1092
3543,1998,10,3198,4609,-1411
3543,1998,11,3199,2499,700
3543,1998,12,3203,2094,1109
3544,1997,4,1100,0,1100
3544,1997,5,21251,0,21251
3544,1997,6,26797,15100,11697
3544,1997,7,17980,15700,2280
3544,1997,8,17977,6500,11477
3544,1997,9,17929,36890,-18961
3544,1997,10,17858,35666,-17808
3544,1997,11,17858,11090,6768
3544,1997,12,26819,15190,11629
3544,1998,1,17886,28090,-10204
3544,1998,2,17866,18690,-824
3544,1998,3,17881,12990,4891
3544,1998,4,17891,16090,1801
3544,1998,5,17882,20690,-2808
3544,1998,6,26794,10990,15804
3544,1998,7,17907,29090,-11183
3544,1998,8,17900,27690,-9790
3544,1998,9,17861,20190,-2329
3544,1998,10,17850,19790,-1940
3544,1998,11,17845,10990,6855
3544,1998,12,26777,19675,7102
3545,1993,2,900,0,900
3545,1993,3,21642,0,21642
3545,1993,4,20314,10600,9714
3545,1993,5,20351,12700,7651
3545,1993,6,30488,20800,9688
3545,1993,7,20411,22535,-2124
3545,1993,8,20385,31633,-11248
3545,1993,9,20362,18373,1989
3545,1993,10,20370,18473,1897
3545,1993,11,20372,20373,-1
3545,1993,12,30488,27493,2995
3545,1994,1,20359,26693,-6334
3545,1994,2,20378,15013,5365
3545,1994,3,20374,22773,-2399
3545,1994,4,20399,19373,1026
3545,1994,5,20360,25373,-5013
3545,1994,6,30447,31753,-1306
3545,1994,7,20374,8873,11501
3545,1994,8,20403,15173,5230
3545,1994,9,20401,19453,948
3545,1994,10,20409,20973,-564
3545,1994,11,20407,19873,534
3545,1994,12,30538,21053,9485
3545,1995,1,20406,34093,-13687
3545,1995,2,20390,18973,1417
3545,1995,3,20405,17473,2932
3545,1995,4,20405,20373,32
3545,1995,5,20415,17473,2942
3545,1995,6,30509,29873,636
3545,1995,7,20410,21473,-1063
3545,1995,8,20414,19473,941
3545,1995,9,20410,23873,-3463
3545,1995,10,20398,20173,225
3545,1995,11,20393,21673,-1280
3545,1995,12,30504,26053,4451
3545,1996,1,20370,32053,-11683
3545,1996,2,20366,18873,1493
3545,1996,3,20366,21173,-807
3545,1996,4,20365,20273,92
3545,1996,5,20360,21873,-1513
3545,1996,6,30457,45973,-15516
3545,1996,7,20309,24273,-3964
3545,1996,8,20342,20473,-131
3545,1996,9,20329,16673,3656
3545,1996,10,20342,20473,-131
3545,1996,11,20342,17073,3269
3545,1996,12,30476,27413,3063
3545,1997,1,20353,26473,-6120
3545,1997,2,20340,17373,2967
3545,1997,3,20336,19053,1283
3545,1997,4,20329,22433,-2104
3545,1997,5,20348,18473,1875
3545,1997,6,30452,27113,3339
3545,1997,7,20368,18473,1895
3545,1997,8,20365,20653,-288
3545,1997,9,20367,23473,-3106
3545,1997,10,20354,22173,-1819
3545,1997,11,20352,16073,4279
3545,1997,12,30481,30453,28
3545,1998,1,20354,26713,-6359
3545,1998,2,20336,20473,-137
3545,1998,3,20341,18153,2188
3545,1998,4,20335,19973,362
3545,1998,5,20347,19453,894
3545,1998,6,30465,27073,3392
3545,1998,7,20359,22273,-1914
3545,1998,8,20337,29213,-8876
3545,1998,9,20315,18973,1342
3545,1998,10,20311,24573,-4262
3545,1998,11,20322,7373,12949
3545,1998,12,30482,11198,19284
3546,1997,2,23132,0,23132
3546,1997,3,27043,0,27043
3546,1997,4,22516,9600,12916
3546,1997,5,22558,14300,8258
3546,1997,6,33750,17315,16435
3546,1997,7,22581,32668,-10087
3546,1997,8,22567,25168,-2601
3546,1997,9,22560,23868,-1308
3546,1997,10,22555,36068,-13513
3546,1997,11,22555,17468,5087
3546,1997,12,33745,27368,6377
3546,1998,1,22576,33968,-11392
3546,1998,2,22556,16568,5988
3546,1998,3,22579,21068,1511
3546,1998,4,22580,21268,1312
3546,1998,5,22590,22468,122
3546,1998,6,33711,37168,-3457
3546,1998,7,22575,24768,-2193
3546,1998,8,22566,21168,1398
3546,1998,9,22568,21468,1100
3546,1998,10,22571,25468,-2897
3546,1998,11,22562,20068,2494
3546,1998,12,33734,13453,20281
3547,1993,8,4339,0,4339
3547,1993,9,4044,0,4044
3547,1993,10,4044,0,4044
3547,1993,11,4044,0,4044
3547,1993,12,4078,3349,729
3547,1994,1,4092,7019,-2927
3547,1994,2,4089,2699,1390
3547,1994,3,4092,4059,33
3547,1994,4,4093,3819,274
3547,1994,5,4096,2699,1397
3547,1994,6,4102,2699,1403
3547,1994,7,4108,2699,1409
3547,1994,8,4114,2699,1415
3547,1994,9,4109,8059,-3950
3547,1994,10,4100,4939,-839
3547,1994,11,4099,2699,1400
3547,1994,12,4102,4359,-257
3547,1995,1,4088,8779,-4691
3547,1995,2,4084,2699,1385
3547,1995,3,4090,2699,1391
3547,1995,4,4094,5019,-925
3547,1995,5,4090,4539,-449
3547,1995,6,4090,2699,1391
3547,1995,7,4096,2699,1397
3547,1995,8,4102,3579,523
3547,1995,9,4104,2699,1405
3547,1995,10,4105,6219,-2114
3547,1995,11,4099,4699,-600
3547,1995,12,4097,3749,348
3547,1996,1,4088,6779,-2691
3547,1996,2,4089,2699,1390
3547,1996,3,4095,2699,1396
3547,1996,4,4100,2699,1401
3547,1996,5,4104,3979,125
3547,1996,6,4103,4379,-276
3547,1996,7,4104,4219,-115
3547,1996,8,4103,5259,-1156
3547,1996,9,4100,2699,1401
3547,1996,10,4099,6459,-2360
3547,1996,11,4096,2699,1397
3547,1996,12,4100,3399,701
3547,1997,1,4097,7259,-3162
3547,1997,2,4090,4299,-209
3547,1997,3,4091,2699,1392
3547,1997,4,4096,2699,1397
3547,1997,5,4098,4539,-441
3547,1997,6,4100,2699,1401
3547,1997,7,4105,3979,126
3547,1997,8,4106,2699,1407
3547,1997,9,4106,5259,-1153
3547,1997,10,4107,2699,1408
3547,1997,11,4113,2699,1414
3547,1997,12,4119,3099,1020
3547,1998,1,4104,10779,-6675
3547,1998,2,4095,2699,1396
3547,1998,3,4101,2699,1402
3547,1998,4,4107,2699,1408
3547,1998,5,4113,2699,1414
3547,1998,6,4118,4249,-131
3547,1998,7,4118,2699,1419
3547,1998,8,4124,2699,1425
3547,1998,9,4130,2699,1431
3547,1998,10,4132,5419,-1287
3547,1998,11,4130,2699,1431
3547,1998,12,4134,3784,350
3548,1993,11,1000,0,1000
3548,1993,12,6022,0,6022
3548,1994,1,6022,0,6022
3548,1994,2,6022,0,6022
3548,1994,3,6022,0,6022
3548,1994,4,6110,3601,2509
3548,1994,5,6138,9861,-3723
3548,1994,6,6121,7751,-1630
3548,1994,7,6121,4101,2020
3548,1994,8,6124,5901,223
3548,1994,9,6126,5601,525
3548,1994,10,6131,4701,1430
3548,1994,11,6132,6501,-369
3548,1994,12,6123,9701,-3578
3548,1995,1,6093,15751,-9658
3548,1995,2,6083,3601,2482
3548,1995,3,6094,3601,2493
3548,1995,4,6104,3601,2503
3548,1995,5,6114,3601,2513
3548,1995,6,6106,11401,-5295
3548,1995,7,6095,6321,-226
3548,1995,8,6102,3601,2501
3548,1995,9,6102,6961,-859
3548,1995,10,6109,3601,2508
3548,1995,11,6119,3601,2518
3548,1995,12,6127,4451,1676
3548,1996,1,6126,9871,-3745
3548,1996,2,6117,5521,596
3548,1996,3,6119,7361,-1242
3548,1996,4,6118,3601,2517
3548,1996,5,6126,4721,1405
3548,1996,6,6100,15861,-9761
3548,1996,7,6084,6881,-797
3548,1996,8,6092,6481,-389
3548,1996,9,6086,5681,405
3548,1996,10,6090,3601,2489
3548,1996,11,6095,5361,734
3548,1996,12,6101,4751,1350
3548,1997,1,6097,10001,-3904
3548,1997,2,6093,3601,2492
3548,1997,3,6103,4881,1222
3548,1997,4,6108,3601,2507
3548,1997,5,6119,3601,2518
3548,1997,6,6117,12451,-6334
3548,1997,7,6103,3601,2502
3548,1997,8,6113,3601,2512
3548,1997,9,6114,8481,-2367
3548,1997,10,6113,3601,2512
3548,1997,11,6124,3601,2523
3548,1997,12,6133,4251,1882
3548,1998,1,6119,16761,-10642
3548,1998,2,6095,6321,-226
3548,1998,3,6097,3601,2496
3548,1998,4,6107,3601,2506
3548,1998,5,6117,3601,2516
3548,1998,6,6120,7201,-1081
3548,1998,7,6123,3601,2522
3548,1998,8,6134,3601,2533
3548,1998,9,6144,3601,2543
3548,1998,10,6155,3601,2554
3548,1998,11,6165,3601,2564
3548,1998,12,6173,4786,1387
3549,1996,8,600,0,600
3549,1996,9,4898,0,4898
3549,1996,10,4898,0,4898
3549,1996,11,4898,0,4898
3549,1996,12,4898,0,4898
3549,1997,1,4957,12765,-7808
3549,1997,2,4955,3280,1675
3549,1997,3,4962,3280,1682
3549,1997,4,4967,5120,-153
3549,1997,5,4968,3280,1688
3549,1997,6,4969,5040,-71
3549,1997,7,4975,3280,1695
3549,1997,8,4982,3280,1702
3549,1997,9,4980,6280,-1300
3549,1997,10,4984,3280,1704
3549,1997,11,4979,8400,-3421
3549,1997,12,4974,4030,944
3549,1998,1,4963,9290,-4327
3549,1998,2,4963,3280,1683
3549,1998,3,4970,3280,1690
3549,1998,4,4977,3280,1697
3549,1998,5,4983,3760,1223
3549,1998,6,4970,9530,-4560
3549,1998,7,4970,3280,1690
3549,1998,8,4977,3280,1697
3549,1998,9,4982,5680,-698
3549,1998,10,4980,6000,-1020
3549,1998,11,4977,3280,1697
3549,1998,12,4975,6215,-1240
3550,1996,7,14180,0,14180
3550,1996,8,19954,0,19954
3550,1996,9,13308,4500,8808
3550,1996,10,13335,8200,5135
3550,1996,11,13351,10415,2936
3550,1996,12,19878,37997,-18119
3550,1997,1,13286,14877,-1591
3550,1997,2,13280,8777,4503
3550,1997,3,13270,17317,-4047
3550,1997,4,13282,9777,3505
3550,1997,5,13289,15437,-2148
3550,1997,6,29954,38697,-8743
3550,1997,7,14653,8777,5876
3550,1997,8,13276,9077,4199
3550,1997,9,13292,11177,2115
3550,1997,10,14604,8777,5827
3550,1997,11,13299,20077,-6778
3550,1997,12,19869,23237,-3368
3550,1998,1,13281,13077,204
3550,1998,2,13271,14057,-786
3550,1998,3,13278,13777,-499
3550,1998,4,13269,11897,1372
3550,1998,5,13283,12077,1206
3550,1998,6,22038,25737,-3699
3550,1998,7,16964,14657,2307
3550,1998,8,13279,13777,-498
3550,1998,9,13280,10377,2903
3550,1998,10,13284,17077,-3793
3550,1998,11,13274,12077,1197
3550,1998,12,19862,12442,7420
3551,1993,10,700,0,700
3551,1993,11,13718,0,13718
3551,1993,12,8867,0,8867
3551,1994,1,3392,300,3092
3551,1994,2,3400,2300,1100
3551,1994,3,3406,2174,1232
3551,1994,4,3406,4987,-1581
3551,1994,5,3401,4307,-906
3551,1994,6,4101,4037,64
3551,1994,7,3803,2207,1596
3551,1994,8,3401,5657,-2256
3551,1994,9,3399,2207,1192
3551,1994,10,3396,5107,-1711
3551,1994,11,3395,2907,488
3551,1994,12,3397,2957,440
3551,1995,1,3383,9917,-6534
3551,1995,2,9091,2207,6884
3551,1995,3,4205,2207,1998
3551,1995,4,3403,4707,-1304
3551,1995,5,3398,4507,-1109
3551,1995,6,3587,10127,-6540
3551,1995,7,4676,2867,1809
3551,1995,8,3682,2207,1475
3551,1995,9,4591,2207,2384
3551,1995,10,3395,2607,788
3551,1995,11,3400,2207,1193
3551,1995,12,3805,2567,1238
3551,1996,1,3396,6947,-3551
3551,1996,2,7206,3257,3949
3551,1996,3,3405,4107,-702
3551,1996,4,3609,2207,1402
3551,1996,5,4318,2207,2111
3551,1996,6,3399,12997,-9598
3551,1996,7,9204,2207,6997
3551,1996,8,3409,3107,302
3551,1996,9,3408,3707,-299
3551,1996,10,3411,3707,-296
3551,1996,11,6312,2207,4105
3551,1996,12,3426,6027,-2601
3551,1997,1,3413,4817,-1404
3551,1997,2,4311,2207,2104
3551,1997,3,4020,2207,1813
3551,1997,4,4127,2777,1350
3551,1997,5,3928,3497,431
3551,1997,6,5215,7817,-2602
3551,1997,7,7626,2207,5419
3551,1997,8,4243,3167,1076
3551,1997,9,3447,7407,-3960
3551,1997,10,3433,3707,-274
3551,1997,11,3427,6537,-3110
3551,1997,12,3418,3577,-159
3551,1998,1,3714,4127,-413
3551,1998,2,3413,4827,-1414
3551,1998,3,3406,7907,-4501
3551,1998,4,3386,8207,-4821
3551,1998,5,3365,8067,-4702
3551,1998,6,3351,3807,-456
3551,1998,7,3350,2207,1143
3551,1998,8,3355,2207,1148
3551,1998,9,3357,3317,40
3551,1998,10,3357,2927,430
3551,1998,11,3360,3347,13
3551,1998,12,3361,2372,989
3552,1995,9,11809,0,11809
3552,1995,10,20886,0,20886
3552,1995,11,11628,5400,6228
3552,1995,12,17403,7300,10103
3552,1996,1,11655,23923,-12268
3552,1996,2,11622,14263,-2641
3552,1996,3,11627,8963,2664
3552,1996,4,11624,13663,-2039
3552,1996,5,11619,12263,-644
3552,1996,6,17924,26543,-8619
3552,1996,7,15206,7663,7543
3552,1996,8,18141,10543,7598
3552,1996,9,11653,12883,-1230
3552,1996,10,11654,8363,3291
3552,1996,11,11656,12223,-567
3552,1996,12,17411,13383,4028
3552,1997,1,25419,36623,-11204
3552,1997,2,15834,7663,8171
3552,1997,3,21050,18223,2827
3552,1997,4,15080,7663,7417
3552,1997,5,13908,9463,4445
3552,1997,6,21548,19983,1565
3552,1997,7,11731,11363,368
3552,1997,8,11734,9363,2371
3552,1997,9,11742,11763,-21
3552,1997,10,12534,15583,-3049
3552,1997,11,11731,9263,2468
3552,1997,12,18687,12143,6544
3552,1998,1,18447,25063,-6616
3552,1998,2,13235,11023,2212
3552,1998,3,12051,7663,4388
3552,1998,4,12369,8743,3626
3552,1998,5,11781,9983,1798
3552,1998,6,23204,24303,-1099
3552,1998,7,11783,10763,1020
3552,1998,8,11791,7963,3828
3552,1998,9,11800,12563,-763
3552,1998,10,11792,15063,-3271
3552,1998,11,11781,12763,-982
3552,1998,12,17522,16328,1194
3553,1995,8,1000,0,1000
3553,1995,9,18164,0,18164
3553,1995,10,15442,7700,7742
3553,1995,11,15471,14000,1471
3553,1995,12,23160,14600,8560
3553,1996,1,15511,18215,-2704
3553,1996,2,15504,12115,3389
3553,1996,3,15539,19315,-3776
3553,1996,4,15500,18015,-2515
3553,1996,5,15491,14115,1376
3553,1996,6,23179,17615,5564
3553,1996,7,15517,16815,-1298
3553,1996,8,15524,21515,-5991
3553,1996,9,15490,13615,1875
3553,1996,10,15495,15815,-320
3553,1996,11,15496,14415,1081
3553,1996,12,23227,23515,-288
3553,1997,1,15497,17115,-1618
3553,1997,2,15507,17215,-1708
3553,1997,3,15482,16615,-1133
3553,1997,4,15476,18015,-2539
3553,1997,5,15470,13915,1555
3553,1997,6,23159,19415,3744
3553,1997,7,15486,23715,-8229
3553,1997,8,15461,22115,-6654
3553,1997,9,15430,14615,815
3553,1997,10,15442,10015,5427
3553,1997,11,15452,16515,-1063
3553,1997,12,23137,19915,3222
3553,1998,1,15472,11315,4157
3553,1998,2,15478,16615,-1137
3553,1998,3,15479,13615,1864
3553,1998,4,15489,12415,3074
3553,1998,5,15506,14815,691
3553,1998,6,23187,23715,-528
3553,1998,7,15508,10415,5093
3553,1998,8,15527,11315,4212
3553,1998,9,15524,20915,-5391
3553,1998,10,15514,15515,-1
3553,1998,11,15512,15615,-103
3553,1998,12,23195,21700,1495
3554,1993,2,47983,0,47983
3554,1993,3,1574,14900,-13326
3554,1993,4,1534,6715,-5181
3554,1993,5,1518,3965,-2447
3554,1993,6,1498,12215,-10717
3554,1993,7,7480,1715,5765
3554,1993,8,2297,15,2282
3554,1993,9,1500,2215,-715
3554,1993,10,2604,15,2589
3554,1993,11,1506,2915,-1409
3554,1993,12,1497,4615,-3118
3554,1994,1,3588,4915,-1327
3554,1994,2,2186,1265,921
3554,1994,3,4197,765,3432
3554,1994,4,24295,3515,20780
3554,1994,5,1562,11265,-9703
3554,1994,6,1541,4515,-2974
3554,1994,7,1531,3665,-2134
3554,1994,8,1519,5215,-3696
3554,1994,9,1503,4515,-3012
3554,1994,10,2104,15,2089
3554,1994,11,1507,2015,-508
3554,1994,12,1504,2415,-911
3554,1995,1,1500,6065,-4565
3554,1995,2,46256,15,46241
3554,1995,3,1634,22515,-20881
3554,1995,4,1566,13765,-12199
3554,1995,5,1528,5815,-4287
3554,1995,6,1495,10115,-8620
3554,1995,7,48739,15,48724
3554,1995,8,1640,21715,-20075
3554,1995,9,1578,14215,-12637
3554,1995,10,1533,7715,-6182
3554,1995,11,1517,4415,-2898
3554,1995,12,1606,5065,-3459
3554,1996,1,47426,4665,42761
3554,1996,2,1635,21715,-20080
3554,1996,3,1571,10915,-9344
3554,1996,4,1539,7515,-5976
3554,1996,5,1526,4665,-3139
3554,1996,6,2213,6265,-4052
3554,1996,7,1506,615,891
3554,1996,8,32887,15115,17772
3554,1996,9,1576,7415,-5839
3554,1996,10,1549,9215,-7666
3554,1996,11,1517,6465,-4948
3554,1996,12,1497,2515,-1018
3554,1997,1,1484,5365,-3881
3554,1997,2,1478,4315,-2837
3554,1997,3,1468,1765,-297
3554,1997,4,1567,965,602
3554,1997,5,1467,3315,-1848
3554,1997,6,1462,15,1447
3554,1997,7,1468,415,1053
3554,1997,8,1469,3615,-2146
3554,1997,9,1463,15,1448
3554,1997,10,1466,2615,-1149
3554,1997,11,25371,2865,22506
3554,1997,12,38895,34815,4080
3554,1998,1,1546,21015,-19469
3554,1998,2,1483,7915,-6432
3554,1998,3,1463,2615,-1152
3554,1998,4,1460,1615,-155
3554,1998,5,1460,615,845
3554,1998,6,48068,31215,16853
3554,1998,7,42078,26815,15263
3554,1998,8,1578,13065,-11487
3554,1998,9,1549,5315,-3766
3554,1998,10,1530,2565,-1035
3554,1998,11,1528,1015,513
3554,1998,12,2826,3700,-874
3555,1994,9,700,0,700
3555,1994,10,20765,0,20765
3555,1994,11,20647,8500,12147
3555,1994,12,30972,20100,10872
3555,1995,1,20733,20700,33
3555,1995,2,20735,18015,2720
3555,1995,3,20752,26293,-5541
3555,1995,4,20732,22993,-2261
3555,1995,5,20720,24793,-4073
3555,1995,6,30999,27393,3606
3555,1995,7,20694,31193,-10499
3555,1995,8,20680,17893,2787
3555,1995,9,20662,29793,-9131
3555,1995,10,20651,19293,1358
3555,1995,11,20655,19293,1362
3555,1995,12,30931,29093,1838
3555,1996,1,20653,24908,-4255
3555,1996,2,20649,22393,-1744
3555,1996,3,20649,15393,5256
3555,1996,4,20664,18993,1671
3555,1996,5,20668,20493,175
3555,1996,6,30951,34393,-3442
3555,1996,7,20651,22091,-1440
3555,1996,8,20660,13993,6667
3555,1996,9,20674,20193,481
3555,1996,10,23364,27972,-4608
3555,1996,11,20662,17193,3469
3555,1996,12,30946,37754,-6808
3555,1997,1,20659,15493,5166
3555,1997,2,25991,12593,13398
3555,1997,3,20710,23693,-2983
3555,1997,4,20693,22907,-2214
3555,1997,5,28613,35135,-6522
3555,1997,6,38493,24893,13600
3555,1997,7,20843,12593,8250
3555,1997,8,20758,18693,2065
3555,1997,9,20751,32393,-11642
3555,1997,10,20727,15493,5234
3555,1997,11,20738,18877,1861
3555,1997,12,30975,54087,-23112
3555,1998,1,21657,22493,-836
3555,1998,2,23471,12593,10878
3555,1998,3,22189,33369,-11180
3555,1998,4,25276,12593,12683
3555,1998,5,20704,16793,3911
3555,1998,6,33875,34330,-455
3555,1998,7,20715,29314,-8599
3555,1998,8,20689,14493,6196
3555,1998,9,20696,33793,-13097
3555,1998,10,21167,12593,8574
3555,1998,11,20696,14393,6303
3555,1998,12,30990,22972,8018
3556,1997,8,1100,0,1100
3556,1997,9,23293,0,23293
3556,1997,10,17589,9400,8189
3556,1997,11,17621,13400,4221
3556,1997,12,26384,16000,10384
3556,1998,1,17662,43550,-25888
3556,1998,2,24703,15601,9102
3556,1998,3,17637,22813,-5176
3556,1998,4,21385,23145,-1760
3556,1998,5,17723,11639,6084
3556,1998,6,26402,27480,-1078
3556,1998,7,18623,17353,1270
3556,1998,8,17620,24439,-6819
3556,1998,9,17611,16215,1396
3556,1998,10,17610,17253,357
3556,1998,11,17616,12953,4663
3556,1998,12,26351,33196,-6845
3557,1996,11,3803,0,3803
3557,1996,12,3409,0,3409
3557,1997,1,3409,0,3409
3557,1997,2,3409,0,3409
3557,1997,3,3411,15,3396
3557,1997,4,3468,2517,951
3557,1997,5,3472,2757,715
3557,1997,6,3465,5997,-2532
3557,1997,7,3463,2607,856
3557,1997,8,3468,2277,1191
3557,1997,9,3473,2277,1196
3557,1997,10,3478,2277,1201
3557,1997,11,3483,2637,846
3557,1997,12,3486,2937,549
3557,1998,1,3478,8937,-5459
3557,1998,2,3466,2277,1189
3557,1998,3,3471,2277,1194
3557,1998,4,3474,2667,807
3557,1998,5,3477,2757,720
3557,1998,6,3481,4017,-536
3557,1998,7,3475,3747,-272
3557,1998,8,3479,2277,1202
3557,1998,9,3484,2277,1207
3557,1998,10,3489,2277,1212
3557,1998,11,3494,2277,1217
3557,1998,12,3499,2592,907
3558,1993,5,400,0,400
3558,1993,6,65668,22700,42968
3558,1993,7,43941,30900,13041
3558,1993,8,43986,38200,5786
3558,1993,9,44037,52600,-8563
3558,1993,10,43958,57236,-13278
3558,1993,11,43911,52110,-8199
3558,1993,12,65847,42478,23369
3558,1994,1,43922,59229,-15307
3558,1994,2,43931,38231,5700
3558,1994,3,43963,39478,4485
3558,1994,4,43928,52405,-8477
3558,1994,5,43901,46918,-3017
3558,1994,6,65859,43778,22081
3558,1994,7,44030,39378,4652
3558,1994,8,44015,48178,-4163
3558,1994,9,43941,75856,-31915
3558,1994,10,43916,27878,16038
3558,1994,11,43935,40734,3201
3558,1994,12,65860,57518,8342
3558,1995,1,43940,71578,-27638
3558,1995,2,43958,26378,17580
3558,1995,3,43948,44978,-1030
3558,1995,4,43959,35378,8581
3558,1995,5,43976,55978,-12002
3558,1995,6,65824,65222,602
3558,1995,7,43939,37078,6861
3558,1995,8,44030,13578,30452
3558,1995,9,44095,45838,-1743
3558,1995,10,44085,33585,10500
3558,1995,11,44088,44478,-390
3558,1995,12,66033,61278,4755
3558,1996,1,44079,75478,-31399
3558,1996,2,43989,42722,1267
3558,1996,3,43997,46471,-2474
3558,1996,4,43994,31856,12138
3558,1996,5,44073,28878,15195
3558,1996,6,65875,113278,-47403
3558,1996,7,43992,25743,18249
3558,1996,8,44055,18453,25602
3558,1996,9,44104,31178,12926
3558,1996,10,44150,33878,10272
3558,1996,11,44065,76048,-31983
3558,1996,12,65986,31578,34408
3558,1997,1,44110,68278,-24168
3558,1997,2,44054,70874,-26820
3558,1997,3,44023,23429,20594
3558,1997,4,44084,31668,12416
3558,1997,5,44114,49417,-5303
3558,1997,6,65912,91890,-25978
3558,1997,7,44035,42378,1657
3558,1997,8,44096,32378,11718
3558,1997,9,44014,65192,-21178
3558,1997,10,44054,28878,15176
3558,1997,11,44111,41478,2633
3558,1997,12,65928,76556,-10628
3558,1998,1,44000,46280,-2280
3558,1998,2,44050,37484,6566
3558,1998,3,44096,33078,11018
3558,1998,4,44071,44307,-236
3558,1998,5,44065,54044,-9979
3558,1998,6,66002,59478,6524
3558,1998,7,44077,47430,-3353
3558,1998,8,44078,43462,616
3558,1998,9,44104,27578,16526
3558,1998,10,44045,62398,-18353
3558,1998,11,44093,27778,16315
3558,1998,12,65985,83301,-17316
3559,1995,12,600,0,600
3559,1996,1,18644,0,18644
3559,1996,2,14118,6200,7918
3559,1996,3,14151,9400,4751
3559,1996,4,14170,11200,2970
3559,1996,5,14182,12315,1867
3559,1996,6,21193,29033,-7840
3559,1996,7,14180,9233,4947
3559,1996,8,14191,15833,-1642
3559,1996,9,14191,11633,2558
3559,1996,10,14195,16133,-1938
3559,1996,11,14194,10033,4161
3559,1996,12,21237,19433,1804
3559,1997,1,14198,16733,-2535
3559,1997,2,14208,9233,4975
3559,1997,3,14224,14633,-409
3559,1997,4,14218,15633,-1415
3559,1997,5,14209,14033,176
3559,1997,6,23129,23933,-804
3559,1997,7,14516,9033,5483
3559,1997,8,14245,6133,8112
3559,1997,9,14266,14233,33
3559,1997,10,14269,12033,2236
3559,1997,11,14268,17633,-3365
3559,1997,12,21288,18633,2655
3559,1998,1,14248,26433,-12185
3559,1998,2,14215,15533,-1318
3559,1998,3,14216,13233,983
3559,1998,4,14222,11133,3089
3559,1998,5,14231,13333,898
3559,1998,6,21212,31333,-10121
3559,1998,7,14200,8933,5267
3559,1998,8,14212,13433,779
3559,1998,9,14220,10433,3787
3559,1998,10,14224,14933,-709
3559,1998,11,14224,14133,91
3559,1998,12,21283,5018,16265
3560,1996,11,800,0,800
3560,1996,12,5026,0,5026
3560,1997,1,5026,0,5026
3560,1997,2,5026,0,5026
3560,1997,3,5026,0,5026
3560,1997,4,5095,3515,1580
3560,1997,5,5123,4065,1058
3560,1997,6,5130,3365,1765
3560,1997,7,5131,5265,-134
3560,1997,8,5109,11825,-6716
3560,1997,9,5109,3365,1744
3560,1997,10,5110,5065,45
3560,1997,11,5108,8405,-3297
3560,1997,12,5082,9205,-4123
3560,1998,1,5081,5365,-284
3560,1998,2,5084,3365,1719
3560,1998,3,5091,3365,1726
3560,1998,4,5098,3365,1733
3560,1998,5,5106,3365,1741
3560,1998,6,5107,6085,-978
3560,1998,7,5084,10165,-5081
3560,1998,8,5088,3365,1723
3560,1998,9,5095,3365,1730
3560,1998,10,5083,8465,-3382
3560,1998,11,5088,3665,1423
3560,1998,12,5093,4700,393
3561,1997,10,600,0,600
3561,1997,11,4324,0,4324
3561,1997,12,4324,0,4324
3561,1998,1,4356,900,3456
3561,1998,2,4377,0,4377
3561,1998,3,4393,1915,2478
3561,1998,4,4414,1804,2610
3561,1998,5,4422,2804,1618
3561,1998,6,4408,10604,-6196
3561,1998,7,4403,2884,1519
3561,1998,8,4407,3404,1003
3561,1998,9,4416,1804,2612
3561,1998,10,4406,9004,-4598
3561,1998,11,4408,1804,2604
3561,1998,12,4419,1789,2630
3562,1996,7,1000,0,1000
3562,1996,8,84974,10700,74274
3562,1996,9,54405,63800,-9395
3562,1996,10,188608,147415,41193
3562,1996,11,74608,112115,-37507
3562,1996,12,54925,33515,21410
3562,1997,1,226,69695,-69469
3562,1997,2,8196,4415,3781
3562,1997,3,52098,5815,46283
3562,1997,4,250,22015,-21765
3562,1997,5,14712,36841,-22129
3562,1997,6,11215,8315,2900
3562,1997,7,27407,9015,18392
3562,1997,8,46318,27806,18512
3562,1997,9,211,27331,-27120
3562,1997,10,61337,18712,42625
3562,1997,11,264,29215,-28951
3562,1997,12,42565,33944,8621
3562,1998,1,17045,35815,-18770
3562,1998,2,28214,18224,9990
3562,1998,3,28585,20115,8470
3562,1998,4,31595,12315,19280
3562,1998,5,61174,71315,-10141
3562,1998,6,157260,123928,33332
3562,1998,7,48778,48529,249
3562,1998,8,23890,83806,-59916
3562,1998,9,167,7406,-7239
3562,1998,10,73076,7306,65770
3562,1998,11,92887,93506,-619
3562,1998,12,9228,58982,-49754
3563,1996,7,19152,0,19152
3563,1996,8,19533,0,19533
3563,1996,9,18290,5800,12490
3563,1996,10,18323,11700,6623
3563,1996,11,18331,19415,-1084
3563,1996,12,27408,32215,-4807
3563,1997,1,18331,29015,-10684
3563,1997,2,18262,15,18247
3563,1997,3,18348,31115,-12767
3563,1997,4,18282,19315,-1033
3563,1997,5,18278,17415,863
3563,1997,6,27333,37315,-9982
3563,1997,7,18267,14915,3352
3563,1997,8,18255,17315,940
3563,1997,9,18258,18915,-657
3563,1997,10,18254,20015,-1761
3563,1997,11,18246,20715,-2469
3563,1997,12,27292,26515,777
3563,1998,1,18256,36615,-18359
3563,1998,2,18172,12915,5257
3563,1998,3,18189,14015,4174
3563,1998,4,18239,16315,1924
3563,1998,5,18211,18015,196
3563,1998,6,27247,37315,-10068
3563,1998,7,18174,14315,3859
3563,1998,8,18230,13115,5115
3563,1998,9,18211,15115,3096
3563,1998,10,18226,13715,4511
3563,1998,11,18243,15315,2928
3563,1998,12,27306,20100,7206
3564,1996,11,1000,0,1000
3564,1996,12,17666,0,17666
3564,1997,1,7039,2600,4439
3564,1997,2,7056,3300,3756
3564,1997,3,7065,6500,565
3564,1997,4,7078,5015,2063
3564,1997,5,7082,3515,3567
3564,1997,6,10566,14715,-4149
3564,1997,7,7079,4215,2864
3564,1997,8,7081,8315,-1234
3564,1997,9,7085,4815,2270
3564,1997,10,7087,9015,-1928
3564,1997,11,7079,7815,-736
3564,1997,12,10572,5215,5357
3564,1998,1,7080,16915,-9835
3564,1998,2,8984,15,8969
3564,1998,3,7095,9715,-2620
3564,1998,4,7090,12115,-5025
3564,1998,5,7071,4615,2456
3564,1998,6,17607,28215,-10608
3564,1998,7,7046,1515,5531
3564,1998,8,7059,5015,2044
3564,1998,9,7084,115,6969
3564,1998,10,7104,2715,4389
3564,1998,11,7104,8515,-1411
3564,1998,12,10593,8300,2293
3565,1997,2,300,0,300
3565,1997,3,15633,0,15633
3565,1997,4,11489,0,11489
3565,1997,5,3713,1500,2213
3565,1997,6,3714,4800,-1086
3565,1997,7,3713,3921,-208
3565,1997,8,5725,2411,3314
3565,1997,9,3724,5811,-2087
3565,1997,10,3722,3091,631
3565,1997,11,3720,5211,-1491
3565,1997,12,3712,5231,-1519
3565,1998,1,5407,8891,-3484
3565,1998,2,3695,4421,-726
3565,1998,3,3681,6591,-2910
3565,1998,4,4789,2411,2378
3565,1998,5,3692,3911,-219
3565,1998,6,5878,10061,-4183
3565,1998,7,8291,2411,5880
3565,1998,8,4505,2411,2094
3565,1998,9,3908,2411,1497
3565,1998,10,3814,2411,1403
3565,1998,11,3709,5811,-2102
3565,1998,12,3703,4876,-1173
3566,1993,6,8352,0,8352
3566,1993,7,13021,0,13021
3566,1993,8,5858,0,5858
3566,1993,9,5476,2300,3176
3566,1993,10,5484,4815,669
3566,1993,11,5478,5485,-7
3566,1993,12,8153,8885,-732
3566,1994,1,5448,22685,-17237
3566,1994,2,11026,5885,5141
3566,1994,3,12356,3585,8771
3566,1994,4,8277,3585,4692
3566,1994,5,5480,6685,-1205
3566,1994,6,8159,6285,1874
3566,1994,7,5475,12385,-6910
3566,1994,8,5461,4685,776
3566,1994,9,5457,8285,-2828
3566,1994,10,8367,3585,4782
3566,1994,11,5467,4985,482
3566,1994,12,8146,10885,-2739
3566,1995,1,8737,15285,-6548
3566,1995,2,5433,7785,-2352
3566,1995,3,8236,3685,4551
3566,1995,4,9245,3585,5660
3566,1995,5,5468,5485,-17
3566,1995,6,8151,3785,4366
3566,1995,7,5487,8385,-2898
3566,1995,8,5468,6885,-1417
3566,1995,9,5471,4985,486
3566,1995,10,5469,4885,584
3566,1995,11,5472,4285,1187
3566,1995,12,8159,10785,-2626
3566,1996,1,5443,11685,-6242
3566,1996,2,6537,7085,-548
3566,1996,3,5440,5985,-545
3566,1996,4,5437,6385,-948
3566,1996,5,5428,7285,-1857
3566,1996,6,8101,8485,-384
3566,1996,7,5417,7985,-2568
3566,1996,8,5407,6685,-1278
3566,1996,9,5406,3585,1821
3566,1996,10,5411,7585,-2174
3566,1996,11,5404,3585,1819
3566,1996,12,8295,6585,1710
3566,1997,1,5419,5585,-166
3566,1997,2,5412,7285,-1873
3566,1997,3,5411,3585,1826
3566,1997,4,5418,3585,1833
3566,1997,5,5425,3585,1840
3566,1997,6,8116,3585,4531
3566,1997,7,5441,8285,-2844
3566,1997,8,5420,13785,-8365
3566,1997,9,5405,3585,1820
3566,1997,10,5412,3585,1827
3566,1997,11,5420,3585,1835
3566,1997,12,8107,4885,3222
3566,1998,1,5422,11785,-6363
3566,1998,2,5418,3585,1833
3566,1998,3,5422,3585,1837
3566,1998,4,5424,7085,-1661
3566,1998,5,5423,3585,1838
3566,1998,6,8113,3585,4528
3566,1998,7,5453,3585,1868
3566,1998,8,5446,7085,-1639
3566,1998,9,5449,3585,1864
3566,1998,10,5457,4685,772
3566,1998,11,5460,3585,1875
3566,1998,12,8154,4270,3884
3567,1994,12,11583,0,11583
3567,1995,1,4948,0,4948
3567,1995,2,76422,0,76422
3567,1995,3,387,33100,-32713
3567,1995,4,7414,20000,-12586
3567,1995,5,49487,11015,38472
3567,1995,6,33493,61164,-27671
3567,1995,7,161,29234,-29073
3567,1995,8,24962,31362,-6400
3567,1995,9,22149,8114,14035
3567,1995,10,41932,14714,27218
3567,1995,11,219,18814,-18595
3567,1995,12,21977,25714,-3737
3567,1996,1,23114,8114,15000
3567,1996,2,71344,42714,28630
3567,1996,3,11303,35114,-23811
3567,1996,4,31593,17114,14479
3567,1996,5,32893,47137,-14244
3567,1996,6,34461,21080,13381
3567,1996,7,120088,98314,21774
3567,1996,8,72730,108307,-35577
3567,1996,9,36360,21914,14446
3567,1996,10,6474,33014,-26540
3567,1996,11,37542,25524,12018
3567,1996,12,48936,67255,-18319
3567,1997,1,36692,48151,-11459
3567,1997,2,97465,44919,52546
3567,1997,3,256,39627,-39371
3567,1997,4,146,20114,-19968
3567,1997,5,7199,8114,-915
3567,1997,6,11711,8114,3597
3567,1997,7,25878,8114,17764
3567,1997,8,149,11514,-11365
3567,1997,9,61342,8414,52928
3567,1997,10,14100,69363,-55263
3567,1997,11,71423,8114,63309
3567,1997,12,80883,118904,-38021
3567,1998,1,147,27799,-27652
3567,1998,2,87,10114,-10027
3567,1998,3,3864,8114,-4250
3567,1998,4,14400,8114,6286
3567,1998,5,4474,8114,-3640
3567,1998,6,3957,8114,-4157
3567,1998,7,132595,84561,48034
3567,1998,8,158,41114,-40956
3567,1998,9,31273,35550,-4277
3567,1998,10,26625,16214,10411
3567,1998,11,83,8114,-8031
3567,1998,12,51512,34522,16990
3568,1996,4,5757,0,5757
3568,1996,5,5267,0,5267
3568,1996,6,5267,0,5267
3568,1996,7,5267,0,5267
3568,1996,8,5315,1115,4200
3568,1996,9,5352,3841,1511
3568,1996,10,5360,5801,-441
3568,1996,11,5347,9421,-4074
3568,1996,12,5336,7071,-1735
3568,1997,1,5315,12241,-6926
3568,1997,2,5308,2641,2667
3568,1997,3,5308,6001,-693
3568,1997,4,5316,2641,2675
3568,1997,5,5327,2641,2686
3568,1997,6,5323,10541,-5218
3568,1997,7,5312,3641,1671
3568,1997,8,5315,5041,274
3568,1997,9,5315,5341,-26
3568,1997,10,5317,4941,376
3568,1997,11,5326,2641,2685
3568,1997,12,5321,11971,-6650
3568,1998,1,5303,6161,-858
3568,1998,2,5306,2641,2665
3568,1998,3,5307,5541,-234
3568,1998,4,5312,3441,1871
3568,1998,5,5324,6441,-1117
3568,1998,6,5319,6841,-1522
3568,1998,7,5311,9141,-3830
3568,1998,8,5297,2641,2656
3568,1998,9,5308,2641,2667
3568,1998,10,5315,10741,-5426
3568,1998,11,5296,2641,2655
3568,1998,12,5306,3326,1980
3569,1996,9,400,0,400
3569,1996,10,12122,0,12122
3569,1996,11,6162,0,6162
3569,1996,12,3885,15,3870
3569,1997,1,3983,13315,-9332
3569,1997,2,44837,16615,28222
3569,1997,3,1854,11165,-9311
3569,1997,4,1819,8715,-6896
3569,1997,5,2004,2415,-411
3569,1997,6,1784,9365,-7581
3569,1997,7,1774,815,959
3569,1997,8,1779,1315,464
3569,1997,9,1772,4415,-2643
3569,1997,10,34989,18915,16074
3569,1997,11,1821,8015,-6194
3569,1997,12,1793,6815,-5022
3569,1998,1,4284,6565,-2281
3569,1998,2,1776,2865,-1089
3569,1998,3,1772,1915,-143
3569,1998,4,1763,6215,-4452
3569,1998,5,32947,215,32732
3569,1998,6,1848,15615,-13767
3569,1998,7,1820,7765,-5945
3569,1998,8,1792,6715,-4923
3569,1998,9,1776,6315,-4539
3569,1998,10,1762,4115,-2353
3569,1998,11,1762,15,1747
3569,1998,12,29299,3700,25599
3570,1993,11,1000,0,1000
3570,1993,12,17740,0,17740
3570,1994,1,6937,0,6937
3570,1994,2,5862,4700,1162
3570,1994,3,5868,2700,3168
3570,1994,4,5879,6915,-1036
3570,1994,5,5881,6351,-470
3570,1994,6,9423,16851,-7428
3570,1994,7,8451,4851,3600
3570,1994,8,7265,3851,3414
3570,1994,9,5875,7151,-1276
3570,1994,10,7874,7951,-77
3570,1994,11,5871,5251,620
3570,1994,12,8756,9251,-495
3570,1995,1,13951,21251,-7300
3570,1995,2,12247,4551,7696
3570,1995,3,7977,3851,4126
3570,1995,4,8388,8751,-363
3570,1995,5,7692,3851,3841
3570,1995,6,9882,22151,-12269
3570,1995,7,12464,3851,8613
3570,1995,8,8695,3851,4844
3570,1995,9,7112,6651,461
3570,1995,10,9012,7051,1961
3570,1995,11,7624,3851,3773
3570,1995,12,8803,12751,-3948
3570,1996,1,7501,17351,-9850
3570,1996,2,13192,4651,8541
3570,1996,3,5911,5951,-40
3570,1996,4,7918,3851,4067
3570,1996,5,5929,5051,878
3570,1996,6,11608,9751,1857
3570,1996,7,6129,8151,-2022
3570,1996,8,5927,7151,-1224
3570,1996,9,5925,5451,474
3570,1996,10,5912,13251,-7339
3570,1996,11,6602,3851,2751
3570,1996,12,11300,5151,6149
3570,1997,1,6918,14751,-7833
3570,1997,2,11505,8151,3354
3570,1997,3,5917,4251,1666
3570,1997,4,7529,3851,3678
3570,1997,5,5936,8051,-2115
3570,1997,6,15097,15051,46
3570,1997,7,10041,4451,5590
3570,1997,8,5948,6051,-103
3570,1997,9,5951,4951,1000
3570,1997,10,5943,8951,-3008
3570,1997,11,5945,5751,194
3570,1997,12,8815,9351,-536
3570,1998,1,9625,15051,-5426
3570,1998,2,11537,4751,6786
3570,1998,3,6751,8851,-2100
3570,1998,4,13265,3851,9414
3570,1998,5,7685,3851,3834
3570,1998,6,9643,29351,-19708
3570,1998,7,19555,5551,14004
3570,1998,8,11991,3851,8140
3570,1998,9,12025,3851,8174
3570,1998,10,8748,3851,4897
3570,1998,11,6159,3851,2308
3570,1998,12,8940,8336,604
3571,1993,11,800,0,800
3571,1993,12,15478,0,15478
3571,1994,1,6447,0,6447
3571,1994,2,5267,2500,2767
3571,1994,3,5277,3800,1477
3571,1994,4,5289,3637,1652
3571,1994,5,5284,8321,-3037
3571,1994,6,7864,15021,-7157
3571,1994,7,9358,3461,5897
3571,1994,8,5269,5941,-672
3571,1994,9,6876,3461,3415
3571,1994,10,5283,5361,-78
3571,1994,11,5283,5361,-78
3571,1994,12,7868,9801,-1933
3571,1995,1,8060,15941,-7881
3571,1995,2,11760,3461,8299
3571,1995,3,6558,13061,-6503
3571,1995,4,9262,3461,5801
3571,1995,5,9186,3461,5725
3571,1995,6,7873,18921,-11048
3571,1995,7,8864,3461,5403
3571,1995,8,9481,5501,3980
3571,1995,9,6096,3461,2635
3571,1995,10,5300,5561,-261
3571,1995,11,5298,5361,-63
3571,1995,12,7879,10361,-2482
3571,1996,1,5266,15521,-10255
3571,1996,2,12970,3461,9509
3571,1996,3,5289,3661,1628
3571,1996,4,5288,6161,-873
3571,1996,5,5288,7801,-2513
3571,1996,6,12184,5981,6203
3571,1996,7,5294,10781,-5487
3571,1996,8,5377,7301,-1924
3571,1996,9,12199,3461,8738
3571,1996,10,6907,6941,-34
3571,1996,11,5305,6061,-756
3571,1996,12,7880,9861,-1981
3571,1997,1,5861,17981,-12120
3571,1997,2,11771,3461,8310
3571,1997,3,6489,3461,3028
3571,1997,4,5294,9321,-4027
3571,1997,5,7388,3461,3927
3571,1997,6,8693,3461,5232
3571,1997,7,5297,11041,-5744
3571,1997,8,5278,8661,-3383
3571,1997,9,5280,3761,1519
3571,1997,10,5283,6561,-1278
3571,1997,11,5684,3461,2223
3571,1997,12,7877,10221,-2344
3571,1998,1,11948,15421,-3473
3571,1998,2,13168,3461,9707
3571,1998,3,6990,8741,-1751
3571,1998,4,6900,3461,3439
3571,1998,5,11004,7901,3103
3571,1998,6,7920,4161,3759
3571,1998,7,5340,9301,-3961
3571,1998,8,5321,6301,-980
3571,1998,9,5318,8361,-3043
3571,1998,10,7409,5021,2388
3571,1998,11,5318,4361,957
3571,1998,12,7912,4886,3026
3572,1995,11,7130,0,7130
3572,1995,12,6243,0,6243
3572,1996,1,6243,0,6243
3572,1996,2,6243,0,6243
3572,1996,3,6246,15,6231
3572,1996,4,6343,6979,-636
3572,1996,5,6345,5379,966
3572,1996,6,6318,19589,-13271
3572,1996,7,6301,2979,3322
3572,1996,8,6306,7859,-1553
3572,1996,9,6304,4079,2225
3572,1996,10,6308,6279,29
3572,1996,11,6311,4879,1432
3572,1996,12,6312,6679,-367
3572,1997,1,6291,15179,-8888
3572,1997,2,6284,2979,3305
3572,1997,3,6299,2979,3320
3572,1997,4,6311,4759,1552
3572,1997,5,6319,2979,3340
3572,1997,6,6312,14529,-8217
3572,1997,7,6298,2979,3319
3572,1997,8,6312,2979,3333
3572,1997,9,6321,4419,1902
3572,1997,10,6334,2979,3355
3572,1997,11,6343,4859,1484
3572,1997,12,6343,11659,-5316
3572,1998,1,6318,11489,-5171
3572,1998,2,6306,4899,1407
3572,1998,3,6316,2979,3337
3572,1998,4,6330,2979,3351
3572,1998,5,6343,3779,2564
3572,1998,6,6346,7029,-683
3572,1998,7,6352,2979,3373
3572,1998,8,6364,6979,-615
3572,1998,9,6361,5979,382
3572,1998,10,6365,2979,3386
3572,1998,11,6375,7879,-1504
3572,1998,12,6360,6664,-304
3573,1996,6,400,0,400
3573,1996,7,11600,0,11600
3573,1996,8,6700,0,6700
3573,1996,9,1500,0,1500
3573,1996,10,0,300,-300
3573,1996,11,4300,0,4300
3573,1996,12,25339,12200,13139
3573,1997,1,155,6700,-6545
3573,1997,2,155,1000,-845
3573,1997,3,155,2300,-2145
3573,1997,4,155,4100,-3945
3573,1997,5,155,300,-145
3573,1997,6,155,1000,-845
3573,1997,7,2755,0,2755
3573,1997,8,16074,9300,6774
3573,1997,9,136,3800,-3664
3573,1997,10,5033,5000,33
3573,1997,11,121,2800,-2679
3573,1997,12,2821,0,2821
3573,1998,1,121,1900,-1779
3573,1998,2,2021,0,2021
3573,1998,3,121,700,-579
3573,1998,4,121,2500,-2379
3573,1998,5,121,5300,-5179
3573,1998,6,121,5000,-4879
3573,1998,7,10917,3000,7917
3573,1998,8,102,9200,-9098
3573,1998,9,102,1500,-1398
3573,1998,10,18543,6365,12178
3573,1998,11,2210,15,2195
3573,1998,12,115,1050,-935
3574,1997,3,600,0,600
3574,1997,4,12435,0,12435
3574,1997,5,9679,0,9679
3574,1997,6,4690,0,4690
3574,1997,7,3613,900,2713
3574,1997,8,3613,4715,-1102
3574,1997,9,3717,2343,1374
3574,1997,10,3612,5243,-1631
3574,1997,11,3603,5923,-2320
3574,1997,12,3600,3963,-363
3574,1998,1,3588,7723,-4135
3574,1998,2,3573,6343,-2770
3574,1998,3,5983,3663,2320
3574,1998,4,3585,2543,1042
3574,1998,5,3581,4643,-1062
3574,1998,6,3568,8503,-4935
3574,1998,7,3564,5843,-2279
3574,1998,8,3551,3993,-442
3574,1998,9,3553,3943,-390
3574,1998,10,3551,3643,-92
3574,1998,11,5348,3663,1685
3574,1998,12,3553,3708,-155
3575,1993,9,8328,0,8328
3575,1993,10,13478,0,13478
3575,1993,11,9923,0,9923
3575,1993,12,11564,2800,8764
3575,1994,1,7756,17185,-9429
3575,1994,2,7936,7485,451
3575,1994,3,7731,11085,-3354
3575,1994,4,8330,8785,-455
3575,1994,5,7721,7985,-264
3575,1994,6,11534,8885,2649
3575,1994,7,7940,5085,2855
3575,1994,8,7736,10485,-2749
3575,1994,9,7720,14785,-7065
3575,1994,10,10719,5085,5634
3575,1994,11,7834,5085,2749
3575,1994,12,11546,10285,1261
3575,1995,1,14908,22685,-7777
3575,1995,2,7714,5085,2629
3575,1995,3,10236,5085,5151
3575,1995,4,7743,7185,558
3575,1995,5,7748,10185,-2437
3575,1995,6,11551,6385,5166
3575,1995,7,7761,9885,-2124
3575,1995,8,7752,9785,-2033
3575,1995,9,8143,8185,-42
3575,1995,10,8844,5085,3759
3575,1995,11,7759,5285,2474
3575,1995,12,11577,10385,1192
3575,1996,1,9655,16685,-7030
3575,1996,2,10538,9285,1253
3575,1996,3,8050,5085,2965
3575,1996,4,8061,6885,1176
3575,1996,5,7764,8285,-521
3575,1996,6,11574,8185,3389
3575,1996,7,7778,6185,1593
3575,1996,8,7776,14085,-6309
3575,1996,9,7750,9685,-1935
3575,1996,10,7746,8785,-1039
3575,1996,11,7746,5485,2261
3575,1996,12,11555,13985,-2430
3575,1997,1,7732,16085,-8353
3575,1997,2,11316,5085,6231
3575,1997,3,9039,5885,3154
3575,1997,4,7744,8785,-1041
3575,1997,5,9548,5085,4463
3575,1997,6,11570,8285,3285
3575,1997,7,7768,10485,-2717
3575,1997,8,7759,8385,-626
3575,1997,9,7753,11585,-3832
3575,1997,10,7743,7385,358
3575,1997,11,9352,5085,4267
3575,1997,12,11559,15385,-3826
3575,1998,1,7724,23985,-16261
3575,1998,2,14486,12485,2001
3575,1998,3,13704,5085,8619
3575,1998,4,7726,5385,2341
3575,1998,5,9039,5085,3954
3575,1998,6,11560,6885,4675
3575,1998,7,7760,9785,-2025
3575,1998,8,7754,9185,-1431
3575,1998,9,7751,8085,-334
3575,1998,10,7747,9285,-1538
3575,1998,11,7737,12785,-5048
3575,1998,12,11526,12270,-744
3576,1994,11,900,0,900
3576,1994,12,4065,0,4065
3576,1995,1,4065,0,4065
3576,1995,2,4065,0,4065
3576,1995,3,4065,0,4065
3576,1995,4,4129,2883,1246
3576,1995,5,4141,4483,-342
3576,1995,6,4144,5373,-1229
3576,1995,7,4143,1683,2460
3576,1995,8,4144,5203,-1059
3576,1995,9,4149,1683,2466
3576,1995,10,4159,1683,2476
3576,1995,11,4161,4803,-642
3576,1995,12,4167,2433,1734
3576,1996,1,4156,9963,-5807
3576,1996,2,4150,1683,2467
3576,1996,3,4160,1683,2477
3576,1996,4,4162,7043,-2881
3576,1996,5,4159,1683,2476
3576,1996,6,4169,1683,2486
3576,1996,7,4179,1683,2496
3576,1996,8,4181,6083,-1902
3576,1996,9,4182,1983,2199
3576,1996,10,4184,4003,181
3576,1996,11,4182,4643,-461
3576,1996,12,4184,4733,-549
3576,1997,1,4166,12863,-8697
3576,1997,2,4146,3363,783
3576,1997,3,4154,1683,2471
3576,1997,4,4158,7683,-3525
3576,1997,5,4150,1683,2467
3576,1997,6,4141,7053,-2912
3576,1997,7,4141,5523,-1382
3576,1997,8,4142,1683,2459
3576,1997,9,4152,1683,2469
3576,1997,10,4163,1683,2480
3576,1997,11,4172,2083,2089
3576,1997,12,4177,3083,1094
3576,1998,1,4146,16093,-11947
3576,1998,2,4136,1683,2453
3576,1998,3,4146,1683,2463
3576,1998,4,4157,1683,2474
3576,1998,5,4160,3843,317
3576,1998,6,4163,5003,-840
3576,1998,7,4165,1683,2482
3576,1998,8,4175,1683,2492
3576,1998,9,4169,6163,-1994
3576,1998,10,4177,1683,2494
3576,1998,11,4187,1683,2504
3576,1998,12,4196,3628,568
3577,1997,5,12680,0,12680
3577,1997,6,20325,0,20325
3577,1997,7,12098,6400,5698
3577,1997,8,12112,10200,1912
3577,1997,9,12120,9915,2205
3577,1997,10,12112,16579,-4467
3577,1997,11,12091,14479,-2388
3577,1997,12,18063,17579,484
3577,1998,1,13791,21279,-7488
3577,1998,2,14375,13579,796
3577,1998,3,13179,7979,5200
3577,1998,4,13400,7979,5421
3577,1998,5,16719,12479,4240
3577,1998,6,18068,36079,-18011
3577,1998,7,26620,7979,18641
3577,1998,8,13543,7979,5564
3577,1998,9,12144,12379,-235
3577,1998,10,12142,12979,-837
3577,1998,11,12140,12979,-839
3577,1998,12,18136,9964,8172
3578,1996,2,600,0,600
3578,1996,3,20950,0,20950
3578,1996,4,12814,4700,8114
3578,1996,5,12852,3200,9652
3578,1996,6,19239,13400,5839
3578,1996,7,12900,15886,-2986
3578,1996,8,12895,11966,929
3578,1996,9,12894,13566,-672
3578,1996,10,12900,9866,3034
3578,1996,11,12911,10266,2645
3578,1996,12,19276,21006,-1730
3578,1997,1,14594,21586,-6992
3578,1997,2,12897,5966,6931
3578,1997,3,12909,13726,-817
3578,1997,4,12909,10666,2243
3578,1997,5,12928,7066,5862
3578,1997,6,19278,28646,-9368
3578,1997,7,12916,5766,7150
3578,1997,8,12935,11566,1369
3578,1997,9,12931,12266,665
3578,1997,10,12953,6366,6587
3578,1997,11,12997,13866,-869
3578,1997,12,19334,18326,1008
3578,1998,1,14664,15266,-602
3578,1998,2,12980,5366,7614
3578,1998,3,12985,13966,-981
3578,1998,4,12998,8566,4432
3578,1998,5,13003,15486,-2483
3578,1998,6,19241,54686,-35445
3578,1998,7,27131,4066,23065
3578,1998,8,17784,4066,13718
3578,1998,9,13019,9366,3653
3578,1998,10,13034,9146,3888
3578,1998,11,13038,9866,3172
3578,1998,12,19427,14911,4516
3579,1994,9,25151,0,25151
3579,1994,10,25658,0,25658
3579,1994,11,24328,12300,12028
3579,1994,12,36433,46700,-10267
3579,1995,1,24334,29715,-5381
3579,1995,2,24328,3475,20853
3579,1995,3,24368,44175,-19807
3579,1995,4,24334,24335,-1
3579,1995,5,24362,25275,-913
3579,1995,6,36328,45995,-9667
3579,1995,7,24282,17815,6467
3579,1995,8,24303,20475,3828
3579,1995,9,24322,22775,1547
3579,1995,10,24328,22475,1853
3579,1995,11,24333,23875,458
3579,1995,12,36395,33235,3160
3579,1996,1,24320,40935,-16615
3579,1996,2,24280,16775,7505
3579,1996,3,24310,19275,5035
3579,1996,4,24326,23075,1251
3579,1996,5,24332,21475,2857
3579,1996,6,36386,37155,-769
3579,1996,7,24334,27195,-2861
3579,1996,8,24333,17355,6978
3579,1996,9,24348,24395,-47
3579,1996,10,24351,21075,3276
3579,1996,11,24354,25575,-1221
3579,1996,12,36391,37195,-804
3579,1997,1,24325,39855,-15530
3579,1997,2,24299,14355,9944
3579,1997,3,24335,17975,6360
3579,1997,4,24349,24175,174
3579,1997,5,24351,22775,1576
3579,1997,6,36409,68775,-32366
3579,1997,7,24242,11075,13167
3579,1997,8,24283,19835,4448
3579,1997,9,24303,19755,4548
3579,1997,10,24316,18775,5541
3579,1997,11,24332,20575,3757
3579,1997,12,36399,30935,5464
3579,1998,1,24308,43215,-18907
3579,1998,2,24302,15475,8827
3579,1998,3,24343,14075,10268
3579,1998,4,24362,23075,1287
3579,1998,5,24412,23875,537
3579,1998,6,36414,36515,-101
3579,1998,7,24381,18775,5606
3579,1998,8,24402,19695,4707
3579,1998,9,24435,15915,8520
3579,1998,10,24455,20375,4080
3579,1998,11,24467,21355,3112
3579,1998,12,36480,54160,-17680
3580,1993,8,18273,0,18273
3580,1993,9,14708,6000,8708
3580,1993,10,14745,10400,4345
3580,1993,11,14762,12000,2762
3580,1993,12,22126,16495,5631
3580,1994,1,14799,25920,-11121
3580,1994,2,14775,10880,3895
3580,1994,3,14786,14380,406
3580,1994,4,14791,13440,1351
3580,1994,5,14798,11980,2818
3580,1994,6,22511,36900,-14389
3580,1994,7,14752,7080,7672
3580,1994,8,14780,11580,3200
3580,1994,9,14794,9680,5114
3580,1994,10,14813,12480,2333
3580,1994,11,14819,15380,-561
3580,1994,12,22137,21020,1117
3580,1995,1,14793,26760,-11967
3580,1995,2,14774,10680,4094
3580,1995,3,14793,9880,4913
3580,1995,4,14810,12180,2630
3580,1995,5,14818,16700,-1882
3580,1995,6,28622,38020,-9398
3580,1995,7,14782,4980,9802
3580,1995,8,14815,10280,4535
3580,1995,9,14832,10780,4052
3580,1995,10,14839,17180,-2341
3580,1995,11,14831,14980,-149
3580,1995,12,22139,24200,-2061
3580,1996,1,14803,27560,-12757
3580,1996,2,14777,9080,5697
3580,1996,3,14798,10980,3818
3580,1996,4,14807,13980,827
3580,1996,5,14819,9580,5239
3580,1996,6,22147,37320,-15173
3580,1996,7,14786,5480,9306
3580,1996,8,14809,12180,2629
3580,1996,9,14820,11580,3240
3580,1996,10,14833,13200,1633
3580,1996,11,14842,10480,4362
3580,1996,12,22171,18260,3911
3580,1997,1,14832,25700,-10868
3580,1997,2,17647,5220,12427
3580,1997,3,14875,12340,2535
3580,1997,4,14908,15280,-372
3580,1997,5,14870,17880,-3010
3580,1997,6,22188,44800,-22612
3580,1997,7,23626,3780,19846
3580,1997,8,14867,9380,5487
3580,1997,9,14893,9380,5513
3580,1997,10,14879,22460,-7581
3580,1997,11,14879,9080,5799
3580,1997,12,22210,20120,2090
3580,1998,1,14828,38940,-24112
3580,1998,2,14826,3980,10846
3580,1998,3,14868,5580,9288
3580,1998,4,14890,10580,4310
3580,1998,5,14902,12280,2622
3580,1998,6,22192,31920,-9728
3580,1998,7,15884,9180,6704
3580,1998,8,14909,9480,5429
3580,1998,9,14921,12680,2241
3580,1998,10,14933,11780,3153
3580,1998,11,14953,9480,5473
3580,1998,12,22310,11165,11145
3581,1997,3,600,0,600
3581,1997,4,20707,0,20707
3581,1997,5,9885,2600,7285
3581,1997,6,14808,9800,5008
3581,1997,7,9926,11900,-1974
3581,1997,8,9915,14815,-4900
3581,1997,9,9903,11724,-1821
3581,1997,10,9896,10924,-1028
3581,1997,11,9894,11524,-1630
3581,1997,12,14788,16924,-2136
3581,1998,1,9860,15524,-5664
3581,1998,2,10259,6524,3735
3581,1998,3,9850,16724,-6874
3581,1998,4,9842,8824,1018
3581,1998,5,9844,9724,120
3581,1998,6,14745,15524,-779
3581,1998,7,9841,9624,217
3581,1998,8,9848,6524,3324
3581,1998,9,9846,12924,-3078
3581,1998,10,9843,9324,519
3581,1998,11,9851,6524,3327
3581,1998,12,14775,7309,7466
3582,1995,8,700,0,700
3582,1995,9,2942,0,2942
3582,1995,10,2942,0,2942
3582,1995,11,2942,0,2942
3582,1995,12,2942,0,2942
3582,1996,1,2971,1845,1126
3582,1996,2,3001,1976,1025
3582,1996,3,3005,1976,1029
3582,1996,4,3008,2246,762
3582,1996,5,3013,1976,1037
3582,1996,6,3017,1976,1041
3582,1996,7,3019,3356,-337
3582,1996,8,3020,1976,1044
3582,1996,9,3020,2876,144
3582,1996,10,3025,1976,1049
3582,1996,11,3029,3056,-27
3582,1996,12,3024,3566,-542
3582,1997,1,3021,5186,-2165
3582,1997,2,3017,3116,-99
3582,1997,3,3017,1976,1041
3582,1997,4,3017,3026,-9
3582,1997,5,3022,1976,1046
3582,1997,6,3026,1976,1050
3582,1997,7,3030,2336,694
3582,1997,8,3033,1976,1057
3582,1997,9,3038,1976,1062
3582,1997,10,3039,3596,-557
3582,1997,11,3040,1976,1064
3582,1997,12,3042,2366,676
3582,1998,1,3038,5456,-2418
3582,1998,2,3037,1976,1061
3582,1998,3,3040,2276,764
3582,1998,4,3044,1976,1068
3582,1998,5,3047,3046,1
3582,1998,6,3045,3266,-221
3582,1998,7,3038,4986,-1948
3582,1998,8,3035,3486,-451
3582,1998,9,3011,9956,-6945
3582,1998,10,3007,2076,931
3582,1998,11,3013,1976,1037
3582,1998,12,3013,3031,-18
3583,1995,2,5852,0,5852
3583,1995,3,5360,0,5360
3583,1995,4,5360,0,5360
3583,1995,5,5360,0,5360
3583,1995,6,5409,3099,2310
3583,1995,7,5436,8059,-2623
3583,1995,8,5432,3099,2333
3583,1995,9,5441,3899,1542
3583,1995,10,5448,3099,2349
3583,1995,11,5458,3099,2359
3583,1995,12,5461,7689,-2228
3583,1996,1,5437,11669,-6232
3583,1996,2,5432,3099,2333
3583,1996,3,5435,6299,-864
3583,1996,4,5439,3099,2340
3583,1996,5,5446,4619,827
3583,1996,6,5439,7899,-2460
3583,1996,7,5442,3099,2343
3583,1996,8,5451,3099,2352
3583,1996,9,5461,3099,2362
3583,1996,10,5470,3499,1971
3583,1996,11,5479,3099,2380
3583,1996,12,5488,3899,1589
3583,1997,1,5471,12669,-7198
3583,1997,2,5456,7019,-1563
3583,1997,3,5459,3099,2360
3583,1997,4,5469,3499,1970
3583,1997,5,5477,3099,2378
3583,1997,6,5441,19889,-14448
3583,1997,7,5416,7019,-1603
3583,1997,8,5420,3099,2321
3583,1997,9,5425,5179,246
3583,1997,10,5427,4619,808
3583,1997,11,5429,5019,410
3583,1997,12,5430,5999,-569
3583,1998,1,5420,10979,-5559
3583,1998,2,5409,3099,2310
3583,1998,3,5419,3099,2320
3583,1998,4,5425,4459,966
3583,1998,5,5433,3099,2334
3583,1998,6,5429,13149,-7720
3583,1998,7,5410,5179,231
3583,1998,8,5410,3899,1511
3583,1998,9,5417,3099,2318
3583,1998,10,5427,3099,2328
3583,1998,11,5437,3099,2338
3583,1998,12,5443,4534,909
3584,1996,6,200,0,200
3584,1996,7,33905,5200,28705
3584,1996,8,33985,20400,13585
3584,1996,9,34019,28700,5319
3584,1996,10,34033,31400,2633
3584,1996,11,33987,55818,-21831
3584,1996,12,50895,42591,8304
3584,1997,1,33953,47591,-13638
3584,1997,2,33987,20691,13296
3584,1997,3,33954,44991,-11037
3584,1997,4,33943,32891,1052
3584,1997,5,33952,31591,2361
3584,1997,6,50969,18991,31978
3584,1997,7,34084,34991,-907
3584,1997,8,34072,48191,-14119
3584,1997,9,33961,55779,-21818
3584,1997,10,33989,16591,17398
3584,1997,11,34029,26791,7238
3584,1997,12,51012,35191,15821
3584,1998,1,34004,76391,-42387
3584,1998,2,33978,18491,15487
3584,1998,3,34001,36491,-2490
3584,1998,4,34028,18891,15137
3584,1998,5,34054,30191,3863
3584,1998,6,50985,49730,1255
3584,1998,7,34056,36391,-2335
3584,1998,8,34054,58791,-24737
3584,1998,9,34028,40506,-6478
3584,1998,10,33970,31491,2479
3584,1998,11,33979,30891,3088
3584,1998,12,50950,16976,33974
3585,1996,6,300,0,300
3585,1996,7,6242,0,6242
3585,1996,8,6242,0,6242
3585,1996,9,6242,0,6242
3585,1996,10,6242,0,6242
3585,1996,11,6285,3415,2870
3585,1996,12,6367,4377,1990
3585,1997,1,6336,21397,-15061
3585,1997,2,6315,2877,3438
3585,1997,3,6324,5577,747
3585,1997,4,6331,2877,3454
3585,1997,5,6341,4317,2024
3585,1997,6,6354,2877,3477
3585,1997,7,6364,5277,1087
3585,1997,8,6368,5477,891
3585,1997,9,6374,3977,2397
3585,1997,10,6382,4357,2025
3585,1997,11,6388,9237,-2849
3585,1997,12,6376,7847,-1471
3585,1998,1,6360,13557,-7197
3585,1998,2,6347,2877,3470
3585,1998,3,6362,2877,3485
3585,1998,4,6376,2877,3499
3585,1998,5,6391,2877,3514
3585,1998,6,6385,11377,-4992
3585,1998,7,6381,6397,-16
3585,1998,8,6384,2877,3507
3585,1998,9,6398,3177,3221
3585,1998,10,6394,11677,-5283
3585,1998,11,6380,6437,-57
3585,1998,12,6374,8312,-1938
3586,1993,3,300,0,300
3586,1993,4,18764,0,18764
3586,1993,5,13036,6400,6636
3586,1993,6,19541,9500,10041
3586,1993,7,13099,13100,-1
3586,1993,8,13099,13815,-716
3586,1993,9,13099,11015,2084
3586,1993,10,13108,11415,1693
3586,1993,11,13113,12715,398
3586,1993,12,19595,15615,3980
3586,1994,1,13115,25115,-12000
3586,1994,2,13095,13515,-420
3586,1994,3,13082,11015,2067
3586,1994,4,13091,10415,2676
3586,1994,5,13098,13815,-717
3586,1994,6,19566,22015,-2449
3586,1994,7,13096,9615,3481
3586,1994,8,13099,13315,-216
3586,1994,9,13101,12115,986
3586,1994,10,13102,15115,-2013
3586,1994,11,13101,10015,3086
3586,1994,12,19578,27815,-8237
3586,1995,1,13061,28115,-15054
3586,1995,2,13035,1315,11720
3586,1995,3,13068,8815,4253
3586,1995,4,13076,13215,-139
3586,1995,5,13085,13715,-630
3586,1995,6,20926,27615,-6689
3586,1995,7,13056,8315,4741
3586,1995,8,13076,8915,4161
3586,1995,9,13089,11915,1174
3586,1995,10,13092,11115,1977
3586,1995,11,13098,12215,883
3586,1995,12,19577,21515,-1938
3586,1996,1,13070,22015,-8945
3586,1996,2,13081,3415,9666
3586,1996,3,13106,8615,4491
3586,1996,4,13111,13415,-304
3586,1996,5,13115,11615,1500
3586,1996,6,19529,42315,-22786
3586,1996,7,13052,3415,9637
3586,1996,8,13092,3815,9277
3586,1996,9,13136,2115,11021
3586,1996,10,13159,9115,4044
3586,1996,11,13166,12115,1051
3586,1996,12,19666,12215,7451
3586,1997,1,13145,35015,-21870
3586,1997,2,13140,2615,10525
3586,1997,3,13156,12115,1041
3586,1997,4,13171,8215,4956
3586,1997,5,13174,13615,-441
3586,1997,6,19638,19515,123
3586,1997,7,13179,11715,1464
3586,1997,8,13178,14015,-837
3586,1997,9,13188,9615,3573
3586,1997,10,13191,13215,-24
3586,1997,11,13164,18215,-5051
3586,1997,12,19679,26215,-6536
3586,1998,1,13164,22315,-9151
3586,1998,2,13107,15,13092
3586,1998,3,13155,19215,-6060
3586,1998,4,13134,12115,1019
3586,1998,5,13140,6815,6325
3586,1998,6,19644,12915,6729
3586,1998,7,13194,8515,4679
3586,1998,8,13212,12515,697
3586,1998,9,13215,11015,2200
3586,1998,10,13225,10115,3110
3586,1998,11,13234,15515,-2281
3586,1998,12,19426,0,19426
3587,1995,12,700,0,700
3587,1996,1,14670,0,14670
3587,1996,2,4720,0,4720
3587,1996,3,3337,1500,1837
3587,1996,4,3345,900,2445
3587,1996,5,3355,3854,-499
3587,1996,6,3335,11252,-7917
3587,1996,7,3319,3382,-63
3587,1996,8,3320,2682,638
3587,1996,9,5327,2182,3145
3587,1996,10,3329,5752,-2423
3587,1996,11,3319,5292,-1973
3587,1996,12,3316,3482,-166
3587,1997,1,4311,4552,-241
3587,1997,2,3310,5582,-2272
3587,1997,3,4208,2182,2026
3587,1997,4,3313,3182,131
3587,1997,5,3312,3882,-570
3587,1997,6,3312,3042,270
3587,1997,7,4717,2182,2535
3587,1997,8,3325,2282,1043
3587,1997,9,5033,2182,2851
3587,1997,10,3337,3982,-645
3587,1997,11,4241,2182,2059
3587,1997,12,3340,5112,-1772
3587,1998,1,3319,11092,-7773
3587,1998,2,3404,3562,-158
3587,1998,3,3306,2582,724
3587,1998,4,3309,2182,1127
3587,1998,5,3309,4952,-1643
3587,1998,6,3296,6082,-2786
3587,1998,7,3296,2182,1114
3587,1998,8,3300,2182,1118
3587,1998,9,5310,2662,2648
3587,1998,10,3310,4082,-772
3587,1998,11,3308,3482,-174
3587,1998,12,6321,2467,3854
3588,1996,6,700,0,700
3588,1996,7,6679,0,6679
3588,1996,8,6679,0,6679
3588,1996,9,6679,0,6679
3588,1996,10,6679,0,6679
3588,1996,11,6771,4878,1893
3588,1996,12,6810,8208,-1398
3588,1997,1,6805,5418,1387
3588,1997,2,6812,5978,834
3588,1997,3,6820,1578,5242
3588,1997,4,6836,7378,-542
3588,1997,5,6837,3278,3559
3588,1997,6,6842,14228,-7386
3588,1997,7,6811,8738,-1927
3588,1997,8,6812,4178,2634
3588,1997,9,6819,6778,41
3588,1997,10,6815,9078,-2263
3588,1997,11,6805,9078,-2273
3588,1997,12,6785,16208,-9423
3588,1998,1,6752,9038,-2286
3588,1998,2,6747,8278,-1531
3588,1998,3,6752,2058,4694
3588,1998,4,6759,9278,-2519
3588,1998,5,6745,10678,-3933
3588,1998,6,6745,1578,5167
3588,1998,7,6750,10078,-3328
3588,1998,8,6751,2938,3813
3588,1998,9,6768,1578,5190
3588,1998,10,6790,1578,5212
3588,1998,11,6811,1578,5233
3588,1998,12,6830,2613,4217
3589,1996,11,1100,0,1100
3589,1996,12,43761,0,43761
3589,1997,1,187,7000,-6813
3589,1997,2,5471,7500,-2029
3589,1997,3,31851,4600,27251
3589,1997,4,62199,58315,3884
3589,1997,5,14434,28658,-14224
3589,1997,6,131324,94858,36466
3589,1997,7,34906,39158,-4252
3589,1997,8,253,37858,-37605
3589,1997,9,33097,28724,4373
3589,1997,10,31545,38058,-6513
3589,1997,11,27841,17158,10683
3589,1997,12,30289,29600,689
3589,1998,1,24087,41519,-17432
3589,1998,2,77364,54458,22906
3589,1998,3,163,39559,-39396
3589,1998,4,55164,25458,29706
3589,1998,5,42660,37758,4902
3589,1998,6,153147,113358,39789
3589,1998,7,14032,62264,-48232
3589,1998,8,58597,10558,48039
3589,1998,9,29091,32858,-3767
3589,1998,10,45657,69152,-23495
3589,1998,11,8131,46276,-38145
3589,1998,12,49054,17143,31911
3590,1996,6,33739,0,33739
3590,1996,7,22069,8200,13869
3590,1996,8,22112,30400,-8288
3590,1996,9,22045,17900,4145
3590,1996,10,22094,26854,-4760
3590,1996,11,22074,24854,-2780
3590,1996,12,33025,29654,3371
3590,1997,1,22067,26154,-4087
3590,1997,2,22059,19454,2605
3590,1997,3,22069,24854,-2785
3590,1997,4,22056,25254,-3198
3590,1997,5,22045,18854,3191
3590,1997,6,32999,38154,-5155
3590,1997,7,22027,25754,-3727
3590,1997,8,22018,19754,2264
3590,1997,9,22022,24454,-2432
3590,1997,10,22016,19454,2562
3590,1997,11,22021,21654,367
3590,1997,12,33000,32554,446
3590,1998,1,22010,30054,-8044
3590,1998,2,21990,22354,-364
3590,1998,3,21993,19054,2939
3590,1998,4,22003,20554,1449
3590,1998,5,22011,18054,3957
3590,1998,6,32975,29254,3721
3590,1998,7,22034,24054,-2020
3590,1998,8,22025,22754,-729
3590,1998,9,22012,28454,-6442
3590,1998,10,21994,22354,-360
3590,1998,11,21992,21954,38
3590,1998,12,32947,32339,608
3591,1996,6,109704,58600,51104
3591,1996,7,55624,30661,24963
3591,1996,8,19707,51096,-31389
3591,1996,9,99484,62261,37223
3591,1996,10,22432,29861,-7429
3591,1996,11,101521,86661,14860
3591,1996,12,31270,61089,-29819
3591,1997,1,143,40261,-40118
3591,1997,2,34924,7961,26963
3591,1997,3,148,15261,-15113
3591,1997,4,40962,5061,35901
3591,1997,5,153,45173,-45020
3591,1997,6,79,4461,-4382
3591,1997,7,1966,4361,-2395
3591,1997,8,82192,42494,39698
3591,1997,9,161,25061,-24900
3591,1997,10,16641,25661,-9020
3591,1997,11,977,4361,-3384
3591,1997,12,23258,10361,12897
3591,1998,1,24832,27161,-2329
3591,1998,2,108,7268,-7160
3591,1998,3,8285,4361,3924
3591,1998,4,4503,4361,142
3591,1998,5,49685,4361,45324
3591,1998,6,227,31172,-30945
3591,1998,7,35271,22561,12710
3591,1998,8,9785,26467,-16682
3591,1998,9,31269,13861,17408
3591,1998,10,6704,15520,-8816
3591,1998,11,20001,7461,12540
3591,1998,12,34141,35019,-878
3592,1993,1,6627,0,6627
3592,1993,2,6035,0,6035
3592,1993,3,6035,0,6035
3592,1993,4,6035,0,6035
3592,1993,5,6090,3375,2715
3592,1993,6,6087,18125,-12038
3592,1993,7,6078,3375,2703
3592,1993,8,6080,7775,-1695
3592,1993,9,6082,3375,2707
3592,1993,10,6090,5215,875
3592,1993,11,6096,6655,-559
3592,1993,12,6094,5215,879
3592,1994,1,6098,4225,1873
3592,1994,2,6106,4175,1931
3592,1994,3,6113,4975,1138
3592,1994,4,6119,4075,2044
3592,1994,5,6120,6475,-355
3592,1994,6,6121,5575,546
3592,1994,7,6129,3375,2754
3592,1994,8,6126,11295,-5169
3592,1994,9,6118,3375,2743
3592,1994,10,6129,6515,-386
3592,1994,11,6128,4875,1253
3592,1994,12,6129,8775,-2646
3592,1995,1,6116,6075,41
3592,1995,2,6122,4975,1147
3592,1995,3,6126,7275,-1149
3592,1995,4,6122,3375,2747
3592,1995,5,6131,8575,-2444
3592,1995,6,6105,16135,-10030
3592,1995,7,6082,3375,2707
3592,1995,8,6093,3375,2718
3592,1995,9,6104,3375,2729
3592,1995,10,6116,3375,2741
3592,1995,11,6123,7275,-1152
3592,1995,12,6121,4775,1346
3592,1996,1,6119,10175,-4056
3592,1996,2,6110,3375,2735
3592,1996,3,6115,10315,-4200
3592,1996,4,6102,5475,627
3592,1996,5,6107,3375,2732
3592,1996,6,6102,15325,-9223
3592,1996,7,6079,3935,2144
3592,1996,8,6086,4975,1111
3592,1996,9,6090,5075,1015
3592,1996,10,6094,5595,499
3592,1996,11,6090,8115,-2025
3592,1996,12,6086,6525,-439
3592,1997,1,6079,7705,-1626
3592,1997,2,6075,6875,-800
3592,1997,3,6079,3375,2704
3592,1997,4,6090,3375,2715
3592,1997,5,6097,5275,822
3592,1997,6,6099,8995,-2896
3592,1997,7,6078,8975,-2897
3592,1997,8,6080,3375,2705
3592,1997,9,6089,4275,1814
3592,1997,10,6098,3675,2423
3592,1997,11,6095,8775,-2680
3592,1997,12,6097,4325,1772
3592,1998,1,6104,4375,1729
3592,1998,2,6103,7175,-1072
3592,1998,3,6096,8075,-1979
3592,1998,4,6082,9975,-3893
3592,1998,5,6068,8975,-2907
3592,1998,6,6055,9375,-3320
3592,1998,7,6057,3375,2682
3592,1998,8,6056,8575,-2519
3592,1998,9,6057,3375,2682
3592,1998,10,6069,3375,2694
3592,1998,11,6080,3375,2705
3592,1998,12,6090,4260,1830
3593,1993,2,200,0,200
3593,1993,3,19719,0,19719
3593,1993,4,15884,7500,8384
3593,1993,5,15911,12100,3811
3593,1993,6,23833,13600,10233
3593,1993,7,15978,15001,977
3593,1993,8,15966,19825,-3859
3593,1993,9,15951,18925,-2974
3593,1993,10,15942,17225,-1283
3593,1993,11,15935,16005,-70
3593,1993,12,23841,20245,3596
3593,1994,1,15921,29385,-13464
3593,1994,2,15912,8325,7587
3593,1994,3,15922,20745,-4823
3593,1994,4,15915,12125,3790
3593,1994,5,15928,13525,2403
3593,1994,6,23833,20825,3008
3593,1994,7,15944,15525,419
3593,1994,8,15950,14325,1625
3593,1994,9,15965,12965,3000
3593,1994,10,15969,13225,2744
3593,1994,11,15974,15225,749
3593,1994,12,23892,20025,3867
3593,1995,1,15971,25125,-9154
3593,1995,2,15952,15245,707
3593,1995,3,15965,13625,2340
3593,1995,4,15965,17025,-1060
3593,1995,5,15970,13625,2345
3593,1995,6,23873,20685,3188
3593,1995,7,15972,20225,-4253
3593,1995,8,15958,18625,-2667
3593,1995,9,15951,20925,-4974
3593,1995,10,15946,12725,3221
3593,1995,11,15955,14025,1930
3593,1995,12,23824,31825,-8001
3593,1996,1,15920,21105,-5185
3593,1996,2,15908,11045,4863
3593,1996,3,15941,10705,5236
3593,1996,4,15960,10325,5635
3593,1996,5,15965,16925,-960
3593,1996,6,23880,14725,9155
3593,1996,7,15988,20025,-4037
3593,1996,8,15962,34385,-18423
3593,1996,9,15920,15825,95
3593,1996,10,15933,15525,408
3593,1996,11,15925,22125,-6200
3593,1996,12,23815,23245,570
3593,1997,1,15891,21185,-5294
3593,1997,2,15888,12125,3763
3593,1997,3,15902,18325,-2423
3593,1997,4,15893,19725,-3832
3593,1997,5,15875,17125,-1250
3593,1997,6,23780,19565,4215
3593,1997,7,15891,11725,4166
3593,1997,8,15902,15525,377
3593,1997,9,15903,15825,78
3593,1997,10,15891,19085,-3194
3593,1997,11,15892,17525,-1633
3593,1997,12,23800,16965,6835
3593,1998,1,15881,23465,-7584
3593,1998,2,15882,11725,4157
3593,1998,3,15894,15625,269
3593,1998,4,15896,13925,1971
3593,1998,5,15904,14325,1579
3593,1998,6,23821,18265,5556
3593,1998,7,15918,21805,-5887
3593,1998,8,15914,9725,6189
3593,1998,9,15932,13625,2307
3593,1998,10,15947,10525,5422
3593,1998,11,15957,16525,-568
3593,1998,12,23868,13110,10758
3594,1993,12,600,0,600
3594,1994,1,25999,0,25999
3594,1994,2,39743,21200,18543
3594,1994,3,145376,149915,-4539
3594,1994,4,53209,44098,9111
3594,1994,5,202,14098,-13896
3594,1994,6,13053,12298,755
3594,1994,7,61366,40598,20768
3594,1994,8,72667,80998,-8331
3594,1994,9,42554,35998,6556
3594,1994,10,202,21398,-21196
3594,1994,11,135,9498,-9363
3594,1994,12,42146,25198,16948
3594,1995,1,6120,26898,-20778
3594,1995,2,18326,17598,728
3594,1995,3,87,4798,-4711
3594,1995,4,119253,94263,24990
3594,1995,5,85395,87398,-2003
3594,1995,6,71889,26698,45191
3594,1995,7,77396,103198,-25802
3594,1995,8,95865,104298,-8433
3594,1995,9,57002,57659,-657
3594,1995,10,22523,38998,-16475
3594,1995,11,50369,10798,39571
3594,1995,12,5753,56328,-50575
3594,1996,1,81,8198,-8117
3594,1996,2,58028,12198,45830
3594,1996,3,197,31498,-31301
3594,1996,4,127861,57498,70363
3594,1996,5,48351,113198,-64847
3594,1996,6,47790,41698,6092
3594,1996,7,14205,23698,-9493
3594,1996,8,103,12598,-12495
3594,1996,9,75890,31798,44092
3594,1996,10,190,31198,-31008
3594,1996,11,94,16198,-16104
3594,1996,12,17859,10398,7461
3594,1997,1,95,3498,-3403
3594,1997,2,81,3498,-3417
3594,1997,3,67,3498,-3431
3594,1997,4,52,3498,-3446
3594,1997,5,38,3498,-3460
3594,1997,6,23,3498,-3475
3594,1997,7,13655,15,13640
3594,1997,8,65,3498,-3433
3594,1997,9,51,3498,-3447
3594,1997,10,36,3498,-3462
3594,1997,11,15366,3498,11868
3594,1997,12,71,3498,-3427
3594,1998,1,25522,14598,10924
3594,1998,2,102,3498,-3396
3594,1998,3,88,3498,-3410
3594,1998,4,74,3498,-3424
3594,1998,5,59,3498,-3439
3594,1998,6,45,3498,-3453
3594,1998,7,30,3498,-3468
3594,1998,8,19846,15,19831
3594,1998,9,98,3498,-3400
3594,1998,10,84,3498,-3414
3594,1998,11,69,3498,-3429
3594,1998,12,0,3483,-3483
3595,1994,5,19046,0,19046
3595,1994,6,17786,4200,13586
3595,1994,7,11939,12600,-661
3595,1994,8,11935,12500,-565
3595,1994,9,11934,10015,1919
3595,1994,10,11951,15883,-3932
3595,1994,11,11936,11883,53
3595,1994,12,17825,25263,-7438
3595,1995,1,14191,16523,-2332
3595,1995,2,13099,7883,5216
3595,1995,3,11914,14983,-3069
3595,1995,4,11906,9783,2123
3595,1995,5,11914,10883,1031
3595,1995,6,17829,20283,-2454
3595,1995,7,11907,11483,424
3595,1995,8,11907,9983,1924
3595,1995,9,11913,13383,-1470
3595,1995,10,11912,9083,2829
3595,1995,11,11923,9983,1940
3595,1995,12,17837,21883,-4046
3595,1996,1,17478,26363,-8885
3595,1996,2,15785,7883,7902
3595,1996,3,11912,8383,3529
3595,1996,4,11924,13823,-1899
3595,1996,5,11916,9683,2233
3595,1996,6,17830,25863,-8033
3595,1996,7,12496,7883,4613
3595,1996,8,11910,10083,1827
3595,1996,9,11904,13683,-1779
3595,1996,10,11906,11783,123
3595,1996,11,11904,12683,-779
3595,1996,12,17805,18123,-318
3595,1997,1,12590,19163,-6573
3595,1997,2,13686,7883,5803
3595,1997,3,11898,11683,215
3595,1997,4,11894,13743,-1849
3595,1997,5,11893,10683,1210
3595,1997,6,17813,13283,4530
3595,1997,7,11911,12783,-872
3595,1997,8,11905,13583,-1678
3595,1997,9,11897,13783,-1886
3595,1997,10,12285,16283,-3998
3595,1997,11,11884,9383,2501
3595,1997,12,17795,20083,-2288
3595,1998,1,11867,14223,-2356
3595,1998,2,11867,11683,184
3595,1998,3,11875,9483,2392
3595,1998,4,11883,9983,1900
3595,1998,5,11874,17163,-5289
3595,1998,6,17791,9783,8008
3595,1998,7,11907,8183,3724
3595,1998,8,11891,21123,-9232
3595,1998,9,12989,7883,5106
3595,1998,10,11898,10383,1515
3595,1998,11,16513,12443,4070
3595,1998,12,17831,15708,2123
3596,1996,4,500,0,500
3596,1996,5,24395,0,24395
3596,1996,6,27823,10700,17123
3596,1996,7,18645,14800,3845
3596,1996,8,18655,18800,-145
3596,1996,9,18655,21455,-2800
3596,1996,10,18649,15615,3034
3596,1996,11,18656,18615,41
3596,1996,12,27930,23835,4095
3596,1997,1,18659,31935,-13276
3596,1997,2,18639,17435,1204
3596,1997,3,18638,16115,2523
3596,1997,4,18639,15715,2924
3596,1997,5,18673,15875,2798
3596,1997,6,27892,27955,-63
3596,1997,7,18662,16655,2007
3596,1997,8,18668,17215,1453
3596,1997,9,18681,14315,4366
3596,1997,10,18695,16315,2380
3596,1997,11,18694,21015,-2321
3596,1997,12,27934,23215,4719
3596,1998,1,18682,39875,-21193
3596,1998,2,18636,12615,6021
3596,1998,3,18653,18875,-222
3596,1998,4,18656,14215,4441
3596,1998,5,18669,16415,2254
3596,1998,6,27866,45595,-17729
3596,1998,7,18628,7515,11113
3596,1998,8,18647,19235,-588
3596,1998,9,18648,16715,1933
3596,1998,10,18667,12915,5752
3596,1998,11,18676,20775,-2099
3596,1998,12,27909,26620,1289
3597,1996,2,500,0,500
3597,1996,3,12100,0,12100
3597,1996,4,58259,0,58259
3597,1996,5,24568,23300,1268
3597,1996,6,299,26300,-26001
3597,1996,7,30966,11200,19766
3597,1996,8,32142,24434,7708
3597,1996,9,13039,24734,-11695
3597,1996,10,88104,49234,38870
3597,1996,11,45344,48707,-3363
3597,1996,12,251,61634,-61383
3597,1997,1,11595,13305,-1710
3597,1997,2,50599,13434,37165
3597,1997,3,75096,53327,21769
3597,1997,4,28013,47636,-19623
3597,1997,5,70508,101408,-30900
3597,1997,6,73673,51886,21787
3597,1997,7,71489,32412,39077
3597,1997,8,88559,96634,-8075
3597,1997,9,55298,90934,-35636
3597,1997,10,93343,60540,32803
3597,1997,11,38519,55111,-16592
3597,1997,12,20127,36134,-16007
3597,1998,1,33760,49034,-15274
3597,1998,2,214,12234,-12020
3597,1998,3,14537,3234,11303
3597,1998,4,22120,13434,8686
3597,1998,5,150,29734,-29584
3597,1998,6,6802,9634,-2832
3597,1998,7,127317,80534,46783
3597,1998,8,40378,50634,-10256
3597,1998,9,49396,55934,-6538
3597,1998,10,192,29334,-29142
3597,1998,11,55486,41634,13852
3597,1998,12,140,9734,-9594
3598,1997,11,15070,0,15070
3598,1997,12,27932,0,27932
3598,1998,1,14919,24600,-9681
3598,1998,2,14871,0,14871
3598,1998,3,14920,16550,-1630
3598,1998,4,14926,14650,276
3598,1998,5,14952,19850,-4898
3598,1998,6,22267,35950,-13683
3598,1998,7,14869,14850,19
3598,1998,8,14883,11350,3533
3598,1998,9,14880,18950,-4070
3598,1998,10,14858,23350,-8492
3598,1998,11,14829,13650,1179
3598,1998,12,22221,7635,14586
3599,1994,3,700,0,700
3599,1994,4,5440,0,5440
3599,1994,5,5440,0,5440
3599,1994,6,5440,0,5440
3599,1994,7,5440,0,5440
3599,1994,8,5510,3272,2238
3599,1994,9,5545,5272,273
3599,1994,10,5550,3272,2278
3599,1994,11,5554,5772,-218
3599,1994,12,5555,6072,-517
3599,1995,1,5515,18672,-13157
3599,1995,2,5502,3272,2230
3599,1995,3,5510,4952,558
3599,1995,4,5513,3272,2241
3599,1995,5,5515,6952,-1437
3599,1995,6,5517,3272,2245
3599,1995,7,5526,3272,2254
3599,1995,8,5535,3272,2263
3599,1995,9,5536,6392,-856
3599,1995,10,5541,3272,2269
3599,1995,11,5543,6172,-629
3599,1995,12,5545,5482,63
3599,1996,1,5531,13222,-7691
3599,1996,2,5516,3272,2244
3599,1996,3,5526,3272,2254
3599,1996,4,5535,4072,1463
3599,1996,5,5541,3272,2269
3599,1996,6,5518,16172,-10654
3599,1996,7,5506,3272,2234
3599,1996,8,5515,3272,2243
3599,1996,9,5525,3272,2253
3599,1996,10,5534,3272,2262
3599,1996,11,5543,3272,2271
3599,1996,12,5552,4072,1480
3599,1997,1,5536,15052,-9516
3599,1997,2,5515,6232,-717
3599,1997,3,5516,3272,2244
3599,1997,4,5525,3272,2253
3599,1997,5,5535,3272,2263
3599,1997,6,5533,7752,-2219
3599,1997,7,5525,7192,-1667
3599,1997,8,5528,3272,2256
3599,1997,9,5537,3272,2265
3599,1997,10,5547,3272,2275
3599,1997,11,5556,3272,2284
3599,1997,12,5565,3822,1743
3599,1998,1,5553,16312,-10759
3599,1998,2,5528,3272,2256
3599,1998,3,5537,3272,2265
3599,1998,4,5545,4952,593
3599,1998,5,5549,3272,2277
3599,1998,6,5548,11272,-5724
3599,1998,7,5535,3272,2263
3599,1998,8,5545,3752,1793
3599,1998,9,5551,3672,1879
3599,1998,10,5558,4632,926
3599,1998,11,5563,3272,2291
3599,1998,12,5572,4157,1415
3600,1993,8,1100,0,1100
3600,1993,9,6623,0,6623
3600,1993,10,6623,0,6623
3600,1993,11,6688,600,6088
3600,1993,12,6721,2600,4121
3600,1994,1,6731,10632,-3901
3600,1994,2,6728,1652,5076
3600,1994,3,6729,7732,-1003
3600,1994,4,6731,7372,-641
3600,1994,5,6728,5552,1176
3600,1994,6,6700,15152,-8452
3600,1994,7,6704,5392,1312
3600,1994,8,6712,1552,5160
3600,1994,9,6733,1552,5181
3600,1994,10,6753,3852,2901
3600,1994,11,6771,2892,3879
3600,1994,12,6783,3452,3331
3600,1995,1,6763,14072,-7309
3600,1995,2,6762,3952,2810
3600,1995,3,6774,4652,2122
3600,1995,4,6778,5852,926
3600,1995,5,6789,3472,3317
3600,1995,6,6781,19132,-12351
3600,1995,7,6752,3752,3000
3600,1995,8,6765,1552,5213
3600,1995,9,6785,7152,-367
3600,1995,10,6785,2952,3833
3600,1995,11,6798,9152,-2354
3600,1995,12,6791,2952,3839
3600,1996,1,6783,16752,-9969
3600,1996,2,6765,1552,5213
3600,1996,3,6787,1552,5235
3600,1996,4,6805,6652,153
3600,1996,5,6807,4452,2355
3600,1996,6,6812,11822,-5010
3600,1996,7,6790,6652,138
3600,1996,8,6793,6352,441
3600,1996,9,6792,9252,-2460
3600,1996,10,6783,7252,-469
3600,1996,11,6786,3352,3434
3600,1996,12,6794,7552,-758
3600,1997,1,6796,7652,-856
3600,1997,2,6788,6152,636
3600,1997,3,6796,2852,3944
3600,1997,4,6806,9152,-2346
3600,1997,5,6799,6252,547
3600,1997,6,6797,9452,-2655
3600,1997,7,6791,4052,2739
3600,1997,8,6804,3252,3552
3600,1997,9,6814,5652,1162
3600,1997,10,6812,9252,-2440
3600,1997,11,6799,10852,-4053
3600,1997,12,6787,7352,-565
3600,1998,1,6777,13452,-6675
3600,1998,2,6767,1552,5215
3600,1998,3,6790,1552,5238
3600,1998,4,6811,1552,5259
3600,1998,5,6830,4952,1878
3600,1998,6,6816,10502,-3686
3600,1998,7,6814,7952,-1138
3600,1998,8,6821,1552,5269
3600,1998,9,6836,3952,2884
3600,1998,10,6843,6952,-109
3600,1998,11,6844,9652,-2808
3600,1998,12,6830,6537,293
3601,1995,6,700,0,700
3601,1995,7,5827,0,5827
3601,1995,8,5827,0,5827
3601,1995,9,5827,0,5827
3601,1995,10,5827,0,5827
3601,1995,11,5831,15,5816
3601,1995,12,5953,4409,1544
3601,1996,1,5946,13889,-7943
3601,1996,2,5930,4209,1721
3601,1996,3,5942,1809,4133
3601,1996,4,5948,5569,379
3601,1996,5,5961,1809,4152
3601,1996,6,5957,8209,-2252
3601,1996,7,5969,3009,2960
3601,1996,8,5981,1809,4172
3601,1996,9,5998,1809,4189
3601,1996,10,6008,4209,1799
3601,1996,11,6023,1809,4214
3601,1996,12,6030,5559,471
3601,1997,1,6028,9499,-3471
3601,1997,2,6025,2309,3716
3601,1997,3,6022,8409,-2387
3601,1997,4,6016,7409,-1393
3601,1997,5,6008,10109,-4101
3601,1997,6,5979,19859,-13880
3601,1997,7,5953,1809,4144
3601,1997,8,5970,1809,4161
3601,1997,9,5987,3309,2678
3601,1997,10,5994,8889,-2895
3601,1997,11,5986,4109,1877
3601,1997,12,5982,10799,-4817
3601,1998,1,5952,12649,-6697
3601,1998,2,5938,3889,2049
3601,1998,3,5955,1809,4146
3601,1998,4,5971,3609,2362
3601,1998,5,5980,5209,771
3601,1998,6,5973,9149,-3176
3601,1998,7,5971,1809,4162
3601,1998,8,5985,4129,1856
3601,1998,9,5996,1809,4187
3601,1998,10,6010,5509,501
3601,1998,11,6010,8469,-2459
3601,1998,12,6003,5964,39
3602,1996,12,600,0,600
3602,1997,1,75132,0,75132
3602,1997,2,23711,24000,-289
3602,1997,3,99095,74384,24711
3602,1997,4,43191,37415,5776
3602,1997,5,53144,84578,-31434
3602,1997,6,81117,83815,-2698
3602,1997,7,124152,153966,-29814
3602,1997,8,31533,19815,11718
3602,1997,9,42496,39061,3435
3602,1997,10,71666,62115,9551
3602,1997,11,45063,67615,-22552
3602,1997,12,108049,103615,4434
3602,1998,1,33604,54815,-21211
3602,1998,2,31002,23118,7884
3602,1998,3,640,13458,-12818
3602,1998,4,13558,4615,8943
3602,1998,5,5930,7172,-1242
3602,1998,6,5226,4915,311
3602,1998,7,16512,15,16497
3602,1998,8,46671,56084,-9413
3602,1998,9,40908,29803,11105
3602,1998,10,68654,34715,33939
3602,1998,11,41914,64815,-22901
3602,1998,12,43115,24621,18494
3603,1997,9,600,0,600
3603,1997,10,23200,0,23200
3603,1997,11,18576,6500,12076
3603,1997,12,27858,13300,14558
3603,1998,1,18664,17300,1364
3603,1998,2,18658,22515,-3857
3603,1998,3,18650,20798,-2148
3603,1998,4,18639,17898,741
3603,1998,5,18648,18198,450
3603,1998,6,27830,36598,-8768
3603,1998,7,18620,14998,3622
3603,1998,8,18751,7898,10853
3603,1998,9,18683,12798,5885
3603,1998,10,18693,18798,-105
3603,1998,11,18706,11898,6808
3603,1998,12,27961,20083,7878
3604,1993,12,500,0,500
3604,1994,1,6945,0,6945
3604,1994,2,6945,0,6945
3604,1994,3,6945,0,6945
3604,1994,4,6982,1500,5482
3604,1994,5,7062,6908,154
3604,1994,6,7050,17758,-10708
3604,1994,7,7022,3908,3114
3604,1994,8,7035,3908,3127
3604,1994,9,7046,5008,2038
3604,1994,10,7053,5788,1265
3604,1994,11,7062,3908,3154
3604,1994,12,7075,4658,2417
3604,1995,1,7062,15448,-8386
3604,1995,2,7046,5748,1298
3604,1995,3,7056,3908,3148
3604,1995,4,7062,7588,-526
3604,1995,5,7064,5008,2056
3604,1995,6,7052,11258,-4206
3604,1995,7,7058,3908,3150
3604,1995,8,7071,3908,3163
3604,1995,9,7077,6508,569
3604,1995,10,7076,7908,-832
3604,1995,11,7068,9308,-2240
3604,1995,12,7066,9268,-2202
3604,1996,1,7038,15768,-8730
3604,1996,2,7027,3908,3119
3604,1996,3,7040,4108,2932
3604,1996,4,7048,5408,1640
3604,1996,5,7060,3908,3152
3604,1996,6,7050,11158,-4108
3604,1996,7,7066,4208,2858
3604,1996,8,7047,13908,-6861
3604,1996,9,7040,4008,3032
3604,1996,10,7036,9108,-2072
3604,1996,11,7042,3908,3134
3604,1996,12,7047,10268,-3221
3604,1997,1,7026,10968,-3942
3604,1997,2,7025,6468,557
3604,1997,3,7028,3908,3120
3604,1997,4,7041,5108,1933
3604,1997,5,7050,3908,3142
3604,1997,6,7030,15358,-8328
3604,1997,7,7025,5348,1677
3604,1997,8,7034,3908,3126
3604,1997,9,7038,7208,-170
3604,1997,10,7046,3908,3138
3604,1997,11,7059,3908,3151
3604,1997,12,7070,4908,2162
3604,1998,1,7072,11508,-4436
3604,1998,2,7061,4548,2513
3604,1998,3,7066,8328,-1262
3604,1998,4,7068,3908,3160
3604,1998,5,7081,3908,3173
3604,1998,6,7076,9808,-2732
3604,1998,7,7082,3908,3174
3604,1998,8,7096,3908,3188
3604,1998,9,7103,7188,-85
3604,1998,10,7107,5828,1279
3604,1998,11,7114,3908,3206
3604,1998,12,7126,4393,2733
3605,1996,3,600,0,600
3605,1996,4,24723,1900,22823
3605,1996,5,24804,16600,8204
3605,1996,6,37190,27200,9990
3605,1996,7,24868,26300,-1432
3605,1996,8,24860,27315,-2455
3605,1996,9,24864,34477,-9613
3605,1996,10,24840,23297,1543
3605,1996,11,24837,28097,-3260
3605,1996,12,37201,30457,6744
3605,1997,1,24827,34617,-9790
3605,1997,2,24810,26477,-1667
3605,1997,3,24811,23397,1414
3605,1997,4,24812,24597,215
3605,1997,5,24813,24597,216
3605,1997,6,37180,31597,5583
3605,1997,7,24822,30897,-6075
3605,1997,8,24803,27917,-3114
3605,1997,9,24783,28097,-3314
3605,1997,10,24772,26257,-1485
3605,1997,11,24767,25597,-830
3605,1997,12,37128,35037,2091
3605,1998,1,24786,18817,5969
3605,1998,2,24777,30637,-5860
3605,1998,3,24778,22797,1981
3605,1998,4,24774,26897,-2123
3605,1998,5,24766,27017,-2251
3605,1998,6,37123,32497,4626
3605,1998,7,24829,5497,19332
3605,1998,8,24811,41157,-16346
3605,1998,9,24791,29117,-4326
3605,1998,10,24823,5497,19326
3605,1998,11,24903,5497,19406
3605,1998,12,37255,41982,-4727
3606,1996,4,900,0,900
3606,1996,5,16417,0,16417
3606,1996,6,11370,0,11370
3606,1996,7,6905,6100,805
3606,1996,8,6913,3700,3213
3606,1996,9,6910,11495,-4585
3606,1996,10,6906,4915,1991
3606,1996,11,6903,9515,-2612
3606,1996,12,10288,14115,-3827
3606,1997,1,6891,13155,-6264
3606,1997,2,6974,15,6959
3606,1997,3,6887,7275,-388
3606,1997,4,7603,15,7588
3606,1997,5,6917,6215,702
3606,1997,6,10308,13295,-2987
3606,1997,7,6923,2495,4428
3606,1997,8,6932,3915,3017
3606,1997,9,6940,5615,1325
3606,1997,10,6949,4315,2634
3606,1997,11,6965,2515,4450
3606,1997,12,12881,8935,3946
3606,1998,1,6995,16875,-9880
3606,1998,2,10070,1695,8375
3606,1998,3,10210,15,10195
3606,1998,4,7040,1215,5825
3606,1998,5,7061,2215,4846
3606,1998,6,10448,14375,-3927
3606,1998,7,7064,2715,4349
3606,1998,8,7082,6015,1067
3606,1998,9,7074,6215,859
3606,1998,10,7081,7515,-434
3606,1998,11,7071,8615,-1544
3606,1998,12,10470,9500,970
3608,1994,8,500,0,500
3608,1994,9,30612,2300,28312
3608,1994,10,108493,77330,31163
3608,1994,11,86592,97154,-10562
3608,1994,12,170,21054,-20884
3608,1995,1,7479,16154,-8675
3608,1995,2,7567,8354,-787
3608,1995,3,10764,10954,-190
3608,1995,4,33130,26988,6142
3608,1995,5,8792,10954,-2162
3608,1995,6,4596,3154,1442
3608,1995,7,8391,11054,-2663
3608,1995,8,47138,36473,10665
3608,1995,9,22866,18454,4412
3608,1995,10,3824,12054,-8230
3608,1995,11,28216,28177,39
3608,1995,12,6316,6854,-538
3608,1996,1,11138,18254,-7116
3608,1996,2,9194,3154,6040
3608,1996,3,9307,6754,2553
3608,1996,4,12891,6054,6837
3608,1996,5,16932,8554,8378
3608,1996,6,2156,12440,-10284
3608,1996,7,33118,24018,9100
3608,1996,8,55720,42869,12851
3608,1996,9,27961,24940,3021
3608,1996,10,13948,34740,-20792
3608,1996,11,43026,7640,35386
3608,1996,12,242,32140,-31898
3608,1997,1,5632,19940,-14308
3608,1997,2,7711,7640,71
3608,1997,3,15145,8540,6605
3608,1997,4,21660,20140,1520
3608,1997,5,19896,17440,2456
3608,1997,6,18042,18740,-698
3608,1997,7,3138,9440,-6302
3608,1997,8,6832,7640,-808
3608,1997,9,43343,11840,31503
3608,1997,10,196,24640,-24444
3608,1997,11,129,8940,-8811
3608,1997,12,86618,12740,73878
3608,1998,1,74605,81340,-6735
3608,1998,2,14909,53289,-38380
3608,1998,3,89121,56465,32656
3608,1998,4,38483,56460,-17977
3608,1998,5,45125,55224,-10099
3608,1998,6,15091,30640,-15549
3608,1998,7,43524,27940,15584
3608,1998,8,24581,34740,-10159
3608,1998,9,11668,12940,-1272
3608,1998,10,34335,18440,15895
3608,1998,11,44747,37440,7307
3608,1998,12,5953,40896,-34943
3609,1993,8,21639,0,21639
3609,1993,9,24635,0,24635
3609,1993,10,21204,10800,10404
3609,1993,11,21239,14300,6939
3609,1993,12,31760,47353,-15593
3609,1994,1,21219,34021,-12802
3609,1994,2,21175,6381,14794
3609,1994,3,21202,32981,-11779
3609,1994,4,21209,17981,3228
3609,1994,5,21211,22481,-1270
3609,1994,6,33277,51661,-18384
3609,1994,7,21120,11281,9839
3609,1994,8,21156,16981,4175
3609,1994,9,21163,20081,1082
3609,1994,10,21168,17781,3387
3609,1994,11,21187,19881,1306
3609,1994,12,31702,27201,4501
3609,1995,1,21178,42761,-21583
3609,1995,2,21123,12281,8842
3609,1995,3,21153,15881,5272
3609,1995,4,21179,17481,3698
3609,1995,5,21184,20981,203
3609,1995,6,31691,29681,2010
3609,1995,7,21197,21081,116
3609,1995,8,21195,21081,114
3609,1995,9,21191,19681,1510
3609,1995,10,21197,19581,1616
3609,1995,11,21197,25681,-4484
3609,1995,12,31696,26181,5515
3609,1996,1,21173,31601,-10428
3609,1996,2,21158,20601,557
3609,1996,3,21164,20481,683
3609,1996,4,21161,19841,1320
3609,1996,5,21164,22181,-1017
3609,1996,6,31639,35681,-4042
3609,1996,7,21156,15381,5775
3609,1996,8,21170,18481,2689
3609,1996,9,21159,29061,-7902
3609,1996,10,21144,19381,1763
3609,1996,11,21158,15881,5277
3609,1996,12,31680,24821,6859
3609,1997,1,21181,38201,-17020
3609,1997,2,24373,6381,17992
3609,1997,3,21201,20681,520
3609,1997,4,21204,23381,-2177
3609,1997,5,21199,17781,3418
3609,1997,6,31708,30201,1507
3609,1997,7,21236,14381,6855
3609,1997,8,21240,21981,-741
3609,1997,9,21251,17981,3270
3609,1997,10,21251,24481,-3230
3609,1997,11,21253,13381,7872
3609,1997,12,31790,23141,8649
3609,1998,1,21268,31661,-10393
3609,1998,2,21266,14981,6285
3609,1998,3,21288,19581,1707
3609,1998,4,21312,16681,4631
3609,1998,5,21332,16481,4851
3609,1998,6,45386,52781,-7395
3609,1998,7,21333,11781,9552
3609,1998,8,21355,13681,7674
3609,1998,9,21388,14181,7207
3609,1998,10,21393,23981,-2588
3609,1998,11,21387,25421,-4034
3609,1998,12,31886,19966,11920
3610,1997,9,700,0,700
3610,1997,10,4279,0,4279
3610,1997,11,4279,0,4279
3610,1997,12,4279,0,4279
3610,1998,1,4279,0,4279
3610,1998,2,4337,2650,1687
3610,1998,3,4364,3770,594
3610,1998,4,4368,2650,1718
3610,1998,5,4371,5050,-679
3610,1998,6,4354,9130,-4776
3610,1998,7,4353,2650,1703
3610,1998,8,4360,2650,1710
3610,1998,9,4365,3550,815
3610,1998,10,4370,2650,1720
3610,1998,11,4373,5930,-1557
3610,1998,12,4369,3635,734
3612,1994,8,700,0,700
3612,1994,9,20274,0,20274
3612,1994,10,14355,3800,10555
3612,1994,11,14392,12400,1992
3612,1994,12,21533,15600,5933
3612,1995,1,14429,21577,-7148
3612,1995,2,14408,16263,-1855
3612,1995,3,14403,16303,-1900
3612,1995,4,14383,17403,-3020
3612,1995,5,14386,10343,4043
3612,1995,6,21501,31483,-9982
3612,1995,7,14357,11363,2994
3612,1995,8,14367,12763,1604
3612,1995,9,14378,9763,4615
3612,1995,10,14388,16463,-2075
3612,1995,11,14379,15943,-1564
3612,1995,12,21522,16483,5039
3612,1996,1,14374,21463,-7089
3612,1996,2,14367,11063,3304
3612,1996,3,14388,8963,5425
3612,1996,4,14394,14743,-349
3612,1996,5,14408,11743,2665
3612,1996,6,21556,16163,5393
3612,1996,7,14439,10963,3476
3612,1996,8,14446,13663,783
3612,1996,9,14450,13063,1387
3612,1996,10,14454,13963,491
3612,1996,11,14449,13483,966
3612,1996,12,21594,24983,-3389
3612,1997,1,14431,18503,-4072
3612,1997,2,15747,7363,8384
3612,1997,3,14462,14063,399
3612,1997,4,14469,11463,3006
3612,1997,5,14463,19203,-4740
3612,1997,6,21601,19563,2038
3612,1997,7,14461,17183,-2722
3612,1997,8,14448,16223,-1775
3612,1997,9,14456,9803,4653
3612,1997,10,14479,7963,6516
3612,1997,11,14504,9263,5241
3612,1997,12,21644,21423,221
3612,1998,1,16020,19723,-3703
3612,1998,2,20634,7363,13271
3612,1998,3,14542,16563,-2021
3612,1998,4,16653,12643,4010
3612,1998,5,14565,11563,3002
3612,1998,6,21676,40803,-19127
3612,1998,7,17922,11563,6359
3612,1998,8,14529,10363,4166
3612,1998,9,14522,16323,-1801
3612,1998,10,14546,7663,6883
3612,1998,11,14553,13563,990
3612,1998,12,21705,18428,3277
3613,1993,8,200,0,200
3613,1993,9,18418,0,18418
3613,1993,10,9356,3700,5656
3613,1993,11,9379,4000,5379
3613,1993,12,14027,10300,3727
3613,1994,1,9363,26189,-16826
3613,1994,2,9338,7889,1449
3613,1994,3,9345,7089,2256
3613,1994,4,9343,11089,-1746
3613,1994,5,9349,6789,2560
3613,1994,6,13991,11689,2302
3613,1994,7,9368,7289,2079
3613,1994,8,9374,8889,485
3613,1994,9,9381,7189,2192
3613,1994,10,9386,10289,-903
3613,1994,11,9378,9089,289
3613,1994,12,14025,13089,936
3613,1995,1,9872,15989,-6117
3613,1995,2,9366,7089,2277
3613,1995,3,9369,8689,680
3613,1995,4,9373,8489,884
3613,1995,5,9675,9989,-314
3613,1995,6,14010,13789,221
3613,1995,7,9376,10189,-813
3613,1995,8,9375,9089,286
3613,1995,9,9377,8089,1288
3613,1995,10,9381,9689,-308
3613,1995,11,9378,12789,-3411
3613,1995,12,14007,12389,1618
3613,1996,1,11454,18689,-7235
3613,1996,2,9336,10389,-1053
3613,1996,3,11741,6189,5552
3613,1996,4,9360,9289,71
3613,1996,5,9357,12789,-3432
3613,1996,6,14486,12589,1897
3613,1996,7,9352,10589,-1237
3613,1996,8,9346,10789,-1443
3613,1996,9,9340,10589,-1249
3613,1996,10,9334,10389,-1055
3613,1996,11,9329,10889,-1560
3613,1996,12,13965,10289,3676
3613,1997,1,11128,12989,-1861
3613,1997,2,9332,8589,743
3613,1997,3,10440,6189,4251
3613,1997,4,9845,11689,-1844
3613,1997,5,9642,8989,653
3613,1997,6,13984,19089,-5105
3613,1997,7,9630,6189,3441
3613,1997,8,9345,7589,1756
3613,1997,9,9351,6489,2862
3613,1997,10,9359,8289,1070
3613,1997,11,9360,10389,-1029
3613,1997,12,13993,14089,-96
3613,1998,1,9337,17389,-8052
3613,1998,2,10429,7289,3140
3613,1998,3,9336,9289,47
3613,1998,4,9337,10289,-952
3613,1998,5,9940,6189,3751
3613,1998,6,13973,15489,-1516
3613,1998,7,9335,11789,-2454
3613,1998,8,9337,6189,3148
3613,1998,9,9337,11589,-2252
3613,1998,10,9341,6189,3152
3613,1998,11,9354,6189,3165
3613,1998,12,13968,22674,-8706
3614,1996,8,58565,0,58565
3614,1996,9,20592,14600,5992
3614,1996,10,268,17600,-17332
3614,1996,11,268,10000,-9732
3614,1996,12,68409,4315,64094
3614,1997,1,99754,123006,-23252
3614,1997,2,22199,40796,-18597
3614,1997,3,81740,43707,38033
3614,1997,4,20705,42396,-21691
3614,1997,5,74013,81696,-7683
3614,1997,6,211,21696,-21485
3614,1997,7,85835,62296,23539
3614,1997,8,39476,23296,16180
3614,1997,9,252,31896,-31644
3614,1997,10,2822,30096,-27274
3614,1997,11,42545,25374,17171
3614,1997,12,165,14296,-14131
3614,1998,1,29508,24096,5412
3614,1998,2,3537,5196,-1659
3614,1998,3,2929,5196,-2267
3614,1998,4,39351,22144,17207
3614,1998,5,190,6496,-6306
3614,1998,6,8266,10296,-2030
3614,1998,7,72122,36796,35326
3614,1998,8,55041,48896,6145
3614,1998,9,49243,54196,-4953
3614,1998,10,53362,52894,468
3614,1998,11,6258,31680,-25422
3614,1998,12,38281,6981,31300
3615,1996,11,10243,0,10243
3615,1996,12,22483,0,22483
3615,1997,1,10057,6300,3757
3615,1997,2,10069,7400,2669
3615,1997,3,10053,16496,-6443
3615,1997,4,10033,14296,-4263
3615,1997,5,10013,15496,-5483
3615,1997,6,14982,8796,6186
3615,1997,7,10024,12596,-2572
3615,1997,8,10011,13196,-3185
3615,1997,9,10010,9796,214
3615,1997,10,10019,12796,-2777
3615,1997,11,10009,9996,13
3615,1997,12,14979,12296,2683
3615,1998,1,13204,20796,-7592
3615,1998,2,9989,5596,4393
3615,1998,3,10011,8296,1715
3615,1998,4,10014,5996,4018
3615,1998,5,10031,7396,2635
3615,1998,6,15004,15796,-792
3615,1998,7,10034,13796,-3762
3615,1998,8,10020,9796,224
3615,1998,9,10020,10396,-376
3615,1998,10,10022,5396,4626
3615,1998,11,10035,12296,-2261
3615,1998,12,14992,10681,4311
3616,1997,12,600,0,600
3616,1998,1,12500,0,12500
3616,1998,2,2300,0,2300
3616,1998,3,5900,0,5900
3616,1998,4,400,0,400
3616,1998,5,1700,0,1700
3616,1998,6,2700,0,2700
3616,1998,7,1500,0,1500
3616,1998,8,0,3400,-3400
3616,1998,9,0,1600,-1600
3616,1998,10,0,300,-300
3616,1998,11,0,100,-100
3616,1998,12,1700,0,1700
3617,1993,11,1100,0,1100
3617,1993,12,24560,1900,22660
3617,1994,1,16461,6100,10361
3617,1994,2,16485,13700,2785
3617,1994,3,16496,14000,2496
3617,1994,4,16501,20798,-4297
3617,1994,5,16496,14858,1638
3617,1994,6,24648,31898,-7250
3617,1994,7,16474,13778,2696
3617,1994,8,16485,13058,3427
3617,1994,9,16491,15558,933
3617,1994,10,16504,12358,4146
3617,1994,11,16500,20818,-4318
3617,1994,12,24697,17418,7279
3617,1995,1,16494,29238,-12744
3617,1995,2,16481,11658,4823
3617,1995,3,16516,14978,1538
3617,1995,4,16498,14958,1540
3617,1995,5,16507,15198,1309
3617,1995,6,24685,29698,-5013
3617,1995,7,16483,18978,-2495
3617,1995,8,16502,8358,8144
3617,1995,9,16544,5258,11286
3617,1995,10,16580,8858,7722
3617,1995,11,16592,14338,2254
3617,1995,12,24783,24338,445
3617,1996,1,16581,23638,-7057
3617,1996,2,16566,18078,-1512
3617,1996,3,16597,5858,10739
3617,1996,4,16629,9558,7071
3617,1996,5,16631,18318,-1687
3617,1996,6,24744,35258,-10514
3617,1996,7,16606,10158,6448
3617,1996,8,16620,21658,-5038
3617,1996,9,16627,14058,2569
3617,1996,10,16638,13258,3380
3617,1996,11,16651,13658,2993
3617,1996,12,24849,18238,6611
3617,1997,1,16663,20458,-3795
3617,1997,2,16673,14638,2035
3617,1997,3,16682,18998,-2316
3617,1997,4,16667,16438,229
3617,1997,5,16672,15258,1414
3617,1997,6,24853,39098,-14245
3617,1997,7,16621,7018,9603
3617,1997,8,16655,13958,2697
3617,1997,9,16659,15058,1601
3617,1997,10,16675,10658,6017
3617,1997,11,16699,10058,6641
3617,1997,12,28714,43438,-14724
3617,1998,1,20952,17298,3654
3617,1998,2,16685,5338,11347
3617,1998,3,16728,9458,7270
3617,1998,4,16759,7758,9001
3617,1998,5,23095,41858,-18763
3617,1998,6,26584,24218,2366
3617,1998,7,18823,8298,10525
3617,1998,8,16767,10158,6609
3617,1998,9,25979,50158,-24179
3617,1998,10,17604,8778,8826
3617,1998,11,16721,14198,2523
3617,1998,12,24913,23703,1210
3618,1993,9,700,0,700
3618,1993,10,22146,0,22146
3618,1993,11,17035,10000,7035
3618,1993,12,25534,17700,7834
3618,1994,1,17095,15300,1795
3618,1994,2,17101,18115,-1014
3618,1994,3,17106,18253,-1147
3618,1994,4,17099,19513,-2414
3618,1994,5,17087,20853,-3766
3618,1994,6,25564,18253,7311
3618,1994,7,17086,22933,-5847
3618,1994,8,17082,14153,2929
3618,1994,9,17090,18053,-963
3618,1994,10,17087,16553,534
3618,1994,11,17087,16213,874
3618,1994,12,25578,20933,4645
3618,1995,1,17089,21633,-4544
3618,1995,2,17089,18073,-984
3618,1995,3,17091,14353,2738
3618,1995,4,17094,19773,-2679
3618,1995,5,17080,18373,-1293
3618,1995,6,25565,21453,4112
3618,1995,7,17098,16553,545
3618,1995,8,17096,18853,-1757
3618,1995,9,17090,17053,37
3618,1995,10,17088,18353,-1265
3618,1995,11,17081,18753,-1672
3618,1995,12,25551,23433,2118
3618,1996,1,17058,22833,-5775
3618,1996,2,17066,13953,3113
3618,1996,3,17077,15253,1824
3618,1996,4,17084,15053,2031
3618,1996,5,17101,11453,5648
3618,1996,6,25592,21353,4239
3618,1996,7,17118,21393,-4275
3618,1996,8,17107,17593,-486
3618,1996,9,17114,13953,3161
3618,1996,10,17125,21193,-4068
3618,1996,11,21934,9653,12281
3618,1996,12,31154,16973,14181
3618,1997,1,17180,28593,-11413
3618,1997,2,18185,9653,8532
3618,1997,3,17208,13953,3255
3618,1997,4,17633,9653,7980
3618,1997,5,17255,13553,3702
3618,1997,6,25696,40533,-14837
3618,1997,7,20826,11573,9253
3618,1997,8,17244,14253,2991
3618,1997,9,17250,15453,1797
3618,1997,10,17238,20693,-3455
3618,1997,11,17235,17053,182
3618,1997,12,25718,19773,5945
3618,1998,1,17234,31013,-13779
3618,1998,2,17197,18673,-1476
3618,1998,3,17218,10853,6365
3618,1998,4,18149,11093,7056
3618,1998,5,17272,10853,6419
3618,1998,6,25722,59473,-33751
3618,1998,7,32114,9653,22461
3618,1998,8,19564,9653,9911
3618,1998,9,17282,15353,1929
3618,1998,10,17287,14753,2534
3618,1998,11,17278,20153,-2875
3618,1998,12,25767,17118,8649
3620,1997,2,3206,0,3206
3620,1997,3,12742,0,12742
3620,1997,4,4877,15,4862
3620,1997,5,2291,215,2076
3620,1997,6,2901,15,2886
3620,1997,7,24534,2115,22419
3620,1997,8,31159,9015,22144
3620,1997,9,2448,25315,-22867
3620,1997,10,2372,13015,-10643
3620,1997,11,2342,8415,-6073
3620,1997,12,2304,8765,-6461
3620,1998,1,3669,14815,-11146
3620,1998,2,555,15,540
3620,1998,3,553,2415,-1862
3620,1998,4,12076,215,11861
3620,1998,5,585,7415,-6830
3620,1998,6,562,4115,-3553
3620,1998,7,555,15,540
3620,1998,8,558,15,543
3620,1998,9,560,15,545
3620,1998,10,562,715,-153
3620,1998,11,12665,15,12650
3620,1998,12,613,1700,-1087
3621,1994,12,400,0,400
3621,1995,1,18399,0,18399
3621,1995,2,8265,0,8265
3621,1995,3,8096,3000,5096
3621,1995,4,8113,7500,613
3621,1995,5,8113,9715,-1602
3621,1995,6,12095,17714,-5619
3621,1995,7,9294,5334,3960
3621,1995,8,8105,8034,71
3621,1995,9,8104,8734,-630
3621,1995,10,8102,8134,-32
3621,1995,11,9108,5334,3774
3621,1995,12,12093,14474,-2381
3621,1996,1,17587,28374,-10787
3621,1996,2,13777,5334,8443
3621,1996,3,11992,10374,1618
3621,1996,4,8209,5334,2875
3621,1996,5,8121,5334,2787
3621,1996,6,12105,21154,-9049
3621,1996,7,12303,5334,6969
3621,1996,8,8117,8434,-317
3621,1996,9,8119,6934,1185
3621,1996,10,8119,10594,-2475
3621,1996,11,8108,9134,-1026
3621,1996,12,12091,12534,-443
3621,1997,1,8059,23494,-15435
3621,1997,2,17369,5334,12035
3621,1997,3,8380,10494,-2114
3621,1997,4,10170,10734,-564
3621,1997,5,8079,14414,-6335
3621,1997,6,15566,5334,10232
3621,1997,7,8099,6034,2065
3621,1997,8,8096,11214,-3118
3621,1997,9,8094,5534,2560
3621,1997,10,8089,10834,-2745
3621,1997,11,8083,8834,-751
3621,1997,12,12077,12814,-737
3621,1998,1,8158,18694,-10536
3621,1998,2,8041,5834,2207
3621,1998,3,8051,6034,2017
3621,1998,4,8043,11534,-3491
3621,1998,5,8049,5334,2715
3621,1998,6,12050,7534,4516
3621,1998,7,8050,14334,-6284
3621,1998,8,8052,5334,2718
3621,1998,9,8046,10434,-2388
3621,1998,10,8051,5534,2517
3621,1998,11,8049,9634,-1585
3621,1998,12,12047,8519,3528
3622,1994,10,500,0,500
3622,1994,11,92047,14200,77847
3622,1994,12,326,26400,-26074
3622,1995,1,22656,21900,756
3622,1995,2,16228,14015,2213
3622,1995,3,10427,43508,-33081
3622,1995,4,5975,11999,-6024
3622,1995,5,58966,11999,46967
3622,1995,6,174860,145460,29400
3622,1995,7,179942,181611,-1669
3622,1995,8,49341,44848,4493
3622,1995,9,9930,81794,-71864
3622,1995,10,137699,79199,58500
3622,1995,11,54119,45499,8620
3622,1995,12,42418,69070,-26652
3622,1996,1,160,35499,-35339
3622,1996,2,2092,11999,-9907
3622,1996,3,5459,11999,-6540
3622,1996,4,10246,11999,-1753
3622,1996,5,13648,11999,1649
3622,1996,6,10746,11999,-1253
3622,1996,7,9738,11999,-2261
3622,1996,8,14743,11999,2744
3622,1996,9,12949,11999,950
3622,1996,10,10045,11999,-1954
3622,1996,11,14750,11999,2751
3622,1996,12,8444,11999,-3555
3622,1997,1,12540,11999,541
3622,1997,2,11841,11999,-158
3622,1997,3,12341,11999,342
3622,1997,4,11941,11999,-58
3622,1997,5,15050,11999,3051
3622,1997,6,11653,11999,-346
3622,1997,7,49857,26899,22958
3622,1997,8,4117,11999,-7882
3622,1997,9,10986,11999,-1013
3622,1997,10,11283,11999,-716
3622,1997,11,14582,11999,2583
3622,1997,12,15679,17099,-1420
3622,1998,1,13189,11999,1190
3622,1998,2,12992,11999,993
3622,1998,3,13196,11999,1197
3622,1998,4,34602,28176,6426
3622,1998,5,14830,11999,2831
3622,1998,6,15844,11999,3845
3622,1998,7,13257,20099,-6842
3622,1998,8,18837,11999,6838
3622,1998,9,20936,39729,-18793
3622,1998,10,23395,11999,11396
3622,1998,11,24227,17152,7075
3622,1998,12,12252,20503,-8251
3623,1995,2,600,0,600
3623,1995,3,14530,0,14530
3623,1995,4,6673,0,6673
3623,1995,5,3989,1900,2089
3623,1995,6,4000,900,3100
3623,1995,7,4005,4110,-105
3623,1995,8,4711,2610,2101
3623,1995,9,4005,7410,-3405
3623,1995,10,3995,6500,-2505
3623,1995,11,4496,3090,1406
3623,1995,12,3991,5920,-1929
3623,1996,1,5195,3510,1685
3623,1996,2,3993,5560,-1567
3623,1996,3,6702,2610,4092
3623,1996,4,4002,5310,-1308
3623,1996,5,4001,5100,-1099
3623,1996,6,3966,14530,-10564
3623,1996,7,8473,2610,5863
3623,1996,8,7893,2610,5283
3623,1996,9,6313,2610,3703
3623,1996,10,4016,2610,1406
3623,1996,11,4019,4510,-491
3623,1996,12,4014,5460,-1446
3623,1997,1,3998,8010,-4012
3623,1997,2,3995,4210,-215
3623,1997,3,3985,6710,-2725
3623,1997,4,5390,3720,1670
3623,1997,5,7809,2610,5199
3623,1997,6,4012,4440,-428
3623,1997,7,4001,8010,-4009
3623,1997,8,3994,3980,14
3623,1997,9,3994,4510,-516
3623,1997,10,3992,4710,-718
3623,1997,11,3988,6210,-2222
3623,1997,12,3978,6270,-2292
3623,1998,1,3968,5680,-1712
3623,1998,2,3963,3810,153
3623,1998,3,6060,5280,780
3623,1998,4,5268,2610,2658
3623,1998,5,3975,7610,-3635
3623,1998,6,3963,3510,453
3623,1998,7,3963,5240,-1277
3623,1998,8,5861,2760,3101
3623,1998,9,3967,7810,-3843
3623,1998,10,6258,2610,3648
3623,1998,11,3966,7110,-3144
3623,1998,12,3956,4445,-489
3624,1995,5,800,0,800
3624,1995,6,72661,27100,45561
3624,1995,7,31279,27700,3579
3624,1995,8,67088,46289,20799
3624,1995,9,45489,59383,-13894
3624,1995,10,678,36705,-36027
3624,1995,11,61388,37083,24305
3624,1995,12,8090,37634,-29544
3624,1996,1,62954,32683,30271
3624,1996,2,103975,74483,29492
3624,1996,3,7686,47883,-40197
3624,1996,4,131,15583,-15452
3624,1996,5,80,11983,-11903
3624,1996,6,32,30,2
3624,1996,7,22920,6630,16290
3624,1996,8,25773,23883,1890
3624,1996,9,80852,55983,24869
3624,1996,10,47213,53983,-6770
3624,1996,11,108406,96183,12223
3624,1996,12,162,32783,-32621
3624,1997,1,51,14683,-14632
3624,1997,2,37,30,7
3624,1997,3,0,30,-30
3624,1997,4,75,30,45
3624,1997,5,0,30,-30
3624,1997,6,75,30,45
3624,1997,7,37,30,7
3624,1997,8,0,30,-30
3624,1997,9,75,30,45
3624,1997,10,0,30,-30
3624,1997,11,75,30,45
3624,1997,12,37,30,7
3624,1998,1,49647,32318,17329
3624,1998,2,107,11983,-11876
3624,1998,3,58,11983,-11925
3624,1998,4,30422,7230,23192
3624,1998,5,105,11983,-11878
3624,1998,6,20296,11983,8313
3624,1998,7,26322,11983,14339
3624,1998,8,149,11983,-11834
3624,1998,9,52256,55792,-3536
3624,1998,10,34309,40383,-6074
3624,1998,11,57261,11983,45278
3624,1998,12,120,43953,-43833
3625,1994,8,300,0,300
3625,1994,9,6974,0,6974
3625,1994,10,6974,0,6974
3625,1994,11,6974,0,6974
3625,1994,12,7018,900,6118
3625,1995,1,7092,7762,-670
3625,1995,2,7084,10306,-3222
3625,1995,3,7078,6426,652
3625,1995,4,7083,4426,2657
3625,1995,5,7093,5226,1867
3625,1995,6,7080,18136,-11056
3625,1995,7,7051,8386,-1335
3625,1995,8,7050,4226,2824
3625,1995,9,7066,2226,4840
3625,1995,10,7080,5126,1954
3625,1995,11,7082,8266,-1184
3625,1995,12,7061,13426,-6365
3625,1996,1,7053,5526,1527
3625,1996,2,7069,2226,4843
3625,1996,3,7071,11046,-3975
3625,1996,4,7067,4866,2201
3625,1996,5,7065,8726,-1661
3625,1996,6,7057,8976,-1919
3625,1996,7,7067,2026,5041
3625,1996,8,7070,9566,-2496
3625,1996,9,7071,3926,3145
3625,1996,10,7074,7326,-252
3625,1996,11,7071,8206,-1135
3625,1996,12,7052,13346,-6294
3625,1997,1,7044,8646,-1602
3625,1997,2,7047,5946,1101
3625,1997,3,7053,3326,3727
3625,1997,4,7060,6066,994
3625,1997,5,7059,7226,-167
3625,1997,6,7057,9206,-2149
3625,1997,7,7047,7826,-779
3625,1997,8,7063,2026,5037
3625,1997,9,7059,11126,-4067
3625,1997,10,7054,6326,728
3625,1997,11,7060,4126,2934
3625,1997,12,7054,9826,-2772
3625,1998,1,7037,12996,-5959
3625,1998,2,7042,3466,3576
3625,1998,3,7046,5526,1520
3625,1998,4,7050,6426,624
3625,1998,5,7048,7726,-678
3625,1998,6,7042,9266,-2224
3625,1998,7,7040,6526,514
3625,1998,8,7060,2026,5034
3625,1998,9,7080,2026,5054
3625,1998,10,7102,2026,5076
3625,1998,11,7107,27146,-20039
3625,1998,12,7038,2011,5027
3626,1996,11,13308,0,13308
3626,1996,12,27091,0,27091
3626,1997,1,12546,8800,3746
3626,1997,2,12565,7500,5065
3626,1997,3,12554,17671,-5117
3626,1997,4,12547,17139,-4592
3626,1997,5,12535,15139,-2604
3626,1997,6,18674,26899,-8225
3626,1997,7,13517,8239,5278
3626,1997,8,16438,15319,1119
3626,1997,9,12519,9739,2780
3626,1997,10,12491,21159,-8668
3626,1997,11,13406,11359,2047
3626,1997,12,19518,9999,9519
3626,1998,1,17511,31279,-13768
3626,1998,2,12506,10039,2467
3626,1998,3,15180,15079,101
3626,1998,4,12516,12139,377
3626,1998,5,12502,11739,763
3626,1998,6,18707,11659,7048
3626,1998,7,12530,17959,-5429
3626,1998,8,12526,8639,3887
3626,1998,9,12524,15439,-2915
3626,1998,10,12502,16619,-4117
3626,1998,11,12494,14799,-2305
3626,1998,12,18691,9664,9027
3628,1995,9,400,0,400
3628,1995,10,18047,0,18047
3628,1995,11,15402,5300,10102
3628,1995,12,23101,10100,13001
3628,1996,1,15476,13100,2376
3628,1996,2,15479,17938,-2459
3628,1996,3,15479,15038,441
3628,1996,4,15481,14538,943
3628,1996,5,15480,15938,-458
3628,1996,6,23133,23298,-165
3628,1996,7,15481,14338,1143
3628,1996,8,15494,14738,756
3628,1996,9,15462,27398,-11936
3628,1996,10,15450,10538,4912
3628,1996,11,17301,3338,13963
3628,1996,12,23193,13258,9935
3628,1997,1,15518,30798,-15280
3628,1997,2,15523,5538,9985
3628,1997,3,15540,12638,2902
3628,1997,4,15561,10138,5423
3628,1997,5,15551,22138,-6587
3628,1997,6,23214,15038,8176
3628,1997,7,15574,14638,936
3628,1997,8,15580,13938,1642
3628,1997,9,15579,16238,-659
3628,1997,10,15581,28438,-12857
3628,1997,11,15567,14338,1229
3628,1997,12,23248,22238,1010
3628,1998,1,15532,24338,-8806
3628,1998,2,15538,13838,1700
3628,1998,3,15544,14038,1506
3628,1998,4,15551,17638,-2087
3628,1998,5,15502,23258,-7756
3628,1998,6,23183,13938,9245
3628,1998,7,15544,14138,1406
3628,1998,8,15544,21038,-5494
3628,1998,9,15508,19318,-3810
3628,1998,10,15506,17638,-2132
3628,1998,11,15501,10938,4563
3628,1998,12,23203,7643,15560
3629,1993,7,900,0,900
3629,1993,8,20190,0,20190
3629,1993,9,15970,5000,10970
3629,1993,10,16009,13000,3009
3629,1993,11,16020,15000,1020
3629,1993,12,23998,21615,2383
3629,1994,1,16886,35149,-18263
3629,1994,2,16765,13519,3246
3629,1994,3,15970,16619,-649
3629,1994,4,15973,14719,1254
3629,1994,5,17580,13319,4261
3629,1994,6,23952,19219,4733
3629,1994,7,16012,27178,-11166
3629,1994,8,16976,12819,4157
3629,1994,9,17392,12619,4773
3629,1994,10,16007,17719,-1712
3629,1994,11,16096,16219,-123
3629,1994,12,26519,28327,-1808
3629,1995,1,20569,26303,-5734
3629,1995,2,17868,13419,4449
3629,1995,3,15983,15219,764
3629,1995,4,15973,18020,-2047
3629,1995,5,16380,21719,-5339
3629,1995,6,23915,14465,9450
3629,1995,7,15975,20165,-4190
3629,1995,8,15976,15965,11
3629,1995,9,15976,15465,511
3629,1995,10,16872,20265,-3393
3629,1995,11,16469,13665,2804
3629,1995,12,26031,25835,196
3629,1996,1,15965,20065,-4100
3629,1996,2,15961,14265,1696
3629,1996,3,16271,13665,2606
3629,1996,4,15982,15765,217
3629,1996,5,15983,13665,2318
3629,1996,6,23927,22565,1362
3629,1996,7,15978,19111,-3133
3629,1996,8,21095,19365,1730
3629,1996,9,15989,14165,1824
3629,1996,10,15970,25319,-9349
3629,1996,11,18568,13665,4903
3629,1996,12,23928,18865,5063
3629,1997,1,15967,24265,-8298
3629,1997,2,15954,17065,-1111
3629,1997,3,19573,13665,5908
3629,1997,4,15966,20488,-4522
3629,1997,5,15966,16979,-1013
3629,1997,6,24413,23865,548
3629,1997,7,15957,15765,192
3629,1997,8,15961,14965,996
3629,1997,9,16370,13665,2705
3629,1997,10,16483,13665,2818
3629,1997,11,15989,14865,1124
3629,1997,12,23935,21465,2470
3629,1998,1,15967,25665,-9698
3629,1998,2,15965,14365,1600
3629,1998,3,18481,13665,4816
3629,1998,4,15979,18065,-2086
3629,1998,5,15973,16965,-992
3629,1998,6,23921,19065,4856
3629,1998,7,15945,28970,-13025
3629,1998,8,15949,14665,1284
3629,1998,9,15951,16165,-214
3629,1998,10,15950,19565,-3615
3629,1998,11,15935,13665,2270
3629,1998,12,23906,13650,10256
3631,1995,8,800,0,800
3631,1995,9,5224,0,5224
3631,1995,10,5224,0,5224
3631,1995,11,5224,0,5224
3631,1995,12,5224,0,5224
3631,1996,1,5310,3422,1888
3631,1996,2,5338,3422,1916
3631,1996,3,5336,3422,1914
3631,1996,4,5341,4522,819
3631,1996,5,5330,8462,-3132
3631,1996,6,5345,3422,1923
3631,1996,7,5343,3422,1921
3631,1996,8,5357,4782,575
3631,1996,9,5353,3422,1931
3631,1996,10,5369,4322,1047
3631,1996,11,5365,3422,1943
3631,1996,12,5355,10532,-5177
3631,1997,1,5352,3422,1930
3631,1997,2,5356,4942,414
3631,1997,3,5359,4302,1057
3631,1997,4,5363,5422,-59
3631,1997,5,5366,3422,1944
3631,1997,6,5374,3422,1952
3631,1997,7,5392,3422,1970
3631,1997,8,5390,3422,1968
3631,1997,9,5409,3422,1987
3631,1997,10,5417,3422,1995
3631,1997,11,5415,3422,1993
3631,1997,12,5422,3772,1650
3631,1998,1,5430,3422,2008
3631,1998,2,5434,6942,-1508
3631,1998,3,5438,6702,-1264
3631,1998,4,5437,3422,2015
3631,1998,5,5429,5422,7
3631,1998,6,5445,3422,2023
3631,1998,7,5451,6622,-1171
3631,1998,8,5436,8322,-2886
3631,1998,9,5436,3422,2014
3631,1998,10,5434,4222,1212
3631,1998,11,5450,3422,2028
3631,1998,12,5444,4607,837
3632,1996,4,14865,0,14865
3632,1996,5,3062,0,3062
3632,1996,6,62,800,-738
3632,1996,7,32583,0,32583
3632,1996,8,207,20000,-19793
3632,1996,9,22857,8900,13957
3632,1996,10,182,18100,-17918
3632,1996,11,182,9100,-8918
3632,1996,12,182,4300,-4118
3632,1997,1,37300,18600,18700
3632,1997,2,19432,30,19402
3632,1997,3,211,15730,-15519
3632,1997,4,7737,12164,-4427
3632,1997,5,30107,31230,-1123
3632,1997,6,14014,30914,-16900
3632,1997,7,31172,21530,9642
3632,1997,8,44582,29130,15452
3632,1997,9,151,19117,-18966
3632,1997,10,28100,20430,7670
3632,1997,11,110,14830,-14720
3632,1997,12,24723,23130,1593
3632,1998,1,0,30,-30
3632,1998,2,120,30,90
3632,1998,3,0,30,-30
3632,1998,4,116,30,86
3632,1998,5,0,30,-30
3632,1998,6,24228,18930,5298
3632,1998,7,79,30,49
3632,1998,8,0,30,-30
3632,1998,9,9967,16830,-6863
3632,1998,10,7101,30,7071
3632,1998,11,78803,32430,46373
3632,1998,12,80444,56500,23944
3633,1997,2,11993,0,11993
3633,1997,3,14852,0,14852
3633,1997,4,11905,8300,3605
3633,1997,5,11927,7200,4727
3633,1997,6,17759,33952,-16193
3633,1997,7,12248,9151,3097
3633,1997,8,11858,9551,2307
3633,1997,9,12866,10851,2015
3633,1997,10,13286,7851,5435
3633,1997,11,11892,11351,541
3633,1997,12,17789,12951,4838
3633,1998,1,11854,33451,-21597
3633,1998,2,17757,7851,9906
3633,1998,3,11874,8951,2923
3633,1998,4,14499,7851,6648
3633,1998,5,11912,9451,2461
3633,1998,6,20829,13751,7078
3633,1998,7,15268,14451,817
3633,1998,8,11960,11151,809
3633,1998,9,11952,14151,-2199
3633,1998,10,11949,13151,-1202
3633,1998,11,11941,11651,290
3633,1998,12,17844,10336,7508
3634,1997,4,1000,0,1000
3634,1997,5,48590,12600,35990
3634,1997,6,72923,74800,-1877
3634,1997,7,48702,29100,19602
3634,1997,8,48771,35300,13471
3634,1997,9,48750,67415,-18665
3634,1997,10,48751,36515,12236
3634,1997,11,48799,43015,5784
3634,1997,12,73060,80915,-7855
3634,1998,1,48758,64115,-15357
3634,1998,2,48748,30215,18533
3634,1998,3,48781,52815,-4034
3634,1998,4,48729,72909,-24180
3634,1998,5,48712,28515,20197
3634,1998,6,72996,73915,-919
3634,1998,7,48770,36915,11855
3634,1998,8,48924,79107,-30183
3634,1998,9,48773,12804,35969
3634,1998,10,48885,23715,25170
3634,1998,11,48927,63215,-14288
3634,1998,12,73157,57600,15557
3635,1997,5,4421,0,4421
3635,1997,6,17477,0,17477
3635,1997,7,3908,700,3208
3635,1997,8,6231,0,6231
3635,1997,9,3934,5453,-1519
3635,1997,10,3919,12253,-8334
3635,1997,11,3900,3853,47
3635,1997,12,3898,4483,-585
3635,1998,1,3896,7053,-3157
3635,1998,2,3886,2853,1033
3635,1998,3,3886,8003,-4117
3635,1998,4,3873,5243,-1370
3635,1998,5,3867,2553,1314
3635,1998,6,7074,2553,4521
3635,1998,7,3890,5953,-2063
3635,1998,8,3876,9493,-5617
3635,1998,9,4860,2553,2307
3635,1998,10,4970,2553,2417
3635,1998,11,3877,4753,-876
3635,1998,12,3873,3378,495
3636,1994,5,700,0,700
3636,1994,6,20660,0,20660
3636,1994,7,9919,3200,6719
3636,1994,8,9944,5500,4444
3636,1994,9,9957,8800,1157
3636,1994,10,9957,13430,-3473
3636,1994,11,9940,14890,-4950
3636,1994,12,14850,11710,3140
3636,1995,1,11834,23730,-11896
3636,1995,2,16009,6530,9479
3636,1995,3,12639,11930,709
3636,1995,4,10534,11810,-1276
3636,1995,5,11037,6530,4507
3636,1995,6,14869,10330,4539
3636,1995,7,9963,10930,-967
3636,1995,8,9964,9030,934
3636,1995,9,9972,7930,2042
3636,1995,10,9981,8610,1371
3636,1995,11,9978,10130,-152
3636,1995,12,14896,13830,1066
3636,1996,1,14642,31890,-17248
3636,1996,2,12120,11810,310
3636,1996,3,18125,15650,2475
3636,1996,4,12937,8330,4607
3636,1996,5,15566,6530,9036
3636,1996,6,14889,25330,-10441
3636,1996,7,13958,6530,7428
3636,1996,8,12887,6530,6357
3636,1996,9,14115,12290,1825
3636,1996,10,12319,6530,5789
3636,1996,11,10029,8930,1099
3636,1996,12,14959,8530,6429
3636,1997,1,9999,32090,-22091
3636,1997,2,17999,6530,11469
3636,1997,3,12323,9410,2913
3636,1997,4,14549,6530,8019
3636,1997,5,11566,8930,2636
3636,1997,6,16935,51970,-35035
3636,1997,7,26885,6530,20355
3636,1997,8,19046,6530,12516
3636,1997,9,10668,7610,3058
3636,1997,10,10075,8930,1145
3636,1997,11,10067,15590,-5523
3636,1997,12,15087,7330,7757
3636,1998,1,17449,37790,-20341
3636,1998,2,10007,6530,3477
3636,1998,3,16135,11690,4445
3636,1998,4,13756,6530,7226
3636,1998,5,10068,10790,-722
3636,1998,6,32779,53450,-20671
3636,1998,7,19182,7850,11332
3636,1998,8,11829,6530,5299
3636,1998,9,14752,6530,8222
3636,1998,10,10083,8030,2053
3636,1998,11,10392,6530,3862
3636,1998,12,15021,18995,-3974
3637,1995,10,400,0,400
3637,1995,11,23189,0,23189
3637,1995,12,24071,11700,12371
3637,1996,1,16129,11100,5029
3637,1996,2,16147,14500,1647
3637,1996,3,16177,17211,-1034
3637,1996,4,16175,15211,964
3637,1996,5,16176,14311,1865
3637,1996,6,24147,25351,-1204
3637,1996,7,16179,13991,2188
3637,1996,8,16177,17971,-1794
3637,1996,9,16177,14511,1666
3637,1996,10,16185,14811,1374
3637,1996,11,16194,11611,4583
3637,1996,12,24206,21871,2335
3637,1997,1,17497,31111,-13614
3637,1997,2,16171,7011,9160
3637,1997,3,16202,12411,3791
3637,1997,4,16212,15611,601
3637,1997,5,16209,18311,-2102
3637,1997,6,24197,33691,-9494
3637,1997,7,16580,7211,9369
3637,1997,8,16201,15711,490
3637,1997,9,16202,15380,822
3637,1997,10,16212,11980,4232
3637,1997,11,16227,12880,3347
3637,1997,12,24226,26760,-2534
3637,1998,1,16204,26140,-9936
3637,1998,2,16193,10380,5813
3637,1998,3,16211,14160,2051
3637,1998,4,16225,10780,5445
3637,1998,5,16243,12980,3263
3637,1998,6,24209,32760,-8551
3637,1998,7,16217,13980,2237
3637,1998,8,16223,14980,1243
3637,1998,9,16227,14391,1836
3637,1998,10,16242,12511,3731
3637,1998,11,16262,11611,4651
3637,1998,12,24272,19376,4896
3638,1996,1,500,0,500
3638,1996,2,34035,5700,28335
3638,1996,3,34121,15900,18221
3638,1996,4,34171,25000,9171
3638,1996,5,34189,31800,2389
3638,1996,6,51096,83817,-32721
3638,1996,7,34082,27617,6465
3638,1996,8,34136,40997,-6861
3638,1996,9,34066,39886,-5820
3638,1996,10,37175,33576,3599
3638,1996,11,37915,39037,-1122
3638,1996,12,56054,14517,41537
3638,1997,1,34088,77017,-42929
3638,1997,2,34098,24722,9376
3638,1997,3,34140,15317,18823
3638,1997,4,34176,28417,5759
3638,1997,5,34173,34217,-44
3638,1997,6,51224,29517,21707
3638,1997,7,34258,38417,-4159
3638,1997,8,34135,78944,-44809
3638,1997,9,36436,17517,18919
3638,1997,10,34155,47217,-13062
3638,1997,11,34139,25017,9122
3638,1997,12,51192,49417,1775
3638,1998,1,38929,59217,-20288
3638,1998,2,34098,18217,15881
3638,1998,3,34165,23817,10348
3638,1998,4,34206,29617,4589
3638,1998,5,34223,32217,2006
3638,1998,6,51166,62417,-11251
3638,1998,7,34184,27317,6867
3638,1998,8,34211,28017,6194
3638,1998,9,34233,31317,2916
3638,1998,10,34241,34617,-376
3638,1998,11,34236,36117,-1881
3638,1998,12,51277,18617,32660
3639,1997,1,200,0,200
3639,1997,2,5038,0,5038
3639,1997,3,5038,0,5038
3639,1997,4,5038,0,5038
3639,1997,5,5093,3200,1893
3639,1997,6,5127,3373,1754
3639,1997,7,5123,3473,1650
3639,1997,8,5141,4673,468
3639,1997,9,5143,3373,1770
3639,1997,10,5117,10093,-4976
3639,1997,11,5112,7013,-1901
3639,1997,12,5102,5823,-721
3639,1998,1,5094,7533,-2439
3639,1998,2,5094,4273,821
3639,1998,3,5112,3373,1739
3639,1998,4,5098,7693,-2595
3639,1998,5,5097,3373,1724
3639,1998,6,5113,4093,1020
3639,1998,7,5109,3373,1736
3639,1998,8,5116,3373,1743
3639,1998,9,5110,7933,-2823
3639,1998,10,5111,3373,1738
3639,1998,11,5118,3373,1745
3639,1998,12,5131,6978,-1847
3640,1993,11,6772,0,6772
3640,1993,12,6482,0,6482
3640,1994,1,6482,0,6482
3640,1994,2,6482,0,6482
3640,1994,3,6550,815,5735
3640,1994,4,6583,5955,628
3640,1994,5,6577,8455,-1878
3640,1994,6,6564,9805,-3241
3640,1994,7,6574,3355,3219
3640,1994,8,6576,6935,-359
3640,1994,9,6566,10755,-4189
3640,1994,10,6563,8455,-1892
3640,1994,11,6566,3655,2911
3640,1994,12,6577,8705,-2128
3640,1995,1,6546,11705,-5159
3640,1995,2,6534,5895,639
3640,1995,3,6548,5335,1213
3640,1995,4,6556,2935,3621
3640,1995,5,6569,7315,-746
3640,1995,6,6555,12055,-5500
3640,1995,7,6531,7975,-1444
3640,1995,8,6539,2455,4084
3640,1995,9,6552,8255,-1703
3640,1995,10,6547,4855,1692
3640,1995,11,6552,6355,197
3640,1995,12,6548,10405,-3857
3640,1996,1,6525,10935,-4410
3640,1996,2,6516,8055,-1539
3640,1996,3,6512,5655,857
3640,1996,4,6519,2055,4464
3640,1996,5,6530,8555,-2025
3640,1996,6,6522,6805,-283
3640,1996,7,6521,7655,-1134
3640,1996,8,6514,8555,-2041
3640,1996,9,6509,5955,554
3640,1996,10,6517,2055,4462
3640,1996,11,6521,10855,-4334
3640,1996,12,6518,2055,4463
3640,1997,1,6520,9775,-3255
3640,1997,2,6521,4935,1586
3640,1997,3,6529,2055,4474
3640,1997,4,6547,2055,4492
3640,1997,5,6541,15755,-9214
3640,1997,6,6519,7405,-886
3640,1997,7,6524,2055,4469
3640,1997,8,6543,2055,4488
3640,1997,9,6561,2055,4506
3640,1997,10,6536,21155,-14619
3640,1997,11,6519,2055,4464
3640,1997,12,6535,3305,3230
3640,1998,1,6532,12035,-5503
3640,1998,2,6527,2055,4472
3640,1998,3,6547,2055,4492
3640,1998,4,6565,2055,4510
3640,1998,5,6584,2055,4529
3640,1998,6,6594,5355,1239
3640,1998,7,6608,2055,4553
3640,1998,8,6625,3575,3050
3640,1998,9,6636,3175,3461
3640,1998,10,6654,2055,4599
3640,1998,11,6568,36695,-30127
3640,1998,12,6544,2340,4204
3641,1995,1,600,0,600
3641,1995,2,3371,0,3371
3641,1995,3,3371,0,3371
3641,1995,4,3371,0,3371
3641,1995,5,3371,0,3371
3641,1995,6,3378,1065,2313
3641,1995,7,3443,2178,1265
3641,1995,8,3445,3468,-23
3641,1995,9,3447,2718,729
3641,1995,10,3451,2178,1273
3641,1995,11,3457,2178,1279
3641,1995,12,3462,2688,774
3641,1996,1,3455,7188,-3733
3641,1996,2,3450,2178,1272
3641,1996,3,3455,2178,1277
3641,1996,4,3458,2658,800
3641,1996,5,3463,3618,-155
3641,1996,6,3449,6678,-3229
3641,1996,7,3450,2178,1272
3641,1996,8,3454,2448,1006
3641,1996,9,3459,2178,1281
3641,1996,10,3464,2178,1286
3641,1996,11,3466,4038,-572
3641,1996,12,3466,3078,388
3641,1997,1,3457,5898,-2441
3641,1997,2,3458,3258,200
3641,1997,3,3459,2418,1041
3641,1997,4,3464,2178,1286
3641,1997,5,3469,2178,1291
3641,1997,6,3464,9888,-6424
3641,1997,7,3448,2178,1270
3641,1997,8,3453,2178,1275
3641,1997,9,3453,4188,-735
3641,1997,10,3455,2178,1277
3641,1997,11,3459,2718,741
3641,1997,12,3461,2718,743
3641,1998,1,3458,6078,-2620
3641,1998,2,3452,4008,-556
3641,1998,3,3452,3108,344
3641,1998,4,3455,2178,1277
3641,1998,5,3457,3438,19
3641,1998,6,3460,2178,1282
3641,1998,7,3465,2178,1287
3641,1998,8,3471,2178,1293
3641,1998,9,3475,2628,847
3641,1998,10,3479,2178,1301
3641,1998,11,3485,3648,-163
3641,1998,12,3485,2313,1172
3643,1994,12,300,0,300
3643,1995,1,10300,0,10300
3643,1995,2,7100,0,7100
3643,1995,3,3800,0,3800
3643,1995,4,0,500,-500
3643,1995,5,2700,0,2700
3643,1995,6,2000,0,2000
3643,1995,7,800,0,800
3643,1995,8,0,1500,-1500
3643,1995,9,0,2200,-2200
3643,1995,10,700,0,700
3643,1995,11,0,1300,-1300
3643,1995,12,1400,0,1400
3643,1996,1,0,1500,-1500
3643,1996,2,0,800,-800
3643,1996,4,0,200,-200
3643,1996,5,0,1200,-1200
3643,1996,6,2600,0,2600
3643,1996,7,1600,0,1600
3643,1996,8,500,0,500
3643,1996,9,0,2000,-2000
3643,1996,10,800,0,800
3643,1996,11,3000,0,3000
3643,1996,12,3000,0,3000
3643,1997,1,0,1700,-1700
3643,1997,2,0,3600,-3600
3643,1997,3,1300,0,1300
3643,1997,4,0,900,-900
3643,1997,5,1600,0,1600
3643,1997,6,1500,0,1500
3643,1997,7,0,2200,-2200
3643,1997,8,5200,0,5200
3643,1997,9,2400,0,2400
3643,1997,10,0,100,-100
3643,1997,11,2300,0,2300
3643,1997,12,0,700,-700
3643,1998,1,2200,0,2200
3643,1998,2,0,900,-900
3643,1998,3,0,900,-900
3643,1998,4,900,0,900
3643,1998,5,0,800,-800
3643,1998,6,0,1500,-1500
3643,1998,7,0,3300,-3300
3643,1998,8,200,0,200
3643,1998,10,600,0,600
3643,1998,11,700,0,700
3643,1998,12,100,0,100
3644,1993,4,4459,0,4459
3644,1993,5,3460,0,3460
3644,1993,6,3460,0,3460
3644,1993,7,3460,0,3460
3644,1993,8,3463,15,3448
3644,1993,9,3535,2709,826
3644,1993,10,3539,2319,1220
3644,1993,11,3544,2319,1225
3644,1993,12,3543,4059,-516
3644,1994,1,3543,4929,-1386
3644,1994,2,3539,2619,920
3644,1994,3,3543,2589,954
3644,1994,4,3549,2319,1230
3644,1994,5,3554,2319,1235
3644,1994,6,3543,9909,-6366
3644,1994,7,3533,2319,1214
3644,1994,8,3534,3009,525
3644,1994,9,3540,2319,1221
3644,1994,10,3545,3339,206
3644,1994,11,3546,2319,1227
3644,1994,12,3550,2919,631
3644,1995,1,3552,2719,833
3644,1995,2,3557,2319,1238
3644,1995,3,3560,2719,841
3644,1995,4,3565,2319,1246
3644,1995,5,3556,6739,-3183
3644,1995,6,3542,6909,-3367
3644,1995,7,3543,2319,1224
3644,1995,8,3548,2319,1229
3644,1995,9,3553,2319,1234
3644,1995,10,3556,7049,-3493
3644,1995,11,3538,3879,-341
3644,1995,12,3542,2649,893
3644,1996,1,3542,4749,-1207
3644,1996,2,3537,3129,408
3644,1996,3,3543,2319,1224
3644,1996,4,3546,4319,-773
3644,1996,5,3543,4319,-776
3644,1996,6,3538,6159,-2621
3644,1996,7,3530,2319,1211
3644,1996,8,3527,6789,-3262
3644,1996,9,3519,4919,-1400
3644,1996,10,3516,2319,1197
3644,1996,11,3519,3419,100
3644,1996,12,3517,4949,-1432
3644,1997,1,3515,2319,1196
3644,1997,2,3517,4919,-1402
3644,1997,3,3514,2319,1195
3644,1997,4,3519,2319,1200
3644,1997,5,3520,5019,-1499
3644,1997,6,3518,2319,1199
3644,1997,7,3523,2319,1204
3644,1997,8,3527,3099,428
3644,1997,9,3526,3639,-113
3644,1997,10,3529,2319,1210
3644,1997,11,3533,3699,-166
3644,1997,12,3532,2469,1063
3644,1998,1,3530,4269,-739
3644,1998,2,3534,2559,975
3644,1998,3,3531,6219,-2688
3644,1998,4,3527,2319,1208
3644,1998,5,3530,3219,311
3644,1998,6,3529,3599,-70
3644,1998,7,3531,2949,582
3644,1998,8,3530,3569,-39
3644,1998,9,3529,4089,-560
3644,1998,10,3533,2319,1214
3644,1998,11,3537,2319,1218
3644,1998,12,3540,2844,696
3645,1996,6,300,0,300
3645,1996,7,19298,0,19298
3645,1996,8,15866,4300,11566
3645,1996,9,15903,9700,6203
3645,1996,10,15917,15300,617
3645,1996,11,15908,23687,-7779
3645,1996,12,23788,18887,4901
3645,1997,1,15885,28687,-12802
3645,1997,2,16373,9687,6686
3645,1997,3,15895,11987,3908
3645,1997,4,15899,16887,-988
3645,1997,5,15884,24087,-8203
3645,1997,6,23758,18987,4771
3645,1997,7,15877,18287,-2410
3645,1997,8,15872,15387,485
3645,1997,9,15868,17987,-2119
3645,1997,10,15856,18487,-2631
3645,1997,11,15864,13987,1877
3645,1997,12,24769,13887,10882
3645,1998,1,15877,29287,-13410
3645,1998,2,15857,13187,2670
3645,1998,3,15865,16287,-422
3645,1998,4,15867,13587,2280
3645,1998,5,15873,14087,1786
3645,1998,6,23785,13787,9998
3645,1998,7,15908,21787,-5879
3645,1998,8,15883,19387,-3504
3645,1998,9,15863,21487,-5624
3645,1998,10,15852,16987,-1135
3645,1998,11,15847,16987,-1140
3645,1998,12,23743,20172,3571
3646,1995,10,1100,0,1100
3646,1995,11,28991,3500,25491
3646,1995,12,31027,3300,27727
3646,1996,1,26699,24230,2469
3646,1996,2,43056,15467,27589
3646,1996,3,67132,84495,-17363
3646,1996,4,11791,29867,-18076
3646,1996,5,175,12567,-12392
3646,1996,6,94231,70267,23964
3646,1996,7,210,18267,-18057
3646,1996,8,36994,29340,7654
3646,1996,9,37760,50081,-12321
3646,1996,10,114606,86067,28539
3646,1996,11,46718,13067,33651
3646,1996,12,8009,36867,-28858
3646,1997,1,107124,122919,-15795
3646,1997,2,81261,47367,33894
3646,1997,3,59720,65159,-5439
3646,1997,4,71709,86259,-14550
3646,1997,5,53717,41967,11750
3646,1997,6,20878,45995,-25117
3646,1997,7,47552,43473,4079
3646,1997,8,105169,110068,-4899
3646,1997,9,161733,119267,42466
3646,1997,10,143457,152428,-8971
3646,1997,11,37350,42712,-5362
3646,1997,12,35372,33103,2269
3646,1998,1,115227,173241,-58014
3646,1998,2,22474,6067,16407
3646,1998,3,58550,24192,34358
3646,1998,4,62421,67081,-4660
3646,1998,5,50500,63967,-13467
3646,1998,6,16765,21677,-4912
3646,1998,7,12246,7567,4679
3646,1998,8,73414,60057,13357
3646,1998,9,14934,21867,-6933
3646,1998,10,96683,56805,39878
3646,1998,11,318,40044,-39726
3646,1998,12,44725,34137,10588
3647,1996,6,600,0,600
3647,1996,7,17100,0,17100
3647,1996,8,8852,2100,6752
3647,1996,9,8877,3600,5277
3647,1996,10,8893,6500,2393
3647,1996,11,8912,2715,6197
3647,1996,12,13311,11817,1494
3647,1997,1,8930,12997,-4067
3647,1997,2,12028,7777,4251
3647,1997,3,8935,7257,1678
3647,1997,4,8929,12557,-3628
3647,1997,5,10029,11017,-988
3647,1997,6,13310,11337,1973
3647,1997,7,9232,10177,-945
3647,1997,8,13237,11737,1500
3647,1997,9,10239,5857,4382
3647,1997,10,10959,5857,5102
3647,1997,11,10173,9817,356
3647,1997,12,13968,8097,5871
3647,1998,1,8977,12657,-3680
3647,1998,2,8962,12057,-3095
3647,1998,3,8952,14597,-5645
3647,1998,4,8936,14057,-5121
3647,1998,5,10330,5857,4473
3647,1998,6,14340,5857,8483
3647,1998,7,8948,15057,-6109
3647,1998,8,8940,13957,-5017
3647,1998,9,8919,9657,-738
3647,1998,10,8917,9457,-540
3647,1998,11,8891,16157,-7266
3647,1998,12,13259,22162,-8903
3648,1996,5,4616,0,4616
3648,1996,6,10550,0,10550
3648,1996,7,9291,0,9291
3648,1996,8,5018,0,5018
3648,1996,9,3831,2015,1816
3648,1996,10,3819,7584,-3765
3648,1996,11,3808,6584,-2776
3648,1996,12,3909,2814,1095
3648,1997,1,4410,7394,-2984
3648,1997,2,3800,3384,416
3648,1997,3,7216,2484,4732
3648,1997,4,5627,3534,2093
3648,1997,5,5032,6864,-1832
3648,1997,6,7310,9114,-1804
3648,1997,7,6518,2484,4034
3648,1997,8,4934,2484,2450
3648,1997,9,5145,2484,2661
3648,1997,10,3854,4984,-1130
3648,1997,11,3850,2984,866
3648,1997,12,3849,6914,-3065
3648,1998,1,3834,6704,-2870
3648,1998,2,3827,5584,-1757
3648,1998,3,3820,5384,-1564
3648,1998,4,3815,2884,931
3648,1998,5,3817,5284,-1467
3648,1998,6,9495,8874,621
3648,1998,7,3813,4784,-971
3648,1998,8,3809,3654,155
3648,1998,9,5511,3294,2217
3648,1998,10,5623,2484,3139
3648,1998,11,5336,2694,2642
3648,1998,12,9150,3999,5151
3649,1993,5,600,0,600
3649,1993,6,27653,3900,23753
3649,1993,7,18520,9100,9420
3649,1993,8,18553,12000,6553
3649,1993,9,18614,15300,3314
3649,1993,10,18575,27387,-8812
3649,1993,11,18555,13187,5368
3649,1993,12,27788,22287,5501
3649,1994,1,18550,27307,-8757
3649,1994,2,18560,14687,3873
3649,1994,3,18571,16687,1884
3649,1994,4,18588,13187,5401
3649,1994,5,18599,17287,1312
3649,1994,6,27763,47147,-19384
3649,1994,7,18549,8187,10362
3649,1994,8,18575,14587,3988
3649,1994,9,18587,15887,2700
3649,1994,10,18596,16887,1709
3649,1994,11,18597,23287,-4690
3649,1994,12,27801,20327,7474
3649,1995,1,18560,38727,-20167
3649,1995,2,18546,10887,7659
3649,1995,3,18574,12787,5787
3649,1995,4,18592,14887,3705
3649,1995,5,18605,15787,2818
3649,1995,6,27749,55807,-28058
3649,1995,7,20521,14647,5874
3649,1995,8,18549,6787,11762
3649,1995,9,18581,12587,5994
3649,1995,10,18572,29927,-11355
3649,1995,11,18572,20387,-1815
3649,1995,12,27778,26747,1031
3649,1996,1,18504,33847,-15343
3649,1996,2,18506,12587,5919
3649,1996,3,18521,15587,2934
3649,1996,4,18542,13887,4655
3649,1996,5,18560,15487,3073
3649,1996,6,27777,23547,4230
3649,1996,7,18587,18287,300
3649,1996,8,18577,22407,-3830
3649,1996,9,18572,15487,3085
3649,1996,10,18580,17647,933
3649,1996,11,18589,14287,4302
3649,1996,12,27806,26667,1139
3649,1997,1,18547,38567,-20020
3649,1997,2,18531,9187,9344
3649,1997,3,18564,16587,1977
3649,1997,4,18570,17487,1083
3649,1997,5,18575,15627,2948
3649,1997,6,27787,39887,-12100
3649,1997,7,18542,11287,7255
3649,1997,8,18567,13987,4580
3649,1997,9,18579,18487,92
3649,1997,10,18580,17587,993
3649,1997,11,18581,21707,-3126
3649,1997,12,27769,27247,522
3649,1998,1,18542,31247,-12705
3649,1998,2,18525,12587,5938
3649,1998,3,18535,19747,-1212
3649,1998,4,18540,15887,2653
3649,1998,5,18542,20387,-1845
3649,1998,6,27750,22887,4863
3649,1998,7,18541,26687,-8146
3649,1998,8,18513,20767,-2254
3649,1998,9,18512,17387,1125
3649,1998,10,18495,25367,-6872
3649,1998,11,18491,15587,2904
3649,1998,12,27745,7272,20473
3650,1994,6,18839,0,18839
3650,1994,7,17119,0,17119
3650,1994,8,11961,4300,7661
3650,1994,9,11984,7000,4984
3650,1994,10,11974,18473,-6499
3650,1994,11,11964,13073,-1109
3650,1994,12,17858,18873,-1015
3650,1995,1,11936,23573,-11637
3650,1995,2,11915,7873,4042
3650,1995,3,11932,10173,1759
3650,1995,4,11937,11173,764
3650,1995,5,12641,12473,168
3650,1995,6,26725,39173,-12448
3650,1995,7,15893,7873,8020
3650,1995,8,11925,10073,1852
3650,1995,9,11932,9573,2359
3650,1995,10,11941,11373,568
3650,1995,11,11942,13673,-1731
3650,1995,12,17842,14773,3069
3650,1996,1,11944,13573,-1629
3650,1996,2,11943,8773,3170
3650,1996,3,11957,8173,3784
3650,1996,4,11967,12473,-506
3650,1996,5,11969,9473,2496
3650,1996,6,17880,38273,-20393
3650,1996,7,24410,7873,16537
3650,1996,8,12466,7873,4593
3650,1996,9,12484,7873,4611
3650,1996,10,12000,10373,1627
3650,1996,11,11999,13273,-1274
3650,1996,12,17901,15773,2128
3650,1997,1,12296,19873,-7577
3650,1997,2,11980,8473,3507
3650,1997,3,11991,11273,718
3650,1997,4,11996,11573,423
3650,1997,5,11996,10773,1223
3650,1997,6,17880,22073,-4193
3650,1997,7,12885,13573,-688
3650,1997,8,11976,12973,-997
3650,1997,9,12075,11673,402
3650,1997,10,11979,9473,2506
3650,1997,11,11981,13273,-1292
3650,1997,12,17886,17573,313
3650,1998,1,13776,20173,-6397
3650,1998,2,15068,7873,7195
3650,1998,3,11982,15073,-3091
3650,1998,4,11975,11273,702
3650,1998,5,11972,12473,-501
3650,1998,6,18041,25573,-7532
3650,1998,7,11944,9573,2371
3650,1998,8,15366,7873,7493
3650,1998,9,11964,17873,-5909
3650,1998,10,11950,13573,-1623
3650,1998,11,11940,15073,-3133
3650,1998,12,17841,14058,3783
3651,1993,2,800,0,800
3651,1993,3,5081,0,5081
3651,1993,4,5081,0,5081
3651,1993,5,5081,0,5081
3651,1993,6,5093,200,4893
3651,1993,7,5176,2743,2433
3651,1993,8,5186,2743,2443
3651,1993,9,5192,6103,-911
3651,1993,10,5192,2743,2449
3651,1993,11,5199,5943,-744
3651,1993,12,5198,3793,1405
3651,1994,1,5178,12583,-7405
3651,1994,2,5165,6023,-858
3651,1994,3,5170,3343,1827
3651,1994,4,5175,4343,832
3651,1994,5,5182,2743,2439
3651,1994,6,5187,6463,-1276
3651,1994,7,5184,4643,541
3651,1994,8,5187,3743,1444
3651,1994,9,5186,6343,-1157
3651,1994,10,5183,6263,-1080
3651,1994,11,5185,2743,2442
3651,1994,12,5195,3043,2152
3651,1995,1,5190,10423,-5233
3651,1995,2,5182,2743,2439
3651,1995,3,5193,2743,2450
3651,1995,4,5203,2743,2460
3651,1995,5,5209,5103,106
3651,1995,6,5170,17393,-12223
3651,1995,7,5153,6023,-870
3651,1995,8,5154,6343,-1189
3651,1995,9,5154,2743,2411
3651,1995,10,5159,4503,656
3651,1995,11,5166,2743,2423
3651,1995,12,5175,3393,1782
3651,1996,1,5170,11703,-6533
3651,1996,2,5154,3943,1211
3651,1996,3,5157,4983,174
3651,1996,4,5162,2743,2419
3651,1996,5,5172,2743,2429
3651,1996,6,5167,8383,-3216
3651,1996,7,5169,2743,2426
3651,1996,8,5179,2743,2436
3651,1996,9,5189,2743,2446
3651,1996,10,5199,2743,2456
3651,1996,11,5209,2743,2466
3651,1996,12,5219,3743,1476
3651,1997,1,5198,14583,-9385
3651,1997,2,5186,2743,2443
3651,1997,3,5197,2743,2454
3651,1997,4,5207,2743,2464
3651,1997,5,5216,3303,1913
3651,1997,6,5218,11593,-6375
3651,1997,7,5198,2743,2455
3651,1997,8,5208,2743,2465
3651,1997,9,5219,2743,2476
3651,1997,10,5229,2743,2486
3651,1997,11,5239,2743,2496
3651,1997,12,5248,3143,2105
3651,1998,1,5243,10823,-5580
3651,1998,2,5235,2743,2492
3651,1998,3,5245,2743,2502
3651,1998,4,5255,2743,2512
3651,1998,5,5266,2743,2523
3651,1998,6,5241,13743,-8502
3651,1998,7,5241,4663,578
3651,1998,8,5237,5623,-386
3651,1998,9,5235,5223,12
3651,1998,10,5239,3783,1456
3651,1998,11,5247,2743,2504
3651,1998,12,5251,6588,-1337
3652,1997,3,7022,0,7022
3652,1997,4,6126,0,6126
3652,1997,5,6126,0,6126
3652,1997,6,6128,3200,2928
3652,1997,7,6209,5320,889
3652,1997,8,6197,10080,-3883
3652,1997,9,6186,7120,-934
3652,1997,10,6183,4320,1863
3652,1997,11,6190,6420,-230
3652,1997,12,6190,3950,2240
3652,1998,1,6166,15570,-9404
3652,1998,2,6171,3020,3151
3652,1998,3,6178,4860,1318
3652,1998,4,6185,6520,-335
3652,1998,5,6188,3020,3168
3652,1998,6,6180,8720,-2540
3652,1998,7,6178,5720,458
3652,1998,8,6188,4420,1768
3652,1998,9,6186,4220,1966
3652,1998,10,6193,9660,-3467
3652,1998,11,6187,5620,567
3652,1998,12,6184,3755,2429
3653,1994,5,23025,0,23025
3653,1994,6,33276,500,32776
3653,1994,7,22313,14700,7613
3653,1994,8,22331,40700,-18369
3653,1994,9,22294,23223,-929
3653,1994,10,22287,22451,-164
3653,1994,11,22285,23951,-1666
3653,1994,12,33334,26011,7323
3653,1995,1,22255,32411,-10156
3653,1995,2,22265,20551,1714
3653,1995,3,22272,22351,-79
3653,1995,4,22271,21351,920
3653,1995,5,22274,21151,1123
3653,1995,6,33281,35391,-2110
3653,1995,7,22268,20151,2117
3653,1995,8,22275,20351,1924
3653,1995,9,22282,19851,2431
3653,1995,10,22287,24351,-2064
3653,1995,11,22281,20851,1430
3653,1995,12,33314,34991,-1677
3653,1996,1,22239,38111,-15872
3653,1996,2,22216,15051,7165
3653,1996,3,22235,20731,1504
3653,1996,4,22244,21751,493
3653,1996,5,22247,20351,1896
3653,1996,6,33322,44091,-10769
3653,1996,7,22213,16651,5562
3653,1996,8,22230,19551,2679
3653,1996,9,22240,19051,3189
3653,1996,10,22237,22631,-394
3653,1996,11,22251,18651,3600
3653,1996,12,33310,27051,6259
3653,1997,1,22232,43371,-21139
3653,1997,2,22207,15251,6956
3653,1997,3,22229,20251,1978
3653,1997,4,22233,21451,782
3653,1997,5,22245,17051,5194
3653,1997,6,33289,40571,-7282
3653,1997,7,22238,15151,7087
3653,1997,8,22260,18751,3509
3653,1997,9,22259,24571,-2312
3653,1997,10,22255,21251,1004
3653,1997,11,22266,17551,4715
3653,1997,12,33297,37371,-4074
3653,1998,1,22218,41411,-19193
3653,1998,2,22188,16451,5737
3653,1998,3,22199,22991,-792
3653,1998,4,22214,15151,7063
3653,1998,5,22226,21271,955
3653,1998,6,33263,39071,-5808
3653,1998,7,22220,17151,5069
3653,1998,8,22260,8651,13609
3653,1998,9,22300,20391,1909
3653,1998,10,22310,12751,9559
3653,1998,11,22321,21251,1070
3653,1998,12,33399,17936,15463
3654,1993,7,700,0,700
3654,1993,8,19984,400,19584
3654,1993,9,20052,6300,13752
3654,1993,10,20081,16600,3481
3654,1993,11,20101,14800,5301
3654,1993,12,30084,30895,-811
3654,1994,1,20105,22521,-2416
3654,1994,2,20109,14261,5848
3654,1994,3,20109,23761,-3652
3654,1994,4,20119,15401,4718
3654,1994,5,20136,19281,855
3654,1994,6,30127,20461,9666
3654,1994,7,20156,22281,-2125
3654,1994,8,20162,18261,1901
3654,1994,9,20164,20061,103
3654,1994,10,20163,20561,-398
3654,1994,11,20159,21161,-1002
3654,1994,12,30152,20861,9291
3654,1995,1,20121,50221,-30100
3654,1995,2,20108,7761,12347
3654,1995,3,20144,15601,4543
3654,1995,4,20156,15461,4695
3654,1995,5,20179,14261,5918
3654,1995,6,30107,58541,-28434
3654,1995,7,27025,12121,14904
3654,1995,8,20165,8461,11704
3654,1995,9,20175,20321,-146
3654,1995,10,20192,25461,-5269
3654,1995,11,20207,18161,2046
3654,1995,12,30192,21721,8471
3654,1996,1,20194,29501,-9307
3654,1996,2,20185,17381,2804
3654,1996,3,20201,18201,2000
3654,1996,4,20217,16361,3856
3654,1996,5,20230,19961,269
3654,1996,6,33117,36881,-3764
3654,1996,7,20220,10761,9459
3654,1996,8,20254,15661,4593
3654,1996,9,20270,18861,1409
3654,1996,10,20272,22461,-2189
3654,1996,11,20264,19461,803
3654,1996,12,30249,27481,2768
3654,1997,1,20257,35181,-14924
3654,1997,2,20219,14961,5258
3654,1997,3,20243,14261,5982
3654,1997,4,20263,17461,2802
3654,1997,5,20277,14961,5316
3654,1997,6,30262,37821,-7559
3654,1997,7,20272,14961,5311
3654,1997,8,20261,22061,-1800
3654,1997,9,20274,18361,1913
3654,1997,10,20279,14761,5518
3654,1997,11,20303,17161,3142
3654,1997,12,30300,26061,4239
3654,1998,1,20312,25561,-5249
3654,1998,2,20314,12761,7553
3654,1998,3,20353,9861,10492
3654,1998,4,35792,54761,-18969
3654,1998,5,23225,11261,11964
3654,1998,6,30344,39461,-9117
3654,1998,7,27050,6961,20089
3654,1998,8,39258,57761,-18503
3654,1998,9,23248,6961,16287
3654,1998,10,29558,31761,-2203
3654,1998,11,20394,10861,9533
3654,1998,12,42631,54946,-12315
3655,1995,12,900,0,900
3655,1996,1,19136,0,19136
3655,1996,2,15508,4200,11308
3655,1996,3,15552,7700,7852
3655,1996,4,15576,14300,1276
3655,1996,5,15597,13360,2237
3655,1996,6,23296,28251,-4955
3655,1996,7,15581,15311,270
3655,1996,8,15562,19251,-3689
3655,1996,9,15567,14311,1256
3655,1996,10,15566,17711,-2145
3655,1996,11,15547,18851,-3304
3655,1996,12,23256,25871,-2615
3655,1997,1,15524,20371,-4847
3655,1997,2,15514,15011,503
3655,1997,3,15518,14711,807
3655,1997,4,15521,14611,910
3655,1997,5,15530,12111,3419
3655,1997,6,23245,19391,3854
3655,1997,7,15562,10711,4851
3655,1997,8,15571,15191,380
3655,1997,9,15583,13411,2172
3655,1997,10,15570,23111,-7541
3655,1997,11,15541,19011,-3470
3655,1997,12,23237,23391,-154
3655,1998,1,15508,25211,-9703
3655,1998,2,15497,13911,1586
3655,1998,3,15498,15711,-213
3655,1998,4,15499,14411,1088
3655,1998,5,15498,16511,-1013
3655,1998,6,23205,24811,-1606
3655,1998,7,15486,17911,-2425
3655,1998,8,15500,8091,7409
3655,1998,9,15499,18791,-3292
3655,1998,10,15516,7851,7665
3655,1998,11,15512,19311,-3799
3655,1998,12,23259,9116,14143
3656,1993,8,5994,0,5994
3656,1993,9,12655,0,12655
3656,1993,10,4389,0,4389
3656,1993,11,2100,15,2085
3656,1993,12,1596,3315,-1719
3656,1994,1,3880,8115,-4235
3656,1994,2,3986,1615,2371
3656,1994,3,4702,15,4687
3656,1994,4,2613,1615,998
3656,1994,5,1607,4915,-3308
3656,1994,6,1584,6015,-4431
3656,1994,7,4789,2015,2774
3656,1994,8,2898,15,2883
3656,1994,9,1604,3315,-1711
3656,1994,10,1597,2515,-918
3656,1994,11,13924,7215,6709
3656,1994,12,14252,15015,-763
3656,1995,1,1597,12415,-10818
3656,1995,2,1573,1915,-342
3656,1995,3,1572,715,857
3656,1995,4,1575,2515,-940
3656,1995,5,1571,3265,-1694
3656,1995,6,41168,34415,6753
3656,1995,7,3393,6815,-3422
3656,1995,8,3381,4115,-734
3656,1995,9,3378,3915,-537
3656,1995,10,3371,7115,-3744
3656,1995,11,9838,11015,-1177
3656,1995,12,3354,2415,939
3656,1996,1,1555,2415,-860
3656,1996,2,1553,15,1538
3656,1996,3,1559,865,694
3656,1996,4,1562,15,1547
3656,1996,5,1564,5515,-3951
3656,1996,6,1552,15,1537
3656,1996,7,38820,7315,31505
3656,1996,8,3458,23415,-19957
3656,1996,9,3389,13615,-10226
3656,1996,10,3369,15,3354
3656,1996,11,3383,415,2968
3656,1996,12,3394,715,2679
3656,1997,1,1573,10015,-8442
3656,1997,2,1566,15,1551
3656,1997,3,1566,4515,-2949
3656,1997,4,1560,15,1545
3656,1997,5,1565,1815,-250
3656,1997,6,1565,15,1550
3656,1997,7,3377,15,3362
3656,1997,8,15335,15,15320
3656,1997,9,3455,15,3440
3656,1997,10,3469,15,3454
3656,1997,11,46912,54615,-7703
3656,1997,12,3451,2315,1136
3656,1998,1,1635,7765,-6130
3656,1998,2,1625,15,1610
3656,1998,3,1633,515,1118
3656,1998,4,1636,15,1621
3656,1998,5,1642,15,1627
3656,1998,6,1618,14715,-13097
3656,1998,7,3400,1965,1435
3656,1998,8,3406,415,2991
3656,1998,9,3419,15,3404
3656,1998,10,3433,15,3418
3656,1998,11,16690,1115,15575
3656,1998,12,19321,2250,17071
3657,1997,9,1000,0,1000
3657,1997,10,5569,0,5569
3657,1997,11,5569,0,5569
3657,1997,12,5569,0,5569
3657,1998,1,5610,2800,2810
3657,1998,2,5663,1115,4548
3657,1998,3,5682,2248,3434
3657,1998,4,5686,7448,-1762
3657,1998,5,5687,3788,1899
3657,1998,6,5678,10858,-5180
3657,1998,7,5677,1548,4129
3657,1998,8,5694,1548,4146
3657,1998,9,5700,4748,952
3657,1998,10,5706,3788,1918
3657,1998,11,5722,4908,814
3657,1998,12,5716,5683,33
3658,1997,3,600,0,600
3658,1997,4,9713,0,9713
3658,1997,5,5551,0,5551
3658,1997,6,2868,2215,653
3658,1997,7,7179,15,7164
3658,1997,8,2598,2815,-217
3658,1997,9,2601,1315,1286
3658,1997,10,2607,715,1892
3658,1997,11,2611,3265,-654
3658,1997,12,25678,14615,11063
3658,1998,1,19623,28565,-8942
3658,1998,2,817,1015,-198
3658,1998,3,811,4015,-3204
3658,1998,4,800,2515,-1715
3658,1998,5,787,5515,-4728
3658,1998,6,13629,18815,-5186
3658,1998,7,4460,15,4445
3658,1998,8,2577,515,2062
3658,1998,9,2584,1315,1269
3658,1998,10,4294,615,3679
3658,1998,11,2599,3615,-1016
3658,1998,12,2596,4300,-1704
3659,1997,2,12469,0,12469
3659,1997,3,16332,0,16332
3659,1997,4,11683,2100,9583
3659,1997,5,11715,5700,6015
3659,1997,6,17513,10615,6898
3659,1997,7,11721,24609,-12888
3659,1997,8,11703,10309,1394
3659,1997,9,11708,11709,-1
3659,1997,10,11706,12649,-943
3659,1997,11,11705,8709,2996
3659,1997,12,17496,17889,-393
3659,1998,1,18292,23549,-5257
3659,1998,2,11691,11209,482
3659,1998,3,13587,11549,2038
3659,1998,4,15506,7709,7797
3659,1998,5,12838,7709,5129
3659,1998,6,36213,50189,-13976
3659,1998,7,19807,7709,12098
3659,1998,8,21560,7709,13851
3659,1998,9,16896,13469,3427
3659,1998,10,21914,15149,6765
3659,1998,11,16947,11429,5518
3659,1998,12,17658,8494,9164
3660,1993,11,1704,0,1704
3660,1993,12,10930,0,10930
3660,1994,1,8467,2265,6202
3660,1994,2,2383,15,2368
3660,1994,3,4097,15,4082
3660,1994,4,2610,15,2595
3660,1994,5,6091,4215,1876
3660,1994,6,4990,17515,-12525
3660,1994,7,5783,1465,4318
3660,1994,8,887,2015,-1128
3660,1994,9,2488,2115,373
3660,1994,10,3491,1515,1976
3660,1994,11,2600,15,2585
3660,1994,12,45298,2315,42983
3660,1995,1,983,40115,-39132
3660,1995,2,901,6865,-5964
3660,1995,3,892,2765,-1873
3660,1995,4,2594,15,2579
3660,1995,5,1402,15,1387
3660,1995,6,905,1015,-110
3660,1995,7,898,3215,-2317
3660,1995,8,49238,2715,46523
3660,1995,9,1023,27115,-26092
3660,1995,10,944,16615,-15671
3660,1995,11,45127,31065,14062
3660,1995,12,912,17315,-16403
3660,1996,1,874,12015,-11141
3660,1996,2,1662,15,1647
3660,1996,3,863,1915,-1052
3660,1996,4,961,865,96
3660,1996,5,860,1415,-555
3660,1996,6,860,15,845
3660,1996,7,23745,20915,2830
3660,1996,8,13453,12115,1338
3660,1996,9,880,4815,-3935
3660,1996,10,865,15,850
3660,1996,11,867,3615,-2748
3660,1996,12,857,15,842
3660,1997,1,860,315,545
3660,1997,2,862,15,847
3660,1997,3,32614,21665,10949
3660,1997,4,902,14165,-13263
3660,1997,5,856,15,841
3660,1997,6,860,15,845
3660,1997,7,3770,15,3755
3660,1997,8,879,15,864
3660,1997,9,875,7315,-6440
3660,1997,10,855,15,840
3660,1997,11,856,2115,-1259
3660,1997,12,853,15,838
3660,1998,1,857,15,842
3660,1998,2,860,15,845
3660,1998,3,863,315,548
3660,1998,4,864,2165,-1301
3660,1998,5,3063,15,3048
3660,1998,6,3376,15,3361
3660,1998,7,883,2715,-1832
3660,1998,8,3784,15,3769
3660,1998,9,6401,1815,4586
3660,1998,10,50253,26865,23388
3660,1998,11,34005,32015,1990
3660,1998,12,1017,1200,-183
3661,1996,1,800,0,800
3661,1996,2,4966,0,4966
3661,1996,3,4966,0,4966
3661,1996,4,4966,0,4966
3661,1996,5,4966,0,4966
3661,1996,6,5031,3325,1706
3661,1996,7,5061,5725,-664
3661,1996,8,5060,6925,-1865
3661,1996,9,5054,3325,1729
3661,1996,10,5055,5565,-510
3661,1996,11,5059,3325,1734
3661,1996,12,5064,6885,-1821
3661,1997,1,5044,12545,-7501
3661,1997,2,5027,3325,1702
3661,1997,3,5029,5405,-376
3661,1997,4,5030,5325,-295
3661,1997,5,5031,3325,1706
3661,1997,6,5035,4875,160
3661,1997,7,5034,6445,-1411
3661,1997,8,5033,3325,1708
3661,1997,9,5040,3325,1715
3661,1997,10,5047,3325,1722
3661,1997,11,5052,7245,-2193
3661,1997,12,5044,4075,969
3661,1998,1,5034,10365,-5331
3661,1998,2,5027,3325,1702
3661,1998,3,5031,6365,-1334
3661,1998,4,5029,3325,1704
3661,1998,5,5036,3325,1711
3661,1998,6,5043,3325,1718
3661,1998,7,5050,3325,1725
3661,1998,8,5057,3325,1732
3661,1998,9,5064,3325,1739
3661,1998,10,5072,3325,1747
3661,1998,11,5079,3325,1754
3661,1998,12,5085,4160,925
3662,1997,5,600,0,600
3662,1997,6,29124,3000,26124
3662,1997,7,19520,10800,8720
3662,1997,8,19551,16600,2951
3662,1997,9,19562,17800,1762
3662,1997,10,19572,15715,3857
3662,1997,11,19591,14515,5076
3662,1997,12,29337,25215,4122
3662,1998,1,19648,27515,-7867
3662,1998,2,19596,14915,4681
3662,1998,3,19606,24815,-5209
3662,1998,4,19595,14315,5280
3662,1998,5,19620,12615,7005
3662,1998,6,29359,31615,-2256
3662,1998,7,19638,14215,5423
3662,1998,8,19650,20415,-765
3662,1998,9,19672,17615,2057
3662,1998,10,19693,15615,4078
3662,1998,11,19681,15815,3866
3662,1998,12,29490,900,28590
3663,1994,11,25128,0,25128
3663,1994,12,38701,0,38701
3663,1995,1,24940,20200,4740
3663,1995,2,24957,20800,4157
3663,1995,3,24950,32377,-7427
3663,1995,4,24926,27577,-2651
3663,1995,5,24925,24177,748
3663,1995,6,37266,30477,6789
3663,1995,7,24944,27777,-2833
3663,1995,8,24964,24177,787
3663,1995,9,24939,27377,-2438
3663,1995,10,24924,27077,-2153
3663,1995,11,24924,24077,847
3663,1995,12,37315,40777,-3462
3663,1996,1,24923,36477,-11554
3663,1996,2,24900,24177,723
3663,1996,3,24912,19577,5335
3663,1996,4,24952,22377,2575
3663,1996,5,24959,25477,-518
3663,1996,6,37261,38077,-816
3663,1996,7,24921,26177,-1256
3663,1996,8,24944,21477,3467
3663,1996,9,24939,24977,-38
3663,1996,10,24938,24477,461
3663,1996,11,24954,22777,2177
3663,1996,12,37298,35477,1821
3663,1997,1,24914,37777,-12863
3663,1997,2,24900,23177,1723
3663,1997,3,24919,26477,-1558
3663,1997,4,24910,27077,-2167
3663,1997,5,24889,25177,-288
3663,1997,6,37248,35877,1371
3663,1997,7,24887,25777,-890
3663,1997,8,24890,28077,-3187
3663,1997,9,24865,27577,-2712
3663,1997,10,24859,23977,882
3663,1997,11,24875,20577,4298
3663,1997,12,37232,28477,8755
3663,1998,1,24882,46377,-21495
3663,1998,2,24844,14977,9867
3663,1998,3,24870,21477,3393
3663,1998,4,24872,28477,-3605
3663,1998,5,24859,28977,-4118
3663,1998,6,37179,55477,-18298
3663,1998,7,24792,14877,9915
3663,1998,8,24812,20577,4235
3663,1998,9,24828,20777,4051
3663,1998,10,24838,23977,861
3663,1998,11,24825,28077,-3252
3663,1998,12,37181,29362,7819
3664,1996,4,800,0,800
3664,1996,5,100716,35800,64916
3664,1996,6,273,21000,-20727
3664,1996,7,273,11100,-10827
3664,1996,8,273,5000,-4727
3664,1996,9,273,2700,-2427
3664,1996,10,34761,17100,17661
3664,1996,11,181,15000,-14819
3664,1996,12,28659,29215,-556
3664,1997,1,57981,33715,24266
3664,1997,2,109492,61015,48477
3664,1997,3,42605,89086,-46481
3664,1997,4,35212,20615,14597
3664,1997,5,141692,142515,-823
3664,1997,6,36364,74605,-38241
3664,1997,7,19701,9415,10286
3664,1997,8,79836,23715,56121
3664,1997,9,357,31815,-31458
3664,1997,10,25594,18831,6763
3664,1997,11,33344,14873,18471
3664,1997,12,87502,82473,5029
3664,1998,1,34580,50273,-15693
3664,1998,2,302,26658,-26356
3664,1998,3,44173,8973,35200
3664,1998,4,331,21405,-21074
3664,1998,5,78889,88860,-9971
3664,1998,6,7233,27490,-20257
3664,1998,7,26147,24507,1640
3664,1998,8,63306,19773,43533
3664,1998,9,40620,34073,6547
3664,1998,10,41016,70407,-29391
3664,1998,11,16817,34677,-17860
3664,1998,12,76303,45576,30727
3665,1997,6,800,0,800
3665,1997,7,13100,0,13100
3665,1997,8,5200,0,5200
3665,1997,9,3200,0,3200
3665,1997,10,1400,0,1400
3665,1997,11,28077,16100,11977
3665,1997,12,149,5200,-5051
3665,1998,1,1449,0,1449
3665,1998,2,149,4100,-3951
3665,1998,3,1149,0,1149
3665,1998,4,32484,11500,20984
3665,1998,5,43890,32000,11890
3665,1998,6,33834,31000,2834
3665,1998,7,45997,74615,-28618
3665,1998,8,6439,6831,-392
3665,1998,9,31004,26941,4063
3665,1998,10,30678,15231,15447
3665,1998,11,9591,21693,-12102
3665,1998,12,12378,23460,-11082
3667,1994,1,700,0,700
3667,1994,2,12271,0,12271
3667,1994,3,8022,0,8022
3667,1994,4,5354,0,5354
3667,1994,5,4572,4800,-228
3667,1994,6,6811,7790,-979
3667,1994,7,4571,3990,581
3667,1994,8,5676,2990,2686
3667,1994,9,6776,8510,-1734
3667,1994,10,4879,2990,1889
3667,1994,11,4582,6290,-1708
3667,1994,12,8706,10950,-2244
3667,1995,1,6351,17750,-11399
3667,1995,2,11832,2990,8842
3667,1995,3,12448,12470,-22
3667,1995,4,4558,3490,1068
3667,1995,5,6166,2990,3176
3667,1995,6,6814,3690,3124
3667,1995,7,4582,8090,-3508
3667,1995,8,4562,9990,-5428
3667,1995,9,4545,6190,-1645
3667,1995,10,4543,4390,153
3667,1995,11,7051,2990,4061
3667,1995,12,6793,9750,-2957
3667,1996,1,6528,10590,-4062
3667,1996,2,6438,2990,3448
3667,1996,3,4537,9290,-4753
3667,1996,4,7836,2990,4846
3667,1996,5,4548,2990,1558
3667,1996,6,6786,8710,-1924
3667,1996,7,10742,9110,1632
3667,1996,8,7147,8030,-883
3667,1996,9,4549,3390,1159
3667,1996,10,4548,5590,-1042
3667,1996,11,4539,7190,-2651
3667,1996,12,6765,9730,-2965
3667,1997,1,4922,5510,-588
3667,1997,2,4519,4790,-271
3667,1997,3,7118,7310,-192
3667,1997,4,6127,2990,3137
3667,1997,5,6240,2990,3250
3667,1997,6,6774,10110,-3336
3667,1997,7,4528,5390,-862
3667,1997,8,4522,6590,-2068
3667,1997,9,5025,2990,2035
3667,1997,10,4528,4190,338
3667,1997,11,6137,6230,-93
3667,1997,12,8272,5710,2562
3667,1998,1,4523,9330,-4807
3667,1998,2,4520,4090,430
3667,1998,3,4524,2990,1534
3667,1998,4,4530,2990,1540
3667,1998,5,4524,6790,-2266
3667,1998,6,6767,7890,-1123
3667,1998,7,4528,2990,1538
3667,1998,8,4523,5290,-767
3667,1998,9,4525,2990,1535
3667,1998,10,4532,2990,1542
3667,1998,11,4538,2990,1548
3667,1998,12,6772,9295,-2523
3668,1996,6,600,0,600
3668,1996,7,11200,0,11200
3668,1996,8,9100,0,9100
3668,1996,9,2900,0,2900
3668,1996,10,1600,0,1600
3668,1996,11,0,2200,-2200
3668,1996,12,1300,0,1300
3668,1997,1,1700,0,1700
3668,1997,2,3200,0,3200
3668,1997,3,200,0,200
3668,1997,4,0,300,-300
3668,1997,5,1000,0,1000
3668,1997,6,4100,0,4100
3668,1997,7,1200,0,1200
3668,1997,8,0,1300,-1300
3668,1997,9,2900,0,2900
3668,1997,10,0,1900,-1900
3668,1997,11,0,4300,-4300
3668,1997,12,1600,0,1600
3668,1998,1,2800,0,2800
3668,1998,2,0,2800,-2800
3668,1998,3,0,900,-900
3668,1998,4,0,3000,-3000
3668,1998,5,0,3600,-3600
3668,1998,6,300,0,300
3668,1998,7,0,1000,-1000
3668,1998,8,0,800,-800
3668,1998,9,0,3800,-3800
3668,1998,10,900,0,900
3668,1998,11,0,1200,-1200
3669,1993,12,1100,0,1100
3669,1994,1,17592,0,17592
3669,1994,2,8353,0,8353
3669,1994,3,8278,7100,1178
3669,1994,4,8287,4100,4187
3669,1994,5,8292,13557,-5265
3669,1994,6,12373,11457,916
3669,1994,7,9477,12257,-2780
3669,1994,8,8265,12157,-3892
3669,1994,9,8258,8057,201
3669,1994,10,9665,9057,608
3669,1994,11,8264,6457,1807
3669,1994,12,12355,10457,1898
3669,1995,1,10057,17257,-7200
3669,1995,2,8540,10157,-1617
3669,1995,3,8241,7057,1184
3669,1995,4,9051,5457,3594
3669,1995,5,8254,9357,-1103
3669,1995,6,12344,10557,1787
3669,1995,7,8257,10057,-1800
3669,1995,8,8852,9257,-405
3669,1995,9,8248,10257,-2009
3669,1995,10,8232,11757,-3525
3669,1995,11,8223,9857,-1634
3669,1995,12,12315,8657,3658
3669,1996,1,8217,14257,-6040
3669,1996,2,8218,8057,161
3669,1996,3,8219,5457,2762
3669,1996,4,8230,5457,2773
3669,1996,5,8221,12457,-4236
3669,1996,6,12308,9057,3251
3669,1996,7,8227,10557,-2330
3669,1996,8,8217,8757,-540
3669,1996,9,8218,8157,61
3669,1996,10,8213,9457,-1244
3669,1996,11,11332,5457,5875
3669,1996,12,13640,9657,3983
3669,1997,1,8230,15857,-7627
3669,1997,2,9134,5457,3677
3669,1997,3,8237,8657,-420
3669,1997,4,8242,6157,2085
3669,1997,5,8246,7657,589
3669,1997,6,12316,18857,-6541
3669,1997,7,8223,6957,1266
3669,1997,8,8232,5457,2775
3669,1997,9,8224,11557,-3333
3669,1997,10,8228,6057,2171
3669,1997,11,8236,6457,1779
3669,1997,12,12339,11157,1182
3669,1998,1,8228,15657,-7429
3669,1998,2,8220,5457,2763
3669,1998,3,8227,10957,-2730
3669,1998,4,8220,5457,2763
3669,1998,5,8231,5457,2774
3669,1998,6,12334,8557,3777
3669,1998,7,8254,15557,-7303
3669,1998,8,8228,5457,2771
3669,1998,9,8237,9257,-1020
3669,1998,10,8226,9957,-1731
3669,1998,11,8225,10057,-1832
3669,1998,12,12315,5442,6873
3670,1993,6,4858,0,4858
3670,1993,7,4462,0,4462
3670,1993,8,4462,0,4462
3670,1993,9,4462,0,4462
3670,1993,10,4500,2976,1524
3670,1993,11,4523,5696,-1173
3670,1993,12,4523,3976,547
3670,1994,1,4524,5976,-1452
3670,1994,2,4519,2976,1543
3670,1994,3,4517,6656,-2139
3670,1994,4,4515,5376,-861
3670,1994,5,4510,4336,174
3670,1994,6,4514,2976,1538
3670,1994,7,4521,2976,1545
3670,1994,8,4522,6816,-2294
3670,1994,9,4517,2976,1541
3670,1994,10,4524,2976,1548
3670,1994,11,4529,4536,-7
3670,1994,12,4531,3726,805
3670,1995,1,4522,9256,-4734
3670,1995,2,4517,2976,1541
3670,1995,3,4520,2976,1544
3670,1995,4,4527,2976,1551
3670,1995,5,4533,2976,1557
3670,1995,6,4526,8176,-3650
3670,1995,7,4524,2976,1548
3670,1995,8,4531,2976,1555
3670,1995,9,4537,2976,1561
3670,1995,10,4544,2976,1568
3670,1995,11,4550,2976,1574
3670,1995,12,4554,4126,428
3670,1996,1,4548,8096,-3548
3670,1996,2,4543,2976,1567
3670,1996,3,4550,2976,1574
3670,1996,4,4555,4176,379
3670,1996,5,4558,2976,1582
3670,1996,6,4562,7526,-2964
3670,1996,7,4552,2976,1576
3670,1996,8,4559,2976,1583
3670,1996,9,4564,4496,68
3670,1996,10,4566,2976,1590
3670,1996,11,4570,3976,594
3670,1996,12,4565,8196,-3631
3670,1997,1,4558,7026,-2468
3670,1997,2,4546,6656,-2110
3670,1997,3,4540,2976,1564
3670,1997,4,4542,4816,-274
3670,1997,5,4545,6256,-1711
3670,1997,6,4538,2976,1562
3670,1997,7,4539,5536,-997
3670,1997,8,4540,3376,1164
3670,1997,9,4545,2976,1569
3670,1997,10,4544,5956,-1412
3670,1997,11,4543,4576,-33
3670,1997,12,4540,8486,-3946
3670,1998,1,4528,4876,-348
3670,1998,2,4530,3276,1254
3670,1998,3,4528,5076,-548
3670,1998,4,4523,5976,-1453
3670,1998,5,4519,5276,-757
3670,1998,6,4523,3176,1347
3670,1998,7,4526,3876,650
3670,1998,8,4526,5376,-850
3670,1998,9,4525,2976,1549
3670,1998,10,4532,4576,-44
3670,1998,11,4531,2976,1555
3670,1998,12,4536,3911,625
3671,1997,9,1000,0,1000
3671,1997,10,4498,0,4498
3671,1997,11,4498,0,4498
3671,1997,12,4498,0,4498
3671,1998,1,4534,3400,1134
3671,1998,2,4565,4092,473
3671,1998,3,4559,6952,-2393
3671,1998,4,4560,2792,1768
3671,1998,5,4556,8092,-3536
3671,1998,6,4552,3192,1360
3671,1998,7,4558,3292,1266
3671,1998,8,4564,2792,1772
3671,1998,9,4568,5432,-864
3671,1998,10,4558,6292,-1734
3671,1998,11,4557,4552,5
3671,1998,12,4557,5547,-990
3672,1996,3,1100,0,1100
3672,1996,4,19884,0,19884
3672,1996,5,19863,4100,15763
3672,1996,6,29799,15500,14299
3672,1996,7,19959,19500,459
3672,1996,8,19965,17715,2250
3672,1996,9,19973,20360,-387
3672,1996,10,19967,22260,-2293
3672,1996,11,19966,17960,2006
3672,1996,12,29845,32160,-2315
3672,1997,1,19949,27060,-7111
3672,1997,2,19935,17560,2375
3672,1997,3,19946,20360,-414
3672,1997,4,19937,21760,-1823
3672,1997,5,19931,17560,2371
3672,1997,6,29811,30260,-449
3672,1997,7,19972,13660,6312
3672,1997,8,19994,7360,12634
3672,1997,9,20029,12560,7469
3672,1997,10,20054,15560,4494
3672,1997,11,20062,18160,1902
3672,1997,12,29956,21860,8096
3672,1998,1,20088,24760,-4672
3672,1998,2,20082,16960,3122
3672,1998,3,20100,17260,2840
3672,1998,4,20111,17760,2351
3672,1998,5,20102,23160,-3058
3672,1998,6,29980,50560,-20580
3672,1998,7,20041,10560,9481
3672,1998,8,20076,11860,8216
3672,1998,9,20088,18860,1228
3672,1998,10,20088,19260,828
3672,1998,11,20071,24360,-4289
3672,1998,12,29996,14745,15251
3673,1996,1,4019,0,4019
3673,1996,2,11652,0,11652
3673,1996,3,5888,0,5888
3673,1996,4,3005,200,2805
3673,1996,5,5019,1305,3714
3673,1996,6,3520,9814,-6294
3673,1996,7,4905,2794,2111
3673,1996,8,6620,1954,4666
3673,1996,9,4634,1954,2680
3673,1996,10,3033,5304,-2271
3673,1996,11,3931,2884,1047
3673,1996,12,3034,3424,-390
3673,1997,1,3027,4004,-977
3673,1997,2,4534,2134,2400
3673,1997,3,3839,3934,-95
3673,1997,4,3037,3054,-17
3673,1997,5,3038,2404,634
3673,1997,6,3033,5744,-2711
3673,1997,7,3029,2554,475
3673,1997,8,5034,4204,830
3673,1997,9,3027,5374,-2347
3673,1997,10,3024,2894,130
3673,1997,11,3829,1954,1875
3673,1997,12,3028,3554,-526
3673,1998,1,4412,8634,-4222
3673,1998,2,3014,2164,850
3673,1998,3,5325,1954,3371
3673,1998,4,3029,4264,-1235
3673,1998,5,3426,2554,872
3673,1998,6,3428,3304,124
3673,1998,7,3031,4344,-1313
3673,1998,8,3026,3054,-28
3673,1998,9,3025,5254,-2229
3673,1998,10,3013,9054,-6041
3673,1998,11,2989,7054,-4065
3673,1998,12,2973,2569,404
3674,1993,3,12728,0,12728
3674,1993,4,6553,0,6553
3674,1993,5,62288,7900,54388
3674,1993,6,306,22400,-22094
3674,1993,7,38888,12400,26488
3674,1993,8,22087,26315,-4228
3674,1993,9,37285,47693,-10408
3674,1993,10,159,39918,-39759
3674,1993,11,1172,11318,-10146
3674,1993,12,8754,11418,-2664
3674,1994,1,27772,16818,10954
3674,1994,2,34971,13218,21753
3674,1994,3,51418,17618,33800
3674,1994,4,52654,40818,11836
3674,1994,5,13565,69631,-56066
3674,1994,6,32748,28718,4030
3674,1994,7,39737,18318,21419
3674,1994,8,134327,93618,40709
3674,1994,9,36177,46687,-10510
3674,1994,10,104000,87387,16613
3674,1994,11,43058,52071,-9013
3674,1994,12,40130,47187,-7057
3674,1995,1,109635,133687,-24052
3674,1995,2,68071,72987,-4916
3674,1995,3,75248,47449,27799
3674,1995,4,35798,56936,-21138
3674,1995,5,629,31887,-31258
3674,1995,6,4923,11487,-6564
3674,1995,7,21621,11487,10134
3674,1995,8,85506,47387,38119
3674,1995,9,26718,37718,-11000
3674,1995,10,73582,78518,-4936
3674,1995,11,79723,93819,-14096
3674,1995,12,127745,112418,15327
3674,1996,1,60381,67036,-6655
3674,1996,2,17229,34818,-17589
3674,1996,3,52031,13518,38513
3674,1996,4,16318,33618,-17300
3674,1996,5,157493,152768,4725
3674,1996,6,131395,100718,30677
3674,1996,7,16201,60638,-44437
3674,1996,8,96128,89013,7115
3674,1996,9,14963,11018,3945
3674,1996,10,6688,27584,-20896
3674,1996,11,49120,11318,37802
3674,1996,12,55114,81218,-26104
3674,1997,1,99945,83818,16127
3674,1997,2,4034,23591,-19557
3674,1997,3,43590,27018,16572
3674,1997,4,4818,34776,-29958
3674,1997,5,91063,40688,50375
3674,1997,6,71521,72180,-659
3674,1997,7,59662,27528,32134
3674,1997,8,48646,88218,-39572
3674,1997,9,41520,52832,-11312
3674,1997,10,60489,34218,26271
3674,1997,11,30973,52018,-21045
3674,1997,12,48200,77652,-29452
3674,1998,1,22251,25818,-3567
3674,1998,2,12149,14242,-2093
3674,1998,3,60166,27408,32758
3674,1998,4,37078,54801,-17723
3674,1998,5,177560,142718,34842
3674,1998,6,305,17648,-17343
3674,1998,7,120588,103809,16779
3674,1998,8,40704,68411,-27707
3674,1998,9,45044,28618,16426
3674,1998,10,59464,34018,25446
3674,1998,11,66069,70567,-4498
3674,1998,12,86275,93503,-7228
3675,1993,3,700,0,700
3675,1993,4,46163,8500,37663
3675,1993,5,46292,27000,19292
3675,1993,6,69489,60900,8589
3675,1993,7,46299,76200,-29901
3675,1993,8,46282,30215,16067
3675,1993,9,46341,55498,-9157
3675,1993,10,46325,61591,-15266
3675,1993,11,46263,41501,4762
3675,1993,12,69382,46939,22443
3675,1994,1,46292,81339,-35047
3675,1994,2,46253,26339,19914
3675,1994,3,46294,52191,-5897
3675,1994,4,46302,31739,14563
3675,1994,5,46344,40139,6205
3675,1994,6,73639,102139,-28500
3675,1994,7,46279,26639,19640
3675,1994,8,46336,34939,11397
3675,1994,9,46358,42839,3519
3675,1994,10,46364,52008,-5644
3675,1994,11,46351,40339,6012
3675,1994,12,69357,83239,-13882
3675,1995,1,46233,67439,-21206
3675,1995,2,51426,15639,35787
3675,1995,3,46373,42539,3834
3675,1995,4,46353,57129,-10776
3675,1995,5,46348,54954,-8606
3675,1995,6,69414,82739,-13325
3675,1995,7,46349,9239,37110
3675,1995,8,46403,49210,-2807
3675,1995,9,46437,23939,22498
3675,1995,10,46493,34939,11554
3675,1995,11,46539,64639,-18100
3675,1995,12,69498,71439,-1941
3675,1996,1,46339,80239,-33900
3675,1996,2,46311,54104,-7793
3675,1996,3,46320,28539,17781
3675,1996,4,46341,44165,2176
3675,1996,5,46371,37239,9132
3675,1996,6,69423,67824,1599
3675,1996,7,46404,41639,4765
3675,1996,8,46404,71962,-25558
3675,1996,9,46382,50951,-4569
3675,1996,10,46379,40847,5532
3675,1996,11,46415,37939,8476
3675,1996,12,69475,79139,-9664
3675,1997,1,46329,61039,-14710
3675,1997,2,46334,33639,12695
3675,1997,3,46399,38239,8160
3675,1997,4,46427,46239,188
3675,1997,5,46385,53739,-7354
3675,1997,6,69464,92239,-22775
3675,1997,7,46299,35239,11060
3675,1997,8,46342,36539,9803
3675,1997,9,46379,38139,8240
3675,1997,10,46404,46039,365
3675,1997,11,46395,55139,-8744
3675,1997,12,69448,54939,14509
3675,1998,1,46281,77086,-30805
3675,1998,2,46292,39872,6420
3675,1998,3,46277,47613,-1336
3675,1998,4,46277,46607,-330
3675,1998,5,46329,30039,16290
3675,1998,6,69436,69911,-475
3675,1998,7,46364,42639,3725
3675,1998,8,46369,62580,-16211
3675,1998,9,46305,38139,8166
3675,1998,10,46350,39939,6411
3675,1998,11,46339,59886,-13547
3675,1998,12,69399,75959,-6560
3676,1996,6,1100,0,1100
3676,1996,7,4979,0,4979
3676,1996,8,4979,0,4979
3676,1996,9,4979,0,4979
3676,1996,10,5050,800,4250
3676,1996,11,5050,12614,-7564
3676,1996,12,5033,5134,-101
3676,1997,1,5034,5334,-300
3676,1997,2,5033,4214,819
3676,1997,3,5037,4734,303
3676,1997,4,5040,3334,1706
3676,1997,5,5035,7254,-2219
3676,1997,6,5038,3334,1704
3676,1997,7,5045,3334,1711
3676,1997,8,5051,6134,-1083
3676,1997,9,5048,3334,1714
3676,1997,10,5055,3334,1721
3676,1997,11,5062,6934,-1872
3676,1997,12,5053,6634,-1581
3676,1998,1,5041,6374,-1333
3676,1998,2,5039,5494,-455
3676,1998,3,5040,3334,1706
3676,1998,4,5047,3334,1713
3676,1998,5,5052,9534,-4482
3676,1998,6,5036,3334,1702
3676,1998,7,5043,3334,1709
3676,1998,8,5043,5814,-771
3676,1998,9,5041,6354,-1313
3676,1998,10,5041,3334,1707
3676,1998,11,5044,6214,-1170
3676,1998,12,5042,3919,1123
3677,1995,10,3836,0,3836
3677,1995,11,3441,0,3441
3677,1995,12,3441,0,3441
3677,1996,1,3441,0,3441
3677,1996,2,3443,15,3428
3677,1996,3,3498,3378,120
3677,1996,4,3502,2298,1204
3677,1996,5,3507,3008,499
3677,1996,6,3506,3618,-112
3677,1996,7,3504,3468,36
3677,1996,8,3508,4798,-1290
3677,1996,9,3502,6698,-3196
3677,1996,10,3490,3098,392
3677,1996,11,3490,5598,-2108
3677,1996,12,3478,4678,-1200
3677,1997,1,3476,4608,-1132
3677,1997,2,3473,2298,1175
3677,1997,3,3478,2798,680
3677,1997,4,3481,2298,1183
3677,1997,5,3478,6248,-2770
3677,1997,6,3474,2298,1176
3677,1997,7,3479,2298,1181
3677,1997,8,3483,3698,-215
3677,1997,9,3483,2298,1185
3677,1997,10,3482,4218,-736
3677,1997,11,3485,2298,1187
3677,1997,12,3488,3708,-220
3677,1998,1,3488,2898,590
3677,1998,2,3489,3998,-509
3677,1998,3,3489,2298,1191
3677,1998,4,3485,7318,-3833
3677,1998,5,3478,2298,1180
3677,1998,6,3482,2998,484
3677,1998,7,3483,3498,-15
3677,1998,8,3483,3198,285
3677,1998,9,3486,2298,1188
3677,1998,10,3489,4668,-1179
3677,1998,11,3486,2598,888
3677,1998,12,3486,3483,3
3678,1993,3,800,0,800
3678,1993,4,14218,0,14218
3678,1993,5,8964,0,8964
3678,1993,6,13434,6700,6734
3678,1993,7,9028,9500,-472
3678,1993,8,9007,17335,-8328
3678,1993,9,8995,10515,-1520
3678,1993,10,14082,14395,-313
3678,1993,11,12985,10835,2150
3678,1993,12,13451,13335,116
3678,1994,1,13157,25075,-11918
3678,1994,2,17653,11215,6438
3678,1994,3,14477,13955,522
3678,1994,4,10768,12515,-1747
3678,1994,5,10664,11815,-1151
3678,1994,6,13824,16015,-2191
3678,1994,7,14356,10975,3381
3678,1994,8,10370,8615,1755
3678,1994,9,14686,10715,3971
3678,1994,10,11295,10315,980
3678,1994,11,11296,12015,-719
3678,1994,12,13438,15635,-2197
3678,1995,1,14568,21235,-6667
3678,1995,2,13367,14004,-637
3678,1995,3,12756,11084,1672
3678,1995,4,13162,12184,978
3678,1995,5,9160,10984,-1824
3678,1995,6,13412,12384,1028
3678,1995,7,10756,12484,-1728
3678,1995,8,8945,14084,-5139
3678,1995,9,15145,10984,4161
3678,1995,10,10453,9684,769
3678,1995,11,8948,10984,-2036
3678,1995,12,13389,18164,-4775
3678,1996,1,14525,16084,-1559
3678,1996,2,16334,11584,4750
3678,1996,3,14254,10384,3870
3678,1996,4,14368,10684,3684
3678,1996,5,13559,17144,-3585
3678,1996,6,13823,11484,2339
3678,1996,7,9665,10184,-519
3678,1996,8,12964,12484,480
3678,1996,9,8947,13084,-4137
3678,1996,10,13346,17584,-4238
3678,1996,11,13637,12184,1453
3678,1996,12,15692,13404,2288
3678,1997,1,8904,19728,-10824
3678,1997,2,8903,12303,-3400
3678,1997,3,8901,12442,-3541
3678,1997,4,8901,11560,-2659
3678,1997,5,8901,4782,4119
3678,1997,6,13353,10720,2633
3678,1997,7,8901,10723,-1822
3678,1997,8,8901,11646,-2745
3678,1997,9,8901,4557,4344
3678,1997,10,8901,11123,-2222
3678,1997,11,8901,6952,1949
3678,1997,12,13355,12306,1049
3678,1998,1,8901,11319,-2418
3678,1998,2,8901,11642,-2741
3678,1998,3,8901,6167,2734
3678,1998,4,8901,10534,-1633
3678,1998,5,8901,11457,-2556
3678,1998,6,13352,10845,2507
3678,1998,7,8901,11054,-2153
3678,1998,8,8901,4666,4235
3678,1998,9,8901,10226,-1325
3678,1998,10,8901,7157,1744
3678,1998,11,8901,11722,-2821
3678,1998,12,13352,11612,1740
3679,1995,8,800,0,800
3679,1995,9,20591,0,20591
3679,1995,10,17360,4700,12660
3679,1995,11,17390,14400,2990
3679,1995,12,26041,16300,9741
3679,1996,1,17419,25755,-8336
3679,1996,2,21074,25672,-4598
3679,1996,3,17367,24652,-7285
3679,1996,4,22154,27632,-5478
3679,1996,5,21358,9032,12326
3679,1996,6,27939,16232,11707
3679,1996,7,17425,20632,-3207
3679,1996,8,18111,18300,-189
3679,1996,9,19838,18300,1538
3679,1996,10,17413,19400,-1987
3679,1996,11,20503,22260,-1757
3679,1996,12,26640,21620,5020
3679,1997,1,17360,38160,-20800
3679,1997,2,21768,18300,3468
3679,1997,3,18073,18300,-227
3679,1997,4,17335,21300,-3965
3679,1997,5,18124,22620,-4496
3679,1997,6,28084,18300,9784
3679,1997,7,17848,20700,-2852
3679,1997,8,18541,23580,-5039
3679,1997,9,20529,18300,2229
3679,1997,10,19960,18300,1660
3679,1997,11,18957,19500,-543
3679,1997,12,33695,21340,12355
3679,1998,1,27558,35620,-8062
3679,1998,2,17350,18300,-950
3679,1998,3,23567,18300,5267
3679,1998,4,23789,18300,5489
3679,1998,5,23999,18300,5699
3679,1998,6,26059,23000,3059
3679,1998,7,17425,26320,-8895
3679,1998,8,17591,18300,-709
3679,1998,9,22189,22500,-311
3679,1998,10,23991,18900,5091
3679,1998,11,22829,18300,4529
3679,1998,12,26051,28605,-2554
3680,1996,2,1000,0,1000
3680,1996,3,5800,0,5800
3680,1996,4,5800,0,5800
3680,1996,5,5800,0,5800
3680,1996,6,5800,0,5800
3680,1996,7,5868,315,5553
3680,1996,8,5930,4015,1915
3680,1996,9,5924,9915,-3991
3680,1996,10,5920,4315,1605
3680,1996,11,5912,10355,-4443
3680,1996,12,5906,4665,1241
3680,1997,1,5891,17015,-11124
3680,1997,2,5865,5515,350
3680,1997,3,5871,3515,2356
3680,1997,4,5879,3515,2364
3680,1997,5,5885,6795,-910
3680,1997,6,5876,6395,-519
3680,1997,7,5883,3515,2368
3680,1997,8,5893,3515,2378
3680,1997,9,5903,3515,2388
3680,1997,10,5913,3515,2398
3680,1997,11,5923,3515,2408
3680,1997,12,5928,4865,1063
3680,1998,1,5902,16365,-10463
3680,1998,2,5889,6875,-986
3680,1998,3,5883,7435,-1552
3680,1998,4,5882,5355,527
3680,1998,5,5885,4075,1810
3680,1998,6,5879,7715,-1836
3680,1998,7,5885,3515,2370
3680,1998,8,5895,3515,2380
3680,1998,9,5896,6475,-579
3680,1998,10,5902,3515,2387
3680,1998,11,5912,3515,2397
3680,1998,12,5922,3850,2072
3681,1997,1,400,0,400
3681,1997,2,22791,0,22791
3681,1997,3,19784,3100,16684
3681,1997,4,19843,15800,4043
3681,1997,5,19860,15700,4160
3681,1997,6,29934,49815,-19881
3681,1997,7,19821,9812,10009
3681,1997,8,19841,14512,5329
3681,1997,9,19863,20312,-449
3681,1997,10,19868,21012,-1144
3681,1997,11,19868,16612,3256
3681,1997,12,29726,25332,4394
3681,1998,1,19822,43572,-23750
3681,1998,2,21611,14292,7319
3681,1998,3,19839,11312,8527
3681,1998,4,19863,18412,1451
3681,1998,5,19879,11812,8067
3681,1998,6,29696,33492,-3796
3681,1998,7,19893,13412,6481
3681,1998,8,19915,16112,3803
3681,1998,9,19918,22012,-2094
3681,1998,10,19907,24992,-5085
3681,1998,11,19898,16212,3686
3681,1998,12,29781,11197,18584
3682,1993,6,6429,0,6429
3682,1993,7,12601,0,12601
3682,1993,8,4633,0,4633
3682,1993,9,4552,0,4552
3682,1993,10,4265,1915,2350
3682,1993,11,4265,4576,-311
3682,1993,12,6831,7096,-265
3682,1994,1,4235,17256,-13021
3682,1994,2,7424,2776,4648
3682,1994,3,4221,6876,-2655
3682,1994,4,5526,2776,2750
3682,1994,5,5939,2776,3163
3682,1994,6,6311,7816,-1505
3682,1994,7,5040,5296,-256
3682,1994,8,9646,7216,2430
3682,1994,9,5052,2776,2276
3682,1994,10,4962,2776,2186
3682,1994,11,7265,6136,1129
3682,1994,12,6350,8176,-1826
3682,1995,1,9439,14136,-4697
3682,1995,2,8849,2776,6073
3682,1995,3,7174,2776,4398
3682,1995,4,4291,4076,215
3682,1995,5,4279,7776,-3497
3682,1995,6,6353,4276,2077
3682,1995,7,4587,2776,1811
3682,1995,8,4594,2776,1818
3682,1995,9,4301,3076,1225
3682,1995,10,4303,6176,-1873
3682,1995,11,4296,4876,-580
3682,1995,12,12445,15336,-2891
3682,1996,1,7685,7616,69
3682,1996,2,9877,6136,3741
3682,1996,3,4300,2876,1424
3682,1996,4,8299,5416,2883
3682,1996,5,4314,5276,-962
3682,1996,6,6385,6276,109
3682,1996,7,4314,2876,1438
3682,1996,8,4310,8576,-4266
3682,1996,9,4296,5796,-1500
3682,1996,10,4286,8576,-4290
3682,1996,11,8185,2776,5409
3682,1996,12,7368,9496,-2128
3682,1997,1,11392,12056,-664
3682,1997,2,10600,2776,7824
3682,1997,3,6124,2776,3348
3682,1997,4,5436,3736,1700
3682,1997,5,8143,8896,-753
3682,1997,6,9890,31576,-21686
3682,1997,7,18856,11776,7080
3682,1997,8,10993,2776,8217
3682,1997,9,9821,5776,4045
3682,1997,10,6433,2776,3657
3682,1997,11,4845,2776,2069
3682,1997,12,7117,6776,341
3682,1998,1,13442,16696,-3254
3682,1998,2,5738,5176,562
3682,1998,3,7750,2776,4974
3682,1998,4,4663,2776,1887
3682,1998,5,7077,2776,4301
3682,1998,6,18329,22616,-4287
3682,1998,7,12289,12376,-87
3682,1998,8,16705,2776,13929
3682,1998,9,13753,4096,9657
3682,1998,10,8077,2776,5301
3682,1998,11,11888,9616,2272
3682,1998,12,7073,6441,632
3683,1993,8,1000,0,1000
3683,1993,9,23490,200,23290
3683,1993,10,23557,12400,11157
3683,1993,11,23596,15400,8196
3683,1993,12,35343,27400,7943
3683,1994,1,23626,39129,-15503
3683,1994,2,23606,16529,7077
3683,1994,3,23628,20429,3199
3683,1994,4,23630,23729,-99
3683,1994,5,23631,23129,502
3683,1994,6,35348,54069,-18721
3683,1994,7,23571,18769,4802
3683,1994,8,23583,18829,4754
3683,1994,9,23595,20429,3166
3683,1994,10,23607,22689,918
3683,1994,11,23598,23929,-331
3683,1994,12,35344,27929,7415
3683,1995,1,23589,44109,-20520
3683,1995,2,23607,9229,14378
3683,1995,3,23608,22229,1379
3683,1995,4,23610,23229,381
3683,1995,5,23607,24629,-1022
3683,1995,6,35347,48609,-13262
3683,1995,7,23613,9449,14164
3683,1995,8,23652,12029,11623
3683,1995,9,23685,16129,7556
3683,1995,10,23708,18429,5279
3683,1995,11,23724,20129,3595
3683,1995,12,35481,50309,-14828
3683,1996,1,23710,29849,-6139
3683,1996,2,23707,20229,3478
3683,1996,3,23719,22629,1090
3683,1996,4,23720,22589,1131
3683,1996,5,23725,23629,96
3683,1996,6,35354,46769,-11415
3683,1996,7,23669,16949,6720
3683,1996,8,23702,20929,2773
3683,1996,9,23713,19349,4364
3683,1996,10,23724,22069,1655
3683,1996,11,23735,20529,3206
3683,1996,12,35489,29049,6440
3683,1997,1,23708,44149,-20441
3683,1997,2,23691,16929,6762
3683,1997,3,23714,23129,585
3683,1997,4,23717,21729,1988
3683,1997,5,23721,23829,-108
3683,1997,6,35406,41629,-6223
3683,1997,7,23696,20349,3347
3683,1997,8,23708,19729,3979
3683,1997,9,23713,25189,-1476
3683,1997,10,23713,21829,1884
3683,1997,11,23702,26389,-2687
3683,1997,12,35445,31129,4316
3683,1998,1,23693,38809,-15116
3683,1998,2,23663,19629,4034
3683,1998,3,23670,26829,-3159
3683,1998,4,23658,23809,-151
3683,1998,5,23666,19029,4637
3683,1998,6,35428,28549,6879
3683,1998,7,23703,23229,474
3683,1998,8,23697,28629,-4932
3683,1998,9,23679,23529,150
3683,1998,10,23678,24029,-351
3683,1998,11,23682,20429,3253
3683,1998,12,35428,33594,1834
3684,1994,3,7834,0,7834
3684,1994,4,6743,0,6743
3684,1994,5,6743,0,6743
3684,1994,6,6803,400,6403
3684,1994,7,6831,5680,1151
3684,1994,8,6839,7080,-241
3684,1994,9,6843,7280,-437
3684,1994,10,6831,9220,-2389
3684,1994,11,6825,4980,1845
3684,1994,12,6831,7480,-649
3684,1995,1,6811,15950,-9139
3684,1995,2,6792,5700,1092
3684,1995,3,6797,3580,3217
3684,1995,4,6811,6120,691
3684,1995,5,6812,4980,1832
3684,1995,6,6819,7380,-561
3684,1995,7,6818,4280,2538
3684,1995,8,6828,4780,2048
3684,1995,9,6833,10940,-4107
3684,1995,10,6817,7380,-563
3684,1995,11,6815,6580,235
3684,1995,12,6816,5930,886
3684,1996,1,6793,17290,-10497
3684,1996,2,6779,3680,3099
3684,1996,3,6785,9080,-2295
3684,1996,4,6779,6280,499
3684,1996,5,6776,10080,-3304
3684,1996,6,6767,4980,1787
3684,1996,7,6770,6740,30
3684,1996,8,6769,9480,-2711
3684,1996,9,6765,4340,2425
3684,1996,10,6777,3380,3397
3684,1996,11,6791,3380,3411
3684,1996,12,6802,5560,1242
3684,1997,1,6785,13980,-7195
3684,1997,2,6775,6020,755
3684,1997,3,6784,3380,3404
3684,1997,4,6798,3380,3418
3684,1997,5,6812,3380,3432
3684,1997,6,6812,9680,-2868
3684,1997,7,6789,14980,-8191
3684,1997,8,6780,3380,3400
3684,1997,9,6777,10680,-3903
3684,1997,10,6778,3380,3398
3684,1997,11,6792,3380,3412
3684,1997,12,6805,3780,3025
3684,1998,1,6806,12260,-5454
3684,1998,2,6795,3380,3415
3684,1998,3,6807,5540,1267
3684,1998,4,6815,3380,3435
3684,1998,5,6829,3380,3449
3684,1998,6,6779,27280,-20501
3684,1998,7,6758,3380,3378
3684,1998,8,6772,3380,3392
3684,1998,9,6786,3380,3406
3684,1998,10,6794,6180,614
3684,1998,11,6803,3380,3423
3684,1998,12,6817,4315,2502
3686,1997,8,4197,0,4197
3686,1997,9,3099,0,3099
3686,1997,10,3099,0,3099
3686,1997,11,3099,0,3099
3686,1997,12,3134,2069,1065
3686,1998,1,3137,5339,-2202
3686,1998,2,3137,2069,1068
3686,1998,3,3141,2069,1072
3686,1998,4,3141,3989,-848
3686,1998,5,3142,2069,1073
3686,1998,6,3142,3569,-427
3686,1998,7,3145,2069,1076
3686,1998,8,3150,2069,1081
3686,1998,9,3151,2969,182
3686,1998,10,3152,3659,-507
3686,1998,11,3153,2069,1084
3686,1998,12,3157,2294,863
3687,1993,11,12880,0,12880
3687,1993,12,24539,0,24539
3687,1994,1,12117,5700,6417
3687,1994,2,12131,10400,1731
3687,1994,3,12129,15941,-3812
3687,1994,4,12108,15921,-3813
3687,1994,5,12098,13141,-1043
3687,1994,6,18087,11821,6266
3687,1994,7,12120,13461,-1341
3687,1994,8,12118,12221,-103
3687,1994,9,12104,17421,-5317
3687,1994,10,12096,12121,-25
3687,1994,11,12100,10421,1679
3687,1994,12,18086,24461,-6375
3687,1995,1,12068,18181,-6113
3687,1995,2,12068,5121,6947
3687,1995,3,12090,16121,-4031
3687,1995,4,12079,13721,-1642
3687,1995,5,12073,7921,4152
3687,1995,6,18076,12821,5255
3687,1995,7,12110,12221,-111
3687,1995,8,12104,13781,-1677
3687,1995,9,12083,16441,-4358
3687,1995,10,12086,6521,5565
3687,1995,11,12107,8821,3286
3687,1995,12,18100,17801,299
3687,1996,1,12112,14101,-1989
3687,1996,2,12107,16701,-4594
3687,1996,3,12088,12361,-273
3687,1996,4,12092,9821,2271
3687,1996,5,12104,6721,5383
3687,1996,6,18089,21421,-3332
3687,1996,7,12410,7161,5249
3687,1996,8,12131,9021,3110
3687,1996,9,12142,9721,2421
3687,1996,10,12154,8721,3433
3687,1996,11,12158,14961,-2803
3687,1996,12,18133,15961,2172
3687,1997,1,12150,15521,-3371
3687,1997,2,12145,11121,1024
3687,1997,3,12152,10421,1731
3687,1997,4,12152,14021,-1869
3687,1997,5,12146,13021,-875
3687,1997,6,18127,13921,4206
3687,1997,7,12159,12621,-462
3687,1997,8,12151,15321,-3170
3687,1997,9,12138,14621,-2483
3687,1997,10,12136,10621,1515
3687,1997,11,12135,13901,-1766
3687,1997,12,18114,13841,4273
3687,1998,1,12159,9241,2918
3687,1998,2,12168,8021,4147
3687,1998,3,12176,12721,-545
3687,1998,4,12167,15021,-2854
3687,1998,5,12159,13221,-1062
3687,1998,6,20622,23521,-2899
3687,1998,7,12153,10361,1792
3687,1998,8,12176,7321,4855
3687,1998,9,12170,13361,-1191
3687,1998,10,13688,5121,8567
3687,1998,11,16723,10041,6682
3687,1998,12,21834,10906,10928
3688,1993,11,16399,0,16399
3688,1993,12,28227,0,28227
3688,1994,1,15453,11800,3653
3688,1994,2,15467,12000,3467
3688,1994,3,15482,13915,1567
3688,1994,4,15469,16115,-646
3688,1994,5,15482,12215,3267
3688,1994,6,23126,26515,-3389
3688,1994,7,15475,16115,-640
3688,1994,8,15480,13115,2365
3688,1994,9,15455,19315,-3860
3688,1994,10,15472,13515,1957
3688,1994,11,15482,13915,1567
3688,1994,12,23131,16315,6816
3688,1995,1,15463,29615,-14152
3688,1995,2,15455,17015,-1560
3688,1995,3,15451,14115,1336
3688,1995,4,15460,11415,4045
3688,1995,5,15459,12715,2744
3688,1995,6,23129,19115,4014
3688,1995,7,15490,17315,-1825
3688,1995,8,15493,13315,2178
3688,1995,9,15495,15915,-420
3688,1995,10,15498,33615,-18117
3688,1995,11,15427,14015,1412
3688,1995,12,23097,23115,-18
3688,1996,1,15436,22215,-6779
3688,1996,2,15398,10615,4783
3688,1996,3,15419,10915,4504
3688,1996,4,15454,14215,1239
3688,1996,5,15443,11315,4128
3688,1996,6,23112,26715,-3603
3688,1996,7,15441,16915,-1474
3688,1996,8,15437,14015,1422
3688,1996,9,15438,20515,-5077
3688,1996,10,15420,16215,-795
3688,1996,11,15421,12015,3406
3688,1996,12,23076,27415,-4339
3688,1997,1,15418,19415,-3997
3688,1997,2,15400,12215,3185
3688,1997,3,15430,13115,2315
3688,1997,4,15420,14715,705
3688,1997,5,15423,14315,1108
3688,1997,6,23047,35815,-12768
3688,1997,7,15380,10415,4965
3688,1997,8,15404,17615,-2211
3688,1997,9,15394,9115,6279
3688,1997,10,15413,13815,1598
3688,1997,11,15427,15815,-388
3688,1997,12,23045,22615,430
3688,1998,1,15420,20415,-4995
3688,1998,2,15408,8715,6693
3688,1998,3,15425,17415,-1990
3688,1998,4,15408,19815,-4407
3688,1998,5,15405,10815,4590
3688,1998,6,23044,31515,-8471
3688,1998,7,15402,7815,7587
3688,1998,8,15416,15815,-399
3688,1998,9,15409,15715,-306
3688,1998,10,15407,16015,-608
3688,1998,11,15399,18115,-2716
3688,1998,12,23015,27300,-4285
3689,1995,11,500,0,500
3689,1995,12,44334,7100,37234
3689,1996,1,30457,22700,7757
3689,1996,2,189,7200,-7011
3689,1996,3,189,3800,-3611
3689,1996,4,39387,23900,15487
3689,1996,5,209,11000,-10791
3689,1996,6,209,5800,-5591
3689,1996,7,37173,13715,23458
3689,1996,8,236,24033,-23797
3689,1996,9,17436,12015,5421
3689,1996,10,12216,40558,-28342
3689,1996,11,9745,9055,690
3689,1996,12,8943,9160,-217
3689,1997,1,7137,17115,-9978
3689,1997,2,7806,15,7791
3689,1997,3,49005,25115,23890
3689,1997,4,28046,33570,-5524
3689,1997,5,46317,37829,8488
3689,1997,6,26490,9815,16675
3689,1997,7,29117,31515,-2398
3689,1997,8,30568,26518,4050
3689,1997,9,16877,27615,-10738
3689,1997,10,37596,14215,23381
3689,1997,11,185,46754,-46569
3689,1997,12,81,12215,-12134
3689,1998,1,154416,76269,78147
3689,1998,2,21892,44415,-22523
3689,1998,3,81056,55015,26041
3689,1998,4,314,48802,-48488
3689,1998,5,19128,50400,-31272
3689,1998,6,72085,49144,22941
3689,1998,7,84808,42115,42693
3689,1998,8,65969,96215,-30246
3689,1998,9,80221,68015,12206
3689,1998,10,36401,33615,2786
3689,1998,11,40473,47748,-7275
3689,1998,12,57383,25010,32373
3690,1996,10,900,0,900
3690,1996,11,34105,0,34105
3690,1996,12,146,6700,-6554
3690,1997,1,146,900,-754
3690,1997,2,12887,7800,5087
3690,1997,3,136,3500,-3364
3690,1997,4,136,2200,-2064
3690,1997,5,136,200,-64
3690,1997,6,1236,0,1236
3690,1997,7,1736,0,1736
3690,1997,8,34972,900,34072
3690,1997,9,267,15500,-15233
3690,1997,10,267,5100,-4833
3690,1997,11,22881,5100,17781
3690,1997,12,258,9200,-8942
3690,1998,1,35050,26100,8950
3690,1998,2,41848,14714,27134
3690,1998,3,48385,46414,1971
3690,1998,4,296,30214,-29918
3690,1998,5,15197,16114,-917
3690,1998,6,29638,19914,9724
3690,1998,7,40349,32614,7735
3690,1998,8,76958,53614,23344
3690,1998,9,50125,79114,-28989
3690,1998,10,66433,73014,-6581
3690,1998,11,128486,138914,-10428
3690,1998,12,27238,24114,3124
3691,1993,2,400,0,400
3691,1993,3,6540,0,6540
3691,1993,4,6540,0,6540
3691,1993,5,6540,0,6540
3691,1993,6,6579,3100,3479
3691,1993,7,6642,6382,260
3691,1993,8,6645,5482,1163
3691,1993,9,6644,8182,-1538
3691,1993,10,6644,4982,1662
3691,1993,11,6647,7482,-835
3691,1993,12,6650,4482,2168
3691,1994,1,6656,5032,1624
3691,1994,2,6658,6782,-124
3691,1994,3,6659,6282,377
3691,1994,4,6662,5582,1080
3691,1994,5,6667,5382,1285
3691,1994,6,6648,13332,-6684
3691,1994,7,6639,7682,-1043
3691,1994,8,6645,3382,3263
3691,1994,9,6641,9682,-3041
3691,1994,10,6627,9522,-2895
3691,1994,11,6626,5982,644
3691,1994,12,6636,3782,2854
3691,1995,1,6633,8832,-2199
3691,1995,2,6622,9682,-3060
3691,1995,3,6626,3282,3344
3691,1995,4,6635,7982,-1347
3691,1995,5,6625,6382,243
3691,1995,6,6623,7982,-1359
3691,1995,7,6620,6882,-262
3691,1995,8,6624,4982,1642
3691,1995,9,6635,3282,3353
3691,1995,10,6635,8082,-1447
3691,1995,11,6633,6602,31
3691,1995,12,6629,8762,-2133
3691,1996,1,6633,5032,1601
3691,1996,2,6638,6002,636
3691,1996,3,6642,4182,2460
3691,1996,4,6643,6982,-339
3691,1996,5,6648,4662,1986
3691,1996,6,6620,17582,-10962
3691,1996,7,6615,3282,3333
3691,1996,8,6629,3282,3347
3691,1996,9,6643,3282,3361
3691,1996,10,6654,5282,1372
3691,1996,11,6649,9842,-3193
3691,1996,12,6638,8942,-2304
3691,1997,1,6636,5982,654
3691,1997,2,6634,8222,-1588
3691,1997,3,6634,5882,752
3691,1997,4,6627,12302,-5675
3691,1997,5,6613,6682,-69
3691,1997,6,6614,3282,3332
3691,1997,7,6624,9882,-3258
3691,1997,8,6612,7382,-770
3691,1997,9,6606,6482,124
3691,1997,10,6612,3282,3330
3691,1997,11,6620,9982,-3362
3691,1997,12,6610,4232,2378
3691,1998,1,6620,4382,2238
3691,1998,2,6623,10882,-4259
3691,1998,3,6610,6382,228
3691,1998,4,6613,3282,3331
3691,1998,5,6618,11382,-4764
3691,1998,6,6607,3282,3325
3691,1998,7,6621,3282,3339
3691,1998,8,6632,5602,1030
3691,1998,9,6622,9442,-2820
3691,1998,10,6624,5922,702
3691,1998,11,6630,3282,3348
3691,1998,12,6643,3817,2826
3692,1997,4,500,0,500
3692,1997,5,4895,0,4895
3692,1997,6,4895,0,4895
3692,1997,7,4895,0,4895
3692,1997,8,4895,0,4895
3692,1997,9,4946,3278,1668
3692,1997,10,4986,5998,-1012
3692,1997,11,4985,3278,1707
3692,1997,12,4992,3628,1364
3692,1998,1,4980,11398,-6418
3692,1998,2,4971,4398,573
3692,1998,3,4976,3278,1698
3692,1998,4,4979,7038,-2059
3692,1998,5,4972,3278,1694
3692,1998,6,4979,3278,1701
3692,1998,7,4986,3278,1708
3692,1998,8,4994,3278,1716
3692,1998,9,5001,3278,1723
3692,1998,10,5008,3278,1730
3692,1998,11,5010,5758,-748
3692,1998,12,5010,4213,797
3693,1993,1,1000,0,1000
3693,1993,2,18650,0,18650
3693,1993,3,15532,5500,10032
3693,1993,4,15571,13200,2371
3693,1993,5,15581,12200,3381
3693,1993,6,23321,15915,7406
3693,1993,7,15634,22107,-6473
3693,1993,8,15612,18287,-2675
3693,1993,9,15590,19947,-4357
3693,1993,10,15579,16407,-828
3693,1993,11,15578,12307,3271
3693,1993,12,23323,22247,1076
3693,1994,1,15572,21767,-6195
3693,1994,2,15568,14207,1361
3693,1994,3,15561,15567,-6
3693,1994,4,15575,12707,2868
3693,1994,5,15586,13907,1679
3693,1994,6,23292,21247,2045
3693,1994,7,15598,16507,-909
3693,1994,8,15592,16807,-1215
3693,1994,9,15581,15107,474
3693,1994,10,15591,14907,684
3693,1994,11,15590,17107,-1517
3693,1994,12,23317,26727,-3410
3693,1995,1,19145,30727,-11582
3693,1995,2,17329,14047,3282
3693,1995,3,18953,9007,9946
3693,1995,4,17473,12967,4506
3693,1995,5,15573,18627,-3054
3693,1995,6,23299,24347,-1048
3693,1995,7,15585,11667,3918
3693,1995,8,15599,12807,2792
3693,1995,9,15607,13907,1700
3693,1995,10,15615,15127,488
3693,1995,11,15612,15407,205
3693,1995,12,23350,20767,2583
3693,1996,1,15577,31807,-16230
3693,1996,2,28701,9007,19694
3693,1996,3,15652,17107,-1455
3693,1996,4,16347,9007,7340
3693,1996,5,15664,13607,2057
3693,1996,6,23410,42267,-18857
3693,1996,7,25531,9007,16524
3693,1996,8,17678,9007,8671
3693,1996,9,15695,10547,5148
3693,1996,10,15719,12007,3712
3693,1996,11,15721,13847,1874
3693,1996,12,23486,13747,9739
3693,1997,1,15704,43887,-28183
3693,1997,2,24698,9007,15691
3693,1997,3,20653,9007,11646
3693,1997,4,16086,9007,7079
3693,1997,5,15794,15507,287
3693,1997,6,23525,19107,4418
3693,1997,7,15800,18347,-2547
3693,1997,8,15816,10507,5309
3693,1997,9,15826,13107,2719
3693,1997,10,15809,21607,-5798
3693,1997,11,15818,11707,4111
3693,1997,12,23571,16887,6684
3693,1998,1,15801,33367,-17566
3693,1998,2,23123,9007,14116
3693,1998,3,17244,14167,3077
3693,1998,4,15865,10407,5458
3693,1998,5,15772,72367,-56595
3693,1998,6,51500,9007,42493
3693,1998,7,24867,9007,15860
3693,1998,8,16494,12667,3827
3693,1998,9,24719,34887,-10168
3693,1998,10,15921,10007,5914
3693,1998,11,40501,60607,-20106
3693,1998,12,23562,12512,11050
3694,1996,7,13436,0,13436
3694,1996,8,20315,0,20315
3694,1996,9,12466,2000,10466
3694,1996,10,12501,4500,8001
3694,1996,11,12497,17407,-4910
3694,1996,12,18630,18007,623
3694,1997,1,12450,25607,-13157
3694,1997,2,12458,6507,5951
3694,1997,3,12470,11407,1063
3694,1997,4,12490,5807,6683
3694,1997,5,12506,9307,3199
3694,1997,6,18658,29807,-11149
3694,1997,7,12462,15607,-3145
3694,1997,8,12466,9307,3159
3694,1997,9,12478,12807,-329
3694,1997,10,12478,12007,471
3694,1997,11,12483,8607,3876
3694,1997,12,18652,14007,4645
3694,1998,1,12484,24107,-11623
3694,1998,2,12455,11707,748
3694,1998,3,12470,7307,5163
3694,1998,4,12489,11207,1282
3694,1998,5,12497,6407,6090
3694,1998,6,18626,32007,-13381
3694,1998,7,12465,7207,5258
3694,1998,8,12483,10807,1676
3694,1998,9,12494,12207,287
3694,1998,10,12497,4607,7890
3694,1998,11,12523,10807,1716
3694,1998,12,18684,16792,1892
3695,1997,4,13567,0,13567
3695,1997,5,17337,0,17337
3695,1997,6,19411,3800,15611
3695,1997,7,13011,24700,-11689
3695,1997,8,12975,16916,-3941
3695,1997,9,12955,16616,-3661
3695,1997,10,12931,16616,-3685
3695,1997,11,12928,11816,1112
3695,1997,12,19364,15116,4248
3695,1998,1,13733,21816,-8083
3695,1998,2,12910,13316,-406
3695,1998,3,12914,9816,3098
3695,1998,4,16131,8116,8015
3695,1998,5,12959,14516,-1557
3695,1998,6,19370,21416,-2046
3695,1998,7,12939,19516,-6577
3695,1998,8,12917,11916,1001
3695,1998,9,12921,12216,705
3695,1998,10,12915,15616,-2701
3695,1998,11,12913,11516,1397
3695,1998,12,19339,19001,338
3696,1996,6,800,0,800
3696,1996,7,22509,0,22509
3696,1996,8,22493,10500,11993
3696,1996,9,22536,15000,7536
3696,1996,10,22561,19400,3161
3696,1996,11,22591,24496,-1905
3696,1996,12,33815,25396,8419
3696,1997,1,22585,36396,-13811
3696,1997,2,22562,17696,4866
3696,1997,3,22579,23896,-1317
3696,1997,4,22562,28396,-5834
3696,1997,5,22543,25296,-2753
3696,1997,6,33706,36696,-2990
3696,1997,7,22533,15096,7437
3696,1997,8,22552,19896,2656
3696,1997,9,22559,20996,1563
3696,1997,10,22566,20496,2070
3696,1997,11,22574,19996,2578
3696,1997,12,33803,29296,4507
3696,1998,1,22578,36396,-13818
3696,1998,2,22568,9296,13272
3696,1998,3,22596,22096,500
3696,1998,4,22609,21396,1213
3696,1998,5,22609,25196,-2587
3696,1998,6,33798,34396,-598
3696,1998,7,22598,20496,2102
3696,1998,8,22590,23296,-706
3696,1998,9,22577,27396,-4819
3696,1998,10,22566,23696,-1130
3696,1998,11,22573,19996,2577
3696,1998,12,33788,28881,4907
3697,1993,4,900,0,900
3697,1993,5,16274,0,16274
3697,1993,6,19678,7300,12378
3697,1993,7,13193,7200,5993
3697,1993,8,13216,10600,2616
3697,1993,9,13240,17587,-4347
3697,1993,10,13226,13667,-441
3697,1993,11,13222,15047,-1825
3697,1993,12,19769,14347,5422
3697,1994,1,13211,24187,-10976
3697,1994,2,13195,9247,3948
3697,1994,3,13206,13607,-401
3697,1994,4,13198,14147,-949
3697,1994,5,13198,10147,3051
3697,1994,6,20143,26107,-5964
3697,1994,7,13194,9147,4047
3697,1994,8,13209,9747,3462
3697,1994,9,13217,14747,-1530
3697,1994,10,13210,13767,-557
3697,1994,11,13214,9447,3767
3697,1994,12,19771,17547,2224
3697,1995,1,13203,28327,-15124
3697,1995,2,14282,5947,8335
3697,1995,3,13207,11747,1460
3697,1995,4,13215,10647,2568
3697,1995,5,13208,16207,-2999
3697,1995,6,19758,15247,4511
3697,1995,7,13214,16447,-3233
3697,1995,8,13202,19067,-5865
3697,1995,9,13190,11547,1643
3697,1995,10,13190,14247,-1057
3697,1995,11,13183,15347,-2164
3697,1995,12,19706,23107,-3401
3697,1996,1,13139,20507,-7368
3697,1996,2,13137,11167,1970
3697,1996,3,13142,12447,695
3697,1996,4,13137,14947,-1810
3697,1996,5,13147,7867,5280
3697,1996,6,19677,24587,-4910
3697,1996,7,13130,14747,-1617
3697,1996,8,13148,5947,7201
3697,1996,9,13137,19847,-6710
3697,1996,10,13150,5947,7203
3697,1996,11,13141,18547,-5406
3697,1996,12,19672,18847,825
3697,1997,1,13148,13747,-599
3697,1997,2,13156,5947,7209
3697,1997,3,13185,10147,3038
3697,1997,4,13144,23947,-10803
3697,1997,5,13154,7147,6007
3697,1997,6,19735,5947,13788
3697,1997,7,13162,30947,-17785
3697,1997,8,13162,5947,7215
3697,1997,9,13188,10747,2441
3697,1997,10,13203,5947,7256
3697,1997,11,13171,27007,-13836
3697,1997,12,19730,6667,13063
3697,1998,1,13192,24507,-11315
3697,1998,2,13178,8707,4471
3697,1998,3,13201,5947,7254
3697,1998,4,13231,5947,7284
3697,1998,5,13261,5947,7314
3697,1998,6,19746,35027,-15281
3697,1998,7,13208,15667,-2459
3697,1998,8,13201,11707,1494
3697,1998,9,13224,5947,7277
3697,1998,10,13252,6907,6345
3697,1998,11,13280,5947,7333
3697,1998,12,19866,5932,13934
3698,1996,3,900,0,900
3698,1996,4,11500,0,11500
3698,1996,5,6700,0,6700
3698,1996,6,3300,0,3300
3698,1996,7,1403,300,1103
3698,1996,8,98,200,-102
3698,1996,9,998,0,998
3698,1996,10,98,1300,-1202
3698,1996,11,98,900,-802
3698,1996,12,98,1000,-902
3698,1997,1,98,1300,-1202
3698,1997,2,98,3800,-3702
3698,1997,3,1798,0,1798
3698,1997,4,98,3100,-3002
3698,1997,5,98,600,-502
3698,1997,6,98,1800,-1702
3698,1997,7,1998,0,1998
3698,1997,8,598,0,598
3698,1997,9,98,600,-502
3698,1997,10,1898,0,1898
3698,1997,11,298,0,298
3698,1997,12,1798,0,1798
3698,1998,1,98,1400,-1302
3698,1998,2,598,0,598
3698,1998,3,2498,0,2498
3698,1998,4,1498,0,1498
3698,1998,5,98,5500,-5402
3698,1998,6,1898,0,1898
3698,1998,7,98,4000,-3902
3698,1998,8,98,2700,-2602
3698,1998,9,2898,0,2898
3698,1998,10,2598,0,2598
3698,1998,11,1998,0,1998
3698,1998,12,2300,0,2300
3699,1993,8,19960,0,19960
3699,1993,9,21146,0,21146
3699,1993,10,19494,10300,9194
3699,1993,11,19522,13500,6022
3699,1993,12,29189,28760,429
3699,1994,1,19481,48840,-29359
3699,1994,2,19439,15340,4099
3699,1994,3,19441,15600,3841
3699,1994,4,19464,13100,6364
3699,1994,5,19482,15600,3882
3699,1994,6,29121,33060,-3939
3699,1994,7,19486,23580,-4094
3699,1994,8,19491,17900,1591
3699,1994,9,19489,17000,2489
3699,1994,10,19496,20000,-504
3699,1994,11,19494,20600,-1106
3699,1994,12,29150,30880,-1730
3699,1995,1,22319,34620,-12301
3699,1995,2,19432,14900,4532
3699,1995,3,19451,16000,3451
3699,1995,4,19460,16240,3220
3699,1995,5,19476,17900,1576
3699,1995,6,29153,24100,5053
3699,1995,7,19500,21880,-2380
3699,1995,8,19489,20000,-511
3699,1995,9,19484,21600,-2116
3699,1995,10,19469,22360,-2891
3699,1995,11,19461,22780,-3319
3699,1995,12,29121,23980,5141
3699,1996,1,19448,30940,-11492
3699,1996,2,19422,18100,1322
3699,1996,3,19429,17200,2229
3699,1996,4,19436,17900,1536
3699,1996,5,19444,17860,1584
3699,1996,6,29102,25720,3382
3699,1996,7,19459,19100,359
3699,1996,8,19452,22900,-3448
3699,1996,9,19437,22900,-3463
3699,1996,10,19427,19700,-273
3699,1996,11,19425,19600,-175
3699,1996,12,29080,29560,-480
3699,1997,1,19392,30860,-11468
3699,1997,2,19375,17600,1775
3699,1997,3,19380,20200,-820
3699,1997,4,19373,21120,-1747
3699,1997,5,19370,18700,670
3699,1997,6,29030,25840,3190
3699,1997,7,19382,19900,-518
3699,1997,8,19384,17200,2184
3699,1997,9,19389,22920,-3531
3699,1997,10,19375,18200,1175
3699,1997,11,19374,19700,-326
3699,1997,12,29020,30160,-1140
3699,1998,1,19371,19140,231
3699,1998,2,19360,21400,-2040
3699,1998,3,19394,7100,12294
3699,1998,4,19444,7100,12344
3699,1998,5,19395,43000,-23605
3699,1998,6,29053,16540,12513
3699,1998,7,19448,9260,10188
3699,1998,8,19491,9620,9871
3699,1998,9,19373,59060,-39687
3699,1998,10,19367,7100,12267
3699,1998,11,19418,7100,12318
3699,1998,12,29017,54385,-25368
3700,1997,6,30117,0,30117
3700,1997,7,19654,4300,15354
3700,1997,8,19700,9800,9900
3700,1997,9,19723,15300,4423
3700,1997,10,19720,41745,-22025
3700,1997,11,19680,20365,-685
3700,1997,12,29423,25285,4138
3700,1998,1,19612,34805,-15193
3700,1998,2,19622,9945,9677
3700,1998,3,19662,16045,3617
3700,1998,4,19677,12945,6732
3700,1998,5,19699,19525,174
3700,1998,6,34789,53085,-18296
3700,1998,7,19629,12745,6884
3700,1998,8,19654,18785,869
3700,1998,9,19658,13845,5813
3700,1998,10,19684,11145,8539
3700,1998,11,19706,20245,-539
3700,1998,12,29495,8750,20745
3701,1993,10,800,0,800
3701,1993,11,6192,0,6192
3701,1993,12,6192,0,6192
3701,1994,1,6192,0,6192
3701,1994,2,6192,0,6192
3701,1994,3,6289,4859,1430
3701,1994,4,6306,7079,-773
3701,1994,5,6299,8059,-1760
3701,1994,6,6279,14729,-8450
3701,1994,7,6267,2859,3408
3701,1994,8,6282,2859,3423
3701,1994,9,6296,2859,3437
3701,1994,10,6299,7739,-1440
3701,1994,11,6303,6259,44
3701,1994,12,6304,5289,1015
3701,1995,1,6302,6209,93
3701,1995,2,6308,5859,449
3701,1995,3,6309,3979,2330
3701,1995,4,6322,5859,463
3701,1995,5,6322,4759,1563
3701,1995,6,6324,14459,-8135
3701,1995,7,6295,2859,3436
3701,1995,8,6309,2859,3450
3701,1995,9,6322,5359,963
3701,1995,10,6322,6139,183
3701,1995,11,6327,4059,2268
3701,1995,12,6336,4909,1427
3701,1996,1,6335,9159,-2824
3701,1996,2,6328,5759,569
3701,1996,3,6329,5859,470
3701,1996,4,6335,5899,436
3701,1996,5,6338,2859,3479
3701,1996,6,6339,18259,-11920
3701,1996,7,6302,2859,3443
3701,1996,8,6316,4059,2257
3701,1996,9,6322,5459,863
3701,1996,10,6326,4299,2027
3701,1996,11,6323,10719,-4396
3701,1996,12,6317,4209,2108
3701,1997,1,6315,10019,-3704
3701,1997,2,6312,2859,3453
3701,1997,3,6327,3339,2988
3701,1997,4,6338,4219,2119
3701,1997,5,6348,2859,3489
3701,1997,6,6298,23209,-16911
3701,1997,7,6292,2859,3433
3701,1997,8,6306,2859,3447
3701,1997,9,6321,2859,3462
3701,1997,10,6335,2859,3476
3701,1997,11,6349,2859,3490
3701,1997,12,6362,4009,2353
3701,1998,1,6365,9909,-3544
3701,1998,2,6358,2859,3499
3701,1998,3,6372,5979,393
3701,1998,4,6375,2859,3516
3701,1998,5,6389,2859,3530
3701,1998,6,6394,8559,-2165
3701,1998,7,6395,3259,3136
3701,1998,8,6407,3419,2988
3701,1998,9,6408,7859,-1451
3701,1998,10,6409,6479,-70
3701,1998,11,6394,10799,-4405
3701,1998,12,6392,5144,1248
3702,1995,4,800,0,800
3702,1995,5,18689,0,18689
3702,1995,6,24630,9300,15330
3702,1995,7,16499,10900,5599
3702,1995,8,16514,13900,2614
3702,1995,9,16504,21365,-4861
3702,1995,10,16466,31905,-15439
3702,1995,11,16445,12565,3880
3702,1995,12,24651,14365,10286
3702,1996,1,16439,37705,-21266
3702,1996,2,16424,11365,5059
3702,1996,3,17251,9665,7586
3702,1996,4,16476,11465,5011
3702,1996,5,16483,15565,918
3702,1996,6,27201,30705,-3504
3702,1996,7,22913,9665,13248
3702,1996,8,17049,9665,7384
3702,1996,9,16562,14465,2097
3702,1996,10,16568,14525,2043
3702,1996,11,16576,15365,1211
3702,1996,12,24781,14565,10216
3702,1997,1,16519,59305,-42786
3702,1997,2,22584,9665,12919
3702,1997,3,17609,19625,-2016
3702,1997,4,21626,9665,11961
3702,1997,5,17462,9665,7797
3702,1997,6,24641,49065,-24424
3702,1997,7,22604,11345,11259
3702,1997,8,16532,9865,6667
3702,1997,9,16559,12965,3594
3702,1997,10,16567,18425,-1858
3702,1997,11,16565,13965,2600
3702,1997,12,24768,18765,6003
3702,1998,1,19670,29345,-9675
3702,1998,2,16561,11365,5196
3702,1998,3,16580,16065,515
3702,1998,4,16583,14965,1618
3702,1998,5,16586,18965,-2379
3702,1998,6,24762,43785,-19023
3702,1998,7,22202,19745,2457
3702,1998,8,24020,9665,14355
3702,1998,9,17774,9665,8109
3702,1998,10,16600,15565,1035
3702,1998,11,16607,12765,3842
3702,1998,12,24822,9650,15172
3703,1997,6,400,0,400
3703,1997,7,3019,0,3019
3703,1997,8,3019,0,3019
3703,1997,9,3019,0,3019
3703,1997,10,3019,0,3019
3703,1997,11,3059,3167,-108
3703,1997,12,3074,2807,267
3703,1998,1,3069,4277,-1208
3703,1998,2,3070,2027,1043
3703,1998,3,3072,3077,-5
3703,1998,4,3074,2777,297
3703,1998,5,3076,2027,1049
3703,1998,6,3079,3257,-178
3703,1998,7,3074,3947,-873
3703,1998,8,3075,2417,658
3703,1998,9,3076,3027,49
3703,1998,10,3075,3227,-152
3703,1998,11,3077,2327,750
3703,1998,12,3074,4512,-1438
3704,1993,1,500,0,500
3704,1993,2,6242,0,6242
3704,1993,3,6242,0,6242
3704,1993,4,6242,0,6242
3704,1993,5,6269,700,5569
3704,1993,6,6341,15911,-9570
3704,1993,7,6314,3061,3253
3704,1993,8,6326,4661,1665
3704,1993,9,6335,3781,2554
3704,1993,10,6342,5061,1281
3704,1993,11,6350,3061,3289
3704,1993,12,6365,3861,2504
3704,1994,1,6354,13951,-7597
3704,1994,2,6339,4341,1998
3704,1994,3,6331,12181,-5850
3704,1994,4,6326,3061,3265
3704,1994,5,6338,4261,2077
3704,1994,6,6347,4061,2286
3704,1994,7,6353,5661,692
3704,1994,8,6357,5521,836
3704,1994,9,6360,5301,1059
3704,1994,10,6367,4161,2206
3704,1994,11,6370,6661,-291
3704,1994,12,6341,14881,-8540
3704,1995,1,6317,14401,-8084
3704,1995,2,6307,3061,3246
3704,1995,3,6323,3541,2782
3704,1995,4,6332,3161,3171
3704,1995,5,6345,4261,2084
3704,1995,6,6347,6661,-314
3704,1995,7,6360,3161,3199
3704,1995,8,6352,8861,-2509
3704,1995,9,6345,7361,-1016
3704,1995,10,6341,7261,-920
3704,1995,11,6343,8141,-1798
3704,1995,12,6337,5361,976
3704,1996,1,6315,14581,-8266
3704,1996,2,6309,3061,3248
3704,1996,3,6322,5261,1061
3704,1996,4,6324,5381,943
3704,1996,5,6331,3061,3270
3704,1996,6,6340,5061,1279
3704,1996,7,6348,4901,1447
3704,1996,8,6356,3061,3295
3704,1996,9,6369,4861,1508
3704,1996,10,6361,9181,-2820
3704,1996,11,6355,10181,-3826
3704,1996,12,6348,4161,2187
3704,1997,1,6340,15181,-8841
3704,1997,2,6320,3061,3259
3704,1997,3,6334,3061,3273
3704,1997,4,6347,3061,3286
3704,1997,5,6364,3361,3003
3704,1997,6,6352,11161,-4809
3704,1997,7,6350,5301,1049
3704,1997,8,6358,3061,3297
3704,1997,9,6371,3061,3310
3704,1997,10,6385,3061,3324
3704,1997,11,6398,4661,1737
3704,1997,12,6403,5791,612
3704,1998,1,6398,15991,-9593
3704,1998,2,6368,3061,3307
3704,1998,3,6382,3061,3321
3704,1998,4,6391,5781,610
3704,1998,5,6398,3061,3337
3704,1998,6,6384,15851,-9467
3704,1998,7,6373,3061,3312
3704,1998,8,6386,3621,2765
3704,1998,9,6398,3061,3337
3704,1998,10,6411,3061,3350
3704,1998,11,6420,5781,639
3704,1998,12,6424,7196,-772
3705,1997,10,200,0,200
3705,1997,11,58406,0,58406
3705,1997,12,76528,77600,-1072
3705,1998,1,239,19400,-19161
3705,1998,2,40914,26215,14699
3705,1998,3,144383,144415,-32
3705,1998,4,172,43231,-43059
3705,1998,5,51709,15,51694
3705,1998,6,65290,96033,-30743
3705,1998,7,61384,21015,40369
3705,1998,8,40847,34815,6032
3705,1998,9,319,24615,-24296
3705,1998,10,97351,70315,27036
3705,1998,11,61736,102315,-40579
3705,1998,12,80383,80900,-517
3706,1996,4,7474,0,7474
3706,1996,5,14330,0,14330
3706,1996,6,9790,1600,8190
3706,1996,7,6586,2600,3986
3706,1996,8,6583,16333,-9750
3706,1996,9,10269,4313,5956
3706,1996,10,8164,8913,-749
3706,1996,11,6577,9413,-2836
3706,1996,12,10598,7673,2925
3706,1997,1,10733,22513,-11780
3706,1997,2,6543,4913,1630
3706,1997,3,6536,5313,1223
3706,1997,4,6555,5513,1042
3706,1997,5,7359,4313,3046
3706,1997,6,12773,13833,-1060
3706,1997,7,14153,15233,-1080
3706,1997,8,7862,4313,3549
3706,1997,9,6563,4813,1750
3706,1997,10,6579,8713,-2134
3706,1997,11,8163,6713,1450
3706,1997,12,9786,12753,-2967
3706,1998,1,11530,16553,-5023
3706,1998,2,13320,9953,3367
3706,1998,3,6749,4313,2436
3706,1998,4,8560,4313,4247
3706,1998,5,7565,12353,-4788
3706,1998,6,11873,11513,360
3706,1998,7,8671,4313,4358
3706,1998,8,6583,6513,70
3706,1998,9,8789,4313,4476
3706,1998,10,10581,11753,-1172
3706,1998,11,6588,5213,1375
3706,1998,12,9832,9438,394
3708,1996,11,900,0,900
3708,1996,12,17260,0,17260
3708,1997,1,31733,20115,11618
3708,1997,2,2324,3615,-1291
3708,1997,3,2321,1515,806
3708,1997,4,2324,2215,109
3708,1997,5,2326,815,1511
3708,1997,6,9599,14165,-4566
3708,1997,7,2313,615,1698
3708,1997,8,4524,2065,2459
3708,1997,9,4338,1415,2923
3708,1997,10,3445,15,3430
3708,1997,11,2353,2915,-562
3708,1997,12,36155,2415,33740
3708,1998,1,2455,24815,-22360
3708,1998,2,2803,15,2788
3708,1998,3,21538,14215,7323
3708,1998,4,2424,11415,-8991
3708,1998,5,2394,7165,-4771
3708,1998,6,2368,17415,-15047
3708,1998,7,4629,1015,3614
3708,1998,8,2336,2215,121
3708,1998,9,2335,2615,-280
3708,1998,10,3342,15,3327
3708,1998,11,2345,3415,-1070
3708,1998,12,8955,11600,-2645
3709,1996,3,11977,0,11977
3709,1996,4,19349,0,19349
3709,1996,5,11586,6000,5586
3709,1996,6,17351,4600,12751
3709,1996,7,11618,20266,-8648
3709,1996,8,11593,15640,-4047
3709,1996,9,11589,12040,-451
3709,1996,10,11588,16240,-4652
3709,1996,11,15270,11740,3530
3709,1996,12,17328,12540,4788
3709,1997,1,11695,17040,-5345
3709,1997,2,11596,9340,2256
3709,1997,3,11607,8440,3167
3709,1997,4,11619,7940,3679
3709,1997,5,11634,8640,2994
3709,1997,6,17368,19140,-1772
3709,1997,7,11638,12240,-602
3709,1997,8,11630,12940,-1310
3709,1997,9,11629,11140,489
3709,1997,10,11629,13340,-1711
3709,1997,11,11616,13540,-1924
3709,1997,12,17350,14640,2710
3709,1998,1,15013,18340,-3327
3709,1998,2,12911,10040,2871
3709,1998,3,11627,8340,3287
3709,1998,4,11637,12040,-403
3709,1998,5,11633,13640,-2007
3709,1998,6,17321,22140,-4819
3709,1998,7,12512,7640,4872
3709,1998,8,11628,10040,1588
3709,1998,9,11635,9340,2295
3709,1998,10,13332,15040,-1708
3709,1998,11,14444,7640,6804
3709,1998,12,17393,17525,-132
3710,1995,2,600,0,600
3710,1995,3,18061,0,18061
3710,1995,4,11630,5800,5830
3710,1995,5,11652,9300,2352
3710,1995,6,17436,14700,2736
3710,1995,7,11686,11948,-262
3710,1995,8,11681,13708,-2027
3710,1995,9,11673,13648,-1975
3710,1995,10,11656,13868,-2212
3710,1995,11,11657,11788,-131
3710,1995,12,17449,10848,6601
3710,1996,1,11663,23548,-11885
3710,1996,2,13144,9328,3816
3710,1996,3,11654,8168,3486
3710,1996,4,11666,9348,2318
3710,1996,5,11663,12308,-645
3710,1996,6,17455,14028,3427
3710,1996,7,11678,14048,-2370
3710,1996,8,11669,13148,-1479
3710,1996,9,11672,7748,3924
3710,1996,10,11666,16248,-4582
3710,1996,11,11672,6148,5524
3710,1996,12,17465,17708,-243
3710,1997,1,14527,32048,-17521
3710,1997,2,14630,4648,9982
3710,1997,3,12568,4648,7920
3710,1997,4,11690,8448,3242
3710,1997,5,11683,15828,-4145
3710,1997,6,17475,9648,7827
3710,1997,7,11702,17128,-5426
3710,1997,8,11700,6648,5052
3710,1997,9,11721,6548,5173
3710,1997,10,11725,13148,-1423
3710,1997,11,11721,11848,-127
3710,1997,12,17504,14828,2676
3710,1998,1,13785,29708,-15923
3710,1998,2,11672,10448,1224
3710,1998,3,11680,8348,3332
3710,1998,4,11675,14548,-2873
3710,1998,5,11659,16028,-4369
3710,1998,6,17464,16748,716
3710,1998,7,11656,16648,-4992
3710,1998,8,11629,13448,-1819
3710,1998,9,11620,14048,-2428
3710,1998,10,11616,12248,-632
3710,1998,11,11619,10748,871
3710,1998,12,17395,16933,462
3711,1997,5,11759,0,11759
3711,1997,6,32808,10900,21908
3711,1997,7,140,5400,-5260
3711,1997,8,46721,700,46021
3711,1997,9,83749,75418,8331
3711,1997,10,167,53162,-52995
3711,1997,11,43,24698,-24655
3711,1997,12,127004,35998,91006
3711,1998,1,146,79898,-79752
3711,1998,2,27,15398,-15371
3711,1998,3,5,7017,-7012
3711,1998,4,0,72,-72
3711,1998,5,0,15,-15
3711,1998,6,0,131,-131
3711,1998,7,12000,7134,4866
3711,1998,8,24402,14524,9878
3711,1998,9,12815,12821,-6
3711,1998,10,16316,14832,1484
3711,1998,11,14725,13913,812
3711,1998,12,17,13195,-13178
3712,1994,9,900,0,900
3712,1994,10,6074,0,6074
3712,1994,11,6074,0,6074
3712,1994,12,6074,0,6074
3712,1995,1,6074,0,6074
3712,1995,2,6148,6214,-66
3712,1995,3,6177,6714,-537
3712,1995,4,6172,8814,-2642
3712,1995,5,6160,7974,-1814
3712,1995,6,6144,12504,-6360
3712,1995,7,6141,2514,3627
3712,1995,8,6156,2514,3642
3712,1995,9,6171,2514,3657
3712,1995,10,6186,2514,3672
3712,1995,11,6196,5414,782
3712,1995,12,6197,5564,633
3712,1996,1,6196,9364,-3168
3712,1996,2,6188,5514,674
3712,1996,3,6182,10834,-4652
3712,1996,4,6161,9134,-2973
3712,1996,5,6164,3414,2750
3712,1996,6,6160,9014,-2854
3712,1996,7,6152,7614,-1462
3712,1996,8,6152,6094,58
3712,1996,9,6156,4114,2042
3712,1996,10,6162,5214,948
3712,1996,11,6159,7314,-1155
3712,1996,12,6153,9454,-3301
3712,1997,1,6138,9154,-3016
3712,1997,2,6139,4754,1385
3712,1997,3,6148,8214,-2066
3712,1997,4,6136,7714,-1578
3712,1997,5,6130,3194,2936
3712,1997,6,6141,7214,-1073
3712,1997,7,6138,2514,3624
3712,1997,8,6141,11014,-4873
3712,1997,9,6132,2514,3618
3712,1997,10,6148,2514,3634
3712,1997,11,6156,12314,-6158
3712,1997,12,6137,2514,3623
3712,1998,1,6150,7114,-964
3712,1998,2,6147,2514,3633
3712,1998,3,6163,5234,929
3712,1998,4,6167,2514,3653
3712,1998,5,6174,6514,-340
3712,1998,6,6171,7314,-1143
3712,1998,7,6176,2514,3662
3712,1998,8,6183,6274,-91
3712,1998,9,6183,5874,309
3712,1998,10,6168,19914,-13746
3712,1998,11,6134,2514,3620
3712,1998,12,6148,3699,2449
3713,1993,6,59149,0,59149
3713,1993,7,246,16400,-16154
3713,1993,8,79997,29600,50397
3713,1993,9,388,34900,-34512
3713,1993,10,28491,23730,4761
3713,1993,11,164,31630,-31466
3713,1993,12,31287,12330,18957
3713,1994,1,70474,85930,-15456
3713,1994,2,39696,43881,-4185
3713,1994,3,20597,6240,14357
3713,1994,4,49335,35151,14184
3713,1994,5,150,35822,-35672
3713,1994,6,37370,19080,18290
3713,1994,7,172,14831,-14659
3713,1994,8,41447,23718,17729
3713,1994,9,25479,14530,10949
3713,1994,10,150191,143030,7161
3713,1994,11,263,19330,-19067
3713,1994,12,73685,50573,23112
3713,1995,1,38261,54308,-16047
3713,1995,2,213,13867,-13654
3713,1995,3,33031,26830,6201
3713,1995,4,43110,32030,11080
3713,1995,5,13240,51771,-38531
3713,1995,6,7570,30,7540
3713,1995,7,8300,9299,-999
3713,1995,8,112230,33334,78896
3713,1995,9,49128,47285,1843
3713,1995,10,401,39430,-39029
3713,1995,11,6567,28470,-21903
3713,1995,12,4742,37651,-32909
3713,1996,1,15935,24330,-8395
3713,1996,2,91970,29042,62928
3713,1996,3,11953,27183,-15230
3713,1996,4,8954,17450,-8496
3713,1996,5,2454,24754,-22300
3713,1996,6,90024,64630,25394
3713,1996,7,21674,22879,-1205
3713,1996,8,8288,5730,2558
3713,1996,9,19422,26160,-6738
3713,1996,10,142535,88729,53806
3713,1996,11,434,21234,-20800
3713,1996,12,87952,79806,8146
3713,1997,1,33488,70757,-37269
3713,1997,2,27442,3330,24112
3713,1997,3,22391,28448,-6057
3713,1997,4,16446,11088,5358
3713,1997,5,30576,36001,-5425
3713,1997,6,12951,30,12921
3713,1997,7,66417,39030,27387
3713,1997,8,76518,82895,-6377
3713,1997,9,53850,47929,5921
3713,1997,10,63473,71021,-7548
3713,1997,11,188268,207329,-19061
3713,1997,12,94858,87330,7528
3713,1998,1,18521,33023,-14502
3713,1998,2,24898,16522,8376
3713,1998,3,43991,45819,-1828
3713,1998,4,81762,43930,37832
3713,1998,5,7059,46030,-38971
3713,1998,6,63390,83030,-19640
3713,1998,7,65612,8653,56959
3713,1998,8,149799,163400,-13601
3713,1998,9,49885,84530,-34645
3713,1998,10,45946,30,45916
3713,1998,11,80442,87830,-7388
3713,1998,12,20824,11100,9724
3714,1994,4,800,0,800
3714,1994,5,73550,18100,55450
3714,1994,6,27285,14100,13185
3714,1994,7,288,20500,-20212
3714,1994,8,288,10900,-10612
3714,1994,9,288,4200,-3912
3714,1994,10,288,7100,-6812
3714,1994,11,288,200,88
3714,1994,12,288,3000,-2712
3714,1995,1,41275,35469,5806
3714,1995,2,44791,40406,4385
3714,1995,3,132,5063,-4931
3714,1995,4,18523,21076,-2553
3714,1995,5,98553,68100,30453
3714,1995,6,177,37163,-36986
3714,1995,7,11637,4263,7374
3714,1995,8,21570,4263,17307
3714,1995,9,38615,37684,931
3714,1995,10,24762,21998,2764
3714,1995,11,174,11363,-11189
3714,1995,12,137,10763,-10626
3714,1996,1,32854,36463,-3609
3714,1996,2,34443,4263,30180
3714,1996,3,71310,27663,43647
3714,1996,4,39918,70763,-30845
3714,1996,5,70188,51750,18438
3714,1996,6,251,43063,-42812
3714,1996,7,39743,31163,8580
3714,1996,8,67594,20263,47331
3714,1996,9,291,35963,-35672
3714,1996,10,37935,21763,16172
3714,1996,11,248,23763,-23515
3714,1996,12,157,25263,-25106
3714,1997,1,42582,27363,15219
3714,1997,2,81008,32263,48745
3714,1997,3,258,40563,-40305
3714,1997,4,70893,32706,38187
3714,1997,5,108286,110063,-1777
3714,1997,6,25786,70263,-44477
3714,1997,7,37069,9763,27306
3714,1997,8,241,17763,-17522
3714,1997,9,97104,92683,4421
3714,1997,10,10492,26253,-15761
3714,1997,11,111836,58563,53273
3714,1997,12,32467,61655,-29188
3714,1998,1,1502,33963,-32461
3714,1998,2,93017,45839,47178
3714,1998,3,150157,170863,-20706
3714,1998,4,218,26163,-25945
3714,1998,5,45479,28070,17409
3714,1998,6,33100,40763,-7663
3714,1998,7,23830,23906,-76
3714,1998,8,3177,4263,-1086
3714,1998,9,57639,33163,24476
3714,1998,10,255,26057,-25802
3714,1998,11,19451,23825,-4374
3714,1998,12,69425,28833,40592
3715,1997,11,900,0,900
3715,1997,12,11500,0,11500
3715,1998,1,900,0,900
3715,1998,2,2900,0,2900
3715,1998,3,0,1600,-1600
3715,1998,4,3900,0,3900
3715,1998,5,2500,0,2500
3715,1998,6,0,2100,-2100
3715,1998,7,0,2200,-2200
3715,1998,8,600,0,600
3715,1998,9,0,1300,-1300
3715,1998,10,0,700,-700
3715,1998,11,0,2000,-2000
3716,1997,4,200,0,200
3716,1997,6,11900,0,11900
3716,1997,7,5400,0,5400
3716,1997,8,4600,0,4600
3716,1997,9,5600,0,5600
3716,1997,10,0,3600,-3600
3716,1997,11,0,1700,-1700
3716,1997,12,0,2600,-2600
3716,1998,1,200,0,200
3716,1998,2,1900,0,1900
3716,1998,3,1300,0,1300
3716,1998,4,0,1500,-1500
3716,1998,5,0,3800,-3800
3716,1998,6,1600,0,1600
3716,1998,7,0,700,-700
3716,1998,8,0,4000,-4000
3716,1998,9,3800,0,3800
3716,1998,10,1200,0,1200
3716,1998,11,1100,0,1100
3716,1998,12,0,2500,-2500
3717,1994,5,400,0,400
3717,1994,6,24114,0,24114
3717,1994,7,15700,6700,9000
3717,1994,8,15728,12100,3628
3717,1994,9,15740,13800,1940
3717,1994,10,15737,25315,-9578
3717,1994,11,15708,15542,166
3717,1994,12,23508,19142,4366
3717,1995,1,15686,30071,-14385
3717,1995,2,17781,10742,7039
3717,1995,3,15695,16042,-347
3717,1995,4,15699,13142,2557
3717,1995,5,15705,15242,463
3717,1995,6,23502,21842,1660
3717,1995,7,15709,17042,-1333
3717,1995,8,15702,17142,-1440
3717,1995,9,15683,22528,-6845
3717,1995,10,15684,11842,3842
3717,1995,11,19998,26063,-6065
3717,1995,12,26859,24747,2112
3717,1996,1,21576,23342,-1766
3717,1996,2,16174,10742,5432
3717,1996,3,16000,10742,5258
3717,1996,4,15699,17242,-1543
3717,1996,5,15693,16942,-1249
3717,1996,6,23480,25842,-2362
3717,1996,7,15677,17142,-1465
3717,1996,8,15677,15242,435
3717,1996,9,15678,15442,236
3717,1996,10,15673,17342,-1669
3717,1996,11,15671,15542,129
3717,1996,12,23470,20242,3228
3717,1997,1,15682,18042,-2360
3717,1997,2,15676,15242,434
3717,1997,3,15675,16142,-467
3717,1997,4,15680,13742,1938
3717,1997,5,15686,14742,944
3717,1997,6,23493,18742,4751
3717,1997,7,15702,17042,-1340
3717,1997,8,15690,19342,-3652
3717,1997,9,15676,20042,-4366
3717,1997,10,15671,18542,-2871
3717,1997,11,15678,16842,-1164
3717,1997,12,23466,21242,2224
3717,1998,1,15673,15282,391
3717,1998,2,15678,17242,-1564
3717,1998,3,15679,19842,-4163
3717,1998,4,15653,14142,1511
3717,1998,5,15658,18442,-2784
3717,1998,6,23456,21042,2414
3717,1998,7,15659,10742,4917
3717,1998,8,15672,22342,-6670
3717,1998,9,15651,10742,4909
3717,1998,10,15665,18842,-3177
3717,1998,11,15653,16542,-889
3717,1998,12,23467,10727,12740
3718,1994,4,900,0,900
3718,1994,5,15697,0,15697
3718,1994,6,4740,0,4740
3718,1994,7,3253,1700,1553
3718,1994,8,3258,2600,658
3718,1994,9,3259,3422,-163
3718,1994,10,3258,3622,-364
3718,1994,11,3255,4122,-867
3718,1994,12,3247,6602,-3355
3718,1995,1,6139,7282,-1143
3718,1995,2,5646,2122,3524
3718,1995,3,3247,4672,-1425
3718,1995,4,3242,4022,-780
3718,1995,5,3344,2122,1222
3718,1995,6,7244,7822,-578
3718,1995,7,5853,3052,2801
3718,1995,8,3248,5722,-2474
3718,1995,9,3244,3622,-378
3718,1995,10,3244,4492,-1248
3718,1995,11,5446,4222,1224
3718,1995,12,3245,3242,3
3718,1996,1,7450,6622,828
3718,1996,2,7159,4432,2727
3718,1996,3,3259,3122,137
3718,1996,4,4167,2122,2045
3718,1996,5,3262,5122,-1860
3718,1996,6,6270,5662,608
3718,1996,7,3261,3822,-561
3718,1996,8,4268,2122,2146
3718,1996,9,3269,3422,-153
3718,1996,10,3373,2122,1251
3718,1996,11,3275,3022,253
3718,1996,12,3273,4592,-1319
3718,1997,1,10563,8152,2411
3718,1997,2,3280,2122,1158
3718,1997,3,5295,4062,1233
3718,1997,4,3292,2622,670
3718,1997,5,5796,2332,3464
3718,1997,6,3298,7892,-4594
3718,1997,7,5391,2452,2939
3718,1997,8,7402,2122,5280
3718,1997,9,3321,2822,499
3718,1997,10,3322,5212,-1890
3718,1997,11,3309,6222,-2913
3718,1997,12,3801,3652,149
3718,1998,1,3294,7712,-4418
3718,1998,2,3280,6742,-3462
3718,1998,3,3271,2122,1149
3718,1998,4,6178,2122,4056
3718,1998,5,5495,2122,3373
3718,1998,6,7386,10222,-2836
3718,1998,7,5097,2122,2975
3718,1998,8,8513,2122,6391
3718,1998,9,3331,4322,-991
3718,1998,10,3327,3622,-295
3718,1998,11,3327,3122,205
3718,1998,12,6630,5677,953
3719,1997,6,200,0,200
3719,1997,7,18678,0,18678
3719,1997,8,12842,2900,9942
3719,1997,9,12868,11300,1568
3719,1997,10,12876,10300,2576
3719,1997,11,12899,11312,1587
3719,1997,12,19285,19112,173
3719,1998,1,12866,27112,-14246
3719,1998,2,12850,11012,1838
3719,1998,3,12864,8812,4052
3719,1998,4,12878,9412,3466
3719,1998,5,12880,14812,-1932
3719,1998,6,19253,31112,-11859
3719,1998,7,12843,4212,8631
3719,1998,8,12864,14012,-1148
3719,1998,9,12855,12012,843
3719,1998,10,12847,16412,-3565
3719,1998,11,12838,13612,-774
3719,1998,12,19226,14097,5129
3720,1993,7,800,0,800
3720,1993,8,5657,0,5657
3720,1993,9,5657,0,5657
3720,1993,10,5657,0,5657
3720,1993,11,5670,400,5270
3720,1993,12,5754,3915,1839
3720,1994,1,5744,13852,-8108
3720,1994,2,5727,4732,995
3720,1994,3,5730,5292,438
3720,1994,4,5739,2972,2767
3720,1994,5,5751,2972,2779
3720,1994,6,5761,4472,1289
3720,1994,7,5765,6272,-507
3720,1994,8,5766,2972,2794
3720,1994,9,5776,4092,1684
3720,1994,10,5783,3972,1811
3720,1994,11,5791,3272,2519
3720,1994,12,5797,7072,-1275
3720,1995,1,5773,10732,-4959
3720,1995,2,5766,6012,-246
3720,1995,3,5768,6652,-884
3720,1995,4,5772,2972,2800
3720,1995,5,5780,6732,-952
3720,1995,6,5757,10472,-4715
3720,1995,7,5760,2972,2788
3720,1995,8,5768,5052,716
3720,1995,9,5774,2972,2802
3720,1995,10,5776,5852,-76
3720,1995,11,5785,3372,2413
3720,1995,12,5795,3222,2573
3720,1996,1,5786,10652,-4866
3720,1996,2,5785,2972,2813
3720,1996,3,5797,2972,2825
3720,1996,4,5795,7372,-1577
3720,1996,5,5803,2972,2831
3720,1996,6,5793,11472,-5679
3720,1996,7,5791,2972,2819
3720,1996,8,5800,3852,1948
3720,1996,9,5810,2972,2838
3720,1996,10,5822,2972,2850
3720,1996,11,5822,8652,-2830
3720,1996,12,5820,3872,1948
3720,1997,1,5817,11532,-5715
3720,1997,2,5806,2972,2834
3720,1997,3,5818,2972,2846
3720,1997,4,5830,2972,2858
3720,1997,5,5842,2972,2870
3720,1997,6,5839,7672,-1833
3720,1997,7,5839,5212,627
3720,1997,8,5848,2972,2876
3720,1997,9,5860,2972,2888
3720,1997,10,5867,4412,1455
3720,1997,11,5873,4172,1701
3720,1997,12,5878,6492,-614
3720,1998,1,5867,10812,-4945
3720,1998,2,5861,2972,2889
3720,1998,3,5874,2972,2902
3720,1998,4,5885,2972,2913
3720,1998,5,5892,4652,1240
3720,1998,6,5900,13122,-7222
3720,1998,7,5872,2972,2900
3720,1998,8,5884,3852,2032
3720,1998,9,5893,2972,2921
3720,1998,10,5905,2972,2933
3720,1998,11,5917,2972,2945
3720,1998,12,5921,5487,434
3721,1996,2,500,0,500
3721,1996,3,3391,0,3391
3721,1996,4,3391,0,3391
3721,1996,5,3391,0,3391
3721,1996,6,3391,0,3391
3721,1996,7,3438,147,3291
3721,1996,8,3467,2275,1192
3721,1996,9,3469,3645,-176
3721,1996,10,3471,2275,1196
3721,1996,11,3476,2275,1201
3721,1996,12,3476,3775,-299
3721,1997,1,3472,6085,-2613
3721,1997,2,3466,3385,81
3721,1997,3,3470,2275,1195
3721,1997,4,3475,2275,1200
3721,1997,5,3480,2275,1205
3721,1997,6,3481,4555,-1074
3721,1997,7,3475,3595,-120
3721,1997,8,3480,2275,1205
3721,1997,9,3485,2275,1210
3721,1997,10,3490,2275,1215
3721,1997,11,3495,2275,1220
3721,1997,12,3498,2665,833
3721,1998,1,3484,8785,-5301
3721,1998,2,3478,3415,63
3721,1998,3,3479,3385,94
3721,1998,4,3482,2275,1207
3721,1998,5,3487,2275,1212
3721,1998,6,3485,10945,-7460
3721,1998,7,3455,4165,-710
3721,1998,8,3457,2545,912
3721,1998,9,3461,2275,1186
3721,1998,10,3466,3025,441
3721,1998,11,3468,2275,1193
3721,1998,12,3473,2530,943
3722,1997,12,19425,0,19425
3722,1998,1,13899,0,13899
3722,1998,2,12347,1900,10447
3722,1998,3,12382,6100,6282
3722,1998,4,12401,8915,3486
3722,1998,5,12370,25238,-12868
3722,1998,6,18432,33258,-14826
3722,1998,7,12294,11098,1196
3722,1998,8,12299,10338,1961
3722,1998,9,12302,12718,-416
3722,1998,10,12307,10038,2269
3722,1998,11,12282,20198,-7916
3722,1998,12,18779,14563,4216
3723,1996,6,2005,0,2005
3723,1996,7,11034,0,11034
3723,1996,8,56655,0,56655
3723,1996,9,1462,20915,-19453
3723,1996,10,1478,15515,-14037
3723,1996,11,1439,5615,-4176
3723,1996,12,50993,5015,45978
3723,1997,1,1528,34815,-33287
3723,1997,2,1474,7015,-5541
3723,1997,3,1453,5715,-4262
3723,1997,4,3451,1315,2136
3723,1997,5,31097,515,30582
3723,1997,6,1452,50715,-49263
3723,1997,7,12106,15,12091
3723,1997,8,8945,465,8480
3723,1997,9,4173,15,4158
3723,1997,10,1582,1165,417
3723,1997,11,4691,1265,3426
3723,1997,12,12862,3215,9647
3723,1998,1,24487,9365,15122
3723,1998,2,1593,4715,-3122
3723,1998,3,1575,6315,-4740
3723,1998,4,1549,8265,-6716
3723,1998,5,3446,15,3431
3723,1998,6,5939,20015,-14076
3723,1998,7,12921,2165,10756
3723,1998,8,11063,15,11048
3723,1998,9,37144,15,37129
3723,1998,10,1706,16815,-15109
3723,1998,11,1658,8715,-7057
3723,1998,12,1619,9750,-8131
3724,1997,8,400,0,400
3724,1997,9,12200,0,12200
3724,1997,10,11900,0,11900
3724,1997,11,22551,0,22551
3724,1997,12,31788,5900,25888
3724,1998,1,303,16500,-16197
3724,1998,2,303,3300,-2997
3724,1998,3,1703,0,1703
3724,1998,4,8089,0,8089
3724,1998,5,44053,7800,36253
3724,1998,6,9198,30886,-21688
3724,1998,7,284,14615,-14331
3724,1998,8,225,14115,-13890
3724,1998,9,1108,2815,-1707
3724,1998,10,28286,11915,16371
3724,1998,11,267,5615,-5348
3724,1998,12,223,26800,-26577
3725,1995,6,800,0,800
3725,1995,7,19751,0,19751
3725,1995,8,17109,6700,10409
3725,1995,9,17124,16400,724
3725,1995,10,17129,15600,1529
3725,1995,11,17125,20857,-3732
3725,1995,12,25612,28557,-2945
3725,1996,1,17088,26197,-9109
3725,1996,2,17093,11657,5436
3725,1996,3,17103,15697,1406
3725,1996,4,17112,17557,-445
3725,1996,5,17108,18057,-949
3725,1996,6,25648,9757,15891
3725,1996,7,17159,18497,-1338
3725,1996,8,17154,17177,-23
3725,1996,9,17148,20057,-2909
3725,1996,10,17162,12157,5005
3725,1996,11,17152,21917,-4765
3725,1996,12,25679,15977,9702
3725,1997,1,20071,27937,-7866
3725,1997,2,17166,7657,9509
3725,1997,3,17217,10297,6920
3725,1997,4,17226,15757,1469
3725,1997,5,17231,22757,-5526
3725,1997,6,25734,19057,6677
3725,1997,7,17238,21937,-4699
3725,1997,8,17223,18057,-834
3725,1997,9,17219,18657,-1438
3725,1997,10,17215,13157,4058
3725,1997,11,17229,15757,1472
3725,1997,12,25744,21217,4527
3725,1998,1,17232,24577,-7345
3725,1998,2,17225,10957,6268
3725,1998,3,17247,19717,-2470
3725,1998,4,17242,17317,-75
3725,1998,5,17238,14657,2581
3725,1998,6,25758,29437,-3679
3725,1998,7,17237,9957,7280
3725,1998,8,17262,14457,2805
3725,1998,9,17270,16657,613
3725,1998,10,17276,13857,3419
3725,1998,11,17285,20697,-3412
3725,1998,12,25821,9722,16099
3726,1996,7,400,0,400
3726,1996,8,12800,0,12800
3726,1996,9,80232,11700,68532
3726,1996,10,72521,77415,-4894
3726,1996,11,226,34988,-34762
3726,1996,12,54416,33388,21028
3726,1997,1,145,43688,-43543
3726,1997,2,9783,9388,395
3726,1997,3,5575,9388,-3813
3726,1997,4,7263,9388,-2125
3726,1997,5,8157,9388,-1231
3726,1997,6,51018,29278,21740
3726,1997,7,2225,9388,-7163
3726,1997,8,9817,9388,429
3726,1997,9,9317,9388,-71
3726,1997,10,48555,13288,35267
3726,1997,11,172,39072,-38900
3726,1997,12,11400,13288,-1888
3726,1998,1,81548,78341,3207
3726,1998,2,51621,9388,42233
3726,1998,3,14480,25188,-10708
3726,1998,4,129183,100588,28595
3726,1998,5,242,48096,-47854
3726,1998,6,124793,94988,29805
3726,1998,7,18072,60457,-42385
3726,1998,8,91239,91474,-235
3726,1998,9,46324,17488,28836
3726,1998,10,39654,39488,166
3726,1998,11,128,35988,-35860
3726,1998,12,71598,22973,48625
3727,1996,1,600,0,600
3727,1996,2,18128,0,18128
3727,1996,3,12793,1800,10993
3727,1996,4,12825,9800,3025
3727,1996,5,12839,9000,3839
3727,1996,6,19205,14315,4890
3727,1996,7,12855,17979,-5124
3727,1996,8,12830,21879,-9049
3727,1996,9,12813,9279,3534
3727,1996,10,12826,10379,2447
3727,1996,11,12831,12079,752
3727,1996,12,19199,14899,4300
3727,1997,1,12839,22899,-10060
3727,1997,2,13307,12559,748
3727,1997,3,14727,8479,6248
3727,1997,4,12844,10079,2765
3727,1997,5,12859,8679,4180
3727,1997,6,19226,14979,4247
3727,1997,7,12895,9079,3816
3727,1997,8,14716,8479,6237
3727,1997,9,13638,8479,5159
3727,1997,10,12949,11579,1370
3727,1997,11,14969,8479,6490
3727,1997,12,19341,12899,6442
3727,1998,1,12981,23759,-10778
3727,1998,2,17962,18079,-117
3727,1998,3,14376,8479,5897
3727,1998,4,16407,8479,7928
3727,1998,5,13019,11679,1340
3727,1998,6,24450,28959,-4509
3727,1998,7,13004,18079,-5075
3727,1998,8,12980,12679,301
3727,1998,9,12965,16979,-4014
3727,1998,10,13280,8479,4801
3727,1998,11,14893,11879,3014
3727,1998,12,19759,15864,3895
3728,1994,8,1000,0,1000
3728,1994,9,17749,0,17749
3728,1994,10,11307,3300,8007
3728,1994,11,11331,7800,3531
3728,1994,12,16951,14500,2451
3728,1995,1,11333,22815,-11482
3728,1995,2,11318,3915,7403
3728,1995,3,12119,15715,-3596
3728,1995,4,11323,8815,2508
3728,1995,5,11329,10615,714
3728,1995,6,16950,21172,-4222
3728,1995,7,11310,12671,-1361
3728,1995,8,11321,6015,5306
3728,1995,9,11322,17071,-5749
3728,1995,10,11316,13395,-2079
3728,1995,11,11314,5215,6099
3728,1995,12,16939,22115,-5176
3728,1996,1,12609,12315,294
3728,1996,2,11323,4315,7008
3728,1996,3,11335,9815,1520
3728,1996,4,11350,7215,4135
3728,1996,5,11338,19615,-8277
3728,1996,6,16942,12215,4727
3728,1996,7,11324,20990,-9666
3728,1996,8,11328,2815,8513
3728,1996,9,11344,8715,2629
3728,1996,10,11348,10615,733
3728,1996,11,11336,20715,-9379
3728,1996,12,16936,15215,1721
3728,1997,1,15321,19215,-3894
3728,1997,2,13248,15,13233
3728,1997,3,11354,11815,-461
3728,1997,4,11365,11315,50
3728,1997,5,11364,11815,-451
3728,1997,6,17012,2215,14797
3728,1997,7,11413,11415,-2
3728,1997,8,11402,14315,-2913
3728,1997,9,11396,12815,-1419
3728,1997,10,11376,29615,-18239
3728,1997,11,11320,9415,1905
3728,1997,12,16943,22065,-5122
3728,1998,1,13608,11715,1893
3728,1998,2,11323,8815,2508
3728,1998,3,11324,12215,-891
3728,1998,4,11713,14115,-2402
3728,1998,5,11311,8815,2496
3728,1998,6,16958,13215,3743
3728,1998,7,11337,8915,2422
3728,1998,8,11345,12015,-670
3728,1998,9,11362,17815,-6453
3728,1998,10,11314,14561,-3247
3728,1998,11,11303,11242,61
3728,1998,12,16918,8700,8218
3729,1995,4,300,0,300
3729,1995,5,4412,0,4412
3729,1995,6,4412,0,4412
3729,1995,7,4412,0,4412
3729,1995,8,4412,0,4412
3729,1995,9,4471,2956,1515
3729,1995,10,4498,2956,1542
3729,1995,11,4490,10036,-5546
3729,1995,12,4480,3956,524
3729,1996,1,4480,4206,274
3729,1996,2,4484,2956,1528
3729,1996,3,4493,5056,-563
3729,1996,4,4487,3556,931
3729,1996,5,4484,6156,-1672
3729,1996,6,4485,2956,1529
3729,1996,7,4488,6136,-1648
3729,1996,8,4481,5436,-955
3729,1996,9,4476,5516,-1040
3729,1996,10,4476,2956,1520
3729,1996,11,4483,2956,1527
3729,1996,12,4480,6706,-2226
3729,1997,1,4479,3556,923
3729,1997,2,4482,3756,726
3729,1997,3,4481,4956,-475
3729,1997,4,4484,3456,1028
3729,1997,5,4477,6856,-2379
3729,1997,6,4472,5476,-1004
3729,1997,7,4474,3656,818
3729,1997,8,4473,5456,-983
3729,1997,9,4474,2956,1518
3729,1997,10,4477,4396,81
3729,1997,11,4480,5836,-1356
3729,1997,12,4474,3706,768
3729,1998,1,4473,5356,-883
3729,1998,2,4474,2956,1518
3729,1998,3,4481,2956,1525
3729,1998,4,4487,2956,1531
3729,1998,5,4493,2956,1537
3729,1998,6,4496,4956,-460
3729,1998,7,4490,11216,-6726
3729,1998,8,4469,3356,1113
3729,1998,9,4474,2956,1518
3729,1998,10,4472,5996,-1524
3729,1998,11,4474,2956,1518
3729,1998,12,4479,3941,538
3730,1994,9,5966,0,5966
3730,1994,10,5177,0,5177
3730,1994,11,5177,0,5177
3730,1994,12,5177,0,5177
3730,1995,1,5220,2975,2245
3730,1995,2,5258,1959,3299
3730,1995,3,5270,5079,191
3730,1995,4,5273,1959,3314
3730,1995,5,5279,4959,320
3730,1995,6,5246,14239,-8993
3730,1995,7,5243,6319,-1076
3730,1995,8,5246,1959,3287
3730,1995,9,5259,5639,-380
3730,1995,10,5258,1959,3299
3730,1995,11,5262,4919,343
3730,1995,12,5272,2409,2863
3730,1996,1,5283,4959,324
3730,1996,2,5278,5079,199
3730,1996,3,5280,4439,841
3730,1996,4,5290,6859,-1569
3730,1996,5,5285,1959,3326
3730,1996,6,5287,15909,-10622
3730,1996,7,5254,2519,2735
3730,1996,8,5260,5559,-299
3730,1996,9,5264,1959,3305
3730,1996,10,5278,1959,3319
3730,1996,11,5286,3879,1407
3730,1996,12,5291,6699,-1408
3730,1997,1,5272,7559,-2287
3730,1997,2,5281,1959,3322
3730,1997,3,5296,1959,3337
3730,1997,4,5310,1959,3351
3730,1997,5,5313,7059,-1746
3730,1997,6,5312,4509,803
3730,1997,7,5317,3719,1598
3730,1997,8,5326,2359,2967
3730,1997,9,5334,5259,75
3730,1997,10,5338,2759,2579
3730,1997,11,5343,6439,-1096
3730,1997,12,5343,2659,2684
3730,1998,1,5349,4209,1140
3730,1998,2,5360,1959,3401
3730,1998,3,5368,4359,1009
3730,1998,4,5379,1959,3420
3730,1998,5,5393,1959,3434
3730,1998,6,5399,13459,-8060
3730,1998,7,5373,1959,3414
3730,1998,8,5386,4119,1267
3730,1998,9,5391,4679,712
3730,1998,10,5394,3479,1915
3730,1998,11,5395,5079,316
3730,1998,12,5400,3854,1546
3731,1996,5,1100,0,1100
3731,1996,6,2962,0,2962
3731,1996,7,2962,0,2962
3731,1996,8,2962,0,2962
3731,1996,9,2962,0,2962
3731,1996,10,2964,15,2949
3731,1996,11,3031,2529,502
3731,1996,12,3033,2469,564
3731,1997,1,3029,6489,-3460
3731,1997,2,3019,2889,130
3731,1997,3,3022,1989,1033
3731,1997,4,3025,2589,436
3731,1997,5,3028,1989,1039
3731,1997,6,3033,1989,1044
3731,1997,7,3037,1989,1048
3731,1997,8,3041,1989,1052
3731,1997,9,3046,1989,1057
3731,1997,10,3050,1989,1061
3731,1997,11,3054,1989,1065
3731,1997,12,3057,3009,48
3731,1998,1,3049,6909,-3860
3731,1998,2,3042,2409,633
3731,1998,3,3046,1989,1057
3731,1998,4,3050,1989,1061
3731,1998,5,3054,2199,855
3731,1998,6,3057,3009,48
3731,1998,7,3058,1989,1069
3731,1998,8,3061,3309,-248
3731,1998,9,3061,1989,1072
3731,1998,10,3065,3279,-214
3731,1998,11,3065,1989,1076
3731,1998,12,3068,2784,284
3732,1997,5,500,0,500
3732,1997,6,4673,0,4673
3732,1997,7,4673,0,4673
3732,1997,8,4673,0,4673
3732,1997,9,4673,0,4673
3732,1997,10,4728,4803,-75
3732,1997,11,4760,1683,3077
3732,1997,12,4774,2933,1841
3732,1998,1,4771,9313,-4542
3732,1998,2,4761,1683,3078
3732,1998,3,4774,1683,3091
3732,1998,4,4787,2723,2064
3732,1998,5,4796,1783,3013
3732,1998,6,4806,7833,-3027
3732,1998,7,4796,1683,3113
3732,1998,8,4807,2383,2424
3732,1998,9,4812,4883,-71
3732,1998,10,4803,9163,-4360
3732,1998,11,4787,7703,-2916
3732,1998,12,4785,4238,547
3733,1996,7,1000,0,1000
3733,1996,8,14000,0,14000
3733,1996,9,4900,0,4900
3733,1996,10,37846,16000,21846
3733,1996,11,30529,23800,6729
3733,1996,12,201,9900,-9699
3733,1997,1,107637,91815,15822
3733,1997,2,8171,37293,-29122
3733,1997,3,89751,33405,56346
3733,1997,4,48792,76938,-28146
3733,1997,5,177,24638,-24461
3733,1997,6,114166,79938,34228
3733,1997,7,91719,64938,26781
3733,1997,8,98039,130138,-32099
3733,1997,9,53861,20838,33023
3733,1997,10,133450,175250,-41800
3733,1997,11,171,14738,-14567
3733,1997,12,91984,27139,64845
3733,1998,1,31973,108738,-76765
3733,1998,2,82789,42238,40551
3733,1998,3,15227,15938,-711
3733,1998,4,217,17838,-17621
3733,1998,5,57832,35785,22047
3733,1998,6,36784,31780,5004
3733,1998,7,245,20538,-20293
3733,1998,8,50402,11138,39264
3733,1998,9,311,23338,-23027
3733,1998,10,205,41215,-41010
3733,1998,11,18234,11138,7096
3733,1998,12,30063,39278,-9215
3734,1993,3,5957,0,5957
3734,1993,4,13706,0,13706
3734,1993,5,7845,0,7845
3734,1993,6,8348,0,8348
3734,1993,7,5083,6815,-1732
3734,1993,8,5079,5615,-536
3734,1993,9,5082,7715,-2633
3734,1993,10,5079,1415,3664
3734,1993,11,5060,11115,-6055
3734,1993,12,7538,4415,3123
3734,1994,1,5027,21715,-16688
3734,1994,2,10830,1115,9715
3734,1994,3,5458,15,5443
3734,1994,4,5073,4615,458
3734,1994,5,5080,1115,3965
3734,1994,6,7532,34915,-27383
3734,1994,7,18597,8615,9982
3734,1994,8,5612,15,5597
3734,1994,9,5034,2515,2519
3734,1994,10,5046,515,4531
3734,1994,11,5063,4815,248
3734,1994,12,7544,5715,1829
3734,1995,1,5057,12415,-7358
3734,1995,2,5042,2515,2527
3734,1995,3,5053,2615,2438
3734,1995,4,5062,4315,747
3734,1995,5,5064,6015,-951
3734,1995,6,7534,9815,-2281
3734,1995,7,5055,5815,-760
3734,1995,8,5047,6415,-1368
3734,1995,9,5046,815,4231
3734,1995,10,5059,5815,-756
3734,1995,11,5056,5215,-159
3734,1995,12,7529,4415,3114
3734,1996,1,6541,21015,-14474
3734,1996,2,7814,3515,4299
3734,1996,3,5027,4215,812
3734,1996,4,5030,4315,715
3734,1996,5,5033,15,5018
3734,1996,6,9704,16415,-6711
3734,1996,7,5028,3215,1813
3734,1996,8,5043,2015,3028
3734,1996,9,5040,8015,-2975
3734,1996,10,5033,5015,18
3734,1996,11,5021,10815,-5794
3734,1996,12,7471,14815,-7344
3734,1997,1,4962,14515,-9553
3734,1997,2,4945,1916,3029
3734,1997,3,4955,2715,2240
3734,1997,4,4963,4115,848
3734,1997,5,4972,1015,3957
3734,1997,6,7448,7715,-267
3734,1997,7,4967,9915,-4948
3734,1997,8,4961,3515,1446
3734,1997,9,4960,8915,-3955
3734,1997,10,4950,4015,935
3734,1997,11,4959,1815,3144
3734,1997,12,7433,7915,-482
3734,1998,1,4943,12324,-7381
3734,1998,2,6640,5825,815
3734,1998,3,4940,26,4914
3734,1998,4,4954,4915,39
3734,1998,5,4947,7715,-2768
3734,1998,6,7409,9517,-2108
3734,1998,7,4939,10049,-5110
3734,1998,8,4939,3554,1385
3734,1998,9,4939,4548,391
3734,1998,10,4939,1839,3100
3734,1998,11,4939,9651,-4712
3734,1998,12,7408,7565,-157
3735,1995,4,300,0,300
3735,1995,5,48982,0,48982
3735,1995,6,37992,13900,24092
3735,1995,7,305,23600,-23295
3735,1995,8,22574,20600,1974
3735,1995,9,216,14500,-14284
3735,1995,10,82248,52968,29280
3735,1995,11,74247,76890,-2643
3735,1995,12,162,44638,-44476
3735,1996,1,151635,98467,53168
3735,1996,2,68514,79886,-11372
3735,1996,3,178230,155390,22840
3735,1996,4,23871,86881,-63010
3735,1996,5,14314,9290,5024
3735,1996,6,47228,20490,26738
3735,1996,7,114846,93890,20956
3735,1996,8,229,43584,-43355
3735,1996,9,80152,20090,60062
3735,1996,10,47069,59752,-12683
3735,1996,11,32112,54190,-22078
3735,1996,12,123998,109190,14808
3735,1997,1,57201,82869,-25668
3735,1997,2,99514,86175,13339
3735,1997,3,72055,26290,45765
3735,1997,4,127764,169190,-41426
3735,1997,5,120496,84090,36406
3735,1997,6,57985,73090,-15105
3735,1997,7,270,33890,-33620
3735,1997,8,157,21490,-21333
3735,1997,9,61451,31790,29661
3735,1997,10,100806,81390,19416
3735,1997,11,15572,40590,-25018
3735,1997,12,107319,72990,34329
3735,1998,1,211,59190,-58979
3735,1998,2,9098,17690,-8592
3735,1998,3,63,7490,-7427
3735,1998,4,32,7490,-7458
3735,1998,5,7361,7490,-129
3735,1998,6,18,1188,-1170
3735,1998,7,13,1188,-1175
3735,1998,8,0,15,-15
3735,1998,9,18,15,3
3735,1998,10,34822,7490,27332
3735,1998,11,103,7490,-7387
3735,1998,12,72,7475,-7403
3736,1996,5,7988,0,7988
3736,1996,6,6996,0,6996
3736,1996,7,6996,0,6996
3736,1996,8,6996,0,6996
3736,1996,9,7054,3515,3539
3736,1996,10,7107,3515,3592
3736,1996,11,7119,6795,324
3736,1996,12,7122,4415,2707
3736,1997,1,7110,18445,-11335
3736,1997,2,7087,3515,3572
3736,1997,3,7102,3515,3587
3736,1997,4,7117,3515,3602
3736,1997,5,7115,12415,-5300
3736,1997,6,7079,17065,-9986
3736,1997,7,7068,3515,3553
3736,1997,8,7083,5015,2068
3736,1997,9,7091,3515,3576
3736,1997,10,7099,6715,384
3736,1997,11,7108,4415,2693
3736,1997,12,7121,6065,1056
3736,1998,1,7089,18815,-11726
3736,1998,2,7074,3515,3559
3736,1998,3,7090,3515,3575
3736,1998,4,7090,9915,-2825
3736,1998,5,7086,7275,-189
3736,1998,6,7083,18065,-10982
3736,1998,7,7046,3515,3531
3736,1998,8,7055,6075,980
3736,1998,9,7064,3515,3549
3736,1998,10,7074,6875,199
3736,1998,11,7080,3515,3565
3736,1998,12,7094,5480,1614
3737,1995,3,7981,0,7981
3737,1995,4,6885,0,6885
3737,1995,5,6885,0,6885
3737,1995,6,6890,4300,2590
3737,1995,7,6959,7509,-550
3737,1995,8,6962,6849,113
3737,1995,9,6964,3849,3115
3737,1995,10,6977,3849,3128
3737,1995,11,6989,5049,1940
3737,1995,12,6987,10399,-3412
3737,1996,1,6955,19799,-12844
3737,1996,2,6930,3849,3081
3737,1996,3,6934,6889,45
3737,1996,4,6943,3849,3094
3737,1996,5,6956,3849,3107
3737,1996,6,6947,13949,-7002
3737,1996,7,6940,3849,3091
3737,1996,8,6952,4329,2623
3737,1996,9,6963,4329,2634
3737,1996,10,6970,5769,1201
3737,1996,11,6976,5949,1027
3737,1996,12,6977,8049,-1072
3737,1997,1,6958,19229,-12271
3737,1997,2,6928,3849,3079
3737,1997,3,6941,3849,3092
3737,1997,4,6953,5529,1424
3737,1997,5,6960,3849,3111
3737,1997,6,6960,10199,-3239
3737,1997,7,6959,3849,3110
3737,1997,8,6972,3849,3123
3737,1997,9,6985,3849,3136
3737,1997,10,6998,3849,3149
3737,1997,11,7000,8749,-1749
3737,1997,12,7000,6749,251
3737,1998,1,6991,14479,-7488
3737,1998,2,6973,3849,3124
3737,1998,3,6986,3849,3137
3737,1998,4,6999,3849,3150
3737,1998,5,7007,6169,838
3737,1998,6,7007,8849,-1842
3737,1998,7,7004,5349,1655
3737,1998,8,7006,9209,-2203
3737,1998,9,7006,3849,3157
3737,1998,10,7013,7089,-76
3737,1998,11,7012,6409,603
3737,1998,12,7021,4284,2737
3738,1993,8,21496,0,21496
3738,1993,9,20425,9500,10925
3738,1993,10,20471,13000,7471
3738,1993,11,20500,17700,2800
3738,1993,12,30701,23975,6726
3738,1994,1,20558,27025,-6467
3738,1994,2,20522,23625,-3103
3738,1994,3,20538,18465,2073
3738,1994,4,20544,22165,-1621
3738,1994,5,20537,20265,272
3738,1994,6,30685,34685,-4000
3738,1994,7,20521,17765,2756
3738,1994,8,20529,19665,864
3738,1994,9,20532,19765,767
3738,1994,10,20534,20465,69
3738,1994,11,20535,18265,2270
3738,1994,12,30729,30705,24
3738,1995,1,20530,23885,-3355
3738,1995,2,20530,16665,3865
3738,1995,3,20544,20065,479
3738,1995,4,20545,20065,480
3738,1995,5,20545,21165,-620
3738,1995,6,30708,30185,523
3738,1995,7,20533,18685,1848
3738,1995,8,20547,21365,-818
3738,1995,9,20544,20265,279
3738,1995,10,20542,23005,-2463
3738,1995,11,20533,20085,448
3738,1995,12,30704,31265,-561
3738,1996,1,20496,28405,-7909
3738,1996,2,20503,16065,4438
3738,1996,3,20517,18965,1552
3738,1996,4,20521,19765,756
3738,1996,5,20529,16965,3564
3738,1996,6,30691,41305,-10614
3738,1996,7,20503,14765,5738
3738,1996,8,20505,26645,-6140
3738,1996,9,20487,19085,1402
3738,1996,10,20491,20165,326
3738,1996,11,20487,21765,-1278
3738,1996,12,30677,23505,7172
3738,1997,1,20482,30385,-9903
3738,1997,2,20477,17485,2992
3738,1997,3,20492,17565,2927
3738,1997,4,20499,18865,1634
3738,1997,5,20511,17165,3346
3738,1997,6,30691,34905,-4214
3738,1997,7,20502,17925,2577
3738,1997,8,20505,20165,340
3738,1997,9,20529,14645,5884
3738,1997,10,20533,18565,1968
3738,1997,11,20535,21445,-910
3738,1997,12,30728,21025,9703
3738,1998,1,20535,38805,-18270
3738,1998,2,20488,20765,-277
3738,1998,3,20511,14465,6046
3738,1998,4,20515,21965,-1450
3738,1998,5,20499,26705,-6206
3738,1998,6,30644,40285,-9641
3738,1998,7,20467,12665,7802
3738,1998,8,20494,16085,4409
3738,1998,9,20509,15265,5244
3738,1998,10,20511,21165,-654
3738,1998,11,20499,23965,-3466
3738,1998,12,30700,21070,9630
3739,1997,3,600,0,600
3739,1997,4,20901,0,20901
3739,1997,5,18682,7100,11582
3739,1997,6,28019,17900,10119
3739,1997,7,18758,19900,-1142
3739,1997,8,18765,21475,-2710
3739,1997,9,18740,21315,-2575
3739,1997,10,18733,18515,218
3739,1997,11,18738,21635,-2897
3739,1997,12,28049,24195,3854
3739,1998,1,18742,16315,2427
3739,1998,2,18762,20895,-2133
3739,1998,3,18741,17315,1426
3739,1998,4,18769,15895,2874
3739,1998,5,18762,15715,3047
3739,1998,6,28075,25495,2580
3739,1998,7,18799,17615,1184
3739,1998,8,18781,21395,-2614
3739,1998,9,18771,23755,-4984
3739,1998,10,18747,21915,-3168
3739,1998,11,18744,17215,1529
3739,1998,12,28053,21540,6513
3741,1996,8,800,0,800
3741,1996,9,15373,0,15373
3741,1996,10,6420,1000,5420
3741,1996,11,7046,0,7046
3741,1996,12,9645,3700,5945
3741,1997,1,6479,15443,-8964
3741,1997,2,9253,7843,1410
3741,1997,3,6455,7143,-688
3741,1997,4,6452,7043,-591
3741,1997,5,8460,4243,4217
3741,1997,6,9652,5043,4609
3741,1997,7,6481,8943,-2462
3741,1997,8,6474,7643,-1169
3741,1997,9,6475,5343,1132
3741,1997,10,6465,10643,-4178
3741,1997,11,6464,4343,2121
3741,1997,12,9645,8643,1002
3741,1998,1,11548,20043,-8495
3741,1998,2,7958,4243,3715
3741,1998,3,6453,5943,510
3741,1998,4,6442,11643,-5201
3741,1998,5,6425,8743,-2318
3741,1998,6,9608,8243,1365
3741,1998,7,6434,8243,-1809
3741,1998,8,7330,4243,3087
3741,1998,9,6419,10743,-4324
3741,1998,10,6422,4643,1779
3741,1998,11,6421,7243,-822
3741,1998,12,10103,7028,3075
3742,1997,5,5468,0,5468
3742,1997,6,4477,0,4477
3742,1997,7,4477,0,4477
3742,1997,8,4477,0,4477
3742,1997,9,4521,2984,1537
3742,1997,10,4543,2984,1559
3742,1997,11,4543,5304,-761
3742,1997,12,4545,3784,761
3742,1998,1,4549,2984,1565
3742,1998,2,4556,2984,1572
3742,1998,3,4565,3384,1181
3742,1998,4,4567,2984,1583
3742,1998,5,4568,5304,-736
3742,1998,6,4543,14234,-9691
3742,1998,7,4531,2984,1547
3742,1998,8,4534,5064,-530
3742,1998,9,4535,2984,1551
3742,1998,10,4548,2984,1564
3742,1998,11,4553,5944,-1391
3742,1998,12,4538,6799,-2261
3743,1996,3,600,0,600
3743,1996,4,22222,0,22222
3743,1996,5,21002,9200,11802
3743,1996,6,31491,23200,8291
3743,1996,7,21066,22300,-1234
3743,1996,8,21073,25105,-4032
3743,1996,9,21048,24640,-3592
3743,1996,10,21020,26940,-5920
3743,1996,11,21009,21240,-231
3743,1996,12,31462,31940,-478
3743,1997,1,20991,32040,-11049
3743,1997,2,20962,21240,-278
3743,1997,3,20959,22940,-1981
3743,1997,4,20962,16440,4522
3743,1997,5,20970,21640,-670
3743,1997,6,31425,27040,4385
3743,1997,7,20966,29340,-8374
3743,1997,8,20972,10740,10232
3743,1997,9,20960,31440,-10480
3743,1997,10,20983,6640,14343
3743,1997,11,21042,6640,14402
3743,1997,12,31567,7940,23627
3743,1998,1,21081,54240,-33159
3743,1998,2,21058,8740,12318
3743,1998,3,21114,6640,14474
3743,1998,4,21161,11440,9721
3743,1998,5,21088,51140,-30052
3743,1998,6,31534,13040,18494
3743,1998,7,21056,43740,-22684
3743,1998,8,21071,6640,14431
3743,1998,9,21128,7340,13788
3743,1998,10,21049,49540,-28491
3743,1998,11,21065,8940,12125
3743,1998,12,31563,15425,16138
3745,1993,8,27253,0,27253
3745,1993,9,26452,3200,23252
3745,1993,10,26512,13800,12712
3745,1993,11,26539,21100,5439
3745,1993,12,39682,39525,157
3745,1994,1,26426,68425,-41999
3745,1994,2,26389,27025,-636
3745,1994,3,26402,21165,5237
3745,1994,4,26429,17369,9060
3745,1994,5,26442,35025,-8583
3745,1994,6,39586,33849,5737
3745,1994,7,26457,21725,4732
3745,1994,8,26460,31658,-5198
3745,1994,9,26432,39249,-12817
3745,1994,10,27909,25532,2377
3745,1994,11,30586,22525,8061
3745,1994,12,39599,30225,9374
3745,1995,1,32691,49225,-16534
3745,1995,2,26617,12325,14292
3745,1995,3,26474,17625,8849
3745,1995,4,26506,22825,3681
3745,1995,5,26520,23925,2595
3745,1995,6,39695,31225,8470
3745,1995,7,26548,36225,-9677
3745,1995,8,26523,23525,2998
3745,1995,9,26532,25525,1007
3745,1995,10,26531,29125,-2594
3745,1995,11,26492,36338,-9846
3745,1995,12,39642,36425,3217
3745,1996,1,32239,48025,-15786
3745,1996,2,26443,14425,12018
3745,1996,3,26483,21725,4758
3745,1996,4,26481,28093,-1612
3745,1996,5,26474,37550,-11076
3745,1996,6,39811,27325,12486
3745,1996,7,26501,20986,5515
3745,1996,8,26523,20725,5798
3745,1996,9,26517,42731,-16214
3745,1996,10,27455,34410,-6955
3745,1996,11,29071,12325,16746
3745,1996,12,39687,24925,14762
3745,1997,1,26486,66178,-39692
3745,1997,2,36352,12325,24027
3745,1997,3,26528,13625,12903
3745,1997,4,26574,17025,9549
3745,1997,5,33707,72064,-38357
3745,1997,6,45244,26425,18819
3745,1997,7,32225,23425,8800
3745,1997,8,26535,34005,-7470
3745,1997,9,33213,35401,-2188
3745,1997,10,37943,45047,-7104
3745,1997,11,40246,12325,27921
3745,1997,12,51257,38125,13132
3745,1998,1,29773,72750,-42977
3745,1998,2,46921,35725,11196
3745,1998,3,42710,45539,-2829
3745,1998,4,48988,18325,30663
3745,1998,5,29671,12325,17346
3745,1998,6,48405,55531,-7126
3745,1998,7,59082,103718,-44636
3745,1998,8,50586,21325,29261
3745,1998,9,34392,44485,-10093
3745,1998,10,36024,24754,11270
3745,1998,11,37040,32027,5013
3745,1998,12,66417,99345,-32928
3746,1996,6,29641,0,29641
3746,1996,7,19209,1700,17509
3746,1996,8,19247,11700,7547
3746,1996,9,19273,13200,6073
3746,1996,10,19265,24744,-5479
3746,1996,11,19266,18824,442
3746,1996,12,28825,27604,1221
3746,1997,1,19287,22364,-3077
3746,1997,2,19288,4924,14364
3746,1997,3,19315,28604,-9289
3746,1997,4,19297,23284,-3987
3746,1997,5,19291,17444,1847
3746,1997,6,28825,25004,3821
3746,1997,7,19314,15124,4190
3746,1997,8,19328,19024,304
3746,1997,9,19328,19624,-296
3746,1997,10,19328,14924,4404
3746,1997,11,19341,17604,1737
3746,1997,12,28884,28204,680
3746,1998,1,19331,23564,-4233
3746,1998,2,19338,12124,7214
3746,1998,3,19357,16364,2993
3746,1998,4,19375,19624,-249
3746,1998,5,19379,18424,955
3746,1998,6,28831,41764,-12933
3746,1998,7,19329,11924,7405
3746,1998,8,19349,20164,-815
3746,1998,9,19351,14624,4727
3746,1998,10,19376,18284,1092
3746,1998,11,19376,13124,6252
3746,1998,12,28959,8909,20050
3747,1994,5,17010,0,17010
3747,1994,6,12933,2700,10233
3747,1994,7,8688,6400,2288
3747,1994,8,8698,5100,3598
3747,1994,9,8699,14431,-5732
3747,1994,10,8685,20231,-11546
3747,1994,11,12554,5731,6823
3747,1994,12,14672,14191,481
3747,1995,1,14645,22056,-7411
3747,1995,2,13439,12096,1343
3747,1995,3,12143,12096,47
3747,1995,4,10442,12096,-1654
3747,1995,5,11336,12096,-760
3747,1995,6,16335,12096,4239
3747,1995,7,15043,16776,-1733
3747,1995,8,12946,12096,850
3747,1995,9,14652,12096,2556
3747,1995,10,11457,13056,-1599
3747,1995,11,9650,12096,-2446
3747,1995,12,16742,17176,-434
3747,1996,1,12822,18491,-5669
3747,1996,2,13721,18331,-4610
3747,1996,3,11511,7171,4340
3747,1996,4,17628,10231,7397
3747,1996,5,13158,11131,2027
3747,1996,6,12949,14531,-1582
3747,1996,7,10452,20731,-10279
3747,1996,8,11825,5731,6094
3747,1996,9,11235,10431,804
3747,1996,10,11529,12931,-1402
3747,1996,11,8628,13631,-5003
3747,1996,12,16313,11131,5182
3747,1997,1,15026,15451,-425
3747,1997,2,8632,9731,-1099
3747,1997,3,8617,12131,-3514
3747,1997,4,8601,11931,-3330
3747,1997,5,8605,9931,-1326
3747,1997,6,12902,5731,7171
3747,1997,7,8622,10731,-2109
3747,1997,8,8622,5731,2891
3747,1997,9,8624,11031,-2407
3747,1997,10,15041,5731,9310
3747,1997,11,15072,11931,3141
3747,1997,12,12957,14731,-1774
3747,1998,1,12051,19111,-7060
3747,1998,2,8633,13331,-4698
3747,1998,3,8618,5731,2887
3747,1998,4,8630,5731,2899
3747,1998,5,8640,12531,-3891
3747,1998,6,12927,5731,7196
3747,1998,7,8633,12431,-3798
3747,1998,8,8639,5731,2908
3747,1998,9,8637,10531,-1894
3747,1998,10,8642,10931,-2289
3747,1998,11,8633,5731,2902
3747,1998,12,12934,11016,1918
3748,1993,7,1000,0,1000
3748,1993,8,3192,0,3192
3748,1993,9,3192,0,3192
3748,1993,10,3192,0,3192
3748,1993,11,3192,0,3192
3748,1993,12,3232,323,2909
3748,1994,1,3254,6433,-3179
3748,1994,2,3249,3313,-64
3748,1994,3,3251,2353,898
3748,1994,4,3254,3403,-149
3748,1994,5,3254,2413,841
3748,1994,6,3258,2143,1115
3748,1994,7,3263,2143,1120
3748,1994,8,3261,3553,-292
3748,1994,9,3264,3103,161
3748,1994,10,3267,2143,1124
3748,1994,11,3271,2143,1128
3748,1994,12,3274,2323,951
3748,1995,1,3267,7033,-3766
3748,1995,2,3264,2143,1121
3748,1995,3,3269,2143,1126
3748,1995,4,3273,2713,560
3748,1995,5,3275,2593,682
3748,1995,6,3270,9943,-6673
3748,1995,7,3250,2893,357
3748,1995,8,3252,2143,1109
3748,1995,9,3256,3613,-357
3748,1995,10,3256,2143,1113
3748,1995,11,3260,2143,1117
3748,1995,12,3264,2683,581
3748,1996,1,3256,6553,-3297
3748,1996,2,3253,2143,1110
3748,1996,3,3258,2143,1115
3748,1996,4,3263,2143,1120
3748,1996,5,3266,2503,763
3748,1996,6,3265,4903,-1638
3748,1996,7,3264,2143,1121
3748,1996,8,3268,2293,975
3748,1996,9,3270,2863,407
3748,1996,10,3274,2143,1131
3748,1996,11,3274,3823,-549
3748,1996,12,3272,2983,289
3748,1997,1,3268,6133,-2865
3748,1997,2,3265,2143,1122
3748,1997,3,3266,5043,-1777
3748,1997,4,3259,3613,-354
3748,1997,5,3259,3223,36
3748,1997,6,3261,2143,1118
3748,1997,7,3263,3903,-640
3748,1997,8,3261,3073,188
3748,1997,9,3262,3163,99
3748,1997,10,3264,2143,1121
3748,1997,11,3269,2143,1126
3748,1997,12,3272,2563,709
3748,1998,1,3265,5413,-2148
3748,1998,2,3267,2143,1124
3748,1998,3,3272,2143,1129
3748,1998,4,3277,2143,1134
3748,1998,5,3276,4543,-1267
3748,1998,6,3272,3943,-671
3748,1998,7,3273,2143,1130
3748,1998,8,3278,2143,1135
3748,1998,9,3276,4743,-1467
3748,1998,10,3272,3843,-571
3748,1998,11,3264,5643,-2379
3748,1998,12,3260,3568,-308
3749,1996,8,800,0,800
3749,1996,9,25927,0,25927
3749,1996,10,23589,13300,10289
3749,1996,11,23618,17800,5818
3749,1996,12,35386,23100,12286
3749,1997,1,23708,14219,9489
3749,1997,2,23731,19819,3912
3749,1997,3,23717,35519,-11802
3749,1997,4,23707,16719,6988
3749,1997,5,23724,20419,3305
3749,1997,6,35491,22719,12772
3749,1997,7,23765,29379,-5614
3749,1997,8,23727,33979,-10252
3749,1997,9,23728,19519,4209
3749,1997,10,23725,25739,-2014
3749,1997,11,23730,21819,1911
3749,1997,12,35473,31819,3654
3749,1998,1,23745,24419,-674
3749,1998,2,23730,28119,-4389
3749,1998,3,23703,28519,-4816
3749,1998,4,23707,28319,-4612
3749,1998,5,23691,23419,272
3749,1998,6,35455,24419,11036
3749,1998,7,23717,48619,-24902
3749,1998,8,23670,27519,-3849
3749,1998,9,23653,27119,-3466
3749,1998,10,23637,26819,-3182
3749,1998,11,23623,25219,-1596
3749,1998,12,35377,6304,29073
3750,1995,3,1000,0,1000
3750,1995,4,23180,0,23180
3750,1995,5,20350,12200,8150
3750,1995,6,30502,22100,8402
3750,1995,7,20401,20800,-399
3750,1995,8,20390,31809,-11419
3750,1995,9,20378,17329,3049
3750,1995,10,20369,19789,580
3750,1995,11,20365,21889,-1524
3750,1995,12,30491,29529,962
3750,1996,1,20344,34829,-14485
3750,1996,2,20319,20469,-150
3750,1996,3,20302,22429,-2127
3750,1996,4,20311,21289,-978
3750,1996,5,20298,19089,1209
3750,1996,6,30456,17189,13267
3750,1996,7,20347,22989,-2642
3750,1996,8,20335,28629,-8294
3750,1996,9,20324,17489,2835
3750,1996,10,20320,21369,-1049
3750,1996,11,20348,11989,8359
3750,1996,12,30501,22689,7812
3750,1997,1,20340,42029,-21689
3750,1997,2,29874,7789,22085
3750,1997,3,20394,18989,1405
3750,1997,4,20396,20529,-133
3750,1997,5,20411,15989,4422
3750,1997,6,30604,30629,-25
3750,1997,7,21051,12109,8942
3750,1997,8,20483,11189,9294
3750,1997,9,20503,16389,4114
3750,1997,10,20511,18989,1522
3750,1997,11,20491,24529,-4038
3750,1997,12,30658,19489,11169
3750,1998,1,20461,48189,-27728
3750,1998,2,20442,13429,7013
3750,1998,3,20485,11889,8596
3750,1998,4,20499,18189,2310
3750,1998,5,20508,29589,-9081
3750,1998,6,30633,28629,2004
3750,1998,7,20489,25209,-4720
3750,1998,8,20471,22089,-1618
3750,1998,9,20459,27569,-7110
3750,1998,10,20431,23289,-2858
3750,1998,11,20432,20309,123
3750,1998,12,30591,10334,20257
3751,1993,9,1100,0,1100
3751,1993,10,21019,0,21019
3751,1993,11,20091,7500,12591
3751,1993,12,30125,18800,11325
3751,1994,1,20155,22000,-1845
3751,1994,2,20147,22215,-2068
3751,1994,3,20158,23171,-3013
3751,1994,4,20144,19371,773
3751,1994,5,20136,23871,-3735
3751,1994,6,30133,36371,-6238
3751,1994,7,20117,14471,5646
3751,1994,8,20123,19271,852
3751,1994,9,20122,20771,-649
3751,1994,10,20125,18771,1354
3751,1994,11,20127,22971,-2844
3751,1994,12,30120,24071,6049
3751,1995,1,20139,29371,-9232
3751,1995,2,20141,5871,14270
3751,1995,3,20149,23371,-3222
3751,1995,4,20122,27071,-6949
3751,1995,5,20166,23071,-2905
3751,1995,6,30125,37871,-7746
3751,1995,7,20826,3171,17655
3751,1995,8,20158,14571,5587
3751,1995,9,20159,20371,-212
3751,1995,10,20153,23871,-3718
3751,1995,11,20152,20171,-19
3751,1995,12,30161,18971,11190
3751,1996,1,20158,35271,-15113
3751,1996,2,20143,15171,4972
3751,1996,3,20145,20471,-326
3751,1996,4,20155,17371,2784
3751,1996,5,20166,17471,2695
3751,1996,6,30158,43471,-13313
3751,1996,7,20137,30271,-10134
3751,1996,8,20127,21571,-1444
3751,1996,9,20120,22071,-1951
3751,1996,10,20109,21271,-1162
3751,1996,11,20105,19871,234
3751,1996,12,30108,28571,1537
3751,1997,1,20088,25571,-5483
3751,1997,2,20088,18171,1917
3751,1997,3,20097,17071,3026
3751,1997,4,20106,22171,-2065
3751,1997,5,20097,20571,-474
3751,1997,6,30060,28371,1689
3751,1997,7,20096,23771,-3675
3751,1997,8,20080,22071,-1991
3751,1997,9,20089,3171,16918
3751,1997,10,20125,34871,-14746
3751,1997,11,20090,6371,13719
3751,1997,12,30132,35771,-5639
3751,1998,1,20097,15071,5026
3751,1998,2,20114,33971,-13857
3751,1998,3,20094,3171,16923
3751,1998,4,20126,34071,-13945
3751,1998,5,20098,5471,14627
3751,1998,6,30134,38971,-8837
3751,1998,7,20117,9771,10346
3751,1998,8,20119,36671,-16552
3751,1998,9,20102,4971,15131
3751,1998,10,20167,6371,13796
3751,1998,11,20147,45571,-25424
3751,1998,12,30136,3156,26980
3752,1994,11,200,0,200
3752,1994,12,25628,300,25328
3752,1995,1,17185,8100,9085
3752,1995,2,17217,12400,4817
3752,1995,3,17236,13400,3836
3752,1995,4,17272,15580,1692
3752,1995,5,17274,19680,-2406
3752,1995,6,25817,22880,2937
3752,1995,7,17277,17880,-603
3752,1995,8,17272,18380,-1108
3752,1995,9,17271,16060,1211
3752,1995,10,17274,15980,1294
3752,1995,11,17277,15240,2037
3752,1995,12,25845,22340,3505
3752,1996,1,17267,37620,-20353
3752,1996,2,17230,6580,10650
3752,1996,3,17260,15380,1880
3752,1996,4,17274,17153,121
3752,1996,5,17273,12733,4540
3752,1996,6,25833,16533,9300
3752,1996,7,17326,16733,593
3752,1996,8,17332,16633,699
3752,1996,9,17322,16433,889
3752,1996,10,17313,22993,-5680
3752,1996,11,17301,21113,-3812
3752,1996,12,25863,17573,8290
3752,1997,1,17308,28213,-10905
3752,1997,2,17278,14533,2745
3752,1997,3,17285,17833,-548
3752,1997,4,17273,20033,-2760
3752,1997,5,17261,19533,-2272
3752,1997,6,25805,21933,3872
3752,1997,7,17284,13733,3551
3752,1997,8,17254,32913,-15659
3752,1997,9,17245,11833,5412
3752,1997,10,17269,9633,7636
3752,1997,11,17283,15633,1650
3752,1997,12,25835,21953,3882
3752,1998,1,17277,31113,-13836
3752,1998,2,17257,13633,3624
3752,1998,3,17263,16033,1230
3752,1998,4,17255,21613,-4358
3752,1998,5,17246,17233,13
3752,1998,6,25788,29073,-3285
3752,1998,7,17249,12473,4776
3752,1998,8,18796,5233,13563
3752,1998,9,17338,8633,8705
3752,1998,10,17379,6433,10946
3752,1998,11,17402,14833,2569
3752,1998,12,25968,16178,9790
3753,1995,2,900,0,900
3753,1995,3,5937,0,5937
3753,1995,4,5937,0,5937
3753,1995,5,5937,0,5937
3753,1995,6,5960,600,5360
3753,1995,7,6043,815,5228
3753,1995,8,6068,4855,1213
3753,1995,9,6074,4355,1719
3753,1995,10,6077,7155,-1078
3753,1995,11,6072,7255,-1183
3753,1995,12,6059,8055,-1996
3753,1996,1,6051,10715,-4664
3753,1996,2,6045,2755,3290
3753,1996,3,6055,5455,600
3753,1996,4,6047,11875,-5828
3753,1996,5,6037,5235,802
3753,1996,6,6035,4595,1440
3753,1996,7,6048,1855,4193
3753,1996,8,6061,3955,2106
3753,1996,9,6061,7755,-1694
3753,1996,10,6054,7755,-1701
3753,1996,11,6047,7255,-1208
3753,1996,12,6053,2555,3498
3753,1997,1,6043,12395,-6352
3753,1997,2,6036,4515,1521
3753,1997,3,6043,3635,2408
3753,1997,4,6055,3115,2940
3753,1997,5,6066,3855,2211
3753,1997,6,6071,5655,416
3753,1997,7,6082,1755,4327
3753,1997,8,6089,5755,334
3753,1997,9,6095,3755,2340
3753,1997,10,6112,1555,4557
3753,1997,11,6124,4135,1989
3753,1997,12,6134,3135,2999
3753,1998,1,6123,14535,-8412
3753,1998,2,6114,2355,3759
3753,1998,3,6123,11315,-5192
3753,1998,4,6105,3055,3050
3753,1998,5,6117,3355,2762
3753,1998,6,6130,3915,2215
3753,1998,7,6132,5255,877
3753,1998,8,6135,5055,1080
3753,1998,9,6144,3755,2389
3753,1998,10,6143,7055,-912
3753,1998,11,6133,9055,-2922
3753,1998,12,6134,4940,1194
3754,1996,2,900,0,900
3754,1996,3,29609,600,29009
3754,1996,4,29706,17100,12606
3754,1996,5,29750,22400,7350
3754,1996,6,44567,34800,9767
3754,1996,7,29818,50489,-20671
3754,1996,8,29730,32006,-2276
3754,1996,9,29685,42170,-12485
3754,1996,10,29700,30171,-471
3754,1996,11,29704,19259,10445
3754,1996,12,44525,53993,-9468
3754,1997,1,30882,28159,2723
3754,1997,2,29693,27178,2515
3754,1997,3,29725,19969,9756
3754,1997,4,29756,24859,4897
3754,1997,5,29752,41159,-11407
3754,1997,6,44554,25359,19195
3754,1997,7,29806,24859,4947
3754,1997,8,29739,58625,-28886
3754,1997,9,29728,15559,14169
3754,1997,10,29737,44138,-14401
3754,1997,11,34408,25741,8667
3754,1997,12,44555,28059,16496
3754,1998,1,29715,58901,-29186
3754,1998,2,29700,17959,11741
3754,1998,3,29715,34459,-4744
3754,1998,4,29704,30459,-755
3754,1998,5,29700,26459,3241
3754,1998,6,44520,32659,11861
3754,1998,7,29733,34562,-4829
3754,1998,8,29894,9859,20035
3754,1998,9,29843,19259,10584
3754,1998,10,29862,33259,-3397
3754,1998,11,29867,21503,8364
3754,1998,12,44664,43573,1091
3755,1996,1,200,0,200
3755,1996,2,48567,0,48567
3755,1996,3,66096,58900,7196
3755,1996,4,21665,29900,-8235
3755,1996,5,33671,13315,20356
3755,1996,6,57846,84165,-26319
3755,1996,7,41721,59654,-17933
3755,1996,8,43533,32115,11418
3755,1996,9,49875,45739,4136
3755,1996,10,126258,119848,6410
3755,1996,11,26815,40702,-13887
3755,1996,12,163531,113415,50116
3755,1997,1,39829,82215,-42386
3755,1997,2,129,15315,-15186
3755,1997,3,8934,13615,-4681
3755,1997,4,81,13515,-13434
3755,1997,5,138931,55615,83316
3755,1997,6,31661,70960,-39299
3755,1997,7,977,37264,-36287
3755,1997,8,26039,13515,12524
3755,1997,9,40509,46173,-5664
3755,1997,10,17961,13515,4446
3755,1997,11,44572,13515,31057
3755,1997,12,55579,29163,26416
3755,1998,1,20842,59037,-38195
3755,1998,2,93049,35015,58034
3755,1998,3,58156,109985,-51829
3755,1998,4,32806,29415,3391
3755,1998,5,49979,30639,19340
3755,1998,6,49082,80383,-31301
3755,1998,7,126,15515,-15389
3755,1998,8,44352,13515,30837
3755,1998,9,31162,27815,3347
3755,1998,10,64056,62669,1387
3755,1998,11,18044,38415,-20371
3755,1998,12,31962,43800,-11838
3756,1994,10,400,0,400
3756,1994,11,12400,0,12400
3756,1994,12,30940,0,30940
3756,1995,1,51889,25000,26889
3756,1995,2,294,21200,-20906
3756,1995,3,144524,109830,34694
3756,1995,4,19431,34553,-15122
3756,1995,5,41510,44753,-3243
3756,1995,6,57514,32653,24861
3756,1995,7,25001,60642,-35641
3756,1995,8,6913,23553,-16640
3756,1995,9,125,14453,-14328
3756,1995,10,32833,23753,9080
3756,1995,11,43084,23853,19231
3756,1995,12,24263,44153,-19890
3756,1996,1,8490,23153,-14663
3756,1996,2,5266,9053,-3787
3756,1996,3,43116,30047,13069
3756,1996,4,5103,9053,-3950
3756,1996,5,26898,9053,17845
3756,1996,6,140,12353,-12213
3756,1996,7,19284,14553,4731
3756,1996,8,116,9553,-9437
3756,1996,9,51540,12053,39487
3756,1996,10,47025,52133,-5108
3756,1996,11,183,24453,-24270
3756,1996,12,9000,13353,-4353
3756,1997,1,27185,28253,-1068
3756,1997,2,2586,14753,-12167
3756,1997,3,43071,19053,24018
3756,1997,4,41415,23053,18362
3756,1997,5,53036,40853,12183
3756,1997,6,44718,59658,-14940
3756,1997,7,9192,30453,-21261
3756,1997,8,34471,16853,17618
3756,1997,9,84637,77353,7284
3756,1997,10,42472,56353,-13881
3756,1997,11,1735,22553,-20818
3756,1997,12,56223,31953,24270
3756,1998,1,95012,86053,8959
3756,1998,2,35301,41059,-5758
3756,1998,3,61903,45453,16450
3756,1998,4,97378,102447,-5069
3756,1998,5,48037,47188,849
3756,1998,6,41796,47730,-5934
3756,1998,7,41631,34853,6778
3756,1998,8,119023,125653,-6630
3756,1998,9,59895,52668,7227
3756,1998,10,38502,42053,-3551
3756,1998,11,26741,46070,-19329
3756,1998,12,105316,79023,26293
3757,1997,9,1100,0,1100
3757,1997,10,29507,3800,25707
3757,1997,11,29598,21600,7998
3757,1997,12,44380,29400,14980
3757,1998,1,29685,29700,-15
3757,1998,2,29722,32767,-3045
3757,1998,3,29715,29967,-252
3757,1998,4,29716,28745,971
3757,1998,5,29715,29867,-152
3757,1998,6,44461,58967,-14506
3757,1998,7,29663,26183,3480
3757,1998,8,29646,31967,-2321
3757,1998,9,29611,37507,-7896
3757,1998,10,29628,23667,5961
3757,1998,11,29630,33414,-3784
3757,1998,12,44392,39352,5040
3758,1995,9,800,0,800
3758,1995,10,13539,0,13539
3758,1995,11,7287,0,7287
3758,1995,12,9117,5800,3317
3758,1996,1,6125,2200,3925
3758,1996,2,6139,5324,815
3758,1996,3,6132,11724,-5592
3758,1996,4,6728,4724,2004
3758,1996,5,6134,4724,1410
3758,1996,6,9146,17324,-8178
3758,1996,7,12220,7724,4496
3758,1996,8,11839,4024,7815
3758,1996,9,8664,4024,4640
3758,1996,10,7877,4024,3853
3758,1996,11,6184,7024,-840
3758,1996,12,9188,10224,-1036
3758,1997,1,6162,14624,-8462
3758,1997,2,8349,4924,3425
3758,1997,3,12476,4024,8452
3758,1997,4,8705,4024,4681
3758,1997,5,6205,8724,-2519
3758,1997,6,9204,32424,-23220
3758,1997,7,14227,7524,6703
3758,1997,8,11253,4024,7229
3758,1997,9,12186,4024,8162
3758,1997,10,10914,4024,6890
3758,1997,11,7928,7724,204
3758,1997,12,9238,6224,3014
3758,1998,1,7619,14724,-7105
3758,1998,2,11128,4024,7104
3758,1998,3,6237,4924,1313
3758,1998,4,6232,8024,-1792
3758,1998,5,7242,4024,3218
3758,1998,6,18412,33124,-14712
3758,1998,7,6691,8024,-1333
3758,1998,8,8393,4024,4369
3758,1998,9,6185,8724,-2539
3758,1998,10,6179,7824,-1645
3758,1998,11,6181,5224,957
3758,1998,12,9293,8209,1084
3759,1993,12,600,0,600
3759,1994,1,4930,0,4930
3759,1994,2,4930,0,4930
3759,1994,3,4930,0,4930
3759,1994,4,4938,200,4738
3759,1994,5,5015,15,5000
3759,1994,6,5035,4707,328
3759,1994,7,5043,2557,2486
3759,1994,8,5052,5257,-205
3759,1994,9,5050,5657,-607
3759,1994,10,5049,3657,1392
3759,1994,11,5047,10297,-5250
3759,1994,12,5033,3157,1876
3759,1995,1,5006,15527,-10521
3759,1995,2,4998,1657,3341
3759,1995,3,5013,1657,3356
3759,1995,4,5023,4557,466
3759,1995,5,5024,5357,-333
3759,1995,6,5023,4657,366
3759,1995,7,5023,6257,-1234
3759,1995,8,5017,6257,-1240
3759,1995,9,5014,4757,257
3759,1995,10,5002,10177,-5175
3759,1995,11,4989,6057,-1068
3759,1995,12,4982,7057,-2075
3759,1996,1,4983,2637,2346
3759,1996,2,4993,2457,2536
3759,1996,3,4993,8057,-3064
3759,1996,4,4983,6057,-1074
3759,1996,5,4984,3457,1527
3759,1996,6,4987,4757,230
3759,1996,7,4990,3857,1133
3759,1996,8,4990,5957,-967
3759,1996,9,4985,6057,-1072
3759,1996,10,4986,3657,1329
3759,1996,11,4996,1657,3339
3759,1996,12,4997,5517,-520
3759,1997,1,4994,8637,-3643
3759,1997,2,4992,1657,3335
3759,1997,3,5007,1657,3350
3759,1997,4,5011,5257,-246
3759,1997,5,5001,10517,-5516
3759,1997,6,4997,1657,3340
3759,1997,7,4998,5957,-959
3759,1997,8,5007,4857,150
3759,1997,9,5006,2617,2389
3759,1997,10,5017,1657,3360
3759,1997,11,5031,1657,3374
3759,1997,12,5042,2307,2735
3759,1998,1,5012,15467,-10455
3759,1998,2,5012,1657,3355
3759,1998,3,5027,1657,3370
3759,1998,4,5040,1657,3383
3759,1998,5,5052,4297,755
3759,1998,6,5043,6057,-1014
3759,1998,7,5054,1657,3397
3759,1998,8,5068,1657,3411
3759,1998,9,5082,1657,3425
3759,1998,10,5096,1657,3439
3759,1998,11,5098,5177,-79
3759,1998,12,5109,2092,3017
3760,1993,1,11814,0,11814
3760,1993,2,38756,14400,24356
3760,1993,3,34951,5200,29751
3760,1993,4,274,19800,-19526
3760,1993,5,151451,139566,11885
3760,1993,6,62116,38011,24105
3760,1993,7,93893,83275,10618
3760,1993,8,33063,30915,2148
3760,1993,9,18517,35015,-16498
3760,1993,10,73961,53615,20346
3760,1993,11,9846,61533,-51687
3760,1993,12,167,23463,-23296
3760,1994,1,4292,7515,-3223
3760,1994,2,14107,15,14092
3760,1994,3,6677,16874,-10197
3760,1994,4,36521,33830,2691
3760,1994,5,85569,3115,82454
3760,1994,6,46955,99361,-52406
3760,1994,7,236,18715,-18479
3760,1994,8,160,9015,-8855
3760,1994,9,55921,38941,16980
3760,1994,10,121742,94660,27082
3760,1994,11,34323,39749,-5426
3760,1994,12,31275,50582,-19307
3760,1995,1,135,25515,-25380
3760,1995,2,98,4315,-4217
3760,1995,3,33008,20615,12393
3760,1995,4,14690,14015,675
3760,1995,5,50924,10715,40209
3760,1995,6,299,27115,-26816
3760,1995,7,27702,17615,10087
3760,1995,8,56133,70015,-13882
3760,1995,9,9601,17615,-8014
3760,1995,10,141,9515,-9374
3760,1995,11,48540,31915,16625
3760,1995,12,160,20131,-19971
3760,1996,1,55711,43064,12647
3760,1996,2,21789,37660,-15871
3760,1996,3,22243,15115,7128
3760,1996,4,39712,31279,8433
3760,1996,5,48113,40215,7898
3760,1996,6,157,22191,-22034
3760,1996,7,80,15,65
3760,1996,8,54907,34332,20575
3760,1996,9,58403,44615,13788
3760,1996,10,46186,63737,-17551
3760,1996,11,89826,49432,40394
3760,1996,12,27772,65358,-37586
3760,1997,1,57127,59915,-2788
3760,1997,2,45358,38415,6943
3760,1997,3,42642,52515,-9873
3760,1997,4,28716,27415,1301
3760,1997,5,48101,40315,7786
3760,1997,6,171,22815,-22644
3760,1997,7,80,15,65
3760,1997,8,25252,20915,4337
3760,1997,9,117165,53615,63550
3760,1997,10,96101,105915,-9814
3760,1997,11,33072,72515,-39443
3760,1997,12,133077,91415,41662
3760,1998,1,34083,59115,-25032
3760,1998,2,45334,24215,21119
3760,1998,3,32416,51415,-18999
3760,1998,4,231,26615,-26384
3760,1998,5,123,10415,-10292
3760,1998,6,9687,15,9672
3760,1998,7,30435,29315,1120
3760,1998,8,66387,33615,32772
3760,1998,9,54853,39215,15638
3760,1998,10,322,39915,-39593
3760,1998,11,67839,34115,33724
3760,1998,12,133543,96900,36643
3763,1995,8,800,0,800
3763,1995,9,18808,0,18808
3763,1995,10,10374,3400,6974
3763,1995,11,10399,6300,4099
3763,1995,12,15562,8300,7262
3763,1996,1,10431,21438,-11007
3763,1996,2,10400,9970,430
3763,1996,3,10404,8570,1834
3763,1996,4,10410,9470,940
3763,1996,5,10406,13170,-2764
3763,1996,6,15538,28070,-12532
3763,1996,7,10656,6870,3786
3763,1996,8,12275,6870,5405
3763,1996,9,10388,9370,1018
3763,1996,10,10391,9970,421
3763,1996,11,10393,11170,-777
3763,1996,12,15543,10670,4873
3763,1997,1,10385,23270,-12885
3763,1997,2,14862,11070,3792
3763,1997,3,10368,13470,-3102
3763,1997,4,14068,11170,2898
3763,1997,5,12683,6870,5813
3763,1997,6,15538,16570,-1032
3763,1997,7,12603,6870,5733
3763,1997,8,10401,16370,-5969
3763,1997,9,10395,7170,3225
3763,1997,10,10391,13170,-2779
3763,1997,11,13005,6870,6135
3763,1997,12,15568,10470,5098
3763,1998,1,10394,28270,-17876
3763,1998,2,10362,9070,1292
3763,1998,3,15390,6870,8520
3763,1998,4,10395,12170,-1775
3763,1998,5,10385,13070,-2685
3763,1998,6,15533,17770,-2237
3763,1998,7,10378,8270,2108
3763,1998,8,10386,8570,1816
3763,1998,9,11803,6870,4933
3763,1998,10,10386,17470,-7084
3763,1998,11,10384,8770,1614
3763,1998,12,15538,11555,3983
3764,1995,11,4825,0,4825
3764,1995,12,16279,0,16279
3764,1996,1,6919,0,6919
3764,1996,2,4033,2200,1833
3764,1996,3,4033,4721,-688
3764,1996,4,4036,2721,1315
3764,1996,5,6650,2521,4129
3764,1996,6,4144,11311,-7167
3764,1996,7,4933,2521,2412
3764,1996,8,10248,2521,7727
3764,1996,9,4072,4421,-349
3764,1996,10,4072,6421,-2349
3764,1996,11,4059,3441,618
3764,1996,12,4060,6471,-2411
3764,1997,1,6645,7591,-946
3764,1997,2,4048,4751,-703
3764,1997,3,4243,3541,702
3764,1997,4,8150,2521,5629
3764,1997,5,4170,3721,449
3764,1997,6,9360,11131,-1771
3764,1997,7,4066,2821,1245
3764,1997,8,7474,2521,4953
3764,1997,9,4090,4621,-531
3764,1997,10,4089,4121,-32
3764,1997,11,4089,3521,568
3764,1997,12,4086,8051,-3965
3764,1998,1,4468,5791,-1323
3764,1998,2,4170,3691,479
3764,1998,3,4068,6021,-1953
3764,1998,4,4059,6421,-2362
3764,1998,5,4052,4321,-269
3764,1998,6,4039,9351,-5312
3764,1998,7,4024,7621,-3597
3764,1998,8,5714,4621,1093
3764,1998,9,5822,3931,1891
3764,1998,10,6732,2521,4211
3764,1998,11,4043,3521,522
3764,1998,12,4046,2956,1090
3765,1996,11,600,0,600
3765,1996,12,3106,0,3106
3765,1997,1,3106,0,3106
3765,1997,2,3106,0,3106
3765,1997,3,3106,0,3106
3765,1997,4,3143,1323,1820
3765,1997,5,3171,2085,1086
3765,1997,6,3174,3315,-141
3765,1997,7,3173,2955,218
3765,1997,8,3176,2085,1091
3765,1997,9,3178,2685,493
3765,1997,10,3182,2085,1097
3765,1997,11,3176,5685,-2509
3765,1997,12,3164,6095,-2931
3765,1998,1,3160,3855,-695
3765,1998,2,3158,3085,73
3765,1998,3,3162,2085,1077
3765,1998,4,3166,2085,1081
3765,1998,5,3169,3135,34
3765,1998,6,3165,4455,-1290
3765,1998,7,3165,2085,1080
3765,1998,8,3170,2085,1085
3765,1998,9,3172,2535,637
3765,1998,10,3176,3045,131
3765,1998,11,3177,2085,1092
3765,1998,12,3179,3840,-661
3766,1996,10,1000,0,1000
3766,1996,11,30492,0,30492
3766,1996,12,231,0,231
3766,1997,1,4331,0,4331
3766,1997,2,131,700,-569
3766,1997,3,3531,0,3531
3766,1997,4,43568,22600,20968
3766,1997,5,249,10800,-10551
3766,1997,6,44393,4300,40093
3766,1997,7,372,25800,-25428
3766,1997,8,372,11700,-11328
3766,1997,9,372,6200,-5828
3766,1997,10,47811,6900,40911
3766,1997,11,364,27000,-26636
3766,1997,12,35250,52274,-17024
3766,1998,1,2520,23146,-20626
3766,1998,2,9899,9646,253
3766,1998,3,12005,9646,2359
3766,1998,4,48378,24046,24332
3766,1998,5,34554,39089,-4535
3766,1998,6,62040,38946,23094
3766,1998,7,30502,41346,-10844
3766,1998,8,39729,36546,3183
3766,1998,9,42626,19546,23080
3766,1998,10,21104,45846,-24742
3766,1998,11,96791,61479,35312
3766,1998,12,48941,36046,12895
3767,1995,11,600,0,600
3767,1995,12,20602,0,20602
3767,1996,1,11672,5300,6372
3767,1996,2,11691,8800,2891
3767,1996,3,11705,7800,3905
3767,1996,4,11708,15690,-3982
3767,1996,5,11700,10451,1249
3767,1996,6,17495,14751,2744
3767,1996,7,11708,13651,-1943
3767,1996,8,11712,8951,2761
3767,1996,9,12036,4551,7485
3767,1996,10,11743,12651,-908
3767,1996,11,11733,14871,-3138
3767,1996,12,17545,10731,6814
3767,1997,1,11757,18931,-7174
3767,1997,2,11746,4751,6995
3767,1997,3,11767,10631,1136
3767,1997,4,11741,18731,-6990
3767,1997,5,11754,7151,4603
3767,1997,6,17501,36371,-18870
3767,1997,7,12696,6231,6465
3767,1997,8,11719,6811,4908
3767,1997,9,11725,8951,2774
3767,1997,10,11743,7251,4492
3767,1997,11,11751,13331,-1580
3767,1997,12,17542,12471,5071
3767,1998,1,11742,24431,-12689
3767,1998,2,11716,11111,605
3767,1998,3,11725,10351,1374
3767,1998,4,11726,8551,3175
3767,1998,5,11761,5151,6610
3767,1998,6,17526,34311,-16785
3767,1998,7,20239,4551,15688
3767,1998,8,11771,13651,-1880
3767,1998,9,11756,9751,2005
3767,1998,10,11774,8451,3323
3767,1998,11,11798,10551,1247
3767,1998,12,17595,5336,12259
3768,1997,6,400,0,400
3768,1997,7,88030,0,88030
3768,1997,8,26808,31000,-4192
3768,1997,9,77316,85815,-8499
3768,1997,10,26932,34015,-7083
3768,1997,11,11196,51218,-40022
3768,1997,12,8674,9815,-1141
3768,1998,1,13631,1515,12116
3768,1998,2,17677,10815,6862
3768,1998,3,158,26215,-26057
3768,1998,4,85,1015,-930
3768,1998,5,16076,15,16061
3768,1998,6,78683,29515,49168
3768,1998,7,16426,69868,-53442
3768,1998,8,38955,43863,-4908
3768,1998,9,80846,73015,7831
3768,1998,10,68985,57099,11886
3768,1998,11,71802,84915,-13113
3768,1998,12,45482,2100,43382
3769,1996,5,700,0,700
3769,1996,6,6851,0,6851
3769,1996,7,6887,200,6687
3769,1996,8,6910,0,6910
3769,1996,9,6939,3400,3539
3769,1996,10,6956,7865,-909
3769,1996,11,6954,5565,1389
3769,1996,12,6954,9455,-2501
3769,1997,1,6936,17095,-10159
3769,1997,2,6916,2065,4851
3769,1997,3,6927,6305,622
3769,1997,4,6939,2065,4874
3769,1997,5,6960,2065,4895
3769,1997,6,6943,16565,-9622
3769,1997,7,6935,4365,2570
3769,1997,8,6950,3465,3485
3769,1997,9,6955,6545,410
3769,1997,10,6967,2065,4902
3769,1997,11,6974,6845,129
3769,1997,12,6973,8195,-1222
3769,1998,1,6954,13785,-6831
3769,1998,2,6948,5345,1603
3769,1998,3,6958,3965,2993
3769,1998,4,6961,6965,-4
3769,1998,5,6945,11465,-4520
3769,1998,6,6925,11965,-5040
3769,1998,7,6923,6165,758
3769,1998,8,6928,5765,1163
3769,1998,9,6921,9165,-2244
3769,1998,10,6932,2065,4867
3769,1998,11,6946,5105,1841
3769,1998,12,6956,7030,-74
3770,1995,9,200,0,200
3770,1995,10,23627,0,23627
3770,1995,11,18208,6200,12008
3770,1995,12,27299,18200,9099
3770,1996,1,18283,14500,3783
3770,1996,2,18290,21875,-3585
3770,1996,3,18279,28175,-9896
3770,1996,4,18243,19915,-1672
3770,1996,5,18235,17275,960
3770,1996,6,37831,54835,-17004
3770,1996,7,21484,12795,8689
3770,1996,8,18617,12795,5822
3770,1996,9,18238,12175,6063
3770,1996,10,18255,15475,2780
3770,1996,11,18281,13175,5106
3770,1996,12,27337,24055,3282
3770,1997,1,18275,37015,-18740
3770,1997,2,19635,15555,4080
3770,1997,3,18378,9075,9303
3770,1997,4,18277,16575,1702
3770,1997,5,18289,14575,3714
3770,1997,6,27354,28595,-1241
3770,1997,7,18309,11875,6434
3770,1997,8,18328,15075,3253
3770,1997,9,18336,17575,761
3770,1997,10,18333,19475,-1142
3770,1997,11,18334,18075,259
3770,1997,12,27387,25275,2112
3770,1998,1,18338,24075,-5737
3770,1998,2,18336,14075,4261
3770,1998,3,18345,15475,2870
3770,1998,4,18358,15875,2483
3770,1998,5,18386,10575,7811
3770,1998,6,27424,32095,-4671
3770,1998,7,18390,13475,4915
3770,1998,8,18421,12075,6346
3770,1998,9,23272,9075,14197
3770,1998,10,19217,9075,10142
3770,1998,11,18411,53475,-35064
3770,1998,12,43680,35460,8220
3771,1993,6,700,0,700
3771,1993,7,49615,0,49615
3771,1993,8,16097,22100,-6003
3771,1993,9,76896,39515,37381
3771,1993,10,120185,107815,12370
3771,1993,11,387,35115,-34728
3771,1993,12,228,26215,-25987
3771,1994,1,44139,3615,40524
3771,1994,2,304,21915,-21611
3771,1994,3,25519,12015,13504
3771,1994,4,271,20315,-20044
3771,1994,5,14574,20115,-5541
3771,1994,6,166,8915,-8749
3771,1994,7,130,4315,-4185
3771,1994,8,25104,12715,12389
3771,1994,9,164,5815,-5651
3771,1994,10,26649,36545,-9896
3771,1994,11,100,615,-515
3771,1994,12,24661,2215,22446
3771,1995,1,23810,48613,-24803
3771,1995,2,88,1015,-927
3771,1995,3,84,815,-731
3771,1995,4,3081,15,3066
3771,1995,5,2092,2977,-885
3771,1995,6,790,15,775
3771,1995,7,3293,2015,1278
3771,1995,8,98,215,-117
3771,1995,9,98,515,-417
3771,1995,10,8798,1915,6883
3771,1995,11,124,2415,-2291
3771,1995,12,30986,20915,10071
3771,1996,1,147,14715,-14568
3771,1996,2,96,1015,-919
3771,1996,3,592,15,577
3771,1996,4,94,415,-321
3771,1996,5,93,2115,-2022
3771,1996,6,2185,15,2170
3771,1996,7,193,15,178
3771,1996,8,3995,15,3980
3771,1996,9,110,2315,-2205
3771,1996,10,2802,15,2787
3771,1996,11,112,3315,-3203
3771,1996,12,97,1615,-1518
3771,1997,1,55173,15807,39366
3771,1997,2,32304,45630,-13326
3771,1997,3,37627,28215,9412
3771,1997,4,20623,20215,408
3771,1997,5,69128,81715,-12587
3771,1997,6,64008,59315,4693
3771,1997,7,207,15915,-15708
3771,1997,8,68738,20215,48523
3771,1997,9,73835,109075,-35240
3771,1997,10,105429,77415,28014
3771,1997,11,66555,42368,24187
3771,1997,12,53344,93224,-39880
3771,1998,1,26346,39854,-13508
3771,1998,2,36990,17115,19875
3771,1998,3,26337,20212,6125
3771,1998,4,77028,71858,5170
3771,1998,5,46286,15615,30671
3771,1998,6,46859,65984,-19125
3771,1998,7,56367,76400,-20033
3771,1998,8,96787,71000,25787
3771,1998,9,135914,123553,12361
3771,1998,10,138679,147879,-9200
3771,1998,11,403,26015,-25612
3771,1998,12,35593,14800,20793
3772,1995,11,1100,0,1100
3772,1995,12,35413,4200,31213
3772,1996,1,23721,16300,7421
3772,1996,2,23747,19200,4547
3772,1996,3,23752,27100,-3348
3772,1996,4,23770,23790,-20
3772,1996,5,23766,24690,-924
3772,1996,6,35566,52390,-16824
3772,1996,7,23710,14990,8720
3772,1996,8,23728,19990,3738
3772,1996,9,23743,20590,3153
3772,1996,10,23753,20390,3363
3772,1996,11,23765,20890,2875
3772,1996,12,35567,34890,677
3772,1997,1,23740,44390,-20650
3772,1997,2,23706,14990,8716
3772,1997,3,23737,19690,4047
3772,1997,4,23750,20090,3660
3772,1997,5,23750,24790,-1040
3772,1997,6,35523,47890,-12367
3772,1997,7,23707,19690,4017
3772,1997,8,23710,23590,120
3772,1997,9,23752,19790,3962
3772,1997,10,23765,17290,6475
3772,1997,11,23769,17390,6379
3772,1997,12,35630,19990,15640
3772,1998,1,23811,41390,-17579
3772,1998,2,23775,19590,4185
3772,1998,3,23789,30390,-6601
3772,1998,4,23777,24790,-1013
3772,1998,5,23765,24190,-425
3772,1998,6,35515,46290,-10775
3772,1998,7,23734,22290,1444
3772,1998,8,23733,24590,-857
3772,1998,9,23717,22590,1127
3772,1998,10,23743,21290,2453
3772,1998,11,23752,21690,2062
3772,1998,12,35537,30775,4762
3773,1997,5,6513,0,6513
3773,1997,6,5818,0,5818
3773,1997,7,5818,0,5818
3773,1997,8,5818,0,5818
3773,1997,9,5868,4521,1347
3773,1997,10,5904,3161,2743
3773,1997,11,5915,5061,854
3773,1997,12,5911,7971,-2060
3773,1998,1,5893,11521,-5628
3773,1998,2,5879,6601,-722
3773,1998,3,5877,6201,-324
3773,1998,4,5870,8121,-2251
3773,1998,5,5873,3161,2712
3773,1998,6,5848,15111,-9263
3773,1998,7,5846,3161,2685
3773,1998,8,5857,3161,2696
3773,1998,9,5866,6121,-255
3773,1998,10,5867,3161,2706
3773,1998,11,5878,3161,2717
3773,1998,12,5888,4496,1392
3774,1996,8,300,0,300
3774,1996,9,20846,0,20846
3774,1996,10,13033,1200,11833
3774,1996,11,13079,7900,5179
3774,1996,12,19570,17600,1970
3774,1997,1,13106,23275,-10169
3774,1997,2,13066,18321,-5255
3774,1997,3,13054,12641,413
3774,1997,4,13056,10841,2215
3774,1997,5,13058,13441,-383
3774,1997,6,19551,15741,3810
3774,1997,7,13078,12041,1037
3774,1997,8,13078,15841,-2763
3774,1997,9,13060,14141,-1081
3774,1997,10,13067,10441,2626
3774,1997,11,13077,11341,1736
3774,1997,12,19561,18361,1200
3774,1998,1,13051,25101,-12050
3774,1998,2,15745,8641,7104
3774,1998,3,13065,13841,-776
3774,1998,4,13061,14041,-980
3774,1998,5,13049,13381,-332
3774,1998,6,19547,13241,6306
3774,1998,7,14674,20161,-5487
3774,1998,8,13061,11641,1420
3774,1998,9,13060,15441,-2381
3774,1998,10,13052,14641,-1589
3774,1998,11,13045,14041,-996
3774,1998,12,19533,10866,8667
3775,1993,6,300,0,300
3775,1993,7,6136,0,6136
3775,1993,8,6136,0,6136
3775,1993,9,6136,0,6136
3775,1993,10,6136,0,6136
3775,1993,11,6164,2315,3849
3775,1993,12,6254,6913,-659
3775,1994,1,6237,12253,-6016
3775,1994,2,6231,5443,788
3775,1994,3,6240,3363,2877
3775,1994,4,6249,5643,606
3775,1994,5,6252,5763,489
3775,1994,6,6235,15523,-9288
3775,1994,7,6217,3863,2354
3775,1994,8,6223,5023,1200
3775,1994,9,6222,6063,159
3775,1994,10,6228,6163,65
3775,1994,11,6229,5363,866
3775,1994,12,6225,8163,-1938
3775,1995,1,6211,12223,-6012
3775,1995,2,6201,4363,1838
3775,1995,3,6209,4363,1846
3775,1995,4,6216,6383,-167
3775,1995,5,6215,5303,912
3775,1995,6,6208,11333,-5125
3775,1995,7,6202,2463,3739
3775,1995,8,6210,5863,347
3775,1995,9,6215,3963,2252
3775,1995,10,6218,5443,775
3775,1995,11,6216,8863,-2647
3775,1995,12,6216,4613,1603
3775,1996,1,6208,10723,-4515
3775,1996,2,6204,4063,2141
3775,1996,3,6217,2463,3754
3775,1996,4,6210,12543,-6333
3775,1996,5,6206,4463,1743
3775,1996,6,6202,8113,-1911
3775,1996,7,6205,3263,2942
3775,1996,8,6216,3283,2933
3775,1996,9,6214,9183,-2969
3775,1996,10,6217,2463,3754
3775,1996,11,6233,2463,3770
3775,1996,12,6246,3313,2933
3775,1997,1,6226,15143,-8917
3775,1997,2,6223,2463,3760
3775,1997,3,6239,2463,3776
3775,1997,4,6240,7863,-1623
3775,1997,5,6248,2463,3785
3775,1997,6,6238,12113,-5875
3775,1997,7,6227,5763,464
3775,1997,8,6217,8563,-2346
3775,1997,9,6231,2463,3768
3775,1997,10,6224,8863,-2639
3775,1997,11,6225,8583,-2358
3775,1997,12,6213,6283,-70
3775,1998,1,6207,10323,-4116
3775,1998,2,6201,4143,2058
3775,1998,3,6212,4783,1429
3775,1998,4,6223,2463,3760
3775,1998,5,6229,5183,1046
3775,1998,6,6227,6663,-436
3775,1998,7,6219,8463,-2244
3775,1998,8,6226,8863,-2637
3775,1998,9,6219,5143,1076
3775,1998,10,6217,9963,-3746
3775,1998,11,6207,5963,244
3775,1998,12,6210,2448,3762
3776,1996,10,1000,0,1000
3776,1996,11,26770,0,26770
3776,1996,12,34817,17500,17317
3776,1997,1,23300,21100,2200
3776,1997,2,23312,20000,3312
3776,1997,3,23319,26876,-3557
3776,1997,4,23299,27215,-3916
3776,1997,5,23284,26915,-3631
3776,1997,6,34840,30915,3925
3776,1997,7,23299,20215,3084
3776,1997,8,23307,22815,492
3776,1997,9,23338,11815,11523
3776,1997,10,23360,19215,4145
3776,1997,11,23377,21415,1962
3776,1997,12,34954,24415,10539
3776,1998,1,23405,33215,-9810
3776,1998,2,23382,18515,4867
3776,1998,3,23396,22815,581
3776,1998,4,23388,26315,-2927
3776,1998,5,23390,20515,2875
3776,1998,6,34983,42315,-7332
3776,1998,7,23372,19415,3957
3776,1998,8,23388,21615,1773
3776,1998,9,23392,22015,1377
3776,1998,10,23400,21915,1485
3776,1998,11,23378,28815,-5437
3776,1998,12,34943,28900,6043
3777,1995,1,200,0,200
3777,1995,2,3223,0,3223
3777,1995,3,3223,0,3223
3777,1995,4,3223,0,3223
3777,1995,5,3223,0,3223
3777,1995,6,3276,2163,1113
3777,1995,7,3288,2163,1125
3777,1995,8,3290,3393,-103
3777,1995,9,3292,3573,-281
3777,1995,10,3291,2163,1128
3777,1995,11,3296,2163,1133
3777,1995,12,3299,2553,746
3777,1996,1,3302,3003,299
3777,1996,2,3305,2673,632
3777,1996,3,3308,2163,1145
3777,1996,4,3312,2163,1149
3777,1996,5,3317,2163,1154
3777,1996,6,3306,8073,-4767
3777,1996,7,3302,2163,1139
3777,1996,8,3305,3063,242
3777,1996,9,3305,3003,302
3777,1996,10,3309,2163,1146
3777,1996,11,3314,2163,1151
3777,1996,12,3311,4533,-1222
3777,1997,1,3306,4443,-1137
3777,1997,2,3309,2163,1146
3777,1997,3,3307,4803,-1496
3777,1997,4,3307,2163,1144
3777,1997,5,3310,3273,37
3777,1997,6,3308,3333,-25
3777,1997,7,3312,2163,1149
3777,1997,8,3317,2163,1154
3777,1997,9,3321,2163,1158
3777,1997,10,3326,2163,1163
3777,1997,11,3331,2163,1168
3777,1997,12,3334,2673,661
3777,1998,1,3333,4593,-1260
3777,1998,2,3333,2163,1170
3777,1998,3,3337,3513,-176
3777,1998,4,3337,2163,1174
3777,1998,5,3341,3243,98
3777,1998,6,3323,9303,-5980
3777,1998,7,3318,2163,1155
3777,1998,8,3319,3033,286
3777,1998,9,3324,2163,1161
3777,1998,10,3328,2163,1165
3777,1998,11,3332,2493,839
3777,1998,12,3336,2358,978
3778,1993,7,23985,0,23985
3778,1993,8,24386,0,24386
3778,1993,9,23045,10200,12845
3778,1993,10,23075,16600,6475
3778,1993,11,23083,22150,933
3778,1993,12,34505,54790,-20285
3778,1994,1,23026,35930,-12904
3778,1994,2,23010,3050,19960
3778,1994,3,23053,34650,-11597
3778,1994,4,23062,19050,4012
3778,1994,5,23071,22750,321
3778,1994,6,34432,39190,-4758
3778,1994,7,23037,22150,887
3778,1994,8,23039,21050,1989
3778,1994,9,23046,21050,1996
3778,1994,10,23046,24390,-1344
3778,1994,11,23039,23230,-191
3778,1994,12,34473,28130,6343
3778,1995,1,23038,40530,-17492
3778,1995,2,22988,19030,3958
3778,1995,3,23018,15650,7368
3778,1995,4,23038,18910,4128
3778,1995,5,23060,19950,3110
3778,1995,6,34457,41990,-7533
3778,1995,7,23037,21230,1807
3778,1995,8,23049,16550,6499
3778,1995,9,23065,23850,-785
3778,1995,10,23062,22650,412
3778,1995,11,23066,19750,3316
3778,1995,12,34507,28110,6397
3778,1996,1,23058,39830,-16772
3778,1996,2,23037,17550,5487
3778,1996,3,23055,19850,3205
3778,1996,4,23070,17950,5120
3778,1996,5,23087,20250,2837
3778,1996,6,34505,72090,-37585
3778,1996,7,22972,3050,19922
3778,1996,8,23034,13450,9584
3778,1996,9,23061,18850,4211
3778,1996,10,23076,19650,3426
3778,1996,11,23083,22250,833
3778,1996,12,34512,27550,6962
3778,1997,1,23077,41270,-18193
3778,1997,2,23045,18030,5015
3778,1997,3,23071,16650,6421
3778,1997,4,23089,19950,3139
3778,1997,5,23102,19350,3752
3778,1997,6,34533,29110,5423
3778,1997,7,23141,18050,5091
3778,1997,8,23152,22650,502
3778,1997,9,23161,17850,5311
3778,1997,10,23161,28250,-5089
3778,1997,11,23154,21850,1304
3778,1997,12,34586,24150,10436
3778,1998,1,23990,58570,-34580
3778,1998,2,24101,7490,16611
3778,1998,3,23152,11250,11902
3778,1998,4,23192,13750,9442
3778,1998,5,33926,52050,-18124
3778,1998,6,34544,34050,494
3778,1998,7,23183,9630,13553
3778,1998,8,23209,14650,8559
3778,1998,9,28129,53850,-25721
3778,1998,10,23168,6950,16218
3778,1998,11,23193,20050,3143
3778,1998,12,34613,34135,478
3779,1995,7,200,0,200
3779,1995,8,16761,0,16761
3779,1995,9,11512,700,10812
3779,1995,10,11540,5500,6040
3779,1995,11,11584,200,11384
3779,1995,12,17298,17796,-498
3779,1996,1,11567,27296,-15729
3779,1996,2,15668,3996,11672
3779,1996,3,11575,16496,-4921
3779,1996,4,11571,7196,4375
3779,1996,5,11579,13796,-2217
3779,1996,6,17383,16096,1287
3779,1996,7,12198,3996,8202
3779,1996,8,11607,16096,-4489
3779,1996,9,11611,8996,2615
3779,1996,10,11620,14196,-2576
3779,1996,11,11606,11096,510
3779,1996,12,17332,13496,3836
3779,1997,1,14681,29896,-15215
3779,1997,2,11666,3996,7670
3779,1997,3,11592,10696,896
3779,1997,4,11599,10496,1103
3779,1997,5,11601,12296,-695
3779,1997,6,17296,28196,-10900
3779,1997,7,11553,13896,-2343
3779,1997,8,11546,6896,4650
3779,1997,9,11565,7096,4469
3779,1997,10,11581,8896,2685
3779,1997,11,11590,10996,594
3779,1997,12,17310,14796,2514
3779,1998,1,12477,25596,-13119
3779,1998,2,11554,5296,6258
3779,1998,3,12474,10196,2278
3779,1998,4,11584,9896,1688
3779,1998,5,11593,7996,3597
3779,1998,6,17315,32296,-14981
3779,1998,7,19060,3996,15064
3779,1998,8,13415,3996,9419
3779,1998,9,11643,9996,1647
3779,1998,10,11645,12096,-451
3779,1998,11,11652,6896,4756
3779,1998,12,17376,17081,295
3780,1995,11,300,0,300
3780,1995,12,6272,0,6272
3780,1996,1,6272,0,6272
3780,1996,2,6290,800,5490
3780,1996,3,6354,1000,5354
3780,1996,4,6374,10126,-3752
3780,1996,5,6364,5026,1338
3780,1996,6,6362,8426,-2064
3780,1996,7,6355,9126,-2771
3780,1996,8,6340,10826,-4486
3780,1996,9,6327,6326,1
3780,1996,10,6325,7726,-1401
3780,1996,11,6328,1726,4602
3780,1996,12,6339,8276,-1937
3780,1997,1,6330,6906,-576
3780,1997,2,6336,1626,4710
3780,1997,3,6346,7726,-1380
3780,1997,4,6338,10046,-3708
3780,1997,5,6330,4426,1904
3780,1997,6,6338,7226,-888
3780,1997,7,6329,7126,-797
3780,1997,8,6336,1626,4710
3780,1997,9,6337,11086,-4749
3780,1997,10,6329,4626,1703
3780,1997,11,6332,6826,-494
3780,1997,12,6325,8326,-2001
3780,1998,1,6326,5226,1100
3780,1998,2,6328,5466,862
3780,1998,3,6330,6526,-196
3780,1998,4,6326,7026,-700
3780,1998,5,6331,5186,1145
3780,1998,6,6326,7626,-1300
3780,1998,7,6331,3926,2405
3780,1998,8,6321,10926,-4605
3780,1998,9,6328,1926,4402
3780,1998,10,6341,3626,2715
3780,1998,11,6345,6326,19
3780,1998,12,6352,4911,1441
3781,1993,3,800,0,800
3781,1993,4,24854,0,24854
3781,1993,5,24150,13100,11050
3781,1993,6,36212,26700,9512
3781,1993,7,24225,24300,-75
3781,1993,8,24226,23015,1211
3781,1993,9,24251,25516,-1265
3781,1993,10,24243,26916,-2673
3781,1993,11,24219,25816,-1597
3781,1993,12,36258,31956,4302
3781,1994,1,24234,25896,-1662
3781,1994,2,24225,29416,-5191
3781,1994,3,24214,25416,-1202
3781,1994,4,24217,19216,5001
3781,1994,5,24229,24416,-187
3781,1994,6,38797,54756,-15959
3781,1994,7,24173,17016,7157
3781,1994,8,24190,19896,4294
3781,1994,9,24204,23716,488
3781,1994,10,24214,19916,4298
3781,1994,11,24225,22316,1909
3781,1994,12,36257,34136,2121
3781,1995,1,24243,20916,3327
3781,1995,2,24247,24516,-269
3781,1995,3,24246,26016,-1770
3781,1995,4,24244,22516,1728
3781,1995,5,24255,20916,3339
3781,1995,6,36277,45276,-8999
3781,1995,7,24234,19016,5218
3781,1995,8,24258,17616,6642
3781,1995,9,24256,25776,-1520
3781,1995,10,24261,26556,-2295
3781,1995,11,24291,8316,15975
3781,1995,12,36373,21496,14877
3781,1996,1,24384,23716,668
3781,1996,2,24391,17516,6875
3781,1996,3,24403,25896,-1493
3781,1996,4,24412,18416,5996
3781,1996,5,24411,26456,-2045
3781,1996,6,36411,44876,-8465
3781,1996,7,24377,22476,1901
3781,1996,8,24376,25416,-1040
3781,1996,9,24385,21016,3369
3781,1996,10,24392,23116,1276
3781,1996,11,24390,28976,-4586
3781,1996,12,36427,22116,14311
3781,1997,1,24420,28716,-4296
3781,1997,2,24401,28716,-4315
3781,1997,3,24395,23216,1179
3781,1997,4,24409,22216,2193
3781,1997,5,24389,32816,-8427
3781,1997,6,37472,35876,1596
3781,1997,7,24384,21216,3168
3781,1997,8,24414,18716,5698
3781,1997,9,24414,24016,398
3781,1997,10,24417,40516,-16099
3781,1997,11,24409,18716,5693
3781,1997,12,42084,62416,-20332
3781,1998,1,24346,17616,6730
3781,1998,2,24375,22616,1759
3781,1998,3,24400,21616,2784
3781,1998,4,24391,24616,-225
3781,1998,5,24389,22416,1973
3781,1998,6,36393,46136,-9743
3781,1998,7,24355,21216,3139
3781,1998,8,24364,24416,-52
3781,1998,9,24368,27316,-2948
3781,1998,10,24340,23916,424
3781,1998,11,24353,19616,4737
3781,1998,12,36418,10901,25517
3782,1997,3,1100,0,1100
3782,1997,4,28582,800,27782
3782,1997,5,28677,12200,16477
3782,1997,6,43001,29500,13501
3782,1997,7,28774,25300,3474
3782,1997,8,28782,28683,99
3782,1997,9,28793,23581,5212
3782,1997,10,28796,54391,-25595
3782,1997,11,33674,49242,-15568
3782,1997,12,47739,40681,7058
3782,1998,1,33238,46981,-13743
3782,1998,2,35752,13981,21771
3782,1998,3,28723,16381,12342
3782,1998,4,28727,39181,-10454
3782,1998,5,28730,16681,12049
3782,1998,6,43024,55063,-12039
3782,1998,7,31902,29080,2822
3782,1998,8,28712,31081,-2369
3782,1998,9,28735,14581,14154
3782,1998,10,28776,21681,7095
3782,1998,11,28778,28181,597
3782,1998,12,43083,33151,9932
3783,1995,11,300,0,300
3783,1995,12,22222,0,22222
3783,1996,1,8972,2300,6672
3783,1996,2,8997,7500,1497
3783,1996,3,9003,7100,1903
3783,1996,4,9012,9955,-943
3783,1996,5,9022,4756,4266
3783,1996,6,18950,32856,-13906
3783,1996,7,10878,4496,6382
3783,1996,8,9006,6456,2550
3783,1996,9,9016,7256,1760
3783,1996,10,9006,10456,-1450
3783,1996,11,9014,9656,-642
3783,1996,12,13455,15276,-1821
3783,1997,1,11293,14176,-2883
3783,1997,2,8997,4656,4341
3783,1997,3,9007,11556,-2549
3783,1997,4,9002,6256,2746
3783,1997,5,9009,8936,73
3783,1997,6,13456,12056,1400
3783,1997,7,9021,5256,3765
3783,1997,8,9017,20096,-11079
3783,1997,9,8986,7556,1430
3783,1997,10,8992,7256,1736
3783,1997,11,8993,10556,-1563
3783,1997,12,13431,11276,2155
3783,1998,1,8977,15376,-6399
3783,1998,2,8968,9956,-988
3783,1998,3,8962,11656,-2694
3783,1998,4,8953,9416,-463
3783,1998,5,8961,5156,3805
3783,1998,6,13401,15216,-1815
3783,1998,7,8960,8696,264
3783,1998,8,8963,8056,907
3783,1998,9,8970,6356,2614
3783,1998,10,8973,9656,-683
3783,1998,11,8981,4856,4125
3783,1998,12,13419,17341,-3922
3784,1996,1,400,0,400
3784,1996,2,15736,0,15736
3784,1996,3,7489,2600,4889
3784,1996,4,7512,200,7312
3784,1996,5,7533,7100,433
3784,1996,6,11241,17175,-5934
3784,1996,7,7504,13558,-6054
3784,1996,8,7482,8658,-1176
3784,1996,9,10087,8258,1829
3784,1996,10,10502,4958,5544
3784,1996,11,8722,4958,3764
3784,1996,12,11251,6958,4293
3784,1997,1,12214,22058,-9844
3784,1997,2,8214,4958,3256
3784,1997,3,7525,5558,1967
3784,1997,4,9338,4958,4380
3784,1997,5,7550,5958,1592
3784,1997,6,11265,10458,807
3784,1997,7,7541,15058,-7517
3784,1997,8,7515,14458,-6943
3784,1997,9,8204,4958,3246
3784,1997,10,7814,9658,-1844
3784,1997,11,7499,8358,-859
3784,1997,12,11210,10158,1052
3784,1998,1,9988,16758,-6770
3784,1998,2,13091,5858,7233
3784,1998,3,7508,5858,1650
3784,1998,4,7511,7258,253
3784,1998,5,7514,6558,956
3784,1998,6,11235,16358,-5123
3784,1998,7,10510,4958,5552
3784,1998,8,17052,5758,11294
3784,1998,9,11784,4958,6826
3784,1998,10,7592,6958,634
3784,1998,11,7584,10358,-2774
3784,1998,12,11287,12343,-1056
3785,1993,3,200,0,200
3785,1993,4,25370,0,25370
3785,1993,5,23962,12500,11462
3785,1993,6,35931,24500,11431
3785,1993,7,24042,25000,-958
3785,1993,8,24051,28197,-4146
3785,1993,9,24041,26297,-2256
3785,1993,10,24031,22817,1214
3785,1993,11,24035,22717,1318
3785,1993,12,35977,31397,4580
3785,1994,1,24038,37737,-13699
3785,1994,2,24002,20717,3285
3785,1994,3,24022,19217,4805
3785,1994,4,24032,23517,515
3785,1994,5,24037,22017,2020
3785,1994,6,36004,49997,-13993
3785,1994,7,23997,15517,8480
3785,1994,8,24029,20457,3572
3785,1994,9,24042,20857,3185
3785,1994,10,24048,20217,3831
3785,1994,11,24049,25517,-1468
3785,1994,12,35990,27817,8173
3785,1995,1,24056,50957,-26901
3785,1995,2,23993,15797,8196
3785,1995,3,24023,15617,8406
3785,1995,4,24046,19417,4629
3785,1995,5,24097,19317,4780
3785,1995,6,36002,56517,-20515
3785,1995,7,24019,13017,11002
3785,1995,8,24056,18117,5939
3785,1995,9,24077,20917,3160
3785,1995,10,24087,23977,110
3785,1995,11,24627,6517,18110
3785,1995,12,36126,16917,19209
3785,1996,1,24188,43557,-19369
3785,1996,2,24176,13697,10479
3785,1996,3,24216,16317,7899
3785,1996,4,24244,17717,6527
3785,1996,5,24253,23817,436
3785,1996,6,36015,95737,-59722
3785,1996,7,36694,6517,30177
3785,1996,8,24170,10917,13253
3785,1996,9,24216,13817,10399
3785,1996,10,24235,18657,5578
3785,1996,11,24261,25517,-1256
3785,1996,12,36132,52877,-16745
3785,1997,1,24129,45037,-20908
3785,1997,2,32563,6517,26046
3785,1997,3,24228,13917,10311
3785,1997,4,24269,14217,10052
3785,1997,5,24203,54697,-30494
3785,1997,6,38126,22357,15769
3785,1997,7,24258,22517,1741
3785,1997,8,30473,48817,-18344
3785,1997,9,24191,9317,14874
3785,1997,10,24255,18117,6138
3785,1997,11,24281,17737,6544
3785,1997,12,36187,41957,-5770
3785,1998,1,26951,29557,-2606
3785,1998,2,24268,9517,14751
3785,1998,3,24300,27117,-2817
3785,1998,4,32152,34917,-2765
3785,1998,5,32676,25517,7159
3785,1998,6,64329,85277,-20948
3785,1998,7,31958,9517,22441
3785,1998,8,43861,50857,-6996
3785,1998,9,54694,70617,-15923
3785,1998,10,31750,10597,21153
3785,1998,11,57897,70317,-12420
3785,1998,12,36069,69142,-33073
3786,1993,6,300,0,300
3786,1993,7,62535,0,62535
3786,1993,8,262,19600,-19338
3786,1993,9,133599,119615,13984
3786,1993,10,90990,94015,-3025
3786,1993,11,185,33279,-33094
3786,1993,12,46038,15615,30423
3786,1994,1,49260,46615,2645
3786,1994,2,97503,81715,15788
3786,1994,3,51439,95685,-44246
3786,1994,4,40308,20657,19651
3786,1994,5,153400,101565,51835
3786,1994,6,84441,127498,-43057
3786,1994,7,175,26196,-26021
3786,1994,8,23219,17094,6125
3786,1994,9,143,4515,-4372
3786,1994,10,125,3815,-3690
3786,1994,11,25430,14215,11215
3786,1994,12,13510,37671,-24161
3786,1995,1,12320,23118,-10798
3786,1995,2,71499,12639,58860
3786,1995,3,253,21315,-21062
3786,1995,4,6290,11715,-5425
3786,1995,5,32675,16515,16160
3786,1995,6,173,43976,-43803
3786,1995,7,21247,5115,16132
3786,1995,8,39947,3015,36932
3786,1995,9,7734,47879,-40145
3786,1995,10,30417,17615,12802
3786,1995,11,39693,17015,22678
3786,1995,12,32430,32915,-485
3786,1996,1,65628,46242,19386
3786,1996,2,46319,34240,12079
3786,1996,3,356,35915,-35559
3786,1996,4,24228,51104,-26876
3786,1996,5,36644,2715,33929
3786,1996,6,137,30029,-29892
3786,1996,7,65,22715,-22650
3786,1996,8,1622,15,1607
3786,1996,9,21402,25250,-3848
3786,1996,10,42663,9615,33048
3786,1996,11,148,14615,-14467
3786,1996,12,46183,19219,26964
3786,1997,1,82710,85934,-3224
3786,1997,2,52,38454,-38402
3786,1997,3,76559,42844,33715
3786,1997,4,202776,142015,60761
3786,1997,5,14651,53715,-39064
3786,1997,6,110,57351,-57241
3786,1997,7,20,715,-695
3786,1997,8,65647,33815,31832
3786,1997,9,33046,53028,-19982
3786,1997,10,106635,81515,25120
3786,1997,11,91650,102515,-10865
3786,1997,12,105947,109390,-3443
3786,1998,1,68710,81947,-13237
3786,1998,2,16923,34004,-17081
3786,1998,3,197476,142825,54651
3786,1998,4,20706,40815,-20109
3786,1998,5,57928,40978,16950
3786,1998,6,82818,96110,-13292
3786,1998,7,92294,46854,45440
3786,1998,8,55391,89319,-33928
3786,1998,9,42053,50076,-8023
3786,1998,10,36821,19415,17406
3786,1998,11,6962,30515,-23553
3786,1998,12,81264,53425,27839
3787,1993,2,800,0,800
3787,1993,3,22785,0,22785
3787,1993,4,21062,12200,8862
3787,1993,5,21094,15300,5794
3787,1993,6,31600,22100,9500
3787,1993,7,21153,26022,-4869
3787,1993,8,21137,23722,-2585
3787,1993,9,21138,22622,-1484
3787,1993,10,21128,17422,3706
3787,1993,11,21137,19622,1515
3787,1993,12,31645,29922,1723
3787,1994,1,21141,26722,-5581
3787,1994,2,21124,19122,2002
3787,1994,3,21128,23122,-1994
3787,1994,4,21130,17422,3708
3787,1994,5,21134,22822,-1688
3787,1994,6,31601,33722,-2121
3787,1994,7,21128,17322,3806
3787,1994,8,21109,32722,-11613
3787,1994,9,21094,19022,2072
3787,1994,10,21112,18922,2190
3787,1994,11,21094,25822,-4728
3787,1994,12,31580,23722,7858
3787,1995,1,21106,31622,-10516
3787,1995,2,21084,17422,3662
3787,1995,3,21090,19922,1168
3787,1995,4,21091,22522,-1431
3787,1995,5,21094,18922,2172
3787,1995,6,31535,45022,-13487
3787,1995,7,21072,10522,10550
3787,1995,8,21099,16322,4777
3787,1995,9,21122,19822,1300
3787,1995,10,21115,20822,293
3787,1995,11,21138,14922,6216
3787,1995,12,31665,17522,14143
3787,1996,1,21182,25722,-4540
3787,1996,2,21182,20122,1060
3787,1996,3,21199,15822,5377
3787,1996,4,21195,23722,-2527
3787,1996,5,21200,18822,2378
3787,1996,6,31651,43222,-11571
3787,1996,7,21181,13322,7859
3787,1996,8,21197,17922,3275
3787,1996,9,21212,17422,3790
3787,1996,10,21211,37622,-16411
3787,1996,11,21209,20022,1187
3787,1996,12,31721,28922,2799
3787,1997,1,21185,26822,-5637
3787,1997,2,21174,19322,1852
3787,1997,3,21182,22822,-1640
3787,1997,4,21189,23622,-2433
3787,1997,5,21160,20622,538
3787,1997,6,31656,30622,1034
3787,1997,7,21165,23622,-2457
3787,1997,8,21148,26522,-5374
3787,1997,9,21132,18422,2710
3787,1997,10,21142,19122,2020
3787,1997,11,21152,15922,5230
3787,1997,12,31668,23022,8646
3787,1998,1,21192,38822,-17630
3787,1998,2,21134,14222,6912
3787,1998,3,21164,21022,142
3787,1998,4,21159,19822,1337
3787,1998,5,21160,22922,-1762
3787,1998,6,31618,32622,-1004
3787,1998,7,21152,17922,3230
3787,1998,8,21175,16722,4453
3787,1998,9,21180,18422,2758
3787,1998,10,21189,19522,1667
3787,1998,11,21208,19922,1286
3787,1998,12,31720,7007,24713
3788,1993,4,3106,0,3106
3788,1993,5,43274,7815,35459
3788,1993,6,2921,15915,-12994
3788,1993,7,2906,3015,-109
3788,1993,8,2905,3965,-1060
3788,1993,9,31732,15,31717
3788,1993,10,3011,15365,-12354
3788,1993,11,2971,7715,-4744
3788,1993,12,2945,12565,-9620
3788,1994,1,2921,8115,-5194
3788,1994,2,39769,13015,26754
3788,1994,3,2987,13365,-10378
3788,1994,4,2955,10215,-7260
3788,1994,5,2929,7565,-4636
3788,1994,6,3427,15,3412
3788,1994,7,2930,3315,-385
3788,1994,8,2931,3315,-384
3788,1994,9,2927,4215,-1288
3788,1994,10,3932,1215,2717
3788,1994,11,2936,2015,921
3788,1994,12,2935,4015,-1080
3788,1995,1,4320,9115,-4795
3788,1995,2,2920,15,2905
3788,1995,3,4128,2415,1713
3788,1995,4,2939,2815,124
3788,1995,5,2940,1615,1325
3788,1995,6,12815,22115,-9300
3788,1995,7,26678,15,26663
3788,1995,8,30400,21815,8585
3788,1995,9,3046,12815,-9769
3788,1995,10,3008,7415,-4407
3788,1995,11,2987,5915,-2928
3788,1995,12,2973,7415,-4442
3788,1996,1,28274,17415,10859
3788,1996,2,3001,7565,-4564
3788,1996,3,2986,4115,-1129
3788,1996,4,2985,15,2970
3788,1996,5,2995,2165,830
3788,1996,6,9186,13115,-3929
3788,1996,7,4286,15,4271
3788,1996,8,5205,15,5190
3788,1996,9,3022,1015,2007
3788,1996,10,6136,15,6121
3788,1996,11,3049,5015,-1966
3788,1996,12,3042,4815,-1773
3788,1997,1,15015,18015,-3000
3788,1997,2,8736,1415,7321
3788,1997,3,31164,15,31149
3788,1997,4,3169,11615,-8446
3788,1997,5,11986,6015,5971
3788,1997,6,3123,43015,-39892
3788,1997,7,15833,1615,14218
3788,1997,8,7674,3115,4559
3788,1997,9,3691,615,3076
3788,1997,10,4206,15,4191
3788,1997,11,3321,15,3306
3788,1997,12,3127,4315,-1188
3788,1998,1,3113,11315,-8202
3788,1998,2,8803,1415,7388
3788,1998,3,67394,53315,14079
3788,1998,4,3172,7615,-4443
3788,1998,5,3152,6115,-2963
3788,1998,6,3113,34115,-31002
3788,1998,7,17653,15,17638
3788,1998,8,6908,15,6893
3788,1998,9,3119,4015,-896
3788,1998,10,4325,15,4310
3788,1998,11,3340,15,3325
3788,1998,12,8159,4100,4059
3789,1996,8,500,0,500
3789,1996,9,23952,1800,22152
3789,1996,10,37246,1500,35746
3789,1996,11,47892,28500,19392
3789,1996,12,323,25200,-24877
3789,1997,1,323,14800,-14477
3789,1997,2,323,7000,-6677
3789,1997,3,423,0,423
3789,1997,4,22829,1515,21314
3789,1997,5,177,19959,-19782
3789,1997,6,12057,24753,-12696
3789,1997,7,8481,11259,-2778
3789,1997,8,14083,11259,2824
3789,1997,9,47990,42679,5311
3789,1997,10,8903,11259,-2356
3789,1997,11,13396,15686,-2290
3789,1997,12,13296,11259,2037
3789,1998,1,53019,45752,7267
3789,1998,2,26580,11259,15321
3789,1998,3,108827,51759,57068
3789,1998,4,307,42259,-41952
3789,1998,5,40577,36859,3718
3789,1998,6,67101,106411,-39310
3789,1998,7,79414,37542,41872
3789,1998,8,10562,36234,-25672
3789,1998,9,67498,30759,36739
3789,1998,10,64523,54985,9538
3789,1998,11,54280,42159,12121
3789,1998,12,55262,109049,-53787
3790,1997,5,114143,59500,54643
3790,1997,6,20754,15430,5324
3790,1997,7,197,28030,-27833
3790,1997,8,76052,10530,65522
3790,1997,9,87044,115830,-28786
3790,1997,10,209,26430,-26221
3790,1997,11,9239,10430,-1191
3790,1997,12,129252,135730,-6478
3790,1998,1,6088,23730,-17642
3790,1998,2,2052,18667,-16615
3790,1998,3,9401,9961,-560
3790,1998,4,11305,8730,2575
3790,1998,5,8812,30,8782
3790,1998,6,2745,4623,-1878
3790,1998,7,5043,4086,957
3790,1998,8,31,5830,-5799
3790,1998,9,3520,30,3490
3790,1998,10,5216,12930,-7714
3790,1998,11,10419,3330,7089
3790,1998,12,10137,8400,1737
3791,1996,5,28178,0,28178
3791,1996,6,41769,3600,38169
3791,1996,7,27975,22400,5575
3791,1996,8,27974,51300,-23326
3791,1996,9,28003,56537,-28534
3791,1996,10,27808,19160,8648
3791,1996,11,27865,19392,8473
3791,1996,12,41689,47870,-6181
3791,1997,1,27806,39092,-11286
3791,1997,2,29189,26411,2778
3791,1997,3,27834,14723,13111
3791,1997,4,27886,25392,2494
3791,1997,5,27838,36756,-8918
3791,1997,6,41729,31380,10349
3791,1997,7,27902,24792,3110
3791,1997,8,27906,30392,-2486
3791,1997,9,27904,22092,5812
3791,1997,10,27921,27892,29
3791,1997,11,27893,41248,-13355
3791,1997,12,41742,31892,9850
3791,1998,1,27873,42392,-14519
3791,1998,2,27844,20229,7615
3791,1998,3,27868,26939,929
3791,1998,4,27877,39979,-12102
3791,1998,5,27826,25292,2534
3791,1998,6,41662,40086,1576
3791,1998,7,27858,14092,13766
3791,1998,8,27898,29745,-1847
3791,1998,9,27874,44598,-16724
3791,1998,10,27844,9292,18552
3791,1998,11,27909,16192,11717
3791,1998,12,41809,36862,4947
3792,1993,8,5592,0,5592
3792,1993,9,5300,0,5300
3792,1993,10,5300,0,5300
3792,1993,11,5300,0,5300
3792,1993,12,5355,1115,4240
3792,1994,1,5368,11193,-5825
3792,1994,2,5364,3533,1831
3792,1994,3,5372,3533,1839
3792,1994,4,5380,3533,1847
3792,1994,5,5382,4893,489
3792,1994,6,5382,5433,-51
3792,1994,7,5380,6013,-633
3792,1994,8,5381,5033,348
3792,1994,9,5384,4993,391
3792,1994,10,5383,5333,50
3792,1994,11,5389,4653,736
3792,1994,12,5383,6183,-800
3792,1995,1,5365,12153,-6788
3792,1995,2,5361,3533,1828
3792,1995,3,5369,3533,1836
3792,1995,4,5367,6093,-726
3792,1995,5,5374,3533,1841
3792,1995,6,5379,3733,1646
3792,1995,7,5373,7753,-2380
3792,1995,8,5378,5133,245
3792,1995,9,5378,5673,-295
3792,1995,10,5377,6833,-1456
3792,1995,11,5370,8093,-2723
3792,1995,12,5358,7283,-1925
3792,1996,1,5345,7693,-2348
3792,1996,2,5341,6333,-992
3792,1996,3,5338,4633,705
3792,1996,4,5338,5773,-435
3792,1996,5,5337,7533,-2196
3792,1996,6,5330,3533,1797
3792,1996,7,5337,4033,1304
3792,1996,8,5343,3533,1810
3792,1996,9,5346,9653,-4307
3792,1996,10,5333,3533,1800
3792,1996,11,5339,4333,1006
3792,1996,12,5343,5333,10
3792,1997,1,5339,6253,-914
3792,1997,2,5340,3533,1807
3792,1997,3,5344,6633,-1289
3792,1997,4,5341,4133,1208
3792,1997,5,5343,6833,-1490
3792,1997,6,5337,6433,-1096
3792,1997,7,5336,3533,1803
3792,1997,8,5344,3533,1811
3792,1997,9,5349,5133,216
3792,1997,10,5348,6033,-685
3792,1997,11,5347,6493,-1146
3792,1997,12,5339,6333,-994
3792,1998,1,5340,4573,767
3792,1998,2,5341,5133,208
3792,1998,3,5339,6533,-1194
3792,1998,4,5335,5433,-98
3792,1998,5,5339,3533,1806
3792,1998,6,5345,3933,1412
3792,1998,7,5350,4433,917
3792,1998,8,5346,7833,-2487
3792,1998,9,5345,3533,1812
3792,1998,10,5353,3533,1820
3792,1998,11,5353,9213,-3860
3792,1998,12,5343,3918,1425
3793,1996,6,300,0,300
3793,1996,7,17081,0,17081
3793,1996,8,11250,2500,8750
3793,1996,9,11285,5300,5985
3793,1996,10,11307,9500,1807
3793,1996,11,11320,15221,-3901
3793,1996,12,16906,14621,2285
3793,1997,1,20487,27021,-6534
3793,1997,2,13795,5721,8074
3793,1997,3,11316,11121,195
3793,1997,4,11322,14021,-2699
3793,1997,5,11303,13121,-1818
3793,1997,6,16892,28221,-11329
3793,1997,7,11262,5821,5441
3793,1997,8,11378,8621,2757
3793,1997,9,11287,13521,-2234
3793,1997,10,11285,7521,3764
3793,1997,11,11296,10321,975
3793,1997,12,16892,13421,3471
3793,1998,1,11283,27121,-15838
3793,1998,2,11252,7321,3931
3793,1998,3,11266,9521,1745
3793,1998,4,11273,9421,1852
3793,1998,5,11273,13721,-2448
3793,1998,6,16864,12721,4143
3793,1998,7,11274,15121,-3847
3793,1998,8,11255,17821,-6566
3793,1998,9,11250,5721,5529
3793,1998,10,11253,15621,-4368
3793,1998,11,11239,12921,-1682
3793,1998,12,16849,5706,11143
3794,1997,2,19198,0,19198
3794,1997,3,25098,0,25098
3794,1997,4,18959,7300,11659
3794,1997,5,18983,15100,3883
3794,1997,6,28329,39751,-11422
3794,1997,7,18947,16651,2296
3794,1997,8,18959,15951,3008
3794,1997,9,18944,26851,-7907
3794,1997,10,18915,37451,-18536
3794,1997,11,18892,16951,1941
3794,1997,12,28297,22351,5946
3794,1998,1,18896,20751,-1855
3794,1998,2,18917,14551,4366
3794,1998,3,18934,20551,-1617
3794,1998,4,18928,18151,777
3794,1998,5,18925,18951,-26
3794,1998,6,28301,32951,-4650
3794,1998,7,18911,13751,5160
3794,1998,8,18930,15851,3079
3794,1998,9,18944,15351,3593
3794,1998,10,18959,12051,6908
3794,1998,11,18982,17251,1731
3794,1998,12,28399,5636,22763
3795,1996,3,900,0,900
3795,1996,4,22656,0,22656
3795,1996,5,19228,9000,10228
3795,1996,6,28824,19900,8924
3795,1996,7,19281,22200,-2919
3795,1996,8,19269,23134,-3865
3795,1996,9,19262,21253,-1991
3795,1996,10,19283,16013,3270
3795,1996,11,19266,21913,-2647
3795,1996,12,28803,32573,-3770
3795,1997,1,19205,32473,-13268
3795,1997,2,19196,17613,1583
3795,1997,3,19216,12873,6343
3795,1997,4,19233,14713,4520
3795,1997,5,19255,13513,5742
3795,1997,6,28829,25613,3216
3795,1997,7,19273,20213,-940
3795,1997,8,19278,16613,2665
3795,1997,9,19279,19713,-434
3795,1997,10,19280,18593,687
3795,1997,11,19311,9913,9398
3795,1997,12,28913,16033,12880
3795,1998,1,19343,28553,-9210
3795,1998,2,19337,17813,1524
3795,1998,3,19336,20313,-977
3795,1998,4,19329,20513,-1184
3795,1998,5,19297,29553,-10256
3795,1998,6,28883,19253,9630
3795,1998,7,19333,16513,2820
3795,1998,8,19347,15813,3534
3795,1998,9,19352,18513,839
3795,1998,10,19347,20813,-1466
3795,1998,11,19347,19213,134
3795,1998,12,28911,26458,2453
3796,1993,5,400,0,400
3796,1993,6,23383,2000,21383
3796,1993,7,15675,7200,8475
3796,1993,8,15709,8600,7109
3796,1993,9,15734,12600,3134
3796,1993,10,15752,18616,-2864
3796,1993,11,15754,18616,-2862
3796,1993,12,23544,22416,1128
3796,1994,1,15694,29316,-13622
3796,1994,2,16981,13116,3865
3796,1994,3,15698,19916,-4218
3796,1994,4,17391,12416,4975
3796,1994,5,15716,11616,4100
3796,1994,6,23516,32816,-9300
3796,1994,7,15682,11416,4266
3796,1994,8,15705,14116,1589
3796,1994,9,15707,10616,5091
3796,1994,10,15716,20516,-4800
3796,1994,11,15703,13316,2387
3796,1994,12,23512,19416,4096
3796,1995,1,15716,23616,-7900
3796,1995,2,15709,9816,5893
3796,1995,3,15733,11516,4217
3796,1995,4,15738,16216,-478
3796,1995,5,15733,14416,1317
3796,1995,6,23512,44016,-20504
3796,1995,7,17778,8316,9462
3796,1995,8,15699,11216,4483
3796,1995,9,15720,10116,5604
3796,1995,10,15742,11816,3926
3796,1995,11,15743,20616,-4873
3796,1995,12,23539,15016,8523
3796,1996,1,15740,29016,-13276
3796,1996,2,15822,11216,4606
3796,1996,3,15729,13616,2113
3796,1996,4,15742,18616,-2874
3796,1996,5,15733,10716,5017
3796,1996,6,27662,22916,4746
3796,1996,7,15794,12016,3778
3796,1996,8,15806,13216,2590
3796,1996,9,15807,16016,-209
3796,1996,10,15783,15916,-133
3796,1996,11,15783,15416,367
3796,1996,12,23596,15916,7680
3796,1997,1,15764,36916,-21152
3796,1997,2,15747,9316,6431
3796,1997,3,15771,10416,5355
3796,1997,4,15799,20716,-4917
3796,1997,5,18588,8316,10272
3796,1997,6,23606,21416,2190
3796,1997,7,15814,13816,1998
3796,1997,8,15852,12116,3736
3796,1997,9,15844,11816,4028
3796,1997,10,15878,21816,-5938
3796,1997,11,15845,13516,2329
3796,1997,12,23689,21116,2573
3796,1998,1,15827,27216,-11389
3796,1998,2,15842,11816,4026
3796,1998,3,15841,13216,2625
3796,1998,4,15867,16016,-149
3796,1998,5,15841,19716,-3875
3796,1998,6,23582,28316,-4734
3796,1998,7,15820,13816,2004
3796,1998,8,15813,14216,1597
3796,1998,9,15820,14216,1604
3796,1998,10,15830,9316,6514
3796,1998,11,15858,11916,3942
3796,1998,12,23689,16701,6988
3797,1994,9,1000,0,1000
3797,1994,10,9100,0,9100
3797,1994,11,5200,0,5200
3797,1994,12,5600,0,5600
3797,1995,1,3003,1100,1903
3797,1995,3,2695,0,2695
3797,1995,4,95,3000,-2905
3797,1995,5,1695,0,1695
3797,1995,7,101,300,-199
3797,1995,8,2101,0,2101
3797,1995,9,101,1000,-899
3797,1995,10,3201,0,3201
3797,1995,11,101,1900,-1799
3797,1995,12,101,1600,-1499
3797,1996,1,3201,0,3201
3797,1996,2,101,1700,-1599
3797,1996,3,101,2900,-2799
3797,1996,4,301,0,301
3797,1996,5,1901,0,1901
3797,1996,7,701,0,701
3797,1996,8,801,0,801
3797,1996,9,1501,0,1501
3797,1996,10,2001,0,2001
3797,1996,11,101,1500,-1399
3797,1996,12,601,0,601
3797,1997,1,301,0,301
3797,1997,2,101,500,-399
3797,1997,3,5401,0,5401
3797,1997,4,1101,0,1101
3797,1997,5,3301,0,3301
3797,1997,6,101,2600,-2499
3797,1997,7,101,1800,-1699
3797,1997,8,101,900,-799
3797,1997,9,101,3800,-3699
3797,1997,10,101,2600,-2499
3797,1997,11,101,5500,-5399
3797,1997,12,3401,0,3401
3797,1998,1,2101,0,2101
3797,1998,2,2401,0,2401
3797,1998,3,101,700,-599
3797,1998,5,1601,0,1601
3797,1998,6,101,300,-199
3797,1998,7,4301,0,4301
3797,1998,8,101,1600,-1499
3797,1998,9,801,0,801
3797,1998,10,1901,0,1901
3797,1998,11,0,5600,-5600
3798,1997,8,200,0,200
3798,1997,9,15954,0,15954
3798,1997,10,15516,8700,6816
3798,1997,11,15544,8700,6844
3798,1997,12,23298,13900,9398
3798,1998,1,15602,27492,-11890
3798,1998,2,15568,18670,-3102
3798,1998,3,15574,16110,-536
3798,1998,4,15575,11410,4165
3798,1998,5,15575,19030,-3455
3798,1998,6,23269,31070,-7801
3798,1998,7,15513,17390,-1877
3798,1998,8,15521,10410,5111
3798,1998,9,15526,22250,-6724
3798,1998,10,15524,13310,2214
3798,1998,11,15519,13010,2509
3798,1998,12,23276,12135,11141
3799,1996,11,900,0,900
3799,1996,12,24106,300,23806
3799,1997,1,16173,4500,11673
3799,1997,2,16217,11700,4517
3799,1997,3,16234,15000,1234
3799,1997,4,16273,16927,-654
3799,1997,5,16241,21727,-5486
3799,1997,6,24300,41127,-16827
3799,1997,7,17182,6327,10855
3799,1997,8,16226,6527,9699
3799,1997,9,16262,12127,4135
3799,1997,10,16274,12827,3447
3799,1997,11,16288,17227,-939
3799,1997,12,24333,19827,4506
3799,1998,1,16299,18327,-2028
3799,1998,2,16295,15827,468
3799,1998,3,16286,23527,-7241
3799,1998,4,16267,14327,1940
3799,1998,5,16254,23927,-7673
3799,1998,6,24233,37327,-13094
3799,1998,7,16184,16927,-743
3799,1998,8,16185,12527,3658
3799,1998,9,16189,16127,62
3799,1998,10,16197,14427,1770
3799,1998,11,16198,16427,-229
3799,1998,12,24244,23612,632
3800,1996,9,900,0,900
3800,1996,10,13724,0,13724
3800,1996,11,7467,1600,5867
3800,1996,12,11186,6200,4986
3800,1997,1,7502,6100,1402
3800,1997,2,7510,5943,1567
3800,1997,3,7504,13443,-5939
3800,1997,4,7489,7243,246
3800,1997,5,7479,12683,-5204
3800,1997,6,11175,8043,3132
3800,1997,7,7475,9843,-2368
3800,1997,8,8276,6143,2133
3800,1997,9,7486,7743,-257
3800,1997,10,7480,10803,-3323
3800,1997,11,7455,10503,-3048
3800,1997,12,11158,8043,3115
3800,1998,1,7445,14223,-6778
3800,1998,2,7645,4943,2702
3800,1998,3,8543,9863,-1320
3800,1998,4,7449,4943,2506
3800,1998,5,7441,11543,-4102
3800,1998,6,11131,11543,-412
3800,1998,7,7428,9043,-1615
3800,1998,8,7426,7743,-317
3800,1998,9,7426,7743,-317
3800,1998,10,7431,5643,1788
3800,1998,11,7430,8243,-813
3800,1998,12,11136,8528,2608
3801,1996,6,200,0,200
3801,1996,7,21984,1500,20484
3801,1996,8,22058,10200,11858
3801,1996,9,22094,17500,4594
3801,1996,10,22107,21000,1107
3801,1996,11,22115,19315,2800
3801,1996,12,33146,27815,5331
3801,1997,1,22139,33415,-11276
3801,1997,2,22107,17215,4892
3801,1997,3,22122,19615,2507
3801,1997,4,22136,27315,-5179
3801,1997,5,22115,17915,4200
3801,1997,6,33108,33415,-307
3801,1997,7,22126,27915,-5789
3801,1997,8,22101,20815,1286
3801,1997,9,22102,22615,-513
3801,1997,10,22108,24415,-2307
3801,1997,11,22094,24815,-2721
3801,1997,12,33086,26115,6971
3801,1998,1,22071,43615,-21544
3801,1998,2,22022,21215,807
3801,1998,3,22024,21515,509
3801,1998,4,22022,25215,-3193
3801,1998,5,22020,19115,2905
3801,1998,6,33025,24315,8710
3801,1998,7,22052,27715,-5663
3801,1998,8,22038,21615,423
3801,1998,9,22039,21815,224
3801,1998,10,22103,26015,-3912
3801,1998,11,22078,6815,15263
3801,1998,12,33157,5100,28057
3802,1996,4,200,0,200
3802,1996,5,4914,0,4914
3802,1996,6,4914,0,4914
3802,1996,7,4914,0,4914
3802,1996,8,4914,0,4914
3802,1996,9,4917,15,4902
3802,1996,10,5015,4871,144
3802,1996,11,5008,9091,-4083
3802,1996,12,4998,6091,-1093
3802,1997,1,4981,12361,-7380
3802,1997,2,4969,3291,1678
3802,1997,3,4977,3291,1686
3802,1997,4,4975,5531,-556
3802,1997,5,4977,4011,966
3802,1997,6,4985,3291,1694
3802,1997,7,4992,3291,1701
3802,1997,8,5000,3291,1709
3802,1997,9,5007,3291,1716
3802,1997,10,5011,4571,440
3802,1997,11,5015,3291,1724
3802,1997,12,5022,3941,1081
3802,1998,1,5011,11231,-6220
3802,1998,2,5001,3291,1710
3802,1998,3,5008,3291,1717
3802,1998,4,5014,3851,1163
3802,1998,5,5005,8131,-3126
3802,1998,6,5003,7391,-2388
3802,1998,7,4993,3991,1002
3802,1998,8,4989,6791,-1802
3802,1998,9,4984,6971,-1987
3802,1998,10,4983,3491,1492
3802,1998,11,4991,4891,100
3802,1998,12,4980,6126,-1146
3803,1996,1,1100,0,1100
3803,1996,2,13494,0,13494
3803,1996,3,7849,900,6949
3803,1996,4,7877,2000,5877
3803,1996,5,7898,6700,1198
3803,1996,6,15185,23415,-8230
3803,1996,7,7872,7303,569
3803,1996,8,10155,13603,-3448
3803,1996,9,9465,5203,4262
3803,1996,10,8880,7303,1577
3803,1996,11,11580,9403,2177
3803,1996,12,11791,10403,1388
3803,1997,1,7897,8303,-406
3803,1997,2,7894,9203,-1309
3803,1997,3,7891,7903,-12
3803,1997,4,7882,11303,-3421
3803,1997,5,7880,5303,2577
3803,1997,6,13094,5203,7891
3803,1997,7,7920,7503,417
3803,1997,8,7916,10103,-2187
3803,1997,9,7912,7303,609
3803,1997,10,7911,9103,-1192
3803,1997,11,7899,12503,-4604
3803,1997,12,11789,8503,3286
3803,1998,1,7897,10003,-2106
3803,1998,2,7899,5303,2596
3803,1998,3,7897,11403,-3506
3803,1998,4,7886,9503,-1617
3803,1998,5,7869,18003,-10134
3803,1998,6,11744,9403,2341
3803,1998,7,8458,5203,3255
3803,1998,8,7870,8103,-233
3803,1998,9,11478,5203,6275
3803,1998,10,7882,10203,-2321
3803,1998,11,7870,10803,-2933
3803,1998,12,11767,7388,4379
3804,1994,4,32030,0,32030
3804,1994,5,31796,20000,11796
3804,1994,6,47739,11300,36439
3804,1994,7,31977,25900,6077
3804,1994,8,31952,47816,-15864
3804,1994,9,31922,32606,-684
3804,1994,10,31867,58478,-26611
3804,1994,11,31776,54065,-22289
3804,1994,12,49231,33795,15436
3804,1995,1,31776,48016,-16240
3804,1995,2,34777,24416,10361
3804,1995,3,31828,16216,15612
3804,1995,4,31853,21216,10637
3804,1995,5,31858,49505,-17647
3804,1995,6,47704,17516,30188
3804,1995,7,31914,55616,-23702
3804,1995,8,31873,37216,-5343
3804,1995,9,31859,37716,-5857
3804,1995,10,31841,26416,5425
3804,1995,11,31854,54127,-22273
3804,1995,12,47607,34237,13370
3804,1996,1,31733,44516,-12783
3804,1996,2,31930,30187,1743
3804,1996,3,31767,23187,8580
3804,1996,4,31776,34687,-2911
3804,1996,5,31789,22787,9002
3804,1996,6,47637,50647,-3010
3804,1996,7,31810,25987,5823
3804,1996,8,31828,29587,2241
3804,1996,9,31813,34987,-3174
3804,1996,10,31826,26187,5639
3804,1996,11,35546,57278,-21732
3804,1996,12,47613,27673,19940
3804,1997,1,31760,53004,-21244
3804,1997,2,31765,20716,11049
3804,1997,3,31741,39116,-7375
3804,1997,4,31777,19316,12461
3804,1997,5,31788,36333,-4545
3804,1997,6,47629,54016,-6387
3804,1997,7,31733,35286,-3553
3804,1997,8,31760,23716,8044
3804,1997,9,31773,38483,-6710
3804,1997,10,31757,24216,7541
3804,1997,11,31783,30816,967
3804,1997,12,47623,41016,6607
3804,1998,1,31748,53277,-21529
3804,1998,2,31745,15216,16529
3804,1998,3,31802,26316,5486
3804,1998,4,31804,46547,-14743
3804,1998,5,31769,21616,10153
3804,1998,6,47616,52916,-5300
3804,1998,7,31771,35416,-3645
3804,1998,8,31783,17716,14067
3804,1998,9,31795,38216,-6421
3804,1998,10,31802,19690,12112
3804,1998,11,31822,41547,-9725
3804,1998,12,47618,41801,5817
3805,1994,7,12871,0,12871
3805,1994,8,18944,2600,16344
3805,1994,9,11953,5900,6053
3805,1994,10,11977,12300,-323
3805,1994,11,11993,11623,370
3805,1994,12,17942,17823,119
3805,1995,1,16712,33243,-16531
3805,1995,2,11944,6223,5721
3805,1995,3,11948,10483,1465
3805,1995,4,13245,14683,-1438
3805,1995,5,12868,5923,6945
3805,1995,6,17903,17743,160
3805,1995,7,11978,10623,1355
3805,1995,8,11981,13223,-1242
3805,1995,9,11978,9923,2055
3805,1995,10,11996,14323,-2327
3805,1995,11,11988,12023,-35
3805,1995,12,17908,12503,5405
3805,1996,1,16363,26323,-9960
3805,1996,2,13663,5923,7740
3805,1996,3,12002,8923,3079
3805,1996,4,12001,11343,658
3805,1996,5,11999,13523,-1524
3805,1996,6,17921,17763,158
3805,1996,7,12009,9323,2686
3805,1996,8,11998,15103,-3105
3805,1996,9,11989,13323,-1334
3805,1996,10,11979,16703,-4724
3805,1996,11,11978,9223,2755
3805,1996,12,17902,14363,3539
3805,1997,1,20453,29803,-9350
3805,1997,2,11965,8323,3642
3805,1997,3,11979,9823,2156
3805,1997,4,11982,8223,3759
3805,1997,5,11991,11923,68
3805,1997,6,17912,22103,-4191
3805,1997,7,12176,9523,2653
3805,1997,8,11995,9023,2972
3805,1997,9,12002,10723,1279
3805,1997,10,12005,9423,2582
3805,1997,11,12007,12823,-816
3805,1997,12,17929,18983,-1054
3805,1998,1,14164,29763,-15599
3805,1998,2,16354,9523,6831
3805,1998,3,11962,12863,-901
3805,1998,4,11967,9423,2544
3805,1998,5,11959,16703,-4744
3805,1998,6,17883,20203,-2320
3805,1998,7,11949,8523,3426
3805,1998,8,13340,16123,-2783
3805,1998,9,11957,6623,5334
3805,1998,10,11975,11483,492
3805,1998,11,11956,15023,-3067
3805,1998,12,17924,5908,12016
3806,1996,4,200,0,200
3806,1996,5,25316,0,25316
3806,1996,6,33992,16700,17292
3806,1996,7,22751,20200,2551
3806,1996,8,22759,21700,1059
3806,1996,9,22779,19493,3286
3806,1996,10,22773,27927,-5154
3806,1996,11,22760,24627,-1867
3806,1996,12,34054,30327,3727
3806,1997,1,22763,25527,-2764
3806,1997,2,22753,24227,-1474
3806,1997,3,22752,23727,-975
3806,1997,4,22747,23227,-480
3806,1997,5,22744,25527,-2783
3806,1997,6,33982,55687,-21705
3806,1997,7,22662,15027,7635
3806,1997,8,22679,20527,2152
3806,1997,9,22686,19927,2759
3806,1997,10,22690,25627,-2937
3806,1997,11,22693,17827,4866
3806,1997,12,33987,32227,1760
3806,1998,1,22727,14227,8500
3806,1998,2,22742,19827,2915
3806,1998,3,22718,33727,-11009
3806,1998,4,22698,24807,-2109
3806,1998,5,22734,10167,12567
3806,1998,6,34052,25527,8525
3806,1998,7,22756,29227,-6471
3806,1998,8,22745,23627,-882
3806,1998,9,22740,24027,-1287
3806,1998,10,22732,24727,-1995
3806,1998,11,22747,17927,4820
3806,1998,12,34063,25632,8431
3807,1995,9,20598,0,20598
3807,1995,10,20182,0,20182
3807,1995,11,19740,7700,12040
3807,1995,12,29579,10400,19179
3807,1996,1,19815,28655,-8840
3807,1996,2,19781,22603,-2822
3807,1996,3,19791,15843,3948
3807,1996,4,19790,20843,-1053
3807,1996,5,19795,18243,1552
3807,1996,6,29541,39903,-10362
3807,1996,7,19782,24043,-4261
3807,1996,8,19780,20943,-1163
3807,1996,9,19779,20543,-764
3807,1996,10,19766,22263,-2497
3807,1996,11,19765,16043,3722
3807,1996,12,29571,25923,3648
3807,1997,1,19758,28383,-8625
3807,1997,2,19759,13743,6016
3807,1997,3,19778,16043,3735
3807,1997,4,19795,22143,-2348
3807,1997,5,19773,21043,-1270
3807,1997,6,31176,41483,-10307
3807,1997,7,19741,12643,7098
3807,1997,8,19765,16943,2822
3807,1997,9,19776,16443,3333
3807,1997,10,19787,18443,1344
3807,1997,11,19798,13043,6755
3807,1997,12,29608,25043,4565
3807,1998,1,19813,29043,-9230
3807,1998,2,19794,14243,5551
3807,1998,3,19820,20843,-1023
3807,1998,4,19816,19743,73
3807,1998,5,19799,24983,-5184
3807,1998,6,29568,39223,-9655
3807,1998,7,19763,11543,8220
3807,1998,8,19771,22743,-2972
3807,1998,9,19769,20043,-274
3807,1998,10,19774,16143,3631
3807,1998,11,19774,23643,-3869
3807,1998,12,29552,24928,4624
3808,1993,8,16331,0,16331
3808,1993,9,18103,0,18103
3808,1993,10,15967,2800,13167
3808,1993,11,16000,11400,4600
3808,1993,12,23929,14635,9294
3808,1994,1,15997,35508,-19511
3808,1994,2,15967,11748,4219
3808,1994,3,15975,16048,-73
3808,1994,4,15965,20568,-4603
3808,1994,5,15959,14648,1311
3808,1994,6,23815,50528,-26713
3808,1994,7,20589,9868,10721
3808,1994,8,16211,10348,5863
3808,1994,9,15939,8648,7291
3808,1994,10,15957,12348,3609
3808,1994,11,15967,13848,2119
3808,1994,12,23876,18528,5348
3808,1995,1,15950,30608,-14658
3808,1995,2,15932,16888,-956
3808,1995,3,15940,11848,4092
3808,1995,4,15946,15928,18
3808,1995,5,15953,13048,2905
3808,1995,6,23843,32748,-8905
3808,1995,7,15943,8748,7195
3808,1995,8,15940,24528,-8588
3808,1995,9,15944,16988,-1044
3808,1995,10,15943,18848,-2905
3808,1995,11,15927,12848,3079
3808,1995,12,23850,20728,3122
3808,1996,1,15898,25888,-9990
3808,1996,2,15910,11648,4262
3808,1996,3,15921,20908,-4987
3808,1996,4,15905,15568,337
3808,1996,5,15906,13548,2358
3808,1996,6,23815,19388,4427
3808,1996,7,15912,22948,-7036
3808,1996,8,15898,17028,-1130
3808,1996,9,15898,12848,3050
3808,1996,10,15909,14648,1261
3808,1996,11,15914,13748,2166
3808,1996,12,23832,17768,6064
3808,1997,1,15926,25448,-9522
3808,1997,2,15892,15848,44
3808,1997,3,15910,12648,3262
3808,1997,4,15920,15148,772
3808,1997,5,15920,16848,-928
3808,1997,6,23821,18368,5453
3808,1997,7,15944,12348,3596
3808,1997,8,15957,12728,3229
3808,1997,9,15950,21228,-5278
3808,1997,10,15948,13048,2900
3808,1997,11,15949,18548,-2599
3808,1997,12,23846,19428,4418
3808,1998,1,15935,37868,-21933
3808,1998,2,19592,6748,12844
3808,1998,3,17718,15508,2210
3808,1998,4,15946,8048,7898
3808,1998,5,15962,15908,54
3808,1998,6,32135,28828,3307
3808,1998,7,15971,13708,2263
3808,1998,8,15992,12348,3644
3808,1998,9,16003,13548,2455
3808,1998,10,16005,16808,-803
3808,1998,11,19523,9508,10015
3808,1998,12,24081,9293,14788
3809,1996,11,1000,0,1000
3809,1996,12,21003,0,21003
3809,1997,1,11390,0,11390
3809,1997,2,10525,6500,4025
3809,1997,3,10540,7100,3440
3809,1997,4,10552,9215,1337
3809,1997,5,10560,11301,-741
3809,1997,6,15754,17821,-2067
3809,1997,7,10536,13681,-3145
3809,1997,8,10542,6501,4041
3809,1997,9,10547,10501,46
3809,1997,10,10542,12681,-2139
3809,1997,11,10542,9421,1121
3809,1997,12,15734,15741,-7
3809,1998,1,17093,35001,-17908
3809,1998,2,14985,11041,3944
3809,1998,3,10801,8281,2520
3809,1998,4,13419,3601,9818
3809,1998,5,12757,7321,5436
3809,1998,6,15760,11921,3839
3809,1998,7,10577,9701,876
3809,1998,8,10587,7001,3586
3809,1998,9,10601,6901,3700
3809,1998,10,10614,8001,2613
3809,1998,11,10614,11701,-1087
3809,1998,12,15814,12046,3768
3810,1995,6,500,0,500
3810,1995,7,6541,0,6541
3810,1995,8,6541,0,6541
3810,1995,9,6570,900,5670
3810,1995,10,6627,3100,3527
3810,1995,11,6643,7077,-434
3810,1995,12,6638,7127,-489
3810,1996,1,6635,7607,-972
3810,1996,2,6644,3677,2967
3810,1996,3,6648,6477,171
3810,1996,4,6652,2877,3775
3810,1996,5,6659,8577,-1918
3810,1996,6,6652,16677,-10025
3810,1996,7,6626,3277,3349
3810,1996,8,6633,3177,3456
3810,1996,9,6639,6737,-98
3810,1996,10,6635,6957,-322
3810,1996,11,6644,2877,3767
3810,1996,12,6643,9697,-3054
3810,1997,1,6634,9737,-3103
3810,1997,2,6632,5837,795
3810,1997,3,6635,3917,2718
3810,1997,4,6643,5477,1166
3810,1997,5,6646,6977,-331
3810,1997,6,6647,6717,-70
3810,1997,7,6652,2877,3775
3810,1997,8,6668,2877,3791
3810,1997,9,6683,2877,3806
3810,1997,10,6707,2877,3830
3810,1997,11,6723,2877,3846
3810,1997,12,6735,5597,1138
3810,1998,1,6734,4677,2057
3810,1998,2,6744,3357,3387
3810,1998,3,6751,5477,1274
3810,1998,4,6763,5677,1086
3810,1998,5,6766,3817,2949
3810,1998,6,6724,22177,-15453
3810,1998,7,6724,2877,3847
3810,1998,8,6739,3357,3382
3810,1998,9,6749,5837,912
3810,1998,10,6758,2877,3881
3810,1998,11,6771,3997,2774
3810,1998,12,6759,8372,-1613
3811,1996,10,800,0,800
3811,1996,11,12184,0,12184
3811,1996,12,7434,0,7434
3811,1997,1,4262,0,4262
3811,1997,2,3876,3200,676
3811,1997,3,4682,4420,262
3811,1997,4,3880,6630,-2750
3811,1997,5,3973,2530,1443
3811,1997,6,5267,10810,-5543
3811,1997,7,9963,2530,7433
3811,1997,8,3885,3530,355
3811,1997,9,5389,3460,1929
3811,1997,10,5298,2530,2768
3811,1997,11,4609,2530,2079
3811,1997,12,3912,5240,-1328
3811,1998,1,8507,8500,7
3811,1998,2,9219,2530,6689
3811,1998,3,3934,5060,-1126
3811,1998,4,5233,3550,1683
3811,1998,5,5043,2530,2513
3811,1998,6,4744,5470,-726
3811,1998,7,5251,2530,2721
3811,1998,8,3955,4730,-775
3811,1998,9,3953,3630,323
3811,1998,10,3950,5830,-1880
3811,1998,11,3950,2630,1320
3811,1998,12,3955,2715,1240
3812,1995,1,400,0,400
3812,1995,2,4980,0,4980
3812,1995,3,4980,0,4980
3812,1995,4,4980,0,4980
3812,1995,5,4980,0,4980
3812,1995,6,5029,4640,389
3812,1995,7,5073,2140,2933
3812,1995,8,5081,5840,-759
3812,1995,9,5073,6620,-1547
3812,1995,10,5067,5940,-873
3812,1995,11,5069,3740,1329
3812,1995,12,5070,6360,-1290
3812,1996,1,5052,10140,-5088
3812,1996,2,5051,2140,2911
3812,1996,3,5063,2140,2923
3812,1996,4,5075,2140,2935
3812,1996,5,5088,2140,2948
3812,1996,6,5075,12440,-7365
3812,1996,7,5069,2140,2929
3812,1996,8,5081,2140,2941
3812,1996,9,5093,2140,2953
3812,1996,10,5105,2860,2245
3812,1996,11,5115,4140,975
3812,1996,12,5119,2590,2529
3812,1997,1,5122,10060,-4938
3812,1997,2,5103,5420,-317
3812,1997,3,5107,3580,1527
3812,1997,4,5109,4540,569
3812,1997,5,5113,4380,733
3812,1997,6,5115,13240,-8125
3812,1997,7,5086,2140,2946
3812,1997,8,5098,2140,2958
3812,1997,9,5110,2140,2970
3812,1997,10,5122,2140,2982
3812,1997,11,5135,2140,2995
3812,1997,12,5140,8310,-3170
3812,1998,1,5119,11020,-5901
3812,1998,2,5109,2140,2969
3812,1998,3,5122,2140,2982
3812,1998,4,5129,5580,-451
3812,1998,5,5132,2140,2992
3812,1998,6,5129,9020,-3891
3812,1998,7,5128,2140,2988
3812,1998,8,5141,3260,1881
3812,1998,9,5142,5740,-598
3812,1998,10,5146,2140,3006
3812,1998,11,5158,2140,3018
3812,1998,12,5172,3325,1847
3813,1997,10,11444,0,11444
3813,1997,11,13697,0,13697
3813,1997,12,15613,700,14913
3813,1998,1,10469,13000,-2531
3813,1998,2,10447,16960,-6513
3813,1998,3,10428,13488,-3060
3813,1998,4,10417,12488,-2071
3813,1998,5,10399,16228,-5829
3813,1998,6,15573,11488,4085
3813,1998,7,10427,9388,1039
3813,1998,8,10421,7888,2533
3813,1998,9,11655,6888,4767
3813,1998,10,12563,6888,5675
3813,1998,11,10449,19688,-9239
3813,1998,12,15602,17673,-2071
3814,1995,12,900,0,900
3814,1996,1,11100,0,11100
3814,1996,2,3300,0,3300
3814,1996,3,4100,0,4100
3814,1996,4,1900,0,1900
3814,1996,5,0,1200,-1200
3814,1996,6,2400,0,2400
3814,1996,7,0,800,-800
3814,1996,8,0,1000,-1000
3814,1996,9,2700,0,2700
3814,1996,10,300,0,300
3814,1996,11,300,0,300
3814,1996,12,3300,0,3300
3814,1997,1,1100,0,1100
3814,1997,2,0,4100,-4100
3814,1997,3,0,400,-400
3814,1997,4,0,3400,-3400
3814,1997,5,0,1500,-1500
3814,1997,6,600,0,600
3814,1997,7,0,1500,-1500
3814,1997,8,0,5600,-5600
3814,1997,9,400,0,400
3814,1997,10,0,2100,-2100
3815,1996,3,400,0,400
3815,1996,4,65322,20800,44522
3815,1996,5,19809,9500,10309
3815,1996,6,46188,68815,-22627
3815,1996,7,35291,10415,24876
3815,1996,8,27693,58248,-30555
3815,1996,9,66852,62949,3903
3815,1996,10,42026,24615,17411
3815,1996,11,56669,22045,34624
3815,1996,12,285,34746,-34461
3815,1997,1,123,29318,-29195
3815,1997,2,1780,15,1765
3815,1997,3,25540,15,25525
3815,1997,4,109115,130417,-21302
3815,1997,5,105,415,-310
3815,1997,6,35650,30232,5418
3815,1997,7,44952,12415,32537
3815,1997,8,259,17915,-17656
3815,1997,9,43479,16315,27164
3815,1997,10,90447,113515,-23068
3815,1997,11,55467,16274,39193
3815,1997,12,44735,40715,4020
3815,1998,1,235,70115,-69880
3815,1998,2,94,2315,-2221
3815,1998,3,16875,10115,6760
3815,1998,4,112,5515,-5403
3815,1998,5,46726,3815,42911
3815,1998,6,154,37615,-37461
3815,1998,7,106,3072,-2966
3815,1998,8,42138,6115,36023
3815,1998,9,247,25915,-25668
3815,1998,10,16751,19015,-2264
3815,1998,11,102,10444,-10342
3815,1998,12,0,2700,-2700
3816,1996,4,400,0,400
3816,1996,5,9800,0,9800
3816,1996,6,3500,0,3500
3816,1996,7,5300,0,5300
3816,1996,8,5400,0,5400
3816,1996,9,400,0,400
3816,1996,10,100,0,100
3816,1996,11,0,2000,-2000
3816,1996,12,4000,0,4000
3816,1997,1,500,0,500
3816,1997,2,0,1700,-1700
3816,1997,3,1200,0,1200
3816,1997,4,3500,0,3500
3816,1997,5,4800,0,4800
3816,1997,6,4500,0,4500
3816,1997,7,4200,0,4200
3816,1997,8,0,3800,-3800
3816,1997,9,0,1200,-1200
3816,1997,10,3800,0,3800
3816,1997,11,100,0,100
3816,1997,12,0,3100,-3100
3816,1998,1,0,3900,-3900
3816,1998,2,3000,0,3000
3816,1998,3,1400,0,1400
3816,1998,4,3000,0,3000
3816,1998,5,0,3000,-3000
3816,1998,6,0,700,-700
3816,1998,7,0,1500,-1500
3816,1998,8,3100,0,3100
3816,1998,9,1900,0,1900
3816,1998,10,0,5000,-5000
3816,1998,11,500,0,500
3816,1998,12,6100,0,6100
3817,1995,2,10522,0,10522
3817,1995,3,11870,0,11870
3817,1995,4,9909,2000,7909
3817,1995,5,9922,9200,722
3817,1995,6,14825,13444,1381
3817,1995,7,9922,12744,-2822
3817,1995,8,9907,13844,-3937
3817,1995,9,9888,15104,-5216
3817,1995,10,9885,8044,1841
3817,1995,11,14092,12304,1788
3817,1995,12,14791,20384,-5593
3817,1996,1,11154,16784,-5630
3817,1996,2,13467,6544,6923
3817,1996,3,12881,10984,1897
3817,1996,4,9890,8044,1846
3817,1996,5,9897,11984,-2087
3817,1996,6,14790,11184,3606
3817,1996,7,9905,7644,2261
3817,1996,8,9914,7844,2070
3817,1996,9,9925,6944,2981
3817,1996,10,9934,8144,1790
3817,1996,11,9925,14924,-4999
3817,1996,12,14821,17144,-2323
3817,1997,1,9909,16104,-6195
3817,1997,2,9874,14224,-4350
3817,1997,3,10874,7344,3530
3817,1997,4,9884,7844,2040
3817,1997,5,10485,14344,-3859
3817,1997,6,14786,8744,6042
3817,1997,7,9899,13444,-3545
3817,1997,8,9887,7944,1943
3817,1997,9,9894,8044,1850
3817,1997,10,9899,11944,-2045
3817,1997,11,12689,10984,1705
3817,1997,12,14809,12704,2105
3817,1998,1,11967,22144,-10177
3817,1998,2,12970,6544,6426
3817,1998,3,9892,9844,48
3817,1998,4,9887,17104,-7217
3817,1998,5,9865,6544,3321
3817,1998,6,14783,11644,3139
3817,1998,7,9888,10044,-156
3817,1998,8,9891,6544,3347
3817,1998,9,12899,10744,2155
3817,1998,10,11514,8584,2930
3817,1998,11,10210,12064,-1854
3817,1998,12,14813,14729,84
3818,1993,1,20022,0,20022
3818,1993,2,17449,0,17449
3818,1993,3,17544,4200,13344
3818,1993,4,17586,14700,2886
3818,1993,5,17572,34150,-16578
3818,1993,6,26236,33970,-7734
3818,1993,7,17516,13450,4066
3818,1993,8,17530,16850,680
3818,1993,9,17534,17950,-416
3818,1993,10,17525,16610,915
3818,1993,11,17531,16930,601
3818,1993,12,26236,23730,2506
3818,1994,1,19686,31110,-11424
3818,1994,2,17492,13650,3842
3818,1994,3,17515,15850,1665
3818,1994,4,17512,18170,-658
3818,1994,5,17520,14950,2570
3818,1994,6,26232,20650,5582
3818,1994,7,17546,19650,-2104
3818,1994,8,17540,18050,-510
3818,1994,9,17541,14650,2891
3818,1994,10,17544,20950,-3406
3818,1994,11,17536,15450,2086
3818,1994,12,26240,21890,4350
3818,1995,1,17611,30830,-13219
3818,1995,2,17510,11650,5860
3818,1995,3,17528,14370,3158
3818,1995,4,17540,17710,-170
3818,1995,5,17536,19050,-1514
3818,1995,6,26217,31930,-5713
3818,1995,7,17515,13450,4065
3818,1995,8,17527,15650,1877
3818,1995,9,17531,16650,881
3818,1995,10,17538,15350,2188
3818,1995,11,17536,21710,-4174
3818,1995,12,26227,24350,1877
3818,1996,1,17516,35990,-18474
3818,1996,2,24387,9150,15237
3818,1996,3,17531,11050,6481
3818,1996,4,17555,11550,6005
3818,1996,5,17573,14790,2783
3818,1996,6,26249,29830,-3581
3818,1996,7,17558,21230,-3672
3818,1996,8,17554,14950,2604
3818,1996,9,17544,26290,-8746
3818,1996,10,17536,12350,5186
3818,1996,11,17549,14250,3299
3818,1996,12,26254,22110,4144
3818,1997,1,17530,35690,-18160
3818,1997,2,19824,9150,10674
3818,1997,3,17534,20270,-2736
3818,1997,4,17546,10450,7096
3818,1997,5,17564,14650,2914
3818,1997,6,26225,54110,-27885
3818,1997,7,24390,12870,11520
3818,1997,8,26250,9150,17100
3818,1997,9,17583,13490,4093
3818,1997,10,17611,9450,8161
3818,1997,11,17617,18070,-453
3818,1997,12,26326,19030,7296
3818,1998,1,17590,35690,-18100
3818,1998,2,17589,12350,5239
3818,1998,3,17600,15450,2150
3818,1998,4,17614,14750,2864
3818,1998,5,17612,18250,-638
3818,1998,6,26315,61110,-34795
3818,1998,7,26322,9150,17172
3818,1998,8,19162,11550,7612
3818,1998,9,17586,12050,5536
3818,1998,10,17605,13950,3655
3818,1998,11,17603,24150,-6547
3818,1998,12,26294,16895,9399
3819,1996,11,700,0,700
3819,1996,12,19036,0,19036
3819,1997,1,10745,7400,3345
3819,1997,2,10752,9700,1052
3819,1997,3,10757,9300,1457
3819,1997,4,10765,8715,2050
3819,1997,5,10761,13217,-2456
3819,1997,6,16075,17417,-1342
3819,1997,7,10753,12457,-1704
3819,1997,8,14850,12037,2813
3819,1997,9,11955,12637,-682
3819,1997,10,10755,9517,1238
3819,1997,11,10759,9517,1242
3819,1997,12,16095,15477,618
3819,1998,1,10742,19837,-9095
3819,1998,2,10720,12117,-1397
3819,1998,3,11835,7117,4718
3819,1998,4,10754,7117,3637
3819,1998,5,10744,13517,-2773
3819,1998,6,16085,10817,5268
3819,1998,7,10751,14817,-4066
3819,1998,8,10726,16717,-5991
3819,1998,9,10712,13717,-3005
3819,1998,10,10725,7117,3608
3819,1998,11,10722,12117,-1395
3819,1998,12,17478,9342,8136
3820,1993,11,700,0,700
3820,1993,12,20674,0,20674
3820,1994,1,12189,4800,7389
3820,1994,2,12205,10300,1905
3820,1994,3,12221,7100,5121
3820,1994,4,12208,23049,-10841
3820,1994,5,12185,12369,-184
3820,1994,6,18232,16469,1763
3820,1994,7,12192,12769,-577
3820,1994,8,12187,13969,-1782
3820,1994,9,12176,22189,-10013
3820,1994,10,15263,9269,5994
3820,1994,11,12183,8169,4014
3820,1994,12,18243,14709,3534
3820,1995,1,12185,23609,-11424
3820,1995,2,14666,8069,6597
3820,1995,3,12190,9369,2821
3820,1995,4,12199,10869,1330
3820,1995,5,12207,10709,1498
3820,1995,6,18270,11769,6501
3820,1995,7,12214,18369,-6155
3820,1995,8,14530,8069,6461
3820,1995,9,12247,8869,3378
3820,1995,10,12260,9069,3191
3820,1995,11,12271,9869,2402
3820,1995,12,18344,9469,8875
3820,1996,1,12263,35489,-23226
3820,1996,2,15335,10349,4986
3820,1996,3,17465,8069,9396
3820,1996,4,12273,12669,-396
3820,1996,5,12281,9169,3112
3820,1996,6,18527,32989,-14462
3820,1996,7,18046,12389,5657
3820,1996,8,14447,12749,1698
3820,1996,9,13155,9389,3766
3820,1996,10,12271,10269,2002
3820,1996,11,12279,10269,2010
3820,1996,12,18339,19349,-1010
3820,1997,1,20742,31709,-10967
3820,1997,2,17539,13829,3710
3820,1997,3,15355,8069,7286
3820,1997,4,15886,8069,7817
3820,1997,5,13617,11429,2188
3820,1997,6,31301,43189,-11888
3820,1997,7,19582,8069,11513
3820,1997,8,12323,8869,3454
3820,1997,9,12334,11269,1065
3820,1997,10,12340,10669,1671
3820,1997,11,12346,10769,1577
3820,1997,12,18403,20949,-2546
3820,1998,1,21492,33709,-12217
3820,1998,2,17599,8069,9530
3820,1998,3,13335,8069,5266
3820,1998,4,15048,13349,1699
3820,1998,5,12361,8969,3392
3820,1998,6,18401,50229,-31828
3820,1998,7,29569,8069,21500
3820,1998,8,14036,8069,5967
3820,1998,9,13960,8069,5891
3820,1998,10,12384,10449,1935
3820,1998,11,12386,10169,2217
3820,1998,12,18440,16134,2306
3821,1996,4,500,0,500
3821,1996,5,11523,0,11523
3821,1996,6,25134,6315,18819
3821,1996,7,1818,6965,-5147
3821,1996,8,1806,2065,-259
3821,1996,9,1802,3615,-1813
3821,1996,10,46944,2415,44529
3821,1996,11,1935,27015,-25080
3821,1996,12,1856,11415,-9559
3821,1997,1,1816,11865,-10049
3821,1997,2,1794,3415,-1621
3821,1997,3,1776,8715,-6939
3821,1997,4,1765,15,1750
3821,1997,5,1765,3715,-1950
3821,1997,6,49314,715,48599
3821,1997,7,1890,31215,-29325
3821,1997,8,1824,9215,-7391
3821,1997,9,47635,7115,40520
3821,1997,10,1891,31565,-29674
3821,1997,11,1815,14765,-12950
3821,1997,12,1785,6515,-4730
3821,1998,1,43543,17365,26178
3821,1998,2,1857,19115,-17258
3821,1998,3,1801,9215,-7414
3821,1998,4,1768,9515,-7747
3821,1998,5,1759,15,1744
3821,1998,6,1766,15,1751
3821,1998,7,1765,3515,-1750
3821,1998,8,1766,15,1751
3821,1998,9,47527,15,47512
3821,1998,10,1890,33715,-31825
3821,1998,11,1797,20215,-18418
3821,1998,12,1762,0,1762
3822,1993,9,500,0,500
3822,1993,10,20776,0,20776
3822,1993,11,17451,6000,11451
3822,1993,12,26172,15500,10672
3822,1994,1,17525,18800,-1275
3822,1994,2,17523,21272,-3749
3822,1994,3,17512,19172,-1660
3822,1994,4,17487,32153,-14666
3822,1994,5,19058,11672,7386
3822,1994,6,26167,20972,5195
3822,1994,7,17494,19272,-1778
3822,1994,8,22185,29199,-7014
3822,1994,9,17465,16164,1301
3822,1994,10,17676,11672,6004
3822,1994,11,22682,25351,-2669
3822,1994,12,26163,34372,-8209
3822,1995,1,24451,25510,-1059
3822,1995,2,19856,11672,8184
3822,1995,3,17678,15964,1714
3822,1995,4,17485,14672,2813
3822,1995,5,17902,14155,3747
3822,1995,6,26194,30495,-4301
3822,1995,7,17470,26572,-9102
3822,1995,8,19970,11672,8298
3822,1995,9,21284,23249,-1965
3822,1995,10,17490,11672,5818
3822,1995,11,17507,21786,-4279
3822,1995,12,26185,35746,-9561
3822,1996,1,17477,16272,1205
3822,1996,2,17465,11772,5693
3822,1996,3,17474,16272,1202
3822,1996,4,17442,29972,-12530
3822,1996,5,19649,11672,7977
3822,1996,6,33280,17972,15308
3822,1996,7,20103,25472,-5369
3822,1996,8,17512,16829,683
3822,1996,9,17518,12172,5346
3822,1996,10,20714,25772,-5058
3822,1996,11,21122,17672,3450
3822,1996,12,26512,19172,7340
3822,1997,1,17501,43270,-25769
3822,1997,2,28290,11672,16618
3822,1997,3,23704,26452,-2748
3822,1997,4,21327,11672,9655
3822,1997,5,23702,41989,-18287
3822,1997,6,36510,11672,24838
3822,1997,7,17562,18372,-810
3822,1997,8,17520,41390,-23870
3822,1997,9,29714,30319,-605
3822,1997,10,27508,14072,13436
3822,1997,11,29744,43196,-13452
3822,1997,12,30045,25992,4053
3822,1998,1,18663,23072,-4409
3822,1998,2,17443,22609,-5166
3822,1998,3,17448,16372,1076
3822,1998,4,17452,15672,1780
3822,1998,5,17459,15172,2287
3822,1998,6,27109,32972,-5863
3822,1998,7,17444,13372,4072
3822,1998,8,17412,29437,-12025
3822,1998,9,17412,11672,5740
3822,1998,10,17429,20172,-2743
3822,1998,11,17420,16572,848
3822,1998,12,26112,24957,1155
3823,1995,4,1000,0,1000
3823,1995,5,12700,0,12700
3823,1995,6,3700,0,3700
3823,1995,7,43791,17200,26591
3823,1995,8,183,9800,-9617
3823,1995,9,5656,5700,-44
3823,1995,10,142,7700,-7558
3823,1995,11,142,3700,-3558
3823,1995,12,742,0,742
3823,1996,1,142,2600,-2458
3823,1996,2,142,1400,-1258
3823,1996,3,31915,100,31815
3823,1996,4,216,20000,-19784
3823,1996,5,216,9300,-9084
3823,1996,6,216,5300,-5084
3823,1996,7,216,4600,-4384
3823,1996,8,216,2400,-2184
3823,1997,3,11022,9115,1907
3823,1997,4,56,15,41
3823,1997,5,0,15,-15
3823,1997,6,114,1615,-1501
3823,1997,7,47405,15,47390
3823,1997,8,173,21165,-20992
3823,1997,9,137,13565,-13428
3823,1997,10,102,9015,-8913
3823,1997,11,66,15,51
3823,1997,12,66,15,51
3823,1998,1,66,1965,-1899
3823,1998,2,59,15,44
3823,1998,3,0,15,-15
3823,1998,4,120,15,105
3823,1998,5,59,1515,-1456
3823,1998,6,5886,15,5871
3823,1998,7,77,15,62
3823,1998,8,0,15,-15
3823,1998,9,157,15,142
3823,1998,10,77,1865,-1788
3823,1998,11,70,3615,-3545
3823,1998,12,18322,0,18322
3824,1994,3,700,0,700
3824,1994,4,16226,0,16226
3824,1994,5,9380,2500,6880
3824,1994,6,14063,4800,9263
3824,1994,7,9433,10900,-1467
3824,1994,8,9433,7315,2118
3824,1994,9,9436,11113,-1677
3824,1994,10,9434,8713,721
3824,1994,11,9413,14913,-5500
3824,1994,12,14070,10113,3957
3824,1995,1,9409,14213,-4804
3824,1995,2,10316,6213,4103
3824,1995,3,9411,13513,-4102
3824,1995,4,9405,10413,-1008
3824,1995,5,9403,14313,-4910
3824,1995,6,18453,10413,8040
3824,1995,7,14508,13913,595
3824,1995,8,9926,6213,3713
3824,1995,9,9428,10513,-1085
3824,1995,10,9431,7813,1618
3824,1995,11,9427,10813,-1386
3824,1995,12,14093,6913,7180
3824,1996,1,9444,14813,-5369
3824,1996,2,9425,11213,-1788
3824,1996,3,9428,8313,1115
3824,1996,4,9427,9713,-286
3824,1996,5,9423,10613,-1190
3824,1996,6,14082,10513,3569
3824,1996,7,9432,12013,-2581
3824,1996,8,9415,13913,-4498
3824,1996,9,9391,14713,-5322
3824,1996,10,9381,10013,-632
3824,1996,11,9380,9513,-133
3824,1996,12,14038,10213,3825
3824,1997,1,9378,14813,-5435
3824,1997,2,9371,9713,-342
3824,1997,3,9372,9413,-41
3824,1997,4,9375,8313,1062
3824,1997,5,9366,12413,-3047
3824,1997,6,14039,6213,7826
3824,1997,7,9373,19113,-9740
3824,1997,8,9371,6213,3158
3824,1997,9,9384,14813,-5429
3824,1997,10,9377,6213,3164
3824,1997,11,9375,6213,3162
3824,1997,12,14048,6213,7835
3824,1998,1,9408,14113,-4705
3824,1998,2,9400,6213,3187
3824,1998,3,9409,20113,-10704
3824,1998,4,9369,6213,3156
3824,1998,5,9383,6213,3170
3824,1998,6,14055,6213,7842
3824,1998,7,9416,25113,-15697
3824,1998,8,9363,6213,3150
3824,1998,9,9376,6213,3163
3824,1998,10,9389,6213,3176
3824,1998,11,9402,6213,3189
3824,1998,12,14074,7498,6576
3825,1993,12,400,0,400
3825,1994,1,11800,0,11800
3825,1994,2,6300,0,6300
3825,1994,3,23226,10100,13126
3825,1994,4,132,5200,-5068
3825,1994,5,132,300,-168
3825,1994,6,132,3600,-3468
3825,1994,7,132,2000,-1868
3825,1994,8,1032,0,1032
3825,1994,9,932,0,932
3825,1994,10,2332,0,2332
3825,1994,11,132,3200,-3068
3825,1994,12,17660,0,17660
3825,1995,1,166,7700,-7534
3825,1995,2,35970,21400,14570
3825,1995,3,195,15100,-14905
3825,1995,4,195,5500,-5305
3825,1995,5,195,3500,-3305
3825,1995,6,195,1900,-1705
3825,1995,7,295,0,295
3825,1995,8,195,100,95
3825,1995,9,195,3100,-2905
3825,1995,10,1595,0,1595
3825,1995,11,295,0,295
3825,1995,12,24526,1100,23426
3825,1996,1,188,14800,-14612
3825,1996,2,188,4200,-4012
3825,1996,3,588,0,588
3825,1996,4,26298,2215,24083
3825,1996,5,4649,16565,-11916
3825,1996,6,160,14965,-14805
3825,1996,7,101,10715,-10614
3825,1996,8,0,15,-15
3825,1996,9,118,15,103
3825,1996,10,0,15,-15
3825,1996,11,118,15,103
3825,1996,12,58,15,43
3825,1997,1,0,15,-15
3825,1997,2,39344,28465,10879
3825,1997,3,0,15,-15
3825,1997,4,211,15,196
3825,1997,5,103,10615,-10512
3825,1997,6,61,15,46
3825,1997,7,61,15,46
3825,1997,8,0,15,-15
3825,1997,9,41247,21915,19332
3825,1997,10,131,9765,-9634
3825,1997,11,93,7215,-7122
3825,1997,12,71,2515,-2444
3825,1998,1,0,15,-15
3825,1998,2,128,15,113
3825,1998,3,0,15,-15
3825,1998,4,124,15,109
3825,1998,5,0,15,-15
3825,1998,6,124,15,109
3825,1998,7,261,15,246
3825,1998,8,7804,15,7789
3825,1998,9,20917,5815,15102
3825,1998,10,156,11115,-10959
3825,1998,11,111,3615,-3504
3825,1998,12,0,1800,-1800
3826,1995,3,7698,0,7698
3826,1995,4,17654,0,17654
3826,1995,5,6898,1300,5598
3826,1995,6,10309,5000,5309
3826,1995,7,6927,7715,-788
3826,1995,8,6920,6733,187
3826,1995,9,6912,9233,-2321
3826,1995,10,6913,8633,-1720
3826,1995,11,6908,12433,-5525
3826,1995,12,10287,12213,-1926
3826,1996,1,14152,15213,-1061
3826,1996,2,7180,4533,2647
3826,1996,3,6885,7213,-328
3826,1996,4,6888,7633,-745
3826,1996,5,8663,10293,-1630
3826,1996,6,10276,6633,3643
3826,1996,7,6894,5833,1061
3826,1996,8,6898,6633,265
3826,1996,9,13194,10173,3021
3826,1996,10,6912,5033,1879
3826,1996,11,6915,10953,-4038
3826,1996,12,10295,12233,-1938
3826,1997,1,14675,18813,-4138
3826,1997,2,8680,4533,4147
3826,1997,3,11601,4533,7068
3826,1997,4,10229,4533,5696
3826,1997,5,8651,4533,4118
3826,1997,6,18832,25733,-6901
3826,1997,7,8840,4533,4307
3826,1997,8,7556,4533,3023
3826,1997,9,6956,13133,-6177
3826,1997,10,6939,6333,606
3826,1997,11,7946,4533,3413
3826,1997,12,10344,11073,-729
3826,1998,1,9938,14133,-4195
3826,1998,2,9138,8853,285
3826,1998,3,10445,4533,5912
3826,1998,4,10863,5373,5490
3826,1998,5,6978,11773,-4795
3826,1998,6,10351,14013,-3662
3826,1998,7,12348,7173,5175
3826,1998,8,12065,9333,2732
3826,1998,9,7783,6333,1450
3826,1998,10,6987,5433,1554
3826,1998,11,11406,4533,6873
3826,1998,12,10399,11578,-1179
3827,1994,10,9332,0,9332
3827,1994,11,16587,0,16587
3827,1994,12,13797,3300,10497
3827,1995,1,9266,6800,2466
3827,1995,2,9270,9315,-45
3827,1995,3,9272,8715,557
3827,1995,4,9263,9815,-552
3827,1995,5,9272,8615,657
3827,1995,6,13814,26715,-12901
3827,1995,7,9229,9315,-86
3827,1995,8,9220,7515,1705
3827,1995,9,9226,10115,-889
3827,1995,10,9237,5615,3622
3827,1995,11,9240,5015,4225
3827,1995,12,13811,15315,-1504
3827,1996,1,9257,11515,-2258
3827,1996,2,9240,8215,1025
3827,1996,3,9244,8315,929
3827,1996,4,9247,11815,-2568
3827,1996,5,9243,10615,-1372
3827,1996,6,13786,17815,-4029
3827,1996,7,9219,3815,5404
3827,1996,8,9241,5615,3626
3827,1996,9,9249,11515,-2266
3827,1996,10,9240,10815,-1575
3827,1996,11,9238,7515,1723
3827,1996,12,13810,10715,3095
3827,1997,1,9249,17315,-8066
3827,1997,2,9227,8815,412
3827,1997,3,9230,4815,4415
3827,1997,4,9250,3515,5735
3827,1997,5,9265,10515,-1250
3827,1997,6,13820,17715,-3895
3827,1997,7,9241,11215,-1974
3827,1997,8,9237,8415,822
3827,1997,9,9240,9115,125
3827,1997,10,9232,13415,-4183
3827,1997,11,9222,9115,107
3827,1997,12,13780,14215,-435
3827,1998,1,9216,12515,-3299
3827,1998,2,9211,7015,2196
3827,1998,3,9219,7515,1704
3827,1998,4,9213,16815,-7602
3827,1998,5,9196,6915,2281
3827,1998,6,13772,6615,7157
3827,1998,7,9230,9415,-185
3827,1998,8,9236,6415,2821
3827,1998,9,9254,5915,3339
3827,1998,10,9274,1215,8059
3827,1998,11,9285,10515,-1230
3827,1998,12,13842,13400,442
3828,1997,8,1100,0,1100
3828,1997,9,3016,0,3016
3828,1997,10,3016,0,3016
3828,1997,11,3016,0,3016
3828,1997,12,3016,0,3016
3828,1998,1,3057,3975,-918
3828,1998,2,3076,2025,1051
3828,1998,3,3072,3105,-33
3828,1998,4,3071,3075,-4
3828,1998,5,3075,2025,1050
3828,1998,6,3079,2025,1054
3828,1998,7,3083,2025,1058
3828,1998,8,3088,2025,1063
3828,1998,9,3091,3315,-224
3828,1998,10,3096,2475,621
3828,1998,11,3100,2025,1075
3828,1998,12,3097,2490,607
3830,1997,4,700,0,700
3830,1997,5,18143,0,18143
3830,1997,6,21570,8700,12870
3830,1997,7,14448,12600,1848
3830,1997,8,14451,15400,-949
3830,1997,9,14450,13815,635
3830,1997,10,15038,16613,-1575
3830,1997,11,14460,9513,4947
3830,1997,12,21636,21813,-177
3830,1998,1,14624,31013,-16389
3830,1998,2,16202,16068,134
3830,1998,3,21826,10563,11263
3830,1998,4,19256,15558,3698
3830,1998,5,16680,17225,-545
3830,1998,6,21653,6713,14940
3830,1998,7,14526,12513,2013
3830,1998,8,14532,13213,1319
3830,1998,9,14532,15213,-681
3830,1998,10,18379,31313,-12934
3830,1998,11,30295,20511,9784
3830,1998,12,33720,59615,-25895
3832,1996,1,200,0,200
3832,1996,2,14699,0,14699
3832,1996,3,7851,1100,6751
3832,1996,4,7873,5900,1973
3832,1996,5,7877,8600,-723
3832,1996,6,11773,10491,1282
3832,1996,7,7881,10251,-2370
3832,1996,8,7877,7631,246
3832,1996,9,7876,7451,425
3832,1996,10,7880,6051,1829
3832,1996,11,8391,4351,4040
3832,1996,12,11786,20651,-8865
3832,1997,1,12153,15871,-3718
3832,1997,2,10259,4351,5908
3832,1997,3,7871,8451,-580
3832,1997,4,7876,4851,3025
3832,1997,5,7873,12291,-4418
3832,1997,6,11752,14851,-3099
3832,1997,7,7849,10111,-2262
3832,1997,8,8861,4351,4510
3832,1997,9,7861,6951,910
3832,1997,10,7865,7051,814
3832,1997,11,7868,7151,717
3832,1997,12,14074,7871,6203
3832,1998,1,7871,18011,-10140
3832,1998,2,10364,6871,3493
3832,1998,3,8879,4351,4528
3832,1998,4,7885,7851,34
3832,1998,5,7881,9651,-1770
3832,1998,6,11773,9651,2122
3832,1998,7,7884,9051,-1167
3832,1998,8,7873,11151,-3278
3832,1998,9,7861,10651,-2790
3832,1998,10,7854,8651,-797
3832,1998,11,7862,4351,3511
3832,1998,12,11742,16716,-4974
3833,1997,7,54332,0,54332
3833,1997,8,14000,16900,-2900
3833,1997,9,27927,23300,4627
3833,1997,10,233,13500,-13267
3833,1997,11,233,3000,-2767
3833,1997,12,233,5500,-5267
3833,1998,1,73260,87275,-14015
3833,1998,2,3277,6775,-3498
3833,1998,3,4565,6775,-2210
3833,1998,4,49231,6775,42456
3833,1998,5,87423,84175,3248
3833,1998,6,178,27075,-26897
3833,1998,7,104,13075,-12971
3833,1998,8,20882,9475,11407
3833,1998,9,16920,14275,2645
3833,1998,10,69376,39835,29541
3833,1998,11,25271,37775,-12504
3833,1998,12,78456,44660,33796
3834,1993,1,700,0,700
3834,1993,2,20510,0,20510
3834,1993,3,13975,6700,7275
3834,1993,4,14004,7600,6404
3834,1993,5,14021,13100,921
3834,1993,6,20955,43297,-22342
3834,1993,7,15549,6955,8594
3834,1993,8,15971,12715,3256
3834,1993,9,16664,16715,-51
3834,1993,10,13985,11555,2430
3834,1993,11,13999,10055,3944
3834,1993,12,20948,24835,-3887
3834,1994,1,13978,27695,-13717
3834,1994,2,16547,9055,7492
3834,1994,3,13969,18535,-4566
3834,1994,4,15459,8255,7204
3834,1994,5,13966,17895,-3929
3834,1994,6,20919,22775,-1856
3834,1994,7,17664,12755,4909
3834,1994,8,13976,10255,3721
3834,1994,9,15987,14375,1612
3834,1994,10,17112,8876,8236
3834,1994,11,17618,17276,342
3834,1994,12,20987,14496,6491
3834,1995,1,13994,43716,-29722
3834,1995,2,22869,8876,13993
3834,1995,3,15592,13796,1796
3834,1995,4,14004,9976,4028
3834,1995,5,14020,10176,3844
3834,1995,6,20935,35676,-14741
3834,1995,7,15885,8876,7009
3834,1995,8,14001,11476,2525
3834,1995,9,14005,12576,1429
3834,1995,10,14011,13875,136
3834,1995,11,14007,14955,-948
3834,1995,12,20944,19715,1229
3834,1996,1,13988,30015,-16027
3834,1996,2,18075,8955,9120
3834,1996,3,13976,14855,-879
3834,1996,4,13976,13455,521
3834,1996,5,13980,14455,-475
3834,1996,6,20927,15055,5872
3834,1996,7,13997,15655,-1658
3834,1996,8,13979,21755,-7776
3834,1996,9,13977,16875,-2898
3834,1996,10,13967,12455,1512
3834,1996,11,13975,13155,820
3834,1996,12,20924,17375,3549
3834,1997,1,13962,25155,-11193
3834,1997,2,13945,11655,2290
3834,1997,3,13955,12255,1700
3834,1997,4,13958,14475,-517
3834,1997,5,13953,12555,1398
3834,1997,6,20914,17055,3859
3834,1997,7,13958,18435,-4477
3834,1997,8,13956,14035,-79
3834,1997,9,15363,8655,6708
3834,1997,10,13982,17115,-3133
3834,1997,11,13967,14555,-588
3834,1997,12,20916,18055,2861
3834,1998,1,13954,22575,-8621
3834,1998,2,13948,8755,5193
3834,1998,3,13952,19355,-5403
3834,1998,4,13948,8455,5493
3834,1998,5,13968,8555,5413
3834,1998,6,20926,27155,-6229
3834,1998,7,13957,16335,-2378
3834,1998,8,13961,6955,7006
3834,1998,9,13980,9455,4525
3834,1998,10,13975,26855,-12880
3834,1998,11,13950,8855,5095
3834,1998,12,20922,12280,8642
3835,1993,3,900,0,900
3835,1993,4,19979,0,19979
3835,1993,5,14336,7300,7036
3835,1993,6,21488,12100,9388
3835,1993,7,14393,12200,2193
3835,1993,8,14391,16615,-2224
3835,1993,9,14369,21199,-6830
3835,1993,10,14350,16999,-2649
3835,1993,11,18774,8799,9975
3835,1993,12,21523,16799,4724
3835,1994,1,14405,14499,-94
3835,1994,2,14410,11999,2411
3835,1994,3,14407,16799,-2392
3835,1994,4,14420,9399,5021
3835,1994,5,14428,13399,1029
3835,1994,6,21554,26199,-4645
3835,1994,7,14410,13999,411
3835,1994,8,14409,15599,-1190
3835,1994,9,14399,16499,-2100
3835,1994,10,14395,18099,-3704
3835,1994,11,14398,9099,5299
3835,1994,12,21539,15999,5540
3835,1995,1,14410,22499,-8089
3835,1995,2,14397,14799,-402
3835,1995,3,14390,15599,-1209
3835,1995,4,14403,9599,4804
3835,1995,5,14413,12999,1414
3835,1995,6,22534,17799,4735
3835,1995,7,14424,16799,-2375
3835,1995,8,14418,15799,-1381
3835,1995,9,14419,13699,720
3835,1995,10,14419,15099,-680
3835,1995,11,14422,16199,-1777
3835,1995,12,21555,22399,-844
3835,1996,1,14435,15499,-1064
3835,1996,2,14421,13999,422
3835,1996,3,14426,17299,-2873
3835,1996,4,14404,13999,405
3835,1996,5,14405,15099,-694
3835,1996,6,24404,27499,-3095
3835,1996,7,14397,11099,3298
3835,1996,8,14406,14499,-93
3835,1996,9,14391,15399,-1008
3835,1996,10,14402,11399,3003
3835,1996,11,14405,17099,-2694
3835,1996,12,21528,22699,-1171
3835,1997,1,14397,11999,2398
3835,1997,2,14401,17399,-2998
3835,1997,3,14396,10399,3997
3835,1997,4,14410,15499,-1089
3835,1997,5,14390,18099,-3709
3835,1997,6,26590,29299,-2709
3835,1997,7,14380,12999,1381
3835,1997,8,14384,13099,1285
3835,1997,9,14389,11299,3090
3835,1997,10,14401,13099,1302
3835,1997,11,14399,15599,-1200
3835,1997,12,21526,23399,-1873
3835,1998,1,14397,8999,5398
3835,1998,2,14399,19999,-5600
3835,1998,3,15186,11799,3387
3835,1998,4,14398,15599,-1201
3835,1998,5,14393,15699,-1306
3835,1998,6,21503,22799,-1296
3835,1998,7,14370,24099,-9729
3835,1998,8,14341,14899,-558
3835,1998,9,14344,11399,2945
3835,1998,10,14351,14099,252
3835,1998,11,14356,11799,2557
3835,1998,12,21498,15584,5914
3836,1997,12,35184,0,35184
3836,1998,1,23381,7600,15781
3836,1998,2,23440,9300,14140
3836,1998,3,23469,21400,2069
3836,1998,4,23469,24626,-1157
3836,1998,5,23435,29110,-5675
3836,1998,6,35051,29110,5941
3836,1998,7,23453,23310,143
3836,1998,8,23453,27310,-3857
3836,1998,9,23423,28390,-4967
3836,1998,10,23435,17210,6225
3836,1998,11,23432,25470,-2038
3836,1998,12,35050,29155,5895
3837,1993,8,800,0,800
3837,1993,9,18993,0,18993
3837,1993,10,13868,3300,10568
3837,1993,11,13908,8100,5808
3837,1993,12,20818,17400,3418
3837,1994,1,17211,33097,-15886
3837,1994,2,13882,6500,7382
3837,1994,3,15594,19572,-3978
3837,1994,4,13897,6600,7297
3837,1994,5,15698,24117,-8419
3837,1994,6,20798,10800,9998
3837,1994,7,13924,15600,-1676
3837,1994,8,13918,18600,-4682
3837,1994,9,13908,7900,6008
3837,1994,10,13927,12000,1927
3837,1994,11,13921,20500,-6579
3837,1994,12,20805,19800,1005
3837,1995,1,16578,26500,-9922
3837,1995,2,13883,5100,8783
3837,1995,3,13911,13100,811
3837,1995,4,13909,14900,-991
3837,1995,5,13913,9000,4913
3837,1995,6,20807,31596,-10789
3837,1995,7,13898,4600,9298
3837,1995,8,13901,25600,-11699
3837,1995,9,13898,900,12998
3837,1995,10,13939,10200,3739
3837,1995,11,13950,8800,5150
3837,1995,12,20848,24700,-3852
3837,1996,1,13905,33700,-19795
3837,1996,2,18007,100,17907
3837,1996,3,13950,8300,5650
3837,1996,4,13955,15701,-1746
3837,1996,5,13954,23577,-9623
3837,1996,6,20798,21900,-1102
3837,1996,7,13942,1500,12442
3837,1996,8,15561,14800,761
3837,1996,9,16321,31964,-15643
3837,1996,10,13931,2700,11231
3837,1996,11,17176,14223,2953
3837,1996,12,20855,29147,-8292
3837,1997,1,23309,36700,-13391
3837,1997,2,25240,100,25140
3837,1997,3,13942,30011,-16069
3837,1997,4,18046,18400,-354
3837,1997,5,22660,11800,10860
3837,1997,6,25778,10600,15178
3837,1997,7,14035,5600,8435
3837,1997,8,13999,30863,-16864
3837,1997,9,14005,6269,7736
3837,1997,10,14026,8343,5683
3837,1997,11,14043,12114,1929
3837,1997,12,20943,15530,5413
3837,1998,1,13966,58996,-45030
3837,1998,2,25243,6610,18633
3837,1998,3,21588,8800,12788
3837,1998,4,14037,2700,11337
3837,1998,5,14026,25437,-11411
3837,1998,6,20886,20400,486
3837,1998,7,14023,19600,-5577
3837,1998,8,13982,15286,-1304
3837,1998,9,13989,22457,-8468
3837,1998,10,13944,2500,11444
3837,1998,11,13983,20688,-6705
3837,1998,12,20837,29800,-8963
3838,1994,5,13413,0,13413
3838,1994,6,24487,0,24487
3838,1994,7,12751,14300,-1549
3838,1994,8,12725,11400,1325
3838,1994,9,12729,14415,-1686
3838,1994,10,12723,13415,-692
3838,1994,11,12719,15315,-2596
3838,1994,12,19011,17415,1596
3838,1995,1,12722,16815,-4093
3838,1995,2,12713,10215,2498
3838,1995,3,12709,12715,-6
3838,1995,4,12711,8615,4096
3838,1995,5,12726,12415,311
3838,1995,6,19041,20115,-1074
3838,1995,7,12723,12315,408
3838,1995,8,12723,14015,-1292
3838,1995,9,12718,13715,-997
3838,1995,10,12712,15515,-2803
3838,1995,11,12705,16115,-3410
3838,1995,12,19003,17815,1188
3838,1996,1,12709,14615,-1906
3838,1996,2,12693,14015,-1322
3838,1996,3,12683,11015,1668
3838,1996,4,12691,17115,-4424
3838,1996,5,12668,15115,-2447
3838,1996,6,18951,15615,3336
3838,1996,7,12672,12715,-43
3838,1996,8,12668,14915,-2247
3838,1996,9,12652,18515,-5863
3838,1996,10,12636,13715,-1079
3838,1996,11,12631,14215,-1584
3838,1996,12,18917,17215,1702
3838,1997,1,12640,10515,2125
3838,1997,2,12643,12715,-72
3838,1997,3,12641,13115,-474
3838,1997,4,12642,11815,827
3838,1997,5,12643,12815,-172
3838,1997,6,18933,18015,918
3838,1997,7,12664,5115,7549
3838,1997,8,12672,15815,-3143
3838,1997,9,12679,7115,5564
3838,1997,10,12697,10615,2082
3838,1997,11,12688,17815,-5127
3838,1997,12,18971,16215,2756
3838,1998,1,12685,16215,-3530
3838,1998,2,12698,3315,9383
3838,1998,3,12738,13315,-577
3838,1998,4,12704,14615,-1911
3838,1998,5,12709,10215,2494
3838,1998,6,19018,22415,-3397
3838,1998,7,12690,17315,-4625
3838,1998,8,12706,2915,9791
3838,1998,9,12738,5715,7023
3838,1998,10,12757,9215,3542
3838,1998,11,12751,21015,-8264
3838,1998,12,19048,7500,11548
3839,1995,2,600,0,600
3839,1995,3,30756,2100,28656
3839,1995,4,30859,17700,13159
3839,1995,5,30906,24200,6706
3839,1995,6,46304,33500,12804
3839,1995,7,30971,36115,-5144
3839,1995,8,30957,36015,-5058
3839,1995,9,30942,27515,3427
3839,1995,10,30949,35915,-4966
3839,1995,11,30933,37515,-6582
3839,1995,12,46262,52715,-6453
3839,1996,1,30869,48159,-17290
3839,1996,2,30840,12915,17925
3839,1996,3,30897,21715,9182
3839,1996,4,30887,53687,-22800
3839,1996,5,30834,25915,4919
3839,1996,6,46242,28315,17927
3839,1996,7,30916,52027,-21111
3839,1996,8,30853,27055,3798
3839,1996,9,30859,35343,-4484
3839,1996,10,30846,22715,8131
3839,1996,11,30859,34270,-3411
3839,1996,12,46233,42785,3448
3839,1997,1,30837,42415,-11578
3839,1997,2,30850,16915,13935
3839,1997,3,30883,25515,5368
3839,1997,4,30898,28415,2483
3839,1997,5,30907,29115,1792
3839,1997,6,46386,42715,3671
3839,1997,7,31010,37015,-6005
3839,1997,8,30932,19615,11317
3839,1997,9,30968,23215,7753
3839,1997,10,30971,30315,656
3839,1997,11,30998,24915,6083
3839,1997,12,46407,28815,17592
3839,1998,1,30987,70615,-39628
3839,1998,2,30962,13915,17047
3839,1998,3,30964,34116,-3152
3839,1998,4,31005,19515,11490
3839,1998,5,31009,34915,-3906
3839,1998,6,46422,23922,22500
3839,1998,7,31078,41815,-10737
3839,1998,8,31071,24315,6756
3839,1998,9,31039,62633,-31594
3839,1998,10,30961,43443,-12482
3839,1998,11,30955,10415,20540
3839,1998,12,46397,32600,13797
3840,1994,2,700,0,700
3840,1994,3,5970,0,5970
3840,1994,4,5970,0,5970
3840,1994,5,5970,0,5970
3840,1994,6,5970,0,5970
3840,1994,7,6013,7095,-1082
3840,1994,8,6071,6274,-203
3840,1994,9,6073,4474,1599
3840,1994,10,6077,5774,303
3840,1994,11,6082,3974,2108
3840,1994,12,6072,11144,-5072
3840,1995,1,6051,14884,-8833
3840,1995,2,6035,2574,3461
3840,1995,3,6050,2574,3476
3840,1995,4,6063,3274,2789
3840,1995,5,6070,7734,-1664
3840,1995,6,6062,4254,1808
3840,1995,7,6072,3854,2218
3840,1995,8,6080,4674,1406
3840,1995,9,6082,6274,-192
3840,1995,10,6080,6474,-394
3840,1995,11,6089,4374,1715
3840,1995,12,6093,4374,1719
3840,1996,1,6079,13464,-7385
3840,1996,2,6072,2574,3498
3840,1996,3,6087,2574,3513
3840,1996,4,6099,3774,2325
3840,1996,5,6109,2974,3135
3840,1996,6,6079,16474,-10395
3840,1996,7,6081,2574,3507
3840,1996,8,6096,2574,3522
3840,1996,9,6110,2574,3536
3840,1996,10,6125,2574,3551
3840,1996,11,6134,4014,2120
3840,1996,12,6132,7404,-1272
3840,1997,1,6127,14414,-8287
3840,1997,2,6108,2574,3534
3840,1997,3,6123,2574,3549
3840,1997,4,6126,5574,552
3840,1997,5,6140,4254,1886
3840,1997,6,6116,16024,-9908
3840,1997,7,6107,2574,3533
3840,1997,8,6115,4074,2041
3840,1997,9,6125,3774,2351
3840,1997,10,6126,10874,-4748
3840,1997,11,6111,6174,-63
3840,1997,12,6118,2974,3144
3840,1998,1,6108,14774,-8666
3840,1998,2,6095,3574,2521
3840,1998,3,6102,6334,-232
3840,1998,4,6103,5214,889
3840,1998,5,6105,5614,491
3840,1998,6,6071,16774,-10703
3840,1998,7,6066,4334,1732
3840,1998,8,6074,2574,3500
3840,1998,9,6088,2574,3514
3840,1998,10,6103,2574,3529
3840,1998,11,6113,3534,2579
3840,1998,12,6120,6459,-339
3841,1995,1,800,0,800
3841,1995,2,4547,0,4547
3841,1995,3,4547,0,4547
3841,1995,4,4547,0,4547
3841,1995,5,4547,0,4547
3841,1995,6,4593,18485,-13892
3841,1995,7,4578,1678,2900
3841,1995,8,4590,1678,2912
3841,1995,9,4599,2638,1961
3841,1995,10,4610,5038,-428
3841,1995,11,4608,1678,2930
3841,1995,12,4621,1678,2943
3841,1996,1,4604,15038,-10434
3841,1996,2,4588,3438,1150
3841,1996,3,4594,1678,2916
3841,1996,4,4606,1678,2928
3841,1996,5,4617,2798,1819
3841,1996,6,4595,10578,-5983
3841,1996,7,4601,1678,2923
3841,1996,8,4605,5598,-993
3841,1996,9,4609,1678,2931
3841,1996,10,4621,1678,2943
3841,1996,11,4633,1678,2955
3841,1996,12,4646,1678,2968
3841,1997,1,4630,12718,-8088
3841,1997,2,4624,1678,2946
3841,1997,3,4637,1678,2959
3841,1997,4,4649,1678,2971
3841,1997,5,4661,1678,2983
3841,1997,6,4650,11128,-6478
3841,1997,7,4645,2638,2007
3841,1997,8,4655,1678,2977
3841,1997,9,4667,1678,2989
3841,1997,10,4674,4158,516
3841,1997,11,4682,1678,3004
3841,1997,12,4695,1678,3017
3841,1998,1,4686,9918,-5232
3841,1998,2,4680,4078,602
3841,1998,3,4688,1678,3010
3841,1998,4,4700,1678,3022
3841,1998,5,4713,1678,3035
3841,1998,6,4687,18008,-13321
3841,1998,7,4672,1678,2994
3841,1998,8,4672,5758,-1086
3841,1998,9,4676,3038,1638
3841,1998,10,4684,1678,3006
3841,1998,11,4688,4718,-30
3841,1998,12,4697,1663,3034
3842,1997,3,800,0,800
3842,1997,4,5031,0,5031
3842,1997,5,5031,0,5031
3842,1997,6,5031,0,5031
3842,1997,7,5031,0,5031
3842,1997,8,5093,2791,2302
3842,1997,9,5134,2791,2343
3842,1997,10,5144,2791,2353
3842,1997,11,5153,2791,2362
3842,1997,12,5164,3291,1873
3842,1998,1,5157,8791,-3634
3842,1998,2,5156,2791,2365
3842,1998,3,5166,4711,455
3842,1998,4,5171,2791,2380
3842,1998,5,5178,2791,2387
3842,1998,6,5187,2791,2396
3842,1998,7,5194,4311,883
3842,1998,8,5201,2791,2410
3842,1998,9,5211,2791,2420
3842,1998,10,5221,2791,2430
3842,1998,11,5231,2791,2440
3842,1998,12,5240,3926,1314
3843,1996,10,2406,0,2406
3843,1996,11,13436,0,13436
3843,1996,12,8483,0,8483
3843,1997,1,1802,1300,502
3843,1997,2,39858,15,39843
3843,1997,3,1915,35515,-33600
3843,1997,4,1829,8415,-6586
3843,1997,5,1802,3315,-1513
3843,1997,6,5386,11115,-5729
3843,1997,7,41810,19515,22295
3843,1997,8,1857,15915,-14058
3843,1997,9,1804,8415,-6611
3843,1997,10,1779,3665,-1886
3843,1997,11,1769,3815,-2046
3843,1997,12,1759,3915,-2156
3843,1998,1,1754,1665,89
3843,1998,2,1752,3915,-2163
3843,1998,3,1745,15,1730
3843,1998,4,43244,29115,14129
3843,1998,5,1801,11815,-10014
3843,1998,6,1765,5915,-4150
3843,1998,7,1752,1615,137
3843,1998,8,1753,1215,538
3843,1998,9,1754,15,1739
3843,1998,10,1762,15,1747
3843,1998,11,23194,4115,19079
3843,1998,12,1844,3550,-1706
3844,1993,5,200,0,200
3844,1993,6,3390,0,3390
3844,1993,7,3390,0,3390
3844,1993,8,3390,0,3390
3844,1993,9,3390,0,3390
3844,1993,10,3415,435,2980
3844,1993,11,3463,2275,1188
3844,1993,12,3466,3055,411
3844,1994,1,3462,6115,-2653
3844,1994,2,3459,2425,1034
3844,1994,3,3463,2275,1188
3844,1994,4,3466,2995,471
3844,1994,5,3470,2275,1195
3844,1994,6,3475,2275,1200
3844,1994,7,3480,2275,1205
3844,1994,8,3485,2275,1210
3844,1994,9,3490,2275,1215
3844,1994,10,3489,4075,-586
3844,1994,11,3493,2275,1218
3844,1994,12,3496,2845,651
3844,1995,1,3489,6595,-3106
3844,1995,2,3484,3685,-201
3844,1995,3,3487,2275,1212
3844,1995,4,3492,2275,1217
3844,1995,5,3493,3975,-482
3844,1995,6,3493,10525,-7032
3844,1995,7,3466,2275,1191
3844,1995,8,3470,2275,1195
3844,1995,9,3470,3655,-185
3844,1995,10,3473,2965,508
3844,1995,11,3477,2275,1202
3844,1995,12,3476,4465,-989
3844,1996,1,3466,7585,-4119
3844,1996,2,3460,2275,1185
3844,1996,3,3465,2275,1190
3844,1996,4,3466,3505,-39
3844,1996,5,3470,2275,1195
3844,1996,6,3467,5215,-1748
3844,1996,7,3465,2965,500
3844,1996,8,3470,2275,1195
3844,1996,9,3474,3205,269
3844,1996,10,3476,2275,1201
3844,1996,11,3481,2275,1206
3844,1996,12,3483,3325,158
3844,1997,1,3480,8695,-5215
3844,1997,2,3464,2275,1189
3844,1997,3,3469,2275,1194
3844,1997,4,3474,2275,1199
3844,1997,5,3474,3625,-151
3844,1997,6,3478,2275,1203
3844,1997,7,3483,2275,1208
3844,1997,8,3488,2635,853
3844,1997,9,3492,2275,1217
3844,1997,10,3497,3175,322
3844,1997,11,3497,6075,-2578
3844,1997,12,3482,5675,-2193
3844,1998,1,3468,6535,-3067
3844,1998,2,3463,3235,228
3844,1998,3,3466,2275,1191
3844,1998,4,3471,2275,1196
3844,1998,5,3476,2275,1201
3844,1998,6,3466,7765,-4299
3844,1998,7,3463,2275,1188
3844,1998,8,3468,2845,623
3844,1998,9,3467,3745,-278
3844,1998,10,3468,3655,-187
3844,1998,11,3468,2275,1193
3844,1998,12,3472,3010,462
3845,1995,5,500,0,500
3845,1995,6,36885,8600,28285
3845,1995,7,24681,17000,7681
3845,1995,8,24702,21400,3302
3845,1995,9,24713,22700,2013
3845,1995,10,24708,27381,-2673
3845,1995,11,24694,28881,-4187
3845,1995,12,36954,41481,-4527
3845,1996,1,24640,41981,-17341
3845,1996,2,25449,8881,16568
3845,1996,3,24656,29281,-4625
3845,1996,4,24685,12481,12204
3845,1996,5,24725,16181,8544
3845,1996,6,37010,58981,-21971
3845,1996,7,24668,16481,8187
3845,1996,8,24692,19681,5011
3845,1996,9,24712,20181,4531
3845,1996,10,24716,23681,1035
3845,1996,11,24702,26781,-2079
3845,1996,12,37004,27881,9123
3845,1997,1,24677,49481,-24804
3845,1997,2,24662,19781,4881
3845,1997,3,24677,21581,3096
3845,1997,4,24686,22881,1805
3845,1997,5,24686,25081,-395
3845,1997,6,36961,31381,5580
3845,1997,7,24696,29381,-4685
3845,1997,8,24690,41281,-16591
3845,1997,9,24674,16881,7793
3845,1997,10,24689,29381,-4692
3845,1997,11,24668,31381,-6713
3845,1997,12,36940,32981,3959
3845,1998,1,24647,22181,2466
3845,1998,2,24667,22581,2086
3845,1998,3,24677,22681,1996
3845,1998,4,24683,24781,-98
3845,1998,5,24679,28981,-4302
3845,1998,6,36948,40781,-3833
3845,1998,7,24654,13481,11173
3845,1998,8,24682,33981,-9299
3845,1998,9,24663,8881,15782
3845,1998,10,24729,8881,15848
3845,1998,11,24745,57681,-32936
3845,1998,12,36961,9966,26995
3846,1997,4,700,0,700
3846,1997,5,3024,0,3024
3846,1997,6,3024,0,3024
3846,1997,7,3024,0,3024
3846,1997,8,3024,0,3024
3846,1997,9,3062,4931,-1869
3846,1997,10,3073,2031,1042
3846,1997,11,3077,2031,1046
3846,1997,12,3077,4481,-1404
3846,1998,1,3073,2871,202
3846,1998,2,3076,2031,1045
3846,1998,3,3081,2031,1050
3846,1998,4,3081,3351,-270
3846,1998,5,3084,2031,1053
3846,1998,6,3088,2031,1057
3846,1998,7,3086,6331,-3245
3846,1998,8,3079,2031,1048
3846,1998,9,3083,2031,1052
3846,1998,10,3084,4261,-1177
3846,1998,11,3083,2031,1052
3846,1998,12,3084,3486,-402
3847,1995,6,1100,0,1100
3847,1995,7,21906,0,21906
3847,1995,8,20378,7300,13078
3847,1995,9,20413,14700,5713
3847,1995,10,20421,20300,121
3847,1995,11,20417,28298,-7881
3847,1995,12,30535,26505,4030
3847,1996,1,20359,42545,-22186
3847,1996,2,20353,10305,10048
3847,1996,3,20384,14005,6379
3847,1996,4,20403,15905,4498
3847,1996,5,20419,16905,3514
3847,1996,6,30566,23945,6621
3847,1996,7,20452,23105,-2653
3847,1996,8,20471,10205,10266
3847,1996,9,20505,12905,7600
3847,1996,10,20517,18305,2212
3847,1996,11,20533,16205,4328
3847,1996,12,30687,21445,9242
3847,1997,1,20458,55985,-35527
3847,1997,2,21479,6405,15074
3847,1997,3,20503,16705,3798
3847,1997,4,20522,15705,4817
3847,1997,5,20511,26005,-5494
3847,1997,6,30629,36845,-6216
3847,1997,7,20485,18005,2480
3847,1997,8,20492,32805,-12313
3847,1997,9,20481,19005,1476
3847,1997,10,20485,25705,-5220
3847,1997,11,20465,18605,1860
3847,1997,12,30589,31305,-716
3847,1998,1,20439,27185,-6746
3847,1998,2,20441,18705,1736
3847,1998,3,20448,16905,3543
3847,1998,4,20434,19465,969
3847,1998,5,20465,17605,2860
3847,1998,6,30626,23905,6721
3847,1998,7,20499,22605,-2106
3847,1998,8,20484,26105,-5621
3847,1998,9,20464,22505,-2041
3847,1998,10,20458,18305,2153
3847,1998,11,20465,19405,1060
3847,1998,12,30637,7390,23247
3848,1996,7,11089,0,11089
3848,1996,8,18954,0,18954
3848,1996,9,11006,2800,8206
3848,1996,10,11024,9800,1224
3848,1996,11,11034,7615,3419
3848,1996,12,16454,18656,-2202
3848,1997,1,10992,23236,-12244
3848,1997,2,10969,10356,613
3848,1997,3,13078,10976,2102
3848,1997,4,14498,11456,3042
3848,1997,5,13916,7256,6660
3848,1997,6,16452,14616,1836
3848,1997,7,11034,9256,1778
3848,1997,8,11023,15016,-3993
3848,1997,9,11021,10156,865
3848,1997,10,11013,13976,-2963
3848,1997,11,11020,8056,2964
3848,1997,12,16574,10136,6438
3848,1998,1,21719,34796,-13077
3848,1998,2,11014,7256,3758
3848,1998,3,13226,9416,3810
3848,1998,4,12242,7256,4986
3848,1998,5,11053,10416,637
3848,1998,6,16508,14776,1732
3848,1998,7,12776,8576,4200
3848,1998,8,13095,7256,5839
3848,1998,9,11118,8556,2562
3848,1998,10,11128,9156,1972
3848,1998,11,14539,7256,7283
3848,1998,12,16612,7241,9371
3849,1994,10,900,0,900
3849,1994,11,21184,0,21184
3849,1994,12,25390,10800,14590
3849,1995,1,17003,16600,403
3849,1995,2,17003,17800,-797
3849,1995,3,17004,14615,2389
3849,1995,4,17016,20962,-3946
3849,1995,5,17009,15362,1647
3849,1995,6,25422,31222,-5800
3849,1995,7,16987,17262,-275
3849,1995,8,16992,13362,3630
3849,1995,9,16987,21802,-4815
3849,1995,10,16971,16102,869
3849,1995,11,16981,16362,619
3849,1995,12,25412,22382,3030
3849,1996,1,16950,30202,-13252
3849,1996,2,16952,10562,6390
3849,1996,3,16978,11462,5516
3849,1996,4,16980,19062,-2082
3849,1996,5,16988,12562,4426
3849,1996,6,25407,38262,-12855
3849,1996,7,16960,9462,7498
3849,1996,8,17701,5782,11919
3849,1996,9,17026,13462,3564
3849,1996,10,17045,12262,4783
3849,1996,11,17065,11662,5403
3849,1996,12,25517,20362,5155
3849,1997,1,17042,34942,-17900
3849,1997,2,17029,11862,5167
3849,1997,3,17051,13362,3689
3849,1997,4,17059,14862,2197
3849,1997,5,17069,14662,2407
3849,1997,6,25506,22602,2904
3849,1997,7,17091,14062,3029
3849,1997,8,17085,18962,-1877
3849,1997,9,17091,14762,2329
3849,1997,10,17092,17462,-370
3849,1997,11,17102,13962,3140
3849,1997,12,25553,20082,5471
3849,1998,1,17104,35842,-18738
3849,1998,2,17048,16342,706
3849,1998,3,17092,5362,11730
3849,1998,4,17110,16682,428
3849,1998,5,17131,8762,8369
3849,1998,6,25543,41062,-15519
3849,1998,7,17110,7902,9208
3849,1998,8,17121,21862,-4741
3849,1998,9,17131,21182,-4051
3849,1998,10,17136,15062,2074
3849,1998,11,17105,19642,-2537
3849,1998,12,25565,8127,17438
3850,1993,8,21161,0,21161
3850,1993,9,23453,0,23453
3850,1993,10,20426,7800,12626
3850,1993,11,20452,18600,1852
3850,1993,12,30590,21435,9155
3850,1994,1,20407,55812,-35405
3850,1994,2,20366,8772,11594
3850,1994,3,20392,16092,4300
3850,1994,4,20406,17172,3234
3850,1994,5,20407,21072,-665
3850,1994,6,34589,36132,-1543
3850,1994,7,20398,20772,-374
3850,1994,8,20394,22492,-2098
3850,1994,9,20391,19672,719
3850,1994,10,20407,16172,4235
3850,1994,11,20414,19072,1342
3850,1994,12,30519,24732,5787
3850,1995,1,20389,52132,-31743
3850,1995,2,20350,7172,13178
3850,1995,3,20377,15972,4405
3850,1995,4,20398,15072,5326
3850,1995,5,20404,31772,-11368
3850,1995,6,30526,22972,7554
3850,1995,7,20419,23932,-3513
3850,1995,8,20410,19692,718
3850,1995,9,20414,19872,542
3850,1995,10,20415,20072,343
3850,1995,11,20414,21712,-1298
3850,1995,12,30524,28832,1692
3850,1996,1,20374,30212,-9838
3850,1996,2,20374,16252,4122
3850,1996,3,20393,17072,3321
3850,1996,4,20406,16572,3834
3850,1996,5,20416,22072,-1656
3850,1996,6,30523,28212,2311
3850,1996,7,20422,17572,2850
3850,1996,8,20429,20072,357
3850,1996,9,20432,18172,2260
3850,1996,10,20440,18872,1568
3850,1996,11,20436,26552,-6116
3850,1996,12,30535,21852,8683
3850,1997,1,20408,34352,-13944
3850,1997,2,20402,13672,6730
3850,1997,3,20414,21452,-1038
3850,1997,4,20420,18652,1768
3850,1997,5,20427,18072,2355
3850,1997,6,30508,33112,-2604
3850,1997,7,20421,19872,549
3850,1997,8,20417,22272,-1855
3850,1997,9,20412,19972,440
3850,1997,10,20417,18472,1945
3850,1997,11,20412,25652,-5240
3850,1997,12,30507,28752,1755
3850,1998,1,20373,34692,-14319
3850,1998,2,20363,13072,7291
3850,1998,3,20383,14992,5391
3850,1998,4,20405,15872,4533
3850,1998,5,20422,16972,3450
3850,1998,6,30493,35232,-4739
3850,1998,7,20410,20932,-522
3850,1998,8,27034,15332,11702
3850,1998,9,21988,7172,14816
3850,1998,10,20529,13572,6957
3850,1998,11,20535,21272,-737
3850,1998,12,30663,20957,9706
3851,1997,2,300,0,300
3851,1997,3,10500,0,10500
3851,1997,4,13850,1000,12850
3851,1997,5,26267,14300,11967
3851,1997,6,17602,15200,2402
3851,1997,7,42759,8315,34444
3851,1997,8,62892,87614,-24722
3851,1997,9,34995,35014,-19
3851,1997,10,22718,40114,-17396
3851,1997,11,97,14914,-14817
3851,1997,12,44487,26914,17573
3851,1998,1,110,12814,-12704
3851,1998,2,7369,10814,-3445
3851,1998,3,6351,10814,-4463
3851,1998,4,23946,10814,13132
3851,1998,5,11293,10814,479
3851,1998,6,2486,10814,-8328
3851,1998,7,29325,12114,17211
3851,1998,8,2797,19243,-16446
3851,1998,9,4158,10814,-6656
3851,1998,10,10941,10814,127
3851,1998,11,80618,39814,40804
3851,1998,12,154,27099,-26945
3852,1997,9,200,0,200
3852,1997,10,5046,0,5046
3852,1997,11,5046,0,5046
3852,1997,12,5046,0,5046
3852,1998,1,5046,0,5046
3852,1998,2,5119,4279,840
3852,1998,3,5137,4879,258
3852,1998,4,5132,6879,-1747
3852,1998,5,5127,6079,-952
3852,1998,6,5114,8759,-3645
3852,1998,7,5102,7979,-2877
3852,1998,8,5103,3379,1724
3852,1998,9,5102,6179,-1077
3852,1998,10,5100,5179,-79
3852,1998,11,5105,3379,1726
3852,1998,12,5111,4314,797
3854,1996,4,300,0,300
3854,1996,5,14758,0,14758
3854,1996,6,8209,0,8209
3854,1996,7,6540,0,6540
3854,1996,8,3453,3900,-447
3854,1996,9,4357,2235,2122
3854,1996,10,3865,2505,1360
3854,1996,11,3469,6835,-3366
3854,1996,12,3449,5275,-1826
3854,1997,1,3437,8205,-4768
3854,1997,2,3428,2235,1193
3854,1997,3,3433,2235,1198
3854,1997,4,3438,2775,663
3854,1997,5,3435,5015,-1580
3854,1997,6,3418,9195,-5777
3854,1997,7,5814,3525,2289
3854,1997,8,4421,3135,1286
3854,1997,9,3726,2625,1101
3854,1997,10,3430,2435,995
3854,1997,11,3418,7825,-4407
3854,1997,12,3617,2445,1172
3854,1998,1,3816,5055,-1239
3854,1998,2,4118,2235,1883
3854,1998,3,5129,2235,2894
3854,1998,4,3435,2635,800
3854,1998,5,3423,7835,-4412
3854,1998,6,3417,3635,-218
3854,1998,7,3414,4235,-821
3854,1998,8,4820,3705,1115
3854,1998,9,3722,2235,1487
3854,1998,10,3427,2335,1092
3854,1998,11,5638,2235,3403
3854,1998,12,3444,2950,494
3855,1995,9,22304,0,22304
3855,1995,10,24706,0,24706
3855,1995,11,22156,12500,9656
3855,1995,12,33193,13600,19593
3855,1996,1,22179,52438,-30259
3855,1996,2,22124,22938,-814
3855,1996,3,22119,22738,-619
3855,1996,4,22135,17538,4597
3855,1996,5,22125,40438,-18313
3855,1996,6,33100,31138,1962
3855,1996,7,22108,22738,-630
3855,1996,8,22111,19038,3073
3855,1996,9,22122,23138,-1016
3855,1996,10,22116,22938,-822
3855,1996,11,22112,21838,274
3855,1996,12,33104,25638,7466
3855,1997,1,22107,33738,-11631
3855,1997,2,22097,19438,2659
3855,1997,3,22107,20438,1669
3855,1997,4,22113,20338,1775
3855,1997,5,22117,23138,-1021
3855,1997,6,33083,32938,145
3855,1997,7,22107,23138,-1031
3855,1997,8,22107,23238,-1131
3855,1997,9,22103,19638,2465
3855,1997,10,22109,21938,171
3855,1997,11,22091,27838,-5747
3855,1997,12,33082,22538,10544
3855,1998,1,22100,38538,-16438
3855,1998,2,22068,15138,6930
3855,1998,3,22084,22938,-854
3855,1998,4,22083,22138,-55
3855,1998,5,22082,21938,144
3855,1998,6,33056,46438,-13382
3855,1998,7,22030,18338,3692
3855,1998,8,22044,18738,3306
3855,1998,9,22047,24138,-2091
3855,1998,10,22051,16638,5413
3855,1998,11,22049,30938,-8889
3855,1998,12,33014,28123,4891
3856,1996,12,5451,0,5451
3856,1997,1,4961,0,4961
3856,1997,2,4961,0,4961
3856,1997,3,4961,0,4961
3856,1997,4,5001,2615,2386
3856,1997,5,5025,7895,-2870
3856,1997,6,5008,9695,-4687
3856,1997,7,5007,7095,-2088
3856,1997,8,4997,4555,442
3856,1997,9,5000,3195,1805
3856,1997,10,5006,7695,-2689
3856,1997,11,4997,2295,2702
3856,1997,12,5007,3145,1862
3856,1998,1,5000,9045,-4045
3856,1998,2,4993,7655,-2662
3856,1998,3,4988,2295,2693
3856,1998,4,4998,4195,803
3856,1998,5,5002,3295,1707
3856,1998,6,5007,5695,-688
3856,1998,7,5000,7415,-2415
3856,1998,8,4993,6195,-1202
3856,1998,9,4991,3095,1896
3856,1998,10,4997,4395,602
3856,1998,11,5002,2295,2707
3856,1998,12,5005,7670,-2665
3857,1997,10,200,0,200
3857,1997,11,3275,0,3275
3857,1997,12,3275,0,3275
3857,1998,1,3275,0,3275
3857,1998,2,3275,0,3275
3857,1998,3,3318,2198,1120
3857,1998,4,3335,3668,-333
3857,1998,5,3337,2498,839
3857,1998,6,3338,3008,330
3857,1998,7,3342,2198,1144
3857,1998,8,3347,2198,1149
3857,1998,9,3351,2198,1153
3857,1998,10,3356,2198,1158
3857,1998,11,3361,2198,1163
3857,1998,12,3360,4763,-1403
3858,1995,12,300,0,300
3858,1996,1,14937,0,14937
3858,1996,2,7377,0,7377
3858,1996,3,2800,0,2800
3858,1996,4,6339,1015,5324
3858,1996,5,1817,6465,-4648
3858,1996,6,3285,14015,-10730
3858,1996,7,5776,15,5761
3858,1996,8,1785,2415,-630
3858,1996,9,2591,15,2576
3858,1996,10,3102,565,2537
3858,1996,11,8305,9115,-810
3858,1996,12,2906,1415,1491
3858,1997,1,2173,15715,-13542
3858,1997,2,47236,15,47221
3858,1997,3,1892,19315,-17423
3858,1997,4,1852,11715,-9863
3858,1997,5,1820,9215,-7395
3858,1997,6,1778,9615,-7837
3858,1997,7,5985,15,5970
3858,1997,8,39073,6415,32658
3858,1997,9,3498,20015,-16517
3858,1997,10,3441,12615,-9174
3858,1997,11,3411,8815,-5404
3858,1997,12,3392,5415,-2023
3858,1998,1,3373,11615,-8242
3858,1998,2,44415,15,44400
3858,1998,3,3521,13115,-9594
3858,1998,4,3489,11615,-8126
3858,1998,5,3466,5115,-1649
3858,1998,6,3428,12115,-8687
3858,1998,7,2031,3015,-984
3858,1998,8,25133,11415,13718
3858,1998,9,1883,5915,-4032
3858,1998,10,1862,4915,-3053
3858,1998,11,5554,1415,4139
3858,1998,12,1863,5800,-3937
3859,1996,4,200,0,200
3859,1996,5,40833,5700,35133
3859,1996,6,13439,4200,9239
3859,1996,7,47219,35800,11419
3859,1996,8,7921,14800,-6879
3859,1996,9,47323,26615,20708
3859,1996,10,200,37196,-36996
3859,1996,11,157784,116750,41034
3859,1996,12,84856,97163,-12307
3859,1997,1,11390,72355,-60965
3859,1997,2,11304,15,11289
3859,1997,3,7050,6615,435
3859,1997,4,2147,4415,-2268
3859,1997,5,3939,5135,-1196
3859,1997,6,4928,9015,-4087
3859,1997,7,30090,17635,12455
3859,1997,8,52,9035,-8983
3859,1997,9,3027,11135,-8108
3859,1997,10,2300,16,2284
3859,1997,11,9,415,-406
3859,1997,12,7,1815,-1808
3859,1998,1,45293,7116,38177
3859,1998,2,40148,62320,-22172
3859,1998,3,40069,7235,32834
3859,1998,4,17515,58941,-41426
3859,1998,5,84671,7615,77056
3859,1998,6,209,67235,-67026
3859,1998,7,97472,45815,51657
3859,1998,8,43040,71535,-28495
3859,1998,9,48,40215,-40167
3859,1998,10,28905,31813,-2908
3859,1998,11,121,4700,-4579
3859,1998,12,35560,8300,27260
3860,1994,10,1100,0,1100
3860,1994,11,18342,0,18342
3860,1994,12,18845,6600,12245
3860,1995,1,12628,9000,3628
3860,1995,2,12640,9900,2740
3860,1995,3,12630,17538,-4908
3860,1995,4,12619,14038,-1419
3860,1995,5,12611,14738,-2127
3860,1995,6,18876,19038,-162
3860,1995,7,12630,13638,-1008
3860,1995,8,12583,19138,-6555
3860,1995,9,12573,14138,-1565
3860,1995,10,12572,12838,-266
3860,1995,11,14191,8338,5853
3860,1995,12,18847,15738,3109
3860,1996,1,12577,22538,-9961
3860,1996,2,12573,11838,735
3860,1996,3,12885,8338,4547
3860,1996,4,12580,14838,-2258
3860,1996,5,12570,15038,-2468
3860,1996,6,18831,19252,-421
3860,1996,7,12578,9238,3340
3860,1996,8,12578,18538,-5960
3860,1996,9,12584,14275,-1691
3860,1996,10,12559,12138,421
3860,1996,11,12560,12838,-278
3860,1996,12,18821,15238,3583
3860,1997,1,12567,17238,-4671
3860,1997,2,12554,11638,916
3860,1997,3,12559,9538,3021
3860,1997,4,12570,11538,1032
3860,1997,5,12575,9938,2637
3860,1997,6,18845,16238,2607
3860,1997,7,12592,17838,-5246
3860,1997,8,12565,17638,-5073
3860,1997,9,12551,12238,313
3860,1997,10,12550,15038,-2488
3860,1997,11,12545,8338,4207
3860,1997,12,18816,12538,6278
3860,1998,1,12581,11938,643
3860,1998,2,12591,8338,4253
3860,1998,3,12589,27138,-14549
3860,1998,4,12549,8338,4211
3860,1998,5,12566,8338,4228
3860,1998,6,18825,17663,1162
3860,1998,7,12589,8338,4251
3860,1998,8,12606,8338,4268
3860,1998,9,12624,8338,4286
3860,1998,10,12623,17654,-5031
3860,1998,11,12598,15899,-3301
3860,1998,12,18862,12223,6639
3861,1997,1,700,0,700
3861,1997,2,24732,0,24732
3861,1997,3,24893,15200,9693
3861,1997,4,24880,15800,9080
3861,1997,5,24916,24300,616
3861,1997,6,37352,36222,1130
3861,1997,7,24959,24882,77
3861,1997,8,24972,22842,2130
3861,1997,9,24971,27902,-2931
3861,1997,10,24974,21682,3292
3861,1997,11,24979,22742,2237
3861,1997,12,37375,28762,8613
3861,1998,1,24991,40582,-15591
3861,1998,2,24960,15862,9098
3861,1998,3,24997,20542,4455
3861,1998,4,25011,23942,1069
3861,1998,5,25015,23242,1773
3861,1998,6,37395,37162,233
3861,1998,7,25021,23142,1879
3861,1998,8,25030,20342,4688
3861,1998,9,25041,25542,-501
3861,1998,10,25037,26442,-1405
3861,1998,11,25024,30042,-5018
3861,1998,12,37438,6127,31311
3862,1996,11,600,0,600
3862,1996,12,15600,0,15600
3862,1997,1,27429,9000,18429
3862,1997,2,144,6300,-6156
3862,1997,3,62803,32800,30003
3862,1997,4,6522,20800,-14278
3862,1997,5,88010,35947,52063
3862,1997,6,98374,134947,-36573
3862,1997,7,196,20447,-20251
3862,1997,8,819,14147,-13328
3862,1997,9,78754,59773,18981
3862,1997,10,143518,106500,37018
3862,1997,11,32597,53473,-20876
3862,1997,12,52536,39047,13489
3862,1998,1,138179,144651,-6472
3862,1998,2,219,26437,-26218
3862,1998,3,3525,22823,-19298
3862,1998,4,126427,115289,11138
3862,1998,5,5511,12947,-7436
3862,1998,6,10190,13147,-2957
3862,1998,7,74576,33225,41351
3862,1998,8,188,28371,-28183
3862,1998,9,39796,32847,6949
3862,1998,10,174962,141589,33373
3862,1998,11,58970,88428,-29458
3862,1998,12,86596,77913,8683
3863,1993,9,600,0,600
3863,1993,10,18502,0,18502
3863,1993,11,12854,5400,7454
3863,1993,12,19271,8900,10371
3863,1994,1,12916,10300,2616
3863,1994,2,12918,13615,-697
3863,1994,3,12913,16519,-3606
3863,1994,4,12893,17719,-4826
3863,1994,5,12889,11619,1270
3863,1994,6,19260,23939,-4679
3863,1994,7,12876,11039,1837
3863,1994,8,12874,16419,-3545
3863,1994,9,12875,8819,4056
3863,1994,10,12875,14219,-1344
3863,1994,11,12879,11219,1660
3863,1994,12,19276,14619,4657
3863,1995,1,12865,30119,-17254
3863,1995,2,14642,8519,6123
3863,1995,3,14773,8519,6254
3863,1995,4,12871,15119,-2248
3863,1995,5,12875,11219,1656
3863,1995,6,19290,17819,1471
3863,1995,7,12880,16919,-4039
3863,1995,8,17194,8519,8675
3863,1995,9,12879,18759,-5880
3863,1995,10,13794,8519,5275
3863,1995,11,12910,9019,3891
3863,1995,12,19294,22299,-3005
3863,1996,1,12860,32459,-19599
3863,1996,2,19351,10799,8552
3863,1996,3,12868,9019,3849
3863,1996,4,12881,13059,-178
3863,1996,5,12873,15519,-2646
3863,1996,6,21871,25159,-3288
3863,1996,7,15553,12719,2834
3863,1996,8,15072,13799,1273
3863,1996,9,12877,10019,2858
3863,1996,10,12885,14399,-1514
3863,1996,11,12883,8819,4064
3863,1996,12,19289,18859,430
3863,1997,1,16030,32359,-16329
3863,1997,2,18937,8519,10418
3863,1997,3,12873,13619,-746
3863,1997,4,12870,14119,-1249
3863,1997,5,13870,8519,5351
3863,1997,6,19286,14919,4367
3863,1997,7,12904,14419,-1515
3863,1997,8,12895,15719,-2824
3863,1997,9,12888,10819,2069
3863,1997,10,12895,15879,-2984
3863,1997,11,12884,10919,1965
3863,1997,12,19280,22839,-3559
3863,1998,1,12850,23719,-10869
3863,1998,2,14036,8519,5517
3863,1998,3,13147,11279,1868
3863,1998,4,12855,15819,-2964
3863,1998,5,13354,8519,4835
3863,1998,6,23122,25639,-2517
3863,1998,7,12859,10519,2340
3863,1998,8,12864,16359,-3495
3863,1998,9,12842,17119,-4277
3863,1998,10,12828,14619,-1791
3863,1998,11,12830,10679,2151
3863,1998,12,19241,8504,10737
3864,1996,7,15256,0,15256
3864,1996,8,6364,0,6364
3864,1996,9,2164,0,2164
3864,1996,10,64,4300,-4236
3864,1996,11,10656,0,10656
3864,1996,12,126,5500,-5374
3864,1997,1,16196,8400,7796
3864,1997,2,54986,43586,11400
3864,1997,3,12261,29210,-16949
3864,1997,4,31010,19052,11958
3864,1997,5,93778,89194,4584
3864,1997,6,77840,80052,-2212
3864,1997,7,21325,36536,-15211
3864,1997,8,79990,68892,11098
3864,1997,9,24924,38037,-13113
3864,1997,10,3082,8252,-5170
3864,1997,11,48568,40452,8116
3864,1997,12,17764,16252,1512
3864,1998,1,89740,95262,-5522
3864,1998,2,10336,8952,1384
3864,1998,3,18897,8252,10645
3864,1998,4,13301,27452,-14151
3864,1998,5,56629,17552,39077
3864,1998,6,27464,40758,-13294
3864,1998,7,39039,21852,17187
3864,1998,8,140741,107163,33578
3864,1998,9,31086,56358,-25272
3864,1998,10,24619,18452,6167
3864,1998,11,18607,19152,-545
3864,1998,12,36124,67529,-31405
3865,1995,2,19964,0,19964
3865,1995,3,19521,9000,10521
3865,1995,4,19592,15200,4392
3865,1995,5,19629,14400,5229
3865,1995,6,29350,19615,9735
3865,1995,7,19628,14462,5166
3865,1995,8,19629,20962,-1333
3865,1995,9,19608,24862,-5254
3865,1995,10,19624,13662,5962
3865,1995,11,19618,21762,-2144
3865,1995,12,29358,17662,11696
3865,1996,1,19630,31762,-12132
3865,1996,2,19614,19662,-48
3865,1996,3,19618,18962,656
3865,1996,4,19627,15462,4165
3865,1996,5,19637,18962,675
3865,1996,6,29300,46362,-17062
3865,1996,7,19597,12562,7035
3865,1996,8,19621,11962,7659
3865,1996,9,19640,15762,3878
3865,1996,10,19658,29462,-9804
3865,1996,11,19647,16862,2785
3865,1996,12,29386,24362,5024
3865,1997,1,19678,17562,2116
3865,1997,2,19668,24262,-4594
3865,1997,3,19670,17762,1908
3865,1997,4,19676,21162,-1486
3865,1997,5,19668,21262,-1594
3865,1997,6,29346,30262,-916
3865,1997,7,19657,17762,1895
3865,1997,8,19663,18762,901
3865,1997,9,19667,16262,3405
3865,1997,10,19674,20162,-488
3865,1997,11,19676,18762,914
3865,1997,12,29400,26262,3138
3865,1998,1,19691,17562,2129
3865,1998,2,19697,20662,-965
3865,1998,3,19695,20062,-367
3865,1998,4,19692,20162,-470
3865,1998,5,19684,24562,-4878
3865,1998,6,29381,35162,-5781
3865,1998,7,19639,23162,-3523
3865,1998,8,19608,25062,-5454
3865,1998,9,19603,19362,241
3865,1998,10,19595,24662,-5067
3865,1998,11,19572,25262,-5690
3865,1998,12,29276,28247,1029
3866,1995,9,700,0,700
3866,1995,11,12000,0,12000
3866,1995,12,5400,0,5400
3866,1996,1,37716,0,37716
3866,1996,2,232,15400,-15168
3866,1996,3,232,12000,-11768
3866,1996,4,232,4300,-4068
3866,1996,5,232,2900,-2668
3866,1996,6,232,400,-168
3866,1996,7,1228,600,628
3866,1996,8,4654,1500,3154
3866,1996,9,107,1400,-1293
3866,1996,10,1507,0,1507
3866,1996,11,107,2800,-2693
3866,1996,12,107,1500,-1393
3866,1997,1,39175,21300,17875
3866,1997,2,165,11900,-11735
3866,1997,3,165,6300,-6135
3866,1997,4,42805,3700,39105
3866,1997,5,253,22400,-22147
3866,1997,6,253,10400,-10147
3866,1997,7,253,10200,-9947
3866,1997,8,253,4000,-3747
3866,1998,9,12695,11115,1580
3866,1998,10,66,1415,-1349
3866,1998,11,63,15,48
3866,1998,12,20998,1600,19398
3867,1997,7,800,0,800
3867,1997,8,19118,0,19118
3867,1997,9,13982,4800,9182
3867,1997,10,14009,10600,3409
3867,1997,11,14017,13600,417
3867,1997,12,20969,18091,2878
3867,1998,1,13998,29691,-15693
3867,1998,2,15198,5491,9707
3867,1998,3,14024,10591,3433
3867,1998,4,14025,11991,2034
3867,1998,5,14030,13491,539
3867,1998,6,20978,24091,-3113
3867,1998,7,14013,15491,-1478
3867,1998,8,14017,11791,2226
3867,1998,9,14038,12591,1447
3867,1998,10,14026,14691,-665
3867,1998,11,14022,18391,-4369
3867,1998,12,20954,19576,1378
3868,1993,8,200,0,200
3868,1993,9,5362,0,5362
3868,1993,10,5362,0,5362
3868,1993,11,5362,0,5362
3868,1993,12,5362,0,5362
3868,1994,1,5419,11884,-6465
3868,1994,2,5424,7114,-1690
3868,1994,3,5424,3274,2150
3868,1994,4,5433,3274,2159
3868,1994,5,5442,3274,2168
3868,1994,6,5419,13474,-8055
3868,1994,7,5418,3274,2144
3868,1994,8,5425,4234,1191
3868,1994,9,5431,3274,2157
3868,1994,10,5441,3274,2167
3868,1994,11,5449,3274,2175
3868,1994,12,5454,6944,-1490
3868,1995,1,5437,12134,-6697
3868,1995,2,5424,3274,2150
3868,1995,3,5433,3274,2159
3868,1995,4,5442,3274,2168
3868,1995,5,5451,3274,2177
3868,1995,6,5440,13224,-7784
3868,1995,7,5428,3274,2154
3868,1995,8,5437,4954,483
3868,1995,9,5439,3274,2165
3868,1995,10,5448,3274,2174
3868,1995,11,5457,3274,2183
3868,1995,12,5465,3874,1591
3868,1996,1,5448,15984,-10536
3868,1996,2,5428,4154,1274
3868,1996,3,5434,3274,2160
3868,1996,4,5441,3834,1607
3868,1996,5,5450,3274,2176
3868,1996,6,5452,6474,-1022
3868,1996,7,5454,3274,2180
3868,1996,8,5463,3274,2189
3868,1996,9,5472,3274,2198
3868,1996,10,5482,3274,2208
3868,1996,11,5489,5914,-425
3868,1996,12,5485,5274,211
3868,1997,1,5469,15414,-9945
3868,1997,2,5448,3274,2174
3868,1997,3,5457,3274,2183
3868,1997,4,5464,4474,990
3868,1997,5,5470,6314,-844
3868,1997,6,5429,14874,-9445
3868,1997,7,5419,6234,-815
3868,1997,8,5424,3274,2150
3868,1997,9,5433,3274,2159
3868,1997,10,5440,5194,246
3868,1997,11,5443,3274,2169
3868,1997,12,5451,3974,1477
3868,1998,1,5423,13894,-8471
3868,1998,2,5422,3274,2148
3868,1998,3,5431,3274,2157
3868,1998,4,5440,3274,2166
3868,1998,5,5433,9194,-3761
3868,1998,6,5434,3274,2160
3868,1998,7,5443,3274,2169
3868,1998,8,5452,3274,2178
3868,1998,9,5460,3274,2186
3868,1998,10,5470,3274,2196
3868,1998,11,5478,6814,-1336
3868,1998,12,5472,4359,1113
3869,1994,9,27214,0,27214
3869,1994,10,113,1700,-1587
3869,1994,11,94105,24900,69205
3869,1994,12,59931,91615,-31684
3869,1995,1,27620,43975,-16355
3869,1995,2,76558,67575,8983
3869,1995,3,5661,24275,-18614
3869,1995,4,89468,38375,51093
3869,1995,5,22797,48818,-26021
3869,1995,6,17508,29475,-11967
3869,1995,7,39416,24575,14841
3869,1995,8,43825,31275,12550
3869,1995,9,22155,35175,-13020
3869,1995,10,31917,24575,7342
3869,1995,11,17016,25675,-8659
3869,1995,12,112240,86075,26165
3869,1996,1,121218,120994,224
3869,1996,2,101098,105375,-4277
3869,1996,3,76005,112909,-36904
3869,1996,4,45026,18372,26654
3869,1996,5,26176,32975,-6799
3869,1996,6,32934,27375,5559
3869,1996,7,175,46811,-46636
3869,1996,8,41662,45784,-4122
3869,1996,9,45438,6375,39063
3869,1996,10,72535,49802,22733
3869,1996,11,78482,68075,10407
3869,1996,12,37309,61575,-24266
3869,1997,1,47999,53475,-5476
3869,1997,2,16721,9544,7177
3869,1997,3,76494,74875,1619
3869,1997,4,47851,67375,-19524
3869,1997,5,43972,28975,14997
3869,1997,6,88040,83675,4365
3869,1997,7,50096,60375,-10279
3869,1997,8,35092,42306,-7214
3869,1997,9,103060,95175,7885
3869,1997,10,28246,24275,3971
3869,1997,11,88933,66375,22558
3869,1997,12,83902,92175,-8273
3869,1998,1,5752,35775,-30023
3869,1998,2,69510,26675,42835
3869,1998,3,134281,152875,-18594
3869,1998,4,102607,103975,-1368
3869,1998,5,29689,21175,8514
3869,1998,6,59317,83975,-24658
3869,1998,7,16399,17791,-1392
3869,1998,8,13446,6375,7071
3869,1998,9,33987,6375,27612
3869,1998,10,370,10375,-10005
3869,1998,11,185654,184975,679
3869,1998,12,119297,87250,32047
3870,1997,1,6328,0,6328
3870,1997,2,5536,0,5536
3870,1997,3,5536,0,5536
3870,1997,4,5536,0,5536
3870,1997,5,5577,7988,-2411
3870,1997,6,5597,6688,-1091
3870,1997,7,5592,5388,204
3870,1997,8,5594,5088,506
3870,1997,9,5587,8468,-2881
3870,1997,10,5587,3688,1899
3870,1997,11,5591,5388,203
3870,1997,12,5592,5088,504
3870,1998,1,5578,12168,-6590
3870,1998,2,5570,3688,1882
3870,1998,3,5578,4168,1410
3870,1998,4,5584,3688,1896
3870,1998,5,5592,3688,1904
3870,1998,6,5593,6488,-895
3870,1998,7,5590,6288,-698
3870,1998,8,5589,7288,-1699
3870,1998,9,5585,5688,-103
3870,1998,10,5585,5288,297
3870,1998,11,5586,6888,-1302
3870,1998,12,5573,8043,-2470
3871,1993,1,300,0,300
3871,1993,2,4356,0,4356
3871,1993,3,4356,0,4356
3871,1993,4,4356,0,4356
3871,1993,5,4356,0,4356
3871,1993,6,4418,1673,2745
3871,1993,7,4441,6393,-1952
3871,1993,8,4442,1673,2769
3871,1993,9,4453,1673,2780
3871,1993,10,4465,1673,2792
3871,1993,11,4473,3353,1120
3871,1993,12,4481,2223,2258
3871,1994,1,4478,10873,-6395
3871,1994,2,4460,3173,1287
3871,1994,3,4469,1673,2796
3871,1994,4,4478,2953,1525
3871,1994,5,4476,5273,-797
3871,1994,6,4479,3573,906
3871,1994,7,4478,4773,-295
3871,1994,8,4488,1773,2715
3871,1994,9,4495,4093,402
3871,1994,10,4496,4793,-297
3871,1994,11,4497,4173,324
3871,1994,12,4498,4723,-225
3871,1995,1,4472,15913,-11441
3871,1995,2,4450,1673,2777
3871,1995,3,4462,1673,2789
3871,1995,4,4466,4313,153
3871,1995,5,4474,1673,2801
3871,1995,6,4486,1673,2813
3871,1995,7,4498,1673,2825
3871,1995,8,4509,1673,2836
3871,1995,9,4519,3973,546
3871,1995,10,4523,2633,1890
3871,1995,11,4530,3973,557
3871,1995,12,4527,6373,-1846
3871,1996,1,4510,10313,-5803
3871,1996,2,4491,5113,-622
3871,1996,3,4499,1673,2826
3871,1996,4,4509,3073,1436
3871,1996,5,4510,6673,-2163
3871,1996,6,4505,3273,1232
3871,1996,7,4506,6173,-1667
3871,1996,8,4502,3973,529
3871,1996,9,4501,5233,-732
3871,1996,10,4502,3173,1329
3871,1996,11,4507,3373,1134
3871,1996,12,4503,7373,-2870
3871,1997,1,4489,10313,-5824
3871,1997,2,4474,5353,-879
3871,1997,3,4474,1673,2801
3871,1997,4,4486,1673,2813
3871,1997,5,4497,1673,2824
3871,1997,6,4507,5513,-1006
3871,1997,7,4505,4553,-48
3871,1997,8,4504,1673,2831
3871,1997,9,4500,7353,-2853
3871,1997,10,4504,1673,2831
3871,1997,11,4515,3273,1242
3871,1997,12,4520,2573,1947
3871,1998,1,4513,12713,-8200
3871,1998,2,4494,1673,2821
3871,1998,3,4506,3273,1233
3871,1998,4,4511,1673,2838
3871,1998,5,4523,1673,2850
3871,1998,6,4530,3433,1097
3871,1998,7,4539,1673,2866
3871,1998,8,4551,1673,2878
3871,1998,9,4563,1673,2890
3871,1998,10,4575,1673,2902
3871,1998,11,4587,1673,2914
3871,1998,12,4599,2158,2441
3872,1997,5,1100,0,1100
3872,1997,6,23157,0,23157
3872,1997,7,15126,7700,7426
3872,1997,8,15153,10300,4853
3872,1997,9,15168,13500,1668
3872,1997,10,15174,16547,-1373
3872,1997,11,15151,24323,-9172
3872,1997,12,28021,31138,-3117
3872,1998,1,19815,23938,-4123
3872,1998,2,19720,14838,4882
3872,1998,3,17425,14738,2687
3872,1998,4,15137,14338,799
3872,1998,5,15845,13538,2307
3872,1998,6,24357,22382,1975
3872,1998,7,15146,26787,-11641
3872,1998,8,18117,16538,1579
3872,1998,9,17424,12738,4686
3872,1998,10,20751,14238,6513
3872,1998,11,19473,13438,6035
3872,1998,12,22704,18223,4481
3874,1995,6,13433,0,13433
3874,1995,7,15299,0,15299
3874,1995,8,8925,6600,2325
3874,1995,9,8922,6000,2922
3874,1995,10,8940,11676,-2736
3874,1995,11,9114,15356,-6242
3874,1995,12,13306,11116,2190
3874,1996,1,12393,22556,-10163
3874,1996,2,12665,9116,3549
3874,1996,3,12487,5876,6611
3874,1996,4,8911,9076,-165
3874,1996,5,10313,5876,4437
3874,1996,6,14502,20316,-5814
3874,1996,7,10107,5876,4231
3874,1996,8,8922,8276,646
3874,1996,9,8926,6376,2550
3874,1996,10,8936,6776,2160
3874,1996,11,8939,11876,-2937
3874,1996,12,13549,7156,6393
3874,1997,1,11530,27236,-15706
3874,1997,2,11598,5876,5722
3874,1997,3,14826,5876,8950
3874,1997,4,8952,8576,376
3874,1997,5,8953,9376,-423
3874,1997,6,13350,17156,-3806
3874,1997,7,8939,6776,2163
3874,1997,8,11536,15836,-4300
3874,1997,9,10133,5876,4257
3874,1997,10,8948,6076,2872
3874,1997,11,8943,15036,-6093
3874,1997,12,13330,14196,-866
3874,1998,1,15012,21476,-6464
3874,1998,2,16218,5876,10342
3874,1998,3,13556,6956,6600
3874,1998,4,13684,5876,7808
3874,1998,5,11612,5876,5736
3874,1998,6,13416,22336,-8920
3874,1998,7,13704,5876,7828
3874,1998,8,11027,7796,3231
3874,1998,9,9027,15176,-6149
3874,1998,10,9916,5876,4040
3874,1998,11,9324,10316,-992
3874,1998,12,13424,14381,-957
3875,1997,10,1100,0,1100
3875,1997,11,38544,7500,31044
3875,1997,12,57913,29900,28013
3875,1998,1,38736,36700,2036
3875,1998,2,38744,36900,1844
3875,1998,3,38751,45612,-6861
3875,1998,4,38740,37529,1211
3875,1998,5,38746,36929,1817
3875,1998,6,57937,84529,-26592
3875,1998,7,38630,41065,-2435
3875,1998,8,38660,22029,16631
3875,1998,9,38648,63917,-25269
3875,1998,10,38632,19192,19440
3875,1998,11,38695,23929,14766
3875,1998,12,57971,56814,1157
3876,1994,2,38717,0,38717
3876,1994,3,31503,14300,17203
3876,1994,4,37559,14215,23344
3876,1994,5,24985,79371,-54386
3876,1994,6,82666,46871,35795
3876,1994,7,60762,28871,31891
3876,1994,8,50139,97071,-46932
3876,1994,9,65736,16071,49665
3876,1994,10,62454,82271,-19817
3876,1994,11,9043,45971,-36928
3876,1994,12,23096,32271,-9175
3876,1995,1,1972,15671,-13699
3876,1995,2,9357,12071,-2714
3876,1995,3,30681,20171,10510
3876,1995,4,1766,12071,-10305
3876,1995,5,53,12071,-12018
3876,1995,6,5,15,-10
3876,1995,7,5,15,-10
3876,1995,8,7021,15,7006
3876,1995,9,49671,15,49656
3876,1995,10,137,29771,-29634
3876,1995,11,1219,12071,-10852
3876,1995,12,27299,23771,3528
3876,1996,1,32,15071,-15039
3876,1996,2,24,15,9
3876,1996,3,0,15,-15
3876,1996,4,49,15,34
3876,1996,5,0,15,-15
3876,1996,6,49,15,34
3876,1996,7,24,15,9
3876,1996,8,0,15,-15
3876,1996,9,49,15,34
3876,1996,10,0,15,-15
3876,1996,11,49,15,34
3876,1996,12,24,15,9
3876,1997,1,69245,52608,16637
3876,1997,2,91,12071,-11980
3876,1997,3,80698,32471,48227
3876,1997,4,161,37223,-37062
3876,1997,5,115273,64609,50664
3876,1997,6,139733,141871,-2138
3876,1997,7,114200,152165,-37965
3876,1997,8,71137,35871,35266
3876,1997,9,222,41171,-40949
3876,1997,10,43797,40271,3526
3876,1997,11,44339,38021,6318
3876,1997,12,12452,18671,-6219
3876,1998,1,67,15671,-15604
3876,1998,2,32429,12071,20358
3876,1998,3,16298,19371,-3073
3876,1998,4,37183,42794,-5611
3876,1998,5,89397,45771,43626
3876,1998,6,115723,129971,-14248
3876,1998,7,21775,47738,-25963
3876,1998,8,37577,12071,25506
3876,1998,9,182,29671,-29489
3876,1998,10,25583,27271,-1688
3876,1998,11,45182,25971,19211
3876,1998,12,50085,27465,22620
3877,1996,10,500,0,500
3877,1996,11,21280,0,21280
3877,1996,12,31977,14900,17077
3877,1997,1,21452,15200,6252
3877,1997,2,21472,18400,3072
3877,1997,3,21486,17715,3771
3877,1997,4,21509,25726,-4217
3877,1997,5,21489,22526,-1037
3877,1997,6,32099,44806,-12707
3877,1997,7,21450,11166,10284
3877,1997,8,21483,18926,2557
3877,1997,9,21491,19426,2065
3877,1997,10,21503,17526,3977
3877,1997,11,21509,21926,-417
3877,1997,12,32171,23726,8445
3877,1998,1,21523,32886,-11363
3877,1998,2,21503,16126,5377
3877,1998,3,21518,18826,2692
3877,1998,4,21540,15526,6014
3877,1998,5,21557,18926,2631
3877,1998,6,32189,44646,-12457
3877,1998,7,21526,16126,5400
3877,1998,8,21528,21726,-198
3877,1998,9,21533,16886,4647
3877,1998,10,21590,15526,6064
3877,1998,11,21592,12426,9166
3877,1998,12,32279,19211,13068
3878,1994,10,500,0,500
3878,1994,11,11343,0,11343
3878,1994,12,9675,0,9675
3878,1995,1,4806,0,4806
3878,1995,2,3018,1200,1818
3878,1995,3,3004,8359,-5355
3878,1995,4,2994,4149,-1155
3878,1995,5,4601,2639,1962
3878,1995,6,4106,8189,-4083
3878,1995,7,6098,3089,3009
3878,1995,8,3201,1949,1252
3878,1995,9,3002,3859,-857
3878,1995,10,5611,1949,3662
3878,1995,11,3000,7269,-4269
3878,1995,12,3299,5319,-2020
3878,1996,1,2984,3899,-915
3878,1996,2,2983,4949,-1966
3878,1996,3,4579,1949,2630
3878,1996,4,2988,4149,-1161
3878,1996,5,2984,3049,-65
3878,1996,6,2971,6149,-3178
3878,1996,7,2967,3439,-472
3878,1996,8,2967,4149,-1182
3878,1996,9,2963,3429,-466
3878,1996,10,4361,3089,1272
3878,1996,11,4468,1949,2519
3878,1996,12,2975,4629,-1654
3878,1997,1,2966,5979,-3013
3878,1997,2,2957,3549,-592
3878,1997,3,5458,1949,3509
3878,1997,4,2970,2249,721
3878,1997,5,2971,3649,-678
3878,1997,6,3868,4229,-361
3878,1997,7,2966,4349,-1383
3878,1997,8,5266,1949,3317
3878,1997,9,2973,5029,-2056
3878,1997,10,2968,2249,719
3878,1997,11,4173,2339,1834
3878,1997,12,6684,2999,3685
3878,1998,1,6599,3329,3270
3878,1998,2,4309,2309,2000
3878,1998,3,3015,2449,566
3878,1998,4,6023,1949,4074
3878,1998,5,3032,3549,-517
3878,1998,6,3027,8109,-5082
3878,1998,7,4511,3269,1242
3878,1998,8,4520,1949,2571
3878,1998,9,3016,7199,-4183
3878,1998,10,5716,1949,3767
3878,1998,11,3014,7069,-4055
3878,1998,12,3001,5384,-2383
3880,1996,7,800,0,800
3880,1996,8,6871,0,6871
3880,1996,9,6871,0,6871
3880,1996,10,6871,0,6871
3880,1996,11,6893,2500,4393
3880,1996,12,6991,2655,4336
3880,1997,1,6976,14357,-7381
3880,1997,2,6978,1957,5021
3880,1997,3,6998,4957,2041
3880,1997,4,7008,1957,5051
3880,1997,5,7023,7217,-194
3880,1997,6,7004,12857,-5853
3880,1997,7,7001,4357,2644
3880,1997,8,7003,7677,-674
3880,1997,9,7009,4057,2952
3880,1997,10,7005,11377,-4372
3880,1997,11,7004,3057,3947
3880,1997,12,7013,7707,-694
3880,1998,1,7002,12567,-5565
3880,1998,2,6980,7477,-497
3880,1998,3,6985,4837,2148
3880,1998,4,7003,1957,5046
3880,1998,5,7017,6057,960
3880,1998,6,6988,18057,-11069
3880,1998,7,6982,1957,5025
3880,1998,8,7003,1957,5046
3880,1998,9,7014,4517,2497
3880,1998,10,7029,4357,2672
3880,1998,11,7035,6457,578
3880,1998,12,7025,12092,-5067
3881,1996,3,7579,0,7579
3881,1996,4,15830,0,15830
3881,1996,5,7577,0,7577
3881,1996,6,10290,2000,8290
3881,1996,7,6922,18175,-11253
3881,1996,8,9393,5822,3571
3881,1996,9,6879,11962,-5083
3881,1996,10,8461,8602,-141
3881,1996,11,7074,4522,2552
3881,1996,12,10273,6082,4191
3881,1997,1,12094,20042,-7948
3881,1997,2,9664,6442,3222
3881,1997,3,6882,5222,1660
3881,1997,4,7189,4522,2667
3881,1997,5,6899,7222,-323
3881,1997,6,10240,21062,-10822
3881,1997,7,6853,6222,631
3881,1997,8,7857,4522,3335
3881,1997,9,8167,5602,2565
3881,1997,10,7982,4522,3460
3881,1997,11,6885,9582,-2697
3881,1997,12,10260,12842,-2582
3881,1998,1,6866,17422,-10556
3881,1998,2,6825,7822,-997
3881,1998,3,9124,5242,3882
3881,1998,4,7441,6202,1239
3881,1998,5,9546,6442,3104
3881,1998,6,12836,11882,954
3881,1998,7,6863,4722,2141
3881,1998,8,6870,6022,848
3881,1998,9,6873,5722,1151
3881,1998,10,6875,8022,-1147
3881,1998,11,7576,5602,1974
3881,1998,12,10270,5947,4323
3882,1993,7,3757,0,3757
3882,1993,8,12096,0,12096
3882,1993,9,5327,0,5327
3882,1993,10,4246,0,4246
3882,1993,11,3353,2915,438
3882,1993,12,3353,3329,24
3882,1994,1,3341,7619,-4278
3882,1994,2,5145,2179,2966
3882,1994,3,3652,2179,1473
3882,1994,4,3959,2179,1780
3882,1994,5,3350,6889,-3539
3882,1994,6,3338,6539,-3201
3882,1994,7,5243,2179,3064
3882,1994,8,4352,2179,2173
3882,1994,9,3347,5479,-2132
3882,1994,10,3338,5769,-2431
3882,1994,11,6048,2179,3869
3882,1994,12,3346,6829,-3483
3882,1995,1,5336,5059,277
3882,1995,2,3342,2179,1163
3882,1995,3,5139,4379,760
3882,1995,4,3350,6379,-3029
3882,1995,5,4942,2179,2763
3882,1995,6,4426,9199,-4773
3882,1995,7,4926,3439,1487
3882,1995,8,5336,2179,3157
3882,1995,9,3342,4749,-1407
3882,1995,10,3340,4479,-1139
3882,1995,11,3334,6379,-3045
3882,1995,12,3319,4449,-1130
3882,1996,1,3309,7899,-4590
3882,1996,2,3300,2679,621
3882,1996,3,4905,2179,2726
3882,1996,4,5614,3379,2235
3882,1996,5,4024,2179,1845
3882,1996,6,3330,3479,-149
3882,1996,7,3329,3879,-550
3882,1996,8,3829,2179,1650
3882,1996,9,3332,4989,-1657
3882,1996,10,3326,3339,-13
3882,1996,11,4429,2479,1950
3882,1996,12,3329,5049,-1720
3882,1997,1,3321,6369,-3048
3882,1997,2,3311,4979,-1668
3882,1997,3,6815,2179,4636
3882,1997,4,3828,2449,1379
3882,1997,5,4937,2179,2758
3882,1997,6,5821,11239,-5418
3882,1997,7,5427,2179,3248
3882,1997,8,4137,2629,1508
3882,1997,9,7249,2569,4680
3882,1997,10,3358,4079,-721
3882,1997,11,3358,2579,779
3882,1997,12,3353,6229,-2876
3882,1998,1,3339,7699,-4360
3882,1998,2,3532,2179,1353
3882,1998,3,3331,4879,-1548
3882,1998,4,3321,6279,-2958
3882,1998,5,3318,2579,739
3882,1998,6,3310,6879,-3569
3882,1998,7,3507,2179,1328
3882,1998,8,4515,2179,2336
3882,1998,9,8235,2179,6056
3882,1998,10,4249,2329,1920
3882,1998,11,7768,2179,5589
3882,1998,12,4982,2914,2068
3883,1993,3,1202,0,1202
3883,1993,4,13030,0,13030
3883,1993,5,4770,15,4755
3883,1993,6,6178,7065,-887
3883,1993,7,6488,15,6473
3883,1993,8,3106,1165,1941
3883,1993,9,1714,15,1699
3883,1993,10,1308,4815,-3507
3883,1993,11,1305,115,1190
3883,1993,12,16043,4465,11578
3883,1994,1,29431,13065,16366
3883,1994,2,1401,13115,-11714
3883,1994,3,1352,10715,-9363
3883,1994,4,1331,3415,-2084
3883,1994,5,1321,4115,-2794
3883,1994,6,3812,4615,-803
3883,1994,7,2015,1515,500
3883,1994,8,3322,15,3307
3883,1994,9,1330,515,815
3883,1994,10,1322,6815,-5493
3883,1994,11,1308,2015,-707
3883,1994,12,51644,4815,46829
3883,1995,1,1381,35215,-33834
3883,1995,2,1350,6615,-5265
3883,1995,3,1334,4515,-3181
3883,1995,4,1327,3515,-2188
3883,1995,5,1319,15,1304
3883,1995,6,1299,9115,-7816
3883,1995,7,5201,15,5186
3883,1995,8,5121,15,5106
3883,1995,9,43072,15,43057
3883,1995,10,1470,32015,-30545
3883,1995,11,1413,4315,-2902
3883,1995,12,40913,24215,16698
3883,1996,1,1419,17415,-15996
3883,1996,2,1377,3415,-2038
3883,1996,3,6500,15,6485
3883,1996,4,39821,23715,16106
3883,1996,5,1454,11115,-9661
3883,1996,6,13259,34415,-21156
3883,1996,7,3436,15,3421
3883,1996,8,4848,2415,2433
3883,1996,9,1660,15,1645
3883,1996,10,1867,1115,752
3883,1996,11,1368,3915,-2547
3883,1996,12,4561,1915,2646
3883,1997,1,4859,15815,-10956
3883,1997,2,15212,15,15197
3883,1997,3,45448,2615,42833
3883,1997,4,1542,21215,-19673
3883,1997,5,1471,11115,-9644
3883,1997,6,2120,15015,-12895
3883,1997,7,4494,15,4479
3883,1997,8,6516,15,6501
3883,1997,9,2635,1415,1220
3883,1997,10,1941,15,1926
3883,1997,11,1442,2715,-1273
3883,1997,12,1437,5415,-3978
3883,1998,1,34023,10115,23908
3883,1998,2,1510,9015,-7505
3883,1998,3,1480,8915,-7435
3883,1998,4,11424,6115,5309
3883,1998,5,1478,3815,-2337
3883,1998,6,1448,30815,-29367
3883,1998,7,8667,915,7752
3883,1998,8,2788,515,2273
3883,1998,9,1395,215,1180
3883,1998,10,3104,15,3089
3883,1998,11,1401,4915,-3514
3883,1998,12,1893,2600,-707
3884,1996,11,700,0,700
3884,1996,12,17624,0,17624
3884,1997,1,8549,900,7649
3884,1997,2,8561,8600,-39
3884,1997,3,8558,9600,-1042
3884,1997,4,8554,10126,-1572
3884,1997,5,8543,11926,-3383
3884,1997,6,12775,8826,3949
3884,1997,7,8542,16486,-7944
3884,1997,8,9031,5026,4005
3884,1997,9,8535,13406,-4871
3884,1997,10,10045,5026,5019
3884,1997,11,8524,12726,-4202
3884,1997,12,13239,18266,-5027
3884,1998,1,8599,9226,-627
3884,1998,2,8710,5026,3684
3884,1998,3,9325,5026,4299
3884,1998,4,8515,13326,-4811
3884,1998,5,8509,8726,-217
3884,1998,6,12741,11526,1215
3884,1998,7,8509,10226,-1717
3884,1998,8,8514,6726,1788
3884,1998,9,8516,8526,-10
3884,1998,10,8515,9726,-1211
3884,1998,11,8518,5026,3492
3884,1998,12,12768,11251,1517
3885,1997,4,5403,0,5403
3885,1997,5,15658,0,15658
3885,1997,6,7864,4800,3064
3885,1997,7,5285,4700,585
3885,1997,8,5285,9035,-3750
3885,1997,9,5273,1715,3558
3885,1997,10,5287,4315,972
3885,1997,11,5291,3015,2276
3885,1997,12,7890,12315,-4425
3885,1998,1,5575,12735,-7160
3885,1998,2,5252,3615,1637
3885,1998,3,5260,2515,2745
3885,1998,4,5271,3215,2056
3885,1998,5,5279,3915,1364
3885,1998,6,7880,2315,5565
3885,1998,7,5306,6215,-909
3885,1998,8,5306,7095,-1789
3885,1998,9,5293,7475,-2182
3885,1998,10,5285,6615,-1330
3885,1998,11,5279,7015,-1736
3885,1998,12,7874,3840,4034
3886,1994,2,400,0,400
3886,1994,3,10200,0,10200
3886,1994,4,9200,0,9200
3886,1994,5,2700,0,2700
3886,1994,6,9097,2300,6797
3886,1994,7,122,4400,-4278
3886,1994,8,122,100,22
3886,1994,9,1722,0,1722
3886,1994,10,1722,0,1722
3886,1994,11,122,2700,-2578
3886,1994,12,122,500,-378
3886,1995,1,21701,2700,19001
3886,1995,2,8931,10800,-1869
3886,1995,3,177,9600,-9423
3886,1995,4,60496,15915,44581
3886,1995,5,233,44052,-43819
3886,1995,6,102,23615,-23513
3886,1995,7,4644,15,4629
3886,1995,8,18626,15,18611
3886,1995,9,65442,10015,55427
3886,1995,10,273,38664,-38391
3886,1995,11,30082,37715,-7633
3886,1995,12,23309,15215,8094
3886,1996,1,24475,32515,-8040
3886,1996,2,77898,72415,5483
3886,1996,3,45004,7315,37689
3886,1996,4,96667,106057,-9390
3886,1996,5,120100,102946,17154
3886,1996,6,19522,81115,-61593
3886,1996,7,149635,104380,45255
3886,1996,8,108485,101015,7470
3886,1996,9,64112,79843,-15731
3886,1996,10,56933,39515,17418
3886,1996,11,94846,91477,3369
3886,1996,12,56585,123252,-66667
3886,1997,1,14570,20415,-5845
3886,1997,2,30393,3691,26702
3886,1997,3,132,14714,-14582
3886,1997,4,5116,15362,-10246
3886,1997,5,36326,15,36311
3886,1997,6,61409,110715,-49306
3886,1997,7,7017,9417,-2400
3886,1997,8,6123,3921,2202
3886,1997,9,5305,10450,-5145
3886,1997,10,12639,7613,5026
3886,1997,11,22363,1915,20448
3886,1997,12,16584,26815,-10231
3886,1998,1,0,4615,-4615
3886,1998,2,50638,5415,45223
3886,1998,3,31511,52415,-20904
3886,1998,4,54533,59151,-4618
3886,1998,5,117,16015,-15898
3886,1998,6,61,2615,-2554
3886,1998,7,13268,3615,9653
3886,1998,8,124499,91215,33284
3886,1998,9,25435,38451,-13016
3886,1998,10,72711,36315,36396
3886,1998,11,30130,47715,-17585
3886,1998,12,243,26700,-26457
3887,1996,5,200,0,200
3887,1996,6,16573,0,16573
3887,1996,7,8818,0,8818
3887,1996,8,3237,0,3237
3887,1996,9,3147,800,2347
3887,1996,10,3148,3928,-780
3887,1996,11,7164,2028,5136
3887,1996,12,3168,3648,-480
3887,1997,1,3144,10658,-7514
3887,1997,2,3741,2028,1713
3887,1997,3,3144,2728,416
3887,1997,4,4151,2028,2123
3887,1997,5,3146,5528,-2382
3887,1997,6,3142,7258,-4116
3887,1997,7,10557,2748,7809
3887,1997,8,10080,2028,8052
3887,1997,9,5293,3168,2125
3887,1997,10,5303,2028,3275
3887,1997,11,3216,3028,188
3887,1997,12,3316,2838,478
3887,1998,1,9212,7098,2114
3887,1998,2,3227,4928,-1701
3887,1998,3,3218,6518,-3300
3887,1998,4,4805,3258,1547
3887,1998,5,3212,5228,-2016
3887,1998,6,4098,7098,-3000
3887,1998,7,5494,2028,3466
3887,1998,8,4908,2028,2880
3887,1998,9,3218,2428,790
3887,1998,10,3220,3628,-408
3887,1998,11,3217,5228,-2011
3887,1998,12,3208,3963,-755
3888,1993,5,1000,0,1000
3888,1993,6,10900,0,10900
3888,1993,7,4700,0,4700
3888,1993,8,3800,0,3800
3888,1993,9,2200,0,2200
3888,1993,10,0,1300,-1300
3888,1993,11,0,1000,-1000
3888,1993,12,2100,0,2100
3888,1994,1,3100,0,3100
3888,1994,2,600,0,600
3888,1994,3,0,3200,-3200
3888,1994,4,2800,0,2800
3888,1994,5,0,2800,-2800
3888,1994,6,1700,0,1700
3888,1994,7,2200,0,2200
3888,1994,8,0,2700,-2700
3888,1994,9,1700,0,1700
3888,1994,10,0,300,-300
3888,1994,11,0,1700,-1700
3888,1995,1,1400,0,1400
3888,1995,2,0,1600,-1600
3888,1995,4,1800,0,1800
3888,1995,5,0,4200,-4200
3888,1995,6,0,600,-600
3888,1995,7,0,500,-500
3888,1995,8,500,0,500
3888,1995,9,0,2000,-2000
3888,1995,10,0,1500,-1500
3888,1995,11,0,800,-800
3888,1995,12,0,700,-700
3888,1996,1,900,0,900
3888,1996,2,900,0,900
3888,1996,3,0,1600,-1600
3888,1996,4,0,300,-300
3888,1996,5,900,0,900
3888,1996,6,2400,0,2400
3888,1996,7,1700,0,1700
3888,1996,8,0,1000,-1000
3888,1996,9,0,2500,-2500
3888,1996,10,1300,0,1300
3888,1996,11,0,100,-100
3888,1996,12,0,1500,-1500
3888,1997,1,0,4800,-4800
3888,1997,2,2200,0,2200
3888,1997,3,0,1300,-1300
3888,1997,4,0,1200,-1200
3888,1997,6,0,2800,-2800
3888,1997,8,4300,0,4300
3888,1997,9,2000,0,2000
3888,1997,10,2700,0,2700
3888,1997,11,0,1100,-1100
3888,1997,12,0,4000,-4000
3888,1998,1,1,3400,-3399
3889,1997,7,4021,0,4021
3889,1997,8,2927,0,2927
3889,1997,9,2927,0,2927
3889,1997,10,2927,0,2927
3889,1997,11,2956,188,2768
3889,1997,12,2977,2685,292
3889,1998,1,2969,5285,-2316
3889,1998,2,2969,2755,214
3889,1998,3,2970,2195,775
3889,1998,4,2973,3455,-482
3889,1998,5,2971,3055,-84
3889,1998,6,2969,6655,-3686
3889,1998,7,2956,1955,1001
3889,1998,8,2960,1955,1005
3889,1998,9,2964,1955,1009
3889,1998,10,2968,1955,1013
3889,1998,11,2972,1955,1017
3889,1998,12,2975,2750,225
3890,1996,2,400,0,400
3890,1996,3,13941,0,13941
3890,1996,4,8280,1700,6580
3890,1996,5,8301,3900,4401
3890,1996,6,12433,3900,8533
3890,1996,7,8322,18782,-10460
3890,1996,8,8300,10062,-1762
3890,1996,9,8300,7282,1018
3890,1996,10,8496,11962,-3466
3890,1996,11,10103,5482,4621
3890,1996,12,12392,18522,-6130
3890,1997,1,11276,15682,-4406
3890,1997,2,13693,5482,8211
3890,1997,3,8294,9782,-1488
3890,1997,4,8295,8182,113
3890,1997,5,8290,12862,-4572
3890,1997,6,15108,5482,9626
3890,1997,7,13118,12922,196
3890,1997,8,12137,5482,6655
3890,1997,9,8343,7782,561
3890,1997,10,10561,5482,5079
3890,1997,11,9371,9442,-71
3890,1997,12,13379,11082,2297
3890,1998,1,18455,20682,-2227
3890,1998,2,8373,6322,2051
3890,1998,3,12895,5482,7413
3890,1998,4,8406,6782,1624
3890,1998,5,8510,5482,3028
3890,1998,6,26121,45162,-19041
3890,1998,7,18240,9682,8558
3890,1998,8,12481,5482,6999
3890,1998,9,8407,7482,925
3890,1998,10,9012,5482,3530
3890,1998,11,11514,11722,-208
3890,1998,12,12521,14467,-1946
3891,1993,8,600,0,600
3891,1993,9,20659,0,20659
3891,1993,10,16429,5000,11429
3891,1993,11,16461,13100,3361
3891,1993,12,24641,17800,6841
3891,1994,1,16481,43607,-27126
3891,1994,2,16418,7087,9331
3891,1994,3,16455,8587,7868
3891,1994,4,16471,15987,484
3891,1994,5,16478,13587,2891
3891,1994,6,24639,36807,-12168
3891,1994,7,16442,16707,-265
3891,1994,8,16442,11087,5355
3891,1994,9,16445,18607,-2162
3891,1994,10,16459,9287,7172
3891,1994,11,16476,13487,2989
3891,1994,12,24651,23067,1584
3891,1995,1,16443,41287,-24844
3891,1995,2,17823,8107,9716
3891,1995,3,16439,14187,2252
3891,1995,4,16460,6387,10073
3891,1995,5,16489,10887,5602
3891,1995,6,24666,30187,-5521
3891,1995,7,16482,13067,3415
3891,1995,8,16504,9987,6517
3891,1995,9,16531,12987,3544
3891,1995,10,16540,14687,1853
3891,1995,11,16515,22007,-5492
3891,1995,12,24663,28767,-4104
3891,1996,1,16497,31427,-14930
3891,1996,2,19073,11227,7846
3891,1996,3,16497,6887,9610
3891,1996,4,16521,10987,5534
3891,1996,5,16541,11887,4654
3891,1996,6,24663,58807,-34144
3891,1996,7,20061,3187,16874
3891,1996,8,16504,7187,9317
3891,1996,9,16522,14267,2255
3891,1996,10,16547,20167,-3620
3891,1996,11,16549,16187,362
3891,1996,12,24740,21767,2973
3891,1997,1,20165,36107,-15942
3891,1997,2,16484,11647,4837
3891,1997,3,16514,10387,6127
3891,1997,4,16529,13407,3122
3891,1997,5,16550,14587,1963
3891,1997,6,27342,40187,-12845
3891,1997,7,16506,8087,8419
3891,1997,8,16538,12387,4151
3891,1997,9,16555,10887,5668
3891,1997,10,16572,18487,-1915
3891,1997,11,16566,15787,779
3891,1997,12,24748,22967,1781
3891,1998,1,16549,29007,-12458
3891,1998,2,16530,7287,9243
3891,1998,3,16561,11327,5234
3891,1998,4,16585,12687,3898
3891,1998,5,16607,7087,9520
3891,1998,6,26298,32147,-5849
3891,1998,7,16618,9587,7031
3891,1998,8,16639,13627,3012
3891,1998,9,16650,18487,-1837
3891,1998,10,16648,10987,5661
3891,1998,11,16670,11807,4863
3891,1998,12,24853,21432,3421
3892,1993,10,800,0,800
3892,1993,11,3357,0,3357
3892,1993,12,3357,0,3357
3892,1994,1,3357,0,3357
3892,1994,2,3357,0,3357
3892,1994,3,3404,2253,1151
3892,1994,4,3422,3573,-151
3892,1994,5,3424,2253,1171
3892,1994,6,3405,10323,-6918
3892,1994,7,3400,2253,1147
3892,1994,8,3410,2733,677
3892,1994,9,3408,2253,1155
3892,1994,10,3409,3543,-134
3892,1994,11,3411,3363,48
3892,1994,12,3412,3033,379
3892,1995,1,3411,5103,-1692
3892,1995,2,3406,2253,1153
3892,1995,3,3411,2253,1158
3892,1995,4,3414,4313,-899
3892,1995,5,3410,3783,-373
3892,1995,6,3405,6153,-2748
3892,1995,7,3399,2253,1146
3892,1995,8,3400,4153,-753
3892,1995,9,3399,3513,-114
3892,1995,10,3400,2253,1147
3892,1995,11,3405,2253,1152
3892,1995,12,3408,3963,-555
3892,1996,1,3400,5583,-2183
3892,1996,2,3396,3823,-427
3892,1996,3,3397,2253,1144
3892,1996,4,3401,2613,788
3892,1996,5,3405,2253,1152
3892,1996,6,3391,10923,-7532
3892,1996,7,3378,3213,165
3892,1996,8,3380,2253,1127
3892,1996,9,3383,2253,1130
3892,1996,10,3388,2253,1135
3892,1996,11,3393,2253,1140
3892,1996,12,3392,4263,-871
3892,1997,1,3389,5973,-2584
3892,1997,2,3380,3393,-13
3892,1997,3,3383,2253,1130
3892,1997,4,3388,2253,1135
3892,1997,5,3393,2253,1140
3892,1997,6,3375,9243,-5868
3892,1997,7,3373,2253,1120
3892,1997,8,3377,3633,-256
3892,1997,9,3376,2253,1123
3892,1997,10,3378,3813,-435
3892,1997,11,3379,2253,1126
3892,1997,12,3385,2433,952
3892,1998,1,3379,6273,-2894
3892,1998,2,3376,2253,1123
3892,1998,3,3380,2253,1127
3892,1998,4,3385,2253,1132
3892,1998,5,3390,2253,1137
3892,1998,6,3389,5193,-1804
3892,1998,7,3387,2253,1134
3892,1998,8,3392,2253,1139
3892,1998,9,3394,3483,-89
3892,1998,10,3395,2433,962
3892,1998,11,3400,2253,1147
3892,1998,12,3403,2868,535
3893,1996,12,600,0,600
3893,1997,1,11967,0,11967
3893,1997,2,9517,0,9517
3893,1997,3,4637,7900,-3263
3893,1997,4,4641,1100,3541
3893,1997,5,4650,4550,100
3893,1997,6,6923,7810,-887
3893,1997,7,4646,3550,1096
3893,1997,8,4656,4350,306
3893,1997,9,4649,4350,299
3893,1997,10,4653,3350,1303
3893,1997,11,4639,14730,-10091
3893,1997,12,8405,3050,5355
3893,1998,1,6217,13010,-6793
3893,1998,2,8621,3050,5571
3893,1998,3,4735,3050,1685
3893,1998,4,4631,8510,-3879
3893,1998,5,11043,3050,7993
3893,1998,6,8529,10490,-1961
3893,1998,7,6755,8570,-1815
3893,1998,8,5846,3050,2796
3893,1998,9,9070,3050,6020
3893,1998,10,4678,6550,-1872
3893,1998,11,5782,3050,2732
3893,1998,12,6955,8955,-2000
3894,1996,9,600,0,600
3894,1996,10,6868,0,6868
3894,1996,11,6868,0,6868
3894,1996,12,6889,1600,5289
3894,1997,1,6954,3700,3254
3894,1997,2,6964,7061,-97
3894,1997,3,6972,4481,2491
3894,1997,4,6974,7141,-167
3894,1997,5,6979,6281,698
3894,1997,6,6963,11631,-4668
3894,1997,7,6966,3381,3585
3894,1997,8,6981,3381,3600
3894,1997,9,6996,3381,3615
3894,1997,10,7009,4581,2428
3894,1997,11,7019,4881,2138
3894,1997,12,7023,7781,-758
3894,1998,1,7011,10531,-3520
3894,1998,2,7012,3381,3631
3894,1998,3,7027,3381,3646
3894,1998,4,7042,3781,3261
3894,1998,5,7054,4581,2473
3894,1998,6,7054,15181,-8127
3894,1998,7,7033,3381,3652
3894,1998,8,7048,3381,3667
3894,1998,9,7063,3381,3682
3894,1998,10,7076,4421,2655
3894,1998,11,7086,7941,-855
3894,1998,12,7083,4366,2717
3895,1995,7,1100,0,1100
3895,1995,8,21071,0,21071
3895,1995,9,10734,0,10734
3895,1995,10,10565,5700,4865
3895,1995,11,10589,4300,6289
3895,1995,12,15826,8715,7111
3895,1996,1,10570,37449,-26879
3895,1996,2,10526,6029,4497
3895,1996,3,10546,6069,4477
3895,1996,4,10552,9809,743
3895,1996,5,10547,15469,-4922
3895,1996,6,15755,10929,4826
3895,1996,7,10531,20169,-9638
3895,1996,8,10522,7629,2893
3895,1996,9,10537,6429,4108
3895,1996,10,10545,9629,916
3895,1996,11,10551,8929,1622
3895,1996,12,15752,15449,303
3895,1997,1,10515,24089,-13574
3895,1997,2,10510,5829,4681
3895,1997,3,10528,6729,3799
3895,1997,4,10534,10229,305
3895,1997,5,10544,7129,3415
3895,1997,6,15763,15209,554
3895,1997,7,10550,10829,-279
3895,1997,8,10542,16969,-6427
3895,1997,9,10534,6529,4005
3895,1997,10,10532,18129,-7597
3895,1997,11,10515,15649,-5134
3895,1997,12,15715,14029,1686
3895,1998,1,12395,15469,-3074
3895,1998,2,10497,12429,-1932
3895,1998,3,10490,9929,561
3895,1998,4,10492,7929,2563
3895,1998,5,10500,13629,-3129
3895,1998,6,15708,13529,2179
3895,1998,7,10500,4429,6071
3895,1998,8,10525,4429,6096
3895,1998,9,10550,4429,6121
3895,1998,10,10555,30429,-19874
3895,1998,11,10493,4429,6064
3895,1998,12,15729,7614,8115
3896,1995,8,400,0,400
3896,1995,9,33802,7600,26202
3896,1995,10,33889,19100,14789
3896,1995,11,33937,25600,8337
3896,1995,12,50853,39000,11853
3896,1996,1,33975,62760,-28785
3896,1996,2,33908,27859,6049
3896,1996,3,33937,27959,5978
3896,1996,4,33925,49597,-15672
3896,1996,5,33908,22159,11749
3896,1996,6,50756,64559,-13803
3896,1996,7,33904,19347,14557
3896,1996,8,33939,27759,6180
3896,1996,9,33901,54371,-20470
3896,1996,10,33882,36814,-2932
3896,1996,11,38446,4259,34187
3896,1996,12,50917,39940,10977
3896,1997,1,34060,40579,-6519
3896,1997,2,34036,37979,-3943
3896,1997,3,34049,13759,20290
3896,1997,4,34085,30791,3294
3896,1997,5,34099,27231,6868
3896,1997,6,50982,49854,1128
3896,1997,7,34099,51427,-17328
3896,1997,8,34108,14159,19949
3896,1997,9,34120,31659,2461
3896,1997,10,34134,30759,3375
3896,1997,11,34148,30559,3589
3896,1997,12,50982,81333,-30351
3896,1998,1,34043,43559,-9516
3896,1998,2,34048,21466,12582
3896,1998,3,34085,20759,13326
3896,1998,4,34120,26259,7861
3896,1998,5,34127,33559,568
3896,1998,6,50811,117659,-66848
3896,1998,7,38255,15630,22625
3896,1998,8,34009,37259,-3250
3896,1998,9,34029,31159,2870
3896,1998,10,34041,33959,82
3896,1998,11,34036,55466,-21430
3896,1998,12,50866,13457,37409
3897,1997,4,1000,0,1000
3897,1997,5,27014,0,27014
3897,1997,6,32940,13700,19240
3897,1997,7,22067,14700,7367
3897,1997,8,22081,21800,281
3897,1997,9,22085,20715,1370
3897,1997,10,22076,27565,-5489
3897,1997,11,22107,22165,-58
3897,1997,12,32994,32245,749
3897,1998,1,22054,26165,-4111
3897,1998,2,22073,11665,10408
3897,1998,3,22076,28865,-6789
3897,1998,4,22087,14065,8022
3897,1998,5,22128,10765,11363
3897,1998,6,33085,24805,8280
3897,1998,7,22157,26065,-3908
3897,1998,8,22151,22065,86
3897,1998,9,22142,25865,-3723
3897,1998,10,22141,20965,1176
3897,1998,11,22151,22445,-294
3897,1998,12,33108,17950,15158
3898,1994,2,800,0,800
3898,1994,3,6915,0,6915
3898,1994,4,6915,0,6915
3898,1994,5,6915,0,6915
3898,1994,6,7010,3000,4010
3898,1994,7,7029,5645,1384
3898,1994,8,7028,6885,143
3898,1994,9,7034,7785,-751
3898,1994,10,7036,3565,3471
3898,1994,11,7036,7965,-929
3898,1994,12,7040,6215,825
3898,1995,1,7041,10825,-3784
3898,1995,2,7023,7805,-782
3898,1995,3,7025,5465,1560
3898,1995,4,7040,2765,4275
3898,1995,5,7036,9465,-2429
3898,1995,6,7024,12025,-5001
3898,1995,7,7027,3985,3042
3898,1995,8,7027,10165,-3138
3898,1995,9,7025,8165,-1140
3898,1995,10,7014,6985,29
3898,1995,11,7021,5365,1656
3898,1995,12,7024,6165,859
3898,1996,1,7014,11385,-4371
3898,1996,2,7011,7465,-454
3898,1996,3,7010,6765,245
3898,1996,4,7011,5465,1546
3898,1996,5,7012,10485,-3473
3898,1996,6,6995,5865,1130
3898,1996,7,7009,3665,3344
3898,1996,8,7017,9465,-2448
3898,1996,9,7009,7485,-476
3898,1996,10,7010,3765,3245
3898,1996,11,7015,8925,-1910
3898,1996,12,7016,3115,3901
3898,1997,1,7010,13305,-6295
3898,1997,2,6991,11545,-4554
3898,1997,3,6987,2665,4322
3898,1997,4,7005,2665,4340
3898,1997,5,7023,2665,4358
3898,1997,6,7041,2665,4376
3898,1997,7,7060,2665,4395
3898,1997,8,7077,5865,1212
3898,1997,9,7083,2665,4418
3898,1997,10,7101,2665,4436
3898,1997,11,7116,5165,1951
3898,1997,12,7116,8665,-1549
3898,1998,1,7108,10425,-3317
3898,1998,2,7107,2665,4442
3898,1998,3,7126,2665,4461
3898,1998,4,7144,2665,4479
3898,1998,5,7157,5365,1792
3898,1998,6,7167,3965,3202
3898,1998,7,7183,5625,1558
3898,1998,8,7185,4665,2520
3898,1998,9,7200,2665,4535
3898,1998,10,7219,2665,4554
3898,1998,11,7236,4025,3211
3898,1998,12,7250,3300,3950
3899,1996,6,800,0,800
3899,1996,7,22310,0,22310
3899,1996,8,19397,7600,11797
3899,1996,9,19441,12300,7141
3899,1996,10,19469,14400,5069
3899,1996,11,19519,18784,735
3899,1996,12,29191,23384,5807
3899,1997,1,19520,29984,-10464
3899,1997,2,19495,17384,2111
3899,1997,3,19513,14084,5429
3899,1997,4,19533,17584,1949
3899,1997,5,19542,16884,2658
3899,1997,6,29170,33784,-4614
3899,1997,7,19540,11784,7756
3899,1997,8,19562,16784,2778
3899,1997,9,19568,19484,84
3899,1997,10,19573,16484,3089
3899,1997,11,19587,15184,4403
3899,1997,12,29261,25884,3377
3899,1998,1,19577,29984,-10407
3899,1998,2,19569,16884,2685
3899,1998,3,19581,17684,1897
3899,1998,4,19586,18384,1202
3899,1998,5,19579,23584,-4005
3899,1998,6,29202,43384,-14182
3899,1998,7,19506,22184,-2678
3899,1998,8,19496,19884,-388
3899,1998,9,19492,20084,-592
3899,1998,10,19480,22984,-3504
3899,1998,11,19472,20084,-612
3899,1998,12,29129,26469,2660
3901,1997,8,1100,0,1100
3901,1997,9,18016,0,18016
3901,1997,10,17295,6700,10595
3901,1997,11,17338,8300,9038
3901,1997,12,25984,13800,12184
3901,1998,1,17431,25415,-7984
3901,1998,2,17391,14015,3376
3901,1998,3,17432,16215,1217
3901,1998,4,17453,18015,-562
3901,1998,5,17407,16515,892
3901,1998,6,26063,20415,5648
3901,1998,7,17436,14615,2821
3901,1998,8,17446,16515,931
3901,1998,9,17452,14515,2937
3901,1998,10,17463,17415,48
3901,1998,11,17466,17315,151
3901,1998,12,26101,27200,-1099
3902,1995,8,800,0,800
3902,1995,9,17715,0,17715
3902,1995,10,9754,2500,7254
3902,1995,11,11097,0,11097
3902,1995,12,14656,7900,6756
3902,1996,1,9804,23890,-14086
3902,1996,2,9777,11650,-1873
3902,1996,3,9766,12450,-2684
3902,1996,4,9771,9050,721
3902,1996,5,10980,7290,3690
3902,1996,6,14633,23430,-8797
3902,1996,7,9754,6550,3204
3902,1996,8,12791,6450,6341
3902,1996,9,9789,8050,1739
3902,1996,10,9801,13550,-3749
3902,1996,11,9776,10150,-374
3902,1996,12,14621,12070,2551
3902,1997,1,16847,25250,-8403
3902,1997,2,13261,7770,5491
3902,1997,3,10362,14850,-4488
3902,1997,4,9755,10350,-595
3902,1997,5,9764,9350,414
3902,1997,6,14593,9650,4943
3902,1997,7,9777,7850,1927
3902,1997,8,9782,10150,-368
3902,1997,9,9778,15050,-5272
3902,1997,10,9768,8250,1518
3902,1997,11,9761,12450,-2689
3902,1997,12,14578,22030,-7452
3902,1998,1,12620,11250,1370
3902,1998,2,9735,9350,385
3902,1998,3,9730,8450,1280
3902,1998,4,11338,6450,4888
3902,1998,5,13454,10890,2564
3902,1998,6,14601,12550,2051
3902,1998,7,9771,11630,-1859
3902,1998,8,9751,17070,-7319
3902,1998,9,9731,12150,-2419
3902,1998,10,9721,11750,-2029
3902,1998,11,9718,7250,2468
3902,1998,12,14564,12395,2169
3903,1994,12,500,0,500
3903,1995,1,18983,0,18983
3903,1995,2,17449,5100,12349
3903,1995,3,17490,10600,6890
3903,1995,4,17513,14100,3413
3903,1995,5,17518,19015,-1497
3903,1995,6,26201,28158,-1957
3903,1995,7,17518,18198,-680
3903,1995,8,17505,18398,-893
3903,1995,9,17497,19498,-2001
3903,1995,10,17481,22138,-4657
3903,1995,11,17468,18658,-1190
3903,1995,12,26156,22638,3518
3903,1996,1,21592,18238,3354
3903,1996,2,17511,10398,7113
3903,1996,3,17539,11698,5841
3903,1996,4,17548,17498,50
3903,1996,5,17540,21118,-3578
3903,1996,6,26212,26178,34
3903,1996,7,17520,25118,-7598
3903,1996,8,17508,14698,2810
3903,1996,9,17515,17438,77
3903,1996,10,17513,17598,-85
3903,1996,11,17515,16498,1017
3903,1996,12,26202,21798,4404
3903,1997,1,17491,32238,-14747
3903,1997,2,17468,21718,-4250
3903,1997,3,17463,14698,2765
3903,1997,4,17466,18198,-732
3903,1997,5,17472,14698,2774
3903,1997,6,26173,15998,10175
3903,1997,7,17514,20798,-3284
3903,1997,8,17496,21078,-3582
3903,1997,9,17491,17558,-67
3903,1997,10,17492,16398,1094
3903,1997,11,17478,17498,-20
3903,1997,12,26175,16878,9297
3903,1998,1,17508,33918,-16410
3903,1998,2,17475,12598,4877
3903,1998,3,17469,19838,-2369
3903,1998,4,17487,12198,5289
3903,1998,5,17499,16098,1401
3903,1998,6,26195,17298,8897
3903,1998,7,17534,30898,-13364
3903,1998,8,17507,22098,-4591
3903,1998,9,17479,19898,-2419
3903,1998,10,17480,12498,4982
3903,1998,11,17499,14998,2501
3903,1998,12,26203,9903,16300
3904,1996,10,3723,0,3723
3904,1996,11,3129,0,3129
3904,1996,12,3129,0,3129
3904,1997,1,3129,0,3129
3904,1997,2,3130,15,3115
3904,1997,3,3177,3410,-233
3904,1997,4,3182,2090,1092
3904,1997,5,3187,2090,1097
3904,1997,6,3191,2090,1101
3904,1997,7,3193,2330,863
3904,1997,8,3200,2690,510
3904,1997,9,3202,2510,692
3904,1997,10,3198,3470,-272
3904,1997,11,3203,2090,1113
3904,1997,12,3205,2450,755
3904,1998,1,3200,6470,-3270
3904,1998,2,3197,2090,1107
3904,1998,3,3197,3500,-303
3904,1998,4,3199,3140,59
3904,1998,5,3199,3440,-241
3904,1998,6,3196,4100,-904
3904,1998,7,3194,2570,624
3904,1998,8,3199,2090,1109
3904,1998,9,3203,2090,1113
3904,1998,10,3208,2090,1118
3904,1998,11,3207,3230,-23
3904,1998,12,3206,3635,-429
3905,1997,5,46573,0,46573
3905,1997,6,66290,70700,-4410
3905,1997,7,14380,20600,-6220
3905,1997,8,142,9689,-9547
3905,1997,9,123809,73589,50220
3905,1997,10,12123,64193,-52070
3905,1997,11,186961,162989,23972
3905,1997,12,46447,23207,23240
3905,1998,1,55796,88549,-32753
3905,1998,2,11622,24255,-12633
3905,1998,3,7109,7789,-680
3905,1998,4,8408,7789,619
3905,1998,5,10913,7789,3124
3905,1998,6,6220,7789,-1569
3905,1998,7,7515,7789,-274
3905,1998,8,5611,12895,-7284
3905,1998,9,62267,27389,34878
3905,1998,10,24734,19289,5445
3905,1998,11,215,31415,-31200
3905,1998,12,9909,10689,-780
3906,1997,7,34648,0,34648
3906,1997,8,33666,9600,24066
3906,1997,9,33739,20500,13239
3906,1997,10,33784,25000,8784
3906,1997,11,33804,34708,-904
3906,1997,12,50525,41915,8610
3906,1998,1,33828,39715,-5887
3906,1998,2,33781,34215,-434
3906,1998,3,33724,57324,-23600
3906,1998,4,33725,23292,10433
3906,1998,5,33764,25292,8472
3906,1998,6,50553,39092,11461
3906,1998,7,33828,32492,1336
3906,1998,8,33837,31192,2645
3906,1998,9,33726,85769,-52043
3906,1998,10,42414,23430,18984
3906,1998,11,33790,26692,7098
3906,1998,12,50540,24321,26219
3907,1996,4,600,0,600
3907,1996,5,29293,1100,28193
3907,1996,6,57552,9400,48152
3907,1996,7,61514,46515,14999
3907,1996,8,46979,36515,10464
3907,1996,9,14642,83715,-69073
3907,1996,10,115,10615,-10500
3907,1996,11,117282,72615,44667
3907,1996,12,55648,35615,20033
3907,1997,1,187,67586,-67399
3907,1997,2,62,8315,-8253
3907,1997,3,48,3715,-3667
3907,1997,4,72939,19615,53324
3907,1997,5,213,37215,-37002
3907,1997,6,100,8315,-8215
3907,1997,7,66,4915,-4849
3907,1997,8,46,5515,-5469
3907,1997,9,23,5215,-5192
3907,1997,10,28740,6715,22025
3907,1997,11,69,15015,-14946
3907,1997,12,31,5115,-5084
3907,1998,1,12651,15,12636
3907,1998,2,40949,30715,10234
3907,1998,3,54225,15715,38510
3907,1998,4,56051,37392,18659
3907,1998,5,66727,45792,20935
3907,1998,6,10545,79592,-69047
3907,1998,7,35738,39992,-4254
3907,1998,8,46563,17292,29271
3907,1998,9,25368,49392,-24024
3907,1998,10,43403,34292,9111
3907,1998,11,33379,35318,-1939
3907,1998,12,42843,40224,2619
3908,1997,1,700,0,700
3908,1997,2,4810,0,4810
3908,1997,3,4810,0,4810
3908,1997,4,4810,0,4810
3908,1997,5,4810,0,4810
3908,1997,6,4813,15,4798
3908,1997,7,4918,2653,2265
3908,1997,8,4908,7933,-3025
3908,1997,9,4913,3153,1760
3908,1997,10,4922,4853,69
3908,1997,11,4921,3053,1868
3908,1997,12,4927,6823,-1896
3908,1998,1,4902,12823,-7921
3908,1998,2,4889,5933,-1044
3908,1998,3,4889,2653,2236
3908,1998,4,4889,8453,-3564
3908,1998,5,4879,2653,2226
3908,1998,6,4870,7273,-2403
3908,1998,7,4879,2653,2226
3908,1998,8,4888,2653,2235
3908,1998,9,4876,9353,-4477
3908,1998,10,4878,2653,2225
3908,1998,11,4885,6573,-1688
3908,1998,12,4881,2638,2243
3909,1993,1,700,0,700
3909,1993,2,24459,500,23959
3909,1993,3,24527,13900,10627
3909,1993,4,24566,16400,8166
3909,1993,5,24590,20400,4190
3909,1993,6,36800,43815,-7015
3909,1993,7,24600,22524,2076
3909,1993,8,24590,20524,4066
3909,1993,9,24606,17124,7482
3909,1993,10,24638,16824,7814
3909,1993,11,24645,26224,-1579
3909,1993,12,36856,29624,7232
3909,1994,1,24631,41524,-16893
3909,1994,2,24610,19724,4886
3909,1994,3,24633,20324,4309
3909,1994,4,24645,26024,-1379
3909,1994,5,24648,20624,4024
3909,1994,6,36847,38124,-1277
3909,1994,7,24636,27224,-2588
3909,1994,8,24619,29324,-4705
3909,1994,9,24612,23724,888
3909,1994,10,24612,24124,488
3909,1994,11,24613,23624,989
3909,1994,12,36834,30224,6610
3909,1995,1,24601,41924,-17323
3909,1995,2,24580,22424,2156
3909,1995,3,24580,24124,456
3909,1995,4,24581,25124,-543
3909,1995,5,24585,22924,1661
3909,1995,6,36767,39224,-2457
3909,1995,7,24594,19124,5470
3909,1995,8,24608,21724,2884
3909,1995,9,24615,22624,1991
3909,1995,10,24608,40324,-15716
3909,1995,11,24590,28324,-3734
3909,1995,12,36802,29724,7078
3909,1996,1,24584,33324,-8740
3909,1996,2,24577,18824,5753
3909,1996,3,24603,26824,-2221
3909,1996,4,24588,25924,-1336
3909,1996,5,24588,23124,1464
3909,1996,6,36780,34424,2356
3909,1996,7,24598,28324,-3726
3909,1996,8,24577,25924,-1347
3909,1996,9,24571,24524,47
3909,1996,10,24573,21624,2949
3909,1996,11,24578,27724,-3146
3909,1996,12,36795,33524,3271
3909,1997,1,24559,34124,-9565
3909,1997,2,24546,16824,7722
3909,1997,3,24583,19824,4759
3909,1997,4,24596,19924,4672
3909,1997,5,24608,23124,1484
3909,1997,6,36811,36524,287
3909,1997,7,24616,23924,692
3909,1997,8,24619,25024,-405
3909,1997,9,24620,24624,-4
3909,1997,10,24612,24324,288
3909,1997,11,24611,27824,-3213
3909,1997,12,36818,29524,7294
3909,1998,1,24603,44524,-19921
3909,1998,2,25669,9624,16045
3909,1998,3,24615,22424,2191
3909,1998,4,24622,22424,2198
3909,1998,5,24626,24524,102
3909,1998,6,36773,44324,-7551
3909,1998,7,24601,19824,4777
3909,1998,8,24610,25024,-414
3909,1998,9,24611,22924,1687
3909,1998,10,24618,22724,1894
3909,1998,11,24622,25424,-802
3909,1998,12,36821,35709,1112
3910,1997,1,1000,0,1000
3910,1997,2,4506,0,4506
3910,1997,3,4506,0,4506
3910,1997,4,4506,0,4506
3910,1997,5,4506,0,4506
3910,1997,6,4548,10888,-6340
3910,1997,7,4564,2688,1876
3910,1997,8,4572,2688,1884
3910,1997,9,4570,6208,-1638
3910,1997,10,4573,2688,1885
3910,1997,11,4581,2688,1893
3910,1997,12,4575,10598,-6023
3910,1998,1,4560,4288,272
3910,1998,2,4564,2688,1876
3910,1998,3,4572,2688,1884
3910,1998,4,4580,2688,1892
3910,1998,5,4587,5488,-901
3910,1998,6,4580,4588,-8
3910,1998,7,4584,5888,-1304
3910,1998,8,4579,2688,1891
3910,1998,9,4581,4768,-187
3910,1998,10,4586,2688,1898
3910,1998,11,4593,5408,-815
3910,1998,12,4579,7803,-3224
3911,1997,12,200,0,200
3911,1998,1,2920,0,2920
3911,1998,2,2920,0,2920
3911,1998,3,2920,0,2920
3911,1998,4,2920,0,2920
3911,1998,5,2958,1961,997
3911,1998,6,2973,3371,-398
3911,1998,7,2975,1961,1014
3911,1998,8,2979,1961,1018
3911,1998,9,2983,2591,392
3911,1998,10,2984,2291,693
3911,1998,11,2988,1961,1027
3911,1998,12,2992,2126,866
3912,1994,5,6959,0,6959
3912,1994,6,6270,0,6270
3912,1994,7,6270,0,6270
3912,1994,8,6270,0,6270
3912,1994,9,6273,15,6258
3912,1994,10,6366,10243,-3877
3912,1994,11,6365,7943,-1578
3912,1994,12,6356,3693,2663
3912,1995,1,6362,13553,-7191
3912,1995,2,6340,3343,2997
3912,1995,3,6351,5383,968
3912,1995,4,6356,3943,2413
3912,1995,5,6366,5843,523
3912,1995,6,6352,7893,-1541
3912,1995,7,6363,2743,3620
3912,1995,8,6378,2843,3535
3912,1995,9,6387,6443,-56
3912,1995,10,6388,6603,-215
3912,1995,11,6390,4443,1947
3912,1995,12,6394,6183,211
3912,1996,1,6364,16553,-10189
3912,1996,2,6334,8343,-2009
3912,1996,3,6349,2743,3606
3912,1996,4,6364,2743,3621
3912,1996,5,6371,5943,428
3912,1996,6,6363,8993,-2630
3912,1996,7,6370,2743,3627
3912,1996,8,6380,6443,-63
3912,1996,9,6381,5243,1138
3912,1996,10,6385,5743,642
3912,1996,11,6388,5143,1245
3912,1996,12,6391,5743,648
3912,1997,1,6374,14663,-8289
3912,1997,2,6365,2743,3622
3912,1997,3,6376,4503,1873
3912,1997,4,6387,4583,1804
3912,1997,5,6396,2743,3653
3912,1997,6,6388,10643,-4255
3912,1997,7,6391,3843,2548
3912,1997,8,6391,8643,-2252
3912,1997,9,6383,7443,-1060
3912,1997,10,6381,6543,-162
3912,1997,11,6373,9443,-3070
3912,1997,12,6367,9513,-3146
3912,1998,1,6333,13753,-7420
3912,1998,2,6331,2743,3588
3912,1998,3,6335,8583,-2248
3912,1998,4,6337,2743,3594
3912,1998,5,6352,2743,3609
3912,1998,6,6358,9993,-3635
3912,1998,7,6352,2743,3609
3912,1998,8,6367,2743,3624
3912,1998,9,6381,2743,3638
3912,1998,10,6394,3743,2651
3912,1998,11,6397,6143,254
3912,1998,12,6408,3078,3330
3913,1996,10,15288,0,15288
3913,1996,11,19261,0,19261
3913,1996,12,21713,3200,18513
3913,1997,1,14572,12800,1772
3913,1997,2,14577,14295,282
3913,1997,3,14547,21148,-6601
3913,1997,4,14529,18148,-3619
3913,1997,5,14526,14548,-22
3913,1997,6,21685,29488,-7803
3913,1997,7,14500,19148,-4648
3913,1997,8,14500,11948,2552
3913,1997,9,14509,14048,461
3913,1997,10,14509,18348,-3839
3913,1997,11,14495,11648,2847
3913,1997,12,21689,19788,1901
3913,1998,1,19358,26908,-7550
3913,1998,2,14484,9248,5236
3913,1998,3,14506,9448,5058
3913,1998,4,14518,12928,1590
3913,1998,5,14519,15488,-969
3913,1998,6,21688,23968,-2280
3913,1998,7,14518,11548,2970
3913,1998,8,14530,11248,3282
3913,1998,9,14541,13948,593
3913,1998,10,14538,18448,-3910
3913,1998,11,14523,16148,-1625
3913,1998,12,21719,7333,14386
3914,1995,9,21968,0,21968
3914,1995,10,23364,0,23364
3914,1995,11,21916,11900,10016
3914,1995,12,32828,16200,16628
3914,1996,1,21947,50993,-29046
3914,1996,2,21901,14433,7468
3914,1996,3,21912,20233,1679
3914,1996,4,21925,18633,3292
3914,1996,5,21927,22133,-206
3914,1996,6,32794,27653,5141
3914,1996,7,21949,38833,-16884
3914,1996,8,21918,20533,1385
3914,1996,9,21922,25833,-3911
3914,1996,10,21906,18833,3073
3914,1996,11,21908,25153,-3245
3914,1996,12,32789,23593,9196
3914,1997,1,21893,34753,-12860
3914,1997,2,21888,18333,3555
3914,1997,3,21903,19453,2450
3914,1997,4,21912,19573,2339
3914,1997,5,21922,17333,4589
3914,1997,6,37227,54093,-16866
3914,1997,7,21874,11133,10741
3914,1997,8,21913,16653,5260
3914,1997,9,21935,15433,6502
3914,1997,10,21970,18333,3637
3914,1997,11,21971,20033,1938
3914,1997,12,32844,30253,2591
3914,1998,1,21951,31433,-9482
3914,1998,2,21947,20733,1214
3914,1998,3,21957,17733,4224
3914,1998,4,21973,18033,3940
3914,1998,5,21993,14533,7460
3914,1998,6,32881,31473,1408
3914,1998,7,22004,29033,-7029
3914,1998,8,21992,18633,3359
3914,1998,9,21997,23333,-1336
3914,1998,10,21996,20233,1763
3914,1998,11,22010,15333,6677
3914,1998,12,32926,10438,22488
3915,1993,4,23516,0,23516
3915,1993,5,23312,200,23112
3915,1993,6,34979,10000,24979
3915,1993,7,23430,48100,-24670
3915,1993,8,23358,27525,-4167
3915,1993,9,23339,25725,-2386
3915,1993,10,23328,27225,-3897
3915,1993,11,23315,19725,3590
3915,1993,12,34918,32125,2793
3915,1994,1,23339,31125,-7786
3915,1994,2,23307,20425,2882
3915,1994,3,23307,25525,-2218
3915,1994,4,23304,22625,679
3915,1994,5,23311,22425,886
3915,1994,6,34868,41325,-6457
3915,1994,7,23288,18825,4463
3915,1994,8,23301,23825,-524
3915,1994,9,23300,23325,-25
3915,1994,10,23297,22925,372
3915,1994,11,23299,21925,1374
3915,1994,12,34895,25525,9370
3915,1995,1,23340,33725,-10385
3915,1995,2,23301,19225,4076
3915,1995,3,23319,19825,3494
3915,1995,4,23339,24425,-1086
3915,1995,5,23322,25525,-2203
3915,1995,6,34953,38425,-3472
3915,1995,7,23306,17725,5581
3915,1995,8,23318,23125,193
3915,1995,9,23318,24225,-907
3915,1995,10,23311,24625,-1314
3915,1995,11,23311,20925,2386
3915,1995,12,34931,29625,5306
3915,1996,1,23320,34725,-11405
3915,1996,2,23292,24825,-1533
3915,1996,3,23283,22825,458
3915,1996,4,23292,18525,4767
3915,1996,5,23300,24025,-725
3915,1996,6,34876,44725,-9849
3915,1996,7,23265,19125,4140
3915,1996,8,23286,19525,3761
3915,1996,9,23294,19525,3769
3915,1996,10,23312,18825,4487
3915,1996,11,23340,23525,-185
3915,1996,12,34913,29825,5088
3915,1997,1,23332,32225,-8893
3915,1997,2,23317,24225,-908
3915,1997,3,23336,17325,6011
3915,1997,4,23311,27325,-4014
3915,1997,5,23303,23925,-622
3915,1997,6,34872,38425,-3553
3915,1997,7,23298,20325,2973
3915,1997,8,23313,19725,3588
3915,1997,9,23307,27825,-4518
3915,1997,10,23320,18825,4495
3915,1997,11,23328,20825,2503
3915,1997,12,34911,30025,4886
3915,1998,1,23316,37925,-14609
3915,1998,2,23314,20125,3189
3915,1998,3,23303,22825,478
3915,1998,4,23303,23925,-622
3915,1998,5,23309,22925,384
3915,1998,6,34868,40725,-5857
3915,1998,7,23295,23725,-430
3915,1998,8,23928,12425,11503
3915,1998,9,23362,13325,10037
3915,1998,10,23369,24125,-756
3915,1998,11,23370,21825,1545
3915,1998,12,34958,36210,-1252
3916,1997,9,800,0,800
3916,1997,10,18973,0,18973
3916,1997,11,16248,10200,6048
3916,1997,12,24355,17700,6655
3916,1998,1,16293,21000,-4707
3916,1998,2,16265,31063,-14798
3916,1998,3,16220,18163,-1943
3916,1998,4,16210,18263,-2053
3916,1998,5,16204,16963,-759
3916,1998,6,24310,16963,7347
3916,1998,7,20016,23557,-3541
3916,1998,8,16217,17257,-1040
3916,1998,9,16213,17257,-1044
3916,1998,10,16208,17257,-1049
3916,1998,11,16204,17257,-1053
3916,1998,12,24308,17242,7066
3917,1996,3,600,0,600
3917,1996,4,21070,2000,19070
3917,1996,5,21150,10600,10550
3917,1996,6,31726,21800,9926
3917,1996,7,21231,21000,231
3917,1996,8,21262,25242,-3980
3917,1996,9,21239,27931,-6692
3917,1996,10,21221,21771,-550
3917,1996,11,21220,19471,1749
3917,1996,12,31782,26471,5311
3917,1997,1,21200,34511,-13311
3917,1997,2,21192,17971,3221
3917,1997,3,21207,17471,3736
3917,1997,4,21214,20651,563
3917,1997,5,21222,18971,2251
3917,1997,6,31750,42191,-10441
3917,1997,7,21198,10271,10927
3917,1997,8,21233,17571,3662
3917,1997,9,21243,21471,-228
3917,1997,10,21239,21371,-132
3917,1997,11,21240,19271,1969
3917,1997,12,31802,25111,6691
3917,1998,1,21252,31971,-10719
3917,1998,2,21229,19571,1658
3917,1998,3,21235,20791,444
3917,1998,4,21233,23171,-1938
3917,1998,5,21233,17971,3262
3917,1998,6,31790,47091,-15301
3917,1998,7,21192,11271,9921
3917,1998,8,21223,16471,4752
3917,1998,9,21239,18171,3068
3917,1998,10,21244,21671,-427
3917,1998,11,21238,22171,-933
3917,1998,12,31833,6256,25577
3918,1993,12,14662,0,14662
3918,1994,1,14482,0,14482
3918,1994,2,9419,3100,6319
3918,1994,3,9435,7200,2235
3918,1994,4,9427,13680,-4253
3918,1994,5,9416,11780,-2364
3918,1994,6,14051,16800,-2749
3918,1994,7,9421,5980,3441
3918,1994,8,9418,8080,1338
3918,1994,9,9418,9880,-462
3918,1994,10,9429,9980,-551
3918,1994,11,9405,16100,-6695
3918,1994,12,14039,14420,-381
3918,1995,1,11060,22480,-11420
3918,1995,2,14554,10160,4394
3918,1995,3,10484,4880,5604
3918,1995,4,10294,4880,5414
3918,1995,5,9400,13200,-3800
3918,1995,6,14039,9240,4799
3918,1995,7,9407,9080,327
3918,1995,8,9413,12080,-2667
3918,1995,9,9420,14080,-4660
3918,1995,10,9384,14040,-4656
3918,1995,11,9381,7380,2001
3918,1995,12,14023,13300,723
3918,1996,1,9362,18260,-8898
3918,1996,2,9342,8080,1262
3918,1996,3,9358,8780,578
3918,1996,4,9358,11480,-2122
3918,1996,5,9355,4880,4475
3918,1996,6,13998,15500,-1502
3918,1996,7,9345,10120,-775
3918,1996,8,9356,9480,-124
3918,1996,9,9339,11320,-1981
3918,1996,10,9344,8860,484
3918,1996,11,9340,8980,360
3918,1996,12,13994,12300,1694
3918,1997,1,9343,9560,-217
3918,1997,2,9352,10280,-928
3918,1997,3,9361,4880,4481
3918,1997,4,9364,12780,-3416
3918,1997,5,9353,4880,4473
3918,1997,6,14006,17880,-3874
3918,1997,7,9355,4880,4475
3918,1997,8,9371,10400,-1029
3918,1997,9,9381,4880,4501
3918,1997,10,9400,4880,4520
3918,1997,11,9411,6320,3091
3918,1997,12,14059,10640,3419
3918,1998,1,9406,18360,-8954
3918,1998,2,9407,4880,4527
3918,1998,3,9415,4880,4535
3918,1998,4,9432,6440,2992
3918,1998,5,9459,4880,4579
3918,1998,6,14047,40380,-26333
3918,1998,7,9355,4880,4475
3918,1998,8,9386,4880,4506
3918,1998,9,9391,10760,-1369
3918,1998,10,9399,4880,4519
3918,1998,11,9418,4880,4538
3918,1998,12,14070,8545,5525
3919,1997,10,200,0,200
3919,1997,11,24278,0,24278
3919,1997,12,25977,10700,15277
3919,1998,1,17408,11200,6208
3919,1998,2,17425,15600,1825
3919,1998,3,17439,21316,-3877
3919,1998,4,17434,12836,4598
3919,1998,5,17439,19236,-1797
3919,1998,6,26008,36836,-10828
3919,1998,7,17409,8336,9073
3919,1998,8,17442,10036,7406
3919,1998,9,17456,16236,1220
3919,1998,10,17457,18036,-579
3919,1998,11,17461,14836,2625
3919,1998,12,26091,23841,2250
3920,1993,9,600,0,600
3920,1993,10,69762,25000,44762
3920,1993,11,189,8600,-8411
3920,1993,12,189,5400,-5211
3920,1994,1,125758,107415,18343
3920,1994,2,130385,119816,10569
3920,1994,3,99337,110415,-11078
3920,1994,4,89644,82715,6929
3920,1994,5,48929,47608,1321
3920,1994,6,126526,120215,6311
3920,1994,7,52139,65115,-12976
3920,1994,8,37870,16515,21355
3920,1994,9,298,25115,-24817
3920,1994,10,42690,30815,11875
3920,1994,11,68398,32615,35783
3920,1994,12,23133,84115,-60982
3920,1995,1,141,4015,-3874
3920,1995,2,125,4015,-3890
3920,1995,3,66507,35115,31392
3920,1995,4,238,15715,-15477
3920,1995,5,49626,31715,17911
3920,1995,6,17192,22315,-5123
3920,1995,7,8793,18915,-10122
3920,1995,8,54919,21612,33307
3920,1995,9,48006,80415,-32409
3920,1995,10,179,16415,-16236
3920,1995,11,53132,15,53117
3920,1995,12,49951,75296,-25345
3920,1996,1,216,12723,-12507
3920,1996,2,4460,19037,-14577
3920,1996,3,3325,15,3310
3920,1996,4,1432,4625,-3193
3920,1996,5,2725,15,2710
3920,1996,6,4427,8751,-4324
3920,1996,7,118,215,-97
3920,1996,8,117,1315,-1198
3920,1996,9,812,15,797
3920,1996,10,104,4986,-4882
3920,1996,11,1595,15,1580
3920,1996,12,402,15,387
3920,1997,1,2003,15,1988
3920,1997,2,111,3915,-3804
3920,1997,3,95,4815,-4720
3920,1997,4,19333,9515,9818
3920,1997,5,115,5315,-5200
3920,1997,6,94,1115,-1021
3920,1997,7,90,2315,-2225
3920,1997,8,80,1015,-935
3920,1997,9,1177,15,1162
3920,1997,10,81,415,-334
3920,1997,11,49367,3415,45952
3920,1997,12,224,29215,-28991
3920,1998,1,148,12415,-12267
3920,1998,2,34202,5415,28787
3920,1998,3,69610,46137,23473
3920,1998,4,18101,46234,-28133
3920,1998,5,196,19515,-19319
3920,1998,6,118,3435,-3317
3920,1998,7,26243,27115,-872
3920,1998,8,41829,26930,14899
3920,1998,9,91234,24415,66819
3920,1998,10,123597,196851,-73254
3920,1998,11,12443,13015,-572
3920,1998,12,49535,13700,35835
3921,1994,7,800,0,800
3921,1994,8,11500,0,11500
3921,1994,9,5100,0,5100
3921,1994,10,6000,0,6000
3921,1994,11,0,1300,-1300
3921,1994,12,1300,0,1300
3921,1995,1,81927,55200,26727
3921,1995,2,316,11100,-10784
3921,1995,3,57308,31700,25608
3921,1995,4,11868,21915,-10047
3921,1995,5,29694,22501,7193
3921,1995,6,163,36115,-35952
3921,1995,7,20014,5747,14267
3921,1995,8,159,20215,-20056
3921,1995,9,50751,23140,27611
3921,1995,10,84186,42696,41490
3921,1995,11,9294,60343,-51049
3921,1995,12,113856,100526,13330
3921,1996,1,76322,61215,15107
3921,1996,2,44285,17215,27070
3921,1996,3,386,31715,-31329
3921,1996,4,46410,30015,16395
3921,1996,5,14638,34415,-19777
3921,1996,6,243,15815,-15572
3921,1996,7,180,5115,-4935
3921,1996,8,159,3615,-3456
3921,1996,9,11279,11415,-136
3921,1996,10,634,10815,-10181
3921,1996,11,42804,28815,13989
3921,1996,12,28839,17815,11024
3921,1997,1,5772,30515,-24743
3921,1997,2,74771,27617,47154
3921,1997,3,55889,20115,35774
3921,1997,4,72549,87147,-14598
3921,1997,5,108635,111515,-2880
3921,1997,6,53530,118742,-65212
3921,1997,7,43524,22715,20809
3921,1997,8,73314,75515,-2201
3921,1997,9,51102,31215,19887
3921,1997,10,10347,25215,-14868
3921,1997,11,139405,90915,48490
3921,1997,12,64719,117915,-53196
3921,1998,1,11351,27315,-15964
3921,1998,2,67359,29815,37544
3921,1998,3,260,20715,-20455
3921,1998,4,185,2615,-2430
3921,1998,5,3668,14715,-11047
3921,1998,6,15077,7915,7162
3921,1998,7,7192,15,7177
3921,1998,8,189,2115,-1926
3921,1998,9,781,15,766
3921,1998,10,86601,64015,22586
3921,1998,11,248,26732,-26484
3921,1998,12,11523,20400,-8877
3922,1997,10,900,0,900
3922,1997,11,5673,0,5673
3922,1997,12,5673,0,5673
3922,1998,1,5673,0,5673
3922,1998,2,5673,0,5673
3922,1998,3,5677,15,5662
3922,1998,4,5801,3688,2113
3922,1998,5,5805,6268,-463
3922,1998,6,5775,15168,-9393
3922,1998,7,5766,4668,1098
3922,1998,8,5759,10668,-4909
3922,1998,9,5737,8428,-2691
3922,1998,10,5733,7568,-1835
3922,1998,11,5729,5768,-39
3922,1998,12,5725,7153,-1428
3923,1993,3,400,0,400
3923,1993,4,23778,0,23778
3923,1993,5,22076,11300,10776
3923,1993,6,33106,22200,10906
3923,1993,7,22162,20500,1662
3923,1993,8,22195,24552,-2357
3923,1993,9,22180,27752,-5572
3923,1993,10,22167,19952,2215
3923,1993,11,22173,22552,-379
3923,1993,12,33174,36252,-3078
3923,1994,1,22141,25352,-3211
3923,1994,2,22145,18752,3393
3923,1994,3,22158,20252,1906
3923,1994,4,22168,23852,-1684
3923,1994,5,22165,21552,613
3923,1994,6,33157,31252,1905
3923,1994,7,22160,25052,-2892
3923,1994,8,22152,21352,800
3923,1994,9,22151,23252,-1101
3923,1994,10,22148,24452,-2304
3923,1994,11,22137,21652,485
3923,1994,12,33142,27652,5490
3923,1995,1,22154,23152,-998
3923,1995,2,22152,23852,-1700
3923,1995,3,22156,17952,4204
3923,1995,4,22166,21452,714
3923,1995,5,22167,21952,215
3923,1995,6,33170,27352,5818
3923,1995,7,22187,23652,-1465
3923,1995,8,22177,24052,-1875
3923,1995,9,22165,28052,-5887
3923,1995,10,22150,20552,1598
3923,1995,11,22155,20052,2103
3923,1995,12,33163,31252,1911
3923,1996,1,22149,30652,-8503
3923,1996,2,22143,20252,1891
3923,1996,3,22147,17852,4295
3923,1996,4,22166,21352,814
3923,1996,5,22154,22652,-498
3923,1996,6,33111,43852,-10741
3923,1996,7,22119,20152,1967
3923,1996,8,22155,8152,14003
3923,1996,9,22200,12252,9948
3923,1996,10,22228,18152,4076
3923,1996,11,22235,19352,2883
3923,1996,12,33255,22152,11103
3923,1997,1,22292,24352,-2060
3923,1997,2,22291,18952,3339
3923,1997,3,22302,23452,-1150
3923,1997,4,22297,20352,1945
3923,1997,5,22296,23752,-1456
3923,1997,6,33302,30352,2950
3923,1997,7,22308,23552,-1244
3923,1997,8,22303,24552,-2249
3923,1997,9,22312,14152,8160
3923,1997,10,22333,19052,3281
3923,1997,11,22347,21452,895
3923,1997,12,33374,17152,16222
3923,1998,1,22376,28052,-5676
3923,1998,2,22400,16552,5848
3923,1998,3,22313,59452,-37139
3923,1998,4,26110,5052,21058
3923,1998,5,22367,12952,9415
3923,1998,6,33292,67252,-33960
3923,1998,7,27092,7852,19240
3923,1998,8,22353,20552,1801
3923,1998,9,22367,20852,1515
3923,1998,10,22371,23152,-781
3923,1998,11,22366,22352,14
3923,1998,12,33382,6737,26645
3924,1996,2,300,0,300
3924,1996,3,4764,0,4764
3924,1996,4,4764,0,4764
3924,1996,5,4764,0,4764
3924,1996,6,4764,0,4764
3924,1996,7,4821,3108,1713
3924,1996,8,4856,3108,1748
3924,1996,9,4864,3108,1756
3924,1996,10,4871,3108,1763
3924,1996,11,4874,5608,-734
3924,1996,12,4874,4008,866
3924,1997,1,4853,13748,-8895
3924,1997,2,4841,3108,1733
3924,1997,3,4849,3108,1741
3924,1997,4,4848,6868,-2020
3924,1997,5,4848,3108,1740
3924,1997,6,4836,9908,-5072
3924,1997,7,4834,3108,1726
3924,1997,8,4837,5428,-591
3924,1997,9,4838,3108,1730
3924,1997,10,4845,3828,1017
3924,1997,11,4848,5188,-340
3924,1997,12,4847,3858,989
3924,1998,1,4837,11348,-6511
3924,1998,2,4825,3108,1717
3924,1998,3,4830,6548,-1718
3924,1998,4,4825,3108,1717
3924,1998,5,4833,3108,1725
3924,1998,6,4836,6678,-1842
3924,1998,7,4832,3108,1724
3924,1998,8,4839,3108,1731
3924,1998,9,4846,3108,1738
3924,1998,10,4854,3108,1746
3924,1998,11,4861,3108,1753
3924,1998,12,4867,4493,374
3925,1995,9,400,0,400
3925,1995,10,88922,0,88922
3925,1995,11,36773,30600,6173
3925,1995,12,170659,200818,-30159
3925,1996,1,47865,94317,-46452
3925,1996,2,52559,15518,37041
3925,1996,3,36938,66193,-29255
3925,1996,4,66688,19691,46997
3925,1996,5,146,41698,-41552
3925,1996,6,75770,12618,63152
3925,1996,7,29831,78939,-49108
3925,1996,8,69352,60135,9217
3925,1996,9,31852,46996,-15144
3925,1996,10,39922,30718,9204
3925,1996,11,76085,67218,8867
3925,1996,12,2101,35582,-33481
3925,1997,1,39581,34018,5563
3925,1997,2,81680,43618,38062
3925,1997,3,68215,89042,-20827
3925,1997,4,109525,72218,37307
3925,1997,5,58095,55918,2177
3925,1997,6,28675,73018,-44343
3925,1997,7,151960,126418,25542
3925,1997,8,41924,43018,-1094
3925,1997,9,14294,32118,-17824
3925,1997,10,81577,76318,5259
3925,1997,11,175,20818,-20643
3925,1997,12,38247,35718,2529
3925,1998,1,98,17018,-16920
3925,1998,2,6471,6518,-47
3925,1998,3,5669,6518,-849
3925,1998,4,8870,6518,2352
3925,1998,5,46642,34318,12324
3925,1998,6,2022,6518,-4496
3925,1998,7,4307,6518,-2211
3925,1998,8,6201,6518,-317
3925,1998,9,5399,6518,-1119
3925,1998,10,10804,6518,4286
3925,1998,11,8518,6518,2000
3925,1998,12,6220,9503,-3283
3926,1994,9,400,0,400
3926,1994,10,5427,0,5427
3926,1994,11,5427,0,5427
3926,1994,12,5427,0,5427
3926,1995,1,5427,0,5427
3926,1995,2,5495,2247,3248
3926,1995,3,5540,2947,2593
3926,1995,4,5551,2847,2704
3926,1995,5,5559,5527,32
3926,1995,6,5561,4397,1164
3926,1995,7,5563,5027,536
3926,1995,8,5568,3547,2021
3926,1995,9,5579,2247,3332
3926,1995,10,5591,3147,2444
3926,1995,11,5602,3387,2215
3926,1995,12,5601,6197,-596
3926,1996,1,5584,14247,-8663
3926,1996,2,5570,3747,1823
3926,1996,3,5574,4947,627
3926,1996,4,5576,5147,429
3926,1996,5,5584,3247,2337
3926,1996,6,5555,14047,-8492
3926,1996,7,5560,2247,3313
3926,1996,8,5569,4647,922
3926,1996,9,5578,2247,3331
3926,1996,10,5585,7047,-1462
3926,1996,11,5585,4147,1438
3926,1996,12,5590,4227,1363
3926,1997,1,5581,16927,-11346
3926,1997,2,5547,3687,1860
3926,1997,3,5546,6327,-781
3926,1997,4,5554,2247,3307
3926,1997,5,5568,2247,3321
3926,1997,6,5575,14067,-8492
3926,1997,7,5543,3607,1936
3926,1997,8,5554,2247,3307
3926,1997,9,5568,2247,3321
3926,1997,10,5582,2247,3335
3926,1997,11,5595,2247,3348
3926,1997,12,5607,3347,2260
3926,1998,1,5592,12037,-6445
3926,1998,2,5588,3527,2061
3926,1998,3,5600,2247,3353
3926,1998,4,5614,2247,3367
3926,1998,5,5624,5047,577
3926,1998,6,5584,20477,-14893
3926,1998,7,5568,2247,3321
3926,1998,8,5574,5367,207
3926,1998,9,5583,2247,3336
3926,1998,10,5595,3347,2248
3926,1998,11,5606,2247,3359
3926,1998,12,5618,2782,2836
3927,1993,10,1000,0,1000
3927,1993,11,11907,0,11907
3927,1993,12,10253,0,10253
3927,1994,1,5090,2100,2990
3927,1994,2,5102,2000,3102
3927,1994,3,5111,4615,496
3927,1994,4,5112,6541,-1429
3927,1994,5,5102,6701,-1599
3927,1994,6,7599,7541,58
3927,1994,7,6694,8621,-1927
3927,1994,8,6600,3341,3259
3927,1994,9,5108,4341,767
3927,1994,10,5102,8841,-3739
3927,1994,11,5098,3441,1657
3927,1994,12,8696,8781,-85
3927,1995,1,8766,18461,-9695
3927,1995,2,9474,3341,6133
3927,1995,3,5087,4741,346
3927,1995,4,5082,9201,-4119
3927,1995,5,6567,6221,346
3927,1995,6,7568,7341,227
3927,1995,7,5069,6701,-1632
3927,1995,8,5064,5241,-177
3927,1995,9,8273,4901,3372
3927,1995,10,5283,3341,1942
3927,1995,11,5090,3641,1449
3927,1995,12,7589,8561,-972
3927,1996,1,5863,15461,-9598
3927,1996,2,10569,3341,7228
3927,1996,3,7388,7541,-153
3927,1996,4,5080,3741,1339
3927,1996,5,10695,6581,4114
3927,1996,6,7598,5641,1957
3927,1996,7,5095,9321,-4226
3927,1996,8,5090,4741,349
3927,1996,9,5096,3341,1755
3927,1996,10,5090,7241,-2151
3927,1996,11,5086,7461,-2375
3927,1996,12,9087,4781,4306
3927,1997,1,5170,14741,-9571
3927,1997,2,10379,3341,7038
3927,1997,3,7290,8021,-731
3927,1997,4,5891,3341,2550
3927,1997,5,5097,3941,1156
3927,1997,6,7586,10241,-2655
3927,1997,7,6497,3341,3156
3927,1997,8,7710,4781,2929
3927,1997,9,10836,3341,7495
3927,1997,10,7657,4341,3316
3927,1997,11,5163,6341,-1178
3927,1997,12,11543,9661,1882
3927,1998,1,18592,31381,-12789
3927,1998,2,12213,3341,8872
3927,1998,3,6950,3341,3609
3927,1998,4,5163,8041,-2878
3927,1998,5,5151,6941,-1790
3927,1998,6,7646,4741,2905
3927,1998,7,5152,7101,-1949
3927,1998,8,6049,3341,2708
3927,1998,9,5152,9621,-4469
3927,1998,10,5641,8621,-2980
3927,1998,11,12134,3341,8793
3927,1998,12,7655,6526,1129
3928,1996,5,5511,0,5511
3928,1996,6,10946,0,10946
3928,1996,7,3275,0,3275
3928,1996,8,4693,15,4678
3928,1996,9,1906,15,1891
3928,1996,10,4218,1865,2353
3928,1996,11,4629,15,4614
3928,1996,12,1334,3815,-2481
3928,1997,1,1311,5415,-4104
3928,1997,2,45642,1115,44527
3928,1997,3,1465,16915,-15450
3928,1997,4,1408,13265,-11857
3928,1997,5,1377,3515,-2138
3928,1997,6,31288,23515,7773
3928,1997,7,3299,5415,-2116
3928,1997,8,3303,4165,-862
3928,1997,9,3299,2315,984
3928,1997,10,3308,2115,1193
3928,1997,11,3307,6115,-2808
3928,1997,12,3292,5215,-1923
3928,1998,1,3281,6815,-3534
3928,1998,2,3273,615,2658
3928,1998,3,3280,6065,-2785
3928,1998,4,3273,1115,2158
3928,1998,5,23556,15715,7841
3928,1998,6,3569,18715,-15146
3928,1998,7,36412,5715,30697
3928,1998,8,1459,19315,-17856
3928,1998,9,1394,7515,-6121
3928,1998,10,1374,1515,-141
3928,1998,11,2972,2265,707
3928,1998,12,1373,3450,-2077
3930,1995,4,800,0,800
3930,1995,5,21143,0,21143
3930,1995,6,28939,14100,14839
3930,1995,7,19378,16400,2978
3930,1995,8,19389,17500,1889
3930,1995,9,19392,22015,-2623
3930,1995,10,19395,24616,-5221
3930,1995,11,19378,20516,-1138
3930,1995,12,29006,27896,1110
3930,1996,1,19335,39916,-20581
3930,1996,2,19299,14716,4583
3930,1996,3,19321,12916,6405
3930,1996,4,19338,18616,722
3930,1996,5,19342,17616,1726
3930,1996,6,28949,31116,-2167
3930,1996,7,19331,21716,-2385
3930,1996,8,19325,19116,209
3930,1996,9,19329,17516,1813
3930,1996,10,19328,22596,-3268
3930,1996,11,19313,22776,-3463
3930,1996,12,28933,25816,3117
3930,1997,1,19303,25436,-6133
3930,1997,2,19301,13716,5585
3930,1997,3,19299,21556,-2257
3930,1997,4,19306,18036,1270
3930,1997,5,19314,16416,2898
3930,1997,6,28939,33356,-4417
3930,1997,7,19315,13016,6299
3930,1997,8,19325,18816,509
3930,1997,9,19328,18116,1212
3930,1997,10,19336,17016,2320
3930,1997,11,19347,16116,3231
3930,1997,12,28986,27896,1090
3930,1998,1,19323,37416,-18093
3930,1998,2,19307,9836,9471
3930,1998,3,19313,21516,-2203
3930,1998,4,19339,20216,-877
3930,1998,5,19336,18816,520
3930,1998,6,28979,9116,19863
3930,1998,7,19375,23316,-3941
3930,1998,8,19353,25656,-6303
3930,1998,9,19379,9116,10263
3930,1998,10,19368,23876,-4508
3930,1998,11,19375,15216,4159
3930,1998,12,29022,19021,10001
3931,1996,2,20728,0,20728
3931,1996,3,21318,0,21318
3931,1996,4,19872,10700,9172
3931,1996,5,19909,11100,8809
3931,1996,6,29795,16015,13780
3931,1996,7,19973,22015,-2042
3931,1996,8,19964,22315,-2351
3931,1996,9,19959,20515,-556
3931,1996,10,19969,16215,3754
3931,1996,11,19979,17915,2064
3931,1996,12,29807,46455,-16648
3931,1997,1,19933,34155,-14222
3931,1997,2,19858,15,19843
3931,1997,3,19955,30415,-10460
3931,1997,4,19893,21615,-1722
3931,1997,5,19935,19215,720
3931,1997,6,29707,42815,-13108
3931,1997,7,19843,14215,5628
3931,1997,8,19888,20495,-607
3931,1997,9,19894,14415,5479
3931,1997,10,19882,14015,5867
3931,1997,11,19906,14315,5591
3931,1997,12,29803,30795,-992
3931,1998,1,19905,33955,-14050
3931,1998,2,19866,14615,5251
3931,1998,3,19888,15115,4773
3931,1998,4,19928,24255,-4327
3931,1998,5,19890,14915,4975
3931,1998,6,29720,50155,-20435
3931,1998,7,19843,17975,1868
3931,1998,8,19837,12815,7022
3931,1998,9,19864,14815,5049
3931,1998,10,19903,19515,388
3931,1998,11,19887,14715,5172
3931,1998,12,29750,21600,8150
3932,1996,7,600,0,600
3932,1996,8,6957,0,6957
3932,1996,9,6957,0,6957
3932,1996,10,6957,0,6957
3932,1996,11,6957,0,6957
3932,1996,12,7029,8828,-1799
3932,1997,1,7066,14758,-7692
3932,1997,2,7044,4708,2336
3932,1997,3,7055,4508,2547
3932,1997,4,7057,10108,-3051
3932,1997,5,7044,10008,-2964
3932,1997,6,7035,6988,47
3932,1997,7,7033,9648,-2615
3932,1997,8,7025,6208,817
3932,1997,9,7021,10208,-3187
3932,1997,10,7010,9008,-1998
3932,1997,11,7004,6868,136
3932,1997,12,7015,1958,5057
3932,1998,1,7026,9578,-2552
3932,1998,2,7015,7368,-353
3932,1998,3,7009,9408,-2399
3932,1998,4,7008,4808,2200
3932,1998,5,7017,5008,2009
3932,1998,6,7027,4008,3019
3932,1998,7,7029,9768,-2739
3932,1998,8,7033,1808,5225
3932,1998,9,7043,8948,-1905
3932,1998,10,7035,9208,-2173
3932,1998,11,7014,11308,-4294
3932,1998,12,7020,2043,4977
3933,1996,2,700,0,700
3933,1996,3,40674,6600,34074
3933,1996,4,145,1200,-1055
3933,1996,5,2145,0,2145
3933,1996,6,38050,21700,16350
3933,1996,7,217,8700,-8483
3933,1996,8,30454,4800,25654
3933,1996,9,288,21100,-20812
3933,1996,10,288,11500,-11212
3933,1996,11,8175,1700,6475
3933,1996,12,23730,9615,14115
3933,1997,1,46942,61728,-14786
3933,1997,2,152,16944,-16792
3933,1997,3,26995,20806,6189
3933,1997,4,51427,4215,47212
3933,1997,5,12307,34771,-22464
3933,1997,6,188,27434,-27246
3933,1997,7,8455,19496,-11041
3933,1997,8,8980,15,8965
3933,1997,9,15404,20715,-5311
3933,1997,10,10574,30790,-20216
3933,1997,11,22023,6015,16008
3933,1997,12,76777,24304,52473
3933,1998,1,13275,46015,-32740
3933,1998,2,153,12247,-12094
3933,1998,3,10800,12915,-2115
3933,1998,4,10596,16169,-5573
3933,1998,5,31266,20626,10640
3933,1998,6,10422,15,10407
3933,1998,7,11065,15,11050
3933,1998,8,14830,25515,-10685
3933,1998,9,9568,5505,4063
3933,1998,10,2582,15,2567
3933,1998,11,13618,28119,-14501
3933,1998,12,81,18020,-17939
3934,1997,12,700,0,700
3934,1998,1,6362,0,6362
3934,1998,2,6362,0,6362
3934,1998,3,6362,0,6362
3934,1998,4,6362,0,6362
3934,1998,5,6454,6411,43
3934,1998,6,6459,10811,-4352
3934,1998,7,6462,4811,1651
3934,1998,8,6466,6511,-45
3934,1998,9,6464,7611,-1147
3934,1998,10,6457,8411,-1954
3934,1998,11,6448,8811,-2363
3934,1998,12,6446,3596,2850
3935,1993,3,1000,0,1000
3935,1993,4,22514,0,22514
3935,1993,5,21878,8700,13178
3935,1993,6,32792,22400,10392
3935,1993,7,22008,20900,1108
3935,1993,8,21953,21545,408
3935,1993,9,21938,21793,145
3935,1993,10,21860,47048,-25188
3935,1993,11,21870,11793,10077
3935,1993,12,32740,41193,-8453
3935,1994,1,24126,29793,-5667
3935,1994,2,26575,10293,16282
3935,1994,3,21900,21093,807
3935,1994,4,21915,19211,2704
3935,1994,5,21908,35816,-13908
3935,1994,6,32759,31196,1563
3935,1994,7,22967,23993,-1026
3935,1994,8,21882,20693,1189
3935,1994,9,24754,23647,1107
3935,1994,10,21892,16993,4899
3935,1994,11,21901,20993,908
3935,1994,12,37067,43997,-6930
3935,1995,1,24863,28593,-3730
3935,1995,2,21873,12593,9280
3935,1995,3,21891,27551,-5660
3935,1995,4,21885,18593,3292
3935,1995,5,21899,17293,4606
3935,1995,6,32814,29093,3721
3935,1995,7,21927,23393,-1466
3935,1995,8,21877,29833,-7956
3935,1995,9,21892,16993,4899
3935,1995,10,21890,20190,1700
3935,1995,11,21917,17893,4024
3935,1995,12,38851,47019,-8168
3935,1996,1,29747,39350,-9603
3935,1996,2,21865,12593,9272
3935,1996,3,24062,24993,-931
3935,1996,4,21892,17793,4099
3935,1996,5,21909,17593,4316
3935,1996,6,32760,40893,-8133
3935,1996,7,21898,19693,2205
3935,1996,8,21900,21493,407
3935,1996,9,21899,18893,3006
3935,1996,10,21903,22893,-990
3935,1996,11,21905,22393,-488
3935,1996,12,32800,30493,2307
3935,1997,1,21883,32135,-10252
3935,1997,2,29565,23493,6072
3935,1997,3,21902,15393,6509
3935,1997,4,21913,24493,-2580
3935,1997,5,21900,33772,-11872
3935,1997,6,32735,27285,5450
3935,1997,7,21891,14893,6998
3935,1997,8,23189,23672,-483
3935,1997,9,21918,14393,7525
3935,1997,10,25806,30930,-5124
3935,1997,11,21910,23793,-1883
3935,1997,12,32753,39774,-7021
3935,1998,1,27048,33993,-6945
3935,1998,2,26083,10293,15790
3935,1998,3,21923,15693,6230
3935,1998,4,21935,20493,1442
3935,1998,5,21925,43540,-21615
3935,1998,6,34029,33993,36
3935,1998,7,25889,19871,6018
3935,1998,8,25816,10293,15523
3935,1998,9,21933,21293,640
3935,1998,10,21934,28062,-6128
3935,1998,11,21905,26720,-4815
3935,1998,12,37698,30567,7131
3936,1995,5,4439,0,4439
3936,1995,6,14982,0,14982
3936,1995,7,9933,0,9933
3936,1995,8,3756,1200,2556
3936,1995,9,3767,1215,2552
3936,1995,10,3970,3133,837
3936,1995,11,3774,3773,1
3936,1995,12,4775,3753,1022
3936,1996,1,3772,7473,-3701
3936,1996,2,3764,7133,-3369
3936,1996,3,5952,2433,3519
3936,1996,4,4266,2433,1833
3936,1996,5,3773,3133,640
3936,1996,6,4974,3453,1521
3936,1996,7,3782,3033,749
3936,1996,8,3782,6913,-3131
3936,1996,9,3772,3633,139
3936,1996,10,3766,5763,-1997
3936,1996,11,3760,7033,-3273
3936,1996,12,3748,5823,-2075
3936,1997,1,5435,5253,182
3936,1997,2,3738,7533,-3795
3936,1997,3,3725,4433,-708
3936,1997,4,5626,2433,3193
3936,1997,5,3735,4783,-1048
3936,1997,6,8523,9723,-1200
3936,1997,7,4529,2433,2096
3936,1997,8,3731,5753,-2022
3936,1997,9,7634,2433,5201
3936,1997,10,5553,2433,3120
3936,1997,11,3762,3133,629
3936,1997,12,3765,2873,892
3936,1998,1,3754,9763,-6009
3936,1998,2,3741,3933,-192
3936,1998,3,4944,2853,2091
3936,1998,4,5054,2433,2621
3936,1998,5,4264,2433,1831
3936,1998,6,3749,10763,-7014
3936,1998,7,3736,4933,-1197
3936,1998,8,5640,2433,3207
3936,1998,9,3741,6133,-2392
3936,1998,10,3724,9333,-5609
3936,1998,11,3713,5863,-2150
3936,1998,12,3700,5228,-1528
3937,1996,1,6073,0,6073
3937,1996,2,5283,0,5283
3937,1996,3,5283,0,5283
3937,1996,4,5283,0,5283
3937,1996,5,5286,15,5271
3937,1996,6,5361,18200,-12839
3937,1996,7,5322,3400,1922
3937,1996,8,5330,5880,-550
3937,1996,9,5328,3400,1928
3937,1996,10,5335,5960,-625
3937,1996,11,5333,3400,1933
3937,1996,12,5341,3800,1541
3937,1997,1,5330,11240,-5910
3937,1997,2,5321,4680,641
3937,1997,3,5316,7160,-1844
3937,1997,4,5318,3400,1918
3937,1997,5,5323,6760,-1437
3937,1997,6,5320,3400,1920
3937,1997,7,5328,3400,1928
3937,1997,8,5336,3400,1936
3937,1997,9,5344,3400,1944
3937,1997,10,5352,3400,1952
3937,1997,11,5360,3400,1960
3937,1997,12,5364,4300,1064
3937,1998,1,5335,17340,-12005
3937,1998,2,5323,3400,1923
3937,1998,3,5331,3400,1931
3937,1998,4,5339,3400,1939
3937,1998,5,5347,3400,1947
3937,1998,6,5350,5720,-370
3937,1998,7,5348,5800,-452
3937,1998,8,5349,6280,-931
3937,1998,9,5348,3400,1948
3937,1998,10,5356,3400,1956
3937,1998,11,5364,3400,1964
3937,1998,12,5369,3785,1584
3938,1993,11,1100,0,1100
3938,1993,12,34611,5900,28711
3938,1994,1,23175,15000,8175
3938,1994,2,23200,19100,4100
3938,1994,3,23218,18700,4518
3938,1994,4,23236,24215,-979
3938,1994,5,23243,23984,-741
3938,1994,6,34767,30284,4483
3938,1994,7,23247,27584,-4337
3938,1994,8,23226,28684,-5458
3938,1994,9,23212,22284,928
3938,1994,10,23227,18584,4643
3938,1994,11,23241,19984,3257
3938,1994,12,34785,29184,5601
3938,1995,1,23258,25984,-2726
3938,1995,2,23256,22584,672
3938,1995,3,23258,27184,-3926
3938,1995,4,23247,22384,863
3938,1995,5,23248,22184,1064
3938,1995,6,34743,59584,-24841
3938,1995,7,23175,12384,10791
3938,1995,8,23203,16984,6219
3938,1995,9,23225,18084,5141
3938,1995,10,23290,22984,306
3938,1995,11,23269,10784,12485
3938,1995,12,34856,17484,17372
3938,1996,1,23341,25484,-2143
3938,1996,2,23338,22884,454
3938,1996,3,23342,23084,258
3938,1996,4,23333,24884,-1551
3938,1996,5,23314,33084,-9770
3938,1996,6,34857,33584,1273
3938,1996,7,23296,27384,-4088
3938,1996,8,23277,24184,-907
3938,1996,9,23288,19984,3304
3938,1996,10,23292,22584,708
3938,1996,11,23290,23984,-694
3938,1996,12,34835,49984,-15149
3938,1997,1,23285,27584,-4299
3938,1997,2,23278,3884,19394
3938,1997,3,23275,44184,-20909
3938,1997,4,23270,25084,-1814
3938,1997,5,23260,23584,-324
3938,1997,6,34754,38184,-3430
3938,1997,7,23245,15484,7761
3938,1997,8,23273,21284,1989
3938,1997,9,23279,23384,-105
3938,1997,10,23270,25184,-1914
3938,1997,11,23257,23884,-627
3938,1997,12,34811,26084,8727
3938,1998,1,23273,31884,-8611
3938,1998,2,23265,19984,3281
3938,1998,3,23274,22984,290
3938,1998,4,23275,25384,-2109
3938,1998,5,23263,29184,-5921
3938,1998,6,34790,29384,5406
3938,1998,7,23263,21184,2079
3938,1998,8,23266,24184,-918
3938,1998,9,23263,20084,3179
3938,1998,10,23273,23284,-11
3938,1998,11,23266,27684,-4418
3938,1998,12,34809,11069,23740
3939,1993,7,600,0,600
3939,1993,8,14892,0,14892
3939,1993,9,10358,0,10358
3939,1993,10,7889,3300,4589
3939,1993,11,7914,1400,6514
3939,1993,12,11804,16792,-4988
3939,1994,1,7875,21092,-13217
3939,1994,2,12773,5192,7581
3939,1994,3,8089,5192,2897
3939,1994,4,7887,9192,-1305
3939,1994,5,9299,5192,4107
3939,1994,6,11804,6192,5612
3939,1994,7,7893,16492,-8599
3939,1994,8,7895,9992,-2097
3939,1994,9,7878,9992,-2114
3939,1994,10,10591,5392,5199
3939,1994,11,7898,6992,906
3939,1994,12,11797,11392,405
3939,1995,1,8779,15792,-7013
3939,1995,2,7875,7592,283
3939,1995,3,10367,8892,1475
3939,1995,4,7881,5992,1889
3939,1995,5,7887,7892,-5
3939,1995,6,11782,6992,4790
3939,1995,7,7908,7392,516
3939,1995,8,7907,7792,115
3939,1995,9,7911,6592,1319
3939,1995,10,7914,8892,-978
3939,1995,11,7911,8392,-481
3939,1995,12,11796,16392,-4596
3939,1996,1,7876,17792,-9916
3939,1996,2,11046,9192,1854
3939,1996,3,7854,9292,-1438
3939,1996,4,7851,6192,1659
3939,1996,5,7856,7392,464
3939,1996,6,11748,10192,1556
3939,1996,7,7863,8392,-529
3939,1996,8,8862,6892,1970
3939,1996,9,7972,7092,880
3939,1996,10,9366,10792,-1426
3939,1996,11,9373,5192,4181
3939,1996,12,11773,11792,-19
3939,1997,1,12975,15192,-2217
3939,1997,2,14482,9192,5290
3939,1997,3,7890,11492,-3602
3939,1997,4,7884,6292,1592
3939,1997,5,7886,10392,-2506
3939,1997,6,11764,10492,1272
3939,1997,7,7878,9592,-1714
3939,1997,8,7880,6592,1288
3939,1997,9,9789,5192,4597
3939,1997,10,7902,5892,2010
3939,1997,11,7906,7592,314
3939,1997,12,11783,15692,-3909
3939,1998,1,8278,14892,-6614
3939,1998,2,7880,5692,2188
3939,1998,3,7863,11292,-3429
3939,1998,4,9665,6992,2673
3939,1998,5,10080,5192,4888
3939,1998,6,11780,11192,588
3939,1998,7,7883,11592,-3709
3939,1998,8,7867,10892,-3025
3939,1998,9,7865,7992,-127
3939,1998,10,7868,6192,1676
3939,1998,11,7871,7692,179
3939,1998,12,11762,9477,2285
3940,1995,5,18653,0,18653
3940,1995,6,28406,0,28406
3940,1995,7,18113,10800,7313
3940,1995,8,18140,11900,6240
3940,1995,9,18100,43730,-25630
3940,1995,10,18091,1630,16461
3940,1995,11,18136,9230,8906
3940,1995,12,27049,43284,-16235
3940,1996,1,18048,40330,-22282
3940,1996,2,21541,3330,18211
3940,1996,3,18070,14827,3243
3940,1996,4,18104,7305,10799
3940,1996,5,18142,23030,-4888
3940,1996,6,27091,30230,-3139
3940,1996,7,23753,35596,-11843
3940,1996,8,27130,30787,-3657
3940,1996,9,18027,5930,12097
3940,1996,10,18066,24891,-6825
3940,1996,11,18070,13830,4240
3940,1996,12,27012,24879,2133
3940,1997,1,20448,35957,-15509
3940,1997,2,18012,6830,11182
3940,1997,3,18053,16930,1123
3940,1997,4,18060,13915,4145
3940,1997,5,18075,16630,1445
3940,1997,6,27031,21630,5401
3940,1997,7,18107,23819,-5712
3940,1997,8,18079,16930,1149
3940,1997,9,18092,24104,-6012
3940,1997,10,18061,21230,-3169
3940,1997,11,18063,23918,-5855
3940,1997,12,26977,27252,-275
3940,1998,1,18028,23330,-5302
3940,1998,2,18008,9530,8478
3940,1998,3,18031,26230,-8199
3940,1998,4,18007,11030,6977
3940,1998,5,18042,19630,-1588
3940,1998,6,26978,19830,7148
3940,1998,7,18038,29708,-11670
3940,1998,8,18005,15630,2375
3940,1998,9,18023,20952,-2929
3940,1998,10,18005,21072,-3067
3940,1998,11,17995,13230,4765
3940,1998,12,27001,2400,24601
3941,1996,12,300,0,300
3941,1997,1,3164,0,3164
3941,1997,2,3164,0,3164
3941,1997,3,3164,0,3164
3941,1997,4,3164,0,3164
3941,1997,5,3200,1424,1776
3941,1997,6,3228,2124,1104
3941,1997,7,3229,3444,-215
3941,1997,8,3232,2124,1108
3941,1997,9,3236,3564,-328
3941,1997,10,3235,2124,1111
3941,1997,11,3240,2124,1116
3941,1997,12,3244,2784,460
3941,1998,1,3230,8184,-4954
3941,1998,2,3227,2124,1103
3941,1998,3,3231,2124,1107
3941,1998,4,3230,5734,-2504
3941,1998,5,3226,2124,1102
3941,1998,6,3230,2304,926
3941,1998,7,3234,3204,30
3941,1998,8,3232,2694,538
3941,1998,9,3236,2124,1112
3941,1998,10,3240,2124,1116
3941,1998,11,3246,2124,1122
3941,1998,12,3248,2769,479
3942,1996,5,16568,0,16568
3942,1996,6,3169,0,3169
3942,1996,7,4469,0,4469
3942,1996,8,5169,0,5169
3942,1996,9,69,2500,-2431
3942,1996,10,3269,0,3269
3942,1996,11,69,1200,-1131
3942,1996,12,969,0,969
3942,1997,1,28822,0,28822
3942,1997,2,245,13400,-13155
3942,1997,3,63868,25530,38338
3942,1997,4,66130,71358,-5228
3942,1997,5,10658,31158,-20500
3942,1997,6,9791,40958,-31167
3942,1997,7,28165,26958,1207
3942,1997,8,109587,60058,49529
3942,1997,9,146560,126058,20502
3942,1997,10,38130,75158,-37028
3942,1997,11,21595,24541,-2946
3942,1997,12,8741,31941,-23200
3942,1998,1,87467,63216,24251
3942,1998,2,37029,16441,20588
3942,1998,3,19847,67180,-47333
3942,1998,4,24237,24141,96
3942,1998,5,104759,70998,33761
3942,1998,6,131058,130241,817
3942,1998,7,10534,41727,-31193
3942,1998,8,17254,16441,813
3942,1998,9,76735,46641,30094
3942,1998,10,39656,44441,-4785
3942,1998,11,10150,28141,-17991
3942,1998,12,123838,113711,10127
3943,1996,3,3221,0,3221
3943,1996,4,2926,0,2926
3943,1996,5,2926,0,2926
3943,1996,6,2926,0,2926
3943,1996,7,2928,15,2913
3943,1996,8,2977,2737,240
3943,1996,9,2978,1957,1021
3943,1996,10,2983,1957,1026
3943,1996,11,2987,1957,1030
3943,1996,12,2991,2797,194
3943,1997,1,2989,3757,-768
3943,1997,2,2989,1957,1032
3943,1997,3,2993,1957,1036
3943,1997,4,2998,1957,1041
3943,1997,5,2997,3817,-820
3943,1997,6,2988,5797,-2809
3943,1997,7,2985,2347,638
3943,1997,8,2989,1957,1032
3943,1997,9,2994,1957,1037
3943,1997,10,2998,1957,1041
3943,1997,11,3002,1957,1045
3943,1997,12,3005,2797,208
3943,1998,1,3000,5647,-2647
3943,1998,2,2996,1957,1039
3943,1998,3,3001,1957,1044
3943,1998,4,3005,1957,1048
3943,1998,5,3009,1957,1052
3943,1998,6,2993,9517,-6524
3943,1998,7,2974,5167,-2193
3943,1998,8,2975,2527,448
3943,1998,9,2979,1957,1022
3943,1998,10,2983,1957,1026
3943,1998,11,2988,1957,1031
3943,1998,12,2991,3052,-61
3944,1995,10,18187,0,18187
3944,1995,11,21171,0,21171
3944,1995,12,26216,8000,18216
3944,1996,1,17566,18800,-1234
3944,1996,2,17564,19018,-1454
3944,1996,3,17538,22998,-5460
3944,1996,4,17546,15218,2328
3944,1996,5,17556,15838,1718
3944,1996,6,26236,31258,-5022
3944,1996,7,17535,17798,-263
3944,1996,8,17545,16478,1067
3944,1996,9,17530,22558,-5028
3944,1996,10,17523,15818,1705
3944,1996,11,17526,16918,608
3944,1996,12,26216,34098,-7882
3944,1997,1,17502,31178,-13676
3944,1997,2,17466,4518,12948
3944,1997,3,17495,28118,-10623
3944,1997,4,17495,17718,-223
3944,1997,5,17474,14318,3156
3944,1997,6,26182,22798,3384
3944,1997,7,17498,20398,-2900
3944,1997,8,17487,12118,5369
3944,1997,9,17506,17918,-412
3944,1997,10,17504,15918,1586
3944,1997,11,17510,15218,2292
3944,1997,12,26196,23038,3158
3944,1998,1,17520,28258,-10738
3944,1998,2,17481,15878,1603
3944,1998,3,17495,14318,3177
3944,1998,4,17493,23578,-6085
3944,1998,5,17478,17838,-360
3944,1998,6,26146,29478,-3332
3944,1998,7,17462,16118,1344
3944,1998,8,17471,12758,4713
3944,1998,9,17489,12678,4811
3944,1998,10,17506,14718,2788
3944,1998,11,17509,20218,-2709
3944,1998,12,26218,5623,20595
3945,1995,11,1000,0,1000
3945,1995,12,12100,0,12100
3945,1996,1,5000,0,5000
3945,1996,2,3000,0,3000
3945,1996,3,2200,0,2200
3945,1996,4,0,500,-500
3945,1996,5,2300,0,2300
3945,1996,6,1500,0,1500
3945,1996,7,5400,0,5400
3945,1996,8,0,700,-700
3945,1996,9,0,2200,-2200
3945,1996,10,0,300,-300
3945,1996,11,500,0,500
3945,1996,12,1104,1500,-396
3945,1997,1,300,0,300
3945,1997,2,133,0,133
3945,1997,3,120,2600,-2480
3945,1997,4,2520,0,2520
3945,1997,5,1420,0,1420
3945,1997,6,1820,0,1820
3945,1997,7,3420,0,3420
3945,1997,8,120,3600,-3480
3945,1997,9,1920,0,1920
3945,1997,10,120,1900,-1780
3945,1997,11,420,0,420
3945,1997,12,2720,0,2720
3945,1998,1,1720,0,1720
3945,1998,2,1720,0,1720
3945,1998,3,3220,0,3220
3945,1998,4,1220,0,1220
3945,1998,5,1120,0,1120
3945,1998,6,220,0,220
3945,1998,7,120,2200,-2080
3945,1998,8,120,900,-780
3945,1998,9,120,3600,-3480
3945,1998,10,120,5300,-5180
3945,1998,11,200,0,200
3946,1996,7,900,0,900
3946,1996,8,17703,500,17203
3946,1996,9,17759,8400,9359
3946,1996,10,17788,13000,4788
3946,1996,11,17804,14400,3404
3946,1996,12,26645,33274,-6629
3946,1997,1,17786,20354,-2568
3946,1997,2,17775,21074,-3299
3946,1997,3,17761,21054,-3293
3946,1997,4,17747,21854,-4107
3946,1997,5,17749,13354,4395
3946,1997,6,26610,22494,4116
3946,1997,7,17785,13054,4731
3946,1997,8,17790,17754,36
3946,1997,9,17787,18994,-1207
3946,1997,10,17793,14854,2939
3946,1997,11,17794,18354,-560
3946,1997,12,26617,33214,-6597
3946,1998,1,17788,11954,5834
3946,1998,2,17788,18354,-566
3946,1998,3,17793,15854,1939
3946,1998,4,17796,20554,-2758
3946,1998,5,17789,17154,635
3946,1998,6,26601,35914,-9313
3946,1998,7,17738,22994,-5256
3946,1998,8,17754,9654,8100
3946,1998,9,17766,15954,1812
3946,1998,10,17772,16154,1618
3946,1998,11,17789,15654,2135
3946,1998,12,26649,17759,8890
3947,1996,1,400,0,400
3947,1996,2,21368,0,21368
3947,1996,3,20551,6000,14551
3947,1996,4,20600,15600,5000
3947,1996,5,20620,16800,3820
3947,1996,6,30908,27303,3605
3947,1996,7,20666,23963,-3297
3947,1996,8,20664,19603,1061
3947,1996,9,20661,21563,-902
3947,1996,10,20666,16403,4263
3947,1996,11,20675,20903,-228
3947,1996,12,30916,26703,4213
3947,1997,1,20651,40643,-19992
3947,1997,2,20617,15703,4914
3947,1997,3,20642,14543,6099
3947,1997,4,20642,23723,-3081
3947,1997,5,20639,21203,-564
3947,1997,6,30869,32703,-1834
3947,1997,7,20623,21803,-1180
3947,1997,8,20616,22303,-1687
3947,1997,9,20651,19303,1348
3947,1997,10,20618,20103,515
3947,1997,11,20617,20203,414
3947,1997,12,30854,29023,1831
3947,1998,1,20588,34083,-13495
3947,1998,2,20580,14203,6377
3947,1998,3,20600,18203,2397
3947,1998,4,20611,16903,3708
3947,1998,5,20606,25863,-5257
3947,1998,6,30789,41923,-11134
3947,1998,7,20563,14803,5760
3947,1998,8,20555,27143,-6588
3947,1998,9,20557,14103,6454
3947,1998,10,20573,18003,2570
3947,1998,11,20582,23863,-3281
3947,1998,12,30802,30768,34
3948,1993,11,1100,0,1100
3948,1993,12,24308,0,24308
3948,1994,1,15542,0,15542
3948,1994,2,15274,10400,4874
3948,1994,3,15327,17400,-2073
3948,1994,4,15285,17824,-2539
3948,1994,5,15264,13988,1276
3948,1994,6,22810,20808,2002
3948,1994,7,15270,18788,-3518
3948,1994,8,15274,10688,4586
3948,1994,9,15274,15288,-14
3948,1994,10,15272,15988,-716
3948,1994,11,15268,16288,-1020
3948,1994,12,22823,18988,3835
3948,1995,1,15236,36248,-21012
3948,1995,2,15413,10688,4725
3948,1995,3,15241,8088,7153
3948,1995,4,15252,13288,1964
3948,1995,5,15267,11288,3979
3948,1995,6,22824,18568,4256
3948,1995,7,15274,18888,-3614
3948,1995,8,15271,24988,-9717
3948,1995,9,15266,14588,678
3948,1995,10,15267,17488,-2221
3948,1995,11,15257,14188,1069
3948,1995,12,22820,21888,932
3948,1996,1,15234,34728,-19494
3948,1996,2,16978,8988,7990
3948,1996,3,15219,10288,4931
3948,1996,4,15238,12388,2850
3948,1996,5,15233,14248,985
3948,1996,6,22773,25388,-2615
3948,1996,7,15242,10788,4454
3948,1996,8,15247,19828,-4581
3948,1996,9,15242,8788,6454
3948,1996,10,15261,16288,-1027
3948,1996,11,15260,13088,2172
3948,1996,12,22821,19288,3533
3948,1997,1,15256,23708,-8452
3948,1997,2,15231,15868,-637
3948,1997,3,15232,13288,1944
3948,1997,4,15258,8788,6470
3948,1997,5,15279,12788,2491
3948,1997,6,22847,21108,1739
3948,1997,7,15289,17288,-1999
3948,1997,8,15280,16188,-908
3948,1997,9,15274,17388,-2114
3948,1997,10,15269,19648,-4379
3948,1997,11,15262,9588,5674
3948,1997,12,22830,18288,4542
3948,1998,1,15269,26288,-11019
3948,1998,2,15259,6688,8571
3948,1998,3,15295,7088,8207
3948,1998,4,15316,12188,3128
3948,1998,5,15337,9388,5949
3948,1998,6,22899,31428,-8529
3948,1998,7,15331,7888,7443
3948,1998,8,15358,8288,7070
3948,1998,9,15377,12388,2989
3948,1998,10,15397,9188,6209
3948,1998,11,15401,18568,-3167
3948,1998,12,22950,20273,2677
3949,1996,1,300,0,300
3949,1996,2,32526,0,32526
3949,1996,3,937,0,937
3949,1996,4,137,3500,-3363
3949,1996,5,137,1200,-1063
3949,1996,6,137,1200,-1063
3949,1996,7,2437,0,2437
3949,1996,8,137,700,-563
3949,1996,10,2737,0,2737
3949,1996,11,13167,0,13167
3949,1996,12,191,4900,-4709
3949,1997,1,191,700,-509
3949,1997,2,1491,0,1491
3949,1997,3,1291,0,1291
3949,1997,4,38984,1700,37284
3949,1997,5,336,20900,-20564
3949,1997,6,336,14800,-14464
3949,1997,7,336,9400,-9064
3949,1997,8,336,2600,-2264
3949,1997,9,28145,1300,26845
3949,1997,10,254,18200,-17946
3949,1997,11,254,9500,-9246
3949,1997,12,249,9300,-9051
3949,1998,1,0,3000,-3000
3949,1998,2,116,0,116
3949,1998,3,2104,1600,504
3949,1998,4,1694,0,1694
3949,1998,5,46600,23515,23085
3949,1998,6,2191,24315,-22124
3949,1998,7,104,2015,-1911
3949,1998,8,93,8115,-8022
3949,1998,9,2064,15,2049
3949,1998,10,372,15,357
3949,1998,11,74,1515,-1441
3949,1998,12,11445,600,10845
3950,1997,9,24579,0,24579
3950,1997,10,24275,12400,11875
3950,1997,11,24256,21100,3156
3950,1997,12,36323,28900,7423
3950,1998,1,24341,35915,-11574
3950,1998,2,24300,25070,-770
3950,1998,3,24298,24970,-672
3950,1998,4,24294,20570,3724
3950,1998,5,24289,20070,4219
3950,1998,6,36355,38670,-2315
3950,1998,7,24317,16770,7547
3950,1998,8,24345,19670,4675
3950,1998,9,24360,25270,-910
3950,1998,10,24351,29770,-5419
3950,1998,11,24331,24470,-139
3950,1998,12,36432,9055,27377
3951,1997,6,8927,0,8927
3951,1997,7,11906,0,11906
3951,1997,8,5634,4400,1234
3951,1997,9,5627,5100,527
3951,1997,10,7628,6415,1213
3951,1997,11,5622,11215,-5593
3951,1997,12,8375,11535,-3160
3951,1998,1,5595,12475,-6880
3951,1998,2,6171,15,6156
3951,1998,3,5590,7315,-1725
3951,1998,4,5586,6715,-1129
3951,1998,5,5575,13115,-7540
3951,1998,6,8319,15,8304
3951,1998,7,5579,13015,-7436
3951,1998,8,5556,15,5541
3951,1998,9,5578,5315,263
3951,1998,10,5580,15,5565
3951,1998,11,5602,4915,687
3951,1998,12,8373,7800,573
3952,1996,3,500,0,500
3952,1996,4,6610,0,6610
3952,1996,5,6610,0,6610
3952,1996,6,6673,2300,4373
3952,1996,7,6691,5100,1591
3952,1996,8,6698,5120,1578
3952,1996,9,6700,9580,-2880
3952,1996,10,6676,12740,-6064
3952,1996,11,6677,3360,3317
3952,1996,12,6674,9570,-2896
3952,1997,1,6665,7860,-1195
3952,1997,2,6675,5280,1395
3952,1997,3,6682,1520,5162
3952,1997,4,6701,2320,4381
3952,1997,5,6722,1520,5202
3952,1997,6,6731,8820,-2089
3952,1997,7,6735,1520,5215
3952,1997,8,6756,1520,5236
3952,1997,9,6770,31520,-24750
3952,1997,10,6675,1520,5155
3952,1997,11,6696,1520,5176
3952,1997,12,6705,5210,1495
3952,1998,1,6695,13750,-7055
3952,1998,2,6693,3520,3173
3952,1998,3,6708,1520,5188
3952,1998,4,6727,5520,1207
3952,1998,5,6735,1520,5215
3952,1998,6,6739,8340,-1601
3952,1998,7,6750,1520,5230
3952,1998,8,6771,1520,5251
3952,1998,9,6793,1520,5273
3952,1998,10,6807,4640,2167
3952,1998,11,6783,38720,-31937
3952,1998,12,6690,1805,4885
3953,1997,6,500,0,500
3953,1997,7,32728,0,32728
3953,1997,8,32146,13400,18746
3953,1997,9,32268,21000,11268
3953,1997,10,32324,28500,3824
3953,1997,11,32368,32315,53
3953,1997,12,48129,68015,-19886
3953,1998,1,32101,58233,-26132
3953,1998,2,49986,22718,27268
3953,1998,3,32231,22217,10014
3953,1998,4,32192,38178,-5986
3953,1998,5,32329,27213,5116
3953,1998,6,48011,105025,-57014
3953,1998,7,52743,5329,47414
3953,1998,8,32289,11015,21274
3953,1998,9,32430,19515,12915
3953,1998,10,32482,27213,5269
3953,1998,11,32487,33813,-1326
3953,1998,12,48378,63977,-15599
3954,1993,6,1000,0,1000
3954,1993,7,6109,0,6109
3954,1993,8,6109,0,6109
3954,1993,9,6109,0,6109
3954,1993,10,6139,700,5439
3954,1993,11,6213,5515,698
3954,1993,12,6219,7549,-1330
3954,1994,1,6200,13719,-7519
3954,1994,2,6189,4829,1360
3954,1994,3,6195,2989,3206
3954,1994,4,6196,5949,247
3954,1994,5,6210,2029,4181
3954,1994,6,6212,9129,-2917
3954,1994,7,6214,5269,945
3954,1994,8,6219,2029,4190
3954,1994,9,6233,3829,2404
3954,1994,10,6239,7389,-1150
3954,1994,11,6230,7729,-1499
3954,1994,12,6227,5629,598
3954,1995,1,6216,12579,-6363
3954,1995,2,6202,5069,1133
3954,1995,3,6216,2029,4187
3954,1995,4,6222,10409,-4187
3954,1995,5,6210,5869,341
3954,1995,6,6207,10479,-4272
3954,1995,7,6192,5149,1043
3954,1995,8,6204,2029,4175
3954,1995,9,6221,2229,3992
3954,1995,10,6238,2029,4209
3954,1995,11,6239,8029,-1790
3954,1995,12,6244,3079,3165
3954,1996,1,6228,20069,-13841
3954,1996,2,6203,2029,4174
3954,1996,3,6220,2909,3311
3954,1996,4,6234,2029,4205
3954,1996,5,6252,2029,4223
3954,1996,6,6243,17319,-11076
3954,1996,7,6223,2029,4194
3954,1996,8,6228,5869,359
3954,1996,9,6239,3949,2290
3954,1996,10,6251,4189,2062
3954,1996,11,6253,4129,2124
3954,1996,12,6263,4129,2134
3954,1997,1,6242,14989,-8747
3954,1997,2,6233,4329,1904
3954,1997,3,6238,5529,709
3954,1997,4,6231,8529,-2298
3954,1997,5,6222,8329,-2107
3954,1997,6,6219,6769,-550
3954,1997,7,6231,2029,4202
3954,1997,8,6235,5609,626
3954,1997,9,6241,5549,692
3954,1997,10,6241,7609,-1368
3954,1997,11,6231,7329,-1098
3954,1997,12,6227,15279,-9052
3954,1998,1,6199,11829,-5630
3954,1998,2,6181,2029,4152
3954,1998,3,6195,9909,-3714
3954,1998,4,6183,5329,854
3954,1998,5,6189,2909,3280
3954,1998,6,6190,8079,-1889
3954,1998,7,6190,8929,-2739
3954,1998,8,6181,2029,4152
3954,1998,9,6194,9229,-3035
3954,1998,10,6182,7429,-1247
3954,1998,11,6178,5629,549
3954,1998,12,6182,2014,4168
3955,1993,7,1000,0,1000
3955,1993,8,15832,0,15832
3955,1993,9,7775,1800,5975
3955,1993,10,7800,1800,6000
3955,1993,11,7816,5300,2516
3955,1993,12,11658,14824,-3166
3955,1994,1,7787,16341,-8554
3955,1994,2,7769,10021,-2252
3955,1994,3,7773,5141,2632
3955,1994,4,7778,7241,537
3955,1994,5,8787,9221,-434
3955,1994,6,11629,10341,1288
3955,1994,7,7787,6141,1646
3955,1994,8,7794,6141,1653
3955,1994,9,7794,10821,-3027
3955,1994,10,7780,9541,-1761
3955,1994,11,11496,5141,6355
3955,1994,12,12971,6421,6550
3955,1995,1,7795,22401,-14606
3955,1995,2,9784,5141,4643
3955,1995,3,8498,5141,3357
3955,1995,4,8612,5141,3471
3955,1995,5,8727,5141,3586
3955,1995,6,11678,10581,1097
3955,1995,7,7825,12401,-4576
3955,1995,8,9029,5141,3888
3955,1995,9,7835,6741,1094
3955,1995,10,7821,14021,-6200
3955,1995,11,7920,5141,2779
3955,1995,12,14392,10241,4151
3955,1996,1,11322,16301,-4979
3955,1996,2,7827,5741,2086
3955,1996,3,7836,6641,1195
3955,1996,4,8041,5141,2900
3955,1996,5,7852,6441,1411
3955,1996,6,11687,18081,-6394
3955,1996,7,7831,6341,1490
3955,1996,8,8439,5141,3298
3955,1996,9,7851,6041,1810
3955,1996,10,8347,8501,-154
3955,1996,11,9260,5141,4119
3955,1996,12,12113,12221,-108
3955,1997,1,9854,18821,-8967
3955,1997,2,8338,5141,3197
3955,1997,3,16043,10901,5142
3955,1997,4,8067,8261,-194
3955,1997,5,7871,5841,2030
3955,1997,6,14716,22981,-8265
3955,1997,7,14536,10301,4235
3955,1997,8,11468,5141,6327
3955,1997,9,12978,10421,2557
3955,1997,10,7895,8141,-246
3955,1997,11,9787,9461,326
3955,1997,12,11750,10141,1609
3955,1998,1,8297,15821,-7524
3955,1998,2,10179,5141,5038
3955,1998,3,7893,7041,852
3955,1998,4,7898,5841,2057
3955,1998,5,9999,8501,1498
3955,1998,6,11768,16981,-5213
3955,1998,7,11198,5141,6057
3955,1998,8,9921,5141,4780
3955,1998,9,8638,5141,3497
3955,1998,10,8553,5141,3412
3955,1998,11,7949,12341,-4392
3955,1998,12,11798,7046,4752
3956,1996,10,500,0,500
3956,1996,11,18802,0,18802
3956,1996,12,15675,2100,13575
3956,1997,1,10532,4600,5932
3956,1997,2,10554,6900,3654
3956,1997,3,10573,12142,-1569
3956,1997,4,10568,10142,426
3956,1997,5,10565,13902,-3337
3956,1997,6,27518,33902,-6384
3956,1997,7,13935,6942,6993
3956,1997,8,15866,6942,8924
3956,1997,9,10592,11842,-1250
3956,1997,10,11590,10182,1408
3956,1997,11,10596,8642,1954
3956,1997,12,15808,14562,1246
3956,1998,1,12087,22382,-10295
3956,1998,2,10567,7642,2925
3956,1998,3,10580,7942,2638
3956,1998,4,11193,6942,4251
3956,1998,5,10606,11202,-596
3956,1998,6,15897,15422,475
3956,1998,7,12009,10542,1467
3956,1998,8,12719,6942,5777
3956,1998,9,13143,6942,6201
3956,1998,10,10650,13522,-2872
3956,1998,11,11053,6942,4111
3956,1998,12,15873,11967,3906
3957,1996,6,700,0,700
3957,1996,7,30535,3000,27535
3957,1996,8,30627,13200,17427
3957,1996,9,30676,22200,8476
3957,1996,10,30689,30300,389
3957,1996,11,30696,28330,2366
3957,1996,12,45944,41430,4514
3957,1997,1,30681,51530,-20849
3957,1997,2,30639,36888,-6249
3957,1997,3,30622,25130,5492
3957,1997,4,30718,27830,2888
3957,1997,5,30650,27430,3220
3957,1997,6,45910,57638,-11728
3957,1997,7,30639,35202,-4563
3957,1997,8,30620,20709,9911
3957,1997,9,30612,37446,-6834
3957,1997,10,30670,7430,23240
3957,1997,11,30639,62987,-32348
3957,1997,12,45919,4630,41289
3957,1998,1,30695,59930,-29235
3957,1998,2,30674,9430,21244
3957,1998,3,30735,19130,11605
3957,1998,4,30769,23530,7239
3957,1998,5,30784,31463,-679
3957,1998,6,46054,44330,1724
3957,1998,7,30773,33430,-2657
3957,1998,8,30772,31530,-758
3957,1998,9,30741,32030,-1289
3957,1998,10,30757,61330,-30573
3957,1998,11,30753,37130,-6377
3957,1998,12,45961,12300,33661
3958,1997,12,1000,0,1000
3958,1998,1,25935,0,25935
3958,1998,2,23133,15000,8133
3958,1998,3,23165,18700,4465
3958,1998,4,23182,22300,882
3958,1998,5,23187,20615,2572
3958,1998,6,34745,35015,-270
3958,1998,7,23244,25515,-2271
3958,1998,8,23182,26415,-3233
3958,1998,9,23168,27615,-4447
3958,1998,10,23145,30915,-7770
3958,1998,11,23116,27815,-4699
3958,1998,12,34653,2560,32093
3959,1997,2,300,0,300
3959,1997,3,19746,0,19746
3959,1997,4,16915,4800,12115
3959,1997,5,16949,12700,4249
3959,1997,6,25368,21600,3768
3959,1997,7,16977,15030,1947
3959,1997,8,16987,14730,2257
3959,1997,9,16987,18230,-1243
3959,1997,10,16989,15530,1459
3959,1997,11,16969,25730,-8761
3959,1997,12,25366,28030,-2664
3959,1998,1,23847,52831,-28984
3959,1998,2,30602,20131,10471
3959,1998,3,16897,5730,11167
3959,1998,4,23927,37403,-13476
3959,1998,5,16863,26549,-9686
3959,1998,6,35017,30,34987
3959,1998,7,16972,12854,4118
3959,1998,8,16985,14330,2655
3959,1998,9,16971,26200,-9229
3959,1998,10,16911,28616,-11705
3959,1998,11,27006,23470,3536
3959,1998,12,32940,27403,5537
3960,1993,2,500,0,500
3960,1993,3,4807,0,4807
3960,1993,4,4807,0,4807
3960,1993,5,4807,0,4807
3960,1993,6,4807,0,4807
3960,1993,7,4879,3219,1660
3960,1993,8,4892,6319,-1427
3960,1993,9,4896,3219,1677
3960,1993,10,4903,3219,1684
3960,1993,11,4906,4499,407
3960,1993,12,4907,4519,388
3960,1994,1,4879,14799,-9920
3960,1994,2,4871,3219,1652
3960,1994,3,4878,3219,1659
3960,1994,4,4876,6419,-1543
3960,1994,5,4879,3219,1660
3960,1994,6,4886,3219,1667
3960,1994,7,4893,3219,1674
3960,1994,8,4899,4319,580
3960,1994,9,4902,3219,1683
3960,1994,10,4909,3219,1690
3960,1994,11,4910,7299,-2389
3960,1994,12,4897,7189,-2292
3960,1995,1,4878,10739,-5861
3960,1995,2,4872,3219,1653
3960,1995,3,4879,3219,1660
3960,1995,4,4886,3219,1667
3960,1995,5,4892,3939,953
3960,1995,6,4897,3219,1678
3960,1995,7,4904,3219,1685
3960,1995,8,4911,3219,1692
3960,1995,9,4918,3219,1699
3960,1995,10,4920,6539,-1619
3960,1995,11,4918,3219,1699
3960,1995,12,4923,5219,-296
3960,1996,1,4908,11219,-6311
3960,1996,2,4897,3219,1678
3960,1996,3,4904,3219,1685
3960,1996,4,4907,4739,168
3960,1996,5,4911,3619,1292
3960,1996,6,4916,4479,437
3960,1996,7,4919,3219,1700
3960,1996,8,4926,3219,1707
3960,1996,9,4931,4119,812
3960,1996,10,4931,6119,-1188
3960,1996,11,4929,4719,210
3960,1996,12,4924,9219,-4295
3960,1997,1,4897,9539,-4642
3960,1997,2,4894,4099,795
3960,1997,3,4891,9939,-5048
3960,1997,4,4877,3219,1658
3960,1997,5,4884,3219,1665
3960,1997,6,4878,6979,-2101
3960,1997,7,4882,3219,1663
3960,1997,8,4882,5859,-977
3960,1997,9,4881,4659,222
3960,1997,10,4886,3219,1667
3960,1997,11,4892,3219,1673
3960,1997,12,4895,4869,26
3960,1998,1,4879,9059,-4180
3960,1998,2,4879,4419,460
3960,1998,3,4878,5059,-181
3960,1998,4,4883,3219,1664
3960,1998,5,4885,5539,-654
3960,1998,6,4887,3219,1668
3960,1998,7,4894,3219,1675
3960,1998,8,4901,3219,1682
3960,1998,9,4908,3219,1689
3960,1998,10,4903,6659,-1756
3960,1998,11,4907,3219,1688
3960,1998,12,4910,4604,306
3961,1997,1,700,0,700
3961,1997,2,3464,0,3464
3961,1997,3,3464,0,3464
3961,1997,4,3464,0,3464
3961,1997,5,3464,0,3464
3961,1997,6,3507,5894,-2387
3961,1997,7,3518,2324,1194
3961,1997,8,3523,2324,1199
3961,1997,9,3526,3164,362
3961,1997,10,3529,3584,-55
3961,1997,11,3530,2324,1206
3961,1997,12,3534,3074,460
3961,1998,1,3528,7164,-3636
3961,1998,2,3521,2324,1197
3961,1998,3,3527,2864,663
3961,1998,4,3529,2324,1205
3961,1998,5,3531,4324,-793
3961,1998,6,3524,5924,-2400
3961,1998,7,3521,2324,1197
3961,1998,8,3522,4314,-792
3961,1998,9,3522,2324,1198
3961,1998,10,3520,5924,-2404
3961,1998,11,3514,3824,-310
3961,1998,12,3513,3609,-96
3962,1996,12,800,0,800
3962,1997,1,12000,0,12000
3962,1997,2,4600,0,4600
3962,1997,3,6100,0,6100
3962,1997,4,2600,0,2600
3962,1997,5,0,3500,-3500
3962,1997,6,0,3500,-3500
3962,1997,7,0,5400,-5400
3962,1997,8,0,300,-300
3962,1997,9,2100,0,2100
3962,1997,10,0,300,-300
3962,1997,11,3000,0,3000
3962,1997,12,2300,0,2300
3962,1998,1,100,0,100
3962,1998,2,0,2000,-2000
3962,1998,3,0,6400,-6400
3962,1998,4,0,2300,-2300
3962,1998,5,0,1800,-1800
3962,1998,6,0,4700,-4700
3962,1998,7,0,1200,-1200
3962,1998,8,0,1300,-1300
3962,1998,9,0,1400,-1400
3962,1998,10,2200,0,2200
3962,1998,11,0,3000,-3000
3962,1998,12,3300,0,3300
3963,1997,10,600,0,600
3963,1997,11,21980,0,21980
3963,1997,12,19397,10400,8997
3963,1998,1,13000,8100,4900
3963,1998,2,13015,13100,-85
3963,1998,3,13027,20557,-7530
3963,1998,4,13011,12257,754
3963,1998,5,13018,8057,4961
3963,1998,6,19432,23657,-4225
3963,1998,7,13013,8157,4856
3963,1998,8,13034,10657,2377
3963,1998,9,13035,16057,-3022
3963,1998,10,13025,11557,1468
3963,1998,11,13025,15757,-2732
3963,1998,12,19479,4542,14937
3964,1997,1,800,0,800
3964,1997,2,3219,0,3219
3964,1997,3,3219,0,3219
3964,1997,4,3219,0,3219
3964,1997,5,3219,0,3219
3964,1997,6,3244,4695,-1451
3964,1997,7,3273,2161,1112
3964,1997,8,3278,2161,1117
3964,1997,9,3281,3461,-180
3964,1997,10,3280,3561,-281
3964,1997,11,3279,2881,398
3964,1997,12,3277,3901,-624
3964,1998,1,3279,2161,1118
3964,1998,2,3284,2161,1123
3964,1998,3,3284,4381,-1097
3964,1998,4,3283,2311,972
3964,1998,5,3281,6561,-3280
3964,1998,6,3275,2161,1114
3964,1998,7,3279,2161,1118
3964,1998,8,3284,2161,1123
3964,1998,9,3288,2161,1127
3964,1998,10,3293,2161,1132
3964,1998,11,3298,2161,1137
3964,1998,12,3286,9456,-6170
3965,1993,5,14746,0,14746
3965,1993,6,26194,0,26194
3965,1993,7,14289,7700,6589
3965,1993,8,14298,13200,1098
3965,1993,9,14284,32143,-17859
3965,1993,10,14244,12315,1929
3965,1993,11,14249,13115,1134
3965,1993,12,23991,37830,-13839
3965,1994,1,24349,30915,-6566
3965,1994,2,14155,115,14040
3965,1994,3,14214,6815,7399
3965,1994,4,14243,10815,3428
3965,1994,5,14256,15715,-1459
3965,1994,6,21299,25371,-4072
3965,1994,7,14234,12115,2119
3965,1994,8,22282,43232,-20950
3965,1994,9,16067,9797,6270
3965,1994,10,16187,12915,3272
3965,1994,11,14198,10115,4083
3965,1994,12,21295,16415,4880
3965,1995,1,14214,47016,-32802
3965,1995,2,16511,19,16492
3965,1995,3,14171,6415,7756
3965,1995,4,14212,13766,446
3965,1995,5,14198,17321,-3123
3965,1995,6,21232,22115,-883
3965,1995,7,14191,6015,8176
3965,1995,8,14220,10515,3705
3965,1995,9,14210,36116,-21906
3965,1995,10,18550,12744,5806
3965,1995,11,23833,39841,-16008
3965,1995,12,21171,6116,15055
3965,1996,1,21425,38422,-16997
3965,1996,2,15720,28,15692
3965,1996,3,14185,5215,8970
3965,1996,4,14206,5615,8591
3965,1996,5,14237,8715,5522
3965,1996,6,21301,19715,1586
3965,1996,7,14224,42523,-28299
3965,1996,8,18578,15,18563
3965,1996,9,14240,2915,11325
3965,1996,10,15427,37499,-22072
3965,1996,11,26413,38753,-12340
3965,1996,12,27432,7215,20217
3965,1997,1,35152,55215,-20063
3965,1997,2,25082,15,25067
3965,1997,3,14248,3815,10433
3965,1997,4,14265,25963,-11698
3965,1997,5,15535,13011,2524
3965,1997,6,21494,52067,-30573
3965,1997,7,26251,18732,7519
3965,1997,8,24212,15,24197
3965,1997,9,14263,3715,10548
3965,1997,10,14282,15515,-1233
3965,1997,11,14294,6815,7479
3965,1997,12,21349,25915,-4566
3965,1998,1,14245,41815,-27570
3965,1998,2,25508,15,25493
3965,1998,3,14297,7015,7282
3965,1998,4,14307,22615,-8308
3965,1998,5,14280,11015,3265
3965,1998,6,21369,10315,11054
3965,1998,7,14376,14315,61
3965,1998,8,14374,1115,13259
3965,1998,9,14386,12915,1471
3965,1998,10,14395,17215,-2820
3965,1998,11,14382,13215,1167
3965,1998,12,21462,14100,7362
3966,1996,1,5146,0,5146
3966,1996,2,4355,0,4355
3966,1996,3,4355,0,4355
3966,1996,4,4355,0,4355
3966,1996,5,4358,15,4343
3966,1996,6,4434,1769,2665
3966,1996,7,4445,1769,2676
3966,1996,8,4442,5489,-1047
3966,1996,9,4450,2069,2381
3966,1996,10,4432,11809,-7377
3966,1996,11,4401,9689,-5288
3966,1996,12,4407,2019,2388
3966,1997,1,4402,10229,-5827
3966,1997,2,4394,1769,2625
3966,1997,3,4398,3769,629
3966,1997,4,4404,2669,1735
3966,1997,5,4405,4729,-324
3966,1997,6,4414,1769,2645
3966,1997,7,4421,3389,1032
3966,1997,8,4427,5309,-882
3966,1997,9,4419,4809,-390
3966,1997,10,4424,1769,2655
3966,1997,11,4433,8469,-4036
3966,1997,12,4417,3969,448
3966,1998,1,4406,8729,-4323
3966,1998,2,4402,1769,2633
3966,1998,3,4403,4409,-6
3966,1998,4,4413,1769,2644
3966,1998,5,4424,1769,2655
3966,1998,6,4421,9369,-4948
3966,1998,7,4415,1769,2646
3966,1998,8,4426,1769,2657
3966,1998,9,4436,1769,2667
3966,1998,10,4447,6069,-1622
3966,1998,11,4445,3669,776
3966,1998,12,4443,3304,1139
3967,1996,9,900,0,900
3967,1996,10,40447,0,40447
3967,1996,11,36333,19400,16933
3967,1996,12,85333,60915,24418
3967,1997,1,217,74528,-74311
3967,1997,2,6943,1815,5128
3967,1997,3,6061,2615,3446
3967,1997,4,20681,29325,-8644
3967,1997,5,23255,2365,20890
3967,1997,6,69123,79765,-10642
3967,1997,7,5984,2365,3619
3967,1997,8,11974,15265,-3291
3967,1997,9,23229,20797,2432
3967,1997,10,59676,20465,39211
3967,1997,11,33480,59031,-25551
3967,1997,12,41858,5965,35893
3967,1998,1,5757,57565,-51808
3967,1998,2,74661,24365,50296
3967,1998,3,147676,147965,-289
3967,1998,4,216,27461,-27245
3967,1998,5,28962,19165,9797
3967,1998,6,115454,76865,38589
3967,1998,7,40252,66765,-26513
3967,1998,8,114103,123965,-9862
3967,1998,9,48784,2365,46419
3967,1998,10,78157,121765,-43608
3967,1998,11,64484,19065,45419
3967,1998,12,56671,73389,-16718
3968,1996,1,18683,0,18683
3968,1996,2,17606,0,17606
3968,1996,3,17691,18400,-709
3968,1996,4,17676,17100,576
3968,1996,5,17694,16415,1279
3968,1996,6,26467,28615,-2148
3968,1996,7,17676,15315,2361
3968,1996,8,17701,21815,-4114
3968,1996,9,17670,12715,4955
3968,1996,10,17687,19015,-1328
3968,1996,11,17703,14415,3288
3968,1996,12,26466,19915,6551
3968,1997,1,17737,25815,-8078
3968,1997,2,17693,13015,4678
3968,1997,3,17711,15815,1896
3968,1997,4,17719,18715,-996
3968,1997,5,17748,15915,1833
3968,1997,6,26532,23315,3217
3968,1997,7,17755,18615,-860
3968,1997,8,17731,16915,816
3968,1997,9,17737,15415,2322
3968,1997,10,17753,10515,7238
3968,1997,11,17779,13615,4164
3968,1997,12,26565,20715,5850
3968,1998,1,17828,19915,-2087
3968,1998,2,17814,12615,5199
3968,1998,3,17855,14515,3340
3968,1998,4,17851,15615,2236
3968,1998,5,17856,14315,3541
3968,1998,6,26600,43915,-17315
3968,1998,7,17815,5115,12700
3968,1998,8,17856,12515,5341
3968,1998,9,17874,14615,3259
3968,1998,10,17881,18115,-234
3968,1998,11,17872,21915,-4043
3968,1998,12,26686,2400,24286
3969,1993,6,600,0,600
3969,1993,7,22754,0,22754
3969,1993,8,17627,9400,8227
3969,1993,9,17653,14200,3453
3969,1993,10,17666,15200,2466
3969,1993,11,17678,14515,3163
3969,1993,12,26455,26934,-479
3969,1994,1,17682,23554,-5872
3969,1994,2,17671,14714,2957
3969,1994,3,17679,19434,-1755
3969,1994,4,17670,19234,-1564
3969,1994,5,17670,15214,2456
3969,1994,6,26442,21354,5088
3969,1994,7,17686,21014,-3328
3969,1994,8,17684,15214,2470
3969,1994,9,17684,21834,-4150
3969,1994,10,17671,16694,977
3969,1994,11,17673,17214,459
3969,1994,12,26472,24714,1758
3969,1995,1,17703,16514,1189
3969,1995,2,17700,11314,6386
3969,1995,3,17706,19914,-2208
3969,1995,4,17715,13014,4701
3969,1995,5,17728,18894,-1166
3969,1995,6,26456,30894,-4438
3969,1995,7,17712,14754,2958
3969,1995,8,17717,14914,2803
3969,1995,9,17716,22534,-4818
3969,1995,10,17700,17814,-114
3969,1995,11,17699,18014,-315
3969,1995,12,26476,23574,2902
3969,1996,1,17653,34474,-16821
3969,1996,2,17660,10314,7346
3969,1996,3,17675,16014,1661
3969,1996,4,17676,19534,-1858
3969,1996,5,17680,13914,3766
3969,1996,6,26466,24074,2392
3969,1996,7,17707,13614,4093
3969,1996,8,17712,17614,98
3969,1996,9,17686,22934,-5248
3969,1996,10,17699,14714,2985
3969,1996,11,17703,17414,289
3969,1996,12,26478,35254,-8776
3969,1997,1,17698,28874,-11176
3969,1997,2,17657,4314,13343
3969,1997,3,17683,27514,-9831
3969,1997,4,17691,21514,-3823
3969,1997,5,17667,18954,-1287
3969,1997,6,26414,25294,1120
3969,1997,7,17649,22114,-4465
3969,1997,8,17630,18414,-784
3969,1997,9,17627,15514,2113
3969,1997,10,17636,14814,2822
3969,1997,11,17647,13214,4433
3969,1997,12,26437,27034,-597
3969,1998,1,17630,28754,-11124
3969,1998,2,17621,4314,13307
3969,1998,3,17664,23014,-5350
3969,1998,4,17638,25214,-7576
3969,1998,5,17625,4314,13311
3969,1998,6,26430,35514,-9084
3969,1998,7,17623,22314,-4691
3969,1998,8,17622,4314,13308
3969,1998,9,17643,31414,-13771
3969,1998,10,17620,4314,13306
3969,1998,11,17674,6354,11320
3969,1998,12,26443,45899,-19456
3970,1995,11,200,0,200
3970,1995,12,57256,12900,44356
3970,1996,1,38348,26500,11848
3970,1996,2,38390,36200,2190
3970,1996,3,38400,35000,3400
3970,1996,4,38415,34515,3900
3970,1996,5,38473,72830,-34357
3970,1996,6,57428,42030,15398
3970,1996,7,38404,57041,-18637
3970,1996,8,38326,45769,-7443
3970,1996,9,38298,35992,2306
3970,1996,10,38310,26889,11421
3970,1996,11,38357,34072,4285
3970,1996,12,57489,37672,19817
3970,1997,1,42456,72293,-29837
3970,1997,2,38336,21972,16364
3970,1997,3,38378,37772,606
3970,1997,4,38370,35372,2998
3970,1997,5,38403,33972,4431
3970,1997,6,57476,56622,854
3970,1997,7,38405,33172,5233
3970,1997,8,38437,35972,2465
3970,1997,9,38441,43972,-5531
3970,1997,10,38435,32772,5663
3970,1997,11,38412,49436,-11024
3970,1997,12,57491,46672,10819
3970,1998,1,38360,75394,-37034
3970,1998,2,38314,18872,19442
3970,1998,3,38370,33309,5061
3970,1998,4,38393,30872,7521
3970,1998,5,38372,56121,-17749
3970,1998,6,57461,38820,18641
3970,1998,7,38410,46100,-7690
3970,1998,8,38374,47938,-9564
3970,1998,9,38308,54506,-16198
3970,1998,10,38311,24503,13808
3970,1998,11,38358,21872,16486
3970,1998,12,57490,56304,1186
3971,1997,3,40009,0,40009
3971,1997,4,29183,8200,20983
3971,1997,5,45073,18200,26873
3971,1997,6,63716,92315,-28599
3971,1997,7,38724,28110,10614
3971,1997,8,202,32010,-31808
3971,1997,9,18302,27416,-9114
3971,1997,10,79,15810,-15731
3971,1997,11,72395,27010,45385
3971,1997,12,51107,32110,18997
3971,1998,1,148,56710,-56562
3971,1998,2,43956,20710,23246
3971,1998,3,116,24310,-24194
3971,1998,4,47,14110,-14063
3971,1998,5,21695,2300,19395
3971,1998,6,56,18710,-18654
3971,1998,7,28141,16710,11431
3971,1998,8,43,12610,-12567
3971,1998,9,37273,24910,12363
3971,1998,10,72991,27508,45483
3971,1998,11,157,42210,-42053
3971,1998,12,42776,11795,30981
3972,1993,10,900,0,900
3972,1993,11,19628,0,19628
3972,1993,12,26037,9300,16737
3972,1994,1,17429,15300,2129
3972,1994,2,17429,18300,-871
3972,1994,3,17435,19027,-1592
3972,1994,4,17408,23639,-6231
3972,1994,5,17411,17339,72
3972,1994,6,26032,25239,793
3972,1994,7,17399,17939,-540
3972,1994,8,17406,15439,1967
3972,1994,9,18838,9039,9799
3972,1994,10,17453,15039,2414
3972,1994,11,17447,22339,-4892
3972,1994,12,26099,16839,9260
3972,1995,1,17437,32739,-15302
3972,1995,2,17436,9339,8097
3972,1995,3,17450,17739,-289
3972,1995,4,17450,15739,1711
3972,1995,5,17464,12839,4625
3972,1995,6,26119,22039,4080
3972,1995,7,17493,15039,2454
3972,1995,8,17490,18639,-1149
3972,1995,9,17496,15639,1857
3972,1995,10,17484,28539,-11055
3972,1995,11,17474,18839,-1365
3972,1995,12,26130,24739,1391
3972,1996,1,17426,30839,-13413
3972,1996,2,17424,11639,5785
3972,1996,3,17447,16039,1408
3972,1996,4,17450,15439,2011
3972,1996,5,17459,15639,1820
3972,1996,6,26106,35239,-9133
3972,1996,7,17430,12839,4591
3972,1996,8,17449,12839,4610
3972,1996,9,17470,10439,7031
3972,1996,10,17491,15839,1652
3972,1996,11,17493,19339,-1846
3972,1996,12,26141,23039,3102
3972,1997,1,17481,27939,-10458
3972,1997,2,17463,13539,3924
3972,1997,3,17475,15639,1836
3972,1997,4,17483,16739,744
3972,1997,5,17489,13739,3750
3972,1997,6,26897,36839,-9942
3972,1997,7,20565,13939,6626
3972,1997,8,17488,15139,2349
3972,1997,9,17498,14339,3159
3972,1997,10,17508,17339,169
3972,1997,11,17499,17639,-140
3972,1997,12,26158,21939,4219
3972,1998,1,21899,29539,-7640
3972,1998,2,17499,11939,5560
3972,1998,3,17512,18139,-627
3972,1998,4,17511,16639,872
3972,1998,5,17512,19339,-1827
3972,1998,6,26136,44039,-17903
3972,1998,7,25048,14039,11009
3972,1998,8,18186,10739,7447
3972,1998,9,17514,12739,4775
3972,1998,10,17530,14239,3291
3972,1998,11,17544,13639,3905
3972,1998,12,26208,20824,5384
3973,1995,11,200,0,200
3973,1995,12,18130,0,18130
3973,1996,1,10495,1800,8695
3973,1996,2,10527,6700,3827
3973,1996,3,10539,12100,-1561
3973,1996,4,10535,9315,1220
3973,1996,5,10536,14296,-3760
3973,1996,6,15744,15856,-112
3973,1996,7,10530,9256,1274
3973,1996,8,10531,12656,-2125
3973,1996,9,10519,14556,-4037
3973,1996,10,10504,13156,-2652
3973,1996,11,10476,16696,-6220
3973,1996,12,15683,12436,3247
3973,1997,1,10482,10956,-474
3973,1997,2,10481,10356,125
3973,1997,3,10487,7156,3331
3973,1997,4,10497,9456,1041
3973,1997,5,10499,12316,-1817
3973,1997,6,15709,11656,4053
3973,1997,7,10513,7956,2557
3973,1997,8,12128,6956,5172
3973,1997,9,10538,13236,-2698
3973,1997,10,12640,6956,5684
3973,1997,11,10541,13036,-2495
3973,1997,12,15753,17576,-1823
3973,1998,1,14529,12836,1693
3973,1998,2,11449,6956,4493
3973,1998,3,10561,9656,905
3973,1998,4,10555,13956,-3401
3973,1998,5,10518,20996,-10478
3973,1998,6,15715,15476,239
3973,1998,7,10502,11656,-1154
3973,1998,8,10503,9156,1347
3973,1998,9,10500,12056,-1556
3973,1998,10,10506,14256,-3750
3973,1998,11,16206,6956,9250
3973,1998,12,15742,9921,5821
3974,1996,3,16152,0,16152
3974,1996,4,17923,0,17923
3974,1996,5,15377,5700,9677
3974,1996,6,23028,10700,12328
3974,1996,7,15433,19715,-4282
3974,1996,8,15389,21985,-6596
3974,1996,9,15358,22985,-7627
3974,1996,10,15355,14685,670
3974,1996,11,15361,14685,676
3974,1996,12,22990,14985,8005
3974,1997,1,15376,24385,-9009
3974,1997,2,15360,13185,2175
3974,1997,3,15369,13685,1684
3974,1997,4,15382,11885,3497
3974,1997,5,15377,17485,-2108
3974,1997,6,23005,13885,9120
3974,1997,7,15400,30885,-15485
3974,1997,8,15381,18585,-3204
3974,1997,9,15365,13885,1480
3974,1997,10,15380,14485,895
3974,1997,11,15382,16285,-903
3974,1997,12,22999,18685,4314
3974,1998,1,15368,24285,-8917
3974,1998,2,15358,13785,1573
3974,1998,3,15366,14085,1281
3974,1998,4,15369,16385,-1016
3974,1998,5,15364,15685,-321
3974,1998,6,22985,17685,5300
3974,1998,7,15383,16885,-1502
3974,1998,8,15367,25785,-10418
3974,1998,9,15333,13885,1448
3974,1998,10,15335,16985,-1650
3974,1998,11,15323,22285,-6962
3974,1998,12,22924,7070,15854
3975,1994,10,3818,0,3818
3975,1994,11,3420,0,3420
3975,1994,12,3420,0,3420
3975,1995,1,3420,0,3420
3975,1995,2,3456,2284,1172
3975,1995,3,3467,3604,-137
3975,1995,4,3468,3454,14
3975,1995,5,3471,2284,1187
3975,1995,6,3466,5464,-1998
3975,1995,7,3467,2284,1183
3975,1995,8,3472,2284,1188
3975,1995,9,3477,2284,1193
3975,1995,10,3482,2284,1198
3975,1995,11,3487,2554,933
3975,1995,12,3488,3124,364
3975,1996,1,3486,6934,-3448
3975,1996,2,3477,3844,-367
3975,1996,3,3477,2284,1193
3975,1996,4,3482,2284,1198
3975,1996,5,3487,2284,1203
3975,1996,6,3484,9034,-5550
3975,1996,7,3466,3004,462
3975,1996,8,3470,3064,406
3975,1996,9,3472,3754,-282
3975,1996,10,3472,2284,1188
3975,1996,11,3476,2284,1192
3975,1996,12,3481,2674,807
3975,1997,1,3475,7234,-3759
3975,1997,2,3468,3544,-76
3975,1997,3,3468,2284,1184
3975,1997,4,3472,4384,-912
3975,1997,5,3469,2284,1185
3975,1997,6,3473,2494,979
3975,1997,7,3478,2284,1194
3975,1997,8,3483,2284,1199
3975,1997,9,3488,2284,1204
3975,1997,10,3493,2284,1209
3975,1997,11,3498,2284,1214
3975,1997,12,3501,3364,137
3975,1998,1,3495,8104,-4609
3975,1998,2,3484,2914,570
3975,1998,3,3483,3874,-391
3975,1998,4,3483,3064,419
3975,1998,5,3487,2284,1203
3975,1998,6,3488,3814,-326
3975,1998,7,3489,3574,-85
3975,1998,8,3490,2284,1206
3975,1998,9,3493,3034,459
3975,1998,10,3496,3754,-258
3975,1998,11,3495,2284,1211
3975,1998,12,3499,3199,300
3976,1996,4,600,0,600
3976,1996,5,6453,0,6453
3976,1996,6,6453,0,6453
3976,1996,7,6453,0,6453
3976,1996,8,6511,3800,2711
3976,1996,9,6556,4529,2027
3976,1996,10,6554,8429,-1875
3976,1996,11,6551,6629,-78
3976,1996,12,6545,9179,-2634
3976,1997,1,6519,12319,-5800
3976,1997,2,6524,5069,1455
3976,1997,3,6530,3529,3001
3976,1997,4,6543,3129,3414
3976,1997,5,6547,6529,18
3976,1997,6,6538,9329,-2791
3976,1997,7,6540,6909,-369
3976,1997,8,6541,4029,2512
3976,1997,9,6538,8029,-1491
3976,1997,10,6522,13149,-6627
3976,1997,11,6499,9729,-3230
3976,1997,12,6492,7729,-1237
3976,1998,1,6501,3629,2872
3976,1998,2,6506,5949,557
3976,1998,3,6496,9529,-3033
3976,1998,4,6506,2429,4077
3976,1998,5,6523,2429,4094
3976,1998,6,6536,4329,2207
3976,1998,7,6545,4149,2396
3976,1998,8,6559,2429,4130
3976,1998,9,6570,4529,2041
3976,1998,10,6581,3829,2752
3976,1998,11,6586,5549,1037
3976,1998,12,6595,7024,-429
3977,1993,9,800,0,800
3977,1993,10,4636,0,4636
3977,1993,11,4636,0,4636
3977,1993,12,4636,0,4636
3977,1994,1,4636,0,4636
3977,1994,2,4719,3089,1630
3977,1994,3,4729,2989,1740
3977,1994,4,4720,9149,-4429
3977,1994,5,4729,2989,1740
3977,1994,6,4698,11939,-7241
3977,1994,7,4706,2989,1717
3977,1994,8,4703,2989,1714
3977,1994,9,4717,3789,928
3977,1994,10,4718,5869,-1151
3977,1994,11,4698,6269,-1571
3977,1994,12,4706,3239,1467
3977,1995,1,4700,5389,-689
3977,1995,2,4705,2989,1716
3977,1995,3,4703,6509,-1806
3977,1995,4,4715,2989,1726
3977,1995,5,4705,5709,-1004
3977,1995,6,4718,2989,1729
3977,1995,7,4726,2989,1737
3977,1995,8,4715,6909,-2194
3977,1995,9,4705,8269,-3564
3977,1995,10,4698,2989,1709
3977,1995,11,4705,2989,1716
3977,1995,12,4720,3839,881
3977,1996,1,4713,4339,374
3977,1996,2,4728,2989,1739
3977,1996,3,4735,2989,1746
3977,1996,4,4732,2989,1743
3977,1996,5,4738,5169,-431
3977,1996,6,4727,7699,-2972
3977,1996,7,4735,5309,-574
3977,1996,8,4717,4669,48
3977,1996,9,4723,2989,1734
3977,1996,10,4728,4089,639
3977,1996,11,4743,2989,1754
3977,1996,12,4749,3839,910
3977,1997,1,4742,5239,-497
3977,1997,2,4752,2989,1763
3977,1997,3,4746,4389,357
3977,1997,4,4730,9189,-4459
3977,1997,5,4706,10969,-6263
3977,1997,6,4702,4689,13
3977,1997,7,4702,4289,413
3977,1997,8,4718,3589,1129
3977,1997,9,4712,2989,1723
3977,1997,10,4712,7509,-2797
3977,1997,11,4715,4829,-114
3977,1997,12,4706,3339,1367
3977,1998,1,4712,4239,473
3977,1998,2,4724,2989,1735
3977,1998,3,4721,2989,1732
3977,1998,4,4729,2989,1740
3977,1998,5,4746,2989,1757
3977,1998,6,4749,4429,320
3977,1998,7,4754,10989,-6235
3977,1998,8,4713,4989,-276
3977,1998,9,4714,6909,-2195
3977,1998,10,4718,2989,1729
3977,1998,11,4715,2989,1726
3977,1998,12,4722,7074,-2352
3978,1995,2,700,0,700
3978,1995,3,24258,0,24258
3978,1995,4,22341,11000,11341
3978,1995,5,22376,18100,4276
3978,1995,6,33512,24500,9012
3978,1995,7,22420,25515,-3095
3978,1995,8,22407,24920,-2513
3978,1995,9,22389,27220,-4831
3978,1995,10,22360,32420,-10060
3978,1995,11,22339,20720,1619
3978,1995,12,33468,29020,4448
3978,1996,1,22333,38920,-16587
3978,1996,2,27739,6320,21419
3978,1996,3,22374,24020,-1646
3978,1996,4,22403,9420,12983
3978,1996,5,22434,18220,4214
3978,1996,6,33574,22120,11454
3978,1996,7,22476,26320,-3844
3978,1996,8,22452,31020,-8568
3978,1996,9,22433,21420,1013
3978,1996,10,22440,20720,1720
3978,1996,11,22445,20420,2025
3978,1996,12,33583,26120,7463
3978,1997,1,22451,40720,-18269
3978,1997,2,22412,20020,2392
3978,1997,3,22434,19420,3014
3978,1997,4,22433,19120,3313
3978,1997,5,22434,23820,-1386
3978,1997,6,33511,35520,-2009
3978,1997,7,22442,20520,1922
3978,1997,8,22412,29520,-7108
3978,1997,9,22402,20820,1582
3978,1997,10,22406,20620,1786
3978,1997,11,22399,24820,-2421
3978,1997,12,33521,27420,6101
3978,1998,1,22360,44420,-22060
3978,1998,2,22335,20120,2215
3978,1998,3,22340,22320,20
3978,1998,4,22329,25020,-2691
3978,1998,5,22382,8220,14162
3978,1998,6,33484,35620,-2136
3978,1998,7,22362,26920,-4558
3978,1998,8,22337,45520,-23183
3978,1998,9,22320,6320,16000
3978,1998,10,22365,38320,-15955
3978,1998,11,22316,24020,-1704
3978,1998,12,33451,6805,26646
3979,1996,2,700,0,700
3979,1996,3,15067,0,15067
3979,1996,4,10616,2400,8216
3979,1996,5,10641,6200,4441
3979,1996,6,15928,10800,5128
3979,1996,7,10669,13691,-3022
3979,1996,8,10665,8171,2494
3979,1996,9,10658,15171,-4513
3979,1996,10,10657,8571,2086
3979,1996,11,10667,7671,2996
3979,1996,12,17665,8431,9234
3979,1997,1,10688,24311,-13623
3979,1997,2,16581,6271,10310
3979,1997,3,10690,12391,-1701
3979,1997,4,10698,7471,3227
3979,1997,5,10705,9571,1134
3979,1997,6,15980,15031,949
3979,1997,7,10703,14171,-3468
3979,1997,8,10674,18771,-8097
3979,1997,9,10654,15311,-4657
3979,1997,10,10655,6571,4084
3979,1997,11,10655,12571,-1916
3979,1997,12,15915,14651,1264
3979,1998,1,10634,23431,-12797
3979,1998,2,10611,7971,2640
3979,1998,3,10617,9871,746
3979,1998,4,10618,16451,-5833
3979,1998,5,10604,7171,3433
3979,1998,6,15887,11891,3996
3979,1998,7,10621,11871,-1250
3979,1998,8,10630,6271,4359
3979,1998,9,10648,6271,4377
3979,1998,10,10623,22271,-11648
3979,1998,11,10618,6271,4347
3979,1998,12,15911,9336,6575
3980,1993,4,9384,0,9384
3980,1993,5,15341,0,15341
3980,1993,6,12973,800,12173
3980,1993,7,8721,4500,4221
3980,1993,8,8720,20115,-11395
3980,1993,9,8687,14026,-5339
3980,1993,10,8671,4246,4425
3980,1993,11,8686,11366,-2680
3980,1993,12,12958,8526,4432
3980,1994,1,8678,17906,-9228
3980,1994,2,9758,3646,6112
3980,1994,3,8681,9046,-365
3980,1994,4,8681,5646,3035
3980,1994,5,8688,10046,-1358
3980,1994,6,12950,20606,-7656
3980,1994,7,10858,3646,7212
3980,1994,8,8683,9046,-363
3980,1994,9,8682,8146,536
3980,1994,10,8686,5746,2940
3980,1994,11,8695,8846,-151
3980,1994,12,12973,9086,3887
3980,1995,1,11659,25606,-13947
3980,1995,2,12561,3646,8915
3980,1995,3,8790,5446,3344
3980,1995,4,8703,8526,177
3980,1995,5,8699,10046,-1347
3980,1995,6,12970,19546,-6576
3980,1995,7,12881,3646,9235
3980,1995,8,8713,4246,4467
3980,1995,9,8724,10306,-1582
3980,1995,10,8724,4746,3978
3980,1995,11,8734,8746,-12
3980,1995,12,13021,10666,2355
3980,1996,1,10000,28446,-18446
3980,1996,2,15478,9406,6072
3980,1996,3,12007,3646,8361
3980,1996,4,8728,7446,1282
3980,1996,5,8731,8246,485
3980,1996,6,16557,28726,-12169
3980,1996,7,9093,7846,1247
3980,1996,8,8700,3646,5054
3980,1996,9,8712,6046,2666
3980,1996,10,8720,7246,1474
3980,1996,11,8732,4746,3986
3980,1996,12,13018,14706,-1688
3980,1997,1,13313,26806,-13493
3980,1997,2,14703,3646,11057
3980,1997,3,13031,9526,3505
3980,1997,4,14562,6286,8276
3980,1997,5,8782,4046,4736
3980,1997,6,13076,9606,3470
3980,1997,7,8809,6346,2463
3980,1997,8,8819,6346,2473
3980,1997,9,8818,10706,-1888
3980,1997,10,8829,7746,1083
3980,1997,11,8827,8346,481
3980,1997,12,13110,10686,2424
3980,1998,1,12888,26086,-13198
3980,1998,2,14208,3646,10562
3980,1998,3,12631,11446,1185
3980,1998,4,13756,3646,10110
3980,1998,5,8878,4346,4532
3980,1998,6,25328,33886,-8558
3980,1998,7,8854,6446,2408
3980,1998,8,8848,10846,-1998
3980,1998,9,8849,8146,703
3980,1998,10,8845,12826,-3981
3980,1998,11,8822,11946,-3124
3980,1998,12,13106,11311,1795
3981,1995,1,500,0,500
3981,1995,2,3397,0,3397
3981,1995,3,3397,0,3397
3981,1995,4,3397,0,3397
3981,1995,5,3397,0,3397
3981,1995,6,3413,915,2498
3981,1995,7,3468,2279,1189
3981,1995,8,3466,4229,-763
3981,1995,9,3470,2279,1191
3981,1995,10,3475,2279,1196
3981,1995,11,3480,2279,1201
3981,1995,12,3485,2849,636
3981,1996,1,3475,6539,-3064
3981,1996,2,3474,2479,995
3981,1996,3,3479,2279,1200
3981,1996,4,3484,2279,1205
3981,1996,5,3485,3479,6
3981,1996,6,3472,10889,-7417
3981,1996,7,3458,2279,1179
3981,1996,8,3460,3599,-139
3981,1996,9,3459,3239,220
3981,1996,10,3463,2279,1184
3981,1996,11,3462,4279,-817
3981,1996,12,3464,2549,915
3981,1997,1,3455,6689,-3234
3981,1997,2,3455,2279,1176
3981,1997,3,3459,2909,550
3981,1997,4,3462,2279,1183
3981,1997,5,3467,2279,1188
3981,1997,6,3472,3359,113
3981,1997,7,3469,3419,50
3981,1997,8,3473,2279,1194
3981,1997,9,3478,2279,1199
3981,1997,10,3483,2279,1204
3981,1997,11,3485,3899,-414
3981,1997,12,3485,2879,606
3981,1998,1,3477,6689,-3212
3981,1998,2,3475,2279,1196
3981,1998,3,3480,2279,1201
3981,1998,4,3484,4779,-1295
3981,1998,5,3478,5779,-2301
3981,1998,6,3469,4889,-1420
3981,1998,7,3462,5479,-2017
3981,1998,8,3455,2279,1176
3981,1998,9,3458,5079,-1621
3981,1998,10,3453,2279,1174
3981,1998,11,3456,5279,-1823
3981,1998,12,3451,2264,1187
3982,1993,7,700,0,700
3982,1993,8,3230,0,3230
3982,1993,9,3230,0,3230
3982,1993,10,3230,0,3230
3982,1993,11,3230,0,3230
3982,1993,12,3280,3278,2
3982,1994,1,3285,4568,-1283
3982,1994,2,3291,2168,1123
3982,1994,3,3293,2648,645
3982,1994,4,3299,2168,1131
3982,1994,5,3293,3578,-285
3982,1994,6,3296,2168,1128
3982,1994,7,3307,2168,1139
3982,1994,8,3305,2168,1137
3982,1994,9,3307,3728,-421
3982,1994,10,3307,3008,299
3982,1994,11,3306,3248,58
3982,1994,12,3309,3488,-179
3982,1995,1,3301,5918,-2617
3982,1995,2,3298,2168,1130
3982,1995,3,3309,2168,1141
3982,1995,4,3307,2168,1139
3982,1995,5,3319,3488,-169
3982,1995,6,3311,2468,843
3982,1995,7,3321,2438,883
3982,1995,8,3325,2168,1157
3982,1995,9,3323,2168,1155
3982,1995,10,3327,2558,769
3982,1995,11,3331,2168,1163
3982,1995,12,3339,3038,301
3982,1996,1,3332,5528,-2196
3982,1996,2,3335,2168,1167
3982,1996,3,3340,2168,1172
3982,1996,4,3344,2168,1176
3982,1996,5,3349,2168,1181
3982,1996,6,3347,2768,579
3982,1996,7,3357,2168,1189
3982,1996,8,3354,2498,856
3982,1996,9,3365,2168,1197
3982,1996,10,3355,5258,-1903
3982,1996,11,3354,2498,856
3982,1996,12,3358,3338,20
3982,1997,1,3355,4868,-1513
3982,1997,2,3352,2168,1184
3982,1997,3,3357,2168,1189
3982,1997,4,3362,2168,1194
3982,1997,5,3367,2168,1199
3982,1997,6,3376,2708,668
3982,1997,7,3375,2168,1207
3982,1997,8,3380,2588,792
3982,1997,9,3390,2168,1222
3982,1997,10,3394,2318,1076
3982,1997,11,3392,2168,1224
3982,1997,12,3393,4088,-695
3982,1998,1,3390,4418,-1028
3982,1998,2,3397,2168,1229
3982,1998,3,3395,2268,1127
3982,1998,4,3406,2168,1238
3982,1998,5,3412,2168,1244
3982,1998,6,3416,2468,948
3982,1998,7,3418,2708,710
3982,1998,8,3420,3098,322
3982,1998,9,3418,2528,890
3982,1998,10,3423,3428,-5
3982,1998,11,3421,2168,1253
3982,1998,12,3426,2603,823
3983,1993,2,15579,0,15579
3983,1993,3,14741,200,14541
3983,1993,4,14799,1000,13799
3983,1993,5,14825,10000,4825
3983,1993,6,22133,30315,-8182
3983,1993,7,14813,10315,4498
3983,1993,8,14830,9515,5315
3983,1993,9,14842,13015,1827
3983,1993,10,14849,13215,1634
3983,1993,11,14856,12915,1941
3983,1993,12,22188,34115,-11927
3983,1994,1,14851,18715,-3864
3983,1994,2,14818,4515,10303
3983,1994,3,14838,28215,-13377
3983,1994,4,14838,11515,3323
3983,1994,5,14826,16015,-1189
3983,1994,6,22108,28615,-6507
3983,1994,7,14799,10215,4584
3983,1994,8,14781,13315,1466
3983,1994,9,14785,16615,-1830
3983,1994,10,14780,12915,1865
3983,1994,11,14792,18015,-3223
3983,1994,12,22133,17115,5018
3983,1995,1,14819,16215,-1396
3983,1995,2,14786,16315,-1529
3983,1995,3,14781,15115,-334
3983,1995,4,14781,13415,1366
3983,1995,5,14781,19115,-4334
3983,1995,6,22071,47215,-25144
3983,1995,7,14671,6215,8456
3983,1995,8,14707,6815,7892
3983,1995,9,14729,16015,-1286
3983,1995,10,14724,15515,-791
3983,1995,11,14725,12115,2610
3983,1995,12,22058,17215,4843
3983,1996,1,14749,16815,-2066
3983,1996,2,14746,13415,1331
3983,1996,3,14746,16415,-1669
3983,1996,4,14748,11115,3633
3983,1996,5,14754,16215,-1461
3983,1996,6,22081,26815,-4734
3983,1996,7,14737,11415,3322
3983,1996,8,14753,10515,4238
3983,1996,9,14757,17115,-2358
3983,1996,10,14760,11315,3445
3983,1996,11,14772,12415,2357
3983,1996,12,22118,19015,3103
3983,1997,1,14791,14015,776
3983,1997,2,14780,19715,-4935
3983,1997,3,14775,13415,1360
3983,1997,4,14772,16915,-2143
3983,1997,5,14779,10015,4764
3983,1997,6,22067,36715,-14648
3983,1997,7,14743,10415,4328
3983,1997,8,14750,14315,435
3983,1997,9,14749,13715,1034
3983,1997,10,14748,15415,-667
3983,1997,11,14743,16115,-1372
3983,1997,12,22071,17115,4956
3983,1998,1,14763,14715,48
3983,1998,2,14778,9615,5163
3983,1998,3,14771,18915,-4144
3983,1998,4,14771,13115,1656
3983,1998,5,14779,12815,1964
3983,1998,6,22052,36515,-14463
3983,1998,7,14735,10315,4420
3983,1998,8,14756,9715,5041
3983,1998,9,14765,14815,-50
3983,1998,10,14766,12815,1951
3983,1998,11,14772,13415,1357
3983,1998,12,22123,11600,10523
3984,1996,12,500,0,500
3984,1997,1,4041,0,4041
3984,1997,2,4041,0,4041
3984,1997,3,4041,0,4041
3984,1997,4,4041,0,4041
3984,1997,5,4044,15,4029
3984,1997,6,4131,12218,-8087
3984,1997,7,4099,1818,2281
3984,1997,8,4108,1818,2290
3984,1997,9,4118,1818,2300
3984,1997,10,4125,5658,-1533
3984,1997,11,4121,1818,2303
3984,1997,12,4120,5158,-1038
3984,1998,1,4110,9818,-5708
3984,1998,2,4102,1818,2284
3984,1998,3,4112,1818,2294
3984,1998,4,4122,1818,2304
3984,1998,5,4131,1818,2313
3984,1998,6,4124,7218,-3094
3984,1998,7,4107,7878,-3771
3984,1998,8,4102,4378,-276
3984,1998,9,4106,4778,-672
3984,1998,10,4101,4018,83
3984,1998,11,4104,3018,1086
3984,1998,12,4107,3803,304
3985,1997,7,900,0,900
3985,1997,8,4077,0,4077
3985,1997,9,4077,0,4077
3985,1997,10,4077,0,4077
3985,1997,11,4120,2400,1720
3985,1997,12,4132,7322,-3190
3985,1998,1,4123,5622,-1499
3985,1998,2,4123,3622,501
3985,1998,3,4116,6422,-2306
3985,1998,4,4117,2722,1395
3985,1998,5,4123,2022,2101
3985,1998,6,4124,5222,-1098
3985,1998,7,4122,4502,-380
3985,1998,8,4124,3622,502
3985,1998,9,4128,3722,406
3985,1998,10,4129,2022,2107
3985,1998,11,4138,2022,2116
3985,1998,12,4146,2757,1389
3986,1997,6,1100,0,1100
3986,1997,7,16700,0,16700
3986,1997,8,10253,5900,4353
3986,1997,9,10273,4800,5473
3986,1997,10,10287,9700,587
3986,1997,11,10296,8424,1872
3986,1997,12,15386,16924,-1538
3986,1998,1,10277,23424,-13147
3986,1998,2,17157,8824,8333
3986,1998,3,13988,6624,7364
3986,1998,4,10301,11524,-1223
3986,1998,5,14110,9224,4886
3986,1998,6,15381,22424,-7043
3986,1998,7,10285,14124,-3839
3986,1998,8,10582,7724,2858
3986,1998,9,10291,7524,2767
3986,1998,10,10289,15024,-4735
3986,1998,11,10586,6624,3962
3986,1998,12,15403,8409,6994
3987,1997,9,800,0,800
3987,1997,10,18953,0,18953
3987,1997,11,11215,0,11215
3987,1997,12,15754,9100,6654
3987,1998,1,10565,9000,1565
3987,1998,2,10575,14427,-3852
3987,1998,3,10562,10107,455
3987,1998,4,10565,7707,2858
3987,1998,5,10555,15607,-5052
3987,1998,6,15726,23207,-7481
3987,1998,7,10521,10427,94
3987,1998,8,10514,11747,-1233
3987,1998,9,10512,13307,-2795
3987,1998,10,10496,13827,-3331
3987,1998,11,10685,10647,38
3987,1998,12,15696,16652,-956
3988,1997,5,12419,0,12419
3988,1997,6,8461,5415,3046
3988,1997,7,13903,15,13888
3988,1997,8,3129,15,3114
3988,1997,9,5546,15,5531
3988,1997,10,2655,2815,-160
3988,1997,11,1355,3965,-2610
3988,1997,12,1347,5565,-4218
3988,1998,1,5805,11715,-5910
3988,1998,2,5007,15,4992
3988,1998,3,2927,2415,512
3988,1998,4,1329,915,414
3988,1998,5,27692,15115,12577
3988,1998,6,10029,32765,-22736
3988,1998,7,8097,15,8082
3988,1998,8,5526,15,5511
3988,1998,9,3044,1315,1729
3988,1998,10,18688,11415,7273
3988,1998,11,1379,5615,-4236
3988,1998,12,1359,2800,-1441
3989,1995,3,900,0,900
3989,1995,4,4016,0,4016
3989,1995,5,4016,0,4016
3989,1995,6,4016,0,4016
3989,1995,7,4016,0,4016
3989,1995,8,4067,2112,1955
3989,1995,9,4100,2112,1988
3989,1995,10,4108,2112,1996
3989,1995,11,4113,4012,101
3989,1995,12,4109,5802,-1693
3989,1996,1,4109,3162,947
3989,1996,2,4114,2112,2002
3989,1996,3,4122,2112,2010
3989,1996,4,4131,2112,2019
3989,1996,5,4139,2112,2027
3989,1996,6,4134,13912,-9778
3989,1996,7,4107,2112,1995
3989,1996,8,4115,2112,2003
3989,1996,9,4116,5472,-1356
3989,1996,10,4108,5712,-1604
3989,1996,11,4111,2112,1999
3989,1996,12,4122,2662,1460
3989,1997,1,4114,6962,-2848
3989,1997,2,4113,2112,2001
3989,1997,3,4112,6832,-2720
3989,1997,4,4110,2112,1998
3989,1997,5,4109,5792,-1683
3989,1997,6,4089,9712,-5623
3989,1997,7,4088,2112,1976
3989,1997,8,4096,2112,1984
3989,1997,9,4105,2112,1993
3989,1997,10,4113,2112,2001
3989,1997,11,4118,3872,246
3989,1997,12,4121,3262,859
3989,1998,1,4124,2812,1312
3989,1998,2,4131,2112,2019
3989,1998,3,4139,2112,2027
3989,1998,4,4148,2112,2036
3989,1998,5,4156,2112,2044
3989,1998,6,4107,19472,-15365
3989,1998,7,4101,2112,1989
3989,1998,8,4105,4352,-247
3989,1998,9,4108,2112,1996
3989,1998,10,4116,2112,2004
3989,1998,11,4118,4512,-394
3989,1998,12,4113,6077,-1964
3990,1997,2,126127,37600,88527
3990,1997,3,113177,102815,10362
3990,1997,4,53052,104254,-51202
3990,1997,5,141,18227,-18086
3990,1997,6,82995,10327,72668
3990,1997,7,9819,55527,-45708
3990,1997,8,167,21527,-21360
3990,1997,9,17441,26427,-8986
3990,1997,10,48317,45107,3210
3990,1997,11,14392,14027,365
3990,1997,12,64182,48427,15755
3990,1998,1,281,13927,-13646
3990,1998,2,131,10327,-10196
3990,1998,3,5661,10327,-4666
3990,1998,4,10271,10327,-56
3990,1998,5,15072,10327,4745
3990,1998,6,14591,10327,4264
3990,1998,7,14410,10327,4083
3990,1998,8,14327,10327,4000
3990,1998,9,12537,24427,-11890
3990,1998,10,20199,10327,9872
3990,1998,11,11534,10327,1207
3990,1998,12,87,15712,-15625
3991,1996,12,300,0,300
3991,1997,1,6943,0,6943
3991,1997,2,6943,0,6943
3991,1997,3,6943,0,6943
3991,1997,4,6957,3500,3457
3991,1997,5,7048,3615,3433
3991,1997,6,7064,16972,-9908
3991,1997,7,7026,8352,-1326
3991,1997,8,7025,3052,3973
3991,1997,9,7038,7152,-114
3991,1997,10,7036,7652,-616
3991,1997,11,7033,7552,-519
3991,1997,12,7035,6032,1003
3991,1998,1,7017,15032,-8015
3991,1998,2,7008,1952,5056
3991,1998,3,7025,4992,2033
3991,1998,4,7038,1952,5086
3991,1998,5,7052,7352,-300
3991,1998,6,7032,10202,-3170
3991,1998,7,7045,1952,5093
3991,1998,8,7062,4772,2290
3991,1998,9,7068,6552,516
3991,1998,10,7069,6852,217
3991,1998,11,7071,5872,1199
3991,1998,12,7076,7557,-481
3992,1997,12,200,0,200
3992,1998,1,21679,0,21679
3992,1998,2,19935,13000,6935
3992,1998,3,19956,16600,3356
3992,1998,4,19966,18300,1666
3992,1998,5,19968,24453,-4485
3992,1998,6,29885,27353,2532
3992,1998,7,19951,26873,-6922
3992,1998,8,19944,17653,2291
3992,1998,9,19936,23853,-3917
3992,1998,10,19916,25813,-5897
3992,1998,11,19898,21653,-1755
3992,1998,12,29877,6738,23139
3993,1996,1,400,0,400
3993,1996,2,21737,0,21737
3993,1996,3,20116,12200,7916
3993,1996,4,20142,17800,2342
3993,1996,5,20158,13500,6658
3993,1996,6,30214,26131,4083
3993,1996,7,20213,22331,-2118
3993,1996,8,20201,21691,-1490
3993,1996,9,20195,20631,-436
3993,1996,10,20196,18831,1365
3993,1996,11,20192,20331,-139
3993,1996,12,30213,24211,6002
3993,1997,1,20192,29271,-9079
3993,1997,2,20185,16631,3554
3993,1997,3,20198,23591,-3393
3993,1997,4,20177,18931,1246
3993,1997,5,20198,14031,6167
3993,1997,6,30229,24031,6198
3993,1997,7,20237,17431,2806
3993,1997,8,20243,21011,-768
3993,1997,9,20242,18531,1711
3993,1997,10,20257,15131,5126
3993,1997,11,20268,18431,1837
3993,1997,12,30291,28291,2000
3993,1998,1,21288,19031,2257
3993,1998,2,20320,13631,6689
3993,1998,3,20349,26871,-6522
3993,1998,4,20321,13651,6670
3993,1998,5,20328,15631,4697
3993,1998,6,30387,19031,11356
3993,1998,7,20360,30431,-10071
3993,1998,8,20349,22191,-1842
3993,1998,9,20334,20131,203
3993,1998,10,20340,18031,2309
3993,1998,11,20343,20831,-488
3993,1998,12,30345,27196,3149
3994,1996,3,200,0,200
3994,1996,4,13200,0,13200
3994,1996,5,2800,0,2800
3994,1996,6,2000,0,2000
3994,1996,7,5400,0,5400
3994,1996,8,4300,0,4300
3994,1996,9,700,0,700
3994,1996,10,0,600,-600
3994,1996,11,0,1800,-1800
3994,1996,12,0,3100,-3100
3994,1997,1,43188,0,43188
3994,1997,2,14994,19700,-4706
3994,1997,3,131930,125737,6193
3994,1997,4,34150,27915,6235
3994,1997,5,86158,85315,843
3994,1997,6,93713,159191,-65478
3994,1997,7,82883,20197,62686
3994,1997,8,55630,38915,16715
3994,1997,9,35041,57983,-22942
3994,1997,10,76495,52522,23973
3994,1997,11,65823,100315,-34492
3994,1997,12,47676,46415,1261
3994,1998,1,96298,96515,-217
3994,1998,2,31135,21315,9820
3994,1998,3,87140,82615,4525
3994,1998,4,64415,44393,20022
3994,1998,5,29938,54015,-24077
3994,1998,6,11921,50715,-38794
3994,1998,7,114,14515,-14401
3994,1998,8,53,13015,-12962
3994,1998,9,36339,22115,14224
3994,1998,10,75,12315,-12240
3994,1998,11,28313,21915,6398
3994,1998,12,44987,6600,38387
3995,1995,8,200,0,200
3995,1995,9,17519,0,17519
3995,1995,10,9884,5800,4084
3995,1995,11,9900,6700,3200
3995,1995,12,14818,10300,4518
3995,1996,1,9932,15618,-5686
3995,1996,2,9912,7914,1998
3995,1996,3,9910,9574,336
3995,1996,4,9917,9494,423
3995,1996,5,9918,11014,-1096
3995,1996,6,14795,23654,-8859
3995,1996,7,9885,5214,4671
3995,1996,8,9899,8814,1085
3995,1996,9,9905,7834,2071
3995,1996,10,9906,9334,572
3995,1996,11,9916,7314,2602
3995,1996,12,14830,14494,336
3995,1997,1,9902,18114,-8212
3995,1997,2,9887,9814,73
3995,1997,3,11094,10294,800
3995,1997,4,9897,7214,2683
3995,1997,5,9906,8114,1792
3995,1997,6,16818,12854,3964
3995,1997,7,9918,10554,-636
3995,1997,8,9927,7914,2013
3995,1997,9,9933,8514,1419
3995,1997,10,9947,5314,4633
3995,1997,11,9967,12014,-2047
3995,1997,12,14869,9154,5715
3995,1998,1,16461,17974,-1513
3995,1998,2,9968,7214,2754
3995,1998,3,9968,19254,-9286
3995,1998,4,13358,5014,8344
3995,1998,5,9965,12354,-2389
3995,1998,6,16193,5014,11179
3995,1998,7,10002,11314,-1312
3995,1998,8,9997,10914,-917
3995,1998,9,10006,7154,2852
3995,1998,10,10014,8314,1700
3995,1998,11,12237,5014,7223
3995,1998,12,14953,12999,1954
3996,1997,6,1100,0,1100
3996,1997,7,6646,0,6646
3996,1997,8,6646,0,6646
3996,1997,9,6677,1000,5677
3996,1997,10,6734,3900,2834
3996,1997,11,6754,1926,4828
3996,1997,12,6760,10376,-3616
3996,1998,1,6741,14246,-7505
3996,1998,2,6723,4446,2277
3996,1998,3,6730,6126,604
3996,1998,4,6724,10526,-3802
3996,1998,5,6715,6426,289
3996,1998,6,6725,1526,5199
3996,1998,7,6736,8366,-1630
3996,1998,8,6741,1526,5215
3996,1998,9,6757,3826,2931
3996,1998,10,6774,2086,4688
3996,1998,11,6793,2026,4767
3996,1998,12,6800,8011,-1211
3997,1994,1,1000,0,1000
3997,1994,2,16061,0,16061
3997,1994,3,9111,0,9111
3997,1994,4,8141,2500,5641
3997,1994,5,8151,7900,251
3997,1994,6,12170,8515,3655
3997,1994,7,8163,11415,-3252
3997,1994,8,8152,8515,-363
3997,1994,9,8167,2615,5552
3997,1994,10,8181,5915,2266
3997,1994,11,8184,9215,-1031
3997,1994,12,12205,6915,5290
3997,1995,1,8183,21215,-13032
3997,1995,2,8150,6215,1935
3997,1995,3,8164,5015,3149
3997,1995,4,8166,9915,-1749
3997,1995,5,8162,6815,1347
3997,1995,6,12178,21115,-8937
3997,1995,7,8134,6515,1619
3997,1995,8,8133,7415,718
3997,1995,9,8135,7315,820
3997,1995,10,8148,6115,2033
3997,1995,11,8145,8715,-570
3997,1995,12,12167,6515,5652
3997,1996,1,8116,24515,-16399
3997,1996,2,8326,15,8311
3997,1996,3,8126,13115,-4989
3997,1996,4,8119,9615,-1496
3997,1996,5,8131,1115,7016
3997,1996,6,12164,6715,5449
3997,1996,7,8137,20315,-12178
3997,1996,8,8117,9515,-1398
3997,1996,9,8107,8315,-208
3997,1996,10,8106,6115,1991
3997,1996,11,8113,9415,-1302
3997,1996,12,12141,11915,226
3997,1997,1,8103,15215,-7112
3997,1997,2,8081,15,8066
3997,1997,3,8109,16315,-8206
3997,1997,4,8092,3315,4777
3997,1997,5,8108,2515,5593
3997,1997,6,12144,9215,2929
3997,1997,7,8150,2015,6135
3997,1997,8,8141,27515,-19374
3997,1997,9,8080,15,8065
3997,1997,10,8114,2015,6099
3997,1997,11,8120,24015,-15895
3997,1997,12,12103,2015,10088
3997,1998,1,8092,14815,-6723
3997,1998,2,8086,2915,5171
3997,1998,3,8122,3915,4207
3997,1998,4,8144,515,7629
3997,1998,5,8134,24115,-15981
3997,1998,6,12093,15415,-3322
3997,1998,7,8076,15,8061
3997,1998,8,8118,4215,3903
3997,1998,9,8110,19715,-11605
3997,1998,10,8077,15,8062
3997,1998,11,8111,15,8096
3997,1998,12,12183,500,11683
3998,1996,4,400,0,400
3998,1996,5,22243,0,22243
3998,1996,6,25178,10500,14678
3998,1996,7,16865,14300,2565
3998,1996,8,16878,13400,3478
3998,1996,9,16890,21978,-5088
3998,1996,10,16884,13698,3186
3998,1996,11,16891,15198,1693
3998,1996,12,25263,21818,3445
3998,1997,1,16885,28978,-12093
3998,1997,2,16863,13298,3565
3998,1997,3,16867,20198,-3331
3998,1997,4,16859,16198,661
3998,1997,5,16865,14998,1867
3998,1997,6,25272,40218,-14946
3998,1997,7,16813,13198,3615
3998,1997,8,16824,14298,2526
3998,1997,9,16837,12598,4239
3998,1997,10,16830,23238,-6408
3998,1997,11,16825,17838,-1013
3998,1997,12,25205,24058,1147
3998,1998,1,16797,26858,-10061
3998,1998,2,16796,10698,6098
3998,1998,3,16817,13898,2919
3998,1998,4,16816,17818,-1002
3998,1998,5,16805,17498,-693
3998,1998,6,25161,24098,1063
3998,1998,7,16812,17898,-1086
3998,1998,8,16825,13698,3127
3998,1998,9,16839,11778,5061
3998,1998,10,16841,19478,-2637
3998,1998,11,16864,5598,11266
3998,1998,12,25279,12023,13256
3999,1993,5,12676,0,12676
3999,1993,6,23576,0,23576
3999,1993,7,12411,6200,6211
3999,1993,8,12427,10000,2427
3999,1993,9,12434,11215,1219
3999,1993,10,12410,16416,-4006
3999,1993,11,12391,16716,-4325
3999,1993,12,18501,18516,-15
3999,1994,1,12366,22256,-9890
3999,1994,2,12366,7716,4650
3999,1994,3,12382,8516,3866
3999,1994,4,12385,11816,569
3999,1994,5,12383,18716,-6333
3999,1994,6,18514,14116,4398
3999,1994,7,12394,12816,-422
3999,1994,8,12374,16336,-3962
3999,1994,9,12376,9116,3260
3999,1994,10,12389,12016,373
3999,1994,11,12390,11916,474
3999,1994,12,18525,18836,-311
3999,1995,1,15061,32956,-17895
3999,1995,2,20822,7716,13106
3999,1995,3,12773,7716,5057
3999,1995,4,12390,13016,-626
3999,1995,5,12389,11216,1173
3999,1995,6,18525,11636,6889
3999,1995,7,12423,9816,2607
3999,1995,8,12432,11416,1016
3999,1995,9,12433,13416,-983
3999,1995,10,13231,10236,2995
3999,1995,11,12445,10116,2329
3999,1995,12,18584,16896,1688
3999,1996,1,12452,25576,-13124
3999,1996,2,21322,7716,13606
3999,1996,3,12466,8016,4450
3999,1996,4,12482,9116,3366
3999,1996,5,12493,13236,-743
3999,1996,6,42168,59716,-17548
3999,1996,7,24243,7716,16527
3999,1996,8,16681,15036,1645
3999,1996,9,17307,7716,9591
3999,1996,10,12537,8416,4121
3999,1996,11,12550,9816,2734
3999,1996,12,18688,14456,4232
3999,1997,1,12566,16776,-4210
3999,1997,2,12546,19556,-7010
3999,1997,3,16746,7716,9030
3999,1997,4,12566,11116,1450
3999,1997,5,12566,14016,-1450
3999,1997,6,27109,42596,-15487
3999,1997,7,14610,7716,6894
3999,1997,8,16038,11676,4362
3999,1997,9,13458,7716,5742
3999,1997,10,12562,12876,-314
3999,1997,11,12571,10016,2555
3999,1997,12,18718,12016,6702
3999,1998,1,12585,20036,-7451
3999,1998,2,13988,7716,6272
3999,1998,3,18613,11916,6697
3999,1998,4,12631,10816,1815
3999,1998,5,15354,7716,7638
3999,1998,6,43128,52036,-8908
3999,1998,7,24370,9616,14754
3999,1998,8,19014,66416,-47402
3999,1998,9,38991,7716,31275
3999,1998,10,25956,15876,10080
3999,1998,11,20709,47016,-26307
3999,1998,12,41167,13401,27766
4000,1993,8,3006,0,3006
4000,1993,9,13544,0,13544
4000,1993,10,6683,15,6668
4000,1993,11,2401,2215,186
4000,1993,12,12660,6515,6145
4000,1994,1,39891,29515,10376
4000,1994,2,2466,8365,-5899
4000,1994,3,2445,3515,-1070
4000,1994,4,50947,32715,18232
4000,1994,5,2512,13715,-11203
4000,1994,6,4410,18615,-14205
4000,1994,7,2410,3115,-705
4000,1994,8,2905,1965,940
4000,1994,9,2412,215,2197
4000,1994,10,2419,3615,-1196
4000,1994,11,2415,1815,600
4000,1994,12,2414,2615,-201
4000,1995,1,5301,8665,-3364
4000,1995,2,2404,215,2189
4000,1995,3,2413,115,2298
4000,1995,4,2421,2315,106
4000,1995,5,2422,1215,1207
4000,1995,6,10708,13215,-2507
4000,1995,7,50076,21915,28161
4000,1995,8,2518,13215,-10697
4000,1995,9,2481,6715,-4234
4000,1995,10,2464,6015,-3551
4000,1995,11,2453,3215,-762
4000,1995,12,6948,3665,3283
4000,1996,1,5658,8915,-3257
4000,1996,2,2454,2415,39
4000,1996,3,2450,2815,-365
4000,1996,4,33802,13865,19937
4000,1996,5,2535,8415,-5880
4000,1996,6,7972,23165,-15193
4000,1996,7,33308,13415,19893
4000,1996,8,2520,5915,-3395
4000,1996,9,2509,4115,-1606
4000,1996,10,2503,3415,-912
4000,1996,11,2700,2115,585
4000,1996,12,2504,1915,589
4000,1997,1,4791,9765,-4974
4000,1997,2,2991,15,2976
4000,1997,3,5711,15,5696
4000,1997,4,2727,15,2712
4000,1997,5,2534,1315,1219
4000,1997,6,9723,36465,-26742
4000,1997,7,23215,4365,18850
4000,1997,8,31816,4365,27451
4000,1997,9,2621,915,1706
4000,1997,10,3532,615,2917
4000,1997,11,2640,915,1725
4000,1997,12,2641,4215,-1574
4000,1998,1,5639,7215,-1576
4000,1998,2,5041,15,5026
4000,1998,3,5763,15,5748
4000,1998,4,3282,15,3267
4000,1998,5,2691,1415,1276
4000,1998,6,29392,61915,-32523
4000,1998,7,63534,32215,31319
4000,1998,8,4295,2315,1980
4000,1998,9,4607,15,4592
4000,1998,10,2715,2815,-100
4000,1998,11,5026,15,5011
4000,1998,12,2733,2600,133
4001,1995,2,400,0,400
4001,1995,3,12800,0,12800
4001,1995,4,4100,0,4100
4001,1995,5,4800,0,4800
4001,1995,6,2500,0,2500
4001,1995,7,0,3900,-3900
4001,1995,8,0,1700,-1700
4001,1995,9,600,0,600
4001,1995,10,0,4200,-4200
4001,1995,11,2300,0,2300
4001,1995,12,2,2200,-2198
4001,1996,1,0,1700,-1700
4001,1996,2,1534,0,1534
4001,1996,3,65,2200,-2135
4001,1996,4,2565,0,2565
4001,1996,5,1865,0,1865
4001,1996,6,4165,0,4165
4001,1996,7,65,4300,-4235
4001,1996,8,165,0,165
4001,1996,9,665,0,665
4001,1996,10,65,900,-835
4001,1996,11,65,3100,-3035
4001,1996,12,1665,0,1665
4001,1997,1,65,3400,-3335
4001,1997,2,1965,0,1965
4001,1997,3,2365,0,2365
4001,1997,4,3765,0,3765
4001,1997,5,665,0,665
4001,1997,6,2265,0,2265
4001,1997,7,1965,0,1965
4001,1997,8,665,0,665
4001,1997,9,65,900,-835
4001,1997,10,65,3400,-3335
4001,1997,11,65,1400,-1335
4001,1997,12,665,0,665
4001,1998,1,365,0,365
4001,1998,2,65,500,-435
4001,1998,3,65,1500,-1435
4001,1998,4,65,1600,-1535
4001,1998,5,65,1700,-1635
4001,1998,6,365,0,365
4001,1998,7,65,500,-435
4001,1998,8,65,2000,-1935
4001,1998,9,765,0,765
4001,1998,10,65,1200,-1135
4001,1998,11,1865,0,1865
4001,1998,12,0,2700,-2700
4003,1997,8,400,0,400
4003,1997,9,90723,32700,58023
4003,1997,10,64012,35115,28897
4003,1997,11,316,31901,-31585
4003,1997,12,190864,147401,43463
4003,1998,1,12360,90770,-78410
4003,1998,2,3487,3801,-314
4003,1998,3,92572,25799,66773
4003,1998,4,21686,35753,-14067
4003,1998,5,74410,86901,-12491
4003,1998,6,131338,117101,14237
4003,1998,7,250,50875,-50625
4003,1998,8,32963,31927,1036
4003,1998,9,118743,74901,43842
4003,1998,10,65584,55801,9783
4003,1998,11,46208,35891,10317
4003,1998,12,307,29986,-29679
4008,1996,3,900,0,900
4008,1996,4,9700,0,9700
4008,1996,5,7500,0,7500
4008,1996,6,5100,0,5100
4008,1996,7,5600,0,5600
4008,1996,9,0,2300,-2300
4008,1996,10,4400,0,4400
4008,1996,11,2700,0,2700
4008,1996,12,400,0,400
4008,1997,1,800,0,800
4008,1997,2,0,500,-500
4008,1997,3,0,800,-800
4008,1997,4,0,1200,-1200
4008,1997,5,1900,0,1900
4008,1997,6,0,1400,-1400
4008,1997,7,0,1600,-1600
4008,1997,8,1400,0,1400
4008,1997,9,0,600,-600
4008,1997,10,2400,0,2400
4008,1997,11,2300,0,2300
4008,1997,12,1400,0,1400
4008,1998,1,300,0,300
4008,1998,2,0,2500,-2500
4008,1998,3,500,0,500
4008,1998,4,2300,0,2300
4008,1998,5,3000,0,3000
4008,1998,6,4700,0,4700
4008,1998,7,3100,0,3100
4008,1998,8,900,0,900
4008,1998,9,5100,0,5100
4008,1998,10,3600,0,3600
4008,1998,11,2500,0,2500
4008,1998,12,5900,0,5900
4009,1994,2,900,0,900
4009,1994,3,24787,400,24387
4009,1994,4,24876,11900,12976
4009,1994,5,24918,21000,3918
4009,1994,6,37319,27900,9419
4009,1994,7,24970,23415,1555
4009,1994,8,24974,25115,-141
4009,1994,9,24973,25315,-342
4009,1994,10,24972,25015,-43
4009,1994,11,24997,29135,-4138
4009,1994,12,37382,31835,5547
4009,1995,1,24963,43935,-18972
4009,1995,2,24915,17215,7700
4009,1995,3,24942,19515,5427
4009,1995,4,24942,30935,-5993
4009,1995,5,24965,22055,2910
4009,1995,6,37336,43375,-6039
4009,1995,7,24921,22215,2706
4009,1995,8,24939,19815,5124
4009,1995,9,24954,26915,-1961
4009,1995,10,24944,23975,969
4009,1995,11,24950,22855,2095
4009,1995,12,37382,28275,9107
4009,1996,1,24957,48835,-23878
4009,1996,2,24921,14115,10806
4009,1996,3,24956,17615,7341
4009,1996,4,24975,21715,3260
4009,1996,5,24972,27415,-2443
4009,1996,6,37345,38015,-670
4009,1996,7,24965,25215,-250
4009,1996,8,24963,25515,-552
4009,1996,9,24949,31535,-6586
4009,1996,10,24943,22515,2428
4009,1996,11,24938,25495,-557
4009,1996,12,37337,41655,-4318
4009,1997,1,24957,25915,-958
4009,1997,2,24977,13535,11442
4009,1997,3,25052,24115,937
4009,1997,4,25013,13215,11798
4009,1997,5,25041,19115,5926
4009,1997,6,37448,34875,2573
4009,1997,7,25063,30375,-5312
4009,1997,8,25049,20415,4634
4009,1997,9,25066,21115,3951
4009,1997,10,25075,23315,1760
4009,1997,11,25082,23215,1867
4009,1997,12,37501,53655,-16154
4009,1998,1,25048,35995,-10947
4009,1998,2,24975,15,24960
4009,1998,3,25081,43415,-18334
4009,1998,4,25076,23915,1161
4009,1998,5,25005,19015,5990
4009,1998,6,37463,42535,-5072
4009,1998,7,25006,27495,-2489
4009,1998,8,25058,27415,-2357
4009,1998,9,24987,23715,1272
4009,1998,10,24992,23715,1277
4009,1998,11,25053,30115,-5062
4009,1998,12,37394,2900,34494
4010,1996,8,900,0,900
4010,1996,9,15798,0,15798
4010,1996,10,14256,4400,9856
4010,1996,11,14290,8000,6290
4010,1996,12,21399,15900,5499
4010,1997,1,14333,21215,-6882
4010,1997,2,14302,13463,839
4010,1997,3,14302,16063,-1761
4010,1997,4,14294,16063,-1769
4010,1997,5,14294,12563,1731
4010,1997,6,21387,20763,624
4010,1997,7,14300,15663,-1363
4010,1997,8,14287,16163,-1876
4010,1997,9,14302,6163,8139
4010,1997,10,14333,7563,6770
4010,1997,11,14341,14563,-222
4010,1997,12,21436,16863,4573
4010,1998,1,14334,27063,-12729
4010,1998,2,14293,21563,-7270
4010,1998,3,14294,7963,6331
4010,1998,4,14324,6063,8261
4010,1998,5,14350,9163,5187
4010,1998,6,21458,13663,7795
4010,1998,7,14399,13063,1336
4010,1998,8,14403,10463,3940
4010,1998,9,14404,16263,-1859
4010,1998,10,14395,15563,-1168
4010,1998,11,14399,11763,2636
4010,1998,12,21512,12148,9364
4013,1993,10,600,0,600
4013,1993,11,17256,0,17256
4013,1993,12,15142,6000,9142
4013,1994,1,10175,500,9675
4013,1994,2,10199,5200,4999
4013,1994,3,10139,33386,-23247
4013,1994,4,10922,6786,4136
4013,1994,5,11735,11286,449
4013,1994,6,17979,6786,11193
4013,1994,7,10165,12686,-2521
4013,1994,8,10160,10986,-826
4013,1994,9,10161,10786,-625
4013,1994,10,10148,14586,-4438
4013,1994,11,10140,9686,454
4013,1994,12,15168,10786,4382
4013,1995,1,11224,20586,-9362
4013,1995,2,10124,9797,327
4013,1995,3,10131,7186,2945
4013,1995,4,10847,6786,4061
4013,1995,5,10152,10886,-734
4013,1995,6,15174,13786,1388
4013,1995,7,10162,10586,-424
4013,1995,8,10160,8986,1174
4013,1995,9,10157,10586,-429
4013,1995,10,12952,17402,-4450
4013,1995,11,12445,12786,-341
4013,1995,12,15268,9786,5482
4013,1996,1,13936,18486,-4550
4013,1996,2,14948,9674,5274
4013,1996,3,18945,19686,-741
4013,1996,4,17539,18913,-1374
4013,1996,5,19260,13799,5461
4013,1996,6,15203,21286,-6083
4013,1996,7,16965,6786,10179
4013,1996,8,15661,24419,-8758
4013,1996,9,15767,13319,2448
4013,1996,10,14179,6786,7393
4013,1996,11,15770,22686,-6916
4013,1996,12,24177,21834,2343
4013,1997,1,20256,33786,-13530
4013,1997,2,19342,6786,12556
4013,1997,3,17080,11206,5874
4013,1997,4,21359,28802,-7443
4013,1997,5,16262,27656,-11394
4013,1997,6,22356,17886,4470
4013,1997,7,22867,6786,16081
4013,1997,8,12817,6786,6031
4013,1997,9,24187,30460,-6273
4013,1997,10,12716,6786,5930
4013,1997,11,10231,8786,1445
4013,1997,12,15250,24886,-9636
4013,1998,1,18850,35286,-16436
4013,1998,2,19353,6786,12567
4013,1998,3,10786,6786,4000
4013,1998,4,18460,25983,-7523
4013,1998,5,18589,6786,11803
4013,1998,6,17553,16686,867
4013,1998,7,12903,23286,-10383
4013,1998,8,23012,6786,16226
4013,1998,9,26920,27449,-529
4013,1998,10,19730,26621,-6891
4013,1998,11,22850,6786,16064
4013,1998,12,16396,16892,-496
4014,1995,5,22193,0,22193
4014,1995,6,2592,0,2592
4014,1995,7,92,800,-708
4014,1995,8,18090,10600,7490
4014,1995,9,114108,58500,55608
4014,1995,10,61018,84000,-22982
4014,1995,11,79442,59800,19642
4014,1995,12,56685,109085,-52400
4014,1996,1,61,34310,-34249
4014,1996,2,93026,11507,81519
4014,1996,3,90387,102000,-11613
4014,1996,4,80327,73900,6427
4014,1996,5,52730,39586,13144
4014,1996,6,225,50768,-50543
4014,1996,7,98761,79500,19261
4014,1996,8,80365,42400,37965
4014,1996,9,33706,45927,-12221
4014,1996,10,17248,34400,-17152
4014,1996,11,73,57937,-57864
4014,1996,12,34787,5500,29287
4014,1997,1,16923,34800,-17877
4014,1997,2,46925,3900,43025
4014,1997,3,71859,88068,-16209
4014,1997,4,16445,37370,-20925
4014,1997,5,41024,36900,4124
4014,1997,6,24720,10826,13894
4014,1997,7,97612,40200,57412
4014,1997,8,36188,48100,-11912
4014,1997,9,144,73708,-73564
4014,1997,10,65580,43464,22116
4014,1997,11,62052,39600,22452
4014,1997,12,14481,32184,-17703
4014,1998,1,17074,39400,-22326
4014,1998,2,119600,77400,42200
4014,1998,3,14222,23500,-9278
4014,1998,4,60715,26100,34615
4014,1998,5,104393,131400,-27007
4014,1998,6,58347,85900,-27553
4014,1998,7,20198,4500,15698
4014,1998,8,190,6800,-6610
4014,1998,9,135609,115800,19809
4014,1998,10,71395,60700,10695
4014,1998,11,93674,91800,1874
4014,1998,12,284,4200,-3916
4026,1997,2,26988,0,26988
4026,1997,3,26346,17000,9346
4026,1997,4,26419,6400,20019
4026,1997,5,26467,17400,9067
4026,1997,6,39631,28233,11398
4026,1997,7,26501,31044,-4543
4026,1997,8,26454,38277,-11823
4026,1997,9,26449,26444,5
4026,1997,10,26444,27844,-1400
4026,1997,11,26456,22744,3712
4026,1997,12,39542,51192,-11650
4026,1998,1,26325,54344,-28019
4026,1998,2,33233,26594,6639
4026,1998,3,28660,25607,3053
4026,1998,4,27784,24961,2823
4026,1998,5,26987,35210,-8223
4026,1998,6,44019,12344,31675
4026,1998,7,28037,49753,-21716
4026,1998,8,26402,21744,4658
4026,1998,9,26421,20444,5977
4026,1998,10,26401,29705,-3304
4026,1998,11,26385,28744,-2359
4026,1998,12,39545,18329,21216
4033,1996,11,1000,0,1000
4033,1996,12,19704,0,19704
4033,1997,1,12350,2400,9950
4033,1997,2,12383,6500,5883
4033,1997,3,12398,11400,998
4033,1997,4,12408,13079,-671
4033,1997,5,12398,17273,-4875
4033,1997,6,18482,26693,-8211
4033,1997,7,12350,11373,977
4033,1997,8,12340,21333,-8993
4033,1997,9,13030,6073,6957
4033,1997,10,12352,7973,4379
4033,1997,11,12373,6973,5400
4033,1997,12,18507,17493,1014
4033,1998,1,12368,21333,-8965
4033,1998,2,12366,9973,2393
4033,1998,3,12370,7573,4797
4033,1998,4,12388,8273,4115
4033,1998,5,12392,13573,-1181
4033,1998,6,18515,19073,-558
4033,1998,7,12393,12773,-380
4033,1998,8,12397,11973,424
4033,1998,9,12391,13133,-742
4033,1998,10,12914,6073,6841
4033,1998,11,12418,14893,-2475
4033,1998,12,18525,18038,487
4034,1993,1,200,0,200
4034,1993,2,13104,0,13104
4034,1993,3,8650,0,8650
4034,1993,4,5180,100,5080
4034,1993,5,5191,5800,-609
4034,1993,6,7723,37058,-29335
4034,1993,7,17109,30,17079
4034,1993,8,7255,15,7240
4034,1993,9,5175,2315,2860
4034,1993,10,5192,1135,4057
4034,1993,11,5191,8615,-3424
4034,1993,12,7737,6775,962
4034,1994,1,5458,22855,-17397
4034,1994,2,12246,15,12231
4034,1994,3,8377,4095,4282
4034,1994,4,5193,1515,3678
4034,1994,5,5199,5215,-16
4034,1994,6,19190,37935,-18745
4034,1994,7,9437,4815,4622
4034,1994,8,6458,15,6443
4034,1994,9,5172,6655,-1483
4034,1994,10,5978,15,5963
4034,1994,11,5803,15,5788
4034,1994,12,7752,7115,637
4034,1995,1,10190,18455,-8265
4034,1995,2,5192,815,4377
4034,1995,3,5199,4215,984
4034,1995,4,5209,2355,2854
4034,1995,5,5226,715,4511
4034,1995,6,7757,14255,-6498
4034,1995,7,5221,815,4406
4034,1995,8,5641,15,5626
4034,1995,9,5240,7035,-1795
4034,1995,10,5237,8355,-3118
4034,1995,11,5237,1615,3622
4034,1995,12,7786,10915,-3129
4034,1996,1,6424,20735,-14311
4034,1996,2,10401,15,10386
4034,1996,3,6030,15,6015
4034,1996,4,5252,115,5137
4034,1996,5,5272,615,4657
4034,1996,6,7761,47735,-39974
4034,1996,7,29485,15,29470
4034,1996,8,6446,1215,5231
4034,1996,9,5257,4075,1182
4034,1996,10,6359,5175,1184
4034,1996,11,5265,2015,3250
4034,1996,12,9717,9015,702
4034,1997,1,14655,20455,-5800
4034,1997,2,8161,3015,5146
4034,1997,3,5777,5535,242
4034,1997,4,5291,6215,-924
4034,1997,5,5277,1115,4162
4034,1997,6,15912,25295,-9383
4034,1997,7,5257,3235,2022
4034,1997,8,7466,2655,4811
4034,1997,9,5281,4215,1066
4034,1997,10,5286,7095,-1809
4034,1997,11,5483,15,5468
4034,1997,12,7849,2335,5514
4034,1998,1,11315,20495,-9180
4034,1998,2,11396,1215,10181
4034,1998,3,8930,5775,3155
4034,1998,4,5343,2015,3328
4034,1998,5,8061,3855,4206
4034,1998,6,9004,13135,-4131
4034,1998,7,5355,4115,1240
4034,1998,8,5359,15,5344
4034,1998,9,5382,3815,1567
4034,1998,10,5387,4915,472
4034,1998,11,5388,5815,-427
4034,1998,12,7927,7700,227
4035,1993,7,1100,0,1100
4035,1993,8,29910,3500,26410
4035,1993,9,30008,18200,11808
4035,1993,10,30053,22100,7953
4035,1993,11,30079,28000,2079
4035,1993,12,45097,36615,8482
4035,1994,1,30082,53215,-23133
4035,1994,2,30043,26215,3828
4035,1994,3,30079,42032,-11953
4035,1994,4,30706,34177,-3471
4035,1994,5,29992,27716,2276
4035,1994,6,44979,42021,2958
4035,1994,7,30010,32714,-2704
4035,1994,8,30038,18124,11914
4035,1994,9,30093,20818,9275
4035,1994,10,30063,38115,-8052
4035,1994,11,30059,20915,9144
4035,1994,12,45036,43205,1831
4035,1995,1,29993,81894,-51901
4035,1995,2,31723,8726,22997
4035,1995,3,30005,10715,19290
4035,1995,4,30053,33115,-3062
4035,1995,5,30057,19215,10842
4035,1995,6,45009,50815,-5806
4035,1995,7,30067,24615,5452
4035,1995,8,30103,29836,267
4035,1995,9,30080,32989,-2909
4035,1995,10,30082,23615,6467
4035,1995,11,30109,32715,-2606
4035,1995,12,45055,32915,12140
4035,1996,1,30074,75815,-45741
4035,1996,2,30010,6315,23695
4035,1996,3,30060,25615,4445
4035,1996,4,30047,48631,-18584
4035,1996,5,30016,19715,10301
4035,1996,6,55811,70815,-15004
4035,1996,7,35367,43171,-7804
4035,1996,8,30002,7315,22687
4035,1996,9,30062,26005,4057
4035,1996,10,30047,51310,-21263
4035,1996,11,31203,32923,-1720
4035,1996,12,44991,25893,19098
4035,1997,1,30474,56415,-25941
4035,1997,2,43865,15,43850
4035,1997,3,30200,22115,8085
4035,1997,4,30201,9915,20286
4035,1997,5,30246,21415,8831
4035,1997,6,45175,46315,-1140
4035,1997,7,30264,32815,-2551
4035,1997,8,30292,14415,15877
4035,1997,9,30328,74815,-44487
4035,1997,10,32898,8715,24183
4035,1997,11,30278,12615,17663
4035,1997,12,54533,106691,-52158
4035,1998,1,48684,72488,-23804
4035,1998,2,29979,15,29964
4035,1998,3,32710,15815,16895
4035,1998,4,30172,39069,-8897
4035,1998,5,30137,14615,15522
4035,1998,6,62348,91028,-28680
4035,1998,7,30086,8415,21671
4035,1998,8,30175,14915,15260
4035,1998,9,30271,32122,-1851
4035,1998,10,30228,22315,7913
4035,1998,11,30281,38715,-8434
4035,1998,12,45190,50200,-5010
4047,1995,9,200,0,200
4047,1995,10,11700,0,11700
4047,1995,11,21161,0,21161
4047,1995,12,138,4900,-4762
4047,1996,1,91412,64930,26482
4047,1996,2,83929,88830,-4901
4047,1996,3,67572,89428,-21856
4047,1996,4,7418,3630,3788
4047,1996,5,10423,22861,-12438
4047,1996,6,103598,39130,64468
4047,1996,7,411,39121,-38710
4047,1996,8,80236,76869,3367
4047,1996,9,135311,97581,37730
4047,1996,10,32489,53430,-20941
4047,1996,11,9206,27316,-18110
4047,1996,12,51491,18062,33429
4047,1997,1,238,50630,-50392
4047,1997,2,57578,28230,29348
4047,1997,3,2602,23918,-21316
4047,1997,4,9567,11130,-1563
4047,1997,5,324,24586,-24262
4047,1997,6,54771,6483,48288
4047,1997,7,75531,87811,-12280
4047,1997,8,41844,28430,13414
4047,1997,9,204,34609,-34405
4047,1997,10,9208,12030,-2822
4047,1997,11,57955,30,57925
4047,1997,12,270,50335,-50065
4047,1998,1,49842,53130,-3288
4047,1998,2,4324,2524,1800
4047,1998,3,3119,9030,-5911
4047,1998,4,7504,30,7474
4047,1998,5,5334,30,5304
4047,1998,6,4256,30,4226
4047,1998,7,47167,51418,-4251
4047,1998,8,18806,24740,-5934
4047,1998,9,8332,30,8302
4047,1998,10,4342,26059,-21717
4047,1998,11,8856,22351,-13495
4047,1998,12,66372,5700,60672
4052,1997,1,900,0,900
4052,1997,2,20897,0,20897
4052,1997,3,19083,5000,14083
4052,1997,4,19136,12200,6936
4052,1997,5,19163,14200,4963
4052,1997,6,42444,72312,-29868
4052,1997,7,19092,14723,4369
4052,1997,8,19126,18230,896
4052,1997,9,19090,11898,7192
4052,1997,10,19123,8230,10893
4052,1997,11,19192,16530,2662
4052,1997,12,28691,21330,7361
4052,1998,1,20440,58778,-38338
4052,1998,2,32961,18656,14305
4052,1998,3,23537,16363,7174
4052,1998,4,19156,9201,9955
4052,1998,5,19197,15678,3519
4052,1998,6,30437,32378,-1941
4052,1998,7,19162,45824,-26662
4052,1998,8,25687,24605,1082
4052,1998,9,26522,2978,23544
4052,1998,10,19198,7078,12120
4052,1998,11,19237,17217,2020
4052,1998,12,28717,49972,-21255
4055,1993,1,200,0,200
4055,1993,2,23402,0,23402
4055,1993,3,20391,7700,12691
4055,1993,4,20436,16400,4036
4055,1993,5,20452,17200,3252
4055,1993,6,30609,25515,5094
4055,1993,7,20481,22815,-2334
4055,1993,8,20492,22075,-1583
4055,1993,9,20465,22315,-1850
4055,1993,10,20467,18675,1792
4055,1993,11,20467,20515,-48
4055,1993,12,30640,24655,5985
4055,1994,1,20467,43395,-22928
4055,1994,2,20413,10415,9998
4055,1994,3,20441,20275,166
4055,1994,4,20444,16815,3629
4055,1994,5,20472,20355,117
4055,1994,6,30591,35095,-4504
4055,1994,7,20443,16015,4428
4055,1994,8,20453,20715,-262
4055,1994,9,20458,17915,2543
4055,1994,10,20466,18915,1551
4055,1994,11,20460,26455,-5995
4055,1994,12,30592,28695,1897
4055,1995,1,20438,39035,-18597
4055,1995,2,20394,12415,7979
4055,1995,3,20416,16915,3501
4055,1995,4,20412,23775,-3363
4055,1995,5,20413,22695,-2282
4055,1995,6,30559,27215,3344
4055,1995,7,20417,18595,1822
4055,1995,8,20428,24715,-4287
4055,1995,9,20441,5715,14726
4055,1995,10,20470,18015,2455
4055,1995,11,20486,15815,4671
4055,1995,12,30661,22895,7766
4055,1996,1,20479,42315,-21836
4055,1996,2,20458,11015,9443
4055,1996,3,20477,22275,-1798
4055,1996,4,20476,16415,4061
4055,1996,5,20484,19715,769
4055,1996,6,30587,46855,-16268
4055,1996,7,20442,11515,8927
4055,1996,8,20453,21015,-562
4055,1996,9,20453,20315,138
4055,1996,10,20450,21415,-965
4055,1996,11,20456,17715,2741
4055,1996,12,30624,22035,8589
4055,1997,1,20459,44975,-24516
4055,1997,2,20409,14315,6094
4055,1997,3,20429,16955,3474
4055,1997,4,20435,23295,-2860
4055,1997,5,20414,26575,-6161
4055,1997,6,30564,28655,1909
4055,1997,7,20408,18415,1993
4055,1997,8,20421,34315,-13894
4055,1997,9,20427,19215,1212
4055,1997,10,20434,14815,5619
4055,1997,11,20381,19115,1266
4055,1997,12,30555,24795,5760
4055,1998,1,20436,31515,-11079
4055,1998,2,20399,20915,-516
4055,1998,3,20361,20515,-154
4055,1998,4,20359,24215,-3856
4055,1998,5,20363,22455,-2092
4055,1998,6,30516,38695,-8179
4055,1998,7,20303,17815,2488
4055,1998,8,20315,15915,4400
4055,1998,9,20332,16715,3617
4055,1998,10,20345,19915,430
4055,1998,11,20347,19115,1232
4055,1998,12,30502,21960,8542
4059,1993,10,900,0,900
4059,1993,11,10900,0,10900
4059,1993,12,8000,0,8000
4059,1994,1,3500,0,3500
4059,1994,2,2200,0,2200
4059,1994,3,0,1600,-1600
4059,1994,4,700,0,700
4059,1994,5,1200,0,1200
4059,1994,6,0,1300,-1300
4059,1994,7,1000,0,1000
4059,1994,8,0,1800,-1800
4059,1994,9,200,0,200
4059,1994,10,0,1100,-1100
4059,1994,11,800,0,800
4059,1994,12,600,0,600
4059,1995,1,303,2900,-2597
4059,1995,3,90,2600,-2510
4059,1995,4,1490,0,1490
4059,1995,5,3390,2400,990
4059,1995,7,90,2100,-2010
4059,1995,8,590,0,590
4059,1995,9,90,1700,-1610
4059,1995,11,90,2200,-2110
4059,1995,12,4790,0,4790
4059,1996,1,90,2100,-2010
4059,1996,2,690,0,690
4059,1996,3,90,100,-10
4059,1996,4,90,2300,-2210
4059,1996,5,4090,0,4090
4059,1996,6,790,0,790
4059,1996,7,90,300,-210
4059,1996,8,90,1600,-1510
4059,1996,9,90,1400,-1310
4059,1996,10,90,2000,-1910
4059,1996,11,90,3200,-3110
4059,1996,12,90,1800,-1710
4059,1997,1,90,3100,-3010
4059,1997,2,90,900,-810
4059,1997,3,90,1500,-1410
4059,1997,4,690,0,690
4059,1997,5,90,3800,-3710
4059,1997,6,90,5300,-5210
4059,1997,7,90,1300,-1210
4059,1997,8,4590,0,4590
4059,1997,9,90,2100,-2010
4059,1997,10,90,700,-610
4059,1997,11,890,0,890
4059,1997,12,3690,0,3690
4059,1998,1,990,0,990
4059,1998,2,190,0,190
4059,1998,3,90,1200,-1110
4059,1998,4,90,3700,-3610
4059,1998,5,90,5600,-5510
4059,1998,6,90,4300,-4210
4059,1998,7,90,300,-210
4059,1998,8,390,0,390
4059,1998,9,90,2600,-2510
4059,1998,10,90,1300,-1210
4059,1998,11,90,100,-10
4059,1998,12,0,3300,-3300
4066,1994,5,400,0,400
4066,1994,6,48408,13100,35308
4066,1994,7,32409,20000,12409
4066,1994,8,32454,25800,6654
4066,1994,9,32474,31200,1274
4066,1994,10,32506,33861,-1355
4066,1994,11,32497,34254,-1757
4066,1994,12,48629,61854,-13225
4066,1995,1,32397,51654,-19257
4066,1995,2,32378,17754,14624
4066,1995,3,32421,40454,-8033
4066,1995,4,32381,29776,2605
4066,1995,5,32399,26665,5734
4066,1995,6,48578,35654,12924
4066,1995,7,32458,36674,-4216
4066,1995,8,32450,31054,1396
4066,1995,9,32453,31454,999
4066,1995,10,32435,47854,-15419
4066,1995,11,32409,22954,9455
4066,1995,12,48572,40654,7918
4066,1996,1,32410,54254,-21844
4066,1996,2,32385,24354,8031
4066,1996,3,32400,39654,-7254
4066,1996,4,32363,31754,609
4066,1996,5,32393,32238,155
4066,1996,6,48584,31054,17530
4066,1996,7,32445,45295,-12850
4066,1996,8,32383,43154,-10771
4066,1996,9,32350,28054,4296
4066,1996,10,32328,42049,-9721
4066,1996,11,37482,14154,23328
4066,1996,12,48602,26054,22548
4066,1997,1,32388,72130,-39742
4066,1997,2,32379,18154,14225
4066,1997,3,32421,24554,7867
4066,1997,4,32429,32154,275
4066,1997,5,32425,36254,-3829
4066,1997,6,48501,65354,-16853
4066,1997,7,32381,19954,12427
4066,1997,8,32400,37954,-5554
4066,1997,9,32378,27754,4624
4066,1997,10,32425,21054,11371
4066,1997,11,32432,43354,-10922
4066,1997,12,48539,42062,6477
4066,1998,1,32359,51854,-19495
4066,1998,2,32393,14154,18239
4066,1998,3,32412,32954,-542
4066,1998,4,32369,49023,-16654
4066,1998,5,32368,27424,4944
4066,1998,6,48531,36335,12196
4066,1998,7,32417,30954,1463
4066,1998,8,32431,46549,-14118
4066,1998,9,32415,27054,5361
4066,1998,10,32427,34054,-1627
4066,1998,11,32427,31654,773
4066,1998,12,48595,44639,3956
4069,1996,11,700,0,700
4069,1996,12,15356,0,15356
4069,1997,1,4292,200,4092
4069,1997,2,7615,0,7615
4069,1997,3,4741,0,4741
4069,1997,4,5360,3515,1845
4069,1997,5,4364,2015,2349
4069,1997,6,6479,8915,-2436
4069,1997,7,7048,11715,-4667
4069,1997,8,6246,3915,2331
4069,1997,9,4358,815,3543
4069,1997,10,6079,15,6064
4069,1997,11,4400,1215,3185
4069,1997,12,6520,10115,-3595
4069,1998,1,4370,11715,-7345
4069,1998,2,8671,2915,5756
4069,1998,3,5996,15,5981
4069,1998,4,4412,1615,2797
4069,1998,5,4422,2415,2007
4069,1998,6,7739,20615,-12876
4069,1998,7,14510,15,14495
4069,1998,8,5044,515,4529
4069,1998,9,9267,3815,5452
4069,1998,10,7794,15,7779
4069,1998,11,4818,15,4803
4069,1998,12,6642,5400,1242
4071,1996,8,21031,0,21031
4071,1996,9,22722,0,22722
4071,1996,10,20092,6300,13792
4071,1996,11,20136,11100,9036
4071,1996,12,30070,64063,-33993
4071,1997,1,20004,26687,-6683
4071,1997,2,20004,11787,8217
4071,1997,3,20030,19387,643
4071,1997,4,20014,27287,-7273
4071,1997,5,20035,20287,-252
4071,1997,6,29955,29487,468
4071,1997,7,19993,24487,-4494
4071,1997,8,20013,20987,-974
4071,1997,9,19945,27214,-7269
4071,1997,10,19931,22490,-2559
4071,1997,11,19947,14587,5360
4071,1997,12,29927,26787,3140
4071,1998,1,19960,24115,-4155
4071,1998,2,19964,15487,4477
4071,1998,3,19997,24787,-4790
4071,1998,4,19978,20787,-809
4071,1998,5,19973,21387,-1414
4071,1998,6,29928,22187,7741
4071,1998,7,19979,20787,-808
4071,1998,8,19959,25850,-5891
4071,1998,9,19974,13387,6587
4071,1998,10,19977,19687,290
4071,1998,11,19978,19387,591
4071,1998,12,29942,18009,11933
4078,1993,1,300,0,300
4078,1993,2,23736,0,23736
4078,1993,3,26376,12700,13676
4078,1993,4,23894,20800,3094
4078,1993,5,23907,19300,4607
4078,1993,6,35795,26715,9080
4078,1993,7,23962,26215,-2253
4078,1993,8,23953,25715,-1762
4078,1993,9,23947,23315,632
4078,1993,10,23970,30615,-6645
4078,1993,11,23922,22815,1107
4078,1993,12,35801,27515,8286
4078,1994,1,23982,31315,-7333
4078,1994,2,23933,19915,4018
4078,1994,3,23946,23715,231
4078,1994,4,23948,23615,333
4078,1994,5,23990,23815,175
4078,1994,6,35826,53515,-17689
4078,1994,7,23920,16415,7505
4078,1994,8,23911,20715,3196
4078,1994,9,23921,23115,806
4078,1994,10,23925,22515,1410
4078,1994,11,23932,22015,1917
4078,1994,12,35830,36915,-1085
4078,1995,1,23926,28515,-4589
4078,1995,2,23942,22015,1927
4078,1995,3,23927,20215,3712
4078,1995,4,23936,24815,-879
4078,1995,5,23930,28615,-4685
4078,1995,6,35825,29115,6710
4078,1995,7,23943,22915,1028
4078,1995,8,23957,22115,1842
4078,1995,9,23957,21715,2242
4078,1995,10,23951,30115,-6164
4078,1995,11,23944,20315,3629
4078,1995,12,35839,32315,3524
4078,1996,1,23948,33115,-9167
4078,1996,2,23930,22915,1015
4078,1996,3,23933,23415,518
4078,1996,4,23934,23715,219
4078,1996,5,23945,19315,4630
4078,1996,6,35821,49315,-13494
4078,1996,7,23929,11515,12414
4078,1996,8,23950,25515,-1565
4078,1996,9,23949,23315,634
4078,1996,10,23981,25415,-1434
4078,1996,11,23973,11415,12558
4078,1996,12,35918,15715,20203
4078,1997,1,24057,33015,-8958
4078,1997,2,24045,21115,2930
4078,1997,3,24056,21615,2441
4078,1997,4,24060,21615,2445
4078,1997,5,24067,24615,-548
4078,1997,6,35927,49215,-13288
4078,1997,7,24034,15915,8119
4078,1997,8,24059,20015,4044
4078,1997,9,24084,15915,8169
4078,1997,10,24104,21015,3089
4078,1997,11,24111,23215,896
4078,1997,12,36018,22315,13703
4078,1998,1,24108,41715,-17607
4078,1998,2,24111,18415,5696
4078,1998,3,24131,19515,4616
4078,1998,4,24138,23715,423
4078,1998,5,24131,26915,-2784
4078,1998,6,36031,36015,16
4078,1998,7,24128,23415,713
4078,1998,8,24142,19415,4727
4078,1998,9,24157,21415,2742
4078,1998,10,24171,44515,-20344
4078,1998,11,24079,21615,2464
4078,1998,12,36072,4400,31672
4079,1993,11,600,0,600
4079,1993,12,67328,0,67328
4079,1994,1,272,25000,-24728
4079,1994,2,24672,26263,-1591
4079,1994,3,67356,18663,48693
4079,1994,4,11126,54756,-43630
4079,1994,5,50715,24163,26552
4079,1994,6,91221,94577,-3356
4079,1994,7,50534,69674,-19140
4079,1994,8,6866,30263,-23397
4079,1994,9,93793,56257,37536
4079,1994,10,87593,106279,-18686
4079,1994,11,1764,16963,-15199
4079,1994,12,85821,65753,20068
4079,1995,1,24854,47760,-22906
4079,1995,2,7582,12763,-5181
4079,1995,3,6074,10163,-4089
4079,1995,4,27841,20975,6866
4079,1995,5,92774,64975,27799
4079,1995,6,115968,78475,37493
4079,1995,7,38064,84675,-46611
4079,1995,8,3326,22075,-18749
4079,1995,9,120871,61619,59252
4079,1995,10,81805,108575,-26770
4079,1995,11,99395,94993,4402
4079,1995,12,50400,61075,-10675
4079,1996,1,143406,100208,43198
4079,1996,2,41719,89043,-47324
4079,1996,3,24140,25910,-1770
4079,1996,4,37259,10875,26384
4079,1996,5,96157,109675,-13518
4079,1996,6,166,27875,-27709
4079,1996,7,3409,8875,-5466
4079,1996,8,10550,9475,1075
4079,1996,9,987,8875,-7888
4079,1996,10,96890,23075,73815
4079,1996,11,53249,107151,-53902
4079,1996,12,50241,58609,-8368
4079,1997,1,5406,10675,-5269
4079,1997,2,8797,8875,-78
4079,1997,3,12002,8875,3127
4079,1997,4,11214,8875,2339
4079,1997,5,7716,8875,-1159
4079,1997,6,7712,8875,-1163
4079,1997,7,10814,8875,1939
4079,1997,8,8613,13655,-5042
4079,1997,9,10002,8875,1127
4079,1997,10,5195,8875,-3680
4079,1997,11,11697,8875,2822
4079,1997,12,7999,8875,-876
4079,1998,1,19193,20275,-1082
4079,1998,2,50807,8875,41932
4079,1998,3,47825,22975,24850
4079,1998,4,99287,90332,8955
4079,1998,5,81413,78749,2664
4079,1998,6,66825,78028,-11203
4079,1998,7,76250,65375,10875
4079,1998,8,36899,61939,-25040
4079,1998,9,183,49375,-49192
4079,1998,10,4596,8875,-4279
4079,1998,11,5380,8875,-3495
4079,1998,12,23567,13716,9851
4081,1995,7,600,0,600
4081,1995,8,19307,0,19307
4081,1995,9,11974,3500,8474
4081,1995,10,12001,9000,3001
4081,1995,11,12015,8100,3915
4081,1995,12,17970,14015,3955
4081,1996,1,12018,22961,-10943
4081,1996,2,11980,18161,-6181
4081,1996,3,11961,16261,-4300
4081,1996,4,13951,13161,790
4081,1996,5,13648,15561,-1913
4081,1996,6,17885,17961,-76
4081,1996,7,12142,13561,-1419
4081,1996,8,11933,24521,-12588
4081,1996,9,11908,3815,8093
4081,1996,10,11920,13215,-1295
4081,1996,11,11925,9415,2510
4081,1996,12,17856,21562,-3706
4081,1997,1,11917,15815,-3898
4081,1997,2,11911,5761,6150
4081,1997,3,11918,13062,-1144
4081,1997,4,11924,8415,3509
4081,1997,5,11933,12461,-528
4081,1997,6,17876,14462,3414
4081,1997,7,11941,12461,-520
4081,1997,8,11932,15161,-3229
4081,1997,9,11923,13562,-1639
4081,1997,10,11917,13262,-1345
4081,1997,11,11915,16215,-4300
4081,1997,12,17856,11555,6301
4081,1998,1,11889,21475,-9586
4081,1998,2,11899,6215,5684
4081,1998,3,11896,15626,-3730
4081,1998,4,11890,22222,-10332
4081,1998,5,11880,4728,7152
4081,1998,6,17843,8715,9128
4081,1998,7,11911,13619,-1708
4081,1998,8,11908,15415,-3507
4081,1998,9,11897,14815,-2918
4081,1998,10,11888,11315,573
4081,1998,11,11879,15959,-4080
4081,1998,12,17839,8466,9373
4082,1994,11,24864,0,24864
4082,1994,12,28554,0,28554
4082,1995,1,222,12500,-12278
4082,1995,2,222,10900,-10678
4082,1995,3,222,3700,-3478
4082,1995,4,222,4000,-3778
4082,1995,5,222,1200,-978
4082,1995,6,23430,0,23430
4082,1995,7,189,12300,-12111
4082,1995,8,189,2900,-2711
4082,1995,9,189,1000,-811
4082,1995,10,189,4300,-4111
4082,1995,11,289,0,289
4082,1995,12,16925,26507,-9582
4082,1996,1,4036,15315,-11279
4082,1996,2,10124,15,10109
4082,1996,3,61,2415,-2354
4082,1996,4,2555,15,2540
4082,1996,5,1165,1115,50
4082,1996,6,69,915,-846
4082,1996,7,6859,14115,-7256
4082,1996,8,2231,15,2216
4082,1996,9,3241,15,3226
4082,1996,10,50,6015,-5965
4082,1996,11,3829,15,3814
4082,1996,12,3345,3315,30
4082,1997,1,31734,12323,19411
4082,1997,2,25991,22715,3276
4082,1997,3,71616,56615,15001
4082,1997,4,27635,27415,220
4082,1997,5,80144,31415,48729
4082,1997,6,47001,123115,-76114
4082,1997,7,100886,80915,19971
4082,1997,8,66892,51015,15877
4082,1997,9,95895,97915,-2020
4082,1997,10,40651,49915,-9264
4082,1997,11,110058,73215,36843
4082,1997,12,29969,54269,-24300
4082,1998,1,25686,57773,-32087
4082,1998,2,8092,19774,-11682
4082,1998,3,4360,15,4345
4082,1998,4,9074,11115,-2041
4082,1998,5,33167,33199,-32
4082,1998,6,13265,21412,-8147
4082,1998,7,13836,15,13821
4082,1998,8,32975,5515,27460
4082,1998,9,10775,35591,-24816
4082,1998,10,13305,15,13290
4082,1998,11,20090,4615,15475
4082,1998,12,82488,51510,30978
4086,1996,7,700,0,700
4086,1996,8,42432,8000,34432
4086,1996,9,42537,27300,15237
4086,1996,10,42588,32900,9688
4086,1996,11,42610,41100,1510
4086,1996,12,63785,104113,-40328
4086,1997,1,42495,38015,4480
4086,1997,2,42555,21415,21140
4086,1997,3,42596,37415,5181
4086,1997,4,42601,42566,35
4086,1997,5,42581,39315,3266
4086,1997,6,63789,87284,-23495
4086,1997,7,42512,38822,3690
4086,1997,8,42528,41215,1313
4086,1997,9,42524,37515,5009
4086,1997,10,42519,50116,-7597
4086,1997,11,42520,35615,6905
4086,1997,12,63682,78370,-14688
4086,1998,1,42476,44215,-1739
4086,1998,2,42476,39115,3361
4086,1998,3,42532,44908,-2376
4086,1998,4,42496,34785,7711
4086,1998,5,42500,40815,1685
4086,1998,6,63699,59015,4684
4086,1998,7,42502,53015,-10513
4086,1998,8,42621,38215,4406
4086,1998,9,42583,22029,20554
4086,1998,10,42559,62947,-20388
4086,1998,11,42502,15,42487
4086,1998,12,63897,57634,6263
4088,1996,3,37565,7700,29865
4088,1996,4,124,1900,-1776
4088,1996,5,16480,7900,8580
4088,1996,6,39286,28000,11286
4088,1996,7,199,15000,-14801
4088,1996,8,48404,49193,-789
4088,1996,9,17440,27097,-9657
4088,1996,10,3287,3670,-383
4088,1996,11,20218,13170,7048
4088,1996,12,28919,24070,4849
4088,1997,1,19930,22570,-2640
4088,1997,2,18658,25441,-6783
4088,1997,3,8325,10270,-1945
4088,1997,4,69354,50284,19070
4088,1997,5,102920,61270,41650
4088,1997,6,92597,69970,22627
4088,1997,7,38940,99301,-60361
4088,1997,8,2920,24460,-21540
4088,1997,9,38132,33670,4462
4088,1997,10,177241,108870,68371
4088,1997,11,24456,71770,-47314
4088,1997,12,36178,42781,-6603
4088,1998,1,99,24170,-24071
4088,1998,2,23670,17062,6608
4088,1998,3,6285,11870,-5585
4088,1998,4,69,6770,-6701
4088,1998,5,46,3670,-3624
4088,1998,6,31,3670,-3639
4088,1998,7,40363,10570,29793
4088,1998,8,95831,101138,-5307
4088,1998,9,100,12370,-12270
4088,1998,10,66,3670,-3604
4088,1998,11,51,3670,-3619
4088,1998,12,12573,8855,3718
4090,1996,10,200,0,200
4090,1996,11,13300,0,13300
4090,1996,12,5400,0,5400
4090,1997,1,3800,0,3800
4090,1997,2,0,2500,-2500
4090,1997,3,3300,0,3300
4090,1997,4,0,3600,-3600
4090,1997,5,1500,0,1500
4090,1997,6,0,4500,-4500
4090,1997,7,0,2500,-2500
4090,1997,8,0,300,-300
4090,1997,9,0,1600,-1600
4090,1997,10,0,900,-900
4090,1997,11,0,1100,-1100
4090,1997,12,3600,0,3600
4090,1998,1,1000,0,1000
4090,1998,2,5600,0,5600
4090,1998,3,0,100,-100
4090,1998,4,4200,0,4200
4090,1998,5,1100,0,1100
4090,1998,6,200,0,200
4090,1998,7,0,2600,-2600
4090,1998,8,0,500,-500
4090,1998,9,0,1700,-1700
4090,1998,10,3,1800,-1797
4090,1998,11,4500,0,4500
4091,1997,8,14833,0,14833
4091,1997,9,21414,0,21414
4091,1997,10,14560,7300,7260
4091,1997,11,14584,9200,5384
4091,1997,12,21803,18147,3656
4091,1998,1,15453,34547,-19094
4091,1998,2,14553,4447,10106
4091,1998,3,14578,16167,-1589
4091,1998,4,14580,8847,5733
4091,1998,5,14580,24947,-10367
4091,1998,6,27128,37567,-10439
4091,1998,7,17023,9727,7296
4091,1998,8,14554,12347,2207
4091,1998,9,14572,14147,425
4091,1998,10,14560,17367,-2807
4091,1998,11,14550,15547,-997
4091,1998,12,21760,8272,13488
4092,1996,3,700,0,700
4092,1996,4,18242,0,18242
4092,1996,5,11696,2200,9496
4092,1996,6,17534,7400,10134
4092,1996,7,11746,13800,-2054
4092,1996,8,11737,13915,-2178
4092,1996,9,11738,10815,923
4092,1996,10,11737,12115,-378
4092,1996,11,11730,13815,-2085
4092,1996,12,17529,17895,-366
4092,1997,1,11723,14555,-2832
4092,1997,2,11727,8315,3412
4092,1997,3,11748,5915,5833
4092,1997,4,11749,12915,-1166
4092,1997,5,11742,14575,-2833
4092,1997,6,17542,18215,-673
4092,1997,7,11757,5115,6642
4092,1997,8,11776,7815,3961
4092,1997,9,11813,4975,6838
4092,1997,10,11831,5015,6816
4092,1997,11,11825,15555,-3730
4092,1997,12,17650,9575,8075
4092,1998,1,11835,21875,-10040
4092,1998,2,11852,215,11637
4092,1998,3,11877,6815,5062
4092,1998,4,11905,4915,6990
4092,1998,5,11908,12015,-107
4092,1998,6,25230,43335,-18105
4092,1998,7,11868,4815,7053
4092,1998,8,11874,9015,2859
4092,1998,9,11876,9115,2761
4092,1998,10,11887,9215,2672
4092,1998,11,11908,15735,-3827
4092,1998,12,17724,4640,13084
4093,1993,3,400,0,400
4093,1993,4,60946,0,60946
4093,1993,5,934,20600,-19666
4093,1993,6,862,10500,-9638
4093,1993,7,825,8165,-7340
4093,1993,8,3103,1965,1138
4093,1993,9,1610,15,1595
4093,1993,10,21616,13615,8001
4093,1993,11,837,7515,-6678
4093,1993,12,815,3815,-3000
4093,1994,1,23240,20465,2775
4093,1994,2,1120,15,1105
4093,1994,3,818,4115,-3297
4093,1994,4,807,2315,-1508
4093,1994,5,804,115,689
4093,1994,6,1206,1615,-409
4093,1994,7,803,2515,-1712
4093,1994,8,797,1115,-318
4093,1994,9,2902,15,2887
4093,1994,10,24203,11715,12488
4093,1994,11,849,5815,-4966
4093,1994,12,829,8265,-7436
4093,1995,1,3388,11015,-7627
4093,1995,2,777,615,162
4093,1995,3,38218,16515,21703
4093,1995,4,844,11165,-10321
4093,1995,5,816,4815,-3999
4093,1995,6,796,7215,-6419
4093,1995,7,2287,15,2272
4093,1995,8,784,2815,-2031
4093,1995,9,782,515,267
4093,1995,10,779,2415,-1636
4093,1995,11,768,3465,-2697
4093,1995,12,46716,26415,20301
4093,1996,1,791,22365,-21574
4093,1996,2,2565,15,2550
4093,1996,3,59309,2615,56694
4093,1996,4,947,32115,-31168
4093,1996,5,836,19515,-18679
4093,1996,6,780,8115,-7335
4093,1996,7,767,1115,-348
4093,1996,8,761,3115,-2354
4093,1996,9,756,15,741
4093,1996,10,759,15,744
4093,1996,11,762,15,747
4093,1996,12,765,15,750
4093,1997,1,766,2365,-1599
4093,1997,2,28009,15,27994
4093,1997,3,824,22015,-21191
4093,1997,4,773,7615,-6842
4093,1997,5,761,15,746
4093,1997,6,764,15,749
4093,1997,7,767,815,-48
4093,1997,8,18547,13415,5132
4093,1997,9,788,1815,-1027
4093,1997,10,782,7515,-6733
4093,1997,11,756,15,741
4093,1997,12,759,15,744
4093,1998,1,11505,11215,290
4093,1998,2,763,15,748
4093,1998,3,766,15,751
4093,1998,4,769,915,-146
4093,1998,5,768,15,753
4093,1998,6,24161,22715,1446
4093,1998,7,777,15,762
4093,1998,8,780,15,765
4093,1998,9,783,15,768
4093,1998,10,787,15,772
4093,1998,11,789,915,-126
4093,1998,12,783,4200,-3417
4099,1996,5,800,0,800
4099,1996,6,27238,1600,25638
4099,1996,7,18260,11900,6360
4099,1996,8,18284,15200,3084
4099,1996,9,18296,15900,2396
4099,1996,10,18327,24522,-6195
4099,1996,11,18295,21642,-3347
4099,1996,12,27382,20362,7020
4099,1997,1,18285,28922,-10637
4099,1997,2,18275,15042,3233
4099,1997,3,18286,17942,344
4099,1997,4,18283,17722,561
4099,1997,5,18289,17042,1247
4099,1997,6,27389,20042,7347
4099,1997,7,18320,18942,-622
4099,1997,8,18312,19214,-902
4099,1997,9,18299,22414,-4115
4099,1997,10,18280,22794,-4514
4099,1997,11,18268,18914,-646
4099,1997,12,27354,22874,4480
4099,1998,1,18237,33634,-15397
4099,1998,2,18245,5114,13131
4099,1998,3,18289,10914,7375
4099,1998,4,18307,17014,1293
4099,1998,5,18317,15174,3143
4099,1998,6,27403,31734,-4331
4099,1998,7,18313,14414,3899
4099,1998,8,18322,17514,808
4099,1998,9,18325,17014,1311
4099,1998,10,18327,17214,1113
4099,1998,11,18333,15914,2419
4099,1998,12,27430,22199,5231
4102,1996,11,700,0,700
4102,1997,1,10900,0,10900
4102,1997,2,8400,0,8400
4102,1997,3,3600,0,3600
4102,1997,4,3700,0,3700
4102,1997,5,0,2200,-2200
4102,1997,6,0,3500,-3500
4102,1997,7,0,1800,-1800
4102,1997,8,10762,0,10762
4102,1997,9,127,2700,-2573
4102,1997,10,127,200,-73
4102,1997,11,127,1300,-1173
4102,1997,12,52112,0,52112
4102,1998,1,328,26700,-26372
4102,1998,2,328,12800,-12472
4102,1998,3,328,3700,-3372
4102,1998,4,328,300,28
4102,1998,5,328,1900,-1572
4102,1998,6,328,300,28
4102,1998,7,328,1000,-672
4102,1998,8,328,600,-272
4102,1998,9,15481,0,15481
4102,1998,10,206,4400,-4194
4102,1998,11,206,1200,-994
4102,1998,12,8521,900,7621
4103,1995,1,69149,0,69149
4103,1995,2,24794,35200,-10406
4103,1995,3,64737,69015,-4278
4103,1995,4,211,22415,-22204
4103,1995,5,47671,7644,40027
4103,1995,6,64130,78015,-13885
4103,1995,7,24645,32615,-7970
4103,1995,8,76934,35115,41819
4103,1995,9,107620,119720,-12100
4103,1995,10,99730,122015,-22285
4103,1995,11,207018,209063,-2045
4103,1995,12,208,16815,-16607
4103,1996,1,55608,37384,18224
4103,1996,2,37961,13815,24146
4103,1996,3,336,29415,-29079
4103,1996,4,112529,78125,34404
4103,1996,5,167172,173015,-5843
4103,1996,6,42428,80620,-38192
4103,1996,7,134,38312,-38178
4103,1996,8,74718,15,74703
4103,1996,9,65305,75915,-10610
4103,1996,10,54887,22215,32672
4103,1996,11,417,39415,-38998
4103,1996,12,46560,42715,3845
4103,1997,1,198,54115,-53917
4103,1997,2,4151,15,4136
4103,1997,3,3268,15,3253
4103,1997,4,81,1415,-1334
4103,1997,5,773,2811,-2038
4103,1997,6,63,7115,-7052
4103,1997,7,2736,3615,-879
4103,1997,8,1133,1515,-382
4103,1997,9,1324,6188,-4864
4103,1997,10,6320,6028,292
4103,1997,11,5913,15,5898
4103,1997,12,36,2615,-2579
4103,1998,1,20447,12015,8432
4103,1998,2,51526,15,51511
4103,1998,3,25763,28215,-2452
4103,1998,4,53501,23415,30086
4103,1998,5,25332,69315,-43983
4103,1998,6,62330,45515,16815
4103,1998,7,273,32215,-31942
4103,1998,8,135,16115,-15980
4103,1998,9,90149,6315,83834
4103,1998,10,48949,103715,-54766
4103,1998,11,24395,29215,-4820
4103,1998,12,87871,42000,45871
4105,1995,5,3408,0,3408
4105,1995,6,13240,0,13240
4105,1995,7,7285,15,7270
4105,1995,8,5812,15,5797
4105,1995,9,2715,3965,-1250
4105,1995,10,51002,28815,22187
4105,1995,11,2776,18465,-15689
4105,1995,12,2737,7515,-4778
4105,1996,1,2694,17915,-15221
4105,1996,2,4470,15,4455
4105,1996,3,4083,3865,218
4105,1996,4,6296,15,6281
4105,1996,5,30755,1115,29640
4105,1996,6,43625,20365,23260
4105,1996,7,2875,36815,-33940
4105,1996,8,2789,9615,-6826
4105,1996,9,2760,9515,-6755
4105,1996,10,2733,6015,-3282
4105,1996,11,2719,4215,-1496
4105,1996,12,2706,9665,-6959
4105,1997,1,2878,5515,-2637
4105,1997,2,2773,965,1808
4105,1997,3,2682,1515,1167
4105,1997,4,2686,2215,471
4105,1997,5,2688,2015,673
4105,1997,6,6181,15,6166
4105,1997,7,2716,2015,701
4105,1997,8,2719,1915,804
4105,1997,9,2719,5115,-2396
4105,1997,10,7216,15,7201
4105,1997,11,2742,1815,927
4105,1997,12,4745,2615,2130
4105,1998,1,6718,14565,-7847
4105,1998,2,9831,15,9816
4105,1998,3,2761,3115,-354
4105,1998,4,29277,13815,15462
4105,1998,5,2819,6015,-3196
4105,1998,6,9280,18315,-9035
4105,1998,7,2876,15,2861
4105,1998,8,6983,4765,2218
4105,1998,9,3198,15,3183
4105,1998,10,2806,2615,191
4105,1998,11,2811,1515,1296
4105,1998,12,2807,5400,-2593
4109,1995,2,1203,0,1203
4109,1995,3,14534,0,14534
4109,1995,4,3974,0,3974
4109,1995,5,2488,0,2488
4109,1995,6,384,8515,-8131
4109,1995,7,8876,1015,7861
4109,1995,8,6206,15,6191
4109,1995,9,3023,15,3008
4109,1995,10,2030,3615,-1585
4109,1995,11,2327,15,2312
4109,1995,12,2026,5515,-3489
4109,1996,1,4301,16615,-12314
4109,1996,2,10791,965,9826
4109,1996,3,6119,1215,4904
4109,1996,4,46977,1015,45962
4109,1996,5,2181,18415,-16234
4109,1996,6,2087,42415,-40328
4109,1996,7,14217,565,13652
4109,1996,8,10063,15,10048
4109,1996,9,2084,815,1269
4109,1996,10,4180,3815,365
4109,1996,11,2092,4715,-2623
4109,1996,12,7078,1715,5363
4109,1997,1,3483,18615,-15132
4109,1997,2,5838,15,5823
4109,1997,3,7563,815,6748
4109,1997,4,3391,15,3376
4109,1997,5,504,1315,-811
4109,1997,6,12724,26915,-14191
4109,1997,7,9247,1965,7282
4109,1997,8,8079,15,8064
4109,1997,9,7090,2515,4575
4109,1997,10,2123,5415,-3292
4109,1997,11,16146,12115,4031
4109,1997,12,2119,7115,-4996
4109,1998,1,3390,10515,-7125
4109,1998,2,4180,15,4165
4109,1998,3,1295,15,1280
4109,1998,4,3297,2465,832
4109,1998,5,3506,15,3491
4109,1998,6,3690,13215,-9525
4109,1998,7,2279,15,2264
4109,1998,8,485,1515,-1030
4109,1998,9,470,9565,-9095
4109,1998,10,46816,15015,31801
4109,1998,11,548,18515,-17967
4109,1998,12,476,16350,-15874
4116,1997,10,41140,0,41140
4116,1997,11,171,10900,-10729
4116,1997,12,1471,0,1471
4116,1998,1,171,3200,-3029
4116,1998,2,76641,3800,72841
4116,1998,3,66390,80215,-13825
4116,1998,4,114184,110683,3501
4116,1998,5,83419,84763,-1344
4116,1998,6,26478,80163,-53685
4116,1998,7,17615,23163,-5548
4116,1998,8,38906,39963,-1057
4116,1998,9,24740,33963,-9223
4116,1998,10,28486,29263,-777
4116,1998,11,72600,47063,25537
4116,1998,12,153930,105829,48101
4119,1993,10,400,0,400
4119,1993,11,13427,0,13427
4119,1993,12,3765,0,3765
4119,1994,1,3380,0,3380
4119,1994,2,488,100,388
4119,1994,3,590,15,575
4119,1994,4,491,715,-224
4119,1994,5,2392,2765,-373
4119,1994,6,1890,9015,-7125
4119,1994,7,3968,15,3953
4119,1994,8,1178,15,1163
4119,1994,9,4583,2315,2268
4119,1994,10,15003,515,14488
4119,1994,11,543,4115,-3572
4119,1994,12,9863,9615,248
4119,1995,1,510,15065,-14555
4119,1995,2,22486,15,22471
4119,1995,3,27809,20815,6994
4119,1995,4,565,13715,-13150
4119,1995,5,534,4115,-3581
4119,1995,6,523,3415,-2892
4119,1995,7,505,6315,-5810
4119,1995,8,589,2165,-1576
4119,1995,9,3293,15,3278
4119,1995,10,4710,15,4695
4119,1995,11,2525,15,2510
4119,1995,12,524,2815,-2291
4119,1996,1,501,8765,-8264
4119,1996,2,4296,15,4281
4119,1996,3,7017,15,7002
4119,1996,4,14671,1365,13306
4119,1996,5,578,4515,-3937
4119,1996,6,540,9415,-8875
4119,1996,7,3442,665,2777
4119,1996,8,1548,765,783
4119,1996,9,547,1565,-1018
4119,1996,10,2750,15,2735
4119,1996,11,11734,5415,6319
4119,1996,12,561,10815,-10254
4119,1997,1,10089,19665,-9576
4119,1997,2,499,715,-216
4119,1997,3,6708,15,6693
4119,1997,4,2325,1715,610
4119,1997,5,5730,1315,4415
4119,1997,6,27641,24515,3126
4119,1997,7,46280,26715,19565
4119,1997,8,638,6915,-6277
4119,1997,9,613,4965,-4352
4119,1997,10,1898,365,1533
4119,1997,11,602,1915,-1313
4119,1997,12,1893,3565,-1672
4119,1998,1,11673,14415,-2742
4119,1998,2,21424,3515,17909
4119,1998,3,650,4615,-3965
4119,1998,4,634,4765,-4131
4119,1998,5,619,1715,-1096
4119,1998,6,7695,13115,-5420
4119,1998,7,1093,15,1078
4119,1998,8,12119,5315,6804
4119,1998,9,624,865,-241
4119,1998,10,615,5565,-4950
4119,1998,11,603,315,288
4119,1998,12,601,1600,-999
4121,1995,6,2204,0,2204
4121,1995,7,52537,0,52537
4121,1995,8,2095,14700,-12605
4121,1995,9,2060,8515,-6455
4121,1995,10,2033,8215,-6182
4121,1995,11,2016,5415,-3399
4121,1995,12,1999,4215,-2216
4121,1996,1,1979,10465,-8486
4121,1996,2,7679,15,7664
4121,1996,3,1987,5065,-3078
4121,1996,4,19610,15,19595
4121,1996,5,2045,9615,-7570
4121,1996,6,12181,29415,-17234
4121,1996,7,4974,15,4959
4121,1996,8,4993,3815,1178
4121,1996,9,2687,15,2672
4121,1996,10,1998,2915,-917
4121,1996,11,3995,2115,1880
4121,1996,12,3101,2665,436
4121,1997,1,9485,12565,-3080
4121,1997,2,6293,15,6278
4121,1997,3,2019,2015,4
4121,1997,4,2518,15,2503
4121,1997,5,2028,3965,-1937
4121,1997,6,31822,32115,-293
4121,1997,7,2220,15,2205
4121,1997,8,2026,3315,-1289
4121,1997,9,2016,10165,-8149
4121,1997,10,30909,19715,11194
4121,1997,11,2024,12515,-10491
4121,1997,12,1986,7315,-5329
4121,1998,1,1960,6365,-4405
4121,1998,2,2252,15,2237
4121,1998,3,1960,915,1045
4121,1998,4,43011,23165,19846
4121,1998,5,42649,28515,14134
4121,1998,6,2072,26315,-24243
4121,1998,7,1996,7615,-5619
4121,1998,8,1979,2915,-936
4121,1998,9,1976,2415,-439
4121,1998,10,1976,1315,661
4121,1998,11,1975,3115,-1140
4121,1998,12,1972,2200,-228
4127,1996,5,900,0,900
4127,1996,6,10300,0,10300
4127,1996,7,2900,0,2900
4127,1996,8,2702,0,2702
4127,1996,9,36644,16900,19744
4127,1996,10,9590,13100,-3510
4127,1996,11,28253,20400,7853
4127,1996,12,29663,23600,6063
4127,1997,1,45601,38115,7486
4127,1997,2,195,23210,-23015
4127,1997,3,28430,26210,2220
4127,1997,4,3674,22787,-19113
4127,1997,5,28,15212,-15184
4127,1997,6,0,314,-314
4127,1997,7,0,317,-317
4127,1997,8,0,320,-320
4127,1997,9,0,324,-324
4127,1997,10,0,327,-327
4127,1997,11,0,331,-331
4127,1997,12,0,334,-334
4127,1998,1,0,15,-15
4127,1998,2,15193,350,14843
4127,1998,3,42788,29451,13337
4127,1998,4,31571,38779,-7208
4127,1998,5,35,15610,-15575
4127,1998,6,9,305,-296
4127,1998,7,7,305,-298
4127,1998,8,6,305,-299
4127,1998,9,5,305,-300
4127,1998,10,4,305,-301
4127,1998,11,2,305,-303
4127,1998,12,1,290,-289
4128,1997,9,700,0,700
4128,1997,10,41479,0,41479
4128,1997,11,13946,10500,3446
4128,1997,12,49528,29100,20428
4128,1998,1,73239,100249,-27010
4128,1998,2,4712,19315,-14603
4128,1998,3,35172,38415,-3243
4128,1998,4,10512,14315,-3803
4128,1998,5,41163,25715,15448
4128,1998,6,5352,23015,-17663
4128,1998,7,3548,16415,-12867
4128,1998,8,10,14819,-14809
4128,1998,9,42797,13598,29199
4128,1998,10,1454,12615,-11161
4128,1998,11,65822,20615,45207
4128,1998,12,62281,46100,16181
4130,1997,6,300,0,300
4130,1997,7,13802,0,13802
4130,1997,8,1359,0,1359
4130,1997,9,2759,0,2759
4130,1997,10,59,1000,-941
4130,1997,11,59,3700,-3641
4130,1997,12,59,4900,-4841
4130,1998,1,5146,2800,2346
4130,1998,2,24470,15600,8870
4130,1998,3,39333,27100,12233
4130,1998,4,134,13000,-12866
4130,1998,5,108687,37215,71472
4130,1998,6,12537,91015,-78478
4130,1998,7,2812,14681,-11869
4130,1998,8,15039,17151,-2112
4130,1998,9,18256,4027,14229
4130,1998,10,123942,69361,54581
4130,1998,11,5226,51550,-46324
4130,1998,12,32356,7500,24856
4131,1994,8,700,0,700
4131,1994,9,103332,14400,88932
4131,1994,10,137901,150315,-12414
4131,1994,11,28072,49201,-21129
4131,1994,12,21740,35685,-13945
4131,1995,1,36733,59060,-22327
4131,1995,2,24529,12895,11634
4131,1995,3,76552,8085,68467
4131,1995,4,198268,191385,6883
4131,1995,5,61227,103585,-42358
4131,1995,6,193,32627,-32434
4131,1995,7,74041,37193,36848
4131,1995,8,90368,56470,33898
4131,1995,9,28355,41785,-13430
4131,1995,10,87448,104285,-16837
4131,1995,11,20323,36285,-15962
4131,1995,12,89264,81185,8079
4131,1996,1,31122,43785,-12663
4131,1996,2,45295,53385,-8090
4131,1996,3,41719,28706,13013
4131,1996,4,180,19285,-19105
4131,1996,5,133,8085,-7952
4131,1996,6,35121,29885,5236
4131,1996,7,74419,17985,56434
4131,1996,8,46981,37885,9096
4131,1996,9,22228,64699,-42471
4131,1996,10,62477,25285,37192
4131,1996,11,68728,78385,-9657
4131,1996,12,232,44682,-44450
4131,1997,1,9373,24807,-15434
4131,1997,2,73,9585,-9512
4131,1997,3,8781,5685,3096
4131,1997,4,7568,5885,1683
4131,1997,5,4682,5685,-1003
4131,1997,6,40809,5685,35124
4131,1997,7,36696,17285,19411
4131,1997,8,78147,54385,23762
4131,1997,9,36537,52885,-16348
4131,1997,10,82014,101401,-19387
4131,1997,11,32437,23085,9352
4131,1997,12,71630,73685,-2055
4131,1998,1,51070,69625,-18555
4131,1998,2,31672,5685,25987
4131,1998,3,37936,59885,-21949
4131,1998,4,98173,79485,18688
4131,1998,5,25632,31185,-5553
4131,1998,6,63991,58185,5806
4131,1998,7,81094,80285,809
4131,1998,8,104047,127285,-23238
4131,1998,9,79013,79090,-77
4131,1998,10,40493,29644,10849
4131,1998,11,61814,54514,7300
4131,1998,12,70298,59094,11204
4132,1997,10,1000,0,1000
4132,1997,11,10200,0,10200
4132,1997,12,16604,0,16604
4132,1998,1,1500,0,1500
4132,1998,2,128,0,128
4132,1998,3,2616,200,2416
4132,1998,4,1833,0,1833
4132,1998,5,1433,0,1433
4132,1998,6,133,1400,-1267
4132,1998,7,133,1000,-867
4132,1998,8,133,1800,-1667
4132,1998,9,1533,0,1533
4132,1998,10,6338,0,6338
4132,1998,11,40522,24300,16222
4132,1998,12,0,12700,-12700
4134,1993,3,58295,0,58295
4134,1993,4,40280,35400,4880
4134,1993,5,41201,32847,8354
4134,1993,6,165,35678,-35513
4134,1993,7,35134,30547,4587
4134,1993,8,154,11521,-11367
4134,1993,9,47373,51135,-3762
4134,1993,10,130217,78547,51670
4134,1993,11,277,33763,-33486
4134,1993,12,19035,34057,-15022
4134,1994,1,29201,36076,-6875
4134,1994,2,35861,19047,16814
4134,1994,3,96483,89069,7414
4134,1994,4,139378,133419,5959
4134,1994,5,43523,43547,-24
4134,1994,6,31887,41552,-9665
4134,1994,7,112418,122746,-10328
4134,1994,8,47469,30647,16822
4134,1994,9,17109,33637,-16528
4134,1994,10,7552,12047,-4495
4134,1994,11,102315,40047,62268
4134,1994,12,67948,132447,-64499
4134,1995,1,34752,36747,-1995
4134,1995,2,39546,21847,17699
4134,1995,3,34622,32247,2375
4134,1995,4,46347,15347,31000
4134,1995,5,31211,47347,-16136
4134,1995,6,45590,43547,2043
4134,1995,7,32767,49662,-16895
4134,1995,8,65671,53747,11924
4134,1995,9,17407,26347,-8940
4134,1995,10,163,17347,-17184
4134,1995,11,32881,21347,11534
4134,1995,12,23713,25447,-1734
4134,1996,1,18521,32647,-14126
4134,1996,2,3098,5947,-2849
4134,1996,3,881,5947,-5066
4134,1996,4,6772,5947,825
4134,1996,5,7377,5947,1430
4134,1996,6,80765,18547,62218
4134,1996,7,222,41532,-41310
4134,1996,8,46358,35751,10607
4134,1996,9,193,24547,-24354
4134,1996,10,8214,5947,2267
4134,1996,11,3210,5947,-2737
4134,1996,12,10957,11947,-990
4134,1997,1,32922,23647,9275
4134,1997,2,4536,5947,-1411
4134,1997,3,2124,5947,-3823
4134,1997,4,28599,5947,22652
4134,1997,5,47289,42347,4942
4134,1997,6,52936,39547,13389
4134,1997,7,211,26447,-26236
4134,1997,8,52939,44447,8492
4134,1997,9,139,24647,-24508
4134,1997,10,37151,26447,10704
4134,1997,11,50661,19647,31014
4134,1997,12,162,37404,-37242
4134,1998,1,38824,50711,-11887
4134,1998,2,23046,26047,-3001
4134,1998,3,53442,5947,47495
4134,1998,4,157,35647,-35490
4134,1998,5,59463,5947,53516
4134,1998,6,67893,80958,-13065
4134,1998,7,142,46547,-46405
4134,1998,8,92,5947,-5855
4134,1998,9,67,5947,-5880
4134,1998,10,25841,5947,19894
4134,1998,11,125,5947,-5822
4134,1998,12,83929,79985,3944
4140,1997,12,32494,0,32494
4140,1998,1,21240,6900,14340
4140,1998,2,21278,13300,7978
4140,1998,3,21291,20000,1291
4140,1998,4,21292,21215,77
4140,1998,5,21284,23915,-2631
4140,1998,6,31781,75655,-43874
4140,1998,7,21153,9935,11218
4140,1998,8,21194,8275,12919
4140,1998,9,21234,10415,10819
4140,1998,10,21243,42895,-21652
4140,1998,11,21154,25915,-4761
4140,1998,12,31763,960,30803
4143,1997,10,22599,0,22599
4143,1997,11,22993,0,22993
4143,1997,12,32557,8500,24057
4143,1998,1,21817,22200,-383
4143,1998,2,21810,23915,-2105
4143,1998,3,21818,18515,3303
4143,1998,4,21835,20315,1520
4143,1998,5,21830,21815,15
4143,1998,6,32626,21815,10811
4143,1998,7,21841,32315,-10474
4143,1998,8,21805,29715,-7910
4143,1998,9,21790,23815,-2025
4143,1998,10,21792,23215,-1423
4143,1998,11,21804,14715,7089
4143,1998,12,32590,22300,10290
4144,1996,8,1100,0,1100
4144,1996,9,24594,0,24594
4144,1996,10,81796,75300,6496
4144,1996,11,49062,29000,20062
4144,1996,12,18208,23011,-4803
4144,1997,1,81296,63863,17433
4144,1997,2,8638,36281,-27643
4144,1997,3,135620,128568,7052
4144,1997,4,38498,37668,830
4144,1997,5,68818,44168,24650
4144,1997,6,83981,80532,3449
4144,1997,7,47956,62568,-14612
4144,1997,8,70710,102516,-31806
4144,1997,9,7690,14568,-6878
4144,1997,10,86949,28868,58081
4144,1997,11,24777,30968,-6191
4144,1997,12,179,44128,-43949
4144,1998,1,11619,15368,-3749
4144,1998,2,32733,15068,17665
4144,1998,3,2656,12168,-9512
4144,1998,4,9848,14468,-4620
4144,1998,5,19574,17668,1906
4144,1998,6,38898,15068,23830
4144,1998,7,169,19380,-19211
4144,1998,8,24586,14684,9902
4144,1998,9,24092,14684,9408
4144,1998,10,162,23484,-23322
4144,1998,11,33582,14684,18898
4144,1998,12,156,16169,-16013
4150,1997,7,18004,0,18004
4150,1997,8,21991,0,21991
4150,1997,9,17546,7500,10046
4150,1997,10,17588,7800,9788
4150,1997,11,17614,12615,4999
4150,1997,12,26291,24565,1726
4150,1998,1,17559,47665,-30106
4150,1998,2,17535,7265,10270
4150,1998,3,17528,19165,-1637
4150,1998,4,17529,16865,664
4150,1998,5,17525,23465,-5940
4150,1998,6,26235,30165,-3930
4150,1998,7,17533,9765,7768
4150,1998,8,17562,16465,1097
4150,1998,9,17566,17365,201
4150,1998,10,17568,13565,4003
4150,1998,11,17581,17265,316
4150,1998,12,26278,10550,15728
4156,1997,6,200,0,200
4156,1997,7,105793,45000,60793
4156,1997,8,60381,75215,-14834
4156,1997,9,50339,45115,5224
4156,1997,10,24316,37315,-12999
4156,1997,11,70113,58666,11447
4156,1997,12,1871,26303,-24432
4156,1998,1,12005,12715,-710
4156,1998,2,17331,16815,516
4156,1998,3,9397,16815,-7418
4156,1998,4,54990,37756,17234
4156,1998,5,24067,23615,452
4156,1998,6,1829,16715,-14886
4156,1998,7,5278,10815,-5537
4156,1998,8,9757,13415,-3658
4156,1998,9,46,11815,-11769
4156,1998,10,18571,16218,2353
4156,1998,11,11610,15,11595
4156,1998,12,25468,13000,12468
4158,1997,9,27089,0,27089
4158,1997,10,26903,0,26903
4158,1997,11,26376,13600,12776
4158,1997,12,39507,19700,19807
4158,1998,1,26464,31615,-5151
4158,1998,2,26439,33515,-7076
4158,1998,3,26336,56522,-30186
4158,1998,4,26322,21344,4978
4158,1998,5,26352,15115,11237
4158,1998,6,39373,55839,-16466
4158,1998,7,26346,27015,-669
4158,1998,8,26240,48533,-22293
4158,1998,9,26232,16821,9411
4158,1998,10,27735,36963,-9228
4158,1998,11,26208,25115,1093
4158,1998,12,39359,5700,33659
4159,1993,7,601,0,601
4159,1993,8,12533,0,12533
4159,1993,9,3663,0,3663
4159,1993,10,3777,0,3777
4159,1993,11,486,115,371
4159,1993,12,27676,15215,12461
4159,1994,1,513,15065,-14552
4159,1994,2,3185,15,3170
4159,1994,3,1395,15,1380
4159,1994,4,2904,15,2889
4159,1994,5,26867,15215,11652
4159,1994,6,481,21515,-21034
4159,1994,7,2876,15,2861
4159,1994,8,2984,2165,819
4159,1994,9,2691,1215,1476
4159,1994,10,3098,615,2483
4159,1994,11,27433,3115,24318
4159,1994,12,560,18115,-17555
4159,1995,1,5002,12965,-7963
4159,1995,2,497,15,482
4159,1995,3,3300,1915,1385
4159,1995,4,4101,4265,-164
4159,1995,5,5114,15,5099
4159,1995,6,50456,32715,17741
4159,1995,7,596,8215,-7619
4159,1995,8,566,3115,-2549
4159,1995,9,2355,2215,140
4159,1995,10,2756,1715,1041
4159,1995,11,16937,7815,9122
4159,1995,12,591,10215,-9624
4159,1996,1,8825,17215,-8390
4159,1996,2,8432,15,8417
4159,1996,3,559,15,544
4159,1996,4,1360,1715,-355
4159,1996,5,559,1715,-1156
4159,1996,6,540,22415,-21875
4159,1996,7,9977,565,9412
4159,1996,8,6310,865,5445
4159,1996,9,7236,15,7221
4159,1996,10,53582,26965,26617
4159,1996,11,1351,11515,-10164
4159,1996,12,1316,5615,-4299
4159,1997,1,34977,17715,17262
4159,1997,2,1378,13215,-11837
4159,1997,3,1316,8765,-7449
4159,1997,4,1293,3715,-2422
4159,1997,5,3490,1415,2075
4159,1997,6,12378,29415,-17037
4159,1997,7,12949,15,12934
4159,1997,8,44634,15065,29569
4159,1997,9,685,8315,-7630
4159,1997,10,658,6715,-6057
4159,1997,11,643,1115,-472
4159,1997,12,625,7715,-7090
4159,1998,1,6886,17165,-10279
4159,1998,2,6682,15,6667
4159,1998,3,3604,15,3589
4159,1998,4,4121,15,4106
4159,1998,5,5118,2115,3003
4159,1998,6,577,34115,-33538
4159,1998,7,42108,1615,40493
4159,1998,8,1354,8015,-6661
4159,1998,9,1335,4415,-3080
4159,1998,10,1326,2715,-1389
4159,1998,11,2326,1115,1211
4159,1998,12,1324,3900,-2576
4161,1995,2,500,0,500
4161,1995,3,17888,0,17888
4161,1995,4,11257,1600,9657
4161,1995,5,11294,5500,5794
4161,1995,6,16901,12900,4001
4161,1995,7,11324,14415,-3091
4161,1995,8,11313,13615,-2302
4161,1995,9,11311,8015,3296
4161,1995,10,11318,12615,-1297
4161,1995,11,11316,10215,1101
4161,1995,12,16905,16215,690
4161,1996,1,11308,22115,-10807
4161,1996,2,11287,9415,1872
4161,1996,3,11284,12715,-1431
4161,1996,4,11281,10915,366
4161,1996,5,11294,3715,7579
4161,1996,6,16889,20215,-3326
4161,1996,7,11298,11315,-17
4161,1996,8,11301,9715,1586
4161,1996,9,11315,6615,4700
4161,1996,10,11326,10215,1111
4161,1996,11,11327,11915,-588
4161,1996,12,16922,13315,3607
4161,1997,1,11339,22515,-11176
4161,1997,2,12424,15,12409
4161,1997,3,11347,11715,-368
4161,1997,4,11343,12215,-872
4161,1997,5,11368,8715,2653
4161,1997,6,16895,35315,-18420
4161,1997,7,13208,15,13193
4161,1997,8,11355,1415,9940
4161,1997,9,11367,11015,352
4161,1997,10,11373,9615,1758
4161,1997,11,11384,9515,1869
4161,1997,12,16991,10215,6776
4161,1998,1,11378,22915,-11537
4161,1998,2,11374,8315,3059
4161,1998,3,11384,9515,1869
4161,1998,4,11395,8515,2880
4161,1998,5,11398,12715,-1317
4161,1998,6,16987,16015,972
4161,1998,7,11406,11915,-509
4161,1998,8,11410,5715,5695
4161,1998,9,11437,4115,7322
4161,1998,10,11458,11415,43
4161,1998,11,11459,7715,3744
4161,1998,12,17071,13000,4071
4171,1993,6,700,0,700
4171,1993,7,12300,0,12300
4171,1993,8,4000,0,4000
4171,1993,9,30334,1200,29134
4171,1993,10,192,11100,-10908
4171,1993,11,192,4600,-4408
4171,1993,12,192,3800,-3608
4171,1994,1,12488,0,12488
4171,1994,2,47800,31000,16800
4171,1994,3,235,17600,-17365
4171,1994,4,86114,52954,33160
4171,1994,5,88780,110022,-21242
4171,1994,6,15486,27251,-11765
4171,1994,7,26046,28651,-2605
4171,1994,8,70836,20251,50585
4171,1994,9,26190,45351,-19161
4171,1994,10,105019,116930,-11911
4171,1994,11,132,32651,-32519
4171,1994,12,3463,14351,-10888
4171,1995,1,50026,14351,35675
4171,1995,2,68986,33147,35839
4171,1995,3,35963,96240,-60277
4171,1995,4,43719,36837,6882
4171,1995,5,64829,17051,47778
4171,1995,6,48196,87987,-39791
4171,1995,7,75611,48264,27347
4171,1995,8,184889,200380,-15491
4171,1995,9,21900,28351,-6451
4171,1995,10,77724,59794,17930
4171,1995,11,22427,44561,-22134
4171,1995,12,63467,46851,16616
4171,1996,1,4810,35351,-30541
4171,1996,2,6605,14351,-7746
4171,1996,3,11374,14351,-2977
4171,1996,4,61,14351,-14290
4171,1996,5,17106,15,17091
4171,1996,6,18156,14351,3805
4171,1996,7,11688,14351,-2663
4171,1996,8,15080,14351,729
4171,1996,9,18085,14351,3734
4171,1996,10,14798,14351,447
4171,1996,11,16501,14351,2150
4171,1996,12,18613,14351,4262
4171,1997,1,62924,40751,22173
4171,1997,2,6008,14351,-8343
4171,1997,3,24030,22751,1279
4171,1997,4,35991,21951,14040
4171,1997,5,5334,14351,-9017
4171,1997,6,14447,25742,-11295
4171,1997,7,53253,28451,24802
4171,1997,8,22276,29804,-7528
4171,1997,9,10561,28151,-17590
4171,1997,10,10854,14351,-3497
4171,1997,11,19435,16751,2684
4171,1997,12,16633,18559,-1926
4171,1998,1,59647,53549,6098
4171,1998,2,40813,14351,26462
4171,1998,3,36721,29551,7170
4171,1998,4,282,16151,-15869
4171,1998,5,13545,14351,-806
4171,1998,6,13341,14351,-1010
4171,1998,7,12535,14351,-1816
4171,1998,8,37669,20284,17385
4171,1998,9,11146,30045,-18899
4171,1998,10,12689,38951,-26262
4171,1998,11,21132,14351,6781
4171,1998,12,16143,19736,-3593
4173,1993,11,700,0,700
4173,1993,12,20784,0,20784
4173,1994,1,2789,0,2789
4173,1994,2,889,0,889
4173,1994,3,89,2100,-2011
4173,1994,4,89,1100,-1011
4173,1994,5,3289,0,3289
4173,1994,6,10490,0,10490
4173,1994,7,149,8700,-8551
4173,1994,8,39504,100,39404
4173,1994,9,278,22900,-22622
4173,1994,10,278,10600,-10322
4173,1994,11,278,5100,-4822
4173,1994,12,278,5200,-4922
4173,1995,1,7717,3100,4617
4173,1995,2,132,2600,-2468
4173,1995,3,1032,0,1032
4173,1995,4,132,3200,-3068
4173,1995,5,132,400,-268
4173,1995,6,132,2900,-2768
4173,1995,7,5865,6515,-650
4173,1995,8,684,4315,-3631
4173,1995,9,470,15,455
4173,1995,10,0,15,-15
4173,1995,11,145,3015,-2870
4173,1995,12,59,765,-706
4173,1996,1,0,15,-15
4173,1996,2,9493,15,9478
4173,1996,3,95,7415,-7320
4173,1996,4,14645,10615,4030
4173,1996,5,0,15,-15
4173,1996,6,158,7915,-7757
4173,1996,7,49,15,34
4173,1996,8,0,15,-15
4173,1996,9,100,15,85
4173,1996,10,1450,15,1435
4173,1996,11,55,715,-660
4173,1996,12,453,15,438
4173,1997,1,1656,665,991
4173,1997,2,2459,15,2444
4173,1997,3,69,415,-346
4173,1997,4,5368,15,5353
4173,1997,5,34378,17815,16563
4173,1997,6,4133,20915,-16782
4173,1997,7,788,915,-127
4173,1997,8,6999,5215,1784
4173,1997,9,1495,15,1480
4173,1997,10,3202,15,3187
4173,1997,11,1115,15,1100
4173,1997,12,1318,1715,-397
4173,1998,1,102,10315,-10213
4173,1998,2,5075,15,5060
4173,1998,3,96,815,-719
4173,1998,4,590,3715,-3125
4173,1998,5,1281,515,766
4173,1998,6,21302,17665,3637
4173,1998,7,3098,15,3083
4173,1998,8,97,6165,-6068
4173,1998,9,3285,15,3270
4173,1998,10,98,2015,-1917
4173,1998,11,90,2615,-2525
4173,1998,12,33881,5500,28381
4186,1996,8,900,0,900
4186,1996,9,22151,0,22151
4186,1996,10,20837,10000,10837
4186,1996,11,20877,14400,6477
4186,1996,12,31271,23200,8071
4186,1997,1,20945,29775,-8830
4186,1997,2,20912,19043,1869
4186,1997,3,20912,21163,-251
4186,1997,4,20914,24243,-3329
4186,1997,5,20902,21643,-741
4186,1997,6,31253,32183,-930
4186,1997,7,20895,20563,332
4186,1997,8,20883,24843,-3960
4186,1997,9,20871,23643,-2772
4186,1997,10,20856,21203,-347
4186,1997,11,20860,21443,-583
4186,1997,12,31235,28583,2652
4186,1998,1,20834,30203,-9369
4186,1998,2,20824,22643,-1819
4186,1998,3,20828,17843,2985
4186,1998,4,20825,24863,-4038
4186,1998,5,20824,16743,4081
4186,1998,6,31196,37723,-6527
4186,1998,7,20800,22643,-1843
4186,1998,8,20795,20643,152
4186,1998,9,20794,20743,51
4186,1998,10,20792,21243,-451
4186,1998,11,20795,18843,1952
4186,1998,12,31217,9108,22109
4190,1995,10,11770,0,11770
4190,1995,11,16530,0,16530
4190,1995,12,16712,2900,13812
4190,1996,1,11216,10100,1116
4190,1996,2,11187,23676,-12489
4190,1996,3,11176,11558,-382
4190,1996,4,11162,14958,-3796
4190,1996,5,14163,10258,3905
4190,1996,6,17602,9758,7844
4190,1996,7,12498,14418,-1920
4190,1996,8,11173,17738,-6565
4190,1996,9,13172,11758,1414
4190,1996,10,11982,12358,-376
4190,1996,11,17185,10558,6627
4190,1996,12,23207,27158,-3951
4190,1997,1,18875,31018,-12143
4190,1997,2,24032,11058,12974
4190,1997,3,13977,14258,-281
4190,1997,4,14268,16038,-1770
4190,1997,5,17069,12258,4811
4190,1997,6,16719,14298,2421
4190,1997,7,11900,12058,-158
4190,1997,8,16305,14018,2287
4190,1997,9,12911,12021,890
4190,1997,10,11212,13921,-2709
4190,1997,11,13704,12021,1683
4190,1997,12,16718,22641,-5923
4190,1998,1,18036,34341,-16305
4190,1998,2,14018,12021,1997
4190,1998,3,12625,12021,604
4190,1998,4,13328,12021,1307
4190,1998,5,11326,15381,-4055
4190,1998,6,20957,12021,8936
4190,1998,7,11150,12721,-1571
4190,1998,8,12948,12021,927
4190,1998,9,14143,16101,-1958
4190,1998,10,13332,16461,-3129
4190,1998,11,11227,12021,-794
4190,1998,12,16649,16166,483
4195,1994,5,86986,0,86986
4195,1994,6,46647,30315,16332
4195,1994,7,33724,42315,-8591
4195,1994,8,390,35515,-35125
4195,1994,9,52367,62624,-10257
4195,1994,10,56358,51615,4743
4195,1994,11,11040,20415,-9375
4195,1994,12,55906,33615,22291
4195,1995,1,38051,82819,-44768
4195,1995,2,2493,15,2478
4195,1995,3,46637,32278,14359
4195,1995,4,37501,42201,-4700
4195,1995,5,66359,42021,24338
4195,1995,6,29586,20115,9471
4195,1995,7,68836,47784,21052
4195,1995,8,24507,85647,-61140
4195,1995,9,41362,8284,33078
4195,1995,10,74356,38115,36241
4195,1995,11,106704,122077,-15373
4195,1995,12,5381,36115,-30734
4195,1996,1,67605,81515,-13910
4195,1996,2,153,12415,-12262
4195,1996,3,63121,36194,26927
4195,1996,4,149,23341,-23192
4195,1996,5,52932,8815,44117
4195,1996,6,299,27915,-27616
4195,1996,7,157490,108815,48675
4195,1996,8,58175,88415,-30240
4195,1996,9,116595,85815,30780
4195,1996,10,67021,86797,-19776
4195,1996,11,246,35915,-35669
4195,1996,12,28790,14315,14475
4195,1997,1,108997,80015,28982
4195,1997,2,21869,30315,-8446
4195,1997,3,211,27471,-27260
4195,1997,4,110806,88815,21991
4195,1997,5,45649,71115,-25466
4195,1997,6,19147,10515,8632
4195,1997,7,111544,66015,45529
4195,1997,8,128922,139215,-10293
4195,1997,9,76157,78869,-2712
4195,1997,10,79174,78515,659
4195,1997,11,7610,41415,-33805
4195,1997,12,78202,76715,1487
4195,1998,1,52527,65515,-12988
4195,1998,2,162,7515,-7353
4195,1998,3,80326,43915,36411
4195,1998,4,443,23015,-22572
4195,1998,5,20168,21415,-1247
4195,1998,6,182,7615,-7433
4195,1998,7,152,4115,-3963
4195,1998,8,9884,10115,-231
4195,1998,9,134,2015,-1881
4195,1998,10,34190,24915,9275
4195,1998,11,69611,50115,19496
4195,1998,12,27051,38000,-10949
4204,1996,1,600,0,600
4204,1996,2,36094,4000,32094
4204,1996,3,136,2300,-2164
4204,1996,4,136,1500,-1364
4204,1996,5,6483,1700,4783
4204,1996,6,141,2600,-2459
4204,1996,7,141,3000,-2859
4204,1996,8,141,4700,-4559
4204,1996,9,141,4500,-4359
4204,1996,10,941,0,941
4204,1996,11,141,4600,-4459
4204,1996,12,141,2100,-1959
4204,1997,1,2841,0,2841
4204,1997,2,141,500,-359
4204,1997,3,141,3600,-3459
4204,1997,4,141,300,-159
4204,1997,5,141,1400,-1259
4204,1997,11,35507,0,35507
4204,1997,12,197,24500,-24303
4204,1998,1,197,11200,-11003
4204,1998,6,22333,15,22318
4204,1998,7,141,16415,-16274
4204,1998,8,10120,13615,-3495
4204,1998,9,61,15,46
4204,1998,10,0,15,-15
4204,1998,11,63,15,48
4208,1997,4,10272,0,10272
4208,1997,5,6859,0,6859
4208,1997,6,6384,0,6384
4208,1997,7,3906,15,3891
4208,1997,8,2219,15,2204
4208,1997,9,16133,2615,13518
4208,1997,10,1363,9715,-8352
4208,1997,11,1340,3715,-2375
4208,1997,12,1312,11565,-10253
4208,1998,1,2990,5415,-2425
4208,1998,2,1283,2065,-782
4208,1998,3,3281,2265,1016
4208,1998,4,1278,4265,-2987
4208,1998,5,2877,15,2862
4208,1998,6,2890,15,2875
4208,1998,7,1284,6615,-5331
4208,1998,8,5074,615,4459
4208,1998,9,1291,2865,-1574
4208,1998,10,15373,7615,7758
4208,1998,11,3408,1615,1793
4208,1998,12,1315,4650,-3335
4214,1996,3,18826,0,18826
4214,1996,4,40960,17500,23460
4214,1996,5,54774,29598,25176
4214,1996,6,29594,91737,-62143
4214,1996,7,52921,15,52906
4214,1996,8,66236,43492,22744
4214,1996,9,30669,38615,-7946
4214,1996,10,300,30754,-30454
4214,1996,11,140993,116180,24813
4214,1996,12,24698,41715,-17017
4214,1997,1,58384,110857,-52473
4214,1997,2,60279,26,60253
4214,1997,3,47740,41015,6725
4214,1997,4,268,18315,-18047
4214,1997,5,23468,20915,2553
4214,1997,6,84406,34315,50091
4214,1997,7,38213,68715,-30502
4214,1997,8,48162,15815,32347
4214,1997,9,62370,85785,-23415
4214,1997,10,48830,71615,-22785
4214,1997,11,41536,20315,21221
4214,1997,12,111910,111115,795
4214,1998,1,82929,134376,-51447
4214,1998,2,1406,15,1391
4214,1998,3,111,2215,-2104
4214,1998,4,7988,12841,-4853
4214,1998,5,5883,15,5868
4214,1998,6,16306,12915,3391
4214,1998,7,7422,15,7407
4214,1998,8,12232,18189,-5957
4214,1998,9,8026,8415,-389
4214,1998,10,20136,22562,-2426
4214,1998,11,11931,3315,8616
4214,1998,12,6137,14973,-8836
4225,1993,5,1100,0,1100
4225,1993,6,33236,4500,28736
4225,1993,7,22262,12800,9462
4225,1993,8,22294,16700,5594
4225,1993,9,22305,22500,-195
4225,1993,10,22304,22415,-111
4225,1993,11,22312,19215,3097
4225,1993,12,33397,31015,2382
4225,1994,1,22327,30515,-8188
4225,1994,2,22301,19115,3186
4225,1994,3,22314,19115,3199
4225,1994,4,22313,25315,-3002
4225,1994,5,22304,24515,-2211
4225,1994,6,33373,27115,6258
4225,1994,7,22316,25215,-2899
4225,1994,8,22321,18915,3406
4225,1994,9,22315,29415,-7100
4225,1994,10,22308,18415,3893
4225,1994,11,22313,22015,298
4225,1994,12,33392,27415,5977
4225,1995,1,22309,34315,-12006
4225,1995,2,22358,18915,3443
4225,1995,3,22296,24215,-1919
4225,1995,4,22290,23615,-1325
4225,1995,5,22299,19015,3284
4225,1995,6,33382,27115,6267
4225,1995,7,22356,25315,-2959
4225,1995,8,22348,12815,9533
4225,1995,9,22371,17915,4456
4225,1995,10,22378,25515,-3137
4225,1995,11,22365,22215,150
4225,1995,12,33469,20615,12854
4225,1996,1,22391,29615,-7224
4225,1996,2,22393,19715,2678
4225,1996,3,22401,20915,1486
4225,1996,4,22409,19215,3194
4225,1996,5,22416,21915,501
4225,1996,6,33520,20115,13405
4225,1996,7,22456,54015,-31559
4225,1996,8,22340,26815,-4475
4225,1996,9,22323,22515,-192
4225,1996,10,22321,23615,-1294
4225,1996,11,22354,26015,-3661
4225,1996,12,33435,30615,2820
4225,1997,1,22351,28715,-6364
4225,1997,2,22287,19015,3272
4225,1997,3,22301,18315,3986
4225,1997,4,22317,19515,2802
4225,1997,5,22330,18815,3515
4225,1997,6,33404,28115,5289
4225,1997,7,22359,27715,-5356
4225,1997,8,22342,20915,1427
4225,1997,9,22343,27815,-5472
4225,1997,10,22329,17815,4514
4225,1997,11,22342,22315,27
4225,1997,12,33411,26015,7396
4225,1998,1,22404,27115,-4711
4225,1998,2,22359,17115,5244
4225,1998,3,22385,24615,-2230
4225,1998,4,22369,19715,2654
4225,1998,5,22374,26115,-3741
4225,1998,6,33433,23415,10018
4225,1998,7,22401,22615,-214
4225,1998,8,22442,16715,5727
4225,1998,9,22425,22015,410
4225,1998,10,22429,20815,1614
4225,1998,11,22432,22415,17
4225,1998,12,33544,31800,1744
4237,1993,11,600,0,600
4237,1993,12,35596,6100,29496
4237,1994,1,19641,3700,15941
4237,1994,2,192,11300,-11108
4237,1994,3,192,6300,-6108
4237,1994,4,192,4800,-4608
4237,1994,5,47043,24600,22443
4237,1994,6,37785,29800,7985
4237,1994,7,227,14000,-13773
4237,1994,8,227,7400,-7173
4237,1994,9,227,2700,-2473
4237,1994,10,227,6500,-6273
4237,1994,11,227,100,127
4237,1994,12,1527,0,1527
4237,1995,1,32817,11415,21402
4237,1995,2,64488,37915,26573
4237,1995,3,271,36756,-36485
4237,1995,4,82566,80715,1851
4237,1995,5,77040,63636,13404
4237,1995,6,41869,45415,-3546
4237,1995,7,61444,64815,-3371
4237,1995,8,57832,22119,35713
4237,1995,9,49896,43989,5907
4237,1995,10,362,31715,-31353
4237,1995,11,190,27706,-27516
4237,1995,12,7195,12015,-4820
4237,1996,1,101,915,-814
4237,1996,2,42403,22215,20188
4237,1996,3,40308,23953,16355
4237,1996,4,71543,78415,-6872
4237,1996,5,41347,17915,23432
4237,1996,6,298,48915,-48617
4237,1996,7,114,10015,-9901
4237,1996,8,0,15,-15
4237,1996,9,110634,93715,16919
4237,1996,10,51537,16115,35422
4237,1996,11,18475,33315,-14840
4237,1996,12,35522,44015,-8493
4237,1997,1,6687,30082,-23395
4237,1997,2,25971,13115,12856
4237,1997,3,112241,91081,21160
4237,1997,4,67092,64815,2277
4237,1997,5,37873,49415,-11542
4237,1997,6,79517,29661,49856
4237,1997,7,29182,48515,-19333
4237,1997,8,26590,55167,-28577
4237,1997,9,96269,115095,-18826
4237,1997,10,86692,42742,43950
4237,1997,11,31051,41015,-9964
4237,1997,12,122,45800,-45678
4237,1998,1,0,15,-15
4237,1998,2,82472,15,82457
4237,1998,3,50238,71015,-20777
4237,1998,4,24148,65915,-41767
4237,1998,5,160,8715,-8555
4237,1998,6,126,15,111
4237,1998,7,125,2634,-2509
4237,1998,8,0,15,-15
4237,1998,9,49966,50423,-457
4237,1998,10,25019,24315,704
4237,1998,11,0,15,-15
4240,1993,2,28254,0,28254
4240,1993,3,27823,14300,13523
4240,1993,4,27856,22300,5556
4240,1993,5,27864,27300,564
4240,1993,6,41721,36115,5606
4240,1993,7,27864,44963,-17099
4240,1993,8,27892,4715,23177
4240,1993,9,27943,28830,-887
4240,1993,10,27941,18315,9626
4240,1993,11,27968,22415,5553
4240,1993,12,41867,22915,18952
4240,1994,1,27916,78415,-50499
4240,1994,2,27898,10015,17883
4240,1994,3,27945,35962,-8017
4240,1994,4,27928,13715,14213
4240,1994,5,27975,17615,10360
4240,1994,6,41783,46615,-4832
4240,1994,7,27985,21515,6470
4240,1994,8,27976,41305,-13329
4240,1994,9,27942,32415,-4473
4240,1994,10,27946,37815,-9869
4240,1994,11,27911,35419,-7508
4240,1994,12,41682,28415,13267
4240,1995,1,29332,80600,-51268
4240,1995,2,27691,2515,25176
4240,1995,3,27806,26100,1706
4240,1995,4,27801,18715,9086
4240,1995,5,27838,23015,4823
4240,1995,6,48193,75615,-27422
4240,1995,7,27751,10515,17236
4240,1995,8,27833,24946,2887
4240,1995,9,27873,24084,3789
4240,1995,10,27818,45861,-18043
4240,1995,11,27823,16097,11726
4240,1995,12,41657,31315,10342
4240,1996,1,34783,65415,-30632
4240,1996,2,30346,26280,4066
4240,1996,3,27767,34892,-7125
4240,1996,4,27736,11115,16621
4240,1996,5,27802,35327,-7525
4240,1996,6,41610,24115,17495
4240,1996,7,27859,30315,-2456
4240,1996,8,27804,48344,-20540
4240,1996,9,27731,30153,-2422
4240,1996,10,27736,18315,9421
4240,1996,11,27791,33362,-5571
4240,1996,12,41606,20815,20791
4240,1997,1,27751,63484,-35733
4240,1997,2,33089,24913,8176
4240,1997,3,27764,21867,5897
4240,1997,4,27754,20015,7739
4240,1997,5,27778,20715,7063
4240,1997,6,41651,50229,-8578
4240,1997,7,27764,24715,3049
4240,1997,8,27770,29391,-1621
4240,1997,9,27774,23315,4459
4240,1997,10,27762,46140,-18378
4240,1997,11,27699,31939,-4240
4240,1997,12,41528,39215,2313
4240,1998,1,27717,30315,-2598
4240,1998,2,27702,27415,287
4240,1998,3,27717,15315,12402
4240,1998,4,27745,25015,2730
4240,1998,5,27755,25815,1940
4240,1998,6,41613,33015,8598
4240,1998,7,27777,34015,-6238
4240,1998,8,27716,48575,-20859
4240,1998,9,27677,28715,-1038
4240,1998,10,27673,28500,-827
4240,1998,11,27673,27315,358
4240,1998,12,41499,0,41499
4245,1994,5,15790,0,15790
4245,1994,6,26209,0,26209
4245,1994,7,15432,22000,-6568
4245,1994,8,15386,11000,4386
4245,1994,9,15433,14449,984
4245,1994,10,15435,16649,-1214
4245,1994,11,15430,15449,-19
4245,1994,12,23066,23109,-43
4245,1995,1,15415,21769,-6354
4245,1995,2,15404,11649,3755
4245,1995,3,15418,15549,-131
4245,1995,4,15417,15849,-432
4245,1995,5,15416,12249,3167
4245,1995,6,25976,42029,-16053
4245,1995,7,15367,5349,10018
4245,1995,8,15394,14729,665
4245,1995,9,15405,11449,3956
4245,1995,10,15415,17049,-1634
4245,1995,11,15412,15149,263
4245,1995,12,23042,19089,3953
4245,1996,1,15431,10549,4882
4245,1996,2,15446,14749,697
4245,1996,3,15450,13649,1801
4245,1996,4,15455,14249,1206
4245,1996,5,15456,17049,-1593
4245,1996,6,23065,26769,-3704
4245,1996,7,15433,14849,584
4245,1996,8,15448,8549,6899
4245,1996,9,15468,13149,2319
4245,1996,10,15476,13849,1627
4245,1996,11,15480,14449,1031
4245,1996,12,23118,19029,4089
4245,1997,1,15482,21549,-6067
4245,1997,2,15468,17549,-2081
4245,1997,3,15471,12349,3122
4245,1997,4,15482,13049,2433
4245,1997,5,15491,13249,2242
4245,1997,6,25534,46149,-20615
4245,1997,7,15418,11449,3969
4245,1997,8,15430,12749,2681
4245,1997,9,15437,15749,-312
4245,1997,10,15445,10349,5096
4245,1997,11,15457,13249,2208
4245,1997,12,23100,20349,2751
4245,1998,1,15482,11249,4233
4245,1998,2,15487,15549,-62
4245,1998,3,15489,16749,-1260
4245,1998,4,15469,20149,-4680
4245,1998,5,15469,13149,2320
4245,1998,6,23081,45969,-22888
4245,1998,7,19804,9949,9855
4245,1998,8,15437,8149,7288
4245,1998,9,15454,12749,2705
4245,1998,10,15463,13549,1914
4245,1998,11,15459,20909,-5450
4245,1998,12,23087,17734,5353
4253,1996,1,1000,0,1000
4253,1996,2,41322,10000,31322
4253,1996,3,41428,22100,19328
4253,1996,4,41484,33600,7884
4253,1996,5,41509,37100,4409
4253,1996,6,62145,72459,-10314
4253,1996,7,41508,39159,2349
4253,1996,8,41503,46159,-4656
4253,1996,9,41495,37259,4236
4253,1996,10,41516,36059,5457
4253,1996,11,41517,55228,-13711
4253,1996,12,62107,62959,-852
4253,1997,1,41476,62659,-21183
4253,1997,2,41438,15659,25779
4253,1997,3,41510,30159,11351
4253,1997,4,41435,79947,-38512
4253,1997,5,41441,13959,27482
4253,1997,6,62083,65559,-3476
4253,1997,7,41448,47647,-6199
4253,1997,8,41503,24359,17144
4253,1997,9,41513,39559,1954
4253,1997,10,41520,36959,4561
4253,1997,11,41424,76777,-35353
4253,1997,12,62073,53516,8557
4253,1998,1,41398,56759,-15361
4253,1998,2,44877,18759,26118
4253,1998,3,41461,43559,-2098
4253,1998,4,41487,34359,7128
4253,1998,5,41491,42259,-768
4253,1998,6,62245,22459,39786
4253,1998,7,41629,43628,-1999
4253,1998,8,41640,47159,-5519
4253,1998,9,41641,32959,8682
4253,1998,10,41669,35259,6410
4253,1998,11,41660,44959,-3299
4253,1998,12,62151,100144,-37993
4254,1993,5,2405,0,2405
4254,1993,6,12534,0,12534
4254,1993,7,8481,0,8481
4254,1993,8,2102,0,2102
4254,1993,9,2002,3765,-1763
4254,1993,10,2000,2415,-415
4254,1993,11,56062,28515,27547
4254,1993,12,2107,17415,-15308
4254,1994,1,3806,14915,-11109
4254,1994,2,2002,2115,-113
4254,1994,3,2001,2215,-214
4254,1994,4,2000,3015,-1015
4254,1994,5,2397,1715,682
4254,1994,6,1999,1715,284
4254,1994,7,2000,4065,-2065
4254,1994,8,3094,15,3079
4254,1994,9,2806,15,2791
4254,1994,10,13027,3915,9112
4254,1994,11,15990,6615,9375
4254,1994,12,2082,10915,-8833
4254,1995,1,2036,12915,-10879
4254,1995,2,2012,915,1097
4254,1995,3,2013,4365,-2352
4254,1995,4,2005,2915,-910
4254,1995,5,2003,415,1588
4254,1995,6,4701,5565,-864
4254,1995,7,26160,16015,10145
4254,1995,8,2039,7515,-5476
4254,1995,9,2020,5115,-3095
4254,1995,10,2003,7215,-5212
4254,1995,11,30257,14515,15742
4254,1995,12,2044,9215,-7171
4254,1996,1,2005,11665,-9660
4254,1996,2,18598,2315,16283
4254,1996,3,2030,14515,-12485
4254,1996,4,1993,6215,-4222
4254,1996,5,1978,4715,-2737
4254,1996,6,1968,3815,-1847
4254,1996,7,1962,2815,-853
4254,1996,8,3367,15,3352
4254,1996,9,1975,1415,560
4254,1996,10,1968,5565,-3597
4254,1996,11,47808,15,47793
4254,1996,12,2104,24815,-22711
4254,1997,1,2024,23065,-21041
4254,1997,2,2882,1615,1267
4254,1997,3,1981,2615,-634
4254,1997,4,3588,15,3573
4254,1997,5,1988,4715,-2727
4254,1997,6,1971,6865,-4894
4254,1997,7,1963,15,1948
4254,1997,8,42402,29715,12687
4254,1997,9,1996,13015,-11019
4254,1997,10,40159,15,40144
4254,1997,11,2077,29115,-27038
4254,1997,12,1994,18815,-16821
4254,1998,1,1962,15,1947
4254,1998,2,40346,1915,38431
4254,1998,3,2066,33515,-31449
4254,1998,4,1999,15,1984
4254,1998,5,1983,11815,-9832
4254,1998,6,1968,565,1403
4254,1998,7,1972,15,1957
4254,1998,8,1980,1565,415
4254,1998,9,32855,29115,3740
4254,1998,10,1997,1765,232
4254,1998,11,1999,815,1184
4254,1998,12,2000,4750,-2750
4255,1993,11,35413,0,35413
4255,1993,12,51902,6300,45602
4255,1994,1,34787,26400,8387
4255,1994,2,34811,30400,4411
4255,1994,3,34817,35930,-1113
4255,1994,4,34761,47784,-13023
4255,1994,5,34747,35206,-459
4255,1994,6,51968,38230,13738
4255,1994,7,34805,47128,-12323
4255,1994,8,34781,28030,6751
4255,1994,9,34757,62544,-27787
4255,1994,10,34704,36693,-1989
4255,1994,11,34723,11930,22793
4255,1994,12,52038,31630,20408
4255,1995,1,34739,66130,-31391
4255,1995,2,34744,24330,10414
4255,1995,3,34787,27830,6957
4255,1995,4,34805,28330,6475
4255,1995,5,34827,30530,4297
4255,1995,6,51966,99157,-47191
4255,1995,7,34706,28630,6076
4255,1995,8,34715,34930,-215
4255,1995,9,34717,39620,-4903
4255,1995,10,34707,35480,-773
4255,1995,11,34641,38209,-3568
4255,1995,12,51884,48546,3338
4255,1996,1,34631,47930,-13299
4255,1996,2,34594,15030,19564
4255,1996,3,34674,29830,4844
4255,1996,4,34705,28930,5775
4255,1996,5,34715,25130,9585
4255,1996,6,54518,85930,-31412
4255,1996,7,34621,32365,2256
4255,1996,8,34644,17730,16914
4255,1996,9,34708,23630,11078
4255,1996,10,34775,33989,786
4255,1996,11,34786,32430,2356
4255,1996,12,51958,93896,-41938
4255,1997,1,34610,26030,8580
4255,1997,2,34642,15230,19412
4255,1997,3,34708,25930,8778
4255,1997,4,34739,29930,4809
4255,1997,5,34756,32530,2226
4255,1997,6,51958,64230,-12272
4255,1997,7,34734,31098,3636
4255,1997,8,34761,26430,8331
4255,1997,9,34748,49915,-15167
4255,1997,10,34732,15430,19302
4255,1997,11,34796,26349,8447
4255,1997,12,52003,68330,-16327
4255,1998,1,34729,37984,-3255
4255,1998,2,34769,19410,15359
4255,1998,3,34817,26598,8219
4255,1998,4,34796,38099,-3303
4255,1998,5,34762,67335,-32573
4255,1998,6,51921,45130,6791
4255,1998,7,34748,17230,17518
4255,1998,8,34813,28186,6627
4255,1998,9,40052,19186,20866
4255,1998,10,34923,70230,-35307
4255,1998,11,34797,36841,-2044
4255,1998,12,56924,27300,29624
4258,1995,8,38429,0,38429
4258,1995,9,46061,23500,22561
4258,1995,10,33752,22800,10952
4258,1995,11,76946,89015,-12069
4258,1995,12,57541,25357,32184
4258,1996,1,323,64515,-64192
4258,1996,2,55274,20815,34459
4258,1996,3,120050,134052,-14002
4258,1996,4,29659,12915,16744
4258,1996,5,123380,120215,3165
4258,1996,6,53596,35765,17831
4258,1996,7,71877,81515,-9638
4258,1996,8,26643,39415,-12772
4258,1996,9,43736,47815,-4079
4258,1996,10,122463,80115,42348
4258,1996,11,419,36815,-36396
4258,1996,12,34605,23315,11290
4258,1997,1,39087,86807,-47720
4258,1997,2,119,7315,-7196
4258,1997,3,25729,16515,9214
4258,1997,4,128,4815,-4687
4258,1997,5,24321,915,23406
4258,1997,6,165,19902,-19737
4258,1997,7,124,315,-191
4258,1997,8,47431,5288,42143
4258,1997,9,29436,30958,-1522
4258,1997,10,85936,94665,-8729
4258,1997,11,21250,41015,-19765
4258,1997,12,46060,40415,5645
4258,1998,1,121,28183,-28062
4258,1998,2,79,2215,-2136
4258,1998,3,0,15,-15
4258,1998,4,444,15,429
4258,1998,5,0,15,-15
4258,1998,6,147,715,-568
4258,1998,7,70,15,55
4258,1998,8,370,15,355
4258,1998,9,2371,15,2356
4258,1998,10,80,1815,-1735
4258,1998,11,974,15,959
4259,1994,4,45123,0,45123
4259,1994,5,44386,9600,34786
4259,1994,6,66435,91000,-24565
4259,1994,7,44409,17300,27109
4259,1994,8,44495,36831,7664
4259,1994,9,44436,52899,-8463
4259,1994,10,44419,48804,-4385
4259,1994,11,44393,83374,-38981
4259,1994,12,66416,33362,33054
4259,1995,1,44304,75504,-31200
4259,1995,2,44320,25704,18616
4259,1995,3,44374,39104,5270
4259,1995,4,44381,34004,10377
4259,1995,5,44402,40804,3598
4259,1995,6,66366,114604,-48238
4259,1995,7,44304,15504,28800
4259,1995,8,44393,51904,-7511
4259,1995,9,44334,50604,-6270
4259,1995,10,44385,38304,6081
4259,1995,11,44351,46304,-1953
4259,1995,12,66447,75204,-8757
4259,1996,1,44276,54504,-10228
4259,1996,2,44315,34104,10211
4259,1996,3,44338,37204,7134
4259,1996,4,44363,42604,1759
4259,1996,5,44377,45302,-925
4259,1996,6,66363,77104,-10741
4259,1996,7,44296,44471,-175
4259,1996,8,44282,43504,778
4259,1996,9,44299,41336,2963
4259,1996,10,44323,42586,1737
4259,1996,11,44354,35486,8868
4259,1996,12,66384,85086,-18702
4259,1997,1,44264,50286,-6022
4259,1997,2,44284,31986,12298
4259,1997,3,44277,58788,-14511
4259,1997,4,44255,40286,3969
4259,1997,5,44273,38386,5887
4259,1997,6,66395,45586,20809
4259,1997,7,44374,50186,-5812
4259,1997,8,44289,59380,-15091
4259,1997,9,44291,32186,12105
4259,1997,10,44330,39986,4344
4259,1997,11,44363,33186,11177
4259,1997,12,66389,88874,-22485
4259,1998,1,44281,51886,-7605
4259,1998,2,44295,28515,15780
4259,1998,3,44342,36324,8018
4259,1998,4,44370,36586,7784
4259,1998,5,44398,51111,-6713
4259,1998,6,66420,57233,9187
4259,1998,7,44354,48341,-3987
4259,1998,8,44387,39286,5101
4259,1998,9,44381,43068,1313
4259,1998,10,44409,36786,7623
4259,1998,11,44424,54486,-10062
4259,1998,12,66434,72971,-6537
4260,1993,10,1000,0,1000
4260,1993,11,25218,0,25218
4260,1993,12,36839,17000,19839
4260,1994,1,24649,22700,1949
4260,1994,2,24652,24600,52
4260,1994,3,24604,43835,-19231
4260,1994,4,25977,25617,360
4260,1994,5,24590,27321,-2731
4260,1994,6,36783,41828,-5045
4260,1994,7,24552,21697,2855
4260,1994,8,24568,20297,4271
4260,1994,9,24562,28697,-4135
4260,1994,10,24532,32997,-8465
4260,1994,11,24517,26897,-2380
4260,1994,12,36757,32097,4660
4260,1995,1,24504,34397,-9893
4260,1995,2,24513,20097,4416
4260,1995,3,24505,26597,-2092
4260,1995,4,24512,22297,2215
4260,1995,5,24513,24897,-384
4260,1995,6,36772,30297,6475
4260,1995,7,24499,38247,-13748
4260,1995,8,24500,16097,8403
4260,1995,9,24540,18597,5943
4260,1995,10,24562,19397,5165
4260,1995,11,24525,39573,-15048
4260,1995,12,36782,16097,20685
4260,1996,1,24567,31997,-7430
4260,1996,2,24569,21497,3072
4260,1996,3,24573,23697,876
4260,1996,4,24573,24797,-224
4260,1996,5,24565,34997,-10432
4260,1996,6,36795,37297,-502
4260,1996,7,24541,25297,-756
4260,1996,8,24541,16097,8444
4260,1996,9,24567,36097,-11530
4260,1996,10,24528,16097,8431
4260,1996,11,24562,16097,8465
4260,1996,12,36849,44397,-7548
4260,1997,1,24529,30197,-5668
4260,1997,2,24542,16097,8445
4260,1997,3,24565,35197,-10632
4260,1997,4,24533,16097,8436
4260,1997,5,24556,31797,-7241
4260,1997,6,36782,38097,-1315
4260,1997,7,24533,16097,8436
4260,1997,8,24568,16097,8471
4260,1997,9,24578,38697,-14119
4260,1997,10,24544,16097,8447
4260,1997,11,24579,16097,8482
4260,1997,12,36849,35055,1794
4260,1998,1,24593,35897,-11304
4260,1998,2,24574,16097,8477
4260,1998,3,24610,16097,8513
4260,1998,4,24603,46697,-22094
4260,1998,5,24553,16097,8456
4260,1998,6,36770,45197,-8427
4260,1998,7,24553,16097,8456
4260,1998,8,24589,16097,8492
4260,1998,9,24624,16097,8527
4260,1998,10,24636,25832,-1196
4260,1998,11,24615,33436,-8821
4260,1998,12,36874,18782,18092
4263,1995,7,800,0,800
4263,1995,8,10500,0,10500
4263,1995,9,51537,0,51537
4263,1995,10,262,22700,-22438
4263,1995,11,262,10900,-10638
4263,1995,12,262,6500,-6238
4263,1996,1,262,800,-538
4263,1996,2,2362,0,2362
4263,1996,3,962,0,962
4263,1996,4,262,2200,-1938
4263,1996,5,262,2200,-1938
4263,1996,6,24016,0,24016
4263,1996,7,193,13500,-13307
4263,1996,8,193,6000,-5807
4263,1996,9,193,5200,-5007
4263,1996,10,193,1800,-1607
4263,1996,11,49590,0,49590
4263,1996,12,292,23100,-22808
4263,1997,1,292,10600,-10308
4263,1997,2,292,5600,-5308
4263,1997,3,292,2100,-1808
4263,1997,4,292,1100,-808
4263,1997,5,13630,3300,10330
4263,1997,6,42811,38515,4296
4263,1997,7,181,10315,-10134
4263,1997,8,122,6265,-6143
4263,1997,9,106,4015,-3909
4263,1997,10,1798,15,1783
4263,1997,11,105,2315,-2210
4263,1997,12,1597,715,882
4263,1998,1,1087,5915,-4828
4263,1998,2,2880,15,2865
4263,1998,3,49879,415,49464
4263,1998,4,37708,22415,15293
4263,1998,5,268,33065,-32797
4263,1998,6,138,32615,-32477
4263,1998,7,11790,15,11775
4263,1998,8,1738,15,1723
4263,1998,9,144,1815,-1671
4263,1998,10,1738,15,1723
4263,1998,11,6147,1215,4932
4263,1998,12,0,500,-500
4264,1993,12,32555,0,32555
4264,1994,1,21689,4800,16889
4264,1994,2,21732,13200,8532
4264,1994,3,21749,19000,2749
4264,1994,4,21768,16715,5053
4264,1994,5,21773,21915,-142
4264,1994,6,32539,24215,8324
4264,1994,7,21794,26115,-4321
4264,1994,8,21785,23115,-1330
4264,1994,9,21781,22715,-934
4264,1994,10,21789,20315,1474
4264,1994,11,21790,20615,1175
4264,1994,12,32570,24315,8255
4264,1995,1,21733,63615,-41882
4264,1995,2,21714,15,21699
4264,1995,3,21754,17615,4139
4264,1995,4,21776,16115,5661
4264,1995,5,21750,42615,-20865
4264,1995,6,32487,38915,-6428
4264,1995,7,21670,15715,5955
4264,1995,8,21695,17215,4480
4264,1995,9,21711,23915,-2204
4264,1995,10,21703,21215,488
4264,1995,11,21705,20615,1090
4264,1995,12,32494,27015,5479
4264,1996,1,21744,30015,-8271
4264,1996,2,21746,17115,4631
4264,1996,3,21716,21915,-199
4264,1996,4,21714,22315,-601
4264,1996,5,21714,20015,1699
4264,1996,6,32475,28015,4460
4264,1996,7,21736,23015,-1279
4264,1996,8,21729,24615,-2886
4264,1996,9,21720,21815,-95
4264,1996,10,21720,21715,5
4264,1996,11,21745,25315,-3570
4264,1996,12,32458,30215,2243
4264,1997,1,21719,35215,-13496
4264,1997,2,21661,19215,2446
4264,1997,3,21692,21515,177
4264,1997,4,21671,19415,2256
4264,1997,5,21684,17515,4169
4264,1997,6,32453,39915,-7462
4264,1997,7,21678,13115,8563
4264,1997,8,21707,17415,4292
4264,1997,9,21713,23515,-1802
4264,1997,10,21707,23615,-1908
4264,1997,11,21707,18615,3092
4264,1997,12,32521,21515,11006
4264,1998,1,21754,29115,-7361
4264,1998,2,21753,17515,4238
4264,1998,3,21750,19715,2035
4264,1998,4,21759,19415,2344
4264,1998,5,21777,24015,-2238
4264,1998,6,32502,46615,-14113
4264,1998,7,21700,19515,2185
4264,1998,8,21705,25415,-3710
4264,1998,9,21702,16215,5487
4264,1998,10,21717,19215,2502
4264,1998,11,21735,19015,2720
4264,1998,12,32585,600,31985
4266,1997,2,17251,0,17251
4266,1997,3,17005,4800,12205
4266,1997,4,17032,11800,5232
4266,1997,5,17041,15700,1341
4266,1997,6,25491,29913,-4422
4266,1997,7,17023,19213,-2190
4266,1997,8,17039,10813,6226
4266,1997,9,17053,14113,2940
4266,1997,10,17055,17113,-58
4266,1997,11,17054,17313,-259
4266,1997,12,25517,21613,3904
4266,1998,1,17038,33713,-16675
4266,1998,2,17023,9113,7910
4266,1998,3,17034,16813,221
4266,1998,4,17023,20213,-3190
4266,1998,5,17014,32213,-15199
4266,1998,6,25452,22113,3339
4266,1998,7,16991,20813,-3822
4266,1998,8,16979,9113,7866
4266,1998,9,17005,22713,-5708
4266,1998,10,16979,19813,-2834
4266,1998,11,16972,16113,859
4266,1998,12,25476,10898,14578
4268,1997,2,200,0,200
4268,1997,3,18995,0,18995
4268,1997,4,10062,600,9462
4268,1997,5,10098,3600,6498
4268,1997,6,15106,11300,3806
4268,1997,7,10136,9835,301
4268,1997,8,10121,17961,-7840
4268,1997,9,10099,12621,-2522
4268,1997,10,13294,16721,-3427
4268,1997,11,13092,12881,211
4268,1997,12,18787,7781,11006
4268,1998,1,19314,29541,-10227
4268,1998,2,21307,8761,12546
4268,1998,3,16347,10161,6186
4268,1998,4,14659,15561,-902
4268,1998,5,16165,9761,6404
4268,1998,6,31828,42941,-11113
4268,1998,7,21558,10061,11497
4268,1998,8,12266,18861,-6595
4268,1998,9,20077,9661,10416
4268,1998,10,13303,10261,3042
4268,1998,11,13016,10160,2856
4268,1998,12,15614,14465,1149
4269,1995,12,300,0,300
4269,1996,1,20440,1300,19140
4269,1996,2,70253,1900,68353
4269,1996,3,47023,73015,-25992
4269,1996,4,107401,107813,-412
4269,1996,5,12947,35076,-22129
4269,1996,6,86735,106015,-19280
4269,1996,7,37538,14315,23223
4269,1996,8,179,5015,-4836
4269,1996,9,6745,15335,-8590
4269,1996,10,6920,9093,-2173
4269,1996,11,46184,15,46169
4269,1996,12,34188,57115,-22927
4269,1997,1,82464,70677,11787
4269,1997,2,111235,70489,40746
4269,1997,3,53934,54515,-581
4269,1997,4,113774,124715,-10941
4269,1997,5,97966,108877,-10911
4269,1997,6,49611,97215,-47604
4269,1997,7,22204,20415,1789
4269,1997,8,75404,10115,65289
4269,1997,9,38384,62560,-24176
4269,1997,10,265,24723,-24458
4269,1997,11,32925,25667,7258
4269,1997,12,2633,7215,-4582
4269,1998,1,15566,42097,-26531
4269,1998,2,20518,15,20503
4269,1998,3,4479,15028,-10549
4269,1998,4,43314,13515,29799
4269,1998,5,280,5515,-5235
4269,1998,6,242,16615,-16373
4269,1998,7,5380,10815,-5435
4269,1998,8,40230,24404,15826
4269,1998,9,34396,3415,30981
4269,1998,10,292,40448,-40156
4269,1998,11,7896,15,7881
4269,1998,12,612,5700,-5088
4273,1996,3,900,0,900
4273,1996,4,13600,0,13600
4273,1996,5,4100,0,4100
4273,1996,6,50516,0,50516
4273,1996,7,288,20800,-20512
4273,1996,8,9692,12800,-3108
4273,1996,9,188,12000,-11812
4273,1996,10,47350,400,46950
4273,1996,11,335,28500,-28165
4273,1996,12,335,15900,-15565
4273,1997,1,9095,8900,195
4273,1997,2,23869,17424,6445
4273,1997,3,121,23824,-23703
4273,1997,4,45534,43724,1810
4273,1997,5,48,16324,-16276
4273,1997,6,81666,15,81651
4273,1997,7,109,75123,-75014
4273,1997,8,23992,9924,14068
4273,1997,9,42294,15024,27270
4273,1997,10,125,36524,-36399
4273,1997,11,123649,54193,69456
4273,1997,12,20422,83768,-63346
4273,1998,1,25259,30624,-5365
4273,1998,2,68142,16093,52049
4273,1998,3,22164,73424,-51260
4273,1998,4,18000,22124,-4124
4273,1998,5,63343,44324,19019
4273,1998,6,65491,56824,8667
4273,1998,7,15990,9924,6066
4273,1998,8,181,34524,-34343
4273,1998,9,55,9924,-9869
4273,1998,10,16506,15,16491
4273,1998,11,82,9924,-9842
4273,1998,12,0,9909,-9909
4276,1994,7,40322,0,40322
4276,1994,8,168,8500,-8332
4276,1994,9,134898,68615,66283
4276,1994,10,46115,48697,-2582
4276,1994,11,228,75741,-75513
4276,1994,12,10326,1815,8511
4276,1995,1,597,9615,-9018
4276,1995,2,3082,15,3067
4276,1995,3,94,3215,-3121
4276,1995,4,1181,15,1166
4276,1995,5,86,1315,-1229
4276,1995,6,37579,15,37564
4276,1995,7,205,21915,-21710
4276,1995,8,146,4715,-4569
4276,1995,9,128,915,-787
4276,1995,10,106,10303,-10197
4276,1995,11,7883,15,7868
4276,1995,12,6299,10838,-4539
4276,1996,1,33272,19015,14257
4276,1996,2,153,12052,-11899
4276,1996,3,51784,29605,22179
4276,1996,4,29865,33896,-4031
4276,1996,5,16852,20602,-3750
4276,1996,6,106372,69436,36936
4276,1996,7,56571,30855,25716
4276,1996,8,127054,189159,-62105
4276,1996,9,34747,18898,15849
4276,1996,10,41926,25144,16782
4276,1996,11,28011,45590,-17579
4276,1996,12,19098,26628,-7530
4276,1997,1,6555,20715,-14160
4276,1997,2,32171,22513,9658
4276,1997,3,17777,5415,12362
4276,1997,4,31876,22415,9461
4276,1997,5,34023,28615,5408
4276,1997,6,12462,39915,-27453
4276,1997,7,62991,50320,12671
4276,1997,8,32859,18615,14244
4276,1997,9,24630,24015,615
4276,1997,10,94602,74415,20187
4276,1997,11,56974,81415,-24441
4276,1997,12,41801,24166,17635
4276,1998,1,51280,92315,-41035
4276,1998,2,50025,17815,32210
4276,1998,3,71635,50215,21420
4276,1998,4,76938,85802,-8864
4276,1998,5,102062,87215,14847
4276,1998,6,14717,89465,-74748
4276,1998,7,65407,19215,46192
4276,1998,8,51754,52215,-461
4276,1998,9,57466,18615,38851
4276,1998,10,95173,117615,-22442
4276,1998,11,49268,69815,-20547
4276,1998,12,106295,82000,24295
4283,1994,10,600,0,600
4283,1994,11,21463,0,21463
4283,1994,12,31956,12900,19056
4283,1995,1,21390,19400,1990
4283,1995,2,21403,17000,4403
4283,1995,3,21409,22415,-1006
4283,1995,4,21418,17015,4403
4283,1995,5,21430,19715,1715
4283,1995,6,31989,67795,-35806
4283,1995,7,22049,3855,18194
4283,1995,8,21387,11115,10272
4283,1995,9,21409,21055,354
4283,1995,10,21409,19415,1994
4283,1995,11,21431,15015,6416
4283,1995,12,32077,27815,4262
4283,1996,1,21412,42855,-21443
4283,1996,2,21406,8915,12491
4283,1996,3,21429,18195,3234
4283,1996,4,21433,21215,218
4283,1996,5,21438,19815,1623
4283,1996,6,32032,37055,-5023
4283,1996,7,21421,21115,306
4283,1996,8,21432,18015,3417
4283,1996,9,21508,23015,-1507
4283,1996,10,21427,23515,-2088
4283,1996,11,21454,13715,7739
4283,1996,12,32111,17915,14196
4283,1997,1,21480,34315,-12835
4283,1997,2,21490,12215,9275
4283,1997,3,21511,17315,4196
4283,1997,4,21517,20415,1102
4283,1997,5,21529,18215,3314
4283,1997,6,32108,60855,-28747
4283,1997,7,21467,6015,15452
4283,1997,8,21505,33915,-12410
4283,1997,9,21508,21015,493
4283,1997,10,21428,15915,5513
4283,1997,11,21449,19415,2034
4283,1997,12,32124,28315,3809
4283,1998,1,21449,35975,-14526
4283,1998,2,21414,14415,6999
4283,1998,3,21445,11415,10030
4283,1998,4,21483,20715,768
4283,1998,5,21487,17915,3572
4283,1998,6,32088,46415,-14327
4283,1998,7,21504,11015,10489
4283,1998,8,21491,11915,9576
4283,1998,9,21523,21915,-392
4283,1998,10,21565,24315,-2750
4283,1998,11,21509,22215,-706
4283,1998,12,32219,3000,29219
4286,1996,11,66733,0,66733
4286,1996,12,40884,44800,-3916
4286,1997,1,261,21600,-21339
4286,1997,2,261,13300,-13039
4286,1997,3,32080,5800,26280
4286,1997,4,227,17800,-17573
4286,1997,5,227,10900,-10673
4286,1997,6,227,6600,-6373
4286,1997,7,16397,12915,3482
4286,1997,8,98,3115,-3017
4286,1997,9,85,2215,-2130
4286,1997,10,77,415,-338
4286,1997,11,75,115,-40
4286,1997,12,75,3715,-3640
4286,1998,1,1860,15,1845
4286,1998,2,67,4015,-3948
4286,1998,3,0,15,-15
4286,1998,4,104,15,89
4286,1998,5,0,15,-15
4286,1998,6,70889,31215,39674
4286,1998,7,50106,45057,5049
4286,1998,8,71342,43465,27877
4286,1998,9,13962,46235,-32273
4286,1998,10,17213,26715,-9502
4286,1998,11,55670,59070,-3400
4286,1998,12,82173,27578,54595
4287,1993,10,500,0,500
4287,1993,11,13249,0,13249
4287,1993,12,12314,0,12314
4287,1994,1,6333,4200,2133
4287,1994,2,6344,3300,3044
4287,1994,3,6346,8315,-1969
4287,1994,4,6346,4835,1511
4287,1994,5,6350,5415,935
4287,1994,6,9469,9575,-106
4287,1994,7,6347,8315,-1968
4287,1994,8,6350,3615,2735
4287,1994,9,6370,9015,-2645
4287,1994,10,6342,6915,-573
4287,1994,11,6349,3415,2934
4287,1994,12,9477,5895,3582
4287,1995,1,6845,16775,-9930
4287,1995,2,6727,5775,952
4287,1995,3,6346,615,5731
4287,1995,4,6359,4815,1544
4287,1995,5,6362,6575,-213
4287,1995,6,9465,10895,-1430
4287,1995,7,6362,2975,3387
4287,1995,8,6368,6315,53
4287,1995,9,6372,5015,1357
4287,1995,10,6370,9075,-2705
4287,1995,11,6365,8735,-2370
4287,1995,12,9470,6615,2855
4287,1996,1,6332,20635,-14303
4287,1996,2,8126,15,8111
4287,1996,3,6347,3975,2372
4287,1996,4,6354,4315,2039
4287,1996,5,6367,2415,3952
4287,1996,6,9501,2815,6686
4287,1996,7,6399,9235,-2836
4287,1996,8,6384,8315,-1931
4287,1996,9,6385,4915,1470
4287,1996,10,6391,15615,-9224
4287,1996,11,6373,7935,-1562
4287,1996,12,13748,15655,-1907
4287,1997,1,14297,18815,-4518
4287,1997,2,6316,915,5401
4287,1997,3,6343,1215,5128
4287,1997,4,6358,8015,-1657
4287,1997,5,6351,8915,-2564
4287,1997,6,9439,15655,-6216
4287,1997,7,6324,7355,-1031
4287,1997,8,6312,5215,1097
4287,1997,9,6315,6515,-200
4287,1997,10,6318,10855,-4537
4287,1997,11,6297,7535,-1238
4287,1997,12,9406,2615,6791
4287,1998,1,7096,15255,-8159
4287,1998,2,6285,5615,670
4287,1998,3,6291,1515,4776
4287,1998,4,6306,6815,-509
4287,1998,5,6302,10295,-3993
4287,1998,6,9400,7215,2185
4287,1998,7,6299,4015,2284
4287,1998,8,6317,3715,2602
4287,1998,9,6314,10695,-4381
4287,1998,10,6298,6415,-117
4287,1998,11,6296,7415,-1119
4287,1998,12,9399,12100,-2701
4293,1996,2,500,0,500
4293,1996,3,10200,0,10200
4293,1996,4,6500,0,6500
4293,1996,5,2400,0,2400
4293,1996,6,2400,0,2400
4293,1996,7,400,0,400
4293,1996,8,3400,0,3400
4293,1996,9,0,1600,-1600
4293,1996,10,803,5500,-4697
4293,1996,11,81,3300,-3219
4293,1996,12,81,2700,-2619
4293,1997,1,39363,9100,30263
4293,1997,2,183,10000,-9817
4293,1997,3,106723,107197,-474
4293,1997,4,126522,101397,25125
4293,1997,5,50486,57709,-7223
4293,1997,6,81250,88458,-7208
4293,1997,7,64746,57239,7507
4293,1997,8,51790,31858,19932
4293,1997,9,32970,55058,-22088
4293,1997,10,55632,57558,-1926
4293,1997,11,75276,62058,13218
4293,1997,12,72743,63808,8935
4293,1998,1,23724,66337,-42613
4293,1998,2,101,9458,-9357
4293,1998,3,49770,37458,12312
4293,1998,4,71717,56158,15559
4293,1998,5,18252,30058,-11806
4293,1998,6,83117,83258,-141
4293,1998,7,14102,29658,-15556
4293,1998,8,38926,9458,29468
4293,1998,9,179480,145258,34222
4293,1998,10,35027,64458,-29431
4293,1998,11,65326,66458,-1132
4293,1998,12,11258,11758,-500
4296,1993,1,200,0,200
4296,1993,2,23936,0,23936
4296,1993,3,18834,7700,11134
4296,1993,4,18877,15300,3577
4296,1993,5,18892,16600,2292
4296,1993,6,28256,40315,-12059
4296,1993,7,18881,15415,3466
4296,1993,8,18870,11615,7255
4296,1993,9,18896,17615,1281
4296,1993,10,18902,16615,2287
4296,1993,11,18912,16415,2497
4296,1993,12,28315,30575,-2260
4296,1994,1,18908,29415,-10507
4296,1994,2,18871,14615,4256
4296,1994,3,18897,13815,5082
4296,1994,4,18910,15315,3595
4296,1994,5,18921,18315,606
4296,1994,6,28253,47195,-18942
4296,1994,7,18857,11355,7502
4296,1994,8,18882,14115,4767
4296,1994,9,18901,14715,4186
4296,1994,10,18920,14015,4905
4296,1994,11,18943,22135,-3192
4296,1994,12,28299,21955,6344
4296,1995,1,18942,31275,-12333
4296,1995,2,18921,9995,8926
4296,1995,3,18948,18835,113
4296,1995,4,18937,15915,3022
4296,1995,5,18953,14415,4538
4296,1995,6,28334,26075,2259
4296,1995,7,18975,17815,1160
4296,1995,8,18976,22275,-3299
4296,1995,9,18955,23515,-4560
4296,1995,10,18955,14215,4740
4296,1995,11,18964,19735,-771
4296,1995,12,28332,26615,1717
4296,1996,1,18941,32975,-14034
4296,1996,2,18954,415,18539
4296,1996,3,18977,22415,-3438
4296,1996,4,18986,14555,4431
4296,1996,5,19003,14775,4228
4296,1996,6,28372,25555,2817
4296,1996,7,19022,17815,1207
4296,1996,8,19019,18875,144
4296,1996,9,19033,15715,3318
4296,1996,10,19024,20195,-1171
4296,1996,11,19011,21815,-2804
4296,1996,12,28407,23075,5332
4296,1997,1,18978,48295,-29317
4296,1997,2,18940,11115,7825
4296,1997,3,18968,13415,5553
4296,1997,4,18983,17635,1348
4296,1997,5,18969,18355,614
4296,1997,6,28332,25395,2937
4296,1997,7,18956,26475,-7519
4296,1997,8,18966,18415,551
4296,1997,9,18956,23515,-4559
4296,1997,10,18940,22015,-3075
4296,1997,11,18937,18215,722
4296,1997,12,28287,25575,2712
4296,1998,1,18885,33315,-14430
4296,1998,2,18909,10315,8594
4296,1998,3,18926,19735,-809
4296,1998,4,18935,13315,5620
4296,1998,5,18934,25835,-6901
4296,1998,6,28307,17315,10992
4296,1998,7,18950,47375,-28425
4296,1998,8,18917,22315,-3398
4296,1998,9,18851,15655,3196
4296,1998,10,18840,20615,-1775
4296,1998,11,18831,24415,-5584
4296,1998,12,28192,2400,25792
4301,1997,6,900,0,900
4301,1997,7,22059,0,22059
4301,1997,8,12848,100,12748
4301,1997,9,12892,9500,3392
4301,1997,10,12904,10900,2004
4301,1997,11,12913,19515,-6602
4301,1997,12,19283,14815,4468
4301,1998,1,12900,26315,-13415
4301,1998,2,12854,6615,6239
4301,1998,3,12891,11915,976
4301,1998,4,12876,13015,-139
4301,1998,5,12873,14915,-2042
4301,1998,6,19238,24315,-5077
4301,1998,7,12851,11515,1336
4301,1998,8,12845,23815,-10970
4301,1998,9,12812,9415,3397
4301,1998,10,12816,16215,-3399
4301,1998,11,12813,9015,3798
4301,1998,12,19238,2000,17238
4309,1997,6,400,0,400
4309,1997,7,23175,0,23175
4309,1997,8,2098,0,2098
4309,1997,9,1298,0,1298
4309,1997,10,2698,0,2698
4309,1997,11,3198,0,3198
4309,1997,12,18198,8100,10098
4309,1998,1,179,2700,-2521
4309,1998,2,679,0,679
4309,1998,3,1479,0,1479
4309,1998,4,1979,0,1979
4309,1998,5,1979,0,1979
4309,1998,6,179,900,-721
4309,1998,7,179,1900,-1721
4309,1998,8,779,0,779
4309,1998,9,1179,0,1179
4309,1998,10,179,1100,-921
4309,1998,11,179,300,-121
4309,1998,12,2700,0,2700
4318,1993,4,200,0,200
4318,1993,5,46192,8900,37292
4318,1993,6,69366,53500,15866
4318,1993,7,46337,38900,7437
4318,1993,8,46282,68400,-22118
4318,1993,9,46287,40526,5761
4318,1993,10,46254,63578,-17324
4318,1993,11,46254,33026,13228
4318,1993,12,69367,55626,13741
4318,1994,1,46414,59526,-13112
4318,1994,2,46340,23320,23020
4318,1994,3,46367,46526,-159
4318,1994,4,46499,68926,-22427
4318,1994,5,46328,47226,-898
4318,1994,6,69407,64065,5342
4318,1994,7,46343,29926,16417
4318,1994,8,46365,41926,4439
4318,1994,9,46464,30426,16038
4318,1994,10,46459,40326,6133
4318,1994,11,46516,43026,3490
4318,1994,12,69474,100526,-31052
4318,1995,1,46325,53860,-7535
4318,1995,2,46351,51716,-5365
4318,1995,3,46333,40703,5630
4318,1995,4,46426,25172,21254
4318,1995,5,46437,46430,7
4318,1995,6,69295,119616,-50321
4318,1995,7,52815,43270,9545
4318,1995,8,46378,31526,14852
4318,1995,9,46346,49211,-2865
4318,1995,10,46438,35026,11412
4318,1995,11,46431,42626,3805
4318,1995,12,69540,73026,-3486
4318,1996,1,46397,54288,-7891
4318,1996,2,46395,38926,7469
4318,1996,3,46429,49526,-3097
4318,1996,4,46394,48576,-2182
4318,1996,5,46400,38326,8074
4318,1996,6,69431,75526,-6095
4318,1996,7,46404,39626,6778
4318,1996,8,46424,44426,1998
4318,1996,9,46424,43258,3166
4318,1996,10,46462,51126,-4664
4318,1996,11,46453,39026,7427
4318,1996,12,69491,69126,365
4318,1997,1,49181,81114,-31933
4318,1997,2,46334,26826,19508
4318,1997,3,46429,42626,3803
4318,1997,4,46388,42726,3662
4318,1997,5,46431,51093,-4662
4318,1997,6,69467,64358,5109
4318,1997,7,46427,40426,6001
4318,1997,8,46463,54126,-7663
4318,1997,9,47210,61235,-14025
4318,1997,10,46386,32826,13560
4318,1997,11,46419,33826,12593
4318,1997,12,69412,87578,-18166
4318,1998,1,46361,41326,5035
4318,1998,2,46409,33426,12983
4318,1998,3,57436,82565,-25129
4318,1998,4,46402,28126,18276
4318,1998,5,46398,41066,5332
4318,1998,6,69453,76626,-7173
4318,1998,7,46458,26026,20432
4318,1998,8,46483,44126,2357
4318,1998,9,57302,88026,-30724
4318,1998,10,46409,24926,21483
4318,1998,11,48410,64926,-16516
4318,1998,12,69406,75096,-5690
4320,1996,7,47205,0,47205
4320,1996,8,87662,51400,36262
4320,1996,9,31524,71900,-40376
4320,1996,10,178,11500,-11322
4320,1996,11,57672,35915,21757
4320,1996,12,182,21715,-21533
4320,1997,1,27079,61616,-34537
4320,1997,2,49825,20530,29295
4320,1997,3,62217,47515,14702
4320,1997,4,80679,28415,52264
4320,1997,5,59686,81215,-21529
4320,1997,6,138858,123715,15143
4320,1997,7,71539,124315,-52776
4320,1997,8,36376,39895,-3519
4320,1997,9,107,10795,-10688
4320,1997,10,25495,35495,-10000
4320,1997,11,32,5195,-5163
4320,1997,12,37078,23595,13483
4320,1998,1,22,20189,-20167
4320,1998,2,31530,3823,27707
4320,1998,3,100834,46995,53839
4320,1998,4,83852,95995,-12143
4320,1998,5,42149,72052,-29903
4320,1998,6,17532,27395,-9863
4320,1998,7,60447,40101,20346
4320,1998,8,108,36474,-36366
4320,1998,9,81304,31015,50289
4320,1998,10,14504,51415,-36911
4320,1998,11,192183,132015,60168
4320,1998,12,21016,66660,-45644
4321,1993,4,1000,0,1000
4321,1993,5,75743,9600,66143
4321,1993,6,279,23400,-23121
4321,1993,7,279,8300,-8021
4321,1993,8,80926,60015,20911
4321,1993,9,106225,87819,18406
4321,1993,10,27116,56753,-29637
4321,1993,11,72082,33315,38767
4321,1993,12,10593,50161,-39568
4321,1994,1,16491,24315,-7824
4321,1994,2,40106,11080,29026
4321,1994,3,63246,38015,25231
4321,1994,4,59861,48004,11857
4321,1994,5,54843,79715,-24872
4321,1994,6,49313,89549,-40236
4321,1994,7,44952,29455,15497
4321,1994,8,24393,16815,7578
4321,1994,9,128463,116915,11548
4321,1994,10,51894,20315,31579
4321,1994,11,313,39780,-39467
4321,1994,12,39488,25876,13612
4321,1995,1,29419,45915,-16496
4321,1995,2,49607,18915,30692
4321,1995,3,100771,113615,-12844
4321,1995,4,33591,53115,-19524
4321,1995,5,61856,24415,37441
4321,1995,6,12105,28215,-16110
4321,1995,7,49895,59615,-9720
4321,1995,8,261,39408,-39147
4321,1995,9,65828,15,65813
4321,1995,10,35766,82949,-47183
4321,1995,11,34245,15,34230
4321,1995,12,51451,31342,20109
4321,1996,1,276,54815,-54539
4321,1996,2,7763,22585,-14822
4321,1996,3,12049,11715,334
4321,1996,4,17052,22411,-5359
4321,1996,5,21233,7065,14168
4321,1996,6,12680,20763,-8083
4321,1996,7,41684,24345,17339
4321,1996,8,40451,17800,22651
4321,1996,9,5619,5285,334
4321,1996,10,320,2015,-1695
4321,1996,11,15610,22353,-6743
4321,1996,12,19481,20808,-1327
4321,1997,1,45371,31507,13864
4321,1997,2,10616,47152,-36536
4321,1997,3,114212,95115,19097
4321,1997,4,45265,15,45250
4321,1997,5,36218,46437,-10219
4321,1997,6,114325,137311,-22986
4321,1997,7,30147,24380,5767
4321,1997,8,94418,78115,16303
4321,1997,9,30641,46934,-16293
4321,1997,10,234857,214034,20823
4321,1997,11,93611,97316,-3705
4321,1997,12,57165,75868,-18703
4321,1998,1,47973,44415,3558
4321,1998,2,92680,63615,29065
4321,1998,3,74170,81015,-6845
4321,1998,4,18718,9412,9306
4321,1998,5,61257,60215,1042
4321,1998,6,177998,223815,-45817
4321,1998,7,31927,39472,-7545
4321,1998,8,28997,6615,22382
4321,1998,9,60845,63515,-2670
4321,1998,10,19183,15,19168
4321,1998,11,99010,107215,-8205
4321,1998,12,27449,8100,19349
4328,1994,6,300,0,300
4328,1994,7,14542,0,14542
4328,1994,8,6485,1100,5385
4328,1994,9,6501,4300,2201
4328,1994,10,6517,1300,5217
4328,1994,11,6533,7215,-682
4328,1994,12,9743,6715,3028
4328,1995,1,8511,19815,-11304
4328,1995,2,6501,2115,4386
4328,1995,3,6513,4515,1998
4328,1995,4,6521,5615,906
4328,1995,5,6520,7015,-495
4328,1995,6,9711,16515,-6804
4328,1995,7,6503,1615,4888
4328,1995,8,6508,7015,-507
4328,1995,9,6512,5115,1397
4328,1995,10,6522,4215,2307
4328,1995,11,6526,5615,911
4328,1995,12,9744,6615,3129
4328,1996,1,6513,18315,-11802
4328,1996,2,10620,3115,7505
4328,1996,3,6542,3215,3327
4328,1996,4,6550,2115,4435
4328,1996,5,6563,3815,2748
4328,1996,6,9756,28515,-18759
4328,1996,7,7110,3715,3395
4328,1996,8,7822,2215,5607
4328,1996,9,8147,3615,4532
4328,1996,10,6551,4115,2436
4328,1996,11,6560,4715,1845
4328,1996,12,9779,8815,964
4328,1997,1,6539,18815,-12276
4328,1997,2,8125,6315,1810
4328,1997,3,6527,5115,1412
4328,1997,4,6544,1215,5329
4328,1997,5,6562,2815,3747
4328,1997,6,9784,8615,1169
4328,1997,7,6564,15515,-8951
4328,1997,8,6533,5715,818
4328,1997,9,6536,7815,-1279
4328,1997,10,6531,6915,-384
4328,1997,11,6530,8215,-1685
4328,1997,12,9745,9515,230
4328,1998,1,12610,25615,-13005
4328,1998,2,7872,4215,3657
4328,1998,3,6488,4215,2273
4328,1998,4,6499,4915,1584
4328,1998,5,6502,2415,4087
4328,1998,6,9719,18715,-8996
4328,1998,7,6479,6715,-236
4328,1998,8,6474,11915,-5441
4328,1998,9,6452,10015,-3563
4328,1998,10,6443,9315,-2872
4328,1998,11,6427,7915,-1488
4328,1998,12,9653,600,9053
4329,1994,2,2204,0,2204
4329,1994,3,12732,0,12732
4329,1994,4,3866,15,3851
4329,1994,5,5184,2365,2819
4329,1994,6,2995,15,2980
4329,1994,7,3003,2565,438
4329,1994,8,3006,1815,1191
4329,1994,9,3014,315,2699
4329,1994,10,3023,1715,1308
4329,1994,11,47632,4865,42767
4329,1994,12,49736,67115,-17379
4329,1995,1,3083,24065,-20982
4329,1995,2,3035,7715,-4680
4329,1995,3,40683,23415,17268
4329,1995,4,25968,15815,10153
4329,1995,5,3096,20315,-17219
4329,1995,6,3049,9815,-6766
4329,1995,7,3030,6415,-3385
4329,1995,8,3013,7365,-4352
4329,1995,9,3000,5215,-2215
4329,1995,10,2997,2615,382
4329,1995,11,2993,5815,-2822
4329,1995,12,2986,2315,671
4329,1996,1,2975,8215,-5240
4329,1996,2,2967,2815,152
4329,1996,3,2970,1915,1055
4329,1996,4,2964,4465,-1501
4329,1996,5,28554,13315,15239
4329,1996,6,3015,11715,-8700
4329,1996,7,2990,4615,-1625
4329,1996,8,49028,6815,42213
4329,1996,9,3079,30765,-27686
4329,1996,10,3024,14315,-11291
4329,1996,11,2983,10215,-7232
4329,1996,12,2975,1515,1460
4329,1997,1,2966,4965,-1999
4329,1997,2,2966,3615,-649
4329,1997,3,2970,15,2955
4329,1997,4,2975,3815,-840
4329,1997,5,2970,4315,-1345
4329,1997,6,2969,2015,954
4329,1997,7,2976,7615,-4639
4329,1997,8,30066,21015,9051
4329,1997,9,2993,9965,-6972
4329,1997,10,2966,15,2951
4329,1997,11,30083,25515,4568
4329,1997,12,2987,10815,-7828
4329,1998,1,2964,815,2149
4329,1998,2,36279,26765,9514
4329,1998,3,44076,31615,12461
4329,1998,4,3055,19165,-16110
4329,1998,5,2994,6315,-3321
4329,1998,6,2980,5065,-2085
4329,1998,7,2971,5515,-2544
4329,1998,8,3665,15,3650
4329,1998,9,4180,415,3765
4329,1998,10,2991,4415,-1424
4329,1998,11,2986,2415,571
4329,1998,12,2991,500,2491
4330,1995,7,1100,0,1100
4330,1995,8,46292,0,46292
4330,1995,9,197,9900,-9703
4330,1995,10,197,8600,-8403
4330,1995,11,197,2100,-1903
4330,1995,12,197,6400,-6203
4330,1996,1,193,5700,-5507
4330,1996,2,50588,0,50588
4330,1996,3,54058,65215,-11157
4330,1996,4,134,35547,-35413
4330,1996,5,68,7041,-6973
4330,1996,6,49555,28041,21514
4330,1996,7,60528,44441,16087
4330,1996,8,5964,26641,-20677
4330,1996,9,99,9914,-9815
4330,1996,10,60740,41341,19399
4330,1996,11,83,24743,-24660
4330,1996,12,30640,23941,6699
4330,1997,1,87009,74661,12348
4330,1997,2,81727,65533,16194
4330,1997,3,174,29641,-29467
4330,1997,4,63652,58107,5545
4330,1997,5,29631,42698,-13067
4330,1997,6,26190,5941,20249
4330,1997,7,26608,14041,12567
4330,1997,8,37690,15240,22450
4330,1997,9,27656,59822,-32166
4330,1997,10,48602,17129,31473
4330,1997,11,25748,44341,-18593
4330,1997,12,161,24018,-23857
4330,1998,1,49840,29641,20199
4330,1998,2,85042,50341,34701
4330,1998,3,13339,61941,-48602
4330,1998,4,115,5941,-5826
4330,1998,5,10083,5941,4142
4330,1998,6,15835,25741,-9906
4330,1998,7,66,5941,-5875
4330,1998,8,41,5941,-5900
4330,1998,9,92655,5941,86714
4330,1998,10,85510,125741,-40231
4330,1998,11,141789,99641,42148
4330,1998,12,76531,95526,-18995
4332,1997,12,1000,0,1000
4332,1998,1,75599,26400,49199
4332,1998,2,30425,8100,22325
4332,1998,3,302,21100,-20798
4332,1998,4,66436,58715,7721
4332,1998,5,1178,31138,-29960
4332,1998,6,22931,29825,-6894
4332,1998,7,15273,7900,7373
4332,1998,8,46770,14600,32170
4332,1998,9,197,37422,-37225
4332,1998,10,87352,13300,74052
4332,1998,11,347,36200,-35853
4332,1998,12,220,25585,-25365
4336,1997,7,20436,0,20436
4336,1997,8,25653,0,25653
4336,1997,9,71001,12115,58886
4336,1997,10,124581,131031,-6450
4336,1997,11,283,46031,-45748
4336,1997,12,92511,68931,23580
4336,1998,1,72771,87131,-14360
4336,1998,2,47523,20431,27092
4336,1998,3,6355,36631,-30276
4336,1998,4,172,21531,-21359
4336,1998,5,112525,53131,59394
4336,1998,6,289,41131,-40842
4336,1998,7,31287,18431,12856
4336,1998,8,163,33231,-33068
4336,1998,9,2895,21531,-18636
4336,1998,10,18376,8331,10045
4336,1998,11,7513,8331,-818
4336,1998,12,41595,10716,30879
4337,1993,11,900,0,900
4337,1993,12,19520,0,19520
4337,1994,1,25921,10600,15321
4337,1994,2,148,7300,-7152
4337,1994,3,28443,16700,11743
4337,1994,4,67771,52015,15756
4337,1994,5,181,24715,-24534
4337,1994,6,40196,38654,1542
4337,1994,7,58598,4515,54083
4337,1994,8,50188,82215,-32027
4337,1994,9,123939,122115,1824
4337,1994,10,193,37006,-36813
4337,1994,11,37749,8715,29034
4337,1994,12,46761,21957,24804
4337,1995,1,53757,58763,-5006
4337,1995,2,21468,28057,-6589
4337,1995,3,11014,23982,-12968
4337,1995,4,153083,99357,53726
4337,1995,5,299,50157,-49858
4337,1995,6,35116,17857,17259
4337,1995,7,111173,98479,12694
4337,1995,8,59422,102257,-42835
4337,1995,9,37123,16557,20566
4337,1995,10,67829,60876,6953
4337,1995,11,25150,41157,-16007
4337,1995,12,69063,41357,27706
4337,1996,1,100395,96420,3975
4337,1996,2,37476,34957,2519
4337,1996,3,44759,37077,7682
4337,1996,4,43831,43757,74
4337,1996,5,32173,64266,-32093
4337,1996,6,39114,40914,-1800
4337,1996,7,199,18657,-18458
4337,1996,8,32260,34050,-1790
4337,1996,9,86654,25057,61597
4337,1996,10,62109,102257,-40148
4337,1996,11,60429,61757,-1328
4337,1996,12,34492,36615,-2123
4337,1997,1,64958,55015,9943
4337,1997,2,277,16015,-15738
4337,1997,3,213,5715,-5502
4337,1997,4,5267,15209,-9942
4337,1997,5,7651,2715,4936
4337,1997,6,17800,24715,-6915
4337,1997,7,43219,17915,25304
4337,1997,8,35623,24725,10898
4337,1997,9,96238,86015,10223
4337,1997,10,320,16815,-16495
4337,1997,11,27023,20115,6908
4337,1997,12,44759,57613,-12854
4337,1998,1,64318,60715,3603
4337,1998,2,7368,27954,-20586
4337,1998,3,53084,30638,22446
4337,1998,4,6428,11015,-4587
4337,1998,5,145377,164439,-19062
4337,1998,6,58119,48196,9923
4337,1998,7,77066,39500,37566
4337,1998,8,287,35956,-35669
4337,1998,9,2411,2515,-104
4337,1998,10,57626,47686,9940
4337,1998,11,29725,15678,14047
4337,1998,12,280,23000,-22720
4342,1996,4,700,0,700
4342,1996,5,65352,17400,47952
4342,1996,6,21304,13200,8104
4342,1996,7,37831,36315,1516
4342,1996,8,53745,46050,7695
4342,1996,9,17382,64019,-46637
4342,1996,10,39339,15350,23989
4342,1996,11,69824,51550,18274
4342,1996,12,32206,39523,-7317
4342,1997,1,10531,32450,-21919
4342,1997,2,50667,26250,24417
4342,1997,3,17627,23250,-5623
4342,1997,4,34969,32450,2519
4342,1997,5,696,13850,-13154
4342,1997,6,40174,30682,9492
4342,1997,7,73792,45750,28042
4342,1997,8,109819,93150,16669
4342,1997,9,362,25650,-25288
4342,1997,10,26002,13850,12152
4342,1997,11,319,13250,-12931
4342,1997,12,30713,28322,2391
4342,1998,1,30992,48122,-17130
4342,1998,2,17706,18722,-1016
4342,1998,3,110481,80740,29741
4342,1998,4,78398,56922,21476
4342,1998,5,389,19222,-18833
4342,1998,6,117956,90022,27934
4342,1998,7,43494,49922,-6428
4342,1998,8,406,14722,-14316
4342,1998,9,94710,94788,-78
4342,1998,10,6868,10322,-3454
4342,1998,11,8258,10322,-2064
4342,1998,12,65205,89607,-24402
4343,1993,11,900,0,900
4343,1993,12,25744,0,25744
4343,1994,1,15723,10600,5123
4343,1994,2,15745,9600,6145
4343,1994,3,15763,15100,663
4343,1994,4,15765,15615,150
4343,1994,5,15771,12815,2956
4343,1994,6,23579,36215,-12636
4343,1994,7,15732,14715,1017
4343,1994,8,15745,7015,8730
4343,1994,9,15775,11215,4560
4343,1994,10,15787,16015,-228
4343,1994,11,15790,12915,2875
4343,1994,12,23606,23415,191
4343,1995,1,15786,32615,-16829
4343,1995,2,15753,3015,12738
4343,1995,3,15789,11315,4474
4343,1995,4,15805,12615,3190
4343,1995,5,15819,12315,3504
4343,1995,6,23639,26215,-2576
4343,1995,7,15820,13615,2205
4343,1995,8,15827,14715,1112
4343,1995,9,15824,20215,-4391
4343,1995,10,15821,11915,3906
4343,1995,11,15824,16915,-1091
4343,1995,12,23645,22315,1330
4343,1996,1,15827,29815,-13988
4343,1996,2,15799,7615,8184
4343,1996,3,15822,15515,307
4343,1996,4,15833,6215,9618
4343,1996,5,15854,12515,3339
4343,1996,6,23626,34915,-11289
4343,1996,7,15826,11115,4711
4343,1996,8,15827,24815,-8988
4343,1996,9,15824,6515,9309
4343,1996,10,15856,8515,7341
4343,1996,11,15871,13315,2556
4343,1996,12,23675,25215,-1540
4343,1997,1,15829,30015,-14186
4343,1997,2,16153,4015,12138
4343,1997,3,15871,12015,3856
4343,1997,4,15929,15015,914
4343,1997,5,15877,15915,-38
4343,1997,6,23692,34015,-10323
4343,1997,7,17196,15,17181
4343,1997,8,15947,4315,11632
4343,1997,9,15965,12615,3350
4343,1997,10,15978,17315,-1337
4343,1997,11,15971,13615,2356
4343,1997,12,23820,26315,-2495
4343,1998,1,15975,25615,-9640
4343,1998,2,15923,15,15908
4343,1998,3,15995,24315,-8320
4343,1998,4,16001,16415,-414
4343,1998,5,15950,18715,-2765
4343,1998,6,23735,32615,-8880
4343,1998,7,15903,11615,4288
4343,1998,8,15919,16015,-96
4343,1998,9,15919,15115,804
4343,1998,10,15923,14215,1708
4343,1998,11,15967,15815,152
4343,1998,12,23811,1600,22211
4346,1996,3,48904,0,48904
4346,1996,4,87310,34400,52910
4346,1996,5,44158,72600,-28442
4346,1996,6,89657,91438,-1781
4346,1996,7,143440,116472,26968
4346,1996,8,286,49371,-49085
4346,1996,9,105632,55294,50338
4346,1996,10,27908,40371,-12463
4346,1996,11,141892,160771,-18879
4346,1996,12,74589,50575,24014
4346,1997,1,52640,103771,-51131
4346,1997,2,23759,26425,-2666
4346,1997,3,93747,52552,41195
4346,1997,4,104754,109771,-5017
4346,1997,5,80037,106286,-26249
4346,1997,6,64889,16471,48418
4346,1997,7,43373,75871,-32498
4346,1997,8,8756,15471,-6715
4346,1997,9,161,25271,-25110
4346,1997,10,28081,29990,-1909
4346,1997,11,6047,8471,-2424
4346,1997,12,7513,8471,-958
4346,1998,1,18237,22871,-4634
4346,1998,2,18286,8471,9815
4346,1998,3,22998,8471,14527
4346,1998,4,40674,34371,6303
4346,1998,5,156,17871,-17715
4346,1998,6,3127,8471,-5344
4346,1998,7,51233,18930,32303
4346,1998,8,78894,69071,9823
4346,1998,9,190,34071,-33881
4346,1998,10,41052,18871,22181
4346,1998,11,231,9671,-9440
4346,1998,12,43996,25856,18140
4347,1993,3,700,0,700
4347,1993,4,12009,0,12009
4347,1993,5,17305,4400,12905
4347,1993,6,1608,0,1608
4347,1993,7,1013,615,398
4347,1993,8,2814,2265,549
4347,1993,9,1017,1215,-198
4347,1993,10,1017,615,402
4347,1993,11,1019,315,704
4347,1993,12,1919,2415,-496
4347,1994,1,40504,33315,7189
4347,1994,2,1745,5115,-3370
4347,1994,3,1731,5515,-3784
4347,1994,4,1715,4815,-3100
4347,1994,5,21922,11615,10307
4347,1994,6,4909,20615,-15706
4347,1994,7,3787,1415,2372
4347,1994,8,1696,415,1281
4347,1994,9,1697,4315,-2618
4347,1994,10,1686,2815,-1129
4347,1994,11,2287,15,2272
4347,1994,12,1686,5615,-3929
4347,1995,1,2572,6865,-4293
4347,1995,2,3464,15,3449
4347,1995,3,1675,315,1360
4347,1995,4,1680,915,765
4347,1995,5,2186,15,2171
4347,1995,6,3886,5265,-1379
4347,1995,7,33425,16515,16910
4347,1995,8,1035,9365,-8330
4347,1995,9,1008,7015,-6007
4347,1995,10,984,6765,-5781
4347,1995,11,49256,27715,21541
4347,1995,12,1034,14815,-13781
4347,1996,1,980,11565,-10585
4347,1996,2,958,1515,-557
4347,1996,3,1059,15,1044
4347,1996,4,961,1015,-54
4347,1996,5,961,815,146
4347,1996,6,960,1465,-505
4347,1996,7,1659,1515,144
4347,1996,8,1663,15,1648
4347,1996,9,1667,1765,-98
4347,1996,10,1669,15,1654
4347,1996,11,37087,615,36472
4347,1996,12,42277,27115,15162
4347,1997,1,1031,45415,-44384
4347,1997,2,1000,2365,-1365
4347,1997,3,997,15,982
4347,1997,4,978,11915,-10937
4347,1997,5,24690,15,24675
4347,1997,6,1006,21815,-20809
4347,1997,7,971,1215,-244
4347,1997,8,971,715,256
4347,1997,9,971,1215,-244
4347,1997,10,971,365,606
4347,1997,11,17370,15,17355
4347,1997,12,1001,18015,-17014
4347,1998,1,35379,35115,264
4347,1998,2,974,1515,-541
4347,1998,3,971,2115,-1144
4347,1998,4,968,15,953
4347,1998,5,972,15,957
4347,1998,6,976,15,961
4347,1998,7,980,15,965
4347,1998,8,984,15,969
4347,1998,9,984,2065,-1081
4347,1998,10,41538,35115,6423
4347,1998,11,1009,1915,-906
4347,1998,12,1004,1550,-546
4349,1996,9,700,0,700
4349,1996,10,32825,7000,25825
4349,1996,11,32913,17300,15613
4349,1996,12,49365,32700,16665
4349,1997,1,33008,34500,-1492
4349,1997,2,33010,31215,1795
4349,1997,3,33010,34815,-1805
4349,1997,4,33003,34315,-1312
4349,1997,5,33006,30815,2191
4349,1997,6,49375,58915,-9540
4349,1997,7,32969,36815,-3846
4349,1997,8,32968,27615,5353
4349,1997,9,32951,44515,-11564
4349,1997,10,32934,30815,2119
4349,1997,11,32936,44006,-11070
4349,1997,12,49337,32915,16422
4349,1998,1,32937,58091,-25154
4349,1998,2,32947,115,32832
4349,1998,3,32932,59651,-26719
4349,1998,4,32920,26585,6335
4349,1998,5,32961,20215,12746
4349,1998,6,49377,48633,744
4349,1998,7,33008,17615,15393
4349,1998,8,33060,21615,11445
4349,1998,9,33070,39515,-6445
4349,1998,10,33048,36315,-3267
4349,1998,11,33065,28015,5050
4349,1998,12,49459,33215,16244
4350,1993,4,18627,0,18627
4350,1993,5,21815,0,21815
4350,1993,6,26583,6500,20083
4350,1993,7,17823,15700,2123
4350,1993,8,17829,16715,1114
4350,1993,9,17822,22855,-5033
4350,1993,10,17798,38115,-20317
4350,1993,11,17725,15615,2110
4350,1993,12,26565,23795,2770
4350,1994,1,17778,24755,-6977
4350,1994,2,17767,12255,5512
4350,1994,3,17760,18315,-555
4350,1994,4,17737,15515,2222
4350,1994,5,17764,17175,589
4350,1994,6,26492,38995,-12503
4350,1994,7,17701,8115,9586
4350,1994,8,17737,15815,1922
4350,1994,9,17746,14915,2831
4350,1994,10,17756,17715,41
4350,1994,11,17775,19995,-2220
4350,1994,12,26537,21755,4782
4350,1995,1,17722,36055,-18333
4350,1995,2,17699,7715,9984
4350,1995,3,17736,13115,4621
4350,1995,4,17754,14215,3539
4350,1995,5,17768,15315,2453
4350,1995,6,26567,28175,-1608
4350,1995,7,17779,9215,8564
4350,1995,8,17811,12615,5196
4350,1995,9,17830,14415,3415
4350,1995,10,17837,19815,-1978
4350,1995,11,17839,13115,4724
4350,1995,12,26655,21635,5020
4350,1996,1,17829,33055,-15226
4350,1996,2,17822,9615,8207
4350,1996,3,17857,19175,-1318
4350,1996,4,17840,16815,1025
4350,1996,5,17849,13615,4234
4350,1996,6,26628,32315,-5687
4350,1996,7,17849,13855,3994
4350,1996,8,17860,13715,4145
4350,1996,9,17880,13975,3905
4350,1996,10,17891,15015,2876
4350,1996,11,17909,13055,4854
4350,1996,12,26731,22435,4296
4350,1997,1,17893,30315,-12422
4350,1997,2,17916,4215,13701
4350,1997,3,17948,13915,4033
4350,1997,4,17978,9015,8963
4350,1997,5,29844,54215,-24371
4350,1997,6,26634,47835,-21201
4350,1997,7,27872,3015,24857
4350,1997,8,17942,5255,12687
4350,1997,9,17988,10715,7273
4350,1997,10,44295,69535,-25240
4350,1997,11,25661,15,25646
4350,1997,12,42868,42735,133
4350,1998,1,26661,44175,-17514
4350,1998,2,27276,15,27261
4350,1998,3,34825,34815,10
4350,1998,4,27341,25035,2306
4350,1998,5,50895,67135,-16240
4350,1998,6,51368,82115,-30747
4350,1998,7,45021,4215,40806
4350,1998,8,31037,53515,-22478
4350,1998,9,43255,61515,-18260
4350,1998,10,55768,48515,7253
4350,1998,11,55006,45215,9791
4350,1998,12,60187,36940,23247
4352,1993,7,24739,0,24739
4352,1993,8,26045,0,26045
4352,1993,9,24512,12900,11612
4352,1993,10,24551,16400,8151
4352,1993,11,24557,27915,-3358
4352,1993,12,36717,23525,13192
4352,1994,1,24565,56525,-31960
4352,1994,2,24521,5625,18896
4352,1994,3,24548,26225,-1677
4352,1994,4,24538,24825,-287
4352,1994,5,24536,43325,-18789
4352,1994,6,36674,39825,-3151
4352,1994,7,24502,23025,1477
4352,1994,8,24506,22125,2381
4352,1994,9,24514,24925,-411
4352,1994,10,24511,24525,-14
4352,1994,11,24509,24325,184
4352,1994,12,36673,31825,4848
4352,1995,1,24514,29025,-4511
4352,1995,2,24507,27625,-3118
4352,1995,3,24498,22025,2473
4352,1995,4,24506,24025,481
4352,1995,5,24507,22725,1782
4352,1995,6,36655,42325,-5670
4352,1995,7,24488,22825,1663
4352,1995,8,24492,23225,1267
4352,1995,9,24492,26325,-1833
4352,1995,10,24483,26325,-1842
4352,1995,11,24481,20725,3756
4352,1995,12,36656,27325,9331
4352,1996,1,24502,32825,-8323
4352,1996,2,24492,23425,1067
4352,1996,3,24493,26725,-2232
4352,1996,4,24489,21425,3064
4352,1996,5,24501,21525,2976
4352,1996,6,36611,45625,-9014
4352,1996,7,24477,19525,4952
4352,1996,8,24482,24425,57
4352,1996,9,24484,24225,259
4352,1996,10,24489,24825,-336
4352,1996,11,24483,21725,2758
4352,1996,12,36650,29525,7125
4352,1997,1,24506,28325,-3819
4352,1997,2,24499,25025,-526
4352,1997,3,24497,26725,-2228
4352,1997,4,24487,24625,-138
4352,1997,5,24480,28425,-3945
4352,1997,6,36587,55325,-18738
4352,1997,7,24408,18725,5683
4352,1997,8,24431,17325,7106
4352,1997,9,24431,27325,-2894
4352,1997,10,24439,20025,4414
4352,1997,11,24454,20225,4229
4352,1997,12,36619,27825,8794
4352,1998,1,24493,20825,3668
4352,1998,2,24526,18125,6401
4352,1998,3,24511,33925,-9414
4352,1998,4,24513,18225,6288
4352,1998,5,24526,23825,701
4352,1998,6,36663,36125,538
4352,1998,7,24515,29925,-5410
4352,1998,8,24503,24425,78
4352,1998,9,24501,25125,-624
4352,1998,10,24497,25525,-1028
4352,1998,11,24479,30325,-5846
4352,1998,12,36647,23510,13137
4354,1997,1,1000,0,1000
4354,1997,2,60445,0,60445
4354,1997,3,29708,28600,1108
4354,1997,4,67538,33100,34438
4354,1997,5,403,32800,-32397
4354,1997,6,55290,71771,-16481
4354,1997,7,68430,56533,11897
4354,1997,8,48474,32371,16103
4354,1997,9,192,40871,-40679
4354,1997,10,79905,23271,56634
4354,1997,11,12356,49771,-37415
4354,1997,12,130,32271,-32141
4354,1998,1,9761,22471,-12710
4354,1998,2,14947,17171,-2224
4354,1998,3,48789,18971,29818
4354,1998,4,17400,29843,-12443
4354,1998,5,1755,17971,-16216
4354,1998,6,47237,27004,20233
4354,1998,7,63510,33717,29793
4354,1998,8,34521,44071,-9550
4354,1998,9,40098,35471,4627
4354,1998,10,47893,52245,-4352
4354,1998,11,38513,33032,5481
4354,1998,12,54784,55701,-917
4355,1993,2,800,0,800
4355,1993,3,18216,0,18216
4355,1993,4,3785,15,3770
4355,1993,5,3500,1015,2485
4355,1993,6,3407,4115,-708
4355,1993,7,3004,2415,589
4355,1993,8,32239,15815,16424
4355,1993,9,3060,13415,-10355
4355,1993,10,3022,8265,-5243
4355,1993,11,3013,2115,898
4355,1993,12,4910,4215,695
4355,1994,1,5401,13465,-8064
4355,1994,2,3487,15,3472
4355,1994,3,2998,2465,533
4355,1994,4,4406,15,4391
4355,1994,5,3016,2765,251
4355,1994,6,17242,22715,-5473
4355,1994,7,2995,2315,680
4355,1994,8,5202,2465,2737
4355,1994,9,3007,3515,-508
4355,1994,10,3008,2115,893
4355,1994,11,3009,3415,-406
4355,1994,12,13887,1815,12072
4355,1995,1,3015,22565,-19550
4355,1995,2,4084,15,4069
4355,1995,3,2991,3915,-924
4355,1995,4,2996,115,2881
4355,1995,5,2995,5115,-2120
4355,1995,6,2985,11415,-8430
4355,1995,7,4368,15,4353
4355,1995,8,63978,3215,60763
4355,1995,9,3169,33715,-30546
4355,1995,10,3071,16915,-13844
4355,1995,11,3028,10715,-7687
4355,1995,12,2997,11115,-8118
4355,1996,1,19940,24815,-4875
4355,1996,2,2963,15,2948
4355,1996,3,2965,5665,-2700
4355,1996,4,2964,15,2949
4355,1996,5,2969,3415,-446
4355,1996,6,41869,3215,38654
4355,1996,7,3095,19215,-16120
4355,1996,8,3034,15115,-12081
4355,1996,9,3000,7315,-4315
4355,1996,10,2995,2365,630
4355,1996,11,3002,15,2987
4355,1996,12,2995,10515,-7520
4355,1997,1,29999,24465,5534
4355,1997,2,3052,15,3037
4355,1997,3,2988,12415,-9427
4355,1997,4,2979,15,2964
4355,1997,5,2991,7615,-4624
4355,1997,6,2972,15,2957
4355,1997,7,2973,3265,-292
4355,1997,8,2983,15,2968
4355,1997,9,2990,11715,-8725
4355,1997,10,2959,15,2944
4355,1997,11,2971,15,2956
4355,1997,12,14231,1915,12316
4355,1998,1,3010,11915,-8905
4355,1998,2,2997,15,2982
4355,1998,3,46919,43115,3804
4355,1998,4,3025,15,3010
4355,1998,5,3035,1565,1470
4355,1998,6,3018,12515,-9497
4355,1998,7,3004,15,2989
4355,1998,8,31043,1215,29828
4355,1998,9,3104,32915,-29811
4355,1998,10,3017,15,3002
4355,1998,11,3006,18415,-15409
4355,1998,12,2965,0,2965
4356,1994,1,700,0,700
4356,1994,2,13400,0,13400
4356,1994,3,7656,0,7656
4356,1994,4,6685,3400,3285
4356,1994,5,6697,5700,997
4356,1994,6,9998,8315,1683
4356,1994,7,6706,8315,-1609
4356,1994,8,6701,6915,-214
4356,1994,9,6701,8415,-1714
4356,1994,10,6694,5615,1079
4356,1994,11,6700,4315,2385
4356,1994,12,10011,6715,3296
4356,1995,1,6700,20515,-13815
4356,1995,2,8376,3715,4661
4356,1995,3,6685,8915,-2230
4356,1995,4,6676,4615,2061
4356,1995,5,6682,6715,-33
4356,1995,6,9991,7315,2676
4356,1995,7,6689,9915,-3226
4356,1995,8,6683,4415,2268
4356,1995,9,6686,9615,-2929
4356,1995,10,6673,8315,-1642
4356,1995,11,6672,5415,1257
4356,1995,12,9970,10615,-645
4356,1996,1,6667,13315,-6648
4356,1996,2,6636,9315,-2679
4356,1996,3,6634,7315,-681
4356,1996,4,6634,4915,1719
4356,1996,5,6646,3015,3631
4356,1996,6,9951,11215,-1264
4356,1996,7,6640,9515,-2875
4356,1996,8,6639,5315,1324
4356,1996,9,6641,6415,226
4356,1996,10,6638,8115,-1477
4356,1996,11,6630,11915,-5285
4356,1996,12,9915,8515,1400
4356,1997,1,6601,15929,-9328
4356,1997,2,6603,1323,5280
4356,1997,3,6612,3115,3497
4356,1997,4,6616,6815,-199
4356,1997,5,6611,8415,-1804
4356,1997,6,9934,6315,3619
4356,1997,7,6611,10615,-4004
4356,1997,8,6620,2415,4205
4356,1997,9,6625,6315,310
4356,1997,10,6625,6715,-90
4356,1997,11,6620,10715,-4095
4356,1997,12,9902,11615,-1713
4356,1998,1,6593,12451,-5858
4356,1998,2,6592,6150,442
4356,1998,3,6592,9958,-3366
4356,1998,4,6592,12611,-6019
4356,1998,5,6592,7131,-539
4356,1998,6,9888,6206,3682
4356,1998,7,6592,9417,-2825
4356,1998,8,6592,7431,-839
4356,1998,9,6592,10260,-3668
4356,1998,10,6592,6670,-78
4356,1998,11,6592,12312,-5720
4356,1998,12,9888,13353,-3465
4358,1997,2,57366,0,57366
4358,1997,3,85706,88015,-2309
4358,1997,4,68288,34615,33673
4358,1997,5,24177,28015,-3838
4358,1997,6,8007,63615,-55608
4358,1997,7,83148,29915,53233
4358,1997,8,341,19115,-18774
4358,1997,9,109022,79604,29418
4358,1997,10,32898,65715,-32817
4358,1997,11,123668,85315,38353
4358,1997,12,107809,96515,11294
4358,1998,1,245,73715,-73470
4358,1998,2,47295,14715,32580
4358,1998,3,267,17415,-17148
4358,1998,4,20865,11213,9652
4358,1998,5,117403,103206,14197
4358,1998,6,236,51815,-51579
4358,1998,7,19127,10515,8612
4358,1998,8,14044,10719,3325
4358,1998,9,15552,15,15537
4358,1998,10,19844,47543,-27699
4358,1998,11,87240,415,86825
4358,1998,12,40884,61226,-20342
4361,1996,3,45887,0,45887
4361,1996,4,45350,9900,35450
4361,1996,5,45456,28100,17356
4361,1996,6,68046,58400,9646
4361,1996,7,45441,91515,-46074
4361,1996,8,45362,30715,14647
4361,1996,9,45395,37915,7480
4361,1996,10,45462,36215,9247
4361,1996,11,45443,38915,6528
4361,1996,12,68009,79115,-11106
4361,1997,1,45382,59513,-14131
4361,1997,2,45420,32415,13005
4361,1997,3,45431,79255,-33824
4361,1997,4,45304,49606,-4302
4361,1997,5,47088,44417,2671
4361,1997,6,67907,43228,24679
4361,1997,7,45404,43765,1639
4361,1997,8,45429,41351,4078
4361,1997,9,45369,52865,-7496
4361,1997,10,45439,22228,23211
4361,1997,11,45435,63028,-17593
4361,1997,12,68026,73528,-5502
4361,1998,1,47467,61536,-14069
4361,1998,2,45414,7528,37886
4361,1998,3,45427,70050,-24623
4361,1998,4,45433,33915,11518
4361,1998,5,62943,95099,-32156
4361,1998,6,67945,50515,17430
4361,1998,7,45428,34777,10651
4361,1998,8,53355,72415,-19060
4361,1998,9,45407,31969,13438
4361,1998,10,52869,57015,-4146
4361,1998,11,45433,28097,17336
4361,1998,12,68056,55000,13056
4368,1995,1,500,0,500
4368,1995,2,16259,0,16259
4368,1995,3,11714,1600,10114
4368,1995,4,11742,8900,2842
4368,1995,5,11752,9600,2152
4368,1995,6,17576,14015,3561
4368,1995,7,11760,16515,-4755
4368,1995,8,11758,9115,2643
4368,1995,9,11776,6415,5361
4368,1995,10,11774,20015,-8241
4368,1995,11,11761,7915,3846
4368,1995,12,17599,10115,7484
4368,1996,1,11767,31415,-19648
4368,1996,2,13949,5022,8927
4368,1996,3,11777,3115,8662
4368,1996,4,11796,9815,1981
4368,1996,5,11798,11515,283
4368,1996,6,17625,12815,4810
4368,1996,7,11792,20129,-8337
4368,1996,8,11801,6415,5386
4368,1996,9,11844,10415,1429
4368,1996,10,11850,14315,-2465
4368,1996,11,11824,4915,6909
4368,1996,12,17686,4615,13071
4368,1997,1,11806,43415,-31609
4368,1997,2,17911,15,17896
4368,1997,3,11757,36889,-25132
4368,1997,4,19758,22163,-2405
4368,1997,5,16769,15,16754
4368,1997,6,18113,16634,1479
4368,1997,7,14290,26549,-12259
4368,1997,8,14147,12315,1832
4368,1997,9,18664,14115,4549
4368,1997,10,19651,23387,-3736
4368,1997,11,19212,15,19197
4368,1997,12,17694,8115,9579
4368,1998,1,20731,36015,-15284
4368,1998,2,11820,5502,6318
4368,1998,3,11869,3215,8654
4368,1998,4,11867,9515,2352
4368,1998,5,22752,34849,-12097
4368,1998,6,21364,12315,9049
4368,1998,7,11875,10315,1560
4368,1998,8,11879,9011,2868
4368,1998,9,11879,19115,-7236
4368,1998,10,15031,22313,-7282
4368,1998,11,19809,35968,-16159
4368,1998,12,17436,0,17436
4375,1996,10,800,0,800
4375,1996,11,47904,11700,36204
4375,1996,12,72038,64600,7438
4375,1997,1,48077,35700,12377
4375,1997,2,48196,63100,-14904
4375,1997,3,48094,48642,-548
4375,1997,4,48108,44098,4010
4375,1997,5,48121,46605,1516
4375,1997,6,72128,69715,2413
4375,1997,7,48146,43591,4555
4375,1997,8,48116,45553,2563
4375,1997,9,48129,38015,10114
4375,1997,10,48215,55815,-7600
4375,1997,11,48194,41215,6979
4375,1997,12,72167,83615,-11448
4375,1998,1,48075,60265,-12190
4375,1998,2,48081,41653,6428
4375,1998,3,48103,34715,13388
4375,1998,4,48147,46105,2042
4375,1998,5,48235,49966,-1731
4375,1998,6,72125,82815,-10690
4375,1998,7,48111,53294,-5183
4375,1998,8,48113,26315,21798
4375,1998,9,48178,49186,-1008
4375,1998,10,48186,44047,4139
4375,1998,11,48122,84278,-36156
4375,1998,12,72048,43600,28448
4377,1993,4,500,0,500
4377,1993,5,13500,0,13500
4377,1993,6,6800,0,6800
4377,1993,7,43831,20300,23531
4377,1993,8,30868,27700,3168
4377,1993,9,197,13400,-13203
4377,1993,10,197,4300,-4103
4377,1993,11,197,2700,-2503
4377,1993,12,197,2700,-2503
4377,1994,1,197,1800,-1603
4377,1994,2,62553,10800,51753
4377,1994,3,111216,147250,-36034
4377,1994,4,77279,52214,25065
4377,1994,5,40759,52864,-12105
4377,1994,6,100566,94986,5580
4377,1994,7,26495,39006,-12511
4377,1994,8,187,11315,-11128
4377,1994,9,34458,26415,8043
4377,1994,10,45234,40863,4371
4377,1994,11,27701,9715,17986
4377,1994,12,61123,42835,18288
4377,1995,1,17212,55440,-38228
4377,1995,2,37398,36470,928
4377,1995,3,123800,97515,26285
4377,1995,4,130865,140154,-9289
4377,1995,5,139589,135033,4556
4377,1995,6,31195,32118,-923
4377,1995,7,61381,55506,5875
4377,1995,8,84392,76815,7577
4377,1995,9,264,43717,-43453
4377,1995,10,10011,12715,-2704
4377,1995,11,61410,22338,39072
4377,1995,12,133754,128915,4839
4377,1996,1,177,51215,-51038
4377,1996,2,208,15,193
4377,1996,3,28179,15,28164
4377,1996,4,49555,30353,19202
4377,1996,5,303,24115,-23812
4377,1996,6,162,18915,-18753
4377,1996,7,66148,19915,46233
4377,1996,8,191,45007,-44816
4377,1996,9,134,4515,-4381
4377,1996,10,115,5415,-5300
4377,1996,11,40616,19889,20727
4377,1996,12,129,14515,-14386
4377,1997,1,38263,22415,15848
4377,1997,2,183,14115,-13932
4377,1997,3,126,10115,-9989
4377,1997,4,86,15,71
4377,1997,5,0,15,-15
4377,1997,6,174,15,159
4377,1997,7,86,15,71
4377,1997,8,0,15,-15
4377,1997,9,174,15,159
4377,1997,10,44662,33215,11447
4377,1997,11,50103,49215,888
4377,1997,12,137,5415,-5278
4377,1998,1,108163,98315,9848
4377,1998,2,89381,73815,15566
4377,1998,3,129686,145007,-15321
4377,1998,4,123060,113267,9793
4377,1998,5,85285,70830,14455
4377,1998,6,16637,53615,-36978
4377,1998,7,29884,15,29869
4377,1998,8,112134,144259,-32125
4377,1998,9,15975,1815,14160
4377,1998,10,43610,15,43595
4377,1998,11,326,60115,-59789
4377,1998,12,64898,29856,35042
4379,1996,6,500,0,500
4379,1996,7,14887,0,14887
4379,1996,8,5747,200,5547
4379,1996,9,5770,400,5370
4379,1996,10,5790,3800,1990
4379,1996,11,5794,8515,-2721
4379,1996,12,8633,8675,-42
4379,1997,1,5764,18415,-12651
4379,1997,2,5737,915,4822
4379,1997,3,5755,3615,2140
4379,1997,4,5763,4515,1248
4379,1997,5,5765,7315,-1550
4379,1997,6,8598,11775,-3177
4379,1997,7,5745,7315,-1570
4379,1997,8,5744,3315,2429
4379,1997,9,5749,6615,-866
4379,1997,10,5745,7215,-1470
4379,1997,11,5743,3375,2368
4379,1997,12,8586,14095,-5509
4379,1998,1,5733,3955,1778
4379,1998,2,5734,6715,-981
4379,1998,3,5733,4515,1218
4379,1998,4,5735,6515,-780
4379,1998,5,5730,7315,-1585
4379,1998,6,8567,8215,352
4379,1998,7,5728,15,5713
4379,1998,8,5752,15,5737
4379,1998,9,5750,17615,-11865
4379,1998,10,5734,2175,3559
4379,1998,11,5741,15,5726
4379,1998,12,8586,16800,-8214
4383,1996,11,800,0,800
4383,1996,12,29329,0,29329
4383,1997,1,23593,3400,20193
4383,1997,2,29317,27400,1917
4383,1997,3,37964,19715,18249
4383,1997,4,192,32032,-31840
4383,1997,5,8437,16832,-8395
4383,1997,6,33687,12632,21055
4383,1997,7,17838,37298,-19460
4383,1997,8,17986,12732,5254
4383,1997,9,21642,21132,510
4383,1997,10,103,15832,-15729
4383,1997,11,6270,12632,-6362
4383,1997,12,51660,20732,30928
4383,1998,1,39217,30432,8785
4383,1998,2,95076,82894,12182
4383,1998,3,79068,55637,23431
4383,1998,4,63752,105639,-41887
4383,1998,5,69448,44234,25214
4383,1998,6,34140,42832,-8692
4383,1998,7,47778,84422,-36644
4383,1998,8,139159,60332,78827
4383,1998,9,69348,94332,-24984
4383,1998,10,101573,139166,-37593
4383,1998,11,55948,56141,-193
4383,1998,12,65198,35717,29481
4385,1993,11,1000,0,1000
4385,1993,12,11916,0,11916
4385,1994,1,7063,0,7063
4385,1994,2,3587,0,3587
4385,1994,3,48986,21915,27071
4385,1994,4,2099,11915,-9816
4385,1994,5,2060,9815,-7755
4385,1994,6,7215,16915,-9700
4385,1994,7,1999,1515,484
4385,1994,8,2001,1665,336
4385,1994,9,2001,2465,-464
4385,1994,10,2002,115,1887
4385,1994,11,3613,15,3598
4385,1994,12,7729,6015,1714
4385,1995,1,2209,12065,-9856
4385,1995,2,4697,15,4682
4385,1995,3,2509,2915,-406
4385,1995,4,2008,615,1393
4385,1995,5,46967,24815,22152
4385,1995,6,2070,23815,-21745
4385,1995,7,2011,2815,-804
4385,1995,8,3617,15,3602
4385,1995,9,2029,1815,214
4385,1995,10,33668,2315,31353
4385,1995,11,2123,14915,-12792
4385,1995,12,2087,10715,-8628
4385,1996,1,2023,22215,-20192
4385,1996,2,13257,15,13242
4385,1996,3,3244,615,2629
4385,1996,4,2152,15,2137
4385,1996,5,2056,2315,-259
4385,1996,6,5546,8415,-2869
4385,1996,7,2042,2465,-423
4385,1996,8,2042,2165,-123
4385,1996,9,3750,15,3735
4385,1996,10,50210,27515,22695
4385,1996,11,2111,18315,-16204
4385,1996,12,2067,6515,-4448
4385,1997,1,2022,25315,-23293
4385,1997,2,10888,15,10873
4385,1997,3,6628,1715,4913
4385,1997,4,6410,2965,3445
4385,1997,5,2039,5915,-3876
4385,1997,6,2023,3665,-1642
4385,1997,7,2022,3415,-1393
4385,1997,8,2007,7815,-5808
4385,1997,9,48899,15,48884
4385,1997,10,2127,29665,-27538
4385,1997,11,2053,13915,-11862
4385,1997,12,2012,11415,-9403
4385,1998,1,9828,15815,-5987
4385,1998,2,1970,15,1955
4385,1998,3,1972,4215,-2243
4385,1998,4,1968,15,1953
4385,1998,5,1972,5815,-3843
4385,1998,6,4061,15,4046
4385,1998,7,49788,20215,29573
4385,1998,8,2094,15315,-13221
4385,1998,9,2042,9015,-6973
4385,1998,10,2015,4015,-2000
4385,1998,11,3508,2165,1343
4385,1998,12,2013,2050,-37
4386,1997,11,600,0,600
4386,1997,12,10693,0,10693
4386,1998,1,12201,2400,9801
4386,1998,2,17084,10700,6384
4386,1998,3,29825,17900,11925
4386,1998,4,164,8300,-8136
4386,1998,5,164,6100,-5936
4386,1998,6,45610,32384,13226
4386,1998,7,36679,53479,-16800
4386,1998,8,40372,40778,-406
4386,1998,9,4483,11984,-7501
4386,1998,10,11057,11984,-927
4386,1998,11,10452,11984,-1532
4386,1998,12,54353,43936,10417
4389,1996,7,400,0,400
4389,1996,8,19342,0,19342
4389,1996,9,14418,4400,10018
4389,1996,10,14456,10700,3756
4389,1996,11,14473,8900,5573
4389,1996,12,21664,13115,8549
4389,1997,1,14522,33495,-18973
4389,1997,2,14476,7235,7241
4389,1997,3,14500,13335,1165
4389,1997,4,14488,9515,4973
4389,1997,5,14514,18995,-4481
4389,1997,6,22503,44975,-22472
4389,1997,7,14424,6055,8369
4389,1997,8,14430,13355,1075
4389,1997,9,14441,7415,7026
4389,1997,10,14463,12515,1948
4389,1997,11,14469,13715,754
4389,1997,12,21649,25435,-3786
4389,1998,1,14432,31255,-16823
4389,1998,2,14393,9715,4678
4389,1998,3,14414,8815,5599
4389,1998,4,14442,12715,1727
4389,1998,5,14446,8615,5831
4389,1998,6,21628,19715,1913
4389,1998,7,14460,18715,-4255
4389,1998,8,14445,16915,-2470
4389,1998,9,14444,12415,2029
4389,1998,10,14451,14255,196
4389,1998,11,14456,13755,701
4389,1998,12,21674,1120,20554
4405,1996,9,121371,39600,81771
4405,1996,10,83450,67615,15835
4405,1996,11,5622,33715,-28093
4405,1996,12,39666,35215,4451
4405,1997,1,192,52815,-52623
4405,1997,2,60745,14378,46367
4405,1997,3,173,36486,-36313
4405,1997,4,55332,7215,48117
4405,1997,5,328,25515,-25187
4405,1997,6,140,37413,-37273
4405,1997,7,47929,23842,24087
4405,1997,8,15247,30237,-14990
4405,1997,9,2309,15,2294
4405,1997,10,46579,15,46564
4405,1997,11,5306,54450,-49144
4405,1997,12,64,18416,-18352
4405,1998,1,72540,53519,19021
4405,1998,2,83006,34086,48920
4405,1998,3,163,43215,-43052
4405,1998,4,133,12515,-12382
4405,1998,5,17968,11715,6253
4405,1998,6,19112,20015,-903
4405,1998,7,104,6515,-6411
4405,1998,8,31201,23176,8025
4405,1998,9,23555,26915,-3360
4405,1998,10,45556,26315,19241
4405,1998,11,6972,22715,-15743
4405,1998,12,76,20320,-20244
4408,1994,4,800,0,800
4408,1994,5,47598,0,47598
4408,1994,6,201,12800,-12599
4408,1994,7,38427,22300,16127
4408,1994,8,216,15000,-14784
4408,1994,9,48688,8200,40488
4408,1994,10,323,25800,-25477
4408,1994,11,323,12500,-12177
4408,1994,12,323,6300,-5977
4408,1995,1,25764,16300,9464
4408,1995,2,43320,9430,33890
4408,1995,3,22715,39195,-16480
4408,1995,4,38862,44941,-6079
4408,1995,5,58948,36186,22762
4408,1995,6,10698,39886,-29188
4408,1995,7,60380,38350,22030
4408,1995,8,46739,47083,-344
4408,1995,9,41366,22886,18480
4408,1995,10,34653,53557,-18904
4408,1995,11,64708,35986,28722
4408,1995,12,12363,40786,-28423
4408,1996,1,999,38084,-37085
4408,1996,2,85143,20309,64834
4408,1996,3,66156,134272,-68116
4408,1996,4,33041,22114,10927
4408,1996,5,24519,21286,3233
4408,1996,6,22336,31664,-9328
4408,1996,7,43430,21886,21544
4408,1996,8,83410,40129,43281
4408,1996,9,40842,89876,-49034
4408,1996,10,164,18486,-18322
4408,1996,11,5573,8186,-2613
4408,1996,12,35657,20586,15071
4408,1997,1,23889,19786,4103
4408,1997,2,52127,22886,29241
4408,1997,3,64179,32786,31393
4408,1997,4,27432,69486,-42054
4408,1997,5,52958,47586,5372
4408,1997,6,278,23286,-23008
4408,1997,7,49385,5986,43399
4408,1997,8,348,29686,-29338
4408,1997,9,42681,35886,6795
4408,1997,10,75431,79786,-4355
4408,1997,11,256,10786,-10530
4408,1997,12,43518,27486,16032
4408,1998,1,271,14086,-13815
4408,1998,2,71946,23589,48357
4408,1998,3,22842,54286,-31444
4408,1998,4,71069,75486,-4417
4408,1998,5,134539,119886,14653
4408,1998,6,44276,45516,-1240
4408,1998,7,25193,38595,-13402
4408,1998,8,69905,28067,41838
4408,1998,9,81631,127256,-45625
4408,1998,10,23321,28486,-5165
4408,1998,11,44439,29318,15121
4408,1998,12,211,46217,-46006
4413,1994,1,1100,0,1100
4413,1994,2,33522,3400,30122
4413,1994,3,33613,18900,14713
4413,1994,4,33656,27800,5856
4413,1994,5,33676,29500,4176
4413,1994,6,50377,84221,-33844
4413,1994,7,33579,22932,10647
4413,1994,8,33572,41432,-7860
4413,1994,9,33594,25132,8462
4413,1994,10,33592,38600,-5008
4413,1994,11,33579,32432,1147
4413,1994,12,50337,40032,10305
4413,1995,1,33610,42110,-8500
4413,1995,2,33589,38067,-4478
4413,1995,3,33554,39533,-5979
4413,1995,4,33562,27142,6420
4413,1995,5,33580,31742,1838
4413,1995,6,50398,16242,34156
4413,1995,7,33712,49346,-15634
4413,1995,8,33645,33242,403
4413,1995,9,33667,27442,6225
4413,1995,10,33649,43578,-9929
4413,1995,11,33639,32571,1068
4413,1995,12,50410,36322,14088
4413,1996,1,33634,57942,-24308
4413,1996,2,33609,31342,2267
4413,1996,3,33632,24642,8990
4413,1996,4,33655,31693,1962
4413,1996,5,33651,33042,609
4413,1996,6,50441,28842,21599
4413,1996,7,33717,41742,-8025
4413,1996,8,33692,42442,-8750
4413,1996,9,33663,51142,-17479
4413,1996,10,33638,42342,-8704
4413,1996,11,33580,40768,-7188
4413,1996,12,50368,40742,9626
4413,1997,1,33630,35042,-1412
4413,1997,2,33595,37781,-4186
4413,1997,3,33603,32842,761
4413,1997,4,33613,28442,5171
4413,1997,5,33610,36746,-3136
4413,1997,6,50385,40742,9643
4413,1997,7,33625,46092,-12467
4413,1997,8,33604,28242,5362
4413,1997,9,33581,42828,-9247
4413,1997,10,33551,33782,-231
4413,1997,11,33585,26742,6843
4413,1997,12,50374,41642,8732
4413,1998,1,33587,48142,-14555
4413,1998,2,33582,31542,2040
4413,1998,3,33591,32542,1049
4413,1998,4,33594,32042,1552
4413,1998,5,33587,37842,-4255
4413,1998,6,50343,42142,8201
4413,1998,7,33595,45566,-11971
4413,1998,8,33573,20625,12948
4413,1998,9,33599,41542,-7943
4413,1998,10,33582,22642,10940
4413,1998,11,33586,45742,-12156
4413,1998,12,50317,47912,2405
4414,1993,9,1000,0,1000
4414,1993,10,18094,0,18094
4414,1993,11,10942,2900,8042
4414,1993,12,16384,11700,4684
4414,1994,1,10971,10800,171
4414,1994,2,10937,24040,-13103
4414,1994,3,11829,9940,1889
4414,1994,4,11127,17580,-6453
4414,1994,5,10909,7740,3169
4414,1994,6,16332,16840,-508
4414,1994,7,10913,10760,153
4414,1994,8,10899,15840,-4941
4414,1994,9,10890,11540,-650
4414,1994,10,12896,14040,-1144
4414,1994,11,18123,7240,10883
4414,1994,12,17363,15020,2343
4414,1995,1,16534,24000,-7466
4414,1995,2,14226,10840,3386
4414,1995,3,16143,11291,4852
4414,1995,4,14457,11291,3166
4414,1995,5,12562,15251,-2689
4414,1995,6,20777,24451,-3674
4414,1995,7,17350,19691,-2341
4414,1995,8,20946,11291,9655
4414,1995,9,13358,11291,2067
4414,1995,10,13067,11291,1776
4414,1995,11,13874,11291,2583
4414,1995,12,16415,14891,1524
4414,1996,1,21541,30691,-9150
4414,1996,2,11452,11891,-439
4414,1996,3,10950,11391,-441
4414,1996,4,12149,11291,858
4414,1996,5,16356,11291,5065
4414,1996,6,23090,21051,2039
4414,1996,7,11280,15371,-4091
4414,1996,8,14868,11291,3577
4414,1996,9,13181,11291,1890
4414,1996,10,14290,11291,2999
4414,1996,11,12201,11291,910
4414,1996,12,16635,15651,984
4414,1997,1,16997,22211,-5214
4414,1997,2,15991,11291,4700
4414,1997,3,13601,14340,-739
4414,1997,4,14293,16780,-2487
4414,1997,5,12392,12040,352
4414,1997,6,21726,19260,2466
4414,1997,7,16409,15380,1029
4414,1997,8,13220,11940,1280
4414,1997,9,17934,7240,10694
4414,1997,10,13663,10640,3023
4414,1997,11,11068,14840,-3772
4414,1997,12,16475,18540,-2065
4414,1998,1,17311,29280,-11969
4414,1998,2,15003,11940,3063
4414,1998,3,13517,12220,1297
4414,1998,4,11006,13740,-2734
4414,1998,5,10996,13740,-2744
4414,1998,6,16419,15740,679
4414,1998,7,10979,16840,-5861
4414,1998,8,10962,20780,-9818
4414,1998,9,15147,7240,7907
4414,1998,10,10952,16840,-5888
4414,1998,11,12847,11960,887
4414,1998,12,16380,9625,6755
4415,1995,7,25004,0,25004
4415,1995,8,24500,1900,22600
4415,1995,9,24565,10900,13665
4415,1995,10,24595,25700,-1105
4415,1995,11,24556,33098,-8542
4415,1995,12,36697,36638,59
4415,1996,1,25671,60778,-35107
4415,1996,2,24440,10658,13782
4415,1996,3,24484,21898,2586
4415,1996,4,24500,19698,4802
4415,1996,5,24514,23698,816
4415,1996,6,36655,40458,-3803
4415,1996,7,24496,24698,-202
4415,1996,8,24489,25698,-1209
4415,1996,9,24494,25298,-804
4415,1996,10,24478,24198,280
4415,1996,11,24494,20598,3896
4415,1996,12,36694,31798,4896
4415,1997,1,24512,37818,-13306
4415,1997,2,24473,18298,6175
4415,1997,3,24500,23678,822
4415,1997,4,24498,18868,5630
4415,1997,5,24512,25568,-1056
4415,1997,6,40755,55388,-14633
4415,1997,7,25360,14668,10692
4415,1997,8,26900,18628,8272
4415,1997,9,24530,20868,3662
4415,1997,10,24546,23788,758
4415,1997,11,24546,21768,2778
4415,1997,12,36737,32648,4089
4415,1998,1,27437,46108,-18671
4415,1998,2,25507,14668,10839
4415,1998,3,24538,24768,-230
4415,1998,4,24550,19298,5252
4415,1998,5,24569,25438,-869
4415,1998,6,36745,31598,5147
4415,1998,7,24576,25798,-1222
4415,1998,8,24553,32598,-8045
4415,1998,9,24506,41698,-17192
4415,1998,10,24467,25518,-1051
4415,1998,11,24475,20898,3577
4415,1998,12,36671,23223,13448
4416,1994,2,3507,0,3507
4416,1994,3,12243,0,12243
4416,1994,4,4975,15,4960
4416,1994,5,6602,15,6587
4416,1994,6,4895,13065,-8170
4416,1994,7,6894,1115,5779
4416,1994,8,3110,15,3095
4416,1994,9,2818,1915,903
4416,1994,10,3929,15,3914
4416,1994,11,7763,3315,4448
4416,1994,12,5313,6115,-802
4416,1995,1,44710,14715,29995
4416,1995,2,2945,18815,-15870
4416,1995,3,2888,11815,-8927
4416,1995,4,2863,7415,-4552
4416,1995,5,2855,2315,540
4416,1995,6,2828,11515,-8687
4416,1995,7,2824,1115,1709
4416,1995,8,5138,15,5123
4416,1995,9,5553,3515,2038
4416,1995,10,2837,9815,-6978
4416,1995,11,7747,15,7732
4416,1995,12,4871,815,4056
4416,1996,1,2859,10015,-7156
4416,1996,2,4258,15,4243
4416,1996,3,38324,2715,35609
4416,1996,4,2996,12415,-9419
4416,1996,5,2966,7115,-4149
4416,1996,6,2851,33915,-31064
4416,1996,7,16349,15,16334
4416,1996,8,3097,3315,-218
4416,1996,9,3302,15,3287
4416,1996,10,5216,15,5201
4416,1996,11,52837,42015,10822
4416,1996,12,2974,10215,-7241
4416,1997,1,2938,10915,-7977
4416,1997,2,2918,215,2703
4416,1997,3,2928,3015,-87
4416,1997,4,2924,5315,-2391
4416,1997,5,3820,15,3805
4416,1997,6,18291,26715,-8424
4416,1997,7,7299,2315,4984
4416,1997,8,14649,2415,12234
4416,1997,9,2969,1615,1354
4416,1997,10,18324,7515,10809
4416,1997,11,3012,8515,-5503
4416,1997,12,2993,4815,-1822
4416,1998,1,24501,21115,3386
4416,1998,2,2997,6615,-3618
4416,1998,3,2986,3715,-729
4416,1998,4,2981,5215,-2234
4416,1998,5,2973,3515,-542
4416,1998,6,8975,23615,-14640
4416,1998,7,8822,715,8107
4416,1998,8,40160,3215,36945
4416,1998,9,3075,16315,-13240
4416,1998,10,3029,10315,-7286
4416,1998,11,3007,4915,-1908
4416,1998,12,3002,2600,402
4418,1994,2,200,0,200
4418,1994,3,17685,0,17685
4418,1994,4,13740,3200,10540
4418,1994,5,13775,6300,7475
4418,1994,6,20618,15500,5118
4418,1994,7,13806,13715,91
4418,1994,8,13787,19293,-5506
4418,1994,9,13781,14753,-972
4418,1994,10,13792,9193,4599
4418,1994,11,13781,18133,-4352
4418,1994,12,20613,15233,5380
4418,1995,1,13786,19113,-5327
4418,1995,2,13774,14793,-1019
4418,1995,3,15878,14373,1505
4418,1995,4,13764,17793,-4029
4418,1995,5,13775,10393,3382
4418,1995,6,20604,17293,3311
4418,1995,7,13787,14693,-906
4418,1995,8,13787,13793,-6
4418,1995,9,13777,16393,-2616
4418,1995,10,13770,19293,-5523
4418,1995,11,13755,16553,-2798
4418,1995,12,20585,23513,-2928
4418,1996,1,13921,20493,-6572
4418,1996,2,13719,14393,-674
4418,1996,3,13714,14233,-519
4418,1996,4,13713,11893,1820
4418,1996,5,13715,16473,-2758
4418,1996,6,20549,12793,7756
4418,1996,7,13740,14293,-553
4418,1996,8,13734,16353,-2619
4418,1996,9,13723,16693,-2970
4418,1996,10,13710,16093,-2383
4418,1996,11,13698,14713,-1015
4418,1996,12,20527,15013,5514
4418,1997,1,13719,15393,-1674
4418,1997,2,13714,12393,1321
4418,1997,3,13711,17233,-3522
4418,1997,4,13705,12693,1012
4418,1997,5,13704,15433,-1729
4418,1997,6,20539,14693,5846
4418,1997,7,13723,15393,-1670
4418,1997,8,13714,16493,-2779
4418,1997,9,13711,8893,4818
4418,1997,10,13720,16693,-2973
4418,1997,11,13716,10693,3023
4418,1997,12,20550,22653,-2103
4418,1998,1,13715,12893,822
4418,1998,2,13718,12993,725
4418,1998,3,13719,15193,-1474
4418,1998,4,13710,16293,-2583
4418,1998,5,13712,8493,5219
4418,1998,6,20545,24393,-3848
4418,1998,7,13707,14093,-386
4418,1998,8,13704,14393,-689
4418,1998,9,13702,13893,-191
4418,1998,10,13707,11013,2694
4418,1998,11,13722,9453,4269
4418,1998,12,20563,13918,6645
4423,1995,4,900,0,900
4423,1995,5,22803,0,22803
4423,1995,6,1599,0,1599
4423,1995,7,124551,47800,76751
4423,1995,8,425,37000,-36575
4423,1995,9,425,20100,-19675
4423,1995,10,42125,20115,22010
4423,1995,11,56752,33658,23094
4423,1995,12,258,49653,-49395
4423,1996,1,4622,25658,-21036
4423,1996,2,8980,7358,1622
4423,1996,3,7584,7358,226
4423,1996,4,10745,7358,3387
4423,1996,5,12832,11258,1574
4423,1996,6,67254,24258,42996
4423,1996,7,237,27658,-27421
4423,1996,8,349,16358,-16009
4423,1996,9,9912,7358,2554
4423,1996,10,9308,18394,-9086
4423,1996,11,47631,31874,15757
4423,1996,12,7308,18044,-10736
4423,1997,1,13864,17558,-3694
4423,1997,2,7388,7358,30
4423,1997,3,11326,7358,3968
4423,1997,4,8506,7358,1148
4423,1997,5,2998,7358,-4360
4423,1997,6,7190,7358,-168
4423,1997,7,1877,7358,-5481
4423,1997,8,33501,7358,26143
4423,1997,9,138,15158,-15020
4423,1997,10,91,11158,-11067
4423,1997,11,50,7358,-7308
4423,1997,12,72049,27658,44391
4423,1998,1,84903,64658,20245
4423,1998,2,88329,99725,-11396
4423,1998,3,58170,42796,15374
4423,1998,4,137154,143119,-5965
4423,1998,5,60419,53361,7058
4423,1998,6,102846,96758,6088
4423,1998,7,43126,82817,-39691
4423,1998,8,28820,30958,-2138
4423,1998,9,39874,18958,20916
4423,1998,10,19427,47447,-28020
4423,1998,11,47274,25007,22267
4423,1998,12,84777,74601,10176
4424,1996,1,500,0,500
4424,1996,2,17388,0,17388
4424,1996,3,8360,1800,6560
4424,1996,4,8386,4300,4086
4424,1996,5,8402,6900,1502
4424,1996,6,12549,12115,434
4424,1996,7,8411,7515,896
4424,1996,8,8422,9015,-593
4424,1996,9,8414,5315,3099
4424,1996,10,8437,6715,1722
4424,1996,11,8430,9215,-785
4424,1996,12,12579,11715,864
4424,1997,1,8423,13115,-4692
4424,1997,2,8415,5515,2900
4424,1997,3,8423,9115,-692
4424,1997,4,8421,8715,-294
4424,1997,5,8425,3915,4510
4424,1997,6,12591,13415,-824
4424,1997,7,8431,11515,-3084
4424,1997,8,8425,10215,-1790
4424,1997,9,8419,5615,2804
4424,1997,10,8429,9815,-1386
4424,1997,11,8430,3315,5115
4424,1997,12,12605,7815,4790
4424,1998,1,8472,9215,-743
4424,1998,2,8473,3915,4558
4424,1998,3,8491,4415,4076
4424,1998,4,8501,4715,3786
4424,1998,5,8507,12615,-4108
4424,1998,6,20008,26915,-6907
4424,1998,7,11086,4215,6871
4424,1998,8,8509,815,7694
4424,1998,9,8536,3515,5021
4424,1998,10,8550,6415,2135
4424,1998,11,8561,5615,2946
4424,1998,12,12743,1100,11643
4427,1993,6,800,0,800
4427,1993,7,15479,0,15479
4427,1993,8,11431,0,11431
4427,1993,9,10075,7300,2775
4427,1993,10,10051,16500,-6449
4427,1993,11,10040,6120,3920
4427,1993,12,15629,14060,1569
4427,1994,1,11019,19240,-8221
4427,1994,2,12221,12220,1
4427,1994,3,14431,11120,3311
4427,1994,4,13524,16440,-2916
4427,1994,5,13835,18360,-4525
4427,1994,6,20485,14300,6185
4427,1994,7,10015,15420,-5405
4427,1994,8,19507,17400,2107
4427,1994,9,12613,14340,-1727
4427,1994,10,16597,12938,3659
4427,1994,11,10012,12338,-2326
4427,1994,12,14978,14038,940
4427,1995,1,14903,16658,-1755
4427,1995,2,13786,17258,-3472
4427,1995,3,10784,12338,-1554
4427,1995,4,13279,12338,941
4427,1995,5,14584,12338,2246
4427,1995,6,17248,20618,-3370
4427,1995,7,12580,13178,-598
4427,1995,8,12176,12338,-162
4427,1995,9,14277,12338,1939
4427,1995,10,12785,11620,1165
4427,1995,11,10090,10420,-330
4427,1995,12,18756,16140,2616
4427,1996,1,13093,14120,-1027
4427,1996,2,11895,12020,-125
4427,1996,3,13691,13760,-69
4427,1996,4,11192,11420,-228
4427,1996,5,9998,11620,-1622
4427,1996,6,14953,14620,333
4427,1996,7,14094,11920,2174
4427,1996,8,9987,13820,-3833
4427,1996,9,11283,10720,563
4427,1996,10,12194,11120,1074
4427,1996,11,9990,11020,-1030
4427,1996,12,16269,10720,5549
4427,1997,1,9992,21240,-11248
4427,1997,2,9975,5020,4955
4427,1997,3,9996,5020,4976
4427,1997,4,9992,12620,-2628
4427,1997,5,9987,11120,-1133
4427,1997,6,14948,15020,-72
4427,1997,7,9970,14220,-4250
4427,1997,8,9956,13220,-3264
4427,1997,9,9968,5020,4948
4427,1997,10,9974,10120,-146
4427,1997,11,9987,13220,-3233
4427,1997,12,14939,12520,2419
4427,1998,1,9977,10620,-643
4427,1998,2,9981,5020,4961
4427,1998,3,9980,11920,-1940
4427,1998,4,9972,13120,-3148
4427,1998,5,9980,5020,4960
4427,1998,6,14937,18920,-3983
4427,1998,7,9954,14320,-4366
4427,1998,8,9959,12620,-2661
4427,1998,9,9954,5020,4934
4427,1998,10,9970,12020,-2050
4427,1998,11,9966,5020,4946
4427,1998,12,14941,13105,1836
4434,1994,12,1100,0,1100
4434,1995,1,60290,0,60290
4434,1995,2,35706,18115,17591
4434,1995,3,152443,156310,-3867
4434,1995,4,52562,26510,26052
4434,1995,5,50797,101110,-50313
4434,1995,6,279,14810,-14531
4434,1995,7,19045,8710,10335
4434,1995,8,87986,49810,38176
4434,1995,9,136732,139310,-2578
4434,1995,10,15141,26010,-10869
4434,1995,11,7093,25510,-18417
4434,1995,12,31206,22710,8496
4434,1996,1,77314,71010,6304
4434,1996,2,152113,122210,29903
4434,1996,3,36943,33210,3733
4434,1996,4,32721,42682,-9961
4434,1996,5,43164,30410,12754
4434,1996,6,73080,135910,-62830
4434,1996,7,80742,63510,17232
4434,1996,8,7108,19910,-12802
4434,1996,9,49124,28410,20714
4434,1996,10,111633,129777,-18144
4434,1996,11,79472,51813,27659
4434,1996,12,110492,92910,17582
4434,1997,1,13455,60610,-47155
4434,1997,2,6792,4510,2282
4434,1997,3,8086,8179,-93
4434,1997,4,8391,9910,-1519
4434,1997,5,14371,29488,-15117
4434,1997,6,15338,4510,10828
4434,1997,7,13965,14710,-745
4434,1997,8,15082,4510,10572
4434,1997,9,18974,25937,-6963
4434,1997,10,15265,15985,-720
4434,1997,11,15453,30676,-15223
4434,1997,12,17531,9910,7621
4434,1998,1,29072,14710,14362
4434,1998,2,157912,121610,36302
4434,1998,3,106766,122610,-15844
4434,1998,4,13421,7710,5711
4434,1998,5,14202,18703,-4501
4434,1998,6,24615,51010,-26395
4434,1998,7,108866,72610,36256
4434,1998,8,97513,128816,-31303
4434,1998,9,27108,21877,5231
4434,1998,10,113930,65310,48620
4434,1998,11,140159,147410,-7251
4434,1998,12,30088,57095,-27007
4437,1993,9,600,0,600
4437,1993,10,13718,0,13718
4437,1993,11,7971,0,7971
4437,1993,12,3298,315,2983
4437,1994,1,7996,16615,-8619
4437,1994,2,7279,15,7264
4437,1994,3,3304,1115,2189
4437,1994,4,25565,2215,23350
4437,1994,5,3392,14915,-11523
4437,1994,6,7316,24165,-16849
4437,1994,7,3594,15,3579
4437,1994,8,3300,4915,-1615
4437,1994,9,3298,2265,1033
4437,1994,10,3301,2965,336
4437,1994,11,3307,715,2592
4437,1994,12,28552,19415,9137
4437,1995,1,15636,17865,-2229
4437,1995,2,3337,5515,-2178
4437,1995,3,3325,6915,-3590
4437,1995,4,3314,4965,-1651
4437,1995,5,3305,5965,-2660
4437,1995,6,8939,6565,2374
4437,1995,7,3309,2915,394
4437,1995,8,3302,6815,-3513
4437,1995,9,3293,4415,-1122
4437,1995,10,3291,3315,-24
4437,1995,11,3284,5265,-1981
4437,1995,12,3282,2915,367
4437,1996,1,14510,19615,-5105
4437,1996,2,3263,2615,648
4437,1996,3,3268,2265,1003
4437,1996,4,3275,15,3260
4437,1996,5,17452,15,17437
4437,1996,6,3311,21115,-17804
4437,1996,7,3288,15,3273
4437,1996,8,3299,3615,-316
4437,1996,9,3298,1015,2283
4437,1996,10,3309,15,3294
4437,1996,11,3323,15,3308
4437,1996,12,3330,3215,115
4437,1997,1,3301,17065,-13764
4437,1997,2,3278,1415,1863
4437,1997,3,29288,15,29273
4437,1997,4,3350,28715,-25365
4437,1997,5,3301,2115,1186
4437,1997,6,3301,6465,-3164
4437,1997,7,3295,15,3280
4437,1997,8,3309,15,3294
4437,1997,9,3322,15,3307
4437,1997,10,3336,15,3321
4437,1997,11,3349,515,2834
4437,1997,12,27538,2115,25423
4437,1998,1,3430,15565,-12135
4437,1998,2,50336,15,50321
4437,1998,3,22188,68615,-46427
4437,1998,4,3433,15,3418
4437,1998,5,3447,15,3432
4437,1998,6,3370,43815,-40445
4437,1998,7,3292,365,2927
4437,1998,8,3305,15,3290
4437,1998,9,3318,15,3303
4437,1998,10,3332,15,3317
4437,1998,11,3342,1965,1377
4437,1998,12,3346,3600,-254
4438,1996,8,5661,0,5661
4438,1996,9,16012,0,16012
4438,1996,10,9461,0,9461
4438,1996,11,5279,3800,1479
4438,1996,12,7864,4315,3549
4438,1997,1,9229,23915,-14686
4438,1997,2,5236,15,5221
4438,1997,3,5265,2115,3150
4438,1997,4,5277,2815,2462
4438,1997,5,5276,9115,-3839
4438,1997,6,7838,5315,2523
4438,1997,7,5275,5515,-240
4438,1997,8,5274,4715,559
4438,1997,9,5276,7615,-2339
4438,1997,10,5268,4575,693
4438,1997,11,8774,4095,4679
4438,1997,12,7865,7075,790
4438,1998,1,11265,24335,-13070
4438,1998,2,9143,15,9128
4438,1998,3,5278,2315,2963
4438,1998,4,5288,5315,-27
4438,1998,5,5289,4115,1174
4438,1998,6,10461,35335,-24874
4438,1998,7,19107,15,19092
4438,1998,8,11379,3615,7764
4438,1998,9,5304,2715,2589
4438,1998,10,6619,15,6604
4438,1998,11,5342,5515,-173
4438,1998,12,8225,3840,4385
4439,1995,12,1100,0,1100
4439,1996,1,11135,0,11135
4439,1996,2,8181,0,8181
4439,1996,3,4609,2500,2109
4439,1996,4,5021,0,5021
4439,1996,5,4640,1515,3125
4439,1996,6,10103,16335,-6232
4439,1996,7,4626,3115,1511
4439,1996,8,4635,1015,3620
4439,1996,9,4641,9195,-4554
4439,1996,10,4630,3075,1555
4439,1996,11,4627,8115,-3488
4439,1996,12,6884,4515,2369
4439,1997,1,4604,17195,-12591
4439,1997,2,5686,15,5671
4439,1997,3,4606,2175,2431
4439,1997,4,4613,2215,2398
4439,1997,5,4617,5615,-998
4439,1997,6,6872,9275,-2403
4439,1997,7,4605,4515,90
4439,1997,8,4610,2215,2395
4439,1997,9,4612,9035,-4423
4439,1997,10,4605,1115,3490
4439,1997,11,4619,1315,3304
4439,1997,12,6891,6535,356
4439,1998,1,4595,24235,-19640
4439,1998,2,9268,15,9253
4439,1998,3,4895,15,4880
4439,1998,4,4596,7515,-2919
4439,1998,5,4602,215,4387
4439,1998,6,6878,4115,2763
4439,1998,7,4628,1915,2713
4439,1998,8,4638,2415,2223
4439,1998,9,4651,1415,3236
4439,1998,10,4643,8515,-3872
4439,1998,11,4642,3315,1327
4439,1998,12,6928,3040,3888
4442,1996,8,300,0,300
4442,1996,9,21859,0,21859
4442,1996,10,12995,7700,5295
4442,1996,11,13010,9700,3310
4442,1996,12,19478,13100,6378
4442,1997,1,13019,23805,-10786
4442,1997,2,13007,12305,702
4442,1997,3,12980,20405,-7425
4442,1997,4,12984,10505,2479
4442,1997,5,14506,8605,5901
4442,1997,6,19461,20805,-1344
4442,1997,7,14023,8605,5418
4442,1997,8,13028,12705,323
4442,1997,9,13034,11205,1829
4442,1997,10,13041,11505,1536
4442,1997,11,13038,14105,-1067
4442,1997,12,19496,23705,-4209
4442,1998,1,13028,18505,-5477
4442,1998,2,12999,8605,4394
4442,1998,3,13026,18405,-5379
4442,1998,4,12996,14205,-1209
4442,1998,5,12998,14905,-1907
4442,1998,6,19440,14505,4935
4442,1998,7,12999,19005,-6006
4442,1998,8,12978,9905,3073
4442,1998,9,12996,17505,-4509
4442,1998,10,12967,16305,-3338
4442,1998,11,13258,8605,4653
4442,1998,12,19443,9090,10353
4445,1997,8,400,0,400
4445,1997,9,19536,0,19536
4445,1997,10,12377,4600,7777
4445,1997,11,12421,1200,11221
4445,1997,12,18589,10700,7889
4445,1998,1,12439,30815,-18376
4445,1998,2,12406,5715,6691
4445,1998,3,12411,12915,-504
4445,1998,4,12409,12915,-506
4445,1998,5,12403,14015,-1612
4445,1998,6,18536,22215,-3679
4445,1998,7,12391,11415,976
4445,1998,8,12388,14215,-1827
4445,1998,9,12391,10115,2276
4445,1998,10,12400,22315,-9915
4445,1998,11,12351,17715,-5364
4445,1998,12,18474,500,17974
4447,1996,6,30290,0,30290
4447,1996,7,72918,24300,48618
4447,1996,8,73749,80315,-6566
4447,1996,9,30835,37042,-6207
4447,1996,10,6970,45115,-38145
4447,1996,11,86676,39869,46807
4447,1996,12,230,31369,-31139
4447,1997,1,73836,47869,25967
4447,1997,2,36486,70132,-33646
4447,1997,3,31817,22869,8948
4447,1997,4,143291,98469,44822
4447,1997,5,279,37869,-37590
4447,1997,6,428,32669,-32241
4447,1997,7,33843,5669,28174
4447,1997,8,150,18569,-18419
4447,1997,9,100,8769,-8669
4447,1997,10,473,5369,-4896
4447,1997,11,31873,5369,26504
4447,1997,12,50217,23969,26248
4447,1998,1,48855,68969,-20114
4447,1998,2,38018,27924,10094
4447,1998,3,32368,27569,4799
4447,1998,4,187,29169,-28982
4447,1998,5,16656,12769,3887
4447,1998,6,31948,13369,18579
4447,1998,7,177,22169,-21992
4447,1998,8,11061,13475,-2414
4447,1998,9,92,13116,-13024
4447,1998,10,24871,22083,2788
4447,1998,11,56502,13756,42746
4447,1998,12,46282,42154,4128
4448,1993,6,700,0,700
4448,1993,7,10900,0,10900
4448,1993,8,10733,1600,9133
4448,1993,9,39347,19500,19847
4448,1993,10,169,8600,-8431
4448,1993,11,169,6300,-6131
4448,1993,12,95866,74915,20951
4448,1994,1,3727,26215,-22488
4448,1994,2,23196,11015,12181
4448,1994,3,45678,32738,12940
4448,1994,4,2699,27071,-24372
4448,1994,5,27809,11015,16794
4448,1994,6,1355,8815,-7460
4448,1994,7,1841,4815,-2974
4448,1994,8,5129,7315,-2186
4448,1994,9,35659,36049,-390
4448,1994,10,20233,11168,9065
4448,1994,11,36544,22869,13675
4448,1994,12,181,12469,-12288
4448,1995,1,86407,53669,32738
4448,1995,2,52554,71169,-18615
4448,1995,3,5408,10769,-5361
4448,1995,4,114381,115520,-1139
4448,1995,5,53106,20969,32137
4448,1995,6,20020,25669,-5649
4448,1995,7,12164,34252,-22088
4448,1995,8,106322,78373,27949
4448,1995,9,69741,56769,12972
4448,1995,10,40098,29869,10229
4448,1995,11,54613,60169,-5556
4448,1995,12,22074,69269,-47195
4448,1996,1,63762,70965,-7203
4448,1996,2,8180,5369,2811
4448,1996,3,41704,5369,36335
4448,1996,4,84968,97911,-12943
4448,1996,5,46706,46069,637
4448,1996,6,255,17869,-17614
4448,1996,7,47270,19769,27501
4448,1996,8,33705,49191,-15486
4448,1996,9,61626,36378,25248
4448,1996,10,42066,24669,17397
4448,1996,11,10651,53662,-43011
4448,1996,12,35359,45798,-10439
4448,1997,1,101101,101169,-68
4448,1997,2,38567,34968,3599
4448,1997,3,104363,84569,19794
4448,1997,4,13459,9269,4190
4448,1997,5,62964,74969,-12005
4448,1997,6,44433,65069,-20636
4448,1997,7,58987,5469,53518
4448,1997,8,6453,21569,-15116
4448,1997,9,104656,130869,-26213
4448,1997,10,92388,55033,37355
4448,1997,11,26212,20583,5629
4448,1997,12,28804,20415,8389
4448,1998,1,312,54515,-54203
4448,1998,2,13241,21954,-8713
4448,1998,3,19516,3215,16301
4448,1998,4,19610,46465,-26855
4448,1998,5,33701,15,33686
4448,1998,6,32509,40715,-8206
4448,1998,7,24060,36827,-12767
4448,1998,8,23449,10372,13077
4448,1998,9,14668,11897,2771
4448,1998,10,16163,18415,-2252
4448,1998,11,18812,4415,14397
4448,1998,12,9924,11600,-1676
4454,1996,12,1100,0,1100
4454,1997,1,19422,0,19422
4454,1997,2,10483,4600,5883
4454,1997,3,10505,6100,4405
4454,1997,4,10523,6800,3723
4454,1997,5,10535,11215,-680
4454,1997,6,15913,19855,-3942
4454,1997,7,11033,15,11018
4454,1997,8,10568,6075,4493
4454,1997,9,10584,9295,1289
4454,1997,10,10591,6715,3876
4454,1997,11,10615,6735,3880
4454,1997,12,15823,11795,4028
4454,1998,1,10629,19075,-8446
4454,1998,2,10723,7095,3628
4454,1998,3,10614,9615,999
4454,1998,4,10619,9515,1104
4454,1998,5,10622,10215,407
4454,1998,6,15780,39215,-23435
4454,1998,7,12956,15,12941
4454,1998,8,10593,10075,518
4454,1998,9,10603,3615,6988
4454,1998,10,10630,3215,7415
4454,1998,11,10646,8715,1931
4454,1998,12,15844,19140,-3296
4456,1996,9,30354,0,30354
4456,1996,10,45105,300,44805
4456,1996,11,41292,39715,1577
4456,1996,12,37452,29815,7637
4456,1997,1,33998,87350,-53352
4456,1997,2,76402,3515,72887
4456,1997,3,39049,40115,-1066
4456,1997,4,37718,59358,-21640
4456,1997,5,49767,64115,-14348
4456,1997,6,97651,90072,7579
4456,1997,7,415,14115,-13700
4456,1997,8,86318,75763,10555
4456,1997,9,73205,64915,8290
4456,1997,10,57249,66937,-9688
4456,1997,11,128066,111182,16884
4456,1997,12,66967,83015,-16048
4456,1998,1,17060,50712,-33652
4456,1998,2,16058,5369,10689
4456,1998,3,14998,16958,-1960
4456,1998,4,12893,5369,7524
4456,1998,5,11423,5369,6054
4456,1998,6,34371,45313,-10942
4456,1998,7,27673,8069,19604
4456,1998,8,261,26684,-26423
4456,1998,9,46860,17169,29691
4456,1998,10,2453,15569,-13116
4456,1998,11,46201,22153,24048
4456,1998,12,302,26654,-26352
4458,1996,4,900,0,900
4458,1996,5,11700,0,11700
4458,1996,6,6600,0,6600
4458,1996,7,14386,0,14386
4458,1996,8,14430,12500,1930
4458,1996,9,147,4300,-4153
4458,1996,10,147,1100,-953
4458,1996,11,147,2800,-2653
4458,1996,12,247,0,247
4458,1997,1,947,0,947
4458,1997,2,13365,0,13365
4458,1997,3,21999,18100,3899
4458,1997,4,192,9900,-9708
4458,1997,5,192,4600,-4408
4458,1997,6,192,3600,-3408
4458,1997,7,192,3600,-3408
4458,1997,8,192,2300,-2108
4458,1997,9,192,2800,-2608
4458,1997,10,192,400,-208
4458,1997,11,192,2400,-2208
4458,1997,12,192,600,-408
4458,1998,1,15367,10415,4952
4458,1998,2,94,3115,-3021
4458,1998,3,80,3965,-3885
4458,1998,4,1566,15,1551
4458,1998,5,1472,15,1457
4458,1998,6,19964,9615,10349
4458,1998,7,112,3915,-3803
4458,1998,8,800,2415,-1615
4458,1998,9,2499,15,2484
4458,1998,10,1509,15,1494
4458,1998,11,101,6115,-6014
4458,1998,12,3090,2900,190
4462,1995,12,900,0,900
4462,1996,1,8500,0,8500
4462,1996,2,26120,7600,18520
4462,1996,3,49765,28000,21765
4462,1996,4,207,15000,-14793
4462,1996,5,207,7200,-6993
4462,1996,6,5540,9000,-3460
4462,1996,7,32625,25781,6844
4462,1996,8,2809,11554,-8745
4462,1996,9,55426,14784,40642
4462,1996,10,231,23900,-23669
4462,1996,11,28927,30716,-1789
4462,1996,12,129,13900,-13771
4462,1997,1,31872,53787,-21915
4462,1997,2,8110,6030,2080
4462,1997,3,12331,2800,9531
4462,1997,4,10463,15100,-4637
4462,1997,5,11744,17200,-5456
4462,1997,6,12916,30,12886
4462,1997,7,10036,28322,-18286
4462,1997,8,11801,49,11752
4462,1997,9,8249,9596,-1347
4462,1997,10,10050,2800,7250
4462,1997,11,7275,2800,4475
4462,1997,12,3055,18700,-15645
4462,1998,1,7706,15048,-7342
4462,1998,2,25165,19310,5855
4462,1998,3,37399,33046,4353
4462,1998,4,46440,2800,43640
4462,1998,5,85315,34830,50485
4462,1998,6,37675,109630,-71955
4462,1998,7,38180,21330,16850
4462,1998,8,138603,100084,38519
4462,1998,9,22030,65530,-43500
4462,1998,10,124,21130,-21006
4462,1998,11,133813,59137,74676
4462,1998,12,60574,132000,-71426
4463,1993,9,8290,0,8290
4463,1993,10,16746,0,16746
4463,1993,11,7993,0,7993
4463,1993,12,11059,3900,7159
4463,1994,1,7426,19715,-12289
4463,1994,2,7387,4915,2472
4463,1994,3,7406,3215,4191
4463,1994,4,7424,2815,4609
4463,1994,5,7428,15815,-8387
4463,1994,6,15716,28215,-12499
4463,1994,7,10059,2215,7844
4463,1994,8,7388,3815,3573
4463,1994,9,7393,7215,178
4463,1994,10,7395,5015,2380
4463,1994,11,7403,8615,-1212
4463,1994,12,11035,8715,2320
4463,1995,1,7406,10315,-2909
4463,1995,2,7400,8715,-1315
4463,1995,3,7391,6715,676
4463,1995,4,7395,4315,3080
4463,1995,5,7407,6315,1092
4463,1995,6,15534,26415,-10881
4463,1995,7,7370,2115,5255
4463,1995,8,7394,4715,2679
4463,1995,9,7399,6615,784
4463,1995,10,7399,11315,-3916
4463,1995,11,7389,4115,3274
4463,1995,12,11040,6215,4825
4463,1996,1,7412,15115,-7703
4463,1996,2,7391,3915,3476
4463,1996,3,7401,7115,286
4463,1996,4,7403,7115,288
4463,1996,5,7403,8615,-1212
4463,1996,6,11034,11515,-481
4463,1996,7,7402,6015,1387
4463,1996,8,7404,5715,1689
4463,1996,9,7417,2915,4502
4463,1996,10,7413,13015,-5602
4463,1996,11,7413,2915,4498
4463,1996,12,11055,12015,-960
4463,1997,1,7414,9415,-2001
4463,1997,2,7408,8215,-807
4463,1997,3,7405,8715,-1310
4463,1997,4,7394,11115,-3721
4463,1997,5,7385,7415,-30
4463,1997,6,18798,27115,-8317
4463,1997,7,8170,15,8155
4463,1997,8,7399,1515,5884
4463,1997,9,10835,15,10820
4463,1997,10,7455,6915,540
4463,1997,11,7454,8115,-661
4463,1997,12,11086,11715,-629
4463,1998,1,7426,20815,-13389
4463,1998,2,7393,7915,-522
4463,1998,3,7397,5215,2182
4463,1998,4,7386,11115,-3729
4463,1998,5,7394,3815,3579
4463,1998,6,11012,20915,-9903
4463,1998,7,7367,3915,3452
4463,1998,8,7377,6015,1362
4463,1998,9,7385,4815,2570
4463,1998,10,7385,9115,-1730
4463,1998,11,7385,6015,1370
4463,1998,12,11024,10100,924
4467,1997,4,14702,0,14702
4467,1997,5,20478,0,20478
4467,1997,6,21727,8800,12927
4467,1997,7,14560,17300,-2740
4467,1997,8,14553,15430,-877
4467,1997,9,14529,32170,-17641
4467,1997,10,14482,10986,3496
4467,1997,11,14461,19086,-4625
4467,1997,12,21664,20686,978
4467,1998,1,14457,17386,-2929
4467,1998,2,14468,10286,4182
4467,1998,3,14501,9286,5215
4467,1998,4,14474,22471,-7997
4467,1998,5,14483,7986,6497
4467,1998,6,21722,4586,17136
4467,1998,7,14490,34486,-19996
4467,1998,8,14500,13812,688
4467,1998,9,14493,15463,-970
4467,1998,10,14501,6981,7520
4467,1998,11,14501,20781,-6280
4467,1998,12,21680,20223,1457
4470,1993,11,41206,0,41206
4470,1993,12,61202,42600,18602
4470,1994,1,40819,37500,3319
4470,1994,2,40831,0,40831
4470,1994,3,40855,106621,-65766
4470,1994,4,40830,33052,7778
4470,1994,5,40784,36759,4025
4470,1994,6,61959,83715,-21756
4470,1994,7,40708,30382,10326
4470,1994,8,40796,34658,6138
4470,1994,9,40774,41813,-1039
4470,1994,10,40790,41458,-668
4470,1994,11,40756,29515,11241
4470,1994,12,61163,72115,-10952
4470,1995,1,40792,53650,-12858
4470,1995,2,40721,22615,18106
4470,1995,3,40789,55518,-14729
4470,1995,4,40723,24015,16708
4470,1995,5,40786,51418,-10632
4470,1995,6,63094,78915,-15821
4470,1995,7,40691,20115,20576
4470,1995,8,40807,49945,-9138
4470,1995,9,40735,25615,15120
4470,1995,10,40770,50778,-10008
4470,1995,11,40780,42937,-2157
4470,1995,12,61080,55436,5644
4470,1996,1,40799,61215,-20416
4470,1996,2,40702,26781,13921
4470,1996,3,40747,38778,1969
4470,1996,4,40754,27915,12839
4470,1996,5,40771,60282,-19511
4470,1996,6,61010,70032,-9022
4470,1996,7,40698,24215,16483
4470,1996,8,40752,32515,8237
4470,1996,9,40782,34715,6067
4470,1996,10,40772,56826,-16054
4470,1996,11,40752,29715,11037
4470,1996,12,61095,69056,-7961
4470,1997,1,40703,56450,-15747
4470,1997,2,40701,34615,6086
4470,1997,3,40737,34388,6349
4470,1997,4,40721,50395,-9674
4470,1997,5,40713,29215,11498
4470,1997,6,61025,58715,2310
4470,1997,7,40744,42415,-1671
4470,1997,8,40741,38515,2226
4470,1997,9,40755,37015,3740
4470,1997,10,40757,41915,-1158
4470,1997,11,40757,40115,642
4470,1997,12,61042,66986,-5944
4470,1998,1,40709,55526,-14817
4470,1998,2,40710,28015,12695
4470,1998,3,40712,49339,-8627
4470,1998,4,40703,38788,1915
4470,1998,5,40702,38515,2187
4470,1998,6,61044,43915,17129
4470,1998,7,40734,54842,-14108
4470,1998,8,40797,46315,-5518
4470,1998,9,40700,15,40685
4470,1998,10,40858,43691,-2833
4470,1998,11,40873,38615,2258
4470,1998,12,61225,34400,26825
4471,1997,6,700,0,700
4471,1997,7,30368,6500,23868
4471,1997,8,30430,19200,11230
4471,1997,9,30471,21200,9271
4471,1997,10,30510,21400,9110
4471,1997,11,30581,31448,-867
4471,1997,12,45760,42848,2912
4471,1998,1,30415,67390,-36975
4471,1998,2,31033,14348,16685
4471,1998,3,30400,46136,-15736
4471,1998,4,30388,28048,2340
4471,1998,5,30382,32963,-2581
4471,1998,6,45642,12348,33294
4471,1998,7,30479,44977,-14498
4471,1998,8,30437,41397,-10960
4471,1998,9,30459,16448,14011
4471,1998,10,30445,39901,-9456
4471,1998,11,30456,31748,-1292
4471,1998,12,45661,19418,26243
4473,1995,10,800,0,800
4473,1995,11,25007,0,25007
4473,1995,12,36802,19000,17802
4473,1996,1,24630,17600,7030
4473,1996,2,24683,10100,14583
4473,1996,3,24667,40220,-15553
4473,1996,4,24648,23948,700
4473,1996,5,24652,19668,4984
4473,1996,6,36922,22968,13954
4473,1996,7,24708,25768,-1060
4473,1996,8,24686,30168,-5482
4473,1996,9,24654,32688,-8034
4473,1996,10,24653,23468,1185
4473,1996,11,24655,25448,-793
4473,1996,12,36911,22788,14123
4473,1997,1,24657,55914,-31257
4473,1997,2,24628,15194,9434
4473,1997,3,24629,21934,2695
4473,1997,4,24646,20334,4312
4473,1997,5,24661,36374,-11713
4473,1997,6,36899,29074,7825
4473,1997,7,24693,24534,159
4473,1997,8,24671,23554,1117
4473,1997,9,24682,26034,-1352
4473,1997,10,24678,20734,3944
4473,1997,11,24693,25354,-661
4473,1997,12,36931,35474,1457
4473,1998,1,24661,27134,-2473
4473,1998,2,24678,25334,-656
4473,1998,3,24679,26134,-1455
4473,1998,4,24663,25294,-631
4473,1998,5,24669,24534,135
4473,1998,6,36905,36734,171
4473,1998,7,24669,23534,1135
4473,1998,8,24670,25334,-664
4473,1998,9,24660,30734,-6074
4473,1998,10,24628,28834,-4206
4473,1998,11,24617,28434,-3817
4473,1998,12,36868,12859,24009
4475,1997,4,500,0,500
4475,1997,5,20765,0,20765
4475,1997,6,25502,9600,15902
4475,1997,7,17076,16100,976
4475,1997,8,17073,18800,-1727
4475,1997,9,17051,25987,-8936
4475,1997,10,17040,14215,2825
4475,1997,11,17045,17215,-170
4475,1997,12,25506,26315,-809
4475,1998,1,17042,16615,427
4475,1998,2,17046,23415,-6369
4475,1998,3,17040,8215,8825
4475,1998,4,17054,16715,339
4475,1998,5,17049,24015,-6966
4475,1998,6,25505,18215,7290
4475,1998,7,17026,26911,-9885
4475,1998,8,17051,4715,12336
4475,1998,9,17067,17115,-48
4475,1998,10,17070,16415,655
4475,1998,11,17083,15215,1868
4475,1998,12,25543,31262,-5719
4476,1994,11,500,0,500
4476,1994,12,24186,0,24186
4476,1995,1,14468,6700,7768
4476,1995,2,14478,14000,478
4476,1995,3,14483,13100,1383
4476,1995,4,14464,25965,-11501
4476,1995,5,14439,17725,-3286
4476,1995,6,21627,13625,8002
4476,1995,7,14463,14925,-462
4476,1995,8,14458,14325,133
4476,1995,9,14460,14825,-365
4476,1995,10,14448,17705,-3257
4476,1995,11,14439,15725,-1286
4476,1995,12,21626,20305,1321
4476,1996,1,14731,24005,-9274
4476,1996,2,19445,8925,10520
4476,1996,3,14462,10825,3637
4476,1996,4,14476,11225,3251
4476,1996,5,14478,14125,353
4476,1996,6,21673,15725,5948
4476,1996,7,14484,19725,-5241
4476,1996,8,14472,26825,-12353
4476,1996,9,14430,20365,-5935
4476,1996,10,14426,11658,2768
4476,1996,11,14437,11758,2679
4476,1996,12,21629,25818,-4189
4476,1997,1,15620,15658,-38
4476,1997,2,14429,9738,4691
4476,1997,3,14449,13158,1291
4476,1997,4,14451,12918,1533
4476,1997,5,14463,11258,3205
4476,1997,6,21636,25078,-3442
4476,1997,7,14458,12558,1900
4476,1997,8,14463,15858,-1395
4476,1997,9,14448,13998,450
4476,1997,10,14459,15858,-1399
4476,1997,11,14438,18398,-3960
4476,1997,12,21622,16038,5584
4476,1998,1,14423,22498,-8075
4476,1998,2,14416,13138,1278
4476,1998,3,14431,13358,1073
4476,1998,4,14431,11578,2853
4476,1998,5,14441,18258,-3817
4476,1998,6,21618,20358,1260
4476,1998,7,14429,17958,-3529
4476,1998,8,14428,7858,6570
4476,1998,9,14439,18458,-4019
4476,1998,10,14429,14025,404
4476,1998,11,14428,15525,-1097
4476,1998,12,21628,13830,7798
4478,1993,7,800,0,800
4478,1993,8,24281,600,23681
4478,1993,9,24365,13100,11265
4478,1993,10,24405,18600,5805
4478,1993,11,24427,20300,4127
4478,1993,12,36578,26415,10163
4478,1994,1,24467,35715,-11248
4478,1994,2,24438,21715,2723
4478,1994,3,24444,25115,-671
4478,1994,4,24443,23915,528
4478,1994,5,24443,25115,-672
4478,1994,6,36567,48715,-12148
4478,1994,7,24408,15515,8893
4478,1994,8,24426,25115,-689
4478,1994,9,24432,22615,1817
4478,1994,10,24442,22915,1527
4478,1994,11,24434,27215,-2781
4478,1994,12,36573,31415,5158
4478,1995,1,24432,33015,-8583
4478,1995,2,24421,20915,3506
4478,1995,3,24430,23315,1115
4478,1995,4,24435,22915,1520
4478,1995,5,24433,26715,-2282
4478,1995,6,36553,59615,-23062
4478,1995,7,24360,13415,10945
4478,1995,8,24421,7415,17006
4478,1995,9,24471,15615,8856
4478,1995,10,24496,20115,4381
4478,1995,11,24509,22215,2294
4478,1995,12,36655,27515,9140
4478,1996,1,24514,40915,-16401
4478,1996,2,24507,14315,10192
4478,1996,3,24534,21115,3419
4478,1996,4,24544,22315,2229
4478,1996,5,24537,24915,-378
4478,1996,6,36668,32415,4253
4478,1996,7,24560,26215,-1655
4478,1996,8,24561,23115,1446
4478,1996,9,24564,25815,-1251
4478,1996,10,24571,19215,5356
4478,1996,11,24555,24915,-360
4478,1996,12,36739,22715,14024
4478,1997,1,24583,34915,-10332
4478,1997,2,24607,18915,5692
4478,1997,3,24576,27415,-2839
4478,1997,4,24597,27815,-3218
4478,1997,5,24594,24715,-121
4478,1997,6,36723,38615,-1892
4478,1997,7,24586,23015,1571
4478,1997,8,24569,50215,-25646
4478,1997,9,24486,19815,4671
4478,1997,10,24580,19415,5165
4478,1997,11,24523,23715,808
4478,1997,12,36724,36415,309
4478,1998,1,24550,36615,-12065
4478,1998,2,24506,24015,491
4478,1998,3,24479,23315,1164
4478,1998,4,24485,20015,4470
4478,1998,5,24537,25715,-1178
4478,1998,6,36628,41315,-4687
4478,1998,7,24476,25015,-539
4478,1998,8,24476,23815,661
4478,1998,9,24480,20815,3665
4478,1998,10,24490,27215,-2725
4478,1998,11,24479,25315,-836
4478,1998,12,36688,2200,34488
4480,1996,8,200,0,200
4480,1996,9,14242,0,14242
4480,1996,10,8392,0,8392
4480,1996,11,7816,5400,2416
4480,1996,12,11685,8700,2985
4480,1997,1,7820,17415,-9595
4480,1997,2,7802,3715,4087
4480,1997,3,7808,9415,-1607
4480,1997,4,7805,8815,-1010
4480,1997,5,7813,1615,6198
4480,1997,6,11640,31815,-20175
4480,1997,7,10165,15,10150
4480,1997,8,7796,2715,5081
4480,1997,9,7824,4515,3309
4480,1997,10,7818,8015,-197
4480,1997,11,7829,3415,4414
4480,1997,12,11706,6715,4991
4480,1998,1,7827,28815,-20988
4480,1998,2,13101,15,13086
4480,1998,3,7830,5415,2415
4480,1998,4,7842,4715,3127
4480,1998,5,7855,4515,3340
4480,1998,6,11692,24215,-12523
4480,1998,7,8430,15,8415
4480,1998,8,7849,5615,2234
4480,1998,9,7863,3915,3948
4480,1998,10,7875,5715,2160
4480,1998,11,7883,6115,1768
4480,1998,12,11736,18900,-7164
4484,1993,2,103353,62100,41253
4484,1993,3,32617,8915,23702
4484,1993,4,268,18615,-18347
4484,1993,5,23560,16540,7020
4484,1993,6,47186,12915,34271
4484,1993,7,213,45566,-45353
4484,1993,8,13367,9615,3752
4484,1993,9,17455,15253,2202
4484,1993,10,61287,50215,11072
4484,1993,11,110895,118747,-7852
4484,1993,12,119305,115615,3690
4484,1994,1,20127,39715,-19588
4484,1994,2,148,4915,-4767
4484,1994,3,15358,9515,5843
4484,1994,4,75761,45815,29946
4484,1994,5,276,18215,-17939
4484,1994,6,196,17115,-16919
4484,1994,7,49794,24615,25179
4484,1994,8,236,14315,-14079
4484,1994,9,172,15615,-15443
4484,1994,10,114,1415,-1301
4484,1994,11,1909,15,1894
4484,1994,12,8646,5015,3631
4484,1995,1,2408,8115,-5707
4484,1995,2,108,1015,-907
4484,1995,3,2904,15,2889
4484,1995,4,116,1215,-1099
4484,1995,5,1411,15,1396
4484,1995,6,3413,10215,-6802
4484,1995,7,5089,15,5074
4484,1995,8,2410,15,2395
4484,1995,9,2520,15,2505
4484,1995,10,3024,7164,-4140
4484,1995,11,3613,15,3598
4484,1995,12,16408,10815,5593
4484,1996,1,71748,42215,29533
4484,1996,2,271,19815,-19544
4484,1996,3,18835,18915,-80
4484,1996,4,46667,44282,2385
4484,1996,5,10878,12115,-1237
4484,1996,6,179,20268,-20089
4484,1996,7,27778,10815,16963
4484,1996,8,153,13815,-13662
4484,1996,9,126,515,-389
4484,1996,10,5329,3015,2314
4484,1996,11,134,915,-781
4484,1996,12,6435,4215,2220
4484,1997,1,215558,143015,72543
4484,1997,2,60070,105921,-45851
4484,1997,3,95464,74611,20853
4484,1997,4,12465,61610,-49145
4484,1997,5,65461,52358,13103
4484,1997,6,15244,22515,-7271
4484,1997,7,61731,22115,39616
4484,1997,8,42561,60015,-17454
4484,1997,9,87539,53115,34424
4484,1997,10,92326,89815,2511
4484,1997,11,101127,91915,9212
4484,1997,12,11388,71115,-59727
4484,1998,1,69236,48723,20513
4484,1998,2,47645,18315,29330
4484,1998,3,139267,147915,-8648
4484,1998,4,45026,64415,-19389
4484,1998,5,24424,12915,11509
4484,1998,6,55438,30915,24523
4484,1998,7,12936,25915,-12979
4484,1998,8,55431,71615,-16184
4484,1998,9,73016,75115,-2099
4484,1998,10,48184,12615,35569
4484,1998,11,12123,39215,-27092
4484,1998,12,50077,50260,-183
4488,1996,4,600,0,600
4488,1996,5,14877,0,14877
4488,1996,6,13366,2900,10466
4488,1996,7,8969,7800,1169
4488,1996,8,8974,7600,1374
4488,1996,9,8976,10415,-1439
4488,1996,10,8974,10715,-1741
4488,1996,11,8959,14515,-5556
4488,1996,12,13385,8715,4670
4488,1997,1,12421,22815,-10394
4488,1997,2,10936,15,10921
4488,1997,3,8979,6115,2864
4488,1997,4,8978,7515,1463
4488,1997,5,8986,7015,1971
4488,1997,6,13414,15415,-2001
4488,1997,7,8982,8815,167
4488,1997,8,8988,5915,3073
4488,1997,9,8994,12215,-3221
4488,1997,10,8987,8215,772
4488,1997,11,8984,9515,-531
4488,1997,12,13412,15715,-2303
4488,1998,1,8970,17215,-8245
4488,1998,2,8955,2215,6740
4488,1998,3,8972,6615,2357
4488,1998,4,8975,10115,-1140
4488,1998,5,8984,4015,4969
4488,1998,6,13390,33615,-20225
4488,1998,7,9232,15,9217
4488,1998,8,8962,3115,5847
4488,1998,9,8963,13615,-4652
4488,1998,10,8957,6715,2242
4488,1998,11,8963,8015,948
4488,1998,12,13428,2000,11428
4493,1996,10,7908,0,7908
4493,1996,11,68697,400,68297
4493,1996,12,116741,124500,-7759
4493,1997,1,10873,21500,-10627
4493,1997,2,25695,37400,-11705
4493,1997,3,20915,24400,-3485
4493,1997,4,163,11483,-11320
4493,1997,5,130,2800,-2670
4493,1997,6,92031,27900,64131
4493,1997,7,286,37364,-37078
4493,1997,8,208,25900,-25692
4493,1997,9,47405,100,47305
4493,1997,10,32139,56213,-24074
4493,1997,11,32848,10500,22348
4493,1997,12,35906,33037,2869
4493,1998,1,237,31806,-31569
4493,1998,2,146,18393,-18247
4493,1998,3,7120,100,7020
4493,1998,4,8736,17800,-9064
4493,1998,5,6911,100,6811
4493,1998,6,3449,4409,-960
4493,1998,7,134,200,-66
4493,1998,8,45268,9610,35658
4493,1998,9,280,20300,-20020
4493,1998,10,148,22532,-22384
4493,1998,11,3506,100,3406
4493,1998,12,34784,31456,3328
4503,1995,1,200,0,200
4503,1995,2,39800,0,39800
4503,1995,3,53183,11600,41583
4503,1995,4,75946,59239,16707
4503,1995,5,91922,112015,-20093
4503,1995,6,17721,50175,-32454
4503,1995,7,34040,19702,14338
4503,1995,8,162,37293,-37131
4503,1995,9,34295,27511,6784
4503,1995,10,108149,72210,35939
4503,1995,11,125838,122015,3823
4503,1995,12,22084,36715,-14631
4503,1996,1,18299,30835,-12536
4503,1996,2,55543,41735,13808
4503,1996,3,59328,60235,-907
4503,1996,4,222,14235,-14013
4503,1996,5,1359,16035,-14676
4503,1996,6,70514,66255,4259
4503,1996,7,95498,29235,66263
4503,1996,8,30650,74635,-43985
4503,1996,9,164606,132935,31671
4503,1996,10,62415,109935,-47520
4503,1996,11,45676,27735,17941
4503,1996,12,35095,42135,-7040
4503,1997,1,52672,28076,24596
4503,1997,2,65867,96035,-30168
4503,1997,3,13185,30965,-17780
4503,1997,4,101,2835,-2734
4503,1997,5,9386,5435,3951
4503,1997,6,100,5035,-4935
4503,1997,7,80003,29935,50068
4503,1997,8,212,45714,-45502
4503,1997,9,14624,2835,11789
4503,1997,10,127,10040,-9913
4503,1997,11,112,2835,-2723
4503,1997,12,100,2835,-2735
4503,1998,1,17125,2835,14290
4503,1998,2,46585,6179,40406
4503,1998,3,201,51853,-51652
4503,1998,4,48095,10483,37612
4503,1998,5,23387,41263,-17876
4503,1998,6,80920,59035,21885
4503,1998,7,76119,96535,-20416
4503,1998,8,47955,57835,-9880
4503,1998,9,31593,29886,1707
4503,1998,10,35200,2835,32365
4503,1998,11,39461,45135,-5674
4503,1998,12,57722,48120,9602
4511,1993,9,600,0,600
4511,1993,10,14734,0,14734
4511,1993,11,8393,0,8393
4511,1993,12,8987,3400,5587
4511,1994,1,6045,4700,1345
4511,1994,2,6049,6015,34
4511,1994,3,6051,9563,-3512
4511,1994,4,6038,7163,-1125
4511,1994,5,6036,4263,1773
4511,1994,6,9011,6063,2948
4511,1994,7,6038,10603,-4565
4511,1994,8,6033,7063,-1030
4511,1994,9,6026,8763,-2737
4511,1994,10,9506,10323,-817
4511,1994,11,6017,4463,1554
4511,1994,12,8978,13683,-4705
4511,1995,1,8582,12403,-3821
4511,1995,2,9294,3963,5331
4511,1995,3,9516,6123,3393
4511,1995,4,6023,5263,760
4511,1995,5,6026,5163,863
4511,1995,6,10187,11963,-1776
4511,1995,7,6125,3963,2162
4511,1995,8,6032,4463,1569
4511,1995,9,6026,10643,-4617
4511,1995,10,6016,5963,53
4511,1995,11,6013,7363,-1350
4511,1995,12,8973,10183,-1210
4511,1996,1,5991,12183,-6192
4511,1996,2,7287,3963,3324
4511,1996,3,5995,7163,-1168
4511,1996,4,5986,6763,-777
4511,1996,5,5986,6203,-217
4511,1996,6,8944,10223,-1279
4511,1996,7,7387,3963,3424
4511,1996,8,8304,3963,4341
4511,1996,9,9008,3963,5045
4511,1996,10,6023,15363,-9340
4511,1996,11,14222,3963,10259
4511,1996,12,9701,12243,-2542
4511,1997,1,10205,17043,-6838
4511,1997,2,10808,8883,1925
4511,1997,3,12729,3963,8766
4511,1997,4,10057,3963,6094
4511,1997,5,9077,9723,-646
4511,1997,6,9012,12083,-3071
4511,1997,7,8061,3963,4098
4511,1997,8,6072,3963,2109
4511,1997,9,8976,9003,-27
4511,1997,10,10687,8523,2164
4511,1997,11,6081,6363,-282
4511,1997,12,12658,11363,1295
4511,1998,1,8655,24563,-15908
4511,1998,2,14051,3963,10088
4511,1998,3,11586,3963,7623
4511,1998,4,6096,5363,733
4511,1998,5,6090,8163,-2073
4511,1998,6,9055,6663,2392
4511,1998,7,6080,12243,-6163
4511,1998,8,8636,19263,-10627
4511,1998,9,6735,3963,2772
4511,1998,10,6344,6603,-259
4511,1998,11,6043,12663,-6620
4511,1998,12,8985,6028,2957
4514,1993,12,300,0,300
4514,1994,1,49276,11800,37476
4514,1994,2,49395,29600,19795
4514,1994,3,49425,60400,-10975
4514,1994,4,49415,38200,11215
4514,1994,5,49441,60910,-11469
4514,1994,6,73961,84235,-10274
4514,1994,7,49359,52442,-3083
4514,1994,8,49384,29015,20369
4514,1994,9,49447,38615,10832
4514,1994,10,49574,69115,-19541
4514,1994,11,49460,16026,33434
4514,1994,12,74148,74715,-567
4514,1995,1,49458,88915,-39457
4514,1995,2,49431,24715,24716
4514,1995,3,49512,30815,18697
4514,1995,4,49570,38705,10865
4514,1995,5,49574,54243,-4669
4514,1995,6,74062,124576,-50514
4514,1995,7,49448,31903,17545
4514,1995,8,49503,17715,31788
4514,1995,9,49591,36115,13476
4514,1995,10,49628,44115,5513
4514,1995,11,49638,76715,-27077
4514,1995,12,74190,42481,31709
4514,1996,1,49522,93415,-43893
4514,1996,2,49512,31643,17869
4514,1996,3,49532,40415,9117
4514,1996,4,49605,41315,8290
4514,1996,5,49553,72315,-22762
4514,1996,6,74102,118115,-44013
4514,1996,7,49440,8915,40525
4514,1996,8,49556,48544,1012
4514,1996,9,49571,25715,23856
4514,1996,10,49639,79015,-29376
4514,1996,11,49461,42427,7034
4514,1996,12,74089,88815,-14726
4514,1997,1,49375,82015,-32640
4514,1997,2,49371,15,49356
4514,1997,3,49577,29787,19790
4514,1997,4,49616,50362,-746
4514,1997,5,49536,89659,-40123
4514,1997,6,74059,92507,-18448
4514,1997,7,49451,41831,7620
4514,1997,8,49469,48215,1254
4514,1997,9,49489,51343,-1854
4514,1997,10,49409,47874,1535
4514,1997,11,49459,61629,-12170
4514,1997,12,73978,63715,10263
4514,1998,1,49406,63311,-13905
4514,1998,2,49339,37915,11424
4514,1998,3,49382,45415,3967
4514,1998,4,49399,44415,4984
4514,1998,5,49418,46715,2703
4514,1998,6,74022,99415,-25393
4514,1998,7,49334,35115,14219
4514,1998,8,49415,58935,-9520
4514,1998,9,49351,39515,9836
4514,1998,10,49375,56424,-7049
4514,1998,11,49402,48382,1020
4514,1998,12,74104,14144,59960
4519,1994,6,200,0,200
4519,1994,7,10200,0,10200
4519,1994,8,8700,0,8700
4519,1994,9,3700,0,3700
4519,1994,10,0,700,-700
4519,1994,11,2000,0,2000
4519,1994,12,2100,0,2100
4519,1995,1,500,0,500
4519,1995,2,0,700,-700
4519,1995,3,2200,0,2200
4519,1995,4,0,900,-900
4519,1995,5,2600,0,2600
4519,1995,6,0,2400,-2400
4519,1995,7,0,600,-600
4519,1995,8,2500,0,2500
4519,1995,9,1000,0,1000
4519,1995,10,3505,0,3505
4519,1995,11,841,0,841
4519,1995,12,3041,0,3041
4519,1996,1,841,0,841
4519,1996,2,4541,0,4541
4519,1996,3,1241,0,1241
4519,1996,4,241,0,241
4519,1996,5,141,400,-259
4519,1996,6,2941,0,2941
4519,1996,7,141,1100,-959
4519,1996,8,4141,0,4141
4519,1996,9,741,0,741
4519,1996,10,141,1100,-959
4519,1996,11,141,700,-559
4519,1996,12,241,0,241
4519,1997,1,141,700,-559
4519,1997,2,2241,0,2241
4519,1997,3,141,3900,-3759
4519,1997,4,541,0,541
4519,1997,5,441,0,441
4519,1997,6,141,5200,-5059
4519,1997,7,141,1400,-1259
4519,1997,8,4041,0,4041
4519,1997,9,341,0,341
4519,1997,10,5041,0,5041
4519,1997,11,141,100,41
4519,1997,12,141,6200,-6059
4519,1998,1,1541,0,1541
4519,1998,2,141,700,-559
4519,1998,3,141,1600,-1459
4519,1998,4,1741,0,1741
4519,1998,5,5041,0,5041
4519,1998,6,3541,0,3541
4519,1998,7,141,1400,-1259
4519,1998,8,3941,0,3941
4519,1998,9,141,3400,-3259
4519,1998,10,241,0,241
4519,1998,11,2100,0,2100
4526,1993,11,900,0,900
4526,1993,12,21819,0,21819
4526,1994,1,12571,6800,5771
4526,1994,2,12592,10800,1792
4526,1994,3,12599,11000,1599
4526,1994,4,12606,12015,591
4526,1994,5,12608,13215,-607
4526,1994,6,18848,19915,-1067
4526,1994,7,12623,14215,-1592
4526,1994,8,12596,10415,2181
4526,1994,9,12605,11115,1490
4526,1994,10,12609,13815,-1206
4526,1994,11,12622,12715,-93
4526,1994,12,18867,22015,-3148
4526,1995,1,12595,23515,-10920
4526,1995,2,12559,8915,3644
4526,1995,3,12562,11315,1247
4526,1995,4,12581,14315,-1734
4526,1995,5,12561,11015,1546
4526,1995,6,18808,14315,4493
4526,1995,7,12576,18115,-5539
4526,1995,8,12560,12815,-255
4526,1995,9,12556,15215,-2659
4526,1995,10,12551,11115,1436
4526,1995,11,12554,13115,-561
4526,1995,12,18806,20015,-1209
4526,1996,1,12543,18015,-5472
4526,1996,2,12526,11815,711
4526,1996,3,12524,14115,-1591
4526,1996,4,12522,15,12507
4526,1996,5,12560,18515,-5955
4526,1996,6,18789,19815,-1026
4526,1996,7,12537,15415,-2878
4526,1996,8,12553,4315,8238
4526,1996,9,12545,21815,-9270
4526,1996,10,12529,1115,11414
4526,1996,11,12542,25515,-12973
4526,1996,12,18797,1415,17382
4526,1997,1,12596,14315,-1719
4526,1997,2,12587,15,12572
4526,1997,3,12570,39015,-26445
4526,1997,4,12529,15,12514
4526,1997,5,12596,7815,4781
4526,1997,6,18849,21115,-2266
4526,1997,7,12592,15,12577
4526,1997,8,12662,3715,8947
4526,1997,9,12681,15,12666
4526,1997,10,12635,47415,-34780
4526,1997,11,12589,15,12574
4526,1997,12,18918,615,18303
4526,1998,1,12709,16315,-3606
4526,1998,2,12703,15,12688
4526,1998,3,12646,50715,-38069
4526,1998,4,12597,15,12582
4526,1998,5,12657,3415,9242
4526,1998,6,18927,17015,1912
4526,1998,7,12698,515,12183
4526,1998,8,12598,50015,-37417
4526,1998,9,12590,15,12575
4526,1998,10,12642,15,12627
4526,1998,11,12695,15,12680
4526,1998,12,18992,2100,16892
4527,1997,6,42582,0,42582
4527,1997,7,175,15700,-15525
4527,1997,8,32722,20000,12722
4527,1997,9,165,11200,-11035
4527,1997,10,165,4600,-4435
4527,1997,11,81781,41500,40281
4527,1997,12,441,21800,-21359
4527,1998,1,441,10000,-9559
4527,1998,2,30255,26115,4140
4527,1998,3,6313,15715,-9402
4527,1998,4,38666,24215,14451
4527,1998,5,28912,24915,3997
4527,1998,6,8717,14715,-5998
4527,1998,7,59949,41915,18034
4527,1998,8,45065,62346,-17281
4527,1998,9,47286,30415,16871
4527,1998,10,38637,47680,-9043
4527,1998,11,191,11715,-11524
4527,1998,12,129,14400,-14271
4533,1997,8,200,0,200
4533,1997,9,12800,0,12800
4533,1997,10,44663,0,44663
4533,1997,11,240,13200,-12960
4533,1997,12,57953,37800,20153
4533,1998,1,95390,95715,-325
4533,1998,2,135095,112218,22877
4533,1998,3,76201,115044,-38843
4533,1998,4,73181,55947,17234
4533,1998,5,69998,73448,-3450
4533,1998,6,35050,24490,10560
4533,1998,7,28664,55147,-26483
4533,1998,8,8364,12748,-4384
4533,1998,9,20387,40149,-19762
4533,1998,10,42659,12748,29911
4533,1998,11,116613,63770,52843
4533,1998,12,136735,153633,-16898
4534,1997,1,600,0,600
4534,1997,2,28974,0,28974
4534,1997,3,34726,0,34726
4534,1997,4,267,21000,-20733
4534,1997,5,267,8000,-7733
4534,1997,6,267,2400,-2133
4534,1997,7,267,3100,-2833
4534,1997,8,267,700,-433
4534,1997,9,267,2200,-1933
4534,1997,10,2967,0,2967
4534,1997,11,667,0,667
4534,1997,12,267,3900,-3633
4534,1998,1,267,1600,-1333
4534,1998,2,267,1900,-1633
4534,1998,3,5767,0,5767
4534,1998,4,39848,16200,23648
4534,1998,5,228,12300,-12072
4534,1998,6,6841,5900,941
4534,1998,7,182,2200,-2018
4534,1998,8,182,6200,-6018
4534,1998,9,182,3600,-3418
4534,1998,10,182,1000,-818
4534,1998,11,100,0,100
4537,1996,7,600,0,600
4537,1996,8,171771,72530,99241
4537,1996,9,66011,88930,-22919
4537,1996,10,6541,27030,-20489
4537,1996,11,38689,13430,25259
4537,1996,12,106355,109130,-2775
4537,1997,1,68682,125003,-56321
4537,1997,2,18798,7230,11568
4537,1997,3,49866,33830,16036
4537,1997,4,42570,30630,11940
4537,1997,5,257,13530,-13273
4537,1997,6,3474,21330,-17856
4537,1997,7,31063,35344,-4281
4537,1997,8,14481,6630,7851
4537,1997,9,54794,36830,17964
4537,1997,10,53239,54630,-1391
4537,1997,11,213,730,-517
4537,1997,12,80376,23230,57146
4537,1998,1,224,85430,-85206
4537,1998,2,32756,30,32726
4537,1998,3,1430,30,1400
4537,1998,4,1820,8730,-6910
4537,1998,5,6307,30,6277
4537,1998,6,44185,10530,33655
4537,1998,7,371,15930,-15559
4537,1998,8,307,7530,-7223
4537,1998,9,34927,3030,31897
4537,1998,10,407,24130,-23723
4537,1998,11,310,10530,-10220
4537,1998,12,221,13200,-12979
4538,1995,5,300,0,300
4538,1995,6,14000,0,14000
4538,1995,7,4500,0,4500
4538,1995,8,3700,0,3700
4538,1995,9,500,0,500
4538,1995,10,400,0,400
4538,1995,11,3300,0,3300
4538,1995,12,400,0,400
4538,1996,1,1300,0,1300
4538,1996,3,0,2800,-2800
4538,1996,4,1800,0,1800
4538,1996,5,1904,1300,604
4538,1996,6,117,300,-183
4538,1996,7,417,0,417
4538,1996,8,117,2100,-1983
4538,1996,9,117,2300,-2183
4538,1996,11,3817,0,3817
4538,1996,12,3817,0,3817
4538,1997,1,3017,0,3017
4538,1997,2,3817,0,3817
4538,1997,3,1017,0,1017
4538,1997,4,617,0,617
4538,1997,5,4117,0,4117
4538,1997,6,117,1700,-1583
4538,1997,7,1517,0,1517
4538,1997,8,117,500,-383
4538,1997,9,2017,0,2017
4538,1997,10,117,1200,-1083
4538,1997,11,117,2200,-2083
4538,1997,12,117,1000,-883
4538,1998,2,117,1800,-1683
4538,1998,3,117,1000,-883
4538,1998,4,117,3200,-3083
4538,1998,5,317,0,317
4538,1998,6,117,2800,-2683
4538,1998,7,117,700,-583
4538,1998,8,517,0,517
4538,1998,9,117,500,-383
4538,1998,10,117,5000,-4883
4538,1998,11,0,4100,-4100
4543,1993,10,5494,0,5494
4543,1993,11,15441,0,15441
4543,1993,12,7107,0,7107
4543,1994,1,4790,3000,1790
4543,1994,2,4806,3815,991
4543,1994,3,4819,715,4104
4543,1994,4,4823,6155,-1332
4543,1994,5,4817,5915,-1098
4543,1994,6,7135,40016,-32881
4543,1994,7,16722,17,16705
4543,1994,8,8570,15,8555
4543,1994,9,4794,415,4379
4543,1994,10,4802,5235,-433
4543,1994,11,4805,2815,1990
4543,1994,12,7137,8295,-1158
4543,1995,1,4812,7515,-2703
4543,1995,2,4793,15,4778
4543,1995,3,4791,16575,-11784
4543,1995,4,6379,15,6364
4543,1995,5,4793,5415,-622
4543,1995,6,7127,5615,1512
4543,1995,7,4794,2115,2679
4543,1995,8,4803,8255,-3452
4543,1995,9,4790,4515,275
4543,1995,10,4796,3355,1441
4543,1995,11,4798,2115,2683
4543,1995,12,7149,4975,2174
4543,1996,1,4818,3615,1203
4543,1996,2,4821,5915,-1094
4543,1996,3,4817,5215,-398
4543,1996,4,4815,4915,-100
4543,1996,5,4818,1715,3103
4543,1996,6,7169,5815,1354
4543,1996,7,4839,2875,1964
4543,1996,8,4844,4515,329
4543,1996,9,4849,215,4634
4543,1996,10,4865,4055,810
4543,1996,11,5369,3495,1874
4543,1996,12,7215,6255,960
4543,1997,1,5486,15,5471
4543,1997,2,4903,2815,2088
4543,1997,3,4903,8415,-3512
4543,1997,4,4888,8195,-3307
4543,1997,5,4884,2215,2669
4543,1997,6,7223,15655,-8432
4543,1997,7,9082,15,9067
4543,1997,8,4899,1815,3084
4543,1997,9,4909,3315,1594
4543,1997,10,4906,8315,-3409
4543,1997,11,4900,3915,985
4543,1997,12,7333,8975,-1642
4543,1998,1,4903,1515,3388
4543,1998,2,4912,3715,1197
4543,1998,3,4910,8695,-3785
4543,1998,4,9607,5295,4312
4543,1998,5,4910,9235,-4325
4543,1998,6,8216,16815,-8599
4543,1998,7,4869,1715,3154
4543,1998,8,6692,15,6677
4543,1998,9,7220,15,7205
4543,1998,10,4931,5515,-584
4543,1998,11,4938,1715,3223
4543,1998,12,7283,6400,883
4550,1997,2,9361,0,9361
4550,1997,3,9700,0,9700
4550,1997,4,8725,3900,4825
4550,1997,5,8731,8100,631
4550,1997,6,13053,12319,734
4550,1997,7,8731,11079,-2348
4550,1997,8,8725,9359,-634
4550,1997,9,8725,8959,-234
4550,1997,10,8724,9059,-335
4550,1997,11,8726,7859,867
4550,1997,12,13049,9819,3230
4550,1998,1,8698,21141,-12443
4550,1998,2,12817,4181,8636
4550,1998,3,8729,7281,1448
4550,1998,4,8736,6881,1855
4550,1998,5,8744,6781,1963
4550,1998,6,13066,11581,1485
4550,1998,7,12215,22481,-10266
4550,1998,8,8920,4181,4739
4550,1998,9,8739,5781,2958
4550,1998,10,8750,8781,-31
4550,1998,11,8748,13881,-5133
4550,1998,12,13052,6886,6166
4576,1993,6,28749,0,28749
4576,1993,7,19072,4700,14372
4576,1993,8,19112,11200,7912
4576,1993,9,19141,12500,6641
4576,1993,10,19108,30015,-10907
4576,1993,11,19109,26015,-6906
4576,1993,12,28526,31395,-2869
4576,1994,1,21324,39675,-18351
4576,1994,2,19018,11615,7403
4576,1994,3,19040,17615,1425
4576,1994,4,19046,14915,4131
4576,1994,5,19246,16915,2331
4576,1994,6,28540,28054,486
4576,1994,7,19070,17754,1316
4576,1994,8,19064,18614,450
4576,1994,9,19073,18754,319
4576,1994,10,19069,20754,-1685
4576,1994,11,19069,17354,1715
4576,1994,12,28542,23834,4708
4576,1995,1,24247,37674,-13427
4576,1995,2,20037,17534,2503
4576,1995,3,20745,23874,-3129
4576,1995,4,19057,13254,5803
4576,1995,5,19060,18834,226
4576,1995,6,31197,35474,-4277
4576,1995,7,19041,18354,687
4576,1995,8,19041,19954,-913
4576,1995,9,19030,20614,-1584
4576,1995,10,19034,17054,1980
4576,1995,11,19034,25294,-6260
4576,1995,12,28484,25974,2510
4576,1996,1,19011,24174,-5163
4576,1996,2,19001,18754,247
4576,1996,3,19004,17954,1050
4576,1996,4,19010,14954,4056
4576,1996,5,19021,19134,-113
4576,1996,6,28484,27334,1150
4576,1996,7,19024,18554,470
4576,1996,8,19024,20254,-1230
4576,1996,9,19031,14154,4877
4576,1996,10,19046,18234,812
4576,1996,11,19054,12954,6100
4576,1996,12,28529,36534,-8005
4576,1997,1,19045,17174,1871
4576,1997,2,19051,14054,4997
4576,1997,3,19075,13554,5521
4576,1997,4,19066,27154,-8088
4576,1997,5,19063,13554,5509
4576,1997,6,28529,32115,-3586
4576,1997,7,19063,18555,508
4576,1997,8,19065,18795,270
4576,1997,9,19071,17515,1556
4576,1997,10,19078,20315,-1237
4576,1997,11,19018,38815,-19797
4576,1997,12,28447,22215,6232
4576,1998,1,19011,15715,3296
4576,1998,2,19026,14115,4911
4576,1998,3,19047,17615,1432
4576,1998,4,19030,30215,-11185
4576,1998,5,19005,15915,3090
4576,1998,6,28506,12715,15791
4576,1998,7,19085,13415,5670
4576,1998,8,19118,15815,3303
4576,1998,9,19063,45815,-26752
4576,1998,10,19017,14835,4182
4576,1998,11,19024,5915,13109
4576,1998,12,28547,15200,13347
4580,1994,8,500,0,500
4580,1994,9,12300,0,12300
4580,1994,10,7000,0,7000
4580,1994,11,50655,21500,29155
4580,1994,12,203,10500,-10297
4580,1995,1,9911,13000,-3089
4580,1995,2,86043,25015,61028
4580,1995,3,35406,84138,-48732
4580,1995,4,11285,29938,-18653
4580,1995,5,3491,11938,-8447
4580,1995,6,18450,13338,5112
4580,1995,7,28162,22738,5424
4580,1995,8,40940,10423,30517
4580,1995,9,48826,28364,20462
4580,1995,10,63891,62895,996
4580,1995,11,130407,140437,-10030
4580,1995,12,9584,42004,-32420
4580,1996,1,3847,20323,-16476
4580,1996,2,8889,10423,-1534
4580,1996,3,31410,17036,14374
4580,1996,4,4335,10423,-6088
4580,1996,5,17866,27323,-9457
4580,1996,6,8779,10423,-1644
4580,1996,7,13081,10423,2658
4580,1996,8,12097,10038,2059
4580,1996,9,9295,10538,-1243
4580,1996,10,42732,19938,22794
4580,1996,11,2054,21338,-19284
4580,1996,12,34026,12938,21088
4580,1997,1,18023,24257,-6234
4580,1997,2,91641,65038,26603
4580,1997,3,66159,87058,-20899
4580,1997,4,18586,26474,-7888
4580,1997,5,4048,10938,-6890
4580,1997,6,23140,29573,-6433
4580,1997,7,43022,12038,30984
4580,1997,8,50720,33024,17696
4580,1997,9,44529,89809,-45280
4580,1997,10,89120,42638,46482
4580,1997,11,47334,24938,22396
4580,1997,12,14199,57549,-43350
4580,1998,1,81746,56994,24752
4580,1998,2,32209,45638,-13429
4580,1998,3,49271,44669,4602
4580,1998,4,190,34038,-33848
4580,1998,5,66429,60034,6395
4580,1998,6,99098,59838,39260
4580,1998,7,142910,151531,-8621
4580,1998,8,93726,114122,-20396
4580,1998,9,39627,65483,-25856
4580,1998,10,38956,37538,1418
4580,1998,11,37947,15938,22009
4580,1998,12,48063,57128,-9065
4585,1996,6,200,0,200
4585,1996,7,19372,0,19372
4585,1996,8,13717,5600,8117
4585,1996,9,13751,5700,8051
4585,1996,10,13788,4600,9188
4585,1996,11,13789,16127,-2338
4585,1996,12,20603,17007,3596
4585,1997,1,13752,37787,-24035
4585,1997,2,17241,5427,11814
4585,1997,3,13756,12427,1329
4585,1997,4,13764,11727,2037
4585,1997,5,13765,13927,-162
4585,1997,6,20592,14027,6565
4585,1997,7,13779,17727,-3948
4585,1997,8,13776,13727,49
4585,1997,9,13782,10647,3135
4585,1997,10,13782,25087,-11305
4585,1997,11,13767,10127,3640
4585,1997,12,20599,21347,-748
4585,1998,1,18549,23947,-5398
4585,1998,2,13756,10427,3329
4585,1998,3,13759,14287,-528
4585,1998,4,13766,13827,-61
4585,1998,5,13767,9927,3840
4585,1998,6,20604,21527,-923
4585,1998,7,13776,13527,249
4585,1998,8,13777,11727,2050
4585,1998,9,13787,10127,3660
4585,1998,10,13797,15627,-1830
4585,1998,11,13783,14027,-244
4585,1998,12,20622,7212,13410
4588,1996,8,800,0,800
4588,1996,9,11758,0,11758
4588,1996,10,5506,0,5506
4588,1996,11,6830,0,6830
4588,1996,12,7531,3400,4131
4588,1997,1,5053,16815,-11762
4588,1997,2,5025,1015,4010
4588,1997,3,5038,7115,-2077
4588,1997,4,5031,8715,-3684
4588,1997,5,5015,3615,1400
4588,1997,6,7491,10315,-2824
4588,1997,7,5005,7415,-2410
4588,1997,8,4998,4515,483
4588,1997,9,4999,5715,-716
4588,1997,10,4993,7515,-2522
4588,1997,11,4985,7615,-2630
4588,1997,12,7459,7415,44
4588,1998,1,4958,14821,-9863
4588,1998,2,4949,3947,1002
4588,1998,3,4949,3535,1414
4588,1998,4,4949,6533,-1584
4588,1998,5,4949,5645,-696
4588,1998,6,7424,9436,-2012
4588,1998,7,4949,650,4299
4588,1998,8,4951,10033,-5082
4588,1998,9,4949,3656,1293
4588,1998,10,4949,6658,-1709
4588,1998,11,4949,4162,787
4588,1998,12,7424,4439,2985
4589,1995,5,400,0,400
4589,1995,6,18466,0,18466
4589,1995,7,4977,1000,3977
4589,1995,8,4993,2000,2993
4589,1995,9,5006,1800,3206
4589,1995,10,5015,4115,900
4589,1995,11,5019,7435,-2416
4589,1995,12,7452,9795,-2343
4589,1996,1,5275,16935,-11660
4589,1996,2,8466,15,8451
4589,1996,3,4992,1115,3877
4589,1996,4,5308,3135,2173
4589,1996,5,5013,3215,1798
4589,1996,6,7461,8815,-1354
4589,1996,7,5005,7815,-2810
4589,1996,8,5000,5995,-995
4589,1996,9,5096,5535,-439
4589,1996,10,4994,5815,-821
4589,1996,11,4994,6975,-1981
4589,1996,12,7433,7675,-242
4589,1997,1,5824,29471,-23647
4589,1997,2,15630,23,15607
4589,1997,3,4957,1215,3742
4589,1997,4,4976,115,4861
4589,1997,5,4992,1815,3177
4589,1997,6,7436,10575,-3139
4589,1997,7,4977,7015,-2038
4589,1997,8,4982,2515,2467
4589,1997,9,4991,2915,2076
4589,1997,10,5000,3015,1985
4589,1997,11,4994,9495,-4501
4589,1997,12,7437,5855,1582
4589,1998,1,4950,23135,-18185
4589,1998,2,10048,1815,8233
4589,1998,3,4955,2815,2140
4589,1998,4,4957,5875,-918
4589,1998,5,4959,3215,1744
4589,1998,6,7421,17775,-10354
4589,1998,7,5420,4695,725
4589,1998,8,5139,15,5124
4589,1998,9,6063,15,6048
4589,1998,10,4968,6255,-1287
4589,1998,11,4951,7715,-2764
4589,1998,12,7408,4320,3088
4596,1993,3,700,0,700
4596,1993,4,12200,0,12200
4596,1993,5,45386,0,45386
4596,1993,6,83187,43800,39387
4596,1993,7,53708,69515,-15807
4596,1993,8,224,34715,-34491
4596,1993,9,126,29515,-29389
4596,1993,10,32220,33008,-788
4596,1993,11,42146,44921,-2775
4596,1993,12,34254,4515,29739
4596,1994,1,41207,46927,-5720
4596,1994,2,133,10758,-10625
4596,1994,3,115,515,-400
4596,1994,4,95,13889,-13794
4596,1994,5,7853,12615,-4762
4596,1994,6,8734,19233,-10499
4596,1994,7,27222,30,27192
4596,1994,8,29244,38120,-8876
4596,1994,9,47205,19554,27651
4596,1994,10,9075,24944,-15869
4596,1994,11,6217,9915,-3698
4596,1994,12,10980,18049,-7069
4596,1995,1,14918,19523,-4605
4596,1995,2,16755,11715,5040
4596,1995,3,5375,15,5360
4596,1995,4,4798,15,4783
4596,1995,5,30820,30715,105
4596,1995,6,1017,15,1002
4596,1995,7,3122,15,3107
4596,1995,8,11515,28511,-16996
4596,1995,9,8365,15,8350
4596,1995,10,6199,15,6184
4596,1995,11,2324,15,2309
4596,1995,12,8116,11415,-3299
4596,1996,1,31477,37215,-5738
4596,1996,2,30555,10985,19570
4596,1996,3,6735,17065,-10330
4596,1996,4,2534,15,2519
4596,1996,5,36411,715,35696
4596,1996,6,44891,37515,7376
4596,1996,7,49816,25915,23901
4596,1996,8,26726,56515,-29789
4596,1996,9,297,14515,-14218
4596,1996,10,32127,25315,6812
4596,1996,11,27673,10915,16758
4596,1996,12,292,24215,-23923
4596,1997,1,44799,60615,-15816
4596,1997,2,168095,116515,51580
4596,1997,3,65706,94715,-29009
4596,1997,4,265,9415,-9150
4596,1997,5,44739,16615,28124
4596,1997,6,52397,48815,3582
4596,1997,7,43992,72815,-28823
4596,1997,8,33596,36615,-3019
4596,1997,9,226,5415,-5189
4596,1997,10,44214,9915,34299
4596,1997,11,21358,28615,-7257
4596,1997,12,273,17615,-17342
4596,1998,1,23610,58682,-35072
4596,1998,2,12900,20728,-7828
4596,1998,3,47396,15,47381
4596,1998,4,256,18515,-18259
4596,1998,5,287,15,272
4596,1998,6,188,4415,-4227
4596,1998,7,171,215,-44
4596,1998,8,2871,15,2856
4596,1998,9,38484,20915,17569
4596,1998,10,227,15915,-15688
4596,1998,11,182,28280,-28098
4596,1998,12,30246,3000,27246
4616,1997,9,1000,0,1000
4616,1997,10,34916,0,34916
4616,1997,11,22769,10700,12069
4616,1997,12,61910,20315,41595
4616,1998,1,37989,64654,-26665
4616,1998,2,10006,31154,-21148
4616,1998,3,26929,21554,5375
4616,1998,4,55651,15054,40597
4616,1998,5,124550,108754,15796
4616,1998,6,108728,156754,-48026
4616,1998,7,58611,39154,19457
4616,1998,8,58191,34554,23637
4616,1998,9,84674,102654,-17980
4616,1998,10,38557,26754,11803
4616,1998,11,109610,103800,5810
4616,1998,12,67439,102239,-34800
4618,1996,7,1100,0,1100
4618,1996,8,21825,0,21825
4618,1996,9,4096,0,4096
4618,1996,10,47696,24500,23196
4618,1996,11,48172,33400,14772
4618,1996,12,138108,110515,27593
4618,1997,1,4895,75815,-70920
4618,1997,2,10404,16415,-6011
4618,1997,3,52095,14715,37380
4618,1997,4,117,41540,-41423
4618,1997,5,27,13904,-13877
4618,1997,6,9309,2805,6504
4618,1997,7,6,12144,-12138
4618,1997,8,0,15,-15
4618,1997,9,29573,12702,16871
4618,1997,10,37,9415,-9378
4618,1997,11,0,17,-17
4618,1997,12,0,17,-17
4618,1998,1,0,15,-15
4618,1998,2,38052,35998,2054
4618,1998,3,36335,23294,13041
4618,1998,4,29,14694,-14665
4618,1998,5,0,15,-15
4618,1998,6,48870,33294,15576
4618,1998,7,78959,16095,62864
4618,1998,8,39976,54694,-14718
4618,1998,9,42973,47394,-4421
4618,1998,10,7997,49994,-41997
4618,1998,11,34169,15994,18175
4618,1998,12,39,41316,-41277
4626,1996,6,700,0,700
4626,1996,7,26742,0,26742
4626,1996,8,70583,30415,40168
4626,1996,9,182,43318,-43136
4626,1996,10,79425,4315,75110
4626,1996,11,58981,56082,2899
4626,1996,12,50023,82736,-32713
4626,1997,1,175,47915,-47740
4626,1997,2,41154,30615,10539
4626,1997,3,100,13315,-13215
4626,1997,4,63,6715,-6652
4626,1997,5,49581,29515,20066
4626,1997,6,106,15615,-15509
4626,1997,7,48,8894,-8846
4626,1997,8,35,2794,-2759
4626,1997,9,13048,2794,10254
4626,1997,10,9504,9994,-490
4626,1997,11,9643,2794,6849
4626,1997,12,88372,40916,47456
4626,1998,1,47212,36694,10518
4626,1998,2,78809,65594,13215
4626,1998,3,35564,57594,-22030
4626,1998,4,79109,70394,8715
4626,1998,5,196,57094,-56898
4626,1998,6,43811,25594,18217
4626,1998,7,50064,31215,18849
4626,1998,8,49413,41415,7998
4626,1998,9,40197,49115,-8918
4626,1998,10,56325,43915,12410
4626,1998,11,48094,60515,-12421
4626,1998,12,40756,40500,256
4631,1996,12,800,0,800
4631,1997,1,25055,0,25055
4631,1997,2,22021,10900,11121
4631,1997,3,22060,12900,9160
4631,1997,4,22076,21200,876
4631,1997,5,22056,31429,-9373
4631,1997,6,32987,38100,-5113
4631,1997,7,22041,19600,2441
4631,1997,8,22028,33618,-11590
4631,1997,9,22030,6100,15930
4631,1997,10,22067,15500,6567
4631,1997,11,22120,11400,10720
4631,1997,12,33099,37200,-4101
4631,1998,1,22064,43547,-21483
4631,1998,2,26384,3747,22637
4631,1998,3,22151,8447,13704
4631,1998,4,22198,12847,9351
4631,1998,5,22213,18347,3866
4631,1998,6,33149,41047,-7898
4631,1998,7,22230,8747,13483
4631,1998,8,22261,16547,5714
4631,1998,9,22280,17747,4533
4631,1998,10,22300,17647,4653
4631,1998,11,22127,77847,-55720
4631,1998,12,41817,9947,31870
4650,1995,10,200,0,200
4650,1995,11,14608,0,14608
4650,1995,12,7891,0,7891
4650,1996,1,6684,0,6684
4650,1996,2,5195,5100,95
4650,1996,3,6294,9243,-2949
4650,1996,4,8996,10997,-2001
4650,1996,5,9958,17297,-7339
4650,1996,6,9886,11777,-1891
4650,1996,7,10238,15397,-5159
4650,1996,8,10540,3397,7143
4650,1996,9,7442,10817,-3375
4650,1996,10,11843,10097,1746
4650,1996,11,9845,10097,-252
4650,1996,12,12581,14097,-1516
4650,1997,1,8002,19417,-11415
4650,1997,2,15702,10097,5605
4650,1997,3,15030,10097,4933
4650,1997,4,10135,10097,38
4650,1997,5,9634,10097,-463
4650,1997,6,16186,10097,6089
4650,1997,7,7550,10097,-2547
4650,1997,8,12357,10097,2260
4650,1997,9,13469,11297,2172
4650,1997,10,6755,10097,-3342
4650,1997,11,14862,13097,1765
4650,1997,12,15006,13137,1869
4650,1998,1,16572,19817,-3245
4650,1998,2,16379,10097,6282
4650,1998,3,15400,10097,5303
4650,1998,4,11910,10097,1813
4650,1998,5,6192,13337,-7145
4650,1998,6,13430,10097,3333
4650,1998,7,22520,10097,12423
4650,1998,8,7630,10097,-2467
4650,1998,9,14622,10097,4525
4650,1998,10,15642,10097,5545
4650,1998,11,12164,10097,2067
4650,1998,12,7800,15042,-7242
4659,1993,10,900,0,900
4659,1993,11,14100,0,14100
4659,1993,12,49551,0,49551
4659,1994,1,39521,17800,21721
4659,1994,2,358,30600,-30242
4659,1994,3,26315,16900,9415
4659,1994,4,40631,51315,-10684
4659,1994,5,57311,29151,28160
4659,1994,6,58103,64515,-6412
4659,1994,7,296,34629,-34333
4659,1994,8,145,9815,-9670
4659,1994,9,113,8944,-8831
4659,1994,10,31265,29915,1350
4659,1994,11,71277,24595,46682
4659,1994,12,198,37487,-37289
4659,1995,1,19709,40622,-20913
4659,1995,2,39729,15,39714
4659,1995,3,155,21515,-21360
4659,1995,4,38981,18244,20737
4659,1995,5,65810,54115,11695
4659,1995,6,265,22815,-22550
4659,1995,7,12517,32675,-20158
4659,1995,8,35910,16215,19695
4659,1995,9,170,6015,-5845
4659,1995,10,147,2215,-2068
4659,1995,11,47190,34415,12775
4659,1995,12,3661,24069,-20408
4659,1996,1,51150,70835,-19685
4659,1996,2,29502,3515,25987
4659,1996,3,78518,53075,25443
4659,1996,4,231,24415,-24184
4659,1996,5,71697,25515,46182
4659,1996,6,307,40615,-40308
4659,1996,7,26856,53554,-26698
4659,1996,8,38560,21812,16748
4659,1996,9,23413,6915,16498
4659,1996,10,42835,37215,5620
4659,1996,11,17048,32319,-15271
4659,1996,12,68492,37515,30977
4659,1997,1,35616,63315,-27699
4659,1997,2,76360,52715,23645
4659,1997,3,8216,40160,-31944
4659,1997,4,45690,23215,22475
4659,1997,5,218,14715,-14497
4659,1997,6,24089,42451,-18362
4659,1997,7,53184,3615,49569
4659,1997,8,287,20115,-19828
4659,1997,9,43047,35115,7932
4659,1997,10,199,20115,-19916
4659,1997,11,13223,35215,-21992
4659,1997,12,6940,12315,-5375
4659,1998,1,7931,13815,-5884
4659,1998,2,81372,28115,53257
4659,1998,3,40926,58405,-17479
4659,1998,4,23080,28415,-5335
4659,1998,5,38028,28015,10013
4659,1998,6,42332,27142,15190
4659,1998,7,56903,35915,20988
4659,1998,8,39311,64914,-25603
4659,1998,9,39966,15515,24451
4659,1998,10,259,35515,-35256
4659,1998,11,61038,12915,48123
4659,1998,12,50226,50300,-74
4660,1997,1,32376,0,32376
4660,1997,2,31700,1400,30300
4660,1997,3,31773,20500,11273
4660,1997,4,31804,25900,5904
4660,1997,5,31788,65702,-33914
4660,1997,6,47342,72048,-24706
4660,1997,7,32963,29604,3359
4660,1997,8,31637,28404,3233
4660,1997,9,31663,28249,3414
4660,1997,10,31678,23104,8574
4660,1997,11,31691,35172,-3481
4660,1997,12,47461,40204,7257
4660,1998,1,31692,43804,-12112
4660,1998,2,31632,36504,-4872
4660,1998,3,31602,40925,-9323
4660,1998,4,31615,28404,3211
4660,1998,5,31627,27004,4623
4660,1998,6,47422,43604,3818
4660,1998,7,31653,36904,-5251
4660,1998,8,31632,31404,228
4660,1998,9,31601,43104,-11503
4660,1998,10,31582,31004,578
4660,1998,11,31579,37565,-5986
4660,1998,12,47345,19189,28156
4681,1995,8,20594,0,20594
4681,1995,9,22385,0,22385
4681,1995,10,20550,7000,13550
4681,1995,11,20570,18400,2170
4681,1995,12,30763,23731,7032
4681,1996,1,20500,60646,-40146
4681,1996,2,21253,14146,7107
4681,1996,3,23265,22046,1219
4681,1996,4,20485,15246,5239
4681,1996,5,20482,22446,-1964
4681,1996,6,30688,17646,13042
4681,1996,7,20504,29546,-9042
4681,1996,8,20497,19946,551
4681,1996,9,20487,28346,-7859
4681,1996,10,20459,29179,-8720
4681,1996,11,20456,13746,6710
4681,1996,12,30673,28146,2527
4681,1997,1,20462,29446,-8984
4681,1997,2,20449,17246,3203
4681,1997,3,20478,16346,4132
4681,1997,4,20487,21234,-747
4681,1997,5,20470,25425,-4955
4681,1997,6,30656,27834,2822
4681,1997,7,20467,24134,-3667
4681,1997,8,20454,24834,-4380
4681,1997,9,20436,23234,-2798
4681,1997,10,20426,19034,1392
4681,1997,11,20434,16534,3900
4681,1997,12,30640,23334,7306
4681,1998,1,20468,25834,-5366
4681,1998,2,20454,19734,720
4681,1998,3,20462,15034,5428
4681,1998,4,20483,15934,4549
4681,1998,5,20496,20934,-438
4681,1998,6,30666,31289,-623
4681,1998,7,20490,21234,-744
4681,1998,8,20477,23034,-2557
4681,1998,9,20485,13934,6551
4681,1998,10,25384,28762,-3378
4681,1998,11,26384,23270,3114
4681,1998,12,30702,15319,15383
4715,1996,10,400,0,400
4715,1996,11,45879,11000,34879
4715,1996,12,68952,43900,25052
4715,1997,1,46171,52000,-5829
4715,1997,2,46088,41200,4888
4715,1997,3,46144,60164,-14020
4715,1997,4,46064,67323,-21259
4715,1997,5,46031,33788,12243
4715,1997,6,69043,57905,11138
4715,1997,7,46134,41364,4770
4715,1997,8,46137,46997,-860
4715,1997,9,46142,41764,4378
4715,1997,10,46040,73812,-27772
4715,1997,11,46060,25064,20996
4715,1997,12,68991,83364,-14373
4715,1998,1,46046,58064,-12018
4715,1998,2,46036,21164,24872
4715,1998,3,46116,43064,3052
4715,1998,4,46136,35664,10472
4715,1998,5,46065,73264,-27199
4715,1998,6,69002,56464,12538
4715,1998,7,46111,36964,9147
4715,1998,8,46129,45564,565
4715,1998,9,46118,67601,-21483
4715,1998,10,46050,38464,7586
4715,1998,11,46078,37964,8114
4715,1998,12,69002,85749,-16747
4725,1997,4,700,0,700
4725,1997,5,28101,5700,22401
4725,1997,6,42203,26400,15803
4725,1997,7,28215,24700,3515
4725,1997,8,28221,28100,121
4725,1997,9,28206,40677,-12471
4725,1997,10,28167,30677,-2510
4725,1997,11,28151,32151,-4000
4725,1997,12,42172,42651,-479
4725,1998,1,28134,35751,-7617
4725,1998,2,28082,38351,-10269
4725,1998,3,28084,23351,4733
4725,1998,4,28102,23651,4451
4725,1998,5,28117,24751,3366
4725,1998,6,42152,40151,2001
4725,1998,7,28091,40451,-12360
4725,1998,8,28073,30751,-2678
4725,1998,9,28074,28051,23
4725,1998,10,28072,28551,-479
4725,1998,11,28095,18151,9944
4725,1998,12,42191,22936,19255
4727,1995,2,600,0,600
4727,1995,3,35812,5900,29912
4727,1995,4,35906,20100,15806
4727,1995,5,35953,28100,7853
4727,1995,6,53872,64200,-10328
4727,1995,7,35897,50156,-14259
4727,1995,8,35877,34141,1736
4727,1995,9,35885,32141,3744
4727,1995,10,35912,37441,-1529
4727,1995,11,35898,31541,4357
4727,1995,12,53799,51241,2558
4727,1996,1,35903,53341,-17438
4727,1996,2,35874,28141,7733
4727,1996,3,35888,31441,4447
4727,1996,4,35905,32741,3164
4727,1996,5,35917,32841,3076
4727,1996,6,53820,46841,6979
4727,1996,7,35934,42841,-6907
4727,1996,8,35928,43541,-7613
4727,1996,9,35918,29141,6777
4727,1996,10,35936,31841,4095
4727,1996,11,36005,17541,18464
4727,1996,12,53953,43441,10512
4727,1997,1,36037,58641,-22604
4727,1997,2,35911,65183,-29272
4727,1997,3,38245,9941,28304
4727,1997,4,35941,49080,-13139
4727,1997,5,35981,23641,12340
4727,1997,6,53948,21427,32521
4727,1997,7,36101,33541,2560
4727,1997,8,36084,63856,-27772
4727,1997,9,35997,43356,-7359
4727,1997,10,36030,27956,8074
4727,1997,11,36058,31056,5002
4727,1997,12,53887,78506,-24619
4727,1998,1,35943,36756,-813
4727,1998,2,35963,15956,20007
4727,1998,3,43548,62317,-18769
4727,1998,4,35971,15656,20315
4727,1998,5,36059,29356,6703
4727,1998,6,59834,77317,-17483
4727,1998,7,42658,44612,-1954
4727,1998,8,35991,16656,19335
4727,1998,9,45698,54924,-9226
4727,1998,10,45808,45529,279
4727,1998,11,36053,22056,13997
4727,1998,12,53931,50041,3890
4729,1997,5,300,0,300
4729,1997,6,20263,0,20263
4729,1997,7,9246,7200,2046
4729,1997,8,9254,7900,1354
4729,1997,9,9262,6000,3262
4729,1997,10,9273,11755,-2482
4729,1997,11,9263,8215,1048
4729,1997,12,13841,17595,-3754
4729,1998,1,9222,31015,-21793
4729,1998,2,11580,15,11565
4729,1998,3,9210,7415,1795
4729,1998,4,9220,6215,3005
4729,1998,5,9234,10335,-1101
4729,1998,6,13801,15375,-1574
4729,1998,7,9207,17335,-8128
4729,1998,8,9179,16139,-6960
4729,1998,9,9162,7481,1681
4729,1998,10,9166,6515,2651
4729,1998,11,9175,7415,1760
4729,1998,12,13785,5120,8665
4743,1993,5,16166,0,16166
4743,1993,6,54846,6000,48846
4743,1993,7,81511,77415,4096
4743,1993,8,95858,107315,-11457
4743,1993,9,62640,31315,31325
4743,1993,10,66831,58215,8616
4743,1993,11,39022,35015,4007
4743,1993,12,103537,154915,-51378
4743,1994,1,12116,51618,-39502
4743,1994,2,44,3932,-3888
4743,1994,3,27508,19782,7726
4743,1994,4,5261,15,5246
4743,1994,5,5782,15,5767
4743,1994,6,11804,19862,-8058
4743,1994,7,61802,21215,40587
4743,1994,8,35313,46944,-11631
4743,1994,9,187,10757,-10570
4743,1994,10,14137,26714,-12577
4743,1994,11,11498,9476,2022
4743,1994,12,66024,27515,38509
4743,1995,1,19820,58815,-38995
4743,1995,2,9906,4815,5091
4743,1995,3,9428,4215,5213
4743,1995,4,6846,15,6831
4743,1995,5,4272,6015,-1743
4743,1995,6,9583,615,8968
4743,1995,7,9121,3515,5606
4743,1995,8,20376,10615,9761
4743,1995,9,251,13015,-12764
4743,1995,10,82824,25815,57009
4743,1995,11,30702,65615,-34913
4743,1995,12,285,14315,-14030
4743,1996,1,77450,60315,17135
4743,1996,2,69717,45334,24383
4743,1996,3,40500,65118,-24618
4743,1996,4,296,12915,-12619
4743,1996,5,62602,66965,-4363
4743,1996,6,104942,152315,-47373
4743,1996,7,138427,77244,61183
4743,1996,8,74999,67546,7453
4743,1996,9,457,9615,-9158
4743,1996,10,50093,35549,14544
4743,1996,11,294,47182,-46888
4743,1996,12,97434,62282,35152
4743,1997,1,8738,45915,-37177
4743,1997,2,18055,15,18040
4743,1997,3,132262,115115,17147
4743,1997,4,1499,15,1484
4743,1997,5,110775,84215,26560
4743,1997,6,7402,26215,-18813
4743,1997,7,337,1915,-1578
4743,1997,8,3913,10215,-6302
4743,1997,9,1704,2302,-598
4743,1997,10,26826,15315,11511
4743,1997,11,99761,98987,774
4743,1997,12,114873,106115,8758
4743,1998,1,13543,63949,-50406
4743,1998,2,25382,15,25367
4743,1998,3,99467,91015,8452
4743,1998,4,8265,32275,-24010
4743,1998,5,96418,72667,23751
4743,1998,6,46497,56115,-9618
4743,1998,7,12874,28531,-15657
4743,1998,8,62171,21325,40846
4743,1998,9,62051,87919,-25868
4743,1998,10,38719,10215,28504
4743,1998,11,86465,84615,1850
4743,1998,12,101253,107539,-6286
4746,1997,2,200,0,200
4746,1997,3,70485,20900,49585
4746,1997,4,10552,14500,-3948
4746,1997,5,190,8800,-8610
4746,1997,6,190,7500,-7310
4746,1997,7,190,1700,-1510
4746,1997,8,101266,89937,11329
4746,1997,9,198891,133166,65725
4746,1997,10,107332,124828,-17496
4746,1997,11,58224,44828,13396
4746,1997,12,96733,98230,-1497
4746,1998,1,80176,140696,-60520
4746,1998,2,32135,35928,-3793
4746,1998,3,20282,7728,12554
4746,1998,4,160,19328,-19168
4746,1998,5,112806,110137,2669
4746,1998,6,119,6128,-6009
4746,1998,7,50010,36228,13782
4746,1998,8,150771,119028,31743
4746,1998,9,68305,48083,20222
4746,1998,10,287,45428,-45141
4746,1998,11,40689,25810,14879
4746,1998,12,30036,30413,-377
4753,1996,11,1000,0,1000
4753,1996,12,18447,0,18447
4753,1997,1,12377,0,12377
4753,1997,2,10408,4000,6408
4753,1997,3,10394,16200,-5806
4753,1997,4,10409,4515,5894
4753,1997,5,10422,8215,2207
4753,1997,6,15510,43495,-27985
4753,1997,7,11546,15,11531
4753,1997,8,10363,8715,1648
4753,1997,9,10781,5055,5726
4753,1997,10,10398,6815,3583
4753,1997,11,10392,12915,-2523
4753,1997,12,15521,12875,2646
4753,1998,1,10362,31075,-20713
4753,1998,2,10317,15,10302
4753,1998,3,10359,9915,444
4753,1998,4,10361,9915,446
4753,1998,5,10359,20615,-10256
4753,1998,6,15422,31335,-15913
4753,1998,7,10256,6015,4241
4753,1998,8,10272,5415,4857
4753,1998,9,10303,16535,-6232
4753,1998,10,10287,14918,-4631
4753,1998,11,10258,12002,-1744
4753,1998,12,15387,3555,11832
4768,1996,6,42124,0,42124
4768,1996,7,69668,25900,43768
4768,1996,8,94763,96115,-1352
4768,1996,9,107406,155715,-48309
4768,1996,10,50627,7415,43212
4768,1996,11,39967,72715,-32748
4768,1996,12,178,18315,-18137
4768,1997,1,26352,30615,-4263
4768,1997,2,2260,19651,-17391
4768,1997,3,65396,10815,54581
4768,1997,4,27214,53511,-26297
4768,1997,5,183199,156116,27083
4768,1997,6,26946,53387,-26441
4768,1997,7,77180,66015,11165
4768,1997,8,15920,18415,-2495
4768,1997,9,45300,32815,12485
4768,1997,10,57595,37915,19680
4768,1997,11,53449,87120,-33671
4768,1997,12,26130,38482,-12352
4768,1998,1,63532,60815,2717
4768,1998,2,16938,31924,-14986
4768,1998,3,75,5315,-5240
4768,1998,4,2252,14715,-12463
4768,1998,5,42801,43658,-857
4768,1998,6,5301,19,5282
4768,1998,7,58503,15,58488
4768,1998,8,39929,67261,-27332
4768,1998,9,30588,37693,-7105
4768,1998,10,49981,8815,41166
4768,1998,11,288,28015,-27727
4768,1998,12,16332,21100,-4768
4774,1994,1,300,0,300
4774,1994,2,23494,1900,21594
4774,1994,3,23566,9100,14466
4774,1994,4,23610,16400,7210
4774,1994,5,23625,22800,825
4774,1994,6,35694,61795,-26101
4774,1994,7,24364,13515,10849
4774,1994,8,23585,18615,4970
4774,1994,9,23574,35055,-11481
4774,1994,10,23538,29855,-6317
4774,1994,11,23522,21115,2407
4774,1994,12,35261,33555,1706
4774,1995,1,23509,30455,-6946
4774,1995,2,23519,20415,3104
4774,1995,3,23529,28555,-5026
4774,1995,4,23508,21115,2393
4774,1995,5,23528,16915,6613
4774,1995,6,35255,31915,3340
4774,1995,7,23545,24904,-1359
4774,1995,8,23553,23104,449
4774,1995,9,27687,15504,12183
4774,1995,10,23603,20504,3099
4774,1995,11,23639,16604,7035
4774,1995,12,35420,24444,10976
4774,1996,1,23630,52804,-29174
4774,1996,2,23582,16404,7178
4774,1996,3,23610,18504,5106
4774,1996,4,23620,22564,1056
4774,1996,5,23627,26464,-2837
4774,1996,6,35696,23704,11992
4774,1996,7,23663,23004,659
4774,1996,8,23641,33504,-9863
4774,1996,9,23633,22304,1329
4774,1996,10,23635,23604,31
4774,1996,11,23643,22704,939
4774,1996,12,35381,36924,-1543
4774,1997,1,23613,35864,-12251
4774,1997,2,24586,15504,9082
4774,1997,3,23623,20504,3119
4774,1997,4,23643,22104,1539
4774,1997,5,23637,23104,533
4774,1997,6,35385,35884,-499
4774,1997,7,23643,26304,-2661
4774,1997,8,23627,20104,3523
4774,1997,9,23647,21624,2023
4774,1997,10,23651,21304,2347
4774,1997,11,23654,20504,3150
4774,1997,12,35418,35164,254
4774,1998,1,23639,39224,-15585
4774,1998,2,26204,25024,1180
4774,1998,3,23805,22564,1241
4774,1998,4,23620,17504,6116
4774,1998,5,23644,19804,3840
4774,1998,6,44577,53344,-8767
4774,1998,7,25726,19084,6642
4774,1998,8,23651,20604,3047
4774,1998,9,23671,20704,2967
4774,1998,10,23687,18824,4863
4774,1998,11,23696,16504,7192
4774,1998,12,35483,17869,17614
4784,1997,8,29933,0,29933
4784,1997,9,29637,6400,23237
4784,1997,10,29709,15100,14609
4784,1997,11,29754,20100,9654
4784,1997,12,44530,35787,8743
4784,1998,1,29749,40287,-10538
4784,1998,2,29758,35287,-5529
4784,1998,3,29755,25787,3968
4784,1998,4,29702,39333,-9631
4784,1998,5,29683,33585,-3902
4784,1998,6,44479,24387,20092
4784,1998,7,29768,34087,-4319
4784,1998,8,29704,49387,-19683
4784,1998,9,29698,23987,5711
4784,1998,10,29709,28187,1522
4784,1998,11,29726,24487,5239
4784,1998,12,44484,37472,7012
4794,1996,12,1100,0,1100
4794,1997,1,19031,0,19031
4794,1997,2,16592,7100,9492
4794,1997,3,16614,16200,414
4794,1997,4,16621,13200,3421
4794,1997,5,16613,27742,-11129
4794,1997,6,24826,39882,-15056
4794,1997,7,18362,7342,11020
4794,1997,8,19089,18142,947
4794,1997,9,18382,19542,-1160
4794,1997,10,19695,14542,5153
4794,1997,11,16594,18842,-2248
4794,1997,12,24816,30382,-5566
4794,1998,1,18460,20880,-2420
4794,1998,2,16538,24440,-7902
4794,1998,3,16514,19560,-3046
4794,1998,4,16513,17040,-527
4794,1998,5,16507,17040,-533
4794,1998,6,24773,19440,5333
4794,1998,7,16519,20740,-4221
4794,1998,8,16507,20351,-3844
4794,1998,9,16922,7345,9577
4794,1998,10,16530,18340,-1810
4794,1998,11,16516,21240,-4724
4794,1998,12,24770,20025,4745
4803,1996,6,7243,0,7243
4803,1996,7,9674,0,9674
4803,1996,8,9414,0,9414
4803,1996,9,6242,0,6242
4803,1996,10,4546,4915,-369
4803,1996,11,4535,9915,-5380
4803,1996,12,6733,9215,-2482
4803,1997,1,6699,14815,-8116
4803,1997,2,8002,1415,6587
4803,1997,3,4514,2847,1667
4803,1997,4,6633,1247,5386
4803,1997,5,4544,2547,1997
4803,1997,6,6734,20547,-13813
4803,1997,7,6205,1247,4958
4803,1997,8,4517,1247,3270
4803,1997,9,4522,6247,-1725
4803,1997,10,6633,3547,3086
4803,1997,11,4536,5747,-1211
4803,1997,12,6749,5647,1102
4803,1998,1,9775,24047,-14272
4803,1998,2,6875,2647,4228
4803,1998,3,6895,1247,5648
4803,1998,4,7202,8247,-1045
4803,1998,5,7114,1247,5867
4803,1998,6,14717,20747,-6030
4803,1998,7,6914,1247,5667
4803,1998,8,7138,1247,5891
4803,1998,9,4558,4347,211
4803,1998,10,4557,5947,-1390
4803,1998,11,4552,4547,5
4803,1998,12,6766,3332,3434
4825,1994,6,17107,0,17107
4825,1994,7,13316,0,13316
4825,1994,8,10853,2900,7953
4825,1994,9,10873,6500,4373
4825,1994,10,10852,19977,-9125
4825,1994,11,10811,16715,-5904
4825,1994,12,21079,24035,-2956
4825,1995,1,16786,17615,-829
4825,1995,2,10810,2015,8795
4825,1995,3,10866,11015,-149
4825,1995,4,10839,12742,-1903
4825,1995,5,11617,19127,-7510
4825,1995,6,16181,12815,3366
4825,1995,7,10836,7715,3121
4825,1995,8,10817,17690,-6873
4825,1995,9,10816,4498,6318
4825,1995,10,10839,9298,1541
4825,1995,11,10848,7598,3250
4825,1995,12,21561,31110,-9549
4825,1996,1,16207,12898,3309
4825,1996,2,18009,15898,2111
4825,1996,3,10840,5640,5200
4825,1996,4,13897,26753,-12856
4825,1996,5,10812,3898,6914
4825,1996,6,16198,9598,6600
4825,1996,7,10864,7198,3666
4825,1996,8,10818,26198,-15380
4825,1996,9,10829,2515,8314
4825,1996,10,10844,7315,3529
4825,1996,11,12145,20438,-8293
4825,1996,12,16174,17187,-1013
4825,1997,1,10816,16115,-5299
4825,1997,2,10802,8315,2487
4825,1997,3,10808,6715,4093
4825,1997,4,10834,8415,2419
4825,1997,5,10829,12515,-1686
4825,1997,6,16189,10415,5774
4825,1997,7,10841,14015,-3174
4825,1997,8,10837,15515,-4678
4825,1997,9,10812,14915,-4103
4825,1997,10,10794,15415,-4621
4825,1997,11,10774,12215,-1441
4825,1997,12,16116,15215,901
4825,1998,1,10786,4715,6071
4825,1998,2,10778,17815,-7037
4825,1998,3,10791,1315,9476
4825,1998,4,10795,18415,-7620
4825,1998,5,10803,1815,8988
4825,1998,6,16187,23715,-7528
4825,1998,7,10772,12815,-2043
4825,1998,8,10778,1515,9263
4825,1998,9,10780,20915,-10135
4825,1998,10,10792,1115,9677
4825,1998,11,10820,2215,8605
4825,1998,12,16157,29400,-13243
4851,1996,2,200,0,200
4851,1996,3,25728,0,25728
4851,1996,4,108,1800,-1692
4851,1996,5,108,3800,-3692
4851,1996,6,43145,0,43145
4851,1996,7,265,19500,-19235
4851,1996,8,126967,101615,25352
4851,1996,9,63894,83902,-20008
4851,1996,10,3102,30062,-26960
4851,1996,11,11870,10202,1668
4851,1996,12,16023,10202,5821
4851,1997,1,5589,12602,-7013
4851,1997,2,7973,10202,-2229
4851,1997,3,41499,20102,21397
4851,1997,4,45847,46851,-1004
4851,1997,5,2136,18902,-16766
4851,1997,6,16580,12202,4378
4851,1997,7,4896,10202,-5306
4851,1997,8,4074,10202,-6128
4851,1997,9,7151,10202,-3051
4851,1997,10,114379,89902,24477
4851,1997,11,125061,76202,48859
4851,1997,12,25902,53202,-27300
4851,1998,1,64476,100902,-36426
4851,1998,2,51045,33502,17543
4851,1998,3,20250,26502,-6252
4851,1998,4,33705,31002,2703
4851,1998,5,122,18402,-18280
4851,1998,6,66793,53502,13291
4851,1998,7,92651,96506,-3855
4851,1998,8,126097,106702,19395
4851,1998,9,56712,58800,-2088
4851,1998,10,107347,95700,11647
4851,1998,11,70328,51700,18628
4851,1998,12,77597,56285,21312
4852,1995,4,400,0,400
4852,1995,5,16634,0,16634
4852,1995,6,10885,300,10585
4852,1995,7,7326,2000,5326
4852,1995,8,7345,2100,5245
4852,1995,9,7347,14575,-7228
4852,1995,10,8015,10609,-2594
4852,1995,11,13632,9109,4523
4852,1995,12,17530,18489,-959
4852,1996,1,13694,28489,-14795
4852,1996,2,20897,10709,10188
4852,1996,3,15434,10734,4700
4852,1996,4,12042,10734,1308
4852,1996,5,11029,10734,295
4852,1996,6,13528,13374,154
4852,1996,7,7333,11834,-4501
4852,1996,8,7295,11934,-4639
4852,1996,9,7276,11834,-4558
4852,1996,10,10667,12414,-1747
4852,1996,11,7262,12434,-5172
4852,1996,12,16556,10734,5822
4852,1997,1,12172,13974,-1802
4852,1997,2,11276,10734,542
4852,1997,3,10978,10734,244
4852,1997,4,7366,10734,-3368
4852,1997,5,9660,10734,-1074
4852,1997,6,15854,10734,5120
4852,1997,7,14277,10734,3543
4852,1997,8,11773,10734,1039
4852,1997,9,13578,10734,2844
4852,1997,10,12403,10734,1669
4852,1997,11,14994,12654,2340
4852,1997,12,10904,13214,-2310
4852,1998,1,11176,17334,-6158
4852,1998,2,12071,10734,1337
4852,1998,3,10976,10734,242
4852,1998,4,9577,10734,-1157
4852,1998,5,13586,10734,2852
4852,1998,6,15189,10734,4455
4852,1998,7,9096,16494,-7398
4852,1998,8,9271,10734,-1463
4852,1998,9,12078,10734,1344
4852,1998,10,14286,10734,3552
4852,1998,11,7784,10734,-2950
4852,1998,12,12585,12159,426
4858,1997,6,600,0,600
4858,1997,7,42002,8300,33702
4858,1997,8,42239,25300,16939
4858,1997,9,42340,37400,4940
4858,1997,10,42391,34200,8191
4858,1997,11,42421,58149,-15728
4858,1997,12,63374,61015,2359
4858,1998,1,42318,66815,-24497
4858,1998,2,42188,39669,2519
4858,1998,3,42144,50215,-8071
4858,1998,4,42112,37974,4138
4858,1998,5,42104,58013,-15909
4858,1998,6,62974,71857,-8883
4858,1998,7,41965,41142,823
4858,1998,8,41912,49595,-7683
4858,1998,9,41933,29054,12879
4858,1998,10,42023,28098,13925
4858,1998,11,42069,45126,-3057
4858,1998,12,63107,47183,15924
4863,1996,3,300,0,300
4863,1996,4,38131,6500,31631
4863,1996,5,38216,23400,14816
4863,1996,6,57311,38900,18411
4863,1996,7,38265,56100,-17835
4863,1996,8,38217,48651,-10434
4863,1996,9,38229,36224,2005
4863,1996,10,38193,55245,-17052
4863,1996,11,38201,22005,16196
4863,1996,12,57329,25351,31978
4863,1997,1,38241,81328,-43087
4863,1997,2,40537,14551,25986
4863,1997,3,38304,40751,-2447
4863,1997,4,38252,52039,-13787
4863,1997,5,38256,20491,17765
4863,1997,6,57398,24091,33307
4863,1997,7,38389,46091,-7702
4863,1997,8,38364,55966,-17602
4863,1997,9,38325,46427,-8102
4863,1997,10,38255,39191,-936
4863,1997,11,38259,42435,-4176
4863,1997,12,57377,27291,30086
4863,1998,1,38264,82391,-44127
4863,1998,2,38254,15691,22563
4863,1998,3,38325,28691,9634
4863,1998,4,38240,66070,-27830
4863,1998,5,38262,29190,9072
4863,1998,6,57377,42251,15126
4863,1998,7,38336,41503,-3167
4863,1998,8,38367,31751,6616
4863,1998,9,38370,41351,-2981
4863,1998,10,38339,46151,-7812
4863,1998,11,44355,63710,-19355
4863,1998,12,57339,33536,23803
4894,1993,6,800,0,800
4894,1993,7,29300,2100,27200
4894,1993,8,29394,16700,12694
4894,1993,9,29437,22400,7037
4894,1993,10,29463,24000,5463
4894,1993,11,29492,31591,-2099
4894,1993,12,44078,49189,-5111
4894,1994,1,29402,54891,-25489
4894,1994,2,29386,13591,15795
4894,1994,3,29436,24391,5045
4894,1994,4,29449,26791,2658
4894,1994,5,29464,24591,4873
4894,1994,6,44081,69591,-25510
4894,1994,7,29375,22491,6884
4894,1994,8,29416,17791,11625
4894,1994,9,29388,36391,-7003
4894,1994,10,29434,17391,12043
4894,1994,11,29463,24491,4972
4894,1994,12,44103,44291,-188
4894,1995,1,29412,55091,-25679
4894,1995,2,31330,4891,26439
4894,1995,3,29495,32291,-2796
4894,1995,4,33327,51391,-18064
4894,1995,5,34349,15040,19309
4894,1995,6,44129,27891,16238
4894,1995,7,29542,26491,3051
4894,1995,8,29571,25091,4480
4894,1995,9,29575,25691,3884
4894,1995,10,29570,28891,679
4894,1995,11,29596,25515,4081
4894,1995,12,44182,63302,-19120
4894,1996,1,29503,49015,-19512
4894,1996,2,29463,22115,7348
4894,1996,3,29500,27780,1720
4894,1996,4,29462,29815,-353
4894,1996,5,29493,34015,-4522
4894,1996,6,44151,23115,21036
4894,1996,7,29531,24515,5016
4894,1996,8,29517,54061,-24544
4894,1996,9,29513,11115,18398
4894,1996,10,29572,18115,11457
4894,1996,11,29565,34404,-4839
4894,1996,12,44225,54415,-10190
4894,1997,1,29467,57116,-27649
4894,1997,2,29448,32789,-3341
4894,1997,3,35877,16315,19562
4894,1997,4,29538,18115,11423
4894,1997,5,29525,33921,-4396
4894,1997,6,44198,25815,18383
4894,1997,7,29639,24515,5124
4894,1997,8,29617,40836,-11219
4894,1997,9,29604,22848,6756
4894,1997,10,29613,33467,-3854
4894,1997,11,29593,25015,4578
4894,1997,12,44390,60715,-16325
4894,1998,1,42064,51515,-9451
4894,1998,2,29535,7715,21820
4894,1998,3,29622,17815,11807
4894,1998,4,29642,28515,1127
4894,1998,5,29668,23615,6053
4894,1998,6,64236,93915,-29679
4894,1998,7,29576,9315,20261
4894,1998,8,29645,21715,7930
4894,1998,9,29655,35715,-6060
4894,1998,10,29627,35615,-5988
4894,1998,11,29608,19915,9693
4894,1998,12,44338,54500,-10162
4907,1994,2,16059,0,16059
4907,1994,3,18034,0,18034
4907,1994,4,15691,4100,11591
4907,1994,5,15729,8400,7329
4907,1994,6,23526,15440,8086
4907,1994,7,15741,22231,-6490
4907,1994,8,15736,19131,-3395
4907,1994,9,15706,21851,-6145
4907,1994,10,15687,18331,-2644
4907,1994,11,15680,17031,-1351
4907,1994,12,23448,23411,37
4907,1995,1,15603,40991,-25388
4907,1995,2,19418,7331,12087
4907,1995,3,15633,13131,2502
4907,1995,4,15650,13131,2519
4907,1995,5,15657,13231,2426
4907,1995,6,23393,40271,-16878
4907,1995,7,19010,14291,4719
4907,1995,8,15640,13531,2109
4907,1995,9,15643,13231,2412
4907,1995,10,15647,16631,-984
4907,1995,11,15649,15631,18
4907,1995,12,23422,22911,511
4907,1996,1,15610,25050,-9440
4907,1996,2,15609,14590,1019
4907,1996,3,15614,12690,2924
4907,1996,4,15622,18890,-3268
4907,1996,5,15606,20190,-4584
4907,1996,6,23365,22690,675
4907,1996,7,15600,7590,8010
4907,1996,8,15616,23390,-7774
4907,1996,9,15599,10110,5489
4907,1996,10,15605,23290,-7685
4907,1996,11,15580,13470,2110
4907,1996,12,23381,9030,14351
4907,1997,1,15598,28550,-12952
4907,1997,2,15605,7590,8015
4907,1997,3,15627,17190,-1563
4907,1997,4,15633,7590,8043
4907,1997,5,15630,31590,-15960
4907,1997,6,23380,7590,15790
4907,1997,7,15665,7590,8075
4907,1997,8,15642,40090,-24448
4907,1997,9,15597,7590,8007
4907,1997,10,15630,7590,8040
4907,1997,11,15663,7590,8073
4907,1997,12,23467,46470,-23003
4907,1998,1,15598,10470,5128
4907,1998,2,15621,7590,8031
4907,1998,3,15656,7590,8066
4907,1998,4,15689,7590,8099
4907,1998,5,15723,7590,8133
4907,1998,6,23411,60230,-36819
4907,1998,7,15603,7590,8013
4907,1998,8,15636,7590,8046
4907,1998,9,15662,9750,5912
4907,1998,10,15695,7590,8105
4907,1998,11,15728,7590,8138
4907,1998,12,23542,8695,14847
4937,1993,2,45162,0,45162
4937,1993,3,67155,16400,50755
4937,1993,4,38930,95502,-56572
4937,1993,5,2912,22499,-19587
4937,1993,6,22286,11702,10584
4937,1993,7,57221,18202,39019
4937,1993,8,13849,46302,-32453
4937,1993,9,103252,43402,59850
4937,1993,10,14428,60602,-46174
4937,1993,11,69312,58230,11082
4937,1993,12,207,26002,-25795
4937,1994,1,44538,17877,26661
4937,1994,2,2072,36660,-34588
4937,1994,3,55734,26402,29332
4937,1994,4,26193,39336,-13143
4937,1994,5,58164,22055,36109
4937,1994,6,36754,38497,-1743
4937,1994,7,20979,40184,-19205
4937,1994,8,82385,33198,49187
4937,1994,9,421,42098,-41677
4937,1994,10,77811,43851,33960
4937,1994,11,39777,40798,-1021
4937,1994,12,21305,66208,-44903
4937,1995,1,40008,62225,-22217
4937,1995,2,46871,26399,20472
4937,1995,3,45428,20798,24630
4937,1995,4,17675,30698,-13023
4937,1995,5,28870,22598,6272
4937,1995,6,108989,72636,36353
4937,1995,7,27723,43898,-16175
4937,1995,8,236,59436,-59200
4937,1995,9,100,10998,-10898
4937,1995,10,4470,9498,-5028
4937,1995,11,23208,14198,9010
4937,1995,12,28584,20098,8486
4937,1996,1,51586,10998,40588
4937,1996,2,114903,94598,20305
4937,1996,3,61317,38398,22919
4937,1996,4,352,49798,-49446
4937,1996,5,12416,27298,-14882
4937,1996,6,92022,31698,60324
4937,1996,7,55795,75706,-19911
4937,1996,8,74983,95802,-20819
4937,1996,9,107988,87902,20086
4937,1996,10,55491,62922,-7431
4937,1996,11,128796,154902,-26106
4937,1996,12,178,24602,-24424
4937,1997,1,42648,36102,6546
4937,1997,2,144,11402,-11258
4937,1997,3,31063,22502,8561
4937,1997,4,19197,15302,3895
4937,1997,5,20265,21302,-1037
4937,1997,6,139,9002,-8863
4937,1997,7,109,8802,-8693
4937,1997,8,79,3502,-3423
4937,1997,9,50075,20015,30060
4937,1997,10,183,14902,-14719
4937,1997,11,113,10502,-10389
4937,1997,12,84,3502,-3418
4937,1998,1,69,3502,-3433
4937,1998,2,67041,28502,38539
4937,1998,3,42395,38402,3993
4937,1998,4,208,18402,-18194
4937,1998,5,145,10002,-9857
4937,1998,6,4507,9702,-5195
4937,1998,7,91178,63217,27961
4937,1998,8,7075,21802,-14727
4937,1998,9,40360,11202,29158
4937,1998,10,200,41175,-40975
4937,1998,11,70111,52328,17783
4937,1998,12,106594,87055,19539
4948,1995,7,900,0,900
4948,1995,8,13900,0,13900
4948,1995,9,4000,0,4000
4948,1995,10,900,0,900
4948,1995,11,2900,0,2900
4948,1995,12,300,0,300
4948,1996,1,800,0,800
4948,1996,2,0,3700,-3700
4948,1996,3,5027,1700,3327
4948,1996,4,31809,16300,15509
4948,1996,5,161,6400,-6239
4948,1996,6,161,6300,-6139
4948,1996,7,64318,315,64003
4948,1996,8,37526,101623,-64097
4948,1996,9,1970,20625,-18655
4948,1996,10,16214,4725,11489
4948,1996,11,33218,21325,11893
4948,1996,12,80498,60621,19877
4948,1997,1,65513,77621,-12108
4948,1997,2,7206,24521,-17315
4948,1997,3,61179,14621,46558
4948,1997,4,34573,51421,-16848
4948,1997,5,148,27007,-26859
4948,1997,6,62649,43821,18828
4948,1997,7,38042,37321,721
4948,1997,8,35996,35421,575
4948,1997,9,48861,22121,26740
4948,1997,10,233,26921,-26688
4948,1997,11,42660,20721,21939
4948,1997,12,161,38821,-38660
4948,1998,1,24374,19121,5253
4948,1998,2,13657,10721,2936
4948,1998,3,38811,13321,25490
4948,1998,4,20593,26721,-6128
4948,1998,5,33063,44121,-11058
4948,1998,6,88153,96960,-8807
4948,1998,7,1823,10721,-8898
4948,1998,8,51548,32235,19313
4948,1998,9,36865,21699,15166
4948,1998,10,158,33521,-33363
4948,1998,11,33341,19821,13520
4948,1998,12,47735,26706,21029
4949,1996,10,400,0,400
4949,1996,11,36316,5700,30616
4949,1996,12,54559,26100,28459
4949,1997,1,36501,30800,5701
4949,1997,2,36463,54600,-18137
4949,1997,3,36474,33515,2959
4949,1997,4,36465,29715,6750
4949,1997,5,36498,28815,7683
4949,1997,6,54600,85215,-30615
4949,1997,7,36419,28215,8204
4949,1997,8,36461,23715,12746
4949,1997,9,36476,34155,2321
4949,1997,10,36478,37555,-1077
4949,1997,11,36476,47955,-11479
4949,1997,12,54586,59455,-4869
4949,1998,1,46228,72355,-26127
4949,1998,2,53931,12655,41276
4949,1998,3,36499,27055,9444
4949,1998,4,36567,19725,16842
4949,1998,5,36571,50184,-13613
4949,1998,6,54669,73499,-18830
4949,1998,7,36526,13999,22527
4949,1998,8,36562,44321,-7759
4949,1998,9,36566,16855,19711
4949,1998,10,36631,22355,14276
4949,1998,11,36655,33355,3300
4949,1998,12,54678,90840,-36162
4969,1996,8,200,0,200
4969,1996,9,12200,0,12200
4969,1996,10,8700,0,8700
4969,1996,11,1600,0,1600
4969,1996,12,23569,10000,13569
4969,1997,1,65142,22200,42942
4969,1997,2,13538,35000,-21462
4969,1997,3,70927,42152,28775
4969,1997,4,29611,56652,-27041
4969,1997,5,120831,84252,36579
4969,1997,6,48368,128552,-80184
4969,1997,7,98285,57852,40433
4969,1997,8,42289,40652,1637
4969,1997,9,36191,22752,13439
4969,1997,10,65379,53052,12327
4969,1997,11,250,37652,-37402
4969,1997,12,75186,92352,-17166
4969,1998,1,74,16852,-16778
4969,1998,2,27953,8949,19004
4969,1998,3,81749,92100,-10351
4969,1998,4,13883,11452,2431
4969,1998,5,106771,23552,83219
4969,1998,6,47289,76419,-29130
4969,1998,7,116157,95052,21105
4969,1998,8,192,64964,-64772
4969,1998,9,131205,84452,46753
4969,1998,10,7313,37452,-30139
4969,1998,11,68532,49352,19180
4969,1998,12,136302,104451,31851
4981,1996,1,200,0,200
4981,1996,2,27343,0,27343
4981,1996,3,23438,11500,11938
4981,1996,4,23479,18000,5479
4981,1996,5,23496,21800,1696
4981,1996,6,35186,52185,-16999
4981,1996,7,23479,16445,7034
4981,1996,8,23478,25705,-2227
4981,1996,9,23479,20545,2934
4981,1996,10,23485,22685,800
4981,1996,11,23485,25445,-1960
4981,1996,12,35153,30961,4192
4981,1997,1,23482,36601,-13119
4981,1997,2,23450,20681,2769
4981,1997,3,23464,18481,4983
4981,1997,4,23476,24081,-605
4981,1997,5,23478,21481,1997
4981,1997,6,35128,51801,-16673
4981,1997,7,23422,20301,3121
4981,1997,8,23437,16981,6456
4981,1997,9,23444,24781,-1337
4981,1997,10,23442,21781,1661
4981,1997,11,23440,24681,-1241
4981,1997,12,35105,35841,-736
4981,1998,1,23410,34921,-11511
4981,1998,2,23394,19681,3713
4981,1998,3,23407,23581,-174
4981,1998,4,23388,28141,-4753
4981,1998,5,23382,22281,1101
4981,1998,6,35053,30681,4372
4981,1998,7,23398,24081,-683
4981,1998,8,23401,21581,1820
4981,1998,9,23387,27781,-4394
4981,1998,10,23384,24381,-997
4981,1998,11,23366,26581,-3215
4981,1998,12,35026,32246,2780
4994,1996,1,600,0,600
4994,1996,2,12600,0,12600
4994,1996,3,48590,0,48590
4994,1996,4,257,14600,-14343
4994,1996,5,257,11200,-10943
4994,1996,6,16759,5200,11559
4994,1996,7,17329,11500,5829
4994,1996,8,31036,9030,22006
4994,1996,9,235,41109,-40874
4994,1996,10,3724,11709,-7985
4994,1996,11,52081,7209,44872
4994,1996,12,221,30509,-30288
4994,1997,1,57919,37768,20151
4994,1997,2,50990,42409,8581
4994,1997,3,189,31335,-31146
4994,1997,4,18165,14909,3256
4994,1997,5,38495,17592,20903
4994,1997,6,61792,86352,-24560
4994,1997,7,60381,26128,34253
4994,1997,8,67202,70009,-2807
4994,1997,9,60413,60787,-374
4994,1997,10,68419,36365,32054
4994,1997,11,31139,49015,-17876
4994,1997,12,138907,156812,-17905
4994,1998,1,19246,43852,-24606
4994,1998,2,171,7209,-7038
4994,1998,3,30046,22203,7843
4994,1998,4,18140,7209,10931
4994,1998,5,48984,21409,27575
4994,1998,6,6802,20995,-14193
4994,1998,7,10347,18164,-7817
4994,1998,8,38369,20009,18360
4994,1998,9,13067,29535,-16468
4994,1998,10,23574,32109,-8535
4994,1998,11,19891,14612,5279
4994,1998,12,194,24950,-24756
4995,1994,8,11002,0,11002
4995,1994,9,8646,0,8646
4995,1994,10,21148,10200,10948
4995,1994,11,127,2500,-2373
4995,1994,12,30426,13500,16926
4995,1995,1,188,6400,-6212
4995,1995,2,188,5600,-5412
4995,1995,3,31789,16400,15389
4995,1995,4,5591,20230,-14639
4995,1995,5,20420,25030,-4610
4995,1995,6,36990,29730,7260
4995,1995,7,33623,23130,10493
4995,1995,8,13387,7230,6157
4995,1995,9,203,18114,-17911
4995,1995,10,42805,26030,16775
4995,1995,11,17095,49675,-32580
4995,1995,12,30888,11830,19058
4995,1996,1,10395,39630,-29235
4995,1996,2,12536,17113,-4577
4995,1996,3,117764,31613,86151
4995,1996,4,94820,123713,-28893
4995,1996,5,137440,129087,8353
4995,1996,6,47851,76654,-28803
4995,1996,7,81728,43618,38110
4995,1996,8,44737,83908,-39171
4995,1996,9,12990,20362,-7372
4995,1996,10,93819,57807,36012
4995,1996,11,3213,32528,-29315
4995,1996,12,33604,45787,-12183
4995,1997,1,19057,44400,-25343
4995,1997,2,17811,30,17781
4995,1997,3,13802,3613,10189
4995,1997,4,39068,15813,23255
4995,1997,5,30520,34452,-3932
4995,1997,6,15937,42913,-26976
4995,1997,7,37161,13413,23748
4995,1997,8,23913,7613,16300
4995,1997,9,220,16513,-16293
4995,1997,10,177,5813,-5636
4995,1997,11,8162,9613,-1451
4995,1997,12,6153,10813,-4660
4995,1998,1,12360,41110,-28750
4995,1998,2,39457,13983,25474
4995,1998,3,8822,10213,-1391
4995,1998,4,6137,3613,2524
4995,1998,5,77345,19213,58132
4995,1998,6,49919,117805,-67886
4995,1998,7,96009,33813,62196
4995,1998,8,5919,29713,-23794
4995,1998,9,194,21513,-21319
4995,1998,10,141,7813,-7672
4995,1998,11,43835,45942,-2107
4995,1998,12,21996,9983,12013
4999,1996,2,300,0,300
4999,1996,3,27599,1400,26199
4999,1996,4,27672,15900,11772
4999,1996,5,27710,20200,7510
4999,1996,6,41525,27600,13925
4999,1996,7,27759,42270,-14511
4999,1996,8,27679,54252,-26573
4999,1996,9,27637,25570,2067
4999,1996,10,27646,20570,7076
4999,1996,11,27657,28670,-1013
4999,1996,12,41432,37888,3544
4999,1997,1,27596,50286,-22690
4999,1997,2,27599,19770,7829
4999,1997,3,27643,18170,9473
4999,1997,4,27644,32470,-4826
4999,1997,5,27642,21970,5672
4999,1997,6,41444,33359,8085
4999,1997,7,27658,41959,-14301
4999,1997,8,34683,17959,16724
4999,1997,9,27728,18059,9669
4999,1997,10,34581,50020,-15439
4999,1997,11,35632,17959,17673
4999,1997,12,41556,27459,14097
4999,1998,1,27657,71068,-43411
4999,1998,2,40169,35959,4210
4999,1998,3,38303,36341,1962
4999,1998,4,42533,17959,24574
4999,1998,5,33704,17959,15745
4999,1998,6,41621,66959,-25338
4999,1998,7,44655,28759,15896
4999,1998,8,29403,17959,11444
4999,1998,9,37485,49641,-12156
4999,1998,10,34602,17959,16643
4999,1998,11,29069,17959,11110
4999,1998,12,41632,51944,-10312
5001,1995,12,700,0,700
5001,1996,1,47065,0,47065
5001,1996,2,34238,24700,9538
5001,1996,3,238,13700,-13462
5001,1996,4,44306,7915,36391
5001,1996,5,38068,35007,3061
5001,1996,6,75867,126010,-50143
5001,1996,7,230132,161864,68268
5001,1996,8,72545,74607,-2062
5001,1996,9,72716,95687,-22971
5001,1996,10,110752,84907,25845
5001,1996,11,89746,124396,-34650
5001,1996,12,49896,28096,21800
5001,1997,1,165,71169,-71004
5001,1997,2,11172,13896,-2724
5001,1997,3,16474,13896,2578
5001,1997,4,53888,27548,26340
5001,1997,5,1649,17691,-16042
5001,1997,6,5599,13896,-8297
5001,1997,7,60790,22896,37894
5001,1997,8,62812,37228,25584
5001,1997,9,38473,38296,177
5001,1997,10,79293,110996,-31703
5001,1997,11,165,20196,-20031
5001,1997,12,182422,148413,34009
5001,1998,1,127,44696,-44569
5001,1998,2,6071,13896,-7825
5001,1998,3,9045,13896,-4851
5001,1998,4,13336,13896,-560
5001,1998,5,37379,13896,23483
5001,1998,6,38796,47096,-8300
5001,1998,7,2467,13896,-11429
5001,1998,8,27152,13896,13256
5001,1998,9,16372,13896,2476
5001,1998,10,12383,13896,-1513
5001,1998,11,15780,13207,2573
5001,1998,12,86,12992,-12906
5011,1993,8,1100,0,1100
5011,1993,9,42987,9700,33287
5011,1993,10,68378,38500,29878
5011,1993,11,70637,55716,14921
5011,1993,12,248,38488,-38240
5011,1994,1,38095,55615,-17520
5011,1994,2,17407,18115,-708
5011,1994,3,4884,13415,-8531
5011,1994,4,43821,26515,17306
5011,1994,5,4314,16715,-12401
5011,1994,6,69805,30415,39390
5011,1994,7,128,39373,-39245
5011,1994,8,8164,18415,-10251
5011,1994,9,63406,13515,49891
5011,1994,10,45929,68664,-22735
5011,1994,11,28898,39910,-11012
5011,1994,12,8807,16215,-7408
5011,1995,1,5824,20622,-14798
5011,1995,2,13,14619,-14606
5011,1995,3,50345,30737,19608
5011,1995,4,43277,26615,16662
5011,1995,5,1273,16315,-15042
5011,1995,6,8431,13215,-4784
5011,1995,7,21542,14115,7427
5011,1995,8,35481,29857,5624
5011,1995,9,17914,18415,-501
5011,1995,10,7952,17215,-9263
5011,1995,11,44806,24715,20091
5011,1995,12,3593,19015,-15422
5011,1996,1,111553,36218,75335
5011,1996,2,37777,91115,-53338
5011,1996,3,135764,93935,41829
5011,1996,4,61102,77415,-16313
5011,1996,5,116282,143615,-27333
5011,1996,6,25409,26815,-1406
5011,1996,7,31,30136,-30105
5011,1996,8,89173,46314,42859
5011,1996,9,100937,66550,34387
5011,1996,10,71659,109015,-37356
5011,1996,11,87,32115,-32028
5011,1996,12,79540,18420,61120
5011,1997,1,43766,63315,-19549
5011,1997,2,79,52216,-52137
5011,1997,3,46469,17175,29294
5011,1997,4,92076,64315,27761
5011,1997,5,14878,39115,-24237
5011,1997,6,64887,26415,38472
5011,1997,7,5174,48515,-43341
5011,1997,8,37,24715,-24678
5011,1997,9,16996,23440,-6444
5011,1997,10,69493,16234,53259
5011,1997,11,117052,74815,42237
5011,1997,12,88844,127515,-38671
5011,1998,1,35099,66215,-31116
5011,1998,2,10601,11315,-714
5011,1998,3,40618,15315,25303
5011,1998,4,112,34107,-33995
5011,1998,5,17711,17015,696
5011,1998,6,55811,37215,18596
5011,1998,7,27520,39909,-12389
5011,1998,8,50076,34840,15236
5011,1998,9,3643,17015,-13372
5011,1998,10,33145,24802,8343
5011,1998,11,12510,22850,-10340
5011,1998,12,58,18625,-18567
5024,1995,8,1000,0,1000
5024,1995,9,14223,0,14223
5024,1995,10,8772,2600,6172
5024,1995,11,8794,5000,3794
5024,1995,12,13160,8800,4360
5024,1996,1,8821,13335,-4514
5024,1996,2,8805,9115,-310
5024,1996,3,8812,3415,5397
5024,1996,4,8817,12855,-4038
5024,1996,5,8810,7415,1395
5024,1996,6,13170,9315,3855
5024,1996,7,8821,11915,-3094
5024,1996,8,8833,7115,1718
5024,1996,9,8836,3455,5381
5024,1996,10,8845,8715,130
5024,1996,11,8849,7515,1334
5024,1996,12,13192,14855,-1663
5024,1997,1,8821,18575,-9754
5024,1997,2,9124,15,9109
5024,1997,3,8843,8015,828
5024,1997,4,8845,8615,230
5024,1997,5,8832,15235,-6403
5024,1997,6,13191,3215,9976
5024,1997,7,8843,13135,-4292
5024,1997,8,8836,11415,-2579
5024,1997,9,8825,11515,-2690
5024,1997,10,8815,8455,360
5024,1997,11,8825,7715,1110
5024,1997,12,13175,13935,-760
5024,1998,1,8788,22235,-13447
5024,1998,2,8786,515,8271
5024,1998,3,8780,12875,-4095
5024,1998,4,8784,8915,-131
5024,1998,5,8773,13215,-4442
5024,1998,6,13129,6815,6314
5024,1998,7,8770,17515,-8745
5024,1998,8,8741,14715,-5974
5024,1998,9,8731,8215,516
5024,1998,10,8735,7615,1120
5024,1998,11,8734,9915,-1181
5024,1998,12,13076,15100,-2024
5033,1995,8,7480,0,7480
5033,1995,9,14032,0,14032
5033,1995,10,9576,0,9576
5033,1995,11,7292,5000,2292
5033,1995,12,10879,16331,-5452
5033,1996,1,7279,10785,-3506
5033,1996,2,7767,7685,82
5033,1996,3,7268,7985,-717
5033,1996,4,9865,5585,4280
5033,1996,5,7280,8585,-1305
5033,1996,6,11753,10185,1568
5033,1996,7,7277,10185,-2908
5033,1996,8,7268,8535,-1267
5033,1996,9,7264,6235,1029
5033,1996,10,7259,17735,-10476
5033,1996,11,7228,5835,1393
5033,1996,12,10817,9435,1382
5033,1997,1,7234,8135,-901
5033,1997,2,7230,8735,-1505
5033,1997,3,7226,6535,691
5033,1997,4,10832,6835,3997
5033,1997,5,7234,9135,-1901
5033,1997,6,11128,5735,5393
5033,1997,7,9660,7635,2025
5033,1997,8,7268,7285,-17
5033,1997,9,7252,13985,-6733
5033,1997,10,7239,6485,754
5033,1997,11,7644,6585,1059
5033,1997,12,10837,6785,4052
5033,1998,1,7264,5785,1479
5033,1998,2,7471,6185,1286
5033,1998,3,7379,4785,2594
5033,1998,4,9490,6285,3205
5033,1998,5,11109,5485,5624
5033,1998,6,10905,10085,820
5033,1998,7,7326,6985,341
5033,1998,8,8031,5485,2546
5033,1998,9,7336,7385,-49
5033,1998,10,7338,8185,-847
5033,1998,11,7326,8785,-1459
5033,1998,12,10913,9770,1143
5063,1995,10,55384,0,55384
5063,1995,11,64098,52915,11183
5063,1995,12,23636,26515,-2879
5063,1996,1,130,60915,-60785
5063,1996,2,53775,8615,45160
5063,1996,3,176,14015,-13839
5063,1996,4,142,2815,-2673
5063,1996,5,131,5415,-5284
5063,1996,6,9158,24615,-15457
5063,1996,7,5942,8115,-2173
5063,1996,8,10535,11025,-490
5063,1996,9,9535,15,9520
5063,1996,10,33247,15,33232
5063,1996,11,35389,28429,6960
5063,1996,12,25336,29515,-4179
5063,1997,1,47,54720,-54673
5063,1997,2,16509,11720,4789
5063,1997,3,16517,11715,4802
5063,1997,4,12835,12915,-80
5063,1997,5,16337,15,16322
5063,1997,6,5281,32209,-26928
5063,1997,7,18802,37,18765
5063,1997,8,13171,15,13156
5063,1997,9,2024,15,2009
5063,1997,10,5633,15,5618
5063,1997,11,153,8244,-8091
5063,1997,12,4612,14115,-9503
5063,1998,1,14877,26877,-12000
5063,1998,2,7933,15,7918
5063,1998,3,565,15,550
5063,1998,4,2467,15,2452
5063,1998,5,2672,11951,-9279
5063,1998,6,10541,6586,3955
5063,1998,7,55,1415,-1360
5063,1998,8,3750,15,3735
5063,1998,9,3265,15,3250
5063,1998,10,9466,25926,-16460
5063,1998,11,8717,1515,7202
5063,1998,12,24,5100,-5076
5065,1993,1,300,0,300
5065,1993,2,33071,4000,29071
5065,1993,3,122,5000,-4878
5065,1993,4,1822,0,1822
5065,1993,5,422,0,422
5065,1993,6,104558,60350,44208
5065,1993,7,48117,75115,-26998
5065,1993,8,158,18315,-18157
5065,1993,9,507,15,492
5065,1993,10,44389,2115,42274
5065,1993,11,53636,26115,27521
5065,1993,12,64083,93965,-29882
5065,1994,1,39195,67015,-27820
5065,1994,2,158,7215,-7057
5065,1994,3,38551,13715,24836
5065,1994,4,79428,59615,19813
5065,1994,5,87660,101215,-13555
5065,1994,6,57219,88573,-31354
5065,1994,7,47169,21215,25954
5065,1994,8,49983,39215,10768
5065,1994,9,96493,106438,-9945
5065,1994,10,16835,23815,-6980
5065,1994,11,11564,30084,-18520
5065,1994,12,113144,55200,57944
5065,1995,1,210,69300,-69090
5065,1995,2,3188,15,3173
5065,1995,3,11849,36191,-24342
5065,1995,4,13602,17,13585
5065,1995,5,5737,15004,-9267
5065,1995,6,14435,6015,8420
5065,1995,7,12252,17271,-5019
5065,1995,8,11032,15,11017
5065,1995,9,15669,18234,-2565
5065,1995,10,8541,21577,-13036
5065,1995,11,11713,15,11698
5065,1995,12,13058,12575,483
5065,1996,1,10439,22515,-12076
5065,1996,2,10513,15,10498
5065,1996,3,5656,15,5641
5065,1996,4,879,15,864
5065,1996,5,20777,5715,15062
5065,1996,6,139,21215,-21076
5065,1996,7,5658,15,5643
5065,1996,8,80,4815,-4735
5065,1996,9,4343,12015,-7672
5065,1996,10,8729,15,8714
5065,1996,11,565,15,550
5065,1996,12,4036,20115,-16079
5065,1997,1,11410,11415,-5
5065,1997,2,12302,16,12286
5065,1997,3,78971,30039,48932
5065,1997,4,207,25915,-25708
5065,1997,5,83168,32415,50753
5065,1997,6,17908,89555,-71647
5065,1997,7,28404,15,28389
5065,1997,8,32908,43513,-10605
5065,1997,9,26586,25915,671
5065,1997,10,24045,20415,3630
5065,1997,11,19174,18415,759
5065,1997,12,48613,38915,9698
5065,1998,1,42391,36715,5676
5065,1998,2,46833,55739,-8906
5065,1998,3,151374,138095,13279
5065,1998,4,27786,39115,-11329
5065,1998,5,21125,39952,-18827
5065,1998,6,7256,23534,-16278
5065,1998,7,39354,24015,15339
5065,1998,8,88,21915,-21827
5065,1998,9,27801,17215,10586
5065,1998,10,10323,15615,-5292
5065,1998,11,18539,19515,-976
5065,1998,12,20508,21100,-592
5066,1995,8,400,0,400
5066,1995,9,10700,0,10700
5066,1995,10,6900,0,6900
5066,1995,11,47374,21000,26374
5066,1995,12,45081,31400,13681
5066,1996,1,241,13800,-13559
5066,1996,2,37052,24600,12452
5066,1996,3,236,10500,-10264
5066,1996,4,71760,50014,21746
5066,1996,5,245,21438,-21193
5066,1996,6,169,11338,-11169
5066,1996,7,53696,18538,35158
5066,1996,8,223,30874,-30651
5066,1996,9,1840,16138,-14298
5066,1996,10,19563,9238,10325
5066,1996,11,1029,9238,-8209
5066,1996,12,29464,29138,326
5066,1997,1,76141,37638,38503
5066,1997,2,59297,73238,-13941
5066,1997,3,88821,65138,23683
5066,1997,4,252,33238,-32986
5066,1997,5,46090,27784,18306
5066,1997,6,19749,57038,-37289
5066,1997,7,62604,32838,29766
5066,1997,8,20177,34138,-13961
5066,1997,9,6901,22338,-15437
5066,1997,10,49300,32938,16362
5066,1997,11,59302,29738,29564
5066,1997,12,27370,49254,-21884
5066,1998,1,21850,24838,-2988
5066,1998,2,94,32969,-32875
5066,1998,3,47262,40997,6265
5066,1998,4,157590,152469,5121
5066,1998,5,30670,9869,20801
5066,1998,6,20277,32452,-12175
5066,1998,7,24384,20269,4115
5066,1998,8,95,20869,-20774
5066,1998,9,41,9369,-9328
5066,1998,10,12,6669,-6657
5066,1998,11,1,3088,-3087
5066,1998,12,79488,17643,61845
5072,1996,4,25118,0,25118
5072,1996,5,24063,0,24063
5072,1996,6,36163,9000,27163
5072,1996,7,24283,21500,2783
5072,1996,8,24297,26084,-1787
5072,1996,9,24249,35317,-11068
5072,1996,10,24210,30717,-6507
5072,1996,11,24188,28217,-4029
5072,1996,12,36190,27617,8573
5072,1997,1,24190,43357,-19167
5072,1997,2,24147,20309,3838
5072,1997,3,24168,23209,959
5072,1997,4,24159,26749,-2590
5072,1997,5,24165,21869,2296
5072,1997,6,36074,68909,-32835
5072,1997,7,31886,14909,16977
5072,1997,8,24102,19749,4353
5072,1997,9,24128,17209,6919
5072,1997,10,24160,20709,3451
5072,1997,11,24138,27209,-3071
5072,1997,12,36139,25509,10630
5072,1998,1,24122,41549,-17427
5072,1998,2,24122,19509,4613
5072,1998,3,24132,22809,1323
5072,1998,4,24154,20029,4125
5072,1998,5,24182,18209,5973
5072,1998,6,36178,43169,-6991
5072,1998,7,24170,21209,2961
5072,1998,8,24186,21709,2477
5072,1998,9,24194,17369,6825
5072,1998,10,24236,20709,3527
5072,1998,11,24235,27609,-3374
5072,1998,12,36211,41474,-5263
5092,1993,12,1100,0,1100
5092,1994,1,11562,0,11562
5092,1994,2,9208,0,9208
5092,1994,3,3434,2900,534
5092,1994,4,3437,1900,1537
5092,1994,5,4249,2115,2134
5092,1994,6,7941,10125,-2184
5092,1994,7,3442,4115,-673
5092,1994,8,5248,1915,3333
5092,1994,9,3557,1915,1642
5092,1994,10,4059,3995,64
5092,1994,11,3460,4915,-1455
5092,1994,12,3452,4415,-963
5092,1995,1,7749,7815,-66
5092,1995,2,3553,1815,1738
5092,1995,3,4059,2725,1334
5092,1995,4,3465,2515,950
5092,1995,5,3871,2405,1466
5092,1995,6,3464,9175,-5711
5092,1995,7,3858,2615,1243
5092,1995,8,3453,3715,-262
5092,1995,9,3450,4695,-1245
5092,1995,10,6053,3875,2178
5092,1995,11,4060,2415,1645
5092,1995,12,3454,6355,-2901
5092,1996,1,3447,5845,-2398
5092,1996,2,3439,4145,-706
5092,1996,3,4845,2065,2780
5092,1996,4,3449,3515,-66
5092,1996,5,3442,6515,-3073
5092,1996,6,3421,12065,-8644
5092,1996,7,3602,2415,1187
5092,1996,8,3404,4205,-801
5092,1996,9,3395,4715,-1320
5092,1996,10,3395,4015,-620
5092,1996,11,3381,7515,-4134
5092,1996,12,3369,4365,-996
5092,1997,1,5466,6745,-1279
5092,1997,2,3362,3415,-53
5092,1997,3,3365,2915,450
5092,1997,4,3773,1715,2058
5092,1997,5,3364,5615,-2251
5092,1997,6,3362,5315,-1953
5092,1997,7,3354,4315,-961
5092,1997,8,3345,7109,-3764
5092,1997,9,3342,3111,231
5092,1997,10,3342,12949,-9607
5092,1997,11,3342,7910,-4568
5092,1997,12,3342,3755,-413
5092,1998,1,3342,3357,-15
5092,1998,2,3342,6359,-3017
5092,1998,3,3342,5490,-2148
5092,1998,4,3342,7414,-4072
5092,1998,5,3342,8557,-5215
5092,1998,6,3342,2704,638
5092,1998,7,3342,5201,-1859
5092,1998,8,3342,4920,-1578
5092,1998,9,3342,2532,810
5092,1998,10,3342,6733,-3391
5092,1998,11,32942,21883,11059
5092,1998,12,3342,0,3342
5118,1995,8,9538,0,9538
5118,1995,9,17803,0,17803
5118,1995,10,8545,1100,7445
5118,1995,11,8557,7300,1257
5118,1995,12,12768,14630,-1862
5118,1996,1,8514,24756,-16242
5118,1996,2,10805,4356,6449
5118,1996,3,8515,7356,1159
5118,1996,4,8519,12336,-3817
5118,1996,5,13721,6996,6725
5118,1996,6,12769,7656,5113
5118,1996,7,8559,8956,-397
5118,1996,8,8555,6996,1559
5118,1996,9,8576,7056,1520
5118,1996,10,8575,5856,2719
5118,1996,11,8580,9856,-1276
5118,1996,12,12790,10916,1874
5118,1997,1,15616,32056,-16440
5118,1997,2,13403,9496,3907
5118,1997,3,8536,4656,3880
5118,1997,4,9649,4956,4693
5118,1997,5,8566,9365,-799
5118,1997,6,12767,10725,2042
5118,1997,7,8571,7165,1406
5118,1997,8,8574,9565,-991
5118,1997,9,8574,7265,1309
5118,1997,10,8573,10125,-1552
5118,1997,11,8571,8465,106
5118,1997,12,12784,8545,4239
5118,1998,1,8564,21705,-13141
5118,1998,2,9936,8505,1431
5118,1998,3,8543,4865,3678
5118,1998,4,8554,7465,1089
5118,1998,5,8561,5965,2596
5118,1998,6,12787,7265,5522
5118,1998,7,8594,6765,1829
5118,1998,8,8584,12665,-4081
5118,1998,9,8580,8565,15
5118,1998,10,8573,16205,-7632
5118,1998,11,8540,12165,-3625
5118,1998,12,12749,10010,2739
5120,1993,6,200,0,200
5120,1993,7,11400,0,11400
5120,1993,8,8400,0,8400
5120,1993,9,100,0,100
5120,1993,10,4400,0,4400
5120,1993,11,6353,1500,4853
5120,1993,12,79930,21800,58130
5120,1994,1,32761,62000,-29239
5120,1994,2,33681,16015,17666
5120,1994,3,242,33523,-33281
5120,1994,4,10102,35027,-24925
5120,1994,5,70797,60587,10210
5120,1994,6,25020,11823,13197
5120,1994,7,105232,77165,28067
5120,1994,8,11505,35562,-24057
5120,1994,9,5780,36123,-30343
5120,1994,10,6852,9762,-2910
5120,1994,11,45822,9762,36060
5120,1994,12,86114,101831,-15717
5120,1995,1,38442,53862,-15420
5120,1995,2,33195,9762,23433
5120,1995,3,19907,12662,7245
5120,1995,4,149,18762,-18613
5120,1995,5,395,9762,-9367
5120,1995,6,71573,9762,61811
5120,1995,7,17097,53362,-36265
5120,1995,8,40440,42162,-1722
5120,1995,9,123,20462,-20339
5120,1995,10,36207,9762,26445
5120,1995,11,33710,51762,-18052
5120,1995,12,97,12262,-12165
5120,1996,1,163148,107762,55386
5120,1996,2,22106,33462,-11356
5120,1996,3,71966,84662,-12696
5120,1996,4,23601,20062,3539
5120,1996,5,30670,42862,-12192
5120,1996,6,50647,26462,24185
5120,1996,7,10250,28462,-18212
5120,1996,8,148,18062,-17914
5120,1996,9,2304,9762,-7458
5120,1996,10,32635,16362,16273
5120,1996,11,100207,33162,67045
5120,1996,12,40163,52462,-12299
5120,1997,1,28443,77620,-49177
5120,1997,2,76760,69462,7298
5120,1997,3,23205,31862,-8657
5120,1997,4,76,28643,-28567
5120,1997,5,38097,16534,21563
5120,1997,6,7124,9762,-2638
5120,1997,7,16095,16705,-610
5120,1997,8,11214,9762,1452
5120,1997,9,15171,24274,-9103
5120,1997,10,44702,32915,11787
5120,1997,11,45089,23262,21827
5120,1997,12,15088,36824,-21736
5120,1998,1,38163,33762,4401
5120,1998,2,21534,21633,-99
5120,1998,3,107349,100450,6899
5120,1998,4,23094,9762,13332
5120,1998,5,32628,37969,-5341
5120,1998,6,67727,47362,20365
5120,1998,7,78977,104962,-25985
5120,1998,8,3003,10323,-7320
5120,1998,9,6113,6999,-886
5120,1998,10,52186,12323,39863
5120,1998,11,75205,58795,16410
5120,1998,12,56506,89936,-33430
5125,1995,9,1000,0,1000
5125,1995,10,75150,22200,52950
5125,1995,11,62465,13500,48965
5125,1995,12,132804,168815,-36011
5125,1996,1,16622,64815,-48193
5125,1996,2,46096,27615,18481
5125,1996,3,62795,33843,28952
5125,1996,4,50836,67152,-16316
5125,1996,5,139,22345,-22206
5125,1996,6,69004,45427,23577
5125,1996,7,29210,32616,-3406
5125,1996,8,49188,18700,30488
5125,1996,9,48790,73815,-25025
5125,1996,10,170,15915,-15745
5125,1996,11,9274,30825,-21551
5125,1996,12,2433,16837,-14404
5125,1997,1,58454,26476,31978
5125,1997,2,7480,34446,-26966
5125,1997,3,21339,19377,1962
5125,1997,4,35020,13715,21305
5125,1997,5,73,28925,-28852
5125,1997,6,1903,15,1888
5125,1997,7,82501,6122,76379
5125,1997,8,6859,42615,-35756
5125,1997,9,39506,42037,-2531
5125,1997,10,26442,33254,-6812
5125,1997,11,101,33415,-33314
5125,1997,12,57261,11606,45655
5125,1998,1,68679,86815,-18136
5125,1998,2,115,8715,-8600
5125,1998,3,79,14715,-14636
5125,1998,4,19,5815,-5796
5125,1998,5,13339,18225,-4886
5125,1998,6,800,60,740
5125,1998,7,0,1060,-1060
5125,1998,8,25811,13070,12741
5125,1998,9,26,6315,-6289
5125,1998,10,12991,10915,2076
5125,1998,11,9,12900,-12891
5125,1998,12,0,3200,-3200
5126,1995,4,8790,0,8790
5126,1995,5,17552,0,17552
5126,1995,6,13596,0,13596
5126,1995,7,8543,4500,4043
5126,1995,8,8547,17715,-9168
5126,1995,9,8535,8623,-88
5126,1995,10,8521,11323,-2802
5126,1995,11,10498,9783,715
5126,1995,12,12693,15163,-2470
5126,1996,1,10274,18567,-8293
5126,1996,2,10868,4647,6221
5126,1996,3,8491,12847,-4356
5126,1996,4,8474,6847,1627
5126,1996,5,8481,7047,1434
5126,1996,6,12676,11567,1109
5126,1996,7,8489,8947,-458
5126,1996,8,8482,12407,-3925
5126,1996,9,8471,7847,624
5126,1996,10,8471,10047,-1576
5126,1996,11,8463,11147,-2684
5126,1996,12,12648,9887,2761
5126,1997,1,10736,16887,-6151
5126,1997,2,9045,5847,3198
5126,1997,3,8449,10427,-1978
5126,1997,4,9551,4647,4904
5126,1997,5,8467,7247,1220
5126,1997,6,12664,8847,3817
5126,1997,7,8486,7847,639
5126,1997,8,8490,7767,723
5126,1997,9,8496,5147,3349
5126,1997,10,8504,8647,-143
5126,1997,11,8505,7547,958
5126,1997,12,12684,15587,-2903
5126,1998,1,11558,23527,-11969
5126,1998,2,8450,5247,3203
5126,1998,3,8665,4647,4018
5126,1998,4,8474,8747,-273
5126,1998,5,8474,10727,-2253
5126,1998,6,12641,15627,-2986
5126,1998,7,8445,11147,-2702
5126,1998,8,8431,11647,-3216
5126,1998,9,8430,6347,2083
5126,1998,10,8433,8347,86
5126,1998,11,8426,11347,-2921
5126,1998,12,12625,4632,7993
5129,1993,6,38148,0,38148
5129,1993,7,111592,63515,48077
5129,1993,8,74526,111047,-36521
5129,1993,9,57461,49415,8046
5129,1993,10,51918,71832,-19914
5129,1993,11,28914,45715,-16801
5129,1993,12,107218,45615,61603
5129,1994,1,11273,69815,-58542
5129,1994,2,23855,13915,9940
5129,1994,3,95,25115,-25020
5129,1994,4,42116,25216,16900
5129,1994,5,7230,18115,-10885
5129,1994,6,24196,16615,7581
5129,1994,7,44,17215,-17171
5129,1994,8,33566,14617,18949
5129,1994,9,14919,21415,-6496
5129,1994,10,8418,19022,-10604
5129,1994,11,8230,15915,-7685
5129,1994,12,15001,13216,1785
5129,1995,1,90569,73215,17354
5129,1995,2,68047,44115,23932
5129,1995,3,79959,87715,-7756
5129,1995,4,62438,59515,2923
5129,1995,5,66640,50815,15825
5129,1995,6,5225,44115,-38890
5129,1995,7,80779,48415,32364
5129,1995,8,39129,51951,-12822
5129,1995,9,100727,78615,22112
5129,1995,10,85358,83915,1443
5129,1995,11,62215,78415,-16200
5129,1995,12,60447,83921,-23474
5129,1996,1,72341,54215,18126
5129,1996,2,127,28615,-28488
5129,1996,3,11935,12515,-580
5129,1996,4,44497,15511,28986
5129,1996,5,84579,40015,44564
5129,1996,6,54433,116215,-61782
5129,1996,7,72601,57215,15386
5129,1996,8,30975,25615,5360
5129,1996,9,20167,14215,5952
5129,1996,10,53731,20895,32836
5129,1996,11,83310,136607,-53297
5129,1996,12,73398,27844,45554
5129,1997,1,70080,72715,-2635
5129,1997,2,59494,46215,13279
5129,1997,3,56974,33315,23659
5129,1997,4,125820,130415,-4595
5129,1997,5,290,55142,-54852
5129,1997,6,45669,48102,-2433
5129,1997,7,26225,28142,-1917
5129,1997,8,8763,14815,-6052
5129,1997,9,29342,17815,11527
5129,1997,10,80281,53115,27166
5129,1997,11,64282,75315,-11033
5129,1997,12,60332,77481,-17149
5129,1998,1,197723,198015,-292
5129,1998,2,56617,37294,19323
5129,1998,3,76574,86615,-10041
5129,1998,4,9311,34015,-24704
5129,1998,5,27315,14415,12900
5129,1998,6,99027,80678,18349
5129,1998,7,45822,25215,20607
5129,1998,8,101058,100716,342
5129,1998,9,29054,36715,-7661
5129,1998,10,100581,114543,-13962
5129,1998,11,167,31415,-31248
5129,1998,12,57823,44400,13423
5133,1996,12,25839,0,25839
5133,1997,1,29593,2500,27093
5133,1997,2,220,13500,-13280
5133,1997,3,27648,11600,16048
5133,1997,4,13158,20000,-6842
5133,1997,5,203,18600,-18397
5133,1997,6,8064,14530,-6466
5133,1997,7,28095,27041,1054
5133,1997,8,77269,14489,62780
5133,1997,9,12113,46841,-34728
5133,1997,10,48667,33441,15226
5133,1997,11,29228,48587,-19359
5133,1997,12,43665,37056,6609
5133,1998,1,99408,115441,-16033
5133,1998,2,70474,20996,49478
5133,1998,3,45999,45796,203
5133,1998,4,84408,115267,-30859
5133,1998,5,94786,80591,14195
5133,1998,6,39664,51296,-11632
5133,1998,7,20004,48496,-28492
5133,1998,8,47936,39396,8540
5133,1998,9,18366,27996,-9630
5133,1998,10,5161,18096,-12935
5133,1998,11,60532,40496,20036
5133,1998,12,56895,13866,43029
5164,1997,5,6709,0,6709
5164,1997,6,17560,0,17560
5164,1997,7,9116,0,9116
5164,1997,8,6536,4400,2136
5164,1997,9,6533,13076,-6543
5164,1997,10,6510,7976,-1466
5164,1997,11,6510,5476,1034
5164,1997,12,9701,11276,-1575
5164,1998,1,6488,11576,-5088
5164,1998,2,6473,8976,-2503
5164,1998,3,6468,8576,-2108
5164,1998,4,6457,8997,-2540
5164,1998,5,6458,4897,1561
5164,1998,6,9667,5597,4070
5164,1998,7,6481,4897,1584
5164,1998,8,6488,4897,1591
5164,1998,9,6494,4897,1597
5164,1998,10,6501,4897,1604
5164,1998,11,6468,19797,-13329
5164,1998,12,9656,4882,4774
5180,1997,2,700,0,700
5180,1997,4,50021,14700,35321
5180,1997,5,150,9400,-9250
5180,1997,6,150,4200,-4050
5180,1997,7,1350,0,1350
5180,1997,8,1750,0,1750
5180,1997,9,150,400,-250
5180,1997,10,150,5400,-5250
5180,1997,11,150,3700,-3550
5180,1998,2,9575,12300,-2725
5180,1998,4,45837,0,45837
5180,1998,5,249,32000,-31751
5180,1998,6,46190,15615,30575
5180,1998,7,61509,69130,-7621
5180,1998,8,78407,64591,13816
5180,1998,9,104494,102037,2457
5180,1998,10,173,44377,-44204
5180,1998,11,45149,36812,8337
5180,1998,12,13521,10897,2624
5181,1996,2,300,0,300
5181,1996,3,11700,0,11700
5181,1996,4,6800,0,6800
5181,1996,5,17466,0,17466
5181,1996,6,151,8400,-8249
5181,1996,7,35611,0,35611
5181,1996,8,34818,49300,-14482
5181,1996,9,36511,30200,6311
5181,1996,10,34899,39851,-4952
5181,1996,11,19198,34345,-15147
5181,1996,12,46268,22676,23592
5181,1997,1,5423,42266,-36843
5181,1997,2,10593,5915,4678
5181,1997,3,4810,8315,-3505
5181,1997,4,7498,4715,2783
5181,1997,5,7409,6668,741
5181,1997,6,8512,6668,1844
5181,1997,7,8720,6668,2052
5181,1997,8,6027,6668,-641
5181,1997,9,5624,6668,-1044
5181,1997,10,7721,6668,1053
5181,1997,11,6224,6668,-444
5181,1997,12,11924,12668,-744
5181,1998,1,10507,14768,-4261
5181,1998,2,45235,20368,24867
5181,1998,3,19925,17468,2457
5181,1998,4,19042,30668,-11626
5181,1998,5,6867,6668,199
5181,1998,6,6467,6668,-201
5181,1998,7,7558,18668,-11110
5181,1998,8,15833,6668,9165
5181,1998,9,56763,12668,44095
5181,1998,10,281,26768,-26487
5181,1998,11,218,7968,-7750
5181,1998,12,140,24287,-24147
5194,1995,5,72555,0,72555
5194,1995,6,106128,118800,-12672
5194,1995,7,23353,52400,-29047
5194,1995,8,96555,49900,46655
5194,1995,9,84443,65557,18886
5194,1995,10,44432,55300,-10868
5194,1995,11,154,57200,-57046
5194,1995,12,104458,74100,30358
5194,1996,1,73376,93700,-20324
5194,1996,2,37960,33800,4160
5194,1996,3,150,13900,-13750
5194,1996,4,2789,14700,-11911
5194,1996,5,8438,15100,-6662
5194,1996,6,12827,11504,1323
5194,1996,7,22952,12803,10149
5194,1996,8,10650,22900,-12250
5194,1996,9,13646,5300,8346
5194,1996,10,15455,17200,-1745
5194,1996,11,11848,13500,-1652
5194,1996,12,8925,15404,-6479
5194,1997,1,41543,33502,8041
5194,1997,2,198420,152700,45720
5194,1997,3,12938,55679,-42741
5194,1997,4,24276,23052,1224
5194,1997,5,76621,36800,39821
5194,1997,6,67273,25100,42173
5194,1997,7,43657,89190,-45533
5194,1997,8,87676,95200,-7524
5194,1997,9,51591,62534,-10943
5194,1997,10,21597,13321,8276
5194,1997,11,46608,22241,24367
5194,1997,12,31187,17000,14187
5194,1998,1,10628,60300,-49672
5194,1998,2,27523,15200,12323
5194,1998,3,25054,26100,-1046
5194,1998,4,12179,15900,-3721
5194,1998,5,13862,15900,-2038
5194,1998,6,13862,22900,-9038
5194,1998,7,37461,25625,11836
5194,1998,8,46603,9200,37403
5194,1998,9,260,47677,-47417
5194,1998,10,27110,22300,4810
5194,1998,11,10564,8300,2264
5194,1998,12,13140,22600,-9460
5196,1997,6,300,0,300
5196,1997,7,43003,9900,33103
5196,1997,8,139,6300,-6161
5196,1997,9,126708,111230,15478
5196,1997,10,43376,43835,-459
5196,1997,11,7249,11035,-3786
5196,1997,12,22458,30535,-8077
5196,1998,1,95445,51188,44257
5196,1998,2,94554,74588,19966
5196,1998,3,16080,43088,-27008
5196,1998,4,78236,59788,18448
5196,1998,5,52176,63540,-11364
5196,1998,6,55736,84288,-28552
5196,1998,7,57285,56688,597
5196,1998,8,150,20988,-20838
5196,1998,9,89631,38088,51543
5196,1998,10,30616,62016,-31400
5196,1998,11,24426,40488,-16062
5196,1998,12,19624,32658,-13034
5213,1995,8,1000,0,1000
5213,1995,9,46852,12400,34452
5213,1995,10,47074,30600,16474
5213,1995,11,47179,38400,8779
5213,1995,12,70667,79200,-8533
5213,1996,1,47038,93655,-46617
5213,1996,2,47006,22315,24691
5213,1996,3,47050,33915,13135
5213,1996,4,47175,43649,3526
5213,1996,5,47166,35802,11364
5213,1996,6,70663,78106,-7443
5213,1996,7,47114,69730,-22616
5213,1996,8,46996,37165,9831
5213,1996,9,47092,32402,14690
5213,1996,10,47108,70023,-22915
5213,1996,11,47040,30202,16838
5213,1996,12,70370,87902,-17532
5213,1997,1,46920,77923,-31003
5213,1997,2,46886,15541,31345
5213,1997,3,46907,61635,-14728
5213,1997,4,46925,38915,8010
5213,1997,5,46971,32102,14869
5213,1997,6,70292,87516,-17224
5213,1997,7,46973,33602,13371
5213,1997,8,47045,36002,11043
5213,1997,9,47075,45402,1673
5213,1997,10,47071,47802,-731
5213,1997,11,47120,45402,1718
5213,1997,12,70306,107124,-36818
5213,1998,1,53658,56802,-3144
5213,1998,2,54088,6702,47386
5213,1998,3,47127,49002,-1875
5213,1998,4,47277,31716,15561
5213,1998,5,47229,59884,-12655
5213,1998,6,70503,80670,-10167
5213,1998,7,47075,54741,-7666
5213,1998,8,47045,56481,-9436
5213,1998,9,47146,14802,32344
5213,1998,10,47106,76305,-29199
5213,1998,11,47146,37372,9774
5213,1998,12,70718,23210,47508
5215,1993,7,22236,0,22236
5215,1993,8,15582,8600,6982
5215,1993,9,15610,10900,4710
5215,1993,10,15629,14100,1529
5215,1993,11,15672,13485,2187
5215,1993,12,23417,24074,-657
5215,1994,1,16520,32214,-15694
5215,1994,2,15597,8474,7123
5215,1994,3,15626,14474,1152
5215,1994,4,15631,14374,1257
5215,1994,5,15634,15574,60
5215,1994,6,23397,20154,3243
5215,1994,7,15648,14874,774
5215,1994,8,15651,13393,2258
5215,1994,9,15658,16193,-535
5215,1994,10,15647,17053,-1406
5215,1994,11,15647,17593,-1946
5215,1994,12,23395,20373,3022
5215,1995,1,15622,24173,-8551
5215,1995,2,15615,14353,1262
5215,1995,3,15622,15793,-171
5215,1995,4,15623,11933,3690
5215,1995,5,15634,17093,-1459
5215,1995,6,23388,21093,2295
5215,1995,7,15634,17893,-2259
5215,1995,8,15629,14074,1555
5215,1995,9,15623,18634,-3011
5215,1995,10,15626,13374,2252
5215,1995,11,15624,15734,-110
5215,1995,12,23387,20934,2453
5215,1996,1,18410,29654,-11244
5215,1996,2,18296,13974,4322
5215,1996,3,15617,13514,2103
5215,1996,4,19217,14854,4363
5215,1996,5,15639,13774,1865
5215,1996,6,23390,18714,4676
5215,1996,7,15669,10874,4795
5215,1996,8,15685,12374,3311
5215,1996,9,15694,14374,1320
5215,1996,10,15706,11454,4252
5215,1996,11,15723,11474,4249
5215,1996,12,23484,19134,4350
5215,1997,1,21701,34974,-13273
5215,1997,2,15697,13214,2483
5215,1997,3,15710,15214,496
5215,1997,4,15713,12074,3639
5215,1997,5,15725,14474,1251
5215,1997,6,23438,34574,-11136
5215,1997,7,15688,12894,2794
5215,1997,8,15710,8774,6936
5215,1997,9,18850,7374,11476
5215,1997,10,15776,11574,4202
5215,1997,11,15769,20034,-4265
5215,1997,12,23524,19074,4450
5215,1998,1,15763,25674,-9911
5215,1998,2,15749,12074,3675
5215,1998,3,15752,20894,-5142
5215,1998,4,15743,13874,1869
5215,1998,5,15731,20674,-4943
5215,1998,6,25792,16214,9578
5215,1998,7,15753,16674,-921
5215,1998,8,15743,16934,-1191
5215,1998,9,15751,14074,1677
5215,1998,10,15758,13774,1984
5215,1998,11,15764,14574,1190
5215,1998,12,23504,23759,-255
5228,1993,6,1000,0,1000
5228,1993,7,49724,14900,34824
5228,1993,8,49855,30900,18955
5228,1993,9,49982,47900,2082
5228,1993,10,50018,54300,-4282
5228,1993,11,49915,42600,7315
5228,1993,12,74929,79700,-4771
5228,1994,1,49887,75044,-25157
5228,1994,2,49921,35400,14521
5228,1994,3,49976,48325,1651
5228,1994,4,49937,49183,754
5228,1994,5,49902,41400,8502
5228,1994,6,74862,79694,-4832
5228,1994,7,49963,56323,-6360
5228,1994,8,49956,37899,12057
5228,1994,9,49913,67737,-17824
5228,1994,10,49896,42320,7576
5228,1994,11,49903,44920,4983
5228,1994,12,74710,87332,-12622
5228,1995,1,49875,79989,-30114
5228,1995,2,49801,15842,33959
5228,1995,3,49899,47591,2308
5228,1995,4,49881,48938,943
5228,1995,5,49912,45884,4028
5228,1995,6,74785,90585,-15800
5228,1995,7,49874,33242,16632
5228,1995,8,49968,41142,8826
5228,1995,9,49879,72553,-22674
5228,1995,10,49836,49304,532
5228,1995,11,49847,54768,-4921
5228,1995,12,74737,48942,25795
5228,1996,1,49854,89542,-39688
5228,1996,2,49822,29542,20280
5228,1996,3,49834,56708,-6874
5228,1996,4,49827,46852,2975
5228,1996,5,49851,43542,6309
5228,1996,6,74656,94642,-19986
5228,1996,7,49781,45760,4021
5228,1996,8,49838,41300,8538
5228,1996,9,49827,58221,-8394
5228,1996,10,49866,30500,19366
5228,1996,11,49930,51297,-1367
5228,1996,12,74883,25981,48902
5228,1997,1,50013,79200,-29187
5228,1997,2,50033,26900,23133
5228,1997,3,50048,45241,4807
5228,1997,4,50099,38400,11699
5228,1997,5,50069,76844,-26775
5228,1997,6,74836,107000,-32164
5228,1997,7,49974,34182,15792
5228,1997,8,50033,43600,6433
5228,1997,9,50025,39800,10225
5228,1997,10,50110,53800,-3690
5228,1997,11,50001,58500,-8499
5228,1997,12,74789,93800,-19011
5228,1998,1,49925,59000,-9075
5228,1998,2,49955,30700,19255
5228,1998,3,49991,44069,5922
5228,1998,4,50048,40700,9348
5228,1998,5,50047,57953,-7906
5228,1998,6,74940,61600,13340
5228,1998,7,50075,42093,7982
5228,1998,8,50028,68300,-18272
5228,1998,9,49966,70301,-20335
5228,1998,10,49906,40833,9073
5228,1998,11,49912,36323,13589
5228,1998,12,81587,112925,-31338
5250,1996,7,1100,0,1100
5250,1996,8,41671,0,41671
5250,1996,9,60836,25500,35336
5250,1996,10,325,30800,-30475
5250,1996,11,325,15500,-15175
5250,1996,12,325,6300,-5975
5250,1997,1,325,3100,-2775
5250,1997,2,68566,66200,2366
5250,1997,3,140276,79283,60993
5250,1997,4,40966,76430,-35464
5250,1997,5,93334,72371,20963
5250,1997,6,49715,54330,-4615
5250,1997,7,22455,51739,-29284
5250,1997,8,119983,108430,11553
5250,1997,9,35375,36930,-1555
5250,1997,10,84159,49330,34829
5250,1997,11,343,34330,-33987
5250,1997,12,60914,51030,9884
5250,1998,1,1637,59700,-58063
5250,1998,2,505,30,475
5250,1998,3,7,3000,-2993
5250,1998,4,7,3000,-2993
5250,1998,5,7,2600,-2593
5250,1998,6,46551,30,46521
5250,1998,7,161,24130,-23969
5250,1998,8,54566,57894,-3328
5250,1998,9,11227,11030,197
5250,1998,10,51,13200,-13149
5250,1998,11,51,4500,-4449
5250,1998,12,30932,4600,26332
5256,1993,10,800,0,800
5256,1993,11,9500,0,9500
5256,1993,12,8800,0,8800
5256,1994,1,41887,17600,24287
5256,1994,2,6375,10200,-3825
5256,1994,3,34933,23400,11533
5256,1994,4,131756,100000,31756
5256,1994,5,97969,90389,7580
5256,1994,6,42261,91985,-49724
5256,1994,7,99630,67989,31641
5256,1994,8,97375,92889,4486
5256,1994,9,79644,89489,-9845
5256,1994,10,471,21589,-21118
5256,1994,11,39107,17089,22018
5256,1994,12,50851,40089,10762
5256,1995,1,419,44889,-44470
5256,1995,2,3853,5489,-1636
5256,1995,3,7211,10889,-3678
5256,1995,4,7017,5489,1528
5256,1995,5,3517,5489,-1972
5256,1995,6,2395,5489,-3094
5256,1995,7,43204,23989,19215
5256,1995,8,241,18489,-18248
5256,1995,9,33096,19389,13707
5256,1995,10,72724,10289,62435
5256,1995,11,42994,72589,-29595
5256,1995,12,16201,27589,-11388
5256,1996,1,276,33654,-33378
5256,1996,2,10757,5489,5268
5256,1996,3,1612,5489,-3877
5256,1996,4,31280,5489,25791
5256,1996,5,1232,18829,-17597
5256,1996,6,20298,19589,709
5256,1996,7,215,10746,-10531
5256,1996,8,3872,5489,-1617
5256,1996,9,47091,22044,25047
5256,1996,10,290,15789,-15499
5256,1996,11,2226,5489,-3263
5256,1996,12,2901,5489,-2588
5256,1997,1,1471,5489,-4018
5256,1997,2,634,5489,-4855
5256,1997,3,73094,5489,67605
5256,1997,4,489,36289,-35800
5256,1997,5,45467,24700,20767
5256,1997,6,20685,39644,-18959
5256,1997,7,30253,23300,6953
5256,1997,8,90543,88700,1843
5256,1997,9,113646,73100,40546
5256,1997,10,39570,55700,-16130
5256,1997,11,390,52858,-52468
5256,1997,12,92504,69461,23043
5256,1998,1,46368,40900,5468
5256,1998,2,322,29600,-29278
5256,1998,3,23678,15600,8078
5256,1998,4,24189,33900,-9711
5256,1998,5,115,11600,-11485
5256,1998,6,14341,4200,10141
5256,1998,7,8527,16300,-7773
5256,1998,8,113,7000,-6887
5256,1998,9,56,5900,-5844
5256,1998,10,62952,6000,56952
5256,1998,11,57852,71200,-13348
5256,1998,12,326,9400,-9074
5263,1995,7,500,0,500
5263,1995,8,14548,0,14548
5263,1995,9,8599,0,8599
5263,1995,10,9748,0,9748
5263,1995,11,6072,2900,3172
5263,1995,12,9037,11035,-1998
5263,1996,1,7340,22265,-14925
5263,1996,2,11314,8165,3149
5263,1996,3,8810,12105,-3295
5263,1996,4,12314,8865,3449
5263,1996,5,9530,8165,1365
5263,1996,6,11903,12165,-262
5263,1996,7,13133,10805,2328
5263,1996,8,10847,7165,3682
5263,1996,9,10358,7765,2593
5263,1996,10,10056,13685,-3629
5263,1996,11,8544,8570,-26
5263,1996,12,18233,10810,7423
5263,1997,1,7732,26210,-18478
5263,1997,2,20329,8570,11759
5263,1997,3,13950,13610,340
5263,1997,4,13556,11090,2466
5263,1997,5,13169,9290,3879
5263,1997,6,13851,8570,5281
5263,1997,7,8997,8570,427
5263,1997,8,9783,14450,-4667
5263,1997,9,11185,8570,2615
5263,1997,10,6181,8670,-2489
5263,1997,11,11673,8570,3103
5263,1997,12,14250,11610,2640
5263,1998,1,22267,27570,-5303
5263,1998,2,14271,11090,3181
5263,1998,3,18790,8570,10220
5263,1998,4,16327,10130,6197
5263,1998,5,10556,8570,1986
5263,1998,6,29024,39970,-10946
5263,1998,7,20513,12650,7863
5263,1998,8,10953,8570,2383
5263,1998,9,9762,8570,1192
5263,1998,10,17073,8570,8503
5263,1998,11,13305,8570,4735
5263,1998,12,9169,15915,-6746
5267,1996,1,26258,0,26258
5267,1996,2,140186,67334,72852
5267,1996,3,37739,48350,-10611
5267,1996,4,261,54714,-54453
5267,1996,5,50935,44390,6545
5267,1996,6,119722,81363,38359
5267,1996,7,76116,64724,11392
5267,1996,8,53681,70880,-17199
5267,1996,9,10033,59542,-49509
5267,1996,10,33837,25766,8071
5267,1996,11,88825,79357,9468
5267,1996,12,97744,74015,23729
5267,1997,1,176,30515,-30339
5267,1997,2,87,29715,-29628
5267,1997,3,6,9503,-9497
5267,1997,4,33751,20928,12823
5267,1997,5,34,6215,-6181
5267,1997,6,15484,5815,9669
5267,1997,7,3029,11515,-8486
5267,1997,8,75770,5815,69955
5267,1997,9,16202,55247,-39045
5267,1997,10,15963,12315,3648
5267,1997,11,138671,89815,48856
5267,1997,12,17752,47789,-30037
5267,1998,1,43326,55104,-11778
5267,1998,2,319,5404,-5085
5267,1998,3,66794,58645,8149
5267,1998,4,84522,110390,-25868
5267,1998,5,35791,29504,6287
5267,1998,6,43019,32604,10415
5267,1998,7,47611,43604,4007
5267,1998,8,146,23607,-23461
5267,1998,9,16084,16904,-820
5267,1998,10,23393,29231,-5838
5267,1998,11,48,8304,-8256
5267,1998,12,43528,2100,41428
5269,1996,7,21094,0,21094
5269,1996,8,22486,0,22486
5269,1996,9,20737,11900,8837
5269,1996,10,20764,15200,5564
5269,1996,11,20778,16515,4263
5269,1996,12,31054,48168,-17114
5269,1997,1,23578,44168,-20590
5269,1997,2,20661,10025,10636
5269,1997,3,20678,25025,-4347
5269,1997,4,20678,22145,-1467
5269,1997,5,20680,20625,55
5269,1997,6,30974,24925,6049
5269,1997,7,20701,25625,-4924
5269,1997,8,20681,21225,-544
5269,1997,9,20676,23905,-3229
5269,1997,10,20665,19225,1440
5269,1997,11,20654,23845,-3191
5269,1997,12,30944,29665,1279
5269,1998,1,20625,33465,-12840
5269,1998,2,20609,17425,3184
5269,1998,3,20625,14465,6160
5269,1998,4,20637,30325,-9688
5269,1998,5,20614,10025,10589
5269,1998,6,30928,36925,-5997
5269,1998,7,20633,10025,10608
5269,1998,8,20639,34805,-14166
5269,1998,9,20608,16145,4463
5269,1998,10,20637,10025,10612
5269,1998,11,20680,10025,10655
5269,1998,12,31020,11290,19730
5270,1993,1,45659,0,45659
5270,1993,2,45018,9600,35418
5270,1993,3,45008,77000,-31992
5270,1993,4,45031,11900,33131
5270,1993,5,45115,49415,-4300
5270,1993,6,67439,90342,-22903
5270,1993,7,45004,48137,-3133
5270,1993,8,45027,16415,28612
5270,1993,9,45109,38915,6194
5270,1993,10,45123,35615,9508
5270,1993,11,45168,37215,7953
5270,1993,12,67534,97061,-29527
5270,1994,1,46645,83230,-36585
5270,1994,2,44981,10332,34649
5270,1994,3,45029,40722,4307
5270,1994,4,45042,46142,-1100
5270,1994,5,45083,30883,14200
5270,1994,6,68907,86548,-17641
5270,1994,7,45022,43265,1757
5270,1994,8,45098,25332,19766
5270,1994,9,45151,35632,9519
5270,1994,10,45150,65987,-20837
5270,1994,11,45107,34626,10481
5270,1994,12,67417,97350,-29933
5270,1995,1,44983,81504,-36521
5270,1995,2,46053,3332,42721
5270,1995,3,45088,21132,23956
5270,1995,4,45160,30932,14228
5270,1995,5,45135,66132,-20997
5270,1995,6,67443,115705,-48262
5270,1995,7,45002,4732,40270
5270,1995,8,45091,61832,-16741
5270,1995,9,45140,39832,5308
5270,1995,10,45087,43732,1355
5270,1995,11,45076,58011,-12935
5270,1995,12,67345,83515,-16170
5270,1996,1,44950,54515,-9565
5270,1996,2,44879,23015,21864
5270,1996,3,45020,38215,6805
5270,1996,4,45058,41715,3343
5270,1996,5,45068,47515,-2447
5270,1996,6,67398,77415,-10017
5270,1996,7,45023,39115,5908
5270,1996,8,44976,43715,1261
5270,1996,9,45000,53179,-8179
5270,1996,10,44987,56865,-11878
5270,1996,11,44969,27915,17054
5270,1996,12,67435,52915,14520
5270,1997,1,44973,82465,-37492
5270,1997,2,44929,34644,10285
5270,1997,3,44988,26415,18573
5270,1997,4,45044,40015,5029
5270,1997,5,45050,52168,-7118
5270,1997,6,67432,55615,11817
5270,1997,7,45072,43315,1757
5270,1997,8,45043,41615,3428
5270,1997,9,45040,51899,-6859
5270,1997,10,45066,36615,8451
5270,1997,11,45071,47815,-2744
5270,1997,12,67359,104456,-37097
5270,1998,1,44927,40558,4369
5270,1998,2,44963,23215,21748
5270,1998,3,45007,46536,-1529
5270,1998,4,44989,37291,7698
5270,1998,5,45062,34315,10747
5270,1998,6,67624,108016,-40392
5270,1998,7,44955,19515,25440
5270,1998,8,45010,44587,423
5270,1998,9,45045,58980,-13935
5270,1998,10,44983,32515,12468
5270,1998,11,45029,26547,18482
5270,1998,12,67505,53822,13683
5283,1997,9,700,0,700
5283,1997,10,45288,10800,34488
5283,1997,11,45404,27000,18404
5283,1997,12,68095,57700,10395
5283,1998,1,45450,62700,-17250
5283,1998,2,45454,29664,15790
5283,1998,3,45497,47664,-2167
5283,1998,4,45452,63114,-17662
5283,1998,5,45413,41764,3649
5283,1998,6,68076,48864,19212
5283,1998,7,45509,46264,-755
5283,1998,8,45483,58164,-12681
5283,1998,9,46517,13223,33294
5283,1998,10,45605,39823,5782
5283,1998,11,45608,39423,6185
5283,1998,12,68146,107708,-39562
5290,1997,7,80413,0,80413
5290,1997,8,56365,72100,-15735
5290,1997,9,268,18900,-18632
5290,1997,10,28830,36989,-8159
5290,1997,11,73989,33249,40740
5290,1997,12,227,43189,-42962
5290,1998,1,21043,32489,-11446
5290,1998,2,10982,19189,-8207
5290,1998,3,5761,9889,-4128
5290,1998,4,67698,59193,8505
5290,1998,5,46,12576,-12530
5290,1998,6,31468,3596,27872
5290,1998,7,35652,55028,-19376
5290,1998,8,40,9889,-9849
5290,1998,9,16,3596,-3580
5290,1998,10,34571,3599,30972
5290,1998,11,39387,28519,10868
5290,1998,12,97,27074,-26977
5305,1996,9,600,0,600
5305,1996,10,30125,3900,26225
5305,1996,11,30210,15800,14410
5305,1996,12,45300,32800,12500
5305,1997,1,30295,28100,2195
5305,1997,2,30284,39415,-9131
5305,1997,3,30262,30315,-53
5305,1997,4,30269,35315,-5046
5305,1997,5,30246,31415,-1169
5305,1997,6,45289,38815,6474
5305,1997,7,30252,41615,-11363
5305,1997,8,30229,27315,2914
5305,1997,9,30239,28815,1424
5305,1997,10,30237,50338,-20101
5305,1997,11,30162,27915,2247
5305,1997,12,45213,56969,-11756
5305,1998,1,34559,19706,14853
5305,1998,2,30193,30386,-193
5305,1998,3,30158,44695,-14537
5305,1998,4,34789,11894,22895
5305,1998,5,30204,37976,-7772
5305,1998,6,45251,50966,-5715
5305,1998,7,30186,20026,10160
5305,1998,8,30217,30326,-109
5305,1998,9,30218,23707,6511
5305,1998,10,30249,19626,10623
5305,1998,11,30271,27026,3245
5305,1998,12,45330,40063,5267
5313,1993,4,800,0,800
5313,1993,5,29942,4700,25242
5313,1993,6,11047,7100,3947
5313,1993,7,125,5000,-4875
5313,1993,8,29546,12900,16646
5313,1993,9,41393,34715,6678
5313,1993,10,83331,87431,-4100
5313,1993,11,91091,96431,-5340
5313,1993,12,9174,31322,-22148
5313,1994,1,21120,20331,789
5313,1994,2,40843,24431,16412
5313,1994,3,25370,23442,1928
5313,1994,4,56677,40342,16335
5313,1994,5,25629,24442,1187
5313,1994,6,166,22242,-22076
5313,1994,7,71600,45642,25958
5313,1994,8,88673,62653,26020
5313,1994,9,145098,132642,12456
5313,1994,10,56710,90442,-33732
5313,1994,11,121120,126842,-5722
5313,1994,12,48826,49742,-916
5313,1995,1,11950,36042,-24092
5313,1995,2,52414,15442,36972
5313,1995,3,227,28242,-28015
5313,1995,4,6845,21942,-15097
5313,1995,5,6583,12942,-6359
5313,1995,6,41698,12942,28756
5313,1995,7,79094,72842,6252
5313,1995,8,171,28526,-28355
5313,1995,9,9593,12942,-3349
5313,1995,10,12986,12942,44
5313,1995,11,20328,17105,3223
5313,1995,12,7489,12942,-5453
5313,1996,1,48636,20442,28194
5313,1996,2,38271,24205,14066
5313,1996,3,187,29842,-29655
5313,1996,4,9226,12942,-3716
5313,1996,5,11601,18342,-6741
5313,1996,6,13294,12942,352
5313,1996,7,12795,12942,-147
5313,1996,8,12193,12942,-749
5313,1996,9,16203,12942,3261
5313,1996,10,53113,12942,40171
5313,1996,11,227,16342,-16115
5313,1996,12,19526,42995,-23469
5313,1997,1,75241,63999,11242
5313,1997,2,89584,28942,60642
5313,1997,3,22612,30042,-7430
5313,1997,4,36054,98287,-62233
5313,1997,5,69002,12942,56060
5313,1997,6,61182,94242,-33060
5313,1997,7,157859,164913,-7054
5313,1997,8,13937,12942,995
5313,1997,9,88526,43548,44978
5313,1997,10,94848,83642,11206
5313,1997,11,69136,75142,-6006
5313,1997,12,79986,88142,-8156
5313,1998,1,207,64342,-64135
5313,1998,2,14208,12942,1266
5313,1998,3,11804,12942,-1138
5313,1998,4,11197,12942,-1745
5313,1998,5,13598,12942,656
5313,1998,6,16310,12942,3368
5313,1998,7,13715,12942,773
5313,1998,8,32445,16542,15903
5313,1998,9,10139,12942,-2803
5313,1998,10,11829,12942,-1113
5313,1998,11,13325,12942,383
5313,1998,12,113,15627,-15514
5317,1996,10,200,0,200
5317,1996,11,20463,0,20463
5317,1996,12,22650,11100,11550
5317,1997,1,15171,10600,4571
5317,1997,2,15181,15400,-219
5317,1997,3,15183,19551,-4368
5317,1997,4,15174,15251,-77
5317,1997,5,15172,17051,-1879
5317,1997,6,22696,19551,3145
5317,1997,7,15172,20851,-5679
5317,1997,8,15155,15151,4
5317,1997,9,15156,13551,1605
5317,1997,10,15163,13751,1412
5317,1997,11,15162,15951,-789
5317,1997,12,22687,23651,-964
5317,1998,1,15534,23051,-7517
5317,1998,2,15143,16651,-1508
5317,1998,3,15106,20051,-4945
5317,1998,4,15106,11251,3855
5317,1998,5,15106,17551,-2445
5317,1998,6,22622,21751,871
5317,1998,7,15127,19451,-4324
5317,1998,8,15075,18651,-3576
5317,1998,9,15094,6851,8243
5317,1998,10,15128,6851,8277
5317,1998,11,15089,31451,-16362
5317,1998,12,22618,12236,10382
5343,1993,6,19737,0,19737
5343,1993,7,17052,0,17052
5343,1993,8,12897,4700,8197
5343,1993,9,12911,11400,1511
5343,1993,10,12920,10615,2305
5343,1993,11,12925,12315,610
5343,1993,12,19296,20535,-1239
5343,1994,1,12904,26475,-13571
5343,1994,2,12887,4815,8072
5343,1994,3,12911,8115,4796
5343,1994,4,12927,9415,3512
5343,1994,5,12927,14515,-1588
5343,1994,6,19290,22875,-3585
5343,1994,7,12911,14915,-2004
5343,1994,8,12917,7715,5202
5343,1994,9,12927,11615,1312
5343,1994,10,12937,23015,-10078
5343,1994,11,12887,14115,-1228
5343,1994,12,19286,20735,-1449
5343,1995,1,12860,24195,-11335
5343,1995,2,12831,10815,2016
5343,1995,3,12880,8815,4065
5343,1995,4,12853,14515,-1662
5343,1995,5,12844,20255,-7411
5343,1995,6,19215,16935,2280
5343,1995,7,12836,13775,-939
5343,1995,8,12822,11015,1807
5343,1995,9,12835,13015,-180
5343,1995,10,12829,11515,1314
5343,1995,11,12832,14515,-1683
5343,1995,12,19216,20355,-1139
5343,1996,1,12789,24535,-11746
5343,1996,2,12776,9315,3461
5343,1996,3,12786,14755,-1969
5343,1996,4,12781,10515,2266
5343,1996,5,12789,11515,1274
5343,1996,6,19113,38506,-19393
5343,1996,7,12733,4925,7808
5343,1996,8,12749,15135,-2386
5343,1996,9,12733,13915,-1182
5343,1996,10,12733,10715,2018
5343,1996,11,12737,13215,-478
5343,1996,12,19114,20395,-1281
5343,1997,1,12735,17410,-4675
5343,1997,2,12720,16639,-3919
5343,1997,3,12720,11356,1364
5343,1997,4,12720,15862,-3142
5343,1997,5,12720,13986,-1266
5343,1997,6,19080,18491,589
5343,1997,7,12720,11884,836
5343,1997,8,12720,10871,1849
5343,1997,9,12720,11355,1365
5343,1997,10,12720,12347,373
5343,1997,11,12720,17674,-4954
5343,1997,12,19080,18794,286
5343,1998,1,12721,21055,-8334
5343,1998,2,12720,10764,1956
5343,1998,3,12720,15774,-3054
5343,1998,4,12720,12687,33
5343,1998,5,12720,6449,6271
5343,1998,6,19080,15805,3275
5343,1998,7,12720,13901,-1181
5343,1998,8,12720,9987,2733
5343,1998,9,12733,6539,6194
5343,1998,10,12720,15351,-2631
5343,1998,11,12720,12722,-2
5343,1998,12,19105,6213,12892
5357,1994,12,700,0,700
5357,1995,1,15037,0,15037
5357,1995,2,10390,100,10290
5357,1995,3,10420,6800,3620
5357,1995,4,10431,9000,1431
5357,1995,5,10445,4815,5630
5357,1995,6,20065,38735,-18670
5357,1995,7,10394,5955,4439
5357,1995,8,10419,1515,8904
5357,1995,9,10440,8715,1725
5357,1995,10,10449,8015,2434
5357,1995,11,10455,9515,940
5357,1995,12,15615,15235,380
5357,1996,1,10441,21295,-10854
5357,1996,2,10424,11955,-1531
5357,1996,3,10417,6835,3582
5357,1996,4,10432,6515,3917
5357,1996,5,10445,7715,2730
5357,1996,6,15598,50315,-34717
5357,1996,7,19963,1575,18388
5357,1996,8,10513,15,10498
5357,1996,9,10452,1515,8937
5357,1996,10,10487,2315,8172
5357,1996,11,10516,3715,6801
5357,1996,12,15698,8855,6843
5357,1997,1,10527,21775,-11248
5357,1997,2,10529,2615,7914
5357,1997,3,10547,7815,2732
5357,1997,4,10552,9815,737
5357,1997,5,10566,6215,4351
5357,1997,6,15724,39395,-23671
5357,1997,7,12405,4695,7710
5357,1997,8,10530,2015,8515
5357,1997,9,10558,6315,4243
5357,1997,10,10563,8515,2048
5357,1997,11,10574,7615,2959
5357,1997,12,15743,10015,5728
5357,1998,1,10593,24415,-13822
5357,1998,2,10546,15,10531
5357,1998,3,10606,5215,5391
5357,1998,4,10600,10415,185
5357,1998,5,10625,16615,-5990
5357,1998,6,15743,19995,-4252
5357,1998,7,10590,8315,2275
5357,1998,8,10580,4815,5765
5357,1998,9,10602,8815,1787
5357,1998,10,10611,5815,4796
5357,1998,11,10650,14495,-3845
5357,1998,12,15783,3700,12083
5358,1995,5,500,0,500
5358,1995,6,36527,4700,31827
5358,1995,7,24456,18100,6356
5358,1995,8,24478,20700,3778
5358,1995,9,24496,19700,4796
5358,1995,10,24502,25915,-1413
5358,1995,11,24504,28806,-4302
5358,1995,12,36672,31066,5606
5358,1996,1,24504,29106,-4602
5358,1996,2,24491,25206,-715
5358,1996,3,24500,22306,2194
5358,1996,4,24505,25106,-601
5358,1996,5,24500,24506,-6
5358,1996,6,36614,54426,-17812
5358,1996,7,24450,15206,9244
5358,1996,8,24464,24546,-82
5358,1996,9,24470,20306,4164
5358,1996,10,24468,28086,-3618
5358,1996,11,24460,26366,-1906
5358,1996,12,36654,24426,12228
5358,1997,1,24500,23806,694
5358,1997,2,24539,12645,11894
5358,1997,3,24540,28345,-3805
5358,1997,4,24516,30405,-5889
5358,1997,5,24498,30745,-6247
5358,1997,6,40087,32065,8022
5358,1997,7,24559,11845,12714
5358,1997,8,24571,24205,366
5358,1997,9,24572,23125,1447
5358,1997,10,24561,27985,-3424
5358,1997,11,24562,23145,1417
5358,1997,12,36749,29185,7564
5358,1998,1,24593,25585,-992
5358,1998,2,24579,27445,-2866
5358,1998,3,24581,23645,936
5358,1998,4,24592,21645,2947
5358,1998,5,24562,34805,-10243
5358,1998,6,36735,28125,8610
5358,1998,7,24580,41645,-17065
5358,1998,8,24564,27845,-3281
5358,1998,9,24543,29005,-4462
5358,1998,10,24532,21545,2987
5358,1998,11,24542,26145,-1603
5358,1998,12,36731,13850,22881
5362,1996,9,26238,0,26238
5362,1996,10,25847,0,25847
5362,1996,11,25612,13200,12412
5362,1996,12,38362,19900,18462
5362,1997,1,25637,87764,-62127
5362,1997,2,32194,19005,13189
5362,1997,3,26226,19805,6421
5362,1997,4,25533,23105,2428
5362,1997,5,25530,35658,-10128
5362,1997,6,38114,58103,-19989
5362,1997,7,34458,20005,14453
5362,1997,8,25487,22790,2697
5362,1997,9,27813,18631,9182
5362,1997,10,25526,29231,-3705
5362,1997,11,25539,29531,-3992
5362,1997,12,38190,52199,-14009
5362,1998,1,25439,28631,-3192
5362,1998,2,25441,24731,710
5362,1998,3,25458,28831,-3373
5362,1998,4,25429,24931,498
5362,1998,5,25445,25031,414
5362,1998,6,38147,30331,7816
5362,1998,7,25475,28831,-3356
5362,1998,8,25459,28631,-3172
5362,1998,9,25433,28131,-2698
5362,1998,10,25429,18631,6798
5362,1998,11,25463,20131,5332
5362,1998,12,38171,33607,4564
5366,1993,8,72691,0,72691
5366,1993,9,303,23200,-22897
5366,1993,10,303,12500,-12197
5366,1993,11,38581,7300,31281
5366,1993,12,137600,139415,-1815
5366,1994,1,89,67008,-66919
5366,1994,2,10303,9315,988
5366,1994,3,10106,15,10091
5366,1994,4,7358,3915,3443
5366,1994,5,6760,9015,-2255
5366,1994,6,4946,12915,-7969
5366,1994,7,8019,15,8004
5366,1994,8,21832,15,21817
5366,1994,9,40491,16680,23811
5366,1994,10,179,29066,-28887
5366,1994,11,113,15015,-14902
5366,1994,12,8691,8748,-57
5366,1995,1,15416,17715,-2299
5366,1995,2,49,3024,-2975
5366,1995,3,54425,19035,35390
5366,1995,4,138,27915,-27777
5366,1995,5,9750,17367,-7617
5366,1995,6,4037,4425,-388
5366,1995,7,2835,3015,-180
5366,1995,8,26187,12615,13572
5366,1995,9,15037,13905,1132
5366,1995,10,36911,32790,4121
5366,1995,11,68394,44515,23879
5366,1995,12,54450,50623,3827
5366,1996,1,28858,61515,-32657
5366,1996,2,71143,46477,24666
5366,1996,3,96607,46715,49892
5366,1996,4,48204,47115,1089
5366,1996,5,18717,80515,-61798
5366,1996,6,94359,96231,-1872
5366,1996,7,41819,41015,804
5366,1996,8,118619,114515,4104
5366,1996,9,28085,38526,-10441
5366,1996,10,111,26296,-26185
5366,1996,11,30017,18415,11602
5366,1996,12,65070,45515,19555
5366,1997,1,62,37015,-36953
5366,1997,2,16151,12040,4111
5366,1997,3,24666,26807,-2141
5366,1997,4,106660,41222,65438
5366,1997,5,244,50315,-50071
5366,1997,6,56,18700,-18644
5366,1997,7,50015,24824,25191
5366,1997,8,31259,22515,8744
5366,1997,9,120866,104912,15954
5366,1997,10,97853,89515,8338
5366,1997,11,42826,39715,3111
5366,1997,12,115314,101015,14299
5366,1998,1,18544,69515,-50971
5366,1998,2,65785,56041,9744
5366,1998,3,31850,46854,-15004
5366,1998,4,36948,43715,-6767
5366,1998,5,59332,28215,31117
5366,1998,6,38889,60477,-21588
5366,1998,7,69,30500,-30431
5366,1998,8,52801,43729,9072
5366,1998,9,0,21848,-21848
5366,1998,10,79403,60078,19325
5366,1998,11,10791,12682,-1891
5366,1998,12,38358,14881,23477
5369,1993,2,900,0,900
5369,1993,3,15254,0,15254
5369,1993,4,6315,0,6315
5369,1993,5,5740,600,5140
5369,1993,6,8579,8400,179
5369,1993,7,5761,2815,2946
5369,1993,8,5774,8215,-2441
5369,1993,9,5763,6715,-952
5369,1993,10,5859,4415,1444
5369,1993,11,5766,3215,2551
5369,1993,12,8613,8315,298
5369,1994,1,8846,19615,-10769
5369,1994,2,7537,4415,3122
5369,1994,3,5859,915,4944
5369,1994,4,5765,8015,-2250
5369,1994,5,5755,6015,-260
5369,1994,6,13565,14815,-1250
5369,1994,7,5752,2715,3037
5369,1994,8,5766,8215,-2449
5369,1994,9,5750,5515,235
5369,1994,10,5760,3415,2345
5369,1994,11,5769,1315,4454
5369,1994,12,8603,9815,-1212
5369,1995,1,6753,16215,-9462
5369,1995,2,8448,3415,5033
5369,1995,3,5759,3915,1844
5369,1995,4,5769,3115,2654
5369,1995,5,5778,4115,1663
5369,1995,6,12283,16615,-4332
5369,1995,7,5768,3715,2053
5369,1995,8,5767,7415,-1648
5369,1995,9,5770,3515,2255
5369,1995,10,5779,5315,464
5369,1995,11,5778,5015,763
5369,1995,12,8595,12315,-3720
5369,1996,1,5739,20515,-14776
5369,1996,2,6220,15,6205
5369,1996,3,5740,2115,3625
5369,1996,4,5754,1715,4039
5369,1996,5,5751,10315,-4564
5369,1996,6,8558,32916,-24358
5369,1996,7,13481,18,13463
5369,1996,8,6716,15,6701
5369,1996,9,5722,5815,-93
5369,1996,10,5723,5415,308
5369,1996,11,5721,7215,-1494
5369,1996,12,8537,11515,-2978
5369,1997,1,6597,15915,-9318
5369,1997,2,7991,2315,5676
5369,1997,3,5708,4815,893
5369,1997,4,5702,3915,1787
5369,1997,5,5710,4615,1095
5369,1997,6,8529,23315,-14786
5369,1997,7,10576,2315,8261
5369,1997,8,5684,4515,1169
5369,1997,9,8311,15,8296
5369,1997,10,5714,6315,-601
5369,1997,11,5714,5815,-101
5369,1997,12,8538,17715,-9177
5369,1998,1,5976,11215,-5239
5369,1998,2,5654,15,5639
5369,1998,3,5665,12115,-6450
5369,1998,4,5650,8915,-3265
5369,1998,5,5671,4816,855
5369,1998,6,8469,8622,-153
5369,1998,7,5646,9709,-4063
5369,1998,8,5643,8556,-2913
5369,1998,9,5643,1476,4167
5369,1998,10,5643,1248,4395
5369,1998,11,5646,7618,-1972
5369,1998,12,8475,11213,-2738
5372,1993,5,800,0,800
5372,1993,6,14400,0,14400
5372,1993,7,15421,0,15421
5372,1993,8,127,3200,-3073
5372,1993,9,127,2300,-2173
5372,1993,10,42668,2800,39868
5372,1993,11,271,18100,-17829
5372,1993,12,271,9500,-9229
5372,1994,1,271,4700,-4429
5372,1994,2,271,3800,-3529
5372,1994,3,271,900,-629
5372,1994,4,271,200,71
5372,1994,5,871,0,871
5372,1994,6,1371,0,1371
5372,1994,7,271,2000,-1729
5372,1994,8,2066,2400,-334
5372,1994,9,124,200,-76
5372,1994,10,124,300,-176
5372,1994,11,1124,0,1124
5372,1994,12,124,1000,-876
5372,1995,1,161636,175279,-13643
5372,1995,2,72348,41446,30902
5372,1995,3,104873,79715,25158
5372,1995,4,32452,31715,737
5372,1995,5,48592,87197,-38605
5372,1995,6,58037,70515,-12478
5372,1995,7,43043,18915,24128
5372,1995,8,35653,23515,12138
5372,1995,9,100274,92734,7540
5372,1995,10,74364,82051,-7687
5372,1995,11,46966,43015,3951
5372,1995,12,110838,98715,12123
5372,1996,1,112678,140315,-27637
5372,1996,2,194461,166115,28346
5372,1996,3,37527,51051,-13524
5372,1996,4,6896,26460,-19564
5372,1996,5,16566,9115,7451
5372,1996,6,113352,122505,-9153
5372,1996,7,39852,6515,33337
5372,1996,8,53718,35915,17803
5372,1996,9,23917,39915,-15998
5372,1996,10,74337,63867,10470
5372,1996,11,11217,16615,-5398
5372,1996,12,109815,119815,-10000
5372,1997,1,7267,54615,-47348
5372,1997,2,65172,13815,51357
5372,1997,3,306,6715,-6409
5372,1997,4,37618,1115,36503
5372,1997,5,104076,104615,-539
5372,1997,6,68961,63515,5446
5372,1997,7,36459,75815,-39356
5372,1997,8,77340,58615,18725
5372,1997,9,79401,88815,-9414
5372,1997,10,326,5315,-4989
5372,1997,11,14421,10015,4406
5372,1997,12,319,7115,-6796
5372,1998,1,8636,54015,-45379
5372,1998,2,27310,15,27295
5372,1998,3,14821,15,14806
5372,1998,4,8282,15,8267
5372,1998,5,2515,15,2500
5372,1998,6,27783,42615,-14832
5372,1998,7,12972,7515,5457
5372,1998,8,23880,25600,-1720
5372,1998,9,23660,15,23645
5372,1998,10,2905,29537,-26632
5372,1998,11,19168,15,19153
5372,1998,12,12455,5700,6755
5385,1993,5,500,0,500
5385,1993,6,22436,1800,20636
5385,1993,7,15039,5500,9539
5385,1993,8,15071,10900,4171
5385,1993,9,15084,13200,1884
5385,1993,10,15079,20584,-5505
5385,1993,11,15069,15484,-415
5385,1993,12,22540,29384,-6844
5385,1994,1,21313,28917,-7604
5385,1994,2,16417,12984,3433
5385,1994,3,15028,11284,3744
5385,1994,4,15046,11273,3773
5385,1994,5,15053,19485,-4432
5385,1994,6,22528,12873,9655
5385,1994,7,15076,14673,403
5385,1994,8,15068,18373,-3305
5385,1994,9,15047,21173,-6126
5385,1994,10,15034,16073,-1039
5385,1994,11,15032,14973,59
5385,1994,12,22507,21173,1334
5385,1995,1,15014,24673,-9659
5385,1995,2,22529,11273,11256
5385,1995,3,15041,16273,-1232
5385,1995,4,15033,17973,-2940
5385,1995,5,15032,13573,1459
5385,1995,6,27522,20873,6649
5385,1995,7,15070,12073,2997
5385,1995,8,15079,13373,1706
5385,1995,9,15090,12073,3017
5385,1995,10,15102,12273,2829
5385,1995,11,15103,16073,-970
5385,1995,12,22576,28873,-6297
5385,1996,1,15051,24073,-9022
5385,1996,2,21867,11273,10594
5385,1996,3,15085,13873,1212
5385,1996,4,15398,11273,4125
5385,1996,5,15080,26773,-11693
5385,1996,6,22551,12273,10278
5385,1996,7,15073,23906,-8833
5385,1996,8,16375,11273,5102
5385,1996,9,15293,11273,4020
5385,1996,10,15103,13573,1530
5385,1996,11,15045,37794,-22749
5385,1996,12,31126,19373,11753
5385,1997,1,22233,25373,-3140
5385,1997,2,15054,11273,3781
5385,1997,3,15068,15973,-905
5385,1997,4,15065,16673,-1608
5385,1997,5,15059,11673,3386
5385,1997,6,22552,19059,3493
5385,1997,7,15072,21473,-6401
5385,1997,8,15061,11473,3588
5385,1997,9,15075,12173,2902
5385,1997,10,15082,17673,-2591
5385,1997,11,15066,18984,-3918
5385,1997,12,22527,22173,354
5385,1998,1,18253,16373,1880
5385,1998,2,19272,11273,7999
5385,1998,3,17905,11273,6632
5385,1998,4,28473,37351,-8878
5385,1998,5,28475,23273,5202
5385,1998,6,25491,19073,6418
5385,1998,7,15139,13373,1766
5385,1998,8,19719,26794,-7075
5385,1998,9,17906,22073,-4167
5385,1998,10,15098,13673,1425
5385,1998,11,15096,26304,-11208
5385,1998,12,22543,14243,8300
5387,1993,10,10481,0,10481
5387,1993,11,17844,0,17844
5387,1993,12,15227,3200,12027
5387,1994,1,10219,10100,119
5387,1994,2,10223,10215,8
5387,1994,3,10216,13215,-2999
5387,1994,4,10195,10415,-220
5387,1994,5,10209,10615,-406
5387,1994,6,15225,30815,-15590
5387,1994,7,11261,3915,7346
5387,1994,8,10178,12015,-1837
5387,1994,9,10179,10315,-136
5387,1994,10,10170,8815,1355
5387,1994,11,10184,9415,769
5387,1994,12,15217,12715,2502
5387,1995,1,13475,16815,-3340
5387,1995,2,10179,7315,2864
5387,1995,3,10191,11415,-1224
5387,1995,4,10180,10815,-635
5387,1995,5,10187,6915,3272
5387,1995,6,21674,33915,-12241
5387,1995,7,10551,4015,6536
5387,1995,8,10176,5715,4461
5387,1995,9,10195,8515,1680
5387,1995,10,10199,9115,1084
5387,1995,11,10198,10715,-517
5387,1995,12,15233,16615,-1382
5387,1996,1,10184,14315,-4131
5387,1996,2,10175,9015,1160
5387,1996,3,10181,9115,1066
5387,1996,4,10178,10215,-37
5387,1996,5,10176,13915,-3739
5387,1996,6,15191,11415,3776
5387,1996,7,10173,12615,-2442
5387,1996,8,10168,12215,-2047
5387,1996,9,10153,12515,-2362
5387,1996,10,10149,11415,-1266
5387,1996,11,10156,6515,3641
5387,1996,12,15184,14115,1069
5387,1997,1,10157,16715,-6558
5387,1997,2,10139,9015,1124
5387,1997,3,10134,8315,1819
5387,1997,4,10142,12215,-2073
5387,1997,5,10143,7215,2928
5387,1997,6,15171,20215,-5044
5387,1997,7,10129,11015,-886
5387,1997,8,10128,9215,913
5387,1997,9,10127,11015,-888
5387,1997,10,10110,18215,-8105
5387,1997,11,10075,16115,-6040
5387,1997,12,15083,17119,-2036
5387,1998,1,10058,11517,-1459
5387,1998,2,10064,6817,3247
5387,1998,3,10069,8615,1454
5387,1998,4,10062,13015,-2953
5387,1998,5,10053,13918,-3865
5387,1998,6,15110,16210,-1100
5387,1998,7,10084,10000,84
5387,1998,8,10059,7828,2231
5387,1998,9,10051,9028,1023
5387,1998,10,10051,9322,729
5387,1998,11,10051,9826,225
5387,1998,12,15098,8300,6798
5395,1996,4,48857,0,48857
5395,1996,5,43539,32200,11339
5395,1996,6,80331,93115,-12784
5395,1996,7,197,7315,-7118
5395,1996,8,17801,20415,-2614
5395,1996,9,65058,45230,19828
5395,1996,10,220,16115,-15895
5395,1996,11,17239,3515,13724
5395,1996,12,33281,37815,-4534
5395,1997,1,41619,71380,-29761
5395,1997,2,9196,3115,6081
5395,1997,3,29565,19715,9850
5395,1997,4,6056,4315,1741
5395,1997,5,2245,11665,-9420
5395,1997,6,2622,2415,207
5395,1997,7,3123,2715,408
5395,1997,8,4322,5415,-1093
5395,1997,9,7925,4409,3516
5395,1997,10,4316,9461,-5145
5395,1997,11,42542,18709,23833
5395,1997,12,170,18709,-18539
5395,1998,1,13750,13120,630
5395,1998,2,98420,28409,70011
5395,1998,3,37769,71309,-33540
5395,1998,4,252,17509,-17257
5395,1998,5,45673,67972,-22299
5395,1998,6,71147,30268,40879
5395,1998,7,56255,51409,4846
5395,1998,8,241,31709,-31468
5395,1998,9,79280,45703,33577
5395,1998,10,34204,35635,-1431
5395,1998,11,218,37709,-37491
5395,1998,12,11216,12194,-978
5422,1994,10,18023,0,18023
5422,1994,11,78590,3800,74790
5422,1994,12,386,35100,-34714
5422,1995,1,31567,44315,-12748
5422,1995,2,58711,32502,26209
5422,1995,3,206,38525,-38319
5422,1995,4,8465,24802,-16337
5422,1995,5,83121,33031,50090
5422,1995,6,116165,128502,-12337
5422,1995,7,75877,51502,24375
5422,1995,8,70989,48920,22069
5422,1995,9,39849,69905,-30056
5422,1995,10,67002,35002,32000
5422,1995,11,48249,127402,-79153
5422,1995,12,67260,47874,19386
5422,1996,1,20055,43002,-22947
5422,1996,2,47113,28802,18311
5422,1996,3,90194,85402,4792
5422,1996,4,81388,34502,46886
5422,1996,5,102890,87502,15388
5422,1996,6,44670,63550,-18880
5422,1996,7,139367,127650,11717
5422,1996,8,69515,110950,-41435
5422,1996,9,21447,45115,-23668
5422,1996,10,93295,24256,69039
5422,1996,11,77833,94050,-16217
5422,1996,12,36899,90550,-53651
5422,1997,1,118139,68250,49889
5422,1997,2,83143,81237,1906
5422,1997,3,192,55566,-55374
5422,1997,4,64206,52766,11440
5422,1997,5,23710,31877,-8167
5422,1997,6,18590,16250,2340
5422,1997,7,103369,40750,62619
5422,1997,8,67168,97211,-30043
5422,1997,9,186,34750,-34564
5422,1997,10,45857,39904,5953
5422,1997,11,25976,18450,7526
5422,1997,12,95,31050,-30955
5422,1998,1,5850,10750,-4900
5422,1998,2,12956,10750,2206
5422,1998,3,9750,10750,-1000
5422,1998,4,20730,10750,9980
5422,1998,5,5671,12550,-6879
5422,1998,6,95011,48736,46275
5422,1998,7,180,26950,-26770
5422,1998,8,110,12150,-12040
5422,1998,9,7082,10750,-3668
5422,1998,10,20779,10750,10029
5422,1998,11,20794,10750,10044
5422,1998,12,23059,24707,-1648
5423,1993,5,300,0,300
5423,1993,7,66202,22500,43702
5423,1993,8,35645,25300,10345
5423,1993,9,56620,86330,-29710
5423,1993,10,14678,13147,1531
5423,1993,11,5169,13147,-7978
5423,1993,12,18578,13147,5431
5423,1994,1,9463,13147,-3684
5423,1994,2,9346,13147,-3801
5423,1994,3,9730,13147,-3417
5423,1994,4,25501,14847,10654
5423,1994,5,7560,13147,-5587
5423,1994,6,10139,13147,-3008
5423,1994,7,10128,13147,-3019
5423,1994,8,11,13157,-13146
5423,1994,9,15814,472,15342
5423,1994,10,12429,13147,-718
5423,1994,11,10625,13147,-2522
5423,1994,12,19557,13148,6409
5423,1995,1,7940,13147,-5207
5423,1995,2,36976,25074,11902
5423,1995,3,54678,13147,41531
5423,1995,4,12656,33047,-20391
5423,1995,5,42066,22647,19419
5423,1995,6,50156,44347,5809
5423,1995,7,196,33965,-33769
5423,1995,8,78234,18347,59887
5423,1995,9,23350,66947,-43597
5423,1995,10,63501,61617,1884
5423,1995,11,6494,26147,-19653
5423,1995,12,51347,16147,35200
5423,1996,1,29499,62974,-33475
5423,1996,2,46175,49771,-3596
5423,1996,3,60315,39897,20418
5423,1996,4,12963,39876,-26913
5423,1996,5,123476,68947,54529
5423,1996,6,241,36237,-35996
5423,1996,7,14429,22447,-8018
5423,1996,8,12251,20047,-7796
5423,1996,9,103068,33532,69536
5423,1996,10,6564,52447,-45883
5423,1996,11,24864,49569,-24705
5423,1996,12,37595,20347,17248
5423,1997,1,79085,36847,42238
5423,1997,2,127556,139047,-11491
5423,1997,3,10607,36747,-26140
5423,1997,4,127,23715,-23588
5423,1997,5,77305,34447,42858
5423,1997,6,52504,84747,-32243
5423,1997,7,2618,13147,-10529
5423,1997,8,29479,16141,13338
5423,1997,9,2831,13147,-10316
5423,1997,10,39014,22947,16067
5423,1997,11,123544,68347,55197
5423,1997,12,60058,79447,-19389
5423,1998,1,216,55047,-54831
5423,1998,2,4380,13147,-8767
5423,1998,3,15480,13147,2333
5423,1998,4,9673,13147,-3474
5423,1998,5,9257,13147,-3890
5423,1998,6,17937,13147,4790
5423,1998,7,4742,13147,-8405
5423,1998,8,54476,13147,41329
5423,1998,9,109,28747,-28638
5423,1998,10,5763,13147,-7384
5423,1998,11,12155,13147,-992
5423,1998,12,13555,13132,423
5428,1993,4,84513,0,84513
5428,1993,5,51915,83400,-31485
5428,1993,6,5960,32315,-26355
5428,1993,7,5578,22949,-17371
5428,1993,8,24756,12494,12262
5428,1993,9,41411,4715,36696
5428,1993,10,160,30796,-30636
5428,1993,11,33122,11896,21226
5428,1993,12,41236,28096,13140
5428,1994,1,55044,47096,7948
5428,1994,2,49819,42496,7323
5428,1994,3,31548,66806,-35258
5428,1994,4,91910,39496,52414
5428,1994,5,81736,93796,-12060
5428,1994,6,75254,103898,-28644
5428,1994,7,148,24496,-24348
5428,1994,8,10973,14496,-3523
5428,1994,9,366,13896,-13530
5428,1994,10,104118,46215,57903
5428,1994,11,127,62587,-62460
5428,1994,12,12142,6215,5927
5428,1995,1,2042,7296,-5254
5428,1995,2,33,6015,-5982
5428,1995,3,48249,15,48234
5428,1995,4,152,26796,-26644
5428,1995,5,57,16196,-16139
5428,1995,6,31,4715,-4684
5428,1995,7,59982,24796,35186
5428,1995,8,87,22696,-22609
5428,1995,9,353,5615,-5262
5428,1995,10,21307,9715,11592
5428,1995,11,45,12115,-12070
5428,1995,12,27815,14815,13000
5428,1996,1,37639,28815,8824
5428,1996,2,2117,12315,-10198
5428,1996,3,69,11515,-11446
5428,1996,4,89688,45915,43773
5428,1996,5,84220,100784,-16564
5428,1996,6,20406,30915,-10509
5428,1996,7,46788,8715,38073
5428,1996,8,181,36435,-36254
5428,1996,9,29358,39615,-10257
5428,1996,10,7004,5015,1989
5428,1996,11,81,4115,-4034
5428,1996,12,39310,6215,33095
5428,1997,1,43570,74886,-31316
5428,1997,2,46024,31015,15009
5428,1997,3,86532,38515,48017
5428,1997,4,82246,113915,-31669
5428,1997,5,26195,51597,-25402
5428,1997,6,39739,37915,1824
5428,1997,7,75,12715,-12640
5428,1997,8,0,15,-15
5428,1997,9,5188,6715,-1527
5428,1997,10,43433,15,43418
5428,1997,11,38267,64407,-26140
5428,1997,12,25878,29168,-3290
5428,1998,1,52697,55115,-2418
5428,1998,2,49078,14937,34141
5428,1998,3,54644,61511,-6867
5428,1998,4,159,21052,-20893
5428,1998,5,165422,81774,83648
5428,1998,6,42987,92515,-49528
5428,1998,7,200,32715,-32515
5428,1998,8,32230,9815,22415
5428,1998,9,84377,21361,63016
5428,1998,10,10340,80905,-70565
5428,1998,11,45971,15115,30856
5428,1998,12,84085,66786,17299
5429,1995,9,400,0,400
5429,1995,10,14900,0,14900
5429,1995,11,8950,3600,5350
5429,1995,12,13420,2700,10720
5429,1996,1,9008,9600,-592
5429,1996,2,9005,10015,-1010
5429,1996,3,9003,9215,-212
5429,1996,4,9000,9915,-915
5429,1996,5,8993,11715,-2722
5429,1996,6,17065,36337,-19272
5429,1996,7,8913,5415,3498
5429,1996,8,8929,5115,3814
5429,1996,9,8939,8015,924
5429,1996,10,8944,7615,1329
5429,1996,11,8947,8715,232
5429,1996,12,13389,16595,-3206
5429,1997,1,8907,20175,-11268
5429,1997,2,8900,3415,5485
5429,1997,3,8921,3915,5006
5429,1997,4,8920,13515,-4595
5429,1997,5,8899,15835,-6936
5429,1997,6,13328,11915,1413
5429,1997,7,8889,12516,-3627
5429,1997,8,8879,11732,-2853
5429,1997,9,8879,7447,1432
5429,1997,10,8879,12150,-3271
5429,1997,11,8879,11478,-2599
5429,1997,12,13318,14998,-1680
5429,1998,1,8879,13537,-4658
5429,1998,2,8879,7438,1441
5429,1998,3,8879,8130,749
5429,1998,4,8879,12554,-3675
5429,1998,5,8879,15815,-6936
5429,1998,6,13318,12930,388
5429,1998,7,8879,11362,-2483
5429,1998,8,8879,8023,856
5429,1998,9,8879,3606,5273
5429,1998,10,8879,11816,-2937
5429,1998,11,8879,7412,1467
5429,1998,12,13318,9781,3537
5442,1993,3,42667,0,42667
5442,1993,4,76892,37515,39377
5442,1993,5,26534,54312,-27778
5442,1993,6,42298,53012,-10714
5442,1993,7,135,17612,-17477
5442,1993,8,19628,18212,1416
5442,1993,9,54776,44712,10064
5442,1993,10,41350,60865,-19515
5442,1993,11,8951,16612,-7661
5442,1993,12,23129,11212,11917
5442,1994,1,46807,53092,-6285
5442,1994,2,14354,19712,-5358
5442,1994,3,11939,11213,726
5442,1994,4,10535,11212,-677
5442,1994,5,10333,11212,-879
5442,1994,6,8325,11213,-2888
5442,1994,7,17931,11215,6716
5442,1994,8,20696,11212,9484
5442,1994,9,6860,18493,-11633
5442,1994,10,9441,11212,-1771
5442,1994,11,8529,11212,-2683
5442,1994,12,9625,11212,-1587
5442,1995,1,5,11253,-11248
5442,1995,2,35894,23107,12787
5442,1995,3,41554,27494,14060
5442,1995,4,18622,18493,129
5442,1995,5,14905,24893,-9988
5442,1995,6,14,11212,-11198
5442,1995,7,0,3119,-3119
5442,1995,8,60638,3123,57515
5442,1995,9,41363,46493,-5130
5442,1995,10,95,35993,-35898
5442,1995,11,14,14014,-14000
5442,1995,12,0,3124,-3124
5442,1996,1,93753,16041,77712
5442,1996,2,24945,56849,-31904
5442,1996,3,17939,40293,-22354
5442,1996,4,65528,55693,9835
5442,1996,5,128420,115893,12527
5442,1996,6,71169,88912,-17743
5442,1996,7,62198,18612,43586
5442,1996,8,74960,52912,22048
5442,1996,9,177,63312,-63135
5442,1996,10,36,25912,-25876
5442,1996,11,36261,2085,34176
5442,1996,12,44182,52312,-8130
5442,1997,1,53,19012,-18959
5442,1997,2,27,3102,-3075
5442,1997,3,40582,31802,8780
5442,1997,4,13350,11212,2138
5442,1997,5,37,11212,-11175
5442,1997,6,12,3102,-3090
5442,1997,7,7,2085,-2078
5442,1997,8,49208,15474,33734
5442,1997,9,15040,31012,-15972
5442,1997,10,6592,16712,-10120
5442,1997,11,47768,21112,26656
5442,1997,12,23536,25012,-1476
5442,1998,1,100535,96771,3764
5442,1998,2,29996,19612,10384
5442,1998,3,15129,21012,-5883
5442,1998,4,34682,52412,-17730
5442,1998,5,38749,11212,27537
5442,1998,6,18085,26712,-8627
5442,1998,7,25500,11212,14288
5442,1998,8,89913,84012,5901
5442,1998,9,88289,81512,6777
5442,1998,10,103295,75370,27925
5442,1998,11,36812,99012,-62200
5442,1998,12,89458,40597,48861
5445,1997,2,1000,0,1000
5445,1997,3,17443,0,17443
5445,1997,4,13212,700,12512
5445,1997,5,13254,7600,5654
5445,1997,6,19841,10700,9141
5445,1997,7,13314,15722,-2408
5445,1997,8,13286,26874,-13588
5445,1997,9,13261,6722,6539
5445,1997,10,13267,21908,-8641
5445,1997,11,14544,10008,4536
5445,1997,12,19829,15608,4221
5445,1998,1,16439,32808,-16369
5445,1998,2,17929,5808,12121
5445,1998,3,13248,14708,-1460
5445,1998,4,13259,7608,5651
5445,1998,5,13256,23108,-9852
5445,1998,6,19800,20530,-730
5445,1998,7,13641,11808,1833
5445,1998,8,15520,19908,-4388
5445,1998,9,15638,5808,9830
5445,1998,10,13270,6808,6462
5445,1998,11,13272,21344,-8072
5445,1998,12,19808,29132,-9324
5472,1993,5,5059,0,5059
5472,1993,6,17886,0,17886
5472,1993,7,4653,0,4653
5472,1993,8,4469,900,3569
5472,1993,9,4471,6615,-2144
5472,1993,10,4467,4415,52
5472,1993,11,4466,3015,1451
5472,1993,12,6656,10715,-4059
5472,1994,1,11236,16915,-5679
5472,1994,2,4732,15,4717
5472,1994,3,4452,3615,837
5472,1994,4,4455,1715,2740
5472,1994,5,4466,5915,-1449
5472,1994,6,15418,23215,-7797
5472,1994,7,4430,615,3815
5472,1994,8,4446,1215,3231
5472,1994,9,4458,2715,1743
5472,1994,10,4466,4515,-49
5472,1994,11,4465,3215,1250
5472,1994,12,6651,8115,-1464
5472,1995,1,9238,18215,-8977
5472,1995,2,4426,15,4411
5472,1995,3,4448,215,4233
5472,1995,4,4461,4715,-254
5472,1995,5,4460,6515,-2055
5472,1995,6,6626,5515,1111
5472,1995,7,5554,7515,-1961
5472,1995,8,4451,2515,1936
5472,1995,9,4454,6215,-1761
5472,1995,10,4445,6615,-2170
5472,1995,11,4437,6315,-1878
5472,1995,12,6610,6015,595
5472,1996,1,6508,16315,-9807
5472,1996,2,4400,415,3985
5472,1996,3,4413,2715,1698
5472,1996,4,4417,4515,-98
5472,1996,5,4419,2715,1704
5472,1996,6,6577,19515,-12938
5472,1996,7,5180,15,5165
5472,1996,8,5000,5715,-715
5472,1996,9,4498,15,4483
5472,1996,10,4406,4715,-309
5472,1996,11,4414,715,3699
5472,1996,12,6600,5515,1085
5472,1997,1,7280,20115,-12835
5472,1997,2,8887,2815,6072
5472,1997,3,4608,15,4593
5472,1997,4,4417,3915,502
5472,1997,5,4416,5115,-699
5472,1997,6,6557,22915,-16358
5472,1997,7,7968,15,7953
5472,1997,8,4388,1315,3073
5472,1997,9,4403,115,4288
5472,1997,10,4415,2415,2000
5472,1997,11,4412,7815,-3403
5472,1997,12,6562,11215,-4653
5472,1998,1,4353,14420,-10067
5472,1998,2,4348,2417,1931
5472,1998,3,4352,3715,637
5472,1998,4,4361,1315,3046
5472,1998,5,4365,4715,-350
5472,1998,6,6541,5015,1526
5472,1998,7,4369,4915,-546
5472,1998,8,4373,4315,58
5472,1998,9,4371,3415,956
5472,1998,10,4369,5515,-1146
5472,1998,11,4362,5915,-1553
5472,1998,12,6542,4900,1642
5477,1995,12,39997,0,39997
5477,1996,1,39712,7600,32112
5477,1996,2,300,25600,-25300
5477,1996,3,300,8400,-8100
5477,1996,4,72507,67600,4907
5477,1996,5,64773,15615,49158
5477,1996,6,29145,63857,-34712
5477,1996,7,28591,29522,-931
5477,1996,8,75600,34457,41143
5477,1996,9,34442,55407,-20965
5477,1996,10,29121,67757,-38636
5477,1996,11,25498,28357,-2859
5477,1996,12,205,16957,-16752
5477,1997,1,38295,32157,6138
5477,1997,2,76174,12057,64117
5477,1997,3,54678,61957,-7279
5477,1997,4,73017,68257,4760
5477,1997,5,65423,70857,-5434
5477,1997,6,18869,58157,-39288
5477,1997,7,139,11357,-11218
5477,1997,8,45332,18257,27075
5477,1997,9,135654,129557,6097
5477,1997,10,76428,63436,12992
5477,1997,11,91835,64636,27199
5477,1997,12,32955,73536,-40581
5477,1998,1,24717,52436,-27719
5477,1998,2,56690,27536,29154
5477,1998,3,58951,60068,-1117
5477,1998,4,79480,34436,45044
5477,1998,5,172439,185436,-12997
5477,1998,6,61285,62436,-1151
5477,1998,7,245,44020,-43775
5477,1998,8,43251,26236,17015
5477,1998,9,25265,24236,1029
5477,1998,10,31504,22736,8768
5477,1998,11,125977,97050,28927
5477,1998,12,55609,67321,-11712
5481,1993,8,1000,0,1000
5481,1993,9,36500,5900,30600
5481,1993,10,36594,22100,14494
5481,1993,11,36645,26800,9845
5481,1993,12,54829,72100,-17271
5481,1994,1,36568,56815,-20247
5481,1994,2,36559,15815,20744
5481,1994,3,36601,33613,2988
5481,1994,4,36616,45015,-8399
5481,1994,5,36609,31315,5294
5481,1994,6,54851,55447,-596
5481,1994,7,36625,25115,11510
5481,1994,8,36600,64240,-27640
5481,1994,9,36576,18873,17703
5481,1994,10,36622,28473,8149
5481,1994,11,36582,55007,-18425
5481,1994,12,54817,46456,8361
5481,1995,1,36564,57173,-20609
5481,1995,2,36576,15173,21403
5481,1995,3,36614,30644,5970
5481,1995,4,36637,50737,-14100
5481,1995,5,36594,29208,7386
5481,1995,6,54874,34373,20501
5481,1995,7,36593,60492,-23899
5481,1995,8,37582,8483,29099
5481,1995,9,36630,69216,-32586
5481,1995,10,36665,6073,30592
5481,1995,11,36706,33017,3689
5481,1995,12,55012,25873,29139
5481,1996,1,36692,83773,-47081
5481,1996,2,36721,9173,27548
5481,1996,3,36776,31373,5403
5481,1996,4,36791,29473,7318
5481,1996,5,36819,30273,6546
5481,1996,6,54873,111973,-57100
5481,1996,7,36681,26173,10508
5481,1996,8,36722,23973,12749
5481,1996,9,36749,36973,-224
5481,1996,10,36748,34673,2075
5481,1996,11,36760,37073,-313
5481,1996,12,54901,82773,-27872
5481,1997,1,39108,45523,-6415
5481,1997,2,36619,17673,18946
5481,1997,3,36671,35200,1471
5481,1997,4,36700,28573,8127
5481,1997,5,36687,46035,-9348
5481,1997,6,54935,47962,6973
5481,1997,7,36731,36273,458
5481,1997,8,36725,33037,3688
5481,1997,9,36701,68265,-31564
5481,1997,10,36602,25719,10883
5481,1997,11,36631,39309,-2678
5481,1997,12,54906,33773,21133
5481,1998,1,36640,64273,-27633
5481,1998,2,36574,35043,1531
5481,1998,3,38016,26891,11125
5481,1998,4,36659,21673,14986
5481,1998,5,36699,37727,-1028
5481,1998,6,54910,61344,-6434
5481,1998,7,36675,30466,6209
5481,1998,8,36698,35218,1480
5481,1998,9,36689,38225,-1536
5481,1998,10,36696,30915,5781
5481,1998,11,36680,45183,-8503
5481,1998,12,55003,10700,44303
5483,1993,3,1100,0,1100
5483,1993,4,20114,0,20114
5483,1993,5,16097,5600,10497
5483,1993,6,24142,13700,10442
5483,1993,7,16176,17200,-1024
5483,1993,8,16174,14615,1559
5483,1993,9,16167,25838,-9671
5483,1993,10,19411,27893,-8482
5483,1993,11,16116,5815,10301
5483,1993,12,24186,18915,5271
5483,1994,1,24195,59387,-35192
5483,1994,2,19255,6315,12940
5483,1994,3,23971,23141,830
5483,1994,4,16095,3815,12280
5483,1994,5,16723,18856,-2133
5483,1994,6,24121,32854,-8733
5483,1994,7,26579,26377,202
5483,1994,8,16080,22864,-6784
5483,1994,9,18479,12315,6164
5483,1994,10,20398,12357,8041
5483,1994,11,17508,19971,-2463
5483,1994,12,24139,11415,12724
5483,1995,1,16138,54015,-37877
5483,1995,2,21844,15,21829
5483,1995,3,18417,18315,102
5483,1995,4,16121,2015,14106
5483,1995,5,16162,11015,5147
5483,1995,6,24177,25015,-838
5483,1995,7,16173,14515,1658
5483,1995,8,16186,11915,4271
5483,1995,9,16184,21015,-4831
5483,1995,10,16179,13915,2264
5483,1995,11,16183,20715,-4532
5483,1995,12,24197,14815,9382
5483,1996,1,25225,59127,-33902
5483,1996,2,21078,19297,1781
5483,1996,3,17583,14115,3468
5483,1996,4,18034,15,18019
5483,1996,5,16185,6915,9270
5483,1996,6,24192,53615,-29423
5483,1996,7,17824,5715,12109
5483,1996,8,16151,11015,5136
5483,1996,9,17801,15,17786
5483,1996,10,16253,5715,10538
5483,1996,11,16292,7215,9077
5483,1996,12,24339,23615,724
5483,1997,1,16228,57177,-40949
5483,1997,2,27084,12015,15069
5483,1997,3,19758,15,19743
5483,1997,4,21839,34380,-12541
5483,1997,5,16273,1015,15258
5483,1997,6,24225,59815,-35590
5483,1997,7,22210,15,22195
5483,1997,8,16222,27996,-11774
5483,1997,9,18341,15,18326
5483,1997,10,16251,21882,-5631
5483,1997,11,16241,20822,-4581
5483,1997,12,24203,40179,-15976
5483,1998,1,36810,50657,-13847
5483,1998,2,16102,13274,2828
5483,1998,3,28887,13736,15151
5483,1998,4,17405,6315,11090
5483,1998,5,20375,42395,-22020
5483,1998,6,30205,34215,-4010
5483,1998,7,19412,9915,9497
5483,1998,8,24444,31666,-7222
5483,1998,9,33383,37539,-4156
5483,1998,10,16104,4015,12089
5483,1998,11,25734,37748,-12014
5483,1998,12,24164,1800,22364
5505,1996,4,1000,0,1000
5505,1996,5,10800,0,10800
5505,1996,6,10109,2300,7809
5505,1996,7,82,800,-718
5505,1996,8,19143,5200,13943
5505,1996,9,33923,21800,12123
5505,1996,10,53370,36015,17355
5505,1996,11,257,16715,-16458
5505,1996,12,181,7515,-7334
5505,1997,1,8581,48917,-40336
5505,1997,2,21539,10827,10712
5505,1997,3,32263,9528,22735
5505,1997,4,120559,118888,1671
5505,1997,5,38904,23815,15089
5505,1997,6,26923,53502,-26579
5505,1997,7,26921,21872,5049
5505,1997,8,1306,5715,-4409
5505,1997,9,47850,24381,23469
5505,1997,10,20719,15115,5604
5505,1997,11,113742,82815,30927
5505,1997,12,60659,92673,-32014
5505,1998,1,6256,33415,-27159
5505,1998,2,48344,55546,-7202
5505,1998,3,49268,31983,17285
5505,1998,4,25094,17677,7417
5505,1998,5,84259,61815,22444
5505,1998,6,115873,144188,-28315
5505,1998,7,18274,9315,8959
5505,1998,8,9081,10003,-922
5505,1998,9,112782,49320,63462
5505,1998,10,78552,94059,-15507
5505,1998,11,30874,41598,-10724
5505,1998,12,33356,29713,3643
5541,1995,3,300,0,300
5541,1995,4,18364,0,18364
5541,1995,5,7227,1800,5427
5541,1995,6,10824,3000,7824
5541,1995,7,7276,6900,376
5541,1995,8,7280,5115,2165
5541,1995,9,7280,12077,-4797
5541,1995,10,7264,7677,-413
5541,1995,11,7257,9977,-2720
5541,1995,12,10826,11677,-851
5541,1996,1,12232,19877,-7645
5541,1996,2,11227,5977,5250
5541,1996,3,8447,4377,4070
5541,1996,4,10567,4477,6090
5541,1996,5,7688,4877,2811
5541,1996,6,10842,32677,-21835
5541,1996,7,12911,8477,4434
5541,1996,8,12830,6957,5873
5541,1996,9,7852,4457,3395
5541,1996,10,7264,4657,2607
5541,1996,11,7266,8757,-1491
5541,1996,12,11551,5357,6194
5541,1997,1,12473,18857,-6384
5541,1997,2,16080,7757,8323
5541,1997,3,7299,5857,1442
5541,1997,4,8707,7457,1250
5541,1997,5,7312,5357,1955
5541,1997,6,10853,28857,-18004
5541,1997,7,18880,4457,14423
5541,1997,8,12021,4457,7564
5541,1997,9,7739,4457,3282
5541,1997,10,8052,7157,895
5541,1997,11,7346,7257,89
5541,1997,12,10910,14557,-3647
5541,1998,1,7303,23357,-16054
5541,1998,2,9869,8557,1312
5541,1998,3,15196,7257,7939
5541,1998,4,8816,5357,3459
5541,1998,5,11733,12057,-324
5541,1998,6,12251,32157,-19906
5541,1998,7,24499,4457,20042
5541,1998,8,11138,4457,6681
5541,1998,9,10463,4457,6006
5541,1998,10,8983,4457,4526
5541,1998,11,9595,10757,-1162
5541,1998,12,11370,5342,6028
5546,1993,5,600,0,600
5546,1993,6,38073,5100,32973
5546,1993,7,25513,19800,5713
5546,1993,8,25535,22300,3235
5546,1993,9,25548,22300,3248
5546,1993,10,25567,24720,847
5546,1993,11,25565,23315,2250
5546,1993,12,38286,50277,-11991
5546,1994,1,27077,59115,-32038
5546,1994,2,27616,7215,20401
5546,1994,3,25496,20114,5382
5546,1994,4,25531,18215,7316
5546,1994,5,25542,22215,3327
5546,1994,6,38210,66983,-28773
5546,1994,7,25432,26447,-1015
5546,1994,8,25430,19170,6260
5546,1994,9,25460,43058,-17598
5546,1994,10,25397,15485,9912
5546,1994,11,25432,21316,4116
5546,1994,12,38153,24247,13906
5546,1995,1,25475,54116,-28641
5546,1995,2,25402,15762,9640
5546,1995,3,25444,3615,21829
5546,1995,4,25513,16515,8998
5546,1995,5,25537,24415,1122
5546,1995,6,38231,43815,-5584
5546,1995,7,25522,22315,3207
5546,1995,8,25499,42758,-17259
5546,1995,9,25480,18873,6607
5546,1995,10,25493,25115,378
5546,1995,11,27655,38373,-10718
5546,1995,12,38160,34771,3389
5546,1996,1,25438,43115,-17677
5546,1996,2,25440,3415,22025
5546,1996,3,25489,21309,4180
5546,1996,4,25511,17815,7696
5546,1996,5,25535,21115,4420
5546,1996,6,38242,32315,5927
5546,1996,7,25599,34615,-9016
5546,1996,8,35292,43165,-7873
5546,1996,9,25519,18815,6704
5546,1996,10,25526,33240,-7714
5546,1996,11,25541,7515,18026
5546,1996,12,38296,19315,18981
5546,1997,1,25536,62815,-37279
5546,1997,2,30610,24320,6290
5546,1997,3,25524,27493,-1969
5546,1997,4,25550,14015,11535
5546,1997,5,25561,20229,5332
5546,1997,6,38265,55215,-16950
5546,1997,7,25527,34446,-8919
5546,1997,8,25508,12715,12793
5546,1997,9,25544,21585,3959
5546,1997,10,25533,27515,-1982
5546,1997,11,25468,36070,-10602
5546,1997,12,38214,26118,12096
5546,1998,1,25456,62515,-37059
5546,1998,2,34876,15,34861
5546,1998,3,25560,19700,5860
5546,1998,4,25586,13215,12371
5546,1998,5,25628,16715,8913
5546,1998,6,38272,50126,-11854
5546,1998,7,25545,53505,-27960
5546,1998,8,25477,20690,4787
5546,1998,9,25496,17915,7581
5546,1998,10,25528,18215,7313
5546,1998,11,25556,24315,1241
5546,1998,12,38308,24263,14045
5572,1997,8,84356,0,84356
5572,1997,9,38354,69100,-30746
5572,1997,10,509,15700,-15191
5572,1997,11,16143,14000,2143
5572,1997,12,46187,6815,39372
5572,1998,1,37553,72568,-35015
5572,1998,2,122,19629,-19507
5572,1998,3,8090,13929,-5839
5572,1998,4,8162,13929,-5767
5572,1998,5,14559,13677,882
5572,1998,6,16176,13677,2499
5572,1998,7,51045,30612,20433
5572,1998,8,35313,18679,16634
5572,1998,9,30645,24677,5968
5572,1998,10,33273,28577,4696
5572,1998,11,157,33777,-33620
5572,1998,12,45981,27368,18613
5574,1994,7,900,0,900
5574,1994,8,47806,11200,36606
5574,1994,9,47910,31100,16810
5574,1994,10,47964,37300,10664
5574,1994,11,47897,78300,-30403
5574,1994,12,71740,63908,7832
5574,1995,1,47856,69708,-21852
5574,1995,2,47846,35008,12838
5574,1995,3,47831,58224,-10393
5574,1995,4,47856,40587,7269
5574,1995,5,47840,57208,-9368
5574,1995,6,71695,74753,-3058
5574,1995,7,47813,42243,5570
5574,1995,8,47830,51608,-3778
5574,1995,9,49395,19183,30212
5574,1995,10,47964,41225,6739
5574,1995,11,47948,59276,-11328
5574,1995,12,71901,29608,42293
5574,1996,1,47985,76208,-28223
5574,1996,2,47964,43257,4707
5574,1996,3,47950,67456,-19506
5574,1996,4,47899,65769,-17870
5574,1996,5,47905,40546,7359
5574,1996,6,71904,21727,50177
5574,1996,7,47984,100573,-52589
5574,1996,8,47905,43287,4618
5574,1996,9,47948,23027,24921
5574,1996,10,48048,60327,-12279
5574,1996,11,48043,48527,-484
5574,1996,12,71903,63398,8505
5574,1997,1,47982,72027,-24045
5574,1997,2,47951,40927,7024
5574,1997,3,47982,43427,4555
5574,1997,4,47944,49008,-1064
5574,1997,5,47955,45108,2847
5574,1997,6,71804,83008,-11204
5574,1997,7,47935,39208,8727
5574,1997,8,47981,44408,3573
5574,1997,9,47956,52308,-4352
5574,1997,10,47963,36608,11355
5574,1997,11,47999,42008,5991
5574,1997,12,71870,82908,-11038
5574,1998,1,47968,54308,-6340
5574,1998,2,47976,36208,11768
5574,1998,3,48016,42608,5408
5574,1998,4,48014,48897,-883
5574,1998,5,48009,44908,3101
5574,1998,6,71849,83208,-11359
5574,1998,7,47978,36508,11470
5574,1998,8,48017,44208,3809
5574,1998,9,48032,47308,724
5574,1998,10,48032,62208,-14176
5574,1998,11,47982,38308,9674
5574,1998,12,71846,77078,-5232
5591,1996,3,1000,0,1000
5591,1996,4,23441,0,23441
5591,1996,5,22318,9400,12918
5591,1996,6,33464,21200,12264
5591,1996,7,22407,16700,5707
5591,1996,8,22414,45861,-23447
5591,1996,9,22353,14055,8298
5591,1996,10,22354,24121,-1767
5591,1996,11,22360,32903,-10543
5591,1996,12,33453,25857,7596
5591,1997,1,22345,28357,-6012
5591,1997,2,22337,14455,7882
5591,1997,3,22347,21355,992
5591,1997,4,22327,37042,-14715
5591,1997,5,22306,16874,5432
5591,1997,6,33456,16655,16801
5591,1997,7,22384,21255,1129
5591,1997,8,22383,24755,-2372
5591,1997,9,22411,11255,11156
5591,1997,10,22372,37639,-15267
5591,1997,11,22388,13355,9033
5591,1997,12,33513,29865,3648
5591,1998,1,22413,30655,-8242
5591,1998,2,22411,11855,10556
5591,1998,3,22439,16555,5884
5591,1998,4,22446,23541,-1095
5591,1998,5,22451,19155,3296
5591,1998,6,33549,41055,-7506
5591,1998,7,22434,18955,3479
5591,1998,8,22429,28715,-6286
5591,1998,9,22433,15455,6978
5591,1998,10,22402,35055,-12653
5591,1998,11,22403,20855,1548
5591,1998,12,33540,18740,14800
5593,1996,2,800,0,800
5593,1996,3,94977,33600,61377
5593,1996,4,259,21200,-20941
5593,1996,5,32531,52463,-19932
5593,1996,6,32071,29361,2710
5593,1996,7,132648,107726,24922
5593,1996,8,40067,43064,-2997
5593,1996,9,35156,44923,-9767
5593,1996,10,46295,63437,-17142
5593,1996,11,9564,9762,-198
5593,1996,12,51855,9762,42093
5593,1997,1,80399,53503,26896
5593,1997,2,315,31662,-31347
5593,1997,3,128342,103144,25198
5593,1997,4,37141,34938,2203
5593,1997,5,301,26762,-26461
5593,1997,6,55412,17962,37450
5593,1997,7,78833,127813,-48980
5593,1997,8,95627,48764,46863
5593,1997,9,29179,97676,-68497
5593,1997,10,23151,15064,8087
5593,1997,11,23376,35630,-12254
5593,1997,12,44753,25164,19589
5593,1998,1,65070,39164,25906
5593,1998,2,75367,44164,31203
5593,1998,3,69340,65364,3976
5593,1998,4,24651,60064,-35413
5593,1998,5,70850,69264,1586
5593,1998,6,237,11964,-11727
5593,1998,7,51188,32364,18824
5593,1998,8,16606,22564,-5958
5593,1998,9,112362,131864,-19502
5593,1998,10,116645,82464,34181
5593,1998,11,126190,116364,9826
5593,1998,12,44433,74349,-29916
5602,1996,7,111643,37100,74543
5602,1996,8,85309,57400,27909
5602,1996,9,90959,115367,-24408
5602,1996,10,95354,79200,16154
5602,1996,11,356,44200,-43844
5602,1996,12,148,22900,-22752
5602,1997,1,77,11200,-11123
5602,1997,2,7675,2900,4775
5602,1997,3,3687,4300,-613
5602,1997,4,4087,5600,-1513
5602,1997,5,6687,3100,3587
5602,1997,6,989,3700,-2711
5602,1997,7,1178,2800,-1622
5602,1997,8,74,3600,-3526
5602,1997,9,5665,3900,1765
5602,1997,10,5180,2300,2880
5602,1997,11,3782,5900,-2118
5602,1997,12,2672,100,2572
5602,1998,1,137135,100698,36437
5602,1998,2,15401,3798,11603
5602,1998,3,38728,47434,-8706
5602,1998,4,112,34498,-34386
5602,1998,5,11204,3798,7406
5602,1998,6,157087,126898,30189
5602,1998,7,37869,44263,-6394
5602,1998,8,30318,33711,-3393
5602,1998,9,23851,20198,3653
5602,1998,10,79320,84851,-5531
5602,1998,11,18737,20506,-1769
5602,1998,12,69533,49043,20490
5622,1993,2,58223,0,58223
5622,1993,3,43323,14900,28423
5622,1993,4,41306,66300,-24994
5622,1993,5,82995,81810,1185
5622,1993,6,76566,46476,30090
5622,1993,7,63635,79002,-15367
5622,1993,8,68152,98851,-30699
5622,1993,9,32592,51960,-19368
5622,1993,10,59309,35892,23417
5622,1993,11,167188,161184,6004
5622,1993,12,82130,61415,20715
5622,1994,1,38615,69015,-30400
5622,1994,2,23326,33515,-10189
5622,1994,3,94024,57415,36609
5622,1994,4,80518,70015,10503
5622,1994,5,40843,39715,1128
5622,1994,6,30343,53615,-23272
5622,1994,7,56869,23315,33554
5622,1994,8,79335,69215,10120
5622,1994,9,88566,103006,-14440
5622,1994,10,40474,64315,-23841
5622,1994,11,94003,100433,-6430
5622,1994,12,39231,45033,-5802
5622,1995,1,44634,51133,-6499
5622,1995,2,29536,25333,4203
5622,1995,3,49771,40033,9738
5622,1995,4,3303,24292,-20989
5622,1995,5,48100,25133,22967
5622,1995,6,9887,17833,-7946
5622,1995,7,86577,65621,20956
5622,1995,8,253,26433,-26180
5622,1995,9,15352,22800,-7448
5622,1995,10,12151,13833,-1682
5622,1995,11,30077,17515,12562
5622,1995,12,43190,30615,12575
5622,1996,1,62498,95619,-33121
5622,1996,2,16232,11815,4417
5622,1996,3,40138,21515,18623
5622,1996,4,4821,6915,-2094
5622,1996,5,15766,25831,-10065
5622,1996,6,45337,35965,9372
5622,1996,7,107441,116736,-9295
5622,1996,8,13575,13415,160
5622,1996,9,14780,17615,-2835
5622,1996,10,17462,13215,4247
5622,1996,11,40046,30115,9931
5622,1996,12,10593,21615,-11022
5622,1997,1,13569,18715,-5146
5622,1997,2,16553,12615,3938
5622,1997,3,16273,12715,3558
5622,1997,4,14999,12615,2384
5622,1997,5,12903,14115,-1212
5622,1997,6,14095,13715,380
5622,1997,7,13287,14215,-928
5622,1997,8,12274,12715,-441
5622,1997,9,10990,23015,-12025
5622,1997,10,17961,6915,11046
5622,1997,11,13981,13215,766
5622,1997,12,9679,12815,-3136
5622,1998,1,12080,12915,-835
5622,1998,2,15780,12915,2865
5622,1998,3,62505,37082,25423
5622,1998,4,49509,27882,21627
5622,1998,5,316,19615,-19299
5622,1998,6,9481,13515,-4034
5622,1998,7,39875,14915,24960
5622,1998,8,7369,23915,-16546
5622,1998,9,4478,18215,-13737
5622,1998,10,11152,13615,-2463
5622,1998,11,19085,13615,5470
5622,1998,12,13767,14100,-333
5628,1994,6,200,0,200
5628,1994,7,21361,0,21361
5628,1994,8,13924,6200,7724
5628,1994,9,13944,11900,2044
5628,1994,10,13960,8900,5060
5628,1994,11,13970,17815,-3845
5628,1994,12,20878,17375,3503
5628,1995,1,15329,32615,-17286
5628,1995,2,13917,5815,8102
5628,1995,3,13936,11315,2621
5628,1995,4,13950,10915,3035
5628,1995,5,13951,15472,-1521
5628,1995,6,20863,18272,2591
5628,1995,7,13949,19672,-5723
5628,1995,8,13935,19932,-5997
5628,1995,9,13920,11572,2348
5628,1995,10,13937,8072,5865
5628,1995,11,13946,13472,474
5628,1995,12,20859,20012,847
5628,1996,1,13917,32632,-18715
5628,1996,2,21027,3772,17255
5628,1996,3,13955,11872,2083
5628,1996,4,13969,8892,5077
5628,1996,5,13989,9272,4717
5628,1996,6,20857,43632,-22775
5628,1996,7,18847,3772,15075
5628,1996,8,13987,6072,7915
5628,1996,9,14003,11372,2631
5628,1996,10,13988,26692,-12704
5628,1996,11,13967,9372,4595
5628,1996,12,20886,19832,1054
5628,1997,1,13920,35632,-21712
5628,1997,2,16826,3772,13054
5628,1997,3,16770,7132,9638
5628,1997,4,14000,7772,6228
5628,1997,5,14013,11572,2441
5628,1997,6,20930,24332,-3402
5628,1997,7,14012,18872,-4860
5628,1997,8,14015,17972,-3957
5628,1997,9,13984,14872,-888
5628,1997,10,13982,12052,1930
5628,1997,11,13988,19452,-5464
5628,1997,12,20894,19312,1582
5628,1998,1,13947,23012,-9065
5628,1998,2,13936,9972,3964
5628,1998,3,13952,11372,2580
5628,1998,4,13962,11572,2390
5628,1998,5,13971,12572,1399
5628,1998,6,20904,12472,8432
5628,1998,7,14011,12372,1639
5628,1998,8,14010,18772,-4762
5628,1998,9,13993,15172,-1179
5628,1998,10,13985,17572,-3587
5628,1998,11,13969,16972,-3003
5628,1998,12,20887,11357,9530
5632,1994,11,1100,0,1100
5632,1994,12,19958,0,19958
5632,1995,1,129114,69800,59314
5632,1995,2,5631,28330,-22699
5632,1995,3,4892,41192,-36300
5632,1995,4,14417,6050,8367
5632,1995,5,61438,10030,51408
5632,1995,6,28435,63350,-34915
5632,1995,7,4335,22268,-17933
5632,1995,8,19058,8835,10223
5632,1995,9,412,18075,-17663
5632,1995,10,1879,4790,-2911
5632,1995,11,4073,4790,-717
5632,1995,12,41920,4790,37130
5632,1996,1,84579,65877,18702
5632,1996,2,90961,68087,22874
5632,1996,3,147213,195545,-48332
5632,1996,4,99873,46431,53442
5632,1996,5,148954,149890,-936
5632,1996,6,236,71590,-71354
5632,1996,7,29997,8190,21807
5632,1996,8,41568,49569,-8001
5632,1996,9,145,12090,-11945
5632,1996,10,55501,11590,43911
5632,1996,11,200,52268,-52068
5632,1996,12,74173,10090,64083
5632,1997,1,124229,142890,-18661
5632,1997,2,77183,40390,36793
5632,1997,3,306,47990,-47684
5632,1997,4,65157,35390,29767
5632,1997,5,51595,86390,-34795
5632,1997,6,28047,23490,4557
5632,1997,7,67727,39790,27937
5632,1997,8,20130,52090,-31960
5632,1997,9,73154,76490,-3336
5632,1997,10,73614,32790,40824
5632,1997,11,111526,149690,-38164
5632,1997,12,39440,46690,-7250
5632,1998,1,158,17922,-17764
5632,1998,2,128967,98247,30720
5632,1998,3,46048,52087,-6039
5632,1998,4,190,20390,-20200
5632,1998,5,68107,52190,15917
5632,1998,6,145,28274,-28129
5632,1998,7,76,4790,-4714
5632,1998,8,58922,32890,26032
5632,1998,9,32217,42533,-10316
5632,1998,10,111,11990,-11879
5632,1998,11,63310,44390,18920
5632,1998,12,37281,25993,11288
5648,1997,6,1100,0,1100
5648,1997,7,45929,9500,36429
5648,1997,8,46033,29500,16533
5648,1997,9,46081,37700,8381
5648,1997,10,46086,52100,-6014
5648,1997,11,46088,39015,7073
5648,1997,12,68999,76515,-7516
5648,1998,1,45961,102833,-56872
5648,1998,2,45964,3017,42947
5648,1998,3,46053,34561,11492
5648,1998,4,46068,61887,-15819
5648,1998,5,46045,33024,13021
5648,1998,6,69011,55515,13496
5648,1998,7,46047,64839,-18792
5648,1998,8,46167,35315,10852
5648,1998,9,46177,30488,15689
5648,1998,10,46214,21515,24699
5648,1998,11,46238,50683,-4445
5648,1998,12,68996,111589,-42593
5650,1995,1,25619,0,25619
5650,1995,2,24818,600,24218
5650,1995,3,24886,13900,10986
5650,1995,4,24927,15500,9427
5650,1995,5,24919,27900,-2981
5650,1995,6,37263,28630,8633
5650,1995,7,24913,41938,-17025
5650,1995,8,24884,23338,1546
5650,1995,9,24895,27438,-2543
5650,1995,10,24888,22938,1950
5650,1995,11,24832,41138,-16306
5650,1995,12,37185,31838,5347
5650,1996,1,24792,47238,-22446
5650,1996,2,24771,15738,9033
5650,1996,3,24792,30738,-5946
5650,1996,4,29100,36057,-6957
5650,1996,5,30287,17138,13149
5650,1996,6,37168,15538,21630
5650,1996,7,24845,38838,-13993
5650,1996,8,24814,32138,-7324
5650,1996,9,24824,18738,6086
5650,1996,10,26243,24938,1305
5650,1996,11,24848,23762,1086
5650,1996,12,37211,27938,9273
5650,1997,1,25053,38438,-13385
5650,1997,2,32533,44675,-12142
5650,1997,3,28580,18384,10196
5650,1997,4,24831,18538,6293
5650,1997,5,24863,23938,925
5650,1997,6,37210,42935,-5725
5650,1997,7,26397,30002,-3605
5650,1997,8,24777,30273,-5496
5650,1997,9,24809,14530,10279
5650,1997,10,24845,21130,3715
5650,1997,11,24831,22530,2301
5650,1997,12,37187,40030,-2843
5650,1998,1,24815,28730,-3915
5650,1998,2,24809,32031,-7222
5650,1998,3,24794,19530,5264
5650,1998,4,24839,15730,9109
5650,1998,5,24816,28565,-3749
5650,1998,6,37206,22530,14676
5650,1998,7,26370,44294,-17924
5650,1998,8,30319,23979,6340
5650,1998,9,24852,19530,5322
5650,1998,10,27937,48523,-20586
5650,1998,11,30222,15730,14492
5650,1998,12,37353,40655,-3302
5661,1995,12,49015,0,49015
5661,1996,1,204,14900,-14696
5661,1996,2,204,4000,-3796
5661,1996,3,37212,20800,16412
5661,1996,4,39380,33400,5980
5661,1996,5,220,16500,-16280
5661,1996,6,89981,114116,-24135
5661,1996,7,38155,16015,22140
5661,1996,8,9830,27357,-17527
5661,1996,9,10280,11763,-1483
5661,1996,10,52,9035,-8983
5661,1996,11,23122,15,23107
5661,1996,12,31430,29115,2315
5661,1997,1,4727,39025,-34298
5661,1997,2,30113,9824,20289
5661,1997,3,28001,28593,-592
5661,1997,4,100147,47894,52253
5661,1997,5,124926,105091,19835
5661,1997,6,9986,53315,-43329
5661,1997,7,109081,86515,22566
5661,1997,8,10276,36291,-26015
5661,1997,9,10382,53452,-43070
5661,1997,10,0,3304,-3304
5661,1997,11,22996,17,22979
5661,1997,12,120051,53894,66157
5661,1998,1,25566,86640,-61074
5661,1998,2,10575,20615,-10040
5661,1998,3,58,13115,-13057
5661,1998,4,9660,8015,1645
5661,1998,5,65385,19818,45567
5661,1998,6,40,50251,-50211
5661,1998,7,0,16519,-16519
5661,1998,8,44257,5929,38328
5661,1998,9,26274,31015,-4741
5661,1998,10,80920,44015,36905
5661,1998,11,91122,73468,17654
5661,1998,12,34034,91490,-57456
5692,1996,2,1000,0,1000
5692,1996,3,73270,21300,51970
5692,1996,4,309,13400,-13091
5692,1996,5,309,3100,-2791
5692,1996,6,6894,6200,694
5692,1996,7,60920,33415,27505
5692,1996,8,235,41746,-41511
5692,1996,9,5200,15,5185
5692,1996,10,1321,15,1306
5692,1996,11,29858,25615,4243
5692,1996,12,23634,29144,-5510
5692,1997,1,4813,26766,-21953
5692,1997,2,35915,15,35900
5692,1997,3,12679,40456,-27777
5692,1997,4,5961,20399,-14438
5692,1997,5,13702,16782,-3080
5692,1997,6,41768,2930,38838
5692,1997,7,7594,25064,-17470
5692,1997,8,11087,6822,4265
5692,1997,9,897,15,882
5692,1997,10,14963,2892,12071
5692,1997,11,150,2915,-2765
5692,1997,12,23600,8715,14885
5692,1998,1,182,8351,-8169
5692,1998,2,57003,7015,49988
5692,1998,3,305,32415,-32110
5692,1998,4,27895,27805,90
5692,1998,5,241,4215,-3974
5692,1998,6,8353,11115,-2762
5692,1998,7,17710,23015,-5305
5692,1998,8,3785,5947,-2162
5692,1998,9,10765,17415,-6650
5692,1998,10,33959,22115,11844
5692,1998,11,203,6015,-5812
5692,1998,12,25150,33777,-8627
5698,1997,9,45286,0,45286
5698,1997,10,188,8100,-7912
5698,1997,11,188,6500,-6312
5698,1997,12,29220,2000,27220
5698,1998,1,16710,18600,-1890
5698,1998,2,14560,17300,-2740
5698,1998,3,175116,163735,11381
5698,1998,4,74754,36535,38219
5698,1998,5,44225,49835,-5610
5698,1998,6,270,77401,-77131
5698,1998,7,29549,19928,9621
5698,1998,8,119416,80758,38658
5698,1998,9,253,25535,-25282
5698,1998,10,10955,13535,-2580
5698,1998,11,85676,61335,24341
5698,1998,12,720,39294,-38574
5700,1993,7,500,0,500
5700,1993,8,14541,0,14541
5700,1993,9,9693,1200,8493
5700,1993,10,9721,5100,4621
5700,1993,11,9742,4400,5342
5700,1993,12,14571,15135,-564
5700,1994,1,9721,31615,-21894
5700,1994,2,11882,4515,7367
5700,1994,3,9706,2515,7191
5700,1994,4,9737,5415,4322
5700,1994,5,9741,8915,826
5700,1994,6,14579,12515,2064
5700,1994,7,9748,13215,-3467
5700,1994,8,9746,7615,2131
5700,1994,9,9751,7775,1976
5700,1994,10,9757,9115,642
5700,1994,11,9764,11815,-2051
5700,1994,12,14551,17975,-3424
5700,1995,1,16888,29395,-12507
5700,1995,2,13514,1415,12099
5700,1995,3,9738,7615,2123
5700,1995,4,9757,3843,5914
5700,1995,5,9771,7543,2228
5700,1995,6,22157,30063,-7906
5700,1995,7,9751,6443,3308
5700,1995,8,9766,7543,2223
5700,1995,9,9773,8243,1530
5700,1995,10,9769,9183,586
5700,1995,11,9776,10443,-667
5700,1995,12,14563,22083,-7520
5700,1996,1,9914,24543,-14629
5700,1996,2,14716,1743,12973
5700,1996,3,10247,4983,5264
5700,1996,4,9758,8883,875
5700,1996,5,9762,9943,-181
5700,1996,6,22530,27983,-5453
5700,1996,7,9750,9843,-93
5700,1996,8,9740,7243,2497
5700,1996,9,9727,15483,-5756
5700,1996,10,9727,8843,884
5700,1996,11,9723,11543,-1820
5700,1996,12,14528,22883,-8355
5700,1997,1,9763,18983,-9220
5700,1997,2,9667,1743,7924
5700,1997,3,9669,17643,-7974
5700,1997,4,9667,7243,2424
5700,1997,5,9672,6543,3129
5700,1997,6,14501,16403,-1902
5700,1997,7,9675,11343,-1668
5700,1997,8,9671,8543,1128
5700,1997,9,9673,12363,-2690
5700,1997,10,9635,18732,-9097
5700,1997,11,9627,6151,3476
5700,1997,12,14454,11743,2711
5700,1998,1,9633,17048,-7415
5700,1998,2,9625,7846,1779
5700,1998,3,9626,15550,-5924
5700,1998,4,9615,11883,-2268
5700,1998,5,9615,13209,-3594
5700,1998,6,14423,9557,4866
5700,1998,7,9615,8987,628
5700,1998,8,9615,11589,-1974
5700,1998,9,9615,11910,-2295
5700,1998,10,9615,14843,-5228
5700,1998,11,9615,11986,-2371
5700,1998,12,14423,0,14423
5708,1997,10,700,0,700
5708,1997,11,57435,0,57435
5708,1997,12,242,16100,-15858
5708,1998,1,12311,7800,4511
5708,1998,2,64007,41530,22477
5708,1998,3,197,32430,-32233
5708,1998,4,66506,15730,50776
5708,1998,5,39780,41130,-1350
5708,1998,6,220,60230,-60010
5708,1998,7,50160,25630,24530
5708,1998,8,47848,68030,-20182
5708,1998,9,57,21430,-21373
5708,1998,10,38,10430,-10392
5708,1998,11,94318,10933,83385
5708,1998,12,46479,53600,-7121
5724,1995,4,200,0,200
5724,1995,5,29116,3100,26016
5724,1995,6,43752,22800,20952
5724,1995,7,29271,26400,2871
5724,1995,8,29278,29100,178
5724,1995,9,29283,27000,2283
5724,1995,10,29262,44554,-15292
5724,1995,11,29227,31954,-2727
5724,1995,12,43781,35554,8227
5724,1996,1,29194,54254,-25060
5724,1996,2,38900,11792,27108
5724,1996,3,29212,49256,-20044
5724,1996,4,34221,17658,16563
5724,1996,5,29269,27054,2215
5724,1996,6,43832,25154,18678
5724,1996,7,29297,37166,-7869
5724,1996,8,29222,42949,-13727
5724,1996,9,29269,16654,12615
5724,1996,10,29303,22354,6949
5724,1996,11,29292,42454,-13162
5724,1996,12,43826,26454,17372
5724,1997,1,29242,70699,-41457
5724,1997,2,29197,20999,8198
5724,1997,3,29224,26798,2426
5724,1997,4,29180,39518,-10338
5724,1997,5,29199,12799,16400
5724,1997,6,43806,21099,22707
5724,1997,7,29296,32099,-2803
5724,1997,8,29244,59986,-30742
5724,1997,9,29171,32422,-3251
5724,1997,10,29195,16399,12796
5724,1997,11,29245,17099,12146
5724,1997,12,43781,70918,-27137
5724,1998,1,29890,22599,7291
5724,1998,2,29219,14399,14820
5724,1998,3,29259,21899,7360
5724,1998,4,29266,28599,667
5724,1998,5,29270,28399,871
5724,1998,6,43742,60195,-16453
5724,1998,7,29174,41524,-12350
5724,1998,8,29193,26799,2394
5724,1998,9,29239,18599,10640
5724,1998,10,29250,33368,-4118
5724,1998,11,29223,27134,2089
5724,1998,12,43814,17999,25815
5726,1996,4,300,0,300
5726,1996,5,12900,0,12900
5726,1996,6,60874,0,60874
5726,1996,7,46129,26300,19829
5726,1996,8,390,33200,-32810
5726,1996,9,6353,17900,-11547
5726,1996,10,42682,59518,-16836
5726,1996,11,115,9500,-9385
5726,1996,12,85282,49629,35653
5726,1997,1,61163,101400,-40237
5726,1997,2,10671,11100,-429
5726,1997,3,69,24106,-24037
5726,1997,4,0,158,-158
5726,1997,5,65355,145,65210
5726,1997,6,61631,67200,-5569
5726,1997,7,161,25100,-24939
5726,1997,8,16024,25700,-9676
5726,1997,9,40479,29618,10861
5726,1997,10,44780,55686,-10906
5726,1997,11,43743,11000,32743
5726,1997,12,33017,60351,-27334
5726,1998,1,3975,12800,-8825
5726,1998,2,7450,12400,-4950
5726,1998,3,12951,11000,1951
5726,1998,4,13662,11100,2562
5726,1998,5,16373,12100,4273
5726,1998,6,53464,11100,42364
5726,1998,7,61829,92400,-30571
5726,1998,8,374,17200,-16826
5726,1998,9,11666,10500,1166
5726,1998,10,13069,12300,769
5726,1998,11,48816,32600,16216
5726,1998,12,2696,19600,-16904
5735,1995,1,38036,0,38036
5735,1995,2,126318,66715,59603
5735,1995,3,82246,128192,-45946
5735,1995,4,66308,37718,28590
5735,1995,5,331,27615,-27284
5735,1995,6,62731,75015,-12284
5735,1995,7,97181,45481,51700
5735,1995,8,89729,100315,-10586
5735,1995,9,36824,43814,-6990
5735,1995,10,30099,38715,-8616
5735,1995,11,63662,92115,-28453
5735,1995,12,131,18326,-18195
5735,1996,1,11521,33925,-22404
5735,1996,2,14402,42,14360
5735,1996,3,12160,4860,7300
5735,1996,4,10975,29067,-18092
5735,1996,5,34354,4860,29494
5735,1996,6,51292,43136,8156
5735,1996,7,10296,34429,-24133
5735,1996,8,13674,17589,-3915
5735,1996,9,18371,4860,13511
5735,1996,10,18188,24125,-5937
5735,1996,11,14669,23770,-9101
5735,1996,12,20465,8115,12350
5735,1997,1,20546,43219,-22673
5735,1997,2,52413,4866,47547
5735,1997,3,54795,25860,28935
5735,1997,4,265,20460,-20195
5735,1997,5,34869,13460,21409
5735,1997,6,54265,44160,10105
5735,1997,7,10166,23660,-13494
5735,1997,8,262,22260,-21998
5735,1997,9,35266,10160,25106
5735,1997,10,41327,42298,-971
5735,1997,11,94479,91498,2981
5735,1997,12,17459,35060,-17601
5735,1998,1,4768,40260,-35492
5735,1998,2,19507,18960,547
5735,1998,3,101316,23560,77756
5735,1998,4,342,51644,-51302
5735,1998,5,40643,4860,35783
5735,1998,6,25114,62343,-37229
5735,1998,7,2600,6960,-4360
5735,1998,8,7597,4860,2737
5735,1998,9,33704,4860,28844
5735,1998,10,277,18360,-18083
5735,1998,11,14895,4860,10035
5735,1998,12,62305,42845,19460
5740,1993,4,43314,0,43314
5740,1993,5,12014,12000,14
5740,1993,6,84444,121018,-36574
5740,1993,7,70442,17324,53118
5740,1993,8,111662,86115,25547
5740,1993,9,65492,81256,-15764
5740,1993,10,287,23315,-23028
5740,1993,11,21470,37360,-15890
5740,1993,12,37222,24275,12947
5740,1994,1,71,44416,-44345
5740,1994,2,11902,22,11880
5740,1994,3,32238,9315,22923
5740,1994,4,5897,22136,-16239
5740,1994,5,8848,25215,-16367
5740,1994,6,12408,15,12393
5740,1994,7,5358,15,5343
5740,1994,8,1674,8261,-6587
5740,1994,9,5953,15,5938
5740,1994,10,557,10515,-9958
5740,1994,11,4236,15,4221
5740,1994,12,3451,5415,-1964
5740,1995,1,50934,57015,-6081
5740,1995,2,53742,7864,45878
5740,1995,3,26073,22070,4003
5740,1995,4,83993,47844,36149
5740,1995,5,18179,50115,-31936
5740,1995,6,177580,168456,9124
5740,1995,7,26230,32215,-5985
5740,1995,8,20390,52961,-32571
5740,1995,9,50327,8815,41512
5740,1995,10,47513,53828,-6315
5740,1995,11,94335,70115,24220
5740,1995,12,69997,106915,-36918
5740,1996,1,4225,51063,-46838
5740,1996,2,20,15,5
5740,1996,3,23996,15862,8134
5740,1996,4,92,9798,-9706
5740,1996,5,1413,15,1398
5740,1996,6,319,15,304
5740,1996,7,5320,5935,-615
5740,1996,8,1717,15,1702
5740,1996,9,5025,15,5010
5740,1996,10,3544,4901,-1357
5740,1996,11,10656,4215,6441
5740,1996,12,17358,28350,-10992
5740,1997,1,1817,5715,-3898
5740,1997,2,11374,1015,10359
5740,1997,3,46,3415,-3369
5740,1997,4,38934,14715,24219
5740,1997,5,130,13615,-13485
5740,1997,6,73505,55315,18190
5740,1997,7,98696,44215,54481
5740,1997,8,80211,125934,-45723
5740,1997,9,158,27849,-27691
5740,1997,10,73,6115,-6042
5740,1997,11,49805,27115,22690
5740,1997,12,120,15715,-15595
5740,1998,1,1417,18015,-16598
5740,1998,2,9,4400,-4391
5740,1998,3,409,0,409
5740,1998,4,609,0,609
5740,1998,5,41296,26815,14481
5740,1998,6,53,9915,-9862
5740,1998,7,44083,24015,20068
5740,1998,8,15572,33115,-17543
5740,1998,9,23,4815,-4792
5740,1998,10,303,15,288
5740,1998,11,38357,20415,17942
5740,1998,12,9391,15600,-6209
5742,1995,7,30955,0,30955
5742,1995,8,63054,1600,61454
5742,1995,9,43958,33800,10158
5742,1995,10,34111,42400,-8289
5742,1995,11,350,38500,-38150
5742,1995,12,24791,50979,-26188
5742,1996,1,70862,48604,22258
5742,1996,2,124272,120345,3927
5742,1996,3,36859,61027,-24168
5742,1996,4,14353,16174,-1821
5742,1996,5,7510,10645,-3135
5742,1996,6,77612,74545,3067
5742,1996,7,113162,101664,11498
5742,1996,8,164,15945,-15781
5742,1996,9,31953,31670,283
5742,1996,10,104968,78545,26423
5742,1996,11,63756,72745,-8989
5742,1996,12,14975,23795,-8820
5742,1997,1,135,9045,-8910
5742,1997,2,10273,11245,-972
5742,1997,3,6304,4945,1359
5742,1997,4,3407,4945,-1538
5742,1997,5,4301,4945,-644
5742,1997,6,25048,19545,5503
5742,1997,7,28255,4945,23310
5742,1997,8,37089,43034,-5945
5742,1997,9,37086,27462,9624
5742,1997,10,8071,27502,-19431
5742,1997,11,5653,4945,708
5742,1997,12,30250,14345,15905
5742,1998,1,48568,52159,-3591
5742,1998,2,17835,19145,-1310
5742,1998,3,27641,28505,-864
5742,1998,4,18121,4945,13176
5742,1998,5,3810,27574,-23764
5742,1998,6,24325,16391,7934
5742,1998,7,6682,10045,-3363
5742,1998,8,14740,26334,-11594
5742,1998,9,12538,4945,7593
5742,1998,10,8346,10037,-1691
5742,1998,11,6250,4945,1305
5742,1998,12,122,11445,-11323
5758,1997,7,200,0,200
5758,1997,8,34225,2900,31325
5758,1997,9,34347,17100,17247
5758,1997,10,34414,25700,8714
5758,1997,11,34443,33600,843
5758,1997,12,51594,65662,-14068
5758,1998,1,34387,48877,-14490
5758,1998,2,34353,34677,-324
5758,1998,3,34859,35112,-253
5758,1998,4,37444,41359,-3915
5758,1998,5,34339,38757,-4418
5758,1998,6,51469,55767,-4298
5758,1998,7,34311,23178,11133
5758,1998,8,34347,32877,1470
5758,1998,9,34320,46135,-11815
5758,1998,10,34313,26977,7336
5758,1998,11,34332,34777,-445
5758,1998,12,51513,21162,30351
5767,1993,6,800,0,800
5767,1993,7,17948,0,17948
5767,1993,8,8906,0,8906
5767,1993,9,8724,8100,624
5767,1993,10,8727,7900,827
5767,1993,11,8741,4915,3826
5767,1993,12,13048,13975,-927
5767,1994,1,11701,26795,-15094
5767,1994,2,11487,6595,4892
5767,1994,3,8710,5515,3195
5767,1994,4,8715,7215,1500
5767,1994,5,8723,7915,808
5767,1994,6,13010,32655,-19645
5767,1994,7,19377,6815,12562
5767,1994,8,16020,6115,9905
5767,1994,9,8734,13415,-4681
5767,1994,10,9731,4615,5116
5767,1994,11,8734,7915,819
5767,1994,12,13030,15675,-2645
5767,1995,1,8707,21255,-12548
5767,1995,2,11700,4615,7085
5767,1995,3,11020,6235,4785
5767,1995,4,9928,13735,-3807
5767,1995,5,8914,7035,1879
5767,1995,6,15948,5835,10113
5767,1995,7,8744,13055,-4311
5767,1995,8,8738,9815,-1077
5767,1995,9,8726,10615,-1889
5767,1995,10,8734,5115,3619
5767,1995,11,8758,9115,-357
5767,1995,12,13035,13075,-40
5767,1996,1,8708,31415,-22707
5767,1996,2,13766,6335,7431
5767,1996,3,13600,5415,8185
5767,1996,4,8714,6015,2699
5767,1996,5,8734,12295,-3561
5767,1996,6,13043,8015,5028
5767,1996,7,8734,11635,-2901
5767,1996,8,8714,12455,-3741
5767,1996,9,8712,9815,-1103
5767,1996,10,8705,7415,1290
5767,1996,11,9505,6015,3490
5767,1996,12,13032,15175,-2143
5767,1997,1,18958,25015,-6057
5767,1997,2,8686,6515,2171
5767,1997,3,8777,8995,-218
5767,1997,4,8695,6115,2580
5767,1997,5,8705,10115,-1410
5767,1997,6,13002,13395,-393
5767,1997,7,8700,10535,-1835
5767,1997,8,8693,6315,2378
5767,1997,9,8700,8515,185
5767,1997,10,8695,9715,-1020
5767,1997,11,8694,8715,-21
5767,1997,12,13004,15495,-2491
5767,1998,1,11060,16615,-5555
5767,1998,2,8666,4815,3851
5767,1998,3,8670,11615,-2945
5767,1998,4,8653,12915,-4262
5767,1998,5,8656,10915,-2259
5767,1998,6,12963,9315,3648
5767,1998,7,8642,13300,-4658
5767,1998,8,8631,9500,-869
5767,1998,9,8634,6315,2319
5767,1998,10,8630,13120,-4490
5767,1998,11,8617,11710,-3093
5767,1998,12,12941,207,12734
5774,1995,6,30189,0,30189
5774,1995,7,19779,2700,17079
5774,1995,8,19830,11000,8830
5774,1995,9,19861,13200,6661
5774,1995,10,19868,24535,-4667
5774,1995,11,19822,27071,-7249
5774,1995,12,29629,24610,5019
5774,1996,1,19816,25770,-5954
5774,1996,2,19792,23610,-3818
5774,1996,3,19780,24270,-4490
5774,1996,4,19774,20070,-296
5774,1996,5,19737,27970,-8233
5774,1996,6,29576,17270,12306
5774,1996,7,19769,29490,-9721
5774,1996,8,19755,27970,-8215
5774,1996,9,19737,19550,187
5774,1996,10,19746,16970,2776
5774,1996,11,19755,16790,2965
5774,1996,12,29590,23390,6200
5774,1997,1,19793,22170,-2377
5774,1997,2,19782,19670,112
5774,1997,3,19786,18270,1516
5774,1997,4,19790,23870,-4080
5774,1997,5,19772,20670,-898
5774,1997,6,29594,23970,5624
5774,1997,7,19788,19770,18
5774,1997,8,19790,21070,-1280
5774,1997,9,19766,24050,-4284
5774,1997,10,19758,23430,-3672
5774,1997,11,19746,21270,-1524
5774,1997,12,29557,27111,2446
5774,1998,1,19745,24171,-4426
5774,1998,2,19736,17071,2665
5774,1998,3,19743,19331,412
5774,1998,4,19745,18371,1374
5774,1998,5,19749,19571,178
5774,1998,6,29570,25171,4399
5774,1998,7,19749,25551,-5802
5774,1998,8,19745,16371,3374
5774,1998,9,19760,16271,3489
5774,1998,10,19776,14471,5305
5774,1998,11,19794,17771,2023
5774,1998,12,29628,20576,9052
5794,1995,7,36833,0,36833
5794,1995,8,15654,11400,4254
5794,1995,9,47305,10600,36705
5794,1995,10,66103,84379,-18276
5794,1995,11,245,20115,-19870
5794,1995,12,60692,48168,12524
5794,1996,1,113,34315,-34202
5794,1996,2,66,3115,-3049
5794,1996,3,59,1915,-1856
5794,1996,4,4156,1715,2441
5794,1996,5,57,2675,-2618
5794,1996,6,4259,2075,2184
5794,1996,7,55,2775,-2720
5794,1996,8,4357,2075,2282
5794,1996,9,54,2475,-2421
5794,1996,10,145,2075,-1930
5794,1996,11,3045,2075,970
5794,1996,12,14957,5975,8982
5794,1997,1,20929,2675,18254
5794,1997,2,118,18375,-18257
5794,1997,3,60,8975,-8915
5794,1997,4,2247,2075,172
5794,1997,5,15227,2075,13152
5794,1997,6,82,7575,-7493
5794,1997,7,53,6575,-6522
5794,1997,8,33702,23960,9742
5794,1997,9,74,3975,-3901
5794,1997,10,3058,3975,-917
5794,1997,11,19766,11752,8014
5794,1997,12,29970,19375,10595
5794,1998,1,16563,29175,-12612
5794,1998,2,30698,16275,14423
5794,1998,3,6304,13157,-6853
5794,1998,4,126136,107975,18161
5794,1998,5,46286,33175,13111
5794,1998,6,38608,44770,-6162
5794,1998,7,54170,45075,9095
5794,1998,8,108792,100985,7807
5794,1998,9,36347,33275,3072
5794,1998,10,87830,75305,12525
5794,1998,11,26979,36875,-9896
5794,1998,12,36837,46660,-9823
5817,1996,12,13178,0,13178
5817,1997,1,88629,15900,72729
5817,1997,2,12853,30000,-17147
5817,1997,3,28508,40988,-12480
5817,1997,4,66251,82557,-16306
5817,1997,5,196385,143402,52983
5817,1997,6,216,55657,-55441
5817,1997,7,20992,25157,-4165
5817,1997,8,14783,18352,-3569
5817,1997,9,26399,12557,13842
5817,1997,10,121065,110157,10908
5817,1997,11,54710,26457,28253
5817,1997,12,22714,53857,-31143
5817,1998,1,86430,72257,14173
5817,1998,2,58860,35857,23003
5817,1998,3,29603,57024,-27421
5817,1998,4,24601,59266,-34665
5817,1998,5,56,15557,-15501
5817,1998,6,48728,22952,25776
5817,1998,7,87902,23657,64245
5817,1998,8,139457,172699,-33242
5817,1998,9,43670,49457,-5787
5817,1998,10,141395,170057,-28662
5817,1998,11,53714,49257,4457
5817,1998,12,63673,36841,26832
5837,1996,7,800,0,800
5837,1996,8,93016,9300,83716
5837,1996,9,352,31300,-30948
5837,1996,10,109631,72315,37316
5837,1996,11,129536,180376,-50840
5837,1996,12,123458,116940,6518
5837,1997,1,134,20515,-20381
5837,1997,2,5207,6415,-1208
5837,1997,3,5807,4115,1692
5837,1997,4,35923,15715,20208
5837,1997,5,25293,28727,-3434
5837,1997,6,1648,23415,-21767
5837,1997,7,57782,31715,26067
5837,1997,8,46614,34359,12255
5837,1997,9,68480,42515,25965
5837,1997,10,14423,48161,-33738
5837,1997,11,4853,32279,-27426
5837,1997,12,9495,13054,-3559
5837,1998,1,9801,4954,4847
5837,1998,2,13830,4954,8876
5837,1998,3,40293,29254,11039
5837,1998,4,6695,4954,1741
5837,1998,5,7504,4954,2550
5837,1998,6,42252,19654,22598
5837,1998,7,24572,12254,12318
5837,1998,8,34448,27054,7394
5837,1998,9,324,22954,-22630
5837,1998,10,258,12154,-11896
5837,1998,11,218,8754,-8536
5837,1998,12,4775,21439,-16664
5868,1993,2,200,0,200
5868,1993,3,40060,0,40060
5868,1993,4,168,7600,-7432
5868,1993,5,168,900,-732
5868,1993,6,168,3100,-2932
5868,1993,7,69578,3400,66178
5868,1993,8,52263,129984,-77721
5868,1993,9,32909,22106,10803
5868,1993,10,3617,7128,-3511
5868,1993,11,203,4215,-4012
5868,1993,12,22594,19164,3430
5868,1994,1,7064,14660,-7596
5868,1994,2,6571,15,6556
5868,1994,3,8262,12962,-4700
5868,1994,4,7875,13181,-5306
5868,1994,5,12240,12485,-245
5868,1994,6,37417,11115,26302
5868,1994,7,3951,22831,-18880
5868,1994,8,485,15,470
5868,1994,9,12548,16928,-4380
5868,1994,10,7268,7515,-247
5868,1994,11,8573,3039,5534
5868,1994,12,12278,27878,-15600
5868,1995,1,71945,64312,7633
5868,1995,2,23800,3215,20585
5868,1995,3,27924,17215,10709
5868,1995,4,51996,32132,19864
5868,1995,5,191374,156715,34659
5868,1995,6,80303,162915,-82612
5868,1995,7,41333,7415,33918
5868,1995,8,131470,127115,4355
5868,1995,9,228,11515,-11287
5868,1995,10,177,11615,-11438
5868,1995,11,41470,23715,17755
5868,1995,12,37995,14415,23580
5868,1996,1,36007,56215,-20208
5868,1996,2,183,23215,-23032
5868,1996,3,7321,10293,-2972
5868,1996,4,4315,15,4300
5868,1996,5,2828,13515,-10687
5868,1996,6,8684,29557,-20873
5868,1996,7,18303,15,18288
5868,1996,8,8778,15,8763
5868,1996,9,10092,16815,-6723
5868,1996,10,15973,30484,-14511
5868,1996,11,15016,19680,-4664
5868,1996,12,28493,8115,20378
5868,1997,1,7893,6915,978
5868,1997,2,18229,12015,6214
5868,1997,3,71137,15,71122
5868,1997,4,7373,59703,-52330
5868,1997,5,472,23929,-23457
5868,1997,6,30108,12763,17345
5868,1997,7,172,2615,-2443
5868,1997,8,29666,37669,-8003
5868,1997,9,47684,19115,28569
5868,1997,10,57273,41467,15806
5868,1997,11,9867,17015,-7148
5868,1997,12,15068,44278,-29210
5868,1998,1,108895,51515,57380
5868,1998,2,45739,56715,-10976
5868,1998,3,127941,121115,6826
5868,1998,4,77337,83815,-6478
5868,1998,5,22514,20815,1699
5868,1998,6,37340,37115,225
5868,1998,7,38665,30215,8450
5868,1998,8,44868,42415,2453
5868,1998,9,92176,85115,7061
5868,1998,10,53289,46115,7174
5868,1998,11,46542,97015,-50473
5868,1998,12,65299,26150,39149
5870,1997,9,31369,0,31369
5870,1997,11,131,4800,-4669
5870,1997,12,25056,14700,10356
5870,1998,1,36908,16600,20308
5870,1998,2,80274,75615,4659
5870,1998,3,60815,48015,12800
5870,1998,4,31541,24015,7526
5870,1998,5,76589,139376,-62787
5870,1998,6,100306,33815,66491
5870,1998,7,42205,74070,-31865
5870,1998,8,21547,23115,-1568
5870,1998,9,164,34315,-34151
5870,1998,10,73275,19605,53670
5870,1998,11,40439,67015,-26576
5870,1998,12,50910,31400,19510
5878,1996,11,400,0,400
5878,1996,12,22350,0,22350
5878,1997,1,10914,4100,6814
5878,1997,2,10936,7700,3236
5878,1997,3,10952,5700,5252
5878,1997,4,10969,8615,2354
5878,1997,5,10981,14255,-3274
5878,1997,6,16326,53495,-37169
5878,1997,7,22451,3615,18836
5878,1997,8,11209,15,11194
5878,1997,9,11144,5895,5249
5878,1997,10,10969,4315,6654
5878,1997,11,10989,7515,3474
5878,1997,12,16413,11615,4798
5878,1998,1,11711,12975,-1264
5878,1998,2,11034,4315,6719
5878,1998,3,11048,11055,-7
5878,1998,4,11048,7015,4033
5878,1998,5,11059,9315,1744
5878,1998,6,16445,33315,-16870
5878,1998,7,13327,15,13312
5878,1998,8,11063,6075,4988
5878,1998,9,11081,6415,4666
5878,1998,10,11108,3815,7293
5878,1998,11,11136,5055,6081
5878,1998,12,16580,15680,900
5891,1993,1,900,0,900
5891,1993,2,32616,4500,28116
5891,1993,3,32725,20200,12525
5891,1993,4,32774,24200,8574
5891,1993,5,32805,29400,3405
5891,1993,6,49125,61515,-12390
5891,1993,7,32812,28715,4097
5891,1993,8,32794,47492,-14698
5891,1993,9,32751,26615,6136
5891,1993,10,32797,24315,8482
5891,1993,11,32787,38915,-6128
5891,1993,12,49124,36015,13109
5891,1994,1,32758,58112,-25354
5891,1994,2,32746,29777,2969
5891,1994,3,32770,20015,12755
5891,1994,4,32792,27915,4877
5891,1994,5,32816,36733,-3917
5891,1994,6,49123,39147,9976
5891,1994,7,32836,40097,-7261
5891,1994,8,32809,29247,3562
5891,1994,9,32817,33547,-730
5891,1994,10,32818,31341,1477
5891,1994,11,32792,43269,-10477
5891,1994,12,49119,32347,16772
5891,1995,1,32811,51038,-18227
5891,1995,2,32791,19647,13144
5891,1995,3,32795,38680,-5885
5891,1995,4,32808,30246,2562
5891,1995,5,32789,39976,-7187
5891,1995,6,49102,36115,12987
5891,1995,7,32779,54408,-21629
5891,1995,8,32758,22115,10643
5891,1995,9,32845,24315,8530
5891,1995,10,32785,51046,-18261
5891,1995,11,32809,6215,26594
5891,1995,12,49206,20941,28265
5891,1996,1,32890,77315,-44425
5891,1996,2,32840,8015,24825
5891,1996,3,32913,23515,9398
5891,1996,4,32910,48938,-16028
5891,1996,5,32891,23015,9876
5891,1996,6,49183,71215,-22032
5891,1996,7,32841,29570,3271
5891,1996,8,33372,21615,11757
5891,1996,9,32908,16789,16119
5891,1996,10,32962,24015,8947
5891,1996,11,32973,44695,-11722
5891,1996,12,49302,25315,23987
5891,1997,1,32932,67215,-34283
5891,1997,2,36768,54173,-17405
5891,1997,3,37077,18615,18462
5891,1997,4,32940,16015,16925
5891,1997,5,32940,50753,-17813
5891,1997,6,58122,46505,11617
5891,1997,7,32942,21105,11837
5891,1997,8,33000,17615,15385
5891,1997,9,32982,44674,-11692
5891,1997,10,33028,33915,-887
5891,1997,11,33784,43715,-9931
5891,1997,12,61996,68728,-6732
5891,1998,1,56110,64549,-8439
5891,1998,2,32918,8015,24903
5891,1998,3,49191,60025,-10834
5891,1998,4,33003,9815,23188
5891,1998,5,45360,61767,-16407
5891,1998,6,49320,29115,20205
5891,1998,7,33087,29515,3572
5891,1998,8,33086,26315,6771
5891,1998,9,37349,43615,-6266
5891,1998,10,33085,24315,8770
5891,1998,11,35964,48215,-12251
5891,1998,12,49347,53500,-4153
5912,1996,10,1100,0,1100
5912,1996,11,21083,0,21083
5912,1996,12,27802,10900,16902
5912,1997,1,18628,14700,3928
5912,1997,2,18644,14600,4044
5912,1997,3,18685,20315,-1630
5912,1997,4,18651,38366,-19715
5912,1997,5,18583,13461,5122
5912,1997,6,27825,29761,-1936
5912,1997,7,18599,14861,3738
5912,1997,8,20711,18161,2550
5912,1997,9,18622,16661,1961
5912,1997,10,18606,21930,-3324
5912,1997,11,18601,17961,640
5912,1997,12,27862,29961,-2099
5912,1998,1,28174,31074,-2900
5912,1998,2,18596,14961,3635
5912,1998,3,18618,13761,4857
5912,1998,4,18622,22261,-3639
5912,1998,5,18616,18361,255
5912,1998,6,27864,23261,4603
5912,1998,7,18613,31338,-12725
5912,1998,8,18588,13238,5350
5912,1998,9,18811,12938,5873
5912,1998,10,18622,18738,-116
5912,1998,11,18607,30138,-11531
5912,1998,12,27831,18923,8908
5927,1993,11,200,0,200
5927,1993,12,20590,0,20590
5927,1994,1,11088,5400,5688
5927,1994,2,11129,7100,4029
5927,1994,3,11161,7900,3261
5927,1994,4,11204,11515,-311
5927,1994,5,12158,23923,-11765
5927,1994,6,16584,7832,8752
5927,1994,7,11114,15028,-3914
5927,1994,8,11133,10132,1001
5927,1994,9,11140,9732,1408
5927,1994,10,11139,22332,-11193
5927,1994,11,13272,6732,6540
5927,1994,12,23218,28794,-5576
5927,1995,1,21030,36327,-15297
5927,1995,2,24663,16715,7948
5927,1995,3,16019,10215,5804
5927,1995,4,12877,8015,4862
5927,1995,5,11079,12032,-953
5927,1995,6,16572,9432,7140
5927,1995,7,11146,26415,-15269
5927,1995,8,16614,12800,3814
5927,1995,9,14661,7932,6729
5927,1995,10,11075,36496,-25421
5927,1995,11,20650,6062,14588
5927,1995,12,21093,10632,10461
5927,1996,1,20189,34735,-14546
5927,1996,2,21484,17393,4091
5927,1996,3,14942,5732,9210
5927,1996,4,16357,18632,-2275
5927,1996,5,19730,23506,-3776
5927,1996,6,22856,21732,1124
5927,1996,7,13327,15432,-2105
5927,1996,8,14910,21651,-6741
5927,1996,9,19840,27591,-7751
5927,1996,10,25095,15348,9747
5927,1996,11,21354,6732,14622
5927,1996,12,29978,33754,-3776
5927,1997,1,18772,42368,-23596
5927,1997,2,21852,8076,13776
5927,1997,3,16938,7632,9306
5927,1997,4,14542,15231,-689
5927,1997,5,15681,28605,-12924
5927,1997,6,23181,6632,16549
5927,1997,7,11050,16067,-5017
5927,1997,8,11424,11235,189
5927,1997,9,11050,8032,3018
5927,1997,10,11050,12732,-1682
5927,1997,11,11057,7032,4025
5927,1997,12,16453,42883,-26430
5927,1998,1,19804,18209,1595
5927,1998,2,15834,7066,8768
5927,1998,3,14310,8232,6078
5927,1998,4,11814,6732,5082
5927,1998,5,11058,7632,3426
5927,1998,6,16466,23815,-7349
5927,1998,7,13640,7315,6325
5927,1998,8,11462,29444,-17982
5927,1998,9,19788,6318,13470
5927,1998,10,14246,5815,8431
5927,1998,11,14194,6415,7779
5927,1998,12,16638,19600,-2962
5944,1997,6,33203,0,33203
5944,1997,7,21588,7000,14588
5944,1997,8,21635,12200,9435
5944,1997,9,21650,20900,750
5944,1997,10,21649,21715,-66
5944,1997,11,21628,28200,-6572
5944,1997,12,32337,23200,9137
5944,1998,1,21601,33600,-11999
5944,1998,2,21610,20300,1310
5944,1998,3,21623,18500,3123
5944,1998,4,21636,19600,2036
5944,1998,5,21641,19200,2441
5944,1998,6,32362,23300,9062
5944,1998,7,21654,45740,-24086
5944,1998,8,21628,19840,1788
5944,1998,9,21634,23140,-1506
5944,1998,10,21622,23140,-1518
5944,1998,11,21617,18740,2877
5944,1998,12,32355,13925,18430
5952,1993,9,36418,0,36418
5952,1993,10,35552,5600,29952
5952,1993,11,35631,20600,15031
5952,1993,12,53384,27000,26384
5952,1994,1,35660,88729,-53069
5952,1994,2,35530,32295,3235
5952,1994,3,35571,34195,1376
5952,1994,4,35563,31595,3968
5952,1994,5,35543,43195,-7652
5952,1994,6,53255,29795,23460
5952,1994,7,35628,39095,-3467
5952,1994,8,35503,80601,-45098
5952,1994,9,36401,20895,15506
5952,1994,10,35494,39871,-4377
5952,1994,11,35530,20580,14950
5952,1994,12,53263,58808,-5545
5952,1995,1,35549,52580,-17031
5952,1995,2,35448,39600,-4152
5952,1995,3,39209,24480,14729
5952,1995,4,35567,31480,4087
5952,1995,5,35571,32980,2591
5952,1995,6,53285,42880,10405
5952,1995,7,35621,37980,-2359
5952,1995,8,35599,47580,-11981
5952,1995,9,35540,35380,160
5952,1995,10,35564,25380,10184
5952,1995,11,35602,30480,5122
5952,1995,12,53306,46180,7126
5952,1996,1,35596,53080,-17484
5952,1996,2,35581,24080,11501
5952,1996,3,35554,44019,-8465
5952,1996,4,35589,28780,6809
5952,1996,5,35614,31980,3634
5952,1996,6,53252,55280,-2028
5952,1996,7,35622,29380,6242
5952,1996,8,35603,43580,-7977
5952,1996,9,35587,39419,-3832
5952,1996,10,35588,30295,5293
5952,1996,11,36659,65421,-28762
5952,1996,12,53202,24595,28607
5952,1997,1,35551,66484,-30933
5952,1997,2,37720,16395,21325
5952,1997,3,35578,25595,9983
5952,1997,4,35623,25395,10228
5952,1997,5,35606,62530,-26924
5952,1997,6,53234,34795,18439
5952,1997,7,35579,36524,-945
5952,1997,8,35621,27095,8526
5952,1997,9,35634,37086,-1452
5952,1997,10,35625,38295,-2670
5952,1997,11,35592,50567,-14975
5952,1997,12,53247,37995,15252
5952,1998,1,35534,76051,-40517
5952,1998,2,35889,14995,20894
5952,1998,3,35555,25895,9660
5952,1998,4,35568,32095,3473
5952,1998,5,35566,38498,-2932
5952,1998,6,53210,55695,-2485
5952,1998,7,35571,35095,476
5952,1998,8,35578,25795,9783
5952,1998,9,35560,51153,-15593
5952,1998,10,35552,25395,10157
5952,1998,11,35590,29995,5595
5952,1998,12,53254,48793,4461
5984,1993,11,15959,0,15959
5984,1993,12,28717,0,28717
5984,1994,1,15919,10300,5619
5984,1994,2,15931,14500,1431
5984,1994,3,15938,14215,1723
5984,1994,4,15937,18215,-2278
5984,1994,5,15943,11615,4328
5984,1994,6,23813,34415,-10602
5984,1994,7,15914,12615,3299
5984,1994,8,15933,10615,5318
5984,1994,9,15922,18615,-2693
5984,1994,10,15927,20315,-4388
5984,1994,11,15930,8515,7415
5984,1994,12,23810,15015,8795
5984,1995,1,15924,34115,-18191
5984,1995,2,15900,13115,2785
5984,1995,3,15919,14315,1604
5984,1995,4,15932,11815,4117
5984,1995,5,15947,12715,3232
5984,1995,6,23781,40115,-16334
5984,1995,7,15881,15315,566
5984,1995,8,15905,10915,4990
5984,1995,9,15917,11915,4002
5984,1995,10,15927,14715,1212
5984,1995,11,15929,15815,114
5984,1995,12,23803,34715,-10912
5984,1996,1,15877,29415,-13538
5984,1996,2,15828,15515,313
5984,1996,3,15858,16215,-357
5984,1996,4,15853,18215,-2362
5984,1996,5,15832,17015,-1183
5984,1996,6,23708,30115,-6407
5984,1996,7,15786,14015,1771
5984,1996,8,15793,14915,878
5984,1996,9,15797,14915,882
5984,1996,10,15797,20215,-4418
5984,1996,11,15803,16915,-1112
5984,1996,12,23675,19915,3760
5984,1997,1,15808,32515,-16707
5984,1997,2,15729,8715,7014
5984,1997,3,15757,10315,5442
5984,1997,4,15776,13515,2261
5984,1997,5,15785,14215,1570
5984,1997,6,23670,28615,-4945
5984,1997,7,15774,11915,3859
5984,1997,8,15785,15915,-130
5984,1997,9,15785,15215,570
5984,1997,10,15784,17815,-2031
5984,1997,11,15778,15515,263
5984,1997,12,23664,19915,3749
5984,1998,1,15774,28215,-12441
5984,1998,2,15742,16215,-473
5984,1998,3,15734,23109,-7375
5984,1998,4,15720,13328,2392
5984,1998,5,15719,17608,-1889
5984,1998,6,23581,20225,3356
5984,1998,7,15732,12115,3617
5984,1998,8,15744,13715,2029
5984,1998,9,15751,14215,1536
5984,1998,10,15753,16315,-562
5984,1998,11,15747,17815,-2068
5984,1998,12,23613,19600,4013
5991,1993,11,900,0,900
5991,1993,12,24409,200,24209
5991,1994,1,16365,8700,7665
5991,1994,2,16390,12500,3890
5991,1994,3,16404,13500,2904
5991,1994,4,16425,14015,2410
5991,1994,5,16405,23528,-7123
5991,1994,6,24544,19228,5316
5991,1994,7,16421,18328,-1907
5991,1994,8,16410,19128,-2718
5991,1994,9,16391,23568,-7177
5991,1994,10,16382,11228,5154
5991,1994,11,16399,13000,3399
5991,1994,12,24546,18720,5826
5991,1995,1,16397,39920,-23523
5991,1995,2,16348,8300,8048
5991,1995,3,16371,15060,1311
5991,1995,4,16369,15760,609
5991,1995,5,16377,16200,177
5991,1995,6,24521,15400,9121
5991,1995,7,16399,20800,-4401
5991,1995,8,16386,17800,-1414
5991,1995,9,16405,15700,705
5991,1995,10,16394,14600,1794
5991,1995,11,16384,18920,-2536
5991,1995,12,24520,21560,2960
5991,1996,1,19582,23380,-3798
5991,1996,2,20213,7500,12713
5991,1996,3,16445,16180,265
5991,1996,4,16439,13000,3439
5991,1996,5,16437,21700,-5263
5991,1996,6,24546,29800,-5254
5991,1996,7,16402,15180,1222
5991,1996,8,16417,11600,4817
5991,1996,9,16428,13700,2728
5991,1996,10,16414,21760,-5346
5991,1996,11,16410,20260,-3850
5991,1996,12,24544,15220,9324
5991,1997,1,16377,44300,-27923
5991,1997,2,21963,7500,14463
5991,1997,3,16398,9920,6478
5991,1997,4,16409,14400,2009
5991,1997,5,16397,19300,-2903
5991,1997,6,24503,36440,-11937
5991,1997,7,16359,16140,219
5991,1997,8,16365,11300,5065
5991,1997,9,16369,15700,669
5991,1997,10,16341,28780,-12439
5991,1997,11,16351,16600,-249
5991,1997,12,24494,23400,1094
5991,1998,1,16332,17940,-1608
5991,1998,2,16347,7500,8847
5991,1998,3,16382,21100,-4718
5991,1998,4,16363,16800,-437
5991,1998,5,16358,22200,-5842
5991,1998,6,24486,7500,16986
5991,1998,7,16395,29740,-13345
5991,1998,8,16354,7500,8854
5991,1998,9,16386,10740,5646
5991,1998,10,16414,7500,8914
5991,1998,11,16424,42428,-26004
5991,1998,12,24482,10873,13609
6030,1993,8,400,0,400
6030,1993,9,23864,0,23864
6030,1993,10,20152,8200,11952
6030,1993,11,20192,16700,3492
6030,1993,12,30230,23400,6830
6030,1994,1,20227,23015,-2788
6030,1994,2,20233,20315,-82
6030,1994,3,20247,26215,-5968
6030,1994,4,20210,20015,195
6030,1994,5,20234,17875,2359
6030,1994,6,30270,27275,2995
6030,1994,7,20243,22615,-2372
6030,1994,8,20239,18955,1284
6030,1994,9,20241,20915,-674
6030,1994,10,20218,22375,-2157
6030,1994,11,20220,19715,505
6030,1994,12,30262,26315,3947
6030,1995,1,20217,23635,-3418
6030,1995,2,20217,26855,-6638
6030,1995,3,20198,15892,4306
6030,1995,4,20211,17392,2819
6030,1995,5,20212,22392,-2180
6030,1995,6,30216,40232,-10016
6030,1995,7,20169,17492,2677
6030,1995,8,20180,16892,3288
6030,1995,9,20185,19292,893
6030,1995,10,20188,20532,-344
6030,1995,11,20230,18392,1838
6030,1995,12,30215,28632,1583
6030,1996,1,20199,21732,-1533
6030,1996,2,20201,17472,2729
6030,1996,3,20214,15592,4622
6030,1996,4,20217,22492,-2275
6030,1996,5,20211,20192,19
6030,1996,6,30220,40472,-10252
6030,1996,7,20183,18892,1291
6030,1996,8,20205,10592,9613
6030,1996,9,20225,16792,3433
6030,1996,10,20251,16292,3959
6030,1996,11,20298,6432,13866
6030,1996,12,30370,16352,14018
6030,1997,1,20353,27232,-6879
6030,1997,2,20337,19092,1245
6030,1997,3,20355,14615,5740
6030,1997,4,20374,16015,4359
6030,1997,5,20385,20015,370
6030,1997,6,36049,47995,-11946
6030,1997,7,20368,9415,10953
6030,1997,8,20392,16515,3877
6030,1997,9,20394,19115,1279
6030,1997,10,20413,15015,5398
6030,1997,11,20425,18815,1610
6030,1997,12,30393,54615,-24222
6030,1998,1,20365,22455,-2090
6030,1998,2,20350,2515,17835
6030,1998,3,20430,20415,15
6030,1998,4,20427,15215,5212
6030,1998,5,20411,17715,2696
6030,1998,6,42695,72195,-29500
6030,1998,7,20362,4215,16147
6030,1998,8,20368,15615,4753
6030,1998,9,20387,16815,3572
6030,1998,10,20442,17115,3327
6030,1998,11,20433,17515,2918
6030,1998,12,30383,49400,-19017
6034,1993,3,61376,0,61376
6034,1993,4,6164,16300,-10136
6034,1993,5,95765,73355,22410
6034,1993,6,56545,87678,-31133
6034,1993,7,43130,51647,-8517
6034,1993,8,39881,30530,9351
6034,1993,9,19383,47857,-28474
6034,1993,10,36817,39099,-2282
6034,1993,11,138043,63266,74777
6034,1993,12,44262,52726,-8464
6034,1994,1,169,67710,-67541
6034,1994,2,29415,10172,19243
6034,1994,3,4198,16646,-12448
6034,1994,4,51727,7772,43955
6034,1994,5,187,27076,-26889
6034,1994,6,58053,31672,26381
6034,1994,7,130,58073,-57943
6034,1994,8,34202,28844,5358
6034,1994,9,22454,7772,14682
6034,1994,10,53490,11972,41518
6034,1994,11,96903,73962,22941
6034,1994,12,39047,64322,-25275
6034,1995,1,35280,55472,-20192
6034,1995,2,678,30572,-29894
6034,1995,3,7450,9272,-1822
6034,1995,4,8346,7772,574
6034,1995,5,9552,7772,1780
6034,1995,6,81160,7772,73388
6034,1995,7,45577,99659,-54082
6034,1995,8,94,13372,-13278
6034,1995,9,45796,14972,30824
6034,1995,10,154,19772,-19618
6034,1995,11,48815,35272,13543
6034,1995,12,136,16972,-16836
6034,1996,1,5777,31372,-25595
6034,1996,2,33906,20346,13560
6034,1996,3,6544,11609,-5065
6034,1996,4,6236,7772,-1536
6034,1996,5,33954,7772,26182
6034,1996,6,27,33820,-33793
6034,1996,7,14703,30,14673
6034,1996,8,29682,35792,-6110
6034,1996,9,6638,30,6608
6034,1996,10,6362,12130,-5768
6034,1996,11,6341,3030,3311
6034,1996,12,6853,7230,-377
6034,1997,1,40120,36330,3790
6034,1997,2,7467,7772,-305
6034,1997,3,83947,41872,42075
6034,1997,4,229,23372,-23143
6034,1997,5,13750,25630,-11880
6034,1997,6,22942,20107,2835
6034,1997,7,141597,85972,55625
6034,1997,8,302,39272,-38970
6034,1997,9,27057,35272,-8215
6034,1997,10,30516,40898,-10382
6034,1997,11,38234,28572,9662
6034,1997,12,5705,16572,-10867
6034,1998,1,94143,86072,8071
6034,1998,2,38109,38477,-368
6034,1998,3,44254,27224,17030
6034,1998,4,156,31572,-31416
6034,1998,5,99732,41335,58397
6034,1998,6,13447,71172,-57725
6034,1998,7,12624,31506,-18882
6034,1998,8,0,2628,-2628
6034,1998,9,42751,34282,8469
6034,1998,10,12,5200,-5188
6034,1998,11,61223,14830,46393
6034,1998,12,76583,58443,18140
6040,1993,4,1100,0,1100
6040,1993,5,24800,0,24800
6040,1993,6,33228,17200,16028
6040,1993,7,22243,19400,2843
6040,1993,8,22250,22500,-250
6040,1993,9,22266,22865,-599
6040,1993,10,22258,24686,-2428
6040,1993,11,22241,24086,-1845
6040,1993,12,33290,30286,3004
6040,1994,1,22211,35586,-13375
6040,1994,2,22203,19486,2717
6040,1994,3,22220,19786,2434
6040,1994,4,22227,19886,2341
6040,1994,5,22232,21186,1046
6040,1994,6,33280,37086,-3806
6040,1994,7,22216,22686,-470
6040,1994,8,22210,22686,-476
6040,1994,9,22202,26086,-3884
6040,1994,10,22214,20975,1239
6040,1994,11,22198,21875,323
6040,1994,12,33238,31875,1363
6040,1995,1,22177,33275,-11098
6040,1995,2,22165,18175,3990
6040,1995,3,22172,22775,-603
6040,1995,4,22175,21675,500
6040,1995,5,22160,27475,-5315
6040,1995,6,33200,27075,6125
6040,1995,7,22175,22075,100
6040,1995,8,22183,17375,4808
6040,1995,9,22214,14375,7839
6040,1995,10,22229,20175,2054
6040,1995,11,22225,23275,-1050
6040,1995,12,33274,27975,5299
6040,1996,1,22178,49475,-27297
6040,1996,2,22173,9475,12698
6040,1996,3,22199,17575,4624
6040,1996,4,22201,21875,326
6040,1996,5,22182,28975,-6793
6040,1996,6,33241,21175,12066
6040,1996,7,22194,31675,-9481
6040,1996,8,22178,23875,-1697
6040,1996,9,22174,22875,-701
6040,1996,10,22171,21886,285
6040,1996,11,22177,21886,291
6040,1996,12,33246,21086,12160
6040,1997,1,22151,47786,-25635
6040,1997,2,22164,9486,12678
6040,1997,3,22188,18986,3202
6040,1997,4,22188,21486,702
6040,1997,5,22177,25786,-3609
6040,1997,6,33262,27386,5876
6040,1997,7,22235,37186,-14951
6040,1997,8,22181,9386,12795
6040,1997,9,22220,35586,-13366
6040,1997,10,22178,9386,12792
6040,1997,11,22221,29186,-6965
6040,1997,12,33249,31586,1663
6040,1998,1,22180,22386,-206
6040,1998,2,22198,26486,-4288
6040,1998,3,22178,24286,-2108
6040,1998,4,22172,22486,-314
6040,1998,5,22171,21086,1085
6040,1998,6,33234,26286,6948
6040,1998,7,22196,27986,-5790
6040,1998,8,22175,21086,1089
6040,1998,9,22178,22186,-8
6040,1998,10,22187,13686,8501
6040,1998,11,22200,31686,-9486
6040,1998,12,33221,32471,750
6051,1993,8,500,0,500
6051,1993,9,16597,0,16597
6051,1993,10,5362,0,5362
6051,1993,11,5082,2300,2782
6051,1993,12,7586,5900,1686
6051,1994,1,10964,21235,-10271
6051,1994,2,13439,12615,824
6051,1994,3,7755,7515,240
6051,1994,4,13159,10215,2944
6051,1994,5,11071,11615,-544
6051,1994,6,14870,11915,2955
6051,1994,7,12053,15980,-3927
6051,1994,8,12562,10700,1862
6051,1994,9,16858,16420,438
6051,1994,10,14473,11200,3273
6051,1994,11,12084,11000,1084
6051,1994,12,12084,13000,-916
6051,1995,1,17259,24000,-6741
6051,1995,2,14461,11400,3061
6051,1995,3,12268,11600,668
6051,1995,4,13966,13300,666
6051,1995,5,12678,10600,2078
6051,1995,6,16273,16940,-667
6051,1995,7,11683,11500,183
6051,1995,8,9169,13680,-4511
6051,1995,9,12570,10300,2270
6051,1995,10,9569,12400,-2831
6051,1995,11,12563,11700,863
6051,1995,12,11159,13220,-2061
6051,1996,1,10856,13680,-2824
6051,1996,2,13052,11000,2052
6051,1996,3,12158,10900,1258
6051,1996,4,10260,10700,-440
6051,1996,5,12762,11300,1462
6051,1996,6,13067,10700,2367
6051,1996,7,9173,10800,-1627
6051,1996,8,13985,10700,3285
6051,1996,9,10674,15500,-4826
6051,1996,10,10965,11200,-235
6051,1996,11,9162,10600,-1438
6051,1996,12,9448,10700,-1252
6051,1997,1,5531,15660,-10129
6051,1997,2,10220,7700,2520
6051,1997,3,11726,11100,626
6051,1997,4,7823,11300,-3477
6051,1997,5,10129,3915,6214
6051,1997,6,7516,11600,-4084
6051,1997,7,10908,12017,-1109
6051,1997,8,11221,8515,2706
6051,1997,9,5023,4015,1008
6051,1997,10,5028,6315,-1287
6051,1997,11,8221,11315,-3094
6051,1997,12,7487,13220,-5733
6051,1998,1,4988,3717,1271
6051,1998,2,4994,3015,1979
6051,1998,3,12117,13215,-1098
6051,1998,4,15517,9115,6402
6051,1998,5,10620,12115,-1495
6051,1998,6,19045,10915,8130
6051,1998,7,10361,13415,-3054
6051,1998,8,11748,16495,-4747
6051,1998,9,9313,9515,-202
6051,1998,10,15020,12155,2865
6051,1998,11,14824,10415,4409
6051,1998,12,7545,10900,-3355
6061,1997,3,1000,0,1000
6061,1997,4,21489,800,20689
6061,1997,5,21548,9300,12248
6061,1997,6,32348,7900,24448
6061,1997,7,21676,17200,4476
6061,1997,8,21680,21595,85
6061,1997,9,21629,34416,-12787
6061,1997,10,21618,22236,-618
6061,1997,11,21639,15636,6003
6061,1997,12,32371,25516,6855
6061,1998,1,21604,57176,-35572
6061,1998,2,21561,10836,10725
6061,1998,3,21601,12536,9065
6061,1998,4,21619,17936,3683
6061,1998,5,21615,22436,-821
6061,1998,6,32319,57005,-24686
6061,1998,7,21961,17265,4696
6061,1998,8,21586,19065,2521
6061,1998,9,21587,25265,-3678
6061,1998,10,21571,22265,-694
6061,1998,11,21570,18165,3405
6061,1998,12,32324,12230,20094
6062,1996,8,700,0,700
6062,1996,9,37397,5600,31797
6062,1996,10,37525,21500,16025
6062,1996,11,37587,28100,9487
6062,1996,12,56333,62700,-6367
6062,1997,1,37608,52668,-15060
6062,1997,2,37607,30423,7184
6062,1997,3,37606,30203,7403
6062,1997,4,37659,34671,2988
6062,1997,5,37618,40392,-2774
6062,1997,6,56339,62316,-5977
6062,1997,7,37612,32023,5589
6062,1997,8,37617,57988,-20371
6062,1997,9,37551,27173,10378
6062,1997,10,37606,26602,11004
6062,1997,11,37640,29323,8317
6062,1997,12,56305,90843,-34538
6062,1998,1,45902,50040,-4138
6062,1998,2,38599,37251,1348
6062,1998,3,39851,18298,21553
6062,1998,4,37705,30023,7682
6062,1998,5,37634,29379,8255
6062,1998,6,73772,96426,-22654
6062,1998,7,42663,44344,-1681
6062,1998,8,37583,21479,16104
6062,1998,9,37617,46164,-8547
6062,1998,10,39660,48197,-8537
6062,1998,11,37565,40676,-3111
6062,1998,12,56277,46652,9625
6064,1997,1,900,0,900
6064,1997,2,15591,0,15591
6064,1997,3,5724,1300,4424
6064,1997,4,5740,2600,3140
6064,1997,5,5748,4200,1548
6064,1997,6,8570,13515,-4945
6064,1997,7,5746,7215,-1469
6064,1997,8,6443,15,6428
6064,1997,9,5751,5415,336
6064,1997,10,5745,8115,-2370
6064,1997,11,5736,10675,-4939
6064,1997,12,8543,10355,-1812
6064,1998,1,8364,28460,-20096
6064,1998,2,11467,26,11441
6064,1998,3,5688,2315,3373
6064,1998,4,5691,6115,-424
6064,1998,5,5698,3115,2583
6064,1998,6,8534,5015,3519
6064,1998,7,5708,8115,-2407
6064,1998,8,5710,7495,-1785
6064,1998,9,5692,7615,-1923
6064,1998,10,5687,6615,-928
6064,1998,11,5693,3215,2478
6064,1998,12,8497,17560,-9063
6075,1996,9,800,0,800
6075,1996,10,15089,0,15089
6075,1996,11,5630,800,4830
6075,1996,12,8424,5000,3424
6075,1997,1,5651,6500,-849
6075,1997,2,8133,16295,-8162
6075,1997,3,8012,11895,-3883
6075,1997,4,12717,7015,5702
6075,1997,5,9726,8715,1011
6075,1997,6,13719,15515,-1796
6075,1997,7,9516,9915,-399
6075,1997,8,6095,17115,-11020
6075,1997,9,11287,6215,5072
6075,1997,10,11296,10015,1281
6075,1997,11,5606,3415,2191
6075,1997,12,8383,10915,-2532
6075,1998,1,5601,4115,1486
6075,1998,2,5609,3515,2094
6075,1998,3,5619,3115,2504
6075,1998,4,5604,14814,-9210
6075,1998,5,5584,2615,2969
6075,1998,6,8377,3215,5162
6075,1998,7,5607,11614,-6007
6075,1998,8,5593,15,5578
6075,1998,9,5623,2915,2708
6075,1998,10,5610,12014,-6404
6075,1998,11,5605,3915,1690
6075,1998,12,8398,3700,4698
6083,1996,9,500,0,500
6083,1996,10,14400,0,14400
6083,1996,11,5500,0,5500
6083,1996,12,48660,23200,25460
6083,1997,1,119956,71530,48426
6083,1997,2,95766,96098,-332
6083,1997,3,66706,106230,-39524
6083,1997,4,27837,24035,3802
6083,1997,5,64424,100630,-36206
6083,1997,6,37626,49327,-11701
6083,1997,7,53175,14830,38345
6083,1997,8,16184,37539,-21355
6083,1997,9,88237,69777,18460
6083,1997,10,139624,113928,25696
6083,1997,11,169625,168812,813
6083,1997,12,60615,35668,24947
6083,1998,1,434,74848,-74414
6083,1998,2,37642,28848,8794
6083,1998,3,99866,70528,29338
6083,1998,4,514,21348,-20834
6083,1998,5,3887,26598,-22711
6083,1998,6,5948,18948,-13000
6083,1998,7,12803,18796,-5993
6083,1998,8,15200,19700,-4500
6083,1998,9,17000,19505,-2505
6083,1998,10,17500,10002,7498
6083,1998,11,15301,16315,-1014
6083,1998,12,17905,10741,7164
6097,1997,6,1000,0,1000
6097,1997,7,19360,0,19360
6097,1997,8,9221,0,9221
6097,1997,9,8153,1800,6353
6097,1997,10,8168,6300,1868
6097,1997,11,8157,13698,-5541
6097,1997,12,12141,19738,-7597
6097,1998,1,8123,5998,2125
6097,1998,2,8115,12638,-4523
6097,1998,3,8117,4298,3819
6097,1998,4,8111,13778,-5667
6097,1998,5,8100,7898,202
6097,1998,6,12108,19158,-7050
6097,1998,7,8078,6098,1980
6097,1998,8,10299,3898,6401
6097,1998,9,9723,4858,4865
6097,1998,10,8127,8098,29
6097,1998,11,8132,6598,1534
6097,1998,12,12143,10923,1220
6118,1994,3,42631,0,42631
6118,1994,4,353,10200,-9847
6118,1994,5,62728,6200,56528
6118,1994,6,111014,111430,-416
6118,1994,7,392,56330,-55938
6118,1994,8,35532,27530,8002
6118,1994,9,328,13130,-12802
6118,1994,10,34810,18130,16680
6118,1994,11,110266,66130,44136
6118,1994,12,93957,106130,-12173
6118,1995,1,375,48848,-48473
6118,1995,2,6773,23948,-17175
6118,1995,3,6743,18456,-11713
6118,1995,4,9900,14478,-4578
6118,1995,5,26604,6100,20504
6118,1995,6,12541,12755,-214
6118,1995,7,27559,24048,3511
6118,1995,8,11960,20048,-8088
6118,1995,9,10902,12448,-1546
6118,1995,10,12854,7548,5306
6118,1995,11,13074,6749,6325
6118,1995,12,14372,12765,1607
6118,1996,1,106032,63579,42453
6118,1996,2,5420,34281,-28861
6118,1996,3,9485,12248,-2763
6118,1996,4,14262,13948,314
6118,1996,5,49253,45261,3992
6118,1996,6,83250,49648,33602
6118,1996,7,413,25282,-24869
6118,1996,8,57772,27897,29875
6118,1996,9,39943,44948,-5005
6118,1996,10,47933,51948,-4015
6118,1996,11,60834,47948,12886
6118,1996,12,23646,51655,-28009
6118,1997,1,48790,47648,1142
6118,1997,2,323,11848,-11525
6118,1997,3,30444,31148,-704
6118,1997,4,6813,13248,-6435
6118,1997,5,13369,19848,-6479
6118,1997,6,41147,7548,33599
6118,1997,7,33599,32348,1251
6118,1997,8,21063,23348,-2285
6118,1997,9,6038,19148,-13110
6118,1997,10,44360,26048,18312
6118,1997,11,685,24548,-23863
6118,1997,12,3905,13348,-9443
6118,1998,1,9842,17230,-7388
6118,1998,2,3309,30,3279
6118,1998,3,7942,6030,1912
6118,1998,4,10369,5830,4539
6118,1998,5,12302,13130,-828
6118,1998,6,18905,13430,5475
6118,1998,7,15151,12830,2321
6118,1998,8,13235,28330,-15095
6118,1998,9,16739,30,16709
6118,1998,10,12070,13730,-1660
6118,1998,11,9234,12430,-3196
6118,1998,12,11926,12300,-374
6138,1997,1,200,0,200
6138,1997,2,21630,0,21630
6138,1997,3,17003,10300,6703
6138,1997,4,17029,12100,4929
6138,1997,5,17041,21200,-4159
6138,1997,6,25483,21715,3768
6138,1997,7,17020,32784,-15764
6138,1997,8,16972,21501,-4529
6138,1997,9,16966,13701,3265
6138,1997,10,16987,13701,3286
6138,1997,11,17000,13701,3299
6138,1997,12,25444,33619,-8175
6138,1998,1,16973,13701,3272
6138,1998,2,16986,13701,3285
6138,1998,3,17000,13701,3299
6138,1998,4,17014,13701,3313
6138,1998,5,17035,13701,3334
6138,1998,6,25461,40501,-15040
6138,1998,7,16979,13701,3278
6138,1998,8,16992,13701,3291
6138,1998,9,17006,13701,3305
6138,1998,10,17027,13701,3326
6138,1998,11,17040,16101,939
6138,1998,12,25506,17286,8220
6148,1993,12,300,0,300
6148,1994,1,23858,0,23858
6148,1994,2,23146,10600,12546
6148,1994,3,23193,19800,3393
6148,1994,4,23209,16700,6509
6148,1994,5,23238,24335,-1097
6148,1994,6,34730,42582,-7852
6148,1994,7,23215,21862,1353
6148,1994,8,23212,22242,970
6148,1994,9,23213,24622,-1409
6148,1994,10,23224,20662,2562
6148,1994,11,23229,18952,4277
6148,1994,12,34766,32232,2534
6148,1995,1,23188,37872,-14684
6148,1995,2,23196,16652,6544
6148,1995,3,23219,21912,1307
6148,1995,4,23220,21772,1448
6148,1995,5,23232,19452,3780
6148,1995,6,34745,47952,-13207
6148,1995,7,23198,15752,7446
6148,1995,8,23211,23072,139
6148,1995,9,23225,17052,6173
6148,1995,10,23246,19652,3594
6148,1995,11,23259,19852,3407
6148,1995,12,34796,31172,3624
6148,1996,1,23231,46072,-22841
6148,1996,2,23196,18432,4764
6148,1996,3,23223,20232,2991
6148,1996,4,23230,16152,7078
6148,1996,5,23255,18652,4603
6148,1996,6,35239,42512,-7273
6148,1996,7,23245,17252,5993
6148,1996,8,23270,26592,-3322
6148,1996,9,27584,10352,17232
6148,1996,10,23343,10952,12391
6148,1996,11,23367,19062,4305
6148,1996,12,34912,27542,7370
6148,1997,1,23372,50222,-26850
6148,1997,2,26312,18362,7950
6148,1997,3,23347,17362,5985
6148,1997,4,23363,16842,6521
6148,1997,5,23389,18462,4927
6148,1997,6,34895,47342,-12447
6148,1997,7,23372,13362,10010
6148,1997,8,23384,23762,-378
6148,1997,9,23377,25702,-2325
6148,1997,10,23391,16862,6529
6148,1997,11,23404,20062,3342
6148,1997,12,34957,24162,10795
6148,1998,1,23417,42142,-18725
6148,1998,2,23801,14742,9059
6148,1998,3,23437,17362,6075
6148,1998,4,23445,22562,883
6148,1998,5,23437,22962,475
6148,1998,6,34954,32742,2212
6148,1998,7,23458,22862,596
6148,1998,8,23443,27662,-4219
6148,1998,9,23446,24162,-716
6148,1998,10,23452,18462,4990
6148,1998,11,23437,26062,-2625
6148,1998,12,34997,20047,14950
6157,1996,11,1000,0,1000
6157,1996,12,31840,3400,28440
6157,1997,1,66954,2100,64854
6157,1997,2,392,35100,-34708
6157,1997,3,73825,33538,40287
6157,1997,4,56970,87138,-30168
6157,1997,5,181,40677,-40496
6157,1997,6,5299,13638,-8339
6157,1997,7,49989,14938,35051
6157,1997,8,36544,37938,-1394
6157,1997,9,57488,33238,24250
6157,1997,10,39126,36438,2688
6157,1997,11,51502,51138,364
6157,1997,12,147,61786,-61639
6157,1998,1,63394,57012,6382
6157,1998,2,7491,14703,-7212
6157,1998,3,95106,14703,80403
6157,1998,4,102544,126603,-24059
6157,1998,5,81507,69603,11904
6157,1998,6,90061,122503,-32442
6157,1998,7,82971,77803,5168
6157,1998,8,129915,111139,18776
6157,1998,9,99197,107681,-8484
6157,1998,10,81297,74372,6925
6157,1998,11,219,37403,-37184
6157,1998,12,43449,22588,20861
6158,1996,5,200,0,200
6158,1996,6,16100,0,16100
6158,1996,7,6700,0,6700
6158,1996,8,0,900,-900
6158,1996,9,5500,0,5500
6158,1996,10,5596,1600,3996
6158,1996,11,132,3400,-3268
6158,1996,12,132,5000,-4868
6158,1997,1,732,0,732
6158,1997,2,132,200,-68
6158,1997,3,40385,0,40385
6158,1997,4,132,20100,-19968
6158,1997,5,132,11000,-10868
6158,1997,6,132,3700,-3568
6158,1997,7,132,2500,-2368
6158,1997,8,34012,1500,32512
6158,1997,9,250,18000,-17750
6158,1997,10,250,13600,-13350
6158,1997,11,250,3300,-3050
6158,1997,12,250,3800,-3550
6158,1998,1,105115,63115,42000
6158,1998,2,5871,24380,-18509
6158,1998,3,27396,17980,9416
6158,1998,4,194,14080,-13886
6158,1998,5,25915,9980,15935
6158,1998,6,100,58687,-58587
6158,1998,7,97551,5180,92371
6158,1998,8,61065,100080,-39015
6158,1998,9,38111,30180,7931
6158,1998,10,38186,29080,9106
6158,1998,11,250,25421,-25171
6158,1998,12,24717,7565,17152
6226,1993,7,400,0,400
6226,1993,8,39894,6100,33794
6226,1993,9,40020,24100,15920
6226,1993,10,40078,32900,7178
6226,1993,11,40105,35500,4605
6226,1993,12,60052,76730,-16678
6226,1994,1,40084,32330,7754
6226,1994,2,40091,35330,4761
6226,1994,3,40177,38230,1947
6226,1994,4,40114,40530,-416
6226,1994,5,40163,38730,1433
6226,1994,6,59975,89430,-29455
6226,1994,7,40042,27430,12612
6226,1994,8,40112,28130,11982
6226,1994,9,40103,38730,1373
6226,1994,10,40153,45730,-5577
6226,1994,11,40082,44489,-4407
6226,1994,12,60064,47730,12334
6226,1995,1,40133,39474,659
6226,1995,2,40123,55674,-15551
6226,1995,3,40094,29474,10620
6226,1995,4,40089,52774,-12685
6226,1995,5,40086,27674,12412
6226,1995,6,60014,104274,-44260
6226,1995,7,39976,15574,24402
6226,1995,8,40050,27174,12876
6226,1995,9,40101,34906,5195
6226,1995,10,40109,36874,3235
6226,1995,11,40118,32674,7444
6226,1995,12,60069,71174,-11105
6226,1996,1,40078,52009,-11931
6226,1996,2,40043,50590,-10547
6226,1996,3,39973,54455,-14482
6226,1996,4,39934,38048,1886
6226,1996,5,39989,22174,17815
6226,1996,6,59942,79253,-19311
6226,1996,7,39984,31792,8192
6226,1996,8,40002,37038,2964
6226,1996,9,40014,39243,771
6226,1996,10,40038,22707,17331
6226,1996,11,40104,24374,15730
6226,1996,12,60052,59704,348
6226,1997,1,40180,48297,-8117
6226,1997,2,42501,6674,35827
6226,1997,3,40209,57274,-17065
6226,1997,4,40230,41375,-1145
6226,1997,5,53148,78987,-25839
6226,1997,6,72752,55274,17478
6226,1997,7,44432,12374,32058
6226,1997,8,40079,106018,-65939
6226,1997,9,65873,39243,26630
6226,1997,10,44116,6674,37442
6226,1997,11,40172,93060,-52888
6226,1997,12,79589,11474,68115
6226,1998,1,53797,92474,-38677
6226,1998,2,40203,25574,14629
6226,1998,3,40277,22774,17503
6226,1998,4,40242,61074,-20832
6226,1998,5,40290,28974,11316
6226,1998,6,74012,100474,-26462
6226,1998,7,40211,22031,18180
6226,1998,8,40238,44662,-4424
6226,1998,9,40714,46849,-6135
6226,1998,10,40239,19874,20365
6226,1998,11,40590,46680,-6090
6226,1998,12,60209,52844,7365
6265,1996,11,200,0,200
6265,1996,12,219307,153215,66092
6265,1997,1,82694,102446,-19752
6265,1997,2,67826,31586,36240
6265,1997,3,78208,110399,-32191
6265,1997,4,55872,46089,9783
6265,1997,5,57522,61174,-3652
6265,1997,6,32318,60168,-27850
6265,1997,7,126707,92829,33878
6265,1997,8,21009,41829,-20820
6265,1997,9,66151,14229,51922
6265,1997,10,61145,84429,-23284
6265,1997,11,227,31739,-31512
6265,1997,12,834,10929,-10095
6265,1998,1,8377,16029,-7652
6265,1998,2,8767,10929,-2162
6265,1998,3,47840,35786,12054
6265,1998,4,22853,20836,2017
6265,1998,5,9682,10929,-1247
6265,1998,6,6810,10929,-4119
6265,1998,7,9496,10929,-1433
6265,1998,8,70505,27529,42976
6265,1998,9,252,16729,-16477
6265,1998,10,79998,42163,37835
6265,1998,11,307,37630,-37323
6265,1998,12,177,19214,-19037
6273,1993,7,200,0,200
6273,1993,8,49404,10300,39104
6273,1993,9,164,8400,-8236
6273,1993,10,164,5100,-4936
6273,1993,11,164,1500,-1336
6273,1993,12,9466,5900,3566
6273,1994,1,40968,22800,18168
6273,1994,2,193,11300,-11107
6273,1994,3,25423,6000,19423
6273,1994,4,10430,28241,-17811
6273,1994,5,138,8115,-7977
6273,1994,6,111,4855,-4744
6273,1994,7,36917,3655,33262
6273,1994,8,193,21755,-21562
6273,1994,9,12804,23270,-10466
6273,1994,10,9681,3655,6026
6273,1994,11,37791,5755,32036
6273,1994,12,213,22455,-22242
6273,1995,1,61425,39955,21470
6273,1995,2,198,24013,-23815
6273,1995,3,49938,27395,22543
6273,1995,4,214,16155,-15941
6273,1995,5,24858,42444,-17586
6273,1995,6,38251,45155,-6904
6273,1995,7,8300,3655,4645
6273,1995,8,29058,14955,14103
6273,1995,9,21809,39697,-17888
6273,1995,10,8294,7855,439
6273,1995,11,28588,15596,12992
6273,1995,12,94508,63055,31453
6273,1996,1,83742,100484,-16742
6273,1996,2,22467,33478,-11011
6273,1996,3,32403,9455,22948
6273,1996,4,7243,51860,-44617
6273,1996,5,64742,19644,45098
6273,1996,6,133,37215,-37082
6273,1996,7,84472,20523,63949
6273,1996,8,13343,32515,-19172
6273,1996,9,60332,45354,14978
6273,1996,10,65671,78545,-12874
6273,1996,11,25002,24215,787
6273,1996,12,66228,75362,-9134
6273,1997,1,14025,54215,-40190
6273,1997,2,59,15815,-15756
6273,1997,3,52747,4515,48232
6273,1997,4,22513,17215,5298
6273,1997,5,4906,30046,-25140
6273,1997,6,20028,19880,148
6273,1997,7,23199,10715,12484
6273,1997,8,20213,18415,1798
6273,1997,9,8775,10615,-1840
6273,1997,10,14240,11615,2625
6273,1997,11,1810,3915,-2105
6273,1997,12,84989,67477,17512
6273,1998,1,79686,67215,12471
6273,1998,2,43105,52815,-9710
6273,1998,3,282,6415,-6133
6273,1998,4,559,3615,-3056
6273,1998,5,59776,17415,42361
6273,1998,6,76524,110129,-33605
6273,1998,7,37643,28715,8928
6273,1998,8,302,16915,-16613
6273,1998,9,40402,33315,7087
6273,1998,10,57385,52215,5170
6273,1998,11,22794,37615,-14821
6273,1998,12,18158,11700,6458
6281,1993,6,17011,0,17011
6281,1993,7,10810,500,10310
6281,1993,8,10956,0,10956
6281,1993,9,10872,9100,1772
6281,1993,10,10875,10715,160
6281,1993,11,10834,26955,-16121
6281,1993,12,16192,6615,9577
6281,1994,1,10796,35015,-24219
6281,1994,2,16271,11147,5124
6281,1994,3,17717,3418,14299
6281,1994,4,18024,34225,-16201
6281,1994,5,23701,21038,2663
6281,1994,6,21675,6491,15184
6281,1994,7,10852,5115,5737
6281,1994,8,10767,39030,-28263
6281,1994,9,24689,10515,14174
6281,1994,10,12237,6815,5422
6281,1994,11,10819,15415,-4596
6281,1994,12,30401,41735,-11334
6281,1995,1,19640,21915,-2275
6281,1995,2,19737,14859,4878
6281,1995,3,23244,25988,-2744
6281,1995,4,10757,1915,8842
6281,1995,5,22361,31969,-9608
6281,1995,6,16115,7415,8700
6281,1995,7,17772,23591,-5819
6281,1995,8,12573,4515,8058
6281,1995,9,15963,32562,-16599
6281,1995,10,11137,15,11122
6281,1995,11,16045,21565,-5520
6281,1995,12,16120,15115,1005
6281,1996,1,16741,27915,-11174
6281,1996,2,12021,15,12006
6281,1996,3,10765,4215,6550
6281,1996,4,12167,21200,-9033
6281,1996,5,10752,7615,3137
6281,1996,6,16120,11115,5005
6281,1996,7,10770,26141,-15371
6281,1996,8,10720,9815,905
6281,1996,9,11020,11715,-695
6281,1996,10,10728,4615,6113
6281,1996,11,10740,16442,-5702
6281,1996,12,16087,22891,-6804
6281,1997,1,10708,10037,671
6281,1997,2,10707,7732,2975
6281,1997,3,10714,14060,-3346
6281,1997,4,10710,7877,2833
6281,1997,5,10713,7018,3695
6281,1997,6,16081,13815,2266
6281,1997,7,10734,8515,2219
6281,1997,8,10741,12734,-1993
6281,1997,9,14616,20820,-6204
6281,1997,10,10725,2218,8507
6281,1997,11,10718,20634,-9916
6281,1997,12,16069,10124,5945
6281,1998,1,10714,18131,-7417
6281,1998,2,10712,5029,5683
6281,1998,3,10724,7415,3309
6281,1998,4,10741,6115,4626
6281,1998,5,10754,8615,2139
6281,1998,6,16107,17615,-1508
6281,1998,7,10746,16315,-5569
6281,1998,8,10719,18427,-7708
6281,1998,9,10710,7123,3587
6281,1998,10,10715,9315,1400
6281,1998,11,10710,14791,-4081
6281,1998,12,16063,16583,-520
6289,1995,4,800,0,800
6289,1995,5,49191,12400,36791
6289,1995,6,34139,7300,26839
6289,1995,7,47413,31300,16113
6289,1995,8,335,24900,-24565
6289,1995,9,335,13600,-13265
6289,1995,10,14551,5915,8636
6289,1995,11,10445,10415,30
6289,1995,12,21298,22572,-1274
6289,1996,1,87702,91915,-4213
6289,1996,2,190,5615,-5425
6289,1996,3,238218,223815,14403
6289,1996,4,73258,68215,5043
6289,1996,5,245,10415,-10170
6289,1996,6,33253,28715,4538
6289,1996,7,37552,23015,14537
6289,1996,8,48776,44300,4476
6289,1996,9,48882,32900,15982
6289,1996,10,355,19500,-19145
6289,1996,11,66522,64600,1922
6289,1996,12,50520,57200,-6680
6289,1997,1,15692,51438,-35746
6289,1997,2,44584,24720,19864
6289,1997,3,10900,11538,-638
6289,1997,4,3403,1800,1603
6289,1997,5,202,5400,-5198
6289,1997,6,59417,75772,-16355
6289,1997,7,18188,24362,-6174
6289,1997,8,31272,25200,6072
6289,1997,9,14912,15300,-388
6289,1997,10,6404,21107,-14703
6289,1997,11,15668,5400,10268
6289,1997,12,14293,9000,5293
6289,1998,1,81190,36300,44890
6289,1998,2,263,23200,-22937
6289,1998,3,97959,76700,21259
6289,1998,4,26902,44123,-17221
6289,1998,5,17753,27500,-9747
6289,1998,6,59199,11700,47499
6289,1998,7,50519,71300,-20781
6289,1998,8,114750,125800,-11050
6289,1998,9,75797,60023,15774
6289,1998,10,62307,41900,20407
6289,1998,11,25384,24000,1384
6289,1998,12,65103,90530,-25427
6306,1997,3,200,0,200
6306,1997,4,10400,0,10400
6306,1997,5,3700,0,3700
6306,1997,6,0,1900,-1900
6306,1997,7,3300,0,3300
6306,1997,8,2102,0,2102
6306,1997,9,36999,17500,19499
6306,1997,10,49305,30900,18405
6306,1997,11,231,20100,-19869
6306,1997,12,231,3800,-3569
6306,1998,1,26097,19900,6197
6306,1998,2,32855,25000,7855
6306,1998,3,37844,46896,-9052
6306,1998,4,146,23404,-23258
6306,1998,5,156,4387,-4231
6306,1998,6,3637,14149,-10512
6306,1998,7,18813,2021,16792
6306,1998,8,2451,16515,-14064
6306,1998,9,14191,9598,4593
6306,1998,10,27,715,-688
6306,1998,11,3220,7515,-4295
6306,1998,12,0,1800,-1800
6321,1994,9,800,0,800
6321,1994,10,39897,0,39897
6321,1994,11,35943,5800,30143
6321,1994,12,294,24300,-24006
6321,1995,1,294,10600,-10306
6321,1995,2,46316,9200,37116
6321,1995,3,306,27300,-26994
6321,1995,4,40139,50935,-10796
6321,1995,5,9470,19915,-10445
6321,1995,6,11461,15915,-4454
6321,1995,7,83300,26915,56385
6321,1995,8,29647,43615,-13968
6321,1995,9,16801,33415,-16614
6321,1995,10,95,27415,-27320
6321,1995,11,39,12615,-12576
6321,1995,12,6406,15835,-9429
6321,1996,1,26950,6033,20917
6321,1996,2,30753,34974,-4221
6321,1996,3,59,215,-156
6321,1996,4,53434,28515,24919
6321,1996,5,160,23815,-23655
6321,1996,6,20757,5602,15155
6321,1996,7,48744,35215,13529
6321,1996,8,177,21715,-21538
6321,1996,9,17115,19615,-2500
6321,1996,10,102935,60115,42820
6321,1996,11,158917,171215,-12298
6321,1996,12,199,32515,-32316
6321,1997,1,132,7215,-7083
6321,1997,2,26696,14915,11781
6321,1997,3,50730,33980,16750
6321,1997,4,29911,13415,16496
6321,1997,5,40256,60015,-19759
6321,1997,6,57529,52060,5469
6321,1997,7,38498,57896,-19398
6321,1997,8,66455,26515,39940
6321,1997,9,26336,47515,-21179
6321,1997,10,13966,24415,-10449
6321,1997,11,61025,30469,30556
6321,1997,12,44919,56806,-11887
6321,1998,1,39179,42715,-3536
6321,1998,2,6877,15715,-8838
6321,1998,3,61818,29915,31903
6321,1998,4,223,37827,-37604
6321,1998,5,4527,15,4512
6321,1998,6,11337,16815,-5478
6321,1998,7,119,15415,-15296
6321,1998,8,30073,15,30058
6321,1998,9,9515,24961,-15446
6321,1998,10,27899,36515,-8616
6321,1998,11,10383,15,10368
6321,1998,12,0,12100,-12100
6353,1993,11,700,0,700
6353,1993,12,36659,7200,29459
6353,1994,1,24555,17300,7255
6353,1994,2,24584,16900,7684
6353,1994,3,24613,21600,3013
6353,1994,4,24622,26015,-1393
6353,1994,5,24645,26885,-2240
6353,1994,6,36811,40865,-4054
6353,1994,7,24609,24345,264
6353,1994,8,24611,27385,-2774
6353,1994,9,24604,24645,-41
6353,1994,10,24609,19985,4624
6353,1994,11,24620,22985,1635
6353,1994,12,36863,30305,6558
6353,1995,1,24633,37485,-12852
6353,1995,2,24604,18917,5687
6353,1995,3,24630,20717,3913
6353,1995,4,24638,24117,521
6353,1995,5,24643,22817,1826
6353,1995,6,36786,48737,-11951
6353,1995,7,24594,25077,-483
6353,1995,8,24597,21317,3280
6353,1995,9,24603,25197,-594
6353,1995,10,24605,21617,2988
6353,1995,11,24609,24717,-108
6353,1995,12,36832,31577,5255
6353,1996,1,24607,33097,-8490
6353,1996,2,24592,23517,1075
6353,1996,3,24603,21517,3086
6353,1996,4,24612,23437,1175
6353,1996,5,24616,22917,1699
6353,1996,6,36833,33997,2836
6353,1996,7,24611,32117,-7506
6353,1996,8,24641,21317,3324
6353,1996,9,24638,12817,11821
6353,1996,10,24679,17217,7462
6353,1996,11,24679,26477,-1798
6353,1996,12,36927,24717,12210
6353,1997,1,24660,47517,-22857
6353,1997,2,24633,23317,1316
6353,1997,3,24632,28757,-4125
6353,1997,4,24624,25857,-1233
6353,1997,5,24614,27237,-2623
6353,1997,6,36810,46197,-9387
6353,1997,7,24600,12917,11683
6353,1997,8,24610,23117,1493
6353,1997,9,24611,23917,694
6353,1997,10,24636,18717,5919
6353,1997,11,24647,28697,-4050
6353,1997,12,36883,22937,13946
6353,1998,1,24615,51917,-27302
6353,1998,2,24576,19917,4659
6353,1998,3,24593,22017,2576
6353,1998,4,24597,26917,-2320
6353,1998,5,24593,21217,3376
6353,1998,6,36837,25817,11020
6353,1998,7,24601,36517,-11916
6353,1998,8,24552,36317,-11765
6353,1998,9,24594,12837,11757
6353,1998,10,24650,44417,-19767
6353,1998,11,24571,7917,16654
6353,1998,12,36870,13502,23368
6358,1995,5,700,0,700
6358,1995,6,50722,14600,36122
6358,1995,7,33957,25500,8457
6358,1995,8,33993,25000,8993
6358,1995,9,34025,30800,3225
6358,1995,10,34058,39191,-5133
6358,1995,11,33984,54291,-20307
6358,1995,12,50867,47132,3735
6358,1996,1,35546,39191,-3645
6358,1996,2,33984,30292,3692
6358,1996,3,33991,32091,1900
6358,1996,4,33992,27791,6201
6358,1996,5,33982,46015,-12033
6358,1996,6,50861,56891,-6030
6358,1996,7,40012,41854,-1842
6358,1996,8,33932,22624,11308
6358,1996,9,36122,45352,-9230
6358,1996,10,33929,30495,3434
6358,1996,11,33938,30724,3214
6358,1996,12,50883,55167,-4284
6358,1997,1,33918,35124,-1206
6358,1997,2,33930,28424,5506
6358,1997,3,33958,27424,6534
6358,1997,4,33967,37143,-3176
6358,1997,5,33972,26624,7348
6358,1997,6,50914,45624,5290
6358,1997,7,34003,49269,-15266
6358,1997,8,38432,40809,-2377
6358,1997,9,33967,23124,10843
6358,1997,10,35515,36724,-1209
6358,1997,11,33957,39581,-5624
6358,1997,12,50872,39824,11048
6358,1998,1,33985,42824,-8839
6358,1998,2,33969,30024,3945
6358,1998,3,33974,31924,2050
6358,1998,4,33958,42824,-8866
6358,1998,5,33934,36824,-2890
6358,1998,6,50848,46360,4488
6358,1998,7,33949,34824,-875
6358,1998,8,33944,35924,-1980
6358,1998,9,33938,38524,-4586
6358,1998,10,33949,26424,7525
6358,1998,11,33937,45228,-11291
6358,1998,12,50853,38909,11944
6363,1993,8,20457,0,20457
6363,1993,9,11806,5600,6206
6363,1993,10,11833,5800,6033
6363,1993,11,11857,7700,4157
6363,1993,12,17762,14515,3247
6363,1994,1,11901,15675,-3774
6363,1994,2,11892,10915,977
6363,1994,3,11901,11515,386
6363,1994,4,11900,14615,-2715
6363,1994,5,11889,10815,1074
6363,1994,6,17770,12515,5255
6363,1994,7,11907,17315,-5408
6363,1994,8,11880,10315,1565
6363,1994,9,11880,12315,-435
6363,1994,10,11887,9335,2552
6363,1994,11,11903,11074,829
6363,1994,12,17771,16594,1177
6363,1995,1,11907,13074,-1167
6363,1995,2,11903,12174,-271
6363,1995,3,11905,10674,1231
6363,1995,4,11905,11634,271
6363,1995,5,11906,13674,-1768
6363,1995,6,17759,40594,-22835
6363,1995,7,14920,4954,9966
6363,1995,8,11849,5794,6055
6363,1995,9,11877,5774,6103
6363,1995,10,11900,7774,4126
6363,1995,11,11906,9415,2491
6363,1995,12,17769,23195,-5426
6363,1996,1,11895,12275,-380
6363,1996,2,11888,10415,1473
6363,1996,3,11894,14635,-2741
6363,1996,4,11890,11615,275
6363,1996,5,11889,11515,374
6363,1996,6,17761,10815,6946
6363,1996,7,11916,11215,701
6363,1996,8,11918,12215,-297
6363,1996,9,11915,12415,-500
6363,1996,10,11911,11215,696
6363,1996,11,11914,12315,-401
6363,1996,12,17781,15035,2746
6363,1997,1,11936,6515,5421
6363,1997,2,11932,17475,-5543
6363,1997,3,11934,8015,3919
6363,1997,4,11949,7715,4234
6363,1997,5,11960,10015,1945
6363,1997,6,17843,10515,7328
6363,1997,7,11991,12515,-524
6363,1997,8,11991,12275,-284
6363,1997,9,11998,8855,3143
6363,1997,10,12015,6955,5060
6363,1997,11,12022,11595,427
6363,1997,12,17904,14755,3149
6363,1998,1,12039,11115,924
6363,1998,2,12029,21395,-9366
6363,1998,3,12015,7415,4600
6363,1998,4,11997,21435,-9438
6363,1998,5,11997,5215,6782
6363,1998,6,17834,41335,-23501
6363,1998,7,20568,15,20553
6363,1998,8,12021,2515,9506
6363,1998,9,12044,7515,4529
6363,1998,10,12044,15115,-3071
6363,1998,11,12028,17115,-5087
6363,1998,12,17865,21300,-3435
6397,1995,3,500,0,500
6397,1995,4,21953,0,21953
6397,1995,5,18215,9300,8915
6397,1995,6,27308,16300,11008
6397,1995,7,18274,18900,-626
6397,1995,8,18260,36415,-18155
6397,1995,9,18212,13015,5197
6397,1995,10,18239,14207,4032
6397,1995,11,18234,20115,-1881
6397,1995,12,27294,30615,-3321
6397,1996,1,18213,25315,-7102
6397,1996,2,18220,7215,11005
6397,1996,3,18250,20715,-2465
6397,1996,4,18244,12515,5729
6397,1996,5,18225,29099,-10874
6397,1996,6,27298,22774,4524
6397,1996,7,18224,19654,-1430
6397,1996,8,18229,13315,4914
6397,1996,9,18257,17418,839
6397,1996,10,18264,10332,7932
6397,1996,11,18241,29122,-10881
6397,1996,12,27299,30335,-3036
6397,1997,1,18209,21032,-2823
6397,1997,2,18238,7686,10552
6397,1997,3,18267,15432,2835
6397,1997,4,18281,10332,7949
6397,1997,5,20375,31336,-10961
6397,1997,6,29681,4832,24849
6397,1997,7,18347,21632,-3285
6397,1997,8,18278,35824,-17546
6397,1997,9,18296,12232,6064
6397,1997,10,18316,19832,-1516
6397,1997,11,18312,14932,3380
6397,1997,12,33592,43932,-10340
6397,1998,1,27138,27032,106
6397,1998,2,18283,10932,7351
6397,1998,3,18305,22181,-3876
6397,1998,4,18297,11132,7165
6397,1998,5,18303,26321,-8018
6397,1998,6,27331,22971,4360
6397,1998,7,18297,17432,865
6397,1998,8,18311,12032,6279
6397,1998,9,18332,17732,600
6397,1998,10,22975,36076,-13101
6397,1998,11,18291,3632,14659
6397,1998,12,27413,9617,17796
6400,1995,10,59924,0,59924
6400,1995,11,23917,32700,-8783
6400,1995,12,212,17400,-17188
6400,1996,1,25111,8700,16411
6400,1996,2,209,14000,-13791
6400,1996,3,209,7000,-6791
6400,1996,4,209,1300,-1091
6400,1996,5,209,700,-491
6400,1996,6,209,700,-491
6400,1996,7,809,0,809
6400,1996,8,35695,38071,-2376
6400,1996,9,18011,28076,-10065
6400,1996,10,7442,17976,-10534
6400,1996,11,10111,17989,-7878
6400,1996,12,16611,10665,5946
6400,1997,1,42299,19477,22822
6400,1997,2,40459,27276,13183
6400,1997,3,97,26476,-26379
6400,1997,4,8633,17976,-9343
6400,1997,5,68134,31476,36658
6400,1997,6,63164,49089,14075
6400,1997,7,32859,36476,-3617
6400,1997,8,67362,63176,4186
6400,1997,9,9120,24076,-14956
6400,1997,10,27328,19376,7952
6400,1997,11,10762,17976,-7214
6400,1997,12,41951,34276,7675
6400,1998,1,94885,78093,16792
6400,1998,2,13000,54972,-41972
6400,1998,3,19769,17359,2410
6400,1998,4,23980,17659,6321
6400,1998,5,93528,21759,71769
6400,1998,6,32291,75250,-42959
6400,1998,7,48538,49502,-964
6400,1998,8,41929,17159,24770
6400,1998,9,1301,22159,-20858
6400,1998,10,28665,46380,-17715
6400,1998,11,24419,33300,-8881
6400,1998,12,81,24059,-23978
6425,1993,3,700,0,700
6425,1993,4,19276,0,19276
6425,1993,5,12455,5500,6955
6425,1993,6,18669,8900,9769
6425,1993,7,12521,11200,1321
6425,1993,8,12539,12155,384
6425,1993,9,12534,22815,-10281
6425,1993,10,12505,10895,1610
6425,1993,11,12492,17115,-4623
6425,1993,12,19572,20635,-1063
6425,1994,1,13390,9695,3695
6425,1994,2,12494,16915,-4421
6425,1994,3,17280,13975,3305
6425,1994,4,12487,9715,2772
6425,1994,5,12500,15215,-2715
6425,1994,6,24789,34695,-9906
6425,1994,7,16947,11775,5172
6425,1994,8,15784,8715,7069
6425,1994,9,12499,12215,284
6425,1994,10,13109,13215,-106
6425,1994,11,12492,14815,-2323
6425,1994,12,18696,12455,6241
6425,1995,1,12513,12972,-459
6425,1995,2,12511,11072,1439
6425,1995,3,12505,15932,-3427
6425,1995,4,12505,12112,393
6425,1995,5,13294,18072,-4778
6425,1995,6,18667,23632,-4965
6425,1995,7,12451,16412,-3961
6425,1995,8,12452,9372,3080
6425,1995,9,12455,12712,-257
6425,1995,10,12462,9372,3090
6425,1995,11,12473,10072,2401
6425,1995,12,18675,14932,3743
6425,1996,1,12495,14735,-2240
6425,1996,2,12502,7615,4887
6425,1996,3,12495,18755,-6260
6425,1996,4,12469,13735,-1266
6425,1996,5,12477,10775,1702
6425,1996,6,18659,18215,444
6425,1996,7,12476,14515,-2039
6425,1996,8,12465,19015,-6550
6425,1996,9,12449,9315,3134
6425,1996,10,12460,12115,345
6425,1996,11,12450,16515,-4065
6425,1996,12,18622,16475,2147
6425,1997,1,12438,14775,-2337
6425,1997,2,16066,6715,9351
6425,1997,3,12442,22795,-10353
6425,1997,4,12438,11815,623
6425,1997,5,12456,17695,-5239
6425,1997,6,18633,5915,12718
6425,1997,7,12463,12715,-252
6425,1997,8,12449,16575,-4126
6425,1997,9,12456,9015,3441
6425,1997,10,12462,12415,47
6425,1997,11,12463,8975,3488
6425,1997,12,18648,18735,-87
6425,1998,1,12433,27235,-14802
6425,1998,2,12430,6415,6015
6425,1998,3,12463,4815,7648
6425,1998,4,12458,15515,-3057
6425,1998,5,12465,8695,3770
6425,1998,6,18673,17115,1558
6425,1998,7,12484,14415,-1931
6425,1998,8,12469,26735,-14266
6425,1998,9,12407,2815,9592
6425,1998,10,12649,18015,-5366
6425,1998,11,12442,7855,4587
6425,1998,12,18657,12140,6517
6434,1995,5,400,0,400
6434,1995,6,11100,0,11100
6434,1995,7,8600,0,8600
6434,1995,8,4000,0,4000
6434,1995,9,2400,0,2400
6434,1995,10,100,0,100
6434,1995,11,25809,2200,23609
6434,1995,12,209,11000,-10791
6434,1996,1,17900,5200,12700
6434,1996,2,216,10600,-10384
6434,1996,3,32633,22700,9933
6434,1996,4,35733,7800,27933
6434,1996,5,84218,100915,-16697
6434,1996,6,144,31006,-30862
6434,1996,7,88972,66806,22166
6434,1996,8,221,17906,-17685
6434,1996,9,37601,37106,495
6434,1996,10,37426,28806,8620
6434,1996,11,51474,48011,3463
6434,1996,12,89247,90030,-783
6434,1997,1,121,25195,-25074
6434,1997,2,69482,38495,30987
6434,1997,3,7072,16195,-9123
6434,1997,4,55452,48295,7157
6434,1997,5,47231,43395,3836
6434,1997,6,45096,33498,11598
6434,1997,7,20467,39295,-18828
6434,1997,8,65931,54095,11836
6434,1997,9,208,31195,-30987
6434,1997,10,58585,32095,26490
6434,1997,11,186,26495,-26309
6434,1997,12,26675,31895,-5220
6434,1998,1,47040,44395,2645
6434,1998,2,33684,25595,8089
6434,1998,3,116,13495,-13379
6434,1998,4,65,9495,-9430
6434,1998,5,64900,28795,36105
6434,1998,6,47868,27195,20673
6434,1998,7,229,31295,-31066
6434,1998,8,33528,36895,-3367
6434,1998,9,45091,45195,-104
6434,1998,10,42084,37195,4889
6434,1998,11,29996,35506,-5510
6434,1998,12,57670,53191,4479
6440,1996,11,1100,0,1100
6440,1996,12,64802,19300,45502
6440,1997,1,17619,18500,-881
6440,1997,2,74847,43615,31232
6440,1997,3,70450,100186,-29736
6440,1997,4,16359,37251,-20892
6440,1997,5,40480,3515,36965
6440,1997,6,56239,64815,-8576
6440,1997,7,221,16496,-16275
6440,1997,8,70906,42397,28509
6440,1997,9,4161,38238,-34077
6440,1997,10,50152,26396,23756
6440,1997,11,85475,82796,2679
6440,1997,12,238,17496,-17258
6440,1998,1,6724,22696,-15972
6440,1998,2,26082,18196,7886
6440,1998,3,7802,16977,-9175
6440,1998,4,41390,18996,22394
6440,1998,5,175,11297,-11122
6440,1998,6,47137,54596,-7459
6440,1998,7,7022,5715,1307
6440,1998,8,12754,4192,8562
6440,1998,9,6457,17965,-11508
6440,1998,10,5216,2115,3101
6440,1998,11,16776,9615,7161
6440,1998,12,103,17443,-17340
6453,1996,7,300,0,300
6453,1996,8,13236,0,13236
6453,1996,9,8689,0,8689
6453,1996,10,4219,2900,1319
6453,1996,11,4827,0,4827
6453,1996,12,6302,11985,-5683
6453,1997,1,7098,14205,-7107
6453,1997,2,10589,7185,3404
6453,1997,3,6911,2965,3946
6453,1997,4,4827,3065,1762
6453,1997,5,4234,2965,1269
6453,1997,6,6302,5665,637
6453,1997,7,4234,7265,-3031
6453,1997,8,4221,7265,-3044
6453,1997,9,4214,2765,1449
6453,1997,10,4213,6965,-2752
6453,1997,11,4503,5125,-622
6453,1997,12,9778,7005,2773
6453,1998,1,6511,12185,-5674
6453,1998,2,8702,3165,5537
6453,1998,3,6321,2865,3456
6453,1998,4,9431,6365,3066
6453,1998,5,4745,2865,1880
6453,1998,6,6305,10269,-3964
6453,1998,7,4228,6469,-2241
6453,1998,8,4211,10049,-5838
6453,1998,9,4197,4869,-672
6453,1998,10,6993,7269,-276
6453,1998,11,7605,3069,4536
6453,1998,12,6282,7074,-792
6461,1996,7,700,0,700
6461,1996,8,110571,23200,87371
6461,1996,9,75541,97915,-22374
6461,1996,10,47618,36015,11603
6461,1996,11,278,26715,-26437
6461,1996,12,58446,46504,11942
6461,1997,1,270,39728,-39458
6461,1997,2,7096,10710,-3614
6461,1997,3,8888,7115,1773
6461,1997,4,11892,15,11877
6461,1997,5,38652,27200,11452
6461,1997,6,43669,28686,14983
6461,1997,7,57624,67308,-9684
6461,1997,8,44176,49808,-5632
6461,1997,9,3283,4208,-925
6461,1997,10,1775,4208,-2433
6461,1997,11,17283,13208,4075
6461,1997,12,38720,31320,7400
6461,1998,1,63491,48970,14521
6461,1998,2,75831,38508,37323
6461,1998,3,255,72619,-72364
6461,1998,4,43586,43224,362
6461,1998,5,28004,10508,17496
6461,1998,6,27263,11414,15849
6461,1998,7,215,22896,-22681
6461,1998,8,6463,12608,-6145
6461,1998,9,92113,36828,55285
6461,1998,10,59561,83900,-24339
6461,1998,11,34754,29469,5285
6461,1998,12,165,47857,-47692
6463,1995,9,42743,0,42743
6463,1995,10,38874,25900,12974
6463,1995,11,34443,15900,18543
6463,1995,12,30965,54083,-23118
6463,1996,1,108,33715,-33607
6463,1996,2,4346,13015,-8669
6463,1996,3,6729,10115,-3386
6463,1996,4,9417,11615,-2198
6463,1996,5,13708,26118,-12410
6463,1996,6,12901,104,12797
6463,1996,7,14214,14715,-501
6463,1996,8,15817,14415,1402
6463,1996,9,13115,15115,-2000
6463,1996,10,13114,11515,1599
6463,1996,11,10210,12215,-2005
6463,1996,12,11109,23618,-12509
6463,1997,1,13300,115,13185
6463,1997,2,15419,13615,1804
6463,1997,3,34945,13515,21430
6463,1997,4,62504,10915,51589
6463,1997,5,132,53015,-52883
6463,1997,6,41112,29415,11697
6463,1997,7,98,21115,-21017
6463,1997,8,39971,17515,22456
6463,1997,9,4330,15815,-11485
6463,1997,10,47741,27711,20030
6463,1997,11,108517,95381,13136
6463,1997,12,840,16015,-15175
6463,1998,1,57958,49938,8020
6463,1998,2,12337,15615,-3278
6463,1998,3,63873,52815,11058
6463,1998,4,88560,44215,44345
6463,1998,5,100399,126215,-25816
6463,1998,6,24916,56215,-31299
6463,1998,7,124077,105436,18641
6463,1998,8,52851,29848,23003
6463,1998,9,282,40615,-40333
6463,1998,10,81502,69600,11902
6463,1998,11,47292,47115,177
6463,1998,12,115869,61100,54769
6472,1994,2,39364,0,39364
6472,1994,3,38656,25400,13256
6472,1994,4,38739,15500,23239
6472,1994,5,38807,25500,13307
6472,1994,6,57987,82515,-24528
6472,1994,7,38758,28215,10543
6472,1994,8,38793,31015,7778
6472,1994,9,38827,29315,9512
6472,1994,10,38821,58675,-19854
6472,1994,11,38788,22115,16673
6472,1994,12,58048,73590,-15542
6472,1995,1,38683,81983,-43300
6472,1995,2,39539,24709,14830
6472,1995,3,40976,36779,4197
6472,1995,4,38722,23262,15460
6472,1995,5,38770,30812,7958
6472,1995,6,57979,73536,-15557
6472,1995,7,38759,15712,23047
6472,1995,8,38807,32734,6073
6472,1995,9,38729,51443,-12714
6472,1995,10,38712,65075,-26363
6472,1995,11,38752,33823,4929
6472,1995,12,58014,52266,5748
6472,1996,1,38629,62290,-23661
6472,1996,2,38628,40407,-1779
6472,1996,3,38657,27009,11648
6472,1996,4,38715,35983,2732
6472,1996,5,38737,29715,9022
6472,1996,6,57967,63532,-5565
6472,1996,7,38725,32969,5756
6472,1996,8,38736,47159,-8423
6472,1996,9,38663,50333,-11670
6472,1996,10,38612,27515,11097
6472,1996,11,38700,36007,2693
6472,1996,12,57897,49715,8182
6472,1997,1,38655,65044,-26389
6472,1997,2,38666,21615,17051
6472,1997,3,38653,41615,-2962
6472,1997,4,38707,31015,7692
6472,1997,5,38740,31815,6925
6472,1997,6,57989,65015,-7026
6472,1997,7,38677,34815,3862
6472,1997,8,38692,36415,2277
6472,1997,9,38719,39085,-366
6472,1997,10,38685,46815,-8130
6472,1997,11,38709,31315,7394
6472,1997,12,57991,52015,5976
6472,1998,1,38672,76915,-38243
6472,1998,2,38589,31504,7085
6472,1998,3,38649,16815,21834
6472,1998,4,38727,30215,8512
6472,1998,5,38744,49766,-11022
6472,1998,6,57924,63715,-5791
6472,1998,7,38620,71534,-32914
6472,1998,8,38522,35065,3457
6472,1998,9,38569,13715,24854
6472,1998,10,38623,44831,-6208
6472,1998,11,38609,37215,1394
6472,1998,12,57908,36285,21623
6473,1993,1,21078,0,21078
6473,1993,2,24092,8900,15192
6473,1993,3,42419,27700,14719
6473,1993,4,33997,10500,23497
6473,1993,5,20945,26015,-5070
6473,1993,6,228,40815,-40587
6473,1993,7,109047,92466,16581
6473,1993,8,37334,27915,9419
6473,1993,9,98891,108113,-9222
6473,1993,10,168,20715,-20547
6473,1993,11,100627,47515,53112
6473,1993,12,9112,45218,-36106
6473,1994,1,67284,70357,-3073
6473,1994,2,34951,47822,-12871
6473,1994,3,30241,9915,20326
6473,1994,4,29386,30715,-1329
6473,1994,5,7084,37248,-30164
6473,1994,6,55915,15006,40909
6473,1994,7,48320,50762,-2442
6473,1994,8,149,43763,-43614
6473,1994,9,63950,31546,32404
6473,1994,10,11116,13324,-2208
6473,1994,11,70249,67693,2556
6473,1994,12,7999,39080,-31081
6473,1995,1,78731,31215,47516
6473,1995,2,42187,23624,18563
6473,1995,3,224,55221,-54997
6473,1995,4,85595,46719,38876
6473,1995,5,89492,75774,13718
6473,1995,6,214,35621,-35407
6473,1995,7,49448,33074,16374
6473,1995,8,39640,61074,-21434
6473,1995,9,29225,34015,-4790
6473,1995,10,717,7315,-6598
6473,1995,11,26585,16915,9670
6473,1995,12,44837,31115,13722
6473,1996,1,105,34715,-34610
6473,1996,2,44618,30779,13839
6473,1996,3,78,20415,-20337
6473,1996,4,5022,4815,207
6473,1996,5,4719,6015,-1296
6473,1996,6,7220,6115,1105
6473,1996,7,8229,5715,2514
6473,1996,8,59902,32315,27587
6473,1996,9,32555,36795,-4240
6473,1996,10,83987,73715,10272
6473,1996,11,92,39589,-39497
6473,1996,12,7008,15,6993
6473,1997,1,110699,60615,50084
6473,1997,2,93904,47742,46162
6473,1997,3,19317,47515,-28198
6473,1997,4,41431,35615,5816
6473,1997,5,138357,152215,-13858
6473,1997,6,22849,73418,-50569
6473,1997,7,68579,17715,50864
6473,1997,8,7444,27015,-19571
6473,1997,9,69103,31615,37488
6473,1997,10,56086,68166,-12080
6473,1997,11,20325,64838,-44513
6473,1997,12,4009,9015,-5006
6473,1998,1,76286,46815,29471
6473,1998,2,203,30064,-29861
6473,1998,3,39815,21615,18200
6473,1998,4,29350,20861,8489
6473,1998,5,45571,39915,5656
6473,1998,6,66126,48891,17235
6473,1998,7,271,28235,-27964
6473,1998,8,115807,89530,26277
6473,1998,9,15955,39759,-23804
6473,1998,10,3860,15647,-11787
6473,1998,11,36956,35229,1727
6473,1998,12,5252,14919,-9667
6495,1996,7,500,0,500
6495,1996,8,20409,0,20409
6495,1996,9,18589,3200,15389
6495,1996,10,18641,12600,6041
6495,1996,11,18667,12200,6467
6495,1996,12,27930,44781,-16851
6495,1997,1,18648,22901,-4253
6495,1997,2,18610,15221,3389
6495,1997,3,18642,17261,1381
6495,1997,4,22428,23901,-1473
6495,1997,5,23335,15321,8014
6495,1997,6,27928,21221,6707
6495,1997,7,18697,18101,596
6495,1997,8,18691,18321,370
6495,1997,9,18686,18621,65
6495,1997,10,18677,26621,-7944
6495,1997,11,18644,21681,-3037
6495,1997,12,27884,32341,-4457
6495,1998,1,18621,18621,0
6495,1998,2,18620,17621,999
6495,1998,3,18642,17921,721
6495,1998,4,21538,21641,-103
6495,1998,5,18629,20668,-2039
6495,1998,6,27855,35448,-7593
6495,1998,7,21395,17368,4027
6495,1998,8,18598,19968,-1370
6495,1998,9,18593,20708,-2115
6495,1998,10,18790,17368,1422
6495,1998,11,18590,19268,-678
6495,1998,12,27846,28193,-347
6505,1997,9,36046,0,36046
6505,1997,10,150,9900,-9750
6505,1997,11,150,3200,-3050
6505,1997,12,150,400,-250
6505,1998,1,150,1600,-1450
6505,1998,2,150,3000,-2850
6505,1998,3,150,500,-350
6505,1998,4,650,0,650
6505,1998,5,150,2800,-2650
6505,1998,6,38327,16900,21427
6505,1998,7,28587,3400,25187
6505,1998,8,44292,21515,22777
6505,1998,9,37700,31215,6485
6505,1998,10,291,34723,-34432
6505,1998,11,21987,19823,2164
6505,1998,12,184,20208,-20024
6510,1996,12,40999,0,40999
6510,1997,1,129305,88715,40590
6510,1997,2,46956,81215,-34259
6510,1997,3,6852,27038,-20186
6510,1997,4,61536,23615,37921
6510,1997,5,45014,50210,-5196
6510,1997,6,45833,89070,-43237
6510,1997,7,19784,22461,-2677
6510,1997,8,42706,17382,25324
6510,1997,9,84789,59477,25312
6510,1997,10,232,20923,-20691
6510,1997,11,69526,82112,-12586
6510,1997,12,78434,53523,24911
6510,1998,1,36399,38242,-1843
6510,1998,2,131,40671,-40540
6510,1998,3,9968,15523,-5555
6510,1998,4,14163,3223,10940
6510,1998,5,5859,16325,-10466
6510,1998,6,35246,32532,2714
6510,1998,7,25100,11923,13177
6510,1998,8,81462,3223,78239
6510,1998,9,310,41023,-40713
6510,1998,10,26191,5523,20668
6510,1998,11,291,25930,-25639
6510,1998,12,2300,15808,-13508
6511,1994,6,1100,0,1100
6511,1994,7,12000,0,12000
6511,1994,8,11160,0,11160
6511,1994,9,2001,0,2001
6511,1994,10,101,1700,-1599
6511,1994,11,901,0,901
6511,1994,12,101,200,-99
6511,1995,1,65338,1000,64338
6511,1995,2,103879,98615,5264
6511,1995,3,29732,66426,-36694
6511,1995,4,17971,16415,1556
6511,1995,5,40496,32815,7681
6511,1995,6,41290,55053,-13763
6511,1995,7,57540,33133,24407
6511,1995,8,67847,58263,9584
6511,1995,9,48285,48515,-230
6511,1995,10,59550,55515,4035
6511,1995,11,212,50333,-50121
6511,1995,12,163502,129685,33817
6511,1996,1,101,54722,-54621
6511,1996,2,30,19229,-19199
6511,1996,3,24508,11998,12510
6511,1996,4,10259,15,10244
6511,1996,5,16450,24879,-8429
6511,1996,6,10186,15,10171
6511,1996,7,4008,15,3993
6511,1996,8,2721,13515,-10794
6511,1996,9,8580,15,8565
6511,1996,10,20950,23066,-2116
6511,1996,11,8603,12615,-4012
6511,1996,12,11061,18379,-7318
6511,1997,1,64108,16015,48093
6511,1997,2,22027,35315,-13288
6511,1997,3,30911,22311,8600
6511,1997,4,73490,83910,-10420
6511,1997,5,69551,84415,-14864
6511,1997,6,39131,62154,-23023
6511,1997,7,9439,15,9424
6511,1997,8,11475,12417,-942
6511,1997,9,124086,41173,82913
6511,1997,10,57189,111357,-54168
6511,1997,11,1872,15687,-13815
6511,1997,12,91244,43215,48029
6511,1998,1,5025,45817,-40792
6511,1998,2,8740,30123,-21383
6511,1998,3,6167,12610,-6443
6511,1998,4,10649,15,10634
6511,1998,5,5093,15,5078
6511,1998,6,1413,15,1398
6511,1998,7,719,15,704
6511,1998,8,30474,11715,18759
6511,1998,9,165,24655,-24490
6511,1998,10,13976,29373,-15397
6511,1998,11,13447,5731,7716
6511,1998,12,38,7171,-7133
6512,1996,2,11911,0,11911
6512,1996,3,18183,0,18183
6512,1996,4,10926,1800,9126
6512,1996,5,10951,5300,5651
6512,1996,6,16268,44435,-28167
6512,1996,7,17629,37642,-20013
6512,1996,8,31036,6716,24320
6512,1996,9,10857,3030,7827
6512,1996,10,10890,3030,7860
6512,1996,11,10922,7230,3692
6512,1996,12,16346,13817,2529
6512,1997,1,15126,29430,-14304
6512,1997,2,12291,30,12261
6512,1997,3,10939,9830,1109
6512,1997,4,10944,8030,2914
6512,1997,5,10918,24337,-13419
6512,1997,6,28564,41607,-13043
6512,1997,7,12653,30,12623
6512,1997,8,10897,19430,-8533
6512,1997,9,10869,1730,9139
6512,1997,10,10888,30730,-19842
6512,1997,11,20006,16974,3032
6512,1997,12,16228,10330,5898
6512,1998,1,19208,32712,-13504
6512,1998,2,14201,10717,3484
6512,1998,3,10818,5230,5588
6512,1998,4,10837,9130,1707
6512,1998,5,10823,19659,-8836
6512,1998,6,16408,11104,5304
6512,1998,7,10837,4130,6707
6512,1998,8,10841,19780,-8939
6512,1998,9,17498,20596,-3098
6512,1998,10,13410,23157,-9747
6512,1998,11,19583,9931,9652
6512,1998,12,16214,11340,4874
6555,1993,3,60583,0,60583
6555,1993,4,8991,15800,-6809
6555,1993,5,223,16700,-16477
6555,1993,6,41565,46730,-5165
6555,1993,7,102,10144,-10042
6555,1993,8,16724,5330,11394
6555,1993,9,108997,57930,51067
6555,1993,10,43541,75272,-31731
6555,1993,11,127,26299,-26172
6555,1993,12,38512,17630,20882
6555,1994,1,246,19830,-19584
6555,1994,2,71248,36830,34418
6555,1994,3,42804,40630,2174
6555,1994,4,41341,27830,13511
6555,1994,5,314,26030,-25716
6555,1994,6,44394,43428,966
6555,1994,7,33779,40288,-6509
6555,1994,8,361,12409,-12048
6555,1994,9,43884,35911,7973
6555,1994,10,167,11630,-11463
6555,1994,11,3627,5930,-2303
6555,1994,12,17985,17530,455
6555,1995,1,25320,12230,13090
6555,1995,2,21785,30230,-8445
6555,1995,3,23012,17730,5282
6555,1995,4,38730,23230,15500
6555,1995,5,47718,38730,8988
6555,1995,6,243,24330,-24087
6555,1995,7,5179,10830,-5651
6555,1995,8,26494,13688,12806
6555,1995,9,117578,86530,31048
6555,1995,10,16373,36089,-19716
6555,1995,11,46879,39230,7649
6555,1995,12,23078,33430,-10352
6555,1996,1,6548,32330,-25782
6555,1996,2,7723,5930,1793
6555,1996,3,8331,5930,2401
6555,1996,4,8943,5930,3013
6555,1996,5,8752,15530,-6778
6555,1996,6,11532,5930,5602
6555,1996,7,8750,5930,2820
6555,1996,8,10345,12433,-2088
6555,1996,9,8451,13730,-5279
6555,1996,10,32285,8930,23355
6555,1996,11,8780,26838,-18058
6555,1996,12,15248,13430,1818
6555,1997,1,35251,26030,9221
6555,1997,2,13937,5930,8007
6555,1997,3,76599,35930,40669
6555,1997,4,96751,80930,15821
6555,1997,5,26024,34130,-8106
6555,1997,6,88567,90330,-1763
6555,1997,7,62459,55330,7129
6555,1997,8,17069,72230,-55161
6555,1997,9,24115,830,23285
6555,1997,10,135579,109830,25749
6555,1997,11,388,14830,-14442
6555,1997,12,34951,22330,12621
6555,1998,1,25129,52230,-27101
6555,1998,2,236,27188,-26952
6555,1998,3,17018,7130,9888
6555,1998,4,16839,18612,-1773
6555,1998,5,20542,11830,8712
6555,1998,6,109121,104430,4691
6555,1998,7,42152,11530,30622
6555,1998,8,36726,43630,-6904
6555,1998,9,2360,36085,-33725
6555,1998,10,20627,28812,-8185
6555,1998,11,65840,12192,53648
6555,1998,12,36743,79400,-42657
6592,1996,10,300,0,300
6592,1996,11,29647,3800,25847
6592,1996,12,132645,56400,76245
6592,1997,1,99412,145970,-46558
6592,1997,2,28060,25570,2490
6592,1997,3,207,21170,-20963
6592,1997,4,141364,79670,61694
6592,1997,5,121685,173570,-51885
6592,1997,6,28834,37770,-8936
6592,1997,7,35677,31870,3807
6592,1997,8,56220,44072,12148
6592,1997,9,65897,19281,46616
6592,1997,10,77250,80355,-3105
6592,1997,11,83587,109238,-25651
6592,1997,12,19158,20581,-1423
6592,1998,1,77670,119100,-41430
6592,1998,2,20545,17281,3264
6592,1998,3,95637,75229,20408
6592,1998,4,33670,22581,11089
6592,1998,5,9933,19681,-9748
6592,1998,6,14434,17281,-2847
6592,1998,7,61030,29281,31749
6592,1998,8,61484,75681,-14197
6592,1998,9,43442,36601,6841
6592,1998,10,207887,229181,-21294
6592,1998,11,108602,100796,7806
6592,1998,12,42944,17266,25678
6602,1997,8,16019,0,16019
6602,1997,9,15383,0,15383
6602,1997,10,15136,2800,12336
6602,1997,11,15156,11500,3656
6602,1997,12,22586,38655,-16069
6602,1998,1,15074,32555,-17481
6602,1998,2,14997,22515,-7518
6602,1998,3,17703,16415,1288
6602,1998,4,15009,11215,3794
6602,1998,5,18236,14515,3721
6602,1998,6,30015,21715,8300
6602,1998,7,18183,15875,2308
6602,1998,8,20694,14015,6679
6602,1998,9,16995,15515,1480
6602,1998,10,18807,17515,1292
6602,1998,11,15111,15015,96
6602,1998,12,22600,22500,100
6609,1995,3,400,0,400
6609,1995,4,22563,0,22563
6609,1995,5,29771,16400,13371
6609,1995,6,69572,4800,64772
6609,1995,7,55022,105620,-50598
6609,1995,8,98558,51920,46638
6609,1995,9,59270,112609,-53339
6609,1995,10,61758,29520,32238
6609,1995,11,118247,123291,-5044
6609,1995,12,248,34891,-34643
6609,1996,1,13757,28491,-14734
6609,1996,2,2581,7191,-4610
6609,1996,3,5264,7191,-1927
6609,1996,4,5354,7191,-1837
6609,1996,5,36,7191,-7155
6609,1996,6,14,7191,-7177
6609,1996,7,0,27,-27
6609,1996,8,0,15,-15
6609,1996,9,0,39,-39
6609,1996,10,0,15,-15
6609,1996,11,0,39,-39
6609,1996,12,37935,10524,27411
6609,1997,1,81,10191,-10110
6609,1997,2,52,7191,-7139
6609,1997,3,21,5520,-5499
6609,1997,4,13,1639,-1626
6609,1997,5,6,1639,-1633
6609,1997,6,0,1641,-1641
6609,1997,7,36731,22198,14533
6609,1997,8,26188,25991,197
6609,1997,9,17185,7191,9994
6609,1997,10,86,7191,-7105
6609,1997,11,10605,7191,3414
6609,1997,12,64,7191,-7127
6609,1998,1,31,7191,-7160
6609,1998,2,33937,7191,26746
6609,1998,3,83327,7191,76136
6609,1998,4,38111,114891,-76780
6609,1998,5,55313,58229,-2916
6609,1998,6,28314,7191,21123
6609,1998,7,189,7191,-7002
6609,1998,8,7343,22458,-15115
6609,1998,9,143659,81091,62568
6609,1998,10,13673,81191,-67518
6609,1998,11,49364,6820,42544
6609,1998,12,49801,14905,34896
6636,1993,8,1100,0,1100
6636,1993,9,12500,0,12500
6636,1993,10,7600,0,7600
6636,1993,11,1300,0,1300
6636,1993,12,0,1400,-1400
6636,1994,1,14296,7800,6496
6636,1994,2,115578,50030,65548
6636,1994,3,216,55659,-55443
6636,1994,4,25534,11930,13604
6636,1994,5,121,25442,-25321
6636,1994,6,102106,82538,19568
6636,1994,7,35938,33525,2413
6636,1994,8,3233,26708,-23475
6636,1994,9,8888,15030,-6142
6636,1994,10,8071,3230,4841
6636,1994,11,11278,13230,-1952
6636,1994,12,52680,33330,19350
6636,1995,1,8120,23296,-15176
6636,1995,2,11751,18800,-7049
6636,1995,3,25380,16266,9114
6636,1995,4,25600,35066,-9466
6636,1995,5,9272,2830,6442
6636,1995,6,126159,77630,48529
6636,1995,7,27500,46224,-18724
6636,1995,8,14302,51742,-37440
6636,1995,9,59978,13730,46248
6636,1995,10,38877,35430,3447
6636,1995,11,255,15430,-15175
6636,1995,12,65709,38880,26829
6636,1996,1,284,32830,-32546
6636,1996,2,176,5530,-5354
6636,1996,3,356,3230,-2874
6636,1996,4,10124,15389,-5265
6636,1996,5,7939,2930,5009
6636,1996,6,2649,12930,-10281
6636,1996,7,44726,21129,23597
6636,1996,8,880,9430,-8550
6636,1996,9,4368,6410,-2042
6636,1996,10,1654,3630,-1976
6636,1996,11,23823,35299,-11476
6636,1996,12,48627,24263,24364
6636,1997,1,57579,31251,26328
6636,1997,2,205,48807,-48602
6636,1997,3,21309,29896,-8587
6636,1997,4,92401,21830,70571
6636,1997,5,315,23130,-22815
6636,1997,6,110541,63530,47011
6636,1997,7,396,30451,-30055
6636,1997,8,31098,34830,-3732
6636,1997,9,64855,53930,10925
6636,1997,10,46427,26030,20397
6636,1997,11,36453,81730,-45277
6636,1997,12,52124,28930,23194
6636,1998,1,293,26230,-25937
6636,1998,2,3461,3030,431
6636,1998,3,62314,15430,46884
6636,1998,4,73127,90530,-17403
6636,1998,5,131946,161230,-29284
6636,1998,6,4462,12130,-7668
6636,1998,7,49695,14430,35265
6636,1998,8,11476,11830,-354
6636,1998,9,45499,41822,3677
6636,1998,10,343,22530,-22187
6636,1998,11,64226,29030,35196
6636,1998,12,394,20500,-20106
6649,1995,7,1000,0,1000
6649,1995,8,13400,0,13400
6649,1995,9,3300,0,3300
6649,1995,10,5200,0,5200
6649,1995,11,1300,0,1300
6649,1995,12,37098,0,37098
6649,1996,1,255,16900,-16645
6649,1996,2,255,11500,-11245
6649,1996,3,11153,7700,3453
6649,1996,4,153,7900,-7747
6649,1996,5,153,2400,-2247
6649,1996,6,153,600,-447
6649,1996,7,1553,0,1553
6649,1996,8,151,3100,-2949
6649,1996,10,104,3500,-3396
6649,1996,11,12945,5100,7845
6649,1996,12,122,4000,-3878
6649,1997,1,81055,54715,26340
6649,1997,2,31429,56881,-25452
6649,1997,3,63202,49406,13796
6649,1997,4,40923,32715,8208
6649,1997,5,79971,36701,43270
6649,1997,6,35592,64486,-28894
6649,1997,7,107402,115586,-8184
6649,1997,8,53450,38327,15123
6649,1997,9,53408,68686,-15278
6649,1997,10,37149,39641,-2492
6649,1997,11,21135,25386,-4251
6649,1997,12,46649,40786,5863
6649,1998,1,68340,56286,12054
6649,1998,2,36193,46286,-10093
6649,1998,3,24742,25986,-1244
6649,1998,4,67135,33986,33149
6649,1998,5,323,33586,-33263
6649,1998,6,193,26631,-26438
6649,1998,7,32271,16086,16185
6649,1998,8,171,7386,-7215
6649,1998,9,5989,30138,-24149
6649,1998,10,7060,1686,5374
6649,1998,11,51272,4986,46286
6649,1998,12,253,4971,-4718
6678,1996,1,70279,0,70279
6678,1996,2,15424,28600,-13176
6678,1996,3,237,17600,-17363
6678,1996,4,51966,9215,42751
6678,1996,5,37230,53561,-16331
6678,1996,6,33065,59761,-26696
6678,1996,7,69678,54215,15463
6678,1996,8,27798,42946,-15148
6678,1996,9,18382,33594,-15212
6678,1996,10,98709,37064,61645
6678,1996,11,108021,132603,-24582
6678,1996,12,82554,87976,-5422
6678,1997,1,209,20315,-20106
6678,1997,2,53903,44215,9688
6678,1997,3,43018,48715,-5697
6678,1997,4,45082,41474,3608
6678,1997,5,75718,49898,25820
6678,1997,6,87971,86215,1756
6678,1997,7,159155,156748,2407
6678,1997,8,70375,85752,-15377
6678,1997,9,36660,53687,-17027
6678,1997,10,158400,97758,60642
6678,1997,11,68758,118148,-49390
6678,1997,12,54135,40427,13708
6678,1998,1,59547,70658,-11111
6678,1998,2,18539,26335,-7796
6678,1998,3,48977,23148,25829
6678,1998,4,122998,147881,-24883
6678,1998,5,23794,13348,10446
6678,1998,6,24852,39348,-14496
6678,1998,7,19933,28850,-8917
6678,1998,8,64714,38948,25766
6678,1998,9,89461,83848,5613
6678,1998,10,25063,54406,-29343
6678,1998,11,92354,58996,33358
6678,1998,12,7850,52979,-45129
6686,1996,2,600,0,600
6686,1996,3,29195,4300,24895
6686,1996,4,29260,18400,10860
6686,1996,5,29288,24600,4688
6686,1996,6,43884,34200,9684
6686,1996,7,29317,39115,-9798
6686,1996,8,29384,29015,369
6686,1996,9,29287,40334,-11047
6686,1996,10,29275,37705,-8430
6686,1996,11,29258,23115,6143
6686,1996,12,43893,23515,20378
6686,1997,1,29316,47015,-17699
6686,1997,2,29257,22186,7071
6686,1997,3,29291,32149,-2858
6686,1997,4,29318,14715,14603
6686,1997,5,29339,29215,124
6686,1997,6,43910,40015,3895
6686,1997,7,29327,36573,-7246
6686,1997,8,29274,38849,-9575
6686,1997,9,29302,24115,5187
6686,1997,10,29307,45622,-16315
6686,1997,11,29288,4015,25273
6686,1997,12,43832,70236,-26404
6686,1998,1,29281,33569,-4288
6686,1998,2,29227,22749,6478
6686,1998,3,29289,36369,-7080
6686,1998,4,29264,27869,1395
6686,1998,5,29211,28435,776
6686,1998,6,43780,42256,1524
6686,1998,7,29234,25693,3541
6686,1998,8,29270,35302,-6032
6686,1998,9,29257,29769,-512
6686,1998,10,29252,32069,-2817
6686,1998,11,29244,24469,4775
6686,1998,12,43824,44258,-434
6688,1996,6,1000,0,1000
6688,1996,7,16371,0,16371
6688,1996,8,8637,0,8637
6688,1996,9,8268,3600,4668
6688,1996,10,8286,5600,2686
6688,1996,11,8298,10088,-1790
6688,1996,12,12363,15958,-3595
6688,1997,1,15940,24358,-8418
6688,1997,2,9649,4258,5391
6688,1997,3,10254,10258,-4
6688,1997,4,8871,4258,4613
6688,1997,5,9190,4258,4932
6688,1997,6,12686,7858,4828
6688,1997,7,8313,10258,-1945
6688,1997,8,8321,4458,3863
6688,1997,9,8939,5258,3681
6688,1997,10,8342,10558,-2216
6688,1997,11,8331,8958,-627
6688,1997,12,12414,11358,1056
6688,1998,1,8329,16258,-7929
6688,1998,2,14124,4258,9866
6688,1998,3,8347,7658,689
6688,1998,4,8657,4258,4399
6688,1998,5,8360,11058,-2698
6688,1998,6,16716,21158,-4442
6688,1998,7,8344,4358,3986
6688,1998,8,8362,4958,3404
6688,1998,9,8357,13058,-4701
6688,1998,10,8343,9658,-1315
6688,1998,11,8339,8658,-319
6688,1998,12,12429,6543,5886
6699,1996,6,400,0,400
6699,1996,7,20769,0,20769
6699,1996,8,16018,7300,8718
6699,1996,9,16081,9000,7081
6699,1996,10,16116,15900,216
6699,1996,11,16067,17419,-1352
6699,1996,12,23988,35722,-11734
6699,1997,1,16884,23622,-6738
6699,1997,2,21698,15522,6176
6699,1997,3,22025,21422,603
6699,1997,4,17497,23322,-5825
6699,1997,5,22710,14422,8288
6699,1997,6,30083,34822,-4739
6699,1997,7,21921,14722,7199
6699,1997,8,19043,14622,4421
6699,1997,9,20158,20722,-564
6699,1997,10,25965,15472,10493
6699,1997,11,19689,15472,4217
6699,1997,12,30672,28372,2300
6699,1998,1,33369,40972,-7603
6699,1998,2,21485,15472,6013
6699,1998,3,27501,31451,-3950
6699,1998,4,33521,39250,-5729
6699,1998,5,32450,27172,5278
6699,1998,6,32961,23866,9095
6699,1998,7,32446,40044,-7598
6699,1998,8,21482,21172,310
6699,1998,9,29985,30172,-187
6699,1998,10,25704,15472,10232
6699,1998,11,20643,15472,5171
6699,1998,12,34617,58051,-23434
6701,1993,3,29306,0,29306
6701,1993,4,28289,1000,27289
6701,1993,5,56993,32600,24393
6701,1993,6,9287,86182,-76895
6701,1993,7,14573,2230,12343
6701,1993,8,65068,12676,52392
6701,1993,9,19620,36430,-16810
6701,1993,10,34274,45230,-10956
6701,1993,11,135,13530,-13395
6701,1993,12,998,10480,-9482
6701,1994,1,40943,38980,1963
6701,1994,2,4660,23249,-18589
6701,1994,3,10828,2680,8148
6701,1994,4,10661,2680,7981
6701,1994,5,44811,26161,18650
6701,1994,6,39332,68487,-29155
6701,1994,7,95565,2680,92885
6701,1994,8,56700,76780,-20080
6701,1994,9,44015,55298,-11283
6701,1994,10,114728,87280,27448
6701,1994,11,278,56582,-56304
6701,1994,12,100825,60815,40010
6701,1995,1,19047,79985,-60938
6701,1995,2,49996,5634,44362
6701,1995,3,29126,26880,2246
6701,1995,4,215,21380,-21165
6701,1995,5,65,39549,-39484
6701,1995,6,60296,9880,50416
6701,1995,7,37958,13680,24278
6701,1995,8,185,41926,-41741
6701,1995,9,140,5880,-5740
6701,1995,10,4131,2680,1451
6701,1995,11,49281,32592,16689
6701,1995,12,114371,110329,4042
6701,1996,1,135188,103380,31808
6701,1996,2,177284,171280,6004
6701,1996,3,48160,83580,-35420
6701,1996,4,2691,22261,-19570
6701,1996,5,48152,22780,25372
6701,1996,6,8205,31180,-22975
6701,1996,7,58283,33780,24503
6701,1996,8,326656,283080,43576
6701,1996,9,92336,133680,-41344
6701,1996,10,44133,36509,7624
6701,1996,11,99302,65880,33422
6701,1996,12,392,33578,-33186
6701,1997,1,149612,116730,32882
6701,1997,2,26093,67830,-41737
6701,1997,3,88572,74330,14242
6701,1997,4,94808,82730,12078
6701,1997,5,62129,72430,-10301
6701,1997,6,104034,118930,-14896
6701,1997,7,19126,16230,2896
6701,1997,8,33499,30430,3069
6701,1997,9,80850,63430,17420
6701,1997,10,349,12030,-11681
6701,1997,11,105223,105630,-407
6701,1997,12,55243,15930,39313
6701,1998,1,389,45949,-45560
6701,1998,2,283,7430,-7147
6701,1998,3,29779,11130,18649
6701,1998,4,330,5130,-4800
6701,1998,5,34444,25980,8464
6701,1998,6,2703,19330,-16627
6701,1998,7,6284,5844,440
6701,1998,8,6490,3730,2760
6701,1998,9,7164,54807,-47643
6701,1998,10,30842,11587,19255
6701,1998,11,23275,18430,4845
6701,1998,12,171,7500,-7329
6706,1996,12,200,0,200
6706,1997,1,20619,0,20619
6706,1997,2,13496,4600,8896
6706,1997,3,13533,4600,8933
6706,1997,4,13569,7700,5869
6706,1997,5,13619,8797,4822
6706,1997,6,20347,32583,-12236
6706,1997,7,13589,4583,9006
6706,1997,8,13611,15883,-2272
6706,1997,9,13599,14823,-1224
6706,1997,10,13601,12583,1018
6706,1997,11,13607,12183,1424
6706,1997,12,20329,15263,5066
6706,1998,1,13596,24443,-10847
6706,1998,2,13585,14183,-598
6706,1998,3,13581,14683,-1102
6706,1998,4,13580,11083,2497
6706,1998,5,13589,12083,1506
6706,1998,6,20307,19583,724
6706,1998,7,13597,12164,1433
6706,1998,8,13583,18264,-4681
6706,1998,9,13581,12564,1017
6706,1998,10,13582,14164,-582
6706,1998,11,13561,16724,-3163
6706,1998,12,20287,10469,9818
6715,1993,9,200,0,200
6715,1993,10,21338,0,21338
6715,1993,11,13900,4700,9200
6715,1993,12,20831,12700,8131
6715,1994,1,13948,16800,-2852
6715,1994,2,13944,14430,-486
6715,1994,3,13935,19695,-5760
6715,1994,4,13908,16954,-3046
6715,1994,5,13887,38830,-24943
6715,1994,6,29815,23610,6205
6715,1994,7,19849,12196,7653
6715,1994,8,14370,11430,2940
6715,1994,9,13894,8951,4943
6715,1994,10,19561,31030,-11469
6715,1994,11,13880,430,13450
6715,1994,12,20804,22330,-1526
6715,1995,1,20053,42430,-22377
6715,1995,2,19122,14678,4444
6715,1995,3,16358,2328,14030
6715,1995,4,24257,46009,-21752
6715,1995,5,28336,14030,14306
6715,1995,6,20997,4759,16238
6715,1995,7,13933,7128,6805
6715,1995,8,13876,49104,-35228
6715,1995,9,23168,2328,20840
6715,1995,10,13915,4628,9287
6715,1995,11,13888,33301,-19413
6715,1995,12,37982,32856,5126
6715,1996,1,29183,35328,-6145
6715,1996,2,28603,17257,11346
6715,1996,3,25262,2328,22934
6715,1996,4,13999,15028,-1029
6715,1996,5,15685,11028,4657
6715,1996,6,20933,13542,7391
6715,1996,7,14057,12628,1429
6715,1996,8,14045,20301,-6256
6715,1996,9,14028,4228,9800
6715,1996,10,14042,15728,-1686
6715,1996,11,28981,49261,-20280
6715,1996,12,25085,8028,17057
6715,1997,1,41212,68557,-27345
6715,1997,2,33421,25668,7753
6715,1997,3,16569,2328,14241
6715,1997,4,14033,6128,7905
6715,1997,5,14051,14728,-677
6715,1997,6,41951,75828,-33877
6715,1997,7,22405,10128,12277
6715,1997,8,13965,3628,10337
6715,1997,9,13991,25121,-11130
6715,1997,10,18014,20587,-2573
6715,1997,11,14452,2328,12124
6715,1997,12,25864,32628,-6764
6715,1998,1,27300,61870,-34570
6715,1998,2,31930,22116,9814
6715,1998,3,26178,9996,16182
6715,1998,4,35778,34857,921
6715,1998,5,14233,16428,-2195
6715,1998,6,28331,18228,10103
6715,1998,7,21784,18274,3510
6715,1998,8,14189,2328,11861
6715,1998,9,14017,10937,3080
6715,1998,10,17705,27491,-9786
6715,1998,11,39437,56622,-17185
6715,1998,12,20826,17298,3528
6738,1994,7,800,0,800
6738,1994,8,20168,0,20168
6738,1994,9,19048,9500,9548
6738,1994,10,19086,12900,6186
6738,1994,11,19108,16800,2308
6738,1994,12,28643,33094,-4451
6738,1995,1,19097,31415,-12318
6738,1995,2,19089,8715,10374
6738,1995,3,19113,13682,5431
6738,1995,4,19131,17615,1516
6738,1995,5,19150,17615,1535
6738,1995,6,28637,22815,5822
6738,1995,7,19150,21215,-2065
6738,1995,8,19160,17215,1945
6738,1995,9,19172,21315,-2143
6738,1995,10,19167,17515,1652
6738,1995,11,19153,22774,-3621
6738,1995,12,28639,30274,-1635
6738,1996,1,19095,33574,-14479
6738,1996,2,19862,22471,-2609
6738,1996,3,19081,11274,7807
6738,1996,4,19107,14474,4633
6738,1996,5,19107,26363,-7256
6738,1996,6,28585,20274,8311
6738,1996,7,19115,21274,-2159
6738,1996,8,19104,21074,-1970
6738,1996,9,19102,24074,-4972
6738,1996,10,19081,17074,2007
6738,1996,11,19085,18215,870
6738,1996,12,28579,30815,-2236
6738,1997,1,19065,22915,-3850
6738,1997,2,19055,22415,-3360
6738,1997,3,19049,16115,2934
6738,1997,4,19079,14415,4664
6738,1997,5,19079,17615,1464
6738,1997,6,28576,24715,3861
6738,1997,7,19098,18015,1083
6738,1997,8,19090,24515,-5425
6738,1997,9,19061,27615,-8554
6738,1997,10,19039,19615,-576
6738,1997,11,19043,18015,1028
6738,1997,12,28542,22415,6127
6738,1998,1,19112,23115,-4003
6738,1998,2,19061,14995,4066
6738,1998,3,19063,21315,-2252
6738,1998,4,19055,19915,-860
6738,1998,5,19068,18715,353
6738,1998,6,28592,9415,19177
6738,1998,7,19121,29415,-10294
6738,1998,8,19090,24515,-5425
6738,1998,9,19118,8615,10503
6738,1998,10,19151,22744,-3593
6738,1998,11,19140,6015,13125
6738,1998,12,28611,30939,-2328
6792,1996,5,12223,0,12223
6792,1996,6,21692,0,21692
6792,1996,7,11948,6200,5748
6792,1996,8,11967,8000,3967
6792,1996,9,11976,11115,861
6792,1996,10,11951,18507,-6556
6792,1996,11,11940,13607,-1667
6792,1996,12,17836,14747,3089
6792,1997,1,11900,28487,-16587
6792,1997,2,14909,5407,9502
6792,1997,3,13546,4907,8639
6792,1997,4,11970,11719,251
6792,1997,5,11973,6539,5434
6792,1997,6,17833,33639,-15806
6792,1997,7,16537,11319,5218
6792,1997,8,12254,9159,3095
6792,1997,9,11957,8639,3318
6792,1997,10,11970,9039,2931
6792,1997,11,11978,10439,1539
6792,1997,12,17870,19399,-1529
6792,1998,1,14521,36099,-21578
6792,1998,2,11903,5439,6464
6792,1998,3,11914,10539,1375
6792,1998,4,11902,14847,-2945
6792,1998,5,11913,12107,-194
6792,1998,6,17827,13047,4780
6792,1998,7,11944,13007,-1063
6792,1998,8,11940,10007,1933
6792,1998,9,11942,15007,-3065
6792,1998,10,11935,8307,3628
6792,1998,11,11940,16307,-4367
6792,1998,12,17841,7292,10549
6806,1993,11,1100,0,1100
6806,1993,12,36459,6300,30159
6806,1994,1,24429,14400,10029
6806,1994,2,24464,20000,4464
6806,1994,3,24481,22200,2281
6806,1994,4,24471,43515,-19044
6806,1994,5,24419,14815,9604
6806,1994,6,36604,34814,1790
6806,1994,7,24500,20639,3861
6806,1994,8,24493,33685,-9192
6806,1994,9,24439,21415,3024
6806,1994,10,24454,19515,4939
6806,1994,11,24473,21015,3458
6806,1994,12,36687,29702,6985
6806,1995,1,24465,52451,-27986
6806,1995,2,24413,12415,11998
6806,1995,3,24456,16915,7541
6806,1995,4,24475,30773,-6298
6806,1995,5,24466,25671,-1205
6806,1995,6,36626,29915,6711
6806,1995,7,24485,17115,7370
6806,1995,8,24463,52996,-28533
6806,1995,9,24399,28355,-3956
6806,1995,10,24421,6643,17778
6806,1995,11,24465,21247,3218
6806,1995,12,36570,52300,-15730
6806,1996,1,24418,49015,-24597
6806,1996,2,28654,17,28637
6806,1996,3,24410,26315,-1905
6806,1996,4,24431,10515,13916
6806,1996,5,24452,43141,-18689
6806,1996,6,36563,42991,-6428
6806,1996,7,28739,40335,-11596
6806,1996,8,26267,2715,23552
6806,1996,9,24426,16383,8043
6806,1996,10,24467,12815,11652
6806,1996,11,24482,25373,-891
6806,1996,12,36639,32615,4024
6806,1997,1,24452,51715,-27263
6806,1997,2,24550,2415,22135
6806,1997,3,24452,32615,-8163
6806,1997,4,24512,17515,6997
6806,1997,5,24472,32315,-7843
6806,1997,6,36618,30915,5703
6806,1997,7,24508,13515,10993
6806,1997,8,24547,11015,13532
6806,1997,9,24583,17415,7168
6806,1997,10,24593,24515,78
6806,1997,11,24604,20315,4289
6806,1997,12,36757,30715,6042
6806,1998,1,24526,75415,-50889
6806,1998,2,24478,5715,18763
6806,1998,3,24521,26997,-2476
6806,1998,4,24511,21654,2857
6806,1998,5,24453,37133,-12680
6806,1998,6,36611,47715,-11104
6806,1998,7,24678,15,24663
6806,1998,8,24480,42389,-17909
6806,1998,9,26298,4970,21328
6806,1998,10,24531,47135,-22604
6806,1998,11,24426,13815,10611
6806,1998,12,36671,22200,14471
6856,1995,8,58338,0,58338
6856,1995,9,243,17000,-16757
6856,1995,10,243,11100,-10857
6856,1995,11,112250,81115,31135
6856,1995,12,26642,31631,-4989
6856,1996,1,1632,37012,-35380
6856,1996,2,8665,14831,-6166
6856,1996,3,9343,14031,-4688
6856,1996,4,15347,10331,5016
6856,1996,5,14153,14031,122
6856,1996,6,11351,13631,-2280
6856,1996,7,14059,13231,828
6856,1996,8,10054,10331,-277
6856,1996,9,10555,10331,224
6856,1996,10,10957,10331,626
6856,1996,11,14957,16631,-1674
6856,1996,12,27332,14331,13001
6856,1997,1,46082,48531,-2449
6856,1997,2,8487,14231,-5744
6856,1997,3,48287,26631,21656
6856,1997,4,46917,20031,26886
6856,1997,5,22202,44785,-22583
6856,1997,6,40463,25785,14678
6856,1997,7,185,20685,-20500
6856,1997,8,7211,13785,-6574
6856,1997,9,29191,26785,2406
6856,1997,10,5920,13785,-7865
6856,1997,11,29114,13785,15329
6856,1997,12,14669,20385,-5716
6856,1998,1,16656,31285,-14629
6856,1998,2,39047,29559,9488
6856,1998,3,8915,13785,-4870
6856,1998,4,13310,13785,-475
6856,1998,5,17622,13785,3837
6856,1998,6,15330,13785,1545
6856,1998,7,61289,16494,44795
6856,1998,8,41939,33985,7954
6856,1998,9,141,59652,-59511
6856,1998,10,16709,17005,-296
6856,1998,11,19196,21191,-1995
6856,1998,12,27221,19470,7751
6866,1997,10,21449,0,21449
6866,1997,11,21939,0,21939
6866,1997,12,31715,33900,-2185
6866,1998,1,21148,23700,-2552
6866,1998,2,21141,15,21126
6866,1998,3,21116,63891,-42775
6866,1998,4,21048,16915,4133
6866,1998,5,27033,42782,-15749
6866,1998,6,33404,34707,-1303
6866,1998,7,20999,7815,13184
6866,1998,8,21077,30515,-9438
6866,1998,9,22390,29816,-7426
6866,1998,10,20985,11415,9570
6866,1998,11,21046,20715,331
6866,1998,12,34025,38912,-4887
6872,1995,9,21066,0,21066
6872,1995,10,21957,0,21957
6872,1995,11,20323,8300,12023
6872,1995,12,30436,34700,-4264
6872,1996,1,20320,33382,-13062
6872,1996,2,20299,26253,-5954
6872,1996,3,20251,23765,-3514
6872,1996,4,22226,25646,-3420
6872,1996,5,20225,6515,13710
6872,1996,6,30339,19015,11324
6872,1996,7,20328,17415,2913
6872,1996,8,20366,15565,4801
6872,1996,9,20360,13515,6845
6872,1996,10,20379,45540,-25161
6872,1996,11,20290,7715,12575
6872,1996,12,33855,38805,-4950
6872,1997,1,28190,40215,-12025
6872,1997,2,44305,69780,-25475
6872,1997,3,29182,15,29167
6872,1997,4,29959,31239,-1280
6872,1997,5,20300,14736,5564
6872,1997,6,30376,8715,21661
6872,1997,7,20393,32752,-12359
6872,1997,8,20350,7315,13035
6872,1997,9,20387,24215,-3828
6872,1997,10,20365,26382,-6017
6872,1997,11,20346,25015,-4669
6872,1997,12,30374,69160,-38786
6872,1998,1,40283,45152,-4869
6872,1998,2,36098,4821,31277
6872,1998,3,30888,21502,9386
6872,1998,4,21649,15,21634
6872,1998,5,20425,12481,7944
6872,1998,6,30471,33178,-2707
6872,1998,7,20441,15731,4710
6872,1998,8,20436,40659,-20223
6872,1998,9,20383,12015,8368
6872,1998,10,25120,83172,-58052
6872,1998,11,40715,20536,20179
6872,1998,12,35362,12000,23362
6897,1993,4,28383,0,28383
6897,1993,5,49176,200,48976
6897,1993,6,71509,85300,-13791
6897,1993,7,461,17200,-16739
6897,1993,8,461,11600,-11139
6897,1993,9,461,2900,-2439
6897,1993,10,461,5300,-4839
6897,1993,11,1261,0,1261
6897,1993,12,144238,72415,71823
6897,1994,1,291,82818,-82527
6897,1994,2,5057,24518,-19461
6897,1994,3,38381,8606,29775
6897,1994,4,3113,7930,-4817
6897,1994,5,35061,51236,-16175
6897,1994,6,101070,5019,96051
6897,1994,7,347,45331,-44984
6897,1994,8,19261,50271,-31010
6897,1994,9,14553,6715,7838
6897,1994,10,43035,32485,10550
6897,1994,11,149,37876,-37727
6897,1994,12,13452,11747,1705
6897,1995,1,92588,24015,68573
6897,1995,2,25372,27215,-1843
6897,1995,3,26506,32915,-6409
6897,1995,4,42048,63315,-21267
6897,1995,5,75151,54107,21044
6897,1995,6,23795,74415,-50620
6897,1995,7,74913,13230,61683
6897,1995,8,309,25115,-24806
6897,1995,9,15822,13215,2607
6897,1995,10,167788,150915,16873
6897,1995,11,127218,126115,1103
6897,1995,12,118515,106915,11600
6897,1996,1,201,62315,-62114
6897,1996,2,12412,15,12397
6897,1996,3,7862,15,7847
6897,1996,4,49100,13215,35885
6897,1996,5,341,15415,-15074
6897,1996,6,51859,42915,8944
6897,1996,7,316,10315,-9999
6897,1996,8,27254,10115,17139
6897,1996,9,24008,26015,-2007
6897,1996,10,67507,58215,9292
6897,1996,11,375,17615,-17240
6897,1996,12,290,16215,-15925
6897,1997,1,38082,64615,-26533
6897,1997,2,39379,15,39364
6897,1997,3,14961,6515,8446
6897,1997,4,325,8815,-8490
6897,1997,5,290,9015,-8725
6897,1997,6,1370,52215,-50845
6897,1997,7,39948,15,39933
6897,1997,8,11109,10202,907
6897,1997,9,15202,21015,-5813
6897,1997,10,16089,7515,8574
6897,1997,11,4124,15,4109
6897,1997,12,12636,13515,-879
6897,1998,1,80316,91506,-11190
6897,1998,2,124844,94756,30088
6897,1998,3,83948,85413,-1465
6897,1998,4,60695,67315,-6620
6897,1998,5,27141,15,27126
6897,1998,6,32007,78444,-46437
6897,1998,7,21370,20358,1012
6897,1998,8,19734,1015,18719
6897,1998,9,42100,1415,40685
6897,1998,10,45050,63115,-18065
6897,1998,11,8150,19215,-11065
6897,1998,12,81580,69000,12580
6902,1996,10,900,0,900
6902,1996,11,16302,0,16302
6902,1996,12,15657,3500,12157
6902,1997,1,10507,6000,4507
6902,1997,2,10523,7300,3223
6902,1997,3,10542,8280,2262
6902,1997,4,10549,11480,-931
6902,1997,5,10539,14080,-3541
6902,1997,6,15726,14180,1546
6902,1997,7,10534,11980,-1446
6902,1997,8,10520,15080,-4560
6902,1997,9,10505,13480,-2975
6902,1997,10,10498,9480,1018
6902,1997,11,10501,10280,221
6902,1997,12,15689,18860,-3171
6902,1998,1,10473,19450,-8977
6902,1998,2,10458,6750,3708
6902,1998,3,10463,11370,-907
6902,1998,4,10458,12350,-1892
6902,1998,5,10450,12050,-1600
6902,1998,6,15634,17450,-1816
6902,1998,7,10442,8950,1492
6902,1998,8,10442,11250,-808
6902,1998,9,10444,8850,1594
6902,1998,10,10456,6850,3606
6902,1998,11,10454,13350,-2896
6902,1998,12,15641,14635,1006
6910,1995,4,200,0,200
6910,1995,5,12200,0,12200
6910,1995,6,4900,0,4900
6910,1995,7,7000,0,7000
6910,1995,8,0,200,-200
6910,1995,9,0,2000,-2000
6910,1995,10,1003,0,1003
6910,1995,11,196,0,196
6910,1995,12,4296,0,4296
6910,1996,1,25369,13500,11869
6910,1996,2,12311,14600,-2289
6910,1996,3,69257,50600,18657
6910,1996,4,37737,31515,6222
6910,1996,5,62131,58354,3777
6910,1996,6,45972,65715,-19743
6910,1996,7,191,7215,-7024
6910,1996,8,19775,11515,8260
6910,1996,9,187,11515,-11328
6910,1996,10,528,27995,-27467
6910,1996,11,16378,19388,-3010
6910,1996,12,46742,17215,29527
6910,1997,1,21017,49685,-28668
6910,1997,2,24280,115,24165
6910,1997,3,58752,34037,24715
6910,1997,4,16940,10404,6536
6910,1997,5,77149,31715,45434
6910,1997,6,36254,96536,-60282
6910,1997,7,37012,32002,5010
6910,1997,8,216,1915,-1699
6910,1997,9,52920,41072,11848
6910,1997,10,33015,8215,24800
6910,1997,11,48465,81454,-32989
6910,1997,12,53781,10815,42966
6910,1998,1,48873,137225,-88352
6910,1998,2,43575,15915,27660
6910,1998,3,50679,15,50664
6910,1998,4,47780,73966,-26186
6910,1998,5,171204,158915,12289
6910,1998,6,37078,34415,2663
6910,1998,7,29023,14215,14808
6910,1998,8,125499,140500,-15001
6910,1998,9,31814,19015,12799
6910,1998,10,28043,41759,-13716
6910,1998,11,60159,42715,17444
6910,1998,12,36458,59400,-22942
6922,1997,5,1100,0,1100
6922,1997,6,52413,14400,38013
6922,1997,7,35060,25200,9860
6922,1997,8,35092,28700,6392
6922,1997,9,35112,31100,4012
6922,1997,10,35089,49730,-14641
6922,1997,11,35065,36130,-1065
6922,1997,12,52544,38130,14414
6922,1998,1,35011,89930,-54919
6922,1998,2,49324,12430,36894
6922,1998,3,35007,51206,-16199
6922,1998,4,34957,48595,-13638
6922,1998,5,34971,17530,17441
6922,1998,6,54402,42525,11877
6922,1998,7,35109,27833,7276
6922,1998,8,35136,16330,18806
6922,1998,9,35126,52930,-17804
6922,1998,10,35129,17630,17499
6922,1998,11,35169,27030,8139
6922,1998,12,52672,46191,6481
6924,1994,6,36959,0,36959
6924,1994,7,24571,22600,1971
6924,1994,8,24520,21600,2920
6924,1994,9,24532,19600,4932
6924,1994,10,24585,41204,-16619
6924,1994,11,24506,27274,-2768
6924,1994,12,36734,26500,10234
6924,1995,1,24465,42900,-18435
6924,1995,2,24488,17500,6988
6924,1995,3,24520,22800,1720
6924,1995,4,24487,32417,-7930
6924,1995,5,24503,18200,6303
6924,1995,6,36657,37432,-775
6924,1995,7,24502,26094,-1592
6924,1995,8,24516,20700,3816
6924,1995,9,24517,25300,-783
6924,1995,10,24532,17600,6932
6924,1995,11,24529,27400,-2871
6924,1995,12,36727,35060,1667
6924,1996,1,24447,45060,-20613
6924,1996,2,24448,14430,10018
6924,1996,3,24485,22860,1625
6924,1996,4,24494,20560,3934
6924,1996,5,24478,36069,-11591
6924,1996,6,36678,23960,12718
6924,1996,7,24517,32060,-7543
6924,1996,8,24488,17660,6828
6924,1996,9,24502,23560,942
6924,1996,10,24501,25460,-959
6924,1996,11,24479,29576,-5097
6924,1996,12,36680,27760,8920
6924,1997,1,24479,37760,-13281
6924,1997,2,24477,13960,10517
6924,1997,3,24501,23193,1308
6924,1997,4,24523,17560,6963
6924,1997,5,24545,19360,5185
6924,1997,6,36769,27760,9009
6924,1997,7,31580,61826,-30246
6924,1997,8,24488,21960,2528
6924,1997,9,25794,16732,9062
6924,1997,10,24524,28260,-3736
6924,1997,11,24527,23760,767
6924,1997,12,36691,36060,631
6924,1998,1,24485,33060,-8575
6924,1998,2,24490,13060,11430
6924,1998,3,32898,34460,-1562
6924,1998,4,24515,21760,2755
6924,1998,5,24533,17560,6973
6924,1998,6,36753,31930,4823
6924,1998,7,24567,22160,2407
6924,1998,8,24545,29927,-5382
6924,1998,9,24519,35960,-11441
6924,1998,10,24507,20032,4475
6924,1998,11,24549,23860,689
6924,1998,12,36728,32645,4083
6927,1995,12,42036,0,42036
6927,1996,1,6821,6800,21
6927,1996,2,175,7000,-6825
6927,1996,3,175,6300,-6125
6927,1996,4,32394,0,32394
6927,1996,5,52796,16430,36366
6927,1996,6,24804,82665,-57861
6927,1996,7,142,20730,-20588
6927,1996,8,46937,14030,32907
6927,1996,9,30054,30666,-612
6927,1996,10,135,26130,-25995
6927,1996,11,40,18730,-18690
6927,1996,12,6213,12930,-6717
6927,1997,1,40965,26530,14435
6927,1997,2,23247,16665,6582
6927,1997,3,20,18330,-18310
6927,1997,4,98100,19599,78501
6927,1997,5,173,65964,-65791
6927,1997,6,44850,27730,17120
6927,1997,7,119,17794,-17675
6927,1997,8,50087,49125,962
6927,1997,9,45601,40530,5071
6927,1997,10,87,10830,-10743
6927,1997,11,43,9630,-9587
6927,1997,12,4,30,-26
6927,1998,1,0,30,-30
6927,1998,2,20376,4630,15746
6927,1998,3,68,9930,-9862
6927,1998,4,47781,20430,27351
6927,1998,5,130,14030,-13900
6927,1998,6,11385,13130,-1745
6927,1998,7,19534,13330,6204
6927,1998,8,100,11030,-10930
6927,1998,9,54,14030,-13976
6927,1998,10,30839,4434,26405
6927,1998,11,33927,12030,21897
6927,1998,12,44959,42200,2759
6930,1993,9,24858,0,24858
6930,1993,10,24763,0,24763
6930,1993,11,24436,10300,14136
6930,1993,12,36599,20200,16399
6930,1994,1,24500,40155,-15655
6930,1994,2,24455,27755,-3300
6930,1994,3,24459,20615,3844
6930,1994,4,24476,19915,4561
6930,1994,5,24463,24415,48
6930,1994,6,36598,47736,-11138
6930,1994,7,24452,19696,4756
6930,1994,8,24465,20896,3569
6930,1994,9,24467,26876,-2409
6930,1994,10,24474,20596,3878
6930,1994,11,24477,27916,-3439
6930,1994,12,36556,31496,5060
6930,1995,1,24445,52456,-28011
6930,1995,2,24428,1096,23332
6930,1995,3,24445,26316,-1871
6930,1995,4,24467,21096,3371
6930,1995,5,24477,45436,-20959
6930,1995,6,36577,43256,-6679
6930,1995,7,24434,19796,4638
6930,1995,8,24426,25696,-1270
6930,1995,9,24419,27496,-3077
6930,1995,10,24405,24196,209
6930,1995,11,24399,24856,-457
6930,1995,12,36514,34916,1598
6930,1996,1,24370,32416,-8046
6930,1996,2,24361,26036,-1675
6930,1996,3,24368,21096,3272
6930,1996,4,24379,21696,2683
6930,1996,5,24388,22796,1592
6930,1996,6,36467,47095,-10628
6930,1996,7,24341,24495,-154
6930,1996,8,24313,18755,5558
6930,1996,9,24330,26215,-1885
6930,1996,10,24349,20715,3634
6930,1996,11,24374,18215,6159
6930,1996,12,36510,31115,5395
6930,1997,1,24382,33715,-9333
6930,1997,2,24353,19215,5138
6930,1997,3,24365,25515,-1150
6930,1997,4,24376,25255,-879
6930,1997,5,24391,19195,5196
6930,1997,6,36499,47695,-11196
6930,1997,7,24369,15415,8954
6930,1997,8,24384,21415,2969
6930,1997,9,24388,21915,2473
6930,1997,10,24403,18915,5488
6930,1997,11,24421,21415,3006
6930,1997,12,36533,33515,3018
6930,1998,1,24428,37055,-12627
6930,1998,2,24387,23815,572
6930,1998,3,24409,20415,3994
6930,1998,4,24417,23415,1002
6930,1998,5,24412,26915,-2503
6930,1998,6,36465,43955,-7490
6930,1998,7,24360,31095,-6735
6930,1998,8,24346,21215,3131
6930,1998,9,24375,28515,-4140
6930,1998,10,24335,24615,-280
6930,1998,11,24372,9315,15057
6930,1998,12,36540,19100,17440
6950,1996,10,700,0,700
6950,1996,11,22797,300,22497
6950,1996,12,34251,15000,19251
6950,1997,1,22925,17700,5225
6950,1997,2,22928,23900,-972
6950,1997,3,22874,44306,-21432
6950,1997,4,22824,29686,-6862
6950,1997,5,22806,25986,-3180
6950,1997,6,34193,27386,6807
6950,1997,7,22828,24386,-1558
6950,1997,8,22825,26826,-4001
6950,1997,9,24529,20766,3763
6950,1997,10,22817,28246,-5429
6950,1997,11,24131,18486,5645
6950,1997,12,34236,24446,9790
6950,1998,1,22878,26246,-3368
6950,1998,2,39138,18486,20652
6950,1998,3,22957,19986,2971
6950,1998,4,22967,21486,1481
6950,1998,5,22970,23586,-616
6950,1998,6,39739,60566,-20827
6950,1998,7,39554,18486,21068
6950,1998,8,32107,21606,10501
6950,1998,9,26237,18486,7751
6950,1998,10,24663,18486,6177
6950,1998,11,27299,18486,8813
6950,1998,12,34412,60171,-25759
6985,1995,7,900,0,900
6985,1995,8,15719,0,15719
6985,1995,9,2169,0,2169
6985,1995,10,111926,28000,83926
6985,1995,11,427,41300,-40873
6985,1995,12,10833,32015,-21182
6985,1996,1,65846,36882,28964
6985,1996,2,71804,105584,-33780
6985,1996,3,37332,36282,1050
6985,1996,4,72496,37782,34714
6985,1996,5,36732,49382,-12650
6985,1996,6,178,30370,-30192
6985,1996,7,29517,20782,8735
6985,1996,8,166330,145470,20860
6985,1996,9,192,22470,-22278
6985,1996,10,3914,15870,-11956
6985,1996,11,26807,16770,10037
6985,1996,12,35927,31170,4757
6985,1997,1,135493,106970,28523
6985,1997,2,59001,37370,21631
6985,1997,3,293,34770,-34477
6985,1997,4,106755,58270,48485
6985,1997,5,78806,111770,-32964
6985,1997,6,228,26470,-26242
6985,1997,7,26514,15870,10644
6985,1997,8,104184,90970,13214
6985,1997,9,45418,58923,-13505
6985,1997,10,23681,22270,1411
6985,1997,11,36364,29470,6894
6985,1997,12,45306,22970,22336
6985,1998,1,91260,68970,22290
6985,1998,2,44184,41970,2214
6985,1998,3,18458,45470,-27012
6985,1998,4,33514,45770,-12256
6985,1998,5,43924,54970,-11046
6985,1998,6,4426,39619,-35193
6985,1998,7,55,15870,-15815
6985,1998,8,58741,2703,56038
6985,1998,9,112091,141124,-29033
6985,1998,10,58225,31270,26955
6985,1998,11,176,24670,-24494
6985,1998,12,51066,23655,27411
7011,1993,10,41575,0,41575
7011,1993,11,102468,62015,40453
7011,1993,12,37305,31715,5590
7011,1994,1,99,91002,-90903
7011,1994,2,14502,47,14455
7011,1994,3,9348,15,9333
7011,1994,4,47687,15,47672
7011,1994,5,53128,66337,-13209
7011,1994,6,5286,48272,-42986
7011,1994,7,7141,10815,-3674
7011,1994,8,27318,6515,20803
7011,1994,9,83315,57680,25635
7011,1994,10,48679,24115,24564
7011,1994,11,98596,79615,18981
7011,1994,12,49443,88612,-39169
7011,1995,1,11200,50577,-39377
7011,1995,2,19203,15,19188
7011,1995,3,957,12072,-11115
7011,1995,4,5115,5115,0
7011,1995,5,54368,26515,27853
7011,1995,6,5213,29115,-23902
7011,1995,7,1632,15,1617
7011,1995,8,26582,13815,12767
7011,1995,9,189,4515,-4326
7011,1995,10,1073,15,1058
7011,1995,11,27793,25223,2570
7011,1995,12,1887,3015,-1128
7011,1996,1,31218,46516,-15298
7011,1996,2,8621,15,8606
7011,1996,3,10774,13815,-3041
7011,1996,4,34941,15,34926
7011,1996,5,275,20803,-20528
7011,1996,6,61032,50415,10617
7011,1996,7,3431,18106,-14675
7011,1996,8,10029,8115,1914
7011,1996,9,10213,11415,-1202
7011,1996,10,7494,2715,4779
7011,1996,11,24232,36171,-11939
7011,1996,12,3358,3615,-257
7011,1997,1,19882,45015,-25133
7011,1997,2,20567,5715,14852
7011,1997,3,8315,15,8300
7011,1997,4,40460,28286,12174
7011,1997,5,56910,31290,25620
7011,1997,6,79044,56115,22929
7011,1997,7,398,23915,-23517
7011,1997,8,23132,37143,-14011
7011,1997,9,244,5815,-5571
7011,1997,10,209,14915,-14706
7011,1997,11,11860,11715,145
7011,1997,12,43872,7809,36063
7011,1998,1,30777,48615,-17838
7011,1998,2,109061,72314,36747
7011,1998,3,318,32615,-32297
7011,1998,4,220,38115,-37895
7011,1998,5,67202,5481,61721
7011,1998,6,42406,40199,2207
7011,1998,7,99476,111504,-12028
7011,1998,8,115264,93621,21643
7011,1998,9,39385,52049,-12664
7011,1998,10,51171,38715,12456
7011,1998,11,41558,58794,-17236
7011,1998,12,11709,28600,-16891
7033,1996,7,4614,0,4614
7033,1996,8,12154,0,12154
7033,1996,9,8594,0,8594
7033,1996,10,4519,1000,3519
7033,1996,11,4221,6615,-2394
7033,1996,12,6262,9215,-2953
7033,1997,1,7265,15915,-8650
7033,1997,2,8064,15,8049
7033,1997,3,4998,15,4983
7033,1997,4,4210,7615,-3405
7033,1997,5,4204,1715,2489
7033,1997,6,6271,7715,-1444
7033,1997,7,4208,2915,1293
7033,1997,8,4212,7015,-2803
7033,1997,9,4196,11015,-6819
7033,1997,10,4174,7515,-3341
7033,1997,11,4152,12215,-8063
7033,1997,12,6183,5015,1168
7033,1998,1,8918,9415,-497
7033,1998,2,4127,5315,-1188
7033,1998,3,4120,6915,-2795
7033,1998,4,4110,5515,-1405
7033,1998,5,4105,4915,-810
7033,1998,6,6153,7518,-1365
7033,1998,7,4102,4926,-824
7033,1998,8,4101,5537,-1436
7033,1998,9,4101,7947,-3846
7033,1998,10,4101,6882,-2781
7033,1998,11,4101,2896,1205
7033,1998,12,6152,0,6152
7045,1996,12,400,0,400
7045,1997,1,36123,3400,32723
7045,1997,2,36239,24300,11939
7045,1997,3,36285,29100,7185
7045,1997,4,36309,37000,-691
7045,1997,5,36309,35015,1294
7045,1997,6,54480,56215,-1735
7045,1997,7,36373,31696,4677
7045,1997,8,36371,34330,2041
7045,1997,9,36355,39068,-2713
7045,1997,10,36361,38530,-2169
7045,1997,11,36355,35167,1188
7045,1997,12,54470,38030,16440
7045,1998,1,36361,75030,-38669
7045,1998,2,36282,19030,17252
7045,1998,3,36345,28230,8115
7045,1998,4,36345,41708,-5363
7045,1998,5,36338,46831,-10493
7045,1998,6,54370,40054,14316
7045,1998,7,36354,34830,1524
7045,1998,8,36334,44390,-8056
7045,1998,9,36301,46906,-10605
7045,1998,10,36287,28830,7457
7045,1998,11,36314,31682,4632
7045,1998,12,54384,57796,-3412
7049,1997,10,600,0,600
7049,1997,11,49617,14800,34817
7049,1997,12,74438,74700,-262
7049,1998,1,49712,33700,16012
7049,1998,2,49764,38800,10964
7049,1998,3,49695,98815,-49120
7049,1998,4,49619,45015,4604
7049,1998,5,49651,32915,16736
7049,1998,6,74479,62968,11511
7049,1998,7,49715,53750,-4035
7049,1998,8,49750,33468,16282
7049,1998,9,49731,61168,-11437
7049,1998,10,49756,42068,7688
7049,1998,11,49772,51698,-1926
7049,1998,12,74491,88053,-13562
7052,1997,7,300,0,300
7052,1997,8,13790,0,13790
7052,1997,9,10736,2700,8036
7052,1997,10,10766,4500,6266
7052,1997,11,10788,6700,4088
7052,1997,12,16135,16877,-742
7052,1998,1,16030,49282,-33252
7052,1998,2,22595,7605,14990
7052,1998,3,16243,5777,10466
7052,1998,4,14338,25360,-11022
7052,1998,5,24332,16277,8055
7052,1998,6,18389,22961,-4572
7052,1998,7,21164,10277,10887
7052,1998,8,20190,25458,-5268
7052,1998,9,13940,23025,-9085
7052,1998,10,26040,16509,9531
7052,1998,11,14332,23435,-9103
7052,1998,12,27305,9877,17428
7082,1996,9,900,0,900
7082,1996,10,17726,0,17726
7082,1996,11,11838,0,11838
7082,1996,12,17787,11000,6787
7082,1997,1,11935,6600,5335
7082,1997,2,11920,19655,-7735
7082,1997,3,11887,23455,-11568
7082,1997,4,12074,10455,1619
7082,1997,5,11870,11955,-85
7082,1997,6,17756,22995,-5239
7082,1997,7,13753,14955,-1202
7082,1997,8,12158,7855,4303
7082,1997,9,11867,11055,812
7082,1997,10,11863,17255,-5392
7082,1997,11,16139,14115,2024
7082,1997,12,18152,14035,4117
7082,1998,1,16644,21715,-5071
7082,1998,2,14650,11900,2750
7082,1998,3,11860,13600,-1740
7082,1998,4,11847,14460,-2613
7082,1998,5,17744,11900,5844
7082,1998,6,17740,20200,-2460
7082,1998,7,11854,14300,-2446
7082,1998,8,15848,11900,3948
7082,1998,9,16965,11900,5065
7082,1998,10,12583,11900,683
7082,1998,11,12286,11900,386
7082,1998,12,17956,24205,-6249
7099,1996,8,1000,0,1000
7099,1996,9,29343,1600,27743
7099,1996,10,29434,18400,11034
7099,1996,11,29472,22700,6772
7099,1996,12,44152,35200,8952
7099,1997,1,29488,60145,-30657
7099,1997,2,29415,33737,-4322
7099,1997,3,33314,26435,6879
7099,1997,4,29459,20445,9014
7099,1997,5,29479,25945,3534
7099,1997,6,44122,50472,-6350
7099,1997,7,29473,25645,3828
7099,1997,8,29476,27245,2231
7099,1997,9,29484,28445,1039
7099,1997,10,29475,35245,-5770
7099,1997,11,29438,34889,-5451
7099,1997,12,44115,41445,2670
7099,1998,1,29388,49245,-19857
7099,1998,2,29343,37753,-8410
7099,1998,3,30904,12545,18359
7099,1998,4,29409,27445,1964
7099,1998,5,29407,30745,-1338
7099,1998,6,44069,39828,4241
7099,1998,7,29402,36328,-6926
7099,1998,8,29383,31928,-2545
7099,1998,9,29379,29228,151
7099,1998,10,29377,30730,-1353
7099,1998,11,29371,29528,-157
7099,1998,12,44040,41113,2927
7101,1996,7,9661,0,9661
7101,1996,8,60753,8800,51953
7101,1996,9,33442,17700,15742
7101,1996,10,47250,38215,9035
7101,1996,11,251,41405,-41154
7101,1996,12,41,47433,-47392
7101,1997,1,13500,14000,-500
7101,1997,2,24124,15804,8320
7101,1997,3,45627,6242,39385
7101,1997,4,186,14515,-14329
7101,1997,5,89511,45615,43896
7101,1997,6,307,25715,-25408
7101,1997,7,19959,44615,-24656
7101,1997,8,102,2915,-2813
7101,1997,9,90,2715,-2625
7101,1997,10,12333,24187,-11854
7101,1997,11,23815,13701,10114
7101,1997,12,10027,14715,-4688
7101,1998,1,12933,23417,-10484
7101,1998,2,25363,3815,21548
7101,1998,3,4499,15,4484
7101,1998,4,12454,27969,-15515
7101,1998,5,3253,15,3238
7101,1998,6,4645,15615,-10970
7101,1998,7,11272,2815,8457
7101,1998,8,34338,21315,13023
7101,1998,9,2810,2115,695
7101,1998,10,112,1715,-1603
7101,1998,11,105,2815,-2710
7101,1998,12,0,8700,-8700
7123,1993,4,26233,0,26233
7123,1993,5,109,2400,-2291
7123,1993,6,1609,0,1609
7123,1993,7,50946,11300,39646
7123,1993,8,83559,68200,15359
7123,1993,9,38016,47567,-9551
7123,1993,10,44195,35781,8414
7123,1993,11,42017,48081,-6064
7123,1993,12,79874,81799,-1925
7123,1994,1,101855,99499,2356
7123,1994,2,97778,73899,23879
7123,1994,3,236,56099,-55863
7123,1994,4,70235,35499,34736
7123,1994,5,88958,125538,-36580
7123,1994,6,62284,33199,29085
7123,1994,7,39232,42699,-3467
7123,1994,8,160,34399,-34239
7123,1994,9,56549,21299,35250
7123,1994,10,31318,56052,-24734
7123,1994,11,68007,23999,44008
7123,1994,12,100986,108281,-7295
7123,1995,1,118,56881,-56763
7123,1995,2,30,17081,-17051
7123,1995,3,0,100,-100
7123,1995,4,39,100,-61
7123,1995,5,0,100,-100
7123,1995,6,39,100,-61
7123,1995,7,19,100,-81
7123,1995,8,0,100,-100
7123,1995,9,39,100,-61
7123,1995,10,0,100,-100
7123,1995,11,39,100,-61
7123,1995,12,19,100,-81
7123,1996,1,119267,78281,40986
7123,1996,2,7885,34138,-26253
7123,1996,3,19446,18681,765
7123,1996,4,129812,108481,21331
7123,1996,5,41843,56685,-14842
7123,1996,6,69626,56681,12945
7123,1996,7,97641,98171,-530
7123,1996,8,17344,18381,-1037
7123,1996,9,44768,48981,-4213
7123,1996,10,100457,53481,46976
7123,1996,11,130867,145878,-15011
7123,1996,12,167,43281,-43114
7123,1997,1,51948,50681,1267
7123,1997,2,25259,29781,-4522
7123,1997,3,21519,14681,6838
7123,1997,4,59283,56663,2620
7123,1997,5,116704,91581,25123
7123,1997,6,38783,63158,-24375
7123,1997,7,40484,49439,-8955
7123,1997,8,79,4000,-3921
7123,1997,9,66701,43600,23101
7123,1997,10,49219,52081,-2862
7123,1997,11,121395,55381,66014
7123,1997,12,121202,131481,-10279
7123,1998,1,47469,83781,-36312
7123,1998,2,163252,184232,-20980
7123,1998,3,94,21881,-21787
7123,1998,4,106059,44381,61678
7123,1998,5,30692,67581,-36889
7123,1998,6,41248,21881,19367
7123,1998,7,36066,14681,21385
7123,1998,8,34948,37881,-2933
7123,1998,9,18211,43265,-25054
7123,1998,10,148,20781,-20633
7123,1998,11,103254,27184,76070
7123,1998,12,43375,74081,-30706
7133,1993,9,300,0,300
7133,1993,10,16481,0,16481
7133,1993,11,5829,0,5829
7133,1993,12,6628,100,6528
7133,1994,1,4467,4800,-333
7133,1994,2,4461,8613,-4152
7133,1994,3,4443,15613,-11170
7133,1994,4,10116,4313,5803
7133,1994,5,5629,5453,176
7133,1994,6,8011,4013,3998
7133,1994,7,6352,4813,1539
7133,1994,8,4447,6113,-1666
7133,1994,9,6452,4413,2039
7133,1994,10,4447,6713,-2266
7133,1994,11,6549,4265,2284
7133,1994,12,8528,8745,-217
7133,1995,1,4434,16505,-12071
7133,1995,2,8011,4265,3746
7133,1995,3,9727,9305,422
7133,1995,4,7126,4265,2861
7133,1995,5,9545,4265,5280
7133,1995,6,6832,4265,2567
7133,1995,7,4447,12185,-7738
7133,1995,8,8443,4265,4178
7133,1995,9,6455,4265,2190
7133,1995,10,4448,7525,-3077
7133,1995,11,4445,4465,-20
7133,1995,12,8221,10665,-2444
7133,1996,1,5109,13625,-8516
7133,1996,2,5804,4265,1539
7133,1996,3,7614,4265,3349
7133,1996,4,4414,6545,-2131
7133,1996,5,4409,5265,-856
7133,1996,6,6581,6265,316
7133,1996,7,5010,4265,745
7133,1996,8,4405,7625,-3220
7133,1996,9,4394,6065,-1671
7133,1996,10,4391,4465,-74
7133,1996,11,4391,4265,126
7133,1996,12,7171,4265,2906
7133,1997,1,4904,5465,-561
7133,1997,2,7802,4265,3537
7133,1997,3,6506,8465,-1959
7133,1997,4,6709,4265,2444
7133,1997,5,5718,4265,1453
7133,1997,6,6593,9465,-2872
7133,1997,7,4411,5165,-754
7133,1997,8,4407,7265,-2858
7133,1997,9,6699,4265,2434
7133,1997,10,4406,4465,-59
7133,1997,11,6607,4713,1894
7133,1997,12,6576,11753,-5177
7133,1998,1,5195,5113,82
7133,1998,2,4396,2913,1483
7133,1998,3,6203,4813,1390
7133,1998,4,5209,3813,1396
7133,1998,5,4913,3713,1200
7133,1998,6,6592,7113,-521
7133,1998,7,4409,7813,-3404
7133,1998,8,4399,4313,86
7133,1998,9,4400,4713,-313
7133,1998,10,4401,4013,388
7133,1998,11,4403,2913,1490
7133,1998,12,6587,4098,2489
7136,1995,4,400,0,400
7136,1995,5,10600,0,10600
7136,1995,6,37794,0,37794
7136,1995,7,203,13300,-13097
7136,1995,8,203,6900,-6697
7136,1995,9,50157,0,50157
7136,1995,10,76226,58130,18096
7136,1995,11,145214,173192,-27978
7136,1995,12,40731,28392,12339
7136,1996,1,218,39592,-39374
7136,1996,2,12829,18592,-5763
7136,1996,3,7809,7992,-183
7136,1996,4,76196,38192,38004
7136,1996,5,43794,73092,-29298
7136,1996,6,140,15992,-15852
7136,1996,7,102,5892,-5790
7136,1996,8,60655,52592,8063
7136,1996,9,112,7792,-7680
7136,1996,10,45053,29251,15802
7136,1996,11,6529,14151,-7622
7136,1996,12,80357,49951,30406
7136,1997,1,25704,44793,-19089
7136,1997,2,162,10151,-9989
7136,1997,3,48901,6151,42750
7136,1997,4,49239,75158,-25919
7136,1997,5,178,18992,-18814
7136,1997,6,86064,69209,16855
7136,1997,7,99615,50051,49564
7136,1997,8,31604,77751,-46147
7136,1997,9,5434,15598,-10164
7136,1997,10,79678,82448,-2770
7136,1997,11,110026,88051,21975
7136,1997,12,47928,13551,34377
7136,1998,1,65610,103421,-37811
7136,1998,2,49138,20051,29087
7136,1998,3,324,20851,-20527
7136,1998,4,202,22592,-22390
7136,1998,5,74456,50152,24304
7136,1998,6,40452,28020,12432
7136,1998,7,269,26613,-26344
7136,1998,8,7194,12752,-5558
7136,1998,9,6490,5951,539
7136,1998,10,12681,29311,-16630
7136,1998,11,20848,14351,6497
7136,1998,12,21445,29634,-8189
7156,1997,9,20998,0,20998
7156,1997,10,27102,0,27102
7156,1997,11,20887,4500,16387
7156,1997,12,31276,15900,15376
7156,1998,1,20944,37515,-16571
7156,1998,2,20921,16515,4406
7156,1998,3,20853,51841,-30988
7156,1998,4,22930,16643,6287
7156,1998,5,22908,33341,-10433
7156,1998,6,34470,16130,18340
7156,1998,7,26025,38573,-12548
7156,1998,8,20798,37071,-16273
7156,1998,9,34087,21654,12433
7156,1998,10,24624,10777,13847
7156,1998,11,20888,4277,16611
7156,1998,12,31222,36440,-5218
7176,1996,12,400,0,400
7176,1997,1,25992,0,25992
7176,1997,2,24999,15100,9899
7176,1997,3,24983,18800,6183
7176,1997,4,24988,21700,3288
7176,1997,5,25043,32825,-7782
7176,1997,6,37478,35725,1753
7176,1997,7,24978,32785,-7807
7176,1997,8,24974,18625,6349
7176,1997,9,24979,20025,4954
7176,1997,10,24985,22625,2360
7176,1997,11,25012,19325,5687
7176,1997,12,37452,30544,6908
7176,1998,1,25009,54444,-29435
7176,1998,2,24986,9524,15462
7176,1998,3,24993,24564,429
7176,1998,4,24994,24724,270
7176,1998,5,25002,36724,-11722
7176,1998,6,37330,48204,-10874
7176,1998,7,24950,17824,7126
7176,1998,8,24970,27024,-2054
7176,1998,9,24964,25324,-360
7176,1998,10,24963,21324,3639
7176,1998,11,24976,24424,552
7176,1998,12,37426,11269,26157
7180,1997,6,700,0,700
7180,1997,7,25006,800,24206
7180,1997,8,25078,12300,12778
7180,1997,9,25121,16300,8821
7180,1997,10,25126,32200,-7074
7180,1997,11,25077,34819,-9742
7180,1997,12,37519,47419,-9900
7180,1998,1,25029,26282,-1253
7180,1998,2,28140,26519,1621
7180,1998,3,25022,26900,-1878
7180,1998,4,28265,25453,2812
7180,1998,5,27481,11619,15862
7180,1998,6,38904,41590,-2686
7180,1998,7,26132,10819,15313
7180,1998,8,25196,23119,2077
7180,1998,9,26029,44996,-18967
7180,1998,10,38158,17219,20939
7180,1998,11,26622,8119,18503
7180,1998,12,37754,27546,10208
7181,1996,7,100693,0,100693
7181,1996,8,90325,131700,-41375
7181,1996,9,29218,31981,-2763
7181,1996,10,211,19981,-19770
7181,1996,11,40726,30381,10345
7181,1996,12,43539,42181,1358
7181,1997,1,3633,28764,-25131
7181,1997,2,49476,24581,24895
7181,1997,3,267,22581,-22314
7181,1997,4,12577,14381,-1804
7181,1997,5,16646,6081,10565
7181,1997,6,11319,14581,-3262
7181,1997,7,7116,6081,1035
7181,1997,8,28234,16681,11553
7181,1997,9,8758,10881,-2123
7181,1997,10,9748,13281,-3533
7181,1997,11,20605,6081,14524
7181,1997,12,4393,12281,-7888
7181,1998,1,40108,41481,-1373
7181,1998,2,33749,18581,15168
7181,1998,3,58813,37639,21174
7181,1998,4,76366,73841,2525
7181,1998,5,63970,64081,-111
7181,1998,6,12859,43057,-30198
7181,1998,7,51216,10238,40978
7181,1998,8,43620,64067,-20447
7181,1998,9,97355,66438,30917
7181,1998,10,10144,56350,-46206
7181,1998,11,13112,23671,-10559
7181,1998,12,48372,11638,36734
7184,1995,6,500,0,500
7184,1995,7,23030,1400,21630
7184,1995,8,23110,8900,14210
7184,1995,9,23154,17000,6154
7184,1995,10,23170,21700,1470
7184,1995,11,23184,28795,-5611
7184,1995,12,34696,29695,5001
7184,1996,1,23167,46795,-23628
7184,1996,2,23115,14015,9100
7184,1996,3,23136,19595,3541
7184,1996,4,23152,20155,2997
7184,1996,5,23155,22695,460
7184,1996,6,34679,28895,5784
7184,1996,7,23179,24295,-1116
7184,1996,8,23196,22880,316
7184,1996,9,23156,31240,-8084
7184,1996,10,23135,26380,-3245
7184,1996,11,23122,26960,-3838
7184,1996,12,34610,35780,-1170
7184,1997,1,23088,27800,-4712
7184,1997,2,23066,29180,-6114
7184,1997,3,23064,22080,984
7184,1997,4,23069,21580,1489
7184,1997,5,23067,23880,-813
7184,1997,6,34575,31980,2595
7184,1997,7,23061,27680,-4619
7184,1997,8,23044,26280,-3236
7184,1997,9,23076,12780,10296
7184,1997,10,23061,29080,-6019
7184,1997,11,23045,26180,-3135
7184,1997,12,34565,27680,6885
7184,1998,1,23098,19020,4078
7184,1998,2,23128,12780,10348
7184,1998,3,23103,35340,-12237
7184,1998,4,23117,12780,10337
7184,1998,5,23160,12780,10380
7184,1998,6,34584,59320,-24736
7184,1998,7,23100,12780,10320
7184,1998,8,23151,10595,12556
7184,1998,9,23199,12295,10904
7184,1998,10,23229,46395,-23166
7184,1998,11,23137,13395,9742
7184,1998,12,34719,18480,16239
7190,1993,9,700,0,700
7190,1993,10,14144,0,14144
7190,1993,11,14705,0,14705
7190,1993,12,12294,2800,9494
7190,1994,1,8260,7400,860
7190,1994,2,8246,13669,-5423
7190,1994,3,8234,10209,-1975
7190,1994,4,8217,12009,-3792
7190,1994,5,8221,6949,1272
7190,1994,6,12279,9209,3070
7190,1994,7,8220,12649,-4429
7190,1994,8,8220,8109,111
7190,1994,9,8202,14549,-6347
7190,1994,10,9702,8009,1693
7190,1994,11,9103,6409,2694
7190,1994,12,12272,14929,-2657
7190,1995,1,14082,14549,-467
7190,1995,2,9397,5409,3988
7190,1995,3,8718,6509,2209
7190,1995,4,8220,11109,-2889
7190,1995,5,10700,12029,-1329
7190,1995,6,12258,13385,-1127
7190,1995,7,9087,11745,-2658
7190,1995,8,10289,6465,3824
7190,1995,9,9293,11625,-2332
7190,1995,10,10295,6465,3830
7190,1995,11,8209,7065,1144
7190,1995,12,12263,12985,-722
7190,1996,1,11488,16065,-4577
7190,1996,2,8191,6865,1326
7190,1996,3,10600,6465,4135
7190,1996,4,8212,8565,-353
7190,1996,5,8207,11565,-3358
7190,1996,6,12250,10965,1285
7190,1996,7,8198,11465,-3267
7190,1996,8,11582,12705,-1123
7190,1996,9,9074,12705,-3631
7190,1996,10,12077,6465,5612
7190,1996,11,8194,6465,1729
7190,1996,12,12245,14545,-2300
7190,1997,1,11481,13985,-2504
7190,1997,2,8178,8265,-87
7190,1997,3,8171,11465,-3294
7190,1997,4,13176,6465,6711
7190,1997,5,13492,11865,1627
7190,1997,6,16773,7185,9588
7190,1997,7,8241,8225,16
7190,1997,8,8231,11165,-2934
7190,1997,9,8228,6765,1463
7190,1997,10,8231,8065,166
7190,1997,11,9037,6465,2572
7190,1997,12,12293,11545,748
7190,1998,1,8234,19285,-11051
7190,1998,2,8201,6965,1236
7190,1998,3,8204,8065,139
7190,1998,4,10915,6465,4450
7190,1998,5,8218,9965,-1747
7190,1998,6,12250,17705,-5455
7190,1998,7,10290,11745,-1455
7190,1998,8,9489,10425,-936
7190,1998,9,8185,7785,400
7190,1998,10,9293,6465,2828
7190,1998,11,8196,8765,-569
7190,1998,12,13344,15610,-2266
7203,1993,3,900,0,900
7203,1993,4,12900,0,12900
7203,1993,5,4200,0,4200
7203,1993,6,27432,8100,19332
7203,1993,7,155,6900,-6745
7203,1993,8,155,2400,-2245
7203,1993,9,155,2300,-2145
7203,1993,10,1455,0,1455
7203,1993,11,155,2400,-2245
7203,1993,12,155,1900,-1745
7203,1994,1,47531,0,47531
7203,1994,2,297,21100,-20803
7203,1994,3,297,13700,-13403
7203,1994,4,47148,19715,27433
7203,1994,5,252,32553,-32301
7203,1994,6,53134,32315,20819
7203,1994,7,20305,25515,-5210
7203,1994,8,85177,39865,45312
7203,1994,9,50709,70115,-19406
7203,1994,10,274,34036,-33762
7203,1994,11,30216,39950,-9734
7203,1994,12,50131,11515,38616
7203,1995,1,92544,77615,14929
7203,1995,2,19491,35215,-15724
7203,1995,3,9018,25315,-16297
7203,1995,4,14232,15415,-1183
7203,1995,5,209,14215,-14006
7203,1995,6,58064,48315,9749
7203,1995,7,46194,31915,14279
7203,1995,8,23657,30915,-7258
7203,1995,9,36866,34915,1951
7203,1995,10,27905,21815,6090
7203,1995,11,252,19315,-19063
7203,1995,12,57404,39215,18189
7203,1996,1,24228,60130,-35902
7203,1996,2,101,5115,-5014
7203,1996,3,57,8715,-8658
7203,1996,4,3331,11266,-7935
7203,1996,5,6312,15,6297
7203,1996,6,1721,8415,-6694
7203,1996,7,4614,2690,1924
7203,1996,8,3017,15,3002
7203,1996,9,29,15,14
7203,1996,10,29,2915,-2886
7203,1996,11,17,1715,-1698
7203,1996,12,33507,4915,28592
7203,1997,1,40128,27915,12213
7203,1997,2,132,29115,-28983
7203,1997,3,1626,14387,-12761
7203,1997,4,20096,15,20081
7203,1997,5,16,20772,-20756
7203,1997,6,1302,15,1287
7203,1997,7,607,15,592
7203,1997,8,5010,15,4995
7203,1997,9,5121,4315,806
7203,1997,10,3934,15,3919
7203,1997,11,9649,10815,-1166
7203,1997,12,6244,8715,-2471
7203,1998,1,2921,6015,-3094
7203,1998,2,3521,5250,-1729
7203,1998,3,2414,15,2399
7203,1998,4,2023,15,2008
7203,1998,5,31,4815,-4784
7203,1998,6,14695,12615,2080
7203,1998,7,20,7500,-7480
7203,1998,8,20,4600,-4580
7203,1998,9,20,4200,-4180
7203,1998,10,2020,0,2020
7203,1998,11,0,1600,-1600
7231,1993,3,62348,0,62348
7231,1993,4,27055,33600,-6545
7231,1993,5,101366,75115,26251
7231,1993,6,27551,92664,-65113
7231,1993,7,110201,26215,83986
7231,1993,8,54415,109815,-55400
7231,1993,9,41860,34633,7227
7231,1993,10,169,17015,-16846
7231,1993,11,109,22299,-22190
7231,1993,12,76013,2715,73298
7231,1994,1,15263,68615,-53352
7231,1994,2,13536,3615,9921
7231,1994,3,141,13195,-13054
7231,1994,4,30460,16615,13845
7231,1994,5,44992,88597,-43605
7231,1994,6,116042,14715,101327
7231,1994,7,21530,78639,-57109
7231,1994,8,50612,16106,34506
7231,1994,9,85384,78515,6869
7231,1994,10,45520,79515,-33995
7231,1994,11,135,23615,-23480
7231,1994,12,79,16735,-16656
7231,1995,1,41336,20744,20592
7231,1995,2,22426,915,21511
7231,1995,3,17748,22415,-4667
7231,1995,4,96,34143,-34047
7231,1995,5,3563,12727,-9164
7231,1995,6,11743,4028,7715
7231,1995,7,21530,15,21515
7231,1995,8,33825,20015,13810
7231,1995,9,278,16876,-16598
7231,1995,10,3731,24615,-20884
7231,1995,11,9148,9015,133
7231,1995,12,14251,8115,6136
7231,1996,1,44930,34515,10415
7231,1996,2,12003,26467,-14464
7231,1996,3,36506,17660,18846
7231,1996,4,10831,19304,-8473
7231,1996,5,60872,19217,41655
7231,1996,6,16777,69725,-52948
7231,1996,7,82902,29272,53630
7231,1996,8,25955,40041,-14086
7231,1996,9,206,12160,-11954
7231,1996,10,155,11815,-11660
7231,1996,11,193145,149720,43425
7231,1996,12,45830,78015,-32185
7231,1997,1,10470,46215,-35745
7231,1997,2,45477,16315,29162
7231,1997,3,27848,21115,6733
7231,1997,4,43613,43701,-88
7231,1997,5,79529,35773,43756
7231,1997,6,71580,82015,-10435
7231,1997,7,254,33697,-33443
7231,1997,8,19932,18515,1417
7231,1997,9,75144,33115,42029
7231,1997,10,341,27615,-27274
7231,1997,11,110967,101104,9863
7231,1997,12,24465,34059,-9594
7231,1998,1,31348,28515,2833
7231,1998,2,42138,44515,-2377
7231,1998,3,116031,97315,18716
7231,1998,4,57918,75815,-17897
7231,1998,5,28834,34515,-5681
7231,1998,6,54716,65115,-10399
7231,1998,7,158376,102115,56261
7231,1998,8,92234,80715,11519
7231,1998,9,31691,48915,-17224
7231,1998,10,25569,72515,-46946
7231,1998,11,150,17715,-17565
7231,1998,12,86313,24800,61513
7240,1996,4,500,0,500
7240,1996,5,18237,0,18237
7240,1996,6,22918,7400,15518
7240,1996,7,15366,8300,7066
7240,1996,8,15388,13600,1788
7240,1996,9,15414,14615,799
7240,1996,10,15394,20751,-5357
7240,1996,11,15373,20551,-5178
7240,1996,12,22981,30951,-7970
7240,1997,1,18619,20751,-2132
7240,1997,2,16020,11451,4569
7240,1997,3,15340,14251,1089
7240,1997,4,15329,19272,-3943
7240,1997,5,15328,13851,1477
7240,1997,6,22949,27443,-4494
7240,1997,7,15318,12551,2767
7240,1997,8,15316,15951,-635
7240,1997,9,15315,16551,-1236
7240,1997,10,15316,14051,1265
7240,1997,11,15324,13451,1873
7240,1997,12,22918,30518,-7600
7240,1998,1,15293,13651,1642
7240,1998,2,15311,13187,2124
7240,1998,3,15296,20587,-5291
7240,1998,4,15280,17787,-2507
7240,1998,5,16789,11687,5102
7240,1998,6,22935,19387,3548
7240,1998,7,15304,17887,-2583
7240,1998,8,15287,19887,-4600
7240,1998,9,15267,19787,-4520
7240,1998,10,15258,16487,-1229
7240,1998,11,15267,11687,3580
7240,1998,12,22878,22572,306
7262,1996,8,900,0,900
7262,1996,9,20509,0,20509
7262,1996,10,17196,6900,10296
7262,1996,11,17235,16300,935
7262,1996,12,25793,20600,5193
7262,1997,1,17280,25175,-7895
7262,1997,2,17241,20511,-3270
7262,1997,3,17228,19511,-2283
7262,1997,4,17220,16211,1009
7262,1997,5,17205,21751,-4546
7262,1997,6,25779,17211,8568
7262,1997,7,17240,15811,1429
7262,1997,8,17244,16611,633
7262,1997,9,17248,13331,3917
7262,1997,10,17261,18311,-1050
7262,1997,11,17257,17671,-414
7262,1997,12,25825,22771,3054
7262,1998,1,18234,25971,-7737
7262,1998,2,17238,13711,3527
7262,1998,3,17253,14611,2642
7262,1998,4,17260,17611,-351
7262,1998,5,17259,16611,648
7262,1998,6,26085,29211,-3126
7262,1998,7,19652,15171,4481
7262,1998,8,17265,17011,254
7262,1998,9,17263,18611,-1348
7262,1998,10,17256,17631,-375
7262,1998,11,17254,18911,-1657
7262,1998,12,25824,18916,6908
7274,1997,9,400,0,400
7274,1997,10,44443,12700,31743
7274,1997,11,43415,32300,11115
7274,1997,12,60155,42600,17555
7274,1998,1,45036,60515,-15479
7274,1998,2,167,15718,-15551
7274,1998,3,46577,14205,32372
7274,1998,4,17370,52560,-35190
7274,1998,5,29626,25005,4621
7274,1998,6,108,10005,-9897
7274,1998,7,42551,37038,5513
7274,1998,8,9137,8705,432
7274,1998,9,3996,8705,-4709
7274,1998,10,7574,10934,-3360
7274,1998,11,29210,8705,20505
7274,1998,12,28923,38960,-10037
7401,1993,2,1100,0,1100
7401,1993,3,23950,0,23950
7401,1993,4,20346,11000,9346
7401,1993,5,20381,17600,2781
7401,1993,6,30514,22400,8114
7401,1993,7,20439,26860,-6421
7401,1993,8,20383,33367,-12984
7401,1993,9,20361,25081,-4720
7401,1993,10,20339,13081,7258
7401,1993,11,20379,15681,4698
7401,1993,12,30504,34877,-4373
7401,1994,1,20355,28154,-7799
7401,1994,2,20348,14154,6194
7401,1994,3,20369,15554,4815
7401,1994,4,20390,18254,2136
7401,1994,5,20376,33254,-12878
7401,1994,6,30484,21454,9030
7401,1994,7,20361,18754,1607
7401,1994,8,20382,18454,1928
7401,1994,9,20379,27495,-7116
7401,1994,10,20370,14054,6316
7401,1994,11,20378,21354,-976
7401,1994,12,30507,28654,1853
7401,1995,1,20358,32854,-12496
7401,1995,2,21050,13354,7696
7401,1995,3,20375,14854,5521
7401,1995,4,20386,28080,-7694
7401,1995,5,20362,23254,-2892
7401,1995,6,30501,16926,13575
7401,1995,7,20400,19054,1346
7401,1995,8,20368,37034,-16666
7401,1995,9,20350,12254,8096
7401,1995,10,20363,22890,-2527
7401,1995,11,20373,12154,8219
7401,1995,12,30521,26154,4367
7401,1996,1,20538,35181,-14643
7401,1996,2,26171,11081,15090
7401,1996,3,20399,21081,-682
7401,1996,4,20397,37126,-16729
7401,1996,5,27060,25658,1402
7401,1996,6,38030,10681,27349
7401,1996,7,20432,38025,-17593
7401,1996,8,20398,10981,9417
7401,1996,9,20393,33922,-13529
7401,1996,10,23696,10481,13215
7401,1996,11,20422,16581,3841
7401,1996,12,30559,25581,4978
7401,1997,1,20365,44681,-24316
7401,1997,2,26474,14781,11693
7401,1997,3,20408,17205,3203
7401,1997,4,20420,13181,7239
7401,1997,5,20447,17117,3330
7401,1997,6,30497,60281,-29784
7401,1997,7,30592,9981,20611
7401,1997,8,20401,25747,-5346
7401,1997,9,20414,12081,8333
7401,1997,10,20421,19581,840
7401,1997,11,20420,20781,-361
7401,1997,12,30538,29081,1457
7401,1998,1,21672,43581,-21909
7401,1998,2,20371,11281,9090
7401,1998,3,20354,33400,-13046
7401,1998,4,22152,10581,11571
7401,1998,5,20382,23581,-3199
7401,1998,6,30545,18581,11964
7401,1998,7,20433,20281,152
7401,1998,8,20401,28679,-8278
7401,1998,9,20402,18381,2021
7401,1998,10,20413,18381,2032
7401,1998,11,20386,30391,-10005
7401,1998,12,30489,24566,5923
7418,1995,4,16278,0,16278
7418,1995,5,19890,0,19890
7418,1995,6,23278,2900,20378
7418,1995,7,15776,13700,2076
7418,1995,8,15725,29880,-14155
7418,1995,9,15424,39058,-23634
7418,1995,10,19630,14015,5615
7418,1995,11,21963,18515,3448
7418,1995,12,25690,20915,4775
7418,1996,1,16451,27115,-10664
7418,1996,2,17878,17615,263
7418,1996,3,18039,14715,3324
7418,1996,4,18038,20415,-2377
7418,1996,5,15767,20738,-4971
7418,1996,6,23937,24724,-787
7418,1996,7,21189,16238,4951
7418,1996,8,20189,17538,2651
7418,1996,9,15402,21438,-6036
7418,1996,10,16233,20338,-4105
7418,1996,11,15697,16738,-1041
7418,1996,12,22877,25338,-2461
7418,1997,1,15206,21523,-6317
7418,1997,2,15200,32144,-16944
7418,1997,3,16941,2672,14269
7418,1997,4,15155,17336,-2181
7418,1997,5,15215,10121,5094
7418,1997,6,22812,20615,2197
7418,1997,7,15208,33534,-18326
7418,1997,8,18456,2001,16455
7418,1997,9,15158,20329,-5171
7418,1997,10,15219,12919,2300
7418,1997,11,15145,19243,-4098
7418,1997,12,22758,33162,-10404
7418,1998,1,15141,2602,12539
7418,1998,2,15153,15226,-73
7418,1998,3,15166,15126,40
7418,1998,4,15178,11027,4151
7418,1998,5,15198,13715,1483
7418,1998,6,22805,19373,3432
7418,1998,7,15251,15315,-64
7418,1998,8,15323,8715,6608
7418,1998,9,15280,20715,-5435
7418,1998,10,15301,7315,7986
7418,1998,11,15325,22115,-6790
7418,1998,12,22915,20300,2615
7424,1996,7,900,0,900
7424,1996,8,15800,0,15800
7424,1996,9,110942,69600,41342
7424,1996,10,63758,34506,29252
7424,1996,11,157939,177406,-19467
7424,1996,12,121574,128236,-6662
7424,1997,1,41261,75274,-34013
7424,1997,2,55267,46032,9235
7424,1997,3,119,11706,-11587
7424,1997,4,89409,78747,10662
7424,1997,5,95029,56206,38823
7424,1997,6,5507,48606,-43099
7424,1997,7,58931,42406,16525
7424,1997,8,18429,28006,-9577
7424,1997,9,73706,43806,29900
7424,1997,10,63701,41306,22395
7424,1997,11,36609,90806,-54197
7424,1997,12,90,20707,-20617
7424,1998,1,32162,18429,13733
7424,1998,2,22425,25629,-3204
7424,1998,3,78,10629,-10551
7424,1998,4,39446,10629,28817
7424,1998,5,124793,103429,21364
7424,1998,6,33498,45729,-12231
7424,1998,7,69531,70929,-1398
7424,1998,8,61585,46129,15456
7424,1998,9,155,48644,-48489
7424,1998,10,31178,10629,20549
7424,1998,11,21054,15729,5325
7424,1998,12,49031,67991,-18960
7437,1997,8,14989,0,14989
7437,1997,9,20569,0,20569
7437,1997,10,14025,2700,11325
7437,1997,11,14046,10700,3346
7437,1997,12,20964,24161,-3197
7437,1998,1,14155,40290,-26135
7437,1998,2,15945,10090,5855
7437,1998,3,15849,15886,-37
7437,1998,4,17967,24390,-6423
7437,1998,5,16745,12097,4648
7437,1998,6,27524,20197,7327
7437,1998,7,16987,22036,-5049
7437,1998,8,22494,18355,4139
7437,1998,9,16467,18535,-2068
7437,1998,10,18178,16285,1893
7437,1998,11,18895,13297,5598
7437,1998,12,22342,17467,4875
7445,1993,3,200,0,200
7445,1993,4,40240,0,40240
7445,1993,5,66921,23215,43706
7445,1993,6,29806,57015,-27209
7445,1993,7,45414,37765,7649
7445,1993,8,32774,49242,-16468
7445,1993,9,21835,24915,-3080
7445,1993,10,41899,36466,5433
7445,1993,11,20339,24515,-4176
7445,1993,12,88072,89581,-1509
7445,1994,1,34938,52026,-17088
7445,1994,2,93,25478,-25385
7445,1994,3,31190,8715,22475
7445,1994,4,829,9745,-8916
7445,1994,5,9115,6222,2893
7445,1994,6,25558,8022,17536
7445,1994,7,132,25679,-25547
7445,1994,8,9195,3822,5373
7445,1994,9,5836,2322,3514
7445,1994,10,2486,21942,-19456
7445,1994,11,12643,2329,10314
7445,1994,12,8668,13879,-5211
7445,1995,1,13651,16722,-3071
7445,1995,2,50977,14118,36859
7445,1995,3,199,14622,-14423
7445,1995,4,1041,2322,-1281
7445,1995,5,34314,2322,31992
7445,1995,6,94684,87892,6792
7445,1995,7,373,21822,-21449
7445,1995,8,130,24394,-24264
7445,1995,9,64146,2322,61824
7445,1995,10,260,60087,-59827
7445,1995,11,4611,9822,-5211
7445,1995,12,10203,5322,4881
7445,1996,1,73138,42828,30310
7445,1996,2,60968,21722,39246
7445,1996,3,51165,53016,-1851
7445,1996,4,180867,189506,-8639
7445,1996,5,94293,125975,-31682
7445,1996,6,2729,30505,-27776
7445,1996,7,39714,22108,17606
7445,1996,8,11861,25740,-13879
7445,1996,9,73,3915,-3842
7445,1996,10,145973,55315,90658
7445,1996,11,78736,143578,-64842
7445,1996,12,174889,145963,28926
7445,1997,1,30302,75231,-44929
7445,1997,2,42521,30268,12253
7445,1997,3,53829,48232,5597
7445,1997,4,7888,46367,-38479
7445,1997,5,5202,15,5187
7445,1997,6,31369,15914,15455
7445,1997,7,28972,24815,4157
7445,1997,8,111,9315,-9204
7445,1997,9,123792,92720,31072
7445,1997,10,150148,156642,-6494
7445,1997,11,159,22515,-22356
7445,1997,12,32984,32872,112
7445,1998,1,45,15415,-15370
7445,1998,2,8,315,-307
7445,1998,3,12,115,-103
7445,1998,4,26311,2515,23796
7445,1998,5,136,27790,-27654
7445,1998,6,1700,27,1673
7445,1998,7,2200,41,2159
7445,1998,8,65811,1615,64196
7445,1998,9,420,34215,-33795
7445,1998,10,44033,40915,3118
7445,1998,11,160,30626,-30466
7445,1998,12,36871,32376,4495
7449,1993,11,1100,0,1100
7449,1993,12,14811,0,14811
7449,1994,1,8689,0,8689
7449,1994,2,5316,2300,3016
7449,1994,3,5333,1800,3533
7449,1994,4,5347,4215,1132
7449,1994,5,5345,9635,-4290
7449,1994,6,7932,7215,717
7449,1994,7,5424,5015,409
7449,1994,8,5432,1715,3717
7449,1994,9,5357,8215,-2858
7449,1994,10,5347,7115,-1768
7449,1994,11,5341,6215,-874
7449,1994,12,7961,7055,906
7449,1995,1,5410,6675,-1265
7449,1995,2,5389,10775,-5386
7449,1995,3,5316,3215,2101
7449,1995,4,5383,2215,3168
7449,1995,5,5341,4855,486
7449,1995,6,20547,36509,-15962
7449,1995,7,8373,3495,4878
7449,1995,8,7239,15,7224
7449,1995,9,5335,3255,2080
7449,1995,10,5356,1515,3841
7449,1995,11,5378,3315,2063
7449,1995,12,8025,8075,-50
7449,1996,1,7556,14575,-7019
7449,1996,2,5358,815,4543
7449,1996,3,5421,935,4486
7449,1996,4,5466,2015,3451
7449,1996,5,5491,1615,3876
7449,1996,6,21956,39895,-17939
7449,1996,7,9510,15,9495
7449,1996,8,7880,15,7865
7449,1996,9,5521,815,4706
7449,1996,10,5485,7875,-2390
7449,1996,11,5476,5715,-239
7449,1996,12,8133,3075,5058
7449,1997,1,6402,12175,-5773
7449,1997,2,5599,15,5584
7449,1997,3,5523,2915,2608
7449,1997,4,5596,6715,-1119
7449,1997,5,5530,8115,-2585
7449,1997,6,8877,43375,-34498
7449,1997,7,23404,15,23389
7449,1997,8,11416,15,11401
7449,1997,9,5553,1515,4038
7449,1997,10,5547,2715,2832
7449,1997,11,5544,14635,-9091
7449,1997,12,8077,12275,-4198
7449,1998,1,5472,6555,-1083
7449,1998,2,5438,9215,-3777
7449,1998,3,5444,3315,2129
7449,1998,4,5443,5415,28
7449,1998,5,5405,8155,-2750
7449,1998,6,8011,4615,3396
7449,1998,7,5446,3315,2131
7449,1998,8,5332,3815,1517
7449,1998,9,5339,2915,2424
7449,1998,10,5352,11175,-5823
7449,1998,11,5357,2315,3042
7449,1998,12,8079,1280,6799
7454,1993,4,500,0,500
7454,1993,5,14693,0,14693
7454,1993,6,9930,0,9930
7454,1993,7,4274,2100,2174
7454,1993,8,4279,4600,-321
7454,1993,9,4284,2686,1598
7454,1993,10,4275,11652,-7377
7454,1993,11,7461,4192,3269
7454,1993,12,8953,10052,-1099
7454,1994,1,7741,16752,-9011
7454,1994,2,10743,4192,6551
7454,1994,3,8263,3892,4371
7454,1994,4,6276,4092,2184
7454,1994,5,5183,3992,1191
7454,1994,6,6365,8211,-1846
7454,1994,7,4269,7811,-3542
7454,1994,8,4262,4911,-649
7454,1994,9,4255,6511,-2256
7454,1994,10,4654,4111,543
7454,1994,11,4245,7111,-2866
7454,1994,12,6321,9351,-3030
7454,1995,1,5634,5431,203
7454,1995,2,4229,4611,-382
7454,1995,3,4225,5611,-1386
7454,1995,4,4223,4111,112
7454,1995,5,4323,4111,212
7454,1995,6,6305,7911,-1606
7454,1995,7,4418,4111,307
7454,1995,8,4218,4111,107
7454,1995,9,4222,4111,111
7454,1995,10,4219,4111,108
7454,1995,11,4221,4111,110
7454,1995,12,6310,4111,2199
7454,1996,1,4220,6811,-2591
7454,1996,2,6828,4111,2717
7454,1996,3,4228,4611,-383
7454,1996,4,4226,4711,-485
7454,1996,5,6033,4111,1922
7454,1996,6,6314,8311,-1997
7454,1996,7,4227,4111,116
7454,1996,8,4226,4111,115
7454,1996,9,4226,4111,115
7454,1996,10,4227,6211,-1984
7454,1996,11,4222,4111,111
7454,1996,12,6308,5231,1077
7454,1997,1,4222,4951,-729
7454,1997,2,4220,4111,109
7454,1997,3,5322,4111,1211
7454,1997,4,4226,5711,-1485
7454,1997,5,4220,4111,109
7454,1997,6,6310,4111,2199
7454,1997,7,4229,4911,-682
7454,1997,8,4229,4111,118
7454,1997,9,4429,4111,318
7454,1997,10,4227,4711,-484
7454,1997,11,4224,4911,-687
7454,1997,12,6313,4311,2002
7454,1998,1,4229,5071,-842
7454,1998,2,4230,4111,119
7454,1998,3,4229,4111,118
7454,1998,4,4228,4111,117
7454,1998,5,4229,4111,118
7454,1998,6,6318,3892,2426
7454,1998,7,4237,4392,-155
7454,1998,8,4240,3892,348
7454,1998,9,4238,4292,-54
7454,1998,10,4237,4292,-55
7454,1998,11,4234,5352,-1118
7454,1998,12,6318,5777,541
7465,1996,12,600,0,600
7465,1997,1,14500,0,14500
7465,1997,2,5000,0,5000
7465,1997,3,3200,0,3200
7465,1997,4,0,4500,-4500
7465,1997,5,0,1200,-1200
7465,1997,6,0,5700,-5700
7465,1997,7,0,1100,-1100
7465,1997,8,2100,0,2100
7465,1997,9,45895,20900,24995
7465,1997,10,5224,16200,-10976
7465,1997,11,112,7000,-6888
7465,1997,12,112,7500,-7388
7465,1998,1,112,2200,-2088
7465,1998,2,19360,12400,6960
7465,1998,3,47089,0,47089
7465,1998,4,39748,67109,-27361
7465,1998,5,13368,24000,-10632
7465,1998,6,13072,20700,-7628
7465,1998,7,54,8900,-8846
7465,1998,8,22,7100,-7078
7465,1998,9,10877,4581,6296
7465,1998,10,18,7100,-7082
7465,1998,11,2,4590,-4588
7465,1998,12,112762,25471,87291
7485,1993,7,700,0,700
7485,1993,8,23115,0,23115
7485,1993,9,22905,12800,10105
7485,1993,10,22946,15200,7746
7485,1993,11,22973,22100,873
7485,1993,12,34392,36017,-1625
7485,1994,1,23602,39345,-15743
7485,1994,2,22917,27894,-4977
7485,1994,3,22906,16894,6012
7485,1994,4,22921,20894,2027
7485,1994,5,22926,22533,393
7485,1994,6,34350,28094,6256
7485,1994,7,22956,21194,1762
7485,1994,8,22939,32245,-9306
7485,1994,9,22927,18094,4833
7485,1994,10,22931,31814,-8883
7485,1994,11,22906,22697,209
7485,1994,12,34315,31294,3021
7485,1995,1,24192,26394,-2202
7485,1995,2,22917,15194,7723
7485,1995,3,22943,19994,2949
7485,1995,4,25535,33978,-8443
7485,1995,5,22922,18094,4828
7485,1995,6,34331,37394,-3063
7485,1995,7,22918,26225,-3307
7485,1995,8,22917,20413,2504
7485,1995,9,23033,14094,8939
7485,1995,10,22956,20594,2362
7485,1995,11,22967,19494,3473
7485,1995,12,34361,33394,967
7485,1996,1,25221,44394,-19173
7485,1996,2,24117,14094,10023
7485,1996,3,22948,18894,4054
7485,1996,4,22967,17994,4973
7485,1996,5,22981,24394,-1413
7485,1996,6,37820,54294,-16474
7485,1996,7,34460,13194,21266
7485,1996,8,26199,18594,7605
7485,1996,9,23033,16594,6439
7485,1996,10,23018,38794,-15776
7485,1996,11,22965,36973,-14008
7485,1996,12,38185,18794,19391
7485,1997,1,22953,43886,-20933
7485,1997,2,32158,13194,18964
7485,1997,3,22993,31394,-8401
7485,1997,4,22974,16194,6780
7485,1997,5,22951,26694,-3743
7485,1997,6,34403,19094,15309
7485,1997,7,22972,34394,-11422
7485,1997,8,22969,22994,-25
7485,1997,9,22941,32194,-9253
7485,1997,10,22916,27394,-4478
7485,1997,11,22921,19594,3327
7485,1997,12,34306,39494,-5188
7485,1998,1,22918,24894,-1976
7485,1998,2,22921,14294,8627
7485,1998,3,22922,24994,-2072
7485,1998,4,22922,22394,528
7485,1998,5,22915,25394,-2479
7485,1998,6,34387,13694,20693
7485,1998,7,22948,38094,-15146
7485,1998,8,22923,36794,-13871
7485,1998,9,22930,20994,1936
7485,1998,10,22944,24494,-1550
7485,1998,11,22929,20194,2735
7485,1998,12,34357,15579,18778
7487,1995,10,12502,0,12502
7487,1995,11,5352,0,5352
7487,1995,12,29939,15000,14939
7487,1996,1,136,8500,-8364
7487,1996,2,80709,42400,38309
7487,1996,3,35876,41800,-5924
7487,1996,4,154094,150855,3239
7487,1996,5,194,30729,-30535
7487,1996,6,22340,30436,-8096
7487,1996,7,7451,12636,-5185
7487,1996,8,32,12136,-12104
7487,1996,9,19363,4807,14556
7487,1996,10,4846,12136,-7290
7487,1996,11,15577,12136,3441
7487,1996,12,26,12136,-12110
7487,1997,1,11,4808,-4797
7487,1997,2,28015,5324,22691
7487,1997,3,50295,12136,38159
7487,1997,4,188,31436,-31248
7487,1997,5,98403,34336,64067
7487,1997,6,57542,83436,-25894
7487,1997,7,30004,45036,-15032
7487,1997,8,39805,28036,11769
7487,1997,9,90152,106936,-16784
7487,1997,10,115,28736,-28621
7487,1997,11,32144,26136,6008
7487,1997,12,47198,40236,6962
7487,1998,1,64453,40536,23917
7487,1998,2,61543,56136,5407
7487,1998,3,131,38242,-38111
7487,1998,4,103440,58536,44904
7487,1998,5,13513,43387,-29874
7487,1998,6,5840,20206,-14366
7487,1998,7,5365,12136,-6771
7487,1998,8,26,12136,-12110
7487,1998,9,11,15,-4
7487,1998,10,7904,15,7889
7487,1998,11,76217,4807,71410
7487,1998,12,45050,92582,-47532
7520,1996,3,900,0,900
7520,1996,4,21284,0,21284
7520,1996,5,16278,7900,8378
7520,1996,6,24404,13800,10604
7520,1996,7,16359,18900,-2541
7520,1996,8,16384,19015,-2631
7520,1996,9,16471,14615,1856
7520,1996,10,16486,15415,1071
7520,1996,11,16424,17815,-1391
7520,1996,12,24466,22115,2351
7520,1997,1,16471,26515,-10044
7520,1997,2,16357,15915,442
7520,1997,3,16326,15215,1111
7520,1997,4,16425,15315,1110
7520,1997,5,16423,19815,-3392
7520,1997,6,24499,32315,-7816
7520,1997,7,16276,17515,-1239
7520,1997,8,16325,16815,-490
7520,1997,9,16347,18115,-1768
7520,1997,10,16321,19915,-3594
7520,1997,11,16269,17415,-1146
7520,1997,12,24307,29215,-4908
7520,1998,1,16222,25127,-8905
7520,1998,2,16169,16751,-582
7520,1998,3,16169,15147,1022
7520,1998,4,16169,17336,-1167
7520,1998,5,16169,18564,-2395
7520,1998,6,24254,23572,682
7520,1998,7,16169,22024,-5855
7520,1998,8,16169,19388,-3219
7520,1998,9,16169,13275,2894
7520,1998,10,16169,14748,1421
7520,1998,11,16169,20995,-4826
7520,1998,12,24254,22497,1757
7523,1994,8,600,0,600
7523,1994,9,22549,0,22549
7523,1994,10,20748,10700,10048
7523,1994,11,20792,13000,7792
7523,1994,12,31151,23300,7851
7523,1995,1,20951,40788,-19837
7523,1995,2,20899,23128,-2229
7523,1995,3,20865,19628,1237
7523,1995,4,20882,16728,4154
7523,1995,5,20895,25388,-4493
7523,1995,6,31236,26788,4448
7523,1995,7,20908,20728,180
7523,1995,8,20863,22028,-1165
7523,1995,9,20855,22828,-1973
7523,1995,10,20853,18328,2525
7523,1995,11,20905,23928,-3023
7523,1995,12,31262,23248,8014
7523,1996,1,20909,37728,-16819
7523,1996,2,22710,20168,2542
7523,1996,3,20841,14728,6113
7523,1996,4,20877,17328,3549
7523,1996,5,20869,30128,-9259
7523,1996,6,31206,19728,11478
7523,1996,7,20931,20028,903
7523,1996,8,20929,18928,2001
7523,1996,9,20927,22628,-1701
7523,1996,10,20919,29408,-8489
7523,1996,11,20875,14328,6547
7523,1996,12,31288,22928,8360
7523,1997,1,20890,40868,-19978
7523,1997,2,23423,14328,9095
7523,1997,3,20891,16128,4763
7523,1997,4,23140,18168,4972
7523,1997,5,20919,19628,1291
7523,1997,6,31277,31328,-51
7523,1997,7,20910,26768,-5858
7523,1997,8,20846,30008,-9162
7523,1997,9,20905,13068,7837
7523,1997,10,20937,21628,-691
7523,1997,11,20824,30928,-10104
7523,1997,12,31085,31128,-43
7523,1998,1,20787,23515,-2728
7523,1998,2,20741,28315,-7574
7523,1998,3,20720,20815,-95
7523,1998,4,20758,14615,6143
7523,1998,5,20728,24515,-3787
7523,1998,6,31077,26035,5042
7523,1998,7,20785,22515,-1730
7523,1998,8,20782,24515,-3733
7523,1998,9,20837,17215,3622
7523,1998,10,20753,31315,-10562
7523,1998,11,20763,6015,14748
7523,1998,12,31174,21000,10174
7542,1996,5,300,0,300
7542,1996,6,20460,0,20460
7542,1996,7,10705,6300,4405
7542,1996,8,10728,4800,5928
7542,1996,9,10761,1200,9561
7542,1996,10,10781,9315,1466
7542,1996,11,11754,17487,-5733
7542,1996,12,23257,18207,5050
7542,1997,1,10727,30227,-19500
7542,1997,2,19491,18487,1004
7542,1997,3,26131,17887,8244
7542,1997,4,13218,16587,-3369
7542,1997,5,17612,18527,-915
7542,1997,6,25453,18087,7366
7542,1997,7,15648,15087,561
7542,1997,8,15746,17687,-1941
7542,1997,9,17017,29687,-12670
7542,1997,10,26622,15887,10735
7542,1997,11,22858,21974,884
7542,1997,12,29777,18854,10923
7542,1998,1,20276,28454,-8178
7542,1998,2,25587,16934,8653
7542,1998,3,21803,16934,4869
7542,1998,4,20019,16934,3085
7542,1998,5,17924,16934,990
7542,1998,6,21740,16934,4806
7542,1998,7,19959,16934,3025
7542,1998,8,15252,16934,-1682
7542,1998,9,14243,16934,-2691
7542,1998,10,17343,16934,409
7542,1998,11,18247,16934,1313
7542,1998,12,28276,20919,7357
7546,1994,9,21547,0,21547
7546,1994,10,22941,0,22941
7546,1994,11,21194,10900,10294
7546,1994,12,31745,15000,16745
7546,1995,1,21196,69423,-48227
7546,1995,2,21117,24941,-3824
7546,1995,3,23290,14687,8603
7546,1995,4,21132,11023,10109
7546,1995,5,21144,30515,-9371
7546,1995,6,31668,23423,8245
7546,1995,7,21172,23423,-2251
7546,1995,8,21162,20023,1139
7546,1995,9,21165,21623,-458
7546,1995,10,21109,31933,-10824
7546,1995,11,21121,14819,6302
7546,1995,12,31618,34588,-2970
7546,1996,1,21098,27819,-6721
7546,1996,2,21106,13819,7287
7546,1996,3,21115,29319,-8204
7546,1996,4,21099,16919,4180
7546,1996,5,21112,20619,493
7546,1996,6,31629,26219,5410
7546,1996,7,21105,30419,-9314
7546,1996,8,21102,14619,6483
7546,1996,9,21119,21519,-400
7546,1996,10,21118,20719,399
7546,1996,11,21119,19623,1496
7546,1996,12,31604,36023,-4419
7546,1997,1,21068,27823,-6755
7546,1997,2,21084,18523,2561
7546,1997,3,21096,16633,4463
7546,1997,4,21107,20323,784
7546,1997,5,21114,18223,2891
7546,1997,6,31575,41223,-9648
7546,1997,7,21087,17523,3564
7546,1997,8,21088,22123,-1035
7546,1997,9,21063,28191,-7128
7546,1997,10,21058,21023,35
7546,1997,11,21060,18923,2137
7546,1997,12,31565,34087,-2522
7546,1998,1,21040,21023,17
7546,1998,2,21077,14923,6154
7546,1998,3,21071,20423,648
7546,1998,4,21081,20023,1058
7546,1998,5,21090,17801,3289
7546,1998,6,31574,35054,-3480
7546,1998,7,21078,22323,-1245
7546,1998,8,21077,18723,2354
7546,1998,9,21065,27823,-6758
7546,1998,10,21060,17723,3337
7546,1998,11,21060,22923,-1863
7546,1998,12,31554,32008,-454
7559,1997,5,900,0,900
7559,1997,6,15172,0,15172
7559,1997,7,6240,3200,3040
7559,1997,8,6248,0,6248
7559,1997,9,6263,2200,4063
7559,1997,10,6300,4215,2085
7559,1997,11,6298,6427,-129
7559,1997,12,9484,10527,-1043
7559,1998,1,9677,20427,-10750
7559,1998,2,10858,4927,5931
7559,1998,3,10485,5327,5158
7559,1998,4,9602,5227,4375
7559,1998,5,7617,5327,2290
7559,1998,6,13717,8827,4890
7559,1998,7,8052,5193,2859
7559,1998,8,11971,5193,6778
7559,1998,9,6386,6393,-7
7559,1998,10,7386,8993,-1607
7559,1998,11,6374,8293,-1919
7559,1998,12,9464,6878,2586
7562,1995,1,400,0,400
7562,1995,2,38766,5600,33166
7562,1995,3,38871,22600,16271
7562,1995,4,38924,30700,8224
7562,1995,5,38951,34700,4251
7562,1995,6,58319,69530,-11211
7562,1995,7,38966,33230,5736
7562,1995,8,38972,50130,-11158
7562,1995,9,38909,36530,2379
7562,1995,10,38952,31230,7722
7562,1995,11,38939,51194,-12255
7562,1995,12,58259,66119,-7860
7562,1996,1,38866,52380,-13514
7562,1996,2,38840,21880,16960
7562,1996,3,38948,21780,17168
7562,1996,4,38933,50096,-11163
7562,1996,5,38920,37080,1840
7562,1996,6,58297,41580,16717
7562,1996,7,38969,38080,889
7562,1996,8,38892,67980,-29088
7562,1996,9,38877,31280,7597
7562,1996,10,38924,26180,12744
7562,1996,11,38981,30480,8501
7562,1996,12,58294,79780,-21486
7562,1997,1,41058,32280,8778
7562,1997,2,43562,35516,8046
7562,1997,3,38979,30980,7999
7562,1997,4,39050,19680,19370
7562,1997,5,39106,27080,12026
7562,1997,6,58435,73149,-14714
7562,1997,7,39001,66114,-27113
7562,1997,8,39281,26880,12401
7562,1997,9,39044,26880,12164
7562,1997,10,39001,54481,-15480
7562,1997,11,39027,24680,14347
7562,1997,12,58384,68585,-10201
7562,1998,1,38995,68602,-29607
7562,1998,2,38945,19080,19865
7562,1998,3,39021,19280,19741
7562,1998,4,39000,62664,-23664
7562,1998,5,39003,34430,4573
7562,1998,6,58428,55905,2523
7562,1998,7,38946,50754,-11808
7562,1998,8,38995,23780,15215
7562,1998,9,39055,26280,12775
7562,1998,10,39090,43380,-4290
7562,1998,11,39040,42451,-3411
7562,1998,12,58407,51450,6957
7565,1996,4,19538,0,19538
7565,1996,5,21025,0,21025
7565,1996,6,29005,7500,21505
7565,1996,7,19447,35600,-16153
7565,1996,8,19423,25864,-6441
7565,1996,9,19383,24692,-5309
7565,1996,10,19332,20592,-1260
7565,1996,11,19345,18792,553
7565,1996,12,28960,23992,4968
7565,1997,1,19301,37492,-18191
7565,1997,2,19289,15292,3997
7565,1997,3,19306,18792,514
7565,1997,4,19305,19892,-587
7565,1997,5,19310,17492,1818
7565,1997,6,28900,35665,-6765
7565,1997,7,19298,17092,2206
7565,1997,8,19287,21492,-2205
7565,1997,9,19296,21890,-2594
7565,1997,10,19287,18090,1197
7565,1997,11,19277,21690,-2413
7565,1997,12,28875,25590,3285
7565,1998,1,19281,13990,5291
7565,1998,2,19296,24190,-4894
7565,1998,3,19290,10090,9200
7565,1998,4,19325,22890,-3565
7565,1998,5,19304,23490,-4186
7565,1998,6,28898,30390,-1492
7565,1998,7,19297,10090,9207
7565,1998,8,19303,24990,-5687
7565,1998,9,19284,23190,-3906
7565,1998,10,19295,10090,9205
7565,1998,11,19350,10090,9260
7565,1998,12,28920,42275,-13355
7594,1996,2,1000,0,1000
7594,1996,4,12600,0,12600
7594,1996,5,38532,12300,26232
7594,1996,6,128396,101700,26696
7594,1996,7,448,17700,-17252
7594,1996,8,31334,20439,10895
7594,1996,9,184,23739,-23555
7594,1996,10,306,13839,-13533
7594,1996,11,4887,8939,-4052
7594,1996,12,73632,23739,49893
7594,1997,1,23412,70311,-46899
7594,1997,2,40783,8739,32044
7594,1997,3,41481,57608,-16127
7594,1997,4,65136,31139,33997
7594,1997,5,74764,102442,-27678
7594,1997,6,24313,34963,-10650
7594,1997,7,110192,44539,65653
7594,1997,8,8239,61384,-53145
7594,1997,9,33196,23939,9257
7594,1997,10,62007,25339,36668
7594,1997,11,16532,62539,-46007
7594,1997,12,6737,24957,-18220
7594,1998,1,12616,13857,-1241
7594,1998,2,108375,86123,22252
7594,1998,3,6553,15557,-9004
7594,1998,4,5502,11457,-5955
7594,1998,5,514,8757,-8243
7594,1998,6,8818,8757,61
7594,1998,7,94023,47520,46503
7594,1998,8,49670,34757,14913
7594,1998,9,218,45367,-45149
7594,1998,10,65219,21023,44196
7594,1998,11,9466,33257,-23791
7594,1998,12,78017,106762,-28745
7606,1995,3,115902,31600,84302
7606,1995,4,11667,32615,-20948
7606,1995,5,27203,56480,-29277
7606,1995,6,23923,33555,-9632
7606,1995,7,89805,28539,61266
7606,1995,8,57762,104012,-46250
7606,1995,9,4236,12739,-8503
7606,1995,10,78546,17125,61421
7606,1995,11,94786,102896,-8110
7606,1995,12,81488,71343,10145
7606,1996,1,156,74614,-74458
7606,1996,2,85793,22637,63156
7606,1996,3,61087,37648,23439
7606,1996,4,57255,90599,-33344
7606,1996,5,11239,48378,-37139
7606,1996,6,91633,51691,39942
7606,1996,7,61595,37971,23624
7606,1996,8,260,55100,-54840
7606,1996,9,83632,54632,29000
7606,1996,10,69408,74937,-5529
7606,1996,11,178,30937,-30759
7606,1996,12,58546,17237,41309
7606,1997,1,6099,61337,-55238
7606,1997,2,18118,13337,4781
7606,1997,3,66298,18037,48261
7606,1997,4,86204,93937,-7733
7606,1997,5,54851,27337,27514
7606,1997,6,50124,76337,-26213
7606,1997,7,78809,43137,35672
7606,1997,8,114861,156037,-41176
7606,1997,9,121323,136437,-15114
7606,1997,10,4863,25037,-20174
7606,1997,11,63357,30446,32911
7606,1997,12,24828,40237,-15409
7606,1998,1,13615,24437,-10822
7606,1998,2,7608,13337,-5729
7606,1998,3,15387,13337,2050
7606,1998,4,12895,13337,-442
7606,1998,5,16396,13337,3059
7606,1998,6,15909,13337,2572
7606,1998,7,19691,22009,-2318
7606,1998,8,18115,13337,4778
7606,1998,9,20305,29842,-9537
7606,1998,10,24303,13337,10966
7606,1998,11,26521,21737,4784
7606,1998,12,18437,29222,-10785
7607,1993,9,15482,0,15482
7607,1993,10,18654,0,18654
7607,1993,11,15009,5700,9309
7607,1993,12,22479,9800,12679
7607,1994,1,15076,18535,-3459
7607,1994,2,15025,22535,-7510
7607,1994,3,15011,19435,-4424
7607,1994,4,14975,22315,-7340
7607,1994,5,14985,10735,4250
7607,1994,6,22427,32515,-10088
7607,1994,7,15975,9215,6760
7607,1994,8,14970,23555,-8585
7607,1994,9,14962,11135,3827
7607,1994,10,14981,14535,446
7607,1994,11,14977,17855,-2878
7607,1994,12,22400,18375,4025
7607,1995,1,21847,31595,-9748
7607,1995,2,14952,7735,7217
7607,1995,3,14971,14875,96
7607,1995,4,14968,12997,1971
7607,1995,5,14985,14157,828
7607,1995,6,25779,38117,-12338
7607,1995,7,14939,9157,5782
7607,1995,8,14961,11857,3104
7607,1995,9,14975,9457,5518
7607,1995,10,14992,16857,-1865
7607,1995,11,14987,12257,2730
7607,1995,12,22424,20537,1887
7607,1996,1,23857,36997,-13140
7607,1996,2,16547,10117,6430
7607,1996,3,14979,11457,3522
7607,1996,4,14987,15857,-870
7607,1996,5,14988,12157,2831
7607,1996,6,22401,24137,-1736
7607,1996,7,14985,16957,-1972
7607,1996,8,14987,9857,5130
7607,1996,9,15002,12957,2045
7607,1996,10,15005,16457,-1452
7607,1996,11,15006,11557,3449
7607,1996,12,22430,22457,-27
7607,1997,1,15193,20997,-5804
7607,1997,2,14995,11457,3538
7607,1997,3,15012,10857,4155
7607,1997,4,15024,13135,1889
7607,1997,5,15029,16435,-1406
7607,1997,6,22449,23335,-886
7607,1997,7,15011,15935,-924
7607,1997,8,15016,14735,281
7607,1997,9,15009,16795,-1786
7607,1997,10,15019,11035,3984
7607,1997,11,15027,10435,4592
7607,1997,12,22481,14275,8206
7607,1998,1,15029,30635,-15606
7607,1998,2,15019,8235,6784
7607,1998,3,15035,13315,1720
7607,1998,4,15040,16935,-1895
7607,1998,5,15047,11035,4012
7607,1998,6,22437,47215,-24778
7607,1998,7,21386,7135,14251
7607,1998,8,15018,10035,4983
7607,1998,9,15023,14935,88
7607,1998,10,15024,13735,1289
7607,1998,11,15033,14695,338
7607,1998,12,22463,16820,5643
7614,1995,2,500,0,500
7614,1995,3,40164,9600,30564
7614,1995,4,40254,22700,17554
7614,1995,5,40302,31200,9102
7614,1995,6,60329,68800,-8471
7614,1995,7,40295,57637,-17342
7614,1995,8,40243,34418,5825
7614,1995,9,40328,14115,26213
7614,1995,10,40379,27315,13064
7614,1995,11,40371,46939,-6568
7614,1995,12,60493,35215,25278
7614,1996,1,40360,87815,-47455
7614,1996,2,40343,36245,4098
7614,1996,3,40344,32367,7977
7614,1996,4,40317,62982,-22665
7614,1996,5,40324,19415,20909
7614,1996,6,60376,69516,-9140
7614,1996,7,40339,28194,12145
7614,1996,8,40385,47494,-7109
7614,1996,9,40383,34794,5589
7614,1996,10,40402,39694,708
7614,1996,11,40403,40094,309
7614,1996,12,60411,71534,-11123
7614,1997,1,40296,61494,-21198
7614,1997,2,40270,25194,15076
7614,1997,3,40333,33094,7239
7614,1997,4,40350,39494,856
7614,1997,5,40360,36794,3566
7614,1997,6,60405,61994,-1589
7614,1997,7,40363,39494,869
7614,1997,8,40365,34994,5371
7614,1997,9,40348,55494,-15146
7614,1997,10,40321,38094,2227
7614,1997,11,40312,37994,2318
7614,1997,12,60448,46894,13554
7614,1998,1,40336,73794,-33458
7614,1998,2,40222,35535,4687
7614,1998,3,40296,31694,8602
7614,1998,4,40294,36394,3900
7614,1998,5,40322,32394,7928
7614,1998,6,60359,74994,-14635
7614,1998,7,40296,27994,12302
7614,1998,8,40334,34894,5440
7614,1998,9,40348,41418,-1070
7614,1998,10,40350,33794,6556
7614,1998,11,40370,36294,4076
7614,1998,12,60417,71679,-11262
7618,1995,6,1000,0,1000
7618,1995,7,26259,0,26259
7618,1995,8,23871,11400,12471
7618,1995,9,23931,16600,7331
7618,1995,10,23960,20800,3160
7618,1995,11,23967,24130,-163
7618,1995,12,35727,58819,-23092
7618,1996,1,23772,47127,-23355
7618,1996,2,35764,25623,10141
7618,1996,3,23793,25781,-1988
7618,1996,4,30682,30,30652
7618,1996,5,23941,25051,-1110
7618,1996,6,35632,63130,-27498
7618,1996,7,26478,22999,3479
7618,1996,8,26062,12664,13398
7618,1996,9,23958,7666,16292
7618,1996,10,24024,32626,-8602
7618,1996,11,23970,29907,-5937
7618,1996,12,37710,14130,23580
7618,1997,1,23973,51330,-27357
7618,1997,2,23828,24880,-1052
7618,1997,3,23878,13330,10548
7618,1997,4,23930,15530,8400
7618,1997,5,24024,16830,7194
7618,1997,6,35855,25530,10325
7618,1997,7,24025,30230,-6205
7618,1997,8,23812,68395,-44583
7618,1997,9,23709,19530,4179
7618,1997,10,23812,29673,-5861
7618,1997,11,23716,33832,-10116
7618,1997,12,35446,18051,17395
7618,1998,1,23756,41205,-17449
7618,1998,2,23701,16042,7659
7618,1998,3,23653,15330,8323
7618,1998,4,23685,22630,1055
7618,1998,5,23697,37067,-13370
7618,1998,6,35588,22930,12658
7618,1998,7,23755,18230,5525
7618,1998,8,23733,39456,-15723
7618,1998,9,23657,14130,9527
7618,1998,10,23729,26422,-2693
7618,1998,11,27468,32842,-5374
7618,1998,12,35525,31203,4322
7632,1996,9,1000,0,1000
7632,1996,10,26587,0,26587
7632,1996,11,22282,10100,12182
7632,1996,12,33407,22300,11107
7632,1997,1,22360,22900,-540
7632,1997,2,22360,21615,745
7632,1997,3,22367,26944,-4577
7632,1997,4,22336,28344,-6008
7632,1997,5,22325,22944,-619
7632,1997,6,33388,38044,-4656
7632,1997,7,22293,21984,309
7632,1997,8,22293,25044,-2751
7632,1997,9,22279,30024,-7745
7632,1997,10,22274,14844,7430
7632,1997,11,22303,16244,6059
7632,1997,12,33395,25784,7611
7632,1998,1,22321,26875,-4554
7632,1998,2,22336,20115,2221
7632,1998,3,22322,25995,-3673
7632,1998,4,22326,16695,5631
7632,1998,5,22346,18495,3851
7632,1998,6,33452,22495,10957
7632,1998,7,22418,27495,-5077
7632,1998,8,22382,17955,4427
7632,1998,9,22399,20395,2004
7632,1998,10,22386,29435,-7049
7632,1998,11,22374,20195,2179
7632,1998,12,33450,34760,-1310
7636,1996,10,28704,0,28704
7636,1996,11,70114,0,70114
7636,1996,12,97629,105315,-7686
7636,1997,1,151,72989,-72838
7636,1997,2,18345,8317,10028
7636,1997,3,71166,13419,57747
7636,1997,4,29107,39617,-10510
7636,1997,5,157,48182,-48025
7636,1997,6,117713,83943,33770
7636,1997,7,159,36326,-36167
7636,1997,8,6891,6717,174
7636,1997,9,36127,6817,29310
7636,1997,10,9280,14217,-4937
7636,1997,11,125,24052,-23927
7636,1997,12,81410,29914,51496
7636,1998,1,11672,53817,-42145
7636,1998,2,126,6949,-6823
7636,1998,3,8427,6949,1478
7636,1998,4,10317,15949,-5632
7636,1998,5,30227,16549,13678
7636,1998,6,12038,6949,5089
7636,1998,7,18110,21649,-3539
7636,1998,8,10246,6949,3297
7636,1998,9,6259,6949,-690
7636,1998,10,10651,17749,-7098
7636,1998,11,6027,6949,-922
7636,1998,12,5315,9034,-3719
7637,1996,8,900,0,900
7637,1996,9,24163,900,23263
7637,1996,10,24245,10900,13345
7637,1996,11,24282,20500,3782
7637,1996,12,36370,26100,10270
7637,1997,1,24331,31415,-7084
7637,1997,2,24295,33299,-9004
7637,1997,3,24282,22539,1743
7637,1997,4,24286,23459,827
7637,1997,5,24296,20939,3357
7637,1997,6,36371,52619,-16248
7637,1997,7,28559,17539,11020
7637,1997,8,24292,19539,4753
7637,1997,9,24302,20639,3663
7637,1997,10,24314,24039,275
7637,1997,11,24314,24239,75
7637,1997,12,36395,32779,3616
7637,1998,1,24313,28179,-3866
7637,1998,2,24314,23419,895
7637,1998,3,24339,20639,3700
7637,1998,4,24329,24939,-610
7637,1998,5,24322,25399,-1077
7637,1998,6,44859,53699,-8840
7637,1998,7,24305,17639,6666
7637,1998,8,25136,17539,7597
7637,1998,9,24353,21339,3014
7637,1998,10,24345,29759,-5414
7637,1998,11,31767,22219,9548
7637,1998,12,40000,19724,20276
7674,1996,7,30839,0,30839
7674,1996,8,103997,57300,46697
7674,1996,9,9042,30915,-21873
7674,1996,10,92976,75375,17601
7674,1996,11,27784,43966,-16182
7674,1996,12,175,31458,-31283
7674,1997,1,53141,16475,36666
7674,1997,2,61174,55475,5699
7674,1997,3,41106,38275,2831
7674,1997,4,65061,81712,-16651
7674,1997,5,123984,91412,32572
7674,1997,6,82709,85512,-2803
7674,1997,7,40813,22312,18501
7674,1997,8,90497,151412,-60915
7674,1997,9,7756,12812,-5056
7674,1997,10,91718,19412,72306
7674,1997,11,39394,74012,-34618
7674,1997,12,123182,99400,23782
7674,1998,1,293,64312,-64019
7674,1998,2,9733,12812,-3079
7674,1998,3,49805,31830,17975
7674,1998,4,47977,28355,19622
7674,1998,5,45741,28257,17484
7674,1998,6,5068,64112,-59044
7674,1998,7,52463,49563,2900
7674,1998,8,18823,12812,6011
7674,1998,9,57757,48442,9315
7674,1998,10,9801,37077,-27276
7674,1998,11,16188,12812,3376
7674,1998,12,16704,12797,3907
7713,1996,5,600,0,600
7713,1996,6,11400,0,11400
7713,1996,7,8700,0,8700
7713,1996,8,17758,6400,11358
7713,1996,9,133,900,-767
7713,1996,10,133,3000,-2867
7713,1996,11,133,700,-567
7713,1996,12,1633,0,1633
7713,1997,1,133,2900,-2767
7713,1997,2,14949,3900,11049
7713,1997,3,157,3100,-2943
7713,1997,4,157,3900,-3743
7713,1997,5,557,0,557
7713,1997,6,68591,35800,32791
7713,1997,7,267,19500,-19233
7713,1997,8,32560,8930,23630
7713,1997,9,210,29548,-29338
7713,1997,10,1209,17709,-16500
7713,1997,11,53166,12948,40218
7713,1997,12,25724,53808,-28084
7713,1998,1,21554,38048,-16494
7713,1998,2,32922,20048,12874
7713,1998,3,19417,12122,7295
7713,1998,4,2480,25022,-22542
7713,1998,5,31150,12122,19028
7713,1998,6,17797,22722,-4925
7713,1998,7,28911,34133,-5222
7713,1998,8,70741,19722,51019
7713,1998,9,7442,48853,-41411
7713,1998,10,32082,22622,9460
7713,1998,11,76658,91402,-14744
7713,1998,12,112744,55888,56856
7721,1997,7,23800,0,23800
7721,1997,8,22894,800,22094
7721,1997,9,22959,9600,13359
7721,1997,10,22988,35700,-12712
7721,1997,11,22974,22615,359
7721,1997,12,34339,31915,2424
7721,1998,1,35735,66415,-30680
7721,1998,2,22851,10215,12636
7721,1998,3,22888,23692,-804
7721,1998,4,22906,16015,6891
7721,1998,5,22919,18815,4104
7721,1998,6,34278,39710,-5432
7721,1998,7,22926,13903,9023
7721,1998,8,22958,19403,3555
7721,1998,9,22932,32551,-9619
7721,1998,10,22930,20403,2527
7721,1998,11,22936,24103,-1167
7721,1998,12,34338,9771,24567
7733,1996,7,43095,0,43095
7733,1996,8,43043,12900,30143
7733,1996,9,43145,21900,21245
7733,1996,10,43202,35400,7802
7733,1996,11,43224,68930,-25706
7733,1996,12,64533,73299,-8766
7733,1997,1,43001,65073,-22072
7733,1997,2,43048,15230,27818
7733,1997,3,43084,32130,10954
7733,1997,4,43143,66168,-23025
7733,1997,5,43092,41557,1535
7733,1997,6,64509,25630,38879
7733,1997,7,43203,62823,-19620
7733,1997,8,43056,79738,-36682
7733,1997,9,43012,26930,16082
7733,1997,10,43059,46730,-3671
7733,1997,11,43092,38043,5049
7733,1997,12,64560,53252,11308
7733,1998,1,45406,85999,-40593
7733,1998,2,42977,29630,13347
7733,1998,3,43074,19630,23444
7733,1998,4,43151,39842,3309
7733,1998,5,46758,69780,-23022
7733,1998,6,64475,56866,7609
7733,1998,7,43109,31366,11743
7733,1998,8,43123,52234,-9111
7733,1998,9,43086,36683,6403
7733,1998,10,43140,30766,12374
7733,1998,11,43157,50888,-7731
7733,1998,12,64544,61567,2977
7745,1996,11,700,0,700
7745,1996,12,12400,0,12400
7745,1997,1,48655,21200,27455
7745,1997,2,38781,28100,10681
7745,1997,3,14510,22000,-7490
7745,1997,4,78893,62515,16378
7745,1997,5,33411,56480,-23069
7745,1997,6,31411,14575,16836
7745,1997,7,26867,46376,-19509
7745,1997,8,2401,12075,-9674
7745,1997,9,8087,12475,-4388
7745,1997,10,7872,12575,-4703
7745,1997,11,52464,33175,19289
7745,1997,12,5200,14175,-8975
7745,1998,1,37975,41729,-3754
7745,1998,2,12174,12329,-155
7745,1998,3,66367,15529,50838
7745,1998,4,88442,79429,9013
7745,1998,5,13787,54935,-41148
7745,1998,6,129006,122629,6377
7745,1998,7,123030,120165,2865
7745,1998,8,13819,17129,-3310
7745,1998,9,107130,82729,24401
7745,1998,10,3281,47880,-44599
7745,1998,11,34820,35499,-679
7745,1998,12,50939,26114,24825
7753,1993,2,47386,0,47386
7753,1993,3,44218,12000,32218
7753,1993,4,59861,66715,-6854
7753,1993,5,62317,49033,13284
7753,1993,6,38521,82215,-43694
7753,1993,7,106323,74624,31699
7753,1993,8,115589,132849,-17260
7753,1993,9,58979,52125,6854
7753,1993,10,26530,22615,3915
7753,1993,11,25761,55858,-30097
7753,1993,12,115019,87804,27215
7753,1994,1,155,42115,-41960
7753,1994,2,27408,2415,24993
7753,1994,3,167,11669,-11502
7753,1994,4,134,7369,-7235
7753,1994,5,111,3469,-3358
7753,1994,6,106,2169,-2063
7753,1994,7,1596,2169,-573
7753,1994,8,5504,2169,3335
7753,1994,9,2409,2169,240
7753,1994,10,13395,4869,8526
7753,1994,11,7006,15369,-8363
7753,1994,12,5411,2169,3242
7753,1995,1,5698,12369,-6671
7753,1995,2,8097,2169,5928
7753,1995,3,4717,4869,-152
7753,1995,4,7610,4569,3041
7753,1995,5,6534,2169,4365
7753,1995,6,5944,8838,-2894
7753,1995,7,8612,11706,-3094
7753,1995,8,6914,6069,845
7753,1995,9,21661,7769,13892
7753,1995,10,184,3269,-3085
7753,1995,11,49291,30369,18922
7753,1995,12,47058,62349,-15291
7753,1996,1,34371,51569,-17198
7753,1996,2,9311,12669,-3358
7753,1996,3,47893,15769,32124
7753,1996,4,121272,71215,50057
7753,1996,5,77657,159304,-81647
7753,1996,6,85259,23215,62044
7753,1996,7,63271,77915,-14644
7753,1996,8,87777,114015,-26238
7753,1996,9,176,10715,-10539
7753,1996,10,95789,67515,28274
7753,1996,11,82292,91015,-8723
7753,1996,12,171360,130115,41245
7753,1997,1,63334,130315,-66981
7753,1997,2,4324,2615,1709
7753,1997,3,37704,22815,14889
7753,1997,4,61680,47215,14465
7753,1997,5,37051,23015,14036
7753,1997,6,120318,117215,3103
7753,1997,7,35867,47015,-11148
7753,1997,8,44903,32115,12788
7753,1997,9,57466,69715,-12249
7753,1997,10,125099,90415,34684
7753,1997,11,331,38515,-38184
7753,1997,12,183,35515,-35332
7753,1998,1,75549,32215,43334
7753,1998,2,210,38115,-37905
7753,1998,3,87695,42412,45283
7753,1998,4,243,42816,-42573
7753,1998,5,42923,37205,5718
7753,1998,6,177234,145130,32104
7753,1998,7,67306,73570,-6264
7753,1998,8,216298,214076,2222
7753,1998,9,43670,36677,6993
7753,1998,10,210,38415,-38205
7753,1998,11,18246,26015,-7769
7753,1998,12,72867,44664,28203
7765,1994,7,500,0,500
7765,1994,8,73747,0,73747
7765,1994,9,309,25700,-25391
7765,1994,10,309,12300,-11991
7765,1994,11,309,8700,-8391
7765,1994,12,309,900,-591
7765,1995,1,309,3700,-3391
7765,1995,2,16349,6000,10349
7765,1995,3,47704,45700,2004
7765,1995,4,86,20821,-20735
7765,1995,5,5357,10247,-4890
7765,1995,6,30074,15247,14827
7765,1995,7,37545,14047,23498
7765,1995,8,126,24847,-24721
7765,1995,9,35403,25147,10256
7765,1995,10,91,15747,-15656
7765,1995,11,37670,24294,13376
7765,1995,12,25347,16779,8568
7765,1996,1,44734,61279,-16545
7765,1996,2,76,10579,-10503
7765,1996,3,18947,10579,8368
7765,1996,4,10568,10579,-11
7765,1996,5,9268,10579,-1311
7765,1996,6,9663,10579,-916
7765,1996,7,10791,10579,212
7765,1996,8,9162,10579,-1417
7765,1996,9,7156,10579,-3423
7765,1996,10,17144,10579,6565
7765,1996,11,8470,10579,-2109
7765,1996,12,12257,10747,1510
7765,1997,1,11060,12847,-1787
7765,1997,2,10273,11147,-874
7765,1997,3,38263,17147,21116
7765,1997,4,150,11347,-11197
7765,1997,5,19693,10447,9246
7765,1997,6,33002,29047,3955
7765,1997,7,100185,96347,3838
7765,1997,8,80772,42447,38325
7765,1997,9,21373,28947,-7574
7765,1997,10,39141,71947,-32806
7765,1997,11,5468,9947,-4479
7765,1997,12,7226,14147,-6921
7765,1998,1,53818,51747,2071
7765,1998,2,54245,29747,24498
7765,1998,3,82171,85854,-3683
7765,1998,4,67704,46647,21057
7765,1998,5,26836,36147,-9311
7765,1998,6,70564,100905,-30341
7765,1998,7,31291,10847,20444
7765,1998,8,27173,27447,-274
7765,1998,9,33127,24647,8480
7765,1998,10,150391,139847,10544
7765,1998,11,96729,93947,2782
7765,1998,12,274,24750,-24476
7769,1993,10,63906,0,63906
7769,1993,11,53335,21400,31935
7769,1993,12,6365,45415,-39050
7769,1994,1,34130,51078,-16948
7769,1994,2,53937,33754,20183
7769,1994,3,125,33815,-33690
7769,1994,4,10921,5015,5906
7769,1994,5,138615,128815,9800
7769,1994,6,157970,141925,16045
7769,1994,7,38227,37400,827
7769,1994,8,45230,40000,5230
7769,1994,9,50407,73246,-22839
7769,1994,10,79482,53048,26434
7769,1994,11,252,26000,-25748
7769,1994,12,112561,86000,26561
7769,1995,1,250,43456,-43206
7769,1995,2,403,4100,-3697
7769,1995,3,787,4100,-3313
7769,1995,4,73455,46530,26925
7769,1995,5,175,15900,-15725
7769,1995,6,117,6400,-6283
7769,1995,7,90,6600,-6510
7769,1995,8,26777,4100,22677
7769,1995,9,24998,35510,-10512
7769,1995,10,111,7000,-6889
7769,1995,11,886,4100,-3214
7769,1995,12,30021,12800,17221
7769,1996,1,72474,14701,57773
7769,1996,2,26131,68400,-42269
7769,1996,3,73771,38700,35071
7769,1996,4,57099,76000,-18901
7769,1996,5,20320,38336,-18016
7769,1996,6,52036,23358,28678
7769,1996,7,60705,76200,-15495
7769,1996,8,106335,93624,12711
7769,1996,9,87918,106900,-18982
7769,1996,10,66525,24400,42125
7769,1996,11,23697,36000,-12303
7769,1996,12,88074,84300,3774
7769,1997,1,94304,121848,-27544
7769,1997,2,194,35084,-34890
7769,1997,3,90098,33400,56698
7769,1997,4,48643,56146,-7503
7769,1997,5,48920,35597,13323
7769,1997,6,26169,55379,-29210
7769,1997,7,21562,27500,-5938
7769,1997,8,37348,16700,20648
7769,1997,9,236,47115,-46879
7769,1997,10,33137,35275,-2138
7769,1997,11,48908,23735,25173
7769,1997,12,16623,16200,423
7769,1998,1,2049,21200,-19151
7769,1998,2,49982,28600,21382
7769,1998,3,86619,64900,21719
7769,1998,4,68120,34700,33420
7769,1998,5,316,53816,-53500
7769,1998,6,13427,30315,-16888
7769,1998,7,84273,28415,55858
7769,1998,8,36090,15315,20775
7769,1998,9,13665,31815,-18150
7769,1998,10,361,15915,-15554
7769,1998,11,137813,137615,198
7769,1998,12,6815,45373,-38558
7774,1993,9,9047,0,9047
7774,1993,10,84800,12054,72746
7774,1993,11,46993,73100,-26107
7774,1993,12,59159,32100,27059
7774,1994,1,21486,101682,-80196
7774,1994,2,10010,100,9910
7774,1994,3,14897,14500,397
7774,1994,4,83781,12300,71481
7774,1994,5,488,45689,-45201
7774,1994,6,302,9800,-9498
7774,1994,7,908,29593,-28685
7774,1994,8,15102,107,14995
7774,1994,9,42013,19526,22487
7774,1994,10,16383,7200,9183
7774,1994,11,48357,31300,17057
7774,1994,12,47793,66510,-18717
7774,1995,1,1206,44500,-43294
7774,1995,2,48650,19992,28658
7774,1995,3,18236,11397,6839
7774,1995,4,75399,61296,14103
7774,1995,5,326,18729,-18403
7774,1995,6,66477,100,66377
7774,1995,7,802,30800,-29998
7774,1995,8,44030,81400,-37370
7774,1995,9,160377,104770,55607
7774,1995,10,70141,90457,-20316
7774,1995,11,27065,28856,-1791
7774,1995,12,350,33000,-32650
7774,1996,1,9343,34300,-24957
7774,1996,2,19120,100,19020
7774,1996,3,8128,12496,-4368
7774,1996,4,12883,100,12783
7774,1996,5,18644,12700,5944
7774,1996,6,8308,11222,-2914
7774,1996,7,15348,16600,-1252
7774,1996,8,5571,10554,-4983
7774,1996,9,28761,20155,8606
7774,1996,10,11868,18100,-6232
7774,1996,11,20464,24588,-4124
7774,1996,12,14135,5500,8635
7774,1997,1,63105,68106,-5001
7774,1997,2,42371,25087,17284
7774,1997,3,31645,17400,14245
7774,1997,4,11350,10600,750
7774,1997,5,8990,12768,-3778
7774,1997,6,38473,28900,9573
7774,1997,7,42748,35843,6905
7774,1997,8,42087,52600,-10513
7774,1997,9,14683,37143,-22460
7774,1997,10,37933,38801,-868
7774,1997,11,19513,100,19413
7774,1997,12,55167,19235,35932
7774,1998,1,24067,53200,-29133
7774,1998,2,16400,10686,5714
7774,1998,3,51461,56840,-5379
7774,1998,4,8532,100,8432
7774,1998,5,30043,26920,3123
7774,1998,6,46311,40850,5461
7774,1998,7,664,1700,-1036
7774,1998,8,30192,16142,14050
7774,1998,9,32191,43066,-10875
7774,1998,10,3032,8208,-5176
7774,1998,11,47451,71172,-23721
7774,1998,12,28950,44121,-15171
7795,1995,1,9625,0,9625
7795,1995,2,64528,15,64513
7795,1995,3,227,41115,-40888
7795,1995,4,80565,31095,49470
7795,1995,5,46217,50079,-3862
7795,1995,6,80516,95219,-14703
7795,1995,7,130506,139715,-9209
7795,1995,8,73991,51315,22676
7795,1995,9,49000,59258,-10258
7795,1995,10,5499,23415,-17916
7795,1995,11,83430,37028,46402
7795,1995,12,21375,74588,-53213
7795,1996,1,80909,80815,94
7795,1996,2,27012,28215,-1203
7795,1996,3,171625,137215,34410
7795,1996,4,106829,117915,-11086
7795,1996,5,68649,77915,-9266
7795,1996,6,74450,69115,5335
7795,1996,7,68786,88616,-19830
7795,1996,8,40144,37615,2529
7795,1996,9,45068,20515,24553
7795,1996,10,243,21615,-21372
7795,1996,11,55165,38817,16348
7795,1996,12,225,26517,-26292
7795,1997,1,87336,60117,27219
7795,1997,2,156,40069,-39913
7795,1997,3,2497,6217,-3720
7795,1997,4,43703,6217,37486
7795,1997,5,10479,30231,-19752
7795,1997,6,30443,35636,-5193
7795,1997,7,43978,20917,23061
7795,1997,8,133531,83017,50514
7795,1997,9,375,38717,-38342
7795,1997,10,252,21117,-20865
7795,1997,11,48831,22917,25914
7795,1997,12,17744,22817,-5073
7795,1998,1,24119,48517,-24398
7795,1998,2,55169,26517,28652
7795,1998,3,7570,37617,-30047
7795,1998,4,143929,83117,60812
7795,1998,5,100970,122217,-21247
7795,1998,6,62557,74517,-11960
7795,1998,7,81249,72917,8332
7795,1998,8,52986,76817,-23831
7795,1998,9,73098,29475,43623
7795,1998,10,44880,63317,-18437
7795,1998,11,64820,85117,-20297
7795,1998,12,19972,6202,13770
7815,1995,4,85245,0,85245
7815,1995,5,146594,188702,-42108
7815,1995,6,59590,54870,4720
7815,1995,7,67034,33570,33464
7815,1995,8,42266,41375,891
7815,1995,9,36308,62000,-25692
7815,1995,10,9613,34070,-24457
7815,1995,11,58987,15570,43417
7815,1995,12,54123,40970,13153
7815,1996,1,43534,89474,-45940
7815,1996,2,118,20074,-19956
7815,1996,3,2872,11874,-9002
7815,1996,4,67507,11874,55633
7815,1996,5,55919,35874,20045
7815,1996,6,34408,88074,-53666
7815,1996,7,26543,17174,9369
7815,1996,8,21462,35796,-14334
7815,1996,9,8955,14974,-6019
7815,1996,10,13499,11874,1625
7815,1996,11,83514,49274,34240
7815,1996,12,51102,53674,-2572
7815,1997,1,4823,34674,-29851
7815,1997,2,11889,11874,15
7815,1997,3,44948,25474,19474
7815,1997,4,80580,35274,45306
7815,1997,5,44960,82174,-37214
7815,1997,6,24642,38374,-13732
7815,1997,7,11790,28643,-16853
7815,1997,8,44352,25974,18378
7815,1997,9,85793,82774,3019
7815,1997,10,56986,23474,33512
7815,1997,11,290,21674,-21384
7815,1997,12,5992,31993,-26001
7815,1998,1,15097,16570,-1473
7815,1998,2,10305,13570,-3265
7815,1998,3,9078,13570,-4492
7815,1998,4,9485,12570,-3085
7815,1998,5,24627,11570,13057
7815,1998,6,45257,26173,19084
7815,1998,7,42678,21770,20908
7815,1998,8,251,27070,-26819
7815,1998,9,161,12270,-12109
7815,1998,10,24996,11570,13426
7815,1998,11,3561,12770,-9209
7815,1998,12,10911,25940,-15029
7819,1993,8,15760,0,15760
7819,1993,9,9101,0,9101
7819,1993,10,8938,6400,2538
7819,1993,11,8948,7600,1348
7819,1993,12,13389,10215,3174
7819,1994,1,10827,23518,-12691
7819,1994,2,10020,6118,3902
7819,1994,3,8935,8118,817
7819,1994,4,9639,6218,3421
7819,1994,5,9244,10918,-1674
7819,1994,6,16932,25918,-8986
7819,1994,7,12012,6118,5894
7819,1994,8,10021,12018,-1997
7819,1994,9,8923,7418,1505
7819,1994,10,8931,7218,1713
7819,1994,11,8935,8418,517
7819,1994,12,13359,13218,141
7819,1995,1,13703,20318,-6615
7819,1995,2,8914,6352,2562
7819,1995,3,9726,6152,3574
7819,1995,4,9239,7052,2187
7819,1995,5,8947,7452,1495
7819,1995,6,13366,12752,614
7819,1995,7,8951,11152,-2201
7819,1995,8,8947,6752,2195
7819,1995,9,8956,6852,2104
7819,1995,10,8952,11852,-2900
7819,1995,11,8947,8852,95
7819,1995,12,13371,12552,819
7819,1996,1,11221,19152,-7931
7819,1996,2,8918,10452,-1534
7819,1996,3,8906,11952,-3046
7819,1996,4,9799,10552,-753
7819,1996,5,10605,6152,4453
7819,1996,6,13341,9852,3489
7819,1996,7,8920,13152,-4232
7819,1996,8,8905,11652,-2747
7819,1996,9,8896,10252,-1356
7819,1996,10,8895,8352,543
7819,1996,11,8893,9752,-859
7819,1996,12,13313,13252,61
7819,1997,1,9095,7752,1343
7819,1997,2,11812,6152,5660
7819,1997,3,8906,14752,-5846
7819,1997,4,8905,6152,2753
7819,1997,5,8915,6152,2763
7819,1997,6,13355,6152,7203
7819,1997,7,8936,14752,-5816
7819,1997,8,8933,6152,2781
7819,1997,9,8926,12252,-3326
7819,1997,10,8918,10052,-1134
7819,1997,11,8923,7352,1571
7819,1997,12,13359,7452,5907
7819,1998,1,8918,20152,-11234
7819,1998,2,8909,6152,2757
7819,1998,3,8914,8352,562
7819,1998,4,8910,9752,-842
7819,1998,5,8920,6152,2768
7819,1998,6,13359,6152,7207
7819,1998,7,8951,8752,199
7819,1998,8,8962,6152,2810
7819,1998,9,8901,24952,-16051
7819,1998,10,8907,6152,2755
7819,1998,11,8904,9652,-748
7819,1998,12,13339,7837,5502
7824,1994,5,600,0,600
7824,1994,6,11500,0,11500
7824,1994,7,6900,0,6900
7824,1994,8,1300,0,1300
7824,1994,9,2200,0,2200
7824,1994,10,2400,0,2400
7824,1994,11,0,3100,-3100
7824,1994,12,200,0,200
7824,1995,1,1500,0,1500
7824,1995,2,47996,3000,44996
7824,1995,3,285,22400,-22115
7824,1995,4,285,15700,-15415
7824,1995,5,20232,19500,732
7824,1995,6,42439,11100,31339
7824,1995,7,7938,42475,-34537
7824,1995,8,69,19700,-19631
7824,1995,9,5322,11600,-6278
7824,1995,10,4,3703,-3699
7824,1995,11,40591,1550,39041
7824,1995,12,71152,37615,33537
7824,1996,1,138,51900,-51762
7824,1996,2,32699,15800,16899
7824,1996,3,67,29000,-28933
7824,1996,4,84685,30900,53785
7824,1996,5,149,38700,-38551
7824,1996,6,47,14296,-14249
7824,1996,7,26,3696,-3670
7824,1996,8,52545,26900,25645
7824,1996,9,39,27900,-27861
7824,1996,10,4,3703,-3699
7824,1996,11,0,1551,-1551
7824,1996,12,0,42,-42
7824,1997,1,81260,57764,23496
7824,1997,2,113162,46796,66366
7824,1997,3,35269,54096,-18827
7824,1997,4,30072,46496,-16424
7824,1997,5,103729,123640,-19911
7824,1997,6,79849,78499,1350
7824,1997,7,69361,86286,-16925
7824,1997,8,78185,73297,4888
7824,1997,9,14116,13096,1020
7824,1997,10,95949,91984,3965
7824,1997,11,91,9996,-9905
7824,1997,12,29801,10796,19005
7824,1998,1,39769,49696,-9927
7824,1998,2,61400,63396,-1996
7824,1998,3,58610,66265,-7655
7824,1998,4,17716,12096,5620
7824,1998,5,35719,11796,23923
7824,1998,6,81,35096,-35015
7824,1998,7,33,3696,-3663
7824,1998,8,107080,63196,43884
7824,1998,9,75092,98252,-23160
7824,1998,10,107792,104296,3496
7824,1998,11,71,20587,-20516
7824,1998,12,49714,31522,18192
7828,1996,1,600,0,600
7828,1996,2,20237,0,20237
7828,1996,3,6677,0,6677
7828,1996,4,5830,1100,4730
7828,1996,5,5864,1700,4164
7828,1996,6,8572,44175,-35603
7828,1996,7,20620,4015,16605
7828,1996,8,13583,7955,5628
7828,1996,9,7670,9755,-2085
7828,1996,10,14712,3315,11397
7828,1996,11,5864,3815,2049
7828,1996,12,8682,9735,-1053
7828,1997,1,17883,25955,-8072
7828,1997,2,9684,4415,5269
7828,1997,3,10626,7395,3231
7828,1997,4,8646,4015,4631
7828,1997,5,5868,4815,1053
7828,1997,6,21228,33195,-11967
7828,1997,7,13603,11775,1828
7828,1997,8,6930,4215,2715
7828,1997,9,7158,3015,4143
7828,1997,10,5878,8415,-2537
7828,1997,11,5843,4695,1148
7828,1997,12,8666,9975,-1309
7828,1998,1,22511,27455,-4944
7828,1998,2,15594,8135,7459
7828,1998,3,12694,3615,9079
7828,1998,4,14359,6515,7844
7828,1998,5,7109,3915,3194
7828,1998,6,15550,32975,-17425
7828,1998,7,13937,8615,5322
7828,1998,8,7358,3815,3543
7828,1998,9,6453,2915,3538
7828,1998,10,7569,5555,2014
7828,1998,11,6894,7815,-921
7828,1998,12,8795,7360,1435
7844,1993,11,1000,0,1000
7844,1993,12,47935,12500,35435
7844,1994,1,32097,23700,8397
7844,1994,2,32127,27400,4727
7844,1994,3,32144,30600,1544
7844,1994,4,32135,49662,-17527
7844,1994,5,32122,27901,4221
7844,1994,6,48184,37375,10809
7844,1994,7,32172,52764,-20592
7844,1994,8,32111,18631,13480
7844,1994,9,32158,24831,7327
7844,1994,10,32176,34431,-2255
7844,1994,11,32173,26631,5542
7844,1994,12,48156,54827,-6671
7844,1995,1,33377,53631,-20254
7844,1995,2,32091,18731,13360
7844,1995,3,33381,39758,-6377
7844,1995,4,32103,39168,-7065
7844,1995,5,32098,21231,10867
7844,1995,6,48108,37831,10277
7844,1995,7,32159,29250,2909
7844,1995,8,32161,32631,-470
7844,1995,9,32161,33131,-970
7844,1995,10,32159,37469,-5310
7844,1995,11,32116,47433,-15317
7844,1995,12,48083,32431,15652
7844,1996,1,32117,49531,-17414
7844,1996,2,32083,17531,14552
7844,1996,3,32123,33474,-1351
7844,1996,4,32116,27031,5085
7844,1996,5,32142,24731,7411
7844,1996,6,48108,66231,-18123
7844,1996,7,32102,24615,7487
7844,1996,8,32090,43548,-11458
7844,1996,9,32077,24415,7662
7844,1996,10,32102,27415,4687
7844,1996,11,32116,32322,-206
7844,1996,12,48090,47339,751
7844,1997,1,32084,52015,-19931
7844,1997,2,32065,26415,5650
7844,1997,3,32090,20115,11975
7844,1997,4,32097,39615,-7518
7844,1997,5,32099,22815,9284
7844,1997,6,48106,43415,4691
7844,1997,7,32126,33315,-1189
7844,1997,8,32130,30115,2015
7844,1997,9,32117,39115,-6998
7844,1997,10,32096,34515,-2419
7844,1997,11,32104,28515,3589
7844,1997,12,48139,58715,-10576
7844,1998,1,32129,24615,7514
7844,1998,2,32141,18715,13426
7844,1998,3,32115,41015,-8900
7844,1998,4,32141,39198,-7057
7844,1998,5,32132,17215,14917
7844,1998,6,48119,68915,-20796
7844,1998,7,32083,36733,-4650
7844,1998,8,32081,19589,12492
7844,1998,9,32113,25215,6898
7844,1998,10,32093,41154,-9061
7844,1998,11,32140,40331,-8191
7844,1998,12,48093,6500,41593
7857,1993,8,38523,0,38523
7857,1993,9,38362,6400,31962
7857,1993,10,38453,20900,17553
7857,1993,11,38487,34100,4387
7857,1993,12,57442,81294,-23852
7857,1994,1,38283,80720,-42437
7857,1994,2,38269,16151,22118
7857,1994,3,38334,26451,11883
7857,1994,4,38261,74273,-36012
7857,1994,5,38488,32959,5529
7857,1994,6,57415,37351,20064
7857,1994,7,38321,56468,-18147
7857,1994,8,38276,37770,506
7857,1994,9,38274,41337,-3063
7857,1994,10,38294,30051,8243
7857,1994,11,38290,41997,-3707
7857,1994,12,57366,50977,6389
7857,1995,1,38247,52851,-14604
7857,1995,2,38287,24327,13960
7857,1995,3,38332,30427,7905
7857,1995,4,38355,35770,2585
7857,1995,5,38348,43874,-5526
7857,1995,6,57409,54950,2459
7857,1995,7,38342,40427,-2085
7857,1995,8,38330,55389,-17059
7857,1995,9,38280,25627,12653
7857,1995,10,38304,36327,1977
7857,1995,11,38311,39627,-1316
7857,1995,12,57419,46027,11392
7857,1996,1,38296,60427,-22131
7857,1996,2,38273,27951,10322
7857,1996,3,38319,32051,6268
7857,1996,4,38347,34051,4296
7857,1996,5,38351,37051,1300
7857,1996,6,57457,46051,11406
7857,1996,7,38388,42751,-4363
7857,1996,8,38325,62367,-24042
7857,1996,9,38298,31251,7047
7857,1996,10,38311,34351,3960
7857,1996,11,38325,30551,7774
7857,1996,12,57395,73980,-16585
7857,1997,1,38259,49051,-10792
7857,1997,2,38253,24251,14002
7857,1997,3,38306,34351,3955
7857,1997,4,38287,40479,-2192
7857,1997,5,38290,38151,139
7857,1997,6,57342,67547,-10205
7857,1997,7,38223,43524,-5301
7857,1997,8,38228,33547,4681
7857,1997,9,38268,39289,-1021
7857,1997,10,38282,24351,13931
7857,1997,11,38299,33851,4448
7857,1997,12,57373,56151,1222
7857,1998,1,38277,57451,-19174
7857,1998,2,47692,35299,12393
7857,1998,3,38321,29251,9070
7857,1998,4,38306,41451,-3145
7857,1998,5,38302,39051,-749
7857,1998,6,60002,44464,15538
7857,1998,7,38409,21751,16658
7857,1998,8,38441,49328,-10887
7857,1998,9,38420,30051,8369
7857,1998,10,38441,37085,1356
7857,1998,11,38467,23051,15416
7857,1998,12,57500,73636,-16136
7859,1995,3,1000,0,1000
7859,1995,4,36154,5700,30454
7859,1995,5,36293,20400,15893
7859,1995,6,54434,9500,44934
7859,1995,7,36459,30500,5959
7859,1995,8,36427,54089,-17662
7859,1995,9,36409,31515,4894
7859,1995,10,36412,32715,3697
7859,1995,11,36408,61586,-25178
7859,1995,12,54437,19315,35122
7859,1996,1,36442,40215,-3773
7859,1996,2,36444,34015,2429
7859,1996,3,36438,37815,-1377
7859,1996,4,36419,40315,-3896
7859,1996,5,36462,30415,6047
7859,1996,6,54421,94015,-39594
7859,1996,7,36327,36455,-128
7859,1996,8,36366,17715,18651
7859,1996,9,36337,46116,-9779
7859,1996,10,36388,19315,17073
7859,1996,11,36450,22215,14235
7859,1996,12,54419,87125,-32706
7859,1997,1,36350,36666,-316
7859,1997,2,36399,8525,27874
7859,1997,3,36482,22425,14057
7859,1997,4,36461,52544,-16083
7859,1997,5,36451,57029,-20578
7859,1997,6,54395,93757,-39362
7859,1997,7,45365,26931,18434
7859,1997,8,36341,20625,15716
7859,1997,9,36403,27525,8878
7859,1997,10,36400,40693,-4293
7859,1997,11,36358,50460,-14102
7859,1997,12,54420,40400,14020
7859,1998,1,36364,42929,-6565
7859,1998,2,36390,22915,13475
7859,1998,3,36439,41215,-4776
7859,1998,4,36421,36115,306
7859,1998,5,36420,25250,11170
7859,1998,6,54395,96615,-42220
7859,1998,7,36303,11015,25288
7859,1998,8,36358,29015,7343
7859,1998,9,36415,27515,8900
7859,1998,10,36456,29115,7341
7859,1998,11,36469,34415,2054
7859,1998,12,54577,22900,31677
7861,1995,4,700,0,700
7861,1995,5,20019,0,20019
7861,1995,6,27845,12000,15845
7861,1995,7,18648,15200,3448
7861,1995,8,18661,16300,2361
7861,1995,9,18668,18115,553
7861,1995,10,18654,24299,-5645
7861,1995,11,18646,17179,1467
7861,1995,12,27912,20219,7693
7861,1996,1,18654,36119,-17465
7861,1996,2,18622,10679,7943
7861,1996,3,18644,17859,785
7861,1996,4,18647,15659,2988
7861,1996,5,18652,20779,-2127
7861,1996,6,27896,23879,4017
7861,1996,7,18668,15979,2689
7861,1996,8,18693,15779,2914
7861,1996,9,22013,9579,12434
7861,1996,10,18751,12279,6472
7861,1996,11,18756,17979,777
7861,1996,12,28037,19659,8378
7861,1997,1,18764,34879,-16115
7861,1997,2,20558,9579,10979
7861,1997,3,20188,14859,5329
7861,1997,4,18804,16879,1925
7861,1997,5,18809,17179,1630
7861,1997,6,28064,45959,-17895
7861,1997,7,18761,10179,8582
7861,1997,8,18771,19139,-368
7861,1997,9,18789,13479,5310
7861,1997,10,18808,13079,5729
7861,1997,11,18794,29179,-10385
7861,1997,12,28048,15679,12369
7861,1998,1,18776,43859,-25083
7861,1998,2,21052,9579,11473
7861,1998,3,18788,11279,7509
7861,1998,4,18799,16879,1920
7861,1998,5,18793,21179,-2386
7861,1998,6,28064,25619,2445
7861,1998,7,18789,21759,-2970
7861,1998,8,18789,21259,-2470
7861,1998,9,18781,17279,1502
7861,1998,10,18786,17672,1114
7861,1998,11,18802,14372,4430
7861,1998,12,28075,18537,9538
7890,1996,3,300,0,300
7890,1996,4,14469,0,14469
7890,1996,5,10428,0,10428
7890,1996,6,9798,2400,7398
7890,1996,7,6593,6200,393
7890,1996,8,6591,11119,-4528
7890,1996,9,6576,9019,-2443
7890,1996,10,6562,9919,-3357
7890,1996,11,7948,10219,-2271
7890,1996,12,9782,11019,-1237
7890,1997,1,6541,9119,-2578
7890,1997,2,7835,5819,2016
7890,1997,3,8324,10819,-2495
7890,1997,4,11132,6319,4813
7890,1997,5,7248,6119,1129
7890,1997,6,9790,6319,3471
7890,1997,7,6567,7119,-552
7890,1997,8,6659,7919,-1260
7890,1997,9,9667,5519,4148
7890,1997,10,6576,8319,-1743
7890,1997,11,8968,7972,996
7890,1997,12,12295,15172,-2877
7890,1998,1,10351,14572,-4221
7890,1998,2,16865,5972,10893
7890,1998,3,11996,10572,1424
7890,1998,4,9601,5972,3629
7890,1998,5,9917,5972,3945
7890,1998,6,13836,31872,-18036
7890,1998,7,17878,5972,11906
7890,1998,8,17715,9972,7743
7890,1998,9,10140,5972,4168
7890,1998,10,11166,5972,5194
7890,1998,11,9478,5972,3506
7890,1998,12,13918,10857,3061
7894,1996,4,104523,36900,67623
7894,1996,5,86310,107600,-21290
7894,1996,6,47678,42801,4877
7894,1996,7,25189,46476,-21287
7894,1996,8,105630,52452,53178
7894,1996,9,116190,118900,-2710
7894,1996,10,106975,109217,-2242
7894,1996,11,235,32500,-32265
7894,1996,12,138,21500,-21362
7894,1997,1,86940,49800,37140
7894,1997,2,15149,22800,-7651
7894,1997,3,67828,26700,41128
7894,1997,4,45970,113550,-67580
7894,1997,5,61298,19300,41998
7894,1997,6,10947,52627,-41680
7894,1997,7,18869,10900,7969
7894,1997,8,45750,13100,32650
7894,1997,9,44623,45419,-796
7894,1997,10,89330,111707,-22377
7894,1997,11,13065,11754,1311
7894,1997,12,14733,15654,-921
7894,1998,1,12308,29154,-16846
7894,1998,2,15591,11754,3837
7894,1998,3,57577,45711,11866
7894,1998,4,62565,45154,17411
7894,1998,5,219,30293,-30074
7894,1998,6,8797,14154,-5357
7894,1998,7,33935,20454,13481
7894,1998,8,56963,34642,22321
7894,1998,9,66125,58389,7736
7894,1998,10,11798,22154,-10356
7894,1998,11,26086,28454,-2368
7894,1998,12,7763,20539,-12776
7907,1996,7,19575,0,19575
7907,1996,8,2982,0,2982
7907,1996,9,12116,2700,9416
7907,1996,10,131132,114751,16381
7907,1996,11,25932,31342,-5410
7907,1996,12,48101,43842,4259
7907,1997,1,44275,68142,-23867
7907,1997,2,15520,14342,1178
7907,1997,3,15157,13142,2015
7907,1997,4,11395,12442,-1047
7907,1997,5,25009,15442,9567
7907,1997,6,3625,16242,-12617
7907,1997,7,11981,15842,-3861
7907,1997,8,14077,12442,1635
7907,1997,9,16571,14458,2113
7907,1997,10,12874,14458,-1584
7907,1997,11,17577,14458,3119
7907,1997,12,32936,19758,13178
7907,1998,1,102488,41158,61330
7907,1998,2,27423,36984,-9561
7907,1998,3,68444,59669,8775
7907,1998,4,33849,49158,-15309
7907,1998,5,12846,22158,-9312
7907,1998,6,30955,17458,13497
7907,1998,7,267,31793,-31526
7907,1998,8,58161,23158,35003
7907,1998,9,154984,162642,-7658
7907,1998,10,74956,73142,1814
7907,1998,11,39414,25142,14272
7907,1998,12,331,39869,-39538
7926,1996,6,62319,0,62319
7926,1996,7,40828,20300,20528
7926,1996,8,37228,39230,-2002
7926,1996,9,50426,48830,1596
7926,1996,10,124976,113835,11141
7926,1996,11,288,38735,-38447
7926,1996,12,48694,54835,-6141
7926,1997,1,46790,64935,-18145
7926,1997,2,13911,14935,-1024
7926,1997,3,11140,11635,-495
7926,1997,4,83019,13335,69684
7926,1997,5,118613,118435,178
7926,1997,6,76333,147035,-70702
7926,1997,7,120706,59435,61271
7926,1997,8,251,45635,-45384
7926,1997,9,92084,67935,24149
7926,1997,10,13701,46235,-32534
7926,1997,11,35470,19535,15935
7926,1997,12,81105,80635,470
7926,1998,1,135,38835,-38700
7926,1998,2,56,3535,-3479
7926,1998,3,41,3535,-3494
7926,1998,4,66433,38035,28398
7926,1998,5,141,15535,-15394
7926,1998,6,19291,13135,6156
7926,1998,7,5302,7335,-2033
7926,1998,8,1097,3535,-2438
7926,1998,9,27602,11035,16567
7926,1998,10,154,4130,-3976
7926,1998,11,140,2930,-2790
7926,1998,12,41219,3300,37919
7944,1993,12,600,0,600
7944,1994,1,21501,0,21501
7944,1994,2,20682,8900,11782
7944,1994,3,20732,16400,4332
7944,1994,4,20751,18100,2651
7944,1994,5,20759,25415,-4656
7944,1994,6,31047,68998,-37951
7944,1994,7,23424,4705,18719
7944,1994,8,20684,5715,14969
7944,1994,9,20753,12615,8138
7944,1994,10,20902,23195,-2293
7944,1994,11,20890,16715,4175
7944,1994,12,31306,25155,6151
7944,1995,1,20956,22415,-1459
7944,1995,2,20972,20035,937
7944,1995,3,20929,22795,-1866
7944,1995,4,20816,17515,3301
7944,1995,5,20826,21915,-1089
7944,1995,6,31179,42415,-11236
7944,1995,7,20795,13115,7680
7944,1995,8,20938,16715,4223
7944,1995,9,20957,18515,2442
7944,1995,10,20868,19315,1553
7944,1995,11,20992,19315,1677
7944,1995,12,31357,26215,5142
7944,1996,1,20918,30015,-9097
7944,1996,2,20984,16015,4969
7944,1996,3,21020,16815,4205
7944,1996,4,21052,16915,4137
7944,1996,5,21062,20415,647
7944,1996,6,31200,44975,-13775
7944,1996,7,20973,10575,10398
7944,1996,8,20961,19475,1486
7944,1996,9,21086,14015,7071
7944,1996,10,21107,19015,2092
7944,1996,11,21024,21895,-871
7944,1996,12,31418,32195,-777
7944,1997,1,21111,18115,2996
7944,1997,2,21104,21115,-11
7944,1997,3,21134,19635,1499
7944,1997,4,21115,23315,-2200
7944,1997,5,21030,20015,1015
7944,1997,6,31420,36095,-4675
7944,1997,7,21163,13215,7948
7944,1997,8,21197,10215,10982
7944,1997,9,21184,16035,5149
7944,1997,10,21288,17915,3373
7944,1997,11,21311,16115,5196
7944,1997,12,31571,25455,6116
7944,1998,1,21328,25255,-3927
7944,1998,2,21314,24115,-2801
7944,1998,3,21205,24055,-2850
7944,1998,4,21306,18915,2391
7944,1998,5,21279,26815,-5536
7944,1998,6,31516,29915,1601
7944,1998,7,21214,13415,7799
7944,1998,8,21226,20215,1011
7944,1998,9,21253,18115,3138
7944,1998,10,21355,19915,1440
7944,1998,11,21237,25215,-3978
7944,1998,12,31660,23280,8380
7957,1995,9,14925,0,14925
7957,1995,10,61096,12200,48896
7957,1995,11,9369,21400,-12031
7957,1995,12,83448,56815,26633
7957,1996,1,116576,137534,-20958
7957,1996,2,20303,56334,-36031
7957,1996,3,47844,25334,22510
7957,1996,4,11909,22734,-10825
7957,1996,5,92972,71334,21638
7957,1996,6,117,30034,-29917
7957,1996,7,5269,15434,-10165
7957,1996,8,40680,15134,25546
7957,1996,9,102049,40734,61315
7957,1996,10,49710,103734,-54024
7957,1996,11,6733,22734,-16001
7957,1996,12,6676,16434,-9758
7957,1997,1,17074,16634,440
7957,1997,2,25220,25152,68
7957,1997,3,186015,149447,36568
7957,1997,4,32689,38234,-5545
7957,1997,5,75577,49734,25843
7957,1997,6,67982,98156,-30174
7957,1997,7,90203,41109,49094
7957,1997,8,84223,123963,-39740
7957,1997,9,70111,49277,20834
7957,1997,10,33383,66954,-33571
7957,1997,11,9727,15809,-6082
7957,1997,12,30172,24409,5763
7957,1998,1,92101,69609,22492
7957,1998,2,8165,36918,-28753
7957,1998,3,18986,16409,2577
7957,1998,4,5028,15809,-10781
7957,1998,5,10289,15809,-5520
7957,1998,6,33655,21255,12400
7957,1998,7,60755,15234,45521
7957,1998,8,5516,30034,-24518
7957,1998,9,65498,34862,30636
7957,1998,10,71880,72976,-1096
7957,1998,11,26955,53834,-26879
7957,1998,12,73655,66618,7037
7965,1993,11,200,0,200
7965,1993,12,10300,0,10300
7965,1994,1,42948,0,42948
7965,1994,2,22797,12300,10497
7965,1994,3,11195,24300,-13105
7965,1994,4,22004,10700,11304
7965,1994,5,16777,16615,162
7965,1994,6,48771,38183,10588
7965,1994,7,205,35983,-35778
7965,1994,8,23758,20683,3075
7965,1994,9,63866,27211,36655
7965,1994,10,51756,49138,2618
7965,1994,11,34370,49638,-15268
7965,1994,12,53544,75238,-21694
7965,1995,1,92,27538,-27446
7965,1995,2,7147,13238,-6091
7965,1995,3,10031,13238,-3207
7965,1995,4,9917,13238,-3321
7965,1995,5,35307,22138,13169
7965,1995,6,52310,26961,25349
7965,1995,7,4302,21338,-17036
7965,1995,8,7466,13238,-5772
7965,1995,9,7343,13238,-5895
7965,1995,10,5950,7283,-1333
7965,1995,11,8146,7283,863
7965,1995,12,9950,7283,2667
7965,1996,1,114940,103778,11162
7965,1996,2,70941,42583,28358
7965,1996,3,143,29983,-29840
7965,1996,4,2069,13883,-11814
7965,1996,5,8952,7283,1669
7965,1996,6,24269,12283,11986
7965,1996,7,38558,37611,947
7965,1996,8,8894,12783,-3889
7965,1996,9,41281,38749,2532
7965,1996,10,39649,32483,7166
7965,1996,11,80175,56592,23583
7965,1996,12,176,21383,-21207
7965,1997,1,33407,39183,-5776
7965,1997,2,20806,13683,7123
7965,1997,3,3013,11983,-8970
7965,1997,4,42921,12483,30438
7965,1997,5,23254,28683,-5429
7965,1997,6,9184,35283,-26099
7965,1997,7,15292,12183,3109
7965,1997,8,43228,31757,11471
7965,1997,9,28341,25426,2915
7965,1997,10,35109,12983,22126
7965,1997,11,50259,59983,-9724
7965,1997,12,2392,17483,-15091
7965,1998,1,36911,29927,6984
7965,1998,2,6068,17245,-11177
7965,1998,3,45049,37983,7066
7965,1998,4,21887,20032,1855
7965,1998,5,45588,52439,-6851
7965,1998,6,16444,21383,-4939
7965,1998,7,28773,15477,13296
7965,1998,8,30040,42311,-12271
7965,1998,9,44047,19183,24864
7965,1998,10,21663,19419,2244
7965,1998,11,6690,25574,-18884
7965,1998,12,106045,87919,18126
7966,1996,12,500,0,500
7966,1997,1,30738,0,30738
7966,1997,2,130,1500,-1370
7966,1997,3,130,1600,-1470
7966,1997,4,141612,69015,72597
7966,1997,5,427,40915,-40488
7966,1997,6,293,20015,-19722
7966,1997,7,35798,9515,26283
7966,1997,8,326,41501,-41175
7966,1997,9,40732,12403,28329
7966,1997,10,8851,26613,-17762
7966,1997,11,268,11903,-11635
7966,1997,12,8724,21207,-12483
7966,1998,1,141986,52917,89069
7966,1998,2,480,45233,-44753
7966,1998,3,22827,51466,-28639
7966,1998,4,81469,25102,56367
7966,1998,5,74891,121543,-46652
7966,1998,6,27721,37092,-9371
7966,1998,7,5914,7903,-1989
7966,1998,8,9042,20795,-11753
7966,1998,9,32373,7903,24470
7966,1998,10,19564,50615,-31051
7966,1998,11,19253,15,19238
7966,1998,12,10912,10588,324
7990,1996,8,700,0,700
7990,1996,9,69709,18900,50809
7990,1996,10,44937,37700,7237
7990,1996,11,118292,114810,3482
7990,1996,12,47486,48773,-1287
7990,1997,1,43718,52573,-8855
7990,1997,2,46007,47584,-1577
7990,1997,3,42235,47173,-4938
7990,1997,4,63104,50273,12831
7990,1997,5,89236,101973,-12737
7990,1997,6,35006,25073,9933
7990,1997,7,70120,32722,37398
7990,1997,8,23683,58473,-34790
7990,1997,9,39370,38873,497
7990,1997,10,62273,50673,11600
7990,1997,11,45593,82973,-37380
7990,1997,12,46411,18973,27438
7990,1998,1,39134,56558,-17424
7990,1998,2,48268,35373,12895
7990,1998,3,20262,44897,-24635
7990,1998,4,8913,10773,-1860
7990,1998,5,30085,10193,19892
7990,1998,6,85358,79893,5465
7990,1998,7,83811,58993,24818
7990,1998,8,80655,65064,15591
7990,1998,9,43911,33393,10518
7990,1998,10,62700,107086,-44386
7990,1998,11,60532,59493,1039
7990,1998,12,17828,20178,-2350
7997,1996,4,400,0,400
7997,1996,5,44802,9000,35802
7997,1996,6,40490,26100,14390
7997,1996,7,64681,65915,-1234
7997,1996,8,63080,34515,28565
7997,1996,9,237,29770,-29533
7997,1996,10,82036,44954,37082
7997,1996,11,91841,102218,-10377
7997,1996,12,153783,173077,-19294
7997,1997,1,5573,51815,-46242
7997,1997,2,47457,30017,17440
7997,1997,3,23379,8715,14664
7997,1997,4,1164,7215,-6051
7997,1997,5,4245,7115,-2870
7997,1997,6,50511,34215,16296
7997,1997,7,22948,9715,13233
7997,1997,8,26321,36442,-10121
7997,1997,9,202,17615,-17413
7997,1997,10,40622,40454,168
7997,1997,11,12398,17554,-5156
7997,1997,12,15282,14515,767
7997,1998,1,90845,36315,54530
7997,1998,2,53098,78709,-25611
7997,1998,3,21771,25579,-3808
7997,1998,4,89751,65889,23862
7997,1998,5,29479,44809,-15330
7997,1998,6,98082,144709,-46627
7997,1998,7,70247,37622,32625
7997,1998,8,29310,14009,15301
7997,1998,9,17136,45405,-28269
7997,1998,10,45916,64418,-18502
7997,1998,11,78031,23209,54822
7997,1998,12,206,34894,-34688
8026,1997,3,700,0,700
8026,1997,4,24074,0,24074
8026,1997,5,24064,10800,13264
8026,1997,6,36090,22900,13190
8026,1997,7,24156,23900,256
8026,1997,8,24155,27315,-3160
8026,1997,9,24164,23978,186
8026,1997,10,24166,21538,2628
8026,1997,11,24173,23978,195
8026,1997,12,36171,28478,7693
8026,1998,1,24186,31258,-7072
8026,1998,2,24180,19778,4402
8026,1998,3,24196,23478,718
8026,1998,4,24206,18078,6128
8026,1998,5,24207,29878,-5671
8026,1998,6,36164,46378,-10214
8026,1998,7,24170,15178,8992
8026,1998,8,24210,13178,11032
8026,1998,9,24233,22278,1955
8026,1998,10,24249,18778,5471
8026,1998,11,24256,24278,-22
8026,1998,12,36222,38463,-2241
8027,1993,7,700,0,700
8027,1993,8,38956,9500,29456
8027,1993,9,39068,4800,34268
8027,1993,10,39147,21500,17647
8027,1993,11,39191,29700,9491
8027,1993,12,58470,107397,-48927
8027,1994,1,39000,58326,-19326
8027,1994,2,41139,6630,34509
8027,1994,3,39134,19130,20004
8027,1994,4,39188,28330,10858
8027,1994,5,39094,79848,-40754
8027,1994,6,58526,32730,25796
8027,1994,7,39154,34481,4673
8027,1994,8,39173,59200,-20027
8027,1994,9,39090,58602,-19512
8027,1994,10,39061,27000,12061
8027,1994,11,39107,39600,-493
8027,1994,12,58554,44200,14354
8027,1995,1,39126,53100,-13974
8027,1995,2,39103,32000,7103
8027,1995,3,39092,44704,-5612
8027,1995,4,39095,39300,-205
8027,1995,5,39097,35500,3597
8027,1995,6,58482,83130,-24648
8027,1995,7,39000,19830,19170
8027,1995,8,39095,33123,5972
8027,1995,9,39126,31330,7796
8027,1995,10,39140,36730,2410
8027,1995,11,39108,36030,3078
8027,1995,12,58468,77030,-18562
8027,1996,1,43148,59197,-16049
8027,1996,2,39037,21730,17307
8027,1996,3,39053,52727,-13674
8027,1996,4,39019,21830,17189
8027,1996,5,39128,30430,8698
8027,1996,6,58533,72313,-13780
8027,1996,7,39050,33530,5520
8027,1996,8,39084,33530,5554
8027,1996,9,39132,36130,3002
8027,1996,10,39115,52230,-13115
8027,1996,11,39058,32630,6428
8027,1996,12,58522,66830,-8308
8027,1997,1,39042,50530,-11488
8027,1997,2,39013,25555,13458
8027,1997,3,39102,27030,12072
8027,1997,4,39106,36730,2376
8027,1997,5,39117,43954,-4837
8027,1997,6,58537,70530,-11993
8027,1997,7,39056,29230,9826
8027,1997,8,39040,54977,-15937
8027,1997,9,39036,29530,9506
8027,1997,10,39098,27177,11921
8027,1997,11,39127,33730,5397
8027,1997,12,58473,95702,-37229
8027,1998,1,38951,40979,-2028
8027,1998,2,39002,24730,14272
8027,1998,3,39047,31930,7117
8027,1998,4,39045,41530,-2485
8027,1998,5,39032,40610,-1578
8027,1998,6,58484,50130,8354
8027,1998,7,39037,41830,-2793
8027,1998,8,39059,36330,2729
8027,1998,9,39005,57464,-18459
8027,1998,10,38982,38030,952
8027,1998,11,38988,36430,2558
8027,1998,12,58428,52700,5728
8038,1996,8,600,0,600
8038,1996,9,26472,0,26472
8038,1996,10,22152,11300,10852
8038,1996,11,22196,11900,10296
8038,1996,12,33246,23500,9746
8038,1997,1,22307,22815,-508
8038,1997,2,22252,18390,3862
8038,1997,3,22251,31330,-9079
8038,1997,4,22206,30890,-8684
8038,1997,5,22196,24190,-1994
8038,1997,6,33242,14950,18292
8038,1997,7,22268,18130,4138
8038,1997,8,22286,17130,5156
8038,1997,9,22276,29110,-6834
8038,1997,10,22288,16250,6038
8038,1997,11,22297,19130,3167
8038,1997,12,33317,30610,2707
8038,1998,1,22317,20530,1787
8038,1998,2,22305,25024,-2719
8038,1998,3,22300,25224,-2924
8038,1998,4,22290,23524,-1234
8038,1998,5,22274,27224,-4950
8038,1998,6,33279,42284,-9005
8038,1998,7,22218,28144,-5926
8038,1998,8,22221,16624,5597
8038,1998,9,22232,19324,2908
8038,1998,10,22257,16624,5633
8038,1998,11,22276,17724,4552
8038,1998,12,33317,23989,9328
8039,1995,12,27726,0,27726
8039,1996,1,33840,16500,17340
8039,1996,2,187,10200,-10013
8039,1996,3,37323,2400,34923
8039,1996,4,45632,19500,26132
8039,1996,5,399,34500,-34101
8039,1996,6,16623,55430,-38807
8039,1996,7,46374,11930,34444
8039,1996,8,168,35030,-34862
8039,1996,9,3983,8330,-4347
8039,1996,10,17018,9130,7888
8039,1996,11,4299,8831,-4532
8039,1996,12,40825,8831,31994
8039,1997,1,46230,79398,-33168
8039,1997,2,12400,8831,3569
8039,1997,3,45142,22631,22511
8039,1997,4,69877,26831,43046
8039,1997,5,280,45831,-45551
8039,1997,6,2770,8831,-6061
8039,1997,7,4750,8831,-4081
8039,1997,8,7542,8831,-1289
8039,1997,9,5530,8831,-3301
8039,1997,10,91912,26931,64981
8039,1997,11,9070,47031,-37961
8039,1997,12,9409,18031,-8622
8039,1998,1,42374,40631,1743
8039,1998,2,28535,25531,3004
8039,1998,3,12702,13331,-629
8039,1998,4,170,15831,-15661
8039,1998,5,122,10531,-10409
8039,1998,6,76894,8831,68063
8039,1998,7,93177,127678,-34501
8039,1998,8,27539,20531,7008
8039,1998,9,5266,31831,-26565
8039,1998,10,121,14931,-14810
8039,1998,11,97387,12830,84557
8039,1998,12,19681,64615,-44934
8041,1993,10,44271,0,44271
8041,1993,11,184,10700,-10516
8041,1993,12,184,2800,-2616
8041,1994,1,32531,3000,29531
8041,1994,2,24113,19200,4913
8041,1994,3,29630,19200,10430
8041,1994,4,316,24000,-23684
8041,1994,5,316,15400,-15084
8041,1994,6,84251,69415,14836
8041,1994,7,177,15615,-15438
8041,1994,8,138,6215,-6077
8041,1994,9,417,4315,-3898
8041,1994,10,44919,38215,6704
8041,1994,11,113,22516,-22403
8041,1994,12,6030,15016,-8986
8041,1995,1,29842,31654,-1812
8041,1995,2,32675,22513,10162
8041,1995,3,164824,91716,73108
8041,1995,4,65057,97216,-32159
8041,1995,5,96312,64616,31696
8041,1995,6,17868,58654,-40786
8041,1995,7,99818,71216,28602
8041,1995,8,49093,75903,-26810
8041,1995,9,102161,101577,584
8041,1995,10,2758,16072,-13314
8041,1995,11,55798,24716,31082
8041,1995,12,50505,68516,-18011
8041,1996,1,35474,58816,-23342
8041,1996,2,61172,21216,39956
8041,1996,3,63996,55578,8418
8041,1996,4,78348,83216,-4868
8041,1996,5,26002,21816,4186
8041,1996,6,110198,111416,-1218
8041,1996,7,95197,86716,8481
8041,1996,8,24462,25116,-654
8041,1996,9,103696,96716,6980
8041,1996,10,119523,128616,-9093
8041,1996,11,280,13616,-13336
8041,1996,12,44804,33616,11188
8041,1997,1,59270,62116,-2846
8041,1997,2,106241,109916,-3675
8041,1997,3,109513,101216,8297
8041,1997,4,20909,32384,-11475
8041,1997,5,68277,44216,24061
8041,1997,6,49129,85860,-36731
8041,1997,7,12043,27210,-15167
8041,1997,8,74344,7816,66528
8041,1997,9,9402,29016,-19614
8041,1997,10,101978,127683,-25705
8041,1997,11,28868,17715,11153
8041,1997,12,26338,38765,-12427
8041,1998,1,58627,72276,-13649
8041,1998,2,63174,18715,44459
8041,1998,3,325,11615,-11290
8041,1998,4,10727,26685,-15958
8041,1998,5,59662,37024,22638
8041,1998,6,24004,56815,-32811
8041,1998,7,13611,3715,9896
8041,1998,8,13211,29150,-15939
8041,1998,9,16696,3015,13681
8041,1998,10,11641,3015,8626
8041,1998,11,32644,12124,20520
8041,1998,12,83477,65300,18177
8051,1993,2,200,0,200
8051,1993,3,26119,700,25419
8051,1993,4,26186,13700,12486
8051,1993,5,26217,20400,5817
8051,1993,6,39274,29700,9574
8051,1993,7,26239,34030,-7791
8051,1993,8,26232,28430,-2198
8051,1993,9,26223,41030,-14807
8051,1993,10,26206,34556,-8350
8051,1993,11,28714,15558,13156
8051,1993,12,39305,11630,27675
8051,1994,1,26181,67341,-41160
8051,1994,2,27110,3330,23780
8051,1994,3,26282,16998,9284
8051,1994,4,26285,22670,3615
8051,1994,5,26282,38799,-12517
8051,1994,6,39263,44413,-5150
8051,1994,7,26262,21170,5092
8051,1994,8,26208,39553,-13345
8051,1994,9,26223,17370,8853
8051,1994,10,26259,21070,5189
8051,1994,11,26230,45698,-19468
8051,1994,12,39232,33844,5388
8051,1995,1,26181,32418,-6237
8051,1995,2,26184,18470,7714
8051,1995,3,26189,30925,-4736
8051,1995,4,26206,15770,10436
8051,1995,5,27292,39631,-12339
8051,1995,6,39217,34470,4747
8051,1995,7,26214,18370,7844
8051,1995,8,26233,29885,-3652
8051,1995,9,26228,17770,8458
8051,1995,10,26255,35670,-9415
8051,1995,11,26201,27770,-1569
8051,1995,12,39286,28570,10716
8051,1996,1,26218,43042,-16824
8051,1996,2,26190,20923,5267
8051,1996,3,26209,18070,8139
8051,1996,4,26237,21770,4467
8051,1996,5,26190,41015,-14825
8051,1996,6,39242,24470,14772
8051,1996,7,26245,30804,-4559
8051,1996,8,26220,34983,-8763
8051,1996,9,26183,31970,-5787
8051,1996,10,26165,27550,-1385
8051,1996,11,26170,15770,10400
8051,1996,12,39221,42070,-2849
8051,1997,1,26176,35784,-9608
8051,1997,2,26158,21370,4788
8051,1997,3,26175,18970,7205
8051,1997,4,26199,20970,5229
8051,1997,5,26216,38576,-12360
8051,1997,6,39188,37370,1818
8051,1997,7,26176,21870,4306
8051,1997,8,26197,22670,3527
8051,1997,9,26198,25870,328
8051,1997,10,26186,28070,-1884
8051,1997,11,26175,30365,-4190
8051,1997,12,39205,30770,8435
8051,1998,1,26151,42670,-16519
8051,1998,2,26132,23770,2362
8051,1998,3,26147,22470,3677
8051,1998,4,26149,26470,-321
8051,1998,5,26150,25670,480
8051,1998,6,39184,36030,3154
8051,1998,7,26142,35989,-9847
8051,1998,8,26143,23230,2913
8051,1998,9,26142,26630,-488
8051,1998,10,26157,23380,2777
8051,1998,11,26129,33930,-7801
8051,1998,12,39151,34100,5051
8073,1993,9,127031,62800,64231
8073,1993,10,166,37562,-37396
8073,1993,11,59550,28300,31250
8073,1993,12,65895,45012,20883
8073,1994,1,13629,64662,-51033
8073,1994,2,80,17362,-17282
8073,1994,3,6523,16472,-9949
8073,1994,4,23551,16476,7075
8073,1994,5,19419,16472,2947
8073,1994,6,7633,4905,2728
8073,1994,7,22,16489,-16467
8073,1994,8,15202,129,15073
8073,1994,9,9642,4905,4737
8073,1994,10,10935,16472,-5537
8073,1994,11,43486,4905,38581
8073,1994,12,1258,23972,-22714
8073,1995,1,60021,29672,30349
8073,1995,2,186,27372,-27186
8073,1995,3,107288,83262,24026
8073,1995,4,28859,38462,-9603
8073,1995,5,71408,52662,18746
8073,1995,6,202,31623,-31421
8073,1995,7,95047,81345,13702
8073,1995,8,35156,37862,-2706
8073,1995,9,28468,40662,-12194
8073,1995,10,87044,56262,30782
8073,1995,11,173,35627,-35454
8073,1995,12,10890,17362,-6472
8073,1996,1,22074,19762,2312
8073,1996,2,88789,35062,53727
8073,1996,3,115124,149562,-34438
8073,1996,4,46643,39762,6881
8073,1996,5,82164,36262,45902
8073,1996,6,31484,94162,-62678
8073,1996,7,9764,17762,-7998
8073,1996,8,16774,15862,912
8073,1996,9,98965,32862,66103
8073,1996,10,26710,55162,-28452
8073,1996,11,194,27462,-27268
8073,1996,12,2509,15962,-13453
8073,1997,1,124009,114264,9745
8073,1997,2,9708,16962,-7254
8073,1997,3,85229,25962,59267
8073,1997,4,35681,81262,-45581
8073,1997,5,34052,15562,18490
8073,1997,6,163,27562,-27399
8073,1997,7,27547,20262,7285
8073,1997,8,117208,56962,60246
8073,1997,9,274,48162,-47888
8073,1997,10,53036,32762,20274
8073,1997,11,105373,119162,-13789
8073,1997,12,69645,45562,24083
8073,1998,1,54780,51662,3118
8073,1998,2,25948,52517,-26569
8073,1998,3,74603,30062,44541
8073,1998,4,294,48562,-48268
8073,1998,5,147,24662,-24515
8073,1998,6,66634,28762,37872
8073,1998,7,74044,29011,45033
8073,1998,8,47503,82139,-34636
8073,1998,9,8423,60380,-51957
8073,1998,10,57955,49791,8164
8073,1998,11,8412,16562,-8150
8073,1998,12,89476,22762,66714
8085,1996,4,31460,0,31460
8085,1996,5,131,5400,-5269
8085,1996,6,48552,4200,44352
8085,1996,7,68864,91303,-22439
8085,1996,8,72134,30896,41238
8085,1996,9,40337,73543,-33206
8085,1996,10,25571,35796,-10225
8085,1996,11,47205,30496,16709
8085,1996,12,98,44796,-44698
8085,1997,1,94522,23996,70526
8085,1997,2,188,64696,-64508
8085,1997,3,40,19196,-19156
8085,1997,4,20,931,-911
8085,1997,5,46239,17431,28808
8085,1997,6,59063,50047,9016
8085,1997,7,62109,26496,35613
8085,1997,8,145,56196,-56051
8085,1997,9,24261,22396,1865
8085,1997,10,36231,28996,7235
8085,1997,11,18752,23299,-4547
8085,1997,12,7740,21336,-13596
8085,1998,1,11120,11896,-776
8085,1998,2,11017,11899,-882
8085,1998,3,31184,18936,12248
8085,1998,4,68029,34136,33893
8085,1998,5,17497,44036,-26539
8085,1998,6,77,17736,-17659
8085,1998,7,42977,29396,13581
8085,1998,8,60,16236,-16176
8085,1998,9,112866,82336,30530
8085,1998,10,8442,28936,-20494
8085,1998,11,53414,34949,18465
8085,1998,12,41239,28521,12718
8092,1995,1,1000,0,1000
8092,1995,2,14468,0,14468
8092,1995,3,9408,2000,7408
8092,1995,4,9434,3900,5534
8092,1995,5,9450,6500,2950
8092,1995,6,14108,17731,-3623
8092,1995,7,9432,12931,-3499
8092,1995,8,9413,14331,-4918
8092,1995,9,9395,14931,-5536
8092,1995,10,9385,10031,-646
8092,1995,11,9376,12631,-3255
8092,1995,12,15247,11251,3996
8092,1996,1,9389,9871,-482
8092,1996,2,9390,7331,2059
8092,1996,3,9397,7666,1731
8092,1996,4,9402,8466,936
8092,1996,5,9414,10966,-1552
8092,1996,6,14076,8726,5350
8092,1996,7,9400,15666,-6266
8092,1996,8,9404,10666,-1262
8092,1996,9,9386,9766,-380
8092,1996,10,9404,7166,2238
8092,1996,11,9412,7166,2246
8092,1996,12,14068,20106,-6038
8092,1997,1,9794,9086,708
8092,1997,2,9384,7166,2218
8092,1997,3,12686,16386,-3700
8092,1997,4,9377,9266,111
8092,1997,5,9394,7166,2228
8092,1997,6,14059,14666,-607
8092,1997,7,9381,8726,655
8092,1997,8,9385,11566,-2181
8092,1997,9,9378,7166,2212
8092,1997,10,9403,7166,2237
8092,1997,11,9396,7166,2230
8092,1997,12,14069,19386,-5317
8092,1998,1,9383,7766,1617
8092,1998,2,9390,7166,2224
8092,1998,3,9400,7166,2234
8092,1998,4,9409,7166,2243
8092,1998,5,9407,12446,-3039
8092,1998,6,14082,7166,6916
8092,1998,7,9434,7166,2268
8092,1998,8,9446,7166,2280
8092,1998,9,9451,8246,1205
8092,1998,10,9450,10646,-1196
8092,1998,11,9468,7166,2302
8092,1998,12,14104,32611,-18507
8094,1996,11,600,0,600
8094,1996,12,69061,23800,45261
8094,1997,1,46211,36100,10111
8094,1997,2,46244,42700,3544
8094,1997,3,46312,68200,-21888
8094,1997,4,46240,35380,10860
8094,1997,5,46258,48903,-2645
8094,1997,6,69280,62603,6677
8094,1997,7,46265,63549,-17284
8094,1997,8,46212,38603,7609
8094,1997,9,46235,42303,3932
8094,1997,10,46251,42403,3848
8094,1997,11,46244,55875,-9631
8094,1997,12,69141,89480,-20339
8094,1998,1,46110,46433,-323
8094,1998,2,46146,33303,12843
8094,1998,3,46191,42203,3988
8094,1998,4,46185,48503,-2318
8094,1998,5,46206,48571,-2365
8094,1998,6,69160,69003,157
8094,1998,7,46197,33303,12894
8094,1998,8,46204,59394,-13190
8094,1998,9,46183,36303,9880
8094,1998,10,46190,48383,-2193
8094,1998,11,46202,40503,5699
8094,1998,12,69197,85332,-16135
8114,1995,10,600,0,600
8114,1995,11,21798,0,21798
8114,1995,12,28093,13400,14693
8114,1996,1,18807,14800,4007
8114,1996,2,18805,21500,-2695
8114,1996,3,18810,20767,-1957
8114,1996,4,18801,20467,-1666
8114,1996,5,18791,20667,-1876
8114,1996,6,28125,35047,-6922
8114,1996,7,18774,13567,5207
8114,1996,8,18789,15467,3322
8114,1996,9,18805,15567,3238
8114,1996,10,18809,24987,-6178
8114,1996,11,18792,15267,3525
8114,1996,12,28128,24787,3341
8114,1997,1,18797,21067,-2270
8114,1997,2,18772,25167,-6395
8114,1997,3,18781,17567,1214
8114,1997,4,18760,22667,-3907
8114,1997,5,18759,18567,192
8114,1997,6,28103,21987,6116
8114,1997,7,18763,28247,-9484
8114,1997,8,18775,11767,7008
8114,1997,9,18780,17442,1338
8114,1997,10,18782,21602,-2820
8114,1997,11,18784,14122,4662
8114,1997,12,28110,25962,2148
8114,1998,1,18763,38782,-20019
8114,1998,2,18750,8122,10628
8114,1998,3,18759,17822,937
8114,1998,4,18749,21722,-2973
8114,1998,5,18785,24622,-5837
8114,1998,6,28117,28982,-865
8114,1998,7,18757,16322,2435
8114,1998,8,18761,22722,-3961
8114,1998,9,18751,8122,10629
8114,1998,10,18785,27022,-8237
8114,1998,11,18760,8122,10638
8114,1998,12,28155,10027,18128
8127,1994,10,1000,0,1000
8127,1994,11,10300,0,10300
8127,1994,12,6000,0,6000
8127,1995,1,37806,18000,19806
8127,1995,2,154,4800,-4646
8127,1995,3,157118,92570,64548
8127,1995,4,39528,46620,-7092
8127,1995,5,38454,79020,-40566
8127,1995,6,69636,26541,43095
8127,1995,7,53340,60020,-6680
8127,1995,8,266,36120,-35854
8127,1995,9,139,20820,-20681
8127,1995,10,48813,57047,-8234
8127,1995,11,105126,34129,70997
8127,1995,12,49641,54052,-4411
8127,1996,1,45908,74520,-28612
8127,1996,2,16944,30120,-13176
8127,1996,3,42879,42820,59
8127,1996,4,48826,36220,12606
8127,1996,5,84694,59320,25374
8127,1996,6,34550,50020,-15470
8127,1996,7,33348,29220,4128
8127,1996,8,45943,37515,8428
8127,1996,9,172131,144715,27416
8127,1996,10,41343,50315,-8972
8127,1996,11,267,49115,-48848
8127,1996,12,28480,25615,2865
8127,1997,1,9447,23815,-14368
8127,1997,2,13604,14815,-1211
8127,1997,3,76168,61101,15067
8127,1997,4,47466,30315,17151
8127,1997,5,41318,41122,196
8127,1997,6,84921,70915,14006
8127,1997,7,66523,92207,-25684
8127,1997,8,93352,68912,24440
8127,1997,9,50280,57701,-7421
8127,1997,10,82545,87584,-5039
8127,1997,11,27682,38471,-10789
8127,1997,12,30091,32815,-2724
8127,1998,1,21966,30115,-8149
8127,1998,2,38016,16515,21501
8127,1998,3,149828,157615,-7787
8127,1998,4,88041,77015,11026
8127,1998,5,7167,14815,-7648
8127,1998,6,5234,14815,-9581
8127,1998,7,20823,14815,6008
8127,1998,8,48244,29920,18324
8127,1998,9,70248,88520,-18272
8127,1998,10,44730,28520,16210
8127,1998,11,3757,36980,-33223
8127,1998,12,118155,57471,60684
8129,1993,6,700,0,700
8129,1993,7,20629,900,19729
8129,1993,8,20708,9000,11708
8129,1993,9,20754,12200,8554
8129,1993,10,20782,20000,782
8129,1993,11,20786,18815,1971
8129,1993,12,31114,29799,1315
8129,1994,1,20800,25899,-5099
8129,1994,2,20781,24959,-4178
8129,1994,3,20778,20399,379
8129,1994,4,20775,20899,-124
8129,1994,5,20759,22659,-1900
8129,1994,6,31076,33999,-2923
8129,1994,7,20758,19619,1139
8129,1994,8,20760,18275,2485
8129,1994,9,20764,20975,-211
8129,1994,10,20754,20255,499
8129,1994,11,20767,20195,572
8129,1994,12,31073,28795,2278
8129,1995,1,20775,20075,700
8129,1995,2,20773,22175,-1402
8129,1995,3,20761,21475,-714
8129,1995,4,20768,20775,-7
8129,1995,5,20772,18775,1997
8129,1995,6,31068,45915,-14847
8129,1995,7,20728,13775,6953
8129,1995,8,20753,14875,5878
8129,1995,9,20769,17875,2894
8129,1995,10,20776,20175,601
8129,1995,11,20805,20475,330
8129,1995,12,31125,27475,3650
8129,1996,1,20800,18575,2225
8129,1996,2,20809,16175,4634
8129,1996,3,20815,18915,1900
8129,1996,4,20834,16875,3959
8129,1996,5,20837,23655,-2818
8129,1996,6,31161,23215,7946
8129,1996,7,20845,25375,-4530
8129,1996,8,20838,20475,363
8129,1996,9,20835,21175,-340
8129,1996,10,20821,26195,-5374
8129,1996,11,20822,17075,3747
8129,1996,12,31147,27215,3932
8129,1997,1,20816,32975,-12159
8129,1997,2,20815,13575,7240
8129,1997,3,20824,19875,949
8129,1997,4,20815,22575,-1760
8129,1997,5,20821,19075,1746
8129,1997,6,31145,23475,7670
8129,1997,7,20834,25375,-4541
8129,1997,8,20815,26599,-5784
8129,1997,9,20785,26399,-5614
8129,1997,10,20784,20399,385
8129,1997,11,20780,22499,-1719
8129,1997,12,31082,28299,2783
8129,1998,1,20775,43799,-23024
8129,1998,2,20746,8199,12547
8129,1998,3,20728,25599,-4871
8129,1998,4,20719,24839,-4120
8129,1998,5,20748,25799,-5051
8129,1998,6,31065,33139,-2074
8129,1998,7,20723,7799,12924
8129,1998,8,20763,31999,-11236
8129,1998,9,20727,8199,12528
8129,1998,10,20780,32399,-11619
8129,1998,11,20739,8499,12240
8129,1998,12,31123,9484,21639
8132,1993,4,700,0,700
8132,1993,5,25240,700,24540
8132,1993,6,37941,19400,18541
8132,1993,7,25426,21900,3526
8132,1993,8,25436,25800,-364
8132,1993,9,25396,48373,-22977
8132,1993,10,25408,10730,14678
8132,1993,11,25471,26630,-1159
8132,1993,12,37907,53765,-15858
8132,1994,1,25290,38830,-13540
8132,1994,2,41076,45527,-4451
8132,1994,3,26258,13830,12428
8132,1994,4,25313,12009,13304
8132,1994,5,25436,22658,2778
8132,1994,6,45292,19883,25409
8132,1994,7,25521,25126,395
8132,1994,8,25536,23046,2490
8132,1994,9,25606,12930,12676
8132,1994,10,25686,28430,-2744
8132,1994,11,25594,36500,-10906
8132,1994,12,38229,39753,-1524
8132,1995,1,25420,69952,-44532
8132,1995,2,37620,30,37590
8132,1995,3,25627,7930,17697
8132,1995,4,25633,18493,7140
8132,1995,5,25654,20330,5324
8132,1995,6,38318,34530,3788
8132,1995,7,25676,37538,-11862
8132,1995,8,25648,28007,-2359
8132,1995,9,25682,31730,-6048
8132,1995,10,25631,14530,11101
8132,1995,11,25774,24530,1244
8132,1995,12,38351,24387,13964
8132,1996,1,25594,75009,-49415
8132,1996,2,26667,30,26637
8132,1996,3,25640,9830,15810
8132,1996,4,25695,18330,7365
8132,1996,5,25734,45730,-19996
8132,1996,6,38243,32130,6113
8132,1996,7,25453,27230,-1777
8132,1996,8,25710,29630,-3920
8132,1996,9,25672,21130,4542
8132,1996,10,28150,50993,-22843
8132,1996,11,30790,31118,-328
8132,1996,12,41280,33149,8131
8132,1997,1,30922,29730,1192
8132,1997,2,25481,20230,5251
8132,1997,3,25674,33330,-7656
8132,1997,4,25584,12730,12854
8132,1997,5,25744,23730,2014
8132,1997,6,38253,42030,-3777
8132,1997,7,25454,21230,4224
8132,1997,8,25490,22730,2760
8132,1997,9,25702,24030,1672
8132,1997,10,25515,24930,585
8132,1997,11,25738,19130,6608
8132,1997,12,38385,60230,-21845
8132,1998,1,29684,25530,4154
8132,1998,2,25503,8930,16573
8132,1998,3,25804,22630,3174
8132,1998,4,25787,27440,-1653
8132,1998,5,25675,42079,-16404
8132,1998,6,38238,18630,19608
8132,1998,7,25804,20630,5174
8132,1998,8,25840,18430,7410
8132,1998,9,25693,16530,9163
8132,1998,10,25838,26930,-1092
8132,1998,11,26227,46830,-20603
8132,1998,12,38409,4500,33909
8149,1997,5,22408,0,22408
8149,1997,6,116267,90200,26067
8149,1997,7,138622,141600,-2978
8149,1997,8,35507,12200,23307
8149,1997,9,337,24800,-24463
8149,1997,10,106725,81395,25330
8149,1997,11,20454,25400,-4946
8149,1997,12,44654,31293,13361
8149,1998,1,230,74400,-74170
8149,1998,2,16792,4700,12092
8149,1998,3,12885,12400,485
8149,1998,4,12409,4700,7709
8149,1998,5,7924,20452,-12528
8149,1998,6,10624,4100,6524
8149,1998,7,8146,5300,2846
8149,1998,8,10627,16100,-5473
8149,1998,9,10640,5000,5640
8149,1998,10,28720,27192,1528
8149,1998,11,9332,34009,-24677
8149,1998,12,54917,20642,34275
8153,1997,7,45914,0,45914
8153,1997,8,189,14900,-14711
8153,1997,9,113960,82615,31345
8153,1997,10,18521,46648,-28127
8153,1997,11,87126,81115,6011
8153,1997,12,68878,50715,18163
8153,1998,1,45088,47715,-2627
8153,1998,2,68089,71615,-3526
8153,1998,3,406,21739,-21333
8153,1998,4,127,11102,-10975
8153,1998,5,120709,88415,32294
8153,1998,6,37093,75919,-38826
8153,1998,7,5988,12915,-6927
8153,1998,8,38946,19215,19731
8153,1998,9,103753,40572,63181
8153,1998,10,101182,156288,-55106
8153,1998,11,49853,29215,20638
8153,1998,12,60830,42990,17840
8158,1996,6,1000,0,1000
8158,1996,7,39855,7600,32255
8158,1996,8,39959,23700,16259
8158,1996,9,40016,28600,11416
8158,1996,10,40040,38800,1240
8158,1996,11,40084,22578,17506
8158,1996,12,59963,81616,-21653
8158,1997,1,39987,66116,-26129
8158,1997,2,44765,17116,27649
8158,1997,3,40073,23816,16257
8158,1997,4,40102,31716,8386
8158,1997,5,40142,34916,5226
8158,1997,6,60080,85416,-25336
8158,1997,7,40076,28516,11560
8158,1997,8,40070,39516,554
8158,1997,9,40081,36716,3365
8158,1997,10,40100,36616,3484
8158,1997,11,40099,42047,-1948
8158,1997,12,60012,46147,13865
8158,1998,1,39991,97662,-57671
8158,1998,2,39981,18347,21634
8158,1998,3,40020,33947,6073
8158,1998,4,40003,52347,-12344
8158,1998,5,39987,34347,5640
8158,1998,6,59931,55051,4880
8158,1998,7,39993,44730,-4737
8158,1998,8,40030,32547,7483
8158,1998,9,40009,47147,-7138
8158,1998,10,39959,56796,-16837
8158,1998,11,39955,27713,12242
8158,1998,12,59930,34817,25113
8159,1995,2,200,0,200
8159,1995,3,19953,0,19953
8159,1995,4,11603,3300,8303
8159,1995,5,11623,8100,3523
8159,1995,6,17393,11300,6093
8159,1995,7,11640,17942,-6302
8159,1995,8,11625,12642,-1017
8159,1995,9,11616,17382,-5766
8159,1995,10,11580,18582,-7002
8159,1995,11,11583,9542,2041
8159,1995,12,17332,17082,250
8159,1996,1,11601,5842,5759
8159,1996,2,11607,13662,-2055
8159,1996,3,11614,6942,4672
8159,1996,4,11628,9442,2186
8159,1996,5,11635,10142,1493
8159,1996,6,17376,24062,-6686
8159,1996,7,11614,8842,2772
8159,1996,8,11629,14142,-2513
8159,1996,9,11624,11942,-318
8159,1996,10,11716,8602,3114
8159,1996,11,11630,9142,2488
8159,1996,12,17403,15462,1941
8159,1997,1,11652,10942,710
8159,1997,2,11655,12042,-387
8159,1997,3,11637,15502,-3865
8159,1997,4,11632,12482,-850
8159,1997,5,11631,10042,1589
8159,1997,6,17404,11142,6262
8159,1997,7,11651,15681,-4030
8159,1997,8,13644,8381,5263
8159,1997,9,12061,9261,2800
8159,1997,10,11677,11501,176
8159,1997,11,11669,13981,-2312
8159,1997,12,17433,12121,5312
8159,1998,1,11685,16301,-4616
8159,1998,2,11879,5901,5978
8159,1998,3,11694,10621,1073
8159,1998,4,11701,7821,3880
8159,1998,5,11703,15721,-4018
8159,1998,6,17448,16161,1287
8159,1998,7,11707,8401,3306
8159,1998,8,11719,9501,2218
8159,1998,9,11729,7801,3928
8159,1998,10,11740,11881,-141
8159,1998,11,11740,14281,-2541
8159,1998,12,17487,12786,4701
8169,1995,11,700,0,700
8169,1995,12,22330,0,22330
8169,1996,1,11113,3200,7913
8169,1996,2,11143,6700,4443
8169,1996,3,11158,12700,-1542
8169,1996,4,11152,11815,-663
8169,1996,5,11146,15638,-4492
8169,1996,6,16648,13978,2670
8169,1996,7,11142,13938,-2796
8169,1996,8,11134,10138,996
8169,1996,9,11123,13258,-2135
8169,1996,10,11126,10638,488
8169,1996,11,11112,15478,-4366
8169,1996,12,16618,18518,-1900
8169,1997,1,15980,20598,-4618
8169,1997,2,12684,11298,1386
8169,1997,3,12993,7138,5855
8169,1997,4,11107,13038,-1931
8169,1997,5,11103,11938,-835
8169,1997,6,16609,13118,3491
8169,1997,7,11102,14338,-3236
8169,1997,8,11088,17991,-6903
8169,1997,9,11071,10771,300
8169,1997,10,11379,7371,4008
8169,1997,11,11084,12771,-1687
8169,1997,12,16600,11171,5429
8169,1998,1,11083,18851,-7768
8169,1998,2,11177,7371,3806
8169,1998,3,11090,9271,1819
8169,1998,4,11091,12271,-1180
8169,1998,5,11093,8871,2222
8169,1998,6,16600,19491,-2891
8169,1998,7,11079,13771,-2692
8169,1998,8,11081,13571,-2490
8169,1998,9,11071,8691,2380
8169,1998,10,11082,7371,3711
8169,1998,11,11097,7371,3726
8169,1998,12,16630,9856,6774
8173,1993,7,1100,0,1100
8173,1993,8,53939,0,53939
8173,1993,9,41155,17000,24155
8173,1993,10,41217,27900,13317
8173,1993,11,41253,33300,7953
8173,1993,12,61621,92962,-31341
8173,1994,1,42315,87998,-45683
8173,1994,2,40988,19115,21873
8173,1994,3,41136,14315,26821
8173,1994,4,41182,32115,9067
8173,1994,5,41199,65115,-23916
8173,1994,6,61541,73823,-12282
8173,1994,7,41135,36410,4725
8173,1994,8,41122,41010,112
8173,1994,9,41109,42510,-1401
8173,1994,10,41103,45601,-4498
8173,1994,11,41080,48301,-7221
8173,1994,12,61531,46710,14821
8173,1995,1,41037,68176,-27139
8173,1995,2,40981,38817,2164
8173,1995,3,40978,40480,498
8173,1995,4,41022,29310,11712
8173,1995,5,41043,43858,-2815
8173,1995,6,61455,75429,-13974
8173,1995,7,40962,35215,5747
8173,1995,8,41010,43572,-2562
8173,1995,9,40989,30913,10076
8173,1995,10,41014,32915,8099
8173,1995,11,41067,43438,-2371
8173,1995,12,61505,54413,7092
8173,1996,1,41010,66590,-25580
8173,1996,2,41009,27515,13494
8173,1996,3,41045,42215,-1170
8173,1996,4,41008,38050,2958
8173,1996,5,41011,49460,-8449
8173,1996,6,61410,46115,15295
8173,1996,7,41041,37415,3626
8173,1996,8,41110,34315,6795
8173,1996,9,41080,49881,-8801
8173,1996,10,41018,52122,-11104
8173,1996,11,41016,38599,2417
8173,1996,12,61460,45415,16045
8173,1997,1,41006,65757,-24751
8173,1997,2,40998,23615,17383
8173,1997,3,41063,38551,2512
8173,1997,4,41091,37133,3958
8173,1997,5,41071,35115,5956
8173,1997,6,61502,79390,-17888
8173,1997,7,41029,41315,-286
8173,1997,8,41058,42260,-1202
8173,1997,9,41053,33014,8039
8173,1997,10,41071,29115,11956
8173,1997,11,41080,71387,-30307
8173,1997,12,61479,51310,10169
8173,1998,1,40966,57215,-16249
8173,1998,2,41013,22415,18598
8173,1998,3,41058,34285,6773
8173,1998,4,41066,52751,-11685
8173,1998,5,41023,36415,4608
8173,1998,6,61508,41664,19844
8173,1998,7,41114,33915,7199
8173,1998,8,41132,37815,3317
8173,1998,9,41140,41215,-75
8173,1998,10,41059,69400,-28341
8173,1998,11,41055,28815,12240
8173,1998,12,61549,46100,15449
8212,1993,8,600,0,600
8212,1993,9,12700,0,12700
8212,1993,10,3700,0,3700
8212,1993,11,4900,0,4900
8212,1993,12,42425,18700,23725
8212,1994,1,46012,31200,14812
8212,1994,2,28000,19700,8300
8212,1994,3,87885,83900,3985
8212,1994,4,13732,24000,-10268
8212,1994,5,102936,104100,-1164
8212,1994,6,15071,61900,-46829
8212,1994,7,103582,22800,80782
8212,1994,8,85704,113100,-27396
8212,1994,9,45495,42344,3151
8212,1994,10,93885,68200,25685
8212,1994,11,80278,64709,15569
8212,1994,12,104040,125677,-21637
8212,1995,1,33008,31700,1308
8212,1995,2,78457,68200,10257
8212,1995,3,73308,82069,-8761
8212,1995,4,66625,95200,-28575
8212,1995,5,179242,152788,26454
8212,1995,6,361,25600,-25239
8212,1995,7,218,46933,-46715
8212,1995,8,41170,11349,29821
8212,1995,9,77855,27026,50829
8212,1995,10,72293,72548,-255
8212,1995,11,22069,66074,-44005
8212,1995,12,286,43385,-43099
8212,1996,1,73658,20874,52784
8212,1996,2,93500,69808,23692
8212,1996,3,359,22000,-21641
8212,1996,4,468,8400,-7932
8212,1996,5,80506,43100,37406
8212,1996,6,59557,143000,-83443
8212,1996,7,97328,19381,77947
8212,1996,8,60521,58815,1706
8212,1996,9,474,42933,-42459
8212,1996,10,11717,7831,3886
8212,1996,11,11524,29509,-17985
8212,1996,12,11530,27277,-15747
8212,1997,1,72081,25740,46341
8212,1997,2,5930,3300,2630
8212,1997,3,28455,100,28355
8212,1997,4,23936,28526,-4590
8212,1997,5,60886,44000,16886
8212,1997,6,91316,89726,1590
8212,1997,7,44158,70800,-26642
8212,1997,8,48485,39877,8608
8212,1997,9,64359,69300,-4941
8212,1997,10,25913,33241,-7328
8212,1997,11,53113,46600,6513
8212,1997,12,82617,65800,16817
8212,1998,1,764,9000,-8236
8212,1998,2,704,2500,-1796
8212,1998,3,3973,3700,273
8212,1998,4,54340,56300,-1960
8212,1998,5,34249,14237,20012
8212,1998,6,59843,92900,-33057
8212,1998,7,16847,100,16747
8212,1998,8,11223,4900,6323
8212,1998,9,45919,38614,7305
8212,1998,10,94644,105110,-10466
8212,1998,11,18836,19340,-504
8212,1998,12,19852,19200,652
8225,1996,12,28512,0,28512
8225,1997,1,18541,5300,13241
8225,1997,2,18624,11400,7224
8225,1997,3,18708,11600,7108
8225,1997,4,18688,21815,-3127
8225,1997,5,18682,20415,-1733
8225,1997,6,27676,35815,-8139
8225,1997,7,18593,33259,-14666
8225,1997,8,18512,7215,11297
8225,1997,9,18547,40104,-21557
8225,1997,10,20141,3615,16526
8225,1997,11,18470,21015,-2545
8225,1997,12,27565,18315,9250
8225,1998,1,18194,59801,-41607
8225,1998,2,18184,3633,14551
8225,1998,3,18226,29633,-11407
8225,1998,4,20157,3018,17139
8225,1998,5,18383,25832,-7449
8225,1998,6,27409,30851,-3442
8225,1998,7,18287,15132,3155
8225,1998,8,19835,27754,-7919
8225,1998,9,18219,9034,9185
8225,1998,10,18310,16932,1378
8225,1998,11,18338,12132,6206
8225,1998,12,27504,11117,16387
8260,1993,3,200,0,200
8260,1993,4,37468,8200,29268
8260,1993,5,37575,23200,14375
8260,1993,6,56355,40000,16355
8260,1993,7,37686,37000,686
8260,1993,8,37728,41793,-4065
8260,1993,9,37652,53353,-15701
8260,1993,10,37673,31915,5758
8260,1993,11,37678,32896,4782
8260,1993,12,56454,51449,5005
8260,1994,1,37665,46371,-8706
8260,1994,2,37642,34815,2827
8260,1994,3,37653,42739,-5086
8260,1994,4,37664,33215,4449
8260,1994,5,37671,32315,5356
8260,1994,6,56358,88689,-32331
8260,1994,7,37597,22915,14682
8260,1994,8,37630,35019,2611
8260,1994,9,37631,35054,2577
8260,1994,10,37645,38832,-1187
8260,1994,11,37604,52020,-14416
8260,1994,12,56337,41339,14998
8260,1995,1,37612,56681,-19069
8260,1995,2,37579,18754,18825
8260,1995,3,37615,40947,-3332
8260,1995,4,37616,31154,6462
8260,1995,5,37651,51139,-13488
8260,1995,6,56345,40887,15458
8260,1995,7,37623,41335,-3712
8260,1995,8,37631,35724,1907
8260,1995,9,37644,31254,6390
8260,1995,10,37672,30654,7018
8260,1995,11,37682,37754,-72
8260,1995,12,56353,74254,-17901
8260,1996,1,37605,39454,-1849
8260,1996,2,37698,6554,31144
8260,1996,3,37640,65554,-27914
8260,1996,4,37709,7854,29855
8260,1996,5,37789,21754,16035
8260,1996,6,56527,54928,1599
8260,1996,7,37834,30354,7480
8260,1996,8,37739,76654,-38915
8260,1996,9,37753,14754,22999
8260,1996,10,37788,30754,7034
8260,1996,11,37848,24054,13794
8260,1996,12,56472,95154,-38682
8260,1997,1,37753,27954,9799
8260,1997,2,37816,13954,23862
8260,1997,3,37790,72698,-34908
8260,1997,4,40396,8812,31584
8260,1997,5,37740,64654,-26914
8260,1997,6,58882,50854,8028
8260,1997,7,42916,47654,-4738
8260,1997,8,37806,17054,20752
8260,1997,9,43477,71615,-28138
8260,1997,10,37774,16776,20998
8260,1997,11,37808,37015,793
8260,1997,12,56533,57215,-682
8260,1998,1,44072,56411,-12339
8260,1998,2,54803,48423,6380
8260,1998,3,69260,86106,-16846
8260,1998,4,46156,19215,26941
8260,1998,5,61590,76315,-14725
8260,1998,6,78410,123827,-45417
8260,1998,7,59730,8252,51478
8260,1998,8,69015,65562,3453
8260,1998,9,51235,37815,13420
8260,1998,10,61998,66915,-4917
8260,1998,11,67667,67115,552
8260,1998,12,56479,80100,-23621
8261,1993,5,22564,0,22564
8261,1993,6,35342,0,35342
8261,1993,7,22363,15200,7163
8261,1993,8,22378,21600,778
8261,1993,9,22376,22015,361
8261,1993,10,22283,48319,-26036
8261,1993,11,22194,31789,-9595
8261,1993,12,33812,25124,8688
8261,1994,1,22245,26512,-4267
8261,1994,2,22269,11512,10757
8261,1994,3,22265,20312,1953
8261,1994,4,22226,44525,-22299
8261,1994,5,25720,8812,16908
8261,1994,6,33328,16912,16416
8261,1994,7,22369,26212,-3843
8261,1994,8,22336,39712,-17376
8261,1994,9,22222,36996,-14774
8261,1994,10,27016,8812,18204
8261,1994,11,22271,13812,8459
8261,1994,12,33313,23812,9501
8261,1995,1,22312,41812,-19500
8261,1995,2,22273,14512,7761
8261,1995,3,22287,21212,1075
8261,1995,4,22274,20212,2062
8261,1995,5,22304,30234,-7930
8261,1995,6,33247,45712,-12465
8261,1995,7,22172,19512,2660
8261,1995,8,22193,29395,-7202
8261,1995,9,22184,17212,4972
8261,1995,10,22203,17252,4951
8261,1995,11,22260,18752,3508
8261,1995,12,33274,29252,4022
8261,1996,1,22202,38052,-15850
8261,1996,2,22141,25046,-2905
8261,1996,3,22162,17152,5010
8261,1996,4,22144,27552,-5408
8261,1996,5,22129,22252,-123
8261,1996,6,33164,36152,-2988
8261,1996,7,22089,24052,-1963
8261,1996,8,22105,21352,753
8261,1996,9,22088,23052,-964
8261,1996,10,22091,21252,839
8261,1996,11,22103,18752,3351
8261,1996,12,33137,26352,6785
8261,1997,1,22127,27952,-5825
8261,1997,2,22109,26552,-4443
8261,1997,3,22111,9552,12559
8261,1997,4,22167,31252,-9085
8261,1997,5,22132,8052,14080
8261,1997,6,33178,38452,-5274
8261,1997,7,22161,28452,-6291
8261,1997,8,22115,25752,-3637
8261,1997,9,22098,21252,846
8261,1997,10,22079,21452,627
8261,1997,11,22083,25652,-3569
8261,1997,12,33066,31752,1314
8261,1998,1,22119,12352,9767
8261,1998,2,22109,31552,-9443
8261,1998,3,22133,11552,10581
8261,1998,4,22129,29952,-7823
8261,1998,5,22075,22452,-377
8261,1998,6,33072,27552,5520
8261,1998,7,22086,27252,-5166
8261,1998,8,22107,26252,-4145
8261,1998,9,22113,8752,13361
8261,1998,10,22219,7852,14367
8261,1998,11,22212,25552,-3340
8261,1998,12,33319,14137,19182
8268,1996,9,400,0,400
8268,1996,10,15855,0,15855
8268,1996,11,12830,2800,10030
8268,1996,12,19224,14200,5024
8268,1997,1,12890,12400,490
8268,1997,2,12897,11815,1082
8268,1997,3,12945,18684,-5739
8268,1997,4,12913,13484,-571
8268,1997,5,12893,19564,-6671
8268,1997,6,19205,17784,1421
8268,1997,7,14167,10844,3323
8268,1997,8,12889,9084,3805
8268,1997,9,12917,11984,933
8268,1997,10,12904,12643,261
8268,1997,11,14234,11483,2751
8268,1997,12,19317,15223,4094
8268,1998,1,18435,25163,-6728
8268,1998,2,20856,8243,12613
8268,1998,3,14489,8243,6246
8268,1998,4,17788,8243,9545
8268,1998,5,13169,9043,4126
8268,1998,6,33562,45843,-12281
8268,1998,7,18602,8243,10359
8268,1998,8,13161,13743,-582
8268,1998,9,13627,17723,-4096
8268,1998,10,16328,9683,6645
8268,1998,11,13193,9843,3350
8268,1998,12,19599,12428,7171
8316,1994,6,24724,0,24724
8316,1994,7,103,1500,-1397
8316,1994,8,63183,11900,51283
8316,1994,9,36943,23115,13828
8316,1994,10,12385,50349,-37964
8316,1994,11,44255,17815,26440
8316,1994,12,72645,117749,-45104
8316,1995,1,4772,15315,-10543
8316,1995,2,166,5815,-5649
8316,1995,3,12326,4915,7411
8316,1995,4,22520,13294,9226
8316,1995,5,49438,27331,22107
8316,1995,6,62495,54131,8364
8316,1995,7,259,15731,-15472
8316,1995,8,8626,25131,-16505
8316,1995,9,18002,7331,10671
8316,1995,10,12818,9631,3187
8316,1995,11,40249,29631,10618
8316,1995,12,276,21367,-21091
8316,1996,1,47740,59341,-11601
8316,1996,2,41262,16031,25231
8316,1996,3,78483,57131,21352
8316,1996,4,5404,35059,-29655
8316,1996,5,32734,22531,10203
8316,1996,6,2529,17434,-14905
8316,1996,7,39311,20831,18480
8316,1996,8,59129,42431,16698
8316,1996,9,48857,61731,-12874
8316,1996,10,35045,48114,-13069
8316,1996,11,54179,27092,27087
8316,1996,12,46384,27031,19353
8316,1997,1,90879,102831,-11952
8316,1997,2,74572,89860,-15288
8316,1997,3,41120,34731,6389
8316,1997,4,12618,29035,-16417
8316,1997,5,16024,13815,2209
8316,1997,6,93674,76915,16759
8316,1997,7,343,28715,-28372
8316,1997,8,48033,23715,24318
8316,1997,9,72448,61015,11433
8316,1997,10,514,21115,-20601
8316,1997,11,34478,14815,19663
8316,1997,12,114992,144315,-29323
8316,1998,1,170831,156886,13945
8316,1998,2,284,13715,-13431
8316,1998,3,50009,33850,16159
8316,1998,4,105393,83975,21418
8316,1998,5,44893,71886,-26993
8316,1998,6,2224,18315,-16091
8316,1998,7,137884,85815,52069
8316,1998,8,52180,29615,22565
8316,1998,9,6910,59715,-52805
8316,1998,10,41525,22980,18545
8316,1998,11,351,29815,-29464
8316,1998,12,125546,58900,66646
8320,1997,1,1100,0,1100
8320,1997,2,31057,3100,27957
8320,1997,3,31154,23500,7654
8320,1997,4,31185,27900,3285
8320,1997,5,31213,26400,4813
8320,1997,6,46797,54281,-7484
8320,1997,7,31194,45938,-14744
8320,1997,8,31140,31081,59
8320,1997,9,31081,41983,-10902
8320,1997,10,31109,24581,6528
8320,1997,11,31128,30881,247
8320,1997,12,46630,44181,2449
8320,1998,1,31159,36381,-5222
8320,1998,2,31152,26392,4760
8320,1998,3,31128,28481,2647
8320,1998,4,31197,23781,7416
8320,1998,5,31234,27781,3453
8320,1998,6,46740,40681,6059
8320,1998,7,31339,40381,-9042
8320,1998,8,31176,30081,1095
8320,1998,9,31164,41782,-10618
8320,1998,10,31149,23381,7768
8320,1998,11,31179,30773,406
8320,1998,12,46718,39790,6928
8321,1993,4,11414,0,11414
8321,1993,5,18220,0,18220
8321,1993,6,16103,200,15903
8321,1993,7,10851,11400,-549
8321,1993,8,10862,9315,1547
8321,1993,9,10889,19456,-8567
8321,1993,10,10809,13256,-2447
8321,1993,11,10831,14356,-3525
8321,1993,12,16113,11696,4417
8321,1994,1,10773,23956,-13183
8321,1994,2,13160,8756,4404
8321,1994,3,10945,13696,-2751
8321,1994,4,13376,8156,5220
8321,1994,5,10761,9340,1421
8321,1994,6,16109,18220,-2111
8321,1994,7,10755,9440,1315
8321,1994,8,10798,11540,-742
8321,1994,9,10788,14180,-3392
8321,1994,10,11665,12980,-1315
8321,1994,11,11630,8540,3090
8321,1994,12,16579,14380,2199
8321,1995,1,11230,24500,-13270
8321,1995,2,17816,11780,6036
8321,1995,3,15466,8540,6926
8321,1995,4,10796,8940,1856
8321,1995,5,10798,11540,-742
8321,1995,6,18418,8540,9878
8321,1995,7,10823,15500,-4677
8321,1995,8,10840,11540,-700
8321,1995,9,10788,12540,-1752
8321,1995,10,10797,14200,-3403
8321,1995,11,11455,8540,2915
8321,1995,12,16115,14480,1635
8321,1996,1,16445,22420,-5975
8321,1996,2,12536,8540,3996
8321,1996,3,10766,15280,-4514
8321,1996,4,14182,8540,5642
8321,1996,5,11875,10580,1295
8321,1996,6,21573,22940,-1367
8321,1996,7,10816,8940,1876
8321,1996,8,10781,10120,661
8321,1996,9,13135,9980,3155
8321,1996,10,10779,14180,-3401
8321,1996,11,11629,8540,3089
8321,1996,12,16093,15100,993
8321,1997,1,19587,33620,-14033
8321,1997,2,19162,8540,10622
8321,1997,3,13290,8540,4750
8321,1997,4,17014,13940,3074
8321,1997,5,12706,8540,4166
8321,1997,6,16225,12740,3485
8321,1997,7,10946,10540,406
8321,1997,8,10878,11940,-1062
8321,1997,9,13655,8540,5115
8321,1997,10,10894,12540,-1646
8321,1997,11,11001,8540,2461
8321,1997,12,16260,18580,-2320
8321,1998,1,14639,36060,-21421
8321,1998,2,21692,8540,13152
8321,1998,3,15914,8540,7374
8321,1998,4,11290,8540,2750
8321,1998,5,13876,12140,1736
8321,1998,6,16178,41380,-25202
8321,1998,7,17176,9140,8036
8321,1998,8,16730,8540,8190
8321,1998,9,11921,8540,3381
8321,1998,10,15366,8540,6826
8321,1998,11,13304,8540,4764
8321,1998,12,16223,16645,-422
8327,1995,8,47867,0,47867
8327,1995,9,199,10500,-10301
8327,1995,10,63633,6500,57133
8327,1995,11,392,35700,-35308
8327,1995,12,62984,39737,23247
8327,1996,1,68310,68773,-463
8327,1996,2,65043,96273,-31230
8327,1996,3,30929,24234,6695
8327,1996,4,282,28034,-27752
8327,1996,5,96371,46034,50337
8327,1996,6,85190,87234,-2044
8327,1996,7,49086,76034,-26948
8327,1996,8,230,22534,-22304
8327,1996,9,133,12334,-12201
8327,1996,10,105359,69234,36125
8327,1996,11,72723,76311,-3588
8327,1996,12,20795,33883,-13088
8327,1997,1,9735,19934,-10199
8327,1997,2,8401,11834,-3433
8327,1997,3,16466,11834,4632
8327,1997,4,22764,11834,10930
8327,1997,5,5630,11834,-6204
8327,1997,6,13280,11834,1446
8327,1997,7,12264,11834,430
8327,1997,8,13804,11834,1970
8327,1997,9,35049,15234,19815
8327,1997,10,10694,25308,-14614
8327,1997,11,9754,11834,-2080
8327,1997,12,9995,17534,-7539
8327,1998,1,11080,11834,-754
8327,1998,2,16954,11834,5120
8327,1998,3,45454,19334,26120
8327,1998,4,34714,41004,-6290
8327,1998,5,50166,11834,38332
8327,1998,6,65372,81434,-16062
8327,1998,7,455,34858,-34403
8327,1998,8,3811,14534,-10723
8327,1998,9,60872,42277,18595
8327,1998,10,54296,44433,9863
8327,1998,11,20176,35234,-15058
8327,1998,12,204,16504,-16300
8330,1993,3,600,0,600
8330,1993,4,21539,0,21539
8330,1993,5,21234,10900,10334
8330,1993,6,31843,21100,10743
8330,1993,7,21326,21700,-374
8330,1993,8,21528,22703,-1175
8330,1993,9,21540,19523,2017
8330,1993,10,21494,20323,1171
8330,1993,11,21538,25003,-3465
8330,1993,12,32129,27143,4986
8330,1994,1,21515,34763,-13248
8330,1994,2,21455,13423,8032
8330,1994,3,21408,25943,-4535
8330,1994,4,21406,18342,3064
8330,1994,5,21436,18442,2994
8330,1994,6,32065,31282,783
8330,1994,7,21495,22642,-1147
8330,1994,8,21425,22542,-1117
8330,1994,9,21474,21542,-68
8330,1994,10,21490,18582,2908
8330,1994,11,21435,19142,2293
8330,1994,12,32087,31522,565
8330,1995,1,21458,34922,-13464
8330,1995,2,21363,15242,6121
8330,1995,3,21445,22742,-1297
8330,1995,4,21397,16142,5255
8330,1995,5,21473,20942,531
8330,1995,6,32069,26602,5467
8330,1995,7,21497,23842,-2345
8330,1995,8,21396,29402,-8006
8330,1995,9,21404,22942,-1538
8330,1995,10,21352,20542,810
8330,1995,11,21352,21842,-490
8330,1995,12,32008,26962,5046
8330,1996,1,21393,33662,-12269
8330,1996,2,21293,20742,551
8330,1996,3,21313,19842,1471
8330,1996,4,21354,24023,-2669
8330,1996,5,21349,20823,526
8330,1996,6,31912,28543,3369
8330,1996,7,21322,20823,499
8330,1996,8,21364,20223,1141
8330,1996,9,21354,22823,-1469
8330,1996,10,21325,27543,-6218
8330,1996,11,21295,21243,52
8330,1996,12,31887,30823,1064
8330,1997,1,21307,24803,-3496
8330,1997,2,21355,4023,17332
8330,1997,3,21344,29843,-8499
8330,1997,4,21346,24843,-3497
8330,1997,5,21322,23423,-2101
8330,1997,6,32004,4023,27981
8330,1997,7,21459,26323,-4864
8330,1997,8,21425,25823,-4398
8330,1997,9,21477,4623,16854
8330,1997,10,21448,43543,-22095
8330,1997,11,21526,3923,17603
8330,1997,12,32023,39503,-7480
8330,1998,1,21494,22983,-1489
8330,1998,2,21510,8723,12787
8330,1998,3,21461,32623,-11162
8330,1998,4,21427,28723,-7296
8330,1998,5,21451,35523,-14072
8330,1998,6,32016,19223,12793
8330,1998,7,21503,33823,-12320
8330,1998,8,21380,8943,12437
8330,1998,9,21480,9423,12057
8330,1998,10,21535,42723,-21188
8330,1998,11,21427,4023,17404
8330,1998,12,32185,10708,21477
8341,1996,12,800,0,800
8341,1997,1,12000,0,12000
8341,1997,2,67007,31900,35107
8341,1997,3,9699,18600,-8901
8341,1997,4,44685,34400,10285
8341,1997,5,84028,44815,39213
8341,1997,6,6496,87015,-80519
8341,1997,7,45894,24115,21779
8341,1997,8,25653,44550,-18897
8341,1997,9,65172,68213,-3041
8341,1997,10,32205,31542,663
8341,1997,11,1023,11134,-10111
8341,1997,12,42160,18419,23741
8341,1998,1,33726,25345,8381
8341,1998,2,123,22615,-22492
8341,1998,3,36541,30615,5926
8341,1998,4,15528,22715,-7187
8341,1998,5,25,13100,-13075
8341,1998,6,5496,7665,-2169
8341,1998,7,0,7592,-7592
8341,1998,8,32612,5886,26726
8341,1998,9,84497,57715,26782
8341,1998,10,83074,33215,49859
8341,1998,11,92154,128815,-36661
8341,1998,12,23355,46800,-23445
8377,1993,11,200,0,200
8377,1993,12,14300,0,14300
8377,1994,1,6200,0,6200
8377,1994,2,2600,0,2600
8377,1994,3,2300,0,2300
8377,1994,4,1600,0,1600
8377,1994,5,100,0,100
8377,1994,6,32716,19200,13516
8377,1994,7,170,7600,-7430
8377,1994,8,170,3200,-3030
8377,1994,9,170,3300,-3130
8377,1994,10,28590,17000,11590
8377,1994,11,160,9100,-8940
8377,1994,12,160,4100,-3940
8377,1995,1,45647,8600,37047
8377,1995,2,86517,93605,-7088
8377,1995,3,71822,39405,32417
8377,1995,4,39825,49005,-9180
8377,1995,5,98850,97005,1845
8377,1995,6,111496,121756,-10260
8377,1995,7,19553,30056,-10503
8377,1995,8,81727,72956,8771
8377,1995,9,367,35156,-34789
8377,1995,10,36278,16556,19722
8377,1995,11,59424,20656,38768
8377,1995,12,47831,40856,6975
8377,1996,1,307,84292,-83985
8377,1996,2,11810,13156,-1346
8377,1996,3,15212,13156,2056
8377,1996,4,8173,13156,-4983
8377,1996,5,25201,13156,12045
8377,1996,6,5909,13156,-7247
8377,1996,7,10097,13156,-3059
8377,1996,8,10361,13156,-2795
8377,1996,9,13361,13156,205
8377,1996,10,13461,13156,305
8377,1996,11,14972,13156,1816
8377,1996,12,17812,13156,4656
8377,1997,1,15007,17656,-2649
8377,1997,2,12282,13156,-874
8377,1997,3,13897,13156,741
8377,1997,4,13600,13156,444
8377,1997,5,10286,13156,-2870
8377,1997,6,12878,13156,-278
8377,1997,7,12873,13156,-283
8377,1997,8,27980,13156,14824
8377,1997,9,19612,13156,6456
8377,1997,10,12774,13156,-382
8377,1997,11,15474,13156,2318
8377,1997,12,14889,13156,1733
8377,1998,1,14936,19156,-4220
8377,1998,2,20189,13156,7033
8377,1998,3,18588,20956,-2368
8377,1998,4,39592,16956,22636
8377,1998,5,8614,26540,-17926
8377,1998,6,13043,13156,-113
8377,1998,7,30655,16756,13899
8377,1998,8,3292,13156,-9864
8377,1998,9,41275,25156,16119
8377,1998,10,67037,67156,-119
8377,1998,11,25208,25956,-748
8377,1998,12,26710,32041,-5331
8381,1996,9,500,0,500
8381,1996,10,28817,0,28817
8381,1996,11,81185,27100,54085
8381,1996,12,73373,68815,4558
8381,1997,1,35202,102494,-67292
8381,1997,2,73442,26405,47037
8381,1997,3,48794,29494,19300
8381,1997,4,108177,134994,-26817
8381,1997,5,35321,42128,-6807
8381,1997,6,113549,69894,43655
8381,1997,7,67870,64373,3497
8381,1997,8,17626,75745,-58119
8381,1997,9,27142,29387,-2245
8381,1997,10,18431,23045,-4614
8381,1997,11,140087,112996,27091
8381,1997,12,50757,46060,4697
8381,1998,1,6409,65845,-59436
8381,1998,2,3010,8804,-5794
8381,1998,3,0,771,-771
8381,1998,4,47592,40743,6849
8381,1998,5,6518,15794,-9276
8381,1998,6,57709,8807,48902
8381,1998,7,73400,36945,36455
8381,1998,8,184746,189494,-4748
8381,1998,9,36182,56736,-20554
8381,1998,10,20873,40345,-19472
8381,1998,11,20856,30093,-9237
8381,1998,12,3409,22630,-19221
8405,1994,5,900,0,900
8405,1994,6,33360,5500,27860
8405,1994,7,22387,12900,9487
8405,1994,8,22422,19200,3222
8405,1994,9,22449,19300,3149
8405,1994,10,22423,33064,-10641
8405,1994,11,22389,27564,-5175
8405,1994,12,33456,29524,3932
8405,1995,1,22336,33584,-11248
8405,1995,2,25864,21904,3960
8405,1995,3,22317,23764,-1447
8405,1995,4,22335,21964,371
8405,1995,5,22326,23464,-1138
8405,1995,6,33384,40704,-7320
8405,1995,7,23430,16764,6666
8405,1995,8,24580,12964,11616
8405,1995,9,22448,15664,6784
8405,1995,10,22446,24964,-2518
8405,1995,11,22448,21201,1247
8405,1995,12,33544,39901,-6357
8405,1996,1,23441,38581,-15140
8405,1996,2,23712,23581,131
8405,1996,3,22345,12301,10044
8405,1996,4,22423,21201,1222
8405,1996,5,22425,21901,524
8405,1996,6,35036,45261,-10225
8405,1996,7,22351,15301,7050
8405,1996,8,22388,20921,1467
8405,1996,9,22389,21901,488
8405,1996,10,22392,24301,-1909
8405,1996,11,22380,23501,-1121
8405,1996,12,33489,26841,6648
8405,1997,1,22336,36501,-14165
8405,1997,2,22314,19021,3293
8405,1997,3,22339,16501,5838
8405,1997,4,22375,20701,1674
8405,1997,5,22327,26321,-3994
8405,1997,6,33461,31281,2180
8405,1997,7,22373,22021,352
8405,1997,8,22382,19301,3081
8405,1997,9,22383,22901,-518
8405,1997,10,22383,20201,2182
8405,1997,11,22390,22901,-511
8405,1997,12,33506,28901,4605
8405,1998,1,22315,37921,-15606
8405,1998,2,22321,17521,4800
8405,1998,3,22355,19821,2534
8405,1998,4,22364,25881,-3517
8405,1998,5,22348,17901,4447
8405,1998,6,33473,28701,4772
8405,1998,7,22378,27961,-5583
8405,1998,8,22341,25681,-3340
8405,1998,9,22347,20621,1726
8405,1998,10,22358,17101,5257
8405,1998,11,22378,18601,3777
8405,1998,12,33520,27066,6454
8411,1994,12,34394,0,34394
8411,1995,1,22420,16600,5820
8411,1995,2,22392,0,22392
8411,1995,3,22505,16400,6105
8411,1995,4,22534,24015,-1481
8411,1995,5,22488,47234,-24746
8411,1995,6,33558,31434,2124
8411,1995,7,22409,27834,-5425
8411,1995,8,25352,39634,-14282
8411,1995,9,22292,17434,4858
8411,1995,10,22298,25234,-2936
8411,1995,11,22305,17134,5171
8411,1995,12,33436,26734,6702
8411,1996,1,22328,34134,-11806
8411,1996,2,22319,17734,4585
8411,1996,3,22292,24487,-2195
8411,1996,4,23083,25934,-2851
8411,1996,5,22285,18211,4074
8411,1996,6,33408,28811,4597
8411,1996,7,22348,27911,-5563
8411,1996,8,22290,22211,79
8411,1996,9,22297,26811,-4514
8411,1996,10,22264,22811,-547
8411,1996,11,22241,24511,-2270
8411,1996,12,33286,35311,-2025
8411,1997,1,22217,18411,3806
8411,1997,2,22231,27111,-4880
8411,1997,3,22200,23211,-1011
8411,1997,4,22220,13011,9209
8411,1997,5,22255,22611,-356
8411,1997,6,33323,34611,-1288
8411,1997,7,22252,24011,-1759
8411,1997,8,22238,21911,327
8411,1997,9,22227,24311,-2084
8411,1997,10,22219,19411,2808
8411,1997,11,22232,20911,1321
8411,1997,12,33314,29511,3803
8411,1998,1,22268,26211,-3943
8411,1998,2,22240,23711,-1471
8411,1998,3,22253,15811,6442
8411,1998,4,22283,22911,-628
8411,1998,5,22275,21711,564
8411,1998,6,33299,32611,688
8411,1998,7,22272,21011,1261
8411,1998,8,22293,21311,982
8411,1998,9,22300,20711,1589
8411,1998,10,22297,26211,-3914
8411,1998,11,22242,24511,-2269
8411,1998,12,33311,30096,3215
8475,1993,9,1100,0,1100
8475,1993,10,14692,0,14692
8475,1993,11,6952,0,6952
8475,1993,12,9932,5700,4232
8475,1994,1,6738,2600,4138
8475,1994,2,6719,8921,-2202
8475,1994,3,6687,12721,-6034
8475,1994,4,6684,7021,-337
8475,1994,5,6674,8561,-1887
8475,1994,6,11558,5221,6337
8475,1994,7,8337,5221,3116
8475,1994,8,6721,7221,-500
8475,1994,9,6711,11321,-4610
8475,1994,10,9928,5221,4707
8475,1994,11,6722,5621,1101
8475,1994,12,10586,10541,45
8475,1995,1,12979,22541,-9562
8475,1995,2,6666,5221,1445
8475,1995,3,10816,5221,5595
8475,1995,4,8502,10861,-2359
8475,1995,5,10422,6221,4201
8475,1995,6,10000,6121,3879
8475,1995,7,7866,6901,965
8475,1995,8,6772,7721,-949
8475,1995,9,10546,9781,765
8475,1995,10,11657,12061,-404
8475,1995,11,7518,5221,2297
8475,1995,12,10036,9301,735
8475,1996,1,12381,24701,-12320
8475,1996,2,8554,5343,3211
8475,1996,3,10791,9983,808
8475,1996,4,9899,9083,816
8475,1996,5,6679,5843,836
8475,1996,6,12028,16863,-4835
8475,1996,7,6682,5443,1239
8475,1996,8,10292,10183,109
8475,1996,9,6691,9143,-2452
8475,1996,10,6643,6243,400
8475,1996,11,8990,4943,4047
8475,1996,12,9978,8363,1615
8475,1997,1,9900,14583,-4683
8475,1997,2,8658,8603,55
8475,1997,3,8862,5143,3719
8475,1997,4,7411,5343,2068
8475,1997,5,8893,5043,3850
8475,1997,6,14894,10803,4091
8475,1997,7,8202,5143,3059
8475,1997,8,6806,9243,-2437
8475,1997,9,6788,7643,-855
8475,1997,10,6736,5743,993
8475,1997,11,6775,10263,-3488
8475,1997,12,9978,15883,-5905
8475,1998,1,9371,16443,-7072
8475,1998,2,11296,5243,6053
8475,1998,3,6696,5243,1453
8475,1998,4,7762,14643,-6881
8475,1998,5,8441,5343,3098
8475,1998,6,9935,7523,2412
8475,1998,7,10783,5043,5740
8475,1998,8,6688,11983,-5295
8475,1998,9,6688,13423,-6735
8475,1998,10,9332,5243,4089
8475,1998,11,11784,5143,6641
8475,1998,12,9947,8968,979
8489,1993,9,700,0,700
8489,1993,10,18576,0,18576
8489,1993,11,17765,5900,11865
8489,1993,12,26639,15700,10939
8489,1994,1,17864,17700,164
8489,1994,2,17919,23750,-5831
8489,1994,3,17912,21650,-3738
8489,1994,4,17880,18850,-970
8489,1994,5,17852,15650,2202
8489,1994,6,26705,32610,-5905
8489,1994,7,17840,16250,1590
8489,1994,8,17846,20650,-2804
8489,1994,9,17842,14450,3392
8489,1994,10,17887,14990,2897
8489,1994,11,17856,15350,2506
8489,1994,12,26769,20150,6619
8489,1995,1,17874,37350,-19476
8489,1995,2,17806,15250,2556
8489,1995,3,18646,15670,2976
8489,1995,4,17832,18150,-318
8489,1995,5,17825,18550,-725
8489,1995,6,26660,18350,8310
8489,1995,7,17836,25780,-7944
8489,1995,8,17816,19000,-1184
8489,1995,9,17816,16220,1596
8489,1995,10,17784,19920,-2136
8489,1995,11,17794,19520,-1726
8489,1995,12,26613,25420,1193
8489,1996,1,17783,20600,-2817
8489,1996,2,22039,11220,10819
8489,1996,3,17807,25720,-7913
8489,1996,4,18229,11220,7009
8489,1996,5,17845,20780,-2935
8489,1996,6,26669,20820,5849
8489,1996,7,17870,18920,-1050
8489,1996,8,17846,21460,-3614
8489,1996,9,17839,11220,6619
8489,1996,10,17862,22980,-5118
8489,1996,11,17873,11220,6653
8489,1996,12,26675,39640,-12965
8489,1997,1,17815,16380,1435
8489,1997,2,17802,11220,6582
8489,1997,3,17856,11220,6636
8489,1997,4,17940,11220,6720
8489,1997,5,17972,15780,2192
8489,1997,6,26768,34420,-7652
8489,1997,7,17925,32420,-14495
8489,1997,8,17797,11220,6577
8489,1997,9,17846,11220,6626
8489,1997,10,17930,11220,6710
8489,1997,11,17978,11220,6758
8489,1997,12,26785,45060,-18275
8489,1998,1,17829,22260,-4431
8489,1998,2,17814,11220,6594
8489,1998,3,17868,11220,6648
8489,1998,4,17934,19860,-1926
8489,1998,5,17931,11220,6711
8489,1998,6,26741,42720,-15979
8489,1998,7,17843,16210,1633
8489,1998,8,17842,12150,5692
8489,1998,9,17879,10150,7729
8489,1998,10,17950,12070,5880
8489,1998,11,17941,20570,-2629
8489,1998,12,26853,12435,14418
8492,1994,6,1000,0,1000
8492,1994,7,17555,0,17555
8492,1994,8,11233,3800,7433
8492,1994,9,11266,6300,4966
8492,1994,10,11288,10300,988
8492,1994,11,11350,8715,2635
8492,1994,12,17016,15218,1798
8492,1995,1,14714,30218,-15504
8492,1995,2,12210,5618,6592
8492,1995,3,11384,7018,4366
8492,1995,4,11386,11818,-432
8492,1995,5,11488,10878,610
8492,1995,6,16983,11018,5965
8492,1995,7,11468,12418,-950
8492,1995,8,11459,9118,2341
8492,1995,9,11403,13629,-2226
8492,1995,10,11444,12909,-1465
8492,1995,11,11392,11049,343
8492,1995,12,17031,14689,2342
8492,1996,1,16964,28489,-11525
8492,1996,2,14344,5849,8495
8492,1996,3,14585,13049,1536
8492,1996,4,12766,5849,6917
8492,1996,5,11508,8949,2559
8492,1996,6,17061,17869,-808
8492,1996,7,11431,17989,-6558
8492,1996,8,11462,7249,4213
8492,1996,9,11425,13049,-1624
8492,1996,10,11397,15189,-3792
8492,1996,11,11388,8949,2439
8492,1996,12,16992,15389,1603
8492,1997,1,14190,30869,-16679
8492,1997,2,15529,9249,6280
8492,1997,3,11400,9749,1651
8492,1997,4,11511,5849,5662
8492,1997,5,11401,7649,3752
8492,1997,6,19673,25849,-6176
8492,1997,7,11408,11149,259
8492,1997,8,11375,13869,-2494
8492,1997,9,16101,5849,10252
8492,1997,10,13916,5849,8067
8492,1997,11,11476,10349,1127
8492,1997,12,17093,11049,6044
8492,1998,1,11496,35029,-23533
8492,1998,2,19326,7049,12277
8492,1998,3,14091,5849,8242
8492,1998,4,11497,12689,-1192
8492,1998,5,15255,5849,9406
8492,1998,6,19709,35829,-16120
8492,1998,7,20683,5849,14834
8492,1998,8,13851,5849,8002
8492,1998,9,11629,8549,3080
8492,1998,10,11694,15549,-3855
8492,1998,11,11634,6149,5485
8492,1998,12,17294,13934,3360
8505,1997,3,1100,0,1100
8505,1997,4,20641,0,20641
8505,1997,5,15418,9200,6218
8505,1997,6,23090,17300,5790
8505,1997,7,15471,15200,271
8505,1997,8,15576,14415,1161
8505,1997,9,15592,14915,677
8505,1997,10,15603,15635,-32
8505,1997,11,15528,16495,-967
8505,1997,12,23228,19965,3263
8505,1998,1,15560,27025,-11465
8505,1998,2,15473,8685,6788
8505,1998,3,15505,13885,1620
8505,1998,4,15484,19585,-4101
8505,1998,5,15482,14285,1197
8505,1998,6,23211,15645,7566
8505,1998,7,15577,19745,-4168
8505,1998,8,15535,19885,-4350
8505,1998,9,15453,21965,-6512
8505,1998,10,15454,17085,-1631
8505,1998,11,15479,11605,3874
8505,1998,12,23116,27200,-4084
8519,1993,4,38644,0,38644
8519,1993,5,37770,6000,31770
8519,1993,6,56654,23500,33154
8519,1993,7,38037,73500,-35463
8519,1993,8,37940,45815,-7875
8519,1993,9,37829,48026,-10197
8519,1993,10,37751,48669,-10918
8519,1993,11,37685,32026,5659
8519,1993,12,56481,47726,8755
8519,1994,1,37689,58697,-21008
8519,1994,2,37629,32726,4903
8519,1994,3,37655,36826,829
8519,1994,4,37654,46222,-8568
8519,1994,5,37652,28526,9126
8519,1994,6,56495,45026,11469
8519,1994,7,37789,45426,-7637
8519,1994,8,37752,35550,2202
8519,1994,9,37770,38050,-280
8519,1994,10,37743,55350,-17607
8519,1994,11,37579,25550,12029
8519,1994,12,56370,51576,4794
8519,1995,1,37734,34850,2884
8519,1995,2,37668,40688,-3020
8519,1995,3,37689,32750,4939
8519,1995,4,37730,46622,-8892
8519,1995,5,37617,52050,-14433
8519,1995,6,56263,42314,13949
8519,1995,7,37569,43713,-6144
8519,1995,8,37586,31161,6425
8519,1995,9,37682,32426,5256
8519,1995,10,37585,42910,-5325
8519,1995,11,37616,33549,4067
8519,1995,12,56357,46526,9831
8519,1996,1,37617,58393,-20776
8519,1996,2,37629,30026,7603
8519,1996,3,37580,48066,-10486
8519,1996,4,37568,25926,11642
8519,1996,5,37644,31226,6418
8519,1996,6,56382,44926,11456
8519,1996,7,37761,50795,-13034
8519,1996,8,37599,56389,-18790
8519,1996,9,37561,27026,10535
8519,1996,10,37627,30526,7101
8519,1996,11,37690,31826,5864
8519,1996,12,56408,48926,7482
8519,1997,1,40054,32926,7128
8519,1997,2,37783,28226,9557
8519,1997,3,37669,63258,-25589
8519,1997,4,37668,42931,-5263
8519,1997,5,38736,19926,18810
8519,1997,6,56545,57126,-581
8519,1997,7,37782,33026,4756
8519,1997,8,37730,41526,-3796
8519,1997,9,37737,33326,4411
8519,1997,10,37756,49626,-11870
8519,1997,11,37607,61385,-23778
8519,1997,12,56316,30696,25620
8519,1998,1,37667,36326,1341
8519,1998,2,37603,58151,-20548
8519,1998,3,37638,41677,-4039
8519,1998,4,37598,19326,18272
8519,1998,5,37694,27426,10268
8519,1998,6,56447,40826,15621
8519,1998,7,37728,71969,-34241
8519,1998,8,37626,40426,-2800
8519,1998,9,37628,24726,12902
8519,1998,10,37670,30426,7244
8519,1998,11,37602,57552,-19950
8519,1998,12,59153,18411,40742
8523,1996,11,400,0,400
8523,1996,12,69860,24700,45160
8523,1997,1,46775,35300,11475
8523,1997,2,47021,50900,-3879
8523,1997,3,46791,41600,5191
8523,1997,4,51165,85662,-34497
8523,1997,5,46813,36215,10598
8523,1997,6,70117,59915,10202
8523,1997,7,46818,35215,11603
8523,1997,8,47079,45676,1403
8523,1997,9,46941,56653,-9712
8523,1997,10,46871,34103,12768
8523,1997,11,47031,99247,-52216
8523,1997,12,70121,29815,40306
8523,1998,1,46962,75215,-28253
8523,1998,2,46804,28115,18689
8523,1998,3,46859,44076,2783
8523,1998,4,46912,43218,3694
8523,1998,5,46795,66039,-19244
8523,1998,6,70146,51561,18585
8523,1998,7,46868,70954,-24086
8523,1998,8,46805,17768,29037
8523,1998,9,46896,41767,5129
8523,1998,10,46951,36668,10283
8523,1998,11,47006,42868,4138
8523,1998,12,70309,81077,-10768
8533,1995,10,600,0,600
8533,1995,11,12300,0,12300
8533,1995,12,6600,0,6600
8533,1996,1,55323,12300,43023
8533,1996,2,43275,37700,5575
8533,1996,3,76967,61715,15252
8533,1996,4,74851,75615,-764
8533,1996,5,98752,105115,-6363
8533,1996,6,42083,66315,-24232
8533,1996,7,48247,17715,30532
8533,1996,8,22542,25815,-3273
8533,1996,9,11878,36515,-24637
8533,1996,10,81753,38741,43012
8533,1996,11,68648,91141,-22493
8533,1996,12,87893,81841,6052
8533,1997,1,46431,58750,-12319
8533,1997,2,46373,36011,10362
8533,1997,3,32697,39809,-7112
8533,1997,4,83520,44375,39145
8533,1997,5,7017,46341,-39324
8533,1997,6,362,63080,-62718
8533,1997,7,83453,41853,41600
8533,1997,8,76111,48341,27770
8533,1997,9,9938,29125,-19187
8533,1997,10,24414,31141,-6727
8533,1997,11,109174,107542,1632
8533,1997,12,39500,49082,-9582
8533,1998,1,17308,41350,-24042
8533,1998,2,27132,3641,23491
8533,1998,3,37491,21041,16450
8533,1998,4,5946,21027,-15081
8533,1998,5,35397,30384,5013
8533,1998,6,652,3641,-2989
8533,1998,7,64338,24613,39725
8533,1998,8,47659,60945,-13286
8533,1998,9,32293,30741,1552
8533,1998,10,3109,30706,-27597
8533,1998,11,25441,16041,9400
8533,1998,12,246,16226,-15980
8547,1995,7,300,0,300
8547,1995,8,19337,0,19337
8547,1995,9,107092,38330,68762
8547,1995,10,61797,115830,-54033
8547,1995,11,27666,23966,3700
8547,1995,12,36309,21654,14655
8547,1996,1,146565,149330,-2765
8547,1996,2,45138,24230,20908
8547,1996,3,18754,37943,-19189
8547,1996,4,94759,80083,14676
8547,1996,5,122415,117585,4830
8547,1996,6,81992,119637,-37645
8547,1996,7,62012,26837,35175
8547,1996,8,143908,96611,47297
8547,1996,9,515,56065,-55550
8547,1996,10,137,55916,-55779
8547,1996,11,79196,4837,74359
8547,1996,12,41063,39837,1226
8547,1997,1,51171,81316,-30145
8547,1997,2,230,15837,-15607
8547,1997,3,14439,5637,8802
8547,1997,4,88198,41837,46361
8547,1997,5,50483,53637,-3154
8547,1997,6,81852,86661,-4809
8547,1997,7,25659,45360,-19701
8547,1997,8,46956,15737,31219
8547,1997,9,10572,62343,-51771
8547,1997,10,36101,45851,-9750
8547,1997,11,52915,30971,21944
8547,1997,12,54527,39582,14945
8547,1998,1,253,59137,-58884
8547,1998,2,13872,4837,9035
8547,1998,3,16294,7455,8839
8547,1998,4,2906,12838,-9932
8547,1998,5,6998,8137,-1139
8547,1998,6,8800,4837,3963
8547,1998,7,14548,4837,9711
8547,1998,8,12156,8137,4019
8547,1998,9,14259,18337,-4078
8547,1998,10,14112,4837,9275
8547,1998,11,13410,12937,473
8547,1998,12,220,8707,-8487
8558,1994,2,800,0,800
8558,1994,3,10500,0,10500
8558,1994,4,26080,6000,20080
8558,1994,5,27271,15200,12071
8558,1994,6,94888,108068,-13180
8558,1994,7,64069,39307,24762
8558,1994,8,215,34952,-34737
8558,1994,9,5165,4907,258
8558,1994,10,30440,22643,7797
8558,1994,11,30505,20107,10398
8558,1994,12,16217,18407,-2190
8558,1995,1,168,9007,-8839
8558,1995,2,9084,9907,-823
8558,1995,3,24372,22007,2365
8558,1995,4,40332,27307,13025
8558,1995,5,193,12207,-12014
8558,1995,6,221,8307,-8086
8558,1995,7,102,5407,-5305
8558,1995,8,20982,10807,10175
8558,1995,9,196,6307,-6111
8558,1995,10,5064,4907,157
8558,1995,11,4362,4907,-545
8558,1995,12,2550,4907,-2357
8558,1996,1,4736,4907,-171
8558,1996,2,41838,18507,23331
8558,1996,3,206,9107,-8901
8558,1996,4,230,6507,-6277
8558,1996,5,1286,4907,-3621
8558,1996,6,8384,4907,3477
8558,1996,7,3492,4907,-1415
8558,1996,8,35773,15007,20766
8558,1996,9,222,11407,-11185
8558,1996,10,171,7307,-7136
8558,1996,11,1345,4907,-3562
8558,1996,12,4170,4907,-737
8558,1997,1,9202,4907,4295
8558,1997,2,132,5507,-5375
8558,1997,3,25461,11807,13654
8558,1997,4,182,8307,-8125
8558,1997,5,21706,14907,6799
8558,1997,6,55059,24307,30752
8558,1997,7,17570,25731,-8161
8558,1997,8,12687,36107,-23420
8558,1997,9,37082,33658,3424
8558,1997,10,100809,50443,50366
8558,1997,11,137670,157507,-19837
8558,1997,12,379,26407,-26028
8558,1998,1,35010,8907,26103
8558,1998,2,430,18007,-17577
8558,1998,3,17662,17407,255
8558,1998,4,260,8507,-8247
8558,1998,5,982,4907,-3925
8558,1998,6,232,7007,-6775
8558,1998,7,7726,4907,2819
8558,1998,8,2211,6707,-4496
8558,1998,9,1941,4907,-2966
8558,1998,10,29662,4907,24755
8558,1998,11,227,14407,-14180
8558,1998,12,159,9107,-8948
8564,1993,9,1000,0,1000
8564,1993,10,38562,5200,33362
8564,1993,11,38758,7200,31558
8564,1993,12,58193,19800,38393
8564,1994,1,39064,38700,364
8564,1994,2,39010,49085,-10075
8564,1994,3,38966,46268,-7302
8564,1994,4,38914,59230,-20316
8564,1994,5,38801,53633,-14832
8564,1994,6,58079,30930,27149
8564,1994,7,38832,60454,-21622
8564,1994,8,38835,24068,14767
8564,1994,9,38856,38568,288
8564,1994,10,38843,57893,-19050
8564,1994,11,38801,32359,6442
8564,1994,12,58155,30768,27387
8564,1995,1,38794,81768,-42974
8564,1995,2,38778,22868,15910
8564,1995,3,39352,44239,-4887
8564,1995,4,38796,25363,13433
8564,1995,5,38845,34963,3882
8564,1995,6,58070,80463,-22393
8564,1995,7,38813,24563,14250
8564,1995,8,38849,39463,-614
8564,1995,9,38856,36269,2587
8564,1995,10,38804,43863,-5059
8564,1995,11,38838,40463,-1625
8564,1995,12,58086,61263,-3177
8564,1996,1,38686,59763,-21077
8564,1996,2,38684,34663,4021
8564,1996,3,38752,40018,-1266
8564,1996,4,38744,36163,2581
8564,1996,5,38688,45963,-7275
8564,1996,6,57863,56363,1500
8564,1996,7,38664,34563,4101
8564,1996,8,38700,44618,-5918
8564,1996,9,38677,32763,5914
8564,1996,10,38638,41373,-2735
8564,1996,11,38651,34563,4088
8564,1996,12,57888,54544,3344
8564,1997,1,38679,49363,-10684
8564,1997,2,38614,36263,2351
8564,1997,3,38591,44263,-5672
8564,1997,4,38585,40568,-1983
8564,1997,5,38625,15668,22957
8564,1997,6,57931,68968,-11037
8564,1997,7,38600,41023,-2423
8564,1997,8,38637,44868,-6231
8564,1997,9,38663,19335,19328
8564,1997,10,38689,48668,-9979
8564,1997,11,38671,41568,-2897
8564,1997,12,57845,55268,2577
8564,1998,1,38611,41368,-2757
8564,1998,2,38599,38168,431
8564,1998,3,38619,36668,1951
8564,1998,4,38649,42068,-3419
8564,1998,5,38602,41465,-2863
8564,1998,6,57827,51147,6680
8564,1998,7,38596,41468,-2872
8564,1998,8,38622,34668,3954
8564,1998,9,38620,34068,4552
8564,1998,10,38654,35568,3086
8564,1998,11,38648,38568,80
8564,1998,12,57863,58835,-972
8566,1993,10,72994,0,72994
8566,1993,11,119418,120815,-1397
8566,1993,12,28765,65403,-36638
8566,1994,1,180,18164,-17984
8566,1994,2,6180,16364,-10184
8566,1994,3,5,9517,-9512
8566,1994,4,16326,8916,7410
8566,1994,5,20161,9464,10697
8566,1994,6,5575,14564,-8989
8566,1994,7,9044,9464,-420
8566,1994,8,11156,9464,1692
8566,1994,9,8148,9464,-1316
8566,1994,10,12538,15859,-3321
8566,1994,11,12947,9464,3483
8566,1994,12,10354,9464,890
8566,1995,1,17247,9464,7783
8566,1995,2,34004,9464,24540
8566,1995,3,163,21159,-20996
8566,1995,4,5780,15859,-10079
8566,1995,5,18658,9464,9194
8566,1995,6,40715,19064,21651
8566,1995,7,2022,15859,-13837
8566,1995,8,30056,34182,-4126
8566,1995,9,10578,15859,-5281
8566,1995,10,11870,9464,2406
8566,1995,11,8975,9464,-489
8566,1995,12,5682,9464,-3782
8566,1996,1,8454,9464,-1010
8566,1996,2,24,9464,-9440
8566,1996,3,10232,570,9662
8566,1996,4,21545,15859,5686
8566,1996,5,5178,9464,-4286
8566,1996,6,46,9464,-9418
8566,1996,7,15,570,-555
8566,1996,8,30957,15859,15098
8566,1996,9,39,15859,-15820
8566,1996,10,19890,15859,4031
8566,1996,11,51,570,-519
8566,1996,12,25,570,-545
8566,1997,1,42,570,-528
8566,1997,2,48647,15859,32788
8566,1997,3,43032,19459,23573
8566,1997,4,65984,88959,-22975
8566,1997,5,48455,45759,2696
8566,1997,6,47146,49359,-2213
8566,1997,7,100054,39459,60595
8566,1997,8,152983,174259,-21276
8566,1997,9,497,48159,-47662
8566,1997,10,65381,32964,32417
8566,1997,11,8376,35064,-26688
8566,1997,12,70984,39764,31220
8566,1998,1,73069,66937,6132
8566,1998,2,35025,37364,-2339
8566,1998,3,315,45199,-44884
8566,1998,4,64,16664,-16600
8566,1998,5,5301,570,4731
8566,1998,6,65192,52464,12728
8566,1998,7,112,14464,-14352
8566,1998,8,39,570,-531
8566,1998,9,36,570,-534
8566,1998,10,50099,40464,9635
8566,1998,11,84,9464,-9380
8566,1998,12,44187,39355,4832
8625,1993,11,17297,0,17297
8625,1993,12,55469,13200,42269
8625,1994,1,95110,68715,26395
8625,1994,2,7339,74095,-66756
8625,1994,3,57780,21859,35921
8625,1994,4,106960,94166,12794
8625,1994,5,67505,112135,-44630
8625,1994,6,82808,22866,59942
8625,1994,7,50430,39466,10964
8625,1994,8,103389,168178,-64789
8625,1994,9,44738,16766,27972
8625,1994,10,60904,47466,13438
8625,1994,11,51000,58766,-7766
8625,1994,12,64699,54566,10133
8625,1995,1,97639,61666,35973
8625,1995,2,62816,84966,-22150
8625,1995,3,124256,103066,21190
8625,1995,4,39538,94937,-55399
8625,1995,5,134549,86137,48412
8625,1995,6,8302,43337,-35035
8625,1995,7,93245,74137,19108
8625,1995,8,84888,84837,51
8625,1995,9,57176,35737,21439
8625,1995,10,16236,77209,-60973
8625,1995,11,6085,21937,-15852
8625,1995,12,90452,51837,38615
8625,1996,1,159444,143537,15907
8625,1996,2,95355,106701,-11346
8625,1996,3,78783,97198,-18415
8625,1996,4,67708,48137,19571
8625,1996,5,31676,55587,-23911
8625,1996,6,101837,98437,3400
8625,1996,7,254,13837,-13583
8625,1996,8,96084,84637,11447
8625,1996,9,28824,35166,-6342
8625,1996,10,27157,22537,4620
8625,1996,11,496,10137,-9641
8625,1996,12,41433,14037,27396
8625,1997,1,46178,70137,-23959
8625,1997,2,45371,30137,15234
8625,1997,3,27234,29837,-2603
8625,1997,4,19694,27766,-8072
8625,1997,5,147059,137966,9093
8625,1997,6,220,16866,-16646
8625,1997,7,200,12266,-12066
8625,1997,8,110696,20366,90330
8625,1997,9,27040,79166,-52126
8625,1997,10,10200,41394,-31194
8625,1997,11,109,10066,-9957
8625,1997,12,46249,25066,21183
8625,1998,1,216,16366,-16150
8625,1998,2,115,9666,-9551
8625,1998,3,87897,42066,45831
8625,1998,4,54110,34166,19944
8625,1998,5,34201,47766,-13565
8625,1998,6,8881,34966,-26085
8625,1998,7,44382,42666,1716
8625,1998,8,192,9666,-9474
8625,1998,9,124,10566,-10442
8625,1998,10,59686,40966,18720
8625,1998,11,180,10266,-10086
8625,1998,12,162,9851,-9689
8628,1996,10,400,0,400
8628,1996,11,119520,46820,72700
8628,1996,12,345,48000,-47655
8628,1997,1,2898,17900,-15002
8628,1997,2,17008,14322,2686
8628,1997,3,27,15929,-15902
8628,1997,4,0,132,-132
8628,1997,5,35429,17104,18325
8628,1997,6,5465,14400,-8935
8628,1997,7,17115,12900,4215
8628,1997,8,3561,5300,-1739
8628,1997,9,17630,16400,1230
8628,1997,10,9658,13500,-3842
8628,1997,11,71399,44200,27199
8628,1997,12,106592,51800,54792
8628,1998,1,37243,95368,-58125
8628,1998,2,2284,14800,-12516
8628,1998,3,137396,64268,73128
8628,1998,4,65672,69900,-4228
8628,1998,5,444,42600,-42156
8628,1998,6,21419,34300,-12881
8628,1998,7,38584,20900,17684
8628,1998,8,184,26700,-26516
8628,1998,9,10130,15400,-5270
8628,1998,10,11898,8800,3098
8628,1998,11,104,14200,-14096
8628,1998,12,60822,11100,49722
8639,1997,8,400,0,400
8639,1997,9,20322,0,20322
8639,1997,10,18711,8000,10711
8639,1997,11,18742,18500,242
8639,1997,12,28054,19300,8754
8639,1998,1,18828,37315,-18487
8639,1998,2,19340,20998,-1658
8639,1998,3,18747,18280,467
8639,1998,4,18804,12615,6189
8639,1998,5,18733,24105,-5372
8639,1998,6,28018,25575,2443
8639,1998,7,18778,11510,7268
8639,1998,8,18806,30184,-11378
8639,1998,9,18762,6910,11852
8639,1998,10,18820,20709,-1889
8639,1998,11,18783,16810,1973
8639,1998,12,28113,36388,-8275
8645,1997,6,700,0,700
8645,1997,7,18373,0,18373
8645,1997,8,17061,5500,11561
8645,1997,9,17117,8700,8417
8645,1997,10,17153,13400,3753
8645,1997,11,17167,18615,-1448
8645,1997,12,25694,33434,-7740
8645,1998,1,17120,31294,-14174
8645,1998,2,17052,14434,2618
8645,1998,3,17071,18134,-1063
8645,1998,4,17113,15534,1579
8645,1998,5,17112,18234,-1122
8645,1998,6,25561,19434,6127
8645,1998,7,17101,20334,-3233
8645,1998,8,17103,19054,-1951
8645,1998,9,17105,14734,2371
8645,1998,10,19990,17934,2056
8645,1998,11,17141,15234,1907
8645,1998,12,25655,16774,8881
8680,1996,2,800,0,800
8680,1996,3,20995,0,20995
8680,1996,4,14466,7600,6866
8680,1996,5,14491,11800,2691
8680,1996,6,21677,14900,6777
8680,1996,7,14535,18315,-3780
8680,1996,8,14526,14560,-34
8680,1996,9,14499,18660,-4161
8680,1996,10,14489,15660,-1171
8680,1996,11,14483,18060,-3577
8680,1996,12,25579,14560,11019
8680,1997,1,14474,30960,-16486
8680,1997,2,14410,14560,-150
8680,1997,3,14413,14560,-147
8680,1997,4,14423,14560,-137
8680,1997,5,14423,14560,-137
8680,1997,6,21599,14560,7039
8680,1997,7,14455,15560,-1105
8680,1997,8,14431,19760,-5329
8680,1997,9,14391,18560,-4169
8680,1997,10,16596,14560,2036
8680,1997,11,14389,16360,-1971
8680,1997,12,22265,14560,7705
8680,1998,1,14418,17460,-3042
8680,1998,2,16235,14560,1675
8680,1998,3,14636,14560,76
8680,1998,4,14403,17460,-3057
8680,1998,5,16820,14560,2260
8680,1998,6,21600,16160,5440
8680,1998,7,14439,24560,-10121
8680,1998,8,14691,14560,131
8680,1998,9,14691,14560,131
8680,1998,10,14389,15060,-671
8680,1998,11,14374,14560,-186
8680,1998,12,21556,14545,7011
8688,1996,11,400,0,400
8688,1996,12,26522,100,26422
8688,1997,1,17812,7600,10212
8688,1997,2,17836,16800,1036
8688,1997,3,17848,14100,3748
8688,1997,4,17933,21780,-3847
8688,1997,5,17918,20380,-2462
8688,1997,6,26802,32000,-5198
8688,1997,7,17891,9780,8111
8688,1997,8,17968,20040,-2072
8688,1997,9,17970,15460,2510
8688,1997,10,17913,17820,93
8688,1997,11,17922,13180,4742
8688,1997,12,26871,21100,5771
8688,1998,1,18000,33780,-15780
8688,1998,2,17884,12080,5804
8688,1998,3,17994,10780,7214
8688,1998,4,18030,13715,4315
8688,1998,5,18076,17475,601
8688,1998,6,26850,42015,-15165
8688,1998,7,17946,13115,4831
8688,1998,8,17961,18995,-1034
8688,1998,9,17913,13515,4398
8688,1998,10,17960,23535,-5575
8688,1998,11,17934,18915,-981
8688,1998,12,26834,8500,18334
8713,1997,5,400,0,400
8713,1997,6,27711,0,27711
8713,1997,7,17262,11300,5962
8713,1997,8,17288,15100,2188
8713,1997,9,17309,13800,3509
8713,1997,10,17278,28515,-11237
8713,1997,11,17311,17015,296
8713,1997,12,25824,24315,1509
8713,1998,1,19608,39815,-20207
8713,1998,2,22998,11051,11947
8713,1998,3,18728,24657,-5929
8713,1998,4,25072,10915,14157
8713,1998,5,17360,8915,8445
8713,1998,6,25826,51877,-26051
8713,1998,7,17831,3015,14816
8713,1998,8,17300,8160,9140
8713,1998,9,20577,18600,1977
8713,1998,10,17396,15175,2221
8713,1998,11,17408,5460,11948
8713,1998,12,25941,63903,-37962
8742,1997,1,900,0,900
8742,1997,2,16672,0,16672
8742,1997,3,15751,2200,13551
8742,1997,4,15808,7500,8308
8742,1997,5,15844,14700,1144
8742,1997,6,25035,41390,-16355
8742,1997,7,16376,8707,7669
8742,1997,8,15944,17269,-1325
8742,1997,9,15922,18589,-2667
8742,1997,10,15882,17569,-1687
8742,1997,11,15892,14969,923
8742,1997,12,23740,23149,591
8742,1998,1,16710,28489,-11779
8742,1998,2,15796,10969,4827
8742,1998,3,15844,13669,2175
8742,1998,4,15846,13269,2577
8742,1998,5,15859,20549,-4690
8742,1998,6,23629,26049,-2420
8742,1998,7,15821,13169,2652
8742,1998,8,15816,20707,-4891
8742,1998,9,15808,15287,521
8742,1998,10,15784,15007,777
8742,1998,11,15787,16467,-680
8742,1998,12,23660,18452,5208
8759,1993,9,600,0,600
8759,1993,10,11600,0,11600
8759,1993,11,75247,0,75247
8759,1993,12,13732,32700,-18968
8759,1994,1,65180,82215,-17035
8759,1994,2,93720,81715,12005
8759,1994,3,49835,26215,23620
8759,1994,4,43193,72715,-29522
8759,1994,5,11418,21215,-9797
8759,1994,6,183317,162111,21206
8759,1994,7,43739,59242,-15503
8759,1994,8,424,13115,-12691
8759,1994,9,100981,47815,53166
8759,1994,10,65715,104112,-38397
8759,1994,11,52254,27162,25092
8759,1994,12,39154,48056,-8902
8759,1995,1,45929,52115,-6186
8759,1995,2,49570,51740,-2170
8759,1995,3,169238,175815,-6577
8759,1995,4,49976,10815,39161
8759,1995,5,23320,31515,-8195
8759,1995,6,25409,83934,-58525
8759,1995,7,43736,11282,32454
8759,1995,8,9902,14415,-4513
8759,1995,9,67417,41115,26302
8759,1995,10,34519,22715,11804
8759,1995,11,55350,42153,13197
8759,1995,12,82438,88321,-5883
8759,1996,1,472,66615,-66143
8759,1996,2,27652,15,27637
8759,1996,3,306,37569,-37263
8759,1996,4,20051,2106,17945
8759,1996,5,50258,29552,20706
8759,1996,6,49718,37215,12503
8759,1996,7,37221,35170,2051
8759,1996,8,239,55917,-55678
8759,1996,9,23948,12769,11179
8759,1996,10,6536,15,6521
8759,1996,11,26121,15,26106
8759,1996,12,402,19015,-18613
8759,1997,1,16587,38200,-21613
8759,1997,2,6371,15,6356
8759,1997,3,18904,15670,3234
8759,1997,4,7339,5415,1924
8759,1997,5,6035,15,6020
8759,1997,6,1508,15,1493
8759,1997,7,613,15,598
8759,1997,8,2161,15,2146
8759,1997,9,171,9747,-9576
8759,1997,10,72856,36888,35968
8759,1997,11,523,19715,-19192
8759,1997,12,6927,15615,-8688
8759,1998,1,21924,41622,-19698
8759,1998,2,19087,15,19072
8759,1998,3,11592,7515,4077
8759,1998,4,14963,23909,-8946
8759,1998,5,6638,18531,-11893
8759,1998,6,14778,10976,3802
8759,1998,7,26580,17218,9362
8759,1998,8,68145,46615,21530
8759,1998,9,452,9515,-9063
8759,1998,10,32184,17415,14769
8759,1998,11,496,12015,-11519
8759,1998,12,10465,34966,-24501
8772,1996,5,800,0,800
8772,1996,6,20647,0,20647
8772,1996,7,11190,6900,4290
8772,1996,8,11202,11000,202
8772,1996,9,11208,10300,908
8772,1996,10,11198,15572,-4374
8772,1996,11,11176,14272,-3096
8772,1996,12,16700,19372,-2672
8772,1997,1,11135,20272,-9137
8772,1997,2,11100,12072,-972
8772,1997,3,12204,9372,2832
8772,1997,4,11103,15872,-4769
8772,1997,5,11097,9272,1825
8772,1997,6,16625,15972,653
8772,1997,7,11092,9211,1881
8772,1997,8,11116,9211,1905
8772,1997,9,11086,16711,-5625
8772,1997,10,11079,9211,1868
8772,1997,11,11100,9211,1889
8772,1997,12,16662,9211,7451
8772,1998,1,11098,22311,-11213
8772,1998,2,11084,9211,1873
8772,1998,3,11100,9211,1889
8772,1998,4,11114,9211,1903
8772,1998,5,11130,9211,1919
8772,1998,6,16629,22411,-5782
8772,1998,7,11088,9211,1877
8772,1998,8,11100,9211,1889
8772,1998,9,11112,9211,1901
8772,1998,10,11125,9211,1914
8772,1998,11,11139,9211,1928
8772,1998,12,16690,16696,-6
8776,1994,8,600,0,600
8776,1994,9,18203,0,18203
8776,1994,10,13590,1600,11990
8776,1994,11,13632,10600,3032
8776,1994,12,20392,14700,5692
8776,1995,1,13725,22815,-9090
8776,1995,2,13761,5815,7946
8776,1995,3,13812,9415,4397
8776,1995,4,13858,15015,-1157
8776,1995,5,13820,15215,-1395
8776,1995,6,20531,22915,-2384
8776,1995,7,13782,9515,4267
8776,1995,8,13848,11115,2733
8776,1995,9,13782,14323,-541
8776,1995,10,13773,13023,750
8776,1995,11,13768,15523,-1755
8776,1995,12,20516,20423,93
8776,1996,1,13790,29923,-16133
8776,1996,2,13738,823,12915
8776,1996,3,13812,9723,4089
8776,1996,4,13822,12323,1499
8776,1996,5,13776,10623,3153
8776,1996,6,20494,27823,-7329
8776,1996,7,13808,10323,3485
8776,1996,8,13822,12623,1199
8776,1996,9,13856,10123,3733
8776,1996,10,13870,15823,-1953
8776,1996,11,13777,12523,1254
8776,1996,12,20576,19323,1253
8776,1997,1,13726,32023,-18297
8776,1997,2,13697,8123,5574
8776,1997,3,13764,9923,3841
8776,1997,4,13786,10523,3263
8776,1997,5,13777,7923,5854
8776,1997,6,20530,22023,-1493
8776,1997,7,13823,6423,7400
8776,1997,8,13846,13623,223
8776,1997,9,13860,12423,1437
8776,1997,10,13884,10123,3761
8776,1997,11,13917,10623,3294
8776,1997,12,20774,8723,12051
8776,1998,1,13966,32323,-18357
8776,1998,2,13929,8123,5806
8776,1998,3,13902,12323,1579
8776,1998,4,13898,15323,-1425
8776,1998,5,13962,9923,4039
8776,1998,6,20614,27723,-7109
8776,1998,7,13916,17423,-3507
8776,1998,8,13934,6323,7611
8776,1998,9,14002,5123,8879
8776,1998,10,13999,14923,-924
8776,1998,11,13955,12723,1232
8776,1998,12,20754,10308,10446
8784,1996,10,1100,0,1100
8784,1996,11,36923,7300,29623
8784,1996,12,55489,30700,24789
8784,1997,1,37164,33300,3864
8784,1997,2,37171,36300,871
8784,1997,3,37227,57569,-20342
8784,1997,4,37208,35212,1996
8784,1997,5,37038,48466,-11428
8784,1997,6,55511,40012,15499
8784,1997,7,37165,41312,-4147
8784,1997,8,37132,37912,-780
8784,1997,9,37055,41612,-4557
8784,1997,10,37075,40512,-3437
8784,1997,11,37088,35012,2076
8784,1997,12,55544,49512,6032
8784,1998,1,37108,39712,-2604
8784,1998,2,37143,19512,17631
8784,1998,3,37215,47512,-10297
8784,1998,4,37134,29930,7204
8784,1998,5,37192,29910,7282
8784,1998,6,55776,39210,16566
8784,1998,7,37291,39610,-2319
8784,1998,8,37247,44110,-6863
8784,1998,9,37252,35610,1642
8784,1998,10,37292,53610,-16318
8784,1998,11,37151,38210,-1059
8784,1998,12,55665,41066,14599
8856,1994,12,200,0,200
8856,1995,1,40614,0,40614
8856,1995,2,38749,21000,17749
8856,1995,3,88648,103215,-14567
8856,1995,4,78324,75615,2709
8856,1995,5,216,16215,-15999
8856,1995,6,6568,11815,-5247
8856,1995,7,6024,15415,-9391
8856,1995,8,37,12015,-11978
8856,1995,9,77450,35698,41752
8856,1995,10,46812,17215,29597
8856,1995,11,138194,108115,30079
8856,1995,12,106732,137149,-30417
8856,1996,1,31217,62415,-31198
8856,1996,2,58887,42115,16772
8856,1996,3,37127,34909,2218
8856,1996,4,55159,31815,23344
8856,1996,5,45554,37415,8139
8856,1996,6,37383,52033,-14650
8856,1996,7,55967,43915,12052
8856,1996,8,445,34415,-33970
8856,1996,9,19390,25215,-5825
8856,1996,10,85092,56015,29077
8856,1996,11,67393,28915,38478
8856,1996,12,598,60314,-59716
8856,1997,1,7740,24615,-16875
8856,1997,2,44684,18915,25769
8856,1997,3,385,27515,-27130
8856,1997,4,146,2215,-2069
8856,1997,5,47383,4515,42868
8856,1997,6,72974,44315,28659
8856,1997,7,135363,164215,-28852
8856,1997,8,357,32315,-31958
8856,1997,9,95460,13415,82045
8856,1997,10,74610,106715,-32105
8856,1997,11,488,36015,-35527
8856,1997,12,68943,25415,43528
8856,1998,1,1610,55115,-53505
8856,1998,2,55930,30431,25499
8856,1998,3,6053,20315,-14262
8856,1998,4,51771,12215,39556
8856,1998,5,2170,33415,-31245
8856,1998,6,57689,33715,23974
8856,1998,7,46920,41115,5805
8856,1998,8,66193,52622,13571
8856,1998,9,451,20515,-20064
8856,1998,10,52185,46215,5970
8856,1998,11,35900,35815,85
8856,1998,12,108148,73400,34748
8896,1996,5,66106,0,66106
8896,1996,6,275,20100,-19825
8896,1996,7,51411,45700,5711
8896,1996,8,47350,41300,6050
8896,1996,9,108112,86138,21974
8896,1996,10,33482,62800,-29318
8896,1996,11,146704,142435,4269
8896,1996,12,42672,57600,-14928
8896,1997,1,89082,83500,5582
8896,1997,2,174,38661,-38487
8896,1997,3,125303,64800,60503
8896,1997,4,117118,141880,-24762
8896,1997,5,47449,41200,6249
8896,1997,6,16818,36400,-19582
8896,1997,7,159804,82659,77145
8896,1997,8,72668,111033,-38365
8896,1997,9,45384,80136,-34752
8896,1997,10,34838,23000,11838
8896,1997,11,18993,38306,-19313
8896,1997,12,9699,20200,-10501
8896,1998,1,53070,43000,10070
8896,1998,2,40288,43719,-3431
8896,1998,3,8791,25535,-16744
8896,1998,4,12,2000,-1988
8896,1998,5,1606,100,1506
8896,1998,6,31308,30189,1119
8896,1998,7,111933,39200,72733
8896,1998,8,89493,89100,393
8896,1998,9,8466,49563,-41097
8896,1998,10,88503,116407,-27904
8896,1998,11,22,9700,-9678
8896,1998,12,47273,3500,43773
8899,1994,9,500,0,500
8899,1994,10,76602,27800,48802
8899,1994,11,119778,75000,44778
8899,1994,12,46667,77043,-30376
8899,1995,1,23366,62223,-38857
8899,1995,2,39786,5343,34443
8899,1995,3,212,35942,-35730
8899,1995,4,2058,6243,-4185
8899,1995,5,56674,21651,35023
8899,1995,6,277,17943,-17666
8899,1995,7,104616,66843,37773
8899,1995,8,49370,64360,-14990
8899,1995,9,57865,61943,-4078
8899,1995,10,25704,34136,-8432
8899,1995,11,21131,25783,-4652
8899,1995,12,16062,23377,-7315
8899,1996,1,16611,28032,-11421
8899,1996,2,15233,5832,9401
8899,1996,3,96235,52532,43703
8899,1996,4,435,19832,-19397
8899,1996,5,44175,29032,15143
8899,1996,6,430,13532,-13102
8899,1996,7,2825,17740,-14915
8899,1996,8,15826,24732,-8906
8899,1996,9,37297,20948,16349
8899,1996,10,46404,29151,17253
8899,1996,11,408,7932,-7524
8899,1996,12,3239,9132,-5893
8899,1997,1,24489,46632,-22143
8899,1997,2,14250,5832,8418
8899,1997,3,25688,13332,12356
8899,1997,4,92270,90829,1441
8899,1997,5,49189,34432,14757
8899,1997,6,34746,45827,-11081
8899,1997,7,54168,34632,19536
8899,1997,8,1384,45379,-43995
8899,1997,9,138337,104722,33615
8899,1997,10,113734,133818,-20084
8899,1997,11,53310,23200,30110
8899,1997,12,75416,85132,-9716
8899,1998,1,135106,164332,-29226
8899,1998,2,92043,49032,43011
8899,1998,3,70835,104932,-34097
8899,1998,4,24272,5832,18440
8899,1998,5,37606,35205,2401
8899,1998,6,95460,77132,18328
8899,1998,7,15604,25332,-9728
8899,1998,8,67953,68732,-779
8899,1998,9,7200,6132,1068
8899,1998,10,44144,11932,32212
8899,1998,11,109351,107932,1419
8899,1998,12,67749,115002,-47253
8919,1997,7,5289,0,5289
8919,1997,8,13581,0,13581
8919,1997,9,8748,0,8748
8919,1997,10,6196,4300,1896
8919,1997,11,4441,10951,-6510
8919,1997,12,13350,16351,-3001
8919,1998,1,8070,13231,-5161
8919,1998,2,10455,5951,4504
8919,1998,3,5212,6451,-1239
8919,1998,4,6403,5751,652
8919,1998,5,8385,6051,2334
8919,1998,6,7059,6022,1037
8919,1998,7,6124,7102,-978
8919,1998,8,11306,6022,5284
8919,1998,9,7554,8422,-868
8919,1998,10,8760,6022,2738
8919,1998,11,4472,7622,-3150
8919,1998,12,6556,14867,-8311
8926,1997,3,200,0,200
8926,1997,4,24360,0,24360
8926,1997,5,17754,8700,9054
8926,1997,6,26606,16500,10106
8926,1997,7,17835,19200,-1365
8926,1997,8,17842,26862,-9020
8926,1997,9,17830,22887,-5057
8926,1997,10,17857,16487,1370
8926,1997,11,23069,17087,5982
8926,1997,12,26636,29367,-2731
8926,1998,1,21707,30867,-9160
8926,1998,2,27612,17231,10381
8926,1998,3,17819,17831,-12
8926,1998,4,17821,17531,290
8926,1998,5,19019,20711,-1692
8926,1998,6,26683,25291,1392
8926,1998,7,20993,17231,3762
8926,1998,8,17836,17931,-95
8926,1998,9,17838,19131,-1293
8926,1998,10,19200,20231,-1031
8926,1998,11,17869,22911,-5042
8926,1998,12,32787,22896,9891
8931,1996,1,31451,4400,27051
8931,1996,2,14121,0,14121
8931,1996,3,169,12500,-12331
8931,1996,4,66278,32030,34248
8931,1996,5,46765,53373,-6608
8931,1996,6,14222,47262,-33040
8931,1996,7,9408,10373,-965
8931,1996,8,57607,42359,15248
8931,1996,9,78120,35573,42547
8931,1996,10,129747,138173,-8426
8931,1996,11,160966,149873,11093
8931,1996,12,165094,160373,4721
8931,1997,1,5901,67024,-61123
8931,1997,2,72445,39378,33067
8931,1997,3,46637,45993,644
8931,1997,4,11496,33283,-21787
8931,1997,5,12793,26077,-13284
8931,1997,6,47845,26809,21036
8931,1997,7,179013,125678,53335
8931,1997,8,12295,65181,-52886
8931,1997,9,294,13178,-12884
8931,1997,10,60572,12378,48194
8931,1997,11,11575,51093,-39518
8931,1997,12,1711,11178,-9467
8931,1998,1,36104,27863,8241
8931,1998,2,61800,30578,31222
8931,1998,3,129361,157448,-28087
8931,1998,4,95379,39778,55601
8931,1998,5,79705,120563,-40858
8931,1998,6,7108,33835,-26727
8931,1998,7,64252,37404,26848
8931,1998,8,19005,15578,3427
8931,1998,9,54522,45308,9214
8931,1998,10,49700,21123,28577
8931,1998,11,93020,108278,-15258
8931,1998,12,22008,45739,-23731
8934,1993,6,500,0,500
8934,1993,7,17340,0,17340
8934,1993,8,15147,1900,13247
8934,1993,9,15235,3400,11835
8934,1993,10,15279,10100,5179
8934,1993,11,15302,16115,-813
8934,1993,12,22800,17215,5585
8934,1994,1,15059,69945,-54886
8934,1994,2,28697,23,28674
8934,1994,3,16492,11971,4521
8934,1994,4,15186,45738,-30552
8934,1994,5,28620,17,28603
8934,1994,6,22615,21084,1531
8934,1994,7,15212,11615,3597
8934,1994,8,15198,17737,-2539
8934,1994,9,15049,12315,2734
8934,1994,10,15066,12115,2951
8934,1994,11,15111,18215,-3104
8934,1994,12,22702,31737,-9035
8934,1995,1,30086,39249,-9163
8934,1995,2,23975,24167,-192
8934,1995,3,20825,13913,6912
8934,1995,4,22444,22274,170
8934,1995,5,15086,28298,-13212
8934,1995,6,30938,27535,3403
8934,1995,7,16085,8634,7451
8934,1995,8,15081,11615,3466
8934,1995,9,15156,9546,5610
8934,1995,10,15152,10915,4237
8934,1995,11,15168,25759,-10591
8934,1995,12,22549,38228,-15679
8934,1996,1,25971,31856,-5885
8934,1996,2,20737,14724,6013
8934,1996,3,26664,17798,8866
8934,1996,4,15021,3315,11706
8934,1996,5,24304,37787,-13483
8934,1996,6,25141,15604,9537
8934,1996,7,15098,22350,-7252
8934,1996,8,19538,14500,5038
8934,1996,9,15042,27369,-12327
8934,1996,10,16706,14969,1737
8934,1996,11,18758,8976,9782
8934,1996,12,22531,32331,-9800
8934,1997,1,26206,33015,-6809
8934,1997,2,22401,6615,15786
8934,1997,3,15057,5015,10042
8934,1997,4,15081,32669,-17588
8934,1997,5,15033,615,14418
8934,1997,6,22588,19715,2873
8934,1997,7,15089,13715,1374
8934,1997,8,15116,10315,4801
8934,1997,9,15094,23015,-7921
8934,1997,10,15144,9315,5829
8934,1997,11,15113,18115,-3002
8934,1997,12,22578,23615,-1037
8934,1998,1,15110,40615,-25505
8934,1998,2,17715,15,17700
8934,1998,3,15089,4815,10274
8934,1998,4,15092,21325,-6233
8934,1998,5,15119,5915,9204
8934,1998,6,22589,38614,-16025
8934,1998,7,24517,31346,-6829
8934,1998,8,20053,7833,12220
8934,1998,9,14990,27000,-12010
8934,1998,10,15319,19318,-3999
8934,1998,11,19473,15,19458
8934,1998,12,22723,7500,15223
8957,1993,11,53438,0,53438
8957,1993,12,88846,75415,13431
8957,1994,1,166,69534,-69368
8957,1994,2,66993,32915,34078
8957,1994,3,10338,23759,-13421
8957,1994,4,2277,15,2262
8957,1994,5,34226,6315,27911
8957,1994,6,326,29715,-29389
8957,1994,7,50632,68885,-18253
8957,1994,8,178604,106615,71989
8957,1994,9,97611,95215,2396
8957,1994,10,76399,72315,4084
8957,1994,11,44208,57715,-13507
8957,1994,12,500,22215,-21715
8957,1995,1,188,33115,-32927
8957,1995,2,11137,5115,6022
8957,1995,3,7362,15,7347
8957,1995,4,895,15,880
8957,1995,5,831,16058,-15227
8957,1995,6,11520,17327,-5807
8957,1995,7,12913,9954,2959
8957,1995,8,9542,8715,827
8957,1995,9,11846,15,11831
8957,1995,10,4575,15,4560
8957,1995,11,2942,9308,-6366
8957,1995,12,10283,16515,-6232
8957,1996,1,12455,19815,-7360
8957,1996,2,53098,15,53083
8957,1996,3,412,12915,-12503
8957,1996,4,337,5315,-4978
8957,1996,5,3658,15,3643
8957,1996,6,8634,12015,-3381
8957,1996,7,1001,15,986
8957,1996,8,9966,18615,-8649
8957,1996,9,12540,11415,1125
8957,1996,10,7545,15,7530
8957,1996,11,12053,21915,-9862
8957,1996,12,11027,17857,-6830
8957,1997,1,90993,49215,41778
8957,1997,2,500,14015,-13515
8957,1997,3,400,5615,-5215
8957,1997,4,109375,64915,44460
8957,1997,5,12447,21015,-8568
8957,1997,6,12098,66015,-53917
8957,1997,7,18416,9305,9111
8957,1997,8,43166,11215,31951
8957,1997,9,302,15515,-15213
8957,1997,10,60575,32415,28160
8957,1997,11,45846,62915,-17069
8957,1997,12,11644,21915,-10271
8957,1998,1,15959,50715,-34756
8957,1998,2,13301,5415,7886
8957,1998,3,23259,19473,3786
8957,1998,4,75310,11515,63795
8957,1998,5,95555,108915,-13360
8957,1998,6,27739,49215,-21476
8957,1998,7,154264,127415,26849
8957,1998,8,338,14415,-14077
8957,1998,9,283,19815,-19532
8957,1998,10,3607,15,3592
8957,1998,11,2922,15,2907
8957,1998,12,5773,5400,373
8972,1996,5,800,0,800
8972,1996,6,31723,2900,28823
8972,1996,7,21275,15800,5475
8972,1996,8,21305,17400,3905
8972,1996,9,21314,22100,-786
8972,1996,10,21407,23390,-1983
8972,1996,11,21438,24690,-3252
8972,1996,12,32017,26250,5767
8972,1997,1,21395,30908,-9513
8972,1997,2,21303,23728,-2425
8972,1997,3,21321,23068,-1747
8972,1997,4,21341,15628,5713
8972,1997,5,21365,20628,737
8972,1997,6,31963,23528,8435
8972,1997,7,21445,18628,2817
8972,1997,8,21438,23728,-2290
8972,1997,9,21440,26668,-5228
8972,1997,10,21385,17128,4257
8972,1997,11,21403,23028,-1625
8972,1997,12,31970,30008,1962
8972,1998,1,21387,31108,-9721
8972,1998,2,21325,13828,7497
8972,1998,3,21345,22048,-703
8972,1998,4,21367,23828,-2461
8972,1998,5,21351,22628,-1277
8972,1998,6,31848,46668,-14820
8972,1998,7,21268,9228,12040
8972,1998,8,21288,21828,-540
8972,1998,9,21297,24288,-2991
8972,1998,10,21256,23508,-2252
8972,1998,11,21311,15728,5583
8972,1998,12,31876,32473,-597
8982,1993,9,1100,0,1100
8982,1993,10,119693,24600,95093
8982,1993,11,83321,121215,-37894
8982,1993,12,16928,32615,-15687
8982,1994,1,971,25315,-24344
8982,1994,2,9539,5615,3924
8982,1994,3,9865,6115,3750
8982,1994,4,5528,5415,113
8982,1994,5,7731,10551,-2820
8982,1994,6,7783,7015,768
8982,1994,7,30585,4815,25770
8982,1994,8,13961,21915,-7954
8982,1994,9,58361,37915,20446
8982,1994,10,299,26242,-25943
8982,1994,11,2866,10245,-7379
8982,1994,12,23797,6345,17452
8982,1995,1,8496,31214,-22718
8982,1995,2,31135,13545,17590
8982,1995,3,2852,14445,-11593
8982,1995,4,90620,81225,9395
8982,1995,5,74708,51174,23534
8982,1995,6,258,37345,-37087
8982,1995,7,98107,82031,16076
8982,1995,8,78412,39658,38754
8982,1995,9,33741,56145,-22404
8982,1995,10,398,11545,-11147
8982,1995,11,6247,6345,-98
8982,1995,12,2494,16281,-13787
8982,1996,1,28459,31545,-3086
8982,1996,2,11010,6345,4665
8982,1996,3,67867,6345,61522
8982,1996,4,40918,44302,-3384
8982,1996,5,11384,39730,-28346
8982,1996,6,280,23445,-23165
8982,1996,7,14439,6345,8094
8982,1996,8,1164,6345,-5181
8982,1996,9,41136,6345,34791
8982,1996,10,60782,57444,3338
8982,1996,11,456,33268,-32812
8982,1996,12,32131,29777,2354
8982,1997,1,61113,39645,21468
8982,1997,2,298,38172,-37874
8982,1997,3,43341,6345,36996
8982,1997,4,77630,71961,5669
8982,1997,5,152879,168545,-15666
8982,1997,6,95525,89845,5680
8982,1997,7,28404,47385,-18981
8982,1997,8,65674,13423,52251
8982,1997,9,44411,62845,-18434
8982,1997,10,526,16145,-15619
8982,1997,11,33102,14327,18775
8982,1997,12,472,13815,-13343
8982,1998,1,33607,68215,-34608
8982,1998,2,19638,20951,-1313
8982,1998,3,59422,15915,43507
8982,1998,4,486,30691,-30205
8982,1998,5,33044,33091,-47
8982,1998,6,14766,7615,7151
8982,1998,7,140881,105615,35266
8982,1998,8,43219,69015,-25796
8982,1998,9,28443,22904,5539
8982,1998,10,27196,10315,16881
8982,1998,11,46539,27215,19324
8982,1998,12,60187,76483,-16296
8998,1995,5,1100,0,1100
8998,1995,6,12300,0,12300
8998,1995,7,6100,0,6100
8998,1995,8,1900,0,1900
8998,1995,9,0,400,-400
8998,1995,10,1500,0,1500
8998,1995,11,0,2000,-2000
8998,1996,1,68552,15800,52752
8998,1996,2,305,27800,-27495
8998,1996,3,46146,58187,-12041
8998,1996,4,273,10915,-10642
8998,1996,5,97,8315,-8218
8998,1996,6,77749,41615,36134
8998,1996,7,28570,35206,-6636
8998,1996,8,43898,38415,5483
8998,1996,9,27480,19815,7665
8998,1996,10,233,24515,-24282
8998,1996,11,47208,23249,23959
8998,1996,12,118680,82915,35765
8998,1997,1,41567,121515,-79948
8998,1997,2,10286,10915,-629
8998,1997,3,31705,22415,9290
8998,1997,4,60933,45815,15118
8998,1997,5,39847,33515,6332
8998,1997,6,164,29015,-28851
8998,1997,7,30895,17415,13480
8998,1997,8,39408,52888,-13480
8998,1997,9,100,10815,-10715
8998,1997,10,27725,22815,4910
8998,1997,11,53,12200,-12147
8998,1997,12,9666,7755,1911
8998,1998,1,19825,8239,11586
8998,1998,2,28296,13780,14516
8998,1998,3,7458,13515,-6057
8998,1998,4,44,16797,-16753
8998,1998,5,30662,28175,2487
8998,1998,6,7,6300,-6293
8998,1998,7,5296,2134,3162
8998,1998,8,0,7814,-7814
8998,1998,9,0,1214,-1214
8998,1998,10,46211,5527,40684
8998,1998,11,242,32517,-32275
8998,1998,12,0,10800,-10800
9006,1994,9,112167,36200,75967
9006,1994,10,72487,45831,26656
9006,1994,11,64188,93899,-29711
9006,1994,12,48092,71064,-22972
9006,1995,1,120735,130471,-9736
9006,1995,2,42312,8771,33541
9006,1995,3,76645,84699,-8054
9006,1995,4,26976,43871,-16895
9006,1995,5,122965,84234,38731
9006,1995,6,18218,58971,-40753
9006,1995,7,75431,68831,6600
9006,1995,8,71934,91700,-19766
9006,1995,9,31790,21871,9919
9006,1995,10,86734,74771,11963
9006,1995,11,75249,91871,-16622
9006,1995,12,49824,54793,-4969
9006,1996,1,28917,13671,15246
9006,1996,2,274,23471,-23197
9006,1996,3,18910,7771,11139
9006,1996,4,216,9971,-9755
9006,1996,5,1944,8271,-6327
9006,1996,6,14082,8454,5628
9006,1996,7,136,8454,-8318
9006,1996,8,89482,35254,54228
9006,1996,9,306,43093,-42787
9006,1996,10,78247,35354,42893
9006,1996,11,24396,29154,-4758
9006,1996,12,5886,35254,-29368
9006,1997,1,148,17154,-17006
9006,1997,2,85,8454,-8369
9006,1997,3,36125,17471,18654
9006,1997,4,170,8454,-8284
9006,1997,5,84417,74248,10169
9006,1997,6,26457,8454,18003
9006,1997,7,47898,16733,31165
9006,1997,8,89967,107007,-17040
9006,1997,9,200,41973,-41773
9006,1997,10,79824,67954,11870
9006,1997,11,21592,8454,13138
9006,1997,12,108575,46454,62121
9006,1998,1,23233,83777,-60544
9006,1998,2,32635,20454,12181
9006,1998,3,21522,23788,-2266
9006,1998,4,54230,46854,7376
9006,1998,5,40363,42554,-2191
9006,1998,6,88197,49754,38443
9006,1998,7,41115,96514,-55399
9006,1998,8,75587,8454,67133
9006,1998,9,331,73854,-73523
9006,1998,10,15239,8454,6785
9006,1998,11,284,8454,-8170
9006,1998,12,46799,10524,36275
9017,1995,11,700,0,700
9017,1995,12,21277,0,21277
9017,1996,1,12764,7000,5764
9017,1996,2,12818,6600,6218
9017,1996,3,12843,15100,-2257
9017,1996,4,12889,15203,-2314
9017,1996,5,12828,19803,-6975
9017,1996,6,19102,15903,3199
9017,1996,7,12844,12903,-59
9017,1996,8,12810,16803,-3993
9017,1996,9,12740,25203,-12463
9017,1996,10,13901,2103,11798
9017,1996,11,12733,14503,-1770
9017,1996,12,18996,18803,193
9017,1997,1,12708,27503,-14795
9017,1997,2,12634,2103,10531
9017,1997,3,12644,24303,-11659
9017,1997,4,14838,2103,12735
9017,1997,5,12693,24703,-12010
9017,1997,6,18913,6503,12410
9017,1997,7,12662,15803,-3141
9017,1997,8,12680,11203,1477
9017,1997,9,12662,15703,-3041
9017,1997,10,12614,14815,-2201
9017,1997,11,12579,25430,-12851
9017,1997,12,18842,7151,11691
9017,1998,1,12590,13403,-813
9017,1998,2,12594,12403,191
9017,1998,3,12668,2103,10565
9017,1998,4,12680,15603,-2923
9017,1998,5,12663,13803,-1140
9017,1998,6,18921,19403,-482
9017,1998,7,12598,19203,-6605
9017,1998,8,12570,13203,-633
9017,1998,9,12582,12503,79
9017,1998,10,12653,2103,10550
9017,1998,11,12699,25403,-12704
9017,1998,12,18942,2088,16854
9024,1996,1,15555,0,15555
9024,1996,2,19670,0,19670
9024,1996,3,15173,2200,12973
9024,1996,4,15211,10600,4611
9024,1996,5,15234,12715,2519
9024,1996,6,22649,50065,-27416
9024,1996,7,15082,14325,757
9024,1996,8,15089,15165,-76
9024,1996,9,15067,14085,982
9024,1996,10,15068,18557,-3489
9024,1996,11,15077,18057,-2980
9024,1996,12,22546,19337,3209
9024,1997,1,15037,23797,-8760
9024,1997,2,15008,11937,3071
9024,1997,3,15049,17357,-2308
9024,1997,4,15021,12357,2664
9024,1997,5,15041,13257,1784
9024,1997,6,22543,20057,2486
9024,1997,7,15095,17357,-2262
9024,1997,8,15042,18157,-3115
9024,1997,9,15023,18697,-3674
9024,1997,10,15020,13957,1063
9024,1997,11,15002,13677,1325
9024,1997,12,22482,19197,3285
9024,1998,1,15050,12917,2133
9024,1998,2,15084,9257,5827
9024,1998,3,15087,15257,-170
9024,1998,4,15114,15657,-543
9024,1998,5,15084,10557,4527
9024,1998,6,22570,27757,-5187
9024,1998,7,15073,16257,-1184
9024,1998,8,15114,8657,6457
9024,1998,9,15151,12257,2894
9024,1998,10,15120,15057,63
9024,1998,11,15166,15457,-291
9024,1998,12,22616,21862,754
9030,1995,1,200,0,200
9030,1995,2,19743,0,19743
9030,1995,3,17727,6600,11127
9030,1995,4,17775,12100,5675
9030,1995,5,17806,13300,4506
9030,1995,6,26718,29053,-2335
9030,1995,7,17951,19313,-1362
9030,1995,8,17889,17233,656
9030,1995,9,17912,19733,-1821
9030,1995,10,17907,16333,1574
9030,1995,11,17854,17833,21
9030,1995,12,26754,22933,3821
9030,1996,1,17907,26013,-8106
9030,1996,2,17912,13933,3979
9030,1996,3,17934,10333,7601
9030,1996,4,17981,15913,2068
9030,1996,5,17958,14433,3525
9030,1996,6,26742,58293,-31551
9030,1996,7,20700,7033,13667
9030,1996,8,17832,13033,4799
9030,1996,9,17885,12933,4952
9030,1996,10,17944,15133,2811
9030,1996,11,17986,14633,3353
9030,1996,12,26792,23035,3757
9030,1997,1,17914,27455,-9541
9030,1997,2,17920,18175,-255
9030,1997,3,17892,13575,4317
9030,1997,4,17958,21075,-3117
9030,1997,5,17942,15775,2167
9030,1997,6,26725,44335,-17610
9030,1997,7,17811,11075,6736
9030,1997,8,17859,12875,4984
9030,1997,9,17883,19475,-1592
9030,1997,10,17853,18275,-422
9030,1997,11,17876,21895,-4019
9030,1997,12,26680,21555,5125
9030,1998,1,17899,18195,-296
9030,1998,2,17952,7975,9977
9030,1998,3,17944,23935,-5991
9030,1998,4,17944,10955,6989
9030,1998,5,17994,13475,4519
9030,1998,6,26817,25175,1642
9030,1998,7,17956,21735,-3779
9030,1998,8,17961,16875,1086
9030,1998,9,17997,16175,1822
9030,1998,10,17979,16975,1004
9030,1998,11,17999,18675,-676
9030,1998,12,26785,24300,2485
9031,1997,1,17321,0,17321
9031,1997,2,7372,0,7372
9031,1997,3,31467,0,31467
9031,1997,4,60057,47600,12457
9031,1997,5,49286,56515,-7229
9031,1997,6,369,32121,-31752
9031,1997,7,7266,13721,-6455
9031,1997,8,52712,7121,45591
9031,1997,9,444,24121,-23677
9031,1997,10,300,14321,-14021
9031,1997,11,816,7121,-6305
9031,1997,12,63354,9221,54133
9031,1998,1,399,52521,-52122
9031,1998,2,40531,13079,27452
9031,1998,3,254,21621,-21367
9031,1998,4,193,11521,-11328
9031,1998,5,6339,7121,-782
9031,1998,6,3138,7121,-3983
9031,1998,7,7730,7121,609
9031,1998,8,5105,7121,-2016
9031,1998,9,9316,7121,2195
9031,1998,10,7822,7121,701
9031,1998,11,13407,11521,1886
9031,1998,12,5040,7106,-2066
9034,1993,6,900,0,900
9034,1993,7,23627,0,23627
9034,1993,8,21930,12800,9130
9034,1993,9,21969,16500,5469
9034,1993,10,21994,20600,1394
9034,1993,11,22095,26863,-4768
9034,1993,12,32967,38348,-5381
9034,1994,1,22073,22127,-54
9034,1994,2,22080,23427,-1347
9034,1994,3,22074,22827,-753
9034,1994,4,22068,18327,3741
9034,1994,5,22018,22927,-909
9034,1994,6,32964,28727,4237
9034,1994,7,22076,27527,-5451
9034,1994,8,22050,19327,2723
9034,1994,9,22042,18327,3715
9034,1994,10,25395,34477,-9082
9034,1994,11,23902,22256,1646
9034,1994,12,32930,28842,4088
9034,1995,1,22065,19748,2317
9034,1995,2,22003,27318,-5315
9034,1995,3,22016,22848,-832
9034,1995,4,22619,27048,-4429
9034,1995,5,22382,17148,5234
9034,1995,6,32992,22648,10344
9034,1995,7,22061,23453,-1392
9034,1995,8,22118,18548,3570
9034,1995,9,22134,21448,686
9034,1995,10,22138,23848,-1710
9034,1995,11,22056,37148,-15092
9034,1995,12,32925,19248,13677
9034,1996,1,22067,30667,-8600
9034,1996,2,30405,17548,12857
9034,1996,3,22124,33148,-11024
9034,1996,4,31918,17148,14770
9034,1996,5,22099,28948,-6849
9034,1996,6,36507,31748,4759
9034,1996,7,31394,35437,-4043
9034,1996,8,22071,25104,-3033
9034,1996,9,24123,16948,7175
9034,1996,10,22138,37169,-15031
9034,1996,11,22045,18648,3397
9034,1996,12,36843,19548,17295
9034,1997,1,22173,27948,-5775
9034,1997,2,22152,20948,1204
9034,1997,3,22107,19248,2859
9034,1997,4,22078,41829,-19751
9034,1997,5,24107,18248,5859
9034,1997,6,35842,17948,17894
9034,1997,7,22114,40048,-17934
9034,1997,8,22644,17648,4996
9034,1997,9,24839,17548,7291
9034,1997,10,22141,29148,-7007
9034,1997,11,25802,17048,8754
9034,1997,12,39473,50982,-11509
9034,1998,1,31056,31571,-515
9034,1998,2,28388,21985,6403
9034,1998,3,22574,30111,-7537
9034,1998,4,23051,25837,-2786
9034,1998,5,24056,17748,6308
9034,1998,6,33555,17848,15707
9034,1998,7,22161,30348,-8187
9034,1998,8,22105,17948,4157
9034,1998,9,26024,32390,-6366
9034,1998,10,22081,19148,2933
9034,1998,11,22914,32845,-9931
9034,1998,12,33014,32933,81
9037,1996,10,400,0,400
9037,1996,11,18472,0,18472
9037,1996,12,19683,3100,16583
9037,1997,1,13229,10700,2529
9037,1997,2,13218,17200,-3982
9037,1997,3,13227,15715,-2488
9037,1997,4,13216,21264,-8048
9037,1997,5,14668,20804,-6136
9037,1997,6,19883,13364,6519
9037,1997,7,15513,13464,2049
9037,1997,8,18723,13064,5659
9037,1997,9,15640,15744,-104
9037,1997,10,19056,15464,3592
9037,1997,11,14743,18404,-3661
9037,1997,12,24299,19464,4835
9037,1998,1,18661,31744,-13083
9037,1998,2,23430,13864,9566
9037,1998,3,18373,14764,3609
9037,1998,4,17985,17284,701
9037,1998,5,18240,14564,3676
9037,1998,6,21094,12664,8430
9037,1998,7,18026,13664,4362
9037,1998,8,21125,20664,461
9037,1998,9,16401,14364,2037
9037,1998,10,15209,14171,1038
9037,1998,11,13453,14671,-1218
9037,1998,12,19919,17476,2443
9041,1993,8,61184,0,61184
9041,1993,9,255,17600,-17345
9041,1993,10,26448,11700,14748
9041,1993,11,115022,129418,-14396
9041,1993,12,11985,20315,-8330
9041,1994,1,21955,44725,-22770
9041,1994,2,100,12894,-12794
9041,1994,3,21046,3213,17833
9041,1994,4,11664,18128,-6464
9041,1994,5,63000,33545,29455
9041,1994,6,16077,22741,-6664
9041,1994,7,3880,17124,-13244
9041,1994,8,35566,14415,21151
9041,1994,9,36958,47983,-11025
9041,1994,10,31861,18515,13346
9041,1994,11,6065,23985,-17920
9041,1994,12,64718,38715,26003
9041,1995,1,16759,63791,-47032
9041,1995,2,73073,37884,35189
9041,1995,3,310,16834,-16524
9041,1995,4,24340,11115,13225
9041,1995,5,71150,44215,26935
9041,1995,6,119366,110615,8751
9041,1995,7,78670,81815,-3145
9041,1995,8,48016,47015,1001
9041,1995,9,280,25215,-24935
9041,1995,10,134764,76862,57902
9041,1995,11,18279,59637,-41358
9041,1995,12,9735,26615,-16880
9041,1996,1,116,41331,-41215
9041,1996,2,33324,19187,14137
9041,1996,3,124,6115,-5991
9041,1996,4,55,5750,-5695
9041,1996,5,2913,3615,-702
9041,1996,6,1110,15,1095
9041,1996,7,23572,18115,5457
9041,1996,8,37,1115,-1078
9041,1996,9,32,4915,-4883
9041,1996,10,2913,15,2898
9041,1996,11,24,3315,-3291
9041,1996,12,20,1515,-1495
9041,1997,1,36844,17317,19527
9041,1997,2,101410,31761,69649
9041,1997,3,72353,77015,-4662
9041,1997,4,120129,104115,16014
9041,1997,5,45811,119252,-73441
9041,1997,6,49082,49372,-290
9041,1997,7,84585,48415,36170
9041,1997,8,98369,54715,43654
9041,1997,9,75253,113755,-38502
9041,1997,10,71035,97704,-26669
9041,1997,11,61499,19815,41684
9041,1997,12,36644,65252,-28608
9041,1998,1,244,52115,-51871
9041,1998,2,13381,1315,12066
9041,1998,3,45383,7415,37968
9041,1998,4,140,37813,-37673
9041,1998,5,54,8015,-7961
9041,1998,6,22,5200,-5178
9041,1998,7,22,3500,-3478
9041,1998,8,22,5200,-5178
9041,1998,9,39201,18515,20686
9041,1998,10,97,11400,-11303
9041,1998,11,52762,45876,6886
9041,1998,12,4,12387,-12383
9051,1996,1,600,0,600
9051,1996,2,12000,0,12000
9051,1996,3,5500,0,5500
9051,1996,4,100,0,100
9051,1996,5,5000,0,5000
9051,1996,6,0,2300,-2300
9051,1996,7,0,1700,-1700
9051,1996,8,2300,0,2300
9051,1996,9,0,1300,-1300
9051,1996,10,0,1500,-1500
9051,1996,11,0,1100,-1100
9051,1996,12,0,3700,-3700
9051,1997,1,0,1200,-1200
9051,1997,2,35233,18300,16933
9051,1997,3,123,7600,-7477
9051,1997,4,75037,22100,52937
9051,1997,5,78096,104630,-26534
9051,1997,6,644,15430,-14786
9051,1997,7,13190,11530,1660
9051,1997,8,286,4730,-4444
9051,1997,9,208,10530,-10322
9051,1997,10,62,17780,-17718
9051,1997,11,25410,1830,23580
9051,1997,12,104,18656,-18552
9051,1998,1,7728,17938,-10210
9051,1998,2,9900,6394,3506
9051,1998,3,9802,30,9772
9051,1998,4,3664,15484,-11820
9051,1998,5,10401,72,10329
9051,1998,6,5137,30,5107
9051,1998,7,45491,15397,30094
9051,1998,8,144,26323,-26179
9051,1998,9,2754,9330,-6576
9051,1998,10,17645,28099,-10454
9051,1998,11,8401,31,8370
9051,1998,12,44192,30920,13272
9052,1995,8,600,0,600
9052,1995,9,43341,10400,32941
9052,1995,10,83654,22600,61054
9052,1995,11,773,38800,-38027
9052,1995,12,25006,43372,-18366
9052,1996,1,49631,61400,-11769
9052,1996,2,12521,19000,-6479
9052,1996,3,89278,43000,46278
9052,1996,4,92488,104600,-12112
9052,1996,5,45134,52400,-7266
9052,1996,6,264,26700,-26436
9052,1996,7,70,17330,-17260
9052,1996,8,5160,11565,-6405
9052,1996,9,16734,10310,6424
9052,1996,10,23395,3700,19695
9052,1996,11,68273,42100,26173
9052,1996,12,226,19900,-19674
9052,1997,1,71878,69500,2378
9052,1997,2,85331,42400,42931
9052,1997,3,122079,134599,-12520
9052,1997,4,82557,43499,39058
9052,1997,5,42470,52299,-9829
9052,1997,6,66806,101399,-34593
9052,1997,7,61261,24199,37062
9052,1997,8,35583,90099,-54516
9052,1997,9,200,17499,-17299
9052,1997,10,68781,40799,27982
9052,1997,11,29566,37699,-8133
9052,1997,12,44374,47699,-3325
9052,1998,1,9378,32399,-23021
9052,1998,2,58803,41224,17579
9052,1998,3,31675,21999,9676
9052,1998,4,51476,52499,-1023
9052,1998,5,167,27899,-27732
9052,1998,6,26860,16499,10361
9052,1998,7,40626,13899,26727
9052,1998,8,140,32099,-31959
9052,1998,9,22,15616,-15594
9052,1998,10,81466,28304,53162
9052,1998,11,345,41099,-40754
9052,1998,12,25378,13600,11778
9093,1993,6,800,0,800
9093,1993,7,21033,0,21033
9093,1993,8,19133,6800,12333
9093,1993,9,19178,14800,4378
9093,1993,10,19194,18100,1094
9093,1993,11,19235,23143,-3908
9093,1993,12,28715,28583,132
9093,1994,1,21427,37823,-16396
9093,1994,2,19113,20723,-1610
9093,1994,3,19163,8643,10520
9093,1994,4,19203,15543,3660
9093,1994,5,19205,21763,-2558
9093,1994,6,28594,45103,-16509
9093,1994,7,19123,7543,11580
9093,1994,8,19164,19438,-274
9093,1994,9,19171,15978,3193
9093,1994,10,19183,15698,3485
9093,1994,11,19173,17998,1175
9093,1994,12,28671,25338,3333
9093,1995,1,19172,28018,-8846
9093,1995,2,19205,7898,11307
9093,1995,3,19215,23798,-4583
9093,1995,4,19198,16858,2340
9093,1995,5,19234,17798,1436
9093,1995,6,28807,8098,20709
9093,1995,7,19348,21198,-1850
9093,1995,8,19397,16998,2399
9093,1995,9,19351,20698,-1347
9093,1995,10,19372,19958,-586
9093,1995,11,19308,24138,-4830
9093,1995,12,28831,20858,7973
9093,1996,1,19325,39018,-19693
9093,1996,2,19284,17978,1306
9093,1996,3,19301,12298,7003
9093,1996,4,19339,13998,5341
9093,1996,5,19290,31378,-12088
9093,1996,6,28825,33458,-4633
9093,1996,7,19301,15198,4103
9093,1996,8,19316,18398,918
9093,1996,9,19318,20998,-1680
9093,1996,10,19304,17698,1606
9093,1996,11,19314,18098,1216
9093,1996,12,28809,25258,3551
9093,1997,1,19255,23858,-4603
9093,1997,2,19303,17198,2105
9093,1997,3,19292,19098,194
9093,1997,4,19328,14298,5030
9093,1997,5,19359,15298,4061
9093,1997,6,28827,30518,-1691
9093,1997,7,19380,13498,5882
9093,1997,8,19405,17398,2007
9093,1997,9,19426,17198,2228
9093,1997,10,19400,16598,2802
9093,1997,11,19427,14698,4729
9093,1997,12,29012,21898,7114
9093,1998,1,19444,35078,-15634
9093,1998,2,19381,15798,3583
9093,1998,3,19444,22498,-3054
9093,1998,4,19405,22998,-3593
9093,1998,5,19320,26498,-7178
9093,1998,6,28839,23798,5041
9093,1998,7,19322,20998,-1676
9093,1998,8,19340,20798,-1458
9093,1998,9,19320,21498,-2178
9093,1998,10,19290,23898,-4608
9093,1998,11,19263,19698,-435
9093,1998,12,28790,14923,13867
9104,1994,1,28800,0,28800
9104,1994,2,41611,10100,31511
9104,1994,3,250,19800,-19550
9104,1994,4,31254,12615,18639
9104,1994,5,59821,41196,18625
9104,1994,6,78789,90115,-11326
9104,1994,7,27324,35815,-8491
9104,1994,8,43783,38200,5583
9104,1994,9,269,30080,-29811
9104,1994,10,49241,30641,18600
9104,1994,11,65115,16900,48215
9104,1994,12,30816,41400,-10584
9104,1995,1,29836,88300,-58464
9104,1995,2,230,4100,-3870
9104,1995,3,22833,3600,19233
9104,1995,4,225,13000,-12775
9104,1995,5,173,6600,-6427
9104,1995,6,25269,5500,19769
9104,1995,7,75921,80800,-4879
9104,1995,8,278,11700,-11422
9104,1995,9,23300,20600,2700
9104,1995,10,234,5800,-5566
9104,1995,11,595,3600,-3005
9104,1995,12,14635,4300,10335
9104,1996,1,39129,43600,-4471
9104,1996,2,48038,33100,14938
9104,1996,3,76780,29800,46980
9104,1996,4,60088,38900,21188
9104,1996,5,15232,56400,-41168
9104,1996,6,53410,65300,-11890
9104,1996,7,54130,20000,34130
9104,1996,8,39788,88281,-48493
9104,1996,9,27859,12700,15159
9104,1996,10,74645,31400,43245
9104,1996,11,10829,40700,-29871
9104,1996,12,16145,25800,-9655
9104,1997,1,30344,60657,-30313
9104,1997,2,37083,26931,10152
9104,1997,3,38949,10486,28463
9104,1997,4,65992,41062,24930
9104,1997,5,582,36025,-35443
9104,1997,6,17942,31160,-13218
9104,1997,7,30591,10900,19691
9104,1997,8,366,21300,-20934
9104,1997,9,85490,40266,45224
9104,1997,10,72180,47200,24980
9104,1997,11,26156,109513,-83357
9104,1997,12,62188,31300,30888
9104,1998,1,15026,26893,-11867
9104,1998,2,384,3600,-3216
9104,1998,3,25054,18434,6620
9104,1998,4,4626,8178,-3552
9104,1998,5,7017,24000,-16983
9104,1998,6,7234,3600,3634
9104,1998,7,5442,3600,1842
9104,1998,8,31047,24079,6968
9104,1998,9,181,4715,-4534
9104,1998,10,1174,5956,-4782
9104,1998,11,6559,3015,3544
9104,1998,12,216,5800,-5584
9138,1996,7,28105,0,28105
9138,1996,9,1617,0,1617
9138,1996,10,44855,22000,22855
9138,1996,11,23486,24100,-614
9138,1996,12,95548,60417,35131
9138,1997,1,338,63200,-62862
9138,1997,2,10117,17100,-6983
9138,1997,3,11310,17000,-5690
9138,1997,4,14396,12200,2196
9138,1997,5,25,12200,-12175
9138,1997,6,6,2683,-2677
9138,1997,7,14902,51,14851
9138,1997,8,13595,12200,1395
9138,1997,9,16398,16737,-339
9138,1997,10,13783,16737,-2954
9138,1997,11,15185,16737,-1552
9138,1997,12,14054,16737,-2683
9138,1998,1,48201,19537,28664
9138,1998,2,2137,22437,-20300
9138,1998,3,42230,24537,17693
9138,1998,4,24701,27137,-2436
9138,1998,5,44622,20437,24185
9138,1998,6,61372,84173,-22801
9138,1998,7,84200,22737,61463
9138,1998,8,104315,105337,-1022
9138,1998,9,28368,54237,-25869
9138,1998,10,21701,43937,-22236
9138,1998,11,153,25937,-25784
9138,1998,12,31336,25722,5614
9140,1997,8,500,0,500
9140,1997,9,14565,0,14565
9140,1997,10,14143,3000,11143
9140,1997,11,14192,8100,6092
9140,1997,12,21219,19600,1619
9140,1998,1,14215,34035,-19820
9140,1998,2,14150,12154,1996
9140,1998,3,17258,16654,604
9140,1998,4,14179,12854,1325
9140,1998,5,14173,14154,19
9140,1998,6,21202,24054,-2852
9140,1998,7,14171,11054,3117
9140,1998,8,14589,11554,3035
9140,1998,9,14178,16054,-1876
9140,1998,10,14182,16954,-2772
9140,1998,11,14153,15688,-1535
9140,1998,12,21143,22773,-1630
9153,1996,12,600,0,600
9153,1997,1,12033,0,12033
9153,1997,2,10707,0,10707
9153,1997,3,7754,900,6854
9153,1997,4,7783,4700,3083
9153,1997,5,7797,8457,-660
9153,1997,6,11591,10837,754
9153,1997,7,7768,13637,-5869
9153,1997,8,15395,11197,4198
9153,1997,9,9410,6157,3253
9153,1997,10,7821,6657,1164
9153,1997,11,8036,10697,-2661
9153,1997,12,17233,13337,3896
9153,1998,1,20445,25017,-4572
9153,1998,2,16147,11497,4650
9153,1998,3,9179,7708,1471
9153,1998,4,14127,6508,7619
9153,1998,5,8451,6508,1943
9153,1998,6,11717,13548,-1831
9153,1998,7,12239,6508,5731
9153,1998,8,7987,7108,879
9153,1998,9,8787,12148,-3361
9153,1998,10,8564,6508,2056
9153,1998,11,7931,7108,823
9153,1998,12,11737,10413,1324
9156,1997,9,600,0,600
9156,1997,10,23940,3300,20640
9156,1997,11,48313,0,48313
9156,1997,12,289,25700,-25411
9156,1998,1,289,11700,-11411
9156,1998,2,289,8700,-8411
9156,1998,3,39890,20600,19290
9156,1998,4,180,16600,-16420
9156,1998,5,180,10700,-10520
9156,1998,6,49182,38163,11019
9156,1998,7,141,18715,-18574
9156,1998,8,70806,39765,31041
9156,1998,9,27827,33815,-5988
9156,1998,10,25839,31407,-5568
9156,1998,11,135,11115,-10980
9156,1998,12,24998,10937,14061
9159,1996,8,17031,0,17031
9159,1996,9,20979,0,20979
9159,1996,10,16556,17700,-1144
9159,1996,11,16372,11200,5172
9159,1996,12,24735,25353,-618
9159,1997,1,18641,38440,-19799
9159,1997,2,18133,10900,7233
9159,1997,3,16470,13100,3370
9159,1997,4,16490,16000,490
9159,1997,5,16486,21400,-4914
9159,1997,6,24621,20700,3921
9159,1997,7,16509,14500,2009
9159,1997,8,16497,17360,-863
9159,1997,9,18583,14120,4463
9159,1997,10,18359,14800,3559
9159,1997,11,16539,19780,-3241
9159,1997,12,24688,14460,10228
9159,1998,1,18637,32180,-13543
9159,1998,2,18000,10700,7300
9159,1998,3,16538,13700,2838
9159,1998,4,16565,12900,3665
9159,1998,5,16587,16000,587
9159,1998,6,28682,38270,-9588
9159,1998,7,17901,16270,1631
9159,1998,8,18451,10750,7701
9159,1998,9,16619,18150,-1531
9159,1998,10,16605,16950,-345
9159,1998,11,16613,12850,3763
9159,1998,12,24792,12335,12457
9167,1997,4,7526,0,7526
9167,1997,5,10231,0,10231
9167,1997,6,5231,0,5231
9167,1997,7,2337,1500,837
9167,1997,8,68599,35500,33099
9167,1997,9,47670,48801,-1131
9167,1997,10,28735,36276,-7541
9167,1997,11,58745,51887,6858
9167,1997,12,2729,34386,-31657
9167,1998,1,48972,49197,-225
9167,1998,2,4640,10697,-6057
9167,1998,3,35147,16234,18913
9167,1998,4,11397,13934,-2537
9167,1998,5,16549,13734,2815
9167,1998,6,67109,67751,-642
9167,1998,7,54051,43757,10294
9167,1998,8,42997,18634,24363
9167,1998,9,14153,41834,-27681
9167,1998,10,107931,71934,35997
9167,1998,11,71695,92160,-20465
9167,1998,12,49452,36119,13333
9179,1997,1,1000,0,1000
9179,1997,2,21558,500,21058
9179,1997,3,21651,9300,12351
9179,1997,4,21704,15300,6404
9179,1997,5,21731,19900,1831
9179,1997,6,32565,29815,2750
9179,1997,7,21785,39254,-17469
9179,1997,8,21709,27349,-5640
9179,1997,9,21723,10515,11208
9179,1997,10,21749,25543,-3794
9179,1997,11,21752,14715,7037
9179,1997,12,32597,30815,1782
9179,1998,1,21752,38068,-16316
9179,1998,2,21760,5715,16045
9179,1998,3,21863,13699,8164
9179,1998,4,21857,15199,6658
9179,1998,5,21896,30899,-9003
9179,1998,6,32586,28199,4387
9179,1998,7,21886,24699,-2813
9179,1998,8,21767,39328,-17561
9179,1998,9,21714,14499,7215
9179,1998,10,21747,18699,3048
9179,1998,11,21866,17699,4167
9179,1998,12,32565,40135,-7570
9188,1993,2,800,0,800
9188,1993,3,16510,0,16510
9188,1993,4,12893,2400,10493
9188,1993,5,12922,10200,2722
9188,1993,6,19311,14800,4511
9188,1993,7,12921,27488,-14567
9188,1993,8,12862,12706,156
9188,1993,9,14989,10606,4383
9188,1993,10,12908,11706,1202
9188,1993,11,13946,10606,3340
9188,1993,12,19330,17640,1690
9188,1994,1,12904,22206,-9302
9188,1994,2,14391,10606,3785
9188,1994,3,12911,11006,1905
9188,1994,4,14032,10606,3426
9188,1994,5,12899,19372,-6473
9188,1994,6,19271,18506,765
9188,1994,7,15501,19827,-4326
9188,1994,8,15384,13450,1934
9188,1994,9,16308,10606,5702
9188,1994,10,12909,16506,-3597
9188,1994,11,13303,10606,2697
9188,1994,12,19265,25106,-5841
9188,1995,1,12888,12506,382
9188,1995,2,12873,13306,-433
9188,1995,3,12977,10606,2371
9188,1995,4,12887,13906,-1019
9188,1995,5,12881,13706,-825
9188,1995,6,19285,17506,1779
9188,1995,7,12906,14506,-1600
9188,1995,8,12884,17206,-4322
9188,1995,9,12839,13306,-467
9188,1995,10,12836,12606,230
9188,1995,11,12850,15206,-2356
9188,1995,12,19218,17006,2212
9188,1996,1,12840,10606,2234
9188,1996,2,12867,10606,2261
9188,1996,3,12859,17806,-4947
9188,1996,4,12846,10606,2240
9188,1996,5,12860,10606,2254
9188,1996,6,19230,23806,-4576
9188,1996,7,12831,10606,2225
9188,1996,8,12849,10606,2243
9188,1996,9,12877,10606,2271
9188,1996,10,12879,10606,2273
9188,1996,11,12888,12106,782
9188,1996,12,19263,16606,2657
9188,1997,1,12885,17206,-4321
9188,1997,2,12903,10606,2297
9188,1997,3,12904,10606,2298
9188,1997,4,12919,10606,2313
9188,1997,5,12938,15106,-2168
9188,1997,6,19311,21706,-2395
9188,1997,7,12918,10606,2312
9188,1997,8,12938,10606,2332
9188,1997,9,12927,18106,-5179
9188,1997,10,12893,10606,2287
9188,1997,11,12910,10606,2304
9188,1997,12,19318,21106,-1788
9188,1998,1,12879,16006,-3127
9188,1998,2,12906,10606,2300
9188,1998,3,12921,10606,2315
9188,1998,4,12905,13906,-1001
9188,1998,5,12895,14117,-1222
9188,1998,6,19319,10606,8713
9188,1998,7,12881,28018,-15137
9188,1998,8,12867,10688,2179
9188,1998,9,12877,10388,2489
9188,1998,10,12884,10288,2596
9188,1998,11,12901,10788,2113
9188,1998,12,19333,17173,2160
9192,1994,8,500,0,500
9192,1994,9,24839,0,24839
9192,1994,10,23441,11600,11841
9192,1994,11,23486,19100,4386
9192,1994,12,35152,26100,9052
9192,1995,1,23537,30615,-7078
9192,1995,2,23587,22315,1272
9192,1995,3,23539,19515,4024
9192,1995,4,23626,24415,-789
9192,1995,5,23610,25115,-1505
9192,1995,6,35305,59915,-24610
9192,1995,7,23502,10515,12987
9192,1995,8,23558,3615,19943
9192,1995,9,23629,16015,7614
9192,1995,10,23672,18115,5557
9192,1995,11,23679,21615,2064
9192,1995,12,35344,27815,7529
9192,1996,1,23698,30815,-7117
9192,1996,2,23671,26715,-3044
9192,1996,3,23780,21515,2265
9192,1996,4,23768,26715,-2947
9192,1996,5,23754,24315,-561
9192,1996,6,35378,31915,3463
9192,1996,7,23688,28715,-5027
9192,1996,8,23727,23215,512
9192,1996,9,23643,23515,128
9192,1996,10,23694,27915,-4221
9192,1996,11,23620,23015,605
9192,1996,12,35273,26215,9058
9192,1997,1,23637,31715,-8078
9192,1997,2,23716,21515,2201
9192,1997,3,23693,27515,-3822
9192,1997,4,23600,22915,685
9192,1997,5,23596,26615,-3019
9192,1997,6,35337,45815,-10478
9192,1997,7,23542,39715,-16173
9192,1997,8,23440,31815,-8375
9192,1997,9,23404,26215,-2811
9192,1997,10,23344,25715,-2371
9192,1997,11,23373,28715,-5342
9192,1997,12,34912,27115,7797
9192,1998,1,23344,22915,429
9192,1998,2,23292,26415,-3123
9192,1998,3,23315,28515,-5200
9192,1998,4,23257,24215,-958
9192,1998,5,23299,29004,-5705
9192,1998,6,34878,42831,-7953
9192,1998,7,23230,23105,125
9192,1998,8,23230,19391,3839
9192,1998,9,23230,26276,-3046
9192,1998,10,23230,22800,430
9192,1998,11,23230,22092,1138
9192,1998,12,34845,0,34845
9199,1996,5,800,0,800
9199,1996,6,22090,0,22090
9199,1996,7,14859,9700,5159
9199,1996,8,14916,13900,1016
9199,1996,9,14919,14900,19
9199,1996,10,14878,31526,-16648
9199,1996,11,14837,14070,767
9199,1996,12,22237,15970,6267
9199,1997,1,14762,35942,-21180
9199,1997,2,18611,2476,16135
9199,1997,3,14796,20670,-5874
9199,1997,4,14828,12370,2458
9199,1997,5,14854,14090,764
9199,1997,6,22228,18898,3330
9199,1997,7,14783,29091,-14308
9199,1997,8,14809,2570,12239
9199,1997,9,14773,27556,-12783
9199,1997,10,14759,9616,5143
9199,1997,11,14791,15215,-424
9199,1997,12,22151,20815,1336
9199,1998,1,17147,25825,-8678
9199,1998,2,19221,2527,16694
9199,1998,3,14787,25790,-11003
9199,1998,4,14820,4115,10705
9199,1998,5,14864,13252,1612
9199,1998,6,22278,20215,2063
9199,1998,7,14783,32858,-18075
9199,1998,8,16109,2917,13192
9199,1998,9,14887,6415,8472
9199,1998,10,14840,29961,-15121
9199,1998,11,17863,5511,12352
9199,1998,12,22227,32362,-10135
9201,1996,10,1000,0,1000
9201,1996,11,43035,10300,32735
9201,1996,12,64697,35500,29197
9201,1997,1,43581,55600,-12019
9201,1997,2,43243,34400,8843
9201,1997,3,43370,73142,-29772
9201,1997,4,43350,36476,6874
9201,1997,5,43406,38676,4730
9201,1997,6,66317,86276,-19959
9201,1997,7,43318,28976,14342
9201,1997,8,43412,38676,4736
9201,1997,9,43383,45876,-2493
9201,1997,10,43322,51115,-7793
9201,1997,11,43322,40751,2571
9201,1997,12,64920,52775,12145
9201,1998,1,43290,60559,-17269
9201,1998,2,43291,33879,9412
9201,1998,3,43382,38015,5367
9201,1998,4,43404,35779,7625
9201,1998,5,43776,50828,-7052
9201,1998,6,64904,55266,9638
9201,1998,7,43546,28979,14567
9201,1998,8,43620,53706,-10086
9201,1998,9,43475,42783,692
9201,1998,10,46018,60997,-14979
9201,1998,11,43337,38115,5222
9201,1998,12,65052,65623,-571
9203,1993,2,900,0,900
9203,1993,3,10400,0,10400
9203,1993,4,23451,5400,18051
9203,1993,5,9150,5900,3250
9203,1993,6,43669,4715,38954
9203,1993,7,13251,48410,-35159
9203,1993,8,51038,46388,4650
9203,1993,9,35531,46274,-10743
9203,1993,10,7981,27088,-19107
9203,1993,11,9748,13415,-3667
9203,1993,12,22851,10715,12136
9203,1994,1,68895,56863,12032
9203,1994,2,81882,34115,47767
9203,1994,3,23741,54315,-30574
9203,1994,4,15754,34335,-18581
9203,1994,5,49629,48851,778
9203,1994,6,38596,34429,4167
9203,1994,7,120022,89215,30807
9203,1994,8,50652,35797,14855
9203,1994,9,87308,90315,-3007
9203,1994,10,70940,85361,-14421
9203,1994,11,3043,35256,-32213
9203,1994,12,93044,34315,58729
9203,1995,1,94109,98015,-3906
9203,1995,2,557,36215,-35658
9203,1995,3,49105,31997,17108
9203,1995,4,40822,41515,-693
9203,1995,5,2722,39807,-37085
9203,1995,6,63349,40215,23134
9203,1995,7,35902,56686,-20784
9203,1995,8,77346,43215,34131
9203,1995,9,93735,72615,21120
9203,1995,10,88410,98015,-9605
9203,1995,11,27486,45944,-18458
9203,1995,12,23026,29415,-6389
9203,1996,1,224,27615,-27391
9203,1996,2,6709,17215,-10506
9203,1996,3,39434,18615,20819
9203,1996,4,42125,40715,1410
9203,1996,5,60969,37715,23254
9203,1996,6,103634,98815,4819
9203,1996,7,351,24215,-23864
9203,1996,8,115037,56215,58822
9203,1996,9,46854,94115,-47261
9203,1996,10,18960,21515,-2555
9203,1996,11,272,14715,-14443
9203,1996,12,170,12815,-12645
9203,1997,1,76396,35915,40481
9203,1997,2,346,30615,-30269
9203,1997,3,45437,23615,21822
9203,1997,4,69795,27354,42441
9203,1997,5,70610,84115,-13505
9203,1997,6,121105,110223,10882
9203,1997,7,201621,204485,-2864
9203,1997,8,34349,38615,-4266
9203,1997,9,46426,34715,11711
9203,1997,10,29604,34015,-4411
9203,1997,11,60593,73615,-13022
9203,1997,12,44984,82515,-37531
9203,1998,1,40718,19715,21003
9203,1998,2,38440,17215,21225
9203,1998,3,23511,26815,-3304
9203,1998,4,32592,55799,-23207
9203,1998,5,77656,72015,5641
9203,1998,6,418,12415,-11997
9203,1998,7,53894,39339,14555
9203,1998,8,89005,50815,38190
9203,1998,9,102133,113115,-10982
9203,1998,10,25175,34462,-9287
9203,1998,11,55048,35915,19133
9203,1998,12,657,16100,-15443
9208,1997,5,1100,0,1100
9208,1997,6,30877,5900,24977
9208,1997,7,20810,10100,10710
9208,1997,8,20887,18400,2487
9208,1997,9,20921,15800,5121
9208,1997,10,21045,23215,-2170
9208,1997,11,21072,23715,-2643
9208,1997,12,31216,29815,1401
9208,1998,1,20917,23015,-2098
9208,1998,2,20937,50446,-29509
9208,1998,3,22022,14200,7822
9208,1998,4,20742,15748,4994
9208,1998,5,20754,18504,2250
9208,1998,6,31277,21415,9862
9208,1998,7,23276,36739,-13463
9208,1998,8,20807,26508,-5701
9208,1998,9,27483,25989,1494
9208,1998,10,20747,21826,-1079
9208,1998,11,22415,19724,2691
9208,1998,12,31074,22222,8852
9225,1996,1,10602,0,10602
9225,1996,2,29262,0,29262
9225,1996,3,46,13700,-13654
9225,1996,4,16711,9700,7011
9225,1996,5,41698,24000,17698
9225,1996,6,66074,66115,-41
9225,1996,7,60354,53181,7173
9225,1996,8,40515,44717,-4202
9225,1996,9,286,21567,-21281
9225,1996,10,1848,10715,-8867
9225,1996,11,43855,37387,6468
9225,1996,12,58501,43698,14803
9225,1997,1,25179,35115,-9936
9225,1997,2,151,10115,-9964
9225,1997,3,12561,10315,2246
9225,1997,4,22303,15815,6488
9225,1997,5,254,8037,-7783
9225,1997,6,7369,5837,1532
9225,1997,7,123,4237,-4114
9225,1997,8,13958,7435,6523
9225,1997,9,24204,27538,-3334
9225,1997,10,16414,13637,2777
9225,1997,11,2020,3437,-1417
9225,1997,12,35897,3437,32460
9225,1998,1,35128,57237,-22109
9225,1998,2,50337,36237,14100
9225,1998,3,60038,74837,-14799
9225,1998,4,69066,36937,32129
9225,1998,5,72559,85737,-13178
9225,1998,6,112900,61237,51663
9225,1998,7,66324,100447,-34123
9225,1998,8,47945,55398,-7453
9225,1998,9,40855,24437,16418
9225,1998,10,17007,30737,-13730
9225,1998,11,79974,75737,4237
9225,1998,12,143264,128022,15242
9227,1997,11,5355,0,5355
9227,1997,12,14258,0,14258
9227,1998,1,4577,2100,2477
9227,1998,2,6011,0,6011
9227,1998,3,4556,17763,-13207
9227,1998,4,9369,6863,2506
9227,1998,5,4531,7556,-3025
9227,1998,6,11847,13356,-1509
9227,1998,7,10257,6156,4101
9227,1998,8,12200,15256,-3056
9227,1998,9,4611,6156,-1545
9227,1998,10,6414,6156,258
9227,1998,11,10504,6156,4348
9227,1998,12,6762,8541,-1779
9235,1995,6,700,0,700
9235,1995,7,21643,0,21643
9235,1995,8,15843,3700,12143
9235,1995,9,15889,11900,3989
9235,1995,10,15909,13800,2109
9235,1995,11,15937,17215,-1278
9235,1995,12,23921,20535,3386
9235,1996,1,16004,32255,-16251
9235,1996,2,15944,7515,8429
9235,1996,3,16014,12535,3479
9235,1996,4,16030,10315,5715
9235,1996,5,16048,14235,1813
9235,1996,6,23819,23295,524
9235,1996,7,16110,15815,295
9235,1996,8,16058,21675,-5617
9235,1996,9,16025,19615,-3590
9235,1996,10,15926,15615,311
9235,1996,11,15978,22355,-6377
9235,1996,12,23831,20355,3476
9235,1997,1,15953,30815,-14862
9235,1997,2,15884,6015,9869
9235,1997,3,15936,10975,4961
9235,1997,4,15930,14950,980
9235,1997,5,15981,15050,931
9235,1997,6,23813,17950,5863
9235,1997,7,16019,17450,-1431
9235,1997,8,15982,18750,-2768
9235,1997,9,15915,20150,-4235
9235,1997,10,15905,17710,-1805
9235,1997,11,15921,20010,-4089
9235,1997,12,23745,20650,3095
9235,1998,1,15918,22910,-6992
9235,1998,2,20634,10630,10004
9235,1998,3,15964,13950,2014
9235,1998,4,15992,13650,2342
9235,1998,5,16008,14050,1958
9235,1998,6,23930,2850,21080
9235,1998,7,16101,17950,-1849
9235,1998,8,16162,15350,812
9235,1998,9,16162,16150,12
9235,1998,10,16164,16350,-186
9235,1998,11,16170,14050,2120
9235,1998,12,24096,11735,12361
9236,1993,8,800,0,800
9236,1993,9,15768,0,15768
9236,1993,10,12043,2200,9843
9236,1993,11,12083,8000,4083
9236,1993,12,18075,11100,6975
9236,1994,1,12111,32292,-20181
9236,1994,2,17051,11748,5303
9236,1994,3,12059,12848,-789
9236,1994,4,13058,13548,-490
9236,1994,5,16200,11748,4452
9236,1994,6,18076,12948,5128
9236,1994,7,12148,14108,-1960
9236,1994,8,12121,15748,-3627
9236,1994,9,12078,12348,-270
9236,1994,10,12412,11748,664
9236,1994,11,12081,17828,-5747
9236,1994,12,19218,13828,5390
9236,1995,1,19646,30730,-11084
9236,1995,2,20563,12830,7733
9236,1995,3,12289,9930,2359
9236,1995,4,17520,12730,4790
9236,1995,5,16681,12430,4251
9236,1995,6,21229,22450,-1221
9236,1995,7,13944,13530,414
9236,1995,8,16301,10830,5471
9236,1995,9,14370,14930,-560
9236,1995,10,13382,18530,-5148
9236,1995,11,15357,12330,3027
9236,1995,12,22261,13310,8951
9236,1996,1,16093,26330,-10237
9236,1996,2,16675,10830,5845
9236,1996,3,16162,23910,-7748
9236,1996,4,21949,18350,3599
9236,1996,5,22415,12730,9685
9236,1996,6,22473,10530,11943
9236,1996,7,13270,11130,2140
9236,1996,8,12556,18710,-6154
9236,1996,9,19338,14910,4428
9236,1996,10,14113,11030,3083
9236,1996,11,17184,14050,3134
9236,1996,12,18385,15190,3195
9236,1997,1,18541,21730,-3189
9236,1997,2,14487,13130,1357
9236,1997,3,14235,10330,3905
9236,1997,4,20339,19010,1329
9236,1997,5,20647,15810,4837
9236,1997,6,39913,54930,-15017
9236,1997,7,29298,13030,16268
9236,1997,8,18416,10930,7486
9236,1997,9,20675,11950,8725
9236,1997,10,16830,11330,5500
9236,1997,11,16247,13030,3217
9236,1997,12,18541,18850,-309
9236,1998,1,19544,37830,-18286
9236,1998,2,25159,12730,12429
9236,1998,3,17330,12630,4700
9236,1998,4,13054,10830,2224
9236,1998,5,12962,12530,432
9236,1998,6,19614,18730,884
9236,1998,7,12563,16230,-3667
9236,1998,8,12514,21070,-8556
9236,1998,9,17080,13130,3950
9236,1998,10,16330,10230,6100
9236,1998,11,15449,11830,3619
9236,1998,12,18542,14555,3987
9241,1996,9,1100,0,1100
9241,1996,10,28567,3800,24767
9241,1996,11,28681,12000,16681
9241,1996,12,43034,25700,17334
9241,1997,1,28836,28000,836
9241,1997,2,28903,37415,-8512
9241,1997,3,28920,35610,-6690
9241,1997,4,28890,34392,-5502
9241,1997,5,28881,22210,6671
9241,1997,6,43179,42922,257
9241,1997,7,28954,39664,-10710
9241,1997,8,28803,29264,-461
9241,1997,9,28780,39522,-10742
9241,1997,10,28784,23764,5020
9241,1997,11,28826,34270,-5444
9241,1997,12,43045,42638,407
9241,1998,1,28748,27964,784
9241,1998,2,28740,21964,6776
9241,1998,3,28779,26064,2715
9241,1998,4,28862,21364,7498
9241,1998,5,28906,28762,144
9241,1998,6,43125,57838,-14713
9241,1998,7,28791,21364,7427
9241,1998,8,28735,34764,-6029
9241,1998,9,28731,29064,-333
9241,1998,10,28745,30864,-2119
9241,1998,11,28719,34031,-5312
9241,1998,12,42998,37649,5349
9242,1996,3,200,0,200
9242,1996,4,16609,0,16609
9242,1996,5,9064,0,9064
9242,1996,6,12870,0,12870
9242,1996,7,8097,4300,3797
9242,1996,8,8102,9515,-1413
9242,1996,9,8152,10715,-2563
9242,1996,10,8138,8675,-537
9242,1996,11,8162,2215,5947
9242,1996,12,12067,7715,4352
9242,1997,1,8478,21975,-13497
9242,1997,2,12460,1947,10513
9242,1997,3,8214,4347,3867
9242,1997,4,8229,8427,-198
9242,1997,5,8151,9147,-996
9242,1997,6,12052,34047,-21995
9242,1997,7,10525,5067,5458
9242,1997,8,8046,3847,4199
9242,1997,9,8074,3347,4727
9242,1997,10,8102,4547,3555
9242,1997,11,8111,6547,1564
9242,1997,12,12066,9867,2199
9242,1998,1,8058,35007,-26949
9242,1998,2,15542,2315,13227
9242,1998,3,8106,4615,3491
9242,1998,4,8134,4815,3319
9242,1998,5,8144,7115,1029
9242,1998,6,18205,35595,-17390
9242,1998,7,8197,6755,1442
9242,1998,8,8750,1615,7135
9242,1998,9,8048,9335,-1287
9242,1998,10,8066,9795,-1729
9242,1998,11,8977,2015,6962
9242,1998,12,12053,4580,7473
9263,1996,6,30525,0,30525
9263,1996,7,21084,0,21084
9263,1996,8,20168,10000,10168
9263,1996,9,20195,17100,3095
9263,1996,10,20190,34513,-14323
9263,1996,11,20003,39577,-19574
9263,1996,12,29925,35451,-5526
9263,1997,1,19958,27551,-7593
9263,1997,2,19921,13351,6570
9263,1997,3,19957,22251,-2294
9263,1997,4,19959,19451,508
9263,1997,5,19967,19749,218
9263,1997,6,29898,24049,5849
9263,1997,7,20005,26579,-6574
9263,1997,8,19948,18549,1399
9263,1997,9,19954,20449,-495
9263,1997,10,19954,17049,2905
9263,1997,11,19970,21549,-1579
9263,1997,12,29921,22349,7572
9263,1998,1,19990,29049,-9059
9263,1998,2,19959,20749,-790
9263,1998,3,19948,16649,3299
9263,1998,4,19958,20149,-191
9263,1998,5,19974,16851,3123
9263,1998,6,29949,25251,4698
9263,1998,7,20048,22851,-2803
9263,1998,8,19997,25851,-5854
9263,1998,9,19951,20351,-400
9263,1998,10,19976,18951,1025
9263,1998,11,19966,21451,-1485
9263,1998,12,29868,21136,8732
9265,1993,2,28708,0,28708
9265,1993,3,37647,19000,18647
9265,1993,4,196,13000,-12804
9265,1993,5,196,3700,-3504
9265,1993,6,32475,20400,12075
9265,1993,7,61807,7415,54392
9265,1993,8,54567,55325,-758
9265,1993,9,11703,53725,-42022
9265,1993,10,28000,31825,-3825
9265,1993,11,206,30225,-30019
9265,1993,12,16979,16425,554
9265,1994,1,15807,16025,-218
9265,1994,2,87736,18125,69611
9265,1994,3,50979,80925,-29946
9265,1994,4,327,27225,-26898
9265,1994,5,60196,42925,17271
9265,1994,6,251,18125,-17874
9265,1994,7,21401,17223,4178
9265,1994,8,26122,22423,3699
9265,1994,9,3052,16823,-13771
9265,1994,10,18725,16823,1902
9265,1994,11,32783,27654,5129
9265,1994,12,14192,16823,-2631
9265,1995,1,35961,37823,-1862
9265,1995,2,74736,40523,34213
9265,1995,3,35715,42923,-7208
9265,1995,4,18621,41752,-23131
9265,1995,5,118970,74523,44447
9265,1995,6,55350,54523,827
9265,1995,7,16267,33023,-16756
9265,1995,8,40256,31025,9231
9265,1995,9,61296,39325,21971
9265,1995,10,458,40825,-40367
9265,1995,11,78296,62025,16271
9265,1995,12,52608,31625,20983
9265,1996,1,36979,71425,-34446
9265,1996,2,58781,31525,27256
9265,1996,3,44931,51525,-6594
9265,1996,4,18182,47195,-29013
9265,1996,5,37863,36200,1663
9265,1996,6,52900,22725,30175
9265,1996,7,49941,23325,26616
9265,1996,8,68951,97825,-28874
9265,1996,9,42128,41223,905
9265,1996,10,13495,35125,-21630
9265,1996,11,27563,34125,-6562
9265,1996,12,30813,26748,4065
9265,1997,1,58802,60081,-1279
9265,1997,2,72772,23325,49447
9265,1997,3,62039,89825,-27786
9265,1997,4,35620,33825,1795
9265,1997,5,876,26825,-25949
9265,1997,6,81406,16825,64581
9265,1997,7,5703,46567,-40864
9265,1997,8,162900,131925,30975
9265,1997,9,41748,80325,-38577
9265,1997,10,147712,122625,25087
9265,1997,11,61564,80025,-18461
9265,1997,12,54595,31525,23070
9265,1998,1,41853,52125,-10272
9265,1998,2,375,25525,-25150
9265,1998,3,4319,16725,-12406
9265,1998,4,63035,16925,46110
9265,1998,5,469,28725,-28256
9265,1998,6,131132,102597,28535
9265,1998,7,468,31225,-30757
9265,1998,8,2294,17425,-15131
9265,1998,9,9606,17425,-7819
9265,1998,10,64226,16625,47601
9265,1998,11,7090,41425,-34335
9265,1998,12,52667,21010,31657
9307,1993,1,6183,0,6183
9307,1993,2,7126,0,7126
9307,1993,3,16619,1300,15319
9307,1993,4,28526,7100,21426
9307,1993,5,208,12300,-12092
9307,1993,6,138862,125391,13471
9307,1993,7,383,20704,-20321
9307,1993,8,959,10504,-9545
9307,1993,9,33249,11304,21945
9307,1993,10,44541,41204,3337
9307,1993,11,2654,30176,-27522
9307,1993,12,11412,10904,508
9307,1994,1,10836,11204,-368
9307,1994,2,7106,11004,-3898
9307,1994,3,43944,32849,11095
9307,1994,4,44976,37599,7377
9307,1994,5,2723,10604,-7881
9307,1994,6,50767,11604,39163
9307,1994,7,422,25004,-24582
9307,1994,8,48653,35204,13449
9307,1994,9,277,15004,-14727
9307,1994,10,1701,10896,-9195
9307,1994,11,10701,10896,-195
9307,1994,12,8569,10896,-2327
9307,1995,1,47584,21096,26488
9307,1995,2,29002,13496,15506
9307,1995,3,39820,50028,-10208
9307,1995,4,352,13596,-13244
9307,1995,5,8174,21481,-13307
9307,1995,6,12166,10896,1270
9307,1995,7,10757,10896,-139
9307,1995,8,12013,13466,-1453
9307,1995,9,12409,10896,1513
9307,1995,10,7583,16904,-9321
9307,1995,11,18012,10604,7408
9307,1995,12,11344,10104,1240
9307,1996,1,49059,27804,21255
9307,1996,2,108400,89132,19268
9307,1996,3,87018,66204,20814
9307,1996,4,79123,85304,-6181
9307,1996,5,37704,94862,-57158
9307,1996,6,21247,20204,1043
9307,1996,7,127606,67812,59794
9307,1996,8,38442,32304,6138
9307,1996,9,141337,166515,-25178
9307,1996,10,120767,76604,44163
9307,1996,11,684,39045,-38361
9307,1996,12,32759,49784,-17025
9307,1997,1,2261,31473,-29212
9307,1997,2,17659,12945,4714
9307,1997,3,48029,15831,32198
9307,1997,4,12289,30781,-18492
9307,1997,5,10308,19604,-9296
9307,1997,6,73981,27068,46913
9307,1997,7,35460,36525,-1065
9307,1997,8,88966,87799,1167
9307,1997,9,28500,30804,-2304
9307,1997,10,8558,17304,-8746
9307,1997,11,94566,81704,12862
9307,1997,12,32482,43926,-11444
9307,1998,1,19163,39504,-20341
9307,1998,2,13028,24376,-11348
9307,1998,3,46437,14804,31633
9307,1998,4,18180,39549,-21369
9307,1998,5,55476,29033,26443
9307,1998,6,54983,69003,-14020
9307,1998,7,33627,17542,16085
9307,1998,8,16333,45920,-29587
9307,1998,9,44189,27508,16681
9307,1998,10,20276,34704,-14428
9307,1998,11,68250,45197,23053
9307,1998,12,120342,90889,29453
9333,1996,11,500,0,500
9333,1996,12,11600,0,11600
9333,1997,1,48744,0,48744
9333,1997,2,53878,18700,35178
9333,1997,3,65846,60911,4935
9333,1997,4,55242,79839,-24597
9333,1997,5,32844,46738,-13894
9333,1997,6,57916,49675,8241
9333,1997,7,226,46468,-46242
9333,1997,8,152,25335,-25183
9333,1997,9,29081,19,29062
9333,1997,10,40993,16199,24794
9333,1997,11,15796,48618,-32822
9333,1997,12,59,20770,-20711
9333,1998,1,153754,52317,101437
9333,1998,2,46997,89115,-42118
9333,1998,3,111777,63015,48762
9333,1998,4,43609,63615,-20006
9333,1998,5,351,41715,-41364
9333,1998,6,85562,45723,39839
9333,1998,7,61688,81745,-20057
9333,1998,8,74470,77615,-3145
9333,1998,9,31964,32375,-411
9333,1998,10,63593,63031,562
9333,1998,11,39056,28615,10441
9333,1998,12,10402,12900,-2498
9337,1993,9,39154,0,39154
9337,1993,10,325,8100,-7775
9337,1993,11,30097,3100,26997
9337,1993,12,13710,17300,-3590
9337,1994,1,6322,60715,-54393
9337,1994,2,55485,22517,32968
9337,1994,3,56198,31368,24830
9337,1994,4,402,39391,-38989
9337,1994,5,41857,2215,39642
9337,1994,6,475,19087,-18612
9337,1994,7,379,13233,-12854
9337,1994,8,281,3987,-3706
9337,1994,9,1357,2187,-830
9337,1994,10,3156,2187,969
9337,1994,11,879,11296,-10417
9337,1994,12,7432,14997,-7565
9337,1995,1,12945,17209,-4264
9337,1995,2,13876,2205,11671
9337,1995,3,6044,3987,2057
9337,1995,4,4571,2187,2384
9337,1995,5,27847,6387,21460
9337,1995,6,70406,18187,52219
9337,1995,7,21333,75387,-54054
9337,1995,8,38904,4987,33917
9337,1995,9,13016,45887,-32871
9337,1995,10,42337,7287,35050
9337,1995,11,575,21387,-20812
9337,1995,12,346,21687,-21341
9337,1996,1,18284,27389,-9105
9337,1996,2,114,12077,-11963
9337,1996,3,28558,14487,14071
9337,1996,4,9634,2187,7447
9337,1996,5,4819,2187,2632
9337,1996,6,16815,23915,-7100
9337,1996,7,15127,11815,3312
9337,1996,8,12357,7403,4954
9337,1996,9,3459,2415,1044
9337,1996,10,15158,17631,-2473
9337,1996,11,21614,27110,-5496
9337,1996,12,17013,9215,7798
9337,1997,1,20572,48460,-27888
9337,1997,2,22893,15,22878
9337,1997,3,34896,12014,22882
9337,1997,4,3026,1915,1111
9337,1997,5,69613,17015,52598
9337,1997,6,40886,84193,-43307
9337,1997,7,146650,144315,2335
9337,1997,8,93395,87615,5780
9337,1997,9,111907,115815,-3908
9337,1997,10,13052,21807,-8755
9337,1997,11,114609,60115,54494
9337,1997,12,78221,115488,-37267
9337,1998,1,492,39715,-39223
9337,1998,2,15551,12726,2825
9337,1998,3,48090,22115,25975
9337,1998,4,495,7515,-7020
9337,1998,5,48967,5315,43652
9337,1998,6,796,74615,-73819
9337,1998,7,14340,4515,9825
9337,1998,8,14849,8515,6334
9337,1998,9,14258,2215,12043
9337,1998,10,8639,10583,-1944
9337,1998,11,12279,30261,-17982
9337,1998,12,210,8000,-7790
9353,1995,11,900,0,900
9353,1995,12,11800,0,11800
9353,1996,1,7800,0,7800
9353,1996,2,4100,0,4100
9353,1996,3,1700,0,1700
9353,1996,4,700,0,700
9353,1996,5,6,1800,-1794
9353,1996,6,307,0,307
9353,1996,7,405,0,405
9353,1996,8,105,3400,-3295
9353,1996,9,2505,0,2505
9353,1996,10,14418,6700,7718
9353,1996,11,136,4000,-3864
9353,1996,12,23640,15600,8040
9353,1997,1,8889,8500,389
9353,1997,2,49900,5400,44500
9353,1997,3,65118,95097,-29979
9353,1997,4,40525,33034,7491
9353,1997,5,41343,43555,-2212
9353,1997,6,118382,77314,41068
9353,1997,7,43718,94714,-50996
9353,1997,8,71777,73128,-1351
9353,1997,9,65035,32314,32721
9353,1997,10,104380,103114,1266
9353,1997,11,498,36714,-36216
9353,1997,12,32800,24414,8386
9353,1998,1,1930,25914,-23984
9353,1998,2,118216,69455,48761
9353,1998,3,58553,90714,-32161
9353,1998,4,3160,18114,-14954
9353,1998,5,16758,20514,-3756
9353,1998,6,68321,41514,26807
9353,1998,7,66763,59812,6951
9353,1998,8,253,26814,-26561
9353,1998,9,76806,37314,39492
9353,1998,10,37809,34814,2995
9353,1998,11,29630,74031,-44401
9353,1998,12,23741,23363,378
9377,1995,9,400,0,400
9377,1995,10,68222,0,68222
9377,1995,11,10397,28400,-18003
9377,1995,12,19138,24200,-5062
9377,1996,1,188,10800,-10612
9377,1996,2,8142,10598,-2456
9377,1996,3,166,11156,-10990
9377,1996,4,12646,10256,2390
9377,1996,5,7779,9956,-2177
9377,1996,6,26599,18056,8543
9377,1996,7,97256,39056,58200
9377,1996,8,534,45256,-44722
9377,1996,9,31373,34156,-2783
9377,1996,10,68960,39665,29295
9377,1996,11,66318,45456,20862
9377,1996,12,523,38056,-37533
9377,1997,1,89859,54456,35403
9377,1997,2,494,37480,-36986
9377,1997,3,67409,27261,40148
9377,1997,4,47711,48056,-345
9377,1997,5,347,52973,-52626
9377,1997,6,61883,11920,49963
9377,1997,7,46860,45084,1776
9377,1997,8,75181,73320,1861
9377,1997,9,69880,59631,10249
9377,1997,10,51637,47420,4217
9377,1997,11,67277,85120,-17843
9377,1997,12,68825,70320,-1495
9377,1998,1,9560,54120,-44560
9377,1998,2,17142,10920,6222
9377,1998,3,45537,12620,32917
9377,1998,4,488,26820,-26332
9377,1998,5,21358,10920,10438
9377,1998,6,48089,62320,-14231
9377,1998,7,43342,20220,23122
9377,1998,8,322,33320,-32998
9377,1998,9,88293,15928,72365
9377,1998,10,65296,109799,-44503
9377,1998,11,9649,13020,-3371
9377,1998,12,339,24105,-23766
9403,1993,3,600,0,600
9403,1993,4,10000,0,10000
9403,1993,5,125814,49600,76214
9403,1993,6,361,31900,-31539
9403,1993,7,71113,70830,283
9403,1993,8,29996,57825,-27829
9403,1993,9,3988,11330,-7342
9403,1993,10,79977,27155,52822
9403,1993,11,253,29765,-29512
9403,1993,12,130,14455,-14325
9403,1994,1,32580,24355,8225
9403,1994,2,4825,17355,-12530
9403,1994,3,29193,18255,10938
9403,1994,4,125,9555,-9430
9403,1994,5,5906,5755,151
9403,1994,6,38593,34455,4138
9403,1994,7,1620,6755,-5135
9403,1994,8,37561,24413,13148
9403,1994,9,3317,18613,-15296
9403,1994,10,9498,6613,2885
9403,1994,11,18790,11213,7577
9403,1994,12,31134,26713,4421
9403,1995,1,35962,51004,-15042
9403,1995,2,7696,6613,1083
9403,1995,3,10605,6613,3992
9403,1995,4,13073,6613,6460
9403,1995,5,20395,17413,2982
9403,1995,6,139,7013,-6874
9403,1995,7,27940,6613,21327
9403,1995,8,5994,23713,-17719
9403,1995,9,19795,14613,5182
9403,1995,10,849,6613,-5764
9403,1995,11,3031,6613,-3582
9403,1995,12,20701,6613,14088
9403,1996,1,120,22013,-21893
9403,1996,2,3384,6613,-3229
9403,1996,3,6401,6613,-212
9403,1996,4,55896,14542,41354
9403,1996,5,143,37313,-37170
9403,1996,6,33217,21913,11304
9403,1996,7,1699,16213,-14514
9403,1996,8,3875,6613,-2738
9403,1996,9,1556,6613,-5057
9403,1996,10,8155,6613,1542
9403,1996,11,9365,6613,2752
9403,1996,12,4762,6613,-1851
9403,1997,1,73666,34213,39453
9403,1997,2,125,28313,-28188
9403,1997,3,83,7813,-7730
9403,1997,4,16912,6613,10299
9403,1997,5,14843,6913,7930
9403,1997,6,118,10713,-10595
9403,1997,7,65028,6713,58315
9403,1997,8,155,55712,-55557
9403,1997,9,74416,7155,67261
9403,1997,10,55228,63055,-7827
9403,1997,11,13647,33255,-19608
9403,1997,12,49733,52955,-3222
9403,1998,1,37474,61955,-24481
9403,1998,2,148,6055,-5907
9403,1998,3,9837,5755,4082
9403,1998,4,37404,19455,17949
9403,1998,5,6473,28269,-21796
9403,1998,6,6623,7055,-432
9403,1998,7,6727,6455,272
9403,1998,8,23726,14086,9640
9403,1998,9,3559,10812,-7253
9403,1998,10,22202,17655,4547
9403,1998,11,2254,7255,-5001
9403,1998,12,113,10925,-10812
9422,1996,3,43500,0,43500
9422,1996,4,43350,11700,31650
9422,1996,5,43454,24000,19454
9422,1996,6,64996,81600,-16604
9422,1996,7,43469,22715,20754
9422,1996,8,43400,91216,-47816
9422,1996,9,43311,33558,9753
9422,1996,10,43308,60644,-17336
9422,1996,11,43316,18916,24400
9422,1996,12,64886,76542,-11656
9422,1997,1,43384,68480,-25096
9422,1997,2,43256,26881,16375
9422,1997,3,43320,44393,-1073
9422,1997,4,43382,34841,8541
9422,1997,5,43329,61366,-18037
9422,1997,6,64825,68541,-3716
9422,1997,7,43300,28741,14559
9422,1997,8,43354,35241,8113
9422,1997,9,43376,53997,-10621
9422,1997,10,43302,37141,6161
9422,1997,11,43351,35858,7493
9422,1997,12,64891,80758,-15867
9422,1998,1,43231,56058,-12827
9422,1998,2,43284,24158,19126
9422,1998,3,45653,65118,-19465
9422,1998,4,43276,20858,22418
9422,1998,5,43358,37358,6000
9422,1998,6,64941,66458,-1517
9422,1998,7,43319,50943,-7624
9422,1998,8,43320,42230,1090
9422,1998,9,43339,41458,1881
9422,1998,10,43344,44188,-844
9422,1998,11,43324,41258,2066
9422,1998,12,64876,78524,-13648
9424,1996,12,500,0,500
9424,1997,1,19944,0,19944
9424,1997,2,14022,6100,7922
9424,1997,3,14055,9900,4155
9424,1997,4,14071,15400,-1329
9424,1997,5,14098,12815,1283
9424,1997,6,21040,31666,-10626
9424,1997,7,14057,10815,3242
9424,1997,8,14050,17215,-3165
9424,1997,9,14051,12038,2013
9424,1997,10,14031,17771,-3740
9424,1997,11,14007,21054,-7047
9424,1997,12,20998,11638,9360
9424,1998,1,14025,24338,-10313
9424,1998,2,14002,14301,-299
9424,1998,3,14014,5538,8476
9424,1998,4,14043,11338,2705
9424,1998,5,14047,18435,-4388
9424,1998,6,21015,16238,4777
9424,1998,7,14047,16838,-2791
9424,1998,8,14032,16295,-2263
9424,1998,9,14028,13238,790
9424,1998,10,14034,11038,2996
9424,1998,11,14045,11151,2894
9424,1998,12,21056,5852,15204
9433,1997,8,600,0,600
9433,1997,9,18623,0,18623
9433,1997,10,17384,6100,11284
9433,1997,11,17425,8400,9025
9433,1997,12,26097,18500,7597
9433,1998,1,17452,30695,-13243
9433,1998,2,17447,10815,6632
9433,1998,3,17464,10315,7149
9433,1998,4,17490,17095,395
9433,1998,5,17492,15515,1977
9433,1998,6,26056,45315,-19259
9433,1998,7,17421,13095,4326
9433,1998,8,17428,15815,1613
9433,1998,9,17436,16115,1321
9433,1998,10,17407,25855,-8448
9433,1998,11,17408,14575,2833
9433,1998,12,26064,22820,3244
9455,1996,11,38571,0,38571
9455,1996,12,56496,7700,48796
9455,1997,1,37852,32400,5452
9455,1997,2,37873,32500,5373
9455,1997,3,37895,35804,2091
9455,1997,4,37719,72989,-35270
9455,1997,5,37731,35215,2516
9455,1997,6,56480,84315,-27835
9455,1997,7,37686,29415,8271
9455,1997,8,37705,35087,2618
9455,1997,9,37720,42815,-5095
9455,1997,10,39352,41746,-2394
9455,1997,11,37698,25015,12683
9455,1997,12,56475,50314,6161
9455,1998,1,37698,53715,-16017
9455,1998,2,37684,30689,6995
9455,1998,3,37739,29061,8678
9455,1998,4,37765,37359,406
9455,1998,5,45651,69357,-23706
9455,1998,6,56407,64264,-7857
9455,1998,7,40251,17461,22790
9455,1998,8,38302,33848,4454
9455,1998,9,37749,30461,7288
9455,1998,10,37752,65675,-27923
9455,1998,11,37667,24361,13306
9455,1998,12,56484,44446,12038
9472,1993,7,75245,0,75245
9472,1993,8,313,25500,-25187
9472,1993,9,20538,12300,8238
9472,1993,10,70327,55330,14997
9472,1993,11,198,32049,-31851
9472,1993,12,112,18049,-17937
9472,1994,1,65268,39549,25719
9472,1994,2,80842,37249,43593
9472,1994,3,244,39549,-39305
9472,1994,4,102315,65614,36701
9472,1994,5,16051,40349,-24298
9472,1994,6,75765,44949,30816
9472,1994,7,16560,65549,-48989
9472,1994,8,107323,72049,35274
9472,1994,9,34439,71949,-37510
9472,1994,10,35486,29849,5637
9472,1994,11,47744,41449,6295
9472,1994,12,129595,131049,-1454
9472,1995,1,147,30049,-29902
9472,1995,2,6893,7849,-956
9472,1995,3,22936,13249,9687
9472,1995,4,41137,25349,15788
9472,1995,5,85776,57922,27854
9472,1995,6,243,34224,-33981
9472,1995,7,49749,47189,2560
9472,1995,8,169,10982,-10813
9472,1995,9,5024,13048,-8024
9472,1995,10,21455,14582,6873
9472,1995,11,1423,8182,-6759
9472,1995,12,5900,8182,-2282
9472,1996,1,137783,87082,50701
9472,1996,2,19914,26682,-6768
9472,1996,3,253,18482,-18229
9472,1996,4,792,8182,-7390
9472,1996,5,43366,29849,13517
9472,1996,6,210,13249,-13039
9472,1996,7,4372,7749,-3377
9472,1996,8,6144,17749,-11605
9472,1996,9,65655,42734,22921
9472,1996,10,195,11449,-11254
9472,1996,11,44223,9849,34374
9472,1996,12,50225,31349,18876
9472,1997,1,213,69400,-69187
9472,1997,2,10608,7849,2759
9472,1997,3,94766,69748,25018
9472,1997,4,56593,38649,17944
9472,1997,5,113485,109402,4083
9472,1997,6,244,25849,-25605
9472,1997,7,85541,54361,31180
9472,1997,8,221,36605,-36384
9472,1997,9,153,8949,-8796
9472,1997,10,38297,8549,29748
9472,1997,11,43717,35821,7896
9472,1997,12,100546,76549,23997
9472,1998,1,253,70349,-70096
9472,1998,2,1492,8849,-7357
9472,1998,3,48,8549,-8501
9472,1998,4,40,5149,-5109
9472,1998,5,0,30,-30
9472,1998,6,39,30,9
9472,1998,7,78765,13749,65016
9472,1998,8,160,40414,-40254
9472,1998,9,45710,30749,14961
9472,1998,10,22663,33449,-10786
9472,1998,11,82,17549,-17467
9472,1998,12,83966,47857,36109
9484,1997,4,900,0,900
9484,1997,5,14804,0,14804
9484,1997,6,12657,5400,7257
9484,1997,7,8495,7500,995
9484,1997,8,8510,4300,4210
9484,1997,9,8550,7715,835
9484,1997,10,8588,12115,-3527
9484,1997,11,8592,6015,2577
9484,1997,12,12714,17215,-4501
9484,1998,1,8553,19215,-10662
9484,1998,2,8451,7515,936
9484,1998,3,8500,5015,3485
9484,1998,4,8518,9315,-797
9484,1998,5,8522,11215,-2693
9484,1998,6,15250,24115,-8865
9484,1998,7,8407,7815,592
9484,1998,8,8416,9615,-1199
9484,1998,9,8422,6915,1507
9484,1998,10,8404,10115,-1711
9484,1998,11,8409,7915,494
9484,1998,12,12631,5902,6729
9491,1996,8,44739,0,44739
9491,1996,9,44099,8600,35499
9491,1996,10,44201,27200,17001
9491,1996,11,44246,37200,7046
9491,1996,12,66092,103175,-37083
9491,1997,1,44073,59351,-15278
9491,1997,2,44041,29751,14290
9491,1997,3,44081,47190,-3109
9491,1997,4,44076,41451,2625
9491,1997,5,44092,40408,3684
9491,1997,6,66062,37551,28511
9491,1997,7,44154,53551,-9397
9491,1997,8,44137,48751,-4614
9491,1997,9,44106,79080,-34974
9491,1997,10,44032,49910,-5878
9491,1997,11,44021,26151,17870
9491,1997,12,65980,84917,-18937
9491,1998,1,44033,50951,-6918
9491,1998,2,44040,11451,32589
9491,1998,3,44076,74151,-30075
9491,1998,4,44053,41451,2602
9491,1998,5,44079,39751,4328
9491,1998,6,66044,52051,13993
9491,1998,7,44118,52449,-8331
9491,1998,8,44088,46949,-2861
9491,1998,9,44077,42149,1928
9491,1998,10,44082,44249,-167
9491,1998,11,44080,42949,1131
9491,1998,12,66033,65719,314
9493,1995,4,24055,0,24055
9493,1995,5,24056,0,24056
9493,1995,6,35645,12500,23145
9493,1995,7,23876,47500,-23624
9493,1995,8,23770,44230,-20460
9493,1995,9,23728,15641,8087
9493,1995,10,27913,37940,-10027
9493,1995,11,23728,16949,6779
9493,1995,12,35581,22049,13532
9493,1996,1,23752,38349,-14597
9493,1996,2,23749,15049,8700
9493,1996,3,23740,33356,-9616
9493,1996,4,23743,17849,5894
9493,1996,5,23767,18149,5618
9493,1996,6,35608,29949,5659
9493,1996,7,23808,25849,-2041
9493,1996,8,23802,21449,2353
9493,1996,9,23811,21749,2062
9493,1996,10,23777,37138,-13361
9493,1996,11,23750,24348,-598
9493,1996,12,35580,25249,10331
9493,1997,1,27524,45849,-18325
9493,1997,2,24504,26721,-2217
9493,1997,3,23724,14149,9575
9493,1997,4,23751,18879,4872
9493,1997,5,23763,30449,-6686
9493,1997,6,35551,36470,-919
9493,1997,7,23745,26548,-2803
9493,1997,8,23732,24249,-517
9493,1997,9,23740,13449,10291
9493,1997,10,23777,15349,8428
9493,1997,11,23795,23456,339
9493,1997,12,35610,44569,-8959
9493,1998,1,26434,41349,-14915
9493,1998,2,27428,10749,16679
9493,1998,3,23783,18349,5434
9493,1998,4,23793,29549,-5756
9493,1998,5,23769,22249,1520
9493,1998,6,35615,14349,21266
9493,1998,7,23872,17049,6823
9493,1998,8,23892,20149,3743
9493,1998,9,23893,44599,-20706
9493,1998,10,23824,23849,-25
9493,1998,11,25054,10749,14305
9493,1998,12,35722,13434,22288
9494,1996,5,11853,0,11853
9494,1996,6,23340,0,23340
9494,1996,7,11579,8000,3579
9494,1996,8,11590,9600,1990
9494,1996,9,11591,16861,-5270
9494,1996,10,11555,22361,-10806
9494,1996,11,11504,19621,-8117
9494,1996,12,19518,16461,3057
9494,1997,1,11992,18981,-6989
9494,1997,2,19575,20137,-562
9494,1997,3,18182,14497,3685
9494,1997,4,17094,14497,2597
9494,1997,5,19211,14497,4714
9494,1997,6,25256,19177,6079
9494,1997,7,14750,19177,-4427
9494,1997,8,17136,15097,2039
9494,1997,9,11532,15997,-4465
9494,1997,10,15618,14497,1121
9494,1997,11,16936,14497,2439
9494,1997,12,21061,20777,284
9494,1998,1,20518,22777,-2259
9494,1998,2,11518,16261,-4743
9494,1998,3,25327,14061,11266
9494,1998,4,17343,16261,1082
9494,1998,5,20959,14861,6098
9494,1998,6,29466,31801,-2335
9494,1998,7,19470,18021,1449
9494,1998,8,22064,23741,-1677
9494,1998,9,18372,15561,2811
9494,1998,10,13183,13061,122
9494,1998,11,15580,16861,-1281
9494,1998,12,17297,16286,1011
9504,1996,1,700,0,700
9504,1996,2,37094,8200,28894
9504,1996,3,37214,22700,14514
9504,1996,4,37272,27300,9972
9504,1996,5,37313,31500,5813
9504,1996,6,55826,80615,-24789
9504,1996,7,37323,30949,6374
9504,1996,8,37308,37030,278
9504,1996,9,37302,42519,-5217
9504,1996,10,37279,37603,-324
9504,1996,11,37323,39374,-2051
9504,1996,12,55856,42515,13341
9504,1997,1,37291,63215,-25924
9504,1997,2,37213,27515,9698
9504,1997,3,37256,39003,-1747
9504,1997,4,37259,33803,3456
9504,1997,5,37270,35803,1467
9504,1997,6,55727,73903,-18176
9504,1997,7,37227,31349,5878
9504,1997,8,37215,32303,4912
9504,1997,9,37234,35703,1531
9504,1997,10,37259,37603,-344
9504,1997,11,37231,38003,-772
9504,1997,12,55796,52303,3493
9504,1998,1,37284,50103,-12819
9504,1998,2,37191,32603,4588
9504,1998,3,37222,29403,7819
9504,1998,4,37242,34303,2939
9504,1998,5,37237,45503,-8266
9504,1998,6,55752,49203,6549
9504,1998,7,37237,40658,-3421
9504,1998,8,37214,39003,-1789
9504,1998,9,37197,41803,-4606
9504,1998,10,37182,39403,-2221
9504,1998,11,37173,37603,-430
9504,1998,12,55713,57288,-1575
9510,1996,6,22855,0,22855
9510,1996,7,15801,0,15801
9510,1996,8,15046,6000,9046
9510,1996,9,15077,8300,6777
9510,1996,10,15086,15715,-629
9510,1996,11,15079,16935,-1856
9510,1996,12,22521,17636,4885
9510,1997,1,15072,24956,-9884
9510,1997,2,15058,14256,802
9510,1997,3,15048,18276,-3228
9510,1997,4,15050,13656,1394
9510,1997,5,15031,19496,-4465
9510,1997,6,22471,21296,1175
9510,1997,7,15028,16676,-1648
9510,1997,8,15007,21816,-6809
9510,1997,9,15012,11956,3056
9510,1997,10,15004,19276,-4272
9510,1997,11,15008,11856,3152
9510,1997,12,22427,32276,-9849
9510,1998,1,14966,15516,-550
9510,1998,2,14988,6356,8632
9510,1998,3,15003,22656,-7653
9510,1998,4,14995,19296,-4301
9510,1998,5,14987,12756,2231
9510,1998,6,31520,42676,-11156
9510,1998,7,15838,6356,9482
9510,1998,8,14975,10256,4719
9510,1998,9,14991,16456,-1465
9510,1998,10,14987,11456,3531
9510,1998,11,14982,21616,-6634
9510,1998,12,22419,9221,13198
9513,1996,5,21077,0,21077
9513,1996,6,30643,2300,28343
9513,1996,7,20544,15200,5344
9513,1996,8,20551,21700,-1149
9513,1996,9,20540,31934,-11394
9513,1996,10,20496,23334,-2838
9513,1996,11,20482,23834,-3352
9513,1996,12,30650,23454,7196
9513,1997,1,20453,43514,-23061
9513,1997,2,20417,14234,6183
9513,1997,3,20456,19234,1222
9513,1997,4,20421,23334,-2913
9513,1997,5,20436,21254,-818
9513,1997,6,30621,20834,9787
9513,1997,7,20444,22734,-2290
9513,1997,8,20452,24501,-4049
9513,1997,9,20434,21061,-627
9513,1997,10,20436,22561,-2125
9513,1997,11,20471,9861,10610
9513,1997,12,30634,28821,1813
9513,1998,1,20439,36921,-16482
9513,1998,2,20451,9861,10590
9513,1998,3,20480,9861,10619
9513,1998,4,20487,30561,-10074
9513,1998,5,20429,33801,-13372
9513,1998,6,30622,19621,11001
9513,1998,7,20464,32421,-11957
9513,1998,8,20420,20934,-514
9513,1998,9,20433,22034,-1601
9513,1998,10,20413,9934,10479
9513,1998,11,20468,26634,-6166
9513,1998,12,30638,10019,20619
9528,1996,11,46136,0,46136
9528,1996,12,117485,73215,44270
9528,1997,1,268,88710,-88442
9528,1997,2,5206,14418,-9212
9528,1997,3,8000,88,7912
9528,1997,4,10605,10015,590
9528,1997,5,9701,13865,-4164
9528,1997,6,30498,11753,18745
9528,1997,7,5567,13115,-7548
9528,1997,8,5624,11515,-5891
9528,1997,9,44571,21229,23342
9528,1997,10,73,18315,-18242
9528,1997,11,12505,12915,-410
9528,1997,12,3216,11425,-8209
9528,1998,1,28723,10225,18498
9528,1998,2,91312,9315,81997
9528,1998,3,421,46915,-46494
9528,1998,4,39706,22715,16991
9528,1998,5,89823,109915,-20092
9528,1998,6,26855,35723,-8868
9528,1998,7,100492,80115,20377
9528,1998,8,34731,47089,-12358
9528,1998,9,46752,35637,11115
9528,1998,10,10439,32333,-21894
9528,1998,11,45327,40366,4961
9528,1998,12,284,14700,-14416
9548,1996,6,1000,0,1000
9548,1996,7,18274,0,18274
9548,1996,8,18225,7900,10325
9548,1996,9,18298,11300,6998
9548,1996,10,18333,13400,4933
9548,1996,11,18284,20928,-2644
9548,1996,12,27360,18890,8470
9548,1997,1,18279,28090,-9811
9548,1997,2,18275,16890,1385
9548,1997,3,18273,18690,-417
9548,1997,4,18274,18090,184
9548,1997,5,18279,16790,1489
9548,1997,6,27330,45890,-18560
9548,1997,7,25557,10590,14967
9548,1997,8,18281,18390,-109
9548,1997,9,18289,14890,3399
9548,1997,10,18301,17590,711
9548,1997,11,18302,11490,6812
9548,1997,12,27407,22690,4717
9548,1998,1,19444,19290,154
9548,1998,2,18348,16590,1758
9548,1998,3,18350,20090,-1740
9548,1998,4,18349,14890,3459
9548,1998,5,18364,12090,6274
9548,1998,6,27448,26390,1058
9548,1998,7,18382,16190,2192
9548,1998,8,18400,16090,2310
9548,1998,9,18408,17290,1118
9548,1998,10,18415,14490,3925
9548,1998,11,18426,15690,2736
9548,1998,12,27530,11075,16455
9549,1997,1,1100,0,1100
9549,1997,2,82103,0,82103
9549,1997,3,31136,64600,-33464
9549,1997,4,205,17200,-16995
9549,1997,5,35889,62131,-26242
9549,1997,6,121301,30521,90780
9549,1997,7,49882,91515,-41633
9549,1997,8,28912,57357,-28445
9549,1997,9,40478,35709,4769
9549,1997,10,69933,11115,58818
9549,1997,11,25081,39126,-14045
9549,1997,12,42880,84338,-41458
9549,1998,1,39427,42315,-2888
9549,1998,2,177982,116715,61267
9549,1998,3,83176,87429,-4253
9549,1998,4,18897,34215,-15318
9549,1998,5,357,51231,-50874
9549,1998,6,5772,18315,-12543
9549,1998,7,16293,6015,10278
9549,1998,8,69,16515,-16446
9549,1998,9,12130,5615,6515
9549,1998,10,103993,16137,87856
9549,1998,11,61144,88372,-27228
9549,1998,12,81158,99701,-18543
9560,1997,7,22464,0,22464
9560,1997,8,393,0,393
9560,1997,9,66780,800,65980
9560,1997,10,369,35200,-34831
9560,1997,11,369,17600,-17231
9560,1997,12,369,8700,-8331
9560,1998,1,369,5300,-4931
9560,1998,2,36521,3000,33521
9560,1998,3,100369,79315,21054
9560,1998,4,41431,76308,-34877
9560,1998,5,122,20112,-19990
9560,1998,6,4678,11612,-6934
9560,1998,7,31035,11612,19423
9560,1998,8,45138,13312,31826
9560,1998,9,198,30912,-30714
9560,1998,10,87739,33612,54127
9560,1998,11,60277,51210,9067
9560,1998,12,36898,80897,-43999
9583,1994,5,300,0,300
9583,1994,6,14600,0,14600
9583,1994,7,6900,0,6900
9583,1994,8,22980,0,22980
9583,1994,9,186,9000,-8814
9583,1994,10,186,6100,-5914
9583,1994,11,40136,20400,19736
9583,1994,12,8337,15400,-7063
9583,1995,1,26604,48356,-21752
9583,1995,2,123592,102510,21082
9583,1995,3,39020,37816,1204
9583,1995,4,20855,42380,-21525
9583,1995,5,23025,17316,5709
9583,1995,6,97875,74165,23710
9583,1995,7,38358,39316,-958
9583,1995,8,51923,33179,18744
9583,1995,9,95597,82116,13481
9583,1995,10,42896,27816,15080
9583,1995,11,10747,64748,-54001
9583,1995,12,27778,24679,3099
9583,1996,1,12558,31219,-18661
9583,1996,2,52353,37868,14485
9583,1996,3,12154,26557,-14403
9583,1996,4,19021,17779,1242
9583,1996,5,41282,17779,23503
9583,1996,6,67491,26279,41212
9583,1996,7,49566,113688,-64122
9583,1996,8,77537,26179,51358
9583,1996,9,194,53486,-53292
9583,1996,10,19496,27197,-7701
9583,1996,11,51050,17779,33271
9583,1996,12,47064,33679,13385
9583,1997,1,36243,50111,-13868
9583,1997,2,4745,29995,-25250
9583,1997,3,40096,32071,8025
9583,1997,4,141747,84588,57159
9583,1997,5,268,56411,-56143
9583,1997,6,160500,98479,62021
9583,1997,7,106232,134082,-27850
9583,1997,8,63071,43079,19992
9583,1997,9,34915,45873,-10958
9583,1997,10,98465,91899,6566
9583,1997,11,172899,193097,-20198
9583,1997,12,26996,22879,4117
9583,1998,1,114058,109410,4648
9583,1998,2,133484,133816,-332
9583,1998,3,55728,46481,9247
9583,1998,4,8501,54543,-46042
9583,1998,5,64302,17316,46986
9583,1998,6,71405,64516,6889
9583,1998,7,62294,68786,-6492
9583,1998,8,8988,23816,-14828
9583,1998,9,65273,44092,21181
9583,1998,10,63759,86809,-23050
9583,1998,11,77097,55116,21981
9583,1998,12,306,24486,-24180
9591,1993,5,400,0,400
9591,1993,6,119113,25715,93398
9591,1993,7,305,41565,-41260
9591,1993,8,42501,25061,17440
9591,1993,9,62994,88783,-25789
9591,1993,10,25047,28061,-3014
9591,1993,11,59402,39361,20041
9591,1993,12,12596,52229,-39633
9591,1994,1,25742,13261,12481
9591,1994,2,17686,17261,425
9591,1994,3,117619,98804,18815
9591,1994,4,118178,113311,4867
9591,1994,5,105172,117671,-12499
9591,1994,6,72035,39661,32374
9591,1994,7,50058,84135,-34077
9591,1994,8,34495,14561,19934
9591,1994,9,107402,122893,-15491
9591,1994,10,8383,23047,-14664
9591,1994,11,55856,29142,26714
9591,1994,12,94672,78234,16438
9591,1995,1,222,53204,-52982
9591,1995,2,4284,9361,-5077
9591,1995,3,20661,13761,6900
9591,1995,4,284,8524,-8240
9591,1995,5,7871,8524,-653
9591,1995,6,6163,8524,-2361
9591,1995,7,3746,8524,-4778
9591,1995,8,7537,8524,-987
9591,1995,9,8837,8524,313
9591,1995,10,9640,8524,1116
9591,1995,11,7739,8524,-785
9591,1995,12,5830,8524,-2694
9591,1996,1,28781,8524,20257
9591,1996,2,80,10824,-10744
9591,1996,3,19537,14724,4813
9591,1996,4,61157,15472,45685
9591,1996,5,143,43524,-43381
9591,1996,6,25526,19867,5659
9591,1996,7,10109,11824,-1715
9591,1996,8,35039,29037,6002
9591,1996,9,26574,18224,8350
9591,1996,10,65423,55558,9865
9591,1996,11,226,18924,-18698
9591,1996,12,110,9224,-9114
9591,1997,1,56890,44924,11966
9591,1997,2,16958,19924,-2966
9591,1997,3,76737,67512,9225
9591,1997,4,59415,51207,8208
9591,1997,5,82391,79761,2630
9591,1997,6,140911,143761,-2850
9591,1997,7,36631,35961,670
9591,1997,8,27265,45383,-18118
9591,1997,9,41422,10561,30861
9591,1997,10,83185,79074,4111
9591,1997,11,200,40911,-40711
9591,1997,12,94,8361,-8267
9591,1998,1,49,8661,-8612
9591,1998,2,43066,4161,38905
9591,1998,3,165,24161,-23996
9591,1998,4,84,8061,-7977
9591,1998,5,37,9361,-9324
9591,1998,6,29886,14461,15425
9591,1998,7,2470,7561,-5091
9591,1998,8,41,9161,-9120
9591,1998,9,5218,4161,1057
9591,1998,10,34,4161,-4127
9591,1998,11,0,15,-15
9627,1994,7,200,0,200
9627,1994,8,175268,118500,56768
9627,1994,9,204574,166476,38098
9627,1994,10,121805,141300,-19495
9627,1994,11,56318,78100,-21782
9627,1994,12,85916,88100,-2184
9627,1995,1,156632,140500,16132
9627,1995,2,32765,23600,9165
9627,1995,3,72036,92980,-20944
9627,1995,4,21224,24700,-3476
9627,1995,5,21253,24200,-2947
9627,1995,6,67119,18404,48715
9627,1995,7,44791,80500,-35709
9627,1995,8,152436,135800,16636
9627,1995,9,25058,33400,-8342
9627,1995,10,39389,30800,8589
9627,1995,11,52493,45500,6993
9627,1995,12,267,47183,-46916
9627,1996,1,6820,18391,-11571
9627,1996,2,1607,5191,-3584
9627,1996,3,6103,5191,912
9627,1996,4,8727,5191,3536
9627,1996,5,5834,5191,643
9627,1996,6,100,8391,-8291
9627,1996,7,73,5491,-5418
9627,1996,8,4864,5191,-327
9627,1996,9,7268,5191,2077
9627,1996,10,5673,5191,482
9627,1996,11,4572,5191,-619
9627,1996,12,5772,5191,581
9627,1997,1,44921,7679,37242
9627,1997,2,187,21291,-21104
9627,1997,3,124,5991,-5867
9627,1997,4,25244,5191,20053
9627,1997,5,134,20291,-20157
9627,1997,6,56054,11191,44863
9627,1997,7,228,37391,-37163
9627,1997,8,39858,25191,14667
9627,1997,9,32564,24094,8470
9627,1997,10,14924,21613,-6689
9627,1997,11,47594,12991,34603
9627,1997,12,7179,56704,-49525
9627,1998,1,34387,15891,18496
9627,1998,2,57940,26491,31449
9627,1998,3,5863,27891,-22028
9627,1998,4,222,17391,-17169
9627,1998,5,98382,64991,33391
9627,1998,6,143138,178391,-35253
9627,1998,7,120917,111191,9726
9627,1998,8,42396,23891,18505
9627,1998,9,74949,70291,4658
9627,1998,10,42113,48191,-6078
9627,1998,11,107110,97291,9819
9627,1998,12,7708,13491,-5783
9631,1996,6,200,0,200
9631,1996,7,18879,0,18879
9631,1996,8,15757,0,15757
9631,1996,9,15015,6400,8615
9631,1996,10,15041,15000,41
9631,1996,11,15052,13715,1337
9631,1996,12,22514,23615,-1101
9631,1997,1,15001,43513,-28512
9631,1997,2,16065,2915,13150
9631,1997,3,15011,11015,3996
9631,1997,4,16810,39877,-23067
9631,1997,5,21713,15315,6398
9631,1997,6,22391,28850,-6459
9631,1997,7,16527,5400,11127
9631,1997,8,14960,9203,5757
9631,1997,9,14987,14939,48
9631,1997,10,19556,26719,-7163
9631,1997,11,15972,22574,-6602
9631,1997,12,22372,18926,3446
9631,1998,1,15213,25592,-10379
9631,1998,2,16117,2492,13625
9631,1998,3,14939,17092,-2153
9631,1998,4,14949,9492,5457
9631,1998,5,14961,14492,469
9631,1998,6,22405,17692,4713
9631,1998,7,14983,13692,1291
9631,1998,8,14981,18192,-3211
9631,1998,9,14949,33792,-18843
9631,1998,10,14911,9392,5519
9631,1998,11,14918,12492,2426
9631,1998,12,22368,23977,-1609
9633,1996,1,500,0,500
9633,1996,2,8700,0,8700
9633,1996,3,51456,16300,35156
9633,1996,4,82496,32600,49896
9633,1996,5,390,38900,-38510
9633,1996,6,26728,85695,-58967
9633,1996,7,68621,19717,48904
9633,1996,8,54989,19415,35574
9633,1996,9,47883,33715,14168
9633,1996,10,88177,101461,-13284
9633,1996,11,34663,43315,-8652
9633,1996,12,240,48715,-48475
9633,1997,1,39995,63261,-23266
9633,1997,2,64522,13715,50807
9633,1997,3,244,21315,-21071
9633,1997,4,22919,3715,19204
9633,1997,5,34805,35247,-442
9633,1997,6,38303,33221,5082
9633,1997,7,45963,43292,2671
9633,1997,8,396,20693,-20297
9633,1997,9,33689,35685,-1996
9633,1997,10,11433,10092,1341
9633,1997,11,37463,53086,-15623
9633,1997,12,64202,29492,34710
9633,1998,1,79480,65010,14470
9633,1998,2,22797,45021,-22224
9633,1998,3,22702,40213,-17511
9633,1998,4,21647,2492,19155
9633,1998,5,27054,41882,-14828
9633,1998,6,6185,6392,-207
9633,1998,7,87898,68192,19706
9633,1998,8,16991,14892,2099
9633,1998,9,120173,96392,23781
9633,1998,10,58917,93824,-34907
9633,1998,11,12024,17508,-5484
9633,1998,12,54,33354,-33300
9635,1993,1,4893,0,4893
9635,1993,2,4490,0,4490
9635,1993,3,4490,0,4490
9635,1993,4,4490,0,4490
9635,1993,5,4496,15,4481
9635,1993,6,4546,24185,-19639
9635,1993,7,4497,15,4482
9635,1993,8,4522,7215,-2693
9635,1993,9,4522,2175,2347
9635,1993,10,4533,5315,-782
9635,1993,11,4500,15,4485
9635,1993,12,4562,4415,147
9635,1994,1,4536,18407,-13871
9635,1994,2,4470,42,4428
9635,1994,3,4489,2315,2174
9635,1994,4,4508,5215,-707
9635,1994,5,4496,2815,1681
9635,1994,6,4510,15,4495
9635,1994,7,4548,4415,133
9635,1994,8,4534,9035,-4501
9635,1994,9,4501,4455,46
9635,1994,10,4510,2615,1895
9635,1994,11,4531,3015,1516
9635,1994,12,4524,7165,-2641
9635,1995,1,4483,11870,-7387
9635,1995,2,4470,34,4436
9635,1995,3,4487,4575,-88
9635,1995,4,4498,2715,1783
9635,1995,5,4512,4615,-103
9635,1995,6,4488,15,4473
9635,1995,7,4519,6195,-1676
9635,1995,8,4523,2415,2108
9635,1995,9,4530,3415,1115
9635,1995,10,4527,5895,-1368
9635,1995,11,4544,3615,929
9635,1995,12,4541,4815,-274
9635,1996,1,4506,11295,-6789
9635,1996,2,4490,15,4475
9635,1996,3,4529,3615,914
9635,1996,4,4510,5795,-1285
9635,1996,5,4527,3115,1412
9635,1996,6,4520,4795,-275
9635,1996,7,4522,5815,-1293
9635,1996,8,4496,15,4481
9635,1996,9,4558,4235,323
9635,1996,10,4545,3515,1030
9635,1996,11,4574,4115,459
9635,1996,12,4563,3965,598
9635,1997,1,4526,14875,-10349
9635,1997,2,4490,15,4475
9635,1997,3,4530,3615,915
9635,1997,4,4534,6675,-2141
9635,1997,5,4514,5135,-621
9635,1997,6,4510,5015,-505
9635,1997,7,4510,3215,1295
9635,1997,8,4522,2815,1707
9635,1997,9,4510,9535,-5025
9635,1997,10,4488,15,4473
9635,1997,11,4532,2615,1917
9635,1997,12,4545,5925,-1380
9635,1998,1,4488,11175,-6687
9635,1998,2,4473,15,4458
9635,1998,3,4513,3315,1198
9635,1998,4,4512,3315,1197
9635,1998,5,4534,3115,1419
9635,1998,6,4529,6715,-2186
9635,1998,7,4499,6715,-2216
9635,1998,8,4503,5715,-1212
9635,1998,9,4492,15,4477
9635,1998,10,4519,7975,-3456
9635,1998,11,4512,3115,1397
9635,1998,12,4507,4600,-93
9640,1993,3,20255,0,20255
9640,1993,4,19738,0,19738
9640,1993,5,19299,8900,10399
9640,1993,6,28903,14800,14103
9640,1993,7,19369,21415,-2046
9640,1993,8,19323,34199,-14876
9640,1993,9,19268,25199,-5931
9640,1993,10,19250,22899,-3649
9640,1993,11,20053,32579,-12526
9640,1993,12,36311,17099,19212
9640,1994,1,24819,47616,-22797
9640,1994,2,27505,23299,4206
9640,1994,3,23925,18499,5426
9640,1994,4,21534,17299,4235
9640,1994,5,21759,17299,4460
9640,1994,6,28835,18999,9836
9640,1994,7,19269,27795,-8526
9640,1994,8,24360,25569,-1209
9640,1994,9,19224,34999,-15775
9640,1994,10,21801,20765,1036
9640,1994,11,20806,18299,2507
9640,1994,12,28769,29205,-436
9640,1995,1,20297,25083,-4786
9640,1995,2,21998,17883,4115
9640,1995,3,22309,22118,191
9640,1995,4,22215,19983,2232
9640,1995,5,21023,17883,3140
9640,1995,6,28803,18683,10120
9640,1995,7,19247,30083,-10836
9640,1995,8,19838,22983,-3145
9640,1995,9,19220,18283,937
9640,1995,10,21507,20883,624
9640,1995,11,20427,17883,2544
9640,1995,12,31499,35760,-4261
9640,1996,1,25601,25383,218
9640,1996,2,23622,17883,5739
9640,1996,3,21746,17883,3863
9640,1996,4,19258,20083,-825
9640,1996,5,21058,17883,3175
9640,1996,6,28843,22083,6760
9640,1996,7,19286,29892,-10606
9640,1996,8,21451,20176,1275
9640,1996,9,19258,18483,775
9640,1996,10,20964,17883,3081
9640,1996,11,20970,25983,-5013
9640,1996,12,29529,22083,7446
9640,1997,1,31053,34083,-3030
9640,1997,2,24581,17599,6982
9640,1997,3,31376,38270,-6894
9640,1997,4,29273,23299,5974
9640,1997,5,34985,32820,2165
9640,1997,6,28872,40260,-11388
9640,1997,7,37351,29799,7552
9640,1997,8,30878,35474,-4596
9640,1997,9,29171,27299,1872
9640,1997,10,38713,28939,9774
9640,1997,11,27025,17499,9526
9640,1997,12,28920,33599,-4679
9640,1998,1,29596,56499,-26903
9640,1998,2,44270,17699,26571
9640,1998,3,33065,17999,15066
9640,1998,4,26205,21299,4906
9640,1998,5,22328,17899,4429
9640,1998,6,29008,18999,10009
9640,1998,7,19458,28999,-9541
9640,1998,8,28217,27999,218
9640,1998,9,28561,17099,11462
9640,1998,10,25474,23099,2375
9640,1998,11,31390,41799,-10409
9640,1998,12,46868,20984,25884
9645,1996,1,1100,0,1100
9645,1996,2,34916,5600,29316
9645,1996,3,35022,23200,11822
9645,1996,4,35065,28400,6665
9645,1996,5,35090,30400,4690
9645,1996,6,52515,70791,-18276
9645,1996,7,35060,35268,-208
9645,1996,8,38504,48929,-10425
9645,1996,9,35038,24591,10447
9645,1996,10,35070,30491,4579
9645,1996,11,35042,46587,-11545
9645,1996,12,52523,39691,12832
9645,1997,1,35038,52891,-17853
9645,1997,2,35024,25391,9633
9645,1997,3,35052,32091,2961
9645,1997,4,35052,43382,-8330
9645,1997,5,35042,25991,9051
9645,1997,6,52522,45691,6831
9645,1997,7,35081,37191,-2110
9645,1997,8,35070,36591,-1521
9645,1997,9,35039,45283,-10244
9645,1997,10,35039,27891,7148
9645,1997,11,35043,36491,-1448
9645,1997,12,52521,42491,10030
9645,1998,1,35025,57037,-22012
9645,1998,2,34986,34791,195
9645,1998,3,35008,29091,5917
9645,1998,4,35015,41011,-5996
9645,1998,5,35019,28391,6628
9645,1998,6,52491,40991,11500
9645,1998,7,35052,38852,-3800
9645,1998,8,35037,36391,-1354
9645,1998,9,35005,47291,-12286
9645,1998,10,34997,30491,4506
9645,1998,11,34992,38791,-3799
9645,1998,12,52450,50576,1874
9646,1996,7,300,0,300
9646,1996,8,13400,0,13400
9646,1996,9,5000,0,5000
9646,1996,10,1800,0,1800
9646,1996,11,2100,0,2100
9646,1996,12,1300,0,1300
9646,1997,1,0,3900,-3900
9646,1997,2,0,300,-300
9646,1997,3,16224,12400,3824
9646,1997,4,98,7000,-6902
9646,1997,5,28997,14600,14397
9646,1997,6,129,6700,-6571
9646,1997,7,53927,30600,23327
9646,1997,8,57848,58630,-782
9646,1997,9,49761,43930,5831
9646,1997,10,127731,79030,48701
9646,1997,11,348,63628,-63280
9646,1997,12,124,21569,-21445
9646,1998,1,87000,61430,25570
9646,1998,2,65766,58930,6836
9646,1998,3,28854,56559,-27705
9646,1998,4,69,14044,-13975
9646,1998,5,20,6930,-6910
9646,1998,6,104501,32444,72057
9646,1998,7,43698,47400,-3702
9646,1998,8,40859,62344,-21485
9646,1998,9,43414,68862,-25448
9646,1998,10,24421,18244,6177
9646,1998,11,46777,32144,14633
9646,1998,12,75810,59414,16396
9656,1993,11,17622,0,17622
9656,1993,12,5773,0,5773
9656,1994,1,89987,46315,43672
9656,1994,2,174,42976,-42802
9656,1994,3,58643,17036,41607
9656,1994,4,74277,60312,13965
9656,1994,5,9777,68523,-58746
9656,1994,6,11281,15836,-4555
9656,1994,7,36372,10736,25636
9656,1994,8,172387,131339,41048
9656,1994,9,30216,71968,-41752
9656,1994,10,150380,127936,22444
9656,1994,11,77052,86336,-9284
9656,1994,12,128354,121836,6518
9656,1995,1,61176,51536,9640
9656,1995,2,64007,30436,33571
9656,1995,3,68570,75578,-7008
9656,1995,4,68423,57036,11387
9656,1995,5,86247,140395,-54148
9656,1995,6,158,24436,-24278
9656,1995,7,3284,16550,-13266
9656,1995,8,93163,16550,76613
9656,1995,9,240,54250,-54010
9656,1995,10,70730,16650,54080
9656,1995,11,52727,50550,2177
9656,1995,12,93721,105950,-12229
9656,1996,1,7448,60350,-52902
9656,1996,2,52539,32779,19760
9656,1996,3,71070,49541,21529
9656,1996,4,30387,41850,-11463
9656,1996,5,27865,46523,-18658
9656,1996,6,50410,25350,25060
9656,1996,7,26094,50150,-24056
9656,1996,8,3142,16550,-13408
9656,1996,9,58584,31350,27234
9656,1996,10,34276,34550,-274
9656,1996,11,19706,41406,-21700
9656,1996,12,13303,16550,-3247
9656,1997,1,66666,40250,26416
9656,1997,2,23471,44886,-21415
9656,1997,3,48259,26850,21409
9656,1997,4,9567,27139,-17572
9656,1997,5,73038,20850,52188
9656,1997,6,27429,54550,-27121
9656,1997,7,26157,36096,-9939
9656,1997,8,11846,28836,-16990
9656,1997,9,42398,31528,10870
9656,1997,10,44168,39851,4317
9656,1997,11,2390,18836,-16446
9656,1997,12,127842,77136,50706
9656,1998,1,241,50390,-50149
9656,1998,2,87236,43736,43500
9656,1998,3,16417,51602,-35185
9656,1998,4,5151,15936,-10785
9656,1998,5,53819,29236,24583
9656,1998,6,998,15336,-14338
9656,1998,7,60014,37836,22178
9656,1998,8,26816,52489,-25673
9656,1998,9,44092,25636,18456
9656,1998,10,53511,20336,33175
9656,1998,11,263,46758,-46495
9656,1998,12,45940,54312,-8372
9673,1997,6,23220,0,23220
9673,1997,7,18452,0,18452
9673,1997,8,14905,4500,10405
9673,1997,9,14927,11400,3527
9673,1997,10,14884,34299,-19415
9673,1997,11,14852,13999,853
9673,1997,12,22225,15799,6426
9673,1998,1,14839,34899,-20060
9673,1998,2,14818,6899,7919
9673,1998,3,14844,12099,2745
9673,1998,4,14829,22424,-7595
9673,1998,5,17031,9806,7225
9673,1998,6,22229,8199,14030
9673,1998,7,14897,28483,-13586
9673,1998,8,21176,9864,11312
9673,1998,9,14919,6649,8270
9673,1998,10,16716,18247,-1531
9673,1998,11,19018,17612,1406
9673,1998,12,22293,37045,-14752
9677,1996,10,500,0,500
9677,1996,11,18071,0,18071
9677,1996,12,20540,9400,11140
9677,1997,1,13749,12600,1149
9677,1997,2,13755,12000,1755
9677,1997,3,13742,21959,-8217
9677,1997,4,13708,21759,-8051
9677,1997,5,13703,12259,1444
9677,1997,6,20537,12359,8178
9677,1997,7,13727,15886,-2159
9677,1997,8,13730,13786,-56
9677,1997,9,20069,13386,6683
9677,1997,10,13759,11986,1773
9677,1997,11,13761,14286,-525
9677,1997,12,20593,13286,7307
9677,1998,1,13768,19786,-6018
9677,1998,2,17473,14286,3187
9677,1998,3,13784,11486,2298
9677,1998,4,13780,15986,-2206
9677,1998,5,15095,9486,5609
9677,1998,6,20635,13386,7249
9677,1998,7,13813,19486,-5673
9677,1998,8,13784,21186,-7402
9677,1998,9,13761,19586,-5825
9677,1998,10,13751,13986,-235
9677,1998,11,13754,14386,-632
9677,1998,12,20583,12571,8012
9703,1993,7,800,0,800
9703,1993,8,34080,4100,29980
9703,1993,9,34193,22300,11893
9703,1993,10,34255,26200,8055
9703,1993,11,34282,32000,2282
9703,1993,12,51330,40915,10415
9703,1994,1,34162,100127,-65965
9703,1994,2,34080,4735,29345
9703,1994,3,34208,16515,17693
9703,1994,4,34278,45828,-11550
9703,1994,5,34206,30815,3391
9703,1994,6,51259,34615,16644
9703,1994,7,34308,35128,-820
9703,1994,8,34370,31915,2455
9703,1994,9,34584,33515,1069
9703,1994,10,34483,42715,-8232
9703,1994,11,34416,9315,25101
9703,1994,12,51548,37915,13633
9703,1995,1,34408,81430,-47022
9703,1995,2,34352,7915,26437
9703,1995,3,34441,34894,-453
9703,1995,4,34495,17415,17080
9703,1995,5,34620,29215,5405
9703,1995,6,51472,109134,-57662
9703,1995,7,34286,41821,-7535
9703,1995,8,35316,15071,20245
9703,1995,9,41116,62290,-21174
9703,1995,10,34208,11585,22623
9703,1995,11,34296,35615,-1319
9703,1995,12,51451,12015,39436
9703,1996,1,38115,91866,-53751
9703,1996,2,34122,10749,23373
9703,1996,3,34393,34715,-322
9703,1996,4,34316,27415,6901
9703,1996,5,34415,43911,-9496
9703,1996,6,51186,46915,4271
9703,1996,7,34219,28015,6204
9703,1996,8,34184,33515,669
9703,1996,9,34494,34815,-321
9703,1996,10,34380,30415,3965
9703,1996,11,34393,38064,-3671
9703,1996,12,51516,45375,6141
9703,1997,1,34391,57915,-23524
9703,1997,2,34246,19015,15231
9703,1997,3,34356,28915,5441
9703,1997,4,34400,29215,5185
9703,1997,5,34434,32815,1619
9703,1997,6,51487,67615,-16128
9703,1997,7,34317,25715,8602
9703,1997,8,34250,37915,-3665
9703,1997,9,34249,36862,-2613
9703,1997,10,34206,28415,5791
9703,1997,11,34445,31269,3176
9703,1997,12,51456,43350,8106
9703,1998,1,43594,89210,-45616
9703,1998,2,34204,23504,10700
9703,1998,3,34236,31711,2525
9703,1998,4,34242,29496,4746
9703,1998,5,34273,29515,4758
9703,1998,6,51238,57087,-5849
9703,1998,7,34234,31593,2641
9703,1998,8,34188,57171,-22983
9703,1998,9,34093,24315,9778
9703,1998,10,34092,32515,1577
9703,1998,11,34176,29900,4276
9703,1998,12,51360,17044,34316
9707,1993,4,500,0,500
9707,1993,5,74065,26200,47865
9707,1993,6,113429,123215,-9786
9707,1993,7,38871,39144,-273
9707,1993,8,58060,34315,23745
9707,1993,9,111456,81615,29841
9707,1993,10,32978,33415,-437
9707,1993,11,381,34315,-33934
9707,1993,12,433,21415,-20982
9707,1994,1,16025,36757,-20732
9707,1994,2,7124,15,7109
9707,1994,3,1482,15,1467
9707,1994,4,9759,29115,-19356
9707,1994,5,8518,15,8503
9707,1994,6,7190,17984,-10794
9707,1994,7,11909,15,11894
9707,1994,8,8460,23288,-14828
9707,1994,9,14102,32,14070
9707,1994,10,13779,23115,-9336
9707,1994,11,13132,4419,8713
9707,1994,12,9887,12915,-3028
9707,1995,1,29423,37741,-8318
9707,1995,2,15703,15,15688
9707,1995,3,47905,21459,26446
9707,1995,4,54275,31515,22760
9707,1995,5,7018,31788,-24770
9707,1995,6,116993,52815,64178
9707,1995,7,8917,38249,-29332
9707,1995,8,66834,74186,-7352
9707,1995,9,27874,54388,-26514
9707,1995,10,119289,62291,56998
9707,1995,11,19444,34715,-15271
9707,1995,12,107242,92255,14987
9707,1996,1,127791,176515,-48724
9707,1996,2,88438,33024,55414
9707,1996,3,49144,77154,-28010
9707,1996,4,14720,19718,-4998
9707,1996,5,44590,21503,23087
9707,1996,6,16655,60776,-44121
9707,1996,7,50396,38715,11681
9707,1996,8,46033,6715,39318
9707,1996,9,50717,76364,-25647
9707,1996,10,22619,55004,-32385
9707,1996,11,5872,41952,-36080
9707,1996,12,58930,30333,28597
9707,1997,1,14570,33615,-19045
9707,1997,2,20790,21651,-861
9707,1997,3,18926,9015,9911
9707,1997,4,61206,15,61191
9707,1997,5,345,17515,-17170
9707,1997,6,392,43980,-43588
9707,1997,7,10871,12858,-1987
9707,1997,8,19283,15,19268
9707,1997,9,52306,20869,31437
9707,1997,10,560,6715,-6155
9707,1997,11,257,5715,-5458
9707,1997,12,84891,74680,10211
9707,1998,1,24297,35115,-10818
9707,1998,2,153132,126394,26738
9707,1998,3,97295,114784,-17489
9707,1998,4,10174,14017,-3843
9707,1998,5,57140,42315,14825
9707,1998,6,31153,69915,-38762
9707,1998,7,38801,24890,13911
9707,1998,8,78765,52015,26750
9707,1998,9,7904,24937,-17033
9707,1998,10,56973,41961,15012
9707,1998,11,4165,5415,-1250
9707,1998,12,32704,16500,16204
9730,1997,1,14332,0,14332
9730,1997,2,10754,0,10754
9730,1997,3,10817,1700,9117
9730,1997,4,10842,8800,2042
9730,1997,5,10825,20617,-9792
9730,1997,6,16178,12137,4041
9730,1997,7,10834,12537,-1703
9730,1997,8,10814,14237,-3423
9730,1997,9,10803,10251,552
9730,1997,10,10809,14771,-3962
9730,1997,11,10793,14671,-3878
9730,1997,12,16136,17091,-955
9730,1998,1,10760,14231,-3471
9730,1998,2,10761,8171,2590
9730,1998,3,10768,14771,-4003
9730,1998,4,10747,10691,56
9730,1998,5,10741,12491,-1750
9730,1998,6,16112,6971,9141
9730,1998,7,10787,6971,3816
9730,1998,8,10803,6971,3832
9730,1998,9,10812,9371,1441
9730,1998,10,10825,6971,3854
9730,1998,11,10826,12731,-1905
9730,1998,12,16194,7916,8278
9731,1994,12,29051,1500,27551
9731,1995,1,19080,14000,5080
9731,1995,2,19100,0,19100
9731,1995,3,19188,32000,-12812
9731,1995,4,19152,27335,-8183
9731,1995,5,19128,20287,-1159
9731,1995,6,29282,36961,-7679
9731,1995,7,19086,14787,4299
9731,1995,8,19102,18387,715
9731,1995,9,19110,17787,1323
9731,1995,10,19102,22459,-3357
9731,1995,11,19097,15487,3610
9731,1995,12,31250,35758,-4508
9731,1996,1,20078,17348,2730
9731,1996,2,19102,20148,-1046
9731,1996,3,19096,18622,474
9731,1996,4,19100,17348,1752
9731,1996,5,19093,20601,-1508
9731,1996,6,28605,26604,2001
9731,1996,7,19094,24948,-5854
9731,1996,8,19155,21078,-1923
9731,1996,9,19073,18048,1025
9731,1996,10,19080,15948,3132
9731,1996,11,19086,19948,-862
9731,1996,12,28576,27448,1128
9731,1997,1,19080,20648,-1568
9731,1997,2,19076,21648,-2572
9731,1997,3,19074,17148,1926
9731,1997,4,19073,22148,-3075
9731,1997,5,19054,24748,-5694
9731,1997,6,28542,25548,2994
9731,1997,7,19056,17048,2008
9731,1997,8,19055,20948,-1893
9731,1997,9,19059,14548,4511
9731,1997,10,19069,18748,321
9731,1997,11,19070,18448,622
9731,1997,12,28562,29148,-586
9731,1998,1,19064,20448,-1384
9731,1998,2,19067,16748,2319
9731,1998,3,19061,24048,-4987
9731,1998,4,19050,19048,2
9731,1998,5,19052,18148,904
9731,1998,6,28553,23948,4605
9731,1998,7,19063,22348,-3285
9731,1998,8,19072,16348,2724
9731,1998,9,19049,25248,-6199
9731,1998,10,19037,20248,-1211
9731,1998,11,19029,21048,-2019
9731,1998,12,28529,23187,5342
9750,1994,5,1000,0,1000
9750,1994,6,11100,0,11100
9750,1994,7,69790,22300,47490
9750,1994,8,23560,27000,-3440
9750,1994,9,32233,38441,-6208
9750,1994,10,51077,37308,13769
9750,1994,11,311,64398,-64087
9750,1994,12,14721,7521,7200
9750,1995,1,43409,26045,17364
9750,1995,2,16041,3176,12865
9750,1995,3,148569,94376,54193
9750,1995,4,39274,35076,4198
9750,1995,5,48260,89176,-40916
9750,1995,6,3052,51732,-48680
9750,1995,7,7744,6176,1568
9750,1995,8,31296,3176,28120
9750,1995,9,11949,25486,-13537
9750,1995,10,3066,3176,-110
9750,1995,11,23634,17442,6192
9750,1995,12,74373,49607,24766
9750,1996,1,30675,38276,-7601
9750,1996,2,9829,10076,-247
9750,1996,3,21166,23376,-2210
9750,1996,4,20042,25576,-5534
9750,1996,5,43335,15434,27901
9750,1996,6,87294,80784,6510
9750,1996,7,26954,38976,-12022
9750,1996,8,36473,21276,15197
9750,1996,9,20310,47064,-26754
9750,1996,10,41938,37405,4533
9750,1996,11,21797,36098,-14301
9750,1996,12,182,13376,-13194
9750,1997,1,68041,58825,9216
9750,1997,2,12645,33699,-21054
9750,1997,3,129066,82276,46790
9750,1997,4,79883,93976,-14093
9750,1997,5,84331,82366,1965
9750,1997,6,154697,137912,16785
9750,1997,7,15067,48866,-33799
9750,1997,8,29508,26370,3138
9750,1997,9,8522,15176,-6654
9750,1997,10,474,3176,-2702
9750,1997,11,16596,17144,-548
9750,1997,12,72086,43576,28510
9750,1998,1,30640,35576,-4936
9750,1998,2,328,10176,-9848
9750,1998,3,77635,38076,39559
9750,1998,4,42388,57176,-14788
9750,1998,5,9751,31376,-21625
9750,1998,6,50268,54650,-4382
9750,1998,7,84767,63777,20990
9750,1998,8,354,24676,-24322
9750,1998,9,59314,42576,16738
9750,1998,10,151,28966,-28815
9750,1998,11,15303,10976,4327
9750,1998,12,151759,68244,83515
9790,1995,11,58263,0,58263
9790,1995,12,43700,46406,-2706
9790,1996,1,22151,36340,-14189
9790,1996,2,125795,86306,39489
9790,1996,3,26283,52399,-26116
9790,1996,4,46109,22806,23303
9790,1996,5,168,55708,-55540
9790,1996,6,44935,47207,-2272
9790,1996,7,42729,37706,5023
9790,1996,8,51227,15497,35730
9790,1996,9,48665,58785,-10120
9790,1996,10,128964,76569,52395
9790,1996,11,33625,45297,-11672
9790,1996,12,44694,49088,-4394
9790,1997,1,132,66297,-66165
9790,1997,2,12988,15497,-2509
9790,1997,3,146205,71697,74508
9790,1997,4,234,53234,-53000
9790,1997,5,67879,26897,40982
9790,1997,6,32270,68340,-36070
9790,1997,7,22969,20297,2672
9790,1997,8,12751,15497,-2746
9790,1997,9,21074,36045,-14971
9790,1997,10,61968,26397,35571
9790,1997,11,9081,29905,-20824
9790,1997,12,20326,21993,-1667
9790,1998,1,53605,37979,15626
9790,1998,2,64233,71431,-7198
9790,1998,3,29958,35629,-5671
9790,1998,4,41023,15497,25526
9790,1998,5,102009,104291,-2282
9790,1998,6,22980,34004,-11024
9790,1998,7,104638,85654,18984
9790,1998,8,72226,92648,-20422
9790,1998,9,64505,38054,26451
9790,1998,10,143656,118735,24921
9790,1998,11,398,16097,-15699
9790,1998,12,27353,55222,-27869
9814,1995,1,600,0,600
9814,1995,2,39004,0,39004
9814,1995,3,25398,21500,3898
9814,1995,4,26863,7200,19663
9814,1995,5,18978,37730,-18752
9814,1995,6,383,23530,-23147
9814,1995,7,63572,21730,41842
9814,1995,8,461,28630,-28169
9814,1995,9,26055,18730,7325
9814,1995,10,81211,71030,10181
9814,1995,11,3715,22830,-19115
9814,1995,12,85424,25530,59894
9814,1996,1,73345,106806,-33461
9814,1996,2,51968,16330,35638
9814,1996,3,612,66747,-66135
9814,1996,4,59906,31930,27976
9814,1996,5,42125,37833,4292
9814,1996,6,8211,28771,-20560
9814,1996,7,344,12730,-12386
9814,1996,8,4255,9430,-5175
9814,1996,9,3425,23141,-19716
9814,1996,10,46488,28421,18067
9814,1996,11,1928,8030,-6102
9814,1996,12,12601,16130,-3529
9814,1997,1,40067,25948,14119
9814,1997,2,48061,17373,30688
9814,1997,3,96686,57854,38832
9814,1997,4,37363,40044,-2681
9814,1997,5,765,38244,-37479
9814,1997,6,83767,77050,6717
9814,1997,7,66872,45244,21628
9814,1997,8,54804,59301,-4497
9814,1997,9,22804,26944,-4140
9814,1997,10,490,59597,-59107
9814,1997,11,91727,25851,65876
9814,1997,12,658,29330,-28672
9814,1998,1,71058,21230,49828
9814,1998,2,806,67751,-66945
9814,1998,3,90678,18617,72061
9814,1998,4,60057,145028,-84971
9814,1998,5,102895,26622,76273
9814,1998,6,36614,73397,-36783
9814,1998,7,84459,61730,22729
9814,1998,8,23764,22530,1234
9814,1998,9,49798,38530,11268
9814,1998,10,39887,38775,1112
9814,1998,11,77502,90148,-12646
9814,1998,12,11031,16000,-4969
9826,1996,8,1000,0,1000
9826,1996,9,11900,0,11900
9826,1996,10,36511,10900,25611
9826,1996,11,41990,26600,15390
9826,1996,12,42335,39491,2844
9826,1997,1,4779,37115,-32336
9826,1997,2,23428,25515,-2087
9826,1997,3,28054,14915,13139
9826,1997,4,49695,40327,9368
9826,1997,5,44117,53977,-9860
9826,1997,6,50359,19215,31144
9826,1997,7,21143,32715,-11572
9826,1997,8,8333,47560,-39227
9826,1997,9,116,13115,-12999
9826,1997,10,22207,9915,12292
9826,1997,11,9249,13315,-4066
9826,1997,12,47058,39915,7143
9826,1998,1,47443,49503,-2060
9826,1998,2,39877,25092,14785
9826,1998,3,6250,27915,-21665
9826,1998,4,14754,10315,4439
9826,1998,5,26612,17983,8629
9826,1998,6,170,10315,-10145
9826,1998,7,100082,37573,62509
9826,1998,8,37077,70615,-33538
9826,1998,9,27963,13215,14748
9826,1998,10,73280,61315,11965
9826,1998,11,133926,110181,23745
9826,1998,12,94288,139727,-45439
9828,1993,5,400,0,400
9828,1993,6,47534,10500,37034
9828,1993,7,31820,22200,9620
9828,1993,8,31848,29600,2248
9828,1993,9,31861,27400,4461
9828,1993,10,31873,31715,158
9828,1993,11,31864,39215,-7351
9828,1993,12,47745,44515,3230
9828,1994,1,31830,59317,-27487
9828,1994,2,31805,18415,13390
9828,1994,3,31847,37441,-5594
9828,1994,4,31781,33763,-1982
9828,1994,5,31819,33558,-1739
9828,1994,6,47663,36315,11348
9828,1994,7,31802,36378,-4576
9828,1994,8,31820,19915,11905
9828,1994,9,31844,35215,-3371
9828,1994,10,31822,46714,-14892
9828,1994,11,31785,29272,2513
9828,1994,12,47676,30715,16961
9828,1995,1,31785,53892,-22107
9828,1995,2,31801,18915,12886
9828,1995,3,31831,30820,1011
9828,1995,4,31823,27215,4608
9828,1995,5,31826,38605,-6779
9828,1995,6,47663,34290,13373
9828,1995,7,31851,47124,-15273
9828,1995,8,31793,36030,-4237
9828,1995,9,31806,24381,7425
9828,1995,10,31811,29890,1921
9828,1995,11,31810,42564,-10754
9828,1995,12,47591,51990,-4399
9828,1996,1,31740,36043,-4303
9828,1996,2,31816,8890,22926
9828,1996,3,31846,34890,-3044
9828,1996,4,31864,18590,13274
9828,1996,5,31897,24690,7207
9828,1996,6,47797,27790,20007
9828,1996,7,31969,35890,-3921
9828,1996,8,31946,37790,-5844
9828,1996,9,31878,57685,-25807
9828,1996,10,31874,39690,-7816
9828,1996,11,31889,35390,-3501
9828,1996,12,47736,43290,4446
9828,1997,1,31818,51990,-20172
9828,1997,2,31780,22013,9767
9828,1997,3,31823,28690,3133
9828,1997,4,31834,29890,1944
9828,1997,5,31822,36215,-4393
9828,1997,6,47639,51320,-3681
9828,1997,7,31815,24515,7300
9828,1997,8,31837,28115,3722
9828,1997,9,31844,30515,1329
9828,1997,10,31821,28015,3806
9828,1997,11,31850,39215,-7365
9828,1997,12,47641,58625,-10984
9828,1998,1,31773,27915,3858
9828,1998,2,31758,41255,-9497
9828,1998,3,31765,18715,13050
9828,1998,4,31803,27293,4510
9828,1998,5,31786,42624,-10838
9828,1998,6,47593,43215,4378
9828,1998,7,31776,27627,4149
9828,1998,8,31838,18315,13523
9828,1998,9,31840,38884,-7044
9828,1998,10,31796,40710,-8914
9828,1998,11,31808,31297,511
9828,1998,12,47669,39292,8377
9833,1993,7,1100,0,1100
9833,1993,8,48863,11300,37563
9833,1993,9,48998,32300,16698
9833,1993,10,49056,41700,7356
9833,1993,11,49060,65100,-16040
9833,1993,12,73392,90661,-17269
9833,1994,1,48996,56761,-7765
9833,1994,2,48982,31861,17121
9833,1994,3,49006,49568,-562
9833,1994,4,48996,56639,-7643
9833,1994,5,49001,38061,10940
9833,1994,6,73465,69697,3768
9833,1994,7,48994,66738,-17744
9833,1994,8,48989,33297,15692
9833,1994,9,48992,63672,-14680
9833,1994,10,48987,39146,9841
9833,1994,11,49014,40797,8217
9833,1994,12,73459,70553,2906
9833,1995,1,48998,65197,-16199
9833,1995,2,48981,45125,3856
9833,1995,3,48973,62475,-13502
9833,1995,4,48972,30997,17975
9833,1995,5,48986,59324,-10338
9833,1995,6,73429,73877,-448
9833,1995,7,48980,53266,-4286
9833,1995,8,49011,28461,20550
9833,1995,9,49002,58877,-9875
9833,1995,10,49010,63888,-14878
9833,1995,11,48969,31861,17108
9833,1995,12,73405,80661,-7256
9833,1996,1,48951,58461,-9510
9833,1996,2,48966,36361,12605
9833,1996,3,48990,48061,929
9833,1996,4,48981,46961,2020
9833,1996,5,49000,45861,3139
9833,1996,6,73386,87061,-13675
9833,1996,7,48990,36561,12429
9833,1996,8,49073,22361,26712
9833,1996,9,49064,58561,-9497
9833,1996,10,49039,64061,-15022
9833,1996,11,55416,21261,34155
9833,1996,12,73499,98678,-25179
9833,1997,1,53756,59118,-5362
9833,1997,2,55627,32061,23566
9833,1997,3,49033,82461,-33428
9833,1997,4,65486,32761,32725
9833,1997,5,49100,59561,-10461
9833,1997,6,73477,76661,-3184
9833,1997,7,49120,24261,24859
9833,1997,8,49008,96161,-47153
9833,1997,9,54568,19361,35207
9833,1997,10,49148,48861,287
9833,1997,11,60705,84961,-24256
9833,1997,12,75549,70161,5388
9833,1998,1,65001,72921,-7920
9833,1998,2,49063,31161,17902
9833,1998,3,49112,46009,3103
9833,1998,4,49125,44387,4738
9833,1998,5,52061,64361,-12300
9833,1998,6,73575,61413,12162
9833,1998,7,51844,65961,-14117
9833,1998,8,49111,32161,16950
9833,1998,9,55367,72820,-17453
9833,1998,10,49081,46516,2565
9833,1998,11,49105,39161,9944
9833,1998,12,73408,100746,-27338
9859,1996,7,400,0,400
9859,1996,8,42200,0,42200
9859,1996,9,30305,9800,20505
9859,1996,10,30367,17300,13067
9859,1996,11,30404,22600,7804
9859,1996,12,45492,33680,11812
9859,1997,1,30277,100397,-70120
9859,1997,2,31545,11264,20281
9859,1997,3,30276,40068,-9792
9859,1997,4,30235,25271,4964
9859,1997,5,30278,17064,13214
9859,1997,6,45394,22264,23130
9859,1997,7,30342,36464,-6122
9859,1997,8,30336,43164,-12828
9859,1997,9,30300,57600,-27300
9859,1997,10,30239,31066,-827
9859,1997,11,30270,23675,6595
9859,1997,12,45325,42774,2551
9859,1998,1,30257,38675,-8418
9859,1998,2,30257,31444,-1187
9859,1998,3,30251,27401,2850
9859,1998,4,30268,20875,9393
9859,1998,5,30304,25975,4329
9859,1998,6,45316,47927,-2611
9859,1998,7,30283,32275,-1992
9859,1998,8,30271,30475,-204
9859,1998,9,30245,36471,-6226
9859,1998,10,30269,24875,5394
9859,1998,11,30271,29775,496
9859,1998,12,45361,37660,7701
9869,1993,8,900,0,900
9869,1993,9,22920,0,22920
9869,1993,10,22298,13100,9198
9869,1993,11,22330,16700,5630
9869,1993,12,33455,23000,10455
9869,1994,1,22384,24715,-2331
9869,1994,2,22363,33600,-11237
9869,1994,3,22328,24500,-2172
9869,1994,4,22320,24140,-1820
9869,1994,5,22316,19300,3016
9869,1994,6,33431,28200,5231
9869,1994,7,22342,28680,-6338
9869,1994,8,22310,23600,-1290
9869,1994,9,22317,21560,757
9869,1994,10,22311,21340,971
9869,1994,11,22324,18200,4124
9869,1994,12,33438,27320,6118
9869,1995,1,22380,23400,-1020
9869,1995,2,22975,15200,7775
9869,1995,3,22377,28340,-5963
9869,1995,4,22379,26786,-4407
9869,1995,5,22364,26006,-3642
9869,1995,6,38985,13926,25059
9869,1995,7,22433,22526,-93
9869,1995,8,22422,30486,-8064
9869,1995,9,22398,21426,972
9869,1995,10,22405,20526,1879
9869,1995,11,22420,17826,4594
9869,1995,12,33541,23566,9975
9869,1996,1,22452,28466,-6014
9869,1996,2,22443,22226,217
9869,1996,3,22445,22026,419
9869,1996,4,22435,27226,-4791
9869,1996,5,22437,17926,4511
9869,1996,6,33552,24626,8926
9869,1996,7,22449,34706,-12257
9869,1996,8,22410,30006,-7596
9869,1996,9,22403,19326,3077
9869,1996,10,22419,18626,3793
9869,1996,11,22428,20326,2102
9869,1996,12,33540,25626,7914
9869,1997,1,22464,22126,338
9869,1997,2,22450,25026,-2576
9869,1997,3,22464,19326,3138
9869,1997,4,22482,17826,4656
9869,1997,5,22503,20226,2277
9869,1997,6,33626,19126,14500
9869,1997,7,22535,39226,-16691
9869,1997,8,22510,27326,-4816
9869,1997,9,22493,20026,2467
9869,1997,10,22494,26026,-3532
9869,1997,11,22484,20526,1958
9869,1997,12,33606,31986,1620
9869,1998,1,22499,22826,-327
9869,1998,2,22497,23626,-1129
9869,1998,3,22494,21026,1468
9869,1998,4,22499,22026,473
9869,1998,5,22500,26646,-4146
9869,1998,6,33588,21446,12142
9869,1998,7,22532,22226,306
9869,1998,8,22533,21526,1007
9869,1998,9,22536,20926,1610
9869,1998,10,22521,26706,-4185
9869,1998,11,22524,21026,1498
9869,1998,12,33639,31511,2128
9883,1993,3,500,0,500
9883,1993,4,9800,0,9800
9883,1993,5,9600,0,9600
9883,1993,6,2200,0,2200
9883,1993,7,1800,0,1800
9883,1993,8,7661,5000,2661
9883,1993,9,110,1600,-1490
9883,1993,10,610,0,610
9883,1993,11,810,0,810
9883,1993,12,110,3200,-3090
9883,1994,1,102384,79200,23184
9883,1994,2,70018,39915,30103
9883,1994,3,62804,62412,392
9883,1994,4,19250,44112,-24862
9883,1994,5,56674,64747,-8073
9883,1994,6,15687,23312,-7625
9883,1994,7,32348,44231,-11883
9883,1994,8,46830,36137,10693
9883,1994,9,87349,44112,43237
9883,1994,10,42062,62407,-20345
9883,1994,11,25792,61791,-35999
9883,1994,12,96349,21012,75337
9883,1995,1,21069,110412,-89343
9883,1995,2,60394,15012,45382
9883,1995,3,146,37347,-37201
9883,1995,4,1764,15012,-13248
9883,1995,5,6,2508,-2502
9883,1995,6,10400,2508,7892
9883,1995,7,28,2508,-2480
9883,1995,8,36347,35512,835
9883,1995,9,24838,13236,11602
9883,1995,10,33296,21270,12026
9883,1995,11,39586,19512,20074
9883,1995,12,133,29212,-29079
9883,1996,1,18415,18012,403
9883,1996,2,35757,15012,20745
9883,1996,3,43845,53498,-9653
9883,1996,4,67,30012,-29945
9883,1996,5,5,2508,-2503
9883,1996,6,1,728,-727
9883,1996,7,35170,6210,28960
9883,1996,8,13066,22337,-9271
9883,1996,9,9648,15012,-5364
9883,1996,10,14627,15019,-392
9883,1996,11,80378,33319,47059
9883,1996,12,219,29712,-29493
9883,1997,1,62155,52312,9843
9883,1997,2,155,19112,-18957
9883,1997,3,30453,27141,3312
9883,1997,4,48209,32712,15497
9883,1997,5,51533,62449,-10916
9883,1997,6,1008,15012,-14004
9883,1997,7,26558,16212,10346
9883,1997,8,92234,43907,48327
9883,1997,9,43406,74251,-30845
9883,1997,10,136,20112,-19976
9883,1997,11,37476,29512,7964
9883,1997,12,48496,56957,-8461
9883,1998,1,51420,51612,-192
9883,1998,2,31191,31721,-530
9883,1998,3,16606,15012,1594
9883,1998,4,60,15012,-14952
9883,1998,5,119562,40212,79350
9883,1998,6,245,55409,-55164
9883,1998,7,18209,32112,-13903
9883,1998,8,17740,15012,2728
9883,1998,9,82277,30112,52165
9883,1998,10,192023,165012,27011
9883,1998,11,94526,152312,-57786
9883,1998,12,31401,29244,2157
9897,1995,3,18445,0,18445
9897,1995,4,20629,0,20629
9897,1995,5,18286,6000,12286
9897,1995,6,27378,15000,12378
9897,1995,7,18297,37688,-19391
9897,1995,8,18223,35714,-17491
9897,1995,9,18213,16414,1799
9897,1995,10,18318,15828,2490
9897,1995,11,21123,27528,-6405
9897,1995,12,27267,26228,1039
9897,1996,1,21380,23628,-2248
9897,1996,2,23266,27399,-4133
9897,1996,3,18178,17228,950
9897,1996,4,18684,15828,2856
9897,1996,5,21795,21808,-13
9897,1996,6,32524,30953,1571
9897,1996,7,18402,15828,2574
9897,1996,8,18209,19028,-819
9897,1996,9,18209,15828,2381
9897,1996,10,18216,20714,-2498
9897,1996,11,18205,19514,-1309
9897,1996,12,27264,25914,1350
9897,1997,1,23471,30401,-6930
9897,1997,2,21288,16014,5274
9897,1997,3,18195,20414,-2219
9897,1997,4,18191,16914,1277
9897,1997,5,18186,21014,-2828
9897,1997,6,27246,23814,3432
9897,1997,7,18195,17914,281
9897,1997,8,18200,20491,-2291
9897,1997,9,22371,25792,-3421
9897,1997,10,22487,15714,6773
9897,1997,11,18201,18214,-13
9897,1997,12,27257,24614,2643
9897,1998,1,26377,34336,-7959
9897,1998,2,22889,16314,6575
9897,1998,3,22674,27631,-4957
9897,1998,4,21885,25006,-3121
9897,1998,5,22484,16514,5970
9897,1998,6,27265,18814,8451
9897,1998,7,29597,43847,-14250
9897,1998,8,25598,15214,10384
9897,1998,9,22217,24941,-2724
9897,1998,10,22416,25614,-3198
9897,1998,11,31124,16114,15010
9897,1998,12,29232,22199,7033
9928,1995,11,12074,0,12074
9928,1995,12,23426,0,23426
9928,1996,1,11708,4700,7008
9928,1996,2,11728,8200,3528
9928,1996,3,11720,17711,-5991
9928,1996,4,11714,8931,2783
9928,1996,5,11718,11031,687
9928,1996,6,17508,11231,6277
9928,1996,7,11746,19311,-7565
9928,1996,8,11728,7820,3908
9928,1996,9,12034,12040,-6
9928,1996,10,11747,12660,-913
9928,1996,11,11734,15620,-3886
9928,1996,12,18013,7640,10373
9928,1997,1,11724,33000,-21276
9928,1997,2,20002,6520,13482
9928,1997,3,16668,6520,10148
9928,1997,4,11768,13000,-1232
9928,1997,5,11769,10420,1349
9928,1997,6,17492,36500,-19008
9928,1997,7,23314,10360,12954
9928,1997,8,12356,6520,5836
9928,1997,9,11779,7120,4659
9928,1997,10,13300,6520,6780
9928,1997,11,11840,10520,1320
9928,1997,12,17614,16760,854
9928,1998,1,20873,34000,-13127
9928,1998,2,12781,6520,6261
9928,1998,3,13010,7240,5770
9928,1998,4,16524,11440,5084
9928,1998,5,11850,9720,2130
9928,1998,6,17634,45220,-27586
9928,1998,7,17944,10120,7824
9928,1998,8,14084,6520,7564
9928,1998,9,11815,12120,-305
9928,1998,10,11804,11220,584
9928,1998,11,11817,7920,3897
9928,1998,12,17601,17065,536
10001,1995,5,600,0,600
10001,1995,6,24940,0,24940
10001,1995,7,16197,6600,9597
10001,1995,8,16234,11200,5034
10001,1995,9,16250,17000,-750
10001,1995,10,16286,15715,571
10001,1995,11,16277,15415,862
10001,1995,12,24308,21715,2593
10001,1996,1,16273,25515,-9242
10001,1996,2,16239,14815,1424
10001,1996,3,16272,11515,4757
10001,1996,4,16286,17515,-1229
10001,1996,5,16271,17015,-744
10001,1996,6,24282,28615,-4333
10001,1996,7,16252,11044,5208
10001,1996,8,16270,17244,-974
10001,1996,9,16260,16144,116
10001,1996,10,16262,16344,-82
10001,1996,11,16265,16844,-579
10001,1996,12,24323,12844,11479
10001,1997,1,16283,25744,-9461
10001,1997,2,16265,14044,2221
10001,1997,3,16278,12544,3734
10001,1997,4,16290,13544,2746
10001,1997,5,16300,17944,-1644
10001,1997,6,24351,19044,5307
10001,1997,7,16313,14244,2069
10001,1997,8,16323,12744,3579
10001,1997,9,16322,22044,-5722
10001,1997,10,16325,7444,8881
10001,1997,11,16351,11344,5007
10001,1997,12,24422,23144,1278
10001,1998,1,16355,33344,-16989
10001,1998,2,16321,5144,11177
10001,1998,3,16356,10044,6312
10001,1998,4,16385,14444,1941
10001,1998,5,16376,15544,832
10001,1998,6,24430,24344,86
10001,1998,7,16375,16644,-269
10001,1998,8,16363,20744,-4381
10001,1998,9,16374,10444,5930
10001,1998,10,16382,16044,338
10001,1998,11,16397,11644,4753
10001,1998,12,24462,22529,1933
10005,1997,11,200,0,200
10005,1997,12,52704,13400,39304
10005,1998,1,35295,25400,9895
10005,1998,2,35331,33900,1431
10005,1998,3,35339,28500,6839
10005,1998,4,35422,42766,-7344
10005,1998,5,35378,45666,-10288
10005,1998,6,52859,68297,-15438
10005,1998,7,35282,27966,7316
10005,1998,8,35293,41520,-6227
10005,1998,9,35276,36059,-783
10005,1998,10,35266,37580,-2314
10005,1998,11,35260,34420,840
10005,1998,12,52885,22505,30380
10018,1995,7,1000,0,1000
10018,1995,8,20229,200,20029
10018,1995,9,20320,8800,11520
10018,1995,10,20372,13900,6472
10018,1995,11,20390,20800,-410
10018,1995,12,30582,24915,5667
10018,1996,1,20470,35115,-14645
10018,1996,2,20410,16415,3995
10018,1996,3,20478,22215,-1737
10018,1996,4,20457,21115,-658
10018,1996,5,20376,24115,-3739
10018,1996,6,30462,39315,-8853
10018,1996,7,20317,17815,2502
10018,1996,8,20335,19115,1220
10018,1996,9,20338,17815,2523
10018,1996,10,20335,20015,320
10018,1996,11,20380,26615,-6235
10018,1996,12,30458,24915,5543
10018,1997,1,20271,38015,-17744
10018,1997,2,20283,9615,10668
10018,1997,3,20320,16715,3605
10018,1997,4,20326,19815,511
10018,1997,5,20376,19915,461
10018,1997,6,30405,49615,-19210
10018,1997,7,20244,9735,10509
10018,1997,8,21285,12819,8466
10018,1997,9,20325,18915,1410
10018,1997,10,20358,12615,7743
10018,1997,11,20379,18115,2264
10018,1997,12,30507,24215,6292
10018,1998,1,20372,36115,-15743
10018,1998,2,20302,21015,-713
10018,1998,3,20316,20915,-599
10018,1998,4,20348,23215,-2867
10018,1998,5,20268,23527,-3259
10018,1998,6,30350,34119,-3769
10018,1998,7,20251,20237,14
10018,1998,8,20261,16915,3346
10018,1998,9,20299,18515,1784
10018,1998,10,20276,20733,-457
10018,1998,11,20316,16315,4001
10018,1998,12,30445,23400,7045
10019,1995,6,25851,0,25851
10019,1995,7,11458,2600,8858
10019,1995,8,61146,38100,23046
10019,1995,9,185300,144815,40485
10019,1995,10,56493,62215,-5722
10019,1995,11,91953,141315,-49362
10019,1995,12,38911,20515,18396
10019,1996,1,38215,80642,-42427
10019,1996,2,2073,5115,-3042
10019,1996,3,4563,6315,-1752
10019,1996,4,46805,4515,42290
10019,1996,5,174,21015,-20841
10019,1996,6,134,5215,-5081
10019,1996,7,116,5715,-5599
10019,1996,8,91,5915,-5824
10019,1996,9,30376,15315,15061
10019,1996,10,85876,56431,29445
10019,1996,11,266,40876,-40610
10019,1996,12,2288,5430,-3142
10019,1997,1,4480,5430,-950
10019,1997,2,57254,5430,51824
10019,1997,3,62809,81830,-19021
10019,1997,4,20650,34115,-13465
10019,1997,5,53518,11130,42388
10019,1997,6,19795,43030,-23235
10019,1997,7,36703,70946,-34243
10019,1997,8,17896,5430,12466
10019,1997,9,39074,12630,26444
10019,1997,10,58620,58244,376
10019,1997,11,23673,31502,-7829
10019,1997,12,3437,30098,-26661
10019,1998,1,5616,5430,186
10019,1998,2,10540,5430,5110
10019,1998,3,39004,25128,13876
10019,1998,4,18052,10530,7522
10019,1998,5,244,8730,-8486
10019,1998,6,9869,21330,-11461
10019,1998,7,57200,27330,29870
10019,1998,8,260,14230,-13970
10019,1998,9,38273,20230,18043
10019,1998,10,49433,47130,2303
10019,1998,11,5808,49861,-44053
10019,1998,12,0,5415,-5415
10022,1997,5,400,0,400
10022,1997,6,41005,6500,34505
10022,1997,7,27438,16800,10638
10022,1997,8,27505,10300,17205
10022,1997,9,27543,19900,7643
10022,1997,10,27497,43922,-16425
10022,1997,11,27496,25482,2014
10022,1997,12,41146,48132,-6986
10022,1998,1,27438,55940,-28502
10022,1998,2,35819,16340,19479
10022,1998,3,27452,21840,5612
10022,1998,4,27484,18040,9444
10022,1998,5,27497,25540,1957
10022,1998,6,41122,49899,-8777
10022,1998,7,28486,32240,-3754
10022,1998,8,31317,37361,-6044
10022,1998,9,27458,21740,5718
10022,1998,10,29735,30653,-918
10022,1998,11,27471,29340,-1869
10022,1998,12,41152,16325,24827
10036,1993,9,700,0,700
10036,1993,10,12200,0,12200
10036,1993,11,6100,0,6100
10036,1993,12,4500,0,4500
10036,1994,1,76701,21000,55701
10036,1994,2,648,27800,-27152
10036,1994,3,40687,16100,24587
10036,1994,4,40110,24900,15210
10036,1994,5,379,35700,-35321
10036,1994,6,379,14500,-14121
10036,1994,7,379,11100,-10721
10036,1994,8,379,2400,-2021
10036,1994,9,379,5700,-5321
10036,1994,10,379,600,-221
10036,1994,11,20952,5715,15237
10036,1994,12,175,15415,-15240
10036,1995,1,1347,24303,-22956
10036,1995,2,9405,15,9390
10036,1995,3,3543,15,3528
10036,1995,4,102,2543,-2441
10036,1995,5,5742,13280,-7538
10036,1995,6,5214,15,5199
10036,1995,7,4138,15,4123
10036,1995,8,36,10490,-10454
10036,1995,9,8227,3915,4312
10036,1995,10,4529,6315,-1786
10036,1995,11,6440,15,6425
10036,1995,12,3418,15947,-12529
10036,1996,1,38516,15018,23498
10036,1996,2,33100,15,33085
10036,1996,3,218,44215,-43997
10036,1996,4,247,15,232
10036,1996,5,7346,8715,-1369
10036,1996,6,59464,56415,3049
10036,1996,7,53,4115,-4062
10036,1996,8,36293,20515,15778
10036,1996,9,101,10315,-10214
10036,1996,10,66590,34615,31975
10036,1996,11,255,23328,-23073
10036,1996,12,41327,30215,11112
10036,1997,1,57292,63715,-6423
10036,1997,2,158068,115813,42255
10036,1997,3,358,57937,-57579
10036,1997,4,23677,3615,20062
10036,1997,5,33840,34477,-637
10036,1997,6,123885,118469,5416
10036,1997,7,79627,74497,5130
10036,1997,8,82488,82231,257
10036,1997,9,75796,60592,15204
10036,1997,10,64342,87015,-22673
10036,1997,11,99213,75315,23898
10036,1997,12,117731,139085,-21354
10036,1998,1,140,37795,-37655
10036,1998,2,0,2927,-2927
10036,1998,3,1000,27,973
10036,1998,4,0,3427,-3427
10036,1998,5,0,2927,-2927
10036,1998,6,0,3527,-3527
10036,1998,7,0,3427,-3427
10036,1998,8,1300,27,1273
10036,1998,9,1400,27,1373
10036,1998,10,0,3727,-3727
10036,1998,11,600,0,600
10049,1996,3,300,0,300
10049,1996,4,12842,0,12842
10049,1996,5,8696,0,8696
10049,1996,6,6595,3600,2995
10049,1996,7,4441,1400,3041
10049,1996,8,6142,7896,-1754
10049,1996,9,9039,11705,-2666
10049,1996,10,9811,12005,-2194
10049,1996,11,7723,9905,-2182
10049,1996,12,13174,15045,-1871
10049,1997,1,11191,17185,-5994
10049,1997,2,13076,11205,1871
10049,1997,3,11087,9205,1882
10049,1997,4,8788,10541,-1753
10049,1997,5,8480,10541,-2061
10049,1997,6,12549,10541,2008
10049,1997,7,14890,10541,4349
10049,1997,8,11190,14381,-3191
10049,1997,9,17301,10541,6760
10049,1997,10,13924,10541,3383
10049,1997,11,12625,15101,-2476
10049,1997,12,16287,15181,1106
10049,1998,1,9803,19781,-9978
10049,1998,2,13393,10541,2852
10049,1998,3,14605,10541,4064
10049,1998,4,13109,13905,-796
10049,1998,5,12514,9405,3109
10049,1998,6,9111,12105,-2994
10049,1998,7,11020,10705,315
10049,1998,8,9211,9005,206
10049,1998,9,8532,9805,-1273
10049,1998,10,14230,8705,5525
10049,1998,11,9136,13345,-4209
10049,1998,12,15899,21370,-5471
10063,1996,10,200,0,200
10063,1996,11,38987,6800,32187
10063,1996,12,58565,29500,29065
10063,1997,1,39170,34500,4670
10063,1997,2,39184,36600,2584
10063,1997,3,43252,85393,-42141
10063,1997,4,39082,29193,9889
10063,1997,5,39097,36393,2704
10063,1997,6,58576,50293,8283
10063,1997,7,39063,57839,-18776
10063,1997,8,39050,35977,3073
10063,1997,9,39062,35777,3285
10063,1997,10,39015,55277,-16262
10063,1997,11,39029,28677,10352
10063,1997,12,58501,65862,-7361
10063,1998,1,38998,41677,-2679
10063,1998,2,43580,18277,25303
10063,1998,3,39085,54105,-15020
10063,1998,4,39012,53458,-14446
10063,1998,5,38995,33277,5718
10063,1998,6,60189,25777,34412
10063,1998,7,39132,43006,-3874
10063,1998,8,39122,63613,-24491
10063,1998,9,39053,39860,-807
10063,1998,10,39088,19577,19511
10063,1998,11,39127,36922,2205
10063,1998,12,58612,55917,2695
10065,1996,3,1100,0,1100
10065,1996,4,22996,0,22996
10065,1996,5,83414,31100,52314
10065,1996,6,61508,88782,-27274
10065,1996,7,108540,91867,16673
10065,1996,8,44772,34815,9957
10065,1996,9,124494,142615,-18121
10065,1996,10,36666,36115,551
10065,1996,11,23856,27415,-3559
10065,1996,12,151098,91315,59783
10065,1997,1,143068,158479,-15411
10065,1997,2,33045,69001,-35956
10065,1997,3,21938,56131,-34193
10065,1997,4,18912,7915,10997
10065,1997,5,33680,24715,8965
10065,1997,6,21195,20883,312
10065,1997,7,74938,42615,32323
10065,1997,8,70536,63690,6846
10065,1997,9,78890,114652,-35762
10065,1997,10,84880,77196,7684
10065,1997,11,38664,15199,23465
10065,1997,12,47796,81599,-33803
10065,1998,1,105875,55199,50676
10065,1998,2,24908,62999,-38091
10065,1998,3,36814,60840,-24026
10065,1998,4,52461,26399,26062
10065,1998,5,115651,100774,14877
10065,1998,6,79861,91999,-12138
10065,1998,7,22900,38442,-15542
10065,1998,8,35237,44755,-9518
10065,1998,9,61866,16587,45279
10065,1998,10,315,25099,-24784
10065,1998,11,205549,191599,13950
10065,1998,12,74802,58020,16782
10068,1997,4,101117,15,101102
10068,1997,5,18702,43215,-24513
10068,1997,6,40584,30815,9769
10068,1997,7,18674,59015,-40341
10068,1997,8,45330,26699,18631
10068,1997,9,73101,57499,15602
10068,1997,10,83292,105399,-22107
10068,1997,11,47445,66000,-18555
10068,1997,12,49166,45394,3772
10068,1998,1,66022,62599,3423
10068,1998,2,131,28177,-28046
10068,1998,3,37715,6499,31216
10068,1998,4,9590,32999,-23409
10068,1998,5,206,6499,-6293
10068,1998,6,83,6499,-6416
10068,1998,7,87970,51285,36685
10068,1998,8,177,24315,-24138
10068,1998,9,76608,33815,42793
10068,1998,10,75732,43829,31903
10068,1998,11,40105,97315,-57210
10068,1998,12,148,20700,-20552
10079,1993,5,38892,0,38892
10079,1993,6,94066,53915,40151
10079,1993,7,48590,43715,4875
10079,1993,8,113267,102415,10852
10079,1993,9,35363,36615,-1252
10079,1993,10,28219,45915,-17696
10079,1993,11,202,37915,-37713
10079,1993,12,40232,12815,27417
10079,1994,1,117985,130819,-12834
10079,1994,2,42008,18362,23646
10079,1994,3,26961,51693,-24732
10079,1994,4,149,28673,-28524
10079,1994,5,170243,144036,26207
10079,1994,6,32031,37290,-5259
10079,1994,7,65736,44800,20936
10079,1994,8,15247,26000,-10753
10079,1994,9,50642,57508,-6866
10079,1994,10,192,9800,-9608
10079,1994,11,11044,15350,-4306
10079,1994,12,177096,141432,35664
10079,1995,1,181,43000,-42819
10079,1995,2,3710,2800,910
10079,1995,3,311,2800,-2489
10079,1995,4,1001,2800,-1799
10079,1995,5,894,2800,-1906
10079,1995,6,4789,2800,1989
10079,1995,7,4297,2800,1497
10079,1995,8,97,4000,-3903
10079,1995,9,111396,37600,73796
10079,1995,10,326,43100,-42774
10079,1995,11,190,19200,-19010
10079,1995,12,117,8000,-7883
10079,1996,1,85,7900,-7815
10079,1996,2,69,2800,-2731
10079,1996,3,58,2800,-2742
10079,1996,4,39108,19400,19708
10079,1996,5,6662,10800,-4138
10079,1996,6,92610,26129,66481
10079,1996,7,79668,78600,1068
10079,1996,8,83775,99000,-15225
10079,1996,9,87400,88381,-981
10079,1996,10,76926,79004,-2078
10079,1996,11,9923,35600,-25677
10079,1996,12,162,23600,-23438
10079,1997,1,43276,10300,32976
10079,1997,2,60411,47225,13186
10079,1997,3,75865,43400,32465
10079,1997,4,42918,52770,-9852
10079,1997,5,10495,46600,-36105
10079,1997,6,81502,89800,-8298
10079,1997,7,143,27567,-27424
10079,1997,8,64336,17000,47336
10079,1997,9,71938,69935,2003
10079,1997,10,183,51448,-51265
10079,1997,11,19543,2800,16743
10079,1997,12,47623,55847,-8224
10079,1998,1,57327,13600,43727
10079,1998,2,203,46551,-46348
10079,1998,3,69244,36023,33221
10079,1998,4,8683,26200,-17517
10079,1998,5,131189,119100,12089
10079,1998,6,63452,51683,11769
10079,1998,7,18630,43600,-24970
10079,1998,8,121,19100,-18979
10079,1998,9,13980,2800,11180
10079,1998,10,33628,17200,16428
10079,1998,11,43632,51200,-7568
10079,1998,12,118,21485,-21367
10093,1994,7,41309,8900,32409
10093,1994,8,40516,24900,15616
10093,1994,9,40579,32600,7979
10093,1994,10,40611,36000,4611
10093,1994,11,40699,50543,-9844
10093,1994,12,60815,71205,-10390
10093,1995,1,40693,62265,-21572
10093,1995,2,43279,39415,3864
10093,1995,3,40545,28205,12340
10093,1995,4,40555,41166,-611
10093,1995,5,40585,46141,-5556
10093,1995,6,60793,60954,-161
10093,1995,7,40517,41944,-1427
10093,1995,8,40551,33605,6946
10093,1995,9,40565,42361,-1796
10093,1995,10,40543,41741,-1198
10093,1995,11,40530,48050,-7520
10093,1995,12,60771,44241,16530
10093,1996,1,40551,60241,-19690
10093,1996,2,40530,26241,14289
10093,1996,3,40575,37541,3034
10093,1996,4,40589,35241,5348
10093,1996,5,40609,36141,4468
10093,1996,6,60775,80841,-20066
10093,1996,7,40561,30941,9620
10093,1996,8,40565,38541,2024
10093,1996,9,40575,58241,-17666
10093,1996,10,40526,27841,12685
10093,1996,11,40565,34441,6124
10093,1996,12,60800,54341,6459
10093,1997,1,40512,65524,-25012
10093,1997,2,40511,33741,6770
10093,1997,3,40532,38541,1991
10093,1997,4,40511,46141,-5630
10093,1997,5,40520,35941,4579
10093,1997,6,60754,52341,8413
10093,1997,7,40532,56497,-15965
10093,1997,8,40502,36041,4461
10093,1997,9,40519,35741,4778
10093,1997,10,40501,48151,-7650
10093,1997,11,40525,33541,6984
10093,1997,12,60745,52620,8125
10093,1998,1,40508,56641,-16133
10093,1998,2,40493,38441,2052
10093,1998,3,40556,39141,1415
10093,1998,4,40486,44641,-4155
10093,1998,5,40476,41941,-1465
10093,1998,6,60695,50541,10154
10093,1998,7,40487,48741,-8254
10093,1998,8,40483,37741,2742
10093,1998,9,40487,40341,146
10093,1998,10,40484,41542,-1058
10093,1998,11,41583,41641,-58
10093,1998,12,60775,29675,31100
10105,1993,4,600,0,600
10105,1993,5,39022,6600,32422
10105,1993,6,138,2500,-2362
10105,1993,7,7549,7700,-151
10105,1993,8,40531,21400,19131
10105,1993,9,29198,25400,3798
10105,1993,10,222,14700,-14478
10105,1993,11,27559,19515,8044
10105,1993,12,41427,37615,3812
10105,1994,1,36809,55222,-18413
10105,1994,2,61602,40615,20987
10105,1994,3,12076,25949,-13873
10105,1994,4,35085,43115,-8030
10105,1994,5,67662,42292,25370
10105,1994,6,131952,137202,-5250
10105,1994,7,70273,94031,-23758
10105,1994,8,34625,30285,4340
10105,1994,9,89447,54094,35353
10105,1994,10,15544,51434,-35890
10105,1994,11,30653,13635,17018
10105,1994,12,40356,34925,5431
10105,1995,1,13713,35994,-22281
10105,1995,2,41454,34643,6811
10105,1995,3,80912,62946,17966
10105,1995,4,90043,103000,-12957
10105,1995,5,47485,24094,23391
10105,1995,6,38024,41994,-3970
10105,1995,7,33778,28494,5284
10105,1995,8,67078,29694,37384
10105,1995,9,25495,37694,-12199
10105,1995,10,55361,83894,-28533
10105,1995,11,10282,17294,-7012
10105,1995,12,30794,30394,400
10105,1996,1,34370,29994,4376
10105,1996,2,46053,8994,37059
10105,1996,3,15603,28894,-13291
10105,1996,4,81530,104294,-22764
10105,1996,5,38899,26745,12154
10105,1996,6,227,36294,-36067
10105,1996,7,39588,14694,24894
10105,1996,8,14088,19737,-5649
10105,1996,9,225,7215,-6990
10105,1996,10,57109,6115,50994
10105,1996,11,319,41101,-40782
10105,1996,12,22075,14615,7460
10105,1997,1,12430,50015,-37585
10105,1997,2,157238,110015,47223
10105,1997,3,278,25615,-25337
10105,1997,4,50915,23463,27452
10105,1997,5,73580,66615,6965
10105,1997,6,76839,56971,19868
10105,1997,7,22907,98790,-75883
10105,1997,8,18832,22929,-4097
10105,1997,9,76046,16415,59631
10105,1997,10,33226,47097,-13871
10105,1997,11,10385,8831,1554
10105,1997,12,42202,82822,-40620
10105,1998,1,65183,35264,29919
10105,1998,2,25370,35249,-9879
10105,1998,3,9135,10715,-1580
10105,1998,4,217807,162848,54959
10105,1998,5,36108,99657,-63549
10105,1998,6,22405,19115,3290
10105,1998,7,62996,34315,28681
10105,1998,8,49386,49819,-433
10105,1998,9,110289,116967,-6678
10105,1998,10,6698,10015,-3317
10105,1998,11,74691,60315,14376
10105,1998,12,36270,44705,-8435
10131,1993,11,1000,0,1000
10131,1993,12,49804,11400,38404
10131,1994,1,164,8200,-8036
10131,1994,2,164,2600,-2436
10131,1994,3,9891,5200,4691
10131,1994,4,139,3100,-2961
10131,1994,5,139,2500,-2361
10131,1994,6,21780,11000,10780
10131,1994,7,162,9000,-8838
10131,1994,8,162,2100,-1938
10131,1994,9,27552,2700,24852
10131,1994,10,49256,38515,10741
10131,1994,11,3317,55643,-52326
10131,1994,12,10666,11698,-1032
10131,1995,1,14133,24917,-10784
10131,1995,2,12705,1520,11185
10131,1995,3,11471,5998,5473
10131,1995,4,12089,26342,-14253
10131,1995,5,18132,17914,218
10131,1995,6,15911,15,15896
10131,1995,7,6605,5998,607
10131,1995,8,9242,12315,-3073
10131,1995,9,9738,5998,3740
10131,1995,10,6414,5998,416
10131,1995,11,20265,9714,10551
10131,1995,12,15692,34388,-18696
10131,1996,1,63613,54298,9315
10131,1996,2,61742,36013,25729
10131,1996,3,320,14698,-14378
10131,1996,4,31006,10498,20508
10131,1996,5,1826,27600,-25774
10131,1996,6,10227,18598,-8371
10131,1996,7,38544,48874,-10330
10131,1996,8,12439,11189,1250
10131,1996,9,14260,21014,-6754
10131,1996,10,46793,28950,17843
10131,1996,11,29085,13998,15087
10131,1996,12,22311,33010,-10699
10131,1997,1,18537,42310,-23773
10131,1997,2,47762,6001,41761
10131,1997,3,83064,50575,32489
10131,1997,4,51235,48713,2522
10131,1997,5,296,42822,-42526
10131,1997,6,9083,25558,-16475
10131,1997,7,25149,39735,-14586
10131,1997,8,19198,4715,14483
10131,1997,9,91522,34673,56849
10131,1997,10,45896,24015,21881
10131,1997,11,109454,120015,-10561
10131,1997,12,481,29815,-29334
10131,1998,1,78209,73815,4394
10131,1998,2,389,11715,-11326
10131,1998,3,230,15315,-15085
10131,1998,4,4001,21815,-17814
10131,1998,5,75087,26415,48672
10131,1998,6,48973,20215,28758
10131,1998,7,39071,76729,-37658
10131,1998,8,13278,46746,-33468
10131,1998,9,3601,9315,-5714
10131,1998,10,7008,5315,1693
10131,1998,11,15606,17243,-1637
10131,1998,12,7285,13800,-6515
10134,1997,4,600,0,600
10134,1997,5,68127,16800,51327
10134,1997,6,215,13900,-13685
10134,1997,7,76152,78350,-2198
10134,1997,8,67926,46350,21576
10134,1997,9,82184,64550,17634
10134,1997,10,30781,46650,-15869
10134,1997,11,74599,73850,749
10134,1997,12,48912,50550,-1638
10134,1998,1,21121,52932,-31811
10134,1998,2,12289,15232,-2943
10134,1998,3,53308,42332,10976
10134,1998,4,91927,64432,27495
10134,1998,5,10597,25532,-14935
10134,1998,6,32135,57164,-25029
10134,1998,7,101525,98519,3006
10134,1998,8,15190,15232,-42
10134,1998,9,25865,18832,7033
10134,1998,10,45591,43929,1662
10134,1998,11,16200,16732,-532
10134,1998,12,70422,49217,21205
10148,1997,1,700,0,700
10148,1997,2,20762,0,20762
10148,1997,3,13614,6700,6914
10148,1997,4,13649,4400,9249
10148,1997,5,13673,10400,3273
10148,1997,6,20456,17986,2470
10148,1997,7,13696,15086,-1390
10148,1997,8,13692,13486,206
10148,1997,9,13687,14686,-999
10148,1997,10,13696,11286,2410
10148,1997,11,13696,14486,-790
10148,1997,12,20455,18686,1769
10148,1998,1,13679,18786,-5107
10148,1998,2,14600,7928,6672
10148,1998,3,16735,7928,8807
10148,1998,4,13735,16328,-2593
10148,1998,5,13731,13428,303
10148,1998,6,20491,28828,-8337
10148,1998,7,13707,10928,2779
10148,1998,8,13722,9828,3894
10148,1998,9,13737,10328,3409
10148,1998,10,13749,10928,2821
10148,1998,11,13758,11528,2230
10148,1998,12,20535,15113,5422
10152,1997,9,1100,0,1100
10152,1997,10,94752,37700,57052
10152,1997,11,33776,29715,4061
10152,1997,12,77626,54215,23411
10152,1998,1,42818,95215,-52397
10152,1998,2,20382,9515,10867
10152,1998,3,9634,22731,-13097
10152,1998,4,7637,13515,-5878
10152,1998,5,7290,16593,-9303
10152,1998,6,7124,15,7109
10152,1998,7,20674,23525,-2851
10152,1998,8,19220,15,19205
10152,1998,9,1462,1515,-53
10152,1998,10,4820,2124,2696
10152,1998,11,54712,47524,7188
10152,1998,12,9874,12260,-2386
10202,1996,7,14543,0,14543
10202,1996,8,122209,75100,47109
10202,1996,9,84762,59140,25622
10202,1996,10,74067,71063,3004
10202,1996,11,230,45676,-45446
10202,1996,12,70503,46527,23976
10202,1997,1,132,46876,-46744
10202,1997,2,27677,13176,14501
10202,1997,3,110,15676,-15566
10202,1997,4,1054,12976,-11922
10202,1997,5,10637,12076,-1439
10202,1997,6,61795,11476,50319
10202,1997,7,49409,27439,21970
10202,1997,8,200,39139,-38939
10202,1997,9,85,24839,-24754
10202,1997,10,20671,12539,8132
10202,1997,11,13337,12539,798
10202,1997,12,27140,18539,8601
10202,1998,1,59906,21539,38367
10202,1998,2,263,24498,-24235
10202,1998,3,12543,12539,4
10202,1998,4,11157,16439,-5282
10202,1998,5,8444,12539,-4095
10202,1998,6,11529,12539,-1010
10202,1998,7,10525,12539,-2014
10202,1998,8,56544,36639,19905
10202,1998,9,14657,16239,-1582
10202,1998,10,10576,29939,-19363
10202,1998,11,17920,14555,3365
10202,1998,12,17133,21224,-4091
10215,1996,4,300,0,300
10215,1996,5,21971,0,21971
10215,1996,6,21589,10700,10889
10215,1996,7,14457,11600,2857
10215,1996,8,14484,6000,8484
10215,1996,9,14495,15789,-1294
10215,1996,10,14498,14789,-291
10215,1996,11,14488,15789,-1301
10215,1996,12,21664,14389,7275
10215,1997,1,14507,20389,-5882
10215,1997,2,14498,10889,3609
10215,1997,3,14514,11135,3379
10215,1997,4,14530,10935,3595
10215,1997,5,14534,15035,-501
10215,1997,6,21719,10635,11084
10215,1997,7,14571,18335,-3764
10215,1997,8,14553,24735,-10182
10215,1997,9,14536,9035,5501
10215,1997,10,14550,12435,2115
10215,1997,11,14560,11635,2925
10215,1997,12,21725,20535,1190
10215,1998,1,14526,28535,-14009
10215,1998,2,16338,6135,10203
10215,1998,3,14569,8835,5734
10215,1998,4,14587,11035,3552
10215,1998,5,14590,15035,-445
10215,1998,6,21754,21235,519
10215,1998,7,14583,21135,-6552
10215,1998,8,14581,13835,746
10215,1998,9,14587,12535,2052
10215,1998,10,14596,10335,4261
10215,1998,11,14612,13535,1077
10215,1998,12,21790,8720,13070
10220,1996,8,200,0,200
10220,1996,9,22038,0,22038
10220,1996,10,19528,12000,7528
10220,1996,11,19557,16500,3057
10220,1996,12,29286,22400,6886
10220,1997,1,19660,26415,-6755
10220,1997,2,19677,16915,2762
10220,1997,3,19589,17315,2274
10220,1997,4,19601,19815,-214
10220,1997,5,19751,23415,-3664
10220,1997,6,29380,34215,-4835
10220,1997,7,19640,20515,-875
10220,1997,8,19667,23515,-3848
10220,1997,9,19588,25015,-5427
10220,1997,10,19558,18515,1043
10220,1997,11,19553,21615,-2062
10220,1997,12,29232,20615,8617
10220,1998,1,19508,39215,-19707
10220,1998,2,19478,11815,7663
10220,1998,3,19554,18215,1339
10220,1998,4,19514,27515,-8001
10220,1998,5,19492,17515,1977
10220,1998,6,29156,39630,-10474
10220,1998,7,19433,14322,5111
10220,1998,8,19442,14915,4527
10220,1998,9,19478,16715,2763
10220,1998,10,19488,19815,-327
10220,1998,11,19484,20015,-531
10220,1998,12,29329,2500,26829
10227,1993,9,20760,0,20760
10227,1993,10,60203,25900,34303
10227,1993,11,229,17500,-17271
10227,1993,12,24799,21000,3799
10227,1994,1,48930,53900,-4970
10227,1994,2,298,5000,-4702
10227,1994,3,13330,19420,-6090
10227,1994,4,3287,24720,-21433
10227,1994,5,77326,37272,40054
10227,1994,6,42073,30600,11473
10227,1994,7,412,22100,-21688
10227,1994,8,7232,28442,-21210
10227,1994,9,39549,12000,27549
10227,1994,10,50025,41641,8384
10227,1994,11,12610,62053,-49443
10227,1994,12,14702,118,14584
10227,1995,1,43104,23600,19504
10227,1995,2,8836,27605,-18769
10227,1995,3,36851,12400,24451
10227,1995,4,97007,73000,24007
10227,1995,5,40896,17100,23796
10227,1995,6,168737,153936,14801
10227,1995,7,40453,47736,-7283
10227,1995,8,36299,79366,-43067
10227,1995,9,171973,138000,33973
10227,1995,10,17631,26600,-8969
10227,1995,11,24560,48700,-24140
10227,1995,12,93419,55200,38219
10227,1996,1,95082,108100,-13018
10227,1996,2,312,47406,-47094
10227,1996,3,90646,28200,62446
10227,1996,4,43379,90525,-47146
10227,1996,5,22766,18055,4711
10227,1996,6,366,18900,-18534
10227,1996,7,99425,27253,72172
10227,1996,8,39444,91885,-52441
10227,1996,9,50697,20383,30314
10227,1996,10,88651,81421,7230
10227,1996,11,653,35300,-34647
10227,1996,12,43432,11700,31732
10227,1997,1,361,66896,-66535
10227,1997,2,9149,17020,-7871
10227,1997,3,13364,7900,5464
10227,1997,4,13848,3185,10663
10227,1997,5,8042,22662,-14620
10227,1997,6,12960,15100,-2140
10227,1997,7,19995,16480,3515
10227,1997,8,8548,11500,-2952
10227,1997,9,13718,100,13618
10227,1997,10,8874,100,8774
10227,1997,11,19012,4300,14712
10227,1997,12,201,7500,-7299
10227,1998,1,164,21200,-21036
10227,1998,2,8501,100,8401
10227,1998,3,40539,1600,38939
10227,1998,4,402,14700,-14298
10227,1998,5,1887,100,1787
10227,1998,6,3494,100,3394
10227,1998,7,1015,100,915
10227,1998,8,422,3900,-3478
10227,1998,9,1185,100,1085
10227,1998,10,205,4000,-3795
10227,1998,11,5936,14800,-8864
10227,1998,12,0,8400,-8400
10233,1996,2,500,0,500
10233,1996,3,24147,0,24147
10233,1996,4,24030,14500,9530
10233,1996,5,24067,16400,7667
10233,1996,6,36055,29600,6455
10233,1996,7,24085,40610,-16525
10233,1996,8,24036,31439,-7403
10233,1996,9,24037,19070,4967
10233,1996,10,24068,17870,6198
10233,1996,11,24075,23870,205
10233,1996,12,36048,40470,-4422
10233,1997,1,24059,20970,3089
10233,1997,2,24052,33292,-9240
10233,1997,3,24038,19370,4668
10233,1997,4,24044,25270,-1226
10233,1997,5,24043,24556,-513
10233,1997,6,36026,28256,7770
10233,1997,7,24049,33156,-9107
10233,1997,8,24027,27456,-3429
10233,1997,9,23984,35121,-11137
10233,1997,10,23994,18356,5638
10233,1997,11,23993,23256,737
10233,1997,12,35973,29656,6317
10233,1998,1,23964,42709,-18745
10233,1998,2,23979,9756,14223
10233,1998,3,23984,31656,-7672
10233,1998,4,23944,32756,-8812
10233,1998,5,23971,9756,14215
10233,1998,6,36021,9756,26265
10233,1998,7,24050,40156,-16106
10233,1998,8,24073,9756,14317
10233,1998,9,24058,36656,-12598
10233,1998,10,24076,16656,7420
10233,1998,11,24096,14909,9187
10233,1998,12,36016,55587,-19571
10243,1997,9,71697,0,71697
10243,1997,10,55219,26400,28819
10243,1997,11,138108,158315,-20207
10243,1997,12,70052,49515,20537
10243,1998,1,108449,167499,-59050
10243,1998,2,89843,65515,24328
10243,1998,3,27238,36588,-9350
10243,1998,4,59723,28215,31508
10243,1998,5,6386,77219,-70833
10243,1998,6,184720,169715,15005
10243,1998,7,65572,53728,11844
10243,1998,8,63256,29017,34239
10243,1998,9,41233,58515,-17282
10243,1998,10,199,36063,-35864
10243,1998,11,123402,97644,25758
10243,1998,12,98060,103351,-5291
10257,1997,5,99088,34400,64688
10257,1997,6,88652,89468,-816
10257,1997,7,60584,94076,-33492
10257,1997,8,49860,33416,16444
10257,1997,9,74737,68116,6621
10257,1997,10,77632,65616,12016
10257,1997,11,31277,50000,-18723
10257,1997,12,54823,48616,6207
10257,1998,1,4321,33116,-28795
10257,1998,2,68985,45317,23668
10257,1998,3,31682,46484,-14802
10257,1998,4,82996,60716,22280
10257,1998,5,91320,70716,20604
10257,1998,6,25248,49616,-24368
10257,1998,7,60501,62476,-1975
10257,1998,8,68061,50216,17845
10257,1998,9,6807,51467,-44660
10257,1998,10,46,17967,-17921
10257,1998,11,86078,47667,38411
10257,1998,12,102914,62952,39962
10266,1993,6,30389,0,30389
10266,1993,7,50284,3700,46584
10266,1993,8,319,26200,-25881
10266,1993,9,319,15100,-14781
10266,1993,10,45846,25100,20746
10266,1993,11,235,15300,-15065
10266,1993,12,48126,55915,-7789
10266,1994,1,89,25566,-25477
10266,1994,2,7042,18085,-11043
10266,1994,3,50452,3186,47266
10266,1994,4,79066,28066,51000
10266,1994,5,375,55666,-55291
10266,1994,6,14964,26646,-11682
10266,1994,7,102,17966,-17864
10266,1994,8,37166,13066,24100
10266,1994,9,159,15166,-15007
10266,1994,10,3196,17266,-14070
10266,1994,11,60002,16589,43413
10266,1994,12,68190,43444,24746
10266,1995,1,19580,72066,-52486
10266,1995,2,17736,17866,-130
10266,1995,3,62572,13066,49506
10266,1995,4,33966,35666,-1700
10266,1995,5,280,43366,-43086
10266,1995,6,6202,12566,-6364
10266,1995,7,4250,3166,1084
10266,1995,8,27805,23366,4439
10266,1995,9,77,15466,-15389
10266,1995,10,0,15,-15
10266,1995,11,41886,15415,26471
10266,1995,12,5199,22266,-17067
10266,1996,1,69,17519,-17450
10266,1996,2,15196,2323,12873
10266,1996,3,57744,42415,15329
10266,1996,4,17587,35815,-18228
10266,1996,5,19664,6115,13549
10266,1996,6,97142,81815,15327
10266,1996,7,13271,25415,-12144
10266,1996,8,102715,97815,4900
10266,1996,9,69287,64815,4472
10266,1996,10,133056,135608,-2552
10266,1996,11,22773,27315,-4542
10266,1996,12,26001,18315,7686
10266,1997,1,69707,66015,3692
10266,1997,2,48744,52915,-4171
10266,1997,3,85310,101915,-16605
10266,1997,4,49929,26095,23834
10266,1997,5,46142,64331,-18189
10266,1997,6,55284,50815,4469
10266,1997,7,173693,108443,65250
10266,1997,8,316,67205,-66889
10266,1997,9,86762,55345,31417
10266,1997,10,79594,93509,-13915
10266,1997,11,41037,28080,12957
10266,1997,12,110012,132115,-22103
10266,1998,1,129,17415,-17286
10266,1998,2,36868,15815,21053
10266,1998,3,170,12715,-12545
10266,1998,4,129,14715,-14586
10266,1998,5,0,15,-15
10266,1998,6,34091,15,34076
10266,1998,7,292,14815,-14523
10266,1998,8,164,17915,-17751
10266,1998,9,82,15,67
10266,1998,10,0,15,-15
10266,1998,11,127,15,112
10280,1996,12,52947,11800,41147
10280,1997,1,34989,21100,13889
10280,1997,2,35043,0,35043
10280,1997,3,35141,58300,-23159
10280,1997,4,35093,34215,878
10280,1997,5,35155,39315,-4160
10280,1997,6,52513,83881,-31368
10280,1997,7,34982,32876,2106
10280,1997,8,35001,26015,8986
10280,1997,9,35042,21302,13740
10280,1997,10,35050,44281,-9231
10280,1997,11,35054,45664,-10610
10280,1997,12,52455,35878,16577
10280,1998,1,34988,50917,-15929
10280,1998,2,35027,19317,15710
10280,1998,3,35068,37727,-2659
10280,1998,4,35056,37258,-2202
10280,1998,5,35059,30832,4227
10280,1998,6,52508,53717,-1209
10280,1998,7,35061,32027,3034
10280,1998,8,35077,27817,7260
10280,1998,9,35112,29017,6095
10280,1998,10,35134,31117,4017
10280,1998,11,35036,56753,-21717
10280,1998,12,52543,8802,43741
10297,1996,1,600,0,600
10297,1996,2,25472,0,25472
10297,1996,3,21150,12900,8250
10297,1996,4,21177,16800,4377
10297,1996,5,21192,19100,2092
10297,1996,6,31730,31017,713
10297,1996,7,21193,32997,-11804
10297,1996,8,21158,18917,2241
10297,1996,9,22764,22617,147
10297,1996,10,21170,20817,353
10297,1996,11,21162,22317,-1155
10297,1996,12,31684,29248,2436
10297,1997,1,21247,37568,-16321
10297,1997,2,30631,18688,11943
10297,1997,3,23164,18688,4476
10297,1997,4,24684,19768,4916
10297,1997,5,21195,21248,-53
10297,1997,6,33334,30048,3286
10297,1997,7,21211,20188,1023
10297,1997,8,21192,31208,-10016
10297,1997,9,25385,18688,6697
10297,1997,10,23709,18688,5021
10297,1997,11,28416,28048,368
10297,1997,12,33067,22048,11019
10297,1998,1,26716,43288,-16572
10297,1998,2,29321,18688,10633
10297,1998,3,25357,18688,6669
10297,1998,4,22374,18688,3686
10297,1998,5,24597,18688,5909
10297,1998,6,34152,62368,-28216
10297,1998,7,38945,18688,20257
10297,1998,8,26795,18688,8107
10297,1998,9,27731,18688,9043
10297,1998,10,21340,21988,-648
10297,1998,11,21334,23788,-2454
10297,1998,12,31854,26673,5181
10320,1993,7,800,0,800
10320,1993,8,26048,1300,24748
10320,1993,9,26159,11700,14459
10320,1993,10,26232,21500,4732
10320,1993,11,26234,9200,17034
10320,1993,12,39230,39229,1
10320,1994,1,26132,68058,-41926
10320,1994,2,27892,16758,11134
10320,1994,3,26126,21358,4768
10320,1994,4,26102,39805,-13703
10320,1994,5,27200,16758,10442
10320,1994,6,39162,18058,21104
10320,1994,7,26136,51158,-25022
10320,1994,8,29399,32647,-3248
10320,1994,9,29821,16758,13063
10320,1994,10,26124,28746,-2622
10320,1994,11,26151,17658,8493
10320,1994,12,39173,27858,11315
10320,1995,1,26092,59358,-33266
10320,1995,2,27097,18558,8539
10320,1995,3,27838,16758,11080
10320,1995,4,26170,19758,6412
10320,1995,5,26122,49351,-23229
10320,1995,6,43789,42852,937
10320,1995,7,28802,21250,7552
10320,1995,8,26104,29858,-3754
10320,1995,9,26123,23358,2765
10320,1995,10,26133,24658,1475
10320,1995,11,26140,22558,3582
10320,1995,12,41627,48322,-6695
10320,1996,1,32593,35058,-2465
10320,1996,2,28700,27830,870
10320,1996,3,30887,33686,-2799
10320,1996,4,26109,19158,6951
10320,1996,5,29784,37158,-7374
10320,1996,6,39116,43222,-4106
10320,1996,7,26090,18658,7432
10320,1996,8,26111,29958,-3847
10320,1996,9,26100,22058,4042
10320,1996,10,26105,26622,-517
10320,1996,11,26114,22158,3956
10320,1996,12,39142,39258,-116
10320,1997,1,28886,39558,-10672
10320,1997,2,26090,17358,8732
10320,1997,3,26119,24058,2061
10320,1997,4,26120,29158,-3038
10320,1997,5,26112,25058,1054
10320,1997,6,43752,53958,-10206
10320,1997,7,26286,16758,9528
10320,1997,8,26110,31858,-5748
10320,1997,9,26099,17858,8241
10320,1997,10,26097,36058,-9961
10320,1997,11,26085,21258,4827
10320,1997,12,39110,31158,7952
10320,1998,1,27480,42496,-15016
10320,1998,2,26073,21858,4215
10320,1998,3,26087,24346,1741
10320,1998,4,26085,25535,550
10320,1998,5,26103,20858,5245
10320,1998,6,39135,26758,12377
10320,1998,7,26162,26758,-596
10320,1998,8,26120,46320,-20200
10320,1998,9,30598,22021,8577
10320,1998,10,28436,19158,9278
10320,1998,11,26116,38819,-12703
10320,1998,12,39124,26543,12581
10343,1997,5,800,0,800
10343,1997,6,20255,0,20255
10343,1997,7,7989,5600,2389
10343,1997,8,7992,10100,-2108
10343,1997,9,7976,11400,-3424
10343,1997,10,7962,10915,-2953
10343,1997,11,7990,11475,-3485
10343,1997,12,11902,7615,4287
10343,1998,1,7987,17895,-9908
10343,1998,2,7906,8595,-689
10343,1998,3,7924,8235,-311
10343,1998,4,7887,10015,-2128
10343,1998,5,7891,13979,-6088
10343,1998,6,11816,4253,7563
10343,1998,7,7877,15057,-7180
10343,1998,8,7867,9179,-1312
10343,1998,9,7867,4953,2914
10343,1998,10,7869,14071,-6202
10343,1998,11,7867,10047,-2180
10343,1998,12,11800,9023,2777
10345,1996,4,11146,0,11146
10345,1996,5,18013,0,18013
10345,1996,6,15326,3800,11526
10345,1996,7,10300,4600,5700
10345,1996,8,10303,12115,-1812
10345,1996,9,10274,17357,-7083
10345,1996,10,10250,14357,-4107
10345,1996,11,10250,11057,-807
10345,1996,12,15514,10617,4897
10345,1997,1,10221,26077,-15856
10345,1997,2,15423,12677,2746
10345,1997,3,11018,9357,1661
10345,1997,4,10208,16217,-6009
10345,1997,5,10299,8757,1542
10345,1997,6,15274,10357,4917
10345,1997,7,10615,12357,-1742
10345,1997,8,10212,10757,-545
10345,1997,9,10209,11957,-1748
10345,1997,10,10202,14457,-4255
10345,1997,11,10795,9457,1338
10345,1997,12,15250,17577,-2327
10345,1998,1,10179,13397,-3218
10345,1998,2,10174,11662,-1488
10345,1998,3,10168,9862,306
10345,1998,4,10170,9362,808
10345,1998,5,10173,9362,811
10345,1998,6,15248,9362,5886
10345,1998,7,10201,9362,839
10345,1998,8,10204,9362,842
10345,1998,9,10185,14762,-4577
10345,1998,10,10189,9362,827
10345,1998,11,10192,9362,830
10345,1998,12,15253,13347,1906
10351,1995,5,7442,0,7442
10351,1995,6,21830,0,21830
10351,1995,7,6747,4000,2747
10351,1995,8,6748,7000,-252
10351,1995,9,6725,18845,-12120
10351,1995,10,7801,6425,1376
10351,1995,11,6705,7325,-620
10351,1995,12,10021,10985,-964
10351,1996,1,7888,11925,-4037
10351,1996,2,9583,8165,1418
10351,1996,3,7189,6985,204
10351,1996,4,6892,6225,667
10351,1996,5,9581,10605,-1024
10351,1996,6,10008,8625,1383
10351,1996,7,8496,5925,2571
10351,1996,8,6706,8525,-1819
10351,1996,9,6694,9525,-2831
10351,1996,10,6681,8805,-2124
10351,1996,11,6678,6825,-147
10351,1996,12,9987,11005,-1018
10351,1997,1,8565,9365,-800
10351,1997,2,7967,6425,1542
10351,1997,3,8978,6273,2705
10351,1997,4,6682,7873,-1191
10351,1997,5,7780,6273,1507
10351,1997,6,10004,9473,531
10351,1997,7,6683,9273,-2590
10351,1997,8,8179,6273,1906
10351,1997,9,6688,7273,-585
10351,1997,10,7383,6273,1110
10351,1997,11,8889,11793,-2904
10351,1997,12,9986,10353,-367
10351,1998,1,6669,12153,-5484
10351,1998,2,6654,6273,381
10351,1998,3,9861,6273,3588
10351,1998,4,6665,6673,-8
10351,1998,5,6666,6273,393
10351,1998,6,9977,10173,-196
10351,1998,7,6667,6273,394
10351,1998,8,6673,6273,400
10351,1998,9,6670,6273,397
10351,1998,10,6676,6273,403
10351,1998,11,6678,6273,405
10351,1998,12,9986,9258,728
10361,1996,6,500,0,500
10361,1996,7,43489,11100,32389
10361,1996,8,43601,28600,15001
10361,1996,9,43653,34900,8753
10361,1996,10,43686,37400,6286
10361,1996,11,43724,69215,-25491
10361,1996,12,65370,77476,-12106
10361,1997,1,43624,29015,14609
10361,1997,2,43671,37375,6296
10361,1997,3,43640,40015,3625
10361,1997,4,43680,41852,1828
10361,1997,5,43673,60790,-17117
10361,1997,6,65376,60074,5302
10361,1997,7,43633,39955,3678
10361,1997,8,43628,46855,-3227
10361,1997,9,43614,45055,-1441
10361,1997,10,43595,64278,-20683
10361,1997,11,43536,44422,-886
10361,1997,12,65297,62621,2676
10361,1998,1,43514,49555,-6041
10361,1998,2,43525,33755,9770
10361,1998,3,43564,35555,8009
10361,1998,4,43611,45055,-1444
10361,1998,5,43574,54155,-10581
10361,1998,6,65278,53015,12263
10361,1998,7,43550,55415,-11865
10361,1998,8,43506,51615,-8109
10361,1998,9,43486,45015,-1529
10361,1998,10,43474,47015,-3541
10361,1998,11,43479,43215,264
10361,1998,12,65218,59000,6218
10364,1993,1,1100,0,1100
10364,1993,2,18731,0,18731
10364,1993,3,14594,4800,9794
10364,1993,4,14624,10300,4324
10364,1993,5,14643,9900,4743
10364,1993,6,21887,35497,-13610
10364,1993,7,14618,9077,5541
10364,1993,8,14624,15277,-653
10364,1993,9,14626,12577,2049
10364,1993,10,14647,12077,2570
10364,1993,11,14635,16186,-1551
10364,1993,12,21895,20366,1529
10364,1994,1,14615,28286,-13671
10364,1994,2,14592,10986,3606
10364,1994,3,14611,9186,5425
10364,1994,4,14623,12686,1937
10364,1994,5,14646,14586,60
10364,1994,6,21860,34546,-12686
10364,1994,7,15588,14446,1142
10364,1994,8,14588,11286,3302
10364,1994,9,14599,13646,953
10364,1994,10,14610,10386,4224
10364,1994,11,14620,13086,1534
10364,1994,12,21874,22926,-1052
10364,1995,1,14579,29346,-14767
10364,1995,2,23110,6886,16224
10364,1995,3,14623,14786,-163
10364,1995,4,14627,14786,-159
10364,1995,5,14616,21046,-6430
10364,1995,6,24000,6886,17114
10364,1995,7,14674,12486,2188
10364,1995,8,14683,12486,2197
10364,1995,9,14662,20466,-5804
10364,1995,10,14656,17086,-2430
10364,1995,11,14671,8486,6185
10364,1995,12,21961,11786,10175
10364,1996,1,14645,39306,-24661
10364,1996,2,17852,6886,10966
10364,1996,3,14673,11526,3147
10364,1996,4,14671,15366,-695
10364,1996,5,14673,19946,-5273
10364,1996,6,21916,19106,2810
10364,1996,7,14678,10386,4292
10364,1996,8,14693,15686,-993
10364,1996,9,14682,18646,-3964
10364,1996,10,14673,12986,1687
10364,1996,11,14681,10186,4495
10364,1996,12,21971,17437,4534
10364,1997,1,22388,35797,-13409
10364,1997,2,15973,6777,9196
10364,1997,3,14708,10577,4131
10364,1997,4,14718,10277,4441
10364,1997,5,14727,17757,-3030
10364,1997,6,21968,39177,-17209
10364,1997,7,18057,6777,11280
10364,1997,8,15001,6677,8324
10364,1997,9,14733,8877,5856
10364,1997,10,14749,15777,-1028
10364,1997,11,14736,16917,-2181
10364,1997,12,22014,12177,9837
10364,1998,1,14756,28297,-13541
10364,1998,2,15330,6877,8453
10364,1998,3,14758,12377,2381
10364,1998,4,16166,11337,4829
10364,1998,5,14786,12577,2209
10364,1998,6,37476,59297,-21821
10364,1998,7,21221,12057,9164
10364,1998,8,21362,6877,14485
10364,1998,9,17917,6977,10940
10364,1998,10,14849,10977,3872
10364,1998,11,15873,8357,7516
10364,1998,12,21985,65722,-43737
10365,1995,9,1000,0,1000
10365,1995,10,41403,0,41403
10365,1995,11,177,9900,-9723
10365,1995,12,275,2100,-1825
10365,1996,1,0,4000,-4000
10365,1996,2,61878,30000,31878
10365,1996,3,245,17700,-17455
10365,1996,4,245,9200,-8955
10365,1996,5,42112,24700,17412
10365,1996,6,28789,28215,574
10365,1996,7,1939,26194,-24255
10365,1996,8,34118,24939,9179
10365,1996,9,40140,31739,8401
10365,1996,10,3313,29239,-25926
10365,1996,11,8345,13944,-5599
10365,1996,12,16,12844,-12828
10365,1997,1,12289,12849,-560
10365,1997,2,25862,4857,21005
10365,1997,3,66122,45479,20643
10365,1997,4,29692,45403,-15711
10365,1997,5,74162,20079,54083
10365,1997,6,26690,75247,-48557
10365,1997,7,30067,30779,-712
10365,1997,8,44126,36679,7447
10365,1997,9,69991,56579,13412
10365,1997,10,46929,47778,-849
10365,1997,11,32780,20379,12401
10365,1997,12,6151,38477,-32326
10365,1998,1,95130,80179,14951
10365,1998,2,61775,22113,39662
10365,1998,3,177100,200908,-23808
10365,1998,4,52525,62568,-10043
10365,1998,5,73810,64895,8915
10365,1998,6,8865,34111,-25246
10365,1998,7,52055,31179,20876
10365,1998,8,77616,64901,12715
10365,1998,9,97318,114722,-17404
10365,1998,10,101129,46679,54450
10365,1998,11,11745,75037,-63292
10365,1998,12,57997,44064,13933
10404,1996,12,300,0,300
10404,1997,1,24631,200,24431
10404,1997,2,24726,14700,10026
10404,1997,3,24767,19500,5267
10404,1997,4,24787,23900,887
10404,1997,5,24849,24672,177
10404,1997,6,37170,38292,-1122
10404,1997,7,24833,27632,-2799
10404,1997,8,24830,23392,1438
10404,1997,9,24830,26772,-1942
10404,1997,10,24822,26472,-1650
10404,1997,11,24821,23372,1449
10404,1997,12,37159,34312,2847
10404,1998,1,24792,32392,-7600
10404,1998,2,24798,25872,-1074
10404,1998,3,24804,23110,1694
10404,1998,4,24808,18910,5898
10404,1998,5,24832,27110,-2278
10404,1998,6,37117,37370,-253
10404,1998,7,24811,26510,-1699
10404,1998,8,24804,24110,694
10404,1998,9,24803,26310,-1507
10404,1998,10,24796,25710,-914
10404,1998,11,24773,29750,-4977
10404,1998,12,37135,14095,23040
10411,1995,11,700,0,700
10411,1995,12,106827,21900,84927
10411,1996,1,356,27400,-27044
10411,1996,2,356,15000,-14644
10411,1996,3,356,7700,-7344
10411,1996,4,356,3400,-3044
10411,1996,5,356,1400,-1044
10411,1996,6,9915,100,9815
10411,1996,7,4326,19082,-14756
10411,1996,8,16283,20282,-3999
10411,1996,9,18068,18982,-914
10411,1996,10,16577,14982,1595
10411,1996,11,17873,18882,-1009
10411,1996,12,17483,14982,2501
10411,1997,1,89020,67324,21696
10411,1997,2,18156,20124,-1968
10411,1997,3,21402,38497,-17095
10411,1997,4,39989,20124,19865
10411,1997,5,73265,20124,53141
10411,1997,6,290,41824,-41534
10411,1997,7,12734,20124,-7390
10411,1997,8,36608,20124,16484
10411,1997,9,112807,81724,31083
10411,1997,10,1011,33924,-32913
10411,1997,11,12950,20124,-7174
10411,1997,12,151838,115224,36614
10411,1998,1,225,70595,-70370
10411,1998,2,51242,23124,28118
10411,1998,3,16806,20124,-3318
10411,1998,4,17785,25224,-7439
10411,1998,5,65669,20124,45545
10411,1998,6,4793,30924,-26131
10411,1998,7,35342,31269,4073
10411,1998,8,101944,114997,-13053
10411,1998,9,40296,32019,8277
10411,1998,10,23804,39331,-15527
10411,1998,11,17065,34224,-17159
10411,1998,12,74306,41864,32442
10436,1996,3,800,0,800
10436,1996,4,17424,0,17424
10436,1996,5,7581,1700,5881
10436,1996,6,11354,5200,6154
10436,1996,7,7628,3700,3928
10436,1996,8,7640,6715,925
10436,1996,9,10150,8915,1235
10436,1996,10,7658,4426,3232
10436,1996,11,7671,4326,3345
10436,1996,12,11437,7426,4011
10436,1997,1,7685,17626,-9941
10436,1997,2,9269,1526,7743
10436,1997,3,9402,1526,7876
10436,1997,4,10337,1526,8811
10436,1997,5,7748,9226,-1478
10436,1997,6,11506,27526,-16020
10436,1997,7,15414,1526,13888
10436,1997,8,8052,2526,5526
10436,1997,9,7768,6226,1542
10436,1997,10,7780,4326,3454
10436,1997,11,7791,3626,4165
10436,1997,12,11551,11526,25
10436,1998,1,7782,19826,-12044
10436,1998,2,7756,4726,3030
10436,1998,3,7776,1826,5950
10436,1998,4,7787,8326,-539
10436,1998,5,7785,7326,459
10436,1998,6,11533,11526,7
10436,1998,7,7781,9526,-1745
10436,1998,8,7792,2726,5066
10436,1998,9,8218,1526,6692
10436,1998,10,7831,5826,2005
10436,1998,11,7826,9226,-1400
10436,1998,12,13096,8011,5085
10439,1993,11,300,0,300
10439,1993,12,56895,16600,40295
10439,1994,1,38076,27200,10876
10439,1994,2,38115,30500,7615
10439,1994,3,38137,37200,937
10439,1994,4,38165,51882,-13717
10439,1994,5,38071,47062,-8991
10439,1994,6,56997,59207,-2210
10439,1994,7,38082,31964,6118
10439,1994,8,38105,31964,6141
10439,1994,9,38108,38864,-756
10439,1994,10,38098,51733,-13635
10439,1994,11,38038,47272,-9234
10439,1994,12,57026,35764,21262
10439,1995,1,38056,54564,-16508
10439,1995,2,38050,29164,8886
10439,1995,3,38056,47535,-9479
10439,1995,4,38034,38188,-154
10439,1995,5,38030,40264,-2234
10439,1995,6,57030,34864,22166
10439,1995,7,38086,41011,-2925
10439,1995,8,38103,35264,2839
10439,1995,9,38123,36464,1659
10439,1995,10,38109,39664,-1555
10439,1995,11,38087,48264,-10177
10439,1995,12,56969,75085,-18116
10439,1996,1,38001,35064,2937
10439,1996,2,38005,32964,5041
10439,1996,3,38043,27464,10579
10439,1996,4,38073,31564,6509
10439,1996,5,38073,41259,-3186
10439,1996,6,57016,65607,-8591
10439,1996,7,38020,43649,-5629
10439,1996,8,48897,17249,31648
10439,1996,9,38171,23249,14922
10439,1996,10,38207,35249,2958
10439,1996,11,38219,31049,7170
10439,1996,12,57214,45943,11271
10439,1997,1,38160,80349,-42189
10439,1997,2,38141,24249,13892
10439,1997,3,38214,24949,13265
10439,1997,4,38216,37549,667
10439,1997,5,38203,38349,-146
10439,1997,6,57240,33649,23591
10439,1997,7,38278,48049,-9771
10439,1997,8,38192,62149,-23957
10439,1997,9,38167,40110,-1943
10439,1997,10,38187,47349,-9162
10439,1997,11,38151,39249,-1098
10439,1997,12,57156,50714,6442
10439,1998,1,38146,57649,-19503
10439,1998,2,46279,46792,-513
10439,1998,3,38145,27149,10996
10439,1998,4,38193,29849,8344
10439,1998,5,38227,30749,7478
10439,1998,6,57198,52749,4449
10439,1998,7,38233,52849,-14616
10439,1998,8,38209,28184,10025
10439,1998,9,38251,29649,8602
10439,1998,10,38267,36149,2118
10439,1998,11,38235,43654,-5419
10439,1998,12,57231,37096,20135
10440,1993,9,400,0,400
10440,1993,10,15908,0,15908
10440,1993,11,7554,0,7554
10440,1993,12,11169,3500,7669
10440,1994,1,7498,7000,498
10440,1994,2,7486,12425,-4939
10440,1994,3,7476,10125,-2649
10440,1994,4,8678,5725,2953
10440,1994,5,7481,8625,-1144
10440,1994,6,11163,10225,938
10440,1994,7,7475,13505,-6030
10440,1994,8,7458,6425,1033
10440,1994,9,7454,9825,-2371
10440,1994,10,7444,10125,-2681
10440,1994,11,7444,6525,919
10440,1994,12,11138,12165,-1027
10440,1995,1,7647,5925,1722
10440,1995,2,7451,7425,26
10440,1995,3,9961,5825,4136
10440,1995,4,7463,9545,-2082
10440,1995,5,7459,6725,734
10440,1995,6,11132,15825,-4693
10440,1995,7,8048,5925,2123
10440,1995,8,12064,9405,2659
10440,1995,9,9172,5925,3247
10440,1995,10,9687,5925,3762
10440,1995,11,7478,11645,-4167
10440,1995,12,13663,15325,-1662
10440,1996,1,21755,20485,1270
10440,1996,2,7469,7005,464
10440,1996,3,14703,7025,7678
10440,1996,4,8904,5925,2979
10440,1996,5,7516,12145,-4629
10440,1996,6,11191,6525,4666
10440,1996,7,7516,6925,591
10440,1996,8,8720,5925,2795
10440,1996,9,8723,9045,-322
10440,1996,10,7527,8425,-898
10440,1996,11,7524,7625,-101
10440,1996,12,13017,8965,4052
10440,1997,1,8333,11045,-2712
10440,1997,2,9431,5925,3506
10440,1997,3,9746,5925,3821
10440,1997,4,11548,11685,-137
10440,1997,5,8261,5925,2336
10440,1997,6,21491,36965,-15474
10440,1997,7,11309,5925,5384
10440,1997,8,13420,11445,1975
10440,1997,9,12436,8685,3751
10440,1997,10,7851,5925,1926
10440,1997,11,11865,5925,5940
10440,1997,12,12977,7045,5932
10440,1998,1,16882,21765,-4883
10440,1998,2,9891,5925,3966
10440,1998,3,8806,5925,2881
10440,1998,4,7612,13025,-5413
10440,1998,5,7580,10925,-3345
10440,1998,6,11559,11525,34
10440,1998,7,7579,6985,594
10440,1998,8,7578,7725,-147
10440,1998,9,7573,10025,-2452
10440,1998,10,7559,11785,-4226
10440,1998,11,8454,5925,2529
10440,1998,12,11250,9450,1800
10445,1996,5,800,0,800
10445,1996,6,35877,7200,28677
10445,1996,7,24037,16500,7537
10445,1996,8,24069,16200,7869
10445,1996,9,24098,22100,1998
10445,1996,10,24165,26249,-2084
10445,1996,11,24149,23149,1000
10445,1996,12,36123,31949,4174
10445,1997,1,24142,33849,-9707
10445,1997,2,24131,19249,4882
10445,1997,3,24149,23749,400
10445,1997,4,24154,21449,2705
10445,1997,5,24160,20629,3531
10445,1997,6,36043,50169,-14126
10445,1997,7,24117,20649,3468
10445,1997,8,24126,20449,3677
10445,1997,9,24136,25449,-1313
10445,1997,10,24130,20949,3181
10445,1997,11,24168,18549,5619
10445,1997,12,36146,29149,6997
10445,1998,1,24158,32249,-8091
10445,1998,2,24169,15700,8469
10445,1998,3,24189,25100,-911
10445,1998,4,24184,26140,-1956
10445,1998,5,24182,21400,2782
10445,1998,6,38691,49000,-10309
10445,1998,7,24158,16600,7558
10445,1998,8,24190,15400,8790
10445,1998,9,24212,21800,2412
10445,1998,10,24213,26900,-2687
10445,1998,11,24211,20500,3711
10445,1998,12,36206,27685,8521
10451,1993,8,900,0,900
10451,1993,9,17953,0,17953
10451,1993,10,14205,3100,11105
10451,1993,11,14293,7600,6693
10451,1993,12,21366,15800,5566
10451,1994,1,14377,28168,-13791
10451,1994,2,15873,18316,-2443
10451,1994,3,15053,15076,-23
10451,1994,4,17932,17496,436
10451,1994,5,16637,16796,-159
10451,1994,6,21316,20096,1220
10451,1994,7,14242,18896,-4654
10451,1994,8,15231,15996,-765
10451,1994,9,18215,17196,1019
10451,1994,10,19312,19996,-684
10451,1994,11,15207,24516,-9309
10451,1994,12,22189,16816,5373
10451,1995,1,21052,26645,-5593
10451,1995,2,21257,15845,5412
10451,1995,3,17489,15845,1644
10451,1995,4,15899,15845,54
10451,1995,5,19693,19925,-232
10451,1995,6,21252,18245,3007
10451,1995,7,14717,15845,-1128
10451,1995,8,18619,19205,-586
10451,1995,9,19002,18485,517
10451,1995,10,18017,15845,2172
10451,1995,11,16430,15845,585
10451,1995,12,21282,18385,2897
10451,1996,1,21282,35005,-13723
10451,1996,2,22564,17885,4679
10451,1996,3,21172,19925,1247
10451,1996,4,17698,15845,1853
10451,1996,5,20022,15845,4177
10451,1996,6,22402,15845,6557
10451,1996,7,14586,15845,-1259
10451,1996,8,14262,17745,-3483
10451,1996,9,14219,20645,-6426
10451,1996,10,14176,18245,-4069
10451,1996,11,14150,16745,-2595
10451,1996,12,21151,24245,-3094
10451,1997,1,15070,22566,-7496
10451,1997,2,14255,15816,-1561
10451,1997,3,16951,15809,1142
10451,1997,4,20177,15800,4377
10451,1997,5,17696,15845,1851
10451,1997,6,21138,18945,2193
10451,1997,7,14094,18265,-4171
10451,1997,8,16791,15845,946
10451,1997,9,17605,15845,1760
10451,1997,10,17015,15845,1170
10451,1997,11,21154,15845,5309
10451,1997,12,21189,20065,1124
10451,1998,1,14124,20285,-6161
10451,1998,2,17432,15845,1587
10451,1998,3,20966,15845,5121
10451,1998,4,16579,15845,734
10451,1998,5,14161,16545,-2384
10451,1998,6,21201,17445,3756
10451,1998,7,14156,18745,-4589
10451,1998,8,17361,15845,1516
10451,1998,9,14136,17945,-3809
10451,1998,10,14106,17445,-3339
10451,1998,11,14090,15845,-1755
10451,1998,12,21141,15830,5311
10478,1996,2,200,0,200
10478,1996,3,13800,0,13800
10478,1996,4,11494,0,11494
10478,1996,5,8146,0,8146
10478,1996,6,140,1800,-1660
10478,1996,7,140,1700,-1560
10478,1996,8,140,300,-160
10478,1996,9,140,2200,-2060
10478,1996,10,2040,0,2040
10478,1996,11,140,700,-560
10478,1996,12,140,1700,-1560
10478,1997,1,83604,52700,30904
10478,1997,2,55991,50730,5261
10478,1997,3,103976,91830,12146
10478,1997,4,43431,37630,5801
10478,1997,5,292,28530,-28238
10478,1997,6,64081,57430,6651
10478,1997,7,18377,14430,3947
10478,1997,8,51295,46030,5265
10478,1997,9,91632,68530,23102
10478,1997,10,104683,142938,-38255
10478,1997,11,61127,77930,-16803
10478,1997,12,21194,44230,-23036
10478,1998,1,37244,43220,-5976
10478,1998,2,61888,30,61858
10478,1998,3,11683,50650,-38967
10478,1998,4,35311,12905,22406
10478,1998,5,16117,15505,612
10478,1998,6,25439,67942,-42503
10478,1998,7,24312,12505,11807
10478,1998,8,45742,5605,40137
10478,1998,9,62293,79005,-16712
10478,1998,10,66154,50705,15449
10478,1998,11,47256,47605,-349
10478,1998,12,161,31675,-31514
10493,1997,1,45798,0,45798
10493,1997,2,191,9800,-9609
10493,1997,3,38993,28500,10493
10493,1997,4,64562,32600,31962
10493,1997,5,37843,52645,-14802
10493,1997,6,127,42925,-42798
10493,1997,7,15186,15951,-765
10493,1997,8,70577,13651,56926
10493,1997,9,8703,44351,-35648
10493,1997,10,25635,23260,2375
10493,1997,11,47528,17751,29777
10493,1997,12,170,43482,-43312
10493,1998,1,86195,39751,46444
10493,1998,2,104185,102121,2064
10493,1998,3,15646,69041,-53395
10493,1998,4,85041,18726,66315
10493,1998,5,8000,42626,-34626
10493,1998,6,43089,23326,19763
10493,1998,7,168,49808,-49640
10493,1998,8,4180,15026,-10846
10493,1998,9,31594,15026,16568
10493,1998,10,22460,28226,-5766
10493,1998,11,48238,21426,26812
10493,1998,12,67619,30011,37608
10520,1995,10,200,0,200
10520,1995,11,63182,16300,46882
10520,1995,12,64270,24300,39970
10520,1996,1,362,31700,-31338
10520,1996,2,362,12300,-11938
10520,1996,3,362,8000,-7638
10520,1996,4,362,3800,-3438
10520,1996,5,362,1800,-1438
10520,1996,6,362,500,-138
10520,1996,7,362,700,-338
10520,1996,8,1762,0,1762
10520,1996,9,362,2300,-1938
10520,1996,10,362,3100,-2738
10520,1996,11,35369,100,35269
10520,1996,12,205,24960,-24755
10520,1997,1,5809,21755,-15946
10520,1997,2,186899,110760,76139
10520,1997,3,73184,129453,-56269
10520,1997,4,92448,26202,66246
10520,1997,5,206419,252260,-45841
10520,1997,6,165,37888,-37723
10520,1997,7,85,8260,-8175
10520,1997,8,53229,22186,31043
10520,1997,9,169,11860,-11691
10520,1997,10,22913,14660,8253
10520,1997,11,123759,68360,55399
10520,1997,12,71973,109895,-37922
10520,1998,1,44058,41060,2998
10520,1998,2,202,24560,-24358
10520,1998,3,149,8560,-8411
10520,1998,4,23294,19569,3725
10520,1998,5,119,10860,-10741
10520,1998,6,3794,7060,-3266
10520,1998,7,7591,7060,531
10520,1998,8,63774,7060,56714
10520,1998,9,2038,52286,-50248
10520,1998,10,99,7360,-7261
10520,1998,11,31036,7060,23976
10520,1998,12,140,17460,-17320
10558,1996,2,200,0,200
10558,1996,3,39978,0,39978
10558,1996,4,95440,32600,62840
10558,1996,5,419,62400,-61981
10558,1996,6,19321,19100,221
10558,1996,7,52694,45504,7190
10558,1996,8,262,18215,-17953
10558,1996,9,160,9515,-9355
10558,1996,10,45380,42264,3116
10558,1996,11,7379,17015,-9636
10558,1996,12,56,7315,-7259
10558,1997,1,12,9633,-9621
10558,1997,2,0,2466,-2466
10558,1997,3,14269,4720,9549
10558,1997,4,15,2115,-2100
10558,1997,5,7,2315,-2308
10558,1997,6,0,29,-29
10558,1997,7,0,22,-22
10558,1997,8,0,15,-15
10558,1997,9,53046,16228,36818
10558,1997,10,45329,7315,38014
10558,1997,11,375,33565,-33190
10558,1997,12,216,18715,-18499
10558,1998,1,2982,11015,-8033
10558,1998,2,104120,28415,75705
10558,1998,3,101147,121315,-20168
10558,1998,4,56355,69315,-12960
10558,1998,5,332,17215,-16883
10558,1998,6,86761,87299,-538
10558,1998,7,62108,22677,39431
10558,1998,8,46071,56015,-9944
10558,1998,9,74497,48446,26051
10558,1998,10,156744,167713,-10969
10558,1998,11,24254,35807,-11553
10558,1998,12,30595,26783,3812
10562,1996,8,38413,0,38413
10562,1996,9,26926,13600,13326
10562,1996,10,41207,12900,28307
10562,1996,11,32369,72415,-40046
10562,1996,12,103809,87615,16194
10562,1997,1,22063,60117,-38054
10562,1997,2,94633,10615,84018
10562,1997,3,80028,146115,-66087
10562,1997,4,65630,24815,40815
10562,1997,5,28917,27815,1102
10562,1997,6,80788,92158,-11370
10562,1997,7,59076,57205,1871
10562,1997,8,31677,29615,2062
10562,1997,9,46946,28602,18344
10562,1997,10,65071,67915,-2844
10562,1997,11,9108,28160,-19052
10562,1997,12,88586,65689,22897
10562,1998,1,152293,152415,-122
10562,1998,2,29846,27415,2431
10562,1998,3,63891,70171,-6280
10562,1998,4,360,55807,-55447
10562,1998,5,37339,13515,23824
10562,1998,6,43411,52115,-8704
10562,1998,7,48136,25159,22977
10562,1998,8,60182,49215,10967
10562,1998,9,327,32643,-32316
10562,1998,10,60531,9120,51411
10562,1998,11,620,33815,-33195
10562,1998,12,222,39088,-38866
10607,1996,10,300,0,300
10607,1996,11,53042,0,53042
10607,1996,12,36917,13700,23217
10607,1997,1,43394,67700,-24306
10607,1997,2,44418,16300,28118
10607,1997,3,44203,101515,-57312
10607,1997,4,44012,38130,5882
10607,1997,5,105,16823,-16718
10607,1997,6,12469,13115,-646
10607,1997,7,62322,4045,58277
10607,1997,8,245,40982,-40737
10607,1997,9,48973,16815,32158
10607,1997,10,250,49115,-48865
10607,1997,11,91,1815,-1724
10607,1997,12,21259,11815,9444
10607,1998,1,62345,52915,9430
10607,1998,2,36957,16215,20742
10607,1998,3,30408,26715,3693
10607,1998,4,60822,34615,26207
10607,1998,5,56002,85005,-29003
10607,1998,6,58910,56815,2095
10607,1998,7,34551,35815,-1264
10607,1998,8,99660,96615,3045
10607,1998,9,51753,51515,238
10607,1998,10,17482,29015,-11533
10607,1998,11,62502,63520,-1018
10607,1998,12,61793,22100,39693
10613,1997,11,32036,0,32036
10613,1997,12,47111,7000,40111
10613,1998,1,31557,22100,9457
10613,1998,2,31586,24900,6686
10613,1998,3,31577,51616,-20039
10613,1998,4,31540,25123,6417
10613,1998,5,31507,47835,-16328
10613,1998,6,46968,87915,-40947
10613,1998,7,44434,5715,38719
10613,1998,8,31485,38415,-6930
10613,1998,9,37903,54575,-16672
10613,1998,10,31714,29032,2682
10613,1998,11,31388,31106,282
10613,1998,12,47051,41718,5333
10630,1995,1,300,0,300
10630,1995,2,19013,0,19013
10630,1995,3,13074,2000,11074
10630,1995,4,13101,11100,2001
10630,1995,5,13105,13000,105
10630,1995,6,19618,16618,3000
10630,1995,7,13100,19998,-6898
10630,1995,8,13071,20678,-7607
10630,1995,9,19067,15578,3489
10630,1995,10,20774,20018,756
10630,1995,11,13068,15778,-2710
10630,1995,12,24369,16698,7671
10630,1996,1,15573,27818,-12245
10630,1996,2,16748,15578,1170
10630,1996,3,21264,16538,4726
10630,1996,4,18075,16658,1417
10630,1996,5,19486,15578,3908
10630,1996,6,19686,15578,4108
10630,1996,7,13603,15578,-1975
10630,1996,8,15600,15578,22
10630,1996,9,15895,20858,-4963
10630,1996,10,15679,17138,-1459
10630,1996,11,17980,15578,2402
10630,1996,12,24178,20458,3720
10630,1997,1,13057,30598,-17541
10630,1997,2,23654,16538,7116
10630,1997,3,16257,15578,679
10630,1997,4,20571,15578,4993
10630,1997,5,18888,15578,3310
10630,1997,6,24199,15578,8621
10630,1997,7,13114,23938,-10824
10630,1997,8,13990,14418,-428
10630,1997,9,14185,19398,-5213
10630,1997,10,19060,16118,2942
10630,1997,11,21663,21978,-315
10630,1997,12,21472,20178,1294
10630,1998,1,18045,22038,-3993
10630,1998,2,16556,16878,-322
10630,1998,3,18151,16218,1933
10630,1998,4,16866,13518,3348
10630,1998,5,14655,18858,-4203
10630,1998,6,19555,16818,2737
10630,1998,7,16075,14118,1957
10630,1998,8,18593,14618,3975
10630,1998,9,17100,15218,1882
10630,1998,10,17407,14418,2989
10630,1998,11,18321,16218,2103
10630,1998,12,19594,20943,-1349
10644,1997,7,45508,0,45508
10644,1997,8,45261,14000,31261
10644,1997,9,45344,32100,13244
10644,1997,10,45384,38200,7184
10644,1997,11,45347,66192,-20845
10644,1997,12,67738,94168,-26430
10644,1998,1,45156,60068,-14912
10644,1998,2,45188,22377,22811
10644,1998,3,45253,35508,9745
10644,1998,4,45287,37838,7449
10644,1998,5,45252,51810,-6558
10644,1998,6,67764,75947,-8183
10644,1998,7,45276,32167,13109
10644,1998,8,45311,48167,-2856
10644,1998,9,45300,38267,7033
10644,1998,10,45300,52081,-6781
10644,1998,11,45180,75018,-29838
10644,1998,12,67757,27452,40305
10645,1996,12,500,0,500
10645,1997,1,49324,9900,39424
10645,1997,2,49453,31200,18253
10645,1997,3,49517,39300,10217
10645,1997,4,49638,50900,-1262
10645,1997,5,49530,65855,-16325
10645,1997,6,74112,75855,-1743
10645,1997,7,49533,55573,-6040
10645,1997,8,49513,35659,13854
10645,1997,9,49536,45738,3798
10645,1997,10,49508,66398,-16890
10645,1997,11,49510,32555,16955
10645,1997,12,74130,91855,-17725
10645,1998,1,49456,67255,-17799
10645,1998,2,49429,35255,14174
10645,1998,3,49495,31655,17840
10645,1998,4,49536,45355,4181
10645,1998,5,49477,71455,-21978
10645,1998,6,74098,86255,-12157
10645,1998,7,49449,27142,22307
10645,1998,8,49492,45242,4250
10645,1998,9,49516,41542,7974
10645,1998,10,49518,56542,-7024
10645,1998,11,49510,43542,5968
10645,1998,12,74099,92427,-18328
10650,1997,9,47332,0,47332
10650,1997,10,47191,14100,33091
10650,1997,11,47299,24300,22999
10650,1997,12,70798,64900,5898
10650,1998,1,47230,92215,-44985
10650,1998,2,47204,30571,16633
10650,1998,3,47254,37059,10195
10650,1998,4,47230,85945,-38715
10650,1998,5,47208,16259,30949
10650,1998,6,70681,71259,-578
10650,1998,7,47265,34759,12506
10650,1998,8,47292,42159,5133
10650,1998,9,47299,46259,1040
10650,1998,10,47210,81659,-34449
10650,1998,11,47210,33159,14051
10650,1998,12,70574,109844,-39270
10652,1997,3,700,0,700
10652,1997,4,30192,5400,24792
10652,1997,5,30281,13800,16481
10652,1997,6,45415,31900,13515
10652,1997,7,30364,34200,-3836
10652,1997,8,30361,35567,-5206
10652,1997,9,30398,33567,-3169
10652,1997,10,30312,40275,-9963
10652,1997,11,30283,39201,-8918
10652,1997,12,45370,29067,16303
10652,1998,1,30274,49067,-18793
10652,1998,2,30258,23067,7191
10652,1998,3,30262,38343,-8081
10652,1998,4,30258,22167,8091
10652,1998,5,30269,30477,-208
10652,1998,6,45361,37478,7883
10652,1998,7,30278,39477,-9199
10652,1998,8,30257,30777,-520
10652,1998,9,30277,22477,7800
10652,1998,10,30251,43543,-13292
10652,1998,11,30253,29726,527
10652,1998,12,45384,23262,22122
10656,1993,5,18979,0,18979
10656,1993,6,33333,0,33333
10656,1993,7,19081,11800,7281
10656,1993,8,19112,15200,3912
10656,1993,9,19123,18615,508
10656,1993,10,19167,20515,-1348
10656,1993,11,19104,22535,-3431
10656,1993,12,28482,41495,-13013
10656,1994,1,19105,22495,-3390
10656,1994,2,18843,15,18828
10656,1994,3,19094,36695,-17601
10656,1994,4,18838,14715,4123
10656,1994,5,18917,16915,2002
10656,1994,6,28431,24015,4416
10656,1994,7,18895,24615,-5720
10656,1994,8,19058,18175,883
10656,1994,9,19052,21615,-2563
10656,1994,10,19026,19055,-29
10656,1994,11,18872,16815,2057
10656,1994,12,28315,25095,3220
10656,1995,1,19104,34315,-15211
10656,1995,2,18828,14115,4713
10656,1995,3,18852,18715,137
10656,1995,4,19041,21055,-2014
10656,1995,5,18919,17335,1584
10656,1995,6,28310,23715,4595
10656,1995,7,18868,23115,-4247
10656,1995,8,18858,19615,-757
10656,1995,9,18852,20815,-1963
10656,1995,10,18842,21615,-2773
10656,1995,11,18906,20515,-1609
10656,1995,12,28307,24955,3352
10656,1996,1,18894,26875,-7981
10656,1996,2,18823,14115,4708
10656,1996,3,18922,16215,2707
10656,1996,4,18974,23215,-4241
10656,1996,5,18896,19015,-119
10656,1996,6,28305,24615,3690
10656,1996,7,18865,32875,-14010
10656,1996,8,18814,17215,1599
10656,1996,9,18815,19115,-300
10656,1996,10,18764,21915,-3151
10656,1996,11,18784,20015,-1231
10656,1996,12,28106,32095,-3989
10656,1997,1,18748,24755,-6007
10656,1997,2,18696,19835,-1139
10656,1997,3,18682,19115,-433
10656,1997,4,18682,18215,467
10656,1997,5,18700,20515,-1815
10656,1997,6,28022,23215,4807
10656,1997,7,18710,21835,-3125
10656,1997,8,18664,21202,-2538
10656,1997,9,18660,21539,-2879
10656,1997,10,18660,16624,2036
10656,1997,11,18660,17705,955
10656,1997,12,28011,24215,3796
10656,1998,1,18669,23945,-5276
10656,1998,2,18713,23551,-4838
10656,1998,3,18680,17274,1406
10656,1998,4,18660,18691,-31
10656,1998,5,18660,21127,-2467
10656,1998,6,27990,24890,3100
10656,1998,7,18705,25598,-6893
10656,1998,8,18673,10861,7812
10656,1998,9,18660,18061,599
10656,1998,10,18660,16239,2421
10656,1998,11,18668,16421,2247
10656,1998,12,28070,16700,11370
10663,1993,12,200,0,200
10663,1994,1,53813,0,53813
10663,1994,2,43649,16100,27549
10663,1994,3,43585,72300,-28715
10663,1994,4,43651,14700,28951
10663,1994,5,43705,36997,6708
10663,1994,6,65292,104977,-39685
10663,1994,7,43579,33114,10465
10663,1994,8,43574,49414,-5840
10663,1994,9,43527,70641,-27114
10663,1994,10,43521,23914,19607
10663,1994,11,43557,49814,-6257
10663,1994,12,65305,30514,34791
10663,1995,1,43501,100079,-56578
10663,1995,2,49099,29814,19285
10663,1995,3,43543,39014,4529
10663,1995,4,43528,47526,-3998
10663,1995,5,43489,55111,-11622
10663,1995,6,68080,34591,33489
10663,1995,7,43612,56414,-12802
10663,1995,8,43586,48440,-4854
10663,1995,9,43596,39214,4382
10663,1995,10,43604,40914,2690
10663,1995,11,43568,56384,-12816
10663,1995,12,65270,50437,14833
10663,1996,1,43589,69737,-26148
10663,1996,2,43516,29737,13779
10663,1996,3,43570,35437,8133
10663,1996,4,43574,45037,-1463
10663,1996,5,43558,46801,-3243
10663,1996,6,65236,65690,-454
10663,1996,7,43554,43837,-283
10663,1996,8,43547,44437,-890
10663,1996,9,43527,47342,-3815
10663,1996,10,43551,37337,6214
10663,1996,11,43567,44037,-470
10663,1996,12,65285,53437,11848
10663,1997,1,43541,68737,-25196
10663,1997,2,43511,38183,5328
10663,1997,3,43524,48881,-5357
10663,1997,4,43514,38337,5177
10663,1997,5,43521,47837,-4316
10663,1997,6,65223,57662,7561
10663,1997,7,43527,47906,-4379
10663,1997,8,43521,40237,3284
10663,1997,9,43489,56967,-13478
10663,1997,10,43477,39237,4240
10663,1997,11,43453,52648,-9195
10663,1997,12,65176,47370,17806
10663,1998,1,43478,53237,-9759
10663,1998,2,43454,50037,-6583
10663,1998,3,43462,38337,5125
10663,1998,4,43477,40237,3240
10663,1998,5,43484,42837,647
10663,1998,6,65203,61072,4131
10663,1998,7,43493,48679,-5186
10663,1998,8,43476,43037,439
10663,1998,9,43455,50475,-7020
10663,1998,10,43442,44137,-695
10663,1998,11,43463,36314,7149
10663,1998,12,65173,54399,10774
10670,1993,11,400,0,400
10670,1993,12,69617,0,69617
10670,1994,1,52402,75900,-23498
10670,1994,2,191,12100,-11909
10670,1994,3,36794,26615,10179
10670,1994,4,48064,43115,4949
10670,1994,5,35692,35115,577
10670,1994,6,10445,51415,-40970
10670,1994,7,47080,32515,14565
10670,1994,8,27378,22715,4663
10670,1994,9,25970,28715,-2745
10670,1994,10,58548,14415,44133
10670,1994,11,117833,124215,-6382
10670,1994,12,49901,84815,-34914
10670,1995,1,107170,90115,17055
10670,1995,2,70903,52715,18188
10670,1995,3,59906,39415,20491
10670,1995,4,108414,89632,18782
10670,1995,5,56976,78915,-21939
10670,1995,6,354,31115,-30761
10670,1995,7,50614,27015,23599
10670,1995,8,73064,59692,13372
10670,1995,9,73028,41615,31413
10670,1995,10,82198,139676,-57478
10670,1995,11,36013,19632,16381
10670,1995,12,90032,52015,38017
10670,1996,1,21757,75015,-53258
10670,1996,2,74634,74295,339
10670,1996,3,296,32015,-31719
10670,1996,4,36454,6458,29996
10670,1996,5,43800,27147,16653
10670,1996,6,59625,71391,-11766
10670,1996,7,418,16015,-15597
10670,1996,8,115333,50515,64818
10670,1996,9,23542,65470,-41928
10670,1996,10,102831,49915,52916
10670,1996,11,72320,80615,-8295
10670,1996,12,21523,61015,-39492
10670,1997,1,52803,47815,4988
10670,1997,2,41185,30010,11175
10670,1997,3,27301,42915,-15614
10670,1997,4,21016,52527,-31511
10670,1997,5,63660,31715,31945
10670,1997,6,44230,32783,11447
10670,1997,7,3033,32515,-29482
10670,1997,8,22444,9773,12671
10670,1997,9,5170,31115,-25945
10670,1997,10,58235,15,58220
10670,1997,11,24885,50738,-25853
10670,1997,12,8822,24615,-15793
10670,1998,1,108429,90415,18014
10670,1998,2,48844,46515,2329
10670,1998,3,570,7815,-7245
10670,1998,4,9491,13815,-4324
10670,1998,5,17181,19315,-2134
10670,1998,6,40067,38097,1970
10670,1998,7,13484,15715,-2231
10670,1998,8,35284,24970,10314
10670,1998,9,11142,12115,-973
10670,1998,10,48808,18015,30793
10670,1998,11,51290,51191,99
10670,1998,12,88248,89619,-1371
10679,1997,5,900,0,900
10679,1997,6,74189,27100,47089
10679,1997,7,49657,35300,14357
10679,1997,8,49841,53700,-3859
10679,1997,9,49696,64300,-14604
10679,1997,10,49711,38227,11484
10679,1997,11,49769,44327,5442
10679,1997,12,74408,98407,-23999
10679,1998,1,49690,35227,14463
10679,1998,2,49744,41727,8017
10679,1998,3,49687,70227,-20540
10679,1998,4,49696,37827,11869
10679,1998,5,49744,41727,8017
10679,1998,6,74423,91727,-17304
10679,1998,7,49693,39227,10466
10679,1998,8,49726,42427,7299
10679,1998,9,49757,47954,1803
10679,1998,10,49750,49827,-77
10679,1998,11,49679,68327,-18648
10679,1998,12,74401,64612,9789
10694,1996,5,1000,0,1000
10694,1996,6,87185,0,87185
10694,1996,7,367,33000,-32633
10694,1996,8,367,16600,-16233
10694,1996,9,170277,165430,4847
10694,1996,10,206,27230,-27024
10694,1996,11,24592,13876,10716
10694,1996,12,23512,35230,-11718
10694,1997,1,25956,14230,11726
10694,1997,2,14116,24130,-10014
10694,1997,3,49482,930,48552
10694,1997,4,364,38630,-38266
10694,1997,5,196,8230,-8034
10694,1997,6,104,19130,-19026
10694,1997,7,18689,9436,9253
10694,1997,8,5198,930,4268
10694,1997,9,42364,25430,16934
10694,1997,10,167,9130,-8963
10694,1997,11,95,8830,-8735
10694,1997,12,22,11330,-11308
10694,1998,1,0,30,-30
10694,1998,2,14,30,-16
10694,1998,3,0,30,-30
10694,1998,4,6,30,-24
10694,1998,5,54955,27230,27725
10694,1998,6,42766,17430,25336
10694,1998,7,158,35930,-35772
10694,1998,8,87,12230,-12143
10694,1998,9,23,930,-907
10694,1998,10,36,1130,-1094
10694,1998,11,28,1230,-1202
10694,1998,12,63446,20500,42946
10710,1995,10,900,0,900
10710,1995,11,13700,0,13700
10710,1995,12,3300,0,3300
10710,1996,1,1800,0,1800
10710,1996,2,28955,9000,19955
10710,1996,3,165,7000,-6835
10710,1996,4,165,2000,-1835
10710,1996,5,165,2700,-2535
10710,1996,6,50061,28900,21161
10710,1996,7,21809,24600,-2791
10710,1996,8,78851,30315,48536
10710,1996,9,408,39303,-38895
10710,1996,10,32826,31115,1711
10710,1996,11,240,13015,-12775
10710,1996,12,23649,11115,12534
10710,1997,1,9498,67665,-58167
10710,1997,2,16202,13172,3030
10710,1997,3,17612,15,17597
10710,1997,4,8084,15,8069
10710,1997,5,11788,28782,-16994
10710,1997,6,13410,6915,6495
10710,1997,7,59172,16779,42393
10710,1997,8,43871,37215,6656
10710,1997,9,62815,87815,-25000
10710,1997,10,209,9215,-9006
10710,1997,11,9128,19885,-10757
10710,1997,12,4940,15407,-10467
10710,1998,1,9614,20435,-10821
10710,1998,2,13404,27,13377
10710,1998,3,61224,2023,59201
10710,1998,4,504,26515,-26011
10710,1998,5,208,18084,-17876
10710,1998,6,3103,8804,-5701
10710,1998,7,36564,19381,17183
10710,1998,8,12903,16515,-3612
10710,1998,9,1198,6648,-5450
10710,1998,10,7561,13815,-6254
10710,1998,11,32332,10815,21517
10710,1998,12,29073,15672,13401
10711,1996,7,1100,0,1100
10711,1996,8,25032,0,25032
10711,1996,9,22223,1000,21223
10711,1996,10,22291,7200,15091
10711,1996,11,22326,15600,6726
10711,1996,12,33407,20110,13297
10711,1997,1,22373,26970,-4597
10711,1997,2,22374,19970,2404
10711,1997,3,22373,24370,-1997
10711,1997,4,22380,19470,2910
10711,1997,5,22361,28370,-6009
10711,1997,6,33435,16770,16665
10711,1997,7,22420,24470,-2050
10711,1997,8,22422,22490,-68
10711,1997,9,22402,28170,-5768
10711,1997,10,22386,39070,-16684
10711,1997,11,22383,24670,-2287
10711,1997,12,33415,28070,5345
10711,1998,1,22390,23773,-1383
10711,1998,2,22386,22713,-327
10711,1998,3,22387,20473,1914
10711,1998,4,22393,25173,-2780
10711,1998,5,22379,24673,-2294
10711,1998,6,33426,28673,4753
10711,1998,7,22386,24573,-2187
10711,1998,8,22359,30073,-7714
10711,1998,9,22336,21393,943
10711,1998,10,22337,24293,-1956
10711,1998,11,22334,24473,-2139
10711,1998,12,33389,8538,24851
10728,1994,12,1000,0,1000
10728,1995,1,20258,0,20258
10728,1995,2,19431,8400,11031
10728,1995,3,19471,13100,6371
10728,1995,4,19494,15700,3794
10728,1995,5,19503,32815,-13312
10728,1995,6,29159,20529,8630
10728,1995,7,19501,33282,-13781
10728,1995,8,19439,16582,2857
10728,1995,9,19471,15389,4082
10728,1995,10,19472,17935,1537
10728,1995,11,21158,25067,-3909
10728,1995,12,29125,25382,3743
10728,1996,1,19432,32782,-13350
10728,1996,2,19445,8982,10463
10728,1996,3,19478,11582,7896
10728,1996,4,19507,15104,4403
10728,1996,5,19499,24604,-5105
10728,1996,6,29182,45004,-15822
10728,1996,7,22955,10704,12251
10728,1996,8,19486,18304,1182
10728,1996,9,19487,16504,2983
10728,1996,10,19506,13704,5802
10728,1996,11,19515,19304,211
10728,1996,12,29221,23704,5517
10728,1997,1,19482,47804,-28322
10728,1997,2,22059,7104,14955
10728,1997,3,19490,25659,-6169
10728,1997,4,19465,17188,2277
10728,1997,5,25781,17304,8477
10728,1997,6,29205,15104,14101
10728,1997,7,19557,24614,-5057
10728,1997,8,19558,12004,7554
10728,1997,9,22611,8904,13707
10728,1997,10,21287,50144,-28857
10728,1997,11,34209,46540,-12331
10728,1997,12,40874,22704,18170
10728,1998,1,26470,51083,-24613
10728,1998,2,29192,7104,22088
10728,1998,3,21330,26045,-4715
10728,1998,4,22310,26880,-4570
10728,1998,5,26539,7104,19435
10728,1998,6,29219,26984,2235
10728,1998,7,19564,20204,-640
10728,1998,8,19572,30467,-10895
10728,1998,9,19487,34598,-15111
10728,1998,10,21879,16158,5721
10728,1998,11,19509,8904,10605
10728,1998,12,29170,49084,-19914
10738,1993,4,7791,0,7791
10738,1993,5,6832,0,6832
10738,1993,6,47157,0,47157
10738,1993,7,15917,16200,-283
10738,1993,8,64260,105646,-41386
10738,1993,9,5865,11658,-5793
10738,1993,10,39864,11158,28706
10738,1993,11,140,14958,-14818
10738,1993,12,17941,15213,2728
10738,1994,1,8494,20058,-11564
10738,1994,2,7871,11958,-4087
10738,1994,3,24856,14658,10198
10738,1994,4,5290,11658,-6368
10738,1994,5,7166,10858,-3692
10738,1994,6,9254,11658,-2404
10738,1994,7,9347,10858,-1511
10738,1994,8,13887,11558,2329
10738,1994,9,8574,11058,-2484
10738,1994,10,37570,11758,25812
10738,1994,11,61373,37837,23536
10738,1994,12,83,51058,-50975
10738,1995,1,76882,18680,58202
10738,1995,2,39936,36780,3156
10738,1995,3,18953,53631,-34678
10738,1995,4,49444,17980,31464
10738,1995,5,9227,30280,-21053
10738,1995,6,15033,21780,-6747
10738,1995,7,120133,65580,54553
10738,1995,8,47717,46680,1037
10738,1995,9,118322,119480,-1158
10738,1995,10,39401,57480,-18079
10738,1995,11,209,33480,-33271
10738,1995,12,43500,21880,21620
10738,1996,1,135,43080,-42945
10738,1996,2,5577,11480,-5903
10738,1996,3,10468,11480,-1012
10738,1996,4,13498,11480,2018
10738,1996,5,17663,11480,6183
10738,1996,6,12564,11480,1084
10738,1996,7,65137,33011,32126
10738,1996,8,199,14980,-14781
10738,1996,9,48151,45480,2671
10738,1996,10,53895,34080,19815
10738,1996,11,12076,35743,-23667
10738,1996,12,7831,14180,-6349
10738,1997,1,50043,33580,16463
10738,1997,2,69667,26534,43133
10738,1997,3,49343,88896,-39553
10738,1997,4,4293,11480,-7187
10738,1997,5,12056,16280,-4224
10738,1997,6,50237,28280,21957
10738,1997,7,57678,50057,7621
10738,1997,8,155922,135619,20303
10738,1997,9,43581,30718,12863
10738,1997,10,39659,42962,-3303
10738,1997,11,359,38536,-38177
10738,1997,12,16094,29288,-13194
10738,1998,1,154263,167321,-13058
10738,1998,2,60648,33558,27090
10738,1998,3,104464,81158,23306
10738,1998,4,48766,25222,23544
10738,1998,5,66236,118129,-51893
10738,1998,6,128782,90126,38656
10738,1998,7,53825,72558,-18733
10738,1998,8,40475,10758,29717
10738,1998,9,385,28458,-28073
10738,1998,10,13260,25358,-12098
10738,1998,11,66400,67958,-1558
10738,1998,12,61291,73928,-12637
10762,1995,10,700,0,700
10762,1995,11,21830,0,21830
10762,1995,12,28465,14900,13565
10762,1996,1,19061,12700,6361
10762,1996,2,19081,16900,2181
10762,1996,3,19115,19415,-300
10762,1996,4,19096,23350,-4254
10762,1996,5,19080,21250,-2170
10762,1996,6,28529,48250,-19721
10762,1996,7,20318,7550,12768
10762,1996,8,19062,10450,8612
10762,1996,9,19088,15050,4038
10762,1996,10,19100,19062,38
10762,1996,11,19091,21062,-1971
10762,1996,12,28550,27362,1188
10762,1997,1,19050,29462,-10412
10762,1997,2,19052,16262,2790
10762,1997,3,19061,18362,699
10762,1997,4,19064,17862,1202
10762,1997,5,19074,15662,3412
10762,1997,6,28528,36862,-8334
10762,1997,7,19055,14262,4793
10762,1997,8,19062,17862,1200
10762,1997,9,19062,20462,-1400
10762,1997,10,19064,19562,-498
10762,1997,11,19049,25862,-6813
10762,1997,12,28489,32262,-3773
10762,1998,1,20132,16962,3170
10762,1998,2,19043,12862,6181
10762,1998,3,19050,19362,-312
10762,1998,4,19042,21162,-2120
10762,1998,5,19035,20462,-1427
10762,1998,6,28483,28062,421
10762,1998,7,19014,25162,-6148
10762,1998,8,19030,14462,4568
10762,1998,9,19034,15362,3672
10762,1998,10,19034,19762,-728
10762,1998,11,19054,13162,5892
10762,1998,12,28545,16547,11998
10774,1997,7,6616,0,6616
10774,1997,8,14471,0,14471
10774,1997,9,6603,0,6603
10774,1997,10,9441,0,9441
10774,1997,11,5738,11143,-5405
10774,1997,12,10103,17283,-7180
10774,1998,1,20811,10643,10168
10774,1998,2,5728,15203,-9475
10774,1998,3,14415,12843,1572
10774,1998,4,12121,10143,1978
10774,1998,5,19322,10809,8513
10774,1998,6,24103,25049,-946
10774,1998,7,15924,16689,-765
10774,1998,8,12931,10809,2122
10774,1998,9,17946,10809,7137
10774,1998,10,11357,15729,-4372
10774,1998,11,14857,10809,4048
10774,1998,12,8558,15434,-6876
10788,1993,11,800,0,800
10788,1993,12,20718,0,20718
10788,1994,1,1789,0,1789
10788,1994,2,2889,0,2889
10788,1994,3,19983,1000,18983
10788,1994,4,188,12300,-12112
10788,1994,5,188,5000,-4812
10788,1994,6,9068,6800,2268
10788,1994,7,11231,0,11231
10788,1994,8,36853,28730,8123
10788,1994,9,220,23094,-22874
10788,1994,10,5892,16444,-10552
10788,1994,11,5936,11044,-5108
10788,1994,12,8908,3844,5064
10788,1995,1,7690,16344,-8654
10788,1995,2,20680,3844,16836
10788,1995,3,38965,8844,30121
10788,1995,4,274,19544,-19270
10788,1995,5,4113,17244,-13131
10788,1995,6,7628,9644,-2016
10788,1995,7,7038,9644,-2606
10788,1995,8,10215,8644,1571
10788,1995,9,35143,10730,24413
10788,1995,10,38775,35530,3245
10788,1995,11,230,18676,-18446
10788,1995,12,21239,13030,8209
10788,1996,1,187,17830,-17643
10788,1996,2,4286,15630,-11344
10788,1996,3,0,30,-30
10788,1996,4,49,6930,-6881
10788,1996,5,0,30,-30
10788,1996,6,0,51,-51
10788,1996,7,0,40,-40
10788,1996,8,0,30,-30
10788,1996,9,0,76,-76
10788,1996,10,0,30,-30
10788,1996,11,44035,78,43957
10788,1996,12,227,21130,-20903
10788,1997,1,19178,19230,-52
10788,1997,2,408,11330,-10922
10788,1997,3,9084,15630,-6546
10788,1997,4,27631,8530,19101
10788,1997,5,46597,16030,30567
10788,1997,6,89842,69474,20368
10788,1997,7,283,40830,-40547
10788,1997,8,144,18830,-18686
10788,1997,9,24287,11230,13057
10788,1997,10,86,19930,-19844
10788,1997,11,86799,17530,69269
10788,1997,12,220,58691,-58471
10788,1998,1,78093,66030,12063
10788,1998,2,53082,13030,40052
10788,1998,3,70443,104830,-34387
10788,1998,4,50718,46830,3888
10788,1998,5,282,22230,-21948
10788,1998,6,67518,47803,19715
10788,1998,7,171,16830,-16659
10788,1998,8,156,2930,-2774
10788,1998,9,59,11430,-11371
10788,1998,10,62988,57785,5203
10788,1998,11,56090,41523,14567
10788,1998,12,41157,10500,30657
10789,1996,9,900,0,900
10789,1996,10,50047,15300,34747
10789,1996,11,84586,60515,24071
10789,1996,12,105483,119313,-13830
10789,1997,1,77216,77858,-642
10789,1997,2,173064,148758,24306
10789,1997,3,16794,29958,-13164
10789,1997,4,61324,65844,-4520
10789,1997,5,2969,34111,-31142
10789,1997,6,59290,17858,41432
10789,1997,7,62017,79858,-17841
10789,1997,8,13546,21094,-7548
10789,1997,9,92331,37877,54454
10789,1997,10,266,49433,-49167
10789,1997,11,55189,17258,37931
10789,1997,12,48360,103079,-54719
10789,1998,1,112826,73272,39554
10789,1998,2,189,32572,-32383
10789,1998,3,6128,17772,-11644
10789,1998,4,114144,32172,81972
10789,1998,5,84826,89872,-5046
10789,1998,6,81312,84172,-2860
10789,1998,7,103836,98872,4964
10789,1998,8,248,63680,-63432
10789,1998,9,28047,26472,1575
10789,1998,10,46329,17772,28557
10789,1998,11,99821,80172,19649
10789,1998,12,88136,99043,-10907
10799,1997,8,800,0,800
10799,1997,9,14338,0,14338
10799,1997,10,9291,0,9291
10799,1997,11,5015,3600,1415
10799,1997,12,7478,5000,2478
10799,1998,1,6931,6915,16
10799,1998,2,5038,3015,2023
10799,1998,3,5034,7415,-2381
10799,1998,4,5035,1715,3320
10799,1998,5,6454,515,5939
10799,1998,6,11289,16815,-5526
10799,1998,7,10968,534,10434
10799,1998,8,6398,2334,4064
10799,1998,9,6395,9434,-3039
10799,1998,10,6896,4934,1962
10799,1998,11,6516,534,5982
10799,1998,12,7594,2019,5575
10807,1996,3,600,0,600
10807,1996,4,33814,4300,29514
10807,1996,5,33891,22200,11691
10807,1996,6,50821,34400,16421
10807,1996,7,33969,36800,-2831
10807,1996,8,33963,38615,-4652
10807,1996,9,33911,54894,-20983
10807,1996,10,33893,24115,9778
10807,1996,11,33909,31815,2094
10807,1996,12,50806,46415,4391
10807,1997,1,33875,55915,-22040
10807,1997,2,33892,27115,6777
10807,1997,3,33876,32195,1681
10807,1997,4,33896,26938,6958
10807,1997,5,33848,53326,-19478
10807,1997,6,50758,43478,7280
10807,1997,7,33853,35938,-2085
10807,1997,8,33843,38838,-4995
10807,1997,9,34291,22498,11793
10807,1997,10,33951,15338,18613
10807,1997,11,33988,27669,6319
10807,1997,12,50935,27738,23197
10807,1998,1,34006,55238,-21232
10807,1998,2,34010,28038,5972
10807,1998,3,34027,28815,5212
10807,1998,4,34044,33715,329
10807,1998,5,34039,34315,-276
10807,1998,6,50973,47715,3258
10807,1998,7,34054,49115,-15061
10807,1998,8,34025,36015,-1990
10807,1998,9,34028,25715,8313
10807,1998,10,34091,31415,2676
10807,1998,11,34035,41615,-7580
10807,1998,12,50941,11800,39141
10812,1997,4,300,0,300
10812,1997,5,53782,11700,42082
10812,1997,6,50631,43024,7607
10812,1997,7,77996,27216,50780
10812,1997,8,39940,42415,-2475
10812,1997,9,31770,40115,-8345
10812,1997,10,5516,65920,-60404
10812,1997,11,36043,20515,15528
10812,1997,12,38991,19015,19976
10812,1998,1,101,44541,-44440
10812,1998,2,123677,69615,54062
10812,1998,3,7123,52775,-45652
10812,1998,4,25391,13115,12276
10812,1998,5,107,16615,-16508
10812,1998,6,23087,8446,14641
10812,1998,7,122,15546,-15424
10812,1998,8,80,10946,-10866
10812,1998,9,54,2946,-2892
10812,1998,10,8025,4846,3179
10812,1998,11,55,2946,-2891
10812,1998,12,0,2931,-2931
10857,1996,10,60943,0,60943
10857,1996,11,253,20400,-20147
10857,1996,12,251,19900,-19649
10857,1997,1,0,1200,-1200
10857,1997,2,25326,0,25326
10857,1997,3,91,23000,-22909
10857,1997,4,43692,26800,16892
10857,1997,5,26339,27115,-776
10857,1997,6,8047,43015,-34968
10857,1997,7,12,15,-3
10857,1997,8,0,15,-15
10857,1997,9,44030,25015,19015
10857,1997,10,44,18615,-18571
10857,1997,11,26946,33016,-6070
10857,1997,12,42081,27647,14434
10857,1998,1,22995,24915,-1920
10857,1998,2,51195,48494,2701
10857,1998,3,98,27015,-26917
10857,1998,4,30835,11668,19167
10857,1998,5,20441,16341,4100
10857,1998,6,9146,20575,-11429
10857,1998,7,47603,16173,31430
10857,1998,8,210,15741,-15531
10857,1998,9,61339,30175,31164
10857,1998,10,91973,91345,628
10857,1998,11,57691,102263,-44572
10857,1998,12,0,6426,-6426
10884,1995,2,700,0,700
10884,1995,3,21053,0,21053
10884,1995,4,19033,5800,13233
10884,1995,5,19076,14400,4676
10884,1995,6,28562,20900,7662
10884,1995,7,19124,16815,2309
10884,1995,8,19103,39849,-20746
10884,1995,9,19062,11949,7113
10884,1995,10,19079,16249,2830
10884,1995,11,19069,35063,-15994
10884,1995,12,29799,25100,4699
10884,1996,1,22132,27649,-5517
10884,1996,2,21038,8649,12389
10884,1996,3,19068,22903,-3835
10884,1996,4,19067,10703,8364
10884,1996,5,19064,29103,-10039
10884,1996,6,28547,13803,14744
10884,1996,7,19092,20303,-1211
10884,1996,8,19622,8903,10719
10884,1996,9,19158,11403,7755
10884,1996,10,19158,25503,-6345
10884,1996,11,19150,16403,2747
10884,1996,12,28602,28511,91
10884,1997,1,19125,35403,-16278
10884,1997,2,19213,8903,10310
10884,1997,3,19108,47300,-28192
10884,1997,4,29369,8903,20466
10884,1997,5,21432,8903,12529
10884,1997,6,28533,60916,-32383
10884,1997,7,25964,8903,17061
10884,1997,8,21220,8903,12317
10884,1997,9,19155,16703,2452
10884,1997,10,19163,22534,-3371
10884,1997,11,23461,25996,-2535
10884,1997,12,35137,24662,10475
10884,1998,1,26246,39203,-12957
10884,1998,2,29797,32234,-2437
10884,1998,3,33807,39654,-5847
10884,1998,4,37662,8903,28759
10884,1998,5,29527,22047,7480
10884,1998,6,35312,82845,-47533
10884,1998,7,49215,27803,21412
10884,1998,8,41618,8903,32715
10884,1998,9,26658,42331,-15673
10884,1998,10,31245,33268,-2023
10884,1998,11,35121,60140,-25019
10884,1998,12,58177,13988,44189
10904,1993,11,500,0,500
10904,1993,12,15055,0,15055
10904,1994,1,5173,400,4773
10904,1994,2,6393,0,6393
10904,1994,3,5219,3600,1619
10904,1994,4,5279,4815,464
10904,1994,5,5326,3915,1411
10904,1994,6,20013,42547,-22534
10904,1994,7,11468,3495,7973
10904,1994,8,5383,1455,3928
10904,1994,9,6364,15,6349
10904,1994,10,5295,5815,-520
10904,1994,11,5233,2515,2718
10904,1994,12,7857,8575,-718
10904,1995,1,5253,15615,-10362
10904,1995,2,5894,4455,1439
10904,1995,3,6507,15,6492
10904,1995,4,5281,9855,-4574
10904,1995,5,5211,3215,1996
10904,1995,6,7759,17155,-9396
10904,1995,7,5190,15,5175
10904,1995,8,5231,4315,916
10904,1995,9,5209,5715,-506
10904,1995,10,5252,3235,2017
10904,1995,11,5256,3415,1841
10904,1995,12,7817,6675,1142
10904,1996,1,5168,29602,-24434
10904,1996,2,9921,26,9895
10904,1996,3,7060,6855,205
10904,1996,4,10178,4695,5483
10904,1996,5,7432,15,7417
10904,1996,6,7816,4815,3001
10904,1996,7,5274,6815,-1541
10904,1996,8,5250,9015,-3765
10904,1996,9,5232,10175,-4943
10904,1996,10,5204,415,4789
10904,1996,11,5244,4635,609
10904,1996,12,7776,4795,2981
10904,1997,1,9365,25415,-16050
10904,1997,2,11687,855,10832
10904,1997,3,8422,9255,-833
10904,1997,4,5912,15,5897
10904,1997,5,5236,5315,-79
10904,1997,6,7803,9255,-1452
10904,1997,7,5239,2415,2824
10904,1997,8,5262,1815,3447
10904,1997,9,5269,4515,754
10904,1997,10,5292,2315,2977
10904,1997,11,5314,7015,-1701
10904,1997,12,7846,9835,-1989
10904,1998,1,5255,22015,-16760
10904,1998,2,5166,1315,3851
10904,1998,3,5206,1515,3691
10904,1998,4,5234,1915,3319
10904,1998,5,5263,1215,4048
10904,1998,6,9771,13295,-3524
10904,1998,7,5253,3215,2038
10904,1998,8,5212,11295,-6083
10904,1998,9,5194,8095,-2901
10904,1998,10,5192,8615,-3423
10904,1998,11,5155,6815,-1660
10904,1998,12,7714,2720,4994
10905,1996,11,1000,0,1000
10905,1996,12,21856,0,21856
10905,1997,1,10260,0,10260
10905,1997,2,9293,4300,4993
10905,1997,3,9315,3300,6015
10905,1997,4,9342,11536,-2194
10905,1997,5,9331,12056,-2725
10905,1997,6,13908,12476,1432
10905,1997,7,9334,7036,2298
10905,1997,8,9337,9336,1
10905,1997,9,9333,11426,-2093
10905,1997,10,9330,8426,904
10905,1997,11,9539,5826,3713
10905,1997,12,13929,12686,1243
10905,1998,1,9339,17566,-8227
10905,1998,2,16448,5826,10622
10905,1998,3,9354,13166,-3812
10905,1998,4,9351,6926,2425
10905,1998,5,9350,14786,-5436
10905,1998,6,14383,29726,-15343
10905,1998,7,23617,5826,17791
10905,1998,8,14063,5826,8237
10905,1998,9,9377,10126,-749
10905,1998,10,10985,5826,5159
10905,1998,11,9401,6026,3375
10905,1998,12,13997,10211,3786
10906,1993,11,900,0,900
10906,1993,12,55382,0,55382
10906,1994,1,234,14700,-14466
10906,1994,2,34302,7400,26902
10906,1994,3,26275,34715,-8440
10906,1994,4,105281,94998,10283
10906,1994,5,464,42381,-41917
10906,1994,6,232,1815,-1583
10906,1994,7,48372,22029,26343
10906,1994,8,57960,74715,-16755
10906,1994,9,37777,36234,1543
10906,1994,10,213,6515,-6302
10906,1994,11,9103,27014,-17911
10906,1994,12,5408,4268,1140
10906,1995,1,43340,30319,13021
10906,1995,2,38395,1215,37180
10906,1995,3,72935,65884,7051
10906,1995,4,88851,79839,9012
10906,1995,5,43722,28115,15607
10906,1995,6,63422,98115,-34693
10906,1995,7,304,35715,-35411
10906,1995,8,45231,5315,39916
10906,1995,9,9810,69765,-59955
10906,1995,10,52195,11415,40780
10906,1995,11,59918,45815,14103
10906,1995,12,8049,34805,-26756
10906,1996,1,33427,32715,712
10906,1996,2,14093,18248,-4155
10906,1996,3,115,4815,-4700
10906,1996,4,111,7015,-6904
10906,1996,5,2284,7185,-4901
10906,1996,6,11193,15315,-4122
10906,1996,7,6260,1015,5245
10906,1996,8,108,215,-107
10906,1996,9,8296,11715,-3419
10906,1996,10,58014,25515,32499
10906,1996,11,331,17715,-17384
10906,1996,12,794,14839,-14045
10906,1997,1,95984,54915,41069
10906,1997,2,44628,55485,-10857
10906,1997,3,26701,32715,-6014
10906,1997,4,43515,36715,6800
10906,1997,5,63739,49415,14324
10906,1997,6,14148,30015,-15867
10906,1997,7,87533,75315,12218
10906,1997,8,40049,19515,20534
10906,1997,9,284,26815,-26531
10906,1997,10,110882,98515,12367
10906,1997,11,49170,47815,1355
10906,1997,12,45705,50815,-5110
10906,1998,1,5894,48915,-43021
10906,1998,2,64,1315,-1251
10906,1998,3,120678,28815,91863
10906,1998,4,48943,97915,-48972
10906,1998,5,69050,30315,38735
10906,1998,6,83212,117615,-34403
10906,1998,7,375,19815,-19440
10906,1998,8,136,9415,-9279
10906,1998,9,67415,6615,60800
10906,1998,10,30568,34015,-3447
10906,1998,11,10767,42515,-31748
10906,1998,12,43720,0,43720
10911,1993,5,1000,0,1000
10911,1993,6,32835,4800,28035
10911,1993,7,22007,13600,8407
10911,1993,8,22040,18800,3240
10911,1993,9,22053,19300,2753
10911,1993,10,22078,28368,-6290
10911,1993,11,22062,21742,320
10911,1993,12,33019,30642,2377
10911,1994,1,21996,40442,-18446
10911,1994,2,22004,13242,8762
10911,1994,3,22016,24542,-2526
10911,1994,4,22023,19442,2581
10911,1994,5,22034,17642,4392
10911,1994,6,35128,46242,-11114
10911,1994,7,22007,24542,-2535
10911,1994,8,21994,15989,6005
10911,1994,9,22009,24589,-2580
10911,1994,10,22008,15689,6319
10911,1994,11,22031,17489,4542
10911,1994,12,32994,32889,105
10911,1995,1,22016,36289,-14273
10911,1995,2,21992,15589,6403
10911,1995,3,22020,15389,6631
10911,1995,4,22039,20289,1750
10911,1995,5,22046,20589,1457
10911,1995,6,32995,48989,-15994
10911,1995,7,21998,13189,8809
10911,1995,8,22001,29989,-7988
10911,1995,9,22001,12689,9312
10911,1995,10,22034,15489,6545
10911,1995,11,22048,22989,-941
10911,1995,12,33008,24689,8319
10911,1996,1,26709,49089,-22380
10911,1996,2,21998,14689,7309
10911,1996,3,22026,16289,5737
10911,1996,4,22012,32535,-10523
10911,1996,5,22015,13995,8020
10911,1996,6,32979,45615,-12636
10911,1996,7,21997,11889,10108
10911,1996,8,22022,18089,3933
10911,1996,9,22027,22289,-262
10911,1996,10,22017,25389,-3372
10911,1996,11,22004,31789,-9785
10911,1996,12,32942,30645,2297
10911,1997,1,22386,24489,-2103
10911,1997,2,26621,10989,15632
10911,1997,3,22017,36998,-14981
10911,1997,4,22712,10989,11723
10911,1997,5,22050,30778,-8728
10911,1997,6,37812,10989,26823
10911,1997,7,22056,42168,-20112
10911,1997,8,25659,18274,7385
10911,1997,9,29341,28542,799
10911,1997,10,22075,16442,5633
10911,1997,11,22181,23245,-1064
10911,1997,12,33058,16842,16216
10911,1998,1,22034,60798,-38764
10911,1998,2,31256,10142,21114
10911,1998,3,22087,15642,6445
10911,1998,4,22085,23462,-1377
10911,1998,5,22091,18542,3549
10911,1998,6,33065,30411,2654
10911,1998,7,22050,42069,-20019
10911,1998,8,33231,36656,-3425
10911,1998,9,28627,24342,4285
10911,1998,10,23263,10742,12521
10911,1998,11,24599,27438,-2839
10911,1998,12,33044,30212,2832
10915,1997,2,600,0,600
10915,1997,3,16780,0,16780
10915,1997,4,15332,8100,7232
10915,1997,5,15358,10400,4958
10915,1997,6,23008,15200,7808
10915,1997,7,15398,18020,-2622
10915,1997,8,15360,25987,-10627
10915,1997,9,15332,17387,-2055
10915,1997,10,15329,17787,-2458
10915,1997,11,15314,17387,-2073
10915,1997,12,22938,20987,1951
10915,1998,1,23529,23787,-258
10915,1998,2,20719,19881,838
10915,1998,3,15316,17387,-2071
10915,1998,4,20731,13587,7144
10915,1998,5,21349,17387,3962
10915,1998,6,22974,22428,546
10915,1998,7,15344,21128,-5784
10915,1998,8,15338,14828,510
10915,1998,9,15344,13728,1616
10915,1998,10,15340,16428,-1088
10915,1998,11,15346,13728,1618
10915,1998,12,22953,28298,-5345
10940,1993,9,300,0,300
10940,1993,10,26512,0,26512
10940,1993,11,24285,12900,11385
10940,1993,12,36405,25100,11305
10940,1994,1,24348,24800,-452
10940,1994,2,24336,32915,-8579
10940,1994,3,24310,27625,-3315
10940,1994,4,24292,28425,-4133
10940,1994,5,24286,24325,-39
10940,1994,6,36378,29825,6553
10940,1994,7,24284,33785,-9501
10940,1994,8,24268,25225,-957
10940,1994,9,24295,14625,9670
10940,1994,10,24333,16345,7988
10940,1994,11,24343,22025,2318
10940,1994,12,36450,25045,11405
10940,1995,1,24355,40965,-16610
10940,1995,2,24339,19405,4934
10940,1995,3,24360,19525,4835
10940,1995,4,24365,23125,1240
10940,1995,5,24376,21625,2751
10940,1995,6,36378,62985,-26607
10940,1995,7,25108,13025,12083
10940,1995,8,24331,19825,4506
10940,1995,9,24345,24565,-220
10940,1995,10,24341,21825,2516
10940,1995,11,24358,20125,4233
10940,1995,12,36475,21945,14530
10940,1996,1,24329,54965,-30636
10940,1996,2,24337,13025,11312
10940,1996,3,24369,27105,-2736
10940,1996,4,24367,25185,-818
10940,1996,5,24365,19905,4460
10940,1996,6,36486,29885,6601
10940,1996,7,24410,22805,1605
10940,1996,8,24416,25725,-1309
10940,1996,9,24412,21925,2487
10940,1996,10,24417,26785,-2368
10940,1996,11,24411,21925,2486
10940,1996,12,36518,35885,633
10940,1997,1,24372,43165,-18793
10940,1997,2,24346,19125,5221
10940,1997,3,24362,27632,-3270
10940,1997,4,24359,17332,7027
10940,1997,5,24382,26732,-2350
10940,1997,6,36475,35292,1183
10940,1997,7,24360,29612,-5252
10940,1997,8,24339,25332,-993
10940,1997,9,24352,22872,1480
10940,1997,10,24327,25072,-745
10940,1997,11,24338,22332,2006
10940,1997,12,36444,35572,872
10940,1998,1,24293,40412,-16119
10940,1998,2,24297,17132,7165
10940,1998,3,24317,22132,2185
10940,1998,4,24324,24732,-408
10940,1998,5,24333,19132,5201
10940,1998,6,36410,33032,3378
10940,1998,7,24364,25332,-968
10940,1998,8,24343,23332,1011
10940,1998,9,24356,23492,864
10940,1998,10,24363,24132,231
10940,1998,11,24360,25672,-1312
10940,1998,12,36461,26157,10304
10942,1994,6,49361,0,49361
10942,1994,7,46586,26100,20486
10942,1994,8,290,23900,-23610
10942,1994,9,26879,15430,11449
10942,1994,10,86188,48102,38086
10942,1994,11,79816,92802,-12986
10942,1994,12,111265,99902,11363
10942,1995,1,1632,75002,-73370
10942,1995,2,29847,14802,15045
10942,1995,3,49557,22002,27555
10942,1995,4,32995,57196,-24201
10942,1995,5,6288,24302,-18014
10942,1995,6,138040,104402,33638
10942,1995,7,171593,163854,7739
10942,1995,8,68613,52502,16111
10942,1995,9,112238,140402,-28164
10942,1995,10,78635,65817,12818
10942,1995,11,36865,45044,-8179
10942,1995,12,78009,69496,8513
10942,1996,1,97720,60149,37571
10942,1996,2,68941,117045,-48104
10942,1996,3,16107,23244,-7137
10942,1996,4,47741,53580,-5839
10942,1996,5,22339,28744,-6405
10942,1996,6,80511,42036,38475
10942,1996,7,48163,70049,-21886
10942,1996,8,15304,33344,-18040
10942,1996,9,6994,18644,-11650
10942,1996,10,77209,38244,38965
10942,1996,11,188,28444,-28256
10942,1996,12,2190,15744,-13554
10942,1997,1,42357,33344,9013
10942,1997,2,102187,52224,49963
10942,1997,3,50404,59144,-8740
10942,1997,4,203,41374,-41171
10942,1997,5,68,15744,-15676
10942,1997,6,93263,74490,18773
10942,1997,7,52284,15744,36540
10942,1997,8,86022,96444,-10422
10942,1997,9,15800,45444,-29644
10942,1997,10,134365,93219,41146
10942,1997,11,83820,103467,-19647
10942,1997,12,110792,55444,55348
10942,1998,1,83234,135044,-51810
10942,1998,2,40582,22644,17938
10942,1998,3,33498,66463,-32965
10942,1998,4,76759,34244,42515
10942,1998,5,140874,133264,7610
10942,1998,6,84403,72144,12259
10942,1998,7,115995,135544,-19549
10942,1998,8,22795,68544,-45749
10942,1998,9,93,15744,-15651
10942,1998,10,9266,15744,-6478
10942,1998,11,31359,30,31329
10942,1998,12,63519,57814,5705
10954,1996,7,300,0,300
10954,1996,8,21370,0,21370
10954,1996,9,12854,2300,10554
10954,1996,10,12894,10200,2694
10954,1996,11,12906,8300,4606
10954,1996,12,19347,15575,3772
10954,1997,1,12949,21815,-8866
10954,1997,2,12940,6215,6725
10954,1997,3,12968,9815,3153
10954,1997,4,12969,8227,4742
10954,1997,5,12986,10927,2059
10954,1997,6,19375,25887,-6512
10954,1997,7,12963,13227,-264
10954,1997,8,12959,14327,-1368
10954,1997,9,12956,11427,1529
10954,1997,10,12948,18727,-5779
10954,1997,11,12933,17827,-4894
10954,1997,12,19308,19687,-379
10954,1998,1,12877,25707,-12830
10954,1998,2,12875,4627,8248
10954,1998,3,12905,4127,8778
10954,1998,4,12930,11427,1503
10954,1998,5,12929,15427,-2498
10954,1998,6,19305,17107,2198
10954,1998,7,12928,13727,-799
10954,1998,8,12924,15527,-2603
10954,1998,9,12898,19427,-6529
10954,1998,10,12884,15727,-2843
10954,1998,11,12873,12087,786
10954,1998,12,19309,3012,16297
10963,1995,5,47575,0,47575
10963,1995,6,198,10800,-10602
10963,1995,7,76314,71415,4899
10963,1995,8,148,14115,-13967
10963,1995,9,40634,33715,6919
10963,1995,10,79660,44957,34703
10963,1995,11,5900,38804,-32904
10963,1995,12,63830,55684,8146
10963,1996,1,45743,48915,-3172
10963,1996,2,59784,37295,22489
10963,1996,3,39968,54715,-14747
10963,1996,4,162,18515,-18353
10963,1996,5,58090,16115,41975
10963,1996,6,89958,99215,-9257
10963,1996,7,33998,45515,-11517
10963,1996,8,160,21915,-21755
10963,1996,9,149853,95315,54538
10963,1996,10,8117,39617,-31500
10963,1996,11,44212,23411,20801
10963,1996,12,16046,45915,-29869
10963,1997,1,133,19832,-19699
10963,1997,2,23549,3332,20217
10963,1997,3,9391,10232,-841
10963,1997,4,155,10732,-10577
10963,1997,5,30427,3232,27195
10963,1997,6,48050,66730,-18680
10963,1997,7,74099,11232,62867
10963,1997,8,77249,85932,-8683
10963,1997,9,211,59724,-59513
10963,1997,10,1246,3232,-1986
10963,1997,11,80112,66632,13480
10963,1997,12,33415,23332,10083
10963,1998,1,21543,26132,-4589
10963,1998,2,202,8132,-7930
10963,1998,3,53848,8632,45216
10963,1998,4,49662,58066,-8404
10963,1998,5,37364,17632,19732
10963,1998,6,45833,71332,-25499
10963,1998,7,10389,11932,-1543
10963,1998,8,38723,12632,26091
10963,1998,9,95325,123832,-28507
10963,1998,10,9649,31932,-22283
10963,1998,11,46424,49910,-3486
10963,1998,12,46893,14917,31976
10973,1993,4,9311,0,9311
10973,1993,5,50907,19200,31707
10973,1993,6,56906,16230,40676
10973,1993,7,234,41007,-40773
10973,1993,8,29303,33530,-4227
10973,1993,9,35883,16574,19309
10973,1993,10,45330,18630,26700
10973,1993,11,66591,65248,1343
10973,1993,12,119107,127085,-7978
10973,1994,1,26412,71947,-45535
10973,1994,2,25582,4047,21535
10973,1994,3,89183,80047,9136
10973,1994,4,41707,20447,21260
10973,1994,5,46764,81147,-34383
10973,1994,6,10655,25847,-15192
10973,1994,7,115,8247,-8132
10973,1994,8,73416,6747,66669
10973,1994,9,98832,124847,-26015
10973,1994,10,120386,120047,339
10973,1994,11,40416,51247,-10831
10973,1994,12,25623,37747,-12124
10973,1995,1,70909,62347,8562
10973,1995,2,32477,18047,14430
10973,1995,3,53593,26247,27346
10973,1995,4,46907,48262,-1355
10973,1995,5,74613,84825,-10212
10973,1995,6,38310,35647,2663
10973,1995,7,66225,85047,-18822
10973,1995,8,79149,81447,-2298
10973,1995,9,115619,71047,44572
10973,1995,10,68538,91590,-23052
10973,1995,11,48955,41547,7408
10973,1995,12,34164,53149,-18985
10973,1996,1,46740,95705,-48965
10973,1996,2,15213,13862,1351
10973,1996,3,17550,9847,7703
10973,1996,4,107,11047,-10940
10973,1996,5,36637,28272,8365
10973,1996,6,7252,11147,-3895
10973,1996,7,35554,9247,26307
10973,1996,8,146,26847,-26701
10973,1996,9,107,3247,-3140
10973,1996,10,9615,15447,-5832
10973,1996,11,69,3247,-3178
10973,1996,12,56,3247,-3191
10973,1997,1,23941,15447,8494
10973,1997,2,117383,92533,24850
10973,1997,3,9577,29137,-19560
10973,1997,4,15780,18190,-2410
10973,1997,5,55705,43773,11932
10973,1997,6,21109,25747,-4638
10973,1997,7,42601,29347,13254
10973,1997,8,165,14247,-14082
10973,1997,9,9380,9847,-467
10973,1997,10,111552,43047,68505
10973,1997,11,101325,146130,-44805
10973,1997,12,184,22314,-22130
10973,1998,1,96,8930,-8834
10973,1998,2,83,2630,-2547
10973,1998,3,135496,48085,87411
10973,1998,4,54208,98730,-44522
10973,1998,5,48786,50030,-1244
10973,1998,6,70989,40230,30759
10973,1998,7,267,54526,-54259
10973,1998,8,231424,216430,14994
10973,1998,9,54677,40564,14113
10973,1998,10,71767,80930,-9163
10973,1998,11,33170,54946,-21776
10973,1998,12,31416,8600,22816
11013,1993,2,600,0,600
11013,1993,3,42321,7000,35321
11013,1993,4,42429,26300,16129
11013,1993,5,42477,35000,7477
11013,1993,6,63621,62300,1321
11013,1993,7,42452,61129,-18677
11013,1993,8,42427,43485,-1058
11013,1993,9,42474,18864,23610
11013,1993,10,42528,42964,-436
11013,1993,11,42526,34564,7962
11013,1993,12,63612,94054,-30442
11013,1994,1,42368,62711,-20343
11013,1994,2,42399,14964,27435
11013,1994,3,43362,34514,8848
11013,1994,4,42483,50576,-8093
11013,1994,5,42434,50893,-8459
11013,1994,6,63625,27564,36061
11013,1994,7,42480,83596,-41116
11013,1994,8,43040,23080,19960
11013,1994,9,42469,45292,-2823
11013,1994,10,42442,48140,-5698
11013,1994,11,42450,47766,-5316
11013,1994,12,63612,30164,33448
11013,1995,1,42479,66464,-23985
11013,1995,2,42458,41864,594
11013,1995,3,42485,32864,9621
11013,1995,4,42523,31064,11459
11013,1995,5,42551,38064,4487
11013,1995,6,63593,101264,-37671
11013,1995,7,42469,18764,23705
11013,1995,8,42525,33264,9261
11013,1995,9,42505,44574,-2069
11013,1995,10,42487,69666,-27179
11013,1995,11,42477,20664,21813
11013,1995,12,63703,63843,-140
11013,1996,1,42545,59064,-16519
11013,1996,2,42514,34464,8050
11013,1996,3,42573,39464,3109
11013,1996,4,42555,37864,4691
11013,1996,5,42572,41564,1008
11013,1996,6,64796,87764,-22968
11013,1996,7,42461,31764,10697
11013,1996,8,42474,42863,-389
11013,1996,9,42515,58863,-16348
11013,1996,10,42448,30955,11493
11013,1996,11,42459,43285,-826
11013,1996,12,63597,53208,10389
11013,1997,1,42445,65064,-22619
11013,1997,2,42445,24364,18081
11013,1997,3,42510,44776,-2266
11013,1997,4,42500,37664,4836
11013,1997,5,42519,47964,-5445
11013,1997,6,63663,42764,20899
11013,1997,7,42569,42764,-195
11013,1997,8,42560,46198,-3638
11013,1997,9,42537,57248,-14711
11013,1997,10,42450,63930,-21480
11013,1997,11,42427,22064,20363
11013,1997,12,63645,54164,9481
11013,1998,1,42453,62764,-20311
11013,1998,2,42450,29664,12786
11013,1998,3,42500,34364,8136
11013,1998,4,42516,43464,-948
11013,1998,5,42494,48864,-6370
11013,1998,6,63648,48264,15384
11013,1998,7,42516,69630,-27114
11013,1998,8,42439,37864,4575
11013,1998,9,42438,41008,1430
11013,1998,10,42471,32585,9886
11013,1998,11,42464,49585,-7121
11013,1998,12,63659,30155,33504
11021,1993,8,32754,0,32754
11021,1993,9,92961,28836,64125
11021,1993,10,102596,94315,8281
11021,1993,11,9159,65515,-56356
11021,1993,12,65510,81633,-16123
11021,1994,1,74262,41021,33241
11021,1994,2,50782,45215,5567
11021,1994,3,26594,50134,-23540
11021,1994,4,70053,61045,9008
11021,1994,5,55759,33916,21843
11021,1994,6,58034,106021,-47987
11021,1994,7,113449,52315,61134
11021,1994,8,329,54015,-53686
11021,1994,9,51152,11615,39537
11021,1994,10,43760,33291,10469
11021,1994,11,46115,36415,9700
11021,1994,12,582,44315,-43733
11021,1995,1,139,46815,-46676
11021,1995,2,12557,10015,2542
11021,1995,3,88783,19108,69675
11021,1995,4,27465,32056,-4591
11021,1995,5,42527,26756,15771
11021,1995,6,33495,36556,-3061
11021,1995,7,42843,76398,-33555
11021,1995,8,91078,74072,17006
11021,1995,9,540,18956,-18416
11021,1995,10,381,9656,-9275
11021,1995,11,6744,7256,-512
11021,1995,12,22108,35112,-13004
11021,1996,1,18160,21615,-3455
11021,1996,2,35087,16356,18731
11021,1996,3,18209,11056,7153
11021,1996,4,20427,16656,3771
11021,1996,5,4112,7056,-2944
11021,1996,6,17476,35289,-17813
11021,1996,7,36916,14856,22060
11021,1996,8,60571,37656,22915
11021,1996,9,36342,36756,-414
11021,1996,10,79987,89166,-9179
11021,1996,11,1212,22146,-20934
11021,1996,12,40210,21956,18254
11021,1997,1,11677,37656,-25979
11021,1997,2,18529,19656,-1127
11021,1997,3,48436,16815,31621
11021,1997,4,318,11215,-10897
11021,1997,5,3891,6715,-2824
11021,1997,6,13898,23315,-9417
11021,1997,7,14365,34215,-19850
11021,1997,8,20840,15361,5479
11021,1997,9,17050,7615,9435
11021,1997,10,60929,8715,52214
11021,1997,11,4942,37706,-32764
11021,1997,12,11921,24915,-12994
11021,1998,1,62947,71701,-8754
11021,1998,2,31302,6315,24987
11021,1998,3,59171,39515,19656
11021,1998,4,29961,19015,10946
11021,1998,5,43175,61538,-18363
11021,1998,6,159176,138671,20505
11021,1998,7,670,15415,-14745
11021,1998,8,52398,80448,-28050
11021,1998,9,19028,6615,12413
11021,1998,10,34039,13315,20724
11021,1998,11,114378,89715,24663
11021,1998,12,110843,117600,-6757
11027,1996,7,800,0,800
11027,1996,8,19444,0,19444
11027,1996,9,12120,1500,10620
11027,1996,10,12153,12300,-147
11027,1996,11,12155,9900,2255
11027,1996,12,18188,11930,6258
11027,1997,1,12168,27029,-14861
11027,1997,2,14740,5429,9311
11027,1997,3,17071,14760,2311
11027,1997,4,16269,21868,-5599
11027,1997,5,12163,10729,1434
11027,1997,6,18194,28449,-10255
11027,1997,7,18940,5829,13111
11027,1997,8,12177,7329,4848
11027,1997,9,12195,8929,3266
11027,1997,10,12175,22497,-10322
11027,1997,11,12674,5833,6841
11027,1997,12,18185,24333,-6148
11027,1998,1,12164,12033,131
11027,1998,2,12151,14871,-2720
11027,1998,3,15535,23233,-7698
11027,1998,4,17531,17130,401
11027,1998,5,12133,7033,5100
11027,1998,6,18173,10833,7340
11027,1998,7,13868,15733,-1865
11027,1998,8,12565,14722,-2157
11027,1998,9,12156,19847,-7691
11027,1998,10,19849,20119,-270
11027,1998,11,26470,18336,8134
11027,1998,12,27607,9703,17904
11042,1995,1,400,0,400
11042,1995,2,36195,7300,28895
11042,1995,3,36317,23300,13017
11042,1995,4,36369,27000,9369
11042,1995,5,36407,32600,3807
11042,1995,6,54513,79253,-24740
11042,1995,7,36356,41576,-5220
11042,1995,8,36371,23951,12420
11042,1995,9,36404,35084,1320
11042,1995,10,36393,40251,-3858
11042,1995,11,36417,29551,6866
11042,1995,12,54551,70984,-16433
11042,1996,1,39920,39983,-63
11042,1996,2,36369,26583,9786
11042,1996,3,36407,25683,10724
11042,1996,4,36399,40779,-4380
11042,1996,5,36418,45856,-9438
11042,1996,6,54531,46583,7948
11042,1996,7,36423,26883,9540
11042,1996,8,36453,31983,4470
11042,1996,9,36463,36783,-320
11042,1996,10,36466,33183,3283
11042,1996,11,36475,35383,1092
11042,1996,12,54598,58583,-3985
11042,1997,1,36411,63683,-27272
11042,1997,2,36367,23283,13084
11042,1997,3,36413,29083,7330
11042,1997,4,36441,29583,6858
11042,1997,5,36441,42283,-5842
11042,1997,6,54531,70998,-16467
11042,1997,7,36374,29583,6791
11042,1997,8,36400,30683,5717
11042,1997,9,36414,33283,3131
11042,1997,10,36424,33883,2541
11042,1997,11,36427,48152,-11725
11042,1997,12,54519,53883,636
11042,1998,1,36355,46783,-10428
11042,1998,2,36365,23683,12682
11042,1998,3,36405,29783,6622
11042,1998,4,36414,34683,1731
11042,1998,5,36438,29483,6955
11042,1998,6,54561,60583,-6022
11042,1998,7,36424,39920,-3496
11042,1998,8,36423,29183,7240
11042,1998,9,36377,55746,-19369
11042,1998,10,36356,40434,-4078
11042,1998,11,36359,26783,9576
11042,1998,12,54494,49436,5058
11053,1997,5,1100,0,1100
11053,1997,6,8900,0,8900
11053,1997,7,28186,5700,22486
11053,1997,8,82323,42115,40208
11053,1997,9,49186,85460,-36274
11053,1997,10,3017,29191,-26174
11053,1997,11,46607,18115,28492
11053,1997,12,3836,36405,-32569
11053,1998,1,60375,36015,24360
11053,1998,2,6517,9915,-3398
11053,1998,3,156121,85115,71006
11053,1998,4,194437,209415,-14978
11053,1998,5,43140,82715,-39575
11053,1998,6,69986,53331,16655
11053,1998,7,84573,50215,34358
11053,1998,8,634,47115,-46481
11053,1998,9,2715,18315,-15600
11053,1998,10,57917,21715,36202
11053,1998,11,26404,23515,2889
11053,1998,12,544,23400,-22856
11054,1996,2,15343,0,15343
11054,1996,3,19922,0,19922
11054,1996,4,15082,2000,13082
11054,1996,5,15105,22500,-7395
11054,1996,6,22523,31736,-9213
11054,1996,7,26169,36516,-10347
11054,1996,8,21975,21036,939
11054,1996,9,18992,14018,4974
11054,1996,10,25666,33147,-7481
11054,1996,11,21379,16296,5083
11054,1996,12,28640,28278,362
11054,1997,1,22082,26318,-4236
11054,1997,2,18387,14018,4369
11054,1997,3,16204,14018,2186
11054,1997,4,15011,15618,-607
11054,1997,5,21793,24177,-2384
11054,1997,6,23558,17618,5940
11054,1997,7,20720,17918,2802
11054,1997,8,20621,25092,-4471
11054,1997,9,24016,21307,2709
11054,1997,10,25824,22418,3406
11054,1997,11,19549,14018,5531
11054,1997,12,27824,24734,3090
11054,1998,1,22853,41018,-18165
11054,1998,2,24316,14018,10298
11054,1998,3,26928,30430,-3502
11054,1998,4,20333,17937,2396
11054,1998,5,20149,14018,6131
11054,1998,6,27107,44757,-17650
11054,1998,7,25110,14018,11092
11054,1998,8,19822,33380,-13558
11054,1998,9,24801,14018,10783
11054,1998,10,18835,14018,4817
11054,1998,11,22262,14018,8244
11054,1998,12,26452,17888,8564
11065,1993,3,1100,0,1100
11065,1993,4,17889,0,17889
11065,1993,5,11947,4800,7147
11065,1993,6,17902,11900,6002
11065,1993,7,11990,11000,990
11065,1993,8,12004,10015,1989
11065,1993,9,12002,13115,-1113
11065,1993,10,12005,14415,-2410
11065,1993,11,12001,10615,1386
11065,1993,12,17946,13315,4631
11065,1994,1,11984,33015,-21031
11065,1994,2,11958,2115,9843
11065,1994,3,11985,4515,7470
11065,1994,4,12008,11615,393
11065,1994,5,12007,11115,892
11065,1994,6,17934,22460,-4526
11065,1994,7,11992,12760,-768
11065,1994,8,11986,11860,126
11065,1994,9,11998,5760,6238
11065,1994,10,12005,12060,-55
11065,1994,11,12014,9260,2754
11065,1994,12,17956,15360,2596
11065,1995,1,12012,21760,-9748
11065,1995,2,12002,8060,3942
11065,1995,3,12005,11460,545
11065,1995,4,12005,13460,-1455
11065,1995,5,12007,11260,747
11065,1995,6,17935,16460,1475
11065,1995,7,11999,14960,-2961
11065,1995,8,12005,9460,2545
11065,1995,9,12023,7360,4663
11065,1995,10,12033,10160,1873
11065,1995,11,12043,9360,2683
11065,1995,12,18001,9260,8741
11065,1996,1,12030,36360,-24330
11065,1996,2,12002,6260,5742
11065,1996,3,12020,7560,4460
11065,1996,4,12037,7960,4077
11065,1996,5,12030,14560,-2530
11065,1996,6,17968,16060,1908
11065,1996,7,12022,24460,-12438
11065,1996,8,12009,14160,-2151
11065,1996,9,11997,15160,-3163
11065,1996,10,11987,7660,4327
11065,1996,11,12003,11360,643
11065,1996,12,17952,17460,492
11065,1997,1,11981,26060,-14079
11065,1997,2,11949,8160,3789
11065,1997,3,11964,11060,904
11065,1997,4,11960,12260,-300
11065,1997,5,11955,12660,-705
11065,1997,6,17883,17860,23
11065,1997,7,11961,10760,1201
11065,1997,8,11959,14860,-2901
11065,1997,9,11947,14460,-2513
11065,1997,10,11950,2160,9790
11065,1997,11,11972,17660,-5688
11065,1997,12,17889,18460,-571
11065,1998,1,11953,12960,-1007
11065,1998,2,11954,5260,6694
11065,1998,3,11966,19760,-7794
11065,1998,4,11955,1460,10495
11065,1998,5,11974,20060,-8086
11065,1998,6,17883,19060,-1177
11065,1998,7,11938,11615,323
11065,1998,8,11938,13315,-1377
11065,1998,9,11952,8515,3437
11065,1998,10,11953,15015,-3062
11065,1998,11,11950,9815,2135
11065,1998,12,17919,2100,15819
11069,1995,6,51482,0,51482
11069,1995,7,59328,13800,45528
11069,1995,8,15978,72448,-56470
11069,1995,9,56358,44593,11765
11069,1995,10,215,13415,-13200
11069,1995,11,826,10566,-9740
11069,1995,12,13958,8815,5143
11069,1996,1,44106,51815,-7709
11069,1996,2,28932,21515,7417
11069,1996,3,3713,13415,-9702
11069,1996,4,6405,2415,3990
11069,1996,5,4320,2315,2005
11069,1996,6,45837,19515,26322
11069,1996,7,227,12415,-12188
11069,1996,8,179,7515,-7336
11069,1996,9,2237,13786,-11549
11069,1996,10,24554,12615,11939
11069,1996,11,154,2715,-2561
11069,1996,12,40736,22515,18221
11069,1997,1,4362,28815,-24453
11069,1997,2,18913,2115,16798
11069,1997,3,1358,12495,-11137
11069,1997,4,5232,9997,-4765
11069,1997,5,4526,2497,2029
11069,1997,6,11876,5197,6679
11069,1997,7,47073,31597,15476
11069,1997,8,28890,22697,6193
11069,1997,9,215,14597,-14382
11069,1997,10,185,2597,-2412
11069,1997,11,4464,8797,-4333
11069,1997,12,23414,15297,8117
11069,1998,1,38180,51237,-13057
11069,1998,2,85647,18497,67150
11069,1998,3,40697,75997,-35300
11069,1998,4,129219,93398,35821
11069,1998,5,351,34848,-34497
11069,1998,6,124848,88697,36151
11069,1998,7,18248,59197,-40949
11069,1998,8,67380,39542,27838
11069,1998,9,24621,45468,-20847
11069,1998,10,50422,31997,18425
11069,1998,11,303,32497,-32194
11069,1998,12,71769,10282,61487
11079,1995,11,49586,0,49586
11079,1995,12,74056,29200,44856
11079,1996,1,49590,75700,-26110
11079,1996,2,49579,18800,30779
11079,1996,3,49470,87015,-37545
11079,1996,4,49426,60484,-11058
11079,1996,5,51194,47832,3362
11079,1996,6,75429,96964,-21535
11079,1996,7,49607,6415,43192
11079,1996,8,49368,90195,-40827
11079,1996,9,54224,6915,47309
11079,1996,10,49559,25815,23744
11079,1996,11,49552,66115,-16563
11079,1996,12,74020,100739,-26719
11079,1997,1,49356,70515,-21159
11079,1997,2,51944,9015,42929
11079,1997,3,49521,41569,7952
11079,1997,4,49381,97015,-47634
11079,1997,5,49448,9007,40441
11079,1997,6,74031,82607,-8576
11079,1997,7,49546,21107,28439
11079,1997,8,49556,76407,-26851
11079,1997,9,49487,74007,-24520
11079,1997,10,49474,41158,8316
11079,1997,11,49504,38507,10997
11079,1997,12,76361,101294,-24933
11079,1998,1,49860,49607,253
11079,1998,2,49445,23307,26138
11079,1998,3,49444,63007,-13563
11079,1998,4,49496,32107,17389
11079,1998,5,49518,75200,-25682
11079,1998,6,80196,85715,-5519
11079,1998,7,49451,19515,29936
11079,1998,8,49481,52815,-3334
11079,1998,9,49519,35715,13804
11079,1998,10,49576,55015,-5439
11079,1998,11,49488,61715,-12227
11079,1998,12,74083,41971,32112
11096,1996,12,800,0,800
11096,1997,1,24423,0,24423
11096,1997,2,24384,13400,10984
11096,1997,3,24398,23500,898
11096,1997,4,24419,17800,6619
11096,1997,5,24401,37576,-13175
11096,1997,6,36501,43271,-6770
11096,1997,7,24336,28831,-4495
11096,1997,8,24343,21231,3112
11096,1997,9,24345,24931,-586
11096,1997,10,24347,23731,616
11096,1997,11,24357,26871,-2514
11096,1997,12,36488,29671,6817
11096,1998,1,24385,35351,-10966
11096,1998,2,26078,10231,15847
11096,1998,3,24393,26831,-2438
11096,1998,4,24416,13431,10985
11096,1998,5,24443,18731,5712
11096,1998,6,36490,64911,-28421
11096,1998,7,27891,13711,14180
11096,1998,8,24399,20791,3608
11096,1998,9,24431,16331,8100
11096,1998,10,24448,28071,-3623
11096,1998,11,24446,23031,1415
11096,1998,12,36635,12776,23859
11111,1993,5,38000,0,38000
11111,1993,6,70866,23100,47766
11111,1993,7,136498,138615,-2117
11111,1993,8,251,41851,-41600
11111,1993,9,8121,22551,-14430
11111,1993,10,128757,74551,54206
11111,1993,11,272,34251,-33979
11111,1993,12,161,21851,-21690
11111,1994,1,4101,8251,-4150
11111,1994,2,4883,7756,-2873
11111,1994,3,8778,7756,1022
11111,1994,4,26825,7756,19069
11111,1994,5,137,9556,-9419
11111,1994,6,103,7956,-7853
11111,1994,7,7990,7756,234
11111,1994,8,29097,7756,21341
11111,1994,9,72950,94256,-21306
11111,1994,10,7700,7756,-56
11111,1994,11,6288,7756,-1468
11111,1994,12,6082,7756,-1674
11111,1995,1,58612,43956,14656
11111,1995,2,125529,70056,55473
11111,1995,3,161042,140756,20286
11111,1995,4,61203,75856,-14653
11111,1995,5,65790,95231,-29441
11111,1995,6,92434,75161,17273
11111,1995,7,23496,46256,-22760
11111,1995,8,73062,41356,31706
11111,1995,9,43267,82356,-39089
11111,1995,10,35807,37456,-1649
11111,1995,11,159,19056,-18897
11111,1995,12,88894,21956,66938
11111,1996,1,270,60432,-60162
11111,1996,2,124,13656,-13532
11111,1996,3,1286,7756,-6470
11111,1996,4,5370,7756,-2386
11111,1996,5,10475,7756,2719
11111,1996,6,5973,7756,-1783
11111,1996,7,10779,7756,3023
11111,1996,8,7382,7756,-374
11111,1996,9,11492,7756,3736
11111,1996,10,14599,7756,6843
11111,1996,11,9498,10593,-1095
11111,1996,12,12096,10156,1940
11111,1997,1,79194,28701,50493
11111,1997,2,72256,96218,-23962
11111,1997,3,217,14051,-13834
11111,1997,4,1558,8251,-6693
11111,1997,5,81102,64651,16451
11111,1997,6,69952,66051,3901
11111,1997,7,39704,33951,5753
11111,1997,8,118702,120651,-1949
11111,1997,9,75740,42651,33089
11111,1997,10,93618,134872,-41254
11111,1997,11,15154,11160,3994
11111,1997,12,43532,48562,-5030
11111,1998,1,284,13451,-13167
11111,1998,2,48867,26051,22816
11111,1998,3,90819,84551,6268
11111,1998,4,76383,61865,14518
11111,1998,5,84225,89356,-5131
11111,1998,6,51341,32352,18989
11111,1998,7,365,25051,-24686
11111,1998,8,73671,58400,15271
11111,1998,9,30243,32851,-2608
11111,1998,10,135842,127951,7891
11111,1998,11,17924,35151,-17227
11111,1998,12,53452,19536,33916
11123,1996,7,700,0,700
11123,1996,8,11100,0,11100
11123,1996,9,45772,700,45072
11123,1996,10,236,17900,-17664
11123,1996,11,48038,6400,41638
11123,1996,12,45135,29000,16135
11123,1997,1,36579,61073,-24494
11123,1997,2,8555,23515,-14960
11123,1997,3,428,28125,-27697
11123,1997,4,24655,37517,-12862
11123,1997,5,136,2915,-2779
11123,1997,6,37361,34606,2755
11123,1997,7,100,10906,-10806
11123,1997,8,2924,15,2909
11123,1997,9,34263,3228,31035
11123,1997,10,54509,40158,14351
11123,1997,11,177,47148,-46971
11123,1997,12,37383,5815,31568
11123,1998,1,88,38921,-38833
11123,1998,2,26945,27,26918
11123,1998,3,36071,25015,11056
11123,1998,4,36776,62695,-25919
11123,1998,5,20828,27060,-6232
11123,1998,6,6319,15,6304
11123,1998,7,3770,7695,-3925
11123,1998,8,34,4784,-4750
11123,1998,9,2110,15,2095
11123,1998,10,18,1715,-1697
11123,1998,11,22,1115,-1093
11123,1998,12,0,4500,-4500
11135,1993,10,500,0,500
11135,1993,11,21536,0,21536
11135,1993,12,23341,8600,14741
11135,1994,1,15631,12600,3031
11135,1994,2,15653,9800,5853
11135,1994,3,15631,25388,-9757
11135,1994,4,15605,23352,-7747
11135,1994,5,15597,13852,1745
11135,1994,6,23374,9652,13722
11135,1994,7,15650,16152,-502
11135,1994,8,15639,19372,-3733
11135,1994,9,15644,12652,2992
11135,1994,10,15648,15152,496
11135,1994,11,15649,14852,797
11135,1994,12,23400,18752,4648
11135,1995,1,15601,42912,-27311
11135,1995,2,20297,8352,11945
11135,1995,3,15626,9552,6074
11135,1995,4,15640,12752,2888
11135,1995,5,15643,15252,391
11135,1995,6,23379,20792,2587
11135,1995,7,15638,21432,-5794
11135,1995,8,15633,20952,-5319
11135,1995,9,15633,17572,-1939
11135,1995,10,15626,13452,2174
11135,1995,11,15633,19052,-3419
11135,1995,12,23373,19472,3901
11135,1996,1,17270,28152,-10882
11135,1996,2,15591,11952,3639
11135,1996,3,15604,14652,952
11135,1996,4,15608,14052,1556
11135,1996,5,15613,15652,-39
11135,1996,6,23369,19552,3817
11135,1996,7,15627,16352,-725
11135,1996,8,15621,18552,-2931
11135,1996,9,15611,15152,459
11135,1996,10,15617,10952,4665
11135,1996,11,15633,13952,1681
11135,1996,12,23388,22832,556
11135,1997,1,16604,24272,-7668
11135,1997,2,18119,8352,9767
11135,1997,3,15654,13979,1675
11135,1997,4,16045,23879,-7834
11135,1997,5,15618,13359,2259
11135,1997,6,23385,16539,6846
11135,1997,7,15656,17379,-1723
11135,1997,8,15655,10979,4676
11135,1997,9,15669,14719,950
11135,1997,10,15673,15479,194
11135,1997,11,15667,17979,-2312
11135,1997,12,23423,19159,4264
11135,1998,1,15653,33579,-17926
11135,1998,2,21327,10419,10908
11135,1998,3,15662,10199,5463
11135,1998,4,15662,17059,-1397
11135,1998,5,15671,13179,2492
11135,1998,6,23392,33939,-10547
11135,1998,7,15647,8679,6968
11135,1998,8,15672,10639,5033
11135,1998,9,15672,17679,-2007
11135,1998,10,15671,12679,2992
11135,1998,11,15688,14479,1209
11135,1998,12,23440,21284,2156
11138,1995,8,24380,0,24380
11138,1995,9,51801,6100,45701
11138,1995,10,291,25800,-25509
11138,1995,11,53580,22230,31350
11138,1995,12,85486,71330,14156
11138,1996,1,10345,68430,-58085
11138,1996,2,153809,98075,55734
11138,1996,3,83493,76497,6996
11138,1996,4,140651,151175,-10524
11138,1996,5,36750,43575,-6825
11138,1996,6,42138,30575,11563
11138,1996,7,91358,96075,-4717
11138,1996,8,274,44775,-44501
11138,1996,9,144602,83375,61227
11138,1996,10,152813,170775,-17962
11138,1996,11,231,54375,-54144
11138,1996,12,80741,46962,33779
11138,1997,1,49174,42075,7099
11138,1997,2,59694,35375,24319
11138,1997,3,33829,40475,-6646
11138,1997,4,37041,66191,-29150
11138,1997,5,41322,39975,1347
11138,1997,6,20234,42975,-22741
11138,1997,7,25689,9575,16114
11138,1997,8,163054,154675,8379
11138,1997,9,132567,88275,44292
11138,1997,10,141669,165575,-23906
11138,1997,11,236,46279,-46043
11138,1997,12,95592,90379,5213
11138,1998,1,67377,64075,3302
11138,1998,2,180513,153030,27483
11138,1998,3,47908,49265,-1357
11138,1998,4,60725,32630,28095
11138,1998,5,107775,89119,18656
11138,1998,6,394,54830,-54436
11138,1998,7,95964,57730,38234
11138,1998,8,78797,73514,5283
11138,1998,9,50136,57830,-7694
11138,1998,10,35069,86388,-51319
11138,1998,11,11390,17930,-6540
11138,1998,12,24911,9500,15411
11141,1997,2,200,0,200
11141,1997,3,26112,900,25212
11141,1997,4,15600,0,15600
11141,1997,5,82219,26500,55719
11141,1997,6,62087,137107,-75020
11141,1997,7,12503,7530,4973
11141,1997,8,47461,21330,26131
11141,1997,9,52854,24784,28070
11141,1997,10,32978,28279,4699
11141,1997,11,32739,33292,-553
11141,1997,12,18649,69074,-50425
11141,1998,1,82494,65963,16531
11141,1998,2,42088,3775,38313
11141,1998,3,310,23375,-23065
11141,1998,4,97348,112175,-14827
11141,1998,5,5556,20875,-15319
11141,1998,6,19590,10675,8915
11141,1998,7,71146,45153,25993
11141,1998,8,266,11375,-11109
11141,1998,9,185,23675,-23490
11141,1998,10,17964,4530,13434
11141,1998,11,47801,3430,44371
11141,1998,12,126436,127831,-1395
11186,1994,11,900,0,900
11186,1994,12,58913,19600,39313
11186,1995,1,39429,27000,12429
11186,1995,2,39470,35300,4170
11186,1995,3,39491,32300,7191
11186,1995,4,39557,43725,-4168
11186,1995,5,39533,42325,-2792
11186,1995,6,59139,82764,-23625
11186,1995,7,39427,33585,5842
11186,1995,8,39464,30925,8539
11186,1995,9,39480,37425,2055
11186,1995,10,39491,41325,-1834
11186,1995,11,39487,35825,3662
11186,1995,12,59081,75425,-16344
11186,1996,1,39595,43225,-3630
11186,1996,2,39429,27225,12204
11186,1996,3,39445,50982,-11537
11186,1996,4,39433,31205,8228
11186,1996,5,39448,35501,3947
11186,1996,6,59113,45645,13468
11186,1996,7,39492,57507,-18015
11186,1996,8,39445,34146,5299
11186,1996,9,39463,31525,7938
11186,1996,10,39480,37866,1614
11186,1996,11,39485,42966,-3481
11186,1996,12,59122,50666,8456
11186,1997,1,39468,57266,-17798
11186,1997,2,39449,30966,8483
11186,1997,3,39480,34266,5214
11186,1997,4,39500,31666,7834
11186,1997,5,39571,36266,3305
11186,1997,6,59130,70266,-11136
11186,1997,7,39491,33766,5725
11186,1997,8,39491,42866,-3375
11186,1997,9,39455,51166,-11711
11186,1997,10,39439,40666,-1227
11186,1997,11,43718,16366,27352
11186,1997,12,59196,54166,5030
11186,1998,1,39520,73866,-34346
11186,1998,2,45902,21766,24136
11186,1998,3,39591,18266,21325
11186,1998,4,39517,75766,-36249
11186,1998,5,50941,25666,25275
11186,1998,6,62670,73166,-10496
11186,1998,7,40799,16366,24433
11186,1998,8,39512,81166,-41654
11186,1998,9,53465,16366,37099
11186,1998,10,39654,22666,16988
11186,1998,11,39623,54966,-15343
11186,1998,12,59228,63151,-3923
11231,1997,2,45665,0,45665
11231,1997,3,44932,9800,35132
11231,1997,4,45032,25800,19232
11231,1997,5,44937,87800,-42863
11231,1997,6,67252,62110,5142
11231,1997,7,44894,52630,-7736
11231,1997,8,44903,32327,12576
11231,1997,9,44877,69036,-24159
11231,1997,10,44895,25527,19368
11231,1997,11,44871,49533,-4662
11231,1997,12,67259,59161,8098
11231,1998,1,50662,92902,-42240
11231,1998,2,44815,17468,27347
11231,1998,3,44852,48114,-3262
11231,1998,4,44792,69133,-24341
11231,1998,5,44816,32468,12348
11231,1998,6,67271,50368,16903
11231,1998,7,44962,50683,-5721
11231,1998,8,44818,61076,-16258
11231,1998,9,44825,54709,-9884
11231,1998,10,44794,40768,4026
11231,1998,11,44810,40327,4483
11231,1998,12,67213,26012,41201
11244,1997,1,200,0,200
11244,1997,2,31521,5800,25721
11244,1997,3,32987,17500,15487
11244,1997,4,10766,9915,851
11244,1997,5,56053,26169,29884
11244,1997,6,96123,92782,3341
11244,1997,7,76938,109626,-32688
11244,1997,8,111,27369,-27258
11244,1997,9,116930,102267,14663
11244,1997,10,78144,31269,46875
11244,1997,11,89613,80943,8670
11244,1997,12,76044,58860,17184
11244,1998,1,28591,106560,-77969
11244,1998,2,52,22060,-22008
11244,1998,3,36880,30360,6520
11244,1998,4,13611,6506,7105
11244,1998,5,71911,18660,53251
11244,1998,6,57537,82937,-25400
11244,1998,7,28706,31560,-2854
11244,1998,8,19478,27060,-7582
11244,1998,9,40783,28293,12490
11244,1998,10,7177,31260,-24083
11244,1998,11,63,11406,-11343
11244,1998,12,46125,38145,7980
11265,1993,1,1000,0,1000
11265,1993,2,17462,0,17462
11265,1993,3,7710,800,6910
11265,1993,4,7730,4800,2930
11265,1993,5,7740,6000,1740
11265,1993,6,15222,26048,-10826
11265,1993,7,11003,11948,-945
11265,1993,8,12999,12948,51
11265,1993,9,9600,11028,-1428
11265,1993,10,11100,7527,3573
11265,1993,11,7699,9827,-2128
11265,1993,12,11515,9727,1788
11265,1994,1,13002,13927,-925
11265,1994,2,7697,8927,-1230
11265,1994,3,7694,7927,-233
11265,1994,4,7894,9807,-1913
11265,1994,5,7683,8427,-744
11265,1994,6,11501,8927,2574
11265,1994,7,8497,9447,-950
11265,1994,8,7676,12387,-4711
11265,1994,9,10182,7527,2655
11265,1994,10,7681,9128,-1447
11265,1994,11,9192,6428,2764
11265,1994,12,11491,12548,-1057
11265,1995,1,12901,8328,4573
11265,1995,2,7804,9488,-1684
11265,1995,3,7692,9828,-2136
11265,1995,4,10398,8128,2270
11265,1995,5,9102,7628,1474
11265,1995,6,13735,6728,7007
11265,1995,7,7726,8728,-1002
11265,1995,8,7834,7628,206
11265,1995,9,7719,12448,-4729
11265,1995,10,8215,6628,1587
11265,1995,11,7713,11948,-4235
11265,1995,12,11513,12708,-1195
11265,1996,1,7685,9348,-1663
11265,1996,2,9578,8948,630
11265,1996,3,7688,11228,-3540
11265,1996,4,11267,9408,1859
11265,1996,5,9282,7228,2054
11265,1996,6,11509,12228,-719
11265,1996,7,10587,7928,2659
11265,1996,8,7687,11568,-3881
11265,1996,9,9486,6528,2958
11265,1996,10,7694,6628,1066
11265,1996,11,8494,7728,766
11265,1996,12,11508,14648,-3140
11265,1997,1,7690,7228,462
11265,1997,2,7689,6828,861
11265,1997,3,7692,7928,-236
11265,1997,4,7700,7628,72
11265,1997,5,7693,6828,865
11265,1997,6,11515,7728,3787
11265,1997,7,7711,8228,-517
11265,1997,8,7710,6428,1282
11265,1997,9,7710,7528,182
11265,1997,10,7710,9388,-1678
11265,1997,11,7704,7228,476
11265,1997,12,11526,9968,1558
11265,1998,1,7717,6828,889
11265,1998,2,7720,6728,992
11265,1998,3,7720,8428,-708
11265,1998,4,7722,8128,-406
11265,1998,5,7715,7628,87
11265,1998,6,11540,8568,2972
11265,1998,7,7728,7428,300
11265,1998,8,7733,6928,805
11265,1998,9,7738,7628,110
11265,1998,10,7733,8328,-595
11265,1998,11,7717,10688,-2971
11265,1998,12,11536,8853,2683
11271,1995,9,200,0,200
11271,1995,10,20455,0,20455
11271,1995,11,11318,5300,6018
11271,1995,12,16954,10900,6054
11271,1996,1,11358,11500,-142
11271,1996,2,11351,20703,-9352
11271,1996,3,11320,15403,-4083
11271,1996,4,12211,11003,1208
11271,1996,5,11314,12003,-689
11271,1996,6,16935,14803,2132
11271,1996,7,11314,13903,-2589
11271,1996,8,11310,12303,-993
11271,1996,9,14414,10603,3811
11271,1996,10,13322,14203,-881
11271,1996,11,14827,10703,4124
11271,1996,12,16949,18103,-1154
11271,1997,1,12512,16803,-4291
11271,1997,2,11312,12273,-961
11271,1997,3,11307,12173,-866
11271,1997,4,11307,10773,534
11271,1997,5,14803,16930,-2127
11271,1997,6,25309,23773,1536
11271,1997,7,14516,10573,3943
11271,1997,8,11310,14973,-3663
11271,1997,9,11299,13573,-2274
11271,1997,10,11296,11273,23
11271,1997,11,11297,11273,24
11271,1997,12,17630,12073,5557
11271,1998,1,11920,12073,-153
11271,1998,2,11295,19373,-8078
11271,1998,3,11286,11073,213
11271,1998,4,11280,13073,-1793
11271,1998,5,11266,14773,-3507
11271,1998,6,16880,15473,1407
11271,1998,7,11372,10573,799
11271,1998,8,14888,10573,4315
11271,1998,9,16286,17595,-1309
11271,1998,10,12492,10573,1919
11271,1998,11,17217,10573,6644
11271,1998,12,16924,19258,-2334
11295,1993,1,1100,0,1100
11295,1993,2,22106,0,22106
11295,1993,3,18491,10700,7791
11295,1993,4,18534,10700,7834
11295,1993,5,18568,15600,2968
11295,1993,6,29837,49315,-19478
11295,1993,7,18493,14735,3758
11295,1993,8,18554,21415,-2861
11295,1993,9,18577,12315,6262
11295,1993,10,18570,17715,855
11295,1993,11,18584,15515,3069
11295,1993,12,27844,25215,2629
11295,1994,1,18588,34995,-16407
11295,1994,2,18540,10315,8225
11295,1994,3,18603,15515,3088
11295,1994,4,18630,15335,3295
11295,1994,5,18596,22575,-3979
11295,1994,6,27756,33675,-5919
11295,1994,7,18603,10315,8288
11295,1994,8,18625,15615,3010
11295,1994,9,18685,17015,1670
11295,1994,10,18663,18515,148
11295,1994,11,18655,19215,-560
11295,1994,12,27818,26335,1483
11295,1995,1,18615,27715,-9100
11295,1995,2,18569,15215,3354
11295,1995,3,18621,19255,-634
11295,1995,4,18625,22575,-3950
11295,1995,5,18625,10115,8510
11295,1995,6,27726,55815,-28089
11295,1995,7,26374,11659,14715
11295,1995,8,18537,14515,4022
11295,1995,9,18543,14215,4328
11295,1995,10,18591,14215,4376
11295,1995,11,19966,13215,6751
11295,1995,12,27968,9595,18373
11295,1996,1,18759,32935,-14176
11295,1996,2,20369,9015,11354
11295,1996,3,18841,10715,8126
11295,1996,4,18821,21675,-2854
11295,1996,5,18782,20835,-2053
11295,1996,6,27838,66315,-38477
11295,1996,7,30675,2315,28360
11295,1996,8,18747,11975,6772
11295,1996,9,18797,9915,8882
11295,1996,10,18849,15015,3834
11295,1996,11,18846,22915,-4069
11295,1996,12,28035,28595,-560
11295,1997,1,24766,32875,-8109
11295,1997,2,18713,15615,3098
11295,1997,3,22333,18935,3398
11295,1997,4,18866,13855,5011
11295,1997,5,18919,13615,5304
11295,1997,6,37224,46235,-9011
11295,1997,7,18830,8915,9915
11295,1997,8,18933,15115,3818
11295,1997,9,18908,18115,793
11295,1997,10,18907,25915,-7008
11295,1997,11,18934,18875,59
11295,1997,12,28040,15275,12765
11295,1998,1,21275,39535,-18260
11295,1998,2,20397,10435,9962
11295,1998,3,18957,14015,4942
11295,1998,4,18985,16035,2950
11295,1998,5,18969,19815,-846
11295,1998,6,28063,27515,548
11295,1998,7,18880,18015,865
11295,1998,8,18961,14915,4046
11295,1998,9,19039,14415,4624
11295,1998,10,19051,23595,-4544
11295,1998,11,19015,22735,-3720
11295,1998,12,28209,11240,16969
11317,1997,7,35581,0,35581
11317,1997,8,13325,12200,1125
11317,1997,9,110583,82615,27968
11317,1997,10,60994,31148,29846
11317,1997,11,38756,43948,-5192
11317,1997,12,126804,156235,-29431
11317,1998,1,11777,49148,-37371
11317,1998,2,7182,12148,-4966
11317,1998,3,41720,36271,5449
11317,1998,4,85942,28148,57794
11317,1998,5,23505,30248,-6743
11317,1998,6,174261,168848,5413
11317,1998,7,85949,88293,-2344
11317,1998,8,27687,44348,-16661
11317,1998,9,38237,37448,789
11317,1998,10,157916,164774,-6858
11317,1998,11,38962,16648,22314
11317,1998,12,50110,36324,13786
11320,1993,5,600,0,600
11320,1993,6,27260,0,27260
11320,1993,7,17431,9300,8131
11320,1993,8,17467,14700,2767
11320,1993,9,17478,16700,778
11320,1993,10,17495,15115,2380
11320,1993,11,17617,20975,-3358
11320,1993,12,26297,22855,3442
11320,1994,1,17515,24595,-7080
11320,1994,2,17483,12895,4588
11320,1994,3,17493,15415,2078
11320,1994,4,17502,16515,987
11320,1994,5,17504,19215,-1711
11320,1994,6,26158,37355,-11197
11320,1994,7,17466,10815,6651
11320,1994,8,17579,15515,2064
11320,1994,9,17582,17915,-333
11320,1994,10,17500,16315,1185
11320,1994,11,17523,14115,3408
11320,1994,12,26324,25415,909
11320,1995,1,17595,30455,-12860
11320,1995,2,17487,10515,6972
11320,1995,3,17617,18195,-578
11320,1995,4,17568,16715,853
11320,1995,5,17513,15115,2398
11320,1995,6,26256,21015,5241
11320,1995,7,17609,23515,-5906
11320,1995,8,17561,22735,-5174
11320,1995,9,17502,14915,2587
11320,1995,10,17547,20035,-2488
11320,1995,11,17488,17415,73
11320,1995,12,26137,25435,702
11320,1996,1,17473,28635,-11162
11320,1996,2,17441,14015,3426
11320,1996,3,17447,17315,132
11320,1996,4,17473,18715,-1242
11320,1996,5,17477,15915,1562
11320,1996,6,26066,39195,-13129
11320,1996,7,17383,13515,3868
11320,1996,8,17410,15815,1595
11320,1996,9,17454,17415,39
11320,1996,10,17514,11915,5599
11320,1996,11,17519,7915,9604
11320,1996,12,26225,14515,11710
11320,1997,1,17516,30915,-13399
11320,1997,2,17529,16215,1314
11320,1997,3,17499,22475,-4976
11320,1997,4,17488,20055,-2567
11320,1997,5,17450,16715,735
11320,1997,6,26112,41135,-15023
11320,1997,7,17437,3815,13622
11320,1997,8,17523,7715,9808
11320,1997,9,17526,18715,-1189
11320,1997,10,17511,19055,-1544
11320,1997,11,17509,14015,3494
11320,1997,12,26215,36795,-10580
11320,1998,1,17455,27295,-9840
11320,1998,2,17399,5415,11984
11320,1998,3,17497,31715,-14218
11320,1998,4,17349,14615,2734
11320,1998,5,17459,19915,-2456
11320,1998,6,25952,41647,-15695
11320,1998,7,17279,12669,4610
11320,1998,8,17285,9737,7548
11320,1998,9,17403,19035,-1632
11320,1998,10,17315,21323,-4008
11320,1998,11,17283,14023,3260
11320,1998,12,25918,0,25918
11325,1996,10,500,0,500
11325,1996,11,29341,1000,28341
11325,1996,12,54888,29900,24988
11325,1997,1,10039,16900,-6861
11325,1997,2,194,13000,-12806
11325,1997,3,195,5800,-5605
11325,1997,4,42546,51075,-8529
11325,1997,5,70164,18515,51649
11325,1997,6,304,34525,-34221
11325,1997,7,226,7015,-6789
11325,1997,8,62554,3915,58639
11325,1997,9,22243,62315,-40072
11325,1997,10,111604,99620,11984
11325,1997,11,262,28015,-27753
11325,1997,12,83555,39415,44140
11325,1998,1,304,53015,-52711
11325,1998,2,115,11515,-11400
11325,1998,3,60,3815,-3755
11325,1998,4,45,2615,-2570
11325,1998,5,16,3515,-3499
11325,1998,6,4,3543,-3539
11325,1998,7,0,57,-57
11325,1998,8,0,15,-15
11325,1998,9,0,99,-99
11325,1998,10,0,15,-15
11325,1998,11,0,37,-37
11327,1997,10,300,0,300
11327,1997,11,20657,0,20657
11327,1997,12,30598,10300,20298
11327,1998,1,20495,14400,6095
11327,1998,2,20537,6700,13837
11327,1998,3,20559,21715,-1156
11327,1998,4,20555,20108,447
11327,1998,5,20592,20708,-116
11327,1998,6,30725,35808,-5083
11327,1998,7,20557,12608,7949
11327,1998,8,20580,16308,4272
11327,1998,9,20561,25708,-5147
11327,1998,10,20573,16640,3933
11327,1998,11,20571,21140,-569
11327,1998,12,30756,19125,11631
11328,1996,11,1000,0,1000
11328,1996,12,73938,0,73938
11328,1997,1,312,28400,-28088
11328,1997,2,312,11000,-10688
11328,1997,3,13194,6600,6594
11328,1997,4,46407,13415,32992
11328,1997,5,16322,50015,-33693
11328,1997,6,134,17315,-17181
11328,1997,7,1095,4315,-3220
11328,1997,8,29733,18015,11718
11328,1997,9,18951,10815,8136
11328,1997,10,3579,29715,-26136
11328,1997,11,6764,4615,2149
11328,1997,12,44283,20215,24068
11328,1998,1,13638,29537,-15899
11328,1998,2,91531,76015,15516
11328,1998,3,8782,25590,-16808
11328,1998,4,44972,21315,23657
11328,1998,5,20946,22784,-1838
11328,1998,6,189,17646,-17457
11328,1998,7,59548,32998,26550
11328,1998,8,224,9089,-8865
11328,1998,9,89979,91792,-1813
11328,1998,10,57321,29609,27712
11328,1998,11,21984,26989,-5005
11328,1998,12,30066,33826,-3760
11333,1994,5,500,0,500
11333,1994,6,64148,18400,45748
11333,1994,7,71948,27100,44848
11333,1994,8,67040,94215,-27175
11333,1994,9,76300,87183,-10883
11333,1994,10,16509,28353,-11844
11333,1994,11,28638,41379,-12741
11333,1994,12,48283,24815,23468
11333,1995,1,324,48615,-48291
11333,1995,2,10220,15,10205
11333,1995,3,9474,7573,1901
11333,1995,4,13391,15,13376
11333,1995,5,2994,15477,-12483
11333,1995,6,2606,20444,-17838
11333,1995,7,10901,42,10859
11333,1995,8,12043,21375,-9332
11333,1995,9,13300,14143,-843
11333,1995,10,10401,57,10344
11333,1995,11,5637,15,5622
11333,1995,12,14564,28357,-13793
11333,1996,1,44498,32115,12383
11333,1996,2,44539,10084,34455
11333,1996,3,354,14715,-14361
11333,1996,4,8859,19185,-10326
11333,1996,5,50648,29140,21508
11333,1996,6,37712,35604,2108
11333,1996,7,46820,22715,24105
11333,1996,8,36174,63299,-27125
11333,1996,9,127310,69014,58296
11333,1996,10,410,39615,-39205
11333,1996,11,256,17015,-16759
11333,1996,12,28450,55406,-26956
11333,1997,1,18197,21615,-3418
11333,1997,2,49183,21815,27368
11333,1997,3,32923,11415,21508
11333,1997,4,34089,48836,-14747
11333,1997,5,33359,13115,20244
11333,1997,6,20934,30715,-9781
11333,1997,7,72032,33715,38317
11333,1997,8,20409,32315,-11906
11333,1997,9,101963,130848,-28885
11333,1997,10,45633,35615,10018
11333,1997,11,65104,121288,-56184
11333,1997,12,81462,4815,76647
11333,1998,1,40595,69315,-28720
11333,1998,2,444,3715,-3271
11333,1998,3,12487,20810,-8323
11333,1998,4,5638,18901,-13263
11333,1998,5,35066,15,35051
11333,1998,6,466,37125,-36659
11333,1998,7,8046,13761,-5715
11333,1998,8,54025,12915,41110
11333,1998,9,433,11715,-11282
11333,1998,10,38482,15,38467
11333,1998,11,479,21785,-21306
11333,1998,12,365,17100,-16735
11349,1995,5,200,0,200
11349,1995,6,63021,16400,46621
11349,1995,7,42194,29900,12294
11349,1995,8,42237,39300,2937
11349,1995,9,42251,37700,4551
11349,1995,10,42432,84216,-41784
11349,1995,11,42138,34658,7480
11349,1995,12,63204,59414,3790
11349,1996,1,42163,57814,-15651
11349,1996,2,42135,24914,17221
11349,1996,3,42159,43078,-919
11349,1996,4,42190,33114,9076
11349,1996,5,42217,38514,3703
11349,1996,6,66253,95414,-29161
11349,1996,7,42140,23558,18582
11349,1996,8,42206,27314,14892
11349,1996,9,42221,63027,-20806
11349,1996,10,42181,26714,15467
11349,1996,11,42220,38214,4006
11349,1996,12,63188,71014,-7826
11349,1997,1,46230,68731,-22501
11349,1997,2,42130,27692,14438
11349,1997,3,42180,33519,8661
11349,1997,4,42202,38114,4088
11349,1997,5,42190,44414,-2224
11349,1997,6,63203,60614,2589
11349,1997,7,42211,52098,-9887
11349,1997,8,42191,32014,10177
11349,1997,9,42244,61079,-18835
11349,1997,10,42164,27714,14450
11349,1997,11,42167,50014,-7847
11349,1997,12,63163,72639,-9476
11349,1998,1,42104,49614,-7510
11349,1998,2,42088,38914,3174
11349,1998,3,42089,43347,-1258
11349,1998,4,42094,39274,2820
11349,1998,5,42118,34414,7704
11349,1998,6,63147,55414,7733
11349,1998,7,42141,53214,-11073
11349,1998,8,42057,62405,-20348
11349,1998,9,49181,36716,12465
11349,1998,10,42124,40261,1863
11349,1998,11,42145,29514,12631
11349,1998,12,63168,65691,-2523
11359,1994,10,28081,3500,24581
11359,1994,11,27119,11600,15519
11359,1994,12,40692,26100,14592
11359,1995,1,27240,30100,-2860
11359,1995,2,27229,24615,2614
11359,1995,3,27272,33987,-6715
11359,1995,4,27249,34387,-7138
11359,1995,5,27217,29087,-1870
11359,1995,6,40733,33387,7346
11359,1995,7,27198,37287,-10089
11359,1995,8,27183,27587,-404
11359,1995,9,27174,30887,-3713
11359,1995,10,27173,25287,1886
11359,1995,11,27173,26587,586
11359,1995,12,40696,39587,1109
11359,1996,1,27127,44487,-17360
11359,1996,2,27113,20687,6426
11359,1996,3,27144,23187,3957
11359,1996,4,27152,21887,5265
11359,1996,5,27176,24187,2989
11359,1996,6,40668,46087,-5419
11359,1996,7,27124,32750,-5626
11359,1996,8,27144,21289,5855
11359,1996,9,27155,32489,-5334
11359,1996,10,27145,20789,6356
11359,1996,11,27156,30992,-3836
11359,1996,12,40673,32989,7684
11359,1997,1,27114,44589,-17475
11359,1997,2,27108,21289,5819
11359,1997,3,27138,20489,6649
11359,1997,4,27152,27289,-137
11359,1997,5,27150,27989,-839
11359,1997,6,40664,41289,-625
11359,1997,7,27117,36952,-9835
11359,1997,8,27108,25487,1621
11359,1997,9,27100,28887,-1787
11359,1997,10,27106,23187,3919
11359,1997,11,27112,34587,-7475
11359,1997,12,40630,24687,15943
11359,1998,1,27127,39687,-12560
11359,1998,2,30141,8587,21554
11359,1998,3,27221,32987,-5766
11359,1998,4,27198,8987,18211
11359,1998,5,27250,20287,6963
11359,1998,6,40789,29287,11502
11359,1998,7,27299,31587,-4288
11359,1998,8,27288,27887,-599
11359,1998,9,27278,30787,-3509
11359,1998,10,27282,25887,1395
11359,1998,11,27260,28587,-1327
11359,1998,12,40804,29372,11432
11362,1995,10,1000,0,1000
11362,1995,11,19091,0,19091
11362,1995,12,24335,9000,15335
11362,1996,1,16289,16100,189
11362,1996,2,16301,12000,4301
11362,1996,3,16307,22510,-6203
11362,1996,4,16282,21810,-5528
11362,1996,5,16260,19510,-3250
11362,1996,6,24339,30010,-5671
11362,1996,7,16234,18790,-2556
11362,1996,8,16216,18050,-1834
11362,1996,9,16214,15110,1104
11362,1996,10,16228,12890,3338
11362,1996,11,16235,13510,2725
11362,1996,12,24318,22070,2248
11362,1997,1,16227,26062,-9835
11362,1997,2,16223,12702,3521
11362,1997,3,16220,17202,-982
11362,1997,4,16218,16202,16
11362,1997,5,16221,16802,-581
11362,1997,6,24301,21202,3099
11362,1997,7,16212,21602,-5390
11362,1997,8,19439,10702,8737
11362,1997,9,16259,12102,4157
11362,1997,10,16247,21602,-5355
11362,1997,11,16234,17602,-1368
11362,1997,12,24336,16802,7534
11362,1998,1,16254,28102,-11848
11362,1998,2,16223,14782,1441
11362,1998,3,18042,14302,3740
11362,1998,4,17561,10702,6859
11362,1998,5,16266,20402,-4136
11362,1998,6,24364,14402,9962
11362,1998,7,16304,19502,-3198
11362,1998,8,16280,18782,-2502
11362,1998,9,16280,18402,-2122
11362,1998,10,16268,16462,-194
11362,1998,11,16270,14402,1868
11362,1998,12,24375,13567,10808
11382,1995,8,200,0,200
11382,1995,9,30909,6800,24109
11382,1995,10,31012,18900,12112
11382,1995,11,31080,20200,10880
11382,1995,12,46563,36000,10563
11382,1996,1,31088,71215,-40127
11382,1996,2,31003,13815,17188
11382,1996,3,31060,45135,-14075
11382,1996,4,31010,52740,-21730
11382,1996,5,30905,28103,2802
11382,1996,6,46387,16915,29472
11382,1996,7,31110,25915,5195
11382,1996,8,31236,31684,-448
11382,1996,9,31084,40270,-9186
11382,1996,10,31066,29024,2042
11382,1996,11,31032,27715,3317
11382,1996,12,46501,51815,-5314
11382,1997,1,30918,57619,-26701
11382,1997,2,30856,29705,1151
11382,1997,3,30933,11516,19417
11382,1997,4,30998,27215,3783
11382,1997,5,31029,24215,6814
11382,1997,6,46657,33315,13342
11382,1997,7,31275,53780,-22505
11382,1997,8,31126,27231,3895
11382,1997,9,31070,22915,8155
11382,1997,10,31096,29484,1612
11382,1997,11,31181,17315,13866
11382,1997,12,46693,29015,17678
11382,1998,1,31146,71915,-40769
11382,1998,2,31088,18115,12973
11382,1998,3,31242,11315,19927
11382,1998,4,31242,27015,4227
11382,1998,5,31287,26115,5172
11382,1998,6,46672,84573,-37901
11382,1998,7,31013,32915,-1902
11382,1998,8,31090,23480,7610
11382,1998,9,31206,12915,18291
11382,1998,10,31248,32015,-767
11382,1998,11,31251,18915,12336
11382,1998,12,46860,31900,14960
